year,n,n_male,p_male,n_male_fertile,n_female_fertile,p_fertile,n_pairs,p_pair,birth_rate,m_children,sd_children,m_children_over_40,sd_children_over_40,m_energy,sd_energy,min_energy,max_energy,m_energy_male,sd_energy_male,m_energy_female,sd_energy_female,m_age,sd_age,m_age_over_5,sd_age_over_5,p_age_0-5,p_age_5-10,p_age_10-15,p_age_15-20,p_age_20-25,p_age_25-30,p_age_30-35,p_age_35-40,p_age_40-45,p_age_45-50,p_age_50-55,p_age_55-60,p_age_60-65,p_age_65-70,p_age_70-75,p_age_75-80,p_age_80-100,m_culture,sd_culture,pdf_culture_0-33,pdf_culture_33-67,pdf_culture_67-100,pdf_culture_100-133,pdf_culture_133-167,pdf_culture_167-200,pdf_culture_200-233,pdf_culture_233-267,pdf_culture_267-300,pdf_culture_300-333,pdf_culture_333-367,pdf_culture_367-400,pdf_culture_400-433,pdf_culture_433-467,pdf_culture_467-500,pdf_culture_500-533,pdf_culture_533-567,pdf_culture_567-600,pdf_culture_600-633,pdf_culture_633-667,pdf_culture_667-700,pdf_culture_700-733,pdf_culture_733-767,pdf_culture_767-800,pdf_culture_800-833,pdf_culture_833-867,pdf_culture_867-900,pdf_culture_900-933,pdf_culture_933-967,pdf_culture_967-1000,m_children_culture_over_750,sd_children_culture_over_750,m_children_culture_under_750,sd_children_culture_under_750,ratio_children_culture_under-over_750,m_children_culture_over_median,sd_children_culture_over_median,m_children_culture_under_median,sd_children_culture_under_median,ratio_children_culture_under-over_median,m_pheno,sd_pheno,pdf_pheno_0-33,pdf_pheno_33-67,pdf_pheno_67-100,pdf_pheno_100-133,pdf_pheno_133-167,pdf_pheno_167-200,pdf_pheno_200-233,pdf_pheno_233-267,pdf_pheno_267-300,pdf_pheno_300-333,pdf_pheno_333-367,pdf_pheno_367-400,pdf_pheno_400-433,pdf_pheno_433-467,pdf_pheno_467-500,pdf_pheno_500-533,pdf_pheno_533-567,pdf_pheno_567-600,pdf_pheno_600-633,pdf_pheno_633-667,pdf_pheno_667-700,pdf_pheno_700-733,pdf_pheno_733-767,pdf_pheno_767-800,pdf_pheno_800-833,pdf_pheno_833-867,pdf_pheno_867-900,pdf_pheno_900-933,pdf_pheno_933-967,pdf_pheno_967-1000,m_children_pheno_over_750,sd_children_pheno_over_750,m_children_pheno_under_750,sd_children_pheno_under_750,ratio_children_pheno_under-over,m_geno,sd_geno,p_geno_0,p_geno_1,p_geno_2,p_geno_3,p_geno_4,p_geno_5,p_geno_6,p_geno_7,p_geno_8,p_geno_9,p_geno_10,p_geno_11,p_geno_12,p_geno_13,p_geno_14,p_geno_15,p_geno_16,p_geno_17,p_geno_18,p_geno_19,p_geno_20,p_geno_21,p_geno_22,p_geno_23,p_geno_24,p_geno_25,p_geno_26,p_geno_27,p_geno_28,p_geno_29,p_geno_30,p_geno_31,p_geno_32,p_geno_33,p_geno_34,p_geno_35,p_geno_36,p_geno_37,p_geno_38,p_geno_39,p_geno_40,p_geno_41,p_geno_42,p_geno_43,p_geno_44,p_geno_45,p_geno_46,p_geno_47,p_geno_48,p_geno_49,p_geno_50,p_geno_51,p_geno_52,p_geno_53,p_geno_54,p_geno_55,p_geno_56,p_geno_57,p_geno_58,p_geno_59,p_geno_60,p_geno_61,p_geno_62,p_geno_63,p_geno_64,p_geno_65,p_geno_66,p_geno_67,p_geno_68,p_geno_69,p_geno_70,p_geno_71,p_geno_72,p_geno_73,p_geno_74,p_geno_75,p_geno_76,p_geno_77,p_geno_78,p_geno_79,p_geno_80,p_geno_81,p_geno_82,p_geno_83,p_geno_84,p_geno_85,p_geno_86,p_geno_87,p_geno_88,p_geno_89,p_geno_90,p_geno_91,p_geno_92,p_geno_93,p_geno_94,p_geno_95,p_geno_96,p_geno_97,p_geno_98,p_geno_99,p_geno_100,m_children_geno_over_750,sd_children_geno_over_750,m_children_geno_under_750,sd_children_geno_under_750,ratio_children_geno_under-over,male_m_culture,male_sd_culture,male_pdf_culture_0-33,male_pdf_culture_33-67,male_pdf_culture_67-100,male_pdf_culture_100-133,male_pdf_culture_133-167,male_pdf_culture_167-200,male_pdf_culture_200-233,male_pdf_culture_233-267,male_pdf_culture_267-300,male_pdf_culture_300-333,male_pdf_culture_333-367,male_pdf_culture_367-400,male_pdf_culture_400-433,male_pdf_culture_433-467,male_pdf_culture_467-500,male_pdf_culture_500-533,male_pdf_culture_533-567,male_pdf_culture_567-600,male_pdf_culture_600-633,male_pdf_culture_633-667,male_pdf_culture_667-700,male_pdf_culture_700-733,male_pdf_culture_733-767,male_pdf_culture_767-800,male_pdf_culture_800-833,male_pdf_culture_833-867,male_pdf_culture_867-900,male_pdf_culture_900-933,male_pdf_culture_933-967,male_pdf_culture_967-1000,female_m_culture,female_sd_culture,female_pdf_culture_0-33,female_pdf_culture_33-67,female_pdf_culture_67-100,female_pdf_culture_100-133,female_pdf_culture_133-167,female_pdf_culture_167-200,female_pdf_culture_200-233,female_pdf_culture_233-267,female_pdf_culture_267-300,female_pdf_culture_300-333,female_pdf_culture_333-367,female_pdf_culture_367-400,female_pdf_culture_400-433,female_pdf_culture_433-467,female_pdf_culture_467-500,female_pdf_culture_500-533,female_pdf_culture_533-567,female_pdf_culture_567-600,female_pdf_culture_600-633,female_pdf_culture_633-667,female_pdf_culture_667-700,female_pdf_culture_700-733,female_pdf_culture_733-767,female_pdf_culture_767-800,female_pdf_culture_800-833,female_pdf_culture_833-867,female_pdf_culture_867-900,female_pdf_culture_900-933,female_pdf_culture_933-967,female_pdf_culture_967-1000,male_m_pheno,male_sd_pheno,male_pdf_pheno_0-33,male_pdf_pheno_33-67,male_pdf_pheno_67-100,male_pdf_pheno_100-133,male_pdf_pheno_133-167,male_pdf_pheno_167-200,male_pdf_pheno_200-233,male_pdf_pheno_233-267,male_pdf_pheno_267-300,male_pdf_pheno_300-333,male_pdf_pheno_333-367,male_pdf_pheno_367-400,male_pdf_pheno_400-433,male_pdf_pheno_433-467,male_pdf_pheno_467-500,male_pdf_pheno_500-533,male_pdf_pheno_533-567,male_pdf_pheno_567-600,male_pdf_pheno_600-633,male_pdf_pheno_633-667,male_pdf_pheno_667-700,male_pdf_pheno_700-733,male_pdf_pheno_733-767,male_pdf_pheno_767-800,male_pdf_pheno_800-833,male_pdf_pheno_833-867,male_pdf_pheno_867-900,male_pdf_pheno_900-933,male_pdf_pheno_933-967,male_pdf_pheno_967-1000,female_m_pheno,female_sd_pheno,female_pdf_pheno_0-33,female_pdf_pheno_33-67,female_pdf_pheno_67-100,female_pdf_pheno_100-133,female_pdf_pheno_133-167,female_pdf_pheno_167-200,female_pdf_pheno_200-233,female_pdf_pheno_233-267,female_pdf_pheno_267-300,female_pdf_pheno_300-333,female_pdf_pheno_333-367,female_pdf_pheno_367-400,female_pdf_pheno_400-433,female_pdf_pheno_433-467,female_pdf_pheno_467-500,female_pdf_pheno_500-533,female_pdf_pheno_533-567,female_pdf_pheno_567-600,female_pdf_pheno_600-633,female_pdf_pheno_633-667,female_pdf_pheno_667-700,female_pdf_pheno_700-733,female_pdf_pheno_733-767,female_pdf_pheno_767-800,female_pdf_pheno_800-833,female_pdf_pheno_833-867,female_pdf_pheno_867-900,female_pdf_pheno_900-933,female_pdf_pheno_933-967,female_pdf_pheno_967-1000
100,834,401,0.48081534772182255,180,183,0.4352517985611511,230,0.5515587529976019,0.47400000000000003,2.9168591224018474,3.241263592026133,6.841666666666667,2.2803356234457146,8271.201978238929,434.5846968862371,7853.0,8735.872814440727,8722.776682920867,5.477128105058908,7853.0,0.0,27.76139088729017,20.596428085082948,32.93093525179856,18.657792357941673,0.14628297362110312,0.08633093525179857,0.09952038369304557,0.08633093525179857,0.0815347721822542,0.07194244604316546,0.07194244604316546,0.06354916067146282,0.05875299760191847,0.05155875299760192,0.05755395683453238,0.04316546762589928,0.02997601918465228,0.02038369304556355,0.014388489208633094,0.01079136690647482,0.005995203836930456,0.9503463668931874,0.02280464586659572,0.0,0.0,0.0,0.0,0.0,0.0,0.0,0.0,0.0,0.0,0.0,0.0,0.0,0.0,0.0,0.0,0.0,0.0,0.0,0.0,0.0,0.0,0.0,0.0,0.0,0.0,0.5395683453237411,6.6906474820143895,15.86330935251799,6.906474820143886,4.567669172932331,3.064643115337908,nan,nan,nan,4.575187969924812,2.99686317245912,4.56015037593985,3.1309380239343456,0.9967132292522597,0.4,0.00785,0.0,0.0,0.0,0.0,0.0,0.0,0.0,0.0,0.0,0.0,0.0,15.647482014388467,14.352517985611513,0.0,0.0,0.0,0.0,0.0,0.0,0.0,0.0,0.0,0.0,0.0,0.0,0.0,0.0,0.0,0.0,0.0,nan,nan,4.567669172932331,3.064643115337908,nan,0.4,0.03592,0.0,0.0,0.0,0.0,0.0,0.0,0.0,0.0,0.0,0.0,0.0,0.0,0.0,0.0,0.0,0.0,0.0,0.0,0.0,0.0,0.0,0.0,0.0,0.0,0.0,0.0,0.0,0.0,0.00017985611510791367,0.0011390887290167865,0.002398081534772182,0.006534772182254196,0.010191846522781775,0.013249400479616306,0.03147482014388489,0.046462829736211034,0.062470023980815345,0.08351318944844124,0.09796163069544364,0.10389688249400479,0.11420863309352518,0.09958033573141487,0.09136690647482014,0.0829136690647482,0.04670263788968825,0.04394484412470024,0.024940047961630695,0.016007194244604315,0.009892086330935251,0.0056354916067146285,0.003776978417266187,0.000539568345323741,0.0010191846522781775,0.0,0.0,0.0,0.0,0.0,0.0,0.0,0.0,0.0,0.0,0.0,0.0,0.0,0.0,0.0,0.0,0.0,0.0,0.0,0.0,0.0,0.0,0.0,0.0,0.0,0.0,0.0,0.0,0.0,0.0,0.0,0.0,0.0,0.0,0.0,0.0,0.0,0.0,0.0,0.0,0.0,0.0,0.0,0.0,0.0,0.0,0.0,0.0,nan,nan,4.567669172932331,3.064643115337908,nan,0.9520925368156814,0.02249336104982906,0.0,0.0,0.0,0.0,0.0,0.0,0.0,0.0,0.0,0.0,0.0,0.0,0.0,0.0,0.0,0.0,0.0,0.0,0.0,0.0,0.0,0.0,0.0,0.0,0.0,0.0,0.374064837905237,6.1346633416458864,16.084788029925193,7.4064837905236915,0.9487292441705083,0.022971101902088238,0.0,0.0,0.0,0.0,0.0,0.0,0.0,0.0,0.0,0.0,0.0,0.0,0.0,0.0,0.0,0.0,0.0,0.0,0.0,0.0,0.0,0.0,0.0,0.0,0.0,0.0,0.6928406466512703,7.2055427251732125,15.65819861431871,6.443418013856814,0.3994,0.007835,0.0,0.0,0.0,0.0,0.0,0.0,0.0,0.0,0.0,0.0,0.0,16.384039900249356,13.615960099750625,0.0,0.0,0.0,0.0,0.0,0.0,0.0,0.0,0.0,0.0,0.0,0.0,0.0,0.0,0.0,0.0,0.0,0.4004,0.00784,0.0,0.0,0.0,0.0,0.0,0.0,0.0,0.0,0.0,0.0,0.0,14.965357967667416,15.034642032332568,0.0,0.0,0.0,0.0,0.0,0.0,0.0,0.0,0.0,0.0,0.0,0.0,0.0,0.0,0.0,0.0,0.0
200,917,483,0.5267175572519084,219,183,0.43838604143947657,251,0.5474372955288986,0.454,3.089861751152074,3.1954371962059396,6.677966101694915,2.185783635345873,8311.12401344028,434.2829146895793,7853.0,8737.980265343189,8722.771677690964,5.506333254828819,7853.0,0.0,27.900763358778626,21.092928558787058,33.08769633507853,19.289511172914324,0.14285714285714285,0.11123227917121047,0.09269356597600872,0.06324972737186478,0.08724100327153762,0.07197382769901854,0.06652126499454744,0.06870229007633588,0.0697928026172301,0.04143947655398037,0.04252998909487459,0.03707742639040349,0.03489640130861505,0.03489640130861505,0.019629225736095966,0.013086150490730643,0.0021810250817884407,0.9510203885278109,0.023646092898292306,0.0,0.0,0.0,0.0,0.0,0.0,0.0,0.0,0.0,0.0,0.0,0.0,0.0,0.0,0.0,0.0,0.0,0.0,0.0,0.0,0.0,0.0,0.0,0.0,0.0,0.03271537622682662,0.5234460196292259,6.575790621592149,15.049073064340243,7.818974918211562,4.300509337860781,2.8954064219699434,nan,nan,nan,4.419463087248322,2.829949553759813,4.186206896551724,2.958299154620489,0.9472206948917341,0.4011,0.00817,0.0,0.0,0.0,0.0,0.0,0.0,0.0,0.0,0.0,0.0,0.0,12.988004362050146,17.01199563794984,0.0,0.0,0.0,0.0,0.0,0.0,0.0,0.0,0.0,0.0,0.0,0.0,0.0,0.0,0.0,0.0,0.0,nan,nan,4.300509337860781,2.8954064219699434,nan,0.4011,0.03552,0.0,0.0,0.0,0.0,0.0,0.0,0.0,0.0,0.0,0.0,0.0,0.0,0.0,0.0,0.0,0.0,0.0,0.0,0.0,0.0,0.0,0.0,0.0,0.0,0.0,0.0,0.0,0.0,0.0,0.0014176663031624864,0.0017448200654307524,0.00697928026172301,0.008451472191930208,0.010414394765539804,0.027099236641221373,0.04138495092693566,0.06025081788440567,0.08287895310796074,0.09863685932388222,0.10954198473282442,0.1153762268266085,0.10338058887677208,0.08696837513631407,0.08991275899672846,0.043184296619411124,0.0450381679389313,0.027099236641221373,0.017393675027262814,0.011395856052344602,0.004743729552889858,0.0059978189749182115,0.0006543075245365322,5.452562704471101e-05,0.0,0.0,0.0,0.0,0.0,0.0,0.0,0.0,0.0,0.0,0.0,0.0,0.0,0.0,0.0,0.0,0.0,0.0,0.0,0.0,0.0,0.0,0.0,0.0,0.0,0.0,0.0,0.0,0.0,0.0,0.0,0.0,0.0,0.0,0.0,0.0,0.0,0.0,0.0,0.0,0.0,0.0,0.0,0.0,0.0,0.0,0.0,0.0,nan,nan,4.300509337860781,2.8954064219699434,nan,0.9500620657612818,0.0237207158371411,0.0,0.0,0.0,0.0,0.0,0.0,0.0,0.0,0.0,0.0,0.0,0.0,0.0,0.0,0.0,0.0,0.0,0.0,0.0,0.0,0.0,0.0,0.0,0.0,0.0,0.06211180124223604,0.6832298136645963,6.2111801242236035,15.652173913043482,7.391304347826089,0.9520869090260449,0.023516897086882146,0.0,0.0,0.0,0.0,0.0,0.0,0.0,0.0,0.0,0.0,0.0,0.0,0.0,0.0,0.0,0.0,0.0,0.0,0.0,0.0,0.0,0.0,0.0,0.0,0.0,0.0,0.34562211981566826,6.981566820276499,14.3778801843318,8.29493087557604,0.4014,0.00832,0.0,0.0,0.0,0.0,0.0,0.0,0.0,0.0,0.0,0.0,0.0,12.546583850931658,17.453416149068328,0.0,0.0,0.0,0.0,0.0,0.0,0.0,0.0,0.0,0.0,0.0,0.0,0.0,0.0,0.0,0.0,0.0,0.4011,0.008,0.0,0.0,0.0,0.0,0.0,0.0,0.0,0.0,0.0,0.0,0.0,13.479262672811041,16.520737327188943,0.0,0.0,0.0,0.0,0.0,0.0,0.0,0.0,0.0,0.0,0.0,0.0,0.0,0.0,0.0,0.0,0.0
300,1002,540,0.5389221556886228,256,186,0.4411177644710579,268,0.5349301397205589,0.446,3.0974025974025974,3.329202055612248,6.838235294117647,2.272665538639382,8321.594812729194,433.45014395606,7853.0,8738.08622803688,8722.50370806417,5.310534899718845,7853.0,0.0,28.882235528942115,21.47142425814061,34.01189060642093,19.61914063014285,0.13972055888223553,0.09281437125748503,0.08982035928143713,0.09081836327345309,0.0748502994011976,0.0658682634730539,0.08183632734530938,0.04790419161676647,0.05289421157684631,0.06986027944111776,0.041916167664670656,0.041916167664670656,0.03592814371257485,0.038922155688622756,0.015968063872255488,0.00499001996007984,0.013972055888223553,0.9494633650232456,0.022667573912404627,0.0,0.0,0.0,0.0,0.0,0.0,0.0,0.0,0.0,0.0,0.0,0.0,0.0,0.0,0.0,0.0,0.0,0.0,0.0,0.0,0.0,0.0,0.0,0.0,0.0,0.0,0.35928143712574856,6.646706586826349,15.958083832335333,7.035928143712576,4.329268292682927,3.1716344868636646,nan,nan,nan,4.172205438066465,3.1166564943892623,4.489230769230769,3.2187968644258786,1.0759850721327913,0.4016,0.00796,0.0,0.0,0.0,0.0,0.0,0.0,0.0,0.0,0.0,0.0,0.0,12.604790419161658,17.395209580838326,0.0,0.0,0.0,0.0,0.0,0.0,0.0,0.0,0.0,0.0,0.0,0.0,0.0,0.0,0.0,0.0,0.0,nan,nan,4.329268292682927,3.1716344868636646,nan,0.4016,0.03513,0.0,0.0,0.0,0.0,0.0,0.0,0.0,0.0,0.0,0.0,0.0,0.0,0.0,0.0,0.0,0.0,0.0,0.0,0.0,0.0,0.0,0.0,0.0,0.0,0.0,0.0,0.0,0.0,4.99001996007984e-05,0.0003992015968063872,0.0007984031936127744,0.006786427145708583,0.006636726546906188,0.009680638722554891,0.028642714570858284,0.04091816367265469,0.06152694610778443,0.08083832335329341,0.09555888223552894,0.10184630738522954,0.12874251497005987,0.11167664670658682,0.08897205588822356,0.08512974051896208,0.04111776447105788,0.04476047904191617,0.02150698602794411,0.01651696606786427,0.014670658682634731,0.006337325349301397,0.006736526946107785,9.98003992015968e-05,0.0,0.0,4.99001996007984e-05,0.0,0.0,0.0,0.0,0.0,0.0,0.0,0.0,0.0,0.0,0.0,0.0,0.0,0.0,0.0,0.0,0.0,0.0,0.0,0.0,0.0,0.0,0.0,0.0,0.0,0.0,0.0,0.0,0.0,0.0,0.0,0.0,0.0,0.0,0.0,0.0,0.0,0.0,0.0,0.0,0.0,0.0,0.0,0.0,0.0,0.0,nan,nan,4.329268292682927,3.1716344868636646,nan,0.9488411374666073,0.022145951609753533,0.0,0.0,0.0,0.0,0.0,0.0,0.0,0.0,0.0,0.0,0.0,0.0,0.0,0.0,0.0,0.0,0.0,0.0,0.0,0.0,0.0,0.0,0.0,0.0,0.0,0.0,0.33333333333333337,6.6111111111111125,16.333333333333336,6.722222222222224,0.9501906439855501,0.023241336585980425,0.0,0.0,0.0,0.0,0.0,0.0,0.0,0.0,0.0,0.0,0.0,0.0,0.0,0.0,0.0,0.0,0.0,0.0,0.0,0.0,0.0,0.0,0.0,0.0,0.0,0.0,0.3896103896103897,6.68831168831169,15.519480519480524,7.402597402597404,0.4014,0.00801,0.0,0.0,0.0,0.0,0.0,0.0,0.0,0.0,0.0,0.0,0.0,12.944444444444425,17.05555555555556,0.0,0.0,0.0,0.0,0.0,0.0,0.0,0.0,0.0,0.0,0.0,0.0,0.0,0.0,0.0,0.0,0.0,0.4019,0.00789,0.0,0.0,0.0,0.0,0.0,0.0,0.0,0.0,0.0,0.0,0.0,12.20779220779219,17.792207792207797,0.0,0.0,0.0,0.0,0.0,0.0,0.0,0.0,0.0,0.0,0.0,0.0,0.0,0.0,0.0,0.0,0.0
400,973,537,0.5519013360739979,237,198,0.447070914696814,256,0.526207605344296,0.47400000000000003,3.029816513761468,3.223555926359817,6.928571428571429,2.385650127452105,8332.683480406242,432.2445278035142,7853.0,8738.958644533157,8722.147162821737,5.390546300985897,7853.0,0.0,28.413155190133608,21.23281389822256,33.582309582309584,19.35857127072441,0.1397738951695786,0.09044193216855087,0.09455292908530319,0.08530318602261049,0.08530318602261049,0.07399794450154162,0.0750256937307297,0.06166495375128469,0.05858170606372045,0.046248715313463515,0.03699897225077081,0.03802672147995889,0.0421377183967112,0.03391572456320658,0.020554984583761562,0.010277492291880781,0.007194244604316547,0.9475478029447126,0.02348156982555387,0.0,0.0,0.0,0.0,0.0,0.0,0.0,0.0,0.0,0.0,0.0,0.0,0.0,0.0,0.0,0.0,0.0,0.0,0.0,0.0,0.0,0.0,0.0,0.0,0.0,0.0,0.709146968139774,7.060637204522099,15.940390544707094,6.289825282631039,4.0395569620253164,3.012634543439504,nan,nan,nan,3.990625,3.067456129983769,4.093247588424437,2.9586082479886606,1.0257159187907752,0.402,0.007748,0.0,0.0,0.0,0.0,0.0,0.0,0.0,0.0,0.0,0.0,0.0,12.332990750256918,17.667009249743067,0.0,0.0,0.0,0.0,0.0,0.0,0.0,0.0,0.0,0.0,0.0,0.0,0.0,0.0,0.0,0.0,0.0,nan,nan,4.0395569620253164,3.012634543439504,nan,0.402,0.03442,0.0,0.0,0.0,0.0,0.0,0.0,0.0,0.0,0.0,0.0,0.0,0.0,0.0,0.0,0.0,0.0,0.0,0.0,0.0,0.0,0.0,0.0,0.0,0.0,0.0,0.0,0.0,0.0,0.0,0.00020554984583761563,0.0008735868448098664,0.003442959917780062,0.007297019527235354,0.008992805755395683,0.025899280575539568,0.03895169578622816,0.0630010277492292,0.08124357656731758,0.09198355601233299,0.10292908530318602,0.136896197327852,0.12034943473792395,0.08340184994861254,0.08751284686536485,0.041109969167523124,0.040030832476875645,0.022970195272353545,0.015570400822199383,0.013463514902363824,0.004676258992805755,0.009044193216855087,0.0,0.0,0.0,0.00015416238437821172,0.0,0.0,0.0,0.0,0.0,0.0,0.0,0.0,0.0,0.0,0.0,0.0,0.0,0.0,0.0,0.0,0.0,0.0,0.0,0.0,0.0,0.0,0.0,0.0,0.0,0.0,0.0,0.0,0.0,0.0,0.0,0.0,0.0,0.0,0.0,0.0,0.0,0.0,0.0,0.0,0.0,0.0,0.0,0.0,0.0,0.0,nan,nan,4.0395569620253164,3.012634543439504,nan,0.9471090791167716,0.023313063578705245,0.0,0.0,0.0,0.0,0.0,0.0,0.0,0.0,0.0,0.0,0.0,0.0,0.0,0.0,0.0,0.0,0.0,0.0,0.0,0.0,0.0,0.0,0.0,0.0,0.0,0.0,0.8379888268156427,7.262569832402236,15.810055865921791,6.089385474860337,0.9480881577511446,0.023676293509255562,0.0,0.0,0.0,0.0,0.0,0.0,0.0,0.0,0.0,0.0,0.0,0.0,0.0,0.0,0.0,0.0,0.0,0.0,0.0,0.0,0.0,0.0,0.0,0.0,0.0,0.0,0.5504587155963304,6.811926605504588,16.100917431192666,6.536697247706423,0.4016,0.007645,0.0,0.0,0.0,0.0,0.0,0.0,0.0,0.0,0.0,0.0,0.0,13.184357541899423,16.815642458100562,0.0,0.0,0.0,0.0,0.0,0.0,0.0,0.0,0.0,0.0,0.0,0.0,0.0,0.0,0.0,0.0,0.0,0.4026,0.007835,0.0,0.0,0.0,0.0,0.0,0.0,0.0,0.0,0.0,0.0,0.0,11.284403669724753,18.715596330275233,0.0,0.0,0.0,0.0,0.0,0.0,0.0,0.0,0.0,0.0,0.0,0.0,0.0,0.0,0.0,0.0,0.0
500,1007,516,0.5124131082423039,229,209,0.43495531281032773,287,0.5700099304865939,0.458,3.2281059063136457,3.3384912316271658,7.175182481751825,2.1508708479721914,8298.383167156242,434.4774995187531,7853.0,8735.879310035705,8722.187692492898,5.463570216792768,7853.0,0.0,27.536246276067526,20.722559104033994,32.583333333333336,18.98822212228094,0.1420059582919563,0.1012909632571996,0.09831181727904667,0.08738828202581926,0.08341608738828203,0.06951340615690169,0.06554121151936444,0.06852035749751738,0.06156901688182721,0.047666335650446874,0.039721946375372394,0.04270109235352532,0.031777557100297914,0.030784508440913606,0.015888778550148957,0.007944389275074478,0.005958291956305859,0.9460806674966746,0.02293390626917966,0.0,0.0,0.0,0.0,0.0,0.0,0.0,0.0,0.0,0.0,0.0,0.0,0.0,0.0,0.0,0.0,0.0,0.0,0.0,0.0,0.0,0.0,0.0,0.0,0.0,0.029791459781529302,0.44687189672293953,8.252234359483616,15.431976166832179,5.839126117179743,4.564945226917058,2.996360539671065,nan,nan,nan,4.575757575757576,2.991202282151048,4.553398058252427,3.0018165654620392,0.9951134829293383,0.402,0.00732,0.0,0.0,0.0,0.0,0.0,0.0,0.0,0.0,0.0,0.0,0.0,11.380337636544175,18.619662363455813,0.0,0.0,0.0,0.0,0.0,0.0,0.0,0.0,0.0,0.0,0.0,0.0,0.0,0.0,0.0,0.0,0.0,nan,nan,4.564945226917058,2.996360539671065,nan,0.402,0.0345,0.0,0.0,0.0,0.0,0.0,0.0,0.0,0.0,0.0,0.0,0.0,0.0,0.0,0.0,0.0,0.0,0.0,0.0,0.0,0.0,0.0,0.0,0.0,0.0,0.0,0.0,0.0,0.0,0.0,4.965243296921549e-05,0.0007944389275074479,0.004865938430983118,0.007249255213505462,0.00759682224428997,0.023286991062562067,0.03922542204568024,0.06067527308838133,0.08570009930486594,0.09260178748758689,0.10660377358490566,0.13565044687189673,0.11916583912611718,0.07835153922542204,0.08386295928500496,0.04026812313803376,0.044041708043694144,0.023982125124131084,0.021002979145978155,0.011817279046673287,0.004270109235352532,0.00893743793445879,0.0,0.0,0.0,0.0,0.0,0.0,0.0,0.0,0.0,0.0,0.0,0.0,0.0,0.0,0.0,0.0,0.0,0.0,0.0,0.0,0.0,0.0,0.0,0.0,0.0,0.0,0.0,0.0,0.0,0.0,0.0,0.0,0.0,0.0,0.0,0.0,0.0,0.0,0.0,0.0,0.0,0.0,0.0,0.0,0.0,0.0,0.0,0.0,0.0,0.0,nan,nan,4.564945226917058,2.996360539671065,nan,0.9464225600394167,0.023364419462076597,0.0,0.0,0.0,0.0,0.0,0.0,0.0,0.0,0.0,0.0,0.0,0.0,0.0,0.0,0.0,0.0,0.0,0.0,0.0,0.0,0.0,0.0,0.0,0.0,0.0,0.05813953488372094,0.5232558139534885,8.08139534883721,15.34883720930233,5.988372093023258,0.9457213669833243,0.022466980394493217,0.0,0.0,0.0,0.0,0.0,0.0,0.0,0.0,0.0,0.0,0.0,0.0,0.0,0.0,0.0,0.0,0.0,0.0,0.0,0.0,0.0,0.0,0.0,0.0,0.0,0.0,0.36659877800407337,8.431771894093687,15.519348268839108,5.682281059063137,0.4023,0.006878,0.0,0.0,0.0,0.0,0.0,0.0,0.0,0.0,0.0,0.0,0.0,10.930232558139519,19.069767441860467,0.0,0.0,0.0,0.0,0.0,0.0,0.0,0.0,0.0,0.0,0.0,0.0,0.0,0.0,0.0,0.0,0.0,0.4019,0.00775,0.0,0.0,0.0,0.0,0.0,0.0,0.0,0.0,0.0,0.0,0.0,11.853360488798353,18.146639511201634,0.0,0.0,0.0,0.0,0.0,0.0,0.0,0.0,0.0,0.0,0.0,0.0,0.0,0.0,0.0,0.0,0.0
600,1091,558,0.5114573785517873,259,238,0.4555453712190651,314,0.5756186984417965,0.434,2.923076923076923,3.080485742333015,6.50354609929078,2.1491351170694117,8297.801437543805,434.74061177581837,7853.0,8740.9501781106,8722.67449526934,5.460951459909356,7853.0,0.0,27.222731439046747,20.349352042786006,32.18640350877193,18.563910215895987,0.14482126489459213,0.0843263061411549,0.11090742438130156,0.08615948670944087,0.09074243813015583,0.07516040329972502,0.07149404216315307,0.05224564619615032,0.07149404216315307,0.04857928505957837,0.04216315307057745,0.035747021081576534,0.03024747937671861,0.025664527956003668,0.016498625114573784,0.00916590284142988,0.00458295142071494,0.9482330677161842,0.02329042581616285,0.0,0.0,0.0,0.0,0.0,0.0,0.0,0.0,0.0,0.0,0.0,0.0,0.0,0.0,0.0,0.0,0.0,0.0,0.0,0.0,0.0,0.0,0.0,0.0,0.0,0.02749770852428965,0.6874427131072411,7.314390467461046,15.56370302474794,6.406966086159488,4.376978417266187,2.938514197716538,nan,nan,nan,4.566860465116279,2.939537126047864,4.182857142857143,2.9258928516936225,0.9159152496135311,0.4026,0.007717,0.0,0.0,0.0,0.0,0.0,0.0,0.0,0.0,0.0,0.0,0.0,10.971585701191552,19.028414298808435,0.0,0.0,0.0,0.0,0.0,0.0,0.0,0.0,0.0,0.0,0.0,0.0,0.0,0.0,0.0,0.0,0.0,nan,nan,4.376978417266187,2.938514197716538,nan,0.4026,0.0344,0.0,0.0,0.0,0.0,0.0,0.0,0.0,0.0,0.0,0.0,0.0,0.0,0.0,0.0,0.0,0.0,0.0,0.0,0.0,0.0,0.0,0.0,0.0,0.0,0.0,0.0,0.0,0.0,0.0,0.0,0.0010082493125572868,0.00384967919340055,0.007332722273143905,0.009532538955087076,0.02548120989917507,0.038817598533455545,0.05522456461961503,0.08418881759853346,0.08565536205316224,0.10265811182401467,0.13657195233730524,0.12566452795600366,0.08226397800183317,0.09252978918423464,0.037442713107241066,0.040100824931255726,0.02621448212648946,0.021814848762603117,0.011090742438130156,0.005178735105407882,0.007378551787351054,0.0,0.0,0.0,0.0,0.0,0.0,0.0,0.0,0.0,0.0,0.0,0.0,0.0,0.0,0.0,0.0,0.0,0.0,0.0,0.0,0.0,0.0,0.0,0.0,0.0,0.0,0.0,0.0,0.0,0.0,0.0,0.0,0.0,0.0,0.0,0.0,0.0,0.0,0.0,0.0,0.0,0.0,0.0,0.0,0.0,0.0,0.0,0.0,0.0,0.0,nan,nan,4.376978417266187,2.938514197716538,nan,0.9486983068100441,0.023563153805293925,0.0,0.0,0.0,0.0,0.0,0.0,0.0,0.0,0.0,0.0,0.0,0.0,0.0,0.0,0.0,0.0,0.0,0.0,0.0,0.0,0.0,0.0,0.0,0.0,0.0,0.05376344086021507,0.6451612903225807,7.419354838709679,14.784946236559144,7.096774193548389,0.9477460069012239,0.022991356366734397,0.0,0.0,0.0,0.0,0.0,0.0,0.0,0.0,0.0,0.0,0.0,0.0,0.0,0.0,0.0,0.0,0.0,0.0,0.0,0.0,0.0,0.0,0.0,0.0,0.0,0.0,0.7317073170731709,7.204502814258913,16.37898686679175,5.6848030018761735,0.4023,0.00754,0.0,0.0,0.0,0.0,0.0,0.0,0.0,0.0,0.0,0.0,0.0,11.505376344086006,18.494623655913983,0.0,0.0,0.0,0.0,0.0,0.0,0.0,0.0,0.0,0.0,0.0,0.0,0.0,0.0,0.0,0.0,0.0,0.4028,0.00788,0.0,0.0,0.0,0.0,0.0,0.0,0.0,0.0,0.0,0.0,0.0,10.412757973733568,19.58724202626642,0.0,0.0,0.0,0.0,0.0,0.0,0.0,0.0,0.0,0.0,0.0,0.0,0.0,0.0,0.0,0.0,0.0
700,1110,577,0.5198198198198198,255,230,0.4369369369369369,307,0.5531531531531532,0.442,3.155722326454034,3.1994591026514234,6.862745098039215,2.1874831794816587,8305.199015880158,434.6316214038527,7853.0,8736.852883541584,8722.9149178977,5.1760063180609155,7853.0,0.0,27.397297297297296,20.970201764999004,32.62540716612378,19.205098102575445,0.14954954954954955,0.10990990990990991,0.07747747747747748,0.08738738738738738,0.09009009009009009,0.07477477477477477,0.06306306306306306,0.06846846846846846,0.054954954954954956,0.04234234234234234,0.05045045045045045,0.036936936936936934,0.03423423423423423,0.025225225225225224,0.01891891891891892,0.008108108108108109,0.008108108108108109,0.9492141081406189,0.022734629296640975,0.0,0.0,0.0,0.0,0.0,0.0,0.0,0.0,0.0,0.0,0.0,0.0,0.0,0.0,0.0,0.0,0.0,0.0,0.0,0.0,0.0,0.0,0.0,0.0,0.0,0.0,0.45945945945945954,7.000000000000002,16.054054054054056,6.486486486486488,4.304721030042918,2.8621386255017787,nan,nan,nan,4.12280701754386,2.7095467485616136,4.4789915966386555,2.9906916454453585,1.0863937064187377,0.4038,0.00823,0.0,0.0,0.0,0.0,0.0,0.0,0.0,0.0,0.0,0.0,0.0,10.189189189189175,19.783783783783786,0.027027027027027032,0.0,0.0,0.0,0.0,0.0,0.0,0.0,0.0,0.0,0.0,0.0,0.0,0.0,0.0,0.0,0.0,nan,nan,4.304721030042918,2.8621386255017787,nan,0.4038,0.0355,0.0,0.0,0.0,0.0,0.0,0.0,0.0,0.0,0.0,0.0,0.0,0.0,0.0,0.0,0.0,0.0,0.0,0.0,0.0,0.0,0.0,0.0,0.0,0.0,0.0,0.0,0.0,0.0,4.5045045045045046e-05,0.0,0.0018918918918918919,0.005135135135135135,0.006981981981981982,0.00990990990990991,0.023108108108108108,0.03945945945945946,0.05797297297297297,0.080990990990991,0.08477477477477477,0.09265765765765765,0.13157657657657656,0.11968468468468468,0.08554054054054054,0.09509009009009009,0.04,0.04328828828828829,0.031621621621621625,0.022972972972972974,0.010855855855855856,0.006846846846846847,0.00954954954954955,4.5045045045045046e-05,0.0,0.0,0.0,0.0,0.0,0.0,0.0,0.0,0.0,0.0,0.0,0.0,0.0,0.0,0.0,0.0,0.0,0.0,0.0,0.0,0.0,0.0,0.0,0.0,0.0,0.0,0.0,0.0,0.0,0.0,0.0,0.0,0.0,0.0,0.0,0.0,0.0,0.0,0.0,0.0,0.0,0.0,0.0,0.0,0.0,0.0,0.0,0.0,0.0,nan,nan,4.304721030042918,2.8621386255017787,nan,0.9487773741965071,0.02209452659547282,0.0,0.0,0.0,0.0,0.0,0.0,0.0,0.0,0.0,0.0,0.0,0.0,0.0,0.0,0.0,0.0,0.0,0.0,0.0,0.0,0.0,0.0,0.0,0.0,0.0,0.0,0.36395147313691517,7.019064124783363,16.533795493934146,6.0831889081455826,0.9496868951682973,0.02339866370336079,0.0,0.0,0.0,0.0,0.0,0.0,0.0,0.0,0.0,0.0,0.0,0.0,0.0,0.0,0.0,0.0,0.0,0.0,0.0,0.0,0.0,0.0,0.0,0.0,0.0,0.0,0.5628517823639776,6.979362101313322,15.534709193245781,6.923076923076925,0.4033,0.008354,0.0,0.0,0.0,0.0,0.0,0.0,0.0,0.0,0.0,0.0,0.0,10.502599653379534,19.497400346620452,0.0,0.0,0.0,0.0,0.0,0.0,0.0,0.0,0.0,0.0,0.0,0.0,0.0,0.0,0.0,0.0,0.0,0.404,0.008095,0.0,0.0,0.0,0.0,0.0,0.0,0.0,0.0,0.0,0.0,0.0,9.849906191369593,20.093808630394,0.05628517823639776,0.0,0.0,0.0,0.0,0.0,0.0,0.0,0.0,0.0,0.0,0.0,0.0,0.0,0.0,0.0,0.0
800,1300,673,0.5176923076923077,306,285,0.4546153846153846,376,0.5784615384615385,0.41,2.861244019138756,3.0348660348597876,6.533742331288344,2.3479065432978423,8303.374985309138,434.73037402547686,7853.0,8742.961541736126,8722.96653923013,5.723393449184588,7853.0,0.0,27.286153846153844,20.223359508807757,31.909008189262966,18.574026226015214,0.13538461538461538,0.11076923076923077,0.08923076923076922,0.09153846153846154,0.07923076923076923,0.07846153846153846,0.06846153846153846,0.07538461538461538,0.055384615384615386,0.045384615384615384,0.045384615384615384,0.03923076923076923,0.03538461538461538,0.025384615384615384,0.013076923076923076,0.009230769230769232,0.003076923076923077,0.9494268933167824,0.02399210102042075,0.0,0.0,0.0,0.0,0.0,0.0,0.0,0.0,0.0,0.0,0.0,0.0,0.0,0.0,0.0,0.0,0.0,0.0,0.0,0.0,0.0,0.0,0.0,0.0,0.0,0.02307692307692308,0.553846153846154,7.200000000000001,15.000000000000004,7.223076923076924,4.359281437125748,3.006622544381978,nan,nan,nan,4.304245283018868,2.99439427462579,4.416058394160584,3.0181341679042206,1.025977402259774,0.403,0.00785,0.0,0.0,0.0,0.0,0.0,0.0,0.0,0.0,0.0,0.0,0.0,11.099999999999985,18.900000000000002,0.0,0.0,0.0,0.0,0.0,0.0,0.0,0.0,0.0,0.0,0.0,0.0,0.0,0.0,0.0,0.0,0.0,nan,nan,4.359281437125748,3.006622544381978,nan,0.403,0.0355,0.0,0.0,0.0,0.0,0.0,0.0,0.0,0.0,0.0,0.0,0.0,0.0,0.0,0.0,0.0,0.0,0.0,0.0,0.0,0.0,0.0,0.0,0.0,0.0,0.0,0.0,0.0,0.0,0.0,0.0,0.0015384615384615385,0.006846153846153846,0.00676923076923077,0.009538461538461539,0.025538461538461538,0.04553846153846154,0.057846153846153846,0.07907692307692307,0.08519230769230769,0.08526923076923076,0.13488461538461538,0.11634615384615385,0.08169230769230769,0.10457692307692308,0.0405,0.04065384615384615,0.030692307692307692,0.02342307692307692,0.010615384615384615,0.005461538461538461,0.008,0.0,0.0,0.0,0.0,0.0,0.0,0.0,0.0,0.0,0.0,0.0,0.0,0.0,0.0,0.0,0.0,0.0,0.0,0.0,0.0,0.0,0.0,0.0,0.0,0.0,0.0,0.0,0.0,0.0,0.0,0.0,0.0,0.0,0.0,0.0,0.0,0.0,0.0,0.0,0.0,0.0,0.0,0.0,0.0,0.0,0.0,0.0,0.0,0.0,0.0,nan,nan,4.359281437125748,3.006622544381978,nan,0.9493968282199367,0.023987047371609182,0.0,0.0,0.0,0.0,0.0,0.0,0.0,0.0,0.0,0.0,0.0,0.0,0.0,0.0,0.0,0.0,0.0,0.0,0.0,0.0,0.0,0.0,0.0,0.0,0.0,0.0,0.5794947994056465,7.35512630014859,14.933135215453197,7.132243684992572,0.9494591641464112,0.023997482333751964,0.0,0.0,0.0,0.0,0.0,0.0,0.0,0.0,0.0,0.0,0.0,0.0,0.0,0.0,0.0,0.0,0.0,0.0,0.0,0.0,0.0,0.0,0.0,0.0,0.0,0.047846889952153124,0.5263157894736843,7.033492822966509,15.071770334928232,7.320574162679427,0.4028,0.007935,0.0,0.0,0.0,0.0,0.0,0.0,0.0,0.0,0.0,0.0,0.0,11.679049034175318,18.32095096582467,0.0,0.0,0.0,0.0,0.0,0.0,0.0,0.0,0.0,0.0,0.0,0.0,0.0,0.0,0.0,0.0,0.0,0.403,0.007767,0.0,0.0,0.0,0.0,0.0,0.0,0.0,0.0,0.0,0.0,0.0,10.478468899521516,19.521531100478473,0.0,0.0,0.0,0.0,0.0,0.0,0.0,0.0,0.0,0.0,0.0,0.0,0.0,0.0,0.0,0.0,0.0
900,1298,683,0.5261941448382126,330,263,0.45685670261941447,354,0.5454545454545454,0.426,3.0991869918699186,3.2397303896396012,6.627027027027027,2.293663262432326,8311.15011470372,434.76626719150886,7853.0,8740.992029809951,8723.686455176323,5.870706006850591,7853.0,0.0,28.646379044684128,21.32008406590918,33.77757352941177,19.46693493791322,0.14252696456086286,0.08628659476117104,0.0970724191063174,0.08166409861325115,0.0847457627118644,0.07318952234206472,0.0662557781201849,0.053929121725731895,0.0662557781201849,0.05855161787365177,0.04776579352850539,0.040832049306625574,0.031587057010785825,0.02234206471494607,0.026194144838212634,0.011556240369799691,0.009244992295839754,0.9505693754999223,0.024014135601243266,0.0,0.0,0.0,0.0,0.0,0.0,0.0,0.0,0.0,0.0,0.0,0.0,0.0,0.0,0.0,0.0,0.0,0.0,0.0,0.0,0.0,0.0,0.0,0.0,0.0,0.02311248073959939,0.7395993836671805,6.101694915254239,15.739599383667183,7.3959938366718045,4.109684947491249,3.001300693321772,nan,nan,nan,4.2810304449648715,3.0051775565869794,3.9395348837209303,2.9877376939505402,0.9202305226197139,0.4043,0.00803,0.0,0.0,0.0,0.0,0.0,0.0,0.0,0.0,0.0,0.0,0.0,8.87519260400615,21.12480739599384,0.0,0.0,0.0,0.0,0.0,0.0,0.0,0.0,0.0,0.0,0.0,0.0,0.0,0.0,0.0,0.0,0.0,nan,nan,4.109684947491249,3.001300693321772,nan,0.4043,0.03528,0.0,0.0,0.0,0.0,0.0,0.0,0.0,0.0,0.0,0.0,0.0,0.0,0.0,0.0,0.0,0.0,0.0,0.0,0.0,0.0,0.0,0.0,0.0,0.0,0.0,0.0,0.0,0.0,0.0,0.0,0.0007318952234206472,0.005084745762711864,0.00450693374422188,0.009244992295839754,0.02172573189522342,0.046340523882896764,0.057973805855161785,0.0800462249614792,0.08170261941448383,0.08335901386748844,0.1343990755007704,0.11359784283513097,0.08081664098613252,0.10828197226502312,0.04807395993836672,0.039522342064714944,0.03054699537750385,0.02862095531587057,0.01147919876733436,0.006047765793528505,0.007896764252696456,0.0,0.0,0.0,0.0,0.0,0.0,0.0,0.0,0.0,0.0,0.0,0.0,0.0,0.0,0.0,0.0,0.0,0.0,0.0,0.0,0.0,0.0,0.0,0.0,0.0,0.0,0.0,0.0,0.0,0.0,0.0,0.0,0.0,0.0,0.0,0.0,0.0,0.0,0.0,0.0,0.0,0.0,0.0,0.0,0.0,0.0,0.0,0.0,0.0,0.0,nan,nan,4.109684947491249,3.001300693321772,nan,0.9510697337579238,0.024281511915204643,0.0,0.0,0.0,0.0,0.0,0.0,0.0,0.0,0.0,0.0,0.0,0.0,0.0,0.0,0.0,0.0,0.0,0.0,0.0,0.0,0.0,0.0,0.0,0.0,0.0,0.04392386530014642,0.7906295754026356,5.929721815519767,15.3294289897511,7.906295754026356,0.9500136930768083,0.023701286504067,0.0,0.0,0.0,0.0,0.0,0.0,0.0,0.0,0.0,0.0,0.0,0.0,0.0,0.0,0.0,0.0,0.0,0.0,0.0,0.0,0.0,0.0,0.0,0.0,0.0,0.0,0.6829268292682928,6.292682926829269,16.195121951219516,6.8292682926829285,0.4043,0.00789,0.0,0.0,0.0,0.0,0.0,0.0,0.0,0.0,0.0,0.0,0.0,8.78477306002927,21.215226939970723,0.0,0.0,0.0,0.0,0.0,0.0,0.0,0.0,0.0,0.0,0.0,0.0,0.0,0.0,0.0,0.0,0.0,0.4045,0.00818,0.0,0.0,0.0,0.0,0.0,0.0,0.0,0.0,0.0,0.0,0.0,8.975609756097548,21.024390243902445,0.0,0.0,0.0,0.0,0.0,0.0,0.0,0.0,0.0,0.0,0.0,0.0,0.0,0.0,0.0,0.0,0.0
1000,1328,710,0.5346385542168675,335,234,0.42846385542168675,337,0.5075301204819277,0.462,3.127831715210356,3.3251277549241567,6.918918918918919,2.2394301685724307,8318.788308101515,434.5817946691775,7853.0,8740.422107362747,8724.220948111,5.393546388447524,7853.0,0.0,28.39156626506024,21.257145955497407,33.270535714285714,19.576339300985154,0.13629518072289157,0.09412650602409639,0.10240963855421686,0.08659638554216867,0.08132530120481928,0.07454819277108433,0.0625,0.05948795180722891,0.06325301204819277,0.051957831325301206,0.04216867469879518,0.046686746987951805,0.02635542168674699,0.03237951807228916,0.02108433734939759,0.007530120481927711,0.011295180722891566,0.9515458647027073,0.02287276253568074,0.0,0.0,0.0,0.0,0.0,0.0,0.0,0.0,0.0,0.0,0.0,0.0,0.0,0.0,0.0,0.0,0.0,0.0,0.0,0.0,0.0,0.0,0.0,0.0,0.0,0.02259036144578314,0.4518072289156627,5.828313253012049,15.903614457831328,7.793674698795182,4.355633802816901,3.1680704124435257,nan,nan,nan,4.234090909090909,3.2047155016133635,4.485436893203883,3.1232422712387335,1.059362443912887,0.4055,0.007504,0.0,0.0,0.0,0.0,0.0,0.0,0.0,0.0,0.0,0.0,0.0,7.115963855421677,22.884036144578317,0.0,0.0,0.0,0.0,0.0,0.0,0.0,0.0,0.0,0.0,0.0,0.0,0.0,0.0,0.0,0.0,0.0,nan,nan,4.355633802816901,3.1680704124435257,nan,0.4055,0.03525,0.0,0.0,0.0,0.0,0.0,0.0,0.0,0.0,0.0,0.0,0.0,0.0,0.0,0.0,0.0,0.0,0.0,0.0,0.0,0.0,0.0,0.0,0.0,0.0,0.0,0.0,0.0,0.0,0.0,0.0,0.001355421686746988,0.004969879518072289,0.00391566265060241,0.008697289156626506,0.016980421686746988,0.04781626506024096,0.054028614457831324,0.0814382530120482,0.07206325301204819,0.08990963855421687,0.13825301204819276,0.10512048192771084,0.0863328313253012,0.1050828313253012,0.04721385542168675,0.04536897590361446,0.033659638554216866,0.0338855421686747,0.011634036144578313,0.006061746987951807,0.006137048192771085,0.0,7.530120481927712e-05,0.0,0.0,0.0,0.0,0.0,0.0,0.0,0.0,0.0,0.0,0.0,0.0,0.0,0.0,0.0,0.0,0.0,0.0,0.0,0.0,0.0,0.0,0.0,0.0,0.0,0.0,0.0,0.0,0.0,0.0,0.0,0.0,0.0,0.0,0.0,0.0,0.0,0.0,0.0,0.0,0.0,0.0,0.0,0.0,0.0,0.0,0.0,0.0,nan,nan,4.355633802816901,3.1680704124435257,nan,0.9525614107158822,0.022931008519880985,0.0,0.0,0.0,0.0,0.0,0.0,0.0,0.0,0.0,0.0,0.0,0.0,0.0,0.0,0.0,0.0,0.0,0.0,0.0,0.0,0.0,0.0,0.0,0.0,0.0,0.042253521126760576,0.4647887323943663,5.15492957746479,16.3943661971831,7.943661971830987,0.9503791370823931,0.022749771435849737,0.0,0.0,0.0,0.0,0.0,0.0,0.0,0.0,0.0,0.0,0.0,0.0,0.0,0.0,0.0,0.0,0.0,0.0,0.0,0.0,0.0,0.0,0.0,0.0,0.0,0.0,0.43689320388349523,6.601941747572817,15.33980582524272,7.621359223300972,0.4055,0.007454,0.0,0.0,0.0,0.0,0.0,0.0,0.0,0.0,0.0,0.0,0.0,7.309859154929567,22.690140845070427,0.0,0.0,0.0,0.0,0.0,0.0,0.0,0.0,0.0,0.0,0.0,0.0,0.0,0.0,0.0,0.0,0.0,0.4055,0.007565,0.0,0.0,0.0,0.0,0.0,0.0,0.0,0.0,0.0,0.0,0.0,6.8932038834951355,23.10679611650486,0.0,0.0,0.0,0.0,0.0,0.0,0.0,0.0,0.0,0.0,0.0,0.0,0.0,0.0,0.0,0.0,0.0
1100,1535,789,0.5140065146579804,345,319,0.4325732899022801,419,0.545928338762215,0.422,3.0978552278820377,3.277565419367971,7.129353233830845,2.078840108957143,8300.684243992684,435.3332974628655,7853.0,8741.616372668743,8723.969980391339,5.70425047932234,7853.0,0.0,27.18110749185668,20.92187503068309,32.28448275862069,19.27595617571142,0.14332247557003258,0.11596091205211727,0.09576547231270359,0.08859934853420195,0.08013029315960912,0.07231270358306188,0.054071661237785014,0.06449511400651466,0.05537459283387622,0.05537459283387622,0.04625407166123779,0.03713355048859935,0.03452768729641694,0.020846905537459284,0.016938110749185668,0.013680781758957655,0.005211726384364821,0.9510857424052608,0.023788796589063126,0.0,0.0,0.0,0.0,0.0,0.0,0.0,0.0,0.0,0.0,0.0,0.0,0.0,0.0,0.0,0.0,0.0,0.0,0.0,0.0,0.0,0.0,0.0,0.0,0.0,0.0,0.5081433224755701,6.1368078175895775,15.498371335504888,7.856677524429968,4.472134595162986,2.96155023185245,nan,nan,nan,4.357588357588358,2.9859319500243644,4.584221748400853,2.932765870696157,1.0520089031396995,0.4058,0.007812,0.0,0.0,0.0,0.0,0.0,0.0,0.0,0.0,0.0,0.0,0.0,7.231270358306178,22.768729641693817,0.0,0.0,0.0,0.0,0.0,0.0,0.0,0.0,0.0,0.0,0.0,0.0,0.0,0.0,0.0,0.0,0.0,nan,nan,4.472134595162986,2.96155023185245,nan,0.4058,0.03564,0.0,0.0,0.0,0.0,0.0,0.0,0.0,0.0,0.0,0.0,0.0,0.0,0.0,0.0,0.0,0.0,0.0,0.0,0.0,0.0,0.0,0.0,0.0,0.0,0.0,0.0,3.257328990228013e-05,0.0001302931596091205,0.0,0.0,0.0019218241042345276,0.005602605863192183,0.0033876221498371334,0.011986970684039087,0.019348534201954398,0.04482084690553746,0.04840390879478827,0.07811074918566775,0.07149837133550489,0.08957654723127036,0.14237785016286644,0.10449511400651466,0.08758957654723128,0.09719869706840391,0.05224755700325733,0.043387622149837136,0.041596091205211724,0.03371335504885994,0.008501628664495114,0.007328990228013029,0.006742671009771987,0.0,0.0,0.0,0.0,0.0,0.0,0.0,0.0,0.0,0.0,0.0,0.0,0.0,0.0,0.0,0.0,0.0,0.0,0.0,0.0,0.0,0.0,0.0,0.0,0.0,0.0,0.0,0.0,0.0,0.0,0.0,0.0,0.0,0.0,0.0,0.0,0.0,0.0,0.0,0.0,0.0,0.0,0.0,0.0,0.0,0.0,0.0,0.0,0.0,0.0,nan,nan,4.472134595162986,2.96155023185245,nan,0.9509183885328972,0.02373499044055199,0.0,0.0,0.0,0.0,0.0,0.0,0.0,0.0,0.0,0.0,0.0,0.0,0.0,0.0,0.0,0.0,0.0,0.0,0.0,0.0,0.0,0.0,0.0,0.0,0.0,0.0,0.4562737642585552,6.235741444866921,15.43726235741445,7.870722433460078,0.9512627426804551,0.023844293989673145,0.0,0.0,0.0,0.0,0.0,0.0,0.0,0.0,0.0,0.0,0.0,0.0,0.0,0.0,0.0,0.0,0.0,0.0,0.0,0.0,0.0,0.0,0.0,0.0,0.0,0.0,0.5630026809651476,6.032171581769438,15.56300268096515,7.841823056300269,0.406,0.007965,0.0,0.0,0.0,0.0,0.0,0.0,0.0,0.0,0.0,0.0,0.0,7.072243346007594,22.9277566539924,0.0,0.0,0.0,0.0,0.0,0.0,0.0,0.0,0.0,0.0,0.0,0.0,0.0,0.0,0.0,0.0,0.0,0.4058,0.007656,0.0,0.0,0.0,0.0,0.0,0.0,0.0,0.0,0.0,0.0,0.0,7.399463806970498,22.600536193029495,0.0,0.0,0.0,0.0,0.0,0.0,0.0,0.0,0.0,0.0,0.0,0.0,0.0,0.0,0.0,0.0,0.0
1200,1620,855,0.5277777777777778,417,307,0.4469135802469136,429,0.5296296296296297,0.418,3.0091503267973856,3.085478521952146,6.400900900900901,2.080929950442311,8312.73152389254,434.8818535220126,7853.0,8739.609682703018,8724.07025579639,5.649410160565972,7853.0,0.0,28.43641975308642,20.914146243816838,33.22667638483965,19.13125035813226,0.13518518518518519,0.0962962962962963,0.09814814814814815,0.07777777777777778,0.0734567901234568,0.07777777777777778,0.07098765432098765,0.07716049382716049,0.06728395061728396,0.043209876543209874,0.04259259259259259,0.037037037037037035,0.037654320987654324,0.029012345679012345,0.017901234567901235,0.011111111111111112,0.007407407407407408,0.9503318064374688,0.0234840568510475,0.0,0.0,0.0,0.0,0.0,0.0,0.0,0.0,0.0,0.0,0.0,0.0,0.0,0.0,0.0,0.0,0.0,0.0,0.0,0.0,0.0,0.0,0.0,0.0,0.0,0.0,0.38888888888888895,6.64814814814815,15.388888888888893,7.574074074074075,4.203454894433781,2.852225376651201,nan,nan,nan,4.2819548872180455,2.9397799157168305,4.12156862745098,2.7555515248448152,0.9625436829692366,0.4062,0.00865,0.0,0.0,0.0,0.0,0.0,0.0,0.0,0.0,0.0,0.0,0.0,7.2222222222222126,22.759259259259263,0.018518518518518524,0.0,0.0,0.0,0.0,0.0,0.0,0.0,0.0,0.0,0.0,0.0,0.0,0.0,0.0,0.0,0.0,nan,nan,4.203454894433781,2.852225376651201,nan,0.4062,0.03613,0.0,0.0,0.0,0.0,0.0,0.0,0.0,0.0,0.0,0.0,0.0,0.0,0.0,0.0,0.0,0.0,0.0,0.0,0.0,0.0,0.0,0.0,0.0,0.0,0.0,0.0,0.0,3.08641975308642e-05,0.0,0.0,0.0030864197530864196,0.0066975308641975305,0.002808641975308642,0.012006172839506174,0.020895061728395063,0.04330246913580247,0.046080246913580244,0.07722222222222222,0.0699074074074074,0.0862962962962963,0.14092592592592593,0.10623456790123456,0.08493827160493828,0.10114197530864198,0.05185185185185185,0.04617283950617284,0.04367283950617284,0.032746913580246916,0.007654320987654321,0.008395061728395062,0.007901234567901235,0.0,3.08641975308642e-05,0.0,0.0,0.0,0.0,0.0,0.0,0.0,0.0,0.0,0.0,0.0,0.0,0.0,0.0,0.0,0.0,0.0,0.0,0.0,0.0,0.0,0.0,0.0,0.0,0.0,0.0,0.0,0.0,0.0,0.0,0.0,0.0,0.0,0.0,0.0,0.0,0.0,0.0,0.0,0.0,0.0,0.0,0.0,0.0,0.0,0.0,0.0,0.0,nan,nan,4.203454894433781,2.852225376651201,nan,0.950987240306118,0.023939511360266282,0.0,0.0,0.0,0.0,0.0,0.0,0.0,0.0,0.0,0.0,0.0,0.0,0.0,0.0,0.0,0.0,0.0,0.0,0.0,0.0,0.0,0.0,0.0,0.0,0.0,0.0,0.4561403508771931,6.631578947368422,14.666666666666671,8.245614035087721,0.9495992627019196,0.022942183905884983,0.0,0.0,0.0,0.0,0.0,0.0,0.0,0.0,0.0,0.0,0.0,0.0,0.0,0.0,0.0,0.0,0.0,0.0,0.0,0.0,0.0,0.0,0.0,0.0,0.0,0.0,0.3137254901960785,6.666666666666668,16.196078431372555,6.823529411764707,0.4062,0.008766,0.0,0.0,0.0,0.0,0.0,0.0,0.0,0.0,0.0,0.0,0.0,7.298245614035077,22.66666666666667,0.03508771929824562,0.0,0.0,0.0,0.0,0.0,0.0,0.0,0.0,0.0,0.0,0.0,0.0,0.0,0.0,0.0,0.0,0.4062,0.008514,0.0,0.0,0.0,0.0,0.0,0.0,0.0,0.0,0.0,0.0,0.0,7.137254901960774,22.86274509803922,0.0,0.0,0.0,0.0,0.0,0.0,0.0,0.0,0.0,0.0,0.0,0.0,0.0,0.0,0.0,0.0,0.0
1300,1667,850,0.5098980203959208,404,359,0.45770845830833834,468,0.5614877024595081,0.434,3.011015911872705,3.178280956264898,6.916279069767442,2.0803544233546427,8297.00694230406,435.3212080617212,7853.0,8741.244856321811,8723.775968024553,5.626832926341866,7853.0,0.0,26.79904019196161,20.434478057926615,32.099781500364166,18.627434167559194,0.15176964607078583,0.10677864427114576,0.09058188362327535,0.08758248350329934,0.08038392321535692,0.07258548290341932,0.07558488302339532,0.059988002399520096,0.0623875224955009,0.05158968206358728,0.04499100179964007,0.03419316136772645,0.029394121175764846,0.021595680863827234,0.013197360527894421,0.01199760047990402,0.005398920215956809,0.9507168210332237,0.023374814141145856,0.0,0.0,0.0,0.0,0.0,0.0,0.0,0.0,0.0,0.0,0.0,0.0,0.0,0.0,0.0,0.0,0.0,0.0,0.0,0.0,0.0,0.0,0.0,0.0,0.0,0.0,0.6118776244751051,5.794841031793642,16.088782243551293,7.504499100179967,4.304143126177024,2.952346216639357,nan,nan,nan,4.221590909090909,2.922960913065944,4.382739212007505,2.980839752473426,1.0381724109196782,0.405,0.00812,0.0,0.0,0.0,0.0,0.0,0.0,0.0,0.0,0.0,0.0,0.0,7.79244151169765,22.207558488302343,0.0,0.0,0.0,0.0,0.0,0.0,0.0,0.0,0.0,0.0,0.0,0.0,0.0,0.0,0.0,0.0,0.0,nan,nan,4.304143126177024,2.952346216639357,nan,0.4053,0.03586,0.0,0.0,0.0,0.0,0.0,0.0,0.0,0.0,0.0,0.0,0.0,0.0,0.0,0.0,0.0,0.0,0.0,0.0,0.0,0.0,0.0,0.0,0.0,0.0,0.0,0.0,0.0,0.0004799040191961608,0.0,0.0,0.004409118176364727,0.005788842231553689,0.002969406118776245,0.01286742651469706,0.021715656868626275,0.041811637672465506,0.05,0.07615476904619076,0.07246550689862027,0.0889622075584883,0.1434613077384523,0.1053389322135573,0.08860227954409118,0.09307138572285543,0.05293941211757648,0.04298140371925615,0.046580683863227355,0.029034193161367728,0.0066286742651469705,0.006688662267546491,0.006928614277144571,0.0,0.0001199760047990402,0.0,0.0,0.0,0.0,0.0,0.0,0.0,0.0,0.0,0.0,0.0,0.0,0.0,0.0,0.0,0.0,0.0,0.0,0.0,0.0,0.0,0.0,0.0,0.0,0.0,0.0,0.0,0.0,0.0,0.0,0.0,0.0,0.0,0.0,0.0,0.0,0.0,0.0,0.0,0.0,0.0,0.0,0.0,0.0,0.0,0.0,0.0,0.0,nan,nan,4.304143126177024,2.952346216639357,nan,0.9507293777606066,0.023522902232862353,0.0,0.0,0.0,0.0,0.0,0.0,0.0,0.0,0.0,0.0,0.0,0.0,0.0,0.0,0.0,0.0,0.0,0.0,0.0,0.0,0.0,0.0,0.0,0.0,0.0,0.0,0.6000000000000001,6.03529411764706,15.882352941176475,7.482352941176472,0.9507037571185659,0.023219734886026838,0.0,0.0,0.0,0.0,0.0,0.0,0.0,0.0,0.0,0.0,0.0,0.0,0.0,0.0,0.0,0.0,0.0,0.0,0.0,0.0,0.0,0.0,0.0,0.0,0.0,0.0,0.6242350061199512,5.544675642594861,16.303549571603433,7.5275397796817645,0.4053,0.008,0.0,0.0,0.0,0.0,0.0,0.0,0.0,0.0,0.0,0.0,0.0,7.729411764705872,22.27058823529412,0.0,0.0,0.0,0.0,0.0,0.0,0.0,0.0,0.0,0.0,0.0,0.0,0.0,0.0,0.0,0.0,0.0,0.405,0.00823,0.0,0.0,0.0,0.0,0.0,0.0,0.0,0.0,0.0,0.0,0.0,7.858017135862902,22.14198286413709,0.0,0.0,0.0,0.0,0.0,0.0,0.0,0.0,0.0,0.0,0.0,0.0,0.0,0.0,0.0,0.0,0.0
1400,1782,913,0.5123456790123457,415,375,0.44332210998877664,506,0.5679012345679012,0.434,2.998849252013809,3.2065451708023502,6.829787234042553,2.1978630718018404,8298.996535046037,435.1351881871026,7853.0,8740.693258845806,8723.499261174195,5.568520076411999,7853.0,0.0,27.555555555555557,20.774320459942622,32.75978407557355,18.90634070125182,0.14814814814814814,0.09539842873176206,0.09539842873176206,0.08529741863075196,0.08810325476992144,0.0723905723905724,0.06677890011223345,0.0611672278338945,0.050505050505050504,0.051627384960718295,0.04264870931537598,0.04713804713804714,0.04152637485970819,0.02861952861952862,0.014590347923681257,0.006734006734006734,0.003928170594837262,0.9509326394158181,0.023755551087236964,0.0,0.0,0.0,0.0,0.0,0.0,0.0,0.0,0.0,0.0,0.0,0.0,0.0,0.0,0.0,0.0,0.0,0.0,0.0,0.0,0.0,0.0,0.0,0.0,0.0,0.0,0.6902356902356903,6.144781144781146,15.656565656565661,7.50841750841751,4.329555361813426,3.0559199873063174,nan,nan,nan,4.315424610051993,3.035489881909098,4.343859649122807,3.076396704272064,1.0065891636722328,0.4045,0.00793,0.0,0.0,0.0,0.0,0.0,0.0,0.0,0.0,0.0,0.0,0.0,8.316498316498304,21.68350168350169,0.0,0.0,0.0,0.0,0.0,0.0,0.0,0.0,0.0,0.0,0.0,0.0,0.0,0.0,0.0,0.0,0.0,nan,nan,4.329555361813426,3.0559199873063174,nan,0.4045,0.03595,0.0,0.0,0.0,0.0,0.0,0.0,0.0,0.0,0.0,0.0,0.0,0.0,0.0,0.0,0.0,0.0,0.0,0.0,0.0,0.0,0.0,0.0,0.0,0.0,0.0,0.0,0.0,0.0005892255892255892,0.0,0.0,0.003058361391694725,0.004797979797979798,0.0043490460157126825,0.015291806958473625,0.023793490460157128,0.04217171717171717,0.05154320987654321,0.07699214365881032,0.07592592592592592,0.09264870931537598,0.13916947250280584,0.09991582491582492,0.08841189674523008,0.08843995510662177,0.05861391694725028,0.04506172839506173,0.03855218855218855,0.030836139169472504,0.006705948372615039,0.006846240179573513,0.006144781144781145,0.0,0.00014029180695847364,0.0,0.0,0.0,0.0,0.0,0.0,0.0,0.0,0.0,0.0,0.0,0.0,0.0,0.0,0.0,0.0,0.0,0.0,0.0,0.0,0.0,0.0,0.0,0.0,0.0,0.0,0.0,0.0,0.0,0.0,0.0,0.0,0.0,0.0,0.0,0.0,0.0,0.0,0.0,0.0,0.0,0.0,0.0,0.0,0.0,0.0,0.0,0.0,nan,nan,4.329555361813426,3.0559199873063174,nan,0.950159151347809,0.023502918043427603,0.0,0.0,0.0,0.0,0.0,0.0,0.0,0.0,0.0,0.0,0.0,0.0,0.0,0.0,0.0,0.0,0.0,0.0,0.0,0.0,0.0,0.0,0.0,0.0,0.0,0.0,0.6571741511500548,6.276013143483024,16.002190580503836,7.0646221248630905,0.9517452914366377,0.02399126481281321,0.0,0.0,0.0,0.0,0.0,0.0,0.0,0.0,0.0,0.0,0.0,0.0,0.0,0.0,0.0,0.0,0.0,0.0,0.0,0.0,0.0,0.0,0.0,0.0,0.0,0.0,0.7249712313003454,6.006904487917147,15.293440736478715,7.9746835443038,0.4045,0.00785,0.0,0.0,0.0,0.0,0.0,0.0,0.0,0.0,0.0,0.0,0.0,8.67469879518071,21.32530120481928,0.0,0.0,0.0,0.0,0.0,0.0,0.0,0.0,0.0,0.0,0.0,0.0,0.0,0.0,0.0,0.0,0.0,0.4045,0.008,0.0,0.0,0.0,0.0,0.0,0.0,0.0,0.0,0.0,0.0,0.0,7.940161104718055,22.05983889528194,0.0,0.0,0.0,0.0,0.0,0.0,0.0,0.0,0.0,0.0,0.0,0.0,0.0,0.0,0.0,0.0,0.0
1500,1806,948,0.5249169435215947,447,356,0.44462901439645625,477,0.5282392026578073,0.434,2.917249417249417,3.11121078159848,6.724444444444444,2.197893492066696,8309.823045637955,434.6162210963885,7853.0,8742.550999009609,8723.276814791294,5.529509489145991,7853.0,0.0,28.060354374307863,21.049306948673888,32.69275929549902,19.479400021503974,0.1301218161683278,0.11572535991140642,0.0946843853820598,0.0769656699889258,0.07973421926910298,0.07641196013289037,0.07087486157253599,0.06201550387596899,0.059800664451827246,0.053156146179401995,0.04318936877076412,0.03599114064230343,0.032668881506090805,0.03211517165005537,0.01937984496124031,0.010520487264673311,0.006644518272425249,0.9504831200290228,0.023342177752375695,0.0,0.0,0.0,0.0,0.0,0.0,0.0,0.0,0.0,0.0,0.0,0.0,0.0,0.0,0.0,0.0,0.0,0.0,0.0,0.0,0.0,0.0,0.0,0.0,0.0,0.016611295681063128,0.5813953488372094,6.362126245847177,15.531561461794023,7.508305647840533,4.266031195840554,2.8663663104559047,nan,nan,nan,4.271626297577854,2.948917657079589,4.260416666666667,2.78105492449458,0.9973757931686245,0.4043,0.00774,0.0,0.0,0.0,0.0,0.0,0.0,0.0,0.0,0.0,0.0,0.0,8.654485049833875,21.345514950166116,0.0,0.0,0.0,0.0,0.0,0.0,0.0,0.0,0.0,0.0,0.0,0.0,0.0,0.0,0.0,0.0,0.0,nan,nan,4.266031195840554,2.8663663104559047,nan,0.4043,0.03568,0.0,0.0,0.0,0.0,0.0,0.0,0.0,0.0,0.0,0.0,0.0,0.0,0.0,0.0,0.0,0.0,0.0,0.0,0.0,0.0,0.0,0.0,0.0,0.0,0.0,0.0,0.0,0.0008305647840531562,0.0,0.0,0.002630121816168328,0.004623477297895902,0.003875968992248062,0.016057585825027684,0.022425249169435217,0.043466223698781836,0.05257475083056479,0.07248062015503876,0.07663344407530454,0.09280177187153932,0.14864341085271318,0.09922480620155039,0.08682170542635659,0.08698781838316721,0.059717607973421925,0.04440753045404208,0.03837209302325582,0.029069767441860465,0.004429678848283499,0.0070044296788482835,0.006893687707641196,0.0,2.7685492801771873e-05,0.0,0.0,0.0,0.0,0.0,0.0,0.0,0.0,0.0,0.0,0.0,0.0,0.0,0.0,0.0,0.0,0.0,0.0,0.0,0.0,0.0,0.0,0.0,0.0,0.0,0.0,0.0,0.0,0.0,0.0,0.0,0.0,0.0,0.0,0.0,0.0,0.0,0.0,0.0,0.0,0.0,0.0,0.0,0.0,0.0,0.0,0.0,0.0,nan,nan,4.266031195840554,2.8663663104559047,nan,0.9491915994555639,0.023127958409763703,0.0,0.0,0.0,0.0,0.0,0.0,0.0,0.0,0.0,0.0,0.0,0.0,0.0,0.0,0.0,0.0,0.0,0.0,0.0,0.0,0.0,0.0,0.0,0.0,0.0,0.0,0.6329113924050634,6.645569620253166,15.886075949367093,6.835443037974685,0.951910114788509,0.023494190071411736,0.0,0.0,0.0,0.0,0.0,0.0,0.0,0.0,0.0,0.0,0.0,0.0,0.0,0.0,0.0,0.0,0.0,0.0,0.0,0.0,0.0,0.0,0.0,0.0,0.0,0.034965034965034975,0.5244755244755246,6.04895104895105,15.139860139860144,8.251748251748253,0.4045,0.007866,0.0,0.0,0.0,0.0,0.0,0.0,0.0,0.0,0.0,0.0,0.0,8.41772151898733,21.58227848101266,0.0,0.0,0.0,0.0,0.0,0.0,0.0,0.0,0.0,0.0,0.0,0.0,0.0,0.0,0.0,0.0,0.0,0.4043,0.00759,0.0,0.0,0.0,0.0,0.0,0.0,0.0,0.0,0.0,0.0,0.0,8.916083916083902,21.083916083916087,0.0,0.0,0.0,0.0,0.0,0.0,0.0,0.0,0.0,0.0,0.0,0.0,0.0,0.0,0.0,0.0,0.0
1600,1852,946,0.5107991360691144,469,381,0.458963282937365,524,0.5658747300215983,0.43,2.878587196467991,3.1287043548358033,6.819327731092437,2.1897690799910317,8297.772699860832,435.2860844951123,7853.0,8743.312620723247,8723.738943067927,5.565045893517279,7853.0,0.0,27.970302375809936,20.585141197900743,32.67729591836735,18.85258859598796,0.13390928725701945,0.09557235421166306,0.09611231101511879,0.08531317494600432,0.07829373650107992,0.0847732181425486,0.07829373650107992,0.062095032397408205,0.05993520518358531,0.04913606911447084,0.04049676025917927,0.03995680345572354,0.03833693304535637,0.023758099352051837,0.019438444924406047,0.0091792656587473,0.005399568034557235,0.9501939387288001,0.02352790102043682,0.0,0.0,0.0,0.0,0.0,0.0,0.0,0.0,0.0,0.0,0.0,0.0,0.0,0.0,0.0,0.0,0.0,0.0,0.0,0.0,0.0,0.0,0.0,0.0,0.01619870410367171,0.0,0.5183585313174948,6.609071274298057,15.323974082073438,7.532397408207346,4.174629324546952,2.9606116324532508,nan,nan,nan,4.201954397394137,3.0138004119386927,4.1466666666666665,2.9049077246771353,0.9868423772609819,0.405,0.007645,0.0,0.0,0.0,0.0,0.0,0.0,0.0,0.0,0.0,0.0,0.0,7.8563714902807655,22.143628509719225,0.0,0.0,0.0,0.0,0.0,0.0,0.0,0.0,0.0,0.0,0.0,0.0,0.0,0.0,0.0,0.0,0.0,nan,nan,4.174629324546952,2.9606116324532508,nan,0.405,0.03583,0.0,0.0,0.0,0.0,0.0,0.0,0.0,0.0,0.0,0.0,0.0,0.0,0.0,0.0,0.0,0.0,0.0,0.0,0.0,0.0,0.0,0.0,0.0,0.0,0.0,0.0,0.0,0.0011609071274298055,5.3995680345572353e-05,0.0,0.0027537796976241902,0.005318574514038877,0.0029427645788336933,0.0150377969762419,0.021220302375809935,0.04343952483801296,0.05421166306695464,0.06965442764578833,0.07300215982721382,0.09503239740820735,0.14360151187904968,0.09689524838012958,0.08849892008639308,0.0904427645788337,0.05988120950323974,0.046085313174946005,0.039929805615550755,0.033531317494600435,0.004859611231101512,0.006749460043196544,0.005669546436285098,0.0,2.6997840172786177e-05,0.0,0.0,0.0,0.0,0.0,0.0,0.0,0.0,0.0,0.0,0.0,0.0,0.0,0.0,0.0,0.0,0.0,0.0,0.0,0.0,0.0,0.0,0.0,0.0,0.0,0.0,0.0,0.0,0.0,0.0,0.0,0.0,0.0,0.0,0.0,0.0,0.0,0.0,0.0,0.0,0.0,0.0,0.0,0.0,0.0,0.0,0.0,0.0,nan,nan,4.174629324546952,2.9606116324532508,nan,0.9504523355411425,0.023714203360072558,0.0,0.0,0.0,0.0,0.0,0.0,0.0,0.0,0.0,0.0,0.0,0.0,0.0,0.0,0.0,0.0,0.0,0.0,0.0,0.0,0.0,0.0,0.0,0.0,0.031712473572938694,0.0,0.47568710359408045,6.469344608879494,15.5708245243129,7.452431289640594,0.9499241336686721,0.02332873166942759,0.0,0.0,0.0,0.0,0.0,0.0,0.0,0.0,0.0,0.0,0.0,0.0,0.0,0.0,0.0,0.0,0.0,0.0,0.0,0.0,0.0,0.0,0.0,0.0,0.0,0.0,0.5629139072847683,6.754966887417219,15.066225165562917,7.615894039735101,0.4053,0.007767,0.0,0.0,0.0,0.0,0.0,0.0,0.0,0.0,0.0,0.0,0.0,7.801268498942906,22.198731501057086,0.0,0.0,0.0,0.0,0.0,0.0,0.0,0.0,0.0,0.0,0.0,0.0,0.0,0.0,0.0,0.0,0.0,0.4048,0.0075,0.0,0.0,0.0,0.0,0.0,0.0,0.0,0.0,0.0,0.0,0.0,7.913907284768201,22.086092715231793,0.0,0.0,0.0,0.0,0.0,0.0,0.0,0.0,0.0,0.0,0.0,0.0,0.0,0.0,0.0,0.0,0.0
1700,2064,1039,0.5033914728682171,493,457,0.46027131782945735,610,0.5910852713178295,0.38999999999999996,2.9278048780487804,2.9734856873136506,6.522388059701493,1.972635247469466,8291.280537572095,435.33579276813964,7853.0,8740.342470312118,8723.65546636073,5.591104349616128,7853.0,0.0,28.488372093023255,21.10684476181912,33.5444059976932,19.23028778074933,0.14001937984496124,0.0935077519379845,0.08430232558139535,0.08672480620155039,0.08866279069767442,0.06831395348837209,0.07267441860465117,0.07218992248062016,0.05910852713178295,0.041182170542635656,0.041666666666666664,0.04263565891472868,0.03875968992248062,0.027616279069767442,0.025193798449612403,0.013565891472868217,0.003875968992248062,0.9500652830037035,0.023763722624580735,0.0,0.0,0.0,0.0,0.0,0.0,0.0,0.0,0.0,0.0,0.0,0.0,0.0,0.0,0.0,0.0,0.0,0.0,0.0,0.0,0.0,0.0,0.0,0.0,0.0,0.0,0.6395348837209304,6.77325581395349,14.912790697674422,7.674418604651165,4.180555555555555,2.726360754964725,nan,nan,nan,4.200294550810015,2.7845460179184514,4.161103047895501,2.667635831841741,0.990669344151839,0.405,0.00785,0.0,0.0,0.0,0.0,0.0,0.0,0.0,0.0,0.0,0.0,0.0,7.892441860465105,22.093023255813957,0.014534883720930236,0.0,0.0,0.0,0.0,0.0,0.0,0.0,0.0,0.0,0.0,0.0,0.0,0.0,0.0,0.0,0.0,nan,nan,4.180555555555555,2.726360754964725,nan,0.405,0.03583,0.0,0.0,0.0,0.0,0.0,0.0,0.0,0.0,0.0,0.0,0.0,0.0,0.0,0.0,0.0,0.0,0.0,0.0,0.0,0.0,0.0,0.0,0.0,2.4224806201550387e-05,0.0,0.0,0.0,0.0009689922480620155,7.267441860465116e-05,0.0,0.002737403100775194,0.0042393410852713176,0.002616279069767442,0.012572674418604652,0.022674418604651164,0.04324127906976744,0.054530038759689925,0.07240794573643411,0.08175872093023256,0.09542151162790698,0.13742732558139534,0.09275678294573643,0.08607073643410852,0.09106104651162791,0.057461240310077516,0.04743217054263566,0.04009205426356589,0.0373546511627907,0.004263565891472868,0.006540697674418605,0.0061773255813953485,0.0,0.0,0.0,0.0,9.689922480620155e-05,0.0,0.0,0.0,0.0,0.0,0.0,0.0,0.0,0.0,0.0,0.0,0.0,0.0,0.0,0.0,0.0,0.0,0.0,0.0,0.0,0.0,0.0,0.0,0.0,0.0,0.0,0.0,0.0,0.0,0.0,0.0,0.0,0.0,0.0,0.0,0.0,0.0,0.0,0.0,0.0,0.0,0.0,0.0,0.0,0.0,nan,nan,4.180555555555555,2.726360754964725,nan,0.9503386766435552,0.02401292730054473,0.0,0.0,0.0,0.0,0.0,0.0,0.0,0.0,0.0,0.0,0.0,0.0,0.0,0.0,0.0,0.0,0.0,0.0,0.0,0.0,0.0,0.0,0.0,0.0,0.0,0.0,0.5197305101058711,7.045235803657365,14.350336862367664,8.084696823869107,0.9497881552068198,0.023505173108011698,0.0,0.0,0.0,0.0,0.0,0.0,0.0,0.0,0.0,0.0,0.0,0.0,0.0,0.0,0.0,0.0,0.0,0.0,0.0,0.0,0.0,0.0,0.0,0.0,0.0,0.0,0.7609756097560978,6.497560975609758,15.482926829268296,7.258536585365856,0.405,0.007805,0.0,0.0,0.0,0.0,0.0,0.0,0.0,0.0,0.0,0.0,0.0,7.940327237728573,22.030798845043314,0.02887391722810395,0.0,0.0,0.0,0.0,0.0,0.0,0.0,0.0,0.0,0.0,0.0,0.0,0.0,0.0,0.0,0.0,0.405,0.007904,0.0,0.0,0.0,0.0,0.0,0.0,0.0,0.0,0.0,0.0,0.0,7.843902439024379,22.156097560975613,0.0,0.0,0.0,0.0,0.0,0.0,0.0,0.0,0.0,0.0,0.0,0.0,0.0,0.0,0.0,0.0,0.0
1800,2011,1022,0.5082048731974143,481,427,0.45151665837891597,597,0.5937344604674292,0.39799999999999996,2.9595551061678464,3.0530169077282117,6.356401384083045,2.1822583279311996,8295.157940400151,434.9779782171318,7853.0,8739.993318879604,8723.03876530793,5.421456760101621,7853.0,0.0,27.934361014420688,20.819765209969617,32.84861028976937,19.056690368544867,0.14022874191944307,0.09796121332670313,0.09497762307309796,0.0870213823968175,0.07508702138239681,0.07956240676280457,0.06613625062158131,0.06514172053704624,0.05818000994530084,0.05420188960716062,0.05072103431128792,0.039781203381402286,0.033316757831924414,0.022376926902038786,0.016907011437095974,0.01093983092988563,0.007458975634012929,0.9485673465757214,0.022924291254604358,0.0,0.0,0.0,0.0,0.0,0.0,0.0,0.0,0.0,0.0,0.0,0.0,0.0,0.0,0.0,0.0,0.0,0.0,0.0,0.0,0.0,0.0,0.0,0.0,0.0,0.01491795126802586,0.43262058677275,7.369467926404775,15.410243659870714,6.772749875683742,4.301987767584098,2.900452726420307,nan,nan,nan,4.310708898944193,2.878639794956349,4.293023255813954,2.9226775991026406,0.9958972773284295,0.4043,0.00804,0.0,0.0,0.0,0.0,0.0,0.0,0.0,0.0,0.0,0.0,0.0,8.92093485827945,21.07906514172054,0.0,0.0,0.0,0.0,0.0,0.0,0.0,0.0,0.0,0.0,0.0,0.0,0.0,0.0,0.0,0.0,0.0,nan,nan,4.301987767584098,2.900452726420307,nan,0.4043,0.0356,0.0,0.0,0.0,0.0,0.0,0.0,0.0,0.0,0.0,0.0,0.0,0.0,0.0,0.0,0.0,0.0,0.0,0.0,0.0,0.0,0.0,0.0,0.0,0.0,0.0,0.0,0.0,0.001093983092988563,2.486325211337643e-05,0.0,0.002884137245151666,0.0044505221282943805,0.0034808552958727,0.012630532073595227,0.022948781700646445,0.04492789656887121,0.051218299353555444,0.07909000497265042,0.08194927896568871,0.09378418697165589,0.13739433117851815,0.09460467429139731,0.08560417702635505,0.08836399801093983,0.05827946295375435,0.049850820487319744,0.04027846842366982,0.0313276976628543,0.004127299850820487,0.00626553953257086,0.005420188960716062,0.0,0.0,0.0,0.0,0.0,0.0,0.0,0.0,0.0,0.0,0.0,0.0,0.0,0.0,0.0,0.0,0.0,0.0,0.0,0.0,0.0,0.0,0.0,0.0,0.0,0.0,0.0,0.0,0.0,0.0,0.0,0.0,0.0,0.0,0.0,0.0,0.0,0.0,0.0,0.0,0.0,0.0,0.0,0.0,0.0,0.0,0.0,0.0,0.0,0.0,nan,nan,4.301987767584098,2.900452726420307,nan,0.9484022254463278,0.022943459861645633,0.0,0.0,0.0,0.0,0.0,0.0,0.0,0.0,0.0,0.0,0.0,0.0,0.0,0.0,0.0,0.0,0.0,0.0,0.0,0.0,0.0,0.0,0.0,0.0,0.0,0.0,0.3228962818003914,8.043052837573388,14.882583170254406,6.751467710371822,0.9487379773080168,0.022903215539446038,0.0,0.0,0.0,0.0,0.0,0.0,0.0,0.0,0.0,0.0,0.0,0.0,0.0,0.0,0.0,0.0,0.0,0.0,0.0,0.0,0.0,0.0,0.0,0.0,0.0,0.030333670374115274,0.5460060667340749,6.673407482305361,15.955510616784634,6.794742163801822,0.4043,0.0081,0.0,0.0,0.0,0.0,0.0,0.0,0.0,0.0,0.0,0.0,0.0,8.92367906066535,21.076320939334643,0.0,0.0,0.0,0.0,0.0,0.0,0.0,0.0,0.0,0.0,0.0,0.0,0.0,0.0,0.0,0.0,0.0,0.4043,0.00797,0.0,0.0,0.0,0.0,0.0,0.0,0.0,0.0,0.0,0.0,0.0,8.918099089989877,21.081900910010116,0.0,0.0,0.0,0.0,0.0,0.0,0.0,0.0,0.0,0.0,0.0,0.0,0.0,0.0,0.0,0.0,0.0
1900,1757,948,0.5395560614684121,446,336,0.44507683551508254,475,0.5406943653955606,0.43,3.07663782447466,3.0478768177651427,6.440329218106996,1.993698688246715,8322.232012924926,433.4883472453484,7853.0,8740.77651336193,8722.663129439972,5.621121626139828,7853.0,0.0,28.056915196357426,20.828900346159866,33.3486301369863,18.862689621772155,0.14684120660216277,0.08708025042686397,0.09561752988047809,0.08081957882754695,0.08537279453614115,0.0796812749003984,0.06488332384746727,0.055776892430278883,0.07000569151963575,0.05008537279453614,0.05008537279453614,0.0421172453044963,0.03357996585088219,0.024473534433693798,0.01707455890722823,0.011383039271485486,0.005122367672168469,0.9461797160659925,0.023088047804387803,0.0,0.0,0.0,0.0,0.0,0.0,0.0,0.0,0.0,0.0,0.0,0.0,0.0,0.0,0.0,0.0,0.0,0.0,0.0,0.0,0.0,0.0,0.0,0.0,0.0,0.03414911781445647,0.7854297097324987,7.83722253841776,15.725668753557203,5.617529880478089,4.130017452006981,2.8104186927069637,nan,nan,nan,4.162544169611308,2.855484443498099,4.098275862068966,2.7653640640354644,0.9845603301914407,0.405,0.007904,0.0,0.0,0.0,0.0,0.0,0.0,0.0,0.0,0.0,0.0,0.0,7.8030734206032895,22.196926579396703,0.0,0.0,0.0,0.0,0.0,0.0,0.0,0.0,0.0,0.0,0.0,0.0,0.0,0.0,0.0,0.0,0.0,nan,nan,4.130017452006981,2.8104186927069637,nan,0.405,0.03604,0.0,0.0,0.0,0.0,0.0,0.0,0.0,0.0,0.0,0.0,0.0,0.0,0.0,0.0,0.0,0.0,0.0,0.0,0.0,0.0,0.0,0.0,0.0,0.0,0.0,0.0,0.0,0.0020204894706886737,0.0,0.0,0.0024473534433693796,0.003414911781445646,0.0030165054069436537,0.012009106431417189,0.023875924871940808,0.04334092202618099,0.05330108138873079,0.07777461582242459,0.07939669891861127,0.08830392714854866,0.14046670461013092,0.09325554923164485,0.07996585088218554,0.08949914627205464,0.06639157655093911,0.05236198064883324,0.04146272054638588,0.029510529311326125,0.004581673306772908,0.0060614684120660215,0.007512805919180421,0.0,2.8457598178713718e-05,0.0,0.0,0.0,0.0,0.0,0.0,0.0,0.0,0.0,0.0,0.0,0.0,0.0,0.0,0.0,0.0,0.0,0.0,0.0,0.0,0.0,0.0,0.0,0.0,0.0,0.0,0.0,0.0,0.0,0.0,0.0,0.0,0.0,0.0,0.0,0.0,0.0,0.0,0.0,0.0,0.0,0.0,0.0,0.0,0.0,0.0,0.0,0.0,nan,nan,4.130017452006981,2.8104186927069637,nan,0.9458482876608644,0.02349822731079477,0.0,0.0,0.0,0.0,0.0,0.0,0.0,0.0,0.0,0.0,0.0,0.0,0.0,0.0,0.0,0.0,0.0,0.0,0.0,0.0,0.0,0.0,0.0,0.0,0.0,0.06329113924050635,0.7594936708860761,8.227848101265824,15.221518987341776,5.727848101265824,0.9465680895246593,0.02259173427290418,0.0,0.0,0.0,0.0,0.0,0.0,0.0,0.0,0.0,0.0,0.0,0.0,0.0,0.0,0.0,0.0,0.0,0.0,0.0,0.0,0.0,0.0,0.0,0.0,0.0,0.0,0.8158220024721881,7.3794808405438825,16.316440049443763,5.488257107540174,0.405,0.007866,0.0,0.0,0.0,0.0,0.0,0.0,0.0,0.0,0.0,0.0,0.0,7.753164556962014,22.246835443037977,0.0,0.0,0.0,0.0,0.0,0.0,0.0,0.0,0.0,0.0,0.0,0.0,0.0,0.0,0.0,0.0,0.0,0.405,0.00795,0.0,0.0,0.0,0.0,0.0,0.0,0.0,0.0,0.0,0.0,0.0,7.861557478368344,22.13844252163165,0.0,0.0,0.0,0.0,0.0,0.0,0.0,0.0,0.0,0.0,0.0,0.0,0.0,0.0,0.0,0.0,0.0
2000,1775,914,0.5149295774647887,399,387,0.4428169014084507,502,0.5656338028169015,0.446,3.0452961672473866,3.2182034234420764,6.973214285714286,2.362126090700356,8300.842985622281,434.6803717954323,7853.0,8736.583620005846,8722.716957855084,5.163016424551573,7853.0,0.0,27.40056338028169,20.9755618963045,32.7091280653951,19.19416772659261,0.15267605633802817,0.10816901408450705,0.09014084507042254,0.0771830985915493,0.08338028169014085,0.07267605633802816,0.06816901408450704,0.06253521126760564,0.05352112676056338,0.04732394366197183,0.05352112676056338,0.04225352112676056,0.031549295774647886,0.01971830985915493,0.01915492957746479,0.012394366197183098,0.005633802816901409,0.9453407310096311,0.022578132034944222,0.0,0.0,0.0,0.0,0.0,0.0,0.0,0.0,0.0,0.0,0.0,0.0,0.0,0.0,0.0,0.0,0.0,0.0,0.0,0.0,0.0,0.0,0.0,0.0,0.0,0.0,0.7943661971830988,7.656338028169016,16.512676056338034,5.03661971830986,4.447321428571429,2.9566649836014736,nan,nan,nan,4.285454545454545,3.0677749225141357,4.606326889279438,2.8382948739005576,1.0748747514228643,0.4053,0.007786,0.0,0.0,0.0,0.0,0.0,0.0,0.0,0.0,0.0,0.0,0.0,7.588732394366186,22.411267605633807,0.0,0.0,0.0,0.0,0.0,0.0,0.0,0.0,0.0,0.0,0.0,0.0,0.0,0.0,0.0,0.0,0.0,nan,nan,4.447321428571429,2.9566649836014736,nan,0.4053,0.03622,0.0,0.0,0.0,0.0,0.0,0.0,0.0,0.0,0.0,0.0,0.0,0.0,0.0,0.0,0.0,0.0,0.0,0.0,0.0,0.0,0.0,0.0,0.0,0.0,0.0,0.0,0.0,0.0028732394366197183,0.0,0.00028169014084507044,0.0017183098591549296,0.003859154929577465,0.003859154929577465,0.01323943661971831,0.025070422535211266,0.037464788732394366,0.05064788732394366,0.0711830985915493,0.08602816901408451,0.09,0.13980281690140844,0.09695774647887324,0.07763380281690141,0.09033802816901408,0.07104225352112677,0.05070422535211268,0.03904225352112676,0.027014084507042253,0.004422535211267606,0.007098591549295774,0.009690140845070423,0.0,0.0,2.8169014084507043e-05,0.0,0.0,0.0,0.0,0.0,0.0,0.0,0.0,0.0,0.0,0.0,0.0,0.0,0.0,0.0,0.0,0.0,0.0,0.0,0.0,0.0,0.0,0.0,0.0,0.0,0.0,0.0,0.0,0.0,0.0,0.0,0.0,0.0,0.0,0.0,0.0,0.0,0.0,0.0,0.0,0.0,0.0,0.0,0.0,0.0,0.0,0.0,nan,nan,4.447321428571429,2.9566649836014736,nan,0.9459754890503456,0.02230629597120028,0.0,0.0,0.0,0.0,0.0,0.0,0.0,0.0,0.0,0.0,0.0,0.0,0.0,0.0,0.0,0.0,0.0,0.0,0.0,0.0,0.0,0.0,0.0,0.0,0.0,0.0,0.7877461706783371,7.286652078774619,16.477024070021887,5.448577680525165,0.9446668995935881,0.02284387325320963,0.0,0.0,0.0,0.0,0.0,0.0,0.0,0.0,0.0,0.0,0.0,0.0,0.0,0.0,0.0,0.0,0.0,0.0,0.0,0.0,0.0,0.0,0.0,0.0,0.0,0.0,0.8013937282229966,8.04878048780488,16.55052264808363,4.599303135888503,0.4053,0.007755,0.0,0.0,0.0,0.0,0.0,0.0,0.0,0.0,0.0,0.0,0.0,7.4835886214441905,22.5164113785558,0.0,0.0,0.0,0.0,0.0,0.0,0.0,0.0,0.0,0.0,0.0,0.0,0.0,0.0,0.0,0.0,0.0,0.4053,0.00782,0.0,0.0,0.0,0.0,0.0,0.0,0.0,0.0,0.0,0.0,0.0,7.700348432055738,22.299651567944256,0.0,0.0,0.0,0.0,0.0,0.0,0.0,0.0,0.0,0.0,0.0,0.0,0.0,0.0,0.0,0.0,0.0
2100,1875,984,0.5248,475,390,0.4613333333333333,521,0.5557333333333333,0.426,3.0011223344556677,3.049718736946792,6.482352941176471,2.086060729132449,8309.27236193584,434.19285546555005,7853.0,8741.273769640922,8722.421421371646,5.33528238708398,7853.0,0.0,27.7824,20.622075151965998,32.438640654499686,18.951052639321507,0.13973333333333332,0.09706666666666666,0.09226666666666666,0.08586666666666666,0.09066666666666667,0.07253333333333334,0.072,0.064,0.0672,0.04426666666666667,0.04373333333333333,0.0368,0.029866666666666666,0.03253333333333333,0.016533333333333334,0.007466666666666667,0.007466666666666667,0.9447721925417583,0.023171511538518267,0.0,0.0,0.0,0.0,0.0,0.0,0.0,0.0,0.0,0.0,0.0,0.0,0.0,0.0,0.0,0.0,0.0,0.0,0.0,0.0,0.0,0.0,0.0,0.0,0.0,0.0,0.9120000000000003,8.480000000000002,15.344000000000005,5.264000000000001,4.310711365494686,2.9062666215404227,nan,nan,nan,4.1266891891891895,2.8360309361789775,4.482539682539683,2.9625460780042414,1.0862314744426902,0.4058,0.00805,0.0,0.0,0.0,0.0,0.0,0.0,0.0,0.0,0.0,0.0,0.0,7.26399999999999,22.736000000000004,0.0,0.0,0.0,0.0,0.0,0.0,0.0,0.0,0.0,0.0,0.0,0.0,0.0,0.0,0.0,0.0,0.0,nan,nan,4.310711365494686,2.9062666215404227,nan,0.4058,0.03668,0.0,0.0,0.0,0.0,0.0,0.0,0.0,0.0,0.0,0.0,0.0,0.0,0.0,0.0,0.0,0.0,0.0,0.0,0.0,0.0,0.0,0.0,0.0,0.0,0.0,0.0,0.0,0.0034933333333333335,0.0,0.00013333333333333334,0.002,0.0038933333333333333,0.00296,0.012053333333333333,0.024293333333333333,0.04144,0.04957333333333333,0.06608,0.08869333333333333,0.08914666666666667,0.13722666666666666,0.098,0.07650666666666667,0.08874666666666667,0.07338666666666667,0.05114666666666667,0.038906666666666666,0.028933333333333332,0.004346666666666667,0.007466666666666667,0.01136,0.0,8e-05,0.0,0.00013333333333333334,0.0,0.0,0.0,0.0,0.0,0.0,0.0,0.0,0.0,0.0,0.0,0.0,0.0,0.0,0.0,0.0,0.0,0.0,0.0,0.0,0.0,0.0,0.0,0.0,0.0,0.0,0.0,0.0,0.0,0.0,0.0,0.0,0.0,0.0,0.0,0.0,0.0,0.0,0.0,0.0,0.0,0.0,0.0,0.0,0.0,0.0,nan,nan,4.310711365494686,2.9062666215404227,nan,0.9444419480557364,0.022817213179079927,0.0,0.0,0.0,0.0,0.0,0.0,0.0,0.0,0.0,0.0,0.0,0.0,0.0,0.0,0.0,0.0,0.0,0.0,0.0,0.0,0.0,0.0,0.0,0.0,0.0,0.0,0.9146341463414637,8.353658536585368,15.884146341463419,4.847560975609757,0.9451369069909675,0.02355121881054553,0.0,0.0,0.0,0.0,0.0,0.0,0.0,0.0,0.0,0.0,0.0,0.0,0.0,0.0,0.0,0.0,0.0,0.0,0.0,0.0,0.0,0.0,0.0,0.0,0.0,0.0,0.9090909090909094,8.619528619528621,14.747474747474751,5.723905723905725,0.4055,0.007965,0.0,0.0,0.0,0.0,0.0,0.0,0.0,0.0,0.0,0.0,0.0,7.317073170731697,22.682926829268297,0.0,0.0,0.0,0.0,0.0,0.0,0.0,0.0,0.0,0.0,0.0,0.0,0.0,0.0,0.0,0.0,0.0,0.406,0.00813,0.0,0.0,0.0,0.0,0.0,0.0,0.0,0.0,0.0,0.0,0.0,7.205387205387195,22.7946127946128,0.0,0.0,0.0,0.0,0.0,0.0,0.0,0.0,0.0,0.0,0.0,0.0,0.0,0.0,0.0,0.0,0.0
2200,1907,972,0.5097011012060828,458,384,0.44153120083901415,532,0.5579444153120083,0.414,2.9475935828877007,3.1389279285621523,6.626865671641791,2.266470863696629,8295.847754783472,434.35512651755937,7853.0,8738.337311828136,8721.838136185268,5.513095593269194,7853.0,0.0,28.295752490823283,21.133942404332572,32.99814585908529,19.49189230260119,0.13162034609334033,0.10749868904037756,0.09124278972207656,0.08127949659150498,0.08809648662821185,0.07656004195070792,0.062401678028316726,0.05768222338751967,0.05506030414263241,0.05715783953854221,0.05558468799160986,0.041426324069218666,0.02831672784478238,0.024121657052962767,0.019402202412165705,0.013633980073413739,0.008914525432616675,0.9427792866566322,0.023501207623830244,0.0,0.0,0.0,0.0,0.0,0.0,0.0,0.0,0.0,0.0,0.0,0.0,0.0,0.0,0.0,0.0,0.0,0.0,0.0,0.0,0.0,0.0,0.0,0.0,0.0,0.0,1.0068169900367072,9.769271106449922,14.45726271630834,4.766649187205035,4.296356275303644,2.9634116463324016,nan,nan,nan,4.427215189873418,3.0741500571615696,4.159203980099503,2.836248549407123,0.9394628003655774,0.405,0.00811,0.0,0.0,0.0,0.0,0.0,0.0,0.0,0.0,0.0,0.0,0.0,8.054535920293644,21.945464079706348,0.0,0.0,0.0,0.0,0.0,0.0,0.0,0.0,0.0,0.0,0.0,0.0,0.0,0.0,0.0,0.0,0.0,nan,nan,4.296356275303644,2.9634116463324016,nan,0.405,0.03674,0.0,0.0,0.0,0.0,0.0,0.0,0.0,0.0,0.0,0.0,0.0,0.0,0.0,0.0,0.0,0.0,0.0,0.0,0.0,0.0,0.0,0.0,0.0,0.0,0.0,0.0,0.0,0.002412165705296277,0.0,0.0,0.0018091242789722076,0.0034084950183534348,0.004850550603041426,0.010933403251179863,0.024462506554798112,0.047220765600419504,0.052831672784478236,0.06929732564237022,0.0908232826428946,0.09137388568432092,0.13314105925537492,0.09659150498164656,0.07362349239643419,0.08581541688515994,0.07530152071316204,0.049973780807551126,0.03261667540639748,0.028710015731515468,0.0037493445201887783,0.0071840587309910855,0.013581541688515993,0.0,0.0,0.0,0.0002884111169375983,0.0,0.0,0.0,0.0,0.0,0.0,0.0,0.0,0.0,0.0,0.0,0.0,0.0,0.0,0.0,0.0,0.0,0.0,0.0,0.0,0.0,0.0,0.0,0.0,0.0,0.0,0.0,0.0,0.0,0.0,0.0,0.0,0.0,0.0,0.0,0.0,0.0,0.0,0.0,0.0,0.0,0.0,0.0,0.0,0.0,0.0,nan,nan,4.296356275303644,2.9634116463324016,nan,0.9421564335685698,0.023929671879461083,0.0,0.0,0.0,0.0,0.0,0.0,0.0,0.0,0.0,0.0,0.0,0.0,0.0,0.0,0.0,0.0,0.0,0.0,0.0,0.0,0.0,0.0,0.0,0.0,0.0,0.0,1.080246913580247,10.370370370370372,13.7962962962963,4.753086419753087,0.943426787407003,0.023029493369714462,0.0,0.0,0.0,0.0,0.0,0.0,0.0,0.0,0.0,0.0,0.0,0.0,0.0,0.0,0.0,0.0,0.0,0.0,0.0,0.0,0.0,0.0,0.0,0.0,0.0,0.0,0.9304812834224602,9.14438502673797,15.144385026737972,4.780748663101606,0.4053,0.00789,0.0,0.0,0.0,0.0,0.0,0.0,0.0,0.0,0.0,0.0,0.0,7.65432098765431,22.345679012345684,0.0,0.0,0.0,0.0,0.0,0.0,0.0,0.0,0.0,0.0,0.0,0.0,0.0,0.0,0.0,0.0,0.0,0.4048,0.00832,0.0,0.0,0.0,0.0,0.0,0.0,0.0,0.0,0.0,0.0,0.0,8.470588235294105,21.529411764705888,0.0,0.0,0.0,0.0,0.0,0.0,0.0,0.0,0.0,0.0,0.0,0.0,0.0,0.0,0.0,0.0,0.0
2300,2129,1096,0.5147956787224048,524,445,0.4551432597463598,630,0.5918271488961954,0.38999999999999996,3.040658276863504,3.0618491132999064,6.496794871794871,2.036522925132218,8300.291395156677,434.2634940792129,7853.0,8744.278087937832,8721.87169734358,5.494378808677726,7853.0,0.0,28.469234382339128,20.751999511510043,33.10148924434639,18.9895800669515,0.13245655237200563,0.09488022545796149,0.08313762329732269,0.0967590418036637,0.0868952559887271,0.07139502113668389,0.07045561296383279,0.06387975575387506,0.05824330671676844,0.054015969938938466,0.04790981681540629,0.042273367778299674,0.038985439173320806,0.025833724753405354,0.018788163457022077,0.007984969469234382,0.0061061531235321745,0.9424699084363447,0.023308291953886496,0.0,0.0,0.0,0.0,0.0,0.0,0.0,0.0,0.0,0.0,0.0,0.0,0.0,0.0,0.0,0.0,0.0,0.0,0.0,0.0,0.0,0.0,0.0,0.0,0.0,0.02818224518553312,0.9722874589008926,9.596054485674028,14.640676373884457,4.762799436355097,4.269039145907473,2.843773644816265,nan,nan,nan,4.313475177304965,2.88987520548631,4.224606580829756,2.7978473144300966,0.979397448038467,0.4048,0.00827,0.0,0.0,0.0,0.0,0.0,0.0,0.0,0.0,0.0,0.0,0.0,8.70831376232972,21.277595115077503,0.01409112259276656,0.0,0.0,0.0,0.0,0.0,0.0,0.0,0.0,0.0,0.0,0.0,0.0,0.0,0.0,0.0,0.0,nan,nan,4.269039145907473,2.843773644816265,nan,0.4048,0.0368,0.0,0.0,0.0,0.0,0.0,0.0,0.0,0.0,0.0,0.0,0.0,0.0,0.0,0.0,0.0,0.0,0.0,0.0,0.0,0.0,0.0,0.0,0.0,0.0,0.0,0.0,0.0,0.0025129168623767026,2.3485204321277596e-05,0.00011742602160638798,0.0016204790981681541,0.00253640206669798,0.004931892907468295,0.008196336308125881,0.026914044152184124,0.046665100986378584,0.05307656176608737,0.07322686707374354,0.09652418976045092,0.09135744480976984,0.13381869422263973,0.09232033818694223,0.07217003287928606,0.08034288398309065,0.07249882573978393,0.051831845937059653,0.03435885392202912,0.029614842649131046,0.0036402066697980274,0.008407703147017378,0.012635039924847347,0.0,2.3485204321277596e-05,0.0,0.000634100516674495,0.0,0.0,0.0,0.0,0.0,0.0,0.0,0.0,0.0,0.0,0.0,0.0,0.0,0.0,0.0,0.0,0.0,0.0,0.0,0.0,0.0,0.0,0.0,0.0,0.0,0.0,0.0,0.0,0.0,0.0,0.0,0.0,0.0,0.0,0.0,0.0,0.0,0.0,0.0,0.0,0.0,0.0,0.0,0.0,0.0,0.0,nan,nan,4.269039145907473,2.843773644816265,nan,0.9423069614563545,0.023000417031892244,0.0,0.0,0.0,0.0,0.0,0.0,0.0,0.0,0.0,0.0,0.0,0.0,0.0,0.0,0.0,0.0,0.0,0.0,0.0,0.0,0.0,0.0,0.0,0.0,0.0,0.027372262773722636,0.9580291970802922,9.662408759124089,14.671532846715332,4.68065693430657,0.9426427931314747,0.02362932963699714,0.0,0.0,0.0,0.0,0.0,0.0,0.0,0.0,0.0,0.0,0.0,0.0,0.0,0.0,0.0,0.0,0.0,0.0,0.0,0.0,0.0,0.0,0.0,0.0,0.0,0.029041626331074547,0.9874152952565346,9.525653436592451,14.607938044530497,4.849951597289449,0.405,0.00806,0.0,0.0,0.0,0.0,0.0,0.0,0.0,0.0,0.0,0.0,0.0,8.102189781021886,21.897810218978105,0.0,0.0,0.0,0.0,0.0,0.0,0.0,0.0,0.0,0.0,0.0,0.0,0.0,0.0,0.0,0.0,0.0,0.4045,0.00848,0.0,0.0,0.0,0.0,0.0,0.0,0.0,0.0,0.0,0.0,0.0,9.351403678605989,20.619554695062927,0.029041626331074547,0.0,0.0,0.0,0.0,0.0,0.0,0.0,0.0,0.0,0.0,0.0,0.0,0.0,0.0,0.0,0.0
2400,2074,1057,0.5096432015429122,499,441,0.4532304725168756,617,0.5949855351976856,0.418,3.022615535889872,3.143640838488162,6.73758865248227,2.2365290676647893,8295.721833124922,434.282015965134,7853.0,8741.395839297771,8721.689765280124,5.526498015417844,7853.0,0.0,28.016875602700097,20.948281004105215,33.01552616446234,19.184443884898897,0.13837994214079075,0.10125361620057859,0.09064609450337512,0.08823529411764706,0.08389585342333655,0.06846673095467695,0.07907425265188042,0.06412729026036644,0.04773384763741562,0.05255544840887175,0.0467695274831244,0.04339440694310511,0.03037608486017358,0.02844744455159113,0.020250723240115717,0.010607521697203472,0.0057859209257473485,0.942618065422963,0.02366038613476638,0.0,0.0,0.0,0.0,0.0,0.0,0.0,0.0,0.0,0.0,0.0,0.0,0.0,0.0,0.0,0.0,0.0,0.0,0.0,0.0,0.0,0.0,0.0,0.0,0.0,0.028929604628736748,0.9546769527483127,9.532304725168757,14.710703953712637,4.773384763741563,4.327917282127031,2.907536776787515,nan,nan,nan,4.275147928994083,2.915177201168342,4.380530973451328,2.8989426942621455,1.0246501515754662,0.4043,0.00796,0.0,0.0,0.0,0.0,0.0,0.0,0.0,0.0,0.0,0.0,0.0,8.910318225650904,21.08968177434909,0.0,0.0,0.0,0.0,0.0,0.0,0.0,0.0,0.0,0.0,0.0,0.0,0.0,0.0,0.0,0.0,0.0,nan,nan,4.327917282127031,2.907536776787515,nan,0.4043,0.0368,0.0,0.0,0.0,0.0,0.0,0.0,0.0,0.0,0.0,0.0,0.0,0.0,0.0,0.0,0.0,0.0,0.0,0.0,0.0,0.0,0.0,0.0,0.0,0.0,0.0,0.0,0.0,0.0027965284474445514,0.0,7.232401157184185e-05,0.0014946962391513983,0.002193828351012536,0.0048698167791706845,0.008220829315332691,0.027555448408871745,0.04739633558341369,0.05744937319189971,0.07217936354869817,0.09599807135969142,0.08982642237222759,0.13527000964320154,0.09546769527483125,0.06979267116682739,0.08056894889103182,0.06974445515911283,0.05122950819672131,0.03290742526518804,0.029146576663452266,0.005014464802314368,0.008775313404050144,0.011427193828351013,2.4108003857280618e-05,0.0,0.0,0.0005785920925747348,0.0,0.0,0.0,0.0,0.0,0.0,0.0,0.0,0.0,0.0,0.0,0.0,0.0,0.0,0.0,0.0,0.0,0.0,0.0,0.0,0.0,0.0,0.0,0.0,0.0,0.0,0.0,0.0,0.0,0.0,0.0,0.0,0.0,0.0,0.0,0.0,0.0,0.0,0.0,0.0,0.0,0.0,0.0,0.0,0.0,0.0,nan,nan,4.327917282127031,2.907536776787515,nan,0.9423776803539965,0.023908935578307196,0.0,0.0,0.0,0.0,0.0,0.0,0.0,0.0,0.0,0.0,0.0,0.0,0.0,0.0,0.0,0.0,0.0,0.0,0.0,0.0,0.0,0.0,0.0,0.0,0.0,0.028382213812677394,0.9366130558183541,9.678334910122992,14.70198675496689,4.654683065279093,0.9428679051652419,0.02339664587707039,0.0,0.0,0.0,0.0,0.0,0.0,0.0,0.0,0.0,0.0,0.0,0.0,0.0,0.0,0.0,0.0,0.0,0.0,0.0,0.0,0.0,0.0,0.0,0.0,0.0,0.02949852507374632,0.9734513274336285,9.380530973451329,14.719764011799414,4.896755162241889,0.4043,0.00778,0.0,0.0,0.0,0.0,0.0,0.0,0.0,0.0,0.0,0.0,0.0,8.940397350993365,21.059602649006624,0.0,0.0,0.0,0.0,0.0,0.0,0.0,0.0,0.0,0.0,0.0,0.0,0.0,0.0,0.0,0.0,0.0,0.4045,0.00813,0.0,0.0,0.0,0.0,0.0,0.0,0.0,0.0,0.0,0.0,0.0,8.879056047197627,21.120943952802364,0.0,0.0,0.0,0.0,0.0,0.0,0.0,0.0,0.0,0.0,0.0,0.0,0.0,0.0,0.0,0.0,0.0
2500,2103,1110,0.5278174037089871,493,406,0.4274845458868283,586,0.5572990965287684,0.426,3.0422960725075527,3.146670352148492,6.593959731543624,2.1950746631725173,8311.580556700357,433.75859246453666,7853.0,8743.750439667701,8721.824243910678,5.631328690415307,7853.0,0.0,29.19923918212078,21.485771633412725,33.95139664804469,19.750606687639273,0.13219210651450308,0.09272467902995721,0.0932001902044698,0.08511650023775559,0.08178792201616739,0.07703281027104136,0.06134094151212553,0.05563480741797432,0.06038991916310033,0.05040418449833571,0.0475511174512601,0.0475511174512601,0.04136947218259629,0.03613884926295768,0.018544935805991442,0.009985734664764621,0.00903471231573942,0.9431775759301524,0.023425689009515242,0.0,0.0,0.0,0.0,0.0,0.0,0.0,0.0,0.0,0.0,0.0,0.0,0.0,0.0,0.0,0.0,0.0,0.0,0.0,0.0,0.0,0.0,0.0,0.0,0.0,0.014265335235378035,0.9415121255349503,9.443651925820259,14.564907275320973,5.035663338088446,4.260932944606414,2.985702812915037,nan,nan,nan,4.185185185185185,2.9957058359817204,4.339312406576981,2.975228090063496,1.036826858208659,0.4038,0.00793,0.0,0.0,0.0,0.0,0.0,0.0,0.0,0.0,0.0,0.0,0.0,9.17261055634806,20.827389443651928,0.0,0.0,0.0,0.0,0.0,0.0,0.0,0.0,0.0,0.0,0.0,0.0,0.0,0.0,0.0,0.0,0.0,nan,nan,4.260932944606414,2.985702812915037,nan,0.4038,0.03632,0.0,0.0,0.0,0.0,0.0,0.0,0.0,0.0,0.0,0.0,0.0,0.0,0.0,0.0,0.0,0.0,0.0,0.0,0.0,0.0,0.0,0.0,0.0,0.0,0.0,0.0,0.0,0.0025439847836424157,0.0,0.00016642891107941036,0.0018307180218735141,0.0016405135520684735,0.0045886828340466,0.005706134094151213,0.028554446029481692,0.053019495958155013,0.057798383262006654,0.06949595815501665,0.0936757013789824,0.08787446504992867,0.14555397051830718,0.09381835473133619,0.07056585829767,0.08090822634331907,0.06680932001902044,0.053281027104136944,0.03143128863528293,0.0275320970042796,0.00454113171659534,0.007465525439847837,0.010247265810746552,0.00023775558725630053,0.0,0.0,0.0007132667617689016,0.0,0.0,0.0,0.0,0.0,0.0,0.0,0.0,0.0,0.0,0.0,0.0,0.0,0.0,0.0,0.0,0.0,0.0,0.0,0.0,0.0,0.0,0.0,0.0,0.0,0.0,0.0,0.0,0.0,0.0,0.0,0.0,0.0,0.0,0.0,0.0,0.0,0.0,0.0,0.0,0.0,0.0,0.0,0.0,0.0,0.0,nan,nan,4.260932944606414,2.985702812915037,nan,0.9432815411069372,0.0234981405322797,0.0,0.0,0.0,0.0,0.0,0.0,0.0,0.0,0.0,0.0,0.0,0.0,0.0,0.0,0.0,0.0,0.0,0.0,0.0,0.0,0.0,0.0,0.0,0.0,0.0,0.027027027027027032,0.9729729729729731,9.324324324324326,14.675675675675679,5.000000000000001,0.94306136107997,0.0233438866783804,0.0,0.0,0.0,0.0,0.0,0.0,0.0,0.0,0.0,0.0,0.0,0.0,0.0,0.0,0.0,0.0,0.0,0.0,0.0,0.0,0.0,0.0,0.0,0.0,0.0,0.0,0.9063444108761332,9.577039274924473,14.441087613293055,5.075528700906346,0.404,0.00806,0.0,0.0,0.0,0.0,0.0,0.0,0.0,0.0,0.0,0.0,0.0,9.24324324324323,20.75675675675676,0.0,0.0,0.0,0.0,0.0,0.0,0.0,0.0,0.0,0.0,0.0,0.0,0.0,0.0,0.0,0.0,0.0,0.4038,0.007774,0.0,0.0,0.0,0.0,0.0,0.0,0.0,0.0,0.0,0.0,0.0,9.093655589123854,20.906344410876137,0.0,0.0,0.0,0.0,0.0,0.0,0.0,0.0,0.0,0.0,0.0,0.0,0.0,0.0,0.0,0.0,0.0
2600,2096,1101,0.5252862595419847,514,416,0.4437022900763359,567,0.541030534351145,0.454,3.077386934673367,3.2868003420458187,7.065217391304348,2.145796435835741,8309.294867095086,433.79306083676016,7853.0,8738.998383843898,8721.659438175568,5.618580987324289,7853.0,0.0,27.21087786259542,20.70499801354271,32.23354321694333,19.031241665752926,0.14456106870229007,0.10877862595419847,0.09208015267175572,0.08969465648854962,0.07776717557251908,0.07776717557251908,0.07204198473282443,0.05868320610687023,0.05248091603053435,0.048187022900763356,0.04770992366412214,0.03959923664122137,0.03435114503816794,0.025286259541984733,0.015744274809160304,0.009541984732824428,0.0057251908396946565,0.94287524204559,0.023917614751333957,0.0,0.0,0.0,0.0,0.0,0.0,0.0,0.0,0.0,0.0,0.0,0.0,0.0,0.0,0.0,0.0,0.0,0.0,0.0,0.0,0.0,0.0,0.0,0.0,0.0,0.014312977099236644,1.1593511450381682,8.988549618320613,14.871183206106874,4.966603053435115,4.417797888386124,3.0598036158053823,nan,nan,nan,4.440422322775264,3.046991613218696,4.395173453996984,3.0723955984709153,0.9898097826086957,0.4043,0.00806,0.0,0.0,0.0,0.0,0.0,0.0,0.0,0.0,0.0,0.0,0.0,9.06011450381678,20.93988549618321,0.0,0.0,0.0,0.0,0.0,0.0,0.0,0.0,0.0,0.0,0.0,0.0,0.0,0.0,0.0,0.0,0.0,nan,nan,4.417797888386124,3.0598036158053823,nan,0.4043,0.03635,0.0,0.0,0.0,0.0,0.0,0.0,0.0,0.0,0.0,0.0,0.0,0.0,0.0,0.0,0.0,0.0,0.0,0.0,0.0,0.0,0.0,0.0,0.0,0.0,0.0,0.0,0.0,0.0018129770992366412,0.0,4.770992366412214e-05,0.0018606870229007633,0.0007633587786259542,0.005916030534351145,0.005438931297709924,0.029723282442748092,0.050548664122137404,0.05641698473282443,0.06600667938931298,0.09692270992366413,0.0833969465648855,0.15212309160305343,0.0964456106870229,0.07352099236641221,0.07802958015267175,0.06343034351145038,0.05197996183206107,0.030009541984732824,0.029747137404580154,0.005152671755725191,0.008373091603053434,0.010687022900763359,0.00028625954198473283,0.00011927480916030534,0.0,0.0012404580152671756,0.0,0.0,0.0,0.0,0.0,0.0,0.0,0.0,0.0,0.0,0.0,0.0,0.0,0.0,0.0,0.0,0.0,0.0,0.0,0.0,0.0,0.0,0.0,0.0,0.0,0.0,0.0,0.0,0.0,0.0,0.0,0.0,0.0,0.0,0.0,0.0,0.0,0.0,0.0,0.0,0.0,0.0,0.0,0.0,0.0,0.0,nan,nan,4.417797888386124,3.0598036158053823,nan,0.9421602195766597,0.024113007417853046,0.0,0.0,0.0,0.0,0.0,0.0,0.0,0.0,0.0,0.0,0.0,0.0,0.0,0.0,0.0,0.0,0.0,0.0,0.0,0.0,0.0,0.0,0.0,0.0,0.0,0.02724795640326976,1.3079019073569484,9.182561307901908,14.931880108991828,4.55040871934605,0.9436664377624665,0.023674373478474103,0.0,0.0,0.0,0.0,0.0,0.0,0.0,0.0,0.0,0.0,0.0,0.0,0.0,0.0,0.0,0.0,0.0,0.0,0.0,0.0,0.0,0.0,0.0,0.0,0.0,0.0,0.9949748743718595,8.77386934673367,14.804020100502516,5.427135678391961,0.4043,0.00808,0.0,0.0,0.0,0.0,0.0,0.0,0.0,0.0,0.0,0.0,0.0,8.964577656675736,21.035422343324253,0.0,0.0,0.0,0.0,0.0,0.0,0.0,0.0,0.0,0.0,0.0,0.0,0.0,0.0,0.0,0.0,0.0,0.4043,0.00802,0.0,0.0,0.0,0.0,0.0,0.0,0.0,0.0,0.0,0.0,0.0,9.16582914572863,20.83417085427136,0.0,0.0,0.0,0.0,0.0,0.0,0.0,0.0,0.0,0.0,0.0,0.0,0.0,0.0,0.0,0.0,0.0
2700,2205,1121,0.508390022675737,494,449,0.42766439909297055,614,0.5569160997732426,0.438,3.1162361623616235,3.176736565442586,6.664615384615384,2.214944400707352,8294.784154623068,434.45130737027415,7853.0,8737.053217196464,8721.986673455724,5.72019468312439,7853.0,0.0,27.587755102040816,20.8832655436761,32.614549402823016,19.181066630611298,0.1401360544217687,0.10158730158730159,0.10430839002267574,0.08390022675736962,0.07437641723356009,0.07800453514739229,0.07301587301587302,0.06394557823129252,0.050793650793650794,0.04943310657596372,0.04897959183673469,0.041723356009070296,0.03219954648526077,0.019954648526077097,0.01904761904761905,0.012244897959183673,0.006349206349206349,0.943547445522144,0.023486774556557875,0.0,0.0,0.0,0.0,0.0,0.0,0.0,0.0,0.0,0.0,0.0,0.0,0.0,0.0,0.0,0.0,0.0,0.0,0.0,0.0,0.0,0.0,0.0,0.0,0.0,0.04081632653061225,0.9115646258503404,8.721088435374151,15.360544217687078,4.965986394557824,4.390121689334288,2.9213483319892917,nan,nan,nan,4.328147100424328,2.868122084140673,4.455732946298984,2.9751998273834133,1.029478167657968,0.405,0.008255,0.0,0.0,0.0,0.0,0.0,0.0,0.0,0.0,0.0,0.0,0.0,8.476190476190464,21.523809523809526,0.0,0.0,0.0,0.0,0.0,0.0,0.0,0.0,0.0,0.0,0.0,0.0,0.0,0.0,0.0,0.0,0.0,nan,nan,4.390121689334288,2.9213483319892917,nan,0.405,0.0365,0.0,0.0,0.0,0.0,0.0,0.0,0.0,0.0,0.0,0.0,0.0,0.0,0.0,0.0,0.0,0.0,0.0,0.0,0.0,0.0,0.0,0.0,0.0,0.0,0.0,0.0,0.0,0.0012244897959183673,0.0,0.00013605442176870748,0.0028117913832199546,0.0005895691609977325,0.006258503401360544,0.006303854875283447,0.029569160997732425,0.04909297052154195,0.053038548752834466,0.06467120181405896,0.09287981859410431,0.08226757369614512,0.1517687074829932,0.09866213151927437,0.07226757369614513,0.08240362811791384,0.06786848072562358,0.050748299319727894,0.027891156462585033,0.030975056689342403,0.005963718820861678,0.007868480725623583,0.013333333333333334,0.00024943310657596373,0.00018140589569160998,0.0,0.0009750566893424037,0.0,0.0,0.0,0.0,0.0,0.0,0.0,0.0,0.0,0.0,0.0,0.0,0.0,0.0,0.0,0.0,0.0,0.0,0.0,0.0,0.0,0.0,0.0,0.0,0.0,0.0,0.0,0.0,0.0,0.0,0.0,0.0,0.0,0.0,0.0,0.0,0.0,0.0,0.0,0.0,0.0,0.0,0.0,0.0,0.0,0.0,nan,nan,4.390121689334288,2.9213483319892917,nan,0.9430263573096119,0.02401573859092827,0.0,0.0,0.0,0.0,0.0,0.0,0.0,0.0,0.0,0.0,0.0,0.0,0.0,0.0,0.0,0.0,0.0,0.0,0.0,0.0,0.0,0.0,0.0,0.0,0.0,0.08028545941123998,0.9634255129348798,8.965209634255132,15.013380909901876,4.977698483496878,0.9440863199559525,0.022914462927775638,0.0,0.0,0.0,0.0,0.0,0.0,0.0,0.0,0.0,0.0,0.0,0.0,0.0,0.0,0.0,0.0,0.0,0.0,0.0,0.0,0.0,0.0,0.0,0.0,0.0,0.0,0.8579335793357936,8.468634686346865,15.719557195571959,4.953874538745389,0.405,0.00843,0.0,0.0,0.0,0.0,0.0,0.0,0.0,0.0,0.0,0.0,0.0,8.670829616413902,21.32917038358609,0.0,0.0,0.0,0.0,0.0,0.0,0.0,0.0,0.0,0.0,0.0,0.0,0.0,0.0,0.0,0.0,0.0,0.405,0.00807,0.0,0.0,0.0,0.0,0.0,0.0,0.0,0.0,0.0,0.0,0.0,8.27490774907748,21.72509225092251,0.0,0.0,0.0,0.0,0.0,0.0,0.0,0.0,0.0,0.0,0.0,0.0,0.0,0.0,0.0,0.0,0.0
2800,2424,1259,0.5193894389438944,545,485,0.4249174917491749,685,0.5651815181518152,0.414,2.9802575107296136,3.092361615799933,6.482142857142857,2.192989952547159,8304.210539552998,434.0572628676257,7853.0,8738.62850459814,8721.73260355557,5.436649261535068,7853.0,0.0,27.997524752475247,20.991708102359556,32.817514677103716,19.333373254973512,0.13655115511551155,0.11014851485148515,0.0952970297029703,0.08622112211221122,0.07054455445544554,0.07260726072607261,0.06724422442244224,0.06105610561056106,0.06146864686468647,0.05198019801980198,0.04826732673267327,0.040429042904290426,0.03547854785478548,0.03176567656765677,0.015264026402640265,0.009488448844884489,0.006188118811881188,0.9421807847203988,0.02338708835162127,0.0,0.0,0.0,0.0,0.0,0.0,0.0,0.0,0.0,0.0,0.0,0.0,0.0,0.0,0.0,0.0,0.0,0.0,0.0,0.0,0.0,0.0,0.0,0.0,0.0,0.0,1.113861386138614,9.331683168316832,14.987623762376241,4.566831683168318,4.441253263707572,2.8675861149158215,nan,nan,nan,4.286085825747724,2.8392248613274904,4.597640891218873,2.8874646040403853,1.0726898802631413,0.4053,0.007748,0.0,0.0,0.0,0.0,0.0,0.0,0.0,0.0,0.0,0.0,0.0,7.438118811881178,22.561881188118818,0.0,0.0,0.0,0.0,0.0,0.0,0.0,0.0,0.0,0.0,0.0,0.0,0.0,0.0,0.0,0.0,0.0,nan,nan,4.441253263707572,2.8675861149158215,nan,0.4053,0.03586,0.0,0.0,0.0,0.0,0.0,0.0,0.0,0.0,0.0,0.0,0.0,0.0,0.0,0.0,0.0,0.0,0.0,0.0,0.0,0.0,0.0,0.0,0.0,0.0,4.1254125412541255e-05,0.0,0.0,0.0009282178217821782,0.0,0.0,0.0022483498349834983,0.00041254125412541255,0.005445544554455445,0.005713696369636963,0.03065181518151815,0.04942244224422442,0.05261963696369637,0.0596947194719472,0.09038778877887789,0.08599422442244224,0.15482673267326733,0.10004125412541254,0.07258663366336633,0.08228135313531353,0.0714108910891089,0.050474422442244225,0.027784653465346535,0.030816831683168316,0.005878712871287129,0.008622112211221122,0.010581683168316832,0.00035066006600660066,2.0627062706270627e-05,6.188118811881188e-05,0.0007013201320132013,0.0,0.0,0.0,0.0,0.0,0.0,0.0,0.0,0.0,0.0,0.0,0.0,0.0,0.0,0.0,0.0,0.0,0.0,0.0,0.0,0.0,0.0,0.0,0.0,0.0,0.0,0.0,0.0,0.0,0.0,0.0,0.0,0.0,0.0,0.0,0.0,0.0,0.0,0.0,0.0,0.0,0.0,0.0,0.0,0.0,0.0,nan,nan,4.441253263707572,2.8675861149158215,nan,0.9415299829932978,0.02344327949239049,0.0,0.0,0.0,0.0,0.0,0.0,0.0,0.0,0.0,0.0,0.0,0.0,0.0,0.0,0.0,0.0,0.0,0.0,0.0,0.0,0.0,0.0,0.0,0.0,0.0,0.0,1.2152501985702941,9.31691818903892,15.27402700555997,4.193804606830819,0.9428840974881414,0.02330578813541107,0.0,0.0,0.0,0.0,0.0,0.0,0.0,0.0,0.0,0.0,0.0,0.0,0.0,0.0,0.0,0.0,0.0,0.0,0.0,0.0,0.0,0.0,0.0,0.0,0.0,0.0,1.0042918454935623,9.347639484978542,14.678111587982835,4.969957081545065,0.4053,0.007797,0.0,0.0,0.0,0.0,0.0,0.0,0.0,0.0,0.0,0.0,0.0,7.505957108816511,22.494042891183486,0.0,0.0,0.0,0.0,0.0,0.0,0.0,0.0,0.0,0.0,0.0,0.0,0.0,0.0,0.0,0.0,0.0,0.4053,0.0077,0.0,0.0,0.0,0.0,0.0,0.0,0.0,0.0,0.0,0.0,0.0,7.364806866952779,22.635193133047217,0.0,0.0,0.0,0.0,0.0,0.0,0.0,0.0,0.0,0.0,0.0,0.0,0.0,0.0,0.0,0.0,0.0
2900,2355,1208,0.5129511677282378,547,481,0.4365180467091295,648,0.5503184713375796,0.446,3.016564952048823,3.211341777532909,6.865771812080537,2.254474203557773,8298.845069481746,434.4598069932747,7853.0,8742.7588052392,8722.176439262837,5.429210967327815,7853.0,0.0,27.260297239915076,20.814124693298215,32.44216990788127,19.073739968787574,0.1494692144373673,0.09766454352441614,0.10063694267515924,0.09214437367303609,0.07770700636942675,0.06709129511677282,0.07261146496815286,0.06326963906581741,0.053927813163481955,0.050955414012738856,0.04670912951167728,0.03779193205944798,0.03227176220806794,0.022929936305732482,0.01740976645435244,0.011040339702760084,0.006369426751592357,0.943151439780136,0.023308687419376424,0.0,0.0,0.0,0.0,0.0,0.0,0.0,0.0,0.0,0.0,0.0,0.0,0.0,0.0,0.0,0.0,0.0,0.0,0.0,0.0,0.0,0.0,0.0,0.0,0.0,0.038216560509554146,0.8917197452229302,9.031847133757964,15.031847133757966,5.0063694267515935,4.465669612508497,2.9542185803382637,nan,nan,nan,4.499304589707927,2.958157353268517,4.434087882822903,2.9520101594717025,0.9855051585006699,0.4058,0.00791,0.0,0.0,0.0,0.0,0.0,0.0,0.0,0.0,0.0,0.0,0.0,7.197452229299352,22.78980891719746,0.012738853503184716,0.0,0.0,0.0,0.0,0.0,0.0,0.0,0.0,0.0,0.0,0.0,0.0,0.0,0.0,0.0,0.0,nan,nan,4.465669612508497,2.9542185803382637,nan,0.4058,0.03616,0.0,0.0,0.0,0.0,0.0,0.0,0.0,0.0,0.0,0.0,0.0,0.0,0.0,0.0,0.0,0.0,0.0,0.0,0.0,0.0,0.0,0.0,0.0,0.0,0.0,0.0,0.0,0.0009766454352441614,0.0,0.0,0.0027176220806794057,0.00044585987261146497,0.004267515923566879,0.006114649681528662,0.03397027600849257,0.04721868365180467,0.05070063694267516,0.05885350318471338,0.0873036093418259,0.08254777070063694,0.1580891719745223,0.09524416135881104,0.0762420382165605,0.08375796178343949,0.07116772823779194,0.053821656050955416,0.02842887473460722,0.031040339702760086,0.004713375796178344,0.009532908704883228,0.011549893842887474,0.00036093418259023355,0.0,0.00021231422505307856,0.0007218683651804671,0.0,0.0,0.0,0.0,0.0,0.0,0.0,0.0,0.0,0.0,0.0,0.0,0.0,0.0,0.0,0.0,0.0,0.0,0.0,0.0,0.0,0.0,0.0,0.0,0.0,0.0,0.0,0.0,0.0,0.0,0.0,0.0,0.0,0.0,0.0,0.0,0.0,0.0,0.0,0.0,0.0,0.0,0.0,0.0,0.0,0.0,nan,nan,4.465669612508497,2.9542185803382637,nan,0.9430125020197685,0.02329732655149477,0.0,0.0,0.0,0.0,0.0,0.0,0.0,0.0,0.0,0.0,0.0,0.0,0.0,0.0,0.0,0.0,0.0,0.0,0.0,0.0,0.0,0.0,0.0,0.0,0.0,0.02483443708609272,0.9685430463576161,8.965231788079471,15.099337748344373,4.942052980132451,0.9432977665582738,0.02331975152768622,0.0,0.0,0.0,0.0,0.0,0.0,0.0,0.0,0.0,0.0,0.0,0.0,0.0,0.0,0.0,0.0,0.0,0.0,0.0,0.0,0.0,0.0,0.0,0.0,0.0,0.05231037489102006,0.810810810810811,9.102005231037491,14.960767218831737,5.074106364428946,0.4058,0.00776,0.0,0.0,0.0,0.0,0.0,0.0,0.0,0.0,0.0,0.0,0.0,6.95364238410595,23.021523178807954,0.02483443708609272,0.0,0.0,0.0,0.0,0.0,0.0,0.0,0.0,0.0,0.0,0.0,0.0,0.0,0.0,0.0,0.0,0.4058,0.00808,0.0,0.0,0.0,0.0,0.0,0.0,0.0,0.0,0.0,0.0,0.0,7.454228421970346,22.545771578029647,0.0,0.0,0.0,0.0,0.0,0.0,0.0,0.0,0.0,0.0,0.0,0.0,0.0,0.0,0.0,0.0,0.0
3000,2472,1221,0.49393203883495146,561,510,0.433252427184466,719,0.5817152103559871,0.40199999999999997,2.888888888888889,3.084677010423868,6.497237569060774,2.2437742211986564,8282.330530627354,434.59038759220516,7853.0,8740.163022899627,8722.209722940883,5.554302461947719,7853.0,0.0,28.278721682847895,21.009407670461343,33.094348659003835,19.30527608032169,0.13511326860841424,0.10315533980582524,0.0983009708737864,0.07564724919093851,0.08292880258899676,0.0796925566343042,0.05946601941747573,0.05906148867313916,0.06351132686084142,0.05218446601941747,0.054207119741100325,0.03762135922330097,0.034385113268608415,0.02669902912621359,0.01982200647249191,0.011731391585760517,0.006472491909385114,0.9432662729306515,0.023443006023627186,0.0,0.0,0.0,0.0,0.0,0.0,0.0,0.0,0.0,0.0,0.0,0.0,0.0,0.0,0.0,0.0,0.0,0.0,0.0,0.0,0.0,0.0,0.0,0.0,0.0,0.02427184466019418,0.9101941747572817,9.308252427184467,14.854368932038838,4.902912621359224,4.354414527238572,2.8838289201712164,nan,nan,nan,4.3957286432160805,2.9391537849509723,4.313358302122347,2.8271792752478797,0.9812612770761326,0.4058,0.00813,0.0,0.0,0.0,0.0,0.0,0.0,0.0,0.0,0.0,0.0,0.0,7.354368932038825,22.645631067961173,0.0,0.0,0.0,0.0,0.0,0.0,0.0,0.0,0.0,0.0,0.0,0.0,0.0,0.0,0.0,0.0,0.0,nan,nan,4.354414527238572,2.8838289201712164,nan,0.4058,0.03644,0.0,0.0,0.0,0.0,0.0,0.0,0.0,0.0,0.0,0.0,0.0,0.0,0.0,0.0,0.0,0.0,0.0,0.0,0.0,0.0,0.0,0.0,0.0,0.0,0.0,0.0,0.0,0.0007483818770226537,0.0,0.0,0.004004854368932039,0.0006674757281553398,0.003175566343042071,0.00718042071197411,0.03505258899676376,0.04589401294498382,0.05196197411003236,0.05716019417475728,0.08891585760517799,0.08042071197411003,0.16051779935275082,0.09425566343042072,0.07611245954692557,0.08127022653721683,0.06963996763754045,0.05370145631067961,0.027993527508090615,0.032261326860841426,0.006047734627831715,0.010861650485436893,0.011205501618122978,0.00022249190938511328,0.0,0.0005056634304207119,0.00022249190938511328,0.0,0.0,0.0,0.0,0.0,0.0,0.0,0.0,0.0,0.0,0.0,0.0,0.0,0.0,0.0,0.0,0.0,0.0,0.0,0.0,0.0,0.0,0.0,0.0,0.0,0.0,0.0,0.0,0.0,0.0,0.0,0.0,0.0,0.0,0.0,0.0,0.0,0.0,0.0,0.0,0.0,0.0,0.0,0.0,0.0,0.0,nan,nan,4.354414527238572,2.8838289201712164,nan,0.9433109913079295,0.023842022733184576,0.0,0.0,0.0,0.0,0.0,0.0,0.0,0.0,0.0,0.0,0.0,0.0,0.0,0.0,0.0,0.0,0.0,0.0,0.0,0.0,0.0,0.0,0.0,0.0,0.0,0.024570024570024575,1.0565110565110567,9.115479115479117,14.717444717444721,5.085995085995087,0.9432226269365215,0.0230468135870977,0.0,0.0,0.0,0.0,0.0,0.0,0.0,0.0,0.0,0.0,0.0,0.0,0.0,0.0,0.0,0.0,0.0,0.0,0.0,0.0,0.0,0.0,0.0,0.0,0.0,0.02398081534772183,0.7673860911270985,9.496402877697843,14.988009592326142,4.7242206235012,0.4058,0.00791,0.0,0.0,0.0,0.0,0.0,0.0,0.0,0.0,0.0,0.0,0.0,7.174447174447164,22.825552825552833,0.0,0.0,0.0,0.0,0.0,0.0,0.0,0.0,0.0,0.0,0.0,0.0,0.0,0.0,0.0,0.0,0.0,0.4058,0.00833,0.0,0.0,0.0,0.0,0.0,0.0,0.0,0.0,0.0,0.0,0.0,7.529976019184642,22.470023980815352,0.0,0.0,0.0,0.0,0.0,0.0,0.0,0.0,0.0,0.0,0.0,0.0,0.0,0.0,0.0,0.0,0.0
3100,2521,1323,0.5247917493058311,625,506,0.44863149543831815,706,0.5600952003173344,0.40199999999999997,2.9524207011686143,3.06064032221071,6.450581395348837,2.1628200016769465,8309.342452143232,434.2680421055907,7853.0,8742.104492866993,8722.568648415026,5.53483812691587,7853.0,0.0,28.52955176517255,21.28794345283752,33.69810426540285,19.416520698287925,0.14518048393494645,0.09321697738992463,0.09044030146767155,0.08766362554541848,0.07695358984529949,0.06822689408964697,0.06584688615628718,0.06822689408964697,0.06029353431178104,0.04641015470051567,0.049980166600555334,0.04720349067830226,0.030543435144783818,0.03292344307814359,0.015470051566838556,0.012693375644585482,0.00872669575565252,0.943527261755004,0.02341771162363212,0.0,0.0,0.0,0.0,0.0,0.0,0.0,0.0,0.0,0.0,0.0,0.0,0.0,0.0,0.0,0.0,0.0,0.0,0.0,0.0,0.0,0.0,0.0,0.0,0.0,0.023800079333597783,0.9520031733439114,8.782229274097581,15.25585085283618,4.986116620388736,4.145795523290986,2.928866623259971,nan,nan,nan,4.077205882352941,2.8748691422503803,4.208133971291866,2.9779461888326315,1.0321122093700519,0.406,0.00834,0.0,0.0,0.0,0.0,0.0,0.0,0.0,0.0,0.0,0.0,0.0,7.270924236414111,22.717175723919084,0.011900039666798892,0.0,0.0,0.0,0.0,0.0,0.0,0.0,0.0,0.0,0.0,0.0,0.0,0.0,0.0,0.0,0.0,nan,nan,4.145795523290986,2.928866623259971,nan,0.406,0.03647,0.0,0.0,0.0,0.0,0.0,0.0,0.0,0.0,0.0,0.0,0.0,0.0,0.0,0.0,0.0,0.0,0.0,0.0,0.0,0.0,0.0,0.0,0.0,0.0,0.0,0.0,0.0,0.0001388337961126537,9.916699722332408e-05,0.0,0.004720349067830226,0.0006148353827846092,0.002380007933359778,0.008508528361761206,0.03625545418484728,0.04428798095993653,0.0475208250694169,0.060472034906783025,0.09038080126933756,0.07840142800476002,0.15924236414121382,0.09270130900436335,0.08097976993256645,0.07641808806029353,0.07217374057913527,0.052122173740579134,0.029988099960333203,0.03379611265370885,0.005513685045616818,0.01182070606902023,0.010848869496231654,9.916699722332408e-05,0.0,0.0003570011900039667,0.00015866719555731853,0.0,0.0,0.0,0.0,0.0,0.0,0.0,0.0,0.0,0.0,0.0,0.0,0.0,0.0,0.0,0.0,0.0,0.0,0.0,0.0,0.0,0.0,0.0,0.0,0.0,0.0,0.0,0.0,0.0,0.0,0.0,0.0,0.0,0.0,0.0,0.0,0.0,0.0,0.0,0.0,0.0,0.0,0.0,0.0,0.0,0.0,nan,nan,4.145795523290986,2.928866623259971,nan,0.9444482127825419,0.02356931247915032,0.0,0.0,0.0,0.0,0.0,0.0,0.0,0.0,0.0,0.0,0.0,0.0,0.0,0.0,0.0,0.0,0.0,0.0,0.0,0.0,0.0,0.0,0.0,0.0,0.0,0.022675736961451254,0.90702947845805,8.458049886621316,15.147392290249435,5.464852607709752,0.9425102181745093,0.023206716125007763,0.0,0.0,0.0,0.0,0.0,0.0,0.0,0.0,0.0,0.0,0.0,0.0,0.0,0.0,0.0,0.0,0.0,0.0,0.0,0.0,0.0,0.0,0.0,0.0,0.0,0.025041736227045083,1.0016694490818032,9.140233722871454,15.37562604340568,4.457429048414024,0.406,0.00835,0.0,0.0,0.0,0.0,0.0,0.0,0.0,0.0,0.0,0.0,0.0,6.89342403628117,23.083900226757375,0.022675736961451254,0.0,0.0,0.0,0.0,0.0,0.0,0.0,0.0,0.0,0.0,0.0,0.0,0.0,0.0,0.0,0.0,0.4058,0.00832,0.0,0.0,0.0,0.0,0.0,0.0,0.0,0.0,0.0,0.0,0.0,7.687813021702827,22.312186978297166,0.0,0.0,0.0,0.0,0.0,0.0,0.0,0.0,0.0,0.0,0.0,0.0,0.0,0.0,0.0,0.0,0.0
3200,2535,1322,0.5214990138067062,600,530,0.4457593688362919,717,0.565680473372781,0.39799999999999996,2.9084913437757627,3.077032775263977,6.648648648648648,2.0649308984300094,8306.293889534316,434.2227650801317,7853.0,8747.531034374237,8722.213320703093,5.482134512054967,7853.0,0.0,27.209072978303748,20.74930850131258,32.249526515151516,19.07525342784253,0.14437869822485208,0.10295857988165681,0.09270216962524655,0.09585798816568047,0.07810650887573964,0.08560157790927021,0.06587771203155819,0.05601577909270217,0.05601577909270217,0.052465483234714005,0.04299802761341223,0.03471400394477318,0.030374753451676527,0.028402366863905324,0.014201183431952662,0.013806706114398421,0.005522682445759369,0.9433584460375106,0.023039629366558605,0.0,0.0,0.0,0.0,0.0,0.0,0.0,0.0,0.0,0.0,0.0,0.0,0.0,0.0,0.0,0.0,0.0,0.0,0.0,0.0,0.0,0.0,0.0,0.0,0.0,0.011834319526627222,0.9112426035502961,8.970414201183434,15.301775147928996,4.8047337278106514,4.290502793296089,2.9136171546906526,nan,nan,nan,4.187185929648241,2.9358957816664835,4.386977886977887,2.8871276556896674,1.0477150909194113,0.4058,0.00794,0.0,0.0,0.0,0.0,0.0,0.0,0.0,0.0,0.0,0.0,0.0,7.183431952662712,22.804733727810657,0.011834319526627222,0.0,0.0,0.0,0.0,0.0,0.0,0.0,0.0,0.0,0.0,0.0,0.0,0.0,0.0,0.0,0.0,nan,nan,4.290502793296089,2.9136171546906526,nan,0.4058,0.03604,0.0,0.0,0.0,0.0,0.0,0.0,0.0,0.0,0.0,0.0,0.0,0.0,0.0,0.0,0.0,0.0,0.0,0.0,0.0,0.0,0.0,0.0,0.0,0.0,0.0,0.0,0.0,0.0,3.944773175542406e-05,9.861932938856015e-05,0.005187376725838264,0.000571992110453649,0.0021893491124260357,0.0076528599605522685,0.03603550295857988,0.04266272189349112,0.04542406311637081,0.060532544378698226,0.09504930966469428,0.07877712031558186,0.16161735700197238,0.09593688362919132,0.0823076923076923,0.07220907297830374,0.07053254437869823,0.052642998027613415,0.029388560157790927,0.03428007889546351,0.005502958579881657,0.010650887573964497,0.010433925049309664,0.00015779092702169624,0.0,9.861932938856015e-05,1.972386587771203e-05,0.0,0.0,0.0,0.0,0.0,0.0,0.0,0.0,0.0,0.0,0.0,0.0,0.0,0.0,0.0,0.0,0.0,0.0,0.0,0.0,0.0,0.0,0.0,0.0,0.0,0.0,0.0,0.0,0.0,0.0,0.0,0.0,0.0,0.0,0.0,0.0,0.0,0.0,0.0,0.0,0.0,0.0,0.0,0.0,0.0,0.0,nan,nan,4.290502793296089,2.9136171546906526,nan,0.9431852184788362,0.02301796629439488,0.0,0.0,0.0,0.0,0.0,0.0,0.0,0.0,0.0,0.0,0.0,0.0,0.0,0.0,0.0,0.0,0.0,0.0,0.0,0.0,0.0,0.0,0.0,0.0,0.0,0.0,0.9757942511346447,8.895612708018156,15.340393343419064,4.788199697428141,0.943547239798902,0.023061734119074934,0.0,0.0,0.0,0.0,0.0,0.0,0.0,0.0,0.0,0.0,0.0,0.0,0.0,0.0,0.0,0.0,0.0,0.0,0.0,0.0,0.0,0.0,0.0,0.0,0.0,0.024732069249793907,0.8408903544929928,9.05193734542457,15.259686727122839,4.822753503709811,0.4058,0.007835,0.0,0.0,0.0,0.0,0.0,0.0,0.0,0.0,0.0,0.0,0.0,6.966717095310127,23.03328290468987,0.0,0.0,0.0,0.0,0.0,0.0,0.0,0.0,0.0,0.0,0.0,0.0,0.0,0.0,0.0,0.0,0.0,0.4058,0.00804,0.0,0.0,0.0,0.0,0.0,0.0,0.0,0.0,0.0,0.0,0.0,7.419620774938159,22.555647155812043,0.024732069249793907,0.0,0.0,0.0,0.0,0.0,0.0,0.0,0.0,0.0,0.0,0.0,0.0,0.0,0.0,0.0,0.0
3300,2377,1293,0.5439629785443837,629,446,0.45225073622212875,624,0.5250315523769458,0.45,3.0304428044280445,3.130022957641581,6.6210191082802545,2.0533499689960975,8325.651989950464,432.79003984365255,7853.0,8737.988582873344,8721.904702329659,5.685823997850087,7853.0,0.0,28.56079091291544,20.95156850570919,33.39930382894082,19.138173794374165,0.1363062684055532,0.09507782919646614,0.09465713083718974,0.07614640302902818,0.07824989482541019,0.08035338662179217,0.06983592763988221,0.061421960454354226,0.05847707193941944,0.05805637358014304,0.054690786705931846,0.04249053428691628,0.033655868742111905,0.02440050483803113,0.016827934371055953,0.01093815734118637,0.008413967185527976,0.9419504034203243,0.024044734411372483,0.0,0.0,0.0,0.0,0.0,0.0,0.0,0.0,0.0,0.0,0.0,0.0,0.0,0.0,0.0,0.0,0.0,0.0,0.0,0.0,0.0,0.0,0.0,0.0,0.0,0.0378628523348759,1.135885570046277,9.655027345393355,14.551956247370638,4.61926798485486,4.123393316195373,2.8893818201971713,nan,nan,nan,4.12077922077922,2.9311952999282513,4.125954198473282,2.847821928836183,1.0012558250313355,0.4058,0.0082,0.0,0.0,0.0,0.0,0.0,0.0,0.0,0.0,0.0,0.0,0.0,7.58519141775346,22.402187631468244,0.012620950778291968,0.0,0.0,0.0,0.0,0.0,0.0,0.0,0.0,0.0,0.0,0.0,0.0,0.0,0.0,0.0,0.0,nan,nan,4.123393316195373,2.8893818201971713,nan,0.4058,0.03625,0.0,0.0,0.0,0.0,0.0,0.0,0.0,0.0,0.0,0.0,0.0,0.0,0.0,0.0,0.0,0.0,0.0,0.0,0.0,0.0,0.0,0.0,0.0,0.0,0.0,0.0,0.0,0.0,0.0,0.0,0.006268405553218342,0.0008624316365166176,0.0019983172065628943,0.007972233908287758,0.036958350862431634,0.04101809002944889,0.04882204459402608,0.059739167017248636,0.0940891880521666,0.07334875893984014,0.16146403029028186,0.09871687000420698,0.08273033235170382,0.07164493058477071,0.06958350862431636,0.05357593605384939,0.029070256625999158,0.0357593605384939,0.005469078670593185,0.010117795540597392,0.01062263357172907,0.00016827934371055952,0.0,0.0,0.0,0.0,0.0,0.0,0.0,0.0,0.0,0.0,0.0,0.0,0.0,0.0,0.0,0.0,0.0,0.0,0.0,0.0,0.0,0.0,0.0,0.0,0.0,0.0,0.0,0.0,0.0,0.0,0.0,0.0,0.0,0.0,0.0,0.0,0.0,0.0,0.0,0.0,0.0,0.0,0.0,0.0,0.0,0.0,0.0,0.0,0.0,nan,nan,4.123393316195373,2.8893818201971713,nan,0.9420146691826823,0.024431281976796244,0.0,0.0,0.0,0.0,0.0,0.0,0.0,0.0,0.0,0.0,0.0,0.0,0.0,0.0,0.0,0.0,0.0,0.0,0.0,0.0,0.0,0.0,0.0,0.0,0.0,0.04640371229698377,1.2529002320185618,9.651972157772624,14.385150812064968,4.663573085846869,0.9418737469344122,0.023575142410081653,0.0,0.0,0.0,0.0,0.0,0.0,0.0,0.0,0.0,0.0,0.0,0.0,0.0,0.0,0.0,0.0,0.0,0.0,0.0,0.0,0.0,0.0,0.0,0.0,0.0,0.027675276752767534,0.9963099630996312,9.658671586715869,14.750922509225095,4.5664206642066425,0.4055,0.00816,0.0,0.0,0.0,0.0,0.0,0.0,0.0,0.0,0.0,0.0,0.0,8.074245939675162,21.92575406032483,0.0,0.0,0.0,0.0,0.0,0.0,0.0,0.0,0.0,0.0,0.0,0.0,0.0,0.0,0.0,0.0,0.0,0.4058,0.00824,0.0,0.0,0.0,0.0,0.0,0.0,0.0,0.0,0.0,0.0,0.0,7.001845018450174,22.970479704797054,0.027675276752767534,0.0,0.0,0.0,0.0,0.0,0.0,0.0,0.0,0.0,0.0,0.0,0.0,0.0,0.0,0.0,0.0
3400,2519,1293,0.5132989281460897,599,537,0.45097260817784834,716,0.5684795553791187,0.434,2.9486133768352367,3.2047785796348927,6.901898734177215,2.1888373747349004,8299.127746641901,434.433659156477,7853.0,8740.919284427166,8722.138278260594,5.560177558726779,7853.0,0.0,27.00198491464867,20.568990312491227,32.129124820659975,18.82392344538652,0.14926558157999206,0.10321556173084558,0.09487892020643113,0.09130607383882493,0.07701468836840016,0.07701468836840016,0.06431123461691148,0.06629614926558158,0.05795950774116713,0.048828900357284634,0.048828900357284634,0.03691941246526399,0.03215561730845574,0.0222310440651052,0.013894402540690751,0.009527590313616514,0.006351726875744343,0.9432793616207406,0.023419804551464498,0.0,0.0,0.0,0.0,0.0,0.0,0.0,0.0,0.0,0.0,0.0,0.0,0.0,0.0,0.0,0.0,0.0,0.0,0.0,0.0,0.0,0.0,0.0,0.0,0.0,0.0,0.940849543469631,9.337038507344186,14.7677649861056,4.954346963080589,4.383207070707071,3.013688604953533,nan,nan,nan,4.320561941251596,2.919205562240854,4.444444444444445,3.1020467202967126,1.0286727756429206,0.4055,0.00807,0.0,0.0,0.0,0.0,0.0,0.0,0.0,0.0,0.0,0.0,0.0,7.538705835649056,22.44938467645892,0.011909487892020646,0.0,0.0,0.0,0.0,0.0,0.0,0.0,0.0,0.0,0.0,0.0,0.0,0.0,0.0,0.0,0.0,nan,nan,4.383207070707071,3.013688604953533,nan,0.4055,0.03613,0.0,0.0,0.0,0.0,0.0,0.0,0.0,0.0,0.0,0.0,0.0,0.0,0.0,0.0,0.0,0.0,0.0,0.0,0.0,0.0,0.0,0.0,0.0,0.0,0.0,0.0,0.0,1.984914648670107e-05,0.0,0.0,0.005319571258435888,0.00111155220325526,0.0023223501389440255,0.00704644700277888,0.03741564112743152,0.039857086145295754,0.0500595474394601,0.061234616911472806,0.09608971814211989,0.07330289797538705,0.1648471615720524,0.09759825327510917,0.08044859071059944,0.0741365621278285,0.06443032949583168,0.05327510917030567,0.029734021437078206,0.03281063914251687,0.00666931321953156,0.010917030567685589,0.011075823739579198,0.00025803890432711394,0.0,1.984914648670107e-05,0.0,0.0,0.0,0.0,0.0,0.0,0.0,0.0,0.0,0.0,0.0,0.0,0.0,0.0,0.0,0.0,0.0,0.0,0.0,0.0,0.0,0.0,0.0,0.0,0.0,0.0,0.0,0.0,0.0,0.0,0.0,0.0,0.0,0.0,0.0,0.0,0.0,0.0,0.0,0.0,0.0,0.0,0.0,0.0,0.0,0.0,0.0,nan,nan,4.383207070707071,3.013688604953533,nan,0.9427535620569168,0.023722848854500014,0.0,0.0,0.0,0.0,0.0,0.0,0.0,0.0,0.0,0.0,0.0,0.0,0.0,0.0,0.0,0.0,0.0,0.0,0.0,0.0,0.0,0.0,0.0,0.0,0.0,0.0,1.0208816705336428,9.675174013921117,14.292343387471,5.011600928074247,0.9438338957447406,0.023082918236130293,0.0,0.0,0.0,0.0,0.0,0.0,0.0,0.0,0.0,0.0,0.0,0.0,0.0,0.0,0.0,0.0,0.0,0.0,0.0,0.0,0.0,0.0,0.0,0.0,0.0,0.0,0.8564437194127245,8.980424143556283,15.269168026101145,4.893964110929854,0.4058,0.008125,0.0,0.0,0.0,0.0,0.0,0.0,0.0,0.0,0.0,0.0,0.0,7.354988399071915,22.64501160092808,0.0,0.0,0.0,0.0,0.0,0.0,0.0,0.0,0.0,0.0,0.0,0.0,0.0,0.0,0.0,0.0,0.0,0.4053,0.008,0.0,0.0,0.0,0.0,0.0,0.0,0.0,0.0,0.0,0.0,0.0,7.732463295269156,22.243066884176187,0.02446982055464927,0.0,0.0,0.0,0.0,0.0,0.0,0.0,0.0,0.0,0.0,0.0,0.0,0.0,0.0,0.0,0.0
3500,2723,1410,0.5178112376055821,634,571,0.44252662504590523,759,0.5574733749540948,0.41,2.8545316070068547,3.039623520718685,6.329376854599406,2.3343895110152206,8302.855212741277,434.12390748287015,7853.0,8741.364998424053,8721.76293921595,5.513825160126182,7853.0,0.0,27.78846860080793,21.13229022174792,33.02298850574713,19.367459795697933,0.14689680499449137,0.09731913330885053,0.09144326110907088,0.09364671318398825,0.07895703268453912,0.07344840249724569,0.06243114212265883,0.06500183621006243,0.055453543885420495,0.056922511935365405,0.04627249357326478,0.03966213734851267,0.031215571061329415,0.019096584649283876,0.017627616599338966,0.015056922511935366,0.009548292324641938,0.9414520753773967,0.0229958567050073,0.0,0.0,0.0,0.0,0.0,0.0,0.0,0.0,0.0,0.0,0.0,0.0,0.0,0.0,0.0,0.0,0.0,0.0,0.0,0.0,0.0,0.0,0.0,0.0,0.0,0.011017260374586856,1.1017260374586855,9.551964744766805,15.347043701799489,3.9882482556004413,4.226252158894646,2.8272140463700612,nan,nan,nan,4.21395881006865,2.8391246802929366,4.24245939675174,2.8145144986659005,1.0067633757157264,0.4058,0.008156,0.0,0.0,0.0,0.0,0.0,0.0,0.0,0.0,0.0,0.0,0.0,7.326478149100247,22.651487330150573,0.02203452074917371,0.0,0.0,0.0,0.0,0.0,0.0,0.0,0.0,0.0,0.0,0.0,0.0,0.0,0.0,0.0,0.0,nan,nan,4.226252158894646,2.8272140463700612,nan,0.4058,0.03635,0.0,0.0,0.0,0.0,0.0,0.0,0.0,0.0,0.0,0.0,0.0,0.0,0.0,0.0,0.0,0.0,0.0,0.0,0.0,0.0,0.0,0.0,0.0,0.0,0.0,0.0,0.0,0.0,0.0,1.8362100624311422e-05,0.004443628351083364,0.0012486228424531767,0.00310319500550863,0.00802423797282409,0.037091443261109074,0.040837311788468604,0.049302240176276164,0.06059493206022769,0.09557473374954095,0.0771575468233566,0.16118251928020566,0.09280205655526992,0.08261109070877709,0.07440323172970988,0.06665442526625046,0.05332354021300037,0.028277634961439587,0.03297833272126331,0.005912596401028277,0.011439588688946015,0.012596401028277636,0.0004223283143591627,0.0,0.0,0.0,0.0,0.0,0.0,0.0,0.0,0.0,0.0,0.0,0.0,0.0,0.0,0.0,0.0,0.0,0.0,0.0,0.0,0.0,0.0,0.0,0.0,0.0,0.0,0.0,0.0,0.0,0.0,0.0,0.0,0.0,0.0,0.0,0.0,0.0,0.0,0.0,0.0,0.0,0.0,0.0,0.0,0.0,0.0,0.0,0.0,0.0,nan,nan,4.226252158894646,2.8272140463700612,nan,0.9411207808247695,0.023142796709581193,0.0,0.0,0.0,0.0,0.0,0.0,0.0,0.0,0.0,0.0,0.0,0.0,0.0,0.0,0.0,0.0,0.0,0.0,0.0,0.0,0.0,0.0,0.0,0.0,0.0,0.021276595744680857,1.0851063829787235,9.893617021276599,15.21276595744681,3.7872340425531923,0.9418078448512767,0.022831656100550175,0.0,0.0,0.0,0.0,0.0,0.0,0.0,0.0,0.0,0.0,0.0,0.0,0.0,0.0,0.0,0.0,0.0,0.0,0.0,0.0,0.0,0.0,0.0,0.0,0.0,0.0,1.1195734958111196,9.185072353389186,15.491241431835494,4.204112718964205,0.4058,0.00807,0.0,0.0,0.0,0.0,0.0,0.0,0.0,0.0,0.0,0.0,0.0,7.319148936170202,22.68085106382979,0.0,0.0,0.0,0.0,0.0,0.0,0.0,0.0,0.0,0.0,0.0,0.0,0.0,0.0,0.0,0.0,0.0,0.4055,0.00824,0.0,0.0,0.0,0.0,0.0,0.0,0.0,0.0,0.0,0.0,0.0,7.334348819497324,22.619954303122626,0.04569687738004571,0.0,0.0,0.0,0.0,0.0,0.0,0.0,0.0,0.0,0.0,0.0,0.0,0.0,0.0,0.0,0.0
3600,2645,1357,0.5130434782608696,649,534,0.4472589792060491,726,0.548960302457467,0.418,2.9091614906832297,3.0127023906150527,6.359116022099448,2.064776229047989,8298.83298926415,434.36861167738095,7853.0,8742.040461087227,8721.996504497916,5.555764495962976,7853.0,0.0,28.64461247637051,21.154682238583046,33.86521935775667,19.20019781869641,0.14291115311909264,0.09565217391304348,0.08771266540642722,0.08166351606805293,0.07448015122873346,0.07599243856332703,0.06465028355387524,0.06465028355387524,0.06086956521739131,0.0551984877126654,0.05255198487712665,0.04045368620037807,0.04234404536862004,0.02722117202268431,0.015879017013232515,0.010207939508506616,0.007561436672967864,0.941901348962225,0.023552942899335124,0.0,0.0,0.0,0.0,0.0,0.0,0.0,0.0,0.0,0.0,0.0,0.0,0.0,0.0,0.0,0.0,0.0,0.0,0.0,0.0,0.0,0.0,0.0,0.0,0.0,0.011342155009451798,1.2022684310018907,9.538752362948964,14.756143667296788,4.491493383742911,4.178922987840186,2.8002101828587964,nan,nan,nan,4.1287703016241295,2.7347354238006156,4.231481481481482,2.863746838210523,1.0248769421289794,0.4055,0.00829,0.0,0.0,0.0,0.0,0.0,0.0,0.0,0.0,0.0,0.0,0.0,7.916824196597343,22.0718336483932,0.011342155009451798,0.0,0.0,0.0,0.0,0.0,0.0,0.0,0.0,0.0,0.0,0.0,0.0,0.0,0.0,0.0,0.0,nan,nan,4.178922987840186,2.8002101828587964,nan,0.4055,0.03622,0.0,0.0,0.0,0.0,0.0,0.0,0.0,0.0,0.0,0.0,0.0,0.0,0.0,0.0,0.0,0.0,0.0,0.0,0.0,0.0,0.0,0.0,0.0,0.0,0.0,5.671077504725898e-05,0.0,1.8903591682419658e-05,1.8903591682419658e-05,3.7807183364839316e-05,0.005141776937618148,0.0013232514177693763,0.0027599243856332705,0.009603024574669187,0.03561436672967864,0.03826086956521739,0.05020793950850662,0.06187145557655955,0.09345935727788279,0.07714555765595463,0.16136105860113423,0.09268431001890359,0.08852551984877127,0.07892249527410208,0.06109640831758034,0.05120982986767486,0.028525519848771268,0.034328922495274104,0.005179584120982987,0.009848771266540643,0.011965973534971645,0.0008128544423440454,1.8903591682419658e-05,0.0,0.0,0.0,0.0,0.0,0.0,0.0,0.0,0.0,0.0,0.0,0.0,0.0,0.0,0.0,0.0,0.0,0.0,0.0,0.0,0.0,0.0,0.0,0.0,0.0,0.0,0.0,0.0,0.0,0.0,0.0,0.0,0.0,0.0,0.0,0.0,0.0,0.0,0.0,0.0,0.0,0.0,0.0,0.0,0.0,0.0,0.0,0.0,nan,nan,4.178922987840186,2.8002101828587964,nan,0.9426587398823518,0.023791024848396836,0.0,0.0,0.0,0.0,0.0,0.0,0.0,0.0,0.0,0.0,0.0,0.0,0.0,0.0,0.0,0.0,0.0,0.0,0.0,0.0,0.0,0.0,0.0,0.0,0.0,0.0,1.0390567428150332,9.572586588061904,14.613117170228447,4.775239498894622,0.9411033835285199,0.023272825592508484,0.0,0.0,0.0,0.0,0.0,0.0,0.0,0.0,0.0,0.0,0.0,0.0,0.0,0.0,0.0,0.0,0.0,0.0,0.0,0.0,0.0,0.0,0.0,0.0,0.0,0.023291925465838515,1.3742236024844725,9.503105590062113,14.90683229813665,4.192546583850932,0.4053,0.008385,0.0,0.0,0.0,0.0,0.0,0.0,0.0,0.0,0.0,0.0,0.0,7.980840088430349,22.019159911569645,0.0,0.0,0.0,0.0,0.0,0.0,0.0,0.0,0.0,0.0,0.0,0.0,0.0,0.0,0.0,0.0,0.0,0.4055,0.00819,0.0,0.0,0.0,0.0,0.0,0.0,0.0,0.0,0.0,0.0,0.0,7.849378881987566,22.12732919254659,0.023291925465838515,0.0,0.0,0.0,0.0,0.0,0.0,0.0,0.0,0.0,0.0,0.0,0.0,0.0,0.0,0.0,0.0
3700,2760,1405,0.5090579710144928,642,575,0.4409420289855073,789,0.5717391304347826,0.438,3.028782287822878,3.1573585918176374,6.593350383631714,2.2607191164023708,8295.163982346307,434.2431546002485,7853.0,8739.507627928257,8721.59259165538,5.561487982238452,7853.0,0.0,28.03731884057971,21.17781136616009,33.34831951113051,19.330501417229666,0.1471014492753623,0.10108695652173913,0.09347826086956522,0.08079710144927536,0.07681159420289856,0.07282608695652174,0.06739130434782609,0.06268115942028986,0.05398550724637681,0.05543478260869565,0.04673913043478261,0.041666666666666664,0.034420289855072464,0.02681159420289855,0.02391304347826087,0.009420289855072464,0.005434782608695652,0.9408567944946497,0.02376145271884401,0.0,0.0,0.0,0.0,0.0,0.0,0.0,0.0,0.0,0.0,0.0,0.0,0.0,0.0,0.0,0.0,0.0,0.0,0.0,0.0,0.0,0.0,0.0,0.0,0.0,0.021739130434782615,1.3043478260869568,9.858695652173916,14.445652173913047,4.369565217391305,4.48852825965305,2.9823688985373695,nan,nan,nan,4.517514124293785,2.998112123703461,4.460088691796009,2.9665659469549395,0.9872882671934636,0.405,0.00793,0.0,0.0,0.0,0.0,0.0,0.0,0.0,0.0,0.0,0.0,0.0,7.749999999999989,22.239130434782613,0.010869565217391308,0.0,0.0,0.0,0.0,0.0,0.0,0.0,0.0,0.0,0.0,0.0,0.0,0.0,0.0,0.0,0.0,nan,nan,4.48852825965305,2.9823688985373695,nan,0.405,0.0362,0.0,0.0,0.0,0.0,0.0,0.0,0.0,0.0,0.0,0.0,0.0,0.0,0.0,0.0,0.0,0.0,0.0,0.0,0.0,0.0,0.0,0.0,0.0,0.0,0.0,1.8115942028985507e-05,0.0,1.8115942028985507e-05,1.8115942028985507e-05,0.0,0.004438405797101449,0.0014492753623188406,0.0032246376811594204,0.010507246376811594,0.034619565217391304,0.04038043478260869,0.04925724637681159,0.06563405797101449,0.09472826086956522,0.07659420289855072,0.1597282608695652,0.09041666666666667,0.09351449275362318,0.07644927536231884,0.058931159420289855,0.050253623188405795,0.02753623188405797,0.034981884057971015,0.003985507246376811,0.010090579710144928,0.012155797101449275,0.0010688405797101448,0.0,0.0,0.0,0.0,0.0,0.0,0.0,0.0,0.0,0.0,0.0,0.0,0.0,0.0,0.0,0.0,0.0,0.0,0.0,0.0,0.0,0.0,0.0,0.0,0.0,0.0,0.0,0.0,0.0,0.0,0.0,0.0,0.0,0.0,0.0,0.0,0.0,0.0,0.0,0.0,0.0,0.0,0.0,0.0,0.0,0.0,0.0,0.0,0.0,nan,nan,4.48852825965305,2.9823688985373695,nan,0.9410325110594997,0.02355588298979166,0.0,0.0,0.0,0.0,0.0,0.0,0.0,0.0,0.0,0.0,0.0,0.0,0.0,0.0,0.0,0.0,0.0,0.0,0.0,0.0,0.0,0.0,0.0,0.0,0.0,0.0,1.2384341637010678,9.907473309608543,14.498220640569398,4.3558718861209975,0.9406745939237166,0.02397138637651549,0.0,0.0,0.0,0.0,0.0,0.0,0.0,0.0,0.0,0.0,0.0,0.0,0.0,0.0,0.0,0.0,0.0,0.0,0.0,0.0,0.0,0.0,0.0,0.0,0.0,0.044280442804428055,1.3726937269372697,9.808118081180815,14.391143911439118,4.383763837638377,0.405,0.00783,0.0,0.0,0.0,0.0,0.0,0.0,0.0,0.0,0.0,0.0,0.0,7.729537366548031,22.270462633451963,0.0,0.0,0.0,0.0,0.0,0.0,0.0,0.0,0.0,0.0,0.0,0.0,0.0,0.0,0.0,0.0,0.0,0.405,0.008026,0.0,0.0,0.0,0.0,0.0,0.0,0.0,0.0,0.0,0.0,0.0,7.771217712177111,22.20664206642067,0.022140221402214028,0.0,0.0,0.0,0.0,0.0,0.0,0.0,0.0,0.0,0.0,0.0,0.0,0.0,0.0,0.0,0.0
3800,2965,1532,0.5166947723440135,720,598,0.4445193929173693,827,0.557841483979764,0.418,2.9357990230286113,3.063880648253151,6.539800995024875,2.1300171583171292,8301.492165702304,433.7778331517756,7853.0,8738.954947853088,8721.002135318104,5.612113960859764,7853.0,0.0,27.93423271500843,20.986578666084007,32.923138832997985,19.264779212737793,0.13827993254637436,0.11096121416526138,0.08634064080944351,0.08296795952782463,0.07588532883642496,0.08465430016863407,0.07082630691399663,0.06374367622259697,0.052951096121416526,0.048229342327150086,0.04519392917369309,0.04519392917369309,0.034401349072512646,0.024620573355817875,0.016188870151770656,0.01045531197301855,0.009106239460370995,0.9391873529749415,0.023676935862484136,0.0,0.0,0.0,0.0,0.0,0.0,0.0,0.0,0.0,0.0,0.0,0.0,0.0,0.0,0.0,0.0,0.0,0.0,0.0,0.0,0.0,0.0,0.0,0.0,0.0,0.09106239460370996,1.3558178752107928,10.694772344013494,14.246205733558181,3.6121416526138286,4.227035490605428,2.886170281593982,nan,nan,nan,4.255717255717256,2.8403635010654127,4.199370409233998,2.9326328418943506,0.9867597297711543,0.405,0.00801,0.0,0.0,0.0,0.0,0.0,0.0,0.0,0.0,0.0,0.0,0.0,7.912310286677898,22.087689713322096,0.0,0.0,0.0,0.0,0.0,0.0,0.0,0.0,0.0,0.0,0.0,0.0,0.0,0.0,0.0,0.0,0.0,nan,nan,4.227035490605428,2.886170281593982,nan,0.405,0.03574,0.0,0.0,0.0,0.0,0.0,0.0,0.0,0.0,0.0,0.0,0.0,0.0,0.0,0.0,0.0,0.0,0.0,0.0,0.0,0.0,0.0,0.0,0.0,0.0,0.0,0.0,0.0,0.0,3.372681281618887e-05,0.0,0.0030860033726812816,0.0018043844856661046,0.0026475548060708263,0.010708263069139965,0.03473861720067454,0.04010118043844857,0.049679595278246204,0.0657504215851602,0.09354131534569983,0.07861720067453626,0.1603035413153457,0.08745362563237774,0.09507588532883643,0.07720067453625633,0.060978077571669474,0.0536424957841484,0.02630691399662732,0.03327150084317032,0.002984822934232715,0.009898819561551433,0.01118043844856661,0.0009949409780775718,0.0,0.0,0.0,0.0,0.0,0.0,0.0,0.0,0.0,0.0,0.0,0.0,0.0,0.0,0.0,0.0,0.0,0.0,0.0,0.0,0.0,0.0,0.0,0.0,0.0,0.0,0.0,0.0,0.0,0.0,0.0,0.0,0.0,0.0,0.0,0.0,0.0,0.0,0.0,0.0,0.0,0.0,0.0,0.0,0.0,0.0,0.0,0.0,0.0,nan,nan,4.227035490605428,2.886170281593982,nan,0.9383940930154865,0.02392087056312302,0.0,0.0,0.0,0.0,0.0,0.0,0.0,0.0,0.0,0.0,0.0,0.0,0.0,0.0,0.0,0.0,0.0,0.0,0.0,0.0,0.0,0.0,0.0,0.0,0.0,0.05874673629242821,1.5469973890339428,10.80939947780679,14.020887728459533,3.5639686684073113,0.9400354159602068,0.023383593631691083,0.0,0.0,0.0,0.0,0.0,0.0,0.0,0.0,0.0,0.0,0.0,0.0,0.0,0.0,0.0,0.0,0.0,0.0,0.0,0.0,0.0,0.0,0.0,0.0,0.0,0.12561060711793443,1.1514305652477324,10.572226099092815,14.487090020935105,3.663642707606421,0.405,0.00795,0.0,0.0,0.0,0.0,0.0,0.0,0.0,0.0,0.0,0.0,0.0,7.793733681462131,22.206266318537864,0.0,0.0,0.0,0.0,0.0,0.0,0.0,0.0,0.0,0.0,0.0,0.0,0.0,0.0,0.0,0.0,0.0,0.405,0.00807,0.0,0.0,0.0,0.0,0.0,0.0,0.0,0.0,0.0,0.0,0.0,8.03907885554779,21.960921144452204,0.0,0.0,0.0,0.0,0.0,0.0,0.0,0.0,0.0,0.0,0.0,0.0,0.0,0.0,0.0,0.0,0.0
3900,3102,1629,0.5251450676982592,735,644,0.44455190199871053,874,0.5635074145712443,0.41,2.9511201629327903,3.15071524458038,6.658476658476658,2.2625724392971307,8308.97021984496,433.6066297411389,7853.0,8738.21722253561,8721.27478327751,5.5381748105609265,7853.0,0.0,27.480012894906512,20.54767741921555,32.27318007662835,18.876856662943634,0.13733075435203096,0.10477111540941328,0.10058027079303675,0.09381044487427466,0.07027724049000644,0.07092198581560284,0.07414571244358478,0.059961315280464215,0.06157317859445519,0.0548033526756931,0.04996776273372018,0.0367504835589942,0.031914893617021274,0.025467440361057383,0.01096067053513862,0.009026434558349452,0.007736943907156673,0.9399133620532691,0.02325248921032351,0.0,0.0,0.0,0.0,0.0,0.0,0.0,0.0,0.0,0.0,0.0,0.0,0.0,0.0,0.0,0.0,0.0,0.0,0.0,0.0,0.0,0.0,0.0,0.0,0.0,0.019342359767891688,1.2765957446808514,10.396518375241781,14.555125725338494,3.752417794970987,4.294715447154472,2.965508449858835,nan,nan,nan,4.26,3.00273208928136,4.330578512396694,2.9261246471138875,1.016567725914717,0.405,0.00815,0.0,0.0,0.0,0.0,0.0,0.0,0.0,0.0,0.0,0.0,0.0,8.162475822050279,21.82785299806577,0.009671179883945844,0.0,0.0,0.0,0.0,0.0,0.0,0.0,0.0,0.0,0.0,0.0,0.0,0.0,0.0,0.0,0.0,nan,nan,4.294715447154472,2.965508449858835,nan,0.405,0.03598,0.0,0.0,0.0,0.0,0.0,0.0,0.0,0.0,0.0,0.0,0.0,0.0,0.0,0.0,0.0,0.0,0.0,0.0,0.0,0.0,0.0,0.0,0.0,0.0,0.0,0.0,0.0,0.0,6.447453255963895e-05,0.0,0.003368794326241135,0.0013862024500322372,0.002353320438426821,0.01028368794326241,0.03837846550612508,0.04032882011605416,0.05185364281108962,0.06305609284332689,0.09343971631205673,0.07973887814313346,0.15681818181818183,0.08629916183107672,0.0918923275306254,0.08068987749838814,0.06062217923920052,0.054706640876853646,0.026450676982591875,0.032059961315280466,0.0033204384268214057,0.009977433913604127,0.01223404255319149,0.0006608639587362991,0.0,1.6118633139909736e-05,0.0,0.0,0.0,0.0,0.0,0.0,0.0,0.0,0.0,0.0,0.0,0.0,0.0,0.0,0.0,0.0,0.0,0.0,0.0,0.0,0.0,0.0,0.0,0.0,0.0,0.0,0.0,0.0,0.0,0.0,0.0,0.0,0.0,0.0,0.0,0.0,0.0,0.0,0.0,0.0,0.0,0.0,0.0,0.0,0.0,0.0,0.0,nan,nan,4.294715447154472,2.965508449858835,nan,0.9396008915371366,0.023340946604785848,0.0,0.0,0.0,0.0,0.0,0.0,0.0,0.0,0.0,0.0,0.0,0.0,0.0,0.0,0.0,0.0,0.0,0.0,0.0,0.0,0.0,0.0,0.0,0.0,0.0,0.018416206261510134,1.4180478821362803,10.276243093922654,14.696132596685086,3.5911602209944755,0.9402589251698884,0.023149359212011902,0.0,0.0,0.0,0.0,0.0,0.0,0.0,0.0,0.0,0.0,0.0,0.0,0.0,0.0,0.0,0.0,0.0,0.0,0.0,0.0,0.0,0.0,0.0,0.0,0.0,0.020366598778004077,1.1201629327902243,10.529531568228109,14.399185336048882,3.9307535641547866,0.4053,0.008194,0.0,0.0,0.0,0.0,0.0,0.0,0.0,0.0,0.0,0.0,0.0,8.176795580110484,21.804788213627997,0.018416206261510134,0.0,0.0,0.0,0.0,0.0,0.0,0.0,0.0,0.0,0.0,0.0,0.0,0.0,0.0,0.0,0.0,0.405,0.008095,0.0,0.0,0.0,0.0,0.0,0.0,0.0,0.0,0.0,0.0,0.0,8.146639511201617,21.853360488798376,0.0,0.0,0.0,0.0,0.0,0.0,0.0,0.0,0.0,0.0,0.0,0.0,0.0,0.0,0.0,0.0,0.0
4000,3048,1573,0.5160761154855643,750,631,0.45308398950131235,846,0.5551181102362205,0.45,2.9416949152542373,3.156374852898186,6.672544080604534,2.313812827281883,8301.20796992058,434.0396114758123,7853.0,8740.927866005897,8721.491984944647,5.522477801991666,7853.0,0.0,27.411745406824146,20.707136890777477,32.54635108481262,18.92764489109218,0.145997375328084,0.09645669291338582,0.09481627296587926,0.08792650918635171,0.08792650918635171,0.07578740157480315,0.07020997375328084,0.05446194225721785,0.062335958005249346,0.04757217847769029,0.043963254593175856,0.04133858267716536,0.03510498687664042,0.022965879265091863,0.017716535433070866,0.009186351706036745,0.006233595800524934,0.9406345388277622,0.023510122770459004,0.0,0.0,0.0,0.0,0.0,0.0,0.0,0.0,0.0,0.0,0.0,0.0,0.0,0.0,0.0,0.0,0.0,0.0,0.0,0.0,0.0,0.0,0.0,0.0,0.0,0.009842519685039372,1.2500000000000002,10.03937007874016,14.635826771653546,4.064960629921261,4.277976494634645,2.941846581937962,nan,nan,nan,4.2392638036809815,2.8934755373095595,4.316649642492339,2.9888862255157878,1.018254546637122,0.4053,0.008156,0.0,0.0,0.0,0.0,0.0,0.0,0.0,0.0,0.0,0.0,0.0,8.179133858267704,21.82086614173229,0.0,0.0,0.0,0.0,0.0,0.0,0.0,0.0,0.0,0.0,0.0,0.0,0.0,0.0,0.0,0.0,0.0,nan,nan,4.277976494634645,2.941846581937962,nan,0.4053,0.03635,0.0,0.0,0.0,0.0,0.0,0.0,0.0,0.0,0.0,0.0,0.0,0.0,0.0,0.0,0.0,0.0,0.0,0.0,0.0,0.0,0.0,0.0,0.0,0.0,0.0,0.0,0.0,0.0,0.0,3.280839895013123e-05,0.003920603674540683,0.0012139107611548556,0.003034776902887139,0.010646325459317586,0.04050196850393701,0.038943569553805776,0.051476377952755906,0.06373031496062992,0.08909120734908137,0.07896981627296588,0.15785761154855643,0.08353018372703412,0.0906988188976378,0.08125,0.06379593175853018,0.055101706036745406,0.026706036745406826,0.033497375328083986,0.003805774278215223,0.009071522309711286,0.012253937007874015,0.0008694225721784777,0.0,0.0,0.0,0.0,0.0,0.0,0.0,0.0,0.0,0.0,0.0,0.0,0.0,0.0,0.0,0.0,0.0,0.0,0.0,0.0,0.0,0.0,0.0,0.0,0.0,0.0,0.0,0.0,0.0,0.0,0.0,0.0,0.0,0.0,0.0,0.0,0.0,0.0,0.0,0.0,0.0,0.0,0.0,0.0,0.0,0.0,0.0,0.0,0.0,nan,nan,4.277976494634645,2.941846581937962,nan,0.9405238239991005,0.023814487998035247,0.0,0.0,0.0,0.0,0.0,0.0,0.0,0.0,0.0,0.0,0.0,0.0,0.0,0.0,0.0,0.0,0.0,0.0,0.0,0.0,0.0,0.0,0.0,0.0,0.0,0.0,1.3731722822631915,9.74570883661793,14.723458359821999,4.1576605212968865,0.9407526096247011,0.023180549704285357,0.0,0.0,0.0,0.0,0.0,0.0,0.0,0.0,0.0,0.0,0.0,0.0,0.0,0.0,0.0,0.0,0.0,0.0,0.0,0.0,0.0,0.0,0.0,0.0,0.0,0.020338983050847463,1.1186440677966105,10.35254237288136,14.542372881355934,3.9661016949152548,0.4053,0.00806,0.0,0.0,0.0,0.0,0.0,0.0,0.0,0.0,0.0,0.0,0.0,7.895740623013339,22.104259376986654,0.0,0.0,0.0,0.0,0.0,0.0,0.0,0.0,0.0,0.0,0.0,0.0,0.0,0.0,0.0,0.0,0.0,0.4053,0.00826,0.0,0.0,0.0,0.0,0.0,0.0,0.0,0.0,0.0,0.0,0.0,8.481355932203378,21.518644067796615,0.0,0.0,0.0,0.0,0.0,0.0,0.0,0.0,0.0,0.0,0.0,0.0,0.0,0.0,0.0,0.0,0.0
4100,3425,1797,0.5246715328467153,838,691,0.4464233576642336,956,0.5582481751824817,0.41,2.901105651105651,3.035728888288073,6.5675675675675675,2.012893670842876,8308.829012064494,433.88409300593946,7853.0,8738.341114127636,8721.789296784025,5.544221283539592,7853.0,0.0,27.49226277372263,20.548536417332834,32.2712452306625,18.886390960702553,0.13635036496350364,0.10131386861313868,0.09722627737226278,0.08759124087591241,0.08321167883211679,0.08116788321167884,0.07357664233576643,0.06306569343065693,0.05430656934306569,0.048467153284671535,0.04934306569343066,0.03737226277372263,0.02802919708029197,0.02364963503649635,0.018686131386861315,0.009927007299270074,0.006715328467153284,0.9412075061867707,0.023899223085043143,0.0,0.0,0.0,0.0,0.0,0.0,0.0,0.0,0.0,0.0,0.0,0.0,0.0,0.0,0.0,0.0,0.0,0.0,0.0,0.0,0.0,0.0,0.0,0.0,0.0,0.017518248175182487,1.4277372262773724,9.538686131386864,14.671532846715333,4.344525547445256,4.199452304883615,2.863057267312901,nan,nan,nan,4.182736455463728,2.821379001893529,4.215970961887478,2.9035616952654975,1.007945637210859,0.4053,0.00786,0.0,0.0,0.0,0.0,0.0,0.0,0.0,0.0,0.0,0.0,0.0,7.4189781021897705,22.57226277372263,0.008759124087591243,0.0,0.0,0.0,0.0,0.0,0.0,0.0,0.0,0.0,0.0,0.0,0.0,0.0,0.0,0.0,0.0,nan,nan,4.199452304883615,2.863057267312901,nan,0.4053,0.03632,0.0,0.0,0.0,0.0,0.0,0.0,0.0,0.0,0.0,0.0,0.0,0.0,0.0,0.0,0.0,0.0,0.0,0.0,0.0,0.0,0.0,0.0,0.0,0.0,0.0,0.0,0.0,0.0,0.0,0.00010218978102189781,0.004525547445255474,0.0010364963503649634,0.0031386861313868614,0.011007299270072993,0.03848175182481752,0.03802919708029197,0.05097810218978102,0.06345985401459854,0.08906569343065693,0.07839416058394161,0.1609051094890511,0.08147445255474453,0.09089051094890511,0.08135766423357664,0.06484671532846716,0.05597080291970803,0.02851094890510949,0.032102189781021896,0.0032846715328467154,0.008583941605839416,0.013094890510948904,0.0007591240875912409,0.0,0.0,0.0,0.0,0.0,0.0,0.0,0.0,0.0,0.0,0.0,0.0,0.0,0.0,0.0,0.0,0.0,0.0,0.0,0.0,0.0,0.0,0.0,0.0,0.0,0.0,0.0,0.0,0.0,0.0,0.0,0.0,0.0,0.0,0.0,0.0,0.0,0.0,0.0,0.0,0.0,0.0,0.0,0.0,0.0,0.0,0.0,0.0,0.0,nan,nan,4.199452304883615,2.863057267312901,nan,0.9418267048128327,0.023670036449885794,0.0,0.0,0.0,0.0,0.0,0.0,0.0,0.0,0.0,0.0,0.0,0.0,0.0,0.0,0.0,0.0,0.0,0.0,0.0,0.0,0.0,0.0,0.0,0.0,0.0,0.016694490818030053,1.202003338898164,9.883138564273791,14.357262103505848,4.540901502504175,0.9405240295706568,0.02413123490347265,0.0,0.0,0.0,0.0,0.0,0.0,0.0,0.0,0.0,0.0,0.0,0.0,0.0,0.0,0.0,0.0,0.0,0.0,0.0,0.0,0.0,0.0,0.0,0.0,0.0,0.01842751842751843,1.6769041769041773,9.15847665847666,15.01842751842752,4.127764127764129,0.4053,0.007805,0.0,0.0,0.0,0.0,0.0,0.0,0.0,0.0,0.0,0.0,0.0,7.612687813021692,22.37061769616027,0.016694490818030053,0.0,0.0,0.0,0.0,0.0,0.0,0.0,0.0,0.0,0.0,0.0,0.0,0.0,0.0,0.0,0.0,0.4055,0.00792,0.0,0.0,0.0,0.0,0.0,0.0,0.0,0.0,0.0,0.0,0.0,7.205159705159695,22.7948402948403,0.0,0.0,0.0,0.0,0.0,0.0,0.0,0.0,0.0,0.0,0.0,0.0,0.0,0.0,0.0,0.0,0.0
4200,3448,1825,0.529292343387471,838,717,0.4509860788863109,957,0.5551044083526682,0.422,2.895255699322243,3.1028968506235985,6.705463182897862,2.1430312597430654,8312.885176304933,433.70578765076976,7853.0,8740.264417552948,8721.86799336954,5.42463533335379,7853.0,0.0,27.26740139211137,20.773160668326557,32.51138353765324,18.989529606819527,0.14907192575406034,0.10063805104408352,0.09048723897911833,0.09860788863109049,0.07540603248259861,0.07308584686774942,0.07018561484918794,0.06264501160092807,0.05568445475638051,0.05017401392111369,0.04437354988399072,0.04031322505800464,0.03277262180974478,0.024071925754060326,0.014791183294663572,0.010440835266821345,0.007250580046403712,0.9410792260566886,0.02353164604869683,0.0,0.0,0.0,0.0,0.0,0.0,0.0,0.0,0.0,0.0,0.0,0.0,0.0,0.0,0.0,0.0,0.0,0.0,0.0,0.0,0.0,0.0,0.0,0.0,0.0,0.0,1.1310904872389793,9.91879350348028,14.808584686774946,4.141531322505801,4.192990441511151,2.9243357654350937,nan,nan,nan,4.193315266485998,2.901675454857502,4.192660550458716,2.947171133835539,0.9998438667293836,0.4058,0.007587,0.0,0.0,0.0,0.0,0.0,0.0,0.0,0.0,0.0,0.0,0.0,6.455916473317856,23.54408352668214,0.0,0.0,0.0,0.0,0.0,0.0,0.0,0.0,0.0,0.0,0.0,0.0,0.0,0.0,0.0,0.0,0.0,nan,nan,4.192990441511151,2.9243357654350937,nan,0.4058,0.036,0.0,0.0,0.0,0.0,0.0,0.0,0.0,0.0,0.0,0.0,0.0,0.0,0.0,0.0,0.0,0.0,0.0,0.0,0.0,0.0,0.0,0.0,0.0,0.0,0.0,0.0,0.0,1.4501160092807425e-05,2.900232018561485e-05,2.900232018561485e-05,0.004132830626450116,0.0008555684454756381,0.0030017401392111367,0.00962877030162413,0.03538283062645012,0.03689095127610209,0.05129060324825986,0.06632830626450116,0.08790603248259861,0.07881380510440836,0.15987529002320186,0.0804814385150812,0.09241589327146171,0.08374419953596288,0.06613979118329466,0.05671403712296984,0.02872679814385151,0.03194605568445476,0.003509280742459397,0.008802204176334106,0.012761020881670533,0.0005365429234338747,4.350348027842227e-05,0.0,0.0,0.0,0.0,0.0,0.0,0.0,0.0,0.0,0.0,0.0,0.0,0.0,0.0,0.0,0.0,0.0,0.0,0.0,0.0,0.0,0.0,0.0,0.0,0.0,0.0,0.0,0.0,0.0,0.0,0.0,0.0,0.0,0.0,0.0,0.0,0.0,0.0,0.0,0.0,0.0,0.0,0.0,0.0,0.0,0.0,0.0,0.0,nan,nan,4.192990441511151,2.9243357654350937,nan,0.9414516994724536,0.023232503679423082,0.0,0.0,0.0,0.0,0.0,0.0,0.0,0.0,0.0,0.0,0.0,0.0,0.0,0.0,0.0,0.0,0.0,0.0,0.0,0.0,0.0,0.0,0.0,0.0,0.0,0.0,1.019178082191781,9.879452054794523,14.893150684931511,4.208219178082193,0.9406603942737121,0.02385659617304133,0.0,0.0,0.0,0.0,0.0,0.0,0.0,0.0,0.0,0.0,0.0,0.0,0.0,0.0,0.0,0.0,0.0,0.0,0.0,0.0,0.0,0.0,0.0,0.0,0.0,0.0,1.2569316081330872,9.963031423290206,14.713493530499077,4.066543438077635,0.406,0.007347,0.0,0.0,0.0,0.0,0.0,0.0,0.0,0.0,0.0,0.0,0.0,6.115068493150676,23.88493150684932,0.0,0.0,0.0,0.0,0.0,0.0,0.0,0.0,0.0,0.0,0.0,0.0,0.0,0.0,0.0,0.0,0.0,0.4058,0.00784,0.0,0.0,0.0,0.0,0.0,0.0,0.0,0.0,0.0,0.0,0.0,6.839186691312374,23.16081330868762,0.0,0.0,0.0,0.0,0.0,0.0,0.0,0.0,0.0,0.0,0.0,0.0,0.0,0.0,0.0,0.0,0.0
4300,3521,1870,0.5310991195683045,877,689,0.444760011360409,967,0.5492757739278614,0.422,3.06480920654149,3.0960854727107816,6.542268041237113,2.1056543930567657,8314.519665087066,433.6721752483829,7853.0,8740.291482532024,8721.989700947357,5.509466721777786,7853.0,0.0,28.364101107639875,20.99680952745663,33.28388401888065,19.215084628871857,0.13660891792104515,0.09400738426583358,0.0985515478557228,0.08207895484237432,0.07923885259869355,0.08037489349616586,0.06816245384833854,0.06191422891224084,0.05651803464924737,0.05026980971314968,0.050837830161885825,0.04458960522578813,0.03550127804600966,0.024424879295654643,0.018176654359556944,0.011644419199091167,0.007100255609201931,0.9423122100788096,0.02339584182752369,0.0,0.0,0.0,0.0,0.0,0.0,0.0,0.0,0.0,0.0,0.0,0.0,0.0,0.0,0.0,0.0,0.0,0.0,0.0,0.0,0.0,0.0,0.0,0.0,0.0,0.0426015336552116,1.039477421187163,9.61942629934678,14.791252485089467,4.507242260721387,4.270506108202444,2.9190867207264506,nan,nan,nan,4.39332748024583,3.00713072488243,4.147569444444445,2.82488218695532,0.9440610705879741,0.406,0.00799,0.0,0.0,0.0,0.0,0.0,0.0,0.0,0.0,0.0,0.0,0.0,6.731042317523421,23.234876455552403,0.034081226924169275,0.0,0.0,0.0,0.0,0.0,0.0,0.0,0.0,0.0,0.0,0.0,0.0,0.0,0.0,0.0,0.0,nan,nan,4.270506108202444,2.9190867207264506,nan,0.406,0.03604,0.0,0.0,0.0,0.0,0.0,0.0,0.0,0.0,0.0,0.0,0.0,0.0,0.0,0.0,0.0,0.0,0.0,0.0,0.0,0.0,0.0,0.0,0.0,0.0,0.0,0.0,0.0,0.0,0.0,0.0,0.0036637318943481966,0.0008378301618858279,0.0033655211587617154,0.00930133484805453,0.03626810565180347,0.04040045441635899,0.0492757739278614,0.06283726214143709,0.08683612610053962,0.08019028685032661,0.15400454416358988,0.08636750923033229,0.09305595001420051,0.08260437375745527,0.06391650099403579,0.05996875887531951,0.030871911388809996,0.030715705765407556,0.0038625390514058504,0.00893212155637603,0.011971030957114456,0.0004544163589889236,0.00029821073558648114,0.0,0.0,0.0,0.0,0.0,0.0,0.0,0.0,0.0,0.0,0.0,0.0,0.0,0.0,0.0,0.0,0.0,0.0,0.0,0.0,0.0,0.0,0.0,0.0,0.0,0.0,0.0,0.0,0.0,0.0,0.0,0.0,0.0,0.0,0.0,0.0,0.0,0.0,0.0,0.0,0.0,0.0,0.0,0.0,0.0,0.0,0.0,0.0,nan,nan,4.270506108202444,2.9190867207264506,nan,0.9420486939463386,0.023372054461423195,0.0,0.0,0.0,0.0,0.0,0.0,0.0,0.0,0.0,0.0,0.0,0.0,0.0,0.0,0.0,0.0,0.0,0.0,0.0,0.0,0.0,0.0,0.0,0.0,0.0,0.06417112299465243,1.090909090909091,9.641711229946527,14.951871657754015,4.2513368983957225,0.9426106808042612,0.02341917442905584,0.0,0.0,0.0,0.0,0.0,0.0,0.0,0.0,0.0,0.0,0.0,0.0,0.0,0.0,0.0,0.0,0.0,0.0,0.0,0.0,0.0,0.0,0.0,0.0,0.0,0.01817080557238038,0.9812235009085406,9.594185342216841,14.609327680193823,4.7970926711084205,0.406,0.00806,0.0,0.0,0.0,0.0,0.0,0.0,0.0,0.0,0.0,0.0,0.0,6.93048128342245,23.021390374331556,0.04812834224598931,0.0,0.0,0.0,0.0,0.0,0.0,0.0,0.0,0.0,0.0,0.0,0.0,0.0,0.0,0.0,0.0,0.4062,0.007904,0.0,0.0,0.0,0.0,0.0,0.0,0.0,0.0,0.0,0.0,0.0,6.5051483949121645,23.47668079951545,0.01817080557238038,0.0,0.0,0.0,0.0,0.0,0.0,0.0,0.0,0.0,0.0,0.0,0.0,0.0,0.0,0.0,0.0
4400,3519,1812,0.514919011082694,853,683,0.43648763853367434,955,0.5427678317703893,0.434,3.0322202694786173,3.165353955260731,6.663951120162933,2.174445142994373,8300.49149063141,434.3503746964871,7853.0,8740.206168437004,8722.052182964642,5.473292853512631,7853.0,0.0,27.868144359192954,20.997373406305254,32.77281947261663,19.3130620570502,0.13668655868144358,0.11139528275078148,0.09320829781187838,0.08127308894572322,0.08184143222506395,0.07473714123330491,0.06479113384484228,0.06308610400682012,0.05456095481670929,0.05370843989769821,0.04688832054560955,0.039784029553850526,0.03751065643648764,0.02557544757033248,0.01932367149758454,0.009093492469451549,0.006535947712418301,0.9426829140780493,0.023414477814560193,0.0,0.0,0.0,0.0,0.0,0.0,0.0,0.0,0.0,0.0,0.0,0.0,0.0,0.0,0.0,0.0,0.0,0.0,0.0,0.0,0.0,0.0,0.0,0.0,0.0,0.008525149190110829,0.9718670076726346,9.522591645353796,14.739982949701623,4.757033248081842,4.4225792057117355,2.935937864350138,nan,nan,nan,4.306306306306307,2.929479838195283,4.53716814159292,2.9390473048632577,1.0536101751397784,0.4055,0.00758,0.0,0.0,0.0,0.0,0.0,0.0,0.0,0.0,0.0,0.0,0.0,7.067348678601865,22.93265132139813,0.0,0.0,0.0,0.0,0.0,0.0,0.0,0.0,0.0,0.0,0.0,0.0,0.0,0.0,0.0,0.0,0.0,nan,nan,4.4225792057117355,2.935937864350138,nan,0.4055,0.03574,0.0,0.0,0.0,0.0,0.0,0.0,0.0,0.0,0.0,0.0,0.0,0.0,0.0,0.0,0.0,0.0,0.0,0.0,0.0,0.0,0.0,0.0,0.0,0.0,0.0,0.0,0.0,0.0,0.0,0.0,0.0030832622904234156,0.0014208581983518045,0.0030548451264563797,0.009320829781187838,0.03631713554987212,0.04200056834327934,0.04712986643932936,0.06321398124467179,0.08938618925831202,0.07875816993464052,0.15959079283887467,0.08965615231599887,0.09349246945154874,0.07809036658141517,0.06241830065359477,0.06003125888036374,0.028871838590508667,0.029042341574310883,0.003864734299516908,0.009150326797385621,0.011324239840863882,0.00065359477124183,0.00011366865586814436,0.0,0.0,1.4208581983518046e-05,0.0,0.0,0.0,0.0,0.0,0.0,0.0,0.0,0.0,0.0,0.0,0.0,0.0,0.0,0.0,0.0,0.0,0.0,0.0,0.0,0.0,0.0,0.0,0.0,0.0,0.0,0.0,0.0,0.0,0.0,0.0,0.0,0.0,0.0,0.0,0.0,0.0,0.0,0.0,0.0,0.0,0.0,0.0,0.0,0.0,nan,nan,4.4225792057117355,2.935937864350138,nan,0.942473560275621,0.023615896062351035,0.0,0.0,0.0,0.0,0.0,0.0,0.0,0.0,0.0,0.0,0.0,0.0,0.0,0.0,0.0,0.0,0.0,0.0,0.0,0.0,0.0,0.0,0.0,0.0,0.0,0.01655629139072848,1.0761589403973513,9.271523178807948,14.867549668874176,4.768211920529803,0.9429051455308907,0.023196689421231296,0.0,0.0,0.0,0.0,0.0,0.0,0.0,0.0,0.0,0.0,0.0,0.0,0.0,0.0,0.0,0.0,0.0,0.0,0.0,0.0,0.0,0.0,0.0,0.0,0.0,0.0,0.8611599297012303,9.789103690685415,14.604569420035153,4.745166959578208,0.4058,0.007538,0.0,0.0,0.0,0.0,0.0,0.0,0.0,0.0,0.0,0.0,0.0,6.887417218543036,23.112582781456958,0.0,0.0,0.0,0.0,0.0,0.0,0.0,0.0,0.0,0.0,0.0,0.0,0.0,0.0,0.0,0.0,0.0,0.4055,0.00762,0.0,0.0,0.0,0.0,0.0,0.0,0.0,0.0,0.0,0.0,0.0,7.258347978910359,22.741652021089635,0.0,0.0,0.0,0.0,0.0,0.0,0.0,0.0,0.0,0.0,0.0,0.0,0.0,0.0,0.0,0.0,0.0
4500,3764,1953,0.5188629117959618,947,728,0.44500531349628053,1041,0.553134962805526,0.426,3.033683048039757,3.0919057982944915,6.536862003780718,2.0335239468918855,8303.870777039978,434.1883717421853,7853.0,8743.356241548061,8721.95934704479,5.487392179923204,7853.0,0.0,28.4192348565356,20.813952747077977,33.161755485893416,19.054685649312912,0.12964930924548354,0.09909670563230606,0.09404888416578108,0.09032943676939426,0.07226354941551541,0.0757173219978746,0.07598299681190224,0.06562167906482465,0.057120085015940486,0.048618490967056324,0.052869287991498405,0.04622741764080765,0.036131774707757705,0.022316684378320937,0.01700318809776833,0.010361317747077577,0.0066418703506907545,0.942548342278736,0.02341072031367431,0.0,0.0,0.0,0.0,0.0,0.0,0.0,0.0,0.0,0.0,0.0,0.0,0.0,0.0,0.0,0.0,0.0,0.0,0.0,0.0,0.0,0.0,0.0,0.0,0.0,0.02391073326248672,0.9643995749202978,9.436769394261425,14.984059511158346,4.59086078639745,4.302696078431373,2.9080897845859885,nan,nan,nan,4.337715694330321,2.8797024134163336,4.268074735987002,2.935473858279718,0.9839452460117791,0.4055,0.00779,0.0,0.0,0.0,0.0,0.0,0.0,0.0,0.0,0.0,0.0,0.0,7.0616365568544,22.938363443145594,0.0,0.0,0.0,0.0,0.0,0.0,0.0,0.0,0.0,0.0,0.0,0.0,0.0,0.0,0.0,0.0,0.0,nan,nan,4.302696078431373,2.9080897845859885,nan,0.4055,0.03577,0.0,0.0,0.0,0.0,0.0,0.0,0.0,0.0,0.0,0.0,0.0,0.0,0.0,0.0,0.0,0.0,0.0,0.0,0.0,0.0,0.0,0.0,0.0,0.0,0.0,0.0,0.0,0.0,0.0,1.328374070138151e-05,0.0035334750265674816,0.0010759829968119022,0.003360786397449522,0.008501594048884165,0.03508235919234857,0.042680658873538786,0.04859192348565356,0.06337672688629117,0.08998405951115834,0.07594314558979809,0.16283209351753453,0.08889479277364506,0.09071466524973433,0.0789452709883103,0.06398777895855473,0.05963071200850159,0.030685441020191287,0.026567481402763018,0.003732731137088204,0.009391604675876727,0.011424017003188097,0.0008767268862911796,0.0001594048884165781,0.0,0.0,0.0,1.328374070138151e-05,0.0,0.0,0.0,0.0,0.0,0.0,0.0,0.0,0.0,0.0,0.0,0.0,0.0,0.0,0.0,0.0,0.0,0.0,0.0,0.0,0.0,0.0,0.0,0.0,0.0,0.0,0.0,0.0,0.0,0.0,0.0,0.0,0.0,0.0,0.0,0.0,0.0,0.0,0.0,0.0,0.0,0.0,0.0,0.0,nan,nan,4.302696078431373,2.9080897845859885,nan,0.9422441053195177,0.023566253568568726,0.0,0.0,0.0,0.0,0.0,0.0,0.0,0.0,0.0,0.0,0.0,0.0,0.0,0.0,0.0,0.0,0.0,0.0,0.0,0.0,0.0,0.0,0.0,0.0,0.0,0.03072196620583718,1.0291858678955454,9.37019969278034,15.069124423963137,4.5007680491551465,0.9428764343722494,0.023237361782710447,0.0,0.0,0.0,0.0,0.0,0.0,0.0,0.0,0.0,0.0,0.0,0.0,0.0,0.0,0.0,0.0,0.0,0.0,0.0,0.0,0.0,0.0,0.0,0.0,0.0,0.016565433462175597,0.8945334069574823,9.508558807288793,14.892324682495863,4.688017669795694,0.4055,0.00789,0.0,0.0,0.0,0.0,0.0,0.0,0.0,0.0,0.0,0.0,0.0,7.235023041474644,22.76497695852535,0.0,0.0,0.0,0.0,0.0,0.0,0.0,0.0,0.0,0.0,0.0,0.0,0.0,0.0,0.0,0.0,0.0,0.4055,0.00768,0.0,0.0,0.0,0.0,0.0,0.0,0.0,0.0,0.0,0.0,0.0,6.874654886802861,23.12534511319713,0.0,0.0,0.0,0.0,0.0,0.0,0.0,0.0,0.0,0.0,0.0,0.0,0.0,0.0,0.0,0.0,0.0
4600,3977,2038,0.5124465677646467,995,811,0.4541111390495348,1143,0.574805129494594,0.38999999999999996,2.9927797833935017,3.055942132832355,6.363327674023769,2.11961807342262,8298.247485380723,434.3159455914151,7853.0,8742.318213784694,8721.866167497124,5.44403113510076,7853.0,0.0,28.49157656525019,20.860263851386044,33.33848899464604,19.03302492855566,0.13527784762383707,0.09228061352778476,0.09253205934121198,0.08473723912496857,0.08398290168468694,0.07467940658788032,0.06939904450590897,0.06286145335680161,0.0623585617299472,0.058083982901684685,0.04073422177520744,0.04601458385717878,0.03645964294694493,0.023133014835302994,0.01986421926074931,0.012069399044505909,0.0055318078953985415,0.9424164376427907,0.0231812097921725,0.0,0.0,0.0,0.0,0.0,0.0,0.0,0.0,0.0,0.0,0.0,0.0,0.0,0.0,0.0,0.0,0.0,0.0,0.0,0.0,0.0,0.0,0.0,0.0,0.007543374402816195,0.007543374402816195,1.0032687955745538,9.353784259492082,15.064118682423942,4.563741513703798,4.2230739747029515,2.8672006844547635,nan,nan,nan,4.239080459770115,2.8542375429141544,4.2041442824251725,2.879213035877499,0.9917585481859816,0.4053,0.00784,0.0,0.0,0.0,0.0,0.0,0.0,0.0,0.0,0.0,0.0,0.0,7.452853909982387,22.547146090017606,0.0,0.0,0.0,0.0,0.0,0.0,0.0,0.0,0.0,0.0,0.0,0.0,0.0,0.0,0.0,0.0,0.0,nan,nan,4.2230739747029515,2.8672006844547635,nan,0.4053,0.0358,0.0,0.0,0.0,0.0,0.0,0.0,0.0,0.0,0.0,0.0,0.0,0.0,0.0,0.0,0.0,0.0,0.0,0.0,0.0,0.0,0.0,0.0,0.0,0.0,0.0,0.0,0.0,0.0,1.2572290671360322e-05,0.0,0.0032939401558964043,0.0008674880563238622,0.003985416142821222,0.008448579331154137,0.03707568518984159,0.041916017098315314,0.0490193613276339,0.061667085743022376,0.0913502640181041,0.0757606235856173,0.16205682675383454,0.0891626854412874,0.09333668594417903,0.07994719637918028,0.06343977872768418,0.05657530802112145,0.029205431229570027,0.026439527281870757,0.003947699270807141,0.010334422931858184,0.011277344732210209,0.0008046266029670606,7.543374402816194e-05,0.0,0.0,0.0,0.0,0.0,0.0,0.0,0.0,0.0,0.0,0.0,0.0,0.0,0.0,0.0,0.0,0.0,0.0,0.0,0.0,0.0,0.0,0.0,0.0,0.0,0.0,0.0,0.0,0.0,0.0,0.0,0.0,0.0,0.0,0.0,0.0,0.0,0.0,0.0,0.0,0.0,0.0,0.0,0.0,0.0,0.0,0.0,0.0,nan,nan,4.2230739747029515,2.8672006844547635,nan,0.9420680183774707,0.023169236328662746,0.0,0.0,0.0,0.0,0.0,0.0,0.0,0.0,0.0,0.0,0.0,0.0,0.0,0.0,0.0,0.0,0.0,0.0,0.0,0.0,0.0,0.0,0.0,0.0,0.0,0.01472031403336605,1.0893032384690875,9.494602551521101,14.926398429833174,4.474975466143278,0.9427826462362524,0.02318814558034453,0.0,0.0,0.0,0.0,0.0,0.0,0.0,0.0,0.0,0.0,0.0,0.0,0.0,0.0,0.0,0.0,0.0,0.0,0.0,0.0,0.0,0.0,0.0,0.0,0.015471892728210422,0.0,0.9128416709644149,9.2057761732852,15.208870551830845,4.657039711191337,0.4053,0.007935,0.0,0.0,0.0,0.0,0.0,0.0,0.0,0.0,0.0,0.0,0.0,7.40431795878311,22.595682041216882,0.0,0.0,0.0,0.0,0.0,0.0,0.0,0.0,0.0,0.0,0.0,0.0,0.0,0.0,0.0,0.0,0.0,0.4053,0.00775,0.0,0.0,0.0,0.0,0.0,0.0,0.0,0.0,0.0,0.0,0.0,7.503867973182041,22.49613202681795,0.0,0.0,0.0,0.0,0.0,0.0,0.0,0.0,0.0,0.0,0.0,0.0,0.0,0.0,0.0,0.0,0.0
4700,3525,1818,0.5157446808510638,864,724,0.4504964539007092,985,0.5588652482269504,0.418,3.0451083772700644,3.0917929662753028,6.5810276679841895,2.0762052386289684,8301.228067470369,434.3464919037498,7853.0,8744.11115642786,8722.089074715648,5.421494402454277,7853.0,0.0,28.183262411347517,20.975362869631137,33.25533355909245,19.131829878308324,0.14156028368794327,0.09588652482269504,0.09106382978723404,0.08624113475177304,0.07943262411347518,0.07375886524822695,0.07148936170212766,0.06382978723404255,0.059858156028368796,0.0524822695035461,0.04879432624113475,0.03829787234042553,0.032907801418439714,0.02695035460992908,0.01957446808510638,0.01049645390070922,0.007375886524822695,0.942299734413201,0.0233038602841586,0.0,0.0,0.0,0.0,0.0,0.0,0.0,0.0,0.0,0.0,0.0,0.0,0.0,0.0,0.0,0.0,0.0,0.0,0.0,0.0,0.0,0.0,0.0,0.0,0.0,0.025531914893617027,1.1829787234042555,9.097872340425534,15.421276595744684,4.272340425531916,4.266432953549518,2.888977569205637,nan,nan,nan,4.218103448275862,2.871053487350852,4.320249776984835,2.904982082739405,1.024216174392481,0.406,0.00785,0.0,0.0,0.0,0.0,0.0,0.0,0.0,0.0,0.0,0.0,0.0,6.791489361702118,23.208510638297877,0.0,0.0,0.0,0.0,0.0,0.0,0.0,0.0,0.0,0.0,0.0,0.0,0.0,0.0,0.0,0.0,0.0,nan,nan,4.266432953549518,2.888977569205637,nan,0.406,0.03555,0.0,0.0,0.0,0.0,0.0,0.0,0.0,0.0,0.0,0.0,0.0,0.0,0.0,0.0,0.0,0.0,0.0,0.0,0.0,0.0,0.0,0.0,0.0,0.0,0.0,0.0,0.0,0.0,0.0,0.0,0.002524822695035461,0.0004964539007092199,0.004340425531914893,0.00801418439716312,0.035801418439716313,0.0414468085106383,0.047120567375886525,0.05950354609929078,0.08980141843971631,0.07649645390070922,0.16436879432624113,0.08940425531914893,0.09337588652482269,0.08356028368794326,0.06333333333333334,0.05829787234042553,0.028553191489361703,0.02729078014184397,0.0039858156028368796,0.00947517730496454,0.01175886524822695,0.0009645390070921986,2.8368794326241135e-05,5.673758865248227e-05,0.0,0.0,0.0,0.0,0.0,0.0,0.0,0.0,0.0,0.0,0.0,0.0,0.0,0.0,0.0,0.0,0.0,0.0,0.0,0.0,0.0,0.0,0.0,0.0,0.0,0.0,0.0,0.0,0.0,0.0,0.0,0.0,0.0,0.0,0.0,0.0,0.0,0.0,0.0,0.0,0.0,0.0,0.0,0.0,0.0,0.0,0.0,nan,nan,4.266432953549518,2.888977569205637,nan,0.9423043051503017,0.022972195954347508,0.0,0.0,0.0,0.0,0.0,0.0,0.0,0.0,0.0,0.0,0.0,0.0,0.0,0.0,0.0,0.0,0.0,0.0,0.0,0.0,0.0,0.0,0.0,0.0,0.0,0.016501650165016507,1.0396039603960399,9.224422442244226,15.3960396039604,4.323432343234324,0.942294866457695,0.023651976822231236,0.0,0.0,0.0,0.0,0.0,0.0,0.0,0.0,0.0,0.0,0.0,0.0,0.0,0.0,0.0,0.0,0.0,0.0,0.0,0.0,0.0,0.0,0.0,0.0,0.0,0.03514938488576451,1.3356766256590513,8.96309314586995,15.448154657293502,4.2179261862917405,0.406,0.00773,0.0,0.0,0.0,0.0,0.0,0.0,0.0,0.0,0.0,0.0,0.0,6.320132013201311,23.679867986798683,0.0,0.0,0.0,0.0,0.0,0.0,0.0,0.0,0.0,0.0,0.0,0.0,0.0,0.0,0.0,0.0,0.0,0.4058,0.00798,0.0,0.0,0.0,0.0,0.0,0.0,0.0,0.0,0.0,0.0,0.0,7.293497363796123,22.706502636203872,0.0,0.0,0.0,0.0,0.0,0.0,0.0,0.0,0.0,0.0,0.0,0.0,0.0,0.0,0.0,0.0,0.0
4800,3634,1830,0.50357732526142,871,764,0.4499174463401211,1035,0.569620253164557,0.40599999999999997,2.8630820399113084,3.0894984545370026,6.55672268907563,2.1651695100227752,8290.71612328176,434.6130433925647,7853.0,8741.520760679245,8722.21332896498,5.4964233792006025,7853.0,0.0,27.44881673087507,20.723040518736774,32.456700691471845,18.988719561269324,0.14116675839295542,0.10759493670886076,0.08750687947165657,0.09246009906439186,0.08227848101265822,0.07072096862960925,0.07539900935608146,0.05943863511282334,0.056686846450192625,0.04925701706108971,0.046505228398459,0.04292790313703908,0.029994496422674738,0.025041276829939462,0.018161805173362685,0.009356081452944413,0.00550357732526142,0.942777403547794,0.023685583085576476,0.0,0.0,0.0,0.0,0.0,0.0,0.0,0.0,0.0,0.0,0.0,0.0,0.0,0.0,0.0,0.0,0.0,0.0,0.0,0.0,0.0,0.0,0.0,0.0,0.0,0.008255365987892132,1.254815630159604,8.841496973032474,15.008255365987896,4.8871766648321415,4.316401205337925,2.9094858082769632,nan,nan,nan,4.292268479184367,2.9065682572616693,4.341186736474695,2.912271081123157,1.0113968307265868,0.406,0.007767,0.0,0.0,0.0,0.0,0.0,0.0,0.0,0.0,0.0,0.0,0.0,6.538249862410558,23.461750137589437,0.0,0.0,0.0,0.0,0.0,0.0,0.0,0.0,0.0,0.0,0.0,0.0,0.0,0.0,0.0,0.0,0.0,nan,nan,4.316401205337925,2.9094858082769632,nan,0.406,0.03555,0.0,0.0,0.0,0.0,0.0,0.0,0.0,0.0,0.0,0.0,0.0,0.0,0.0,0.0,0.0,0.0,0.0,0.0,0.0,0.0,0.0,0.0,0.0,0.0,0.0,0.0,0.0,0.0,0.0,5.50357732526142e-05,0.0030682443588332417,0.0004402861860209136,0.0037837094111172263,0.007195927352779306,0.033131535498073746,0.04248761695101816,0.0451430930104568,0.06510731975784259,0.09017611447440836,0.07853604843148046,0.161020913593836,0.08980462300495322,0.09345074298293891,0.0827600440286186,0.06175013758943313,0.05936984039625757,0.028233351678591083,0.027586681342872867,0.0038387451843698403,0.010511832691249312,0.011351128233351679,0.0010044028618602092,0.0001100715465052284,8.25536598789213e-05,0.0,0.0,0.0,0.0,0.0,0.0,0.0,0.0,0.0,0.0,0.0,0.0,0.0,0.0,0.0,0.0,0.0,0.0,0.0,0.0,0.0,0.0,0.0,0.0,0.0,0.0,0.0,0.0,0.0,0.0,0.0,0.0,0.0,0.0,0.0,0.0,0.0,0.0,0.0,0.0,0.0,0.0,0.0,0.0,0.0,0.0,0.0,nan,nan,4.316401205337925,2.9094858082769632,nan,0.9429543372060432,0.023565238870068995,0.0,0.0,0.0,0.0,0.0,0.0,0.0,0.0,0.0,0.0,0.0,0.0,0.0,0.0,0.0,0.0,0.0,0.0,0.0,0.0,0.0,0.0,0.0,0.0,0.0,0.016393442622950824,1.0983606557377052,9.032786885245903,14.885245901639347,4.9672131147541,0.9425979198479071,0.023805696636169056,0.0,0.0,0.0,0.0,0.0,0.0,0.0,0.0,0.0,0.0,0.0,0.0,0.0,0.0,0.0,0.0,0.0,0.0,0.0,0.0,0.0,0.0,0.0,0.0,0.0,0.0,1.4135254988913528,8.647450110864748,15.133037694013307,4.805986696230599,0.406,0.007812,0.0,0.0,0.0,0.0,0.0,0.0,0.0,0.0,0.0,0.0,0.0,6.524590163934417,23.475409836065577,0.0,0.0,0.0,0.0,0.0,0.0,0.0,0.0,0.0,0.0,0.0,0.0,0.0,0.0,0.0,0.0,0.0,0.406,0.00772,0.0,0.0,0.0,0.0,0.0,0.0,0.0,0.0,0.0,0.0,0.0,6.5521064301552014,23.447893569844794,0.0,0.0,0.0,0.0,0.0,0.0,0.0,0.0,0.0,0.0,0.0,0.0,0.0,0.0,0.0,0.0,0.0
4900,3420,1809,0.5289473684210526,836,674,0.4415204678362573,922,0.5391812865497077,0.442,2.9435133457479825,3.0688215765489133,6.397777777777778,2.2339789006154605,8312.676691127286,433.8096162499744,7853.0,8744.759448492527,8722.040510588899,5.461451691744791,7853.0,0.0,28.1640350877193,21.22807762432811,33.46570524094267,19.361014803406484,0.1456140350877193,0.09619883040935673,0.09152046783625731,0.08128654970760234,0.08450292397660819,0.07280701754385965,0.07163742690058479,0.06315789473684211,0.05380116959064327,0.049707602339181284,0.04298245614035088,0.044152046783625734,0.04035087719298246,0.022222222222222223,0.02046783625730994,0.013157894736842105,0.006432748538011696,0.9417988764263733,0.023159460577163882,0.0,0.0,0.0,0.0,0.0,0.0,0.0,0.0,0.0,0.0,0.0,0.0,0.0,0.0,0.0,0.0,0.0,0.0,0.0,0.0,0.0,0.0,0.0,0.0,0.0,0.0,1.0877192982456143,9.570175438596493,15.236842105263163,4.105263157894738,4.1343012704174225,2.8422089853660766,nan,nan,nan,4.237272727272727,2.8535578778050867,4.031702898550725,2.8271282861789873,0.9514853440046764,0.406,0.00789,0.0,0.0,0.0,0.0,0.0,0.0,0.0,0.0,0.0,0.0,0.0,6.526315789473674,23.47368421052632,0.0,0.0,0.0,0.0,0.0,0.0,0.0,0.0,0.0,0.0,0.0,0.0,0.0,0.0,0.0,0.0,0.0,nan,nan,4.1343012704174225,2.8422089853660766,nan,0.406,0.03513,0.0,0.0,0.0,0.0,0.0,0.0,0.0,0.0,0.0,0.0,0.0,0.0,0.0,0.0,0.0,0.0,0.0,0.0,0.0,0.0,0.0,0.0,0.0,0.0,0.0,0.0,0.0,0.0,0.0,0.00013157894736842105,0.002675438596491228,0.0008625730994152046,0.003801169590643275,0.006783625730994152,0.03105263157894737,0.04257309941520468,0.04437134502923976,0.06551169590643274,0.08821637426900585,0.07728070175438596,0.16374269005847952,0.09260233918128655,0.09910818713450292,0.08469298245614035,0.059283625730994154,0.05659356725146199,0.028552631578947368,0.027514619883040936,0.0030116959064327487,0.009473684210526316,0.010672514619883042,0.0013304093567251462,0.00010233918128654971,5.847953216374269e-05,0.0,0.0,0.0,0.0,0.0,0.0,0.0,0.0,0.0,0.0,0.0,0.0,0.0,0.0,0.0,0.0,0.0,0.0,0.0,0.0,0.0,0.0,0.0,0.0,0.0,0.0,0.0,0.0,0.0,0.0,0.0,0.0,0.0,0.0,0.0,0.0,0.0,0.0,0.0,0.0,0.0,0.0,0.0,0.0,0.0,0.0,0.0,nan,nan,4.1343012704174225,2.8422089853660766,nan,0.9421357525324149,0.023204776741805273,0.0,0.0,0.0,0.0,0.0,0.0,0.0,0.0,0.0,0.0,0.0,0.0,0.0,0.0,0.0,0.0,0.0,0.0,0.0,0.0,0.0,0.0,0.0,0.0,0.0,0.0,0.9950248756218908,9.535655058043119,15.306799336650087,4.16252072968491,0.9414205965531087,0.023102614704044313,0.0,0.0,0.0,0.0,0.0,0.0,0.0,0.0,0.0,0.0,0.0,0.0,0.0,0.0,0.0,0.0,0.0,0.0,0.0,0.0,0.0,0.0,0.0,0.0,0.0,0.0,1.1918063314711362,9.608938547486035,15.158286778398512,4.040968342644321,0.406,0.0079,0.0,0.0,0.0,0.0,0.0,0.0,0.0,0.0,0.0,0.0,0.0,6.567164179104468,23.432835820895527,0.0,0.0,0.0,0.0,0.0,0.0,0.0,0.0,0.0,0.0,0.0,0.0,0.0,0.0,0.0,0.0,0.0,0.406,0.007866,0.0,0.0,0.0,0.0,0.0,0.0,0.0,0.0,0.0,0.0,0.0,6.480446927374293,23.5195530726257,0.0,0.0,0.0,0.0,0.0,0.0,0.0,0.0,0.0,0.0,0.0,0.0,0.0,0.0,0.0,0.0,0.0
5000,3720,1916,0.5150537634408602,879,766,0.4422043010752688,1035,0.5564516129032258,0.426,2.977272727272727,3.121883650734609,6.720164609053498,2.2277442441510886,8300.755908096091,434.4893448878865,7853.0,8740.177017474174,8722.338193171949,5.402329710097959,7853.0,0.0,27.712365591397848,20.79027527515883,32.52058729652091,19.13456240663102,0.1389784946236559,0.09811827956989247,0.10053763440860215,0.08602150537634409,0.08521505376344087,0.075,0.06532258064516129,0.06559139784946237,0.0553763440860215,0.04838709677419355,0.047311827956989246,0.03924731182795699,0.03387096774193549,0.028763440860215053,0.015860215053763442,0.01021505376344086,0.006182795698924731,0.942338691139093,0.02313091909145226,0.0,0.0,0.0,0.0,0.0,0.0,0.0,0.0,0.0,0.0,0.0,0.0,0.0,0.0,0.0,0.0,0.0,0.0,0.0,0.0,0.0,0.0,0.0,0.0,0.0,0.024193548387096777,0.991935483870968,9.217741935483874,15.209677419354843,4.556451612903227,4.29374471682164,2.8828087691954516,nan,nan,nan,4.290987124463519,2.8802055489367535,4.296419650291424,2.8853291955352405,1.0012660317242466,0.406,0.00787,0.0,0.0,0.0,0.0,0.0,0.0,0.0,0.0,0.0,0.0,0.0,6.862903225806442,23.13709677419355,0.0,0.0,0.0,0.0,0.0,0.0,0.0,0.0,0.0,0.0,0.0,0.0,0.0,0.0,0.0,0.0,0.0,nan,nan,4.29374471682164,2.8828087691954516,nan,0.406,0.03528,0.0,0.0,0.0,0.0,0.0,0.0,0.0,0.0,0.0,0.0,0.0,0.0,0.0,0.0,0.0,0.0,0.0,0.0,0.0,0.0,0.0,0.0,0.0,0.0,0.0,0.0,0.0,0.0,0.0,0.0,0.003803763440860215,0.0007661290322580645,0.004314516129032258,0.0065725806451612905,0.029462365591397848,0.042043010752688174,0.046129032258064515,0.06919354838709678,0.08119623655913978,0.08111559139784946,0.16051075268817205,0.09146505376344086,0.09973118279569892,0.0857258064516129,0.06198924731182796,0.055336021505376344,0.0278494623655914,0.027540322580645163,0.0032661290322580647,0.009663978494623656,0.010013440860215054,0.002029569892473118,0.00022849462365591398,5.3763440860215054e-05,0.0,0.0,0.0,0.0,0.0,0.0,0.0,0.0,0.0,0.0,0.0,0.0,0.0,0.0,0.0,0.0,0.0,0.0,0.0,0.0,0.0,0.0,0.0,0.0,0.0,0.0,0.0,0.0,0.0,0.0,0.0,0.0,0.0,0.0,0.0,0.0,0.0,0.0,0.0,0.0,0.0,0.0,0.0,0.0,0.0,0.0,0.0,nan,nan,4.29374471682164,2.8828087691954516,nan,0.9434926757172901,0.022880321827022234,0.0,0.0,0.0,0.0,0.0,0.0,0.0,0.0,0.0,0.0,0.0,0.0,0.0,0.0,0.0,0.0,0.0,0.0,0.0,0.0,0.0,0.0,0.0,0.0,0.0,0.015657620041753657,0.8455114822546975,8.580375782881005,15.782881002087686,4.775574112734866,0.9411130622855312,0.023331717377831098,0.0,0.0,0.0,0.0,0.0,0.0,0.0,0.0,0.0,0.0,0.0,0.0,0.0,0.0,0.0,0.0,0.0,0.0,0.0,0.0,0.0,0.0,0.0,0.0,0.0,0.033259423503325954,1.1474501108647452,9.89467849223947,14.600886917960093,4.323725055432374,0.406,0.00795,0.0,0.0,0.0,0.0,0.0,0.0,0.0,0.0,0.0,0.0,0.0,6.670146137787047,23.329853862212946,0.0,0.0,0.0,0.0,0.0,0.0,0.0,0.0,0.0,0.0,0.0,0.0,0.0,0.0,0.0,0.0,0.0,0.406,0.007793,0.0,0.0,0.0,0.0,0.0,0.0,0.0,0.0,0.0,0.0,0.0,7.067627494456753,22.932372505543242,0.0,0.0,0.0,0.0,0.0,0.0,0.0,0.0,0.0,0.0,0.0,0.0,0.0,0.0,0.0,0.0,0.0
5100,3687,1837,0.4982370490914022,847,787,0.4431787360998101,1029,0.5581773799837266,0.434,2.902702702702703,3.1474130506837383,6.79253112033195,2.175520690301012,8285.947912016934,434.49404723347095,7853.0,8742.08788421154,8721.959690585974,5.429531568728421,7853.0,0.0,27.209113100081368,20.691515288548068,32.16482803374432,19.02343466968272,0.14483319772172498,0.1011662598318416,0.10360726878220776,0.08733387577976674,0.08028207214537564,0.07295904529427719,0.06889069704366693,0.06075400054244643,0.060211554109031735,0.046379170056956874,0.04800650935720097,0.03553024138866287,0.03173311635475997,0.024410089503661515,0.01871440195280716,0.008136696501220505,0.007051803634391104,0.9418006260640129,0.022815056457073806,0.0,0.0,0.0,0.0,0.0,0.0,0.0,0.0,0.0,0.0,0.0,0.0,0.0,0.0,0.0,0.0,0.0,0.0,0.0,0.0,0.0,0.0,0.0,0.0,0.0,0.04068348250610253,0.9031733116354762,9.853539462978032,14.995931651749395,4.206672091131002,4.26261319534282,2.8720800320039035,nan,nan,nan,4.270104895104895,2.9000749911048818,4.25531914893617,2.844540011472393,0.9965373810405279,0.406,0.00806,0.0,0.0,0.0,0.0,0.0,0.0,0.0,0.0,0.0,0.0,0.0,6.981285598047183,23.00244100895037,0.016273393002441013,0.0,0.0,0.0,0.0,0.0,0.0,0.0,0.0,0.0,0.0,0.0,0.0,0.0,0.0,0.0,0.0,nan,nan,4.26261319534282,2.8720800320039035,nan,0.406,0.03543,0.0,0.0,0.0,0.0,0.0,0.0,0.0,0.0,0.0,0.0,0.0,0.0,0.0,0.0,0.0,0.0,0.0,0.0,0.0,0.0,0.0,0.0,0.0,0.0,0.0,0.0,0.0,0.0,0.0,6.780580417683754e-05,0.003580146460537022,0.0009357200976403581,0.004380254949823705,0.006455112557634934,0.03041768375372932,0.04374830485489558,0.045145104420938435,0.07176566314076485,0.08011933821535124,0.0768782207756984,0.15945212910225115,0.08996474098182805,0.10412259289395172,0.08650664496880933,0.0606861947382696,0.055871982641714134,0.026783292649850826,0.027678329264985084,0.0027935991320857064,0.009492812584757255,0.010862489829129374,0.0022375915378356386,2.7122321670735013e-05,1.3561160835367507e-05,0.0,0.0,1.3561160835367507e-05,0.0,0.0,0.0,0.0,0.0,0.0,0.0,0.0,0.0,0.0,0.0,0.0,0.0,0.0,0.0,0.0,0.0,0.0,0.0,0.0,0.0,0.0,0.0,0.0,0.0,0.0,0.0,0.0,0.0,0.0,0.0,0.0,0.0,0.0,0.0,0.0,0.0,0.0,0.0,0.0,0.0,0.0,0.0,0.0,nan,nan,4.26261319534282,2.8720800320039035,nan,0.9417939414521177,0.023049678715771585,0.0,0.0,0.0,0.0,0.0,0.0,0.0,0.0,0.0,0.0,0.0,0.0,0.0,0.0,0.0,0.0,0.0,0.0,0.0,0.0,0.0,0.0,0.0,0.0,0.0,0.032661948829613506,0.9798584648884052,9.9129014697877,14.697876973326078,4.37670114316821,0.9418072637029596,0.022579668775238395,0.0,0.0,0.0,0.0,0.0,0.0,0.0,0.0,0.0,0.0,0.0,0.0,0.0,0.0,0.0,0.0,0.0,0.0,0.0,0.0,0.0,0.0,0.0,0.0,0.0,0.04864864864864866,0.8270270270270271,9.794594594594596,15.291891891891895,4.037837837837839,0.406,0.008064,0.0,0.0,0.0,0.0,0.0,0.0,0.0,0.0,0.0,0.0,0.0,6.826347305389212,23.14099074578117,0.032661948829613506,0.0,0.0,0.0,0.0,0.0,0.0,0.0,0.0,0.0,0.0,0.0,0.0,0.0,0.0,0.0,0.0,0.4058,0.00804,0.0,0.0,0.0,0.0,0.0,0.0,0.0,0.0,0.0,0.0,0.0,7.135135135135125,22.86486486486487,0.0,0.0,0.0,0.0,0.0,0.0,0.0,0.0,0.0,0.0,0.0,0.0,0.0,0.0,0.0,0.0,0.0
5200,3855,2013,0.5221789883268483,944,767,0.4438391699092088,1072,0.5561608300907912,0.40599999999999997,2.909337676438654,3.058944928918635,6.523255813953488,2.1170775391213814,8306.914143229027,434.2244660896728,7853.0,8739.16040405035,8722.269260878242,5.417322592689217,7853.0,0.0,28.42230869001297,21.056975894934666,33.26243093922652,19.308015281933223,0.13592736705577171,0.10038910505836576,0.08793774319066149,0.09208819714656291,0.07782101167315175,0.0767833981841764,0.06640726329442283,0.06147859922178988,0.053437094682230867,0.054734111543450065,0.04928664072632944,0.042801556420233464,0.03398184176394293,0.030350194552529183,0.0191958495460441,0.011673151750972763,0.005706874189364461,0.9428526919021062,0.02348075320074602,0.0,0.0,0.0,0.0,0.0,0.0,0.0,0.0,0.0,0.0,0.0,0.0,0.0,0.0,0.0,0.0,0.0,0.0,0.0,0.0,0.0,0.0,0.0,0.0,0.0,0.04669260700389106,1.0661478599221792,9.175097276264593,15.042801556420237,4.669260700389106,4.188272836059035,2.897747858101957,nan,nan,nan,4.145800316957211,2.928516110573572,4.231325301204819,2.8655800191211473,1.0206293062156884,0.406,0.00782,0.0,0.0,0.0,0.0,0.0,0.0,0.0,0.0,0.0,0.0,0.0,6.63035019455252,23.361867704280158,0.007782101167315177,0.0,0.0,0.0,0.0,0.0,0.0,0.0,0.0,0.0,0.0,0.0,0.0,0.0,0.0,0.0,0.0,nan,nan,4.188272836059035,2.897747858101957,nan,0.406,0.0353,0.0,0.0,0.0,0.0,0.0,0.0,0.0,0.0,0.0,0.0,0.0,0.0,0.0,0.0,0.0,0.0,0.0,0.0,0.0,0.0,0.0,0.0,0.0,0.0,0.0,0.0,0.0,0.0,0.0,0.0002204928664072633,0.0035408560311284048,0.0013618677042801556,0.004876783398184177,0.007405966277561608,0.028028534370946823,0.03920881971465629,0.04569390402075227,0.07316472114137484,0.083242542153048,0.06831387808041504,0.1669649805447471,0.0903242542153048,0.10618677042801557,0.08792477302204929,0.05833981841763943,0.05389105058365759,0.028028534370946823,0.026939040207522698,0.0032295719844357977,0.010025940337224384,0.010946822308690013,0.0020492866407263296,3.891050583657588e-05,5.1880674448767835e-05,0.0,0.0,0.0,0.0,0.0,0.0,0.0,0.0,0.0,0.0,0.0,0.0,0.0,0.0,0.0,0.0,0.0,0.0,0.0,0.0,0.0,0.0,0.0,0.0,0.0,0.0,0.0,0.0,0.0,0.0,0.0,0.0,0.0,0.0,0.0,0.0,0.0,0.0,0.0,0.0,0.0,0.0,0.0,0.0,0.0,0.0,0.0,nan,nan,4.188272836059035,2.897747858101957,nan,0.9432797144730175,0.023035029550508165,0.0,0.0,0.0,0.0,0.0,0.0,0.0,0.0,0.0,0.0,0.0,0.0,0.0,0.0,0.0,0.0,0.0,0.0,0.0,0.0,0.0,0.0,0.0,0.0,0.0,0.029806259314456043,0.8792846497764533,9.314456035767513,15.230998509687037,4.545454545454547,0.9423860271707032,0.023949668993387987,0.0,0.0,0.0,0.0,0.0,0.0,0.0,0.0,0.0,0.0,0.0,0.0,0.0,0.0,0.0,0.0,0.0,0.0,0.0,0.0,0.0,0.0,0.0,0.0,0.0,0.06514657980456028,1.2703583061889254,9.022801302931597,14.837133550488604,4.80456026058632,0.406,0.00793,0.0,0.0,0.0,0.0,0.0,0.0,0.0,0.0,0.0,0.0,0.0,6.736214605067054,23.24888226527571,0.014903129657228021,0.0,0.0,0.0,0.0,0.0,0.0,0.0,0.0,0.0,0.0,0.0,0.0,0.0,0.0,0.0,0.0,0.4062,0.00771,0.0,0.0,0.0,0.0,0.0,0.0,0.0,0.0,0.0,0.0,0.0,6.5146579804560165,23.485342019543978,0.0,0.0,0.0,0.0,0.0,0.0,0.0,0.0,0.0,0.0,0.0,0.0,0.0,0.0,0.0,0.0,0.0
5300,3717,1904,0.512241054613936,909,774,0.45278450363196127,1061,0.5708905030938929,0.40599999999999997,3.0463320463320462,3.122972203254299,6.608778625954199,2.2097975876705194,8298.273736184665,434.52045996641476,7853.0,8740.183856332302,8722.266007036973,5.484410251528705,7853.0,0.0,28.397901533494753,20.966892331003613,33.1819625277866,19.198125764213323,0.13451708366962603,0.09227871939736347,0.09335485606672048,0.08662900188323917,0.08743610438525692,0.07586763518966909,0.06914178100618779,0.06376109765940274,0.06187785848802798,0.04923325262308313,0.04116222760290557,0.03900995426419155,0.040893193435566313,0.026634382566585957,0.019908528383104654,0.012644605864944848,0.005649717514124294,0.942983168137468,0.023274183668988348,0.0,0.0,0.0,0.0,0.0,0.0,0.0,0.0,0.0,0.0,0.0,0.0,0.0,0.0,0.0,0.0,0.0,0.0,0.0,0.0,0.0,0.0,0.0,0.0,0.0,0.01614205004035513,0.9200968523002424,9.330104923325264,15.1089588377724,4.624697336561744,4.28788501026694,2.9026075233169166,nan,nan,nan,4.244100895036615,2.89928159945048,4.335269709543568,2.9049322825602855,1.0214813023445255,0.4062,0.007717,0.0,0.0,0.0,0.0,0.0,0.0,0.0,0.0,0.0,0.0,0.0,6.3276836158192005,23.672316384180796,0.0,0.0,0.0,0.0,0.0,0.0,0.0,0.0,0.0,0.0,0.0,0.0,0.0,0.0,0.0,0.0,0.0,nan,nan,4.28788501026694,2.9026075233169166,nan,0.4062,0.0351,0.0,0.0,0.0,0.0,0.0,0.0,0.0,0.0,0.0,0.0,0.0,0.0,0.0,0.0,0.0,0.0,0.0,0.0,0.0,0.0,0.0,0.0,0.0,0.0,0.0,0.0,2.690341673392521e-05,0.0,2.690341673392521e-05,0.00010761366693570084,0.0029190207156308853,0.0016411084207694378,0.0055017487220877055,0.006860371267150928,0.027199354317998387,0.03812214151197202,0.044229217110573045,0.0739574926015604,0.08774549367769707,0.06771589991928975,0.1601425881086898,0.09671778315846112,0.1076943771859026,0.08750336292709174,0.055972558514931395,0.05691417810061878,0.026903416733925208,0.026513317191283293,0.0035781544256120526,0.009470002690341673,0.010653753026634382,0.001735270379338176,1.3451708366962605e-05,0.00013451708366962604,0.0,0.0,0.0,0.0,0.0,0.0,0.0,0.0,0.0,0.0,0.0,0.0,0.0,0.0,0.0,0.0,0.0,0.0,0.0,0.0,0.0,0.0,0.0,0.0,0.0,0.0,0.0,0.0,0.0,0.0,0.0,0.0,0.0,0.0,0.0,0.0,0.0,0.0,0.0,0.0,0.0,0.0,0.0,0.0,0.0,0.0,0.0,nan,nan,4.28788501026694,2.9026075233169166,nan,0.9432808471014019,0.02298182181369179,0.0,0.0,0.0,0.0,0.0,0.0,0.0,0.0,0.0,0.0,0.0,0.0,0.0,0.0,0.0,0.0,0.0,0.0,0.0,0.0,0.0,0.0,0.0,0.0,0.0,0.0,0.8823529411764708,9.359243697478993,15.173319327731097,4.585084033613446,0.9426705477583559,0.023573271099257095,0.0,0.0,0.0,0.0,0.0,0.0,0.0,0.0,0.0,0.0,0.0,0.0,0.0,0.0,0.0,0.0,0.0,0.0,0.0,0.0,0.0,0.0,0.0,0.0,0.0,0.03309431880860453,0.9597352454495314,9.299503585217874,15.04136789851076,4.666298952013238,0.406,0.00771,0.0,0.0,0.0,0.0,0.0,0.0,0.0,0.0,0.0,0.0,0.0,6.523109243697469,23.476890756302524,0.0,0.0,0.0,0.0,0.0,0.0,0.0,0.0,0.0,0.0,0.0,0.0,0.0,0.0,0.0,0.0,0.0,0.4062,0.007717,0.0,0.0,0.0,0.0,0.0,0.0,0.0,0.0,0.0,0.0,0.0,6.1224489795918275,23.877551020408166,0.0,0.0,0.0,0.0,0.0,0.0,0.0,0.0,0.0,0.0,0.0,0.0,0.0,0.0,0.0,0.0,0.0
5400,3579,1900,0.5308745459625593,897,665,0.43643475831237777,960,0.5364626990779547,0.418,3.050625372245384,3.1578199108332634,6.705521472392638,2.128583874044817,8314.430130939621,433.78225898486386,7853.0,8741.514819586277,8722.188651912054,5.312109266527999,7853.0,0.0,28.459346186085497,20.82821899696802,33.12430121670503,19.11066969518983,0.1285275216540933,0.10142497904442582,0.09639564124056998,0.08633696563285834,0.0726459905001397,0.07767532830399553,0.07432243643475832,0.06286672254819782,0.05308745459625594,0.058116792400111764,0.0516904163174071,0.041352333053925674,0.03436714165968147,0.025984911986588432,0.020955574182732608,0.0075440067057837385,0.006705783738474434,0.9420877763698073,0.023216982256504367,0.0,0.0,0.0,0.0,0.0,0.0,0.0,0.0,0.0,0.0,0.0,0.0,0.0,0.0,0.0,0.0,0.0,0.0,0.0,0.0,0.0,0.0,0.0,0.0,0.0,0.03352891869237218,1.089689857502096,9.396479463537302,15.146689019279131,4.333612740989104,4.3229571984435795,2.9309499051729326,nan,nan,nan,4.380172413793104,2.91685706586512,4.26539462272333,2.9439383450697685,0.9737960563588001,0.4062,0.007584,0.0,0.0,0.0,0.0,0.0,0.0,0.0,0.0,0.0,0.0,0.0,6.4291701592623545,23.57082984073764,0.0,0.0,0.0,0.0,0.0,0.0,0.0,0.0,0.0,0.0,0.0,0.0,0.0,0.0,0.0,0.0,0.0,nan,nan,4.3229571984435795,2.9309499051729326,nan,0.4062,0.0349,0.0,0.0,0.0,0.0,0.0,0.0,0.0,0.0,0.0,0.0,0.0,0.0,0.0,0.0,0.0,0.0,0.0,0.0,0.0,0.0,0.0,0.0,0.0,0.0,0.0,0.0,0.0,0.0,0.0,5.588153115395362e-05,0.002835987706063146,0.0015367421067337245,0.005630064263760827,0.007082984073763621,0.02504889633975971,0.03748253702151439,0.04476110645431685,0.07669740150880135,0.08785973735680358,0.06971221011455714,0.15353450684548756,0.09918971779826767,0.10850796311818944,0.08734283319362951,0.05690136909751327,0.058647666946074324,0.025635652416876223,0.027968706342553787,0.003283039955294775,0.008605755797708857,0.01058955015367421,0.0009779267951941883,4.191114836546522e-05,5.588153115395362e-05,0.0,0.0,1.3970382788488405e-05,0.0,0.0,0.0,0.0,0.0,0.0,0.0,0.0,0.0,0.0,0.0,0.0,0.0,0.0,0.0,0.0,0.0,0.0,0.0,0.0,0.0,0.0,0.0,0.0,0.0,0.0,0.0,0.0,0.0,0.0,0.0,0.0,0.0,0.0,0.0,0.0,0.0,0.0,0.0,0.0,0.0,0.0,0.0,0.0,nan,nan,4.3229571984435795,2.9309499051729326,nan,0.9428484791203549,0.022729191090128904,0.0,0.0,0.0,0.0,0.0,0.0,0.0,0.0,0.0,0.0,0.0,0.0,0.0,0.0,0.0,0.0,0.0,0.0,0.0,0.0,0.0,0.0,0.0,0.0,0.0,0.03157894736842106,0.9789473684210529,9.015789473684212,15.600000000000003,4.373684210526317,0.941226945383482,0.023727506303614938,0.0,0.0,0.0,0.0,0.0,0.0,0.0,0.0,0.0,0.0,0.0,0.0,0.0,0.0,0.0,0.0,0.0,0.0,0.0,0.0,0.0,0.0,0.0,0.0,0.0,0.03573555687909471,1.21500893388922,9.827278141751044,14.63371054198928,4.288266825491365,0.406,0.007523,0.0,0.0,0.0,0.0,0.0,0.0,0.0,0.0,0.0,0.0,0.0,6.394736842105254,23.60526315789474,0.0,0.0,0.0,0.0,0.0,0.0,0.0,0.0,0.0,0.0,0.0,0.0,0.0,0.0,0.0,0.0,0.0,0.4062,0.007656,0.0,0.0,0.0,0.0,0.0,0.0,0.0,0.0,0.0,0.0,0.0,6.4681357951161305,23.531864204883863,0.0,0.0,0.0,0.0,0.0,0.0,0.0,0.0,0.0,0.0,0.0,0.0,0.0,0.0,0.0,0.0,0.0
5500,3426,1809,0.5280210157618214,860,673,0.44746059544658495,911,0.5318155283129014,0.442,2.966604823747681,3.173424419806871,6.782110091743119,2.132266560523687,8311.795387952789,433.78346319667963,7853.0,8740.539503359794,8721.89607469666,5.468338641041221,7853.0,0.0,27.736135434909514,20.787147635974517,32.793850454227815,19.006273301114128,0.14185639229422067,0.10303561004086398,0.09515469935785172,0.08493870402802102,0.0796847635726795,0.07267950963222417,0.06771745475773497,0.06304728546409807,0.056625802685347344,0.05604203152364273,0.05049620548744892,0.03765323992994746,0.030939871570344425,0.02568593111500292,0.019556333917104495,0.0099241097489784,0.0049620548744892,0.941110943032508,0.023399688908578332,0.0,0.0,0.0,0.0,0.0,0.0,0.0,0.0,0.0,0.0,0.0,0.0,0.0,0.0,0.0,0.0,0.0,0.0,0.0,0.0,0.0,0.0,0.0,0.0,0.0,0.017513134851138357,1.2346760070052543,9.851138353765327,14.746059544658499,4.1506129597197905,4.169174646602827,2.956304076396064,nan,nan,nan,4.139240506329114,2.9413429173332677,4.199632014719411,2.971139908803877,1.0145899974398578,0.4065,0.007774,0.0,0.0,0.0,0.0,0.0,0.0,0.0,0.0,0.0,0.0,0.0,5.901926444833617,24.0630472854641,0.035026269702276715,0.0,0.0,0.0,0.0,0.0,0.0,0.0,0.0,0.0,0.0,0.0,0.0,0.0,0.0,0.0,0.0,nan,nan,4.169174646602827,2.956304076396064,nan,0.4065,0.03506,0.0,0.0,0.0,0.0,0.0,0.0,0.0,0.0,0.0,0.0,0.0,0.0,0.0,0.0,0.0,0.0,0.0,0.0,0.0,0.0,0.0,0.0,0.0,0.0,0.0,0.0,0.0,0.0,0.0,7.297139521307647e-05,0.0020577933450087564,0.0013572679509632223,0.005560420315236427,0.006640396964389959,0.02464973730297723,0.03623759486281378,0.045665499124343256,0.08016637478108582,0.08613543490951547,0.07260653823701109,0.1486573263280794,0.10016053706946877,0.1060128429655575,0.08584354932866316,0.05866900175131348,0.05863981319322825,0.02549620548744892,0.028706946876824284,0.004363689433741973,0.008887915936952715,0.01187974314068885,0.0014010507880910684,0.00013134851138353766,0.0,0.0,0.0,0.0,0.0,0.0,0.0,0.0,0.0,0.0,0.0,0.0,0.0,0.0,0.0,0.0,0.0,0.0,0.0,0.0,0.0,0.0,0.0,0.0,0.0,0.0,0.0,0.0,0.0,0.0,0.0,0.0,0.0,0.0,0.0,0.0,0.0,0.0,0.0,0.0,0.0,0.0,0.0,0.0,0.0,0.0,0.0,0.0,nan,nan,4.169174646602827,2.956304076396064,nan,0.9409412603934474,0.023510558087147217,0.0,0.0,0.0,0.0,0.0,0.0,0.0,0.0,0.0,0.0,0.0,0.0,0.0,0.0,0.0,0.0,0.0,0.0,0.0,0.0,0.0,0.0,0.0,0.0,0.0,0.016583747927031513,1.3101160862354895,9.834162520729686,14.610281923714764,4.228855721393036,0.9413007735173939,0.023273563270019355,0.0,0.0,0.0,0.0,0.0,0.0,0.0,0.0,0.0,0.0,0.0,0.0,0.0,0.0,0.0,0.0,0.0,0.0,0.0,0.0,0.0,0.0,0.0,0.0,0.0,0.018552875695732843,1.1502782931354363,9.870129870129873,14.897959183673471,4.063079777365493,0.4067,0.007683,0.0,0.0,0.0,0.0,0.0,0.0,0.0,0.0,0.0,0.0,0.0,5.655058043117736,24.295190713101164,0.04975124378109454,0.0,0.0,0.0,0.0,0.0,0.0,0.0,0.0,0.0,0.0,0.0,0.0,0.0,0.0,0.0,0.0,0.4065,0.00787,0.0,0.0,0.0,0.0,0.0,0.0,0.0,0.0,0.0,0.0,0.0,6.178107606679026,23.803339517625236,0.018552875695732843,0.0,0.0,0.0,0.0,0.0,0.0,0.0,0.0,0.0,0.0,0.0,0.0,0.0,0.0,0.0,0.0
5600,3595,1846,0.5134909596662031,848,761,0.4475660639777469,1023,0.5691237830319889,0.414,2.930817610062893,3.109092231809656,6.648706896551724,2.1901716316671016,8299.115481523153,434.254366969102,7853.0,8741.654448473453,8721.789358654245,5.493251757988656,7853.0,0.0,27.393045897079276,20.781729606493123,32.41719426857714,19.07874623953462,0.14909596662030597,0.09485396383866482,0.09235048678720445,0.08984700973574408,0.09012517385257302,0.07899860917941585,0.06536856745479833,0.059248956884561894,0.0564673157162726,0.05034770514603616,0.04172461752433936,0.03838664812239221,0.03337969401947149,0.022531293463143254,0.02058414464534075,0.00890125173852573,0.007788595271210014,0.939798389157599,0.023507901428534407,0.0,0.0,0.0,0.0,0.0,0.0,0.0,0.0,0.0,0.0,0.0,0.0,0.0,0.0,0.0,0.0,0.0,0.0,0.0,0.0,0.0,0.0,0.0,0.0,0.0,0.04172461752433937,1.2767732962447846,10.431154381084841,14.461752433936025,3.788595271210015,4.251954821894005,2.8970060193802802,nan,nan,nan,4.288105726872247,2.9442379218337096,4.216795201371037,2.849878725911332,0.983370156884349,0.4067,0.007656,0.0,0.0,0.0,0.0,0.0,0.0,0.0,0.0,0.0,0.0,0.0,5.45757997218358,24.534075104311547,0.008344923504867874,0.0,0.0,0.0,0.0,0.0,0.0,0.0,0.0,0.0,0.0,0.0,0.0,0.0,0.0,0.0,0.0,nan,nan,4.251954821894005,2.8970060193802802,nan,0.4067,0.0349,0.0,0.0,0.0,0.0,0.0,0.0,0.0,0.0,0.0,0.0,0.0,0.0,0.0,0.0,0.0,0.0,0.0,0.0,0.0,0.0,0.0,0.0,0.0,1.3908205841446454e-05,0.0,0.0,0.0,0.0,0.0,0.00013908205841446454,0.0014047287899860918,0.0015159944367176634,0.005006954102920723,0.006759388038942976,0.02642559109874826,0.0339221140472879,0.045410292072322674,0.07849791376912378,0.08510431154381085,0.06855354659248956,0.15344923504867872,0.09874826147426982,0.11048678720445063,0.08752433936022253,0.06040333796940195,0.05753824756606398,0.023810848400556327,0.027872044506258693,0.003866481223922114,0.009179415855354658,0.012267037552155772,0.0020027816411682894,8.344923504867872e-05,1.3908205841446454e-05,0.0,0.0,0.0,0.0,0.0,0.0,0.0,0.0,0.0,0.0,0.0,0.0,0.0,0.0,0.0,0.0,0.0,0.0,0.0,0.0,0.0,0.0,0.0,0.0,0.0,0.0,0.0,0.0,0.0,0.0,0.0,0.0,0.0,0.0,0.0,0.0,0.0,0.0,0.0,0.0,0.0,0.0,0.0,0.0,0.0,0.0,0.0,nan,nan,4.251954821894005,2.8970060193802802,nan,0.9405540189143766,0.02342553665562365,0.0,0.0,0.0,0.0,0.0,0.0,0.0,0.0,0.0,0.0,0.0,0.0,0.0,0.0,0.0,0.0,0.0,0.0,0.0,0.0,0.0,0.0,0.0,0.0,0.0,0.03250270855904659,1.202600216684724,10.075839653304444,14.756229685807154,3.932827735644638,0.9390008519757741,0.02356825775889756,0.0,0.0,0.0,0.0,0.0,0.0,0.0,0.0,0.0,0.0,0.0,0.0,0.0,0.0,0.0,0.0,0.0,0.0,0.0,0.0,0.0,0.0,0.0,0.0,0.0,0.05145797598627788,1.3550600343053176,10.806174957118355,14.150943396226419,3.6363636363636376,0.4065,0.007763,0.0,0.0,0.0,0.0,0.0,0.0,0.0,0.0,0.0,0.0,0.0,5.931744312025994,24.05200433369448,0.016251354279523296,0.0,0.0,0.0,0.0,0.0,0.0,0.0,0.0,0.0,0.0,0.0,0.0,0.0,0.0,0.0,0.0,0.407,0.007526,0.0,0.0,0.0,0.0,0.0,0.0,0.0,0.0,0.0,0.0,0.0,4.957118353344761,25.042881646655236,0.0,0.0,0.0,0.0,0.0,0.0,0.0,0.0,0.0,0.0,0.0,0.0,0.0,0.0,0.0,0.0,0.0
5700,3726,1933,0.5187869028448738,928,752,0.45088566827697263,1051,0.5641438539989264,0.40199999999999997,2.9152258784160625,3.051986300041036,6.440643863179075,2.1345575663240552,8303.675221361873,434.0647350821291,7853.0,8738.928410971164,8721.709712775139,5.269830021999671,7853.0,0.0,27.785560923242084,20.569219007514235,32.549443561208264,18.844662990347892,0.13633923778851315,0.09876543209876543,0.10171765968867418,0.07971014492753623,0.07836822329575953,0.08158883521202362,0.07353730542136339,0.062265163714439076,0.05743424584004294,0.05528717122920022,0.04508856682769726,0.04374664519592056,0.034084809447128286,0.021739130434782608,0.013419216317767043,0.008856682769726247,0.008051529790660225,0.9397678006514387,0.022939068857911683,0.0,0.0,0.0,0.0,0.0,0.0,0.0,0.0,0.0,0.0,0.0,0.0,0.0,0.0,0.0,0.0,0.0,0.0,0.0,0.0,0.0,0.0,0.0,0.0,0.0,0.016103059581320453,1.3204508856682773,10.233494363929148,14.82286634460548,3.607085346215782,4.2055647840531565,2.8982786041140844,nan,nan,nan,4.205930807248764,2.9134292958811767,4.205192629815746,2.8827924482309113,0.9998244913036262,0.4067,0.00783,0.0,0.0,0.0,0.0,0.0,0.0,0.0,0.0,0.0,0.0,0.0,5.813204508856674,24.18679549114332,0.0,0.0,0.0,0.0,0.0,0.0,0.0,0.0,0.0,0.0,0.0,0.0,0.0,0.0,0.0,0.0,0.0,nan,nan,4.2055647840531565,2.8982786041140844,nan,0.4067,0.03476,0.0,0.0,0.0,0.0,0.0,0.0,0.0,0.0,0.0,0.0,0.0,0.0,0.0,0.0,0.0,0.0,0.0,0.0,0.0,0.0,0.0,0.0,0.0,4.025764895330113e-05,0.0,0.0,0.0,0.0,1.3419216317767042e-05,0.0001878690284487386,0.0011406333870101987,0.002482555018786903,0.005166398282340312,0.006548577563070317,0.027791196994095546,0.03103864734299517,0.04592055823939882,0.07583199141170156,0.08556092324208266,0.07161835748792271,0.15402576489533013,0.10119431025228126,0.11219806763285024,0.08646001073537306,0.05971551261406334,0.05844068706387547,0.020799785292538914,0.027375201288244767,0.003502415458937198,0.008454106280193236,0.012667740203972088,0.0018250134192163178,0.0,0.0,0.0,0.0,0.0,0.0,0.0,0.0,0.0,0.0,0.0,0.0,0.0,0.0,0.0,0.0,0.0,0.0,0.0,0.0,0.0,0.0,0.0,0.0,0.0,0.0,0.0,0.0,0.0,0.0,0.0,0.0,0.0,0.0,0.0,0.0,0.0,0.0,0.0,0.0,0.0,0.0,0.0,0.0,0.0,0.0,0.0,0.0,0.0,nan,nan,4.2055647840531565,2.8982786041140844,nan,0.9401319193766022,0.022724051031620902,0.0,0.0,0.0,0.0,0.0,0.0,0.0,0.0,0.0,0.0,0.0,0.0,0.0,0.0,0.0,0.0,0.0,0.0,0.0,0.0,0.0,0.0,0.0,0.0,0.0,0.0,1.2881531298499744,9.730988101396795,15.349198137609937,3.6316606311433017,0.9393752510163349,0.023162229349993187,0.0,0.0,0.0,0.0,0.0,0.0,0.0,0.0,0.0,0.0,0.0,0.0,0.0,0.0,0.0,0.0,0.0,0.0,0.0,0.0,0.0,0.0,0.0,0.0,0.0,0.03346346904629114,1.355270496374791,10.775237032905746,14.255437813720027,3.5805911879531522,0.4065,0.007732,0.0,0.0,0.0,0.0,0.0,0.0,0.0,0.0,0.0,0.0,0.0,5.8199689601655376,24.180031039834457,0.0,0.0,0.0,0.0,0.0,0.0,0.0,0.0,0.0,0.0,0.0,0.0,0.0,0.0,0.0,0.0,0.0,0.4067,0.00793,0.0,0.0,0.0,0.0,0.0,0.0,0.0,0.0,0.0,0.0,0.0,5.805911879531504,24.194088120468493,0.0,0.0,0.0,0.0,0.0,0.0,0.0,0.0,0.0,0.0,0.0,0.0,0.0,0.0,0.0,0.0,0.0
5800,3640,1886,0.5181318681318682,885,727,0.44285714285714284,994,0.5461538461538461,0.434,2.992588369441277,3.1951809181421145,6.68125,2.3408648909110497,8303.257714906136,434.23267853675173,7853.0,8741.417940163612,8722.00216450601,5.39845889176073,7853.0,0.0,27.478846153846153,20.70531313637233,32.49243421052632,18.979142169646966,0.14175824175824175,0.10741758241758241,0.09285714285714286,0.08324175824175824,0.08076923076923077,0.07087912087912088,0.07637362637362638,0.06456043956043957,0.056593406593406594,0.054945054945054944,0.04368131868131868,0.03708791208791209,0.03159340659340659,0.024725274725274724,0.014010989010989012,0.013461538461538462,0.006043956043956044,0.9406998005378377,0.023544802020394714,0.0,0.0,0.0,0.0,0.0,0.0,0.0,0.0,0.0,0.0,0.0,0.0,0.0,0.0,0.0,0.0,0.0,0.0,0.0,0.0,0.0,0.0,0.0,0.0,0.0,0.008241758241758244,1.2609890109890112,10.063186813186816,14.332417582417586,4.335164835164836,4.376849434290688,2.9905310668426774,nan,nan,nan,4.285839929639402,2.989295181834677,4.46597760551249,2.9890564272157665,1.0420308921542583,0.4067,0.007656,0.0,0.0,0.0,0.0,0.0,0.0,0.0,0.0,0.0,0.0,0.0,5.530219780219772,24.453296703296708,0.016483516483516487,0.0,0.0,0.0,0.0,0.0,0.0,0.0,0.0,0.0,0.0,0.0,0.0,0.0,0.0,0.0,0.0,nan,nan,4.376849434290688,2.9905310668426774,nan,0.4067,0.03476,0.0,0.0,0.0,0.0,0.0,0.0,0.0,0.0,0.0,0.0,0.0,0.0,0.0,0.0,0.0,0.0,0.0,0.0,0.0,0.0,0.0,0.0,0.0,1.3736263736263736e-05,0.0,0.0,0.0,0.0,2.7472527472527473e-05,0.0006181318681318681,0.0014697802197802198,0.0023626373626373627,0.00440934065934066,0.006634615384615385,0.02620879120879121,0.030892857142857142,0.04581043956043956,0.07454670329670329,0.08762362637362638,0.07162087912087912,0.15328296703296704,0.10445054945054945,0.11100274725274725,0.0846978021978022,0.06002747252747253,0.059739010989010986,0.02103021978021978,0.025892857142857145,0.0035164835164835165,0.008557692307692308,0.01364010989010989,0.0019230769230769232,0.0,0.0,0.0,0.0,0.0,0.0,0.0,0.0,0.0,0.0,0.0,0.0,0.0,0.0,0.0,0.0,0.0,0.0,0.0,0.0,0.0,0.0,0.0,0.0,0.0,0.0,0.0,0.0,0.0,0.0,0.0,0.0,0.0,0.0,0.0,0.0,0.0,0.0,0.0,0.0,0.0,0.0,0.0,0.0,0.0,0.0,0.0,0.0,0.0,nan,nan,4.376849434290688,2.9905310668426774,nan,0.9411850349458126,0.023118041445216363,0.0,0.0,0.0,0.0,0.0,0.0,0.0,0.0,0.0,0.0,0.0,0.0,0.0,0.0,0.0,0.0,0.0,0.0,0.0,0.0,0.0,0.0,0.0,0.0,0.0,0.0,1.018027571580064,10.259809119830331,14.236479321314956,4.485683987274657,0.9401780490592513,0.023984261848022895,0.0,0.0,0.0,0.0,0.0,0.0,0.0,0.0,0.0,0.0,0.0,0.0,0.0,0.0,0.0,0.0,0.0,0.0,0.0,0.0,0.0,0.0,0.0,0.0,0.0,0.017103762827822125,1.522234891676169,9.851767388825543,14.435575826681875,4.173318129988599,0.4067,0.00753,0.0,0.0,0.0,0.0,0.0,0.0,0.0,0.0,0.0,0.0,0.0,5.360551431601265,24.623541887592793,0.0159066808059385,0.0,0.0,0.0,0.0,0.0,0.0,0.0,0.0,0.0,0.0,0.0,0.0,0.0,0.0,0.0,0.0,0.4067,0.00779,0.0,0.0,0.0,0.0,0.0,0.0,0.0,0.0,0.0,0.0,0.0,5.71265678449258,24.270239452679593,0.017103762827822125,0.0,0.0,0.0,0.0,0.0,0.0,0.0,0.0,0.0,0.0,0.0,0.0,0.0,0.0,0.0,0.0
5900,3841,2036,0.5300702941942202,961,779,0.453007029419422,1084,0.5644363447019005,0.414,3.01606648199446,3.0785230541651183,6.47148288973384,2.138312580230467,8313.62796857225,433.7283251330201,7853.0,8738.53482016325,8721.994119492148,5.38822089634259,7853.0,0.0,28.222598281697476,20.80258103910063,32.96188134030126,19.070027029898426,0.1319968758135902,0.09893256964332205,0.09216349908877897,0.0895600104139547,0.08227024212444675,0.07654256703983338,0.07133558969018484,0.06482686800312419,0.059099192918510804,0.04764384274928404,0.0481645404842489,0.041916167664670656,0.032022910700338456,0.028898724290549335,0.01614162978391044,0.013538141109086176,0.004946628482166103,0.9400931806869726,0.023178223149067995,0.0,0.0,0.0,0.0,0.0,0.0,0.0,0.0,0.0,0.0,0.0,0.0,0.0,0.0,0.0,0.0,0.0,0.0,0.0,0.0,0.0,0.0,0.0,0.0,0.0,0.007810466024472796,1.25748502994012,10.239520958083835,14.66805519395991,3.8271283519916697,4.241447891805887,2.9568927019667526,nan,nan,nan,4.297685554668795,2.9736758456836454,4.186507936507937,2.940031669589799,0.9741308160528217,0.4072,0.007713,0.0,0.0,0.0,0.0,0.0,0.0,0.0,0.0,0.0,0.0,0.0,5.350169226763856,24.642020307211666,0.007810466024472796,0.0,0.0,0.0,0.0,0.0,0.0,0.0,0.0,0.0,0.0,0.0,0.0,0.0,0.0,0.0,0.0,nan,nan,4.241447891805887,2.9568927019667526,nan,0.4072,0.03476,0.0,0.0,0.0,0.0,0.0,0.0,0.0,0.0,0.0,0.0,0.0,0.0,0.0,0.0,0.0,0.0,0.0,0.0,0.0,0.0,0.0,0.0,0.0,0.0,0.0,0.0,0.0,2.6034886748242646e-05,0.0,0.0008200989325696434,0.0010804478000520697,0.002134860713355897,0.003501692267638636,0.006261390262952356,0.024850299401197606,0.03129393387138766,0.043543348086435826,0.07788336370736787,0.0875423066909659,0.07192137464202031,0.1524472793543348,0.10441291330382713,0.10640458214006769,0.08700859151262692,0.0620281176776881,0.06076542567039833,0.021999479302265035,0.024642020307211663,0.0040093725592293674,0.008539442853423588,0.015035147097110128,0.0017703722988804999,0.0,7.810466024472793e-05,0.0,0.0,0.0,0.0,0.0,0.0,0.0,0.0,0.0,0.0,0.0,0.0,0.0,0.0,0.0,0.0,0.0,0.0,0.0,0.0,0.0,0.0,0.0,0.0,0.0,0.0,0.0,0.0,0.0,0.0,0.0,0.0,0.0,0.0,0.0,0.0,0.0,0.0,0.0,0.0,0.0,0.0,0.0,0.0,0.0,0.0,0.0,nan,nan,4.241447891805887,2.9568927019667526,nan,0.9405943109619126,0.023238856302781392,0.0,0.0,0.0,0.0,0.0,0.0,0.0,0.0,0.0,0.0,0.0,0.0,0.0,0.0,0.0,0.0,0.0,0.0,0.0,0.0,0.0,0.0,0.0,0.0,0.0,0.014734774066797646,1.2082514734774068,10.13752455795678,14.72003929273085,3.9194499017681736,0.9395279168422203,0.023096593640251774,0.0,0.0,0.0,0.0,0.0,0.0,0.0,0.0,0.0,0.0,0.0,0.0,0.0,0.0,0.0,0.0,0.0,0.0,0.0,0.0,0.0,0.0,0.0,0.0,0.0,0.0,1.3130193905817178,10.354570637119116,14.60941828254848,3.7229916897506934,0.4075,0.007725,0.0,0.0,0.0,0.0,0.0,0.0,0.0,0.0,0.0,0.0,0.0,5.230844793713156,24.754420432220048,0.014734774066797646,0.0,0.0,0.0,0.0,0.0,0.0,0.0,0.0,0.0,0.0,0.0,0.0,0.0,0.0,0.0,0.0,0.407,0.007687,0.0,0.0,0.0,0.0,0.0,0.0,0.0,0.0,0.0,0.0,0.0,5.48476454293628,24.515235457063717,0.0,0.0,0.0,0.0,0.0,0.0,0.0,0.0,0.0,0.0,0.0,0.0,0.0,0.0,0.0,0.0,0.0
6000,3668,1889,0.5149945474372956,896,769,0.4539258451472192,1031,0.5621592148309705,0.43,3.040472175379427,3.1987812114218803,6.859213250517598,2.273452196170315,8300.511314659125,434.30459919087286,7853.0,8740.257261836528,8721.963209195166,5.572759382337459,7853.0,0.0,27.84269356597601,20.767302926124046,32.56723637536279,19.109143832526073,0.13522355507088332,0.10169029443838604,0.09187568157033806,0.09078516902944384,0.08424209378407851,0.07715376226826609,0.0722464558342421,0.05997818974918211,0.05670665212649945,0.05343511450381679,0.04471101417666303,0.04198473282442748,0.029443838604143947,0.021810250817884406,0.01935659760087241,0.011177753544165758,0.008178844056706653,0.9406901125104503,0.023207542337791022,0.0,0.0,0.0,0.0,0.0,0.0,0.0,0.0,0.0,0.0,0.0,0.0,0.0,0.0,0.0,0.0,0.0,0.0,0.0,0.0,0.0,0.0,0.0,0.0,0.0,0.04907306434023992,1.2840785169029447,9.700109051254092,15.163576881134137,3.803162486368594,4.27436974789916,2.9519852709248195,nan,nan,nan,4.283208020050125,2.9686460239827253,4.265426880811496,2.935004001089577,0.995848639814972,0.407,0.007812,0.0,0.0,0.0,0.0,0.0,0.0,0.0,0.0,0.0,0.0,0.0,5.872410032715368,24.127589967284628,0.0,0.0,0.0,0.0,0.0,0.0,0.0,0.0,0.0,0.0,0.0,0.0,0.0,0.0,0.0,0.0,0.0,nan,nan,4.27436974789916,2.9519852709248195,nan,0.407,0.0351,0.0,0.0,0.0,0.0,0.0,0.0,0.0,0.0,0.0,0.0,0.0,0.0,0.0,0.0,0.0,0.0,0.0,0.0,0.0,0.0,0.0,0.0,0.0,0.0,0.0,0.0,0.0,0.0,0.0,0.0010359869138495093,0.0010632497273718648,0.0016221374045801526,0.003476008724100327,0.006556706652126499,0.026553980370774263,0.03244274809160305,0.04745092693565976,0.0789803707742639,0.08886314067611778,0.07047437295528898,0.14505179934569248,0.098773173391494,0.11172300981461286,0.086273173391494,0.06479007633587787,0.06056434023991276,0.02130588876772083,0.022001090512540893,0.00443020719738277,0.009092148309705561,0.015512540894220283,0.0019220283533260632,0.0,2.7262813522355506e-05,1.3631406761177753e-05,0.0,0.0,0.0,0.0,0.0,0.0,0.0,0.0,0.0,0.0,0.0,0.0,0.0,0.0,0.0,0.0,0.0,0.0,0.0,0.0,0.0,0.0,0.0,0.0,0.0,0.0,0.0,0.0,0.0,0.0,0.0,0.0,0.0,0.0,0.0,0.0,0.0,0.0,0.0,0.0,0.0,0.0,0.0,0.0,0.0,0.0,nan,nan,4.27436974789916,2.9519852709248195,nan,0.9409667049973903,0.023605846432514416,0.0,0.0,0.0,0.0,0.0,0.0,0.0,0.0,0.0,0.0,0.0,0.0,0.0,0.0,0.0,0.0,0.0,0.0,0.0,0.0,0.0,0.0,0.0,0.0,0.0,0.07940709370037058,1.1911064055055587,9.719428268925359,15.182636315510857,3.827421916357862,0.9403964176212823,0.02277330981708718,0.0,0.0,0.0,0.0,0.0,0.0,0.0,0.0,0.0,0.0,0.0,0.0,0.0,0.0,0.0,0.0,0.0,0.0,0.0,0.0,0.0,0.0,0.0,0.0,0.0,0.016863406408094438,1.3827993254637438,9.679595278246207,15.143338954468806,3.7774030354131547,0.407,0.00784,0.0,0.0,0.0,0.0,0.0,0.0,0.0,0.0,0.0,0.0,0.0,5.955532027527783,24.044467972472212,0.0,0.0,0.0,0.0,0.0,0.0,0.0,0.0,0.0,0.0,0.0,0.0,0.0,0.0,0.0,0.0,0.0,0.407,0.007782,0.0,0.0,0.0,0.0,0.0,0.0,0.0,0.0,0.0,0.0,0.0,5.7841483979763835,24.215851602023612,0.0,0.0,0.0,0.0,0.0,0.0,0.0,0.0,0.0,0.0,0.0,0.0,0.0,0.0,0.0,0.0,0.0
6100,3750,1968,0.5248,927,751,0.4474666666666667,1027,0.5477333333333333,0.43,2.98709315375982,3.1182010791477226,6.608080808080808,2.116776507179925,8309.144379453304,434.0720813799406,7853.0,8741.241819763183,8722.177552311934,5.488955492615931,7853.0,0.0,27.552533333333333,20.773015514898706,32.54574434172777,19.045151171166864,0.14266666666666666,0.10773333333333333,0.0904,0.07706666666666667,0.0872,0.0784,0.06853333333333333,0.06426666666666667,0.06,0.05093333333333333,0.04346666666666667,0.034666666666666665,0.0344,0.029066666666666668,0.013866666666666666,0.010666666666666666,0.006666666666666667,0.9414612743854522,0.02334416881615967,0.0,0.0,0.0,0.0,0.0,0.0,0.0,0.0,0.0,0.0,0.0,0.0,0.0,0.0,0.0,0.0,0.0,0.0,0.0,0.0,0.0,0.0,0.0,0.0,0.0,0.008000000000000002,1.0320000000000003,10.080000000000002,14.616000000000003,4.264000000000001,4.207112970711297,2.922605523469602,nan,nan,nan,4.297925311203319,2.9552744623720746,4.1147679324894515,2.8860776766101375,0.9573846994882775,0.4072,0.00778,0.0,0.0,0.0,0.0,0.0,0.0,0.0,0.0,0.0,0.0,0.0,5.415999999999992,24.568000000000005,0.016000000000000004,0.0,0.0,0.0,0.0,0.0,0.0,0.0,0.0,0.0,0.0,0.0,0.0,0.0,0.0,0.0,0.0,nan,nan,4.207112970711297,2.922605523469602,nan,0.4072,0.03482,0.0,0.0,0.0,0.0,0.0,0.0,0.0,0.0,0.0,0.0,0.0,0.0,0.0,0.0,0.0,0.0,0.0,0.0,0.0,0.0,0.0,0.0,0.0,0.0,0.0,0.0,0.0,0.0,0.0,0.0012533333333333333,0.0009733333333333333,0.0013333333333333333,0.0022,0.0058,0.027066666666666666,0.03577333333333333,0.04173333333333333,0.07498666666666666,0.09402666666666666,0.06837333333333333,0.14612,0.10045333333333334,0.11225333333333333,0.08982666666666667,0.06449333333333333,0.06284,0.020013333333333334,0.019693333333333334,0.004346666666666667,0.0094,0.01468,0.0022933333333333334,0.0,0.0,6.666666666666667e-05,0.0,0.0,0.0,0.0,0.0,0.0,0.0,0.0,0.0,0.0,0.0,0.0,0.0,0.0,0.0,0.0,0.0,0.0,0.0,0.0,0.0,0.0,0.0,0.0,0.0,0.0,0.0,0.0,0.0,0.0,0.0,0.0,0.0,0.0,0.0,0.0,0.0,0.0,0.0,0.0,0.0,0.0,0.0,0.0,0.0,0.0,nan,nan,4.207112970711297,2.922605523469602,nan,0.9416684657032413,0.02347626055473934,0.0,0.0,0.0,0.0,0.0,0.0,0.0,0.0,0.0,0.0,0.0,0.0,0.0,0.0,0.0,0.0,0.0,0.0,0.0,0.0,0.0,0.0,0.0,0.0,0.0,0.015243902439024393,0.9451219512195125,10.045731707317074,14.664634146341466,4.329268292682928,0.9412324570378604,0.023195265242250615,0.0,0.0,0.0,0.0,0.0,0.0,0.0,0.0,0.0,0.0,0.0,0.0,0.0,0.0,0.0,0.0,0.0,0.0,0.0,0.0,0.0,0.0,0.0,0.0,0.0,0.0,1.1279461279461283,10.11784511784512,14.562289562289566,4.191919191919193,0.4072,0.007683,0.0,0.0,0.0,0.0,0.0,0.0,0.0,0.0,0.0,0.0,0.0,5.259146341463407,24.725609756097565,0.015243902439024393,0.0,0.0,0.0,0.0,0.0,0.0,0.0,0.0,0.0,0.0,0.0,0.0,0.0,0.0,0.0,0.0,0.4072,0.00788,0.0,0.0,0.0,0.0,0.0,0.0,0.0,0.0,0.0,0.0,0.0,5.589225589225581,24.393939393939398,0.016835016835016838,0.0,0.0,0.0,0.0,0.0,0.0,0.0,0.0,0.0,0.0,0.0,0.0,0.0,0.0,0.0,0.0
6200,3853,2026,0.5258240332208669,968,753,0.44666493641318455,1061,0.5507396833636128,0.418,3.0908593322386424,3.173932322527512,6.783018867924528,2.0374082545897414,8309.948168267056,433.94453951990033,7853.0,8738.74597980976,8722.013471042927,5.4079253836272985,7853.0,0.0,27.728523228652996,20.664261137818652,32.590249922863315,18.927033538013244,0.13677653776278226,0.09966260057098365,0.0983649104593823,0.0898001557228134,0.07812094471840124,0.07604464053983909,0.06280820140150532,0.07059434207111341,0.05372437062029587,0.058655593044381005,0.050090838307812094,0.03503763301323644,0.03296132883467428,0.0241370360757851,0.017648585517778353,0.009862444848170258,0.0057098364910459385,0.9405415061075224,0.0233403322651027,0.0,0.0,0.0,0.0,0.0,0.0,0.0,0.0,0.0,0.0,0.0,0.0,0.0,0.0,0.0,0.0,0.0,0.0,0.0,0.0,0.0,0.0,0.0,0.0,0.0,0.015572281339216199,1.3625746171814173,9.9974046197768,14.630158318193619,3.994290163508955,4.292426083434589,2.9206370615996433,nan,nan,nan,4.281350482315113,2.9406682929216865,4.3047385620915035,2.9010552109325634,1.0054627809316241,0.4072,0.00779,0.0,0.0,0.0,0.0,0.0,0.0,0.0,0.0,0.0,0.0,0.0,5.107708279262904,24.884505580067483,0.007786140669608099,0.0,0.0,0.0,0.0,0.0,0.0,0.0,0.0,0.0,0.0,0.0,0.0,0.0,0.0,0.0,0.0,nan,nan,4.292426083434589,2.9206370615996433,nan,0.4072,0.03488,0.0,0.0,0.0,0.0,0.0,0.0,0.0,0.0,0.0,0.0,0.0,0.0,0.0,0.0,0.0,0.0,0.0,0.0,0.0,0.0,0.0,0.0,0.0,0.0,0.0,0.0,2.595380223202699e-05,3.893070334804049e-05,0.0,0.0017389047495458086,0.0008954061770049312,0.0011938749026732416,0.001544251232805606,0.006280820140150532,0.026511808980015573,0.03438878795743577,0.046392421489748245,0.07464313521930963,0.09137036075785103,0.06851803789255126,0.13941084868933298,0.09896184791071892,0.11746690890215417,0.0924993511549442,0.06400207630417856,0.06228912535686478,0.020555411367765376,0.02130807163249416,0.005229691149753439,0.007864002076304178,0.01522190500908383,0.001648066441733714,0.0,0.0,0.0,0.0,0.0,0.0,0.0,0.0,0.0,0.0,0.0,0.0,0.0,0.0,0.0,0.0,0.0,0.0,0.0,0.0,0.0,0.0,0.0,0.0,0.0,0.0,0.0,0.0,0.0,0.0,0.0,0.0,0.0,0.0,0.0,0.0,0.0,0.0,0.0,0.0,0.0,0.0,0.0,0.0,0.0,0.0,0.0,0.0,0.0,nan,nan,4.292426083434589,2.9206370615996433,nan,0.940835308934482,0.023107224341894553,0.0,0.0,0.0,0.0,0.0,0.0,0.0,0.0,0.0,0.0,0.0,0.0,0.0,0.0,0.0,0.0,0.0,0.0,0.0,0.0,0.0,0.0,0.0,0.0,0.0,0.014807502467917082,1.1994076999012835,10.069101678183614,14.61500493583416,4.101678183613031,0.9402157017684857,0.02359186004815011,0.0,0.0,0.0,0.0,0.0,0.0,0.0,0.0,0.0,0.0,0.0,0.0,0.0,0.0,0.0,0.0,0.0,0.0,0.0,0.0,0.0,0.0,0.0,0.0,0.0,0.01642036124794746,1.543513957307061,9.917898193760264,14.646962233169134,3.8752052545156004,0.4072,0.00783,0.0,0.0,0.0,0.0,0.0,0.0,0.0,0.0,0.0,0.0,0.0,5.123395853899302,24.8766041461007,0.0,0.0,0.0,0.0,0.0,0.0,0.0,0.0,0.0,0.0,0.0,0.0,0.0,0.0,0.0,0.0,0.0,0.4072,0.007744,0.0,0.0,0.0,0.0,0.0,0.0,0.0,0.0,0.0,0.0,0.0,5.090311986863704,24.893267651888344,0.01642036124794746,0.0,0.0,0.0,0.0,0.0,0.0,0.0,0.0,0.0,0.0,0.0,0.0,0.0,0.0,0.0,0.0
6300,3893,2015,0.5175956845620344,920,831,0.4497816593886463,1108,0.5692268173645004,0.40199999999999997,2.9435569755058575,3.084539847362971,6.654545454545454,2.0675107136274256,8302.793569427733,434.251476732747,7853.0,8741.035729849338,8722.005640586682,5.463688554005138,7853.0,0.0,27.06062162856409,20.44961915362476,32.158936301793446,18.68708828649768,0.1474441304906242,0.09786796814795787,0.097097354225533,0.09195992807603391,0.08528127408168508,0.07397893655278705,0.06447469817621372,0.06575905471358849,0.05137426149499101,0.05625481633701516,0.04392499357821731,0.040071923966092986,0.03519136912406884,0.023118417672745955,0.012586694066272797,0.007449267916773697,0.0061649113793989215,0.9408912638328144,0.023330340223096095,0.0,0.0,0.0,0.0,0.0,0.0,0.0,0.0,0.0,0.0,0.0,0.0,0.0,0.0,0.0,0.0,0.0,0.0,0.0,0.0,0.0,0.0,0.0,0.0,0.0,0.02311841767274596,1.1636270228615466,10.06421782686874,14.626252247623944,4.122784484973029,4.249594813614262,2.864034623619126,nan,nan,nan,4.300165837479271,2.8981237092052847,4.201267828843106,2.8302304525951643,0.9770013500934797,0.4072,0.00779,0.0,0.0,0.0,0.0,0.0,0.0,0.0,0.0,0.0,0.0,0.0,5.186231697919335,24.806062162856414,0.007706139224248653,0.0,0.0,0.0,0.0,0.0,0.0,0.0,0.0,0.0,0.0,0.0,0.0,0.0,0.0,0.0,0.0,nan,nan,4.249594813614262,2.864034623619126,nan,0.4072,0.03503,0.0,0.0,0.0,0.0,0.0,0.0,0.0,0.0,0.0,0.0,0.0,0.0,0.0,0.0,0.0,0.0,0.0,0.0,0.0,0.0,0.0,0.0,0.0,0.0,0.0,0.0,1.2843565373747753e-05,0.0,0.0,0.001913691240688415,0.0010274852298998202,0.0009761109684048292,0.0025301823786283073,0.007243770870793732,0.027010017980991525,0.03352170562548163,0.04641664526072438,0.07405599794502954,0.08855638325199075,0.06966349858720781,0.14039301310043667,0.09524788081171333,0.11705625481633701,0.09475982532751091,0.06320318520421268,0.06466735165681993,0.019676342152581558,0.022424865142563574,0.005137426149499101,0.008656563061905985,0.014551759568456203,0.0012843565373747753,0.0,1.2843565373747753e-05,0.0,0.0,0.0,0.0,0.0,0.0,0.0,0.0,0.0,0.0,0.0,0.0,0.0,0.0,0.0,0.0,0.0,0.0,0.0,0.0,0.0,0.0,0.0,0.0,0.0,0.0,0.0,0.0,0.0,0.0,0.0,0.0,0.0,0.0,0.0,0.0,0.0,0.0,0.0,0.0,0.0,0.0,0.0,0.0,0.0,0.0,0.0,nan,nan,4.249594813614262,2.864034623619126,nan,0.9407838586246405,0.023152166682683568,0.0,0.0,0.0,0.0,0.0,0.0,0.0,0.0,0.0,0.0,0.0,0.0,0.0,0.0,0.0,0.0,0.0,0.0,0.0,0.0,0.0,0.0,0.0,0.0,0.0,0.014888337468982634,1.1612903225806455,10.109181141439208,14.799007444168739,3.9156327543424325,0.9410065042452056,0.023519465087292087,0.0,0.0,0.0,0.0,0.0,0.0,0.0,0.0,0.0,0.0,0.0,0.0,0.0,0.0,0.0,0.0,0.0,0.0,0.0,0.0,0.0,0.0,0.0,0.0,0.0,0.031948881789137386,1.1661341853035145,10.01597444089457,14.4408945686901,4.345047923322685,0.4072,0.00769,0.0,0.0,0.0,0.0,0.0,0.0,0.0,0.0,0.0,0.0,0.0,5.151364764267983,24.84863523573202,0.0,0.0,0.0,0.0,0.0,0.0,0.0,0.0,0.0,0.0,0.0,0.0,0.0,0.0,0.0,0.0,0.0,0.4075,0.00789,0.0,0.0,0.0,0.0,0.0,0.0,0.0,0.0,0.0,0.0,0.0,5.223642172523954,24.760383386581474,0.015974440894568693,0.0,0.0,0.0,0.0,0.0,0.0,0.0,0.0,0.0,0.0,0.0,0.0,0.0,0.0,0.0,0.0
6400,3688,1884,0.5108459869848156,875,757,0.44251626898047725,1054,0.571583514099783,0.40199999999999997,2.895787139689579,3.0420562815836294,6.41796875,2.142644889855395,8296.819344729556,434.3109837158068,7853.0,8741.104699337482,8721.79285741115,5.339554697024703,7853.0,0.0,28.147505422993493,20.975399785539313,33.146688206785136,19.18926567489961,0.14099783080260303,0.09354663774403471,0.08839479392624729,0.09544468546637744,0.08405639913232105,0.07754880694143167,0.061279826464208244,0.06372017353579176,0.057483731019522775,0.05178958785249458,0.04473969631236443,0.04338394793926247,0.03470715835140998,0.024945770065075923,0.019522776572668113,0.012472885032537961,0.00596529284164859,0.9397597284644131,0.02364653472228632,0.0,0.0,0.0,0.0,0.0,0.0,0.0,0.0,0.0,0.0,0.0,0.0,0.0,0.0,0.0,0.0,0.0,0.0,0.0,0.0,0.0,0.0,0.0,0.0,0.0,0.05694143167028201,1.2120390455531456,10.58297180043384,14.243492407809114,3.9045553145336234,4.220452640402347,2.871226297060296,nan,nan,nan,4.167224080267559,2.865513312089351,4.273949579831933,2.875964206158496,1.0256106937156884,0.4075,0.007812,0.0,0.0,0.0,0.0,0.0,0.0,0.0,0.0,0.0,0.0,0.0,5.181670281995654,24.793926247288507,0.024403470715835145,0.0,0.0,0.0,0.0,0.0,0.0,0.0,0.0,0.0,0.0,0.0,0.0,0.0,0.0,0.0,0.0,nan,nan,4.220452640402347,2.871226297060296,nan,0.4075,0.03503,0.0,0.0,0.0,0.0,0.0,0.0,0.0,0.0,0.0,0.0,0.0,0.0,0.0,0.0,0.0,0.0,0.0,0.0,0.0,0.0,0.0,0.0,0.0,0.0,0.0,0.0,0.0,0.0,0.0,0.002209869848156182,0.0010574837310195228,0.0013421908893709329,0.0025488069414316703,0.007415943600867679,0.02532537960954447,0.030897505422993493,0.04238069414316703,0.07532537960954447,0.09398047722342733,0.06860086767895879,0.14129609544468547,0.09562093275488069,0.11998373101952278,0.09346529284164859,0.06275759219088937,0.0632592190889371,0.0188177874186551,0.02249186550976139,0.006195770065075922,0.008310737527114968,0.015482646420824295,0.0010168112798264641,0.00018980477223427331,0.0,0.0,0.0,2.7114967462039044e-05,0.0,0.0,0.0,0.0,0.0,0.0,0.0,0.0,0.0,0.0,0.0,0.0,0.0,0.0,0.0,0.0,0.0,0.0,0.0,0.0,0.0,0.0,0.0,0.0,0.0,0.0,0.0,0.0,0.0,0.0,0.0,0.0,0.0,0.0,0.0,0.0,0.0,0.0,0.0,0.0,0.0,0.0,0.0,0.0,nan,nan,4.220452640402347,2.871226297060296,nan,0.9396025232511974,0.02326173336900846,0.0,0.0,0.0,0.0,0.0,0.0,0.0,0.0,0.0,0.0,0.0,0.0,0.0,0.0,0.0,0.0,0.0,0.0,0.0,0.0,0.0,0.0,0.0,0.0,0.0,0.015923566878980895,1.2420382165605097,10.748407643312104,14.235668789808921,3.7579617834394914,0.9399239050839798,0.024040729308361642,0.0,0.0,0.0,0.0,0.0,0.0,0.0,0.0,0.0,0.0,0.0,0.0,0.0,0.0,0.0,0.0,0.0,0.0,0.0,0.0,0.0,0.0,0.0,0.0,0.0,0.09977827050997784,1.1807095343680711,10.410199556541022,14.25166297117517,4.057649667405766,0.4075,0.007866,0.0,0.0,0.0,0.0,0.0,0.0,0.0,0.0,0.0,0.0,0.0,5.111464968152858,24.840764331210195,0.047770700636942685,0.0,0.0,0.0,0.0,0.0,0.0,0.0,0.0,0.0,0.0,0.0,0.0,0.0,0.0,0.0,0.0,0.4075,0.007767,0.0,0.0,0.0,0.0,0.0,0.0,0.0,0.0,0.0,0.0,0.0,5.254988913525491,24.745011086474506,0.0,0.0,0.0,0.0,0.0,0.0,0.0,0.0,0.0,0.0,0.0,0.0,0.0,0.0,0.0,0.0,0.0
6500,3374,1772,0.5251926496739775,857,672,0.45317131001778305,917,0.5435684647302904,0.422,2.9188514357053683,3.057241121510902,6.309417040358745,2.263623651767155,8309.287553759606,433.86597954678007,7853.0,8741.308729672432,8721.800342203675,5.386311604520227,7853.0,0.0,27.572317723770006,20.60938729888944,32.568745570517365,18.831963902046436,0.14493183165382337,0.0995850622406639,0.08743331357439241,0.08713692946058091,0.08298755186721991,0.07794902193242442,0.06965026674570243,0.06846473029045644,0.06046235921754594,0.05068168346176645,0.04593953764078246,0.03764078245406046,0.03171310017783047,0.02045050385299348,0.015708358032009484,0.012448132780082987,0.006816834617664493,0.9398585983861744,0.023176180094734787,0.0,0.0,0.0,0.0,0.0,0.0,0.0,0.0,0.0,0.0,0.0,0.0,0.0,0.0,0.0,0.0,0.0,0.0,0.0,0.0,0.0,0.0,0.0,0.0,0.0,0.008891523414344992,1.307053941908714,10.403082394783642,14.422050978067578,3.858921161825727,4.156871818602498,2.880290974996269,nan,nan,nan,4.215992647058823,2.8485422174599795,4.096924510717614,2.910904371481792,0.971757982921466,0.4072,0.007553,0.0,0.0,0.0,0.0,0.0,0.0,0.0,0.0,0.0,0.0,0.0,5.032602252519258,24.94961470065205,0.017783046828689985,0.0,0.0,0.0,0.0,0.0,0.0,0.0,0.0,0.0,0.0,0.0,0.0,0.0,0.0,0.0,0.0,nan,nan,4.156871818602498,2.880290974996269,nan,0.4072,0.03503,0.0,0.0,0.0,0.0,0.0,0.0,0.0,0.0,0.0,0.0,0.0,0.0,0.0,0.0,0.0,0.0,0.0,0.0,0.0,0.0,0.0,0.0,0.0,0.0,0.0,0.0,1.4819205690574985e-05,0.0,4.4457617071724953e-05,0.002148784825133373,0.001141078838174274,0.001022525192649674,0.0015708358032009485,0.0077356253704801425,0.0261262596324837,0.032350326022525196,0.04096028452874926,0.0782602252519265,0.09475400118553645,0.06991701244813278,0.14113811499703616,0.09402786010669828,0.11802015411973918,0.09044161232957913,0.06376704208654416,0.06435981031416715,0.020761707172495553,0.02125074096028453,0.005631298162418494,0.008106105512744518,0.015619442797866034,0.0005631298162418494,0.0002074688796680498,0.0,0.0,0.0,5.927682276229994e-05,0.0,0.0,0.0,0.0,0.0,0.0,0.0,0.0,0.0,0.0,0.0,0.0,0.0,0.0,0.0,0.0,0.0,0.0,0.0,0.0,0.0,0.0,0.0,0.0,0.0,0.0,0.0,0.0,0.0,0.0,0.0,0.0,0.0,0.0,0.0,0.0,0.0,0.0,0.0,0.0,0.0,0.0,0.0,0.0,nan,nan,4.156871818602498,2.880290974996269,nan,0.9398696224455371,0.02310099633523399,0.0,0.0,0.0,0.0,0.0,0.0,0.0,0.0,0.0,0.0,0.0,0.0,0.0,0.0,0.0,0.0,0.0,0.0,0.0,0.0,0.0,0.0,0.0,0.0,0.0,0.016930022573363436,1.286681715575621,10.276523702031605,14.576749435665919,3.8431151241535,0.9398464044828093,0.02325905299100632,0.0,0.0,0.0,0.0,0.0,0.0,0.0,0.0,0.0,0.0,0.0,0.0,0.0,0.0,0.0,0.0,0.0,0.0,0.0,0.0,0.0,0.0,0.0,0.0,0.0,0.0,1.3295880149812738,10.543071161048692,14.250936329588017,3.8764044943820237,0.4072,0.007534,0.0,0.0,0.0,0.0,0.0,0.0,0.0,0.0,0.0,0.0,0.0,5.011286681715569,24.971783295711067,0.016930022573363436,0.0,0.0,0.0,0.0,0.0,0.0,0.0,0.0,0.0,0.0,0.0,0.0,0.0,0.0,0.0,0.0,0.4072,0.007576,0.0,0.0,0.0,0.0,0.0,0.0,0.0,0.0,0.0,0.0,0.0,5.056179775280891,24.925093632958806,0.01872659176029963,0.0,0.0,0.0,0.0,0.0,0.0,0.0,0.0,0.0,0.0,0.0,0.0,0.0,0.0,0.0,0.0
6600,3471,1776,0.5116681071737251,795,718,0.4358974358974359,970,0.5589167386920196,0.418,2.8525073746312684,3.072297656008245,6.463736263736264,2.2004752974843385,8297.487405156759,434.2510244215053,7853.0,8742.695776844024,8721.702580686435,5.530413588042055,7853.0,0.0,27.76375684240853,21.043809378754094,32.8155808341951,19.33419807893506,0.1431864016133679,0.10256410256410256,0.09564966868337654,0.09363295880149813,0.06914433880726016,0.07519446845289542,0.07116104868913857,0.05646787669259579,0.055891673869201956,0.05502736963411121,0.04523192163641602,0.04091040046096226,0.03111495246326707,0.02564102564102564,0.021607605877268798,0.012100259291270527,0.005473926822241429,0.9390479958871365,0.023297931590968133,0.0,0.0,0.0,0.0,0.0,0.0,0.0,0.0,0.0,0.0,0.0,0.0,0.0,0.0,0.0,0.0,0.0,0.0,0.0,0.0,0.0,0.0,0.0,0.0,0.0,0.051858254105445124,1.4347450302506486,10.475367329299916,14.606741573033712,3.4312878133102855,4.213248638838476,2.889351902957213,nan,nan,nan,4.163153070577452,2.8719955015292147,4.2623539982030545,2.905426442794174,1.0238283161689856,0.4075,0.00804,0.0,0.0,0.0,0.0,0.0,0.0,0.0,0.0,0.0,0.0,0.0,5.617977528089879,24.3647363872083,0.017286084701815044,0.0,0.0,0.0,0.0,0.0,0.0,0.0,0.0,0.0,0.0,0.0,0.0,0.0,0.0,0.0,0.0,nan,nan,4.213248638838476,2.889351902957213,nan,0.4075,0.03525,0.0,0.0,0.0,0.0,0.0,0.0,0.0,0.0,0.0,0.0,0.0,0.0,0.0,0.0,0.0,0.0,0.0,0.0,0.0,0.0,0.0,0.0,0.0,0.0,0.0,0.0,0.0,0.0,2.881014116969173e-05,0.002549697493517718,0.0008787093056755978,0.0011091904350331316,0.0014693171996542783,0.007922788821665225,0.027542494958225295,0.03159031979256698,0.04186113511956208,0.0777297608758283,0.09481417458945549,0.07042639008931144,0.14006050129645636,0.09564966868337654,0.11097666378565255,0.09181791990780755,0.06339671564390666,0.06747335061941803,0.020051858254105444,0.022140593488908095,0.0056179775280898875,0.007533851915874388,0.016205704407951597,0.00041774704696053013,0.0007058484586574474,1.4405070584845865e-05,1.4405070584845865e-05,0.0,0.0,0.0,0.0,0.0,0.0,0.0,0.0,0.0,0.0,0.0,0.0,0.0,0.0,0.0,0.0,0.0,0.0,0.0,0.0,0.0,0.0,0.0,0.0,0.0,0.0,0.0,0.0,0.0,0.0,0.0,0.0,0.0,0.0,0.0,0.0,0.0,0.0,0.0,0.0,0.0,0.0,0.0,0.0,0.0,0.0,nan,nan,4.213248638838476,2.889351902957213,nan,0.9393389638479765,0.023527194060737465,0.0,0.0,0.0,0.0,0.0,0.0,0.0,0.0,0.0,0.0,0.0,0.0,0.0,0.0,0.0,0.0,0.0,0.0,0.0,0.0,0.0,0.0,0.0,0.0,0.0,0.08445945945945947,1.3682432432432434,10.439189189189191,14.510135135135139,3.597972972972974,0.9387431232626811,0.02305132762602359,0.0,0.0,0.0,0.0,0.0,0.0,0.0,0.0,0.0,0.0,0.0,0.0,0.0,0.0,0.0,0.0,0.0,0.0,0.0,0.0,0.0,0.0,0.0,0.0,0.0,0.01769911504424779,1.5044247787610623,10.513274336283189,14.707964601769916,3.2566371681415935,0.4075,0.008224,0.0,0.0,0.0,0.0,0.0,0.0,0.0,0.0,0.0,0.0,0.0,5.675675675675667,24.290540540540544,0.03378378378378379,0.0,0.0,0.0,0.0,0.0,0.0,0.0,0.0,0.0,0.0,0.0,0.0,0.0,0.0,0.0,0.0,0.4075,0.007835,0.0,0.0,0.0,0.0,0.0,0.0,0.0,0.0,0.0,0.0,0.0,5.557522123893798,24.4424778761062,0.0,0.0,0.0,0.0,0.0,0.0,0.0,0.0,0.0,0.0,0.0,0.0,0.0,0.0,0.0,0.0,0.0
6700,3261,1749,0.5363385464581417,817,617,0.43974241030358785,843,0.5170193192272309,0.45,3.017857142857143,3.148078049884289,6.585253456221198,2.2087726339900104,8318.826367368056,433.13504064857995,7853.0,8738.671306872367,8721.530465401502,5.423547366886935,7853.0,0.0,28.34191965654707,21.14562872323436,33.390716374269005,19.33999926858918,0.14351425942962281,0.09659613615455381,0.09199632014719411,0.08187672493100276,0.07727690892364306,0.0775835633241337,0.06899724011039558,0.06439742410303588,0.05427782888684453,0.05335786568537258,0.046304814474087706,0.04293161606869059,0.03986507206378412,0.02177246243483594,0.019319227230910764,0.011652867218644588,0.00827966881324747,0.9387324815401816,0.023309804585529816,0.0,0.0,0.0,0.0,0.0,0.0,0.0,0.0,0.0,0.0,0.0,0.0,0.0,0.0,0.0,0.0,0.0,0.0,0.0,0.0,0.0,0.0,0.0,0.0,0.0,0.01839926402943883,1.4351425942962284,10.800367985280591,14.287028518859248,3.459061637534499,4.208155523944997,2.9642743769406192,nan,nan,nan,4.163012392755005,2.9191724934572765,4.2502360717658165,3.0078097027116275,1.0209520584571425,0.4075,0.007805,0.0,0.0,0.0,0.0,0.0,0.0,0.0,0.0,0.0,0.0,0.0,5.050597976080949,24.94020239190433,0.009199632014719414,0.0,0.0,0.0,0.0,0.0,0.0,0.0,0.0,0.0,0.0,0.0,0.0,0.0,0.0,0.0,0.0,nan,nan,4.208155523944997,2.9642743769406192,nan,0.4075,0.03506,0.0,0.0,0.0,0.0,0.0,0.0,0.0,0.0,0.0,0.0,0.0,0.0,0.0,0.0,0.0,0.0,0.0,0.0,0.0,0.0,0.0,0.0,0.0,0.0,0.0,0.0,0.0,1.5332720024532352e-05,0.0,0.0028058877644894205,0.0008892977614228764,0.0012879484820607176,0.0010119595216191352,0.007620361852192579,0.02430236123888378,0.03141674333026679,0.04024839006439743,0.08088009812940816,0.0962128181539405,0.07072983747316774,0.14400490647040784,0.09248696718797915,0.11149954001839926,0.09405090463048145,0.05984360625574977,0.06688132474701013,0.022401103955841765,0.021143820913830113,0.0051977920883164675,0.007099049371358479,0.0166819993866912,0.000567310640907697,0.0007206378411530205,0.0,0.0,0.0,0.0,0.0,0.0,0.0,0.0,0.0,0.0,0.0,0.0,0.0,0.0,0.0,0.0,0.0,0.0,0.0,0.0,0.0,0.0,0.0,0.0,0.0,0.0,0.0,0.0,0.0,0.0,0.0,0.0,0.0,0.0,0.0,0.0,0.0,0.0,0.0,0.0,0.0,0.0,0.0,0.0,0.0,0.0,0.0,0.0,nan,nan,4.208155523944997,2.9642743769406192,nan,0.9387365650149193,0.023302141992217838,0.0,0.0,0.0,0.0,0.0,0.0,0.0,0.0,0.0,0.0,0.0,0.0,0.0,0.0,0.0,0.0,0.0,0.0,0.0,0.0,0.0,0.0,0.0,0.0,0.0,0.01715265866209263,1.4408233276157807,10.96054888507719,14.013722126929677,3.5677530017152668,0.938727757996983,0.02331866422703445,0.0,0.0,0.0,0.0,0.0,0.0,0.0,0.0,0.0,0.0,0.0,0.0,0.0,0.0,0.0,0.0,0.0,0.0,0.0,0.0,0.0,0.0,0.0,0.0,0.0,0.019841269841269847,1.4285714285714288,10.615079365079367,14.603174603174606,3.333333333333334,0.4072,0.007797,0.0,0.0,0.0,0.0,0.0,0.0,0.0,0.0,0.0,0.0,0.0,5.368782161234984,24.631217838765014,0.0,0.0,0.0,0.0,0.0,0.0,0.0,0.0,0.0,0.0,0.0,0.0,0.0,0.0,0.0,0.0,0.0,0.4077,0.0078,0.0,0.0,0.0,0.0,0.0,0.0,0.0,0.0,0.0,0.0,0.0,4.682539682539676,25.29761904761905,0.019841269841269847,0.0,0.0,0.0,0.0,0.0,0.0,0.0,0.0,0.0,0.0,0.0,0.0,0.0,0.0,0.0,0.0
6800,3368,1764,0.5237529691211401,835,681,0.4501187648456057,917,0.5445368171021377,0.422,2.9781795511221945,3.170570356688842,6.841981132075472,2.2541433212756345,8308.043926988312,433.9346524045365,7853.0,8740.686816060543,8721.81402839945,5.476903451616626,7853.0,0.0,27.255938242280283,20.465089482827313,32.238264580369844,18.724649650325553,0.14073634204275534,0.10480997624703088,0.09857482185273159,0.08491686460807601,0.07333729216152018,0.08165083135391923,0.07363420427553444,0.06769596199524941,0.05730403800475059,0.04928741092636579,0.04245843230403801,0.03859857482185273,0.03176959619952494,0.026128266033254157,0.014845605700712588,0.008907363420427554,0.005344418052256532,0.9391533223261742,0.023376573076638502,0.0,0.0,0.0,0.0,0.0,0.0,0.0,0.0,0.0,0.0,0.0,0.0,0.0,0.0,0.0,0.0,0.0,0.0,0.0,0.0,0.0,0.0,0.0,0.0,0.0,0.03562945368171022,1.318289786223278,10.590855106888363,14.45665083135392,3.5985748218527323,4.242977528089888,2.910565689424277,nan,nan,nan,4.213145539906103,2.9398693660801083,4.272642390289449,2.8808243357485646,1.0141217173296777,0.4077,0.007793,0.0,0.0,0.0,0.0,0.0,0.0,0.0,0.0,0.0,0.0,0.0,5.103919239904981,24.896080760095018,0.0,0.0,0.0,0.0,0.0,0.0,0.0,0.0,0.0,0.0,0.0,0.0,0.0,0.0,0.0,0.0,0.0,nan,nan,4.242977528089888,2.910565689424277,nan,0.4077,0.03537,0.0,0.0,0.0,0.0,0.0,0.0,0.0,0.0,0.0,0.0,0.0,0.0,0.0,0.0,0.0,0.0,0.0,0.0,0.0,0.0,0.0,0.0,0.0,0.0,0.0,0.0,0.0,5.9382422802850356e-05,0.0,0.0025089073634204278,0.0008907363420427554,0.0012470308788598574,0.0014251781472684087,0.008907363420427554,0.026172802850356294,0.029038004750593826,0.04023159144893112,0.07706353919239906,0.09866389548693587,0.07045724465558195,0.138687648456057,0.09489311163895486,0.11287114014251781,0.09100356294536817,0.06089667458432304,0.06970011876484561,0.022669239904988123,0.021125296912114015,0.004884204275534442,0.00785332541567696,0.017280285035629454,0.00046021377672209024,0.0009946555819477436,1.4845605700712589e-05,0.0,0.0,0.0,0.0,0.0,0.0,0.0,0.0,0.0,0.0,0.0,0.0,0.0,0.0,0.0,0.0,0.0,0.0,0.0,0.0,0.0,0.0,0.0,0.0,0.0,0.0,0.0,0.0,0.0,0.0,0.0,0.0,0.0,0.0,0.0,0.0,0.0,0.0,0.0,0.0,0.0,0.0,0.0,0.0,0.0,0.0,0.0,nan,nan,4.242977528089888,2.910565689424277,nan,0.9394024818662613,0.023428233944252978,0.0,0.0,0.0,0.0,0.0,0.0,0.0,0.0,0.0,0.0,0.0,0.0,0.0,0.0,0.0,0.0,0.0,0.0,0.0,0.0,0.0,0.0,0.0,0.0,0.0,0.03401360544217688,1.1564625850340138,10.816326530612248,14.115646258503405,3.8775510204081645,0.9388793089666272,0.023316552935568866,0.0,0.0,0.0,0.0,0.0,0.0,0.0,0.0,0.0,0.0,0.0,0.0,0.0,0.0,0.0,0.0,0.0,0.0,0.0,0.0,0.0,0.0,0.0,0.0,0.0,0.0374064837905237,1.496259351620948,10.342892768079803,14.831670822942646,3.2917705735660854,0.4077,0.00785,0.0,0.0,0.0,0.0,0.0,0.0,0.0,0.0,0.0,0.0,0.0,5.289115646258496,24.710884353741502,0.0,0.0,0.0,0.0,0.0,0.0,0.0,0.0,0.0,0.0,0.0,0.0,0.0,0.0,0.0,0.0,0.0,0.4077,0.00773,0.0,0.0,0.0,0.0,0.0,0.0,0.0,0.0,0.0,0.0,0.0,4.900249376558596,25.099750623441402,0.0,0.0,0.0,0.0,0.0,0.0,0.0,0.0,0.0,0.0,0.0,0.0,0.0,0.0,0.0,0.0,0.0
6900,3409,1740,0.5104136110296275,808,697,0.4414784394250513,964,0.5655617483132883,0.40599999999999997,2.8681845416417016,3.017722824917733,6.385775862068965,2.1294052313773815,8296.44601527652,434.32216218229246,7853.0,8737.744707608223,8721.7973942975,5.486881209200434,7853.0,0.0,28.51276034027574,21.207365007787743,33.334027055150884,19.50799023350075,0.13229686124963333,0.10208272220592549,0.09738926371369903,0.08330888823701965,0.07890877090055735,0.07245526547374596,0.07040187738339689,0.058081548841302434,0.058961572308594896,0.05250806688178351,0.047814608389557055,0.042241126430038134,0.03490759753593429,0.031094162511000292,0.01994719859196245,0.009973599295981225,0.007626870049867997,0.9393036833568975,0.023122651107315973,0.0,0.0,0.0,0.0,0.0,0.0,0.0,0.0,0.0,0.0,0.0,0.0,0.0,0.0,0.0,0.0,0.0,0.0,0.0,0.0,0.0,0.0,0.0,0.0,0.0,0.017600469345849228,1.408037547667938,10.366676444705194,14.546787914344387,3.6608976239366395,4.204247627654767,2.848460637563838,nan,nan,nan,4.191202872531418,2.80200521109578,4.213114754098361,2.8924452736022745,1.0052280651243466,0.4075,0.00796,0.0,0.0,0.0,0.0,0.0,0.0,0.0,0.0,0.0,0.0,0.0,5.174537987679664,24.825462012320333,0.0,0.0,0.0,0.0,0.0,0.0,0.0,0.0,0.0,0.0,0.0,0.0,0.0,0.0,0.0,0.0,0.0,nan,nan,4.204247627654767,2.848460637563838,nan,0.4075,0.03528,0.0,0.0,0.0,0.0,0.0,0.0,0.0,0.0,0.0,0.0,0.0,0.0,0.0,0.0,0.0,0.0,0.0,0.0,0.0,0.0,0.0,0.0,0.0,0.0,0.0,0.0,0.0,0.0,0.0,0.002816075095335876,0.0008506893517160458,0.0012320328542094457,0.001628043414491053,0.00963625696685245,0.02472865943091816,0.026855382810208273,0.04316515107069522,0.08025814021707245,0.09668524493986506,0.07292461132296861,0.137430331475506,0.0973452625403344,0.10680551481372837,0.09345849222645937,0.061792314461718977,0.06789381050161337,0.02326195365209739,0.019243179818128484,0.006101496039894397,0.008726899383983572,0.015869756526840716,0.0003960105602816075,0.0008800234672924611,0.0,1.4667057788207686e-05,0.0,0.0,0.0,0.0,0.0,0.0,0.0,0.0,0.0,0.0,0.0,0.0,0.0,0.0,0.0,0.0,0.0,0.0,0.0,0.0,0.0,0.0,0.0,0.0,0.0,0.0,0.0,0.0,0.0,0.0,0.0,0.0,0.0,0.0,0.0,0.0,0.0,0.0,0.0,0.0,0.0,0.0,0.0,0.0,0.0,0.0,nan,nan,4.204247627654767,2.848460637563838,nan,0.9395078001693747,0.02327261352432286,0.0,0.0,0.0,0.0,0.0,0.0,0.0,0.0,0.0,0.0,0.0,0.0,0.0,0.0,0.0,0.0,0.0,0.0,0.0,0.0,0.0,0.0,0.0,0.0,0.0,0.03448275862068966,1.413793103448276,10.103448275862071,14.672413793103452,3.7758620689655182,0.9390908833247162,0.022963334931979395,0.0,0.0,0.0,0.0,0.0,0.0,0.0,0.0,0.0,0.0,0.0,0.0,0.0,0.0,0.0,0.0,0.0,0.0,0.0,0.0,0.0,0.0,0.0,0.0,0.0,0.0,1.4020371479928104,10.641102456560818,14.415817855002999,3.54104254044338,0.4077,0.00793,0.0,0.0,0.0,0.0,0.0,0.0,0.0,0.0,0.0,0.0,0.0,4.931034482758613,25.068965517241384,0.0,0.0,0.0,0.0,0.0,0.0,0.0,0.0,0.0,0.0,0.0,0.0,0.0,0.0,0.0,0.0,0.0,0.4072,0.00799,0.0,0.0,0.0,0.0,0.0,0.0,0.0,0.0,0.0,0.0,0.0,5.428400239664462,24.571599760335534,0.0,0.0,0.0,0.0,0.0,0.0,0.0,0.0,0.0,0.0,0.0,0.0,0.0,0.0,0.0,0.0,0.0
7000,3293,1683,0.5110841178256909,812,688,0.45551169146674764,930,0.5648344974187671,0.422,2.9074534161490684,3.084444095499986,6.592592592592593,2.1689604825261215,8297.109727616447,434.38884757651925,7853.0,8739.331428313255,8721.956228782508,5.454756864563252,7853.0,0.0,27.505010628606133,20.662304156001415,32.74688644688645,18.803866200297232,0.14576374126935926,0.09990889766170664,0.09262071059823869,0.08563619799574856,0.07774066201032494,0.0783480109322806,0.06650470695414516,0.06529000911023383,0.057698147585788034,0.05709079866383237,0.04767689037351959,0.0391740054661403,0.03431521409049499,0.019738839963559063,0.01579107197084725,0.010932280595201944,0.005769814758578804,0.939833478202872,0.02305957171458634,0.0,0.0,0.0,0.0,0.0,0.0,0.0,0.0,0.0,0.0,0.0,0.0,0.0,0.0,0.0,0.0,0.0,0.0,0.0,0.0,0.0,0.0,0.0,0.0,0.0,0.03644093531733982,1.2663225022775588,10.267233525660494,14.76768903735196,3.6623139993926515,4.213068181818182,2.870972089341079,nan,nan,nan,4.233923578751165,2.9563908977803535,4.195568400770713,2.7781315740996133,0.9909409848177361,0.4075,0.00796,0.0,0.0,0.0,0.0,0.0,0.0,0.0,0.0,0.0,0.0,0.0,5.3294867901609395,24.66140297600972,0.009110233829334955,0.0,0.0,0.0,0.0,0.0,0.0,0.0,0.0,0.0,0.0,0.0,0.0,0.0,0.0,0.0,0.0,nan,nan,4.213068181818182,2.870972089341079,nan,0.4075,0.03528,0.0,0.0,0.0,0.0,0.0,0.0,0.0,0.0,0.0,0.0,0.0,0.0,0.0,0.0,0.0,0.0,0.0,0.0,0.0,0.0,0.0,0.0,0.0,0.0,0.0,0.0,0.0,0.0,1.5183723048891588e-05,0.0024901305800182206,0.0008351047676890374,0.0012754327361068935,0.00229274218038263,0.008867294260552688,0.024415426662617673,0.024916489523231097,0.04474643182508351,0.08297904646219253,0.09418463407227452,0.07587306407531126,0.13931065897358033,0.09694807166717279,0.10290009110233829,0.09239295475250531,0.0626328575766778,0.06668691163073186,0.024536896447008807,0.020224719101123594,0.00507136349832979,0.00917096872153052,0.016231399939265107,0.00022775584573337383,0.0007591861524445794,1.5183723048891588e-05,0.0,0.0,0.0,0.0,0.0,0.0,0.0,0.0,0.0,0.0,0.0,0.0,0.0,0.0,0.0,0.0,0.0,0.0,0.0,0.0,0.0,0.0,0.0,0.0,0.0,0.0,0.0,0.0,0.0,0.0,0.0,0.0,0.0,0.0,0.0,0.0,0.0,0.0,0.0,0.0,0.0,0.0,0.0,0.0,0.0,0.0,0.0,nan,nan,4.213068181818182,2.870972089341079,nan,0.9402932949315489,0.0230510774504556,0.0,0.0,0.0,0.0,0.0,0.0,0.0,0.0,0.0,0.0,0.0,0.0,0.0,0.0,0.0,0.0,0.0,0.0,0.0,0.0,0.0,0.0,0.0,0.0,0.0,0.017825311942959006,1.2121212121212124,10.303030303030305,14.705882352941181,3.7611408199643503,0.9393528126411557,0.023058647520374433,0.0,0.0,0.0,0.0,0.0,0.0,0.0,0.0,0.0,0.0,0.0,0.0,0.0,0.0,0.0,0.0,0.0,0.0,0.0,0.0,0.0,0.0,0.0,0.0,0.0,0.05590062111801243,1.3229813664596277,10.229813664596275,14.832298136645965,3.5590062111801246,0.4075,0.007996,0.0,0.0,0.0,0.0,0.0,0.0,0.0,0.0,0.0,0.0,0.0,5.294117647058816,24.68805704099822,0.017825311942959006,0.0,0.0,0.0,0.0,0.0,0.0,0.0,0.0,0.0,0.0,0.0,0.0,0.0,0.0,0.0,0.0,0.4075,0.00792,0.0,0.0,0.0,0.0,0.0,0.0,0.0,0.0,0.0,0.0,0.0,5.366459627329185,24.63354037267081,0.0,0.0,0.0,0.0,0.0,0.0,0.0,0.0,0.0,0.0,0.0,0.0,0.0,0.0,0.0,0.0,0.0
7100,3529,1819,0.5154434684046472,829,733,0.4426183054689714,1013,0.574100311703032,0.40599999999999997,3.0280701754385966,3.0785669780516813,6.489065606361829,2.1805619958997284,8300.951827624478,434.3409075276398,7853.0,8741.244011366367,8722.061022367663,5.464323087530213,7853.0,0.0,28.155568149617455,21.030477506604836,33.24856078564172,19.209924102156485,0.1433833947293851,0.09861150467554548,0.08812694814395013,0.08671011618022102,0.08954378010767923,0.0626239727968263,0.0708415981864551,0.06092377444035137,0.05497308019268915,0.05553981297818079,0.05043921790875602,0.03853782941343157,0.03570416548597336,0.028620005667327857,0.01700198356474922,0.013318220459053556,0.005100595069424767,0.9403856741399055,0.023613931238200377,0.0,0.0,0.0,0.0,0.0,0.0,0.0,0.0,0.0,0.0,0.0,0.0,0.0,0.0,0.0,0.0,0.0,0.0,0.0,0.0,0.0,0.0,0.0,0.0,0.0,0.0680079342589969,1.2071408330971949,10.167186171720036,14.39217908756022,4.16548597336356,4.355050284215129,2.8797271868018113,nan,nan,nan,4.2497761862130705,2.8572909213402267,4.453378956372968,2.897701096576451,1.0479090571452718,0.4075,0.00756,0.0,0.0,0.0,0.0,0.0,0.0,0.0,0.0,0.0,0.0,0.0,4.573533578917534,25.409464437517716,0.017001983564749225,0.0,0.0,0.0,0.0,0.0,0.0,0.0,0.0,0.0,0.0,0.0,0.0,0.0,0.0,0.0,0.0,nan,nan,4.355050284215129,2.8797271868018113,nan,0.4075,0.03516,0.0,0.0,0.0,0.0,0.0,0.0,0.0,0.0,0.0,0.0,0.0,0.0,0.0,0.0,0.0,0.0,0.0,0.0,0.0,0.0,0.0,0.0,0.0,0.0,0.0,0.0,0.0,0.0,4.2504958911873054e-05,0.0014168319637291016,0.0010626239727968263,0.0013176537262680646,0.0021819212241428166,0.009648625672995183,0.02156418248795693,0.02548880702748654,0.046967979597619725,0.08539246245395296,0.09237744403513744,0.07765655993199207,0.14046472088410314,0.09577784074808728,0.09954661377160669,0.09365259280249362,0.06384244828563332,0.06626523094361009,0.02422782657976764,0.018758855199773307,0.004930575233777274,0.009011051289317087,0.01742703315386795,0.0002408614338339473,0.0007225843015018419,0.0,0.0,0.0,1.4168319637291018e-05,0.0,0.0,0.0,0.0,0.0,0.0,0.0,0.0,0.0,0.0,0.0,0.0,0.0,0.0,0.0,0.0,0.0,0.0,0.0,0.0,0.0,0.0,0.0,0.0,0.0,0.0,0.0,0.0,0.0,0.0,0.0,0.0,0.0,0.0,0.0,0.0,0.0,0.0,0.0,0.0,0.0,0.0,0.0,0.0,nan,nan,4.355050284215129,2.8797271868018113,nan,0.9407170162612492,0.023735799293935027,0.0,0.0,0.0,0.0,0.0,0.0,0.0,0.0,0.0,0.0,0.0,0.0,0.0,0.0,0.0,0.0,0.0,0.0,0.0,0.0,0.0,0.0,0.0,0.0,0.0,0.03298515667949423,1.3194062671797693,9.879054425508523,14.266080263881257,4.5024738867509635,0.9400332113804176,0.02347846867024458,0.0,0.0,0.0,0.0,0.0,0.0,0.0,0.0,0.0,0.0,0.0,0.0,0.0,0.0,0.0,0.0,0.0,0.0,0.0,0.0,0.0,0.0,0.0,0.0,0.0,0.10526315789473686,1.0877192982456143,10.473684210526319,14.526315789473689,3.8070175438596503,0.4077,0.007523,0.0,0.0,0.0,0.0,0.0,0.0,0.0,0.0,0.0,0.0,0.0,4.452996151731714,25.547003848268282,0.0,0.0,0.0,0.0,0.0,0.0,0.0,0.0,0.0,0.0,0.0,0.0,0.0,0.0,0.0,0.0,0.0,0.4075,0.007603,0.0,0.0,0.0,0.0,0.0,0.0,0.0,0.0,0.0,0.0,0.0,4.701754385964906,25.263157894736846,0.03508771929824562,0.0,0.0,0.0,0.0,0.0,0.0,0.0,0.0,0.0,0.0,0.0,0.0,0.0,0.0,0.0,0.0
7200,3346,1746,0.5218170950388523,848,678,0.4560669456066946,915,0.5469216975493126,0.43,3.018125,3.16528774116588,6.6900452488687785,2.237350666972505,8306.521368072139,434.1646551120286,7853.0,8740.599600815773,8722.119414415447,5.598120728494398,7853.0,0.0,28.115062761506277,20.933437767060763,33.22631390775831,19.088280161013017,0.14136282127913927,0.10131500298864315,0.08398087268380156,0.08965929468021518,0.07860131500298864,0.07292289300657502,0.06784219964136282,0.06933652121936641,0.06186491332934847,0.049910340705319786,0.0502092050209205,0.043335325762104006,0.03078302450687388,0.01972504482964734,0.01972504482964734,0.008368200836820083,0.01105797967722654,0.9416701400165991,0.02335950693274084,0.0,0.0,0.0,0.0,0.0,0.0,0.0,0.0,0.0,0.0,0.0,0.0,0.0,0.0,0.0,0.0,0.0,0.0,0.0,0.0,0.0,0.0,0.0,0.0,0.0,0.01793185893604304,1.1207411835026901,9.67423789599522,14.892408846383747,4.294680215182308,4.191332411249424,2.9201448969439445,nan,nan,nan,4.111824014665444,2.959915132155107,4.271799628942486,2.877099573553349,1.0389062405653706,0.4075,0.007587,0.0,0.0,0.0,0.0,0.0,0.0,0.0,0.0,0.0,0.0,0.0,5.191273161984451,24.799760908547523,0.00896592946802152,0.0,0.0,0.0,0.0,0.0,0.0,0.0,0.0,0.0,0.0,0.0,0.0,0.0,0.0,0.0,0.0,nan,nan,4.191332411249424,2.9201448969439445,nan,0.4075,0.03513,0.0,0.0,0.0,0.0,0.0,0.0,0.0,0.0,0.0,0.0,0.0,0.0,0.0,0.0,0.0,0.0,0.0,0.0,0.0,0.0,0.0,0.0,0.0,0.0,0.0,0.0,0.0,0.0,0.0,0.0014046622833233712,0.0011655708308427974,0.001852958756724447,0.0021219366407650925,0.00986252241482367,0.022056186491332935,0.02323670053795577,0.04769874476987448,0.08801554094441123,0.08817991631799163,0.08263598326359832,0.1408696951583981,0.09379856545128512,0.09955170352659892,0.09448595337716677,0.06401673640167364,0.06603407053197848,0.0222504482964734,0.01796174536760311,0.006096832038254632,0.007606096832038255,0.018156007172743575,0.00023909145248057382,0.0006873879258816497,1.4943215780035864e-05,0.0,0.0,0.0,0.0,0.0,0.0,0.0,0.0,0.0,0.0,0.0,0.0,0.0,0.0,0.0,0.0,0.0,0.0,0.0,0.0,0.0,0.0,0.0,0.0,0.0,0.0,0.0,0.0,0.0,0.0,0.0,0.0,0.0,0.0,0.0,0.0,0.0,0.0,0.0,0.0,0.0,0.0,0.0,0.0,0.0,0.0,0.0,nan,nan,4.191332411249424,2.9201448969439445,nan,0.9412770228628987,0.023828907590516115,0.0,0.0,0.0,0.0,0.0,0.0,0.0,0.0,0.0,0.0,0.0,0.0,0.0,0.0,0.0,0.0,0.0,0.0,0.0,0.0,0.0,0.0,0.0,0.0,0.0,0.017182130584192445,1.323024054982818,9.725085910652924,14.639175257731964,4.295532646048111,0.9420991291105747,0.022828543631062462,0.0,0.0,0.0,0.0,0.0,0.0,0.0,0.0,0.0,0.0,0.0,0.0,0.0,0.0,0.0,0.0,0.0,0.0,0.0,0.0,0.0,0.0,0.0,0.0,0.0,0.018750000000000003,0.9000000000000001,9.618750000000002,15.168750000000003,4.293750000000001,0.4072,0.007645,0.0,0.0,0.0,0.0,0.0,0.0,0.0,0.0,0.0,0.0,0.0,5.360824742268034,24.62199312714777,0.017182130584192445,0.0,0.0,0.0,0.0,0.0,0.0,0.0,0.0,0.0,0.0,0.0,0.0,0.0,0.0,0.0,0.0,0.4075,0.00753,0.0,0.0,0.0,0.0,0.0,0.0,0.0,0.0,0.0,0.0,0.0,5.0062499999999925,24.993750000000006,0.0,0.0,0.0,0.0,0.0,0.0,0.0,0.0,0.0,0.0,0.0,0.0,0.0,0.0,0.0,0.0,0.0
7300,3396,1766,0.5200235571260307,834,710,0.4546525323910483,960,0.5653710247349824,0.418,2.9828220858895707,3.126722251149154,6.494356659142213,2.2207394552996824,8304.91671578851,434.1847809031993,7853.0,8740.032477283477,8722.03123828866,5.44167579321393,7853.0,0.0,27.507067137809187,20.726419402424483,32.62964273081005,18.94236820017984,0.14840989399293286,0.0977620730270907,0.09040047114252062,0.09452296819787986,0.08451118963486455,0.06625441696113074,0.06330977620730271,0.06831566548881036,0.05889281507656066,0.05418138987043581,0.04623085983510012,0.043580683156654886,0.029151943462897525,0.020023557126030624,0.016195524146054182,0.010011778563015312,0.008244994110718492,0.9403896804271514,0.023373498226185754,0.0,0.0,0.0,0.0,0.0,0.0,0.0,0.0,0.0,0.0,0.0,0.0,0.0,0.0,0.0,0.0,0.0,0.0,0.0,0.0,0.0,0.0,0.0,0.0,0.0,0.008833922261484101,1.2897526501766787,10.203180212014136,14.372791519434632,4.125441696113075,4.263278388278389,2.945911592864958,nan,nan,nan,4.225135623869801,2.95122208260965,4.3024118738404455,2.9399389340786195,1.0182896495757614,0.408,0.00783,0.0,0.0,0.0,0.0,0.0,0.0,0.0,0.0,0.0,0.0,0.0,4.611307420494693,25.326855123674918,0.06183745583038871,0.0,0.0,0.0,0.0,0.0,0.0,0.0,0.0,0.0,0.0,0.0,0.0,0.0,0.0,0.0,0.0,nan,nan,4.263278388278389,2.945911592864958,nan,0.408,0.03537,0.0,0.0,0.0,0.0,0.0,0.0,0.0,0.0,0.0,0.0,0.0,0.0,0.0,0.0,0.0,0.0,0.0,0.0,0.0,0.0,0.0,0.0,0.0,0.0,0.0,0.0,0.0,0.0,0.0,0.0012220259128386337,0.0010011778563015312,0.0012809187279151943,0.0021790341578327445,0.0107773851590106,0.021775618374558305,0.022703180212014135,0.04843934040047114,0.08673439340400471,0.08754416961130743,0.08321554770318021,0.1380889281507656,0.08829505300353357,0.10400471142520612,0.09175500588928151,0.06378091872791519,0.07015606595995288,0.02318904593639576,0.01967020023557126,0.006890459363957597,0.007332155477031802,0.018934040047114253,0.00022084805653710247,0.0008097762073027091,0.0,0.0,0.0,0.0,0.0,0.0,0.0,0.0,0.0,0.0,0.0,0.0,0.0,0.0,0.0,0.0,0.0,0.0,0.0,0.0,0.0,0.0,0.0,0.0,0.0,0.0,0.0,0.0,0.0,0.0,0.0,0.0,0.0,0.0,0.0,0.0,0.0,0.0,0.0,0.0,0.0,0.0,0.0,0.0,0.0,0.0,0.0,0.0,nan,nan,4.263278388278389,2.945911592864958,nan,0.9403807448976307,0.023168250062991502,0.0,0.0,0.0,0.0,0.0,0.0,0.0,0.0,0.0,0.0,0.0,0.0,0.0,0.0,0.0,0.0,0.0,0.0,0.0,0.0,0.0,0.0,0.0,0.0,0.0,0.0,1.2231030577576447,10.226500566251417,14.490373725934319,4.060022650056626,0.9403993614977855,0.02359385248097677,0.0,0.0,0.0,0.0,0.0,0.0,0.0,0.0,0.0,0.0,0.0,0.0,0.0,0.0,0.0,0.0,0.0,0.0,0.0,0.0,0.0,0.0,0.0,0.0,0.0,0.018404907975460127,1.3619631901840494,10.17791411042945,14.245398773006137,4.1963190184049095,0.4077,0.00772,0.0,0.0,0.0,0.0,0.0,0.0,0.0,0.0,0.0,0.0,0.0,4.739524348810865,25.22650056625142,0.033975084937712355,0.0,0.0,0.0,0.0,0.0,0.0,0.0,0.0,0.0,0.0,0.0,0.0,0.0,0.0,0.0,0.0,0.408,0.00795,0.0,0.0,0.0,0.0,0.0,0.0,0.0,0.0,0.0,0.0,0.0,4.472392638036803,25.435582822085895,0.09202453987730064,0.0,0.0,0.0,0.0,0.0,0.0,0.0,0.0,0.0,0.0,0.0,0.0,0.0,0.0,0.0,0.0
7400,3423,1794,0.5241016652059597,846,683,0.4466841951504528,955,0.5579900671925212,0.418,3.0552486187845305,3.0932933675568615,6.50418410041841,2.1538578950840335,8308.306925362258,433.8812377973203,7853.0,8739.251896882057,8721.737795716279,5.348034886847505,7853.0,0.0,28.355243938066025,20.833396015363338,32.974579182411546,19.161144903570605,0.12912649722465674,0.1016652059596845,0.09290096406660824,0.08209173239848086,0.08413672217353199,0.079462459830558,0.07566462167689161,0.061641834647969615,0.05959684487291849,0.04557405784399649,0.04674262342974,0.042068361086765996,0.03534910896874087,0.029214139643587496,0.016067776803973123,0.011685655857435,0.007011393514460999,0.9393496648143197,0.023084974420815255,0.0,0.0,0.0,0.0,0.0,0.0,0.0,0.0,0.0,0.0,0.0,0.0,0.0,0.0,0.0,0.0,0.0,0.0,0.0,0.0,0.0,0.0,0.0,0.0,0.0,0.035056967572305,1.2971078001752852,10.47326906222612,14.63628396143734,3.5582822085889574,4.17741935483871,2.858344848991182,nan,nan,nan,4.180935569285084,2.8299726339353684,4.176684881602914,2.8870231504427184,0.9989833166257339,0.408,0.007835,0.0,0.0,0.0,0.0,0.0,0.0,0.0,0.0,0.0,0.0,0.0,4.592462751971948,25.390008764241898,0.0175284837861525,0.0,0.0,0.0,0.0,0.0,0.0,0.0,0.0,0.0,0.0,0.0,0.0,0.0,0.0,0.0,0.0,nan,nan,4.17741935483871,2.858344848991182,nan,0.408,0.03564,0.0,0.0,0.0,0.0,0.0,0.0,0.0,0.0,0.0,0.0,0.0,0.0,0.0,0.0,0.0,0.0,0.0,0.0,0.0,0.0,0.0,0.0,0.0,0.0,0.0,0.0,0.0,0.0,0.0,0.0012416009348524687,0.0007449605609114811,0.0012854221443178498,0.002965235173824131,0.011860940695296524,0.02123867952088811,0.02322524101665206,0.04998539293017821,0.08603564125036518,0.08605024832018697,0.08118609406952965,0.13607946245983055,0.08805141688577271,0.10801928133216476,0.08815366637452526,0.06294186386210926,0.07366345311130587,0.021954425942156002,0.019427402862985686,0.007683318726263512,0.00845749342681858,0.018697049371895997,0.0,0.000993280747881975,1.4607069821793749e-05,4.3821209465381244e-05,0.0,0.0,0.0,0.0,0.0,0.0,0.0,0.0,0.0,0.0,0.0,0.0,0.0,0.0,0.0,0.0,0.0,0.0,0.0,0.0,0.0,0.0,0.0,0.0,0.0,0.0,0.0,0.0,0.0,0.0,0.0,0.0,0.0,0.0,0.0,0.0,0.0,0.0,0.0,0.0,0.0,0.0,0.0,0.0,0.0,0.0,nan,nan,4.17741935483871,2.858344848991182,nan,0.9387869719611097,0.022796495150386224,0.0,0.0,0.0,0.0,0.0,0.0,0.0,0.0,0.0,0.0,0.0,0.0,0.0,0.0,0.0,0.0,0.0,0.0,0.0,0.0,0.0,0.0,0.0,0.0,0.0,0.03344481605351171,1.1872909698996659,11.321070234113714,13.979933110367897,3.4782608695652186,0.9399693523395859,0.02338289628313201,0.0,0.0,0.0,0.0,0.0,0.0,0.0,0.0,0.0,0.0,0.0,0.0,0.0,0.0,0.0,0.0,0.0,0.0,0.0,0.0,0.0,0.0,0.0,0.0,0.0,0.03683241252302027,1.4180478821362803,9.539594843462249,15.359116022099451,3.646408839779006,0.408,0.007786,0.0,0.0,0.0,0.0,0.0,0.0,0.0,0.0,0.0,0.0,0.0,4.498327759197318,25.484949832775925,0.016722408026755856,0.0,0.0,0.0,0.0,0.0,0.0,0.0,0.0,0.0,0.0,0.0,0.0,0.0,0.0,0.0,0.0,0.408,0.00789,0.0,0.0,0.0,0.0,0.0,0.0,0.0,0.0,0.0,0.0,0.0,4.696132596685076,25.285451197053412,0.018416206261510134,0.0,0.0,0.0,0.0,0.0,0.0,0.0,0.0,0.0,0.0,0.0,0.0,0.0,0.0,0.0,0.0
7500,3396,1763,0.5191401648998822,828,707,0.45200235571260305,945,0.5565371024734982,0.426,3.0067360685854254,3.107280223568596,6.809523809523809,1.9680555455539073,8304.112624225985,434.17995021735277,7853.0,8739.922659480571,8721.96112981931,5.462977607478742,7853.0,0.0,27.811248527679624,20.854451089474853,32.784058988764045,19.098449444000934,0.142226148409894,0.10100117785630153,0.09393404004711425,0.08303886925795052,0.07921083627797408,0.07361601884570082,0.07243816254416961,0.06654888103651355,0.06065959952885748,0.04799764428739694,0.04387514723203769,0.04122497055359246,0.03386336866902238,0.02561837455830389,0.017962308598351,0.010306242638398116,0.006478209658421673,0.9391212285582955,0.02323325258179519,0.0,0.0,0.0,0.0,0.0,0.0,0.0,0.0,0.0,0.0,0.0,0.0,0.0,0.0,0.0,0.0,0.0,0.0,0.0,0.0,0.0,0.0,0.0,0.0,0.0,0.035335689045936404,1.3339222614840993,10.636042402826858,14.416961130742052,3.5777385159010606,4.294171638366223,2.859284850735311,nan,nan,nan,4.321234119782214,2.871773123453983,4.266480965645311,2.8461836447605924,0.9873292784840683,0.408,0.007782,0.0,0.0,0.0,0.0,0.0,0.0,0.0,0.0,0.0,0.0,0.0,4.7173144876325015,25.24734982332156,0.035335689045936404,0.0,0.0,0.0,0.0,0.0,0.0,0.0,0.0,0.0,0.0,0.0,0.0,0.0,0.0,0.0,0.0,nan,nan,4.294171638366223,2.859284850735311,nan,0.408,0.0356,0.0,0.0,0.0,0.0,0.0,0.0,0.0,0.0,0.0,0.0,0.0,0.0,0.0,0.0,0.0,0.0,0.0,0.0,0.0,0.0,0.0,0.0,0.0,0.0,0.0,0.0,0.0,0.0,0.0,0.0016784452296819787,0.0009275618374558304,0.001251472320376914,0.0035041224970553593,0.010571260306242638,0.01894876325088339,0.022202591283863368,0.053754416961130744,0.08663133097762073,0.08476148409893992,0.08395170789163722,0.13604240282685512,0.08719081272084805,0.1053150765606596,0.09050353356890459,0.06417844522968198,0.0714075382803298,0.022865135453474676,0.01865429917550059,0.007508833922261484,0.008775029446407538,0.018212603062426384,0.0,0.0008392226148409894,0.00017667844522968197,0.00014723203769140164,0.0,0.0,0.0,0.0,0.0,0.0,0.0,0.0,0.0,0.0,0.0,0.0,0.0,0.0,0.0,0.0,0.0,0.0,0.0,0.0,0.0,0.0,0.0,0.0,0.0,0.0,0.0,0.0,0.0,0.0,0.0,0.0,0.0,0.0,0.0,0.0,0.0,0.0,0.0,0.0,0.0,0.0,0.0,0.0,0.0,0.0,nan,nan,4.294171638366223,2.859284850735311,nan,0.9398102692697647,0.02335991180284457,0.0,0.0,0.0,0.0,0.0,0.0,0.0,0.0,0.0,0.0,0.0,0.0,0.0,0.0,0.0,0.0,0.0,0.0,0.0,0.0,0.0,0.0,0.0,0.0,0.0,0.034032898468519576,1.2762336925694842,10.43108338060125,14.242768009075444,4.01588201928531,0.9383773346364827,0.02307264217258451,0.0,0.0,0.0,0.0,0.0,0.0,0.0,0.0,0.0,0.0,0.0,0.0,0.0,0.0,0.0,0.0,0.0,0.0,0.0,0.0,0.0,0.0,0.0,0.0,0.0,0.03674219228413963,1.3962033067973059,10.85731781996326,14.6050214329455,3.1047152480097986,0.408,0.007713,0.0,0.0,0.0,0.0,0.0,0.0,0.0,0.0,0.0,0.0,0.0,4.509359047078836,25.45660805445264,0.034032898468519576,0.0,0.0,0.0,0.0,0.0,0.0,0.0,0.0,0.0,0.0,0.0,0.0,0.0,0.0,0.0,0.0,0.4077,0.00785,0.0,0.0,0.0,0.0,0.0,0.0,0.0,0.0,0.0,0.0,0.0,4.941824862216771,25.021432945499086,0.03674219228413963,0.0,0.0,0.0,0.0,0.0,0.0,0.0,0.0,0.0,0.0,0.0,0.0,0.0,0.0,0.0,0.0
7600,3566,1864,0.5227145260796411,919,672,0.4461581604038138,958,0.5372966909702748,0.40599999999999997,2.9935370152761456,3.0974126751786315,6.51984126984127,2.10054867515835,8307.080322575666,433.91789061773994,7853.0,8738.739140951633,8721.696582781558,5.471841026547802,7853.0,0.0,28.500280426247897,20.891324036543985,33.41336880611905,19.053398285436554,0.13825014021312396,0.0888951205832866,0.09702748177229388,0.08300616937745373,0.08328659562535053,0.0717891194615816,0.06674144699943915,0.06618059450364554,0.06001121704991587,0.060852495793606284,0.04655075715086932,0.04150308468872686,0.034772854739203586,0.02495793606281548,0.018227706113292205,0.010095344924284913,0.007851934941110488,0.9399661302265664,0.02341599302545248,0.0,0.0,0.0,0.0,0.0,0.0,0.0,0.0,0.0,0.0,0.0,0.0,0.0,0.0,0.0,0.0,0.0,0.0,0.0,0.0,0.0,0.0,0.0,0.0,0.0,0.033651149747616384,1.2535053280987103,10.499158721256311,14.301738642736964,3.9119461581604047,4.285036653730056,2.9051849362017568,nan,nan,nan,4.2660393498716855,2.9318261522451836,4.304347826086956,2.8777222666953817,1.008979869399569,0.4075,0.00798,0.0,0.0,0.0,0.0,0.0,0.0,0.0,0.0,0.0,0.0,0.0,5.384183959618612,24.598990465507576,0.016825574873808192,0.0,0.0,0.0,0.0,0.0,0.0,0.0,0.0,0.0,0.0,0.0,0.0,0.0,0.0,0.0,0.0,nan,nan,4.285036653730056,2.9051849362017568,nan,0.4075,0.03543,0.0,0.0,0.0,0.0,0.0,0.0,0.0,0.0,0.0,0.0,0.0,0.0,0.0,0.0,0.0,0.0,0.0,0.0,0.0,0.0,0.0,0.0,0.0,0.0,0.0,0.0,0.0,0.0,0.0,0.0020751542344363432,0.0008833426808749299,0.001416152551878856,0.003028603477285474,0.01064217610768368,0.02062535053280987,0.022462142456533933,0.05252383623107123,0.0876752664049355,0.0864133482893999,0.08516545148625912,0.1303701626472238,0.08954010095344925,0.10936623667975323,0.0917975322490185,0.062170499158721255,0.07017666853617499,0.022069545709478406,0.019531688166012338,0.006842400448681996,0.0073331463825014025,0.016461020751542346,0.0,0.001079641054402692,0.0002523836231071228,9.81491867638811e-05,0.0,0.0,0.0,0.0,0.0,0.0,0.0,0.0,0.0,0.0,0.0,0.0,0.0,0.0,0.0,0.0,0.0,0.0,0.0,0.0,0.0,0.0,0.0,0.0,0.0,0.0,0.0,0.0,0.0,0.0,0.0,0.0,0.0,0.0,0.0,0.0,0.0,0.0,0.0,0.0,0.0,0.0,0.0,0.0,0.0,0.0,nan,nan,4.285036653730056,2.9051849362017568,nan,0.9392417443860243,0.02355586611911006,0.0,0.0,0.0,0.0,0.0,0.0,0.0,0.0,0.0,0.0,0.0,0.0,0.0,0.0,0.0,0.0,0.0,0.0,0.0,0.0,0.0,0.0,0.0,0.0,0.0,0.04828326180257511,1.3358369098712448,10.702789699570818,14.259656652360519,3.653433476394851,0.9407594646606267,0.023235946597059014,0.0,0.0,0.0,0.0,0.0,0.0,0.0,0.0,0.0,0.0,0.0,0.0,0.0,0.0,0.0,0.0,0.0,0.0,0.0,0.0,0.0,0.0,0.0,0.0,0.0,0.017626321974148065,1.1633372502937722,10.276145710928322,14.347826086956523,4.19506462984724,0.4075,0.007904,0.0,0.0,0.0,0.0,0.0,0.0,0.0,0.0,0.0,0.0,0.0,5.262875536480679,24.721030042918457,0.01609442060085837,0.0,0.0,0.0,0.0,0.0,0.0,0.0,0.0,0.0,0.0,0.0,0.0,0.0,0.0,0.0,0.0,0.4075,0.00806,0.0,0.0,0.0,0.0,0.0,0.0,0.0,0.0,0.0,0.0,0.0,5.517038777908335,24.46533490011751,0.017626321974148065,0.0,0.0,0.0,0.0,0.0,0.0,0.0,0.0,0.0,0.0,0.0,0.0,0.0,0.0,0.0,0.0
7700,3367,1782,0.5292545292545292,839,689,0.4538164538164538,909,0.53994653994654,0.458,2.9886435331230286,3.1726150369397024,6.851485148514851,2.1930860692652208,8312.949098395622,433.8006323282741,7853.0,8739.879619562626,8722.050849774443,5.66866001744731,7853.0,0.0,27.17136917136917,20.669303637437437,32.26831011075384,18.95408697465561,0.14671814671814673,0.10365310365310365,0.09652509652509653,0.08494208494208494,0.08523908523908524,0.06979506979506979,0.07335907335907337,0.06652806652806653,0.05761805761805762,0.05138105138105138,0.04068904068904069,0.033264033264033266,0.0297000297000297,0.02673002673002673,0.017523017523017523,0.007425007425007425,0.00891000891000891,0.9412747742090942,0.023996151023325526,0.0,0.0,0.0,0.0,0.0,0.0,0.0,0.0,0.0,0.0,0.0,0.0,0.0,0.0,0.0,0.0,0.0,0.0,0.0,0.0,0.0,0.0,0.0,0.0,0.0,0.06237006237006239,1.3275913275913278,9.720819720819723,14.514404514404516,4.374814374814376,4.322399250234302,2.9747602201370205,nan,nan,nan,4.41588785046729,2.965523059337065,4.232361241768579,2.979643505809899,0.9584394769719322,0.4075,0.008064,0.0,0.0,0.0,0.0,0.0,0.0,0.0,0.0,0.0,0.0,0.0,5.390555390555383,24.591624591624598,0.017820017820017825,0.0,0.0,0.0,0.0,0.0,0.0,0.0,0.0,0.0,0.0,0.0,0.0,0.0,0.0,0.0,0.0,nan,nan,4.322399250234302,2.9747602201370205,nan,0.4075,0.0358,0.0,0.0,0.0,0.0,0.0,0.0,0.0,0.0,0.0,0.0,0.0,0.0,0.0,0.0,0.0,0.0,0.0,0.0,0.0,0.0,0.0,0.0,0.0,0.0,0.0,0.0,0.0,0.0,0.0,0.0027472527472527475,0.0002673002673002673,0.0013068013068013068,0.003148203148203148,0.010558360558360558,0.02306207306207306,0.021636471636471637,0.05446985446985447,0.08915948915948917,0.08353133353133353,0.08318978318978319,0.12474012474012475,0.0923967923967924,0.11103356103356103,0.09091179091179091,0.061627561627561625,0.06833976833976833,0.021666171666171668,0.023076923076923078,0.007944757944757944,0.008093258093258093,0.015651915651915652,0.0,0.0012028512028512029,0.00022275022275022275,1.485001485001485e-05,0.0,0.0,0.0,0.0,0.0,0.0,0.0,0.0,0.0,0.0,0.0,0.0,0.0,0.0,0.0,0.0,0.0,0.0,0.0,0.0,0.0,0.0,0.0,0.0,0.0,0.0,0.0,0.0,0.0,0.0,0.0,0.0,0.0,0.0,0.0,0.0,0.0,0.0,0.0,0.0,0.0,0.0,0.0,0.0,0.0,0.0,nan,nan,4.322399250234302,2.9747602201370205,nan,0.9411555189141788,0.02409573928263262,0.0,0.0,0.0,0.0,0.0,0.0,0.0,0.0,0.0,0.0,0.0,0.0,0.0,0.0,0.0,0.0,0.0,0.0,0.0,0.0,0.0,0.0,0.0,0.0,0.0,0.10101010101010102,1.4141414141414144,9.309764309764311,14.949494949494953,4.225589225589227,0.9414088517709486,0.023882977954862602,0.0,0.0,0.0,0.0,0.0,0.0,0.0,0.0,0.0,0.0,0.0,0.0,0.0,0.0,0.0,0.0,0.0,0.0,0.0,0.0,0.0,0.0,0.0,0.0,0.0,0.018927444794952685,1.2302839116719246,10.182965299684545,14.025236593059939,4.542586750788645,0.407,0.00788,0.0,0.0,0.0,0.0,0.0,0.0,0.0,0.0,0.0,0.0,0.0,5.6060606060605975,24.393939393939398,0.0,0.0,0.0,0.0,0.0,0.0,0.0,0.0,0.0,0.0,0.0,0.0,0.0,0.0,0.0,0.0,0.0,0.4077,0.00824,0.0,0.0,0.0,0.0,0.0,0.0,0.0,0.0,0.0,0.0,0.0,5.148264984227122,24.81388012618297,0.03785488958990537,0.0,0.0,0.0,0.0,0.0,0.0,0.0,0.0,0.0,0.0,0.0,0.0,0.0,0.0,0.0,0.0
7800,3661,1958,0.5348265501229172,872,733,0.43840480742966403,1022,0.5583173996175909,0.438,3.212566059894304,3.167013916913319,6.6262425447316105,2.1751047589814663,8317.676470741944,433.3825861062723,7853.0,8739.219867789745,8721.835832168672,5.6578136110379775,7853.0,0.0,28.605572248019666,21.26156639331739,33.3715389568577,19.555913564096056,0.13275061458617865,0.10406992624965856,0.09259765091505054,0.0833105708822726,0.07839388145315487,0.0723845943731221,0.06419011199125922,0.06446326140398798,0.06337066375307293,0.050259491942092324,0.050259491942092324,0.036055722480196666,0.03987981425839934,0.02676864244741874,0.021032504780114723,0.013930620049166894,0.0062824364927615405,0.9411320436915814,0.023595946859193653,0.0,0.0,0.0,0.0,0.0,0.0,0.0,0.0,0.0,0.0,0.0,0.0,0.0,0.0,0.0,0.0,0.0,0.0,0.0,0.0,0.0,0.0,0.0,0.0,0.0,0.02458344714558864,1.2947282163343352,9.874351270144771,14.512428298279163,4.293908768096149,4.349789029535865,2.9411258855205102,nan,nan,nan,4.428571428571429,2.995024655066866,4.269814502529511,2.885045958873961,0.9641516618615024,0.407,0.00797,0.0,0.0,0.0,0.0,0.0,0.0,0.0,0.0,0.0,0.0,0.0,5.97377765637803,24.026222343621964,0.0,0.0,0.0,0.0,0.0,0.0,0.0,0.0,0.0,0.0,0.0,0.0,0.0,0.0,0.0,0.0,0.0,nan,nan,4.349789029535865,2.9411258855205102,nan,0.407,0.0358,0.0,0.0,0.0,0.0,0.0,0.0,0.0,0.0,0.0,0.0,0.0,0.0,0.0,0.0,0.0,0.0,0.0,0.0,0.0,0.0,0.0,0.0,0.0,0.0,0.0,0.0,0.0,0.0,0.0,0.003223163070199399,0.0003550942365473914,0.0006692160611854684,0.004220158426659383,0.012360010925976508,0.022685058727123737,0.021291996722207048,0.05620049166894291,0.09000273149412728,0.08212237093690249,0.08298279158699809,0.12504780114722752,0.0928025129745971,0.11164982245288173,0.0918738049713193,0.06563780387872166,0.060038240917782024,0.02235727943184922,0.02212510243102977,0.007921332969134116,0.008085222616771373,0.015187107347719202,6.828735318219065e-05,0.0009150505326413548,0.0001775471182736957,0.0,0.0,0.0,0.0,0.0,0.0,0.0,0.0,0.0,0.0,0.0,0.0,0.0,0.0,0.0,0.0,0.0,0.0,0.0,0.0,0.0,0.0,0.0,0.0,0.0,0.0,0.0,0.0,0.0,0.0,0.0,0.0,0.0,0.0,0.0,0.0,0.0,0.0,0.0,0.0,0.0,0.0,0.0,0.0,0.0,0.0,0.0,nan,nan,4.349789029535865,2.9411258855205102,nan,0.9406932890719608,0.02408714363092015,0.0,0.0,0.0,0.0,0.0,0.0,0.0,0.0,0.0,0.0,0.0,0.0,0.0,0.0,0.0,0.0,0.0,0.0,0.0,0.0,0.0,0.0,0.0,0.0,0.0,0.04596527068437182,1.5015321756894793,9.928498467824312,14.15730337078652,4.366700715015322,0.94163649556781,0.023007912719861707,0.0,0.0,0.0,0.0,0.0,0.0,0.0,0.0,0.0,0.0,0.0,0.0,0.0,0.0,0.0,0.0,0.0,0.0,0.0,0.0,0.0,0.0,0.0,0.0,0.0,0.0,1.056958308866706,9.812096300645921,14.920728126835002,4.210217263652379,0.4065,0.00803,0.0,0.0,0.0,0.0,0.0,0.0,0.0,0.0,0.0,0.0,0.0,6.235955056179766,23.764044943820227,0.0,0.0,0.0,0.0,0.0,0.0,0.0,0.0,0.0,0.0,0.0,0.0,0.0,0.0,0.0,0.0,0.0,0.4072,0.00789,0.0,0.0,0.0,0.0,0.0,0.0,0.0,0.0,0.0,0.0,0.0,5.672342924251312,24.327657075748682,0.0,0.0,0.0,0.0,0.0,0.0,0.0,0.0,0.0,0.0,0.0,0.0,0.0,0.0,0.0,0.0,0.0
7900,3899,2043,0.5239805078225186,908,818,0.44267760964349834,1140,0.5847653244421647,0.414,3.0889008620689653,3.14950147924364,6.648496240601504,2.2120945731052744,8308.336019433795,434.01560821501766,7853.0,8740.125607216358,8721.994194700128,5.539903900132251,7853.0,0.0,28.142087714798667,21.0112470242665,32.957207890743554,19.292076308399338,0.1390100025647602,0.09489612721210566,0.0956655552705822,0.09310079507566042,0.08053347012054372,0.06668376506796614,0.06796614516542704,0.06540138497050525,0.054372916132341624,0.055142344190818156,0.047961015645037186,0.04180559117722493,0.03385483457296743,0.029751218261092588,0.015132085150038471,0.011284944857655809,0.007437804565273147,0.9403621859812192,0.023406756509679494,0.0,0.0,0.0,0.0,0.0,0.0,0.0,0.0,0.0,0.0,0.0,0.0,0.0,0.0,0.0,0.0,0.0,0.0,0.0,0.0,0.0,0.0,0.0,0.0,0.0,0.03847140292382663,1.277250577071044,10.010259040779689,14.726853039240835,3.9471659399846124,4.457256461232604,2.990784724486813,nan,nan,nan,4.434303697875689,2.9432428524355174,4.482703137570394,3.038818062864853,1.0109147778303709,0.407,0.0082,0.0,0.0,0.0,0.0,0.0,0.0,0.0,0.0,0.0,0.0,0.0,6.0015388561169445,23.98307258271352,0.015388561169530652,0.0,0.0,0.0,0.0,0.0,0.0,0.0,0.0,0.0,0.0,0.0,0.0,0.0,0.0,0.0,0.0,nan,nan,4.457256461232604,2.990784724486813,nan,0.407,0.0356,0.0,0.0,0.0,0.0,0.0,0.0,0.0,0.0,0.0,0.0,0.0,0.0,0.0,0.0,0.0,0.0,0.0,0.0,0.0,0.0,0.0,0.0,0.0,0.0,0.0,0.0,0.0,0.0,6.411900487304436e-05,0.0028212362144139523,0.00015388561169530648,0.0008335470633495768,0.004231854321620929,0.013503462426263144,0.01995383431649141,0.019787124903821493,0.05802769941010515,0.09124134393434213,0.08186714542190306,0.08325211592716081,0.12086432418568864,0.09665298794562709,0.11459348550910489,0.08895870736086176,0.06804308797127469,0.05900230828417543,0.02255706591433701,0.021223390612977688,0.007219799948704796,0.008476532444216466,0.015568094383175173,2.564760194921775e-05,0.000923313670171839,0.00015388561169530648,0.0,0.0,0.0,0.0,0.0,0.0,0.0,0.0,0.0,0.0,0.0,0.0,0.0,0.0,0.0,0.0,0.0,0.0,0.0,0.0,0.0,0.0,0.0,0.0,0.0,0.0,0.0,0.0,0.0,0.0,0.0,0.0,0.0,0.0,0.0,0.0,0.0,0.0,0.0,0.0,0.0,0.0,0.0,0.0,0.0,0.0,0.0,nan,nan,4.457256461232604,2.990784724486813,nan,0.9411083801202312,0.023594157464330332,0.0,0.0,0.0,0.0,0.0,0.0,0.0,0.0,0.0,0.0,0.0,0.0,0.0,0.0,0.0,0.0,0.0,0.0,0.0,0.0,0.0,0.0,0.0,0.0,0.0,0.029368575624082238,1.2628487518355362,9.794419970631425,14.596182085168873,4.317180616740089,0.9395408095663478,0.02317095645589771,0.0,0.0,0.0,0.0,0.0,0.0,0.0,0.0,0.0,0.0,0.0,0.0,0.0,0.0,0.0,0.0,0.0,0.0,0.0,0.0,0.0,0.0,0.0,0.0,0.0,0.048491379310344834,1.2931034482758623,10.247844827586208,14.870689655172418,3.5398706896551735,0.407,0.008224,0.0,0.0,0.0,0.0,0.0,0.0,0.0,0.0,0.0,0.0,0.0,6.2408223201174655,23.74449339207049,0.014684287812041119,0.0,0.0,0.0,0.0,0.0,0.0,0.0,0.0,0.0,0.0,0.0,0.0,0.0,0.0,0.0,0.0,0.407,0.00817,0.0,0.0,0.0,0.0,0.0,0.0,0.0,0.0,0.0,0.0,0.0,5.73814655172413,24.245689655172416,0.01616379310344828,0.0,0.0,0.0,0.0,0.0,0.0,0.0,0.0,0.0,0.0,0.0,0.0,0.0,0.0,0.0,0.0
8000,3920,2009,0.5125,939,814,0.4471938775510204,1121,0.5719387755102041,0.426,2.9911041339612767,3.1681341806235146,6.823076923076923,2.197779944942289,8298.25705760332,434.2796283153197,7853.0,8737.905381166935,8721.794258738184,5.564277497589149,7853.0,0.0,27.78188775510204,20.83934241656267,32.82555657212565,19.051784283986493,0.14081632653061224,0.10076530612244898,0.09158163265306123,0.08954081632653062,0.08061224489795918,0.08163265306122448,0.0653061224489796,0.05918367346938776,0.0538265306122449,0.05739795918367347,0.04387755102040816,0.04183673469387755,0.0336734693877551,0.026530612244897958,0.017091836734693878,0.009183673469387756,0.007142857142857143,0.9395665286755075,0.02355062394356793,0.0,0.0,0.0,0.0,0.0,0.0,0.0,0.0,0.0,0.0,0.0,0.0,0.0,0.0,0.0,0.0,0.0,0.0,0.0,0.0,0.0,0.0,0.0,0.0,0.0,0.05357142857142859,1.3392857142857144,10.346938775510205,14.502551020408166,3.7576530612244907,4.262243285939968,2.9260143903497657,nan,nan,nan,4.1673306772908365,2.928478189808217,4.355520751761942,2.9205873593592844,1.0451584213119,0.4072,0.00776,0.0,0.0,0.0,0.0,0.0,0.0,0.0,0.0,0.0,0.0,0.0,5.35714285714285,24.635204081632658,0.0076530612244897975,0.0,0.0,0.0,0.0,0.0,0.0,0.0,0.0,0.0,0.0,0.0,0.0,0.0,0.0,0.0,0.0,nan,nan,4.262243285939968,2.9260143903497657,nan,0.4072,0.03558,0.0,0.0,0.0,0.0,0.0,0.0,0.0,0.0,0.0,0.0,0.0,0.0,0.0,0.0,0.0,0.0,0.0,0.0,0.0,0.0,0.0,0.0,0.0,0.0,0.0,0.0,0.0,0.0,1.2755102040816327e-05,0.002385204081632653,0.0001913265306122449,0.0008418367346938776,0.0038775510204081634,0.012525510204081632,0.020216836734693877,0.020395408163265308,0.05917091836734694,0.08942602040816326,0.08230867346938775,0.08211734693877551,0.12220663265306123,0.0954591836734694,0.11539540816326531,0.08897959183673469,0.06872448979591837,0.057755102040816325,0.02497448979591837,0.02024234693877551,0.006900510204081633,0.009158163265306123,0.015089285714285715,0.00011479591836734693,0.001288265306122449,0.00021683673469387755,2.5510204081632654e-05,0.0,0.0,0.0,0.0,0.0,0.0,0.0,0.0,0.0,0.0,0.0,0.0,0.0,0.0,0.0,0.0,0.0,0.0,0.0,0.0,0.0,0.0,0.0,0.0,0.0,0.0,0.0,0.0,0.0,0.0,0.0,0.0,0.0,0.0,0.0,0.0,0.0,0.0,0.0,0.0,0.0,0.0,0.0,0.0,0.0,0.0,nan,nan,4.262243285939968,2.9260143903497657,nan,0.9400683191061139,0.023627629627771467,0.0,0.0,0.0,0.0,0.0,0.0,0.0,0.0,0.0,0.0,0.0,0.0,0.0,0.0,0.0,0.0,0.0,0.0,0.0,0.0,0.0,0.0,0.0,0.0,0.0,0.044798407167745156,1.239422598307616,10.497760079641614,14.126431060228974,4.091587854654057,0.939039005402306,0.02345782598904611,0.0,0.0,0.0,0.0,0.0,0.0,0.0,0.0,0.0,0.0,0.0,0.0,0.0,0.0,0.0,0.0,0.0,0.0,0.0,0.0,0.0,0.0,0.0,0.0,0.0,0.06279434850863423,1.4442700156985873,10.188383045525905,14.897959183673473,3.4065934065934074,0.407,0.00767,0.0,0.0,0.0,0.0,0.0,0.0,0.0,0.0,0.0,0.0,0.0,5.345943255350913,24.654056744649086,0.0,0.0,0.0,0.0,0.0,0.0,0.0,0.0,0.0,0.0,0.0,0.0,0.0,0.0,0.0,0.0,0.0,0.4075,0.00785,0.0,0.0,0.0,0.0,0.0,0.0,0.0,0.0,0.0,0.0,0.0,5.368916797488218,24.61538461538462,0.015698587127158558,0.0,0.0,0.0,0.0,0.0,0.0,0.0,0.0,0.0,0.0,0.0,0.0,0.0,0.0,0.0,0.0
8100,3889,1998,0.5137567498071484,945,791,0.44638724607868346,1093,0.5620982257649781,0.426,3.0179799048122686,3.1336684053837374,6.704251386321626,2.043284036091624,8299.318007101712,434.22068776274057,7853.0,8740.650615000724,8721.734098908186,5.5275839421788415,7853.0,0.0,27.838518899460016,20.77654559763607,32.94637904468413,18.950285051409352,0.1416816662381075,0.10028284906145539,0.08974029313448187,0.0892260221136539,0.08022627924916431,0.07894060169709437,0.06325533556184108,0.06248392903059913,0.06325533556184108,0.0521985086140396,0.04705579840575984,0.04062741064541013,0.0326562098225765,0.025713551041398816,0.015942401645667268,0.009256878374903575,0.007456929802005657,0.9396213144408795,0.023418423665160223,0.0,0.0,0.0,0.0,0.0,0.0,0.0,0.0,0.0,0.0,0.0,0.0,0.0,0.0,0.0,0.0,0.0,0.0,0.0,0.0,0.0,0.0,0.0,0.0,0.0,0.015428130624839293,1.4271020827976346,10.352275649267165,14.440730264849579,3.7644638724607877,4.314467915504185,2.9086589448027467,nan,nan,nan,4.281451612903226,2.841054635378749,4.347791798107256,2.973811007138615,1.0154947880303253,0.4075,0.007656,0.0,0.0,0.0,0.0,0.0,0.0,0.0,0.0,0.0,0.0,0.0,5.083569040884539,24.91643095911546,0.0,0.0,0.0,0.0,0.0,0.0,0.0,0.0,0.0,0.0,0.0,0.0,0.0,0.0,0.0,0.0,0.0,nan,nan,4.314467915504185,2.9086589448027467,nan,0.4075,0.0359,0.0,0.0,0.0,0.0,0.0,0.0,0.0,0.0,0.0,0.0,0.0,0.0,0.0,0.0,0.0,0.0,0.0,0.0,0.0,0.0,0.0,0.0,0.0,0.0,0.0,0.0,0.0,0.0,0.0,0.0019670866546670097,0.00017999485728979173,0.0007071226536384675,0.003921316533813319,0.013139624582154796,0.021856518385188994,0.02062226793520185,0.0586526099254307,0.0892131653381332,0.07904345590125997,0.07977629210593983,0.12306505528413474,0.09246592954487015,0.11411673952172795,0.09173309334019028,0.07144510156852661,0.05780406274106454,0.02440215993828748,0.021149395731550526,0.006814091025970687,0.01041398817176652,0.016392388788891744,0.0001414245307276935,0.0006942658781177681,0.000282849061455387,0.0,0.0,0.0,0.0,0.0,0.0,0.0,0.0,0.0,0.0,0.0,0.0,0.0,0.0,0.0,0.0,0.0,0.0,0.0,0.0,0.0,0.0,0.0,0.0,0.0,0.0,0.0,0.0,0.0,0.0,0.0,0.0,0.0,0.0,0.0,0.0,0.0,0.0,0.0,0.0,0.0,0.0,0.0,0.0,0.0,0.0,0.0,nan,nan,4.314467915504185,2.9086589448027467,nan,0.9394350512488349,0.02349886220835597,0.0,0.0,0.0,0.0,0.0,0.0,0.0,0.0,0.0,0.0,0.0,0.0,0.0,0.0,0.0,0.0,0.0,0.0,0.0,0.0,0.0,0.0,0.0,0.0,0.0,0.030030030030030037,1.3963963963963966,10.450450450450452,14.534534534534538,3.5885885885885895,0.9398181171154989,0.023331516784970762,0.0,0.0,0.0,0.0,0.0,0.0,0.0,0.0,0.0,0.0,0.0,0.0,0.0,0.0,0.0,0.0,0.0,0.0,0.0,0.0,0.0,0.0,0.0,0.0,0.0,0.0,1.4595452141723957,10.248545742993127,14.341618191433108,3.950290851401376,0.4075,0.007664,0.0,0.0,0.0,0.0,0.0,0.0,0.0,0.0,0.0,0.0,0.0,5.240240240240233,24.759759759759767,0.0,0.0,0.0,0.0,0.0,0.0,0.0,0.0,0.0,0.0,0.0,0.0,0.0,0.0,0.0,0.0,0.0,0.4077,0.00765,0.0,0.0,0.0,0.0,0.0,0.0,0.0,0.0,0.0,0.0,0.0,4.918032786885239,25.08196721311476,0.0,0.0,0.0,0.0,0.0,0.0,0.0,0.0,0.0,0.0,0.0,0.0,0.0,0.0,0.0,0.0,0.0
8200,4231,2160,0.5105176081304656,1000,879,0.4441030489246041,1199,0.5667690853226187,0.40199999999999997,2.9241912119748914,3.0604009688187777,6.609756097560975,2.046746958283634,8296.61986038222,434.4022259361702,7853.0,8738.013825917244,8721.960939480172,5.517887913632173,7853.0,0.0,27.512172063342,20.62247526865464,32.52603282399547,18.866065817752858,0.14228314819191681,0.10186717088158828,0.09454029780193808,0.08508626802174427,0.07917749940912314,0.08059560387615221,0.07563223824155046,0.05837863389269676,0.052233514535570784,0.052233514535570784,0.05057905932403687,0.03828882060978492,0.0319073505081541,0.02788938785157173,0.013708343181281021,0.009926731269203497,0.0056724178681162845,0.9401872028162845,0.023332487334915646,0.0,0.0,0.0,0.0,0.0,0.0,0.0,0.0,0.0,0.0,0.0,0.0,0.0,0.0,0.0,0.0,0.0,0.0,0.0,0.0,0.0,0.0,0.0,0.0,0.0,0.007090522335145358,1.2479319309855827,10.366343653982511,14.500118175372256,3.8785157173245106,4.266072092159049,2.82458103772092,nan,nan,nan,4.2341678939617085,2.794842532036615,4.298048048048048,2.855198478573029,1.0150868259563912,0.408,0.007904,0.0,0.0,0.0,0.0,0.0,0.0,0.0,0.0,0.0,0.0,0.0,4.73646891987709,25.256440557787762,0.007090522335145358,0.0,0.0,0.0,0.0,0.0,0.0,0.0,0.0,0.0,0.0,0.0,0.0,0.0,0.0,0.0,0.0,nan,nan,4.266072092159049,2.82458103772092,nan,0.408,0.03604,0.0,0.0,0.0,0.0,0.0,0.0,0.0,0.0,0.0,0.0,0.0,0.0,0.0,0.0,0.0,0.0,0.0,0.0,0.0,0.0,0.0,0.0,0.0,0.0,0.0,0.0,0.0,1.1817537225242259e-05,0.0,0.0026471283384542662,0.00020089813282911842,0.00041361380288347906,0.004431576459465847,0.013082013708343181,0.022157882297329238,0.018352635310801228,0.05655873316000946,0.09107775939494209,0.07624675017726305,0.08046561096667454,0.12004254313401087,0.0937603403450721,0.11382651855353344,0.09654927913022926,0.068340817773576,0.062361143937603405,0.02426140392342236,0.02066887260694871,0.006499645473883243,0.009300401796265657,0.017289056960529427,0.00016544552115339164,0.0010635783502718035,0.00022453320727960292,0.0,0.0,0.0,0.0,0.0,0.0,0.0,0.0,0.0,0.0,0.0,0.0,0.0,0.0,0.0,0.0,0.0,0.0,0.0,0.0,0.0,0.0,0.0,0.0,0.0,0.0,0.0,0.0,0.0,0.0,0.0,0.0,0.0,0.0,0.0,0.0,0.0,0.0,0.0,0.0,0.0,0.0,0.0,0.0,0.0,0.0,0.0,nan,nan,4.266072092159049,2.82458103772092,nan,0.939814856979582,0.023485780946101074,0.0,0.0,0.0,0.0,0.0,0.0,0.0,0.0,0.0,0.0,0.0,0.0,0.0,0.0,0.0,0.0,0.0,0.0,0.0,0.0,0.0,0.0,0.0,0.0,0.0,0.013888888888888892,1.3611111111111114,10.375000000000002,14.458333333333337,3.7916666666666674,0.9405755499950761,0.02316515024818868,0.0,0.0,0.0,0.0,0.0,0.0,0.0,0.0,0.0,0.0,0.0,0.0,0.0,0.0,0.0,0.0,0.0,0.0,0.0,0.0,0.0,0.0,0.0,0.0,0.0,0.0,1.129888942539836,10.357315306615163,14.543698696281993,3.9690970545630138,0.408,0.00773,0.0,0.0,0.0,0.0,0.0,0.0,0.0,0.0,0.0,0.0,0.0,4.263888888888883,25.736111111111118,0.0,0.0,0.0,0.0,0.0,0.0,0.0,0.0,0.0,0.0,0.0,0.0,0.0,0.0,0.0,0.0,0.0,0.4077,0.00808,0.0,0.0,0.0,0.0,0.0,0.0,0.0,0.0,0.0,0.0,0.0,5.22935779816513,24.75615644616128,0.014485755673587642,0.0,0.0,0.0,0.0,0.0,0.0,0.0,0.0,0.0,0.0,0.0,0.0,0.0,0.0,0.0,0.0
8300,4081,2113,0.5177652536143103,1012,836,0.4528301886792453,1164,0.5704484195050232,0.418,2.948170731707317,3.043445026509805,6.459605026929982,2.063768455754992,8302.938610750038,434.24469099315314,7853.0,8742.374905014038,8722.001169176958,5.56352674150336,7853.0,0.0,28.551090419014947,21.035271004451936,33.554455445544555,19.166395169538244,0.1391815731438373,0.09262435677530018,0.08649840725312423,0.08576329331046312,0.08110757167360941,0.0823327615780446,0.06763048272482235,0.06370987503062975,0.05978926733643715,0.048027444253859346,0.046067140406763046,0.047537368292085276,0.036510659152168584,0.02327860818426856,0.022298456260720412,0.010291595197255575,0.0073511394266111245,0.9405434446368723,0.02339549931365991,0.0,0.0,0.0,0.0,0.0,0.0,0.0,0.0,0.0,0.0,0.0,0.0,0.0,0.0,0.0,0.0,0.0,0.0,0.0,0.0,0.0,0.0,0.0,0.0,0.0,0.022053418279833377,1.2643959813771137,10.004900759617742,14.67287429551581,4.035775545209509,4.149054505005561,2.867619338535144,nan,nan,nan,4.1453055141579735,2.8812391543629756,4.152767527675277,2.8540612769393867,1.0018001118353803,0.4084,0.0079,0.0,0.0,0.0,0.0,0.0,0.0,0.0,0.0,0.0,0.0,0.0,4.241607449154612,25.743690271992165,0.014702278853222252,0.0,0.0,0.0,0.0,0.0,0.0,0.0,0.0,0.0,0.0,0.0,0.0,0.0,0.0,0.0,0.0,nan,nan,4.149054505005561,2.867619338535144,nan,0.4084,0.036,0.0,0.0,0.0,0.0,0.0,0.0,0.0,0.0,0.0,0.0,0.0,0.0,0.0,0.0,0.0,0.0,0.0,0.0,0.0,0.0,0.0,0.0,0.0,0.0,0.0,0.0,0.0,2.450379808870375e-05,0.0,0.002830188679245283,0.0002450379808870375,0.0004778240627297231,0.005317324185248714,0.011872090173976967,0.020742465082087724,0.01549865229110512,0.05388385199705954,0.08954913011516785,0.0765253614310218,0.08125459446214163,0.1231683410928694,0.09498897329086008,0.11426121048762558,0.09996324430286695,0.061431021808380296,0.06312178387650086,0.024393530997304583,0.023107081597647634,0.007669688801764273,0.010989953442783631,0.01712815486400392,0.000294045577064445,0.0008208772359715756,0.00040431266846361187,3.6755697133055625e-05,0.0,0.0,0.0,0.0,0.0,0.0,0.0,0.0,0.0,0.0,0.0,0.0,0.0,0.0,0.0,0.0,0.0,0.0,0.0,0.0,0.0,0.0,0.0,0.0,0.0,0.0,0.0,0.0,0.0,0.0,0.0,0.0,0.0,0.0,0.0,0.0,0.0,0.0,0.0,0.0,0.0,0.0,0.0,0.0,0.0,0.0,nan,nan,4.149054505005561,2.867619338535144,nan,0.9395680582698239,0.023488222263789715,0.0,0.0,0.0,0.0,0.0,0.0,0.0,0.0,0.0,0.0,0.0,0.0,0.0,0.0,0.0,0.0,0.0,0.0,0.0,0.0,0.0,0.0,0.0,0.0,0.0,0.04259346900141979,1.2778040700425937,10.591575958353054,14.325603407477523,3.762423095125415,0.941590696361249,0.0232500254495218,0.0,0.0,0.0,0.0,0.0,0.0,0.0,0.0,0.0,0.0,0.0,0.0,0.0,0.0,0.0,0.0,0.0,0.0,0.0,0.0,0.0,0.0,0.0,0.0,0.0,0.0,1.2500000000000002,9.375000000000002,15.045731707317076,4.329268292682928,0.4084,0.008,0.0,0.0,0.0,0.0,0.0,0.0,0.0,0.0,0.0,0.0,0.0,4.3445338381448115,25.641268338854715,0.014197823000473264,0.0,0.0,0.0,0.0,0.0,0.0,0.0,0.0,0.0,0.0,0.0,0.0,0.0,0.0,0.0,0.0,0.4084,0.00779,0.0,0.0,0.0,0.0,0.0,0.0,0.0,0.0,0.0,0.0,0.0,4.131097560975603,25.853658536585375,0.015243902439024393,0.0,0.0,0.0,0.0,0.0,0.0,0.0,0.0,0.0,0.0,0.0,0.0,0.0,0.0,0.0,0.0
8400,3746,1992,0.5317672183662573,919,711,0.4351308061932728,1003,0.5355045381740523,0.442,3.0062713797035348,3.1681254430009913,6.587174348697395,2.2441006678128064,8315.05726443681,433.5958988169869,7853.0,8741.367612504959,8721.908891857574,5.596179430090914,7853.0,0.0,28.697810998398293,21.282930716796002,33.548895899053626,19.53541571697976,0.13347570742124934,0.09476775226908703,0.10277629471436199,0.08435664709022958,0.07314468766684463,0.07234383342231714,0.06620395088093967,0.06326748531767218,0.0605979711692472,0.05605979711692472,0.04805125467164976,0.0400427122263748,0.03443673251468233,0.028563801388147358,0.022423918846769888,0.011478910838227442,0.00800854244527496,0.9399046633279202,0.023557924077770236,0.0,0.0,0.0,0.0,0.0,0.0,0.0,0.0,0.0,0.0,0.0,0.0,0.0,0.0,0.0,0.0,0.0,0.0,0.0,0.0,0.0,0.0,0.0,0.0,0.0,0.04004271222637481,1.3774693005872933,10.339028296849975,14.279231179925258,3.964228510411106,4.286484245439469,2.9383549979307406,nan,nan,nan,4.300806451612903,2.9687619872149686,4.271331058020478,2.9057605378574936,0.9931465426486767,0.4082,0.00803,0.0,0.0,0.0,0.0,0.0,0.0,0.0,0.0,0.0,0.0,0.0,4.733048585157494,25.234917245061403,0.032034169781099846,0.0,0.0,0.0,0.0,0.0,0.0,0.0,0.0,0.0,0.0,0.0,0.0,0.0,0.0,0.0,0.0,nan,nan,4.286484245439469,2.9383549979307406,nan,0.408,0.03598,0.0,0.0,0.0,0.0,0.0,0.0,0.0,0.0,0.0,0.0,0.0,0.0,0.0,0.0,0.0,0.0,0.0,0.0,0.0,0.0,0.0,0.0,0.0,0.0,0.0,0.0,0.0,0.0,9.343299519487453e-05,0.002189001601708489,0.00029364655632674856,0.0006940736785904965,0.005018686599038975,0.010678056593699947,0.02231713828083289,0.01756540309663641,0.05355045381740523,0.09236518953550454,0.08206086492258409,0.08044580886278697,0.1199679658302189,0.09191137213027228,0.11529631607047518,0.09881206620395087,0.06190603310197544,0.061478910838227444,0.023731980779498132,0.022303790710090764,0.00784837159636946,0.012279765082754938,0.015776828617191672,0.00014682327816337428,0.0007207688200747464,0.00046716497597437266,8.00854244527496e-05,0.0,0.0,0.0,0.0,0.0,0.0,0.0,0.0,0.0,0.0,0.0,0.0,0.0,0.0,0.0,0.0,0.0,0.0,0.0,0.0,0.0,0.0,0.0,0.0,0.0,0.0,0.0,0.0,0.0,0.0,0.0,0.0,0.0,0.0,0.0,0.0,0.0,0.0,0.0,0.0,0.0,0.0,0.0,0.0,0.0,0.0,nan,nan,4.286484245439469,2.9383549979307406,nan,0.939550507469589,0.023797996853907002,0.0,0.0,0.0,0.0,0.0,0.0,0.0,0.0,0.0,0.0,0.0,0.0,0.0,0.0,0.0,0.0,0.0,0.0,0.0,0.0,0.0,0.0,0.0,0.0,0.0,0.03012048192771085,1.490963855421687,10.150602409638555,14.367469879518076,3.9608433734939767,0.9403068745421711,0.023275739734707306,0.0,0.0,0.0,0.0,0.0,0.0,0.0,0.0,0.0,0.0,0.0,0.0,0.0,0.0,0.0,0.0,0.0,0.0,0.0,0.0,0.0,0.0,0.0,0.0,0.0,0.05131128848346637,1.248574686431015,10.55302166476625,14.179019384264542,3.968072976054733,0.408,0.00805,0.0,0.0,0.0,0.0,0.0,0.0,0.0,0.0,0.0,0.0,0.0,4.698795180722885,25.25602409638555,0.04518072289156627,0.0,0.0,0.0,0.0,0.0,0.0,0.0,0.0,0.0,0.0,0.0,0.0,0.0,0.0,0.0,0.0,0.4082,0.008026,0.0,0.0,0.0,0.0,0.0,0.0,0.0,0.0,0.0,0.0,0.0,4.771949828962365,25.21094640820981,0.017103762827822125,0.0,0.0,0.0,0.0,0.0,0.0,0.0,0.0,0.0,0.0,0.0,0.0,0.0,0.0,0.0,0.0
8500,4014,2101,0.5234180368709517,1010,797,0.45017438963627304,1104,0.5500747384155455,0.41,3.0360690015682175,3.1397583019915944,6.782931354359926,2.1766184426788,8307.673866338271,433.87380763147524,7853.0,8741.431749904155,8721.662969767647,5.606866979000033,7853.0,0.0,27.649725959142998,20.620877928732998,32.29605650382578,19.001565617763646,0.13428001993024413,0.11185849526656702,0.08868958644743398,0.08594917787742899,0.08345789735924265,0.0817140009965122,0.060787244643746886,0.06801195814648729,0.058545092177379174,0.0515695067264574,0.04509217737917289,0.03886397608370702,0.03139013452914798,0.02665670154459392,0.018435475834578975,0.008968609865470852,0.0057299451918286,0.9386172695544803,0.023707730737023428,0.0,0.0,0.0,0.0,0.0,0.0,0.0,0.0,0.0,0.0,0.0,0.0,0.0,0.0,0.0,0.0,0.0,0.0,0.0,0.0,0.0,0.0,0.0,0.0,0.0,0.022421524663677132,1.5994020926756358,10.687593423019434,14.125560538116595,3.5650224215246644,4.401719421649082,2.9691018212695792,nan,nan,nan,4.335458167330677,2.9353963077086864,4.465490797546012,2.9998015125914566,1.0299928231796076,0.4077,0.00799,0.0,0.0,0.0,0.0,0.0,0.0,0.0,0.0,0.0,0.0,0.0,4.9626307922271975,25.029895366218245,0.0074738415545590456,0.0,0.0,0.0,0.0,0.0,0.0,0.0,0.0,0.0,0.0,0.0,0.0,0.0,0.0,0.0,0.0,nan,nan,4.401719421649082,2.9691018212695792,nan,0.4077,0.03622,0.0,0.0,0.0,0.0,0.0,0.0,0.0,0.0,0.0,0.0,0.0,0.0,0.0,0.0,0.0,0.0,0.0,0.0,0.0,0.0,0.0,0.0,0.0,0.0,0.0,0.0,0.0,0.0,0.00017438963627304434,0.0022172396611858493,0.0003487792725460887,0.0009591429995017439,0.006078724464374689,0.010500747384155455,0.022247135027404087,0.018572496263079222,0.05198056801195815,0.09671150971599402,0.08973592426507225,0.07543597409068262,0.11860986547085202,0.0887020428500249,0.11444942700548082,0.09676133532635775,0.06133532635774788,0.060999003487792726,0.024514200298953664,0.02257100149476831,0.00888141504733433,0.011148480318883906,0.015558046836073742,0.0002242152466367713,0.0007722969606377678,0.0003612356751370204,0.00014947683109118088,0.0,0.0,0.0,0.0,0.0,0.0,0.0,0.0,0.0,0.0,0.0,0.0,0.0,0.0,0.0,0.0,0.0,0.0,0.0,0.0,0.0,0.0,0.0,0.0,0.0,0.0,0.0,0.0,0.0,0.0,0.0,0.0,0.0,0.0,0.0,0.0,0.0,0.0,0.0,0.0,0.0,0.0,0.0,0.0,0.0,0.0,nan,nan,4.401719421649082,2.9691018212695792,nan,0.9389621277243566,0.02387684191047858,0.0,0.0,0.0,0.0,0.0,0.0,0.0,0.0,0.0,0.0,0.0,0.0,0.0,0.0,0.0,0.0,0.0,0.0,0.0,0.0,0.0,0.0,0.0,0.0,0.0,0.014278914802475015,1.5706806282722516,10.56639695383151,14.193241313660165,3.655402189433604,0.9382385204614798,0.023514772408585367,0.0,0.0,0.0,0.0,0.0,0.0,0.0,0.0,0.0,0.0,0.0,0.0,0.0,0.0,0.0,0.0,0.0,0.0,0.0,0.0,0.0,0.0,0.0,0.0,0.0,0.03136434918975432,1.6309461578672246,10.82070047046524,14.051228437009936,3.4657605854678524,0.4075,0.00801,0.0,0.0,0.0,0.0,0.0,0.0,0.0,0.0,0.0,0.0,0.0,5.1689671584959465,24.83103284150405,0.0,0.0,0.0,0.0,0.0,0.0,0.0,0.0,0.0,0.0,0.0,0.0,0.0,0.0,0.0,0.0,0.0,0.4077,0.00796,0.0,0.0,0.0,0.0,0.0,0.0,0.0,0.0,0.0,0.0,0.0,4.736016727652895,25.248301097752226,0.01568217459487716,0.0,0.0,0.0,0.0,0.0,0.0,0.0,0.0,0.0,0.0,0.0,0.0,0.0,0.0,0.0,0.0
8600,4045,2112,0.5221260815822002,1040,818,0.45933250927070457,1158,0.5725587144622991,0.426,3.1479565442317643,3.14584974693477,6.567612687813022,2.168607288759475,8306.532223168178,433.9060324241876,7853.0,8741.212748014927,8721.625872497765,5.552860404750071,7853.0,0.0,28.435352286773796,20.800948113690108,33.34906213364596,18.923283038962683,0.13868974042027193,0.09221260815822002,0.08430160692212608,0.08974042027194067,0.08355995055624227,0.07317676143386898,0.07045735475896168,0.06328800988875155,0.06106304079110012,0.06501854140914709,0.045982694684796044,0.039060568603213844,0.032138442521631644,0.027935723114956738,0.014833127317676144,0.011372064276885044,0.007169344870210136,0.9393601445538742,0.02357342999522658,0.0,0.0,0.0,0.0,0.0,0.0,0.0,0.0,0.0,0.0,0.0,0.0,0.0,0.0,0.0,0.0,0.0,0.0,0.0,0.0,0.0,0.0,0.0,0.0,0.0,0.04449938195302844,1.4907292954264526,10.346106304079111,14.328800988875159,3.7898640296662554,4.280451127819549,2.9063570108779095,nan,nan,nan,4.337848006019564,2.9171280398666224,4.223308270676692,2.895508246010284,0.9735952630926841,0.4077,0.0081,0.0,0.0,0.0,0.0,0.0,0.0,0.0,0.0,0.0,0.0,0.0,5.288009888751538,24.697156983930785,0.014833127317676147,0.0,0.0,0.0,0.0,0.0,0.0,0.0,0.0,0.0,0.0,0.0,0.0,0.0,0.0,0.0,0.0,nan,nan,4.280451127819549,2.9063570108779095,nan,0.4077,0.0364,0.0,0.0,0.0,0.0,0.0,0.0,0.0,0.0,0.0,0.0,0.0,0.0,0.0,0.0,0.0,0.0,0.0,0.0,0.0,0.0,0.0,0.0,0.0,0.0,0.0,0.0,0.0,0.00013597033374536464,0.00017305315203955502,0.001619283065512979,0.000519159456118665,0.000927070457354759,0.006316440049443758,0.012336217552533993,0.0219159456118665,0.020049443757725587,0.05243510506798517,0.09426452410383189,0.08522867737948084,0.07365883807169345,0.12326328800988876,0.09373300370828183,0.11220024721878863,0.09211372064276885,0.06014833127317676,0.06388133498145859,0.02488257107540173,0.023881334981458592,0.007527812113720643,0.011915945611866503,0.01511742892459827,7.416563658838072e-05,0.0006674907292954264,0.000519159456118665,0.0004944375772558715,0.0,0.0,0.0,0.0,0.0,0.0,0.0,0.0,0.0,0.0,0.0,0.0,0.0,0.0,0.0,0.0,0.0,0.0,0.0,0.0,0.0,0.0,0.0,0.0,0.0,0.0,0.0,0.0,0.0,0.0,0.0,0.0,0.0,0.0,0.0,0.0,0.0,0.0,0.0,0.0,0.0,0.0,0.0,0.0,0.0,0.0,nan,nan,4.280451127819549,2.9063570108779095,nan,0.9387161474054059,0.023635823332706533,0.0,0.0,0.0,0.0,0.0,0.0,0.0,0.0,0.0,0.0,0.0,0.0,0.0,0.0,0.0,0.0,0.0,0.0,0.0,0.0,0.0,0.0,0.0,0.0,0.0,0.028409090909090915,1.6335227272727277,10.553977272727275,13.991477272727277,3.792613636363637,0.9400637772375601,0.02348489001036828,0.0,0.0,0.0,0.0,0.0,0.0,0.0,0.0,0.0,0.0,0.0,0.0,0.0,0.0,0.0,0.0,0.0,0.0,0.0,0.0,0.0,0.0,0.0,0.0,0.0,0.0620796689084325,1.3347128815312987,10.118986032074497,14.697361614071395,3.7868598034143828,0.4077,0.00802,0.0,0.0,0.0,0.0,0.0,0.0,0.0,0.0,0.0,0.0,0.0,5.440340909090901,24.545454545454554,0.014204545454545458,0.0,0.0,0.0,0.0,0.0,0.0,0.0,0.0,0.0,0.0,0.0,0.0,0.0,0.0,0.0,0.0,0.4077,0.00819,0.0,0.0,0.0,0.0,0.0,0.0,0.0,0.0,0.0,0.0,0.0,5.121572684945673,24.862907397827215,0.015519917227108125,0.0,0.0,0.0,0.0,0.0,0.0,0.0,0.0,0.0,0.0,0.0,0.0,0.0,0.0,0.0,0.0
8700,4035,2105,0.5216852540272615,1011,798,0.4483271375464684,1117,0.5536555142503098,0.43,3.0461139896373055,3.1983557834575427,6.814041745730551,2.25918999904119,8306.329653744868,434.09512453457825,7853.0,8737.773528510332,8721.971569054895,5.498364568360419,7853.0,0.0,27.405700123915736,20.49215323513927,32.27482269503546,18.792527931495364,0.1395291201982652,0.10061957868649318,0.09640644361833953,0.09268897149938042,0.07781908302354398,0.07757125154894672,0.06716232961586122,0.07112763320941759,0.05675340768277571,0.05328376703841388,0.040396530359355635,0.03990086741016109,0.02899628252788104,0.024783147459727387,0.019330855018587362,0.00842627013630731,0.0052044609665427505,0.9397505603758376,0.023114613284799135,0.0,0.0,0.0,0.0,0.0,0.0,0.0,0.0,0.0,0.0,0.0,0.0,0.0,0.0,0.0,0.0,0.0,0.0,0.0,0.0,0.0,0.0,0.0,0.0,0.0,0.02230483271375465,1.2118959107806693,10.55018587360595,14.550185873605951,3.665427509293681,4.419354838709677,3.0422926471218283,nan,nan,nan,4.39738662567256,3.0329412459659335,4.4418238993710695,3.051664017739284,1.0101053824649118,0.4082,0.00779,0.0,0.0,0.0,0.0,0.0,0.0,0.0,0.0,0.0,0.0,0.0,4.423791821561332,25.56877323420075,0.007434944237918217,0.0,0.0,0.0,0.0,0.0,0.0,0.0,0.0,0.0,0.0,0.0,0.0,0.0,0.0,0.0,0.0,nan,nan,4.419354838709677,3.0422926471218283,nan,0.4082,0.03644,0.0,0.0,0.0,0.0,0.0,0.0,0.0,0.0,0.0,0.0,0.0,0.0,0.0,0.0,0.0,0.0,0.0,0.0,0.0,0.0,0.0,0.0,0.0,0.0,0.0,0.0,0.0,0.00012391573729863693,0.00011152416356877323,0.001933085501858736,0.0003097893432465923,0.001214374225526642,0.005724907063197026,0.01204460966542751,0.02009913258983891,0.020223048327137547,0.05349442379182156,0.09226765799256506,0.08094175960346964,0.07044609665427509,0.12545229244114003,0.09908302354399008,0.11372986369268898,0.09275092936802974,0.058686493184634446,0.06380421313506815,0.024721189591078066,0.024547707558859974,0.008537794299876084,0.012094175960346964,0.015006195786864933,1.2391573729863692e-05,0.0011028500619578686,0.0005080545229244114,0.0010161090458488229,1.2391573729863692e-05,0.0,0.0,0.0,0.0,0.0,0.0,0.0,0.0,0.0,0.0,0.0,0.0,0.0,0.0,0.0,0.0,0.0,0.0,0.0,0.0,0.0,0.0,0.0,0.0,0.0,0.0,0.0,0.0,0.0,0.0,0.0,0.0,0.0,0.0,0.0,0.0,0.0,0.0,0.0,0.0,0.0,0.0,0.0,0.0,0.0,nan,nan,4.419354838709677,3.0422926471218283,nan,0.9396908419432379,0.02356759220911063,0.0,0.0,0.0,0.0,0.0,0.0,0.0,0.0,0.0,0.0,0.0,0.0,0.0,0.0,0.0,0.0,0.0,0.0,0.0,0.0,0.0,0.0,0.0,0.0,0.0,0.01425178147268409,1.453681710213777,10.375296912114017,14.494061757719718,3.6627078384798106,0.9398156936922222,0.02261003696681442,0.0,0.0,0.0,0.0,0.0,0.0,0.0,0.0,0.0,0.0,0.0,0.0,0.0,0.0,0.0,0.0,0.0,0.0,0.0,0.0,0.0,0.0,0.0,0.0,0.0,0.03108808290155441,0.9481865284974096,10.74093264248705,14.611398963730574,3.6683937823834207,0.4082,0.00783,0.0,0.0,0.0,0.0,0.0,0.0,0.0,0.0,0.0,0.0,0.0,4.532066508313532,25.467933491686466,0.0,0.0,0.0,0.0,0.0,0.0,0.0,0.0,0.0,0.0,0.0,0.0,0.0,0.0,0.0,0.0,0.0,0.4082,0.007744,0.0,0.0,0.0,0.0,0.0,0.0,0.0,0.0,0.0,0.0,0.0,4.305699481865278,25.678756476683944,0.015544041450777205,0.0,0.0,0.0,0.0,0.0,0.0,0.0,0.0,0.0,0.0,0.0,0.0,0.0,0.0,0.0,0.0
8800,4272,2172,0.5084269662921348,972,903,0.43890449438202245,1216,0.5692883895131086,0.422,2.8252380952380953,3.036199251645322,6.400359066427289,2.223475181296903,8294.667296713445,434.30310285029174,7853.0,8739.604560160637,8721.69368856346,5.537975019589643,7853.0,0.0,27.628511235955056,21.04077684178222,32.58016759776536,19.39895746708827,0.1425561797752809,0.10440074906367042,0.10182584269662921,0.08567415730337079,0.07443820224719101,0.07116104868913857,0.07092696629213484,0.06132958801498127,0.05805243445692884,0.050093632958801496,0.04658239700374532,0.03441011235955056,0.03300561797752809,0.027153558052434457,0.017322097378277154,0.013810861423220975,0.007256554307116105,0.9399359270595433,0.023322114540314052,0.0,0.0,0.0,0.0,0.0,0.0,0.0,0.0,0.0,0.0,0.0,0.0,0.0,0.0,0.0,0.0,0.0,0.0,0.0,0.0,0.0,0.0,0.0,0.0,0.0,0.007022471910112361,1.1938202247191014,10.533707865168541,14.438202247191015,3.827247191011237,4.213785477331368,2.8097301070191145,nan,nan,nan,4.135667396061269,2.8023598818869577,4.2935916542473915,2.8150019771425274,1.0381859185137874,0.4075,0.00818,0.0,0.0,0.0,0.0,0.0,0.0,0.0,0.0,0.0,0.0,0.0,5.147471910112352,24.83848314606742,0.014044943820224722,0.0,0.0,0.0,0.0,0.0,0.0,0.0,0.0,0.0,0.0,0.0,0.0,0.0,0.0,0.0,0.0,nan,nan,4.213785477331368,2.8097301070191145,nan,0.4075,0.03683,0.0,0.0,0.0,0.0,0.0,0.0,0.0,0.0,0.0,0.0,0.0,0.0,0.0,0.0,0.0,0.0,0.0,0.0,0.0,0.0,0.0,0.0,0.0,0.0,0.0,0.0,0.0,0.0,0.0002106741573033708,0.0023408239700374533,0.0005500936329588015,0.0012172284644194756,0.006027621722846442,0.01237125468164794,0.022413389513108613,0.02140683520599251,0.05351123595505618,0.09442883895131086,0.08632958801498128,0.07017790262172284,0.12022471910112359,0.09283707865168539,0.11577715355805243,0.09061329588014981,0.06055711610486891,0.062195692883895135,0.0244499063670412,0.024602059925093633,0.008614232209737827,0.012312734082397003,0.01399812734082397,3.51123595505618e-05,0.0008778089887640449,0.0006788389513108614,0.0012406367041198501,0.0,0.0,0.0,0.0,0.0,0.0,0.0,0.0,0.0,0.0,0.0,0.0,0.0,0.0,0.0,0.0,0.0,0.0,0.0,0.0,0.0,0.0,0.0,0.0,0.0,0.0,0.0,0.0,0.0,0.0,0.0,0.0,0.0,0.0,0.0,0.0,0.0,0.0,0.0,0.0,0.0,0.0,0.0,0.0,0.0,0.0,nan,nan,4.213785477331368,2.8097301070191145,nan,0.9391659681529191,0.023504267760832365,0.0,0.0,0.0,0.0,0.0,0.0,0.0,0.0,0.0,0.0,0.0,0.0,0.0,0.0,0.0,0.0,0.0,0.0,0.0,0.0,0.0,0.0,0.0,0.0,0.0,0.0138121546961326,1.2983425414364642,10.939226519337018,14.060773480662986,3.687845303867404,0.9407322845572517,0.023105230140822233,0.0,0.0,0.0,0.0,0.0,0.0,0.0,0.0,0.0,0.0,0.0,0.0,0.0,0.0,0.0,0.0,0.0,0.0,0.0,0.0,0.0,0.0,0.0,0.0,0.0,0.0,1.0857142857142859,10.114285714285716,14.828571428571433,3.9714285714285724,0.4075,0.00814,0.0,0.0,0.0,0.0,0.0,0.0,0.0,0.0,0.0,0.0,0.0,5.290055248618777,24.682320441988956,0.0276243093922652,0.0,0.0,0.0,0.0,0.0,0.0,0.0,0.0,0.0,0.0,0.0,0.0,0.0,0.0,0.0,0.0,0.4077,0.00821,0.0,0.0,0.0,0.0,0.0,0.0,0.0,0.0,0.0,0.0,0.0,4.999999999999993,25.000000000000007,0.0,0.0,0.0,0.0,0.0,0.0,0.0,0.0,0.0,0.0,0.0,0.0,0.0,0.0,0.0,0.0,0.0
8900,4447,2368,0.532493816055768,1132,890,0.4546885540814032,1216,0.546885540814032,0.418,3.027898027898028,3.097298386348173,6.580968280467446,2.151919218868692,8315.637314060701,433.5073394851766,7853.0,8739.32456305027,8721.812557275309,5.6152080116900915,7853.0,0.0,28.070159658196538,20.925323176255294,33.024899598393574,19.167539245633264,0.13784573870024736,0.09984259051045649,0.09219698673262874,0.08387677085675736,0.08230267596132224,0.07645603777827749,0.070159658196537,0.06723633910501461,0.06161457162131774,0.04947155385653249,0.044524398470879245,0.0386777602878345,0.03260625140544187,0.026759613222397123,0.015516078255003373,0.010568922869350123,0.01034405217000225,0.9396445186641582,0.023734125913206214,0.0,0.0,0.0,0.0,0.0,0.0,0.0,0.0,0.0,0.0,0.0,0.0,0.0,0.0,0.0,0.0,0.0,0.0,0.0,0.0,0.0,0.0,0.0,0.0,0.0,0.013492241960872502,1.5381155835394653,10.233865527321791,14.504160107937938,3.7103665392399376,4.242570836212854,2.9061402997690005,nan,nan,nan,4.271604938271605,2.9066930526566517,4.214634146341464,2.905706590400354,0.9866629070914986,0.4077,0.008156,0.0,0.0,0.0,0.0,0.0,0.0,0.0,0.0,0.0,0.0,0.0,5.120305824151106,24.839217449966277,0.0404767258826175,0.0,0.0,0.0,0.0,0.0,0.0,0.0,0.0,0.0,0.0,0.0,0.0,0.0,0.0,0.0,0.0,nan,nan,4.242570836212854,2.9061402997690005,nan,0.4077,0.03677,0.0,0.0,0.0,0.0,0.0,0.0,0.0,0.0,0.0,0.0,0.0,0.0,0.0,0.0,0.0,0.0,0.0,0.0,0.0,0.0,0.0,0.0,0.0,0.0,0.0,0.0,0.0,0.0,7.870474477175624e-05,0.002552282437598381,0.0007308297728805936,0.0012817629862828873,0.005037103665392399,0.012581515628513605,0.021497638857656848,0.02252080053968968,0.05286710141668541,0.09380481223296605,0.08730604902181245,0.06919271418934113,0.11732628738475377,0.09265797166629189,0.11787722059815606,0.09310771306498763,0.06307623116707893,0.0582639982010344,0.025354171351472905,0.026377333033505736,0.008207780526197436,0.011614571621317743,0.013919496289633461,0.00010119181470654374,0.0008207780526197436,0.0008095345176523499,0.0010344052170002248,0.0,0.0,0.0,0.0,0.0,0.0,0.0,0.0,0.0,0.0,0.0,0.0,0.0,0.0,0.0,0.0,0.0,0.0,0.0,0.0,0.0,0.0,0.0,0.0,0.0,0.0,0.0,0.0,0.0,0.0,0.0,0.0,0.0,0.0,0.0,0.0,0.0,0.0,0.0,0.0,0.0,0.0,0.0,0.0,0.0,0.0,nan,nan,4.242570836212854,2.9061402997690005,nan,0.9395365894243524,0.023724912445441834,0.0,0.0,0.0,0.0,0.0,0.0,0.0,0.0,0.0,0.0,0.0,0.0,0.0,0.0,0.0,0.0,0.0,0.0,0.0,0.0,0.0,0.0,0.0,0.0,0.0,0.0,1.7229729729729732,9.983108108108109,14.632601351351354,3.6613175675675684,0.9397674510546634,0.02374401815764369,0.0,0.0,0.0,0.0,0.0,0.0,0.0,0.0,0.0,0.0,0.0,0.0,0.0,0.0,0.0,0.0,0.0,0.0,0.0,0.0,0.0,0.0,0.0,0.0,0.0,0.028860028860028867,1.3275613275613278,10.51948051948052,14.357864357864361,3.7662337662337673,0.4077,0.00821,0.0,0.0,0.0,0.0,0.0,0.0,0.0,0.0,0.0,0.0,0.0,5.270270270270262,24.69172297297298,0.038006756756756764,0.0,0.0,0.0,0.0,0.0,0.0,0.0,0.0,0.0,0.0,0.0,0.0,0.0,0.0,0.0,0.0,0.4077,0.00809,0.0,0.0,0.0,0.0,0.0,0.0,0.0,0.0,0.0,0.0,0.0,4.949494949494943,25.007215007215013,0.043290043290043295,0.0,0.0,0.0,0.0,0.0,0.0,0.0,0.0,0.0,0.0,0.0,0.0,0.0,0.0,0.0,0.0
9000,4595,2362,0.5140369967355821,1104,947,0.44635473340587595,1325,0.5767138193688792,0.40599999999999997,3.0806090461262876,3.2017887390155413,6.849056603773585,2.230262638580395,8299.432685868833,434.0885751791824,7853.0,8739.765603387355,8721.483569672857,5.505630245846295,7853.0,0.0,27.877693144722524,20.80806773910851,32.778985507246375,19.060281222895327,0.14080522306855278,0.09488574537540805,0.09727965179542981,0.08792165397170838,0.08161044613710555,0.07421109902067465,0.07247007616974972,0.06224156692056583,0.058759521218716,0.05353645266594124,0.04069640914036997,0.04069640914036997,0.028073993471164307,0.031991294885745376,0.018280739934711642,0.010663764961915125,0.0058759521218716,0.9383922989142732,0.023478764452143502,0.0,0.0,0.0,0.0,0.0,0.0,0.0,0.0,0.0,0.0,0.0,0.0,0.0,0.0,0.0,0.0,0.0,0.0,0.0,0.0,0.0,0.0,0.0,0.0,0.0,0.026115342763873783,1.612622415669206,10.844396082698589,14.010881392818284,3.505984766050055,4.4356902356902355,2.967399570972939,nan,nan,nan,4.508994003997335,2.9770528757056915,4.363760217983652,2.9544396974986324,0.9677902020084901,0.4072,0.00818,0.0,0.0,0.0,0.0,0.0,0.0,0.0,0.0,0.0,0.0,0.0,5.732317736670286,24.261153427638742,0.006528835690968446,0.0,0.0,0.0,0.0,0.0,0.0,0.0,0.0,0.0,0.0,0.0,0.0,0.0,0.0,0.0,0.0,nan,nan,4.4356902356902355,2.967399570972939,nan,0.4072,0.03665,0.0,0.0,0.0,0.0,0.0,0.0,0.0,0.0,0.0,0.0,0.0,0.0,0.0,0.0,0.0,0.0,0.0,0.0,0.0,0.0,0.0,0.0,0.0,0.0,0.0,0.0,0.0,0.0,0.0,0.0024918389553862893,0.0009249183895538629,0.0013928182807399346,0.005854189336235038,0.012317736670293797,0.022143634385201307,0.02336235038084875,0.0535582154515778,0.09462459194776932,0.08794341675734493,0.067519042437432,0.1175734494015234,0.09268770402611534,0.11953210010881393,0.09085963003264418,0.06257889009793254,0.058868335146898806,0.02616974972796518,0.02512513601741023,0.0078019586507072905,0.011686615886833516,0.012600652883569097,8.705114254624592e-05,0.0008161044613710555,0.00058759521218716,0.00088139281828074,1.088139281828074e-05,0.0,0.0,0.0,0.0,0.0,0.0,0.0,0.0,0.0,0.0,0.0,0.0,0.0,0.0,0.0,0.0,0.0,0.0,0.0,0.0,0.0,0.0,0.0,0.0,0.0,0.0,0.0,0.0,0.0,0.0,0.0,0.0,0.0,0.0,0.0,0.0,0.0,0.0,0.0,0.0,0.0,0.0,0.0,0.0,0.0,nan,nan,4.4356902356902355,2.967399570972939,nan,0.9385673215488172,0.023325974291917927,0.0,0.0,0.0,0.0,0.0,0.0,0.0,0.0,0.0,0.0,0.0,0.0,0.0,0.0,0.0,0.0,0.0,0.0,0.0,0.0,0.0,0.0,0.0,0.0,0.0,0.012701100762066049,1.5876375952582562,10.808636748518207,14.098221845893313,3.4928027095681635,0.9382071652542675,0.023637896187484037,0.0,0.0,0.0,0.0,0.0,0.0,0.0,0.0,0.0,0.0,0.0,0.0,0.0,0.0,0.0,0.0,0.0,0.0,0.0,0.0,0.0,0.0,0.0,0.0,0.0,0.040304523063143756,1.6390506045678463,10.882221227048815,13.918495297805645,3.519928347514555,0.4072,0.0081,0.0,0.0,0.0,0.0,0.0,0.0,0.0,0.0,0.0,0.0,0.0,5.817104149026241,24.182895850973757,0.0,0.0,0.0,0.0,0.0,0.0,0.0,0.0,0.0,0.0,0.0,0.0,0.0,0.0,0.0,0.0,0.0,0.4075,0.00826,0.0,0.0,0.0,0.0,0.0,0.0,0.0,0.0,0.0,0.0,0.0,5.6426332288401175,24.343931930138833,0.013434841021047922,0.0,0.0,0.0,0.0,0.0,0.0,0.0,0.0,0.0,0.0,0.0,0.0,0.0,0.0,0.0,0.0
9100,4248,2165,0.5096516007532956,999,898,0.4465630885122411,1201,0.565442561205273,0.438,3.00288046087374,3.1035870963662417,6.632042253521127,2.126334225292736,8295.656329715795,434.21020468219336,7853.0,8740.438980066776,8721.546923155984,5.485342396492215,7853.0,0.0,27.734227871939737,20.76047680548335,32.67573632538569,19.002377877275894,0.14124293785310735,0.10145951035781545,0.09322033898305085,0.08498116760828625,0.07791902071563088,0.07674199623352165,0.0717984934086629,0.06497175141242938,0.05861581920903955,0.05508474576271186,0.04190207156308851,0.03954802259887006,0.036016949152542374,0.023069679849340868,0.01694915254237288,0.009651600753295669,0.006826741996233522,0.9389406719478286,0.023242296442026265,0.0,0.0,0.0,0.0,0.0,0.0,0.0,0.0,0.0,0.0,0.0,0.0,0.0,0.0,0.0,0.0,0.0,0.0,0.0,0.0,0.0,0.0,0.0,0.0,0.0,0.028248587570621476,1.4830508474576276,10.529661016949154,14.491525423728817,3.4675141242937864,4.273095325726905,2.827214299447142,nan,nan,nan,4.2020879940343026,2.8170983947776547,4.342296511627907,2.835327687962604,1.033366392563092,0.4072,0.00814,0.0,0.0,0.0,0.0,0.0,0.0,0.0,0.0,0.0,0.0,0.0,5.677966101694906,24.29378531073447,0.028248587570621476,0.0,0.0,0.0,0.0,0.0,0.0,0.0,0.0,0.0,0.0,0.0,0.0,0.0,0.0,0.0,0.0,nan,nan,4.273095325726905,2.827214299447142,nan,0.4072,0.0367,0.0,0.0,0.0,0.0,0.0,0.0,0.0,0.0,0.0,0.0,0.0,0.0,0.0,0.0,0.0,0.0,0.0,0.0,0.0,0.0,0.0,0.0,0.0,0.0,0.0,1.1770244821092279e-05,0.0,0.0,0.0,0.00278954802259887,0.000635593220338983,0.0012947269303201507,0.0050376647834274955,0.012370527306967985,0.023987758945386062,0.022787193973634653,0.054719868173258,0.09373822975517891,0.08913606403013183,0.06633709981167608,0.11802024482109227,0.09040725047080979,0.11789077212806026,0.09432674199623352,0.06120527306967985,0.059898775894538604,0.025906308851224105,0.024399717514124293,0.008309792843691148,0.011699623352165725,0.012311676082862523,9.416195856873823e-05,0.0008945386064030132,0.000423728813559322,0.0013653483992467042,0.0,0.0,0.0,0.0,0.0,0.0,0.0,0.0,0.0,0.0,0.0,0.0,0.0,0.0,0.0,0.0,0.0,0.0,0.0,0.0,0.0,0.0,0.0,0.0,0.0,0.0,0.0,0.0,0.0,0.0,0.0,0.0,0.0,0.0,0.0,0.0,0.0,0.0,0.0,0.0,0.0,0.0,0.0,0.0,0.0,0.0,nan,nan,4.273095325726905,2.827214299447142,nan,0.9387756120250076,0.02337705923449763,0.0,0.0,0.0,0.0,0.0,0.0,0.0,0.0,0.0,0.0,0.0,0.0,0.0,0.0,0.0,0.0,0.0,0.0,0.0,0.0,0.0,0.0,0.0,0.0,0.0,0.013856812933025408,1.5796766743648964,10.461893764434182,14.494226327944576,3.4503464203233265,0.9391122296688594,0.02310014543396654,0.0,0.0,0.0,0.0,0.0,0.0,0.0,0.0,0.0,0.0,0.0,0.0,0.0,0.0,0.0,0.0,0.0,0.0,0.0,0.0,0.0,0.0,0.0,0.0,0.0,0.043206913106096985,1.3826212193951035,10.60009601536246,14.48871819491119,3.485357657225157,0.4072,0.0081,0.0,0.0,0.0,0.0,0.0,0.0,0.0,0.0,0.0,0.0,0.0,5.556581986143179,24.41570438799077,0.027713625866050817,0.0,0.0,0.0,0.0,0.0,0.0,0.0,0.0,0.0,0.0,0.0,0.0,0.0,0.0,0.0,0.0,0.4072,0.00819,0.0,0.0,0.0,0.0,0.0,0.0,0.0,0.0,0.0,0.0,0.0,5.804128660585685,24.167066730676915,0.02880460873739799,0.0,0.0,0.0,0.0,0.0,0.0,0.0,0.0,0.0,0.0,0.0,0.0,0.0,0.0,0.0,0.0
9200,4242,2229,0.5254596888260255,1049,852,0.44813767090994816,1168,0.5506836397925506,0.45,3.0536512667660207,3.1706087573673796,6.686411149825784,2.160604673625996,8309.493833144723,433.83057217270976,7853.0,8741.993988537788,8721.751386361564,5.506827061737664,7853.0,0.0,28.18811881188119,21.12221615662778,33.36222473178995,19.273231273547115,0.14214992927864215,0.10183875530410184,0.08958038661008957,0.08297972654408298,0.07920792079207921,0.0719000471475719,0.06812824139556813,0.0627062706270627,0.058462989156058465,0.05469118340405469,0.04809052333804809,0.03983969825553984,0.03536067892503536,0.028524280999528525,0.02145214521452145,0.00942951438000943,0.005657708628005658,0.9395895571373701,0.0236936639944303,0.0,0.0,0.0,0.0,0.0,0.0,0.0,0.0,0.0,0.0,0.0,0.0,0.0,0.0,0.0,0.0,0.0,0.0,0.0,0.0,0.0,0.0,0.0,0.0,0.0,0.0,1.4922206506364926,10.516265912305517,14.16548797736917,3.826025459688827,4.240101707228478,2.9189494980218775,nan,nan,nan,4.249451353328457,2.9059806514890667,4.2308802308802305,2.931655158250427,0.99562975996097,0.4075,0.00794,0.0,0.0,0.0,0.0,0.0,0.0,0.0,0.0,0.0,0.0,0.0,5.311173974540304,24.688826025459697,0.0,0.0,0.0,0.0,0.0,0.0,0.0,0.0,0.0,0.0,0.0,0.0,0.0,0.0,0.0,0.0,0.0,nan,nan,4.240101707228478,2.9189494980218775,nan,0.4075,0.0369,0.0,0.0,0.0,0.0,0.0,0.0,0.0,0.0,0.0,0.0,0.0,0.0,0.0,0.0,0.0,0.0,0.0,0.0,0.0,0.0,0.0,0.0,0.0,0.0,0.0,0.0,0.0,0.0,0.0,0.00276991984912777,0.0008958038661008958,0.0007897218293257897,0.003972182932578972,0.012258368694012258,0.025648279113625647,0.02400990099009901,0.05443187175860443,0.09255068363979255,0.08817774634606318,0.06427392739273928,0.1192008486562942,0.08618576143328618,0.11914191419141915,0.09332861857614333,0.06257661480433757,0.06293022159358792,0.025589344648750588,0.02584865629420085,0.00752003771805752,0.012293729372937294,0.013083451202263084,0.00015322960867515323,0.0004596888260254597,0.0005893446487505894,0.0013201320132013201,0.0,0.0,0.0,0.0,0.0,0.0,0.0,0.0,0.0,0.0,0.0,0.0,0.0,0.0,0.0,0.0,0.0,0.0,0.0,0.0,0.0,0.0,0.0,0.0,0.0,0.0,0.0,0.0,0.0,0.0,0.0,0.0,0.0,0.0,0.0,0.0,0.0,0.0,0.0,0.0,0.0,0.0,0.0,0.0,0.0,0.0,nan,nan,4.240101707228478,2.9189494980218775,nan,0.939552385853031,0.023453744838129786,0.0,0.0,0.0,0.0,0.0,0.0,0.0,0.0,0.0,0.0,0.0,0.0,0.0,0.0,0.0,0.0,0.0,0.0,0.0,0.0,0.0,0.0,0.0,0.0,0.0,0.0,1.4401076716016155,10.524899057873487,14.320323014804849,3.714670255720055,0.9396307169946935,0.02395645665953378,0.0,0.0,0.0,0.0,0.0,0.0,0.0,0.0,0.0,0.0,0.0,0.0,0.0,0.0,0.0,0.0,0.0,0.0,0.0,0.0,0.0,0.0,0.0,0.0,0.0,0.0,1.5499254843517143,10.506706408345755,13.994038748137113,3.9493293591654255,0.4075,0.00788,0.0,0.0,0.0,0.0,0.0,0.0,0.0,0.0,0.0,0.0,0.0,5.383580080753693,24.616419919246304,0.0,0.0,0.0,0.0,0.0,0.0,0.0,0.0,0.0,0.0,0.0,0.0,0.0,0.0,0.0,0.0,0.0,0.4077,0.007996,0.0,0.0,0.0,0.0,0.0,0.0,0.0,0.0,0.0,0.0,0.0,5.230998509687027,24.769001490312974,0.0,0.0,0.0,0.0,0.0,0.0,0.0,0.0,0.0,0.0,0.0,0.0,0.0,0.0,0.0,0.0,0.0
9300,4550,2374,0.5217582417582417,1129,924,0.4512087912087912,1290,0.567032967032967,0.414,3.061580882352941,3.1460868085120186,6.693811074918567,2.1591546188011583,8306.359666434855,434.0613140867931,7853.0,8743.317083144188,8721.907532552057,5.637534931456198,7853.0,0.0,28.01054945054945,20.83766398513626,33.012054507337524,19.02779500024773,0.14175824175824175,0.09912087912087912,0.08879120879120879,0.08725274725274726,0.07582417582417582,0.07912087912087912,0.06879120879120879,0.06395604395604396,0.06087912087912088,0.056263736263736264,0.04285714285714286,0.04197802197802198,0.03494505494505495,0.023956043956043956,0.014945054945054945,0.012967032967032967,0.006593406593406593,0.9394734506816654,0.023335398280427664,0.0,0.0,0.0,0.0,0.0,0.0,0.0,0.0,0.0,0.0,0.0,0.0,0.0,0.0,0.0,0.0,0.0,0.0,0.0,0.0,0.0,0.0,0.0,0.0,0.0,0.02637362637362638,1.3450549450549452,10.602197802197804,14.189010989010992,3.837362637362638,4.3456706281833615,2.91020727507065,nan,nan,nan,4.405551794177387,2.933484514753586,4.28542234332425,2.8853439717389144,0.9727322577362713,0.408,0.00819,0.0,0.0,0.0,0.0,0.0,0.0,0.0,0.0,0.0,0.0,0.0,4.892307692307685,25.0945054945055,0.01318681318681319,0.0,0.0,0.0,0.0,0.0,0.0,0.0,0.0,0.0,0.0,0.0,0.0,0.0,0.0,0.0,0.0,nan,nan,4.3456706281833615,2.91020727507065,nan,0.408,0.03696,0.0,0.0,0.0,0.0,0.0,0.0,0.0,0.0,0.0,0.0,0.0,0.0,0.0,0.0,0.0,0.0,0.0,0.0,0.0,0.0,0.0,0.0,0.0,0.0,0.0,0.0,0.0,0.0,0.0,0.003197802197802198,0.0013076923076923077,0.0007802197802197802,0.0035384615384615385,0.010010989010989011,0.025384615384615384,0.02545054945054945,0.05451648351648351,0.09048351648351648,0.08614285714285715,0.06334065934065934,0.11892307692307692,0.08881318681318681,0.11673626373626374,0.09706593406593407,0.06383516483516484,0.06275824175824175,0.024967032967032968,0.026824175824175824,0.006351648351648352,0.014,0.013153846153846153,6.593406593406593e-05,0.00042857142857142855,0.0005494505494505495,0.0013626373626373627,1.0989010989010989e-05,0.0,0.0,0.0,0.0,0.0,0.0,0.0,0.0,0.0,0.0,0.0,0.0,0.0,0.0,0.0,0.0,0.0,0.0,0.0,0.0,0.0,0.0,0.0,0.0,0.0,0.0,0.0,0.0,0.0,0.0,0.0,0.0,0.0,0.0,0.0,0.0,0.0,0.0,0.0,0.0,0.0,0.0,0.0,0.0,0.0,nan,nan,4.3456706281833615,2.91020727507065,nan,0.9397478008481165,0.02372798105828635,0.0,0.0,0.0,0.0,0.0,0.0,0.0,0.0,0.0,0.0,0.0,0.0,0.0,0.0,0.0,0.0,0.0,0.0,0.0,0.0,0.0,0.0,0.0,0.0,0.0,0.03791069924178602,1.440606571187869,10.589721988205563,13.887952822240946,4.043807919123842,0.9391741366673481,0.02289566836906598,0.0,0.0,0.0,0.0,0.0,0.0,0.0,0.0,0.0,0.0,0.0,0.0,0.0,0.0,0.0,0.0,0.0,0.0,0.0,0.0,0.0,0.0,0.0,0.0,0.0,0.013786764705882356,1.240808823529412,10.615808823529413,14.517463235294121,3.6121323529411775,0.408,0.00812,0.0,0.0,0.0,0.0,0.0,0.0,0.0,0.0,0.0,0.0,0.0,4.839932603201341,25.16006739679866,0.0,0.0,0.0,0.0,0.0,0.0,0.0,0.0,0.0,0.0,0.0,0.0,0.0,0.0,0.0,0.0,0.0,0.408,0.00826,0.0,0.0,0.0,0.0,0.0,0.0,0.0,0.0,0.0,0.0,0.0,4.949448529411757,25.022977941176478,0.027573529411764712,0.0,0.0,0.0,0.0,0.0,0.0,0.0,0.0,0.0,0.0,0.0,0.0,0.0,0.0,0.0,0.0
9400,4336,2285,0.5269833948339483,1051,859,0.4404981549815498,1191,0.5493542435424354,0.43,2.9829351535836177,3.0567844414657763,6.492411467116358,2.072145571823978,8310.860574720695,433.80186755126095,7853.0,8739.761431419849,8721.833020564085,5.506688406228849,7853.0,0.0,28.27352398523985,21.167228642251118,33.31793179317932,19.392339615593702,0.13883763837638377,0.10309040590405905,0.09017527675276753,0.0834870848708487,0.08002767527675277,0.07541512915129152,0.06849630996309963,0.0544280442804428,0.06619003690036901,0.05396678966789668,0.047739852398523984,0.03736162361623616,0.034363468634686346,0.02698339483394834,0.01775830258302583,0.014529520295202951,0.007149446494464945,0.9393803402506558,0.02326870872376523,0.0,0.0,0.0,0.0,0.0,0.0,0.0,0.0,0.0,0.0,0.0,0.0,0.0,0.0,0.0,0.0,0.0,0.0,0.0,0.0,0.0,0.0,0.0,0.0,0.0,0.03459409594095941,1.356088560885609,10.3989852398524,14.785516605166055,3.4248154981549823,4.197420279469724,2.8284411494189388,nan,nan,nan,4.105339105339105,2.852889030957655,4.288256227758007,2.801150783822029,1.0445559106630224,0.4082,0.00821,0.0,0.0,0.0,0.0,0.0,0.0,0.0,0.0,0.0,0.0,0.0,4.850092250922502,25.108394833948346,0.0415129151291513,0.0,0.0,0.0,0.0,0.0,0.0,0.0,0.0,0.0,0.0,0.0,0.0,0.0,0.0,0.0,0.0,nan,nan,4.197420279469724,2.8284411494189388,nan,0.4082,0.03714,0.0,0.0,0.0,0.0,0.0,0.0,0.0,0.0,0.0,0.0,0.0,0.0,0.0,0.0,0.0,0.0,0.0,0.0,0.0,0.0,0.0,0.0,0.0,0.0,0.0,0.0,1.1531365313653136e-05,0.0,0.00010378228782287823,0.003863007380073801,0.0011416051660516604,0.0010493542435424355,0.003286439114391144,0.010597324723247233,0.024884686346863468,0.02518450184501845,0.05179889298892989,0.08871079335793358,0.08542435424354243,0.06171586715867158,0.12045664206642066,0.09024446494464945,0.12027214022140222,0.09399215867158671,0.062073339483394836,0.06452952029520295,0.025599630996309963,0.02807887453874539,0.007011070110701107,0.01407979704797048,0.013018911439114392,0.00017297047970479704,0.0004727859778597786,0.0004035977859778598,0.0018219557195571956,0.0,0.0,0.0,0.0,0.0,0.0,0.0,0.0,0.0,0.0,0.0,0.0,0.0,0.0,0.0,0.0,0.0,0.0,0.0,0.0,0.0,0.0,0.0,0.0,0.0,0.0,0.0,0.0,0.0,0.0,0.0,0.0,0.0,0.0,0.0,0.0,0.0,0.0,0.0,0.0,0.0,0.0,0.0,0.0,0.0,0.0,nan,nan,4.197420279469724,2.8284411494189388,nan,0.9392343228442402,0.023510929642689634,0.0,0.0,0.0,0.0,0.0,0.0,0.0,0.0,0.0,0.0,0.0,0.0,0.0,0.0,0.0,0.0,0.0,0.0,0.0,0.0,0.0,0.0,0.0,0.0,0.0,0.05251641137855581,1.3522975929978123,10.595185995623634,14.507658643326042,3.4923413566739616,0.9395430168833516,0.022994756336936706,0.0,0.0,0.0,0.0,0.0,0.0,0.0,0.0,0.0,0.0,0.0,0.0,0.0,0.0,0.0,0.0,0.0,0.0,0.0,0.0,0.0,0.0,0.0,0.0,0.0,0.014627011214041934,1.3603120429058997,10.180399804973186,15.095075572891275,3.3495855680156033,0.408,0.008156,0.0,0.0,0.0,0.0,0.0,0.0,0.0,0.0,0.0,0.0,0.0,5.015317286652071,24.94529540481401,0.03938730853391686,0.0,0.0,0.0,0.0,0.0,0.0,0.0,0.0,0.0,0.0,0.0,0.0,0.0,0.0,0.0,0.0,0.4084,0.00827,0.0,0.0,0.0,0.0,0.0,0.0,0.0,0.0,0.0,0.0,0.0,4.666016577279369,25.290102389078505,0.0438810336421258,0.0,0.0,0.0,0.0,0.0,0.0,0.0,0.0,0.0,0.0,0.0,0.0,0.0,0.0,0.0,0.0
9500,4402,2306,0.5238527941844616,1091,924,0.45774647887323944,1229,0.5583825533848251,0.442,3.088263358778626,3.2461568056669767,6.97887323943662,2.260245249871253,8308.239378701455,434.03355563800864,7853.0,8738.864405596256,8722.02157200512,5.38287641041516,7853.0,0.0,27.593820990458884,20.496316486981662,32.39492851362287,18.76887827368925,0.1392548841435711,0.09722853248523398,0.09541117673784644,0.09086778736937756,0.08200817810086325,0.07701044979554748,0.07178555202180827,0.05815538391640163,0.061108587005906406,0.05997273966378919,0.045888232621535664,0.03339391185824625,0.032485233984552477,0.025442980463425715,0.013857337573830078,0.008632439800090867,0.007496592457973648,0.9393850055433088,0.023042943534206654,0.0,0.0,0.0,0.0,0.0,0.0,0.0,0.0,0.0,0.0,0.0,0.0,0.0,0.0,0.0,0.0,0.0,0.0,0.0,0.0,0.0,0.0,0.0,0.0,0.0,0.040890504316219906,1.2744207178555205,10.631531122217176,14.557019536574288,3.4961381190368024,4.373007438894793,3.036104807246002,nan,nan,nan,4.419580419580419,3.0485869417542926,4.325197415649677,3.0224911366297706,0.9786443519587086,0.4087,0.00828,0.0,0.0,0.0,0.0,0.0,0.0,0.0,0.0,0.0,0.0,0.0,4.606996819627436,25.372557928214455,0.020445252158109953,0.0,0.0,0.0,0.0,0.0,0.0,0.0,0.0,0.0,0.0,0.0,0.0,0.0,0.0,0.0,0.0,nan,nan,4.373007438894793,3.036104807246002,nan,0.4084,0.0373,0.0,0.0,0.0,0.0,0.0,0.0,0.0,0.0,0.0,0.0,0.0,0.0,0.0,0.0,0.0,0.0,0.0,0.0,0.0,0.0,0.0,0.0,0.0,0.0,1.1358473421172194e-05,0.0,0.0,1.1358473421172194e-05,0.00015901862789641073,0.0028169014084507044,0.0011926397092230803,0.0006587914584279872,0.002498864152657883,0.011517492049068606,0.025227169468423443,0.025318037255792823,0.05278282598818719,0.08650613357564743,0.08855065879145843,0.06180145388459791,0.11840072694229896,0.08916401635620172,0.12024079963652885,0.08844843253066788,0.06669695592912313,0.06223307587460245,0.028430258973194,0.02825988187187642,0.007008178100863244,0.015538391640163561,0.013357564743298501,0.0002044525215810995,0.0005906406179009541,0.00035211267605633805,0.0019082235347569287,6.815084052703316e-05,4.5433893684688776e-05,0.0,0.0,0.0,0.0,0.0,0.0,0.0,0.0,0.0,0.0,0.0,0.0,0.0,0.0,0.0,0.0,0.0,0.0,0.0,0.0,0.0,0.0,0.0,0.0,0.0,0.0,0.0,0.0,0.0,0.0,0.0,0.0,0.0,0.0,0.0,0.0,0.0,0.0,0.0,0.0,0.0,0.0,0.0,0.0,nan,nan,4.373007438894793,3.036104807246002,nan,0.9395902259961895,0.022986004666498697,0.0,0.0,0.0,0.0,0.0,0.0,0.0,0.0,0.0,0.0,0.0,0.0,0.0,0.0,0.0,0.0,0.0,0.0,0.0,0.0,0.0,0.0,0.0,0.0,0.0,0.0520381613183001,1.2749349522983524,10.472679965307893,14.752818733738078,3.4475281873373818,0.9391592238809316,0.023103319119072784,0.0,0.0,0.0,0.0,0.0,0.0,0.0,0.0,0.0,0.0,0.0,0.0,0.0,0.0,0.0,0.0,0.0,0.0,0.0,0.0,0.0,0.0,0.0,0.0,0.0,0.02862595419847329,1.2738549618320614,10.806297709923665,14.341603053435119,3.549618320610688,0.4084,0.0083,0.0,0.0,0.0,0.0,0.0,0.0,0.0,0.0,0.0,0.0,0.0,4.657415437987851,25.316565481353,0.02601908065915005,0.0,0.0,0.0,0.0,0.0,0.0,0.0,0.0,0.0,0.0,0.0,0.0,0.0,0.0,0.0,0.0,0.4087,0.00824,0.0,0.0,0.0,0.0,0.0,0.0,0.0,0.0,0.0,0.0,0.0,4.551526717557245,25.434160305343518,0.014312977099236644,0.0,0.0,0.0,0.0,0.0,0.0,0.0,0.0,0.0,0.0,0.0,0.0,0.0,0.0,0.0,0.0
9600,4645,2459,0.5293864370290635,1160,936,0.451237890204521,1284,0.5528525296017223,0.414,2.9725526075022874,3.068921118695758,6.52808988764045,2.116683869897045,8313.091001548397,433.8177808909335,7853.0,8740.421988540887,8722.102359573937,5.397332030413931,7853.0,0.0,28.65123789020452,21.153613190120254,33.50203458799593,19.35899920934473,0.13627556512378902,0.09214208826695372,0.09149623250807319,0.08869752421959096,0.08030139935414424,0.07556512378902046,0.06846071044133477,0.06350914962325081,0.05683530678148547,0.05231431646932185,0.05123789020452099,0.037029063509149626,0.03896663078579117,0.029709364908503767,0.01829924650161464,0.010979547900968783,0.008180839612486545,0.9404992003102092,0.02311246471538985,0.0,0.0,0.0,0.0,0.0,0.0,0.0,0.0,0.0,0.0,0.0,0.0,0.0,0.0,0.0,0.0,0.0,0.0,0.0,0.0,0.0,0.0,0.0,0.0,0.0,0.006458557588805168,1.156081808396125,10.294940796555437,14.822389666307862,3.7201291711517768,4.165032679738562,2.910969702139679,nan,nan,nan,4.20694171578258,2.9450997581302802,4.125979112271541,2.8749714530688073,0.9807549975776217,0.4087,0.00834,0.0,0.0,0.0,0.0,0.0,0.0,0.0,0.0,0.0,0.0,0.0,4.611410118406883,25.336921420882675,0.051668460710441344,0.0,0.0,0.0,0.0,0.0,0.0,0.0,0.0,0.0,0.0,0.0,0.0,0.0,0.0,0.0,0.0,nan,nan,4.165032679738562,2.910969702139679,nan,0.4087,0.03726,0.0,0.0,0.0,0.0,0.0,0.0,0.0,0.0,0.0,0.0,0.0,0.0,0.0,0.0,0.0,0.0,0.0,0.0,0.0,0.0,0.0,0.0,0.0,0.0,0.0,0.0,0.0,0.0,0.0003013993541442411,0.0030785791173304627,0.0017007534983853607,0.0005705059203444564,0.002271259418729817,0.011754574811625404,0.025156081808396125,0.026081808396124867,0.05134553283100108,0.08623250807319699,0.08335844994617869,0.06316469321851453,0.12033369214208826,0.08932185145317546,0.12571582346609259,0.08565123789020453,0.06419806243272336,0.060958019375672766,0.030107642626480087,0.029935414424111947,0.009009687836383208,0.0148762109795479,0.011916038751345533,0.00021528525296017224,0.0006243272335844994,0.0004305705059203445,0.0016792249730893435,1.0764262648008611e-05,0.0,0.0,0.0,0.0,0.0,0.0,0.0,0.0,0.0,0.0,0.0,0.0,0.0,0.0,0.0,0.0,0.0,0.0,0.0,0.0,0.0,0.0,0.0,0.0,0.0,0.0,0.0,0.0,0.0,0.0,0.0,0.0,0.0,0.0,0.0,0.0,0.0,0.0,0.0,0.0,0.0,0.0,0.0,0.0,0.0,nan,nan,4.165032679738562,2.910969702139679,nan,0.9401268314035407,0.023177796228393208,0.0,0.0,0.0,0.0,0.0,0.0,0.0,0.0,0.0,0.0,0.0,0.0,0.0,0.0,0.0,0.0,0.0,0.0,0.0,0.0,0.0,0.0,0.0,0.0,0.0,0.012200081333875562,1.2322082147214317,10.382269215128105,14.859699064660434,3.5136234241561617,0.9409180727445632,0.023031558838082816,0.0,0.0,0.0,0.0,0.0,0.0,0.0,0.0,0.0,0.0,0.0,0.0,0.0,0.0,0.0,0.0,0.0,0.0,0.0,0.0,0.0,0.0,0.0,0.0,0.0,0.0,1.0704483074107962,10.196706312900275,14.780420860018301,3.952424519670632,0.4084,0.00819,0.0,0.0,0.0,0.0,0.0,0.0,0.0,0.0,0.0,0.0,0.0,4.721431476209835,25.254168361122414,0.024400162667751125,0.0,0.0,0.0,0.0,0.0,0.0,0.0,0.0,0.0,0.0,0.0,0.0,0.0,0.0,0.0,0.0,0.409,0.0085,0.0,0.0,0.0,0.0,0.0,0.0,0.0,0.0,0.0,0.0,0.0,4.487648673376023,25.43000914913084,0.08234217749313817,0.0,0.0,0.0,0.0,0.0,0.0,0.0,0.0,0.0,0.0,0.0,0.0,0.0,0.0,0.0,0.0
9700,4466,2336,0.5230631437527989,1075,915,0.4455888938647559,1243,0.5566502463054187,0.414,2.9492957746478874,3.1148986180581013,6.59556313993174,2.1956940735091908,8307.902118100266,434.39973016114703,7853.0,8743.30879201889,8722.68872407354,5.499528476831641,7853.0,0.0,27.582400358262426,20.666514735640394,32.64672746781116,18.86382289987449,0.14621585311240484,0.09717868338557993,0.09561128526645768,0.08620689655172414,0.08105687416032244,0.0754590237348858,0.06560680698611733,0.06493506493506493,0.057769816390506046,0.05105239587998209,0.04612628750559785,0.039856695029108824,0.035826242722794444,0.028884908195253023,0.015002239140170175,0.00850873264666368,0.004702194357366771,0.94232971901537,0.02338347149741842,0.0,0.0,0.0,0.0,0.0,0.0,0.0,0.0,0.0,0.0,0.0,0.0,0.0,0.0,0.0,0.0,0.0,0.0,0.0,0.0,0.0,0.0,0.0,0.0,0.0,0.013434841021047922,0.9605911330049263,9.746977160770266,14.77160770264219,4.507389162561577,4.233169705469845,2.889985012958912,nan,nan,nan,4.192982456140351,2.9515300610779147,4.273300630693763,2.8266194797447004,1.019155380542027,0.4092,0.00832,0.0,0.0,0.0,0.0,0.0,0.0,0.0,0.0,0.0,0.0,0.0,4.191670398566945,25.761307657859387,0.04702194357366772,0.0,0.0,0.0,0.0,0.0,0.0,0.0,0.0,0.0,0.0,0.0,0.0,0.0,0.0,0.0,0.0,nan,nan,4.233169705469845,2.889985012958912,nan,0.4092,0.0375,0.0,0.0,0.0,0.0,0.0,0.0,0.0,0.0,0.0,0.0,0.0,0.0,0.0,0.0,0.0,0.0,0.0,0.0,0.0,0.0,0.0,0.0,0.0,0.0,0.0,1.1195700850873264e-05,0.0,0.0,0.0002239140170174653,0.00267577250335871,0.0020040304523063143,0.0006605463502015226,0.003000447828034035,0.013042991491267353,0.024294670846394983,0.028683385579937305,0.04936184505150022,0.08103448275862069,0.07847066726377071,0.06296462158531124,0.11893193013882669,0.09118898343036275,0.12496641289744738,0.08899462606359158,0.06617778772951187,0.06405060456784595,0.030989699955217196,0.02914240931482311,0.008284818629646216,0.01512539184952978,0.012505597850425437,0.0002798925212718316,0.0007948947604120018,0.0002575011195700851,0.0018808777429467085,0.0,0.0,0.0,0.0,0.0,0.0,0.0,0.0,0.0,0.0,0.0,0.0,0.0,0.0,0.0,0.0,0.0,0.0,0.0,0.0,0.0,0.0,0.0,0.0,0.0,0.0,0.0,0.0,0.0,0.0,0.0,0.0,0.0,0.0,0.0,0.0,0.0,0.0,0.0,0.0,0.0,0.0,0.0,0.0,0.0,0.0,nan,nan,4.233169705469845,2.889985012958912,nan,0.9419755864990492,0.023094311236348117,0.0,0.0,0.0,0.0,0.0,0.0,0.0,0.0,0.0,0.0,0.0,0.0,0.0,0.0,0.0,0.0,0.0,0.0,0.0,0.0,0.0,0.0,0.0,0.0,0.0,0.01284246575342466,1.0017123287671235,9.67037671232877,14.922945205479456,4.392123287671233,0.9427181009675415,0.023690455317654062,0.0,0.0,0.0,0.0,0.0,0.0,0.0,0.0,0.0,0.0,0.0,0.0,0.0,0.0,0.0,0.0,0.0,0.0,0.0,0.0,0.0,0.0,0.0,0.0,0.0,0.014084507042253525,0.9154929577464791,9.83098591549296,14.605633802816905,4.633802816901409,0.4092,0.008255,0.0,0.0,0.0,0.0,0.0,0.0,0.0,0.0,0.0,0.0,0.0,3.9811643835616386,25.993150684931514,0.02568493150684932,0.0,0.0,0.0,0.0,0.0,0.0,0.0,0.0,0.0,0.0,0.0,0.0,0.0,0.0,0.0,0.0,0.409,0.0084,0.0,0.0,0.0,0.0,0.0,0.0,0.0,0.0,0.0,0.0,0.0,4.4225352112676,25.507042253521135,0.07042253521126762,0.0,0.0,0.0,0.0,0.0,0.0,0.0,0.0,0.0,0.0,0.0,0.0,0.0,0.0,0.0,0.0
9800,4530,2293,0.5061810154525387,1090,965,0.45364238410596025,1333,0.5885209713024283,0.39799999999999996,2.9798837729101475,3.1086778312719163,6.6512,2.143627430315259,8293.315894483403,434.92263363844995,7853.0,8740.24284478426,8722.878326214486,5.357881873632101,7853.0,0.0,28.130242825607063,20.996526343280742,33.09824008405569,19.218329032277964,0.14061810154525387,0.09381898454746136,0.09293598233995586,0.08609271523178808,0.08344370860927153,0.0772626931567329,0.07130242825607064,0.06445916114790287,0.059602649006622516,0.04856512141280353,0.04481236203090508,0.0390728476821192,0.031788079470198675,0.026710816777041943,0.018322295805739516,0.012803532008830023,0.008388520971302429,0.9428167568795202,0.022954725054627666,0.0,0.0,0.0,0.0,0.0,0.0,0.0,0.0,0.0,0.0,0.0,0.0,0.0,0.0,0.0,0.0,0.0,0.0,0.0,0.0,0.0,0.0,0.0,0.0,0.0,0.013245033112582785,0.9933774834437088,8.98675496688742,15.596026490066228,4.410596026490067,4.313468013468014,2.937231184316557,nan,nan,nan,4.236646382691007,2.90963447816447,4.389671361502347,2.962384448780919,1.0361193654104646,0.4092,0.008064,0.0,0.0,0.0,0.0,0.0,0.0,0.0,0.0,0.0,0.0,0.0,3.8344370860927097,26.07284768211921,0.0927152317880795,0.0,0.0,0.0,0.0,0.0,0.0,0.0,0.0,0.0,0.0,0.0,0.0,0.0,0.0,0.0,0.0,nan,nan,4.313468013468014,2.937231184316557,nan,0.4092,0.0377,0.0,0.0,0.0,0.0,0.0,0.0,0.0,0.0,0.0,0.0,0.0,0.0,0.0,0.0,0.0,0.0,0.0,0.0,0.0,0.0,0.0,0.0,0.0,0.0,0.0,0.00012141280353200883,0.0,0.0,0.00025386313465783664,0.0025827814569536426,0.0017991169977924946,0.0007836644591611479,0.003498896247240618,0.011766004415011038,0.024713024282560708,0.02947019867549669,0.04790286975717439,0.08518763796909493,0.07541942604856512,0.06398454746136865,0.11927152317880794,0.09059602649006622,0.12217439293598234,0.0899448123620309,0.0659271523178808,0.06288079470198675,0.03141280353200883,0.02966887417218543,0.008830022075055188,0.016456953642384108,0.012075055187637969,0.0002759381898454746,0.0005077262693156733,0.0001434878587196468,0.002306843267108168,0.0,4.415011037527594e-05,0.0,0.0,0.0,0.0,0.0,0.0,0.0,0.0,0.0,0.0,0.0,0.0,0.0,0.0,0.0,0.0,0.0,0.0,0.0,0.0,0.0,0.0,0.0,0.0,0.0,0.0,0.0,0.0,0.0,0.0,0.0,0.0,0.0,0.0,0.0,0.0,0.0,0.0,0.0,0.0,0.0,0.0,0.0,0.0,nan,nan,4.313468013468014,2.937231184316557,nan,0.9428840668192089,0.023052118095104025,0.0,0.0,0.0,0.0,0.0,0.0,0.0,0.0,0.0,0.0,0.0,0.0,0.0,0.0,0.0,0.0,0.0,0.0,0.0,0.0,0.0,0.0,0.0,0.0,0.0,0.013083296990841695,1.0204971652856523,8.700392498909727,15.856955952900133,4.409071085913651,0.9427477619346359,0.022854257431906853,0.0,0.0,0.0,0.0,0.0,0.0,0.0,0.0,0.0,0.0,0.0,0.0,0.0,0.0,0.0,0.0,0.0,0.0,0.0,0.0,0.0,0.0,0.0,0.0,0.0,0.013410818059901658,0.9655789003129193,9.280286097451945,15.328565042467593,4.412159141707645,0.4092,0.00804,0.0,0.0,0.0,0.0,0.0,0.0,0.0,0.0,0.0,0.0,0.0,3.9119058002616605,26.00959441779329,0.07849978194505017,0.0,0.0,0.0,0.0,0.0,0.0,0.0,0.0,0.0,0.0,0.0,0.0,0.0,0.0,0.0,0.0,0.4092,0.00809,0.0,0.0,0.0,0.0,0.0,0.0,0.0,0.0,0.0,0.0,0.0,3.7550290567724574,26.13768439874833,0.10728654447921326,0.0,0.0,0.0,0.0,0.0,0.0,0.0,0.0,0.0,0.0,0.0,0.0,0.0,0.0,0.0,0.0
9900,4529,2311,0.5102671671450651,1072,918,0.4393905939500994,1267,0.5595054095826894,0.418,2.9630297565374213,3.1239042039120126,6.540930979133226,2.2474191583337877,8296.73065486531,434.7287376127673,7853.0,8738.540761256218,8722.604559015575,5.559071619252754,7853.0,0.0,27.595274895120337,20.70340199693226,32.544951225942526,18.984963493914652,0.1408699492161625,0.10223007286376684,0.0973724884080371,0.08876131596378892,0.07816294987856039,0.07440936189004195,0.0662397880326783,0.062044601457275333,0.06027820710973725,0.052108633252373596,0.04747184809008611,0.04239346434091411,0.029807904614705234,0.025612718039302273,0.016780746301611835,0.009935968204901745,0.005519982336056524,0.9424510297329912,0.0233614789489731,0.0,0.0,0.0,0.0,0.0,0.0,0.0,0.0,0.0,0.0,0.0,0.0,0.0,0.0,0.0,0.0,0.0,0.0,0.0,0.0,0.0,0.0,0.0,0.0,0.0,0.013247957606535661,1.0267167145065137,9.359682049017445,14.990064031795102,4.610289247074411,4.400069637883008,2.9125676188590597,nan,nan,nan,4.446883852691218,2.910007190317509,4.354794520547945,2.9143264968738376,0.979291266605144,0.409,0.00856,0.0,0.0,0.0,0.0,0.0,0.0,0.0,0.0,0.0,0.0,0.0,4.312210200927351,25.648045926253044,0.039743872819606986,0.0,0.0,0.0,0.0,0.0,0.0,0.0,0.0,0.0,0.0,0.0,0.0,0.0,0.0,0.0,0.0,nan,nan,4.400069637883008,2.9125676188590597,nan,0.409,0.0377,0.0,0.0,0.0,0.0,0.0,0.0,0.0,0.0,0.0,0.0,0.0,0.0,0.0,0.0,0.0,0.0,0.0,0.0,0.0,0.0,0.0,0.0,0.0,0.0,0.0,0.00016559947008169574,0.0,0.0,0.0003422389048355045,0.002450872157209097,0.0017001545595054096,0.00090527710311327,0.003753587988518437,0.011492603223669684,0.024133362773239124,0.027599911680282623,0.04981232060057408,0.08953411349083683,0.07820710973724884,0.06398763523956723,0.11876793994259219,0.08969971296091853,0.1191101788474277,0.09050563038198278,0.060145727533671894,0.06483771251931994,0.03217045705453742,0.03190549790240671,0.008644292338264517,0.015621550011039965,0.010830205343342902,0.0004195186575402959,0.0004305586222124089,5.5199823360565245e-05,0.0026495915213071318,0.0,0.00012143961139324354,0.0,0.0,0.0,0.0,0.0,0.0,0.0,0.0,0.0,0.0,0.0,0.0,0.0,0.0,0.0,0.0,0.0,0.0,0.0,0.0,0.0,0.0,0.0,0.0,0.0,0.0,0.0,0.0,0.0,0.0,0.0,0.0,0.0,0.0,0.0,0.0,0.0,0.0,0.0,0.0,0.0,0.0,0.0,0.0,nan,nan,4.400069637883008,2.9125676188590597,nan,0.9420217628708034,0.02335987326514586,0.0,0.0,0.0,0.0,0.0,0.0,0.0,0.0,0.0,0.0,0.0,0.0,0.0,0.0,0.0,0.0,0.0,0.0,0.0,0.0,0.0,0.0,0.0,0.0,0.0,0.01298139333621809,1.0255300735612292,9.762007788836003,14.552141929900479,4.647338814366076,0.9428982956114924,0.023354760130826997,0.0,0.0,0.0,0.0,0.0,0.0,0.0,0.0,0.0,0.0,0.0,0.0,0.0,0.0,0.0,0.0,0.0,0.0,0.0,0.0,0.0,0.0,0.0,0.0,0.0,0.013525698827772771,1.0279531109107305,8.940486925157801,15.446348061316504,4.571686203787197,0.4087,0.008606,0.0,0.0,0.0,0.0,0.0,0.0,0.0,0.0,0.0,0.0,0.0,4.465599307659016,25.508437905668547,0.02596278667243618,0.0,0.0,0.0,0.0,0.0,0.0,0.0,0.0,0.0,0.0,0.0,0.0,0.0,0.0,0.0,0.0,0.409,0.008514,0.0,0.0,0.0,0.0,0.0,0.0,0.0,0.0,0.0,0.0,0.0,4.152389540126234,25.793507664562675,0.054102795311091086,0.0,0.0,0.0,0.0,0.0,0.0,0.0,0.0,0.0,0.0,0.0,0.0,0.0,0.0,0.0,0.0
10000,4723,2394,0.5068812195638366,1116,1005,0.4490789752276096,1380,0.5843743383442727,0.41,2.989695148132246,3.0644818178894173,6.505311077389985,2.167049213381109,8293.737777952494,434.73110690496327,7853.0,8741.09947117567,8722.508991340697,5.523322569421019,7853.0,0.0,28.15477450772814,20.79431478515333,32.929877285249184,19.061241316369692,0.13296633495659538,0.10459453737031547,0.09146728774084269,0.08405674359517255,0.07961041710777049,0.07622273978403557,0.07198814312936692,0.06605970781283083,0.05547321617615922,0.056743595172559814,0.04615710353588821,0.03874655939021808,0.033453313571882276,0.027313148422612746,0.019479144611475756,0.009951302138471311,0.005716705483802668,0.9416675122895282,0.023200747210351147,0.0,0.0,0.0,0.0,0.0,0.0,0.0,0.0,0.0,0.0,0.0,0.0,0.0,0.0,0.0,0.0,0.0,0.0,0.0,0.0,0.0,0.0,0.0,0.0,0.0,0.006351894982002965,1.09252593690451,9.648528477662504,14.990472157526998,4.26212153292399,4.31887838278448,2.8100463106318934,nan,nan,nan,4.364161849710983,2.8225762283213127,4.272185430463576,2.796299800609203,0.9789246085697996,0.409,0.00866,0.0,0.0,0.0,0.0,0.0,0.0,0.0,0.0,0.0,0.0,0.0,4.3701037476180336,25.52826593266992,0.10163031971204745,0.0,0.0,0.0,0.0,0.0,0.0,0.0,0.0,0.0,0.0,0.0,0.0,0.0,0.0,0.0,0.0,nan,nan,4.31887838278448,2.8100463106318934,nan,0.409,0.03796,0.0,0.0,0.0,0.0,0.0,0.0,0.0,0.0,0.0,0.0,0.0,0.0,0.0,0.0,0.0,0.0,0.0,0.0,0.0,0.0,0.0,0.0,0.0,0.0,0.0,0.0003175947491001482,0.0,0.0,0.0005822570400169384,0.002858352741901334,0.0018420495447808596,0.0007939868727503706,0.0034300232902816008,0.012174465382172348,0.02614863434257887,0.024825322887994918,0.048655515562142704,0.08836544569129791,0.07849883548591996,0.06199449502434893,0.11774295998306161,0.08954054626296845,0.12240101630319712,0.09102265509210247,0.05856447173406733,0.06922506881219564,0.032066483167478295,0.03029853906415414,0.008141012068600465,0.015022231632437011,0.010364175312301504,0.0009527842473004446,0.0004869786152868939,0.0001376243912767309,0.0033559178488248996,0.0,0.00017997035782341733,0.0,0.0,0.0,1.0586491636671606e-05,0.0,0.0,0.0,0.0,0.0,0.0,0.0,0.0,0.0,0.0,0.0,0.0,0.0,0.0,0.0,0.0,0.0,0.0,0.0,0.0,0.0,0.0,0.0,0.0,0.0,0.0,0.0,0.0,0.0,0.0,0.0,0.0,0.0,0.0,0.0,0.0,0.0,0.0,0.0,0.0,nan,nan,4.31887838278448,2.8100463106318934,nan,0.9411531412661225,0.023392728387545858,0.0,0.0,0.0,0.0,0.0,0.0,0.0,0.0,0.0,0.0,0.0,0.0,0.0,0.0,0.0,0.0,0.0,0.0,0.0,0.0,0.0,0.0,0.0,0.0,0.0,0.012531328320802008,1.1278195488721807,9.774436090225565,14.962406015037597,4.1228070175438605,0.942196238880354,0.022989746402378892,0.0,0.0,0.0,0.0,0.0,0.0,0.0,0.0,0.0,0.0,0.0,0.0,0.0,0.0,0.0,0.0,0.0,0.0,0.0,0.0,0.0,0.0,0.0,0.0,0.0,0.0,1.0562473164448263,9.51910691283813,15.019321597252043,4.405324173465007,0.4092,0.00858,0.0,0.0,0.0,0.0,0.0,0.0,0.0,0.0,0.0,0.0,0.0,4.235588972431072,25.639097744360907,0.12531328320802007,0.0,0.0,0.0,0.0,0.0,0.0,0.0,0.0,0.0,0.0,0.0,0.0,0.0,0.0,0.0,0.0,0.409,0.00873,0.0,0.0,0.0,0.0,0.0,0.0,0.0,0.0,0.0,0.0,0.0,4.508372692142544,25.414340918849298,0.07728638900815803,0.0,0.0,0.0,0.0,0.0,0.0,0.0,0.0,0.0,0.0,0.0,0.0,0.0,0.0,0.0,0.0
10100,4585,2327,0.5075245365321701,1063,985,0.4466739367502726,1321,0.576226826608506,0.40199999999999997,2.9548272807794507,3.0183519267463352,6.340393343419062,2.0925671707717526,8294.254491485619,434.6812723281951,7853.0,8741.382372820377,8722.424943472954,5.557171602074989,7853.0,0.0,28.16968375136314,21.15608497631002,33.25338541666667,19.358477202006895,0.14154852780806979,0.09640130861504907,0.09400218102508179,0.08767720828789531,0.08091603053435115,0.07895310796074155,0.06412213740458016,0.058451472191930205,0.06194111232279171,0.047110141766630316,0.04122137404580153,0.044929116684841876,0.036205016357688115,0.027699018538713194,0.020719738276990186,0.011995637949836423,0.0061068702290076335,0.9421663681969388,0.023272361475248096,0.0,0.0,0.0,0.0,0.0,0.0,0.0,0.0,0.0,0.0,0.0,0.0,0.0,0.0,0.0,0.0,0.0,0.0,0.0,0.0,0.0,0.0,0.0,0.0,0.0,0.026172300981461293,1.0207197382769904,9.631406761177756,14.793893129770996,4.527808069792804,4.228956228956229,2.795276786154711,nan,nan,nan,4.248,2.8037765008407263,4.209666439754935,2.787385610367155,0.9909760922210299,0.409,0.00845,0.0,0.0,0.0,0.0,0.0,0.0,0.0,0.0,0.0,0.0,0.0,4.403489640130855,25.54416575790622,0.052344601962922586,0.0,0.0,0.0,0.0,0.0,0.0,0.0,0.0,0.0,0.0,0.0,0.0,0.0,0.0,0.0,0.0,nan,nan,4.228956228956229,2.795276786154711,nan,0.409,0.03787,0.0,0.0,0.0,0.0,0.0,0.0,0.0,0.0,0.0,0.0,0.0,0.0,0.0,0.0,0.0,0.0,0.0,0.0,0.0,0.0,0.0,0.0,0.0,0.0,0.0,0.0004689203925845147,1.0905125408942203e-05,0.0,0.000588876772082879,0.002857142857142857,0.0015158124318429662,0.0006106870229007634,0.003980370774263904,0.011308615049073064,0.025757906215921483,0.025310796074154852,0.04675027262813523,0.08838604143947655,0.08032715376226826,0.06606324972737186,0.11354416575790621,0.0895092693565976,0.12435114503816794,0.09220283533260633,0.054678298800436204,0.07155943293347873,0.031766630316248635,0.029836423118865866,0.007993456924754635,0.015670665212649947,0.010087241003271538,0.0010577971646673937,0.0005016357688113414,0.00015267175572519084,0.0029225736095965103,3.271537622682661e-05,0.00019629225736095965,0.0,0.0,0.0,0.0,0.0,0.0,0.0,0.0,0.0,0.0,0.0,0.0,0.0,0.0,0.0,0.0,0.0,0.0,0.0,0.0,0.0,0.0,0.0,0.0,0.0,0.0,0.0,0.0,0.0,0.0,0.0,0.0,0.0,0.0,0.0,0.0,0.0,0.0,0.0,0.0,0.0,0.0,0.0,0.0,nan,nan,4.228956228956229,2.795276786154711,nan,0.9412382884654663,0.023391404108794554,0.0,0.0,0.0,0.0,0.0,0.0,0.0,0.0,0.0,0.0,0.0,0.0,0.0,0.0,0.0,0.0,0.0,0.0,0.0,0.0,0.0,0.0,0.0,0.0,0.0,0.05156854318865493,1.0313708637730985,10.030081650193383,14.619681993983674,4.267296948861196,0.9431228082036422,0.02311007684809494,0.0,0.0,0.0,0.0,0.0,0.0,0.0,0.0,0.0,0.0,0.0,0.0,0.0,0.0,0.0,0.0,0.0,0.0,0.0,0.0,0.0,0.0,0.0,0.0,0.0,0.0,1.0097431355181579,9.220549158547389,14.973427812223209,4.79627989371125,0.4087,0.00842,0.0,0.0,0.0,0.0,0.0,0.0,0.0,0.0,0.0,0.0,0.0,4.538031800601627,25.44907606360121,0.012892135797163733,0.0,0.0,0.0,0.0,0.0,0.0,0.0,0.0,0.0,0.0,0.0,0.0,0.0,0.0,0.0,0.0,0.4094,0.00847,0.0,0.0,0.0,0.0,0.0,0.0,0.0,0.0,0.0,0.0,0.0,4.26483613817537,25.642161204605852,0.0930026572187777,0.0,0.0,0.0,0.0,0.0,0.0,0.0,0.0,0.0,0.0,0.0,0.0,0.0,0.0,0.0,0.0
10200,4601,2418,0.5255379265377091,1159,916,0.45098891545316233,1276,0.5546620299934797,0.414,2.9697663765460374,3.0968490318677957,6.512903225806451,2.208085133860715,8310.122126130018,434.3590748521006,7853.0,8742.014557921886,8722.817577470723,5.445451438315833,7853.0,0.0,28.432079982612475,20.90009471080915,33.059514687100894,19.214266285321575,0.13040643338404695,0.1019343620951967,0.09280591175831342,0.08302542925450988,0.08063464464246903,0.07607041947402739,0.06824603347098457,0.06802868941534448,0.06216039991306238,0.05064116496413823,0.04716366007389698,0.03890458595957401,0.0349923929580526,0.027820039121930016,0.018256900673766573,0.01238861117148446,0.006520321669202347,0.9420941348983733,0.023162619124680036,0.0,0.0,0.0,0.0,0.0,0.0,0.0,0.0,0.0,0.0,0.0,0.0,0.0,0.0,0.0,0.0,0.0,0.0,0.0,0.0,0.0,0.0,0.0,0.0,0.0,0.019560965007607047,1.010649858726364,9.571832210389047,15.009780482503807,4.38817648337318,4.113590939373751,2.8676249722090628,nan,nan,nan,4.137123745819398,2.8912148830097597,4.090245520902455,2.843837166033348,0.9886688850039078,0.409,0.00838,0.0,0.0,0.0,0.0,0.0,0.0,0.0,0.0,0.0,0.0,0.0,4.2316887633123175,25.73570962834167,0.032601608346011744,0.0,0.0,0.0,0.0,0.0,0.0,0.0,0.0,0.0,0.0,0.0,0.0,0.0,0.0,0.0,0.0,nan,nan,4.113590939373751,2.8676249722090628,nan,0.409,0.03793,0.0,0.0,0.0,0.0,0.0,0.0,0.0,0.0,0.0,0.0,0.0,0.0,0.0,0.0,0.0,0.0,0.0,0.0,0.0,0.0,0.0,0.0,0.0,0.0,0.0,0.0004781569224081721,0.0,0.0,0.0006628993697022387,0.0031406216039991308,0.001847424472940665,0.0006302977613562269,0.0037709193653553577,0.010954140404259944,0.02597261464898935,0.024266463812214735,0.047967833079765265,0.08953488372093023,0.08153662247337536,0.06545316235600956,0.11232340795479244,0.08928493805694414,0.12295153227559226,0.09421864811997392,0.052782003912193,0.07072375570528146,0.03268854596826777,0.031569224081721366,0.007031080199956531,0.015018474244729407,0.010932405998695936,0.0010215170615083678,0.0003042816778961095,7.607041947402738e-05,0.002477722234296892,6.520321669202347e-05,0.00031514888067811346,0.0,0.0,0.0,0.0,0.0,0.0,0.0,0.0,0.0,0.0,0.0,0.0,0.0,0.0,0.0,0.0,0.0,0.0,0.0,0.0,0.0,0.0,0.0,0.0,0.0,0.0,0.0,0.0,0.0,0.0,0.0,0.0,0.0,0.0,0.0,0.0,0.0,0.0,0.0,0.0,0.0,0.0,0.0,0.0,nan,nan,4.113590939373751,2.8676249722090628,nan,0.9429113710094228,0.023048811408428477,0.0,0.0,0.0,0.0,0.0,0.0,0.0,0.0,0.0,0.0,0.0,0.0,0.0,0.0,0.0,0.0,0.0,0.0,0.0,0.0,0.0,0.0,0.0,0.0,0.0,0.0,0.98014888337469,9.205955334987594,15.24813895781638,4.56575682382134,0.9411889233012511,0.023254528963592157,0.0,0.0,0.0,0.0,0.0,0.0,0.0,0.0,0.0,0.0,0.0,0.0,0.0,0.0,0.0,0.0,0.0,0.0,0.0,0.0,0.0,0.0,0.0,0.0,0.0,0.04122766834631242,1.044434264773248,9.977095739807606,14.74576271186441,4.191479615208429,0.4087,0.00835,0.0,0.0,0.0,0.0,0.0,0.0,0.0,0.0,0.0,0.0,0.0,4.218362282878406,25.73200992555832,0.049627791563275445,0.0,0.0,0.0,0.0,0.0,0.0,0.0,0.0,0.0,0.0,0.0,0.0,0.0,0.0,0.0,0.0,0.409,0.008415,0.0,0.0,0.0,0.0,0.0,0.0,0.0,0.0,0.0,0.0,0.0,4.246449839670173,25.73980760421439,0.013742556115437475,0.0,0.0,0.0,0.0,0.0,0.0,0.0,0.0,0.0,0.0,0.0,0.0,0.0,0.0,0.0,0.0
10300,4816,2441,0.5068521594684385,1135,1013,0.44601328903654486,1390,0.5772425249169435,0.414,2.8804210526315788,3.0795788898003824,6.544881889763779,2.1551881610829295,8293.688242916642,434.7075334898641,7853.0,8743.65630635023,8722.461113431604,5.5258527407412705,7853.0,0.0,27.430647840531563,20.559435133345215,32.33366361159277,18.84192061688158,0.1399501661129568,0.10610465116279069,0.09136212624584718,0.08907807308970099,0.08160299003322259,0.07994186046511628,0.06353820598006645,0.06229235880398671,0.061254152823920265,0.052740863787375414,0.046719269102990034,0.03986710963455149,0.0321843853820598,0.022217607973421927,0.014119601328903655,0.011212624584717609,0.005813953488372093,0.9413403420650286,0.02328860761178828,0.0,0.0,0.0,0.0,0.0,0.0,0.0,0.0,0.0,0.0,0.0,0.0,0.0,0.0,0.0,0.0,0.0,0.0,0.0,0.0,0.0,0.0,0.0,0.0,0.0,0.012458471760797346,1.0153654485049837,10.041528239202659,14.632475083056482,4.298172757475084,4.337881741390514,2.899922865869058,nan,nan,nan,4.323852617970265,2.905843013459818,4.3520574787720445,2.893859466522229,1.006523085612252,0.4087,0.00841,0.0,0.0,0.0,0.0,0.0,0.0,0.0,0.0,0.0,0.0,0.0,4.634551495016605,25.303156146179408,0.062292358803986723,0.0,0.0,0.0,0.0,0.0,0.0,0.0,0.0,0.0,0.0,0.0,0.0,0.0,0.0,0.0,0.0,nan,nan,4.337881741390514,2.899922865869058,nan,0.4087,0.03787,0.0,0.0,0.0,0.0,0.0,0.0,0.0,0.0,0.0,0.0,0.0,0.0,0.0,0.0,0.0,0.0,0.0,0.0,0.0,0.0,0.0,0.0,0.0,0.0,0.0,0.00046719269102990036,0.0,0.0,0.00040490033222591364,0.00303156146179402,0.0019933554817275745,0.0003426079734219269,0.0033222591362126247,0.011804401993355482,0.026526162790697673,0.02537375415282392,0.04732142857142857,0.09432101328903654,0.08416735880398671,0.06408845514950166,0.10860672757475083,0.08634759136212625,0.11925872093023256,0.09742524916943522,0.054786129568106315,0.06804401993355481,0.03309800664451827,0.03211171096345515,0.007994186046511628,0.013984634551495017,0.011897840531561461,0.0011524086378737542,8.305647840531562e-05,8.305647840531562e-05,0.0017441860465116279,0.0,0.00021802325581395349,0.0,0.0,0.0,0.0,0.0,0.0,0.0,0.0,0.0,0.0,0.0,0.0,0.0,0.0,0.0,0.0,0.0,0.0,0.0,0.0,0.0,0.0,0.0,0.0,0.0,0.0,0.0,0.0,0.0,0.0,0.0,0.0,0.0,0.0,0.0,0.0,0.0,0.0,0.0,0.0,0.0,0.0,0.0,0.0,nan,nan,4.337881741390514,2.899922865869058,nan,0.9414093184305087,0.023340167462591356,0.0,0.0,0.0,0.0,0.0,0.0,0.0,0.0,0.0,0.0,0.0,0.0,0.0,0.0,0.0,0.0,0.0,0.0,0.0,0.0,0.0,0.0,0.0,0.0,0.0,0.012290045063498569,1.0200737402703812,10.077836952068827,14.625153625563296,4.264645637034003,0.9412694488826551,0.023235282337835367,0.0,0.0,0.0,0.0,0.0,0.0,0.0,0.0,0.0,0.0,0.0,0.0,0.0,0.0,0.0,0.0,0.0,0.0,0.0,0.0,0.0,0.0,0.0,0.0,0.0,0.012631578947368424,1.010526315789474,10.004210526315791,14.640000000000002,4.332631578947369,0.4087,0.00838,0.0,0.0,0.0,0.0,0.0,0.0,0.0,0.0,0.0,0.0,0.0,4.57189676362146,25.35436296599755,0.0737402703809914,0.0,0.0,0.0,0.0,0.0,0.0,0.0,0.0,0.0,0.0,0.0,0.0,0.0,0.0,0.0,0.0,0.4087,0.00844,0.0,0.0,0.0,0.0,0.0,0.0,0.0,0.0,0.0,0.0,0.0,4.698947368421046,25.25052631578948,0.0505263157894737,0.0,0.0,0.0,0.0,0.0,0.0,0.0,0.0,0.0,0.0,0.0,0.0,0.0,0.0,0.0,0.0
10400,4790,2534,0.5290187891440501,1200,939,0.4465553235908142,1311,0.5473903966597077,0.41,2.9898049645390072,3.0953211598360104,6.644588045234249,2.1076862835903234,8312.915265399168,433.97262899747756,7853.0,8742.391460859775,8722.374159929761,5.473083832572194,7853.0,0.0,27.863256784968684,20.76357333655093,32.8398505603985,18.99127428862889,0.14154488517745303,0.10020876826722339,0.08977035490605428,0.08851774530271399,0.07870563674321503,0.07536534446764091,0.06722338204592902,0.06784968684759916,0.05762004175365344,0.05323590814196242,0.04801670146137787,0.04008350730688935,0.030062630480167014,0.02860125260960334,0.017118997912317326,0.010438413361169102,0.005636743215031315,0.9410537182413711,0.0234676391803,0.0,0.0,0.0,0.0,0.0,0.0,0.0,0.0,0.0,0.0,0.0,0.0,0.0,0.0,0.0,0.0,0.0,0.0,0.0,0.0,0.0,0.0,0.0,0.0,0.0,0.012526096033402925,1.152400835073069,9.93319415448852,14.736951983298543,4.164926931106472,4.264285714285714,2.879217484137791,nan,nan,nan,4.3079406068431245,2.872602975878785,4.220117570215545,2.885222193472621,0.9796136844393646,0.4087,0.008545,0.0,0.0,0.0,0.0,0.0,0.0,0.0,0.0,0.0,0.0,0.0,4.459290187891434,25.52192066805846,0.018789144050104387,0.0,0.0,0.0,0.0,0.0,0.0,0.0,0.0,0.0,0.0,0.0,0.0,0.0,0.0,0.0,0.0,nan,nan,4.264285714285714,2.879217484137791,nan,0.4087,0.03812,0.0,0.0,0.0,0.0,0.0,0.0,0.0,0.0,0.0,0.0,0.0,0.0,0.0,0.0,0.0,0.0,0.0,0.0,0.0,0.0,0.0,0.0,0.0,0.0,0.0,0.0004592901878914405,0.0,0.0,0.0003235908141962422,0.004258872651356994,0.002035490605427975,0.00014613778705636744,0.0035281837160751565,0.012484342379958246,0.025615866388308976,0.02558455114822547,0.04630480167014614,0.09493736951983299,0.08467640918580376,0.06598121085594989,0.10307933194154488,0.08245302713987473,0.12220250521920668,0.09744258872651357,0.05764091858037578,0.06782881002087683,0.03420668058455115,0.03193110647181628,0.006941544885177453,0.014958246346555324,0.012108559498956159,0.0009498956158663883,0.00012526096033402923,0.00011482254697286013,0.0014196242171189979,3.131524008350731e-05,0.00022964509394572026,0.0,0.0,0.0,0.0,0.0,0.0,0.0,0.0,0.0,0.0,0.0,0.0,0.0,0.0,0.0,0.0,0.0,0.0,0.0,0.0,0.0,0.0,0.0,0.0,0.0,0.0,0.0,0.0,0.0,0.0,0.0,0.0,0.0,0.0,0.0,0.0,0.0,0.0,0.0,0.0,0.0,0.0,0.0,0.0,nan,nan,4.264285714285714,2.879217484137791,nan,0.9409647560674748,0.02314063449389803,0.0,0.0,0.0,0.0,0.0,0.0,0.0,0.0,0.0,0.0,0.0,0.0,0.0,0.0,0.0,0.0,0.0,0.0,0.0,0.0,0.0,0.0,0.0,0.0,0.0,0.011838989739542229,1.0655090765588004,9.944751381215472,15.059194948697714,3.9187056037884775,0.9411536429526536,0.023829193342748068,0.0,0.0,0.0,0.0,0.0,0.0,0.0,0.0,0.0,0.0,0.0,0.0,0.0,0.0,0.0,0.0,0.0,0.0,0.0,0.0,0.0,0.0,0.0,0.0,0.0,0.013297872340425535,1.2500000000000002,9.920212765957448,14.375000000000004,4.4414893617021285,0.4087,0.00849,0.0,0.0,0.0,0.0,0.0,0.0,0.0,0.0,0.0,0.0,0.0,4.5224940805051235,25.441988950276247,0.03551696921862668,0.0,0.0,0.0,0.0,0.0,0.0,0.0,0.0,0.0,0.0,0.0,0.0,0.0,0.0,0.0,0.0,0.4087,0.00861,0.0,0.0,0.0,0.0,0.0,0.0,0.0,0.0,0.0,0.0,0.0,4.388297872340419,25.61170212765958,0.0,0.0,0.0,0.0,0.0,0.0,0.0,0.0,0.0,0.0,0.0,0.0,0.0,0.0,0.0,0.0,0.0
10500,5016,2601,0.5185406698564593,1220,1034,0.44936204146730463,1469,0.585725677830941,0.37399999999999994,2.9942028985507245,3.0130096686170798,6.378681626928471,2.0850620652368215,8303.896602053283,434.4943680816324,7853.0,8744.317457580566,8722.549156439549,5.613800199047643,7853.0,0.0,28.411483253588518,20.760331580623628,33.16141176470588,18.982712082495496,0.13078149920255183,0.10127591706539076,0.08991228070175439,0.08373205741626795,0.08074162679425838,0.07974481658692185,0.06997607655502393,0.06140350877192982,0.05861244019138756,0.05382775119617225,0.05303030303030303,0.04086921850079745,0.035486443381180226,0.02970494417862839,0.015151515151515152,0.009768740031897927,0.005980861244019139,0.9424524911377798,0.023463614599863174,0.0,0.0,0.0,0.0,0.0,0.0,0.0,0.0,0.0,0.0,0.0,0.0,0.0,0.0,0.0,0.0,0.0,0.0,0.0,0.0,0.0,0.0,0.0,0.0,0.0,0.0059808612440191405,1.070574162679426,9.395933014354068,14.850478468899524,4.677033492822967,4.19871990246876,2.7632606564580393,nan,nan,nan,4.194132334581773,2.77435023985778,4.203097081596188,2.7526308705410263,1.0021374497272055,0.4084,0.00858,0.0,0.0,0.0,0.0,0.0,0.0,0.0,0.0,0.0,0.0,0.0,4.838516746411476,25.101674641148332,0.0598086124401914,0.0,0.0,0.0,0.0,0.0,0.0,0.0,0.0,0.0,0.0,0.0,0.0,0.0,0.0,0.0,0.0,nan,nan,4.19871990246876,2.7632606564580393,nan,0.4084,0.0381,0.0,0.0,0.0,0.0,0.0,0.0,0.0,0.0,0.0,0.0,0.0,0.0,0.0,0.0,0.0,0.0,0.0,0.0,0.0,0.0,0.0,0.0,0.0,0.0,0.0,0.0003787878787878788,0.0,0.0,0.00023923444976076556,0.0049441786283891545,0.0022129186602870814,0.00011961722488038278,0.003399122807017544,0.011473285486443382,0.0266048644338118,0.02671451355661882,0.04661084529505582,0.09530502392344498,0.08551634768740032,0.06503189792663477,0.10087719298245613,0.08444976076555023,0.1223086124401914,0.0967005582137161,0.05805422647527911,0.06883971291866028,0.03209728867623605,0.03185805422647528,0.006439393939393939,0.016437400318979268,0.01103468899521531,0.000687799043062201,5.980861244019139e-05,7.974481658692185e-05,0.0013456937799043063,4.984051036682616e-05,0.000129585326953748,0.0,0.0,0.0,0.0,0.0,0.0,0.0,0.0,0.0,0.0,0.0,0.0,0.0,0.0,0.0,0.0,0.0,0.0,0.0,0.0,0.0,0.0,0.0,0.0,0.0,0.0,0.0,0.0,0.0,0.0,0.0,0.0,0.0,0.0,0.0,0.0,0.0,0.0,0.0,0.0,0.0,0.0,0.0,0.0,nan,nan,4.19871990246876,2.7632606564580393,nan,0.9421914939420217,0.0235332016540552,0.0,0.0,0.0,0.0,0.0,0.0,0.0,0.0,0.0,0.0,0.0,0.0,0.0,0.0,0.0,0.0,0.0,0.0,0.0,0.0,0.0,0.0,0.0,0.0,0.0,0.0,1.199538638985006,9.28489042675894,14.936562860438295,4.579008073817763,0.9427335899809133,0.023385178598707874,0.0,0.0,0.0,0.0,0.0,0.0,0.0,0.0,0.0,0.0,0.0,0.0,0.0,0.0,0.0,0.0,0.0,0.0,0.0,0.0,0.0,0.0,0.0,0.0,0.0,0.012422360248447208,0.9316770186335406,9.51552795031056,14.757763975155283,4.782608695652175,0.4084,0.00874,0.0,0.0,0.0,0.0,0.0,0.0,0.0,0.0,0.0,0.0,0.0,5.098039215686267,24.809688581314884,0.09227220299884661,0.0,0.0,0.0,0.0,0.0,0.0,0.0,0.0,0.0,0.0,0.0,0.0,0.0,0.0,0.0,0.0,0.4084,0.0084,0.0,0.0,0.0,0.0,0.0,0.0,0.0,0.0,0.0,0.0,0.0,4.559006211180117,25.416149068322987,0.024844720496894415,0.0,0.0,0.0,0.0,0.0,0.0,0.0,0.0,0.0,0.0,0.0,0.0,0.0,0.0,0.0,0.0
10600,4540,2359,0.5196035242290749,1187,893,0.4581497797356828,1234,0.5436123348017621,0.422,2.9353507565337003,3.1024006365418746,6.547540983606558,2.168750229924081,8304.802206649494,434.44061161260674,7853.0,8743.427006566524,8722.513360826066,5.518481777046435,7853.0,0.0,27.819383259911895,20.627362469278882,32.73249409913454,18.848528301702444,0.13876651982378854,0.10616740088105726,0.08325991189427313,0.08766519823788546,0.07841409691629955,0.07687224669603525,0.07577092511013216,0.06541850220264317,0.05881057268722467,0.05440528634361234,0.04757709251101322,0.03722466960352423,0.031938325991189426,0.024008810572687226,0.015859030837004406,0.011233480176211454,0.006607929515418502,0.9425890476824429,0.023290993820209768,0.0,0.0,0.0,0.0,0.0,0.0,0.0,0.0,0.0,0.0,0.0,0.0,0.0,0.0,0.0,0.0,0.0,0.0,0.0,0.0,0.0,0.0,0.0,0.0,0.0,0.006607929515418504,1.0242290748898681,9.290748898678416,15.151982378854628,4.526431718061675,4.122191967324711,2.9166509303188173,nan,nan,nan,4.180430256766135,2.912688284352595,4.066132264529058,2.9193630524148055,0.9726587970096899,0.4077,0.00874,0.0,0.0,0.0,0.0,0.0,0.0,0.0,0.0,0.0,0.0,0.0,5.511013215859023,24.455947136563882,0.03303964757709252,0.0,0.0,0.0,0.0,0.0,0.0,0.0,0.0,0.0,0.0,0.0,0.0,0.0,0.0,0.0,0.0,nan,nan,4.122191967324711,2.9166509303188173,nan,0.4077,0.03824,0.0,0.0,0.0,0.0,0.0,0.0,0.0,0.0,0.0,0.0,0.0,0.0,0.0,0.0,0.0,0.0,0.0,0.0,0.0,0.0,0.0,0.0,0.0,0.0,0.0,0.00040748898678414096,0.0,1.1013215859030838e-05,0.0002422907488986784,0.005110132158590308,0.002081497797356828,0.00018722466960352423,0.0036784140969162997,0.013193832599118943,0.028116740088105725,0.029592511013215857,0.04497797356828194,0.09633259911894274,0.08580396475770925,0.06555066079295155,0.0995044052863436,0.08080396475770925,0.12167400881057269,0.09962555066079296,0.05784140969162996,0.07041850220264317,0.02986784140969163,0.029284140969162997,0.006982378854625551,0.01579295154185022,0.010550660792951541,0.0009801762114537444,0.00011013215859030837,6.607929515418502e-05,0.0009361233480176211,2.2026431718061676e-05,0.00025330396475770924,0.0,0.0,0.0,0.0,0.0,0.0,0.0,0.0,0.0,0.0,0.0,0.0,0.0,0.0,0.0,0.0,0.0,0.0,0.0,0.0,0.0,0.0,0.0,0.0,0.0,0.0,0.0,0.0,0.0,0.0,0.0,0.0,0.0,0.0,0.0,0.0,0.0,0.0,0.0,0.0,0.0,0.0,0.0,0.0,nan,nan,4.122191967324711,2.9166509303188173,nan,0.9427384437267534,0.023260232406584952,0.0,0.0,0.0,0.0,0.0,0.0,0.0,0.0,0.0,0.0,0.0,0.0,0.0,0.0,0.0,0.0,0.0,0.0,0.0,0.0,0.0,0.0,0.0,0.0,0.0,0.012717253073336163,1.0555320050869015,9.105553200508691,15.362441712590083,4.463755828740993,0.9424274588385507,0.023323142854713607,0.0,0.0,0.0,0.0,0.0,0.0,0.0,0.0,0.0,0.0,0.0,0.0,0.0,0.0,0.0,0.0,0.0,0.0,0.0,0.0,0.0,0.0,0.0,0.0,0.0,0.0,0.9903713892709768,9.491059147180195,14.924346629986248,4.594222833562587,0.4077,0.00869,0.0,0.0,0.0,0.0,0.0,0.0,0.0,0.0,0.0,0.0,0.0,5.532005086901222,24.41712590080543,0.05086901229334465,0.0,0.0,0.0,0.0,0.0,0.0,0.0,0.0,0.0,0.0,0.0,0.0,0.0,0.0,0.0,0.0,0.408,0.0088,0.0,0.0,0.0,0.0,0.0,0.0,0.0,0.0,0.0,0.0,0.0,5.4883081155433215,24.497936726272357,0.013755158184319122,0.0,0.0,0.0,0.0,0.0,0.0,0.0,0.0,0.0,0.0,0.0,0.0,0.0,0.0,0.0,0.0
10700,4666,2421,0.5188598371195885,1143,960,0.4507072438919846,1338,0.5735105015002143,0.39799999999999996,2.9363028953229398,3.049837800209426,6.507131537242472,2.063845405426447,8304.16048999998,434.4709282270513,7853.0,8743.459246897697,8722.522860941719,5.624683624413283,7853.0,0.0,27.885555079297042,20.60239857202983,32.82971661986214,18.781705699367354,0.14144877839691383,0.09451350192884697,0.08894127732533219,0.0861551650235748,0.08658379768538363,0.0818688384054865,0.06558079725675096,0.06729532790398629,0.05636519502786112,0.057008144020574365,0.045649378482640376,0.03771967423917703,0.0345049292756108,0.022931847406772395,0.018216888126875268,0.009429918559794257,0.005786540934419202,0.9427178082448753,0.023706696923149934,0.0,0.0,0.0,0.0,0.0,0.0,0.0,0.0,0.0,0.0,0.0,0.0,0.0,0.0,0.0,0.0,0.0,0.0,0.0,0.0,0.0,0.0,0.0,0.0,0.0,0.012858979854264898,1.060865837976854,9.329189884269184,14.871410201457355,4.72567509644235,4.263907284768212,2.875948786377717,nan,nan,nan,4.277377049180328,2.887811526954445,4.2501672240802675,2.863732094749375,0.9936386657553898,0.4077,0.00868,0.0,0.0,0.0,0.0,0.0,0.0,0.0,0.0,0.0,0.0,0.0,5.664380625803679,24.290612944706393,0.04500642948992715,0.0,0.0,0.0,0.0,0.0,0.0,0.0,0.0,0.0,0.0,0.0,0.0,0.0,0.0,0.0,0.0,nan,nan,4.263907284768212,2.875948786377717,nan,0.4077,0.0386,0.0,0.0,0.0,0.0,0.0,0.0,0.0,0.0,0.0,0.0,0.0,0.0,0.0,0.0,0.0,0.0,0.0,0.0,0.0,0.0,0.0,0.0,0.0,0.0,0.0,0.0006858122588941278,0.0,0.0,0.0004607801114444921,0.006075867981140163,0.00215387912558937,0.00012858979854264894,0.0036862408915559366,0.01582726103729104,0.02630732961851693,0.027646806686669523,0.045102871838834116,0.09544577796828119,0.08513716245177883,0.0665773681954565,0.09806043720531504,0.07939348478354051,0.1252571795970853,0.09579939991427347,0.058583369052721816,0.07084226318045435,0.030368624089155593,0.031579511358765536,0.007061723103300471,0.014273467638234033,0.010426489498499785,0.0015966566652378911,0.00013930561508786968,0.00015002143163309045,0.0009215602228889842,8.572653236176597e-05,0.00022503214744963565,0.0,0.0,0.0,0.0,0.0,0.0,0.0,0.0,0.0,0.0,0.0,0.0,0.0,0.0,0.0,0.0,0.0,0.0,0.0,0.0,0.0,0.0,0.0,0.0,0.0,0.0,0.0,0.0,0.0,0.0,0.0,0.0,0.0,0.0,0.0,0.0,0.0,0.0,0.0,0.0,0.0,0.0,0.0,0.0,nan,nan,4.263907284768212,2.875948786377717,nan,0.9425844634086423,0.023584226037237623,0.0,0.0,0.0,0.0,0.0,0.0,0.0,0.0,0.0,0.0,0.0,0.0,0.0,0.0,0.0,0.0,0.0,0.0,0.0,0.0,0.0,0.0,0.0,0.0,0.0,0.012391573729863695,1.016109045848823,9.268897149938043,14.931846344485752,4.770755885997523,0.942861606841098,0.023837228044422454,0.0,0.0,0.0,0.0,0.0,0.0,0.0,0.0,0.0,0.0,0.0,0.0,0.0,0.0,0.0,0.0,0.0,0.0,0.0,0.0,0.0,0.0,0.0,0.0,0.0,0.013363028953229402,1.1091314031180404,9.39420935412027,14.806236080178177,4.67706013363029,0.4077,0.00857,0.0,0.0,0.0,0.0,0.0,0.0,0.0,0.0,0.0,0.0,0.0,5.5018587360594715,24.44857496902107,0.04956629491945478,0.0,0.0,0.0,0.0,0.0,0.0,0.0,0.0,0.0,0.0,0.0,0.0,0.0,0.0,0.0,0.0,0.4077,0.0088,0.0,0.0,0.0,0.0,0.0,0.0,0.0,0.0,0.0,0.0,0.0,5.839643652561239,24.12026726057907,0.040089086859688206,0.0,0.0,0.0,0.0,0.0,0.0,0.0,0.0,0.0,0.0,0.0,0.0,0.0,0.0,0.0,0.0
10800,4487,2309,0.5145977267662135,1068,894,0.43726320481390685,1221,0.5442389124136394,0.418,2.977502295684114,3.1067551043590824,6.612687813021703,2.1231467702559974,8300.545923913838,434.68246276484734,7853.0,8746.13688429594,8722.700545951231,5.44611959542499,7853.0,0.0,27.701805215065747,20.970763050365818,32.72174840085288,19.273267065609993,0.14285714285714285,0.11143302874972141,0.08914642299977714,0.07978604858480054,0.07688878983730778,0.07622019166480945,0.06997994205482505,0.06841987965232894,0.05727657677735681,0.04791620236238021,0.043904613327390235,0.04100735457989748,0.03209271227991977,0.028526855359928684,0.018275016714954313,0.009806106529975486,0.006463115667483842,0.9431950859617544,0.022841872539007026,0.0,0.0,0.0,0.0,0.0,0.0,0.0,0.0,0.0,0.0,0.0,0.0,0.0,0.0,0.0,0.0,0.0,0.0,0.0,0.0,0.0,0.0,0.0,0.0,0.0,0.03342990862491643,0.8357477156229108,9.09293514597727,15.464675729886341,4.573211499888568,4.328631875881523,2.8455614047013817,nan,nan,nan,4.415384615384616,2.7980089747354953,4.240398293029872,2.890454365951339,0.9603689513830721,0.408,0.00851,0.0,0.0,0.0,0.0,0.0,0.0,0.0,0.0,0.0,0.0,0.0,5.422331178961436,24.557610875863613,0.020057945174949857,0.0,0.0,0.0,0.0,0.0,0.0,0.0,0.0,0.0,0.0,0.0,0.0,0.0,0.0,0.0,0.0,nan,nan,4.328631875881523,2.8455614047013817,nan,0.408,0.03876,0.0,0.0,0.0,0.0,0.0,0.0,0.0,0.0,0.0,0.0,0.0,0.0,0.0,0.0,0.0,0.0,0.0,0.0,0.0,0.0,0.0,0.0,0.0,0.0,0.0,0.000546021840873635,0.0,0.0,0.0007131713839982171,0.006786271450858034,0.0018163583686204591,1.1143302874972142e-05,0.003554713617116113,0.01565634053933586,0.025685313126810785,0.02689993314018275,0.047002451526632495,0.09373746378426566,0.08359705816804101,0.06535547136171162,0.10036772899487408,0.07832627590817919,0.1274348116781814,0.09520837976376198,0.05652997548473367,0.07301092043681748,0.030710942723423222,0.03197013594829508,0.006741698239358146,0.01462001337196345,0.009427234232226432,0.0022509471807443727,2.2286605749944284e-05,0.00020057945174949856,0.0013594829507466012,0.00017829284599955427,0.00025629596612435925,0.0,2.2286605749944284e-05,0.0,0.0,0.0,0.0,0.0,0.0,0.0,0.0,0.0,0.0,0.0,0.0,0.0,0.0,0.0,0.0,0.0,0.0,0.0,0.0,0.0,0.0,0.0,0.0,0.0,0.0,0.0,0.0,0.0,0.0,0.0,0.0,0.0,0.0,0.0,0.0,0.0,0.0,0.0,0.0,0.0,0.0,nan,nan,4.328631875881523,2.8455614047013817,nan,0.9432126175226614,0.022829551360955932,0.0,0.0,0.0,0.0,0.0,0.0,0.0,0.0,0.0,0.0,0.0,0.0,0.0,0.0,0.0,0.0,0.0,0.0,0.0,0.0,0.0,0.0,0.0,0.0,0.0,0.038977912516240804,0.7665656128194025,9.263750541359897,15.253356431355568,4.677349501948896,0.9431764999313897,0.02285491285859241,0.0,0.0,0.0,0.0,0.0,0.0,0.0,0.0,0.0,0.0,0.0,0.0,0.0,0.0,0.0,0.0,0.0,0.0,0.0,0.0,0.0,0.0,0.0,0.0,0.0,0.027548209366391192,0.9090909090909093,8.911845730027549,15.688705234159784,4.462809917355373,0.408,0.00856,0.0,0.0,0.0,0.0,0.0,0.0,0.0,0.0,0.0,0.0,0.0,5.3269813772195675,24.647033347769604,0.025985275010827202,0.0,0.0,0.0,0.0,0.0,0.0,0.0,0.0,0.0,0.0,0.0,0.0,0.0,0.0,0.0,0.0,0.408,0.00844,0.0,0.0,0.0,0.0,0.0,0.0,0.0,0.0,0.0,0.0,0.0,5.523415977961424,24.46280991735538,0.013774104683195596,0.0,0.0,0.0,0.0,0.0,0.0,0.0,0.0,0.0,0.0,0.0,0.0,0.0,0.0,0.0,0.0
10900,4619,2375,0.5141805585624594,1133,933,0.4472829616800173,1337,0.5789131846720069,0.39399999999999996,3.014705882352941,3.0540667713683165,6.378654970760234,2.1161203752051376,8300.223015278616,434.7329945691679,7853.0,8741.80746462345,8722.7781505566,5.6467147936990445,7853.0,0.0,28.563325395107167,20.98949843774489,33.3917604912999,19.200627006777218,0.1331457025330158,0.09699069062567656,0.0917947607707296,0.0837843689110197,0.08118640398354622,0.07837194197878329,0.0703615501190734,0.05802121671357437,0.05802121671357437,0.05845421086815328,0.0508768131630223,0.03853647975752327,0.0344230352890236,0.028794111279497728,0.02100021649707729,0.009958865555315003,0.006278415241394241,0.9434110805389039,0.023685218699445187,0.0,0.0,0.0,0.0,0.0,0.0,0.0,0.0,0.0,0.0,0.0,0.0,0.0,0.0,0.0,0.0,0.0,0.0,0.0,0.0,0.0,0.0,0.0,0.0,0.0,0.032474561593418494,1.032691058670708,8.917514613552719,15.068196579346182,4.949123186836978,4.265635286372613,2.89915155938506,nan,nan,nan,4.293069306930693,2.899399872776995,4.23850197109067,2.8995925882307656,0.9872894351479652,0.4082,0.00879,0.0,0.0,0.0,0.0,0.0,0.0,0.0,0.0,0.0,0.0,0.0,5.280363715089838,24.66767698636069,0.051959298549469596,0.0,0.0,0.0,0.0,0.0,0.0,0.0,0.0,0.0,0.0,0.0,0.0,0.0,0.0,0.0,0.0,nan,nan,4.265635286372613,2.89915155938506,nan,0.4082,0.03888,0.0,0.0,0.0,0.0,0.0,0.0,0.0,0.0,0.0,0.0,0.0,0.0,0.0,0.0,0.0,0.0,0.0,0.0,0.0,0.0,0.0,0.0,0.0,1.0824853864472829e-05,0.0,0.0004005195929854947,0.0,0.0,0.0008335137475644079,0.006289240095258714,0.002089196795843256,2.1649707728945658e-05,0.003756224290972072,0.014440355055206754,0.025081186403983546,0.028859060402684565,0.04917731110630007,0.09297466984195714,0.07870751244858194,0.06584758605758823,0.10136393158692357,0.07473479108032041,0.12864256332539512,0.09539943710759904,0.05833513747564408,0.07159558345962329,0.03148949989175146,0.033069928555964495,0.007079454427365231,0.016204806235115825,0.009493396839142671,0.0019917731110630004,9.742368478025547e-05,0.00011907339250920113,0.0012989824637367395,6.494912318683698e-05,0.0004979432777657501,0.0,3.247456159341849e-05,0.0,0.0,0.0,0.0,0.0,0.0,0.0,0.0,0.0,0.0,0.0,0.0,0.0,0.0,0.0,0.0,0.0,0.0,0.0,0.0,0.0,0.0,0.0,0.0,0.0,0.0,0.0,0.0,0.0,0.0,0.0,0.0,0.0,0.0,0.0,0.0,0.0,0.0,0.0,0.0,0.0,0.0,nan,nan,4.265635286372613,2.89915155938506,nan,0.9432352890466389,0.023780028820583957,0.0,0.0,0.0,0.0,0.0,0.0,0.0,0.0,0.0,0.0,0.0,0.0,0.0,0.0,0.0,0.0,0.0,0.0,0.0,0.0,0.0,0.0,0.0,0.0,0.0,0.0505263157894737,1.1242105263157898,8.917894736842106,14.993684210526318,4.913684210526316,0.9435971343687299,0.02358303129116386,0.0,0.0,0.0,0.0,0.0,0.0,0.0,0.0,0.0,0.0,0.0,0.0,0.0,0.0,0.0,0.0,0.0,0.0,0.0,0.0,0.0,0.0,0.0,0.0,0.0,0.013368983957219254,0.9358288770053478,8.917112299465241,15.147058823529415,4.986631016042781,0.4082,0.00862,0.0,0.0,0.0,0.0,0.0,0.0,0.0,0.0,0.0,0.0,0.0,5.103157894736834,24.84631578947369,0.0505263157894737,0.0,0.0,0.0,0.0,0.0,0.0,0.0,0.0,0.0,0.0,0.0,0.0,0.0,0.0,0.0,0.0,0.4082,0.008965,0.0,0.0,0.0,0.0,0.0,0.0,0.0,0.0,0.0,0.0,0.0,5.467914438502666,24.478609625668454,0.05347593582887702,0.0,0.0,0.0,0.0,0.0,0.0,0.0,0.0,0.0,0.0,0.0,0.0,0.0,0.0,0.0,0.0
11000,4424,2264,0.5117540687160941,996,908,0.43037974683544306,1252,0.566003616636528,0.40599999999999997,2.9337962962962965,3.1233538531261766,6.614457831325301,2.138749354748861,8298.076320183316,434.7521672982885,7853.0,8740.47489067316,8722.70743837941,5.62486624220334,7853.0,0.0,27.814195298372514,21.0739208993954,32.67669981187853,19.458195114863763,0.13788426763110306,0.11188969258589512,0.0949367088607595,0.0867992766726944,0.07368896925858952,0.07323688969258589,0.06871609403254973,0.06464737793851717,0.05402350813743219,0.05131103074141049,0.04430379746835443,0.04113924050632911,0.029837251356238697,0.02961121157323689,0.019665461121157322,0.012432188065099457,0.005877034358047016,0.9431073510005504,0.023411764849386948,0.0,0.0,0.0,0.0,0.0,0.0,0.0,0.0,0.0,0.0,0.0,0.0,0.0,0.0,0.0,0.0,0.0,0.0,0.0,0.0,0.0,0.0,0.0,0.0,0.0,0.040687160940325505,1.078209764918626,8.863019891500906,15.21699819168174,4.80108499095841,4.378523011059579,2.922679843718478,nan,nan,nan,4.4408831908831905,2.9169527704418026,4.3159399571122234,2.927080742288695,0.9718652285141238,0.4084,0.00861,0.0,0.0,0.0,0.0,0.0,0.0,0.0,0.0,0.0,0.0,0.0,4.855334538878835,25.110759493670894,0.03390596745027125,0.0,0.0,0.0,0.0,0.0,0.0,0.0,0.0,0.0,0.0,0.0,0.0,0.0,0.0,0.0,0.0,nan,nan,4.378523011059579,2.922679843718478,nan,0.4084,0.03894,0.0,0.0,0.0,0.0,0.0,0.0,0.0,0.0,0.0,0.0,0.0,0.0,0.0,0.0,0.0,0.0,0.0,0.0,0.0,0.0,0.0,0.0,0.0,0.0,0.0,0.00046338155515370704,3.390596745027125e-05,0.0,0.0007007233273056058,0.006634267631103074,0.0022151898734177216,9.041591320072333e-05,0.0026220614828209765,0.0133250452079566,0.024819168173598555,0.029837251356238697,0.04859855334538879,0.0965867992766727,0.07754294755877035,0.06589059674502712,0.10244122965641952,0.0739376130198915,0.12515822784810127,0.09441681735985534,0.05949367088607595,0.0745253164556962,0.03097875226039783,0.03205244122965642,0.007267179023508138,0.01741636528028933,0.009154611211573236,0.0016387884267631103,9.041591320072333e-05,3.390596745027125e-05,0.0013901446654611212,3.390596745027125e-05,0.0005537974683544304,0.0,5.650994575045208e-05,0.0,0.0,0.0,0.0,0.0,0.0,0.0,0.0,0.0,0.0,0.0,0.0,0.0,0.0,0.0,0.0,0.0,0.0,0.0,0.0,0.0,0.0,0.0,0.0,0.0,0.0,0.0,0.0,0.0,0.0,0.0,0.0,0.0,0.0,0.0,0.0,0.0,0.0,0.0,0.0,0.0,0.0,nan,nan,4.378523011059579,2.922679843718478,nan,0.9429543011496008,0.023543674449541904,0.0,0.0,0.0,0.0,0.0,0.0,0.0,0.0,0.0,0.0,0.0,0.0,0.0,0.0,0.0,0.0,0.0,0.0,0.0,0.0,0.0,0.0,0.0,0.0,0.0,0.026501766784452305,1.1263250883392228,8.917844522968199,15.119257950530038,4.810070671378092,0.9432677699183977,0.02327162113591888,0.0,0.0,0.0,0.0,0.0,0.0,0.0,0.0,0.0,0.0,0.0,0.0,0.0,0.0,0.0,0.0,0.0,0.0,0.0,0.0,0.0,0.0,0.0,0.0,0.0,0.055555555555555566,1.027777777777778,8.805555555555557,15.319444444444448,4.791666666666668,0.4082,0.0087,0.0,0.0,0.0,0.0,0.0,0.0,0.0,0.0,0.0,0.0,0.0,4.863074204946989,25.110424028268557,0.026501766784452305,0.0,0.0,0.0,0.0,0.0,0.0,0.0,0.0,0.0,0.0,0.0,0.0,0.0,0.0,0.0,0.0,0.4084,0.00853,0.0,0.0,0.0,0.0,0.0,0.0,0.0,0.0,0.0,0.0,0.0,4.847222222222215,25.111111111111118,0.04166666666666667,0.0,0.0,0.0,0.0,0.0,0.0,0.0,0.0,0.0,0.0,0.0,0.0,0.0,0.0,0.0,0.0
11100,4608,2298,0.4986979166666667,1074,1015,0.4533420138888889,1319,0.5724826388888888,0.39799999999999996,2.8346320346320346,3.0289247329310873,6.482701812191104,2.0734329423538713,8286.796421593457,434.945848719123,7853.0,8743.074660146236,8722.858098652156,5.645833928239161,7853.0,0.0,27.49587673611111,20.688454165946588,32.53832164198493,18.905795350437753,0.1430121527777778,0.09809027777777778,0.09244791666666667,0.0954861111111111,0.0818142361111111,0.0720486111111111,0.06792534722222222,0.06553819444444445,0.05859375,0.048828125,0.04709201388888889,0.040581597222222224,0.031901041666666664,0.025390625,0.013888888888888888,0.010633680555555556,0.006727430555555556,0.9429445429575734,0.02350066158587442,0.0,0.0,0.0,0.0,0.0,0.0,0.0,0.0,0.0,0.0,0.0,0.0,0.0,0.0,0.0,0.0,0.0,0.0,0.0,0.0,0.0,0.0,0.0,0.0,0.0,0.013020833333333336,1.0156250000000002,9.309895833333336,14.824218750000004,4.837239583333334,4.250928740290442,2.8343052118218117,nan,nan,nan,4.21094264996704,2.8765524428558624,4.292936288088643,2.7886155519848583,1.0194715637179823,0.4084,0.008865,0.0,0.0,0.0,0.0,0.0,0.0,0.0,0.0,0.0,0.0,0.0,5.013020833333326,24.90885416666667,0.07812500000000001,0.0,0.0,0.0,0.0,0.0,0.0,0.0,0.0,0.0,0.0,0.0,0.0,0.0,0.0,0.0,0.0,nan,nan,4.250928740290442,2.8343052118218117,nan,0.4084,0.03906,0.0,0.0,0.0,0.0,0.0,0.0,0.0,0.0,0.0,0.0,0.0,0.0,0.0,0.0,0.0,0.0,0.0,0.0,0.0,0.0,0.0,0.0,0.0,0.0,1.0850694444444445e-05,0.0005316840277777777,0.0,9.765625e-05,0.0009114583333333333,0.006553819444444445,0.0024088541666666668,0.0002495659722222222,0.0025173611111111113,0.013487413194444445,0.024956597222222224,0.031575520833333336,0.04609375,0.094140625,0.07530381944444445,0.06440972222222222,0.10754123263888889,0.07516276041666667,0.12253689236111111,0.09444444444444444,0.05912543402777778,0.0759548611111111,0.03135850694444445,0.03240017361111111,0.008192274305555556,0.01640625,0.009765625,0.0017795138888888889,0.00011935763888888888,0.0,0.0014105902777777778,1.0850694444444445e-05,0.00042317708333333335,0.0,0.00011935763888888888,0.0,0.0,0.0,0.0,0.0,0.0,0.0,0.0,0.0,0.0,0.0,0.0,0.0,0.0,0.0,0.0,0.0,0.0,0.0,0.0,0.0,0.0,0.0,0.0,0.0,0.0,0.0,0.0,0.0,0.0,0.0,0.0,0.0,0.0,0.0,0.0,0.0,0.0,0.0,0.0,0.0,0.0,nan,nan,4.250928740290442,2.8343052118218117,nan,0.9435080182458963,0.023709501912313132,0.0,0.0,0.0,0.0,0.0,0.0,0.0,0.0,0.0,0.0,0.0,0.0,0.0,0.0,0.0,0.0,0.0,0.0,0.0,0.0,0.0,0.0,0.0,0.0,0.0,0.026109660574412538,0.9007832898172325,9.229765013054832,14.856396866840734,4.9869451697127944,0.9423839948136054,0.02327751828177228,0.0,0.0,0.0,0.0,0.0,0.0,0.0,0.0,0.0,0.0,0.0,0.0,0.0,0.0,0.0,0.0,0.0,0.0,0.0,0.0,0.0,0.0,0.0,0.0,0.0,0.0,1.1298701298701301,9.389610389610391,14.792207792207796,4.688311688311689,0.4084,0.00887,0.0,0.0,0.0,0.0,0.0,0.0,0.0,0.0,0.0,0.0,0.0,5.195822454308087,24.765013054830295,0.03916449086161881,0.0,0.0,0.0,0.0,0.0,0.0,0.0,0.0,0.0,0.0,0.0,0.0,0.0,0.0,0.0,0.0,0.4087,0.00885,0.0,0.0,0.0,0.0,0.0,0.0,0.0,0.0,0.0,0.0,0.0,4.831168831168824,25.05194805194806,0.11688311688311691,0.0,0.0,0.0,0.0,0.0,0.0,0.0,0.0,0.0,0.0,0.0,0.0,0.0,0.0,0.0,0.0
11200,4640,2381,0.5131465517241379,1106,938,0.44051724137931036,1290,0.5560344827586207,0.426,2.979194333776007,3.13726281066783,6.559375,2.2106785404881912,8299.483972908165,434.91364920815727,7853.0,8742.98026278019,8723.090564592134,5.640911396765076,7853.0,0.0,27.735991379310345,20.8422212678792,32.70609411159681,19.106454058054627,0.1413793103448276,0.09568965517241379,0.09978448275862069,0.08620689655172414,0.08728448275862069,0.07198275862068966,0.06357758620689655,0.06336206896551724,0.05560344827586207,0.05603448275862069,0.04396551724137931,0.04030172413793103,0.03512931034482759,0.02586206896551724,0.017241379310344827,0.009913793103448277,0.006681034482758621,0.9440556982981747,0.023255456567972524,0.0,0.0,0.0,0.0,0.0,0.0,0.0,0.0,0.0,0.0,0.0,0.0,0.0,0.0,0.0,0.0,0.0,0.0,0.0,0.0,0.0,0.0,0.0,0.0,0.0,0.012931034482758624,0.7564655172413796,9.077586206896553,15.181034482758625,4.97198275862069,4.413014160485503,3.0062341190194184,nan,nan,nan,4.404211956521739,3.0151895676702445,4.421686746987952,2.9973590952339224,1.0039677451127973,0.4087,0.00886,0.0,0.0,0.0,0.0,0.0,0.0,0.0,0.0,0.0,0.0,0.0,4.674568965517234,25.228448275862075,0.09698275862068968,0.0,0.0,0.0,0.0,0.0,0.0,0.0,0.0,0.0,0.0,0.0,0.0,0.0,0.0,0.0,0.0,nan,nan,4.413014160485503,3.0062341190194184,nan,0.4087,0.0391,0.0,0.0,0.0,0.0,0.0,0.0,0.0,0.0,0.0,0.0,0.0,0.0,0.0,0.0,0.0,0.0,0.0,0.0,0.0,0.0,0.0,0.0,0.0,0.0,0.00010775862068965517,0.0003663793103448276,4.3103448275862066e-05,0.0,0.0011637931034482758,0.005797413793103448,0.0020150862068965517,0.00029094827586206894,0.002877155172413793,0.013081896551724138,0.025625,0.03302801724137931,0.044967672413793104,0.09075431034482759,0.07574353448275863,0.06563577586206897,0.10620689655172413,0.07547413793103448,0.1257543103448276,0.09421336206896552,0.056260775862068964,0.07517241379310345,0.03330818965517241,0.03217672413793103,0.008620689655172414,0.017273706896551725,0.010204741379310345,0.001379310344827586,5.3879310344827585e-05,0.0,0.0016487068965517241,1.0775862068965516e-05,0.0007112068965517242,0.0,3.232758620689655e-05,0.0,0.0,0.0,0.0,0.0,0.0,0.0,0.0,0.0,0.0,0.0,0.0,0.0,0.0,0.0,0.0,0.0,0.0,0.0,0.0,0.0,0.0,0.0,0.0,0.0,0.0,0.0,0.0,0.0,0.0,0.0,0.0,0.0,0.0,0.0,0.0,0.0,0.0,0.0,0.0,0.0,0.0,nan,nan,4.413014160485503,3.0062341190194184,nan,0.9441745238662618,0.023531569868327596,0.0,0.0,0.0,0.0,0.0,0.0,0.0,0.0,0.0,0.0,0.0,0.0,0.0,0.0,0.0,0.0,0.0,0.0,0.0,0.0,0.0,0.0,0.0,0.0,0.0,0.012599748005039902,0.7181856362872745,9.286014279714408,14.804703905921885,5.1784964300714,0.9439304554129977,0.022960171861454264,0.0,0.0,0.0,0.0,0.0,0.0,0.0,0.0,0.0,0.0,0.0,0.0,0.0,0.0,0.0,0.0,0.0,0.0,0.0,0.0,0.0,0.0,0.0,0.0,0.0,0.013280212483399738,0.7968127490039842,8.857901726427624,15.577689243027892,4.754316069057106,0.4087,0.00896,0.0,0.0,0.0,0.0,0.0,0.0,0.0,0.0,0.0,0.0,0.0,4.724905501889955,25.161696766064686,0.11339773204535912,0.0,0.0,0.0,0.0,0.0,0.0,0.0,0.0,0.0,0.0,0.0,0.0,0.0,0.0,0.0,0.0,0.409,0.00875,0.0,0.0,0.0,0.0,0.0,0.0,0.0,0.0,0.0,0.0,0.0,4.621513944223101,25.2988047808765,0.07968127490039842,0.0,0.0,0.0,0.0,0.0,0.0,0.0,0.0,0.0,0.0,0.0,0.0,0.0,0.0,0.0,0.0
11300,4569,2411,0.527686583497483,1113,921,0.44517399868680235,1249,0.5467279492230247,0.442,3.0583873957367933,3.149256145024944,6.650897226753671,2.20384211682636,8311.975469130755,434.2456718454905,7853.0,8740.969189608097,8722.788020928421,5.578228592135993,7853.0,0.0,28.027139417815714,20.90238615915569,32.92145643693108,19.16801545816387,0.13766688553293938,0.09652002626395273,0.09433136353687897,0.09345589844604946,0.08010505581089954,0.07572773035675202,0.06741081199387175,0.06478441672138323,0.05712409717662508,0.050558108995403805,0.043992120814182537,0.04049026045086452,0.03611293499671701,0.02538848763405559,0.017947034362004816,0.010505581089954037,0.007879185817465528,0.9435631227613305,0.023593882020817226,0.0,0.0,0.0,0.0,0.0,0.0,0.0,0.0,0.0,0.0,0.0,0.0,0.0,0.0,0.0,0.0,0.0,0.0,0.0,0.0,0.0,0.0,0.0,0.0,0.0,0.03282994090610637,0.952068286277085,8.91004596191727,14.93105712409718,5.173998686802364,4.279918864097363,2.9191394239593373,nan,nan,nan,4.277067921990585,2.919665024883015,4.282800815771584,2.918605179447942,1.001340379410746,0.4087,0.00893,0.0,0.0,0.0,0.0,0.0,0.0,0.0,0.0,0.0,0.0,0.0,5.108338804990144,24.826001313197644,0.06565988181221274,0.0,0.0,0.0,0.0,0.0,0.0,0.0,0.0,0.0,0.0,0.0,0.0,0.0,0.0,0.0,0.0,nan,nan,4.279918864097363,2.9191394239593373,nan,0.4087,0.03937,0.0,0.0,0.0,0.0,0.0,0.0,0.0,0.0,0.0,0.0,0.0,0.0,0.0,0.0,0.0,0.0,0.0,0.0,0.0,0.0,0.0,0.0,0.0,0.0,5.471656817684395e-05,0.0005362223681330707,0.0,1.094331363536879e-05,0.0013350842635149924,0.006172028890347997,0.002549792077040928,0.00022980958634274458,0.002451302254322609,0.013318012694243818,0.026012256511271613,0.03531407310133509,0.044823812650470564,0.08830159772379076,0.07683300503392428,0.06466404027139418,0.10827314510833881,0.07315605165244037,0.12022324359816153,0.09649813963668198,0.057353906762967824,0.07481943532501642,0.03207485226526592,0.03416502516962136,0.009214270080980521,0.018395710221054934,0.009881812212738017,0.0012147078135259356,3.282994090610637e-05,4.377325454147516e-05,0.001247537754432042,0.0,0.0007988618953819216,0.0,0.0,0.0,0.0,0.0,0.0,0.0,0.0,0.0,0.0,0.0,0.0,0.0,0.0,0.0,0.0,0.0,0.0,0.0,0.0,0.0,0.0,0.0,0.0,0.0,0.0,0.0,0.0,0.0,0.0,0.0,0.0,0.0,0.0,0.0,0.0,0.0,0.0,0.0,0.0,0.0,0.0,0.0,0.0,nan,nan,4.279918864097363,2.9191394239593373,nan,0.9429959998196065,0.02348366077411642,0.0,0.0,0.0,0.0,0.0,0.0,0.0,0.0,0.0,0.0,0.0,0.0,0.0,0.0,0.0,0.0,0.0,0.0,0.0,0.0,0.0,0.0,0.0,0.0,0.0,0.024885939444214026,1.032766486934882,9.182911654914975,14.968892575694735,4.790543343011199,0.9441967341665651,0.023700374634880114,0.0,0.0,0.0,0.0,0.0,0.0,0.0,0.0,0.0,0.0,0.0,0.0,0.0,0.0,0.0,0.0,0.0,0.0,0.0,0.0,0.0,0.0,0.0,0.0,0.0,0.041705282669138095,0.8619091751621875,8.60518999073216,14.888785912882302,5.602409638554218,0.4087,0.00882,0.0,0.0,0.0,0.0,0.0,0.0,0.0,0.0,0.0,0.0,0.0,5.014516798009117,24.935711323102453,0.04977187888842805,0.0,0.0,0.0,0.0,0.0,0.0,0.0,0.0,0.0,0.0,0.0,0.0,0.0,0.0,0.0,0.0,0.4087,0.00904,0.0,0.0,0.0,0.0,0.0,0.0,0.0,0.0,0.0,0.0,0.0,5.213160333642254,24.70342910101947,0.08341056533827619,0.0,0.0,0.0,0.0,0.0,0.0,0.0,0.0,0.0,0.0,0.0,0.0,0.0,0.0,0.0,0.0
11400,4744,2470,0.5206576728499157,1153,984,0.4504637436762226,1325,0.5586003372681282,0.426,3.0861917326297275,3.1948663210414283,6.809148264984227,2.24729312816219,8306.088968269703,434.75886789934793,7853.0,8740.809941911697,8723.224318004644,5.517099014674309,7853.0,0.0,27.64966273187184,20.832968886718604,32.668850806451616,19.085947834145973,0.14376053962900506,0.0990725126475548,0.09443507588532883,0.08790050590219224,0.08136593591905565,0.07166947723440135,0.07145868465430016,0.06344856661045531,0.06218381112984823,0.05417369308600337,0.039418212478920744,0.0366779089376054,0.03351602023608769,0.022344013490725127,0.021500843170320406,0.012015177065767284,0.00505902192242833,0.9449502107440721,0.023442459207914004,0.0,0.0,0.0,0.0,0.0,0.0,0.0,0.0,0.0,0.0,0.0,0.0,0.0,0.0,0.0,0.0,0.0,0.0,0.0,0.0,0.0,0.0,0.0,0.0,0.0,0.01264755480607083,0.7841483979763915,8.575042158516021,15.26559865092749,5.362563237774032,4.37578356977895,2.9137487100592168,nan,nan,nan,4.439473684210526,2.958087884684633,4.311714096624752,2.867026844230658,0.9712219067678755,0.409,0.0087,0.0,0.0,0.0,0.0,0.0,0.0,0.0,0.0,0.0,0.0,0.0,4.407672849915677,25.5164418212479,0.07588532883642497,0.0,0.0,0.0,0.0,0.0,0.0,0.0,0.0,0.0,0.0,0.0,0.0,0.0,0.0,0.0,0.0,nan,nan,4.37578356977895,2.9137487100592168,nan,0.409,0.0395,0.0,0.0,0.0,0.0,0.0,0.0,0.0,0.0,0.0,0.0,0.0,0.0,0.0,0.0,0.0,0.0,0.0,0.0,0.0,0.0,0.0,0.0,0.0,0.0,0.0,0.0005586003372681282,0.0,0.0,0.0013490725126475548,0.00549114671163575,0.002487352445193929,0.0005796795952782462,0.0025505902192242834,0.013501264755480608,0.02715008431703204,0.036351180438448566,0.0411783305227656,0.08950252951096122,0.07234401349072513,0.06281618887015177,0.1129637436762226,0.07313448566610456,0.12068929173693085,0.09727023608768971,0.05360455311973018,0.07852023608768971,0.03169266441821248,0.03336846543001686,0.009854553119730186,0.019761804384485666,0.009759696458684654,0.0009907251264755482,0.0,4.215851602023609e-05,0.0016547217537942664,5.269814502529511e-05,0.0007799325463743676,0.0,0.0,0.0,0.0,0.0,0.0,0.0,0.0,0.0,0.0,0.0,0.0,0.0,0.0,0.0,0.0,0.0,0.0,0.0,0.0,0.0,0.0,0.0,0.0,0.0,0.0,0.0,0.0,0.0,0.0,0.0,0.0,0.0,0.0,0.0,0.0,0.0,0.0,0.0,0.0,0.0,0.0,0.0,0.0,nan,nan,4.37578356977895,2.9137487100592168,nan,0.9447077250673703,0.023215923025002687,0.0,0.0,0.0,0.0,0.0,0.0,0.0,0.0,0.0,0.0,0.0,0.0,0.0,0.0,0.0,0.0,0.0,0.0,0.0,0.0,0.0,0.0,0.0,0.0,0.0,0.012145748987854255,0.813765182186235,8.417004048582998,15.728744939271259,5.028340080971661,0.9452135966813868,0.023683253502232122,0.0,0.0,0.0,0.0,0.0,0.0,0.0,0.0,0.0,0.0,0.0,0.0,0.0,0.0,0.0,0.0,0.0,0.0,0.0,0.0,0.0,0.0,0.0,0.0,0.0,0.01319261213720317,0.7519788918205806,8.746701846965701,14.762532981530347,5.725593667546176,0.409,0.0086,0.0,0.0,0.0,0.0,0.0,0.0,0.0,0.0,0.0,0.0,0.0,4.396761133603232,25.506072874493935,0.09716599190283404,0.0,0.0,0.0,0.0,0.0,0.0,0.0,0.0,0.0,0.0,0.0,0.0,0.0,0.0,0.0,0.0,0.4092,0.008804,0.0,0.0,0.0,0.0,0.0,0.0,0.0,0.0,0.0,0.0,0.0,4.419525065963055,25.527704485488133,0.05277044854881268,0.0,0.0,0.0,0.0,0.0,0.0,0.0,0.0,0.0,0.0,0.0,0.0,0.0,0.0,0.0,0.0
11500,4938,2582,0.5228837586067233,1200,1002,0.4459295261239368,1377,0.5577156743620899,0.39399999999999996,2.897283531409168,3.032306426511327,6.4107692307692306,2.174440552412581,8307.92938663286,434.5822814983613,7853.0,8741.093530082702,8723.039237487632,5.547144467814073,7853.0,0.0,28.24483596597813,20.99045566690538,33.1734423863363,19.214737723624953,0.1381125961927906,0.09356014580801944,0.09477521263669501,0.0899149453219927,0.07675172134467395,0.07675172134467395,0.07006885378695828,0.0639935196435804,0.05731065208586472,0.05083029566626165,0.048197650870797894,0.041109761036857026,0.033616848926690965,0.0265289590927501,0.020048602673147023,0.010733090319967598,0.007695423248278655,0.9434486094420137,0.023595534870985483,0.0,0.0,0.0,0.0,0.0,0.0,0.0,0.0,0.0,0.0,0.0,0.0,0.0,0.0,0.0,0.0,0.0,0.0,0.0,0.0,0.0,0.0,0.0,0.0,0.0,0.01822600243013366,0.9902794653705955,9.034021871202917,15.054678007290404,4.902794653705954,4.227072864321608,2.8870501411135647,nan,nan,nan,4.243277048155097,2.8933908458388458,4.210725552050473,2.8805469233593763,0.9923286894220643,0.4092,0.00874,0.0,0.0,0.0,0.0,0.0,0.0,0.0,0.0,0.0,0.0,0.0,4.526123936816519,25.437424058323213,0.03645200486026732,0.0,0.0,0.0,0.0,0.0,0.0,0.0,0.0,0.0,0.0,0.0,0.0,0.0,0.0,0.0,0.0,nan,nan,4.227072864321608,2.8870501411135647,nan,0.4092,0.03946,0.0,0.0,0.0,0.0,0.0,0.0,0.0,0.0,0.0,0.0,0.0,0.0,0.0,0.0,0.0,0.0,0.0,0.0,0.0,0.0,0.0,0.0,0.0,0.0,0.0,0.0008100445524503848,0.0,0.0,0.0014175779667881733,0.005639935196435804,0.002288375860672337,0.0007189145402997165,0.002561765897124342,0.013416362899959497,0.025931551235317943,0.0360064803564196,0.03942891859052248,0.08899351964358039,0.07216484406642365,0.06135074929121102,0.11529971648440664,0.07651883353584447,0.12376468205751316,0.09471445929526123,0.054536249493722155,0.07821992709599028,0.028989469420818145,0.031743620899149456,0.01109761036857027,0.02025111381125962,0.01065208586472256,0.0010733090319967598,0.0,6.075334143377886e-05,0.0015593357634669906,0.00011138112596192791,0.0006784123126771973,0.0,0.0,0.0,0.0,0.0,0.0,0.0,0.0,0.0,0.0,0.0,0.0,0.0,0.0,0.0,0.0,0.0,0.0,0.0,0.0,0.0,0.0,0.0,0.0,0.0,0.0,0.0,0.0,0.0,0.0,0.0,0.0,0.0,0.0,0.0,0.0,0.0,0.0,0.0,0.0,0.0,0.0,0.0,0.0,nan,nan,4.227072864321608,2.8870501411135647,nan,0.9436754877257033,0.023516106567292056,0.0,0.0,0.0,0.0,0.0,0.0,0.0,0.0,0.0,0.0,0.0,0.0,0.0,0.0,0.0,0.0,0.0,0.0,0.0,0.0,0.0,0.0,0.0,0.0,0.0,0.011618900077459337,0.9411309062742063,9.039504260263364,15.000000000000004,5.0077459333849745,0.9431999677915525,0.023679780020041792,0.0,0.0,0.0,0.0,0.0,0.0,0.0,0.0,0.0,0.0,0.0,0.0,0.0,0.0,0.0,0.0,0.0,0.0,0.0,0.0,0.0,0.0,0.0,0.0,0.0,0.02546689303904924,1.0441426146010189,9.028013582342956,15.114601018675724,4.787775891341257,0.409,0.00881,0.0,0.0,0.0,0.0,0.0,0.0,0.0,0.0,0.0,0.0,0.0,4.531371030209134,25.457010069713405,0.011618900077459337,0.0,0.0,0.0,0.0,0.0,0.0,0.0,0.0,0.0,0.0,0.0,0.0,0.0,0.0,0.0,0.0,0.4092,0.008675,0.0,0.0,0.0,0.0,0.0,0.0,0.0,0.0,0.0,0.0,0.0,4.520373514431233,25.415959252971145,0.06366723259762311,0.0,0.0,0.0,0.0,0.0,0.0,0.0,0.0,0.0,0.0,0.0,0.0,0.0,0.0,0.0,0.0
11600,4743,2411,0.5083280624077589,1155,979,0.44992620704195657,1357,0.5722116803710732,0.426,3.0343053173241854,3.1059931813560677,6.565476190476191,2.1329051308138753,8295.210093016354,434.9233492709927,7853.0,8744.155807042122,8722.93051479741,5.615973683392635,7853.0,0.0,28.047438330170777,20.70413614996174,32.93687374749499,18.913565739544204,0.13809825005270926,0.09803921568627451,0.09129243095087497,0.08538899430740038,0.08264811300864432,0.07210626185958255,0.07442546911237613,0.061353573687539534,0.06198608475648324,0.05671515918195235,0.0480708412397217,0.03752899009065992,0.03289057558507274,0.02382458359687961,0.019397006114273665,0.011596036263967952,0.004638414505587181,0.9430656006586041,0.023662800393199186,0.0,0.0,0.0,0.0,0.0,0.0,0.0,0.0,0.0,0.0,0.0,0.0,0.0,0.0,0.0,0.0,0.0,0.0,0.0,0.0,0.0,0.0,0.0,0.0,0.0,0.012650221378874133,1.0120177103099306,9.424414927261228,14.53510436432638,5.015812776723593,4.286922576447625,2.8600479933489464,nan,nan,nan,4.349257585539058,2.845499957911342,4.223753280839895,2.874302395249955,0.9711435107645832,0.4087,0.00861,0.0,0.0,0.0,0.0,0.0,0.0,0.0,0.0,0.0,0.0,0.0,4.756483238456666,25.20556609740671,0.037950664136622396,0.0,0.0,0.0,0.0,0.0,0.0,0.0,0.0,0.0,0.0,0.0,0.0,0.0,0.0,0.0,0.0,nan,nan,4.286922576447625,2.8600479933489464,nan,0.4087,0.03986,0.0,0.0,0.0,0.0,0.0,0.0,0.0,0.0,0.0,0.0,0.0,0.0,0.0,0.0,0.0,0.0,0.0,0.0,0.0,0.0,0.0,0.0,0.0,0.0,0.0,0.0006746784735399536,1.0541851149061775e-05,0.0,0.0015812776723592662,0.006240775880244571,0.002340290955091714,0.0007063040269871389,0.0028568416613957413,0.01395741092135779,0.02849462365591398,0.03573687539531942,0.03951085810668353,0.0876976597090449,0.07610162344507695,0.06041534893527303,0.11717267552182163,0.07559561458992199,0.12002951718321737,0.09235715791693021,0.053468269028041325,0.07648113008644318,0.029685852835757958,0.03304870335230867,0.011184904069154544,0.020683111954459203,0.010352097828378664,0.0009487666034155598,0.0,0.00017921146953405018,0.0013809825005270926,0.00017921146953405018,0.0009276829011174362,0.0,0.0,0.0,0.0,0.0,0.0,0.0,0.0,0.0,0.0,0.0,0.0,0.0,0.0,0.0,0.0,0.0,0.0,0.0,0.0,0.0,0.0,0.0,0.0,0.0,0.0,0.0,0.0,0.0,0.0,0.0,0.0,0.0,0.0,0.0,0.0,0.0,0.0,0.0,0.0,0.0,0.0,0.0,0.0,nan,nan,4.286922576447625,2.8600479933489464,nan,0.9436016736659505,0.023523655640830095,0.0,0.0,0.0,0.0,0.0,0.0,0.0,0.0,0.0,0.0,0.0,0.0,0.0,0.0,0.0,0.0,0.0,0.0,0.0,0.0,0.0,0.0,0.0,0.0,0.0,0.0,1.032766486934882,9.170468685192867,14.545831605143098,5.250933222729159,0.9425113673735647,0.023793108470925684,0.0,0.0,0.0,0.0,0.0,0.0,0.0,0.0,0.0,0.0,0.0,0.0,0.0,0.0,0.0,0.0,0.0,0.0,0.0,0.0,0.0,0.0,0.0,0.0,0.0,0.02572898799313894,0.9905660377358493,9.686963979416811,14.524013722126933,4.772727272727273,0.4087,0.00877,0.0,0.0,0.0,0.0,0.0,0.0,0.0,0.0,0.0,0.0,0.0,4.989630858564904,24.973040232268776,0.037328909166321034,0.0,0.0,0.0,0.0,0.0,0.0,0.0,0.0,0.0,0.0,0.0,0.0,0.0,0.0,0.0,0.0,0.4087,0.00844,0.0,0.0,0.0,0.0,0.0,0.0,0.0,0.0,0.0,0.0,0.0,4.515437392795877,25.445969125214415,0.03859348198970841,0.0,0.0,0.0,0.0,0.0,0.0,0.0,0.0,0.0,0.0,0.0,0.0,0.0,0.0,0.0,0.0
11700,4938,2601,0.5267314702308628,1169,1006,0.4404617253948967,1379,0.5585257189145403,0.422,3.001711596063329,3.11235842904536,6.67125382262997,2.1646024883372856,8311.126623787655,434.27442718855457,7853.0,8741.100659394264,8722.753659463073,5.676719269506971,7853.0,0.0,27.931551235317944,20.898135091128754,32.87198649951784,19.151171341437433,0.14196030781692992,0.09497772377480762,0.08950992304576752,0.09173754556500607,0.08950992304576752,0.0745240988254354,0.06824625354394492,0.06115836371000405,0.049210206561360874,0.05103280680437424,0.051235317942486834,0.04050222762251924,0.03442689347914135,0.02754151478331308,0.018226002430133656,0.009923045767517213,0.006277845281490482,0.9430471896376866,0.023460835164983068,0.0,0.0,0.0,0.0,0.0,0.0,0.0,0.0,0.0,0.0,0.0,0.0,0.0,0.0,0.0,0.0,0.0,0.0,0.0,0.0,0.0,0.0,0.0,0.0,0.006075334143377888,0.006075334143377888,0.965978128797084,9.471445929526125,14.65978128797084,4.8906439854191985,4.263207547169811,2.9277835909893186,nan,nan,nan,4.321991178323882,2.9476061766414765,4.204645323289391,2.906719451373685,0.9728491220382364,0.4087,0.008995,0.0,0.0,0.0,0.0,0.0,0.0,0.0,0.0,0.0,0.0,0.0,5.170109356014573,24.70230862697449,0.12758201701093563,0.0,0.0,0.0,0.0,0.0,0.0,0.0,0.0,0.0,0.0,0.0,0.0,0.0,0.0,0.0,0.0,nan,nan,4.263207547169811,2.9277835909893186,nan,0.4087,0.0401,0.0,0.0,0.0,0.0,0.0,0.0,0.0,0.0,0.0,0.0,0.0,0.0,0.0,0.0,0.0,0.0,0.0,0.0,0.0,0.0,0.0,0.0,0.0,0.0,0.0,0.0006176589712434184,0.0,0.0,0.001802349129202106,0.005933576346699068,0.0024605103280680436,0.00106318347509113,0.0032705548805184283,0.013497367355204536,0.0314196030781693,0.036887403807209396,0.03972255974078574,0.0859356014580802,0.0765289590927501,0.05965978128797084,0.11443904414742812,0.07285338193600648,0.12130417172944512,0.09091737545565005,0.0549918995544755,0.07808829485621709,0.02986026731470231,0.031622114216281895,0.013345484001620089,0.020463750506277845,0.009264884568651276,0.0011441879303361684,1.012555690562981e-05,0.00028351559335763464,0.0015593357634669906,0.0001923855812069664,0.0008606723369785338,0.0,0.0,0.0,0.0,0.0,0.0,0.0,0.0,0.0,0.0,0.0,0.0,0.0,0.0,0.0,0.0,0.0,0.0,0.0,0.0,0.0,0.0,0.0,0.0,0.0,0.0,0.0,0.0,0.0,0.0,0.0,0.0,0.0,0.0,0.0,0.0,0.0,0.0,0.0,0.0,0.0,0.0,0.0,0.0,nan,nan,4.263207547169811,2.9277835909893186,nan,0.9427059551286312,0.02387137908209148,0.0,0.0,0.0,0.0,0.0,0.0,0.0,0.0,0.0,0.0,0.0,0.0,0.0,0.0,0.0,0.0,0.0,0.0,0.0,0.0,0.0,0.0,0.0,0.0,0.011534025374855827,0.011534025374855827,1.0149942329873127,9.607843137254905,14.31372549019608,5.040369088811997,0.9434269718191386,0.022989342477850627,0.0,0.0,0.0,0.0,0.0,0.0,0.0,0.0,0.0,0.0,0.0,0.0,0.0,0.0,0.0,0.0,0.0,0.0,0.0,0.0,0.0,0.0,0.0,0.0,0.0,0.0,0.9114249037227217,9.319640564826702,15.044929396662392,4.72400513478819,0.4087,0.009125,0.0,0.0,0.0,0.0,0.0,0.0,0.0,0.0,0.0,0.0,0.0,5.236447520184536,24.625144175317192,0.1384083044982699,0.0,0.0,0.0,0.0,0.0,0.0,0.0,0.0,0.0,0.0,0.0,0.0,0.0,0.0,0.0,0.0,0.4084,0.00884,0.0,0.0,0.0,0.0,0.0,0.0,0.0,0.0,0.0,0.0,0.0,5.096277278562252,24.788189987163037,0.1155327342747112,0.0,0.0,0.0,0.0,0.0,0.0,0.0,0.0,0.0,0.0,0.0,0.0,0.0,0.0,0.0,0.0
11800,4852,2485,0.5121599340478153,1161,1005,0.44641384995877986,1394,0.5746084089035449,0.422,2.990283058724123,3.0816776296759025,6.501488095238095,2.1650629980609253,8298.420457497976,434.735109361796,7853.0,8742.810426735878,8722.690164901482,5.62553404357922,7853.0,0.0,28.11603462489695,21.095588168389067,33.313643104300546,19.246514516485263,0.14488870568837592,0.09604286892003297,0.08903544929925804,0.09171475680131905,0.07460840890354493,0.07460840890354493,0.07254740313272877,0.05915086562242374,0.057914262159934046,0.05131904369332234,0.0494641384995878,0.038746908491343775,0.03297609233305853,0.02967848309975268,0.019373454245671887,0.010717230008244023,0.007213520197856554,0.9426778886353586,0.02322069488023742,0.0,0.0,0.0,0.0,0.0,0.0,0.0,0.0,0.0,0.0,0.0,0.0,0.0,0.0,0.0,0.0,0.0,0.0,0.0,0.0,0.0,0.0,0.0,0.0,0.0,0.012366034624896953,1.0016488046166532,9.447650453421272,15.030915086562246,4.507419620774939,4.2381558028616855,2.8481785830994273,nan,nan,nan,4.129156010230179,2.785134828697523,4.345983554712207,2.9051794567434013,1.0525113470997045,0.4084,0.00897,0.0,0.0,0.0,0.0,0.0,0.0,0.0,0.0,0.0,0.0,0.0,5.243198680956299,24.694971145919215,0.06183017312448476,0.0,0.0,0.0,0.0,0.0,0.0,0.0,0.0,0.0,0.0,0.0,0.0,0.0,0.0,0.0,0.0,nan,nan,4.2381558028616855,2.8481785830994273,nan,0.4084,0.0401,0.0,0.0,0.0,0.0,0.0,0.0,0.0,0.0,0.0,0.0,0.0,0.0,0.0,0.0,0.0,0.0,0.0,0.0,0.0,0.0,0.0,0.0,0.0,0.0,0.0,0.000443116240725474,1.0305028854080792e-05,0.00010305028854080792,0.0015148392415498763,0.005739901071723001,0.002122835943940643,0.000886232481450948,0.0037819455894476505,0.015457543281121188,0.0310078318219291,0.03680956306677659,0.04085943940643034,0.08462489694971145,0.07681368507831822,0.06247938994229184,0.11289159109645507,0.0717333058532564,0.12125927452596867,0.08929307502061005,0.05766694146743611,0.07795754328112119,0.028761335531739488,0.030234954657873042,0.013107996702390767,0.02133140972794724,0.008831409727947239,0.0010923330585325638,7.213520197856555e-05,0.0002679307502061006,0.0019373454245671887,7.213520197856555e-05,0.0008347073371805441,0.0,0.0,0.0,0.0,0.0,0.0,0.0,0.0,0.0,0.0,0.0,0.0,0.0,0.0,0.0,0.0,0.0,0.0,0.0,0.0,0.0,0.0,0.0,0.0,0.0,0.0,0.0,0.0,0.0,0.0,0.0,0.0,0.0,0.0,0.0,0.0,0.0,0.0,0.0,0.0,0.0,0.0,0.0,0.0,nan,nan,4.2381558028616855,2.8481785830994273,nan,0.9428689768616583,0.023381974881239005,0.0,0.0,0.0,0.0,0.0,0.0,0.0,0.0,0.0,0.0,0.0,0.0,0.0,0.0,0.0,0.0,0.0,0.0,0.0,0.0,0.0,0.0,0.0,0.0,0.0,0.012072434607645878,1.0503018108651914,9.356136820925554,15.102615694164992,4.478873239436621,0.9424772742532909,0.02304845587807299,0.0,0.0,0.0,0.0,0.0,0.0,0.0,0.0,0.0,0.0,0.0,0.0,0.0,0.0,0.0,0.0,0.0,0.0,0.0,0.0,0.0,0.0,0.0,0.0,0.0,0.012674271229404312,0.9505703422053234,9.543726235741447,14.955640050697088,4.5373891001267435,0.4082,0.008995,0.0,0.0,0.0,0.0,0.0,0.0,0.0,0.0,0.0,0.0,0.0,5.42052313883299,24.50704225352113,0.07243460764587527,0.0,0.0,0.0,0.0,0.0,0.0,0.0,0.0,0.0,0.0,0.0,0.0,0.0,0.0,0.0,0.0,0.4087,0.00895,0.0,0.0,0.0,0.0,0.0,0.0,0.0,0.0,0.0,0.0,0.0,5.057034220532312,24.89226869455007,0.05069708491761725,0.0,0.0,0.0,0.0,0.0,0.0,0.0,0.0,0.0,0.0,0.0,0.0,0.0,0.0,0.0,0.0
11900,4658,2440,0.5238299699441821,1092,972,0.4431086303134392,1286,0.5521683125805067,0.45,3.0473399458972046,3.1898190519473473,6.7534246575342465,2.298187623740184,8308.645811453922,434.4424170793888,7853.0,8740.929635131359,8722.835323669002,5.611929040676191,7853.0,0.0,27.362172606268786,20.671156161187362,32.39876511448418,18.925346643609856,0.14426792614856163,0.10197509660798626,0.09854014598540146,0.0845856590811507,0.0781451266638042,0.07106054100472306,0.07256333190210391,0.072992700729927,0.05689136968656076,0.04744525547445255,0.04186346071275225,0.040790038643194505,0.0339201373980249,0.021683125805066553,0.017818806354658653,0.00923142979819665,0.00622584800343495,0.9431138849017855,0.02348857514760134,0.0,0.0,0.0,0.0,0.0,0.0,0.0,0.0,0.0,0.0,0.0,0.0,0.0,0.0,0.0,0.0,0.0,0.0,0.0,0.0,0.0,0.0,0.0,0.0,0.0,0.0,0.9854014598540148,9.209961356805497,14.96779733791327,4.836839845427223,4.467143343547838,2.934483748432924,nan,nan,nan,4.457396046353102,2.899132189561945,4.476870748299319,2.96931170079722,1.0043690759680532,0.4084,0.008736,0.0,0.0,0.0,0.0,0.0,0.0,0.0,0.0,0.0,0.0,0.0,4.984972091026185,24.963503649635044,0.05152425933877202,0.0,0.0,0.0,0.0,0.0,0.0,0.0,0.0,0.0,0.0,0.0,0.0,0.0,0.0,0.0,0.0,nan,nan,4.467143343547838,2.934483748432924,nan,0.4084,0.0402,0.0,0.0,0.0,0.0,0.0,0.0,0.0,0.0,0.0,0.0,0.0,0.0,0.0,0.0,0.0,0.0,0.0,0.0,0.0,0.0,0.0,0.0,0.0,0.0,0.0,0.00045083726921425505,1.0734220695577501e-05,0.00030055817947617,0.001266638042078145,0.0063653928724774584,0.0017711464147702877,0.0009982825246887077,0.002930442249892658,0.014104765993988836,0.031064834693001288,0.03744096178617432,0.044622155431515674,0.08521897810218979,0.07531129240017174,0.06077715757835981,0.10794332331472735,0.07307857449549163,0.12297123228853585,0.09091884929154144,0.058158007728638904,0.07717904680120223,0.027211249463288966,0.03045298411335337,0.012666380420781451,0.02336839845427222,0.009220695577501074,0.0009231429798196651,6.440532417346501e-05,0.00028982395878059255,0.0022005152425933878,0.0,0.0007084585659081151,0.0,0.0,0.0,1.0734220695577501e-05,0.0,0.0,0.0,0.0,0.0,0.0,0.0,0.0,0.0,0.0,0.0,0.0,0.0,0.0,0.0,0.0,0.0,0.0,0.0,0.0,0.0,0.0,0.0,0.0,0.0,0.0,0.0,0.0,0.0,0.0,0.0,0.0,0.0,0.0,0.0,0.0,0.0,0.0,0.0,0.0,nan,nan,4.467143343547838,2.934483748432924,nan,0.9432457449250534,0.02359988393330869,0.0,0.0,0.0,0.0,0.0,0.0,0.0,0.0,0.0,0.0,0.0,0.0,0.0,0.0,0.0,0.0,0.0,0.0,0.0,0.0,0.0,0.0,0.0,0.0,0.0,0.0,0.9836065573770494,9.209016393442624,14.815573770491806,4.991803278688526,0.9429688269861977,0.023364653337551795,0.0,0.0,0.0,0.0,0.0,0.0,0.0,0.0,0.0,0.0,0.0,0.0,0.0,0.0,0.0,0.0,0.0,0.0,0.0,0.0,0.0,0.0,0.0,0.0,0.0,0.0,0.9873760144274123,9.211000901713257,15.135256988277732,4.666366095581606,0.4084,0.00881,0.0,0.0,0.0,0.0,0.0,0.0,0.0,0.0,0.0,0.0,0.0,5.163934426229501,24.786885245901644,0.04918032786885247,0.0,0.0,0.0,0.0,0.0,0.0,0.0,0.0,0.0,0.0,0.0,0.0,0.0,0.0,0.0,0.0,0.4087,0.00865,0.0,0.0,0.0,0.0,0.0,0.0,0.0,0.0,0.0,0.0,0.0,4.788097385031554,25.157799819657356,0.054102795311091086,0.0,0.0,0.0,0.0,0.0,0.0,0.0,0.0,0.0,0.0,0.0,0.0,0.0,0.0,0.0,0.0
12000,4924,2601,0.5282290820471162,1217,988,0.4478066612510154,1358,0.5515840779853778,0.434,3.0154972018941026,3.1656411243621787,6.737909516380655,2.262068965414895,8312.58468992982,434.3487840385345,7853.0,8740.719637298584,8723.048063519582,5.535166213225657,7853.0,0.0,28.238017871649067,21.071283617976032,33.12623464225488,19.336151087265,0.1389114541023558,0.09626320064987814,0.09220146222583266,0.08732737611697806,0.07879772542648253,0.08001624695369618,0.06904955320877336,0.06519090170593014,0.05381803411860276,0.05259951259138911,0.04488220958570268,0.041226645004061736,0.033509341998375304,0.02538586515028432,0.021121039805036556,0.011372867587327376,0.008326563769293258,0.9441222234846227,0.023497434937482554,0.0,0.0,0.0,0.0,0.0,0.0,0.0,0.0,0.0,0.0,0.0,0.0,0.0,0.0,0.0,0.0,0.0,0.0,0.0,0.0,0.0,0.0,0.0,0.0,0.0,0.024370430544272955,0.8834281072298946,8.608854589764421,15.402112103980507,5.081234768480911,4.201751642164529,2.997489836657419,nan,nan,nan,4.179566563467493,3.0179981982808197,4.224399494310998,2.9762373452857935,1.010726693824039,0.4084,0.008514,0.0,0.0,0.0,0.0,0.0,0.0,0.0,0.0,0.0,0.0,0.0,4.709585702680741,25.266043866774986,0.024370430544272955,0.0,0.0,0.0,0.0,0.0,0.0,0.0,0.0,0.0,0.0,0.0,0.0,0.0,0.0,0.0,0.0,nan,nan,4.201751642164529,2.997489836657419,nan,0.4084,0.04013,0.0,0.0,0.0,0.0,0.0,0.0,0.0,0.0,0.0,0.0,0.0,0.0,0.0,0.0,0.0,0.0,0.0,0.0,0.0,0.0,0.0,0.0,0.0,0.0,0.0,0.00040617384240454913,3.0463038180341185e-05,0.0003858651502843217,0.0014317627944760358,0.006458164094232332,0.0017262388302193338,0.000751421608448416,0.003218927701056052,0.01394191714053615,0.030422420796100733,0.0368298131600325,0.04443541835905768,0.08752030869212023,0.07554833468724614,0.061311941510966694,0.10617384240454915,0.07653330625507718,0.12046100731112916,0.09041429731925264,0.05555442729488221,0.07827985377741674,0.028960194963444354,0.03129569455727051,0.012977254264825345,0.022867587327376118,0.007727457351746548,0.000822502030869212,0.00010154346060113728,0.0006803411860276198,0.0021019496344435416,0.0,0.0006295694557270512,0.0,0.0,0.0,0.0,0.0,0.0,0.0,0.0,0.0,0.0,0.0,0.0,0.0,0.0,0.0,0.0,0.0,0.0,0.0,0.0,0.0,0.0,0.0,0.0,0.0,0.0,0.0,0.0,0.0,0.0,0.0,0.0,0.0,0.0,0.0,0.0,0.0,0.0,0.0,0.0,0.0,0.0,0.0,0.0,nan,nan,4.201751642164529,2.997489836657419,nan,0.9443064003163051,0.023107031737211563,0.0,0.0,0.0,0.0,0.0,0.0,0.0,0.0,0.0,0.0,0.0,0.0,0.0,0.0,0.0,0.0,0.0,0.0,0.0,0.0,0.0,0.0,0.0,0.0,0.0,0.011534025374855827,0.8189158016147637,8.615916955017303,15.547866205305654,5.005767012687429,0.9439160056890109,0.023925318527245745,0.0,0.0,0.0,0.0,0.0,0.0,0.0,0.0,0.0,0.0,0.0,0.0,0.0,0.0,0.0,0.0,0.0,0.0,0.0,0.0,0.0,0.0,0.0,0.0,0.0,0.03874300473525614,0.9556607834696516,8.600947051226864,15.238915195867415,5.165733964700818,0.4084,0.00839,0.0,0.0,0.0,0.0,0.0,0.0,0.0,0.0,0.0,0.0,0.0,4.682814302191458,25.305651672433687,0.011534025374855827,0.0,0.0,0.0,0.0,0.0,0.0,0.0,0.0,0.0,0.0,0.0,0.0,0.0,0.0,0.0,0.0,0.4084,0.00865,0.0,0.0,0.0,0.0,0.0,0.0,0.0,0.0,0.0,0.0,0.0,4.739560912612993,25.22169608265175,0.03874300473525614,0.0,0.0,0.0,0.0,0.0,0.0,0.0,0.0,0.0,0.0,0.0,0.0,0.0,0.0,0.0,0.0
12100,4577,2435,0.5320078654140267,1138,884,0.44177408783045663,1238,0.5409656980554949,0.438,3.11531279178338,3.1470732287047016,6.587025316455696,2.212312213154599,8315.795972119402,434.0796068502198,7853.0,8742.863632524013,8722.904379626489,5.648478081738369,7853.0,0.0,28.724928992790037,21.328791444004924,33.83194588969823,19.447823930475792,0.14026655014201442,0.09831767533318768,0.08608258684727987,0.0856456194013546,0.07450294953026,0.0734105309154468,0.06707450294953025,0.06314179593620275,0.05899060519991261,0.05724273541621149,0.04937732138955648,0.04325977714660258,0.034957395674022285,0.028839851431068386,0.01878960017478698,0.010268734979244047,0.009831767533318768,0.9436618242301299,0.02381608447097399,0.0,0.0,0.0,0.0,0.0,0.0,0.0,0.0,0.0,0.0,0.0,0.0,0.0,0.0,0.0,0.0,0.0,0.0,0.0,0.0,0.0,0.0,0.0,0.0,0.0,0.032772558444395895,1.0093948000873938,8.887917850120168,15.068822372733235,5.001092418614814,4.250585480093677,2.8853010274851805,nan,nan,nan,4.216564833672777,2.8819163470988802,4.2858085808580855,2.887922373147469,1.0164218386095571,0.4087,0.00902,0.0,0.0,0.0,0.0,0.0,0.0,0.0,0.0,0.0,0.0,0.0,5.164955210836785,24.7760541839633,0.058990605199912616,0.0,0.0,0.0,0.0,0.0,0.0,0.0,0.0,0.0,0.0,0.0,0.0,0.0,0.0,0.0,0.0,nan,nan,4.250585480093677,2.8853010274851805,nan,0.4087,0.04047,0.0,0.0,0.0,0.0,0.0,0.0,0.0,0.0,0.0,0.0,0.0,0.0,0.0,0.0,0.0,0.0,0.0,0.0,0.0,0.0,0.0,0.0,0.0,0.0,0.0,0.0004260432597771466,0.0,0.00034957395674022285,0.001474765129997815,0.006139392615250164,0.001802490714441774,0.0007319204719248416,0.003714223290364868,0.013316582914572864,0.032226349136989296,0.03631199475639065,0.04501857111645183,0.08654140266550142,0.07654577233996067,0.05774524797902556,0.10689316145947127,0.0736836355691501,0.12214332532226349,0.0922110552763819,0.05554948656325104,0.07603233559099846,0.028501201660476295,0.03236836355691501,0.012988857330128905,0.025213021629888574,0.0070679484378413805,0.0007865414026655014,0.00016386279222197948,0.0006445269827397859,0.002720122350884859,2.1848372296263928e-05,0.0006663753550360498,0.0,0.0,0.0,0.0,0.0,0.0,0.0,0.0,0.0,0.0,0.0,0.0,0.0,0.0,0.0,0.0,0.0,0.0,0.0,0.0,0.0,0.0,0.0,0.0,0.0,0.0,0.0,0.0,0.0,0.0,0.0,0.0,0.0,0.0,0.0,0.0,0.0,0.0,0.0,0.0,0.0,0.0,0.0,0.0,nan,nan,4.250585480093677,2.8853010274851805,nan,0.9437025779571376,0.023824843804138313,0.0,0.0,0.0,0.0,0.0,0.0,0.0,0.0,0.0,0.0,0.0,0.0,0.0,0.0,0.0,0.0,0.0,0.0,0.0,0.0,0.0,0.0,0.0,0.0,0.0,0.06160164271047229,0.9609856262833677,8.895277207392198,14.944558521560579,5.13757700205339,0.9436154958803336,0.023806038317326653,0.0,0.0,0.0,0.0,0.0,0.0,0.0,0.0,0.0,0.0,0.0,0.0,0.0,0.0,0.0,0.0,0.0,0.0,0.0,0.0,0.0,0.0,0.0,0.0,0.0,0.0,1.0644257703081235,8.879551820728294,15.210084033613448,4.845938375350141,0.4084,0.00896,0.0,0.0,0.0,0.0,0.0,0.0,0.0,0.0,0.0,0.0,0.0,5.310061601642703,24.640657084188916,0.04928131416837783,0.0,0.0,0.0,0.0,0.0,0.0,0.0,0.0,0.0,0.0,0.0,0.0,0.0,0.0,0.0,0.0,0.409,0.00907,0.0,0.0,0.0,0.0,0.0,0.0,0.0,0.0,0.0,0.0,0.0,4.999999999999993,24.929971988795526,0.07002801120448181,0.0,0.0,0.0,0.0,0.0,0.0,0.0,0.0,0.0,0.0,0.0,0.0,0.0,0.0,0.0,0.0
12200,4764,2483,0.5212006717044501,1169,1004,0.4561293031066331,1359,0.570528967254408,0.438,3.041648399824638,3.152908888543232,6.697560975609756,2.273118391525556,8306.475004157466,434.6563320989148,7853.0,8741.948809826374,8723.058364803126,5.538155579760129,7853.0,0.0,27.45172124265323,20.421142670920897,32.407221664994985,18.622555321548234,0.14357682619647355,0.09676742233417296,0.09382871536523929,0.08396305625524769,0.08753148614609572,0.07577665827036104,0.06780016792611251,0.06507136859781697,0.061712846347607056,0.05499580184718724,0.04408060453400504,0.038623005877413935,0.03421494542401343,0.023509655751469353,0.016792611251049538,0.0073467674223341725,0.004408060453400504,0.9444307987050385,0.023514298931269422,0.0,0.0,0.0,0.0,0.0,0.0,0.0,0.0,0.0,0.0,0.0,0.0,0.0,0.0,0.0,0.0,0.0,0.0,0.0,0.0,0.0,0.0,0.0,0.0,0.0,0.006297229219143578,0.8816120906801009,8.76574307304786,15.06297229219144,5.283375314861463,4.43609022556391,2.98915199183703,nan,nan,nan,4.468211920529801,3.0015420068134726,4.404777275661718,2.976690664682608,0.9858031252777818,0.4084,0.008606,0.0,0.0,0.0,0.0,0.0,0.0,0.0,0.0,0.0,0.0,0.0,5.138539042821151,24.8110831234257,0.050377833753148624,0.0,0.0,0.0,0.0,0.0,0.0,0.0,0.0,0.0,0.0,0.0,0.0,0.0,0.0,0.0,0.0,nan,nan,4.43609022556391,2.98915199183703,nan,0.4084,0.04044,0.0,0.0,0.0,0.0,0.0,0.0,0.0,0.0,0.0,0.0,0.0,0.0,0.0,0.0,0.0,0.0,0.0,0.0,0.0,0.0,0.0,0.0,0.0,0.0,0.0,0.00030436607892527287,1.0495382031905961e-05,0.0005247691015952981,0.0015113350125944584,0.00660159529806885,0.0019836272040302267,0.00041981528127623844,0.003746851385390428,0.012405541561712847,0.03318639798488665,0.03388958858102435,0.04737615449202351,0.08717464315701091,0.08148614609571789,0.05838581024349286,0.10506926952141057,0.07286943744752308,0.1205919395465995,0.08879093198992444,0.057388748950461796,0.07523089840470193,0.0299328295549958,0.03095088161209068,0.013339630562552477,0.025398824517212426,0.006622586062132662,0.0010600335852225021,0.00014693534844668346,0.0004932829554995802,0.002760285474391268,0.0,0.0003463476070528967,0.0,0.0,0.0,0.0,0.0,0.0,0.0,0.0,0.0,0.0,0.0,0.0,0.0,0.0,0.0,0.0,0.0,0.0,0.0,0.0,0.0,0.0,0.0,0.0,0.0,0.0,0.0,0.0,0.0,0.0,0.0,0.0,0.0,0.0,0.0,0.0,0.0,0.0,0.0,0.0,0.0,0.0,0.0,0.0,nan,nan,4.43609022556391,2.98915199183703,nan,0.9442901147309686,0.02353071793255817,0.0,0.0,0.0,0.0,0.0,0.0,0.0,0.0,0.0,0.0,0.0,0.0,0.0,0.0,0.0,0.0,0.0,0.0,0.0,0.0,0.0,0.0,0.0,0.0,0.0,0.0,0.8940797422472817,8.856222311719696,15.175191300845754,5.074506645187275,0.9445839413212663,0.02349545530275918,0.0,0.0,0.0,0.0,0.0,0.0,0.0,0.0,0.0,0.0,0.0,0.0,0.0,0.0,0.0,0.0,0.0,0.0,0.0,0.0,0.0,0.0,0.0,0.0,0.0,0.013152126260412103,0.8680403331871988,8.667251205611576,14.940815431828149,5.510740903112671,0.4084,0.00868,0.0,0.0,0.0,0.0,0.0,0.0,0.0,0.0,0.0,0.0,0.0,5.183246073298422,24.744260974627473,0.07249295207410392,0.0,0.0,0.0,0.0,0.0,0.0,0.0,0.0,0.0,0.0,0.0,0.0,0.0,0.0,0.0,0.0,0.4082,0.00852,0.0,0.0,0.0,0.0,0.0,0.0,0.0,0.0,0.0,0.0,0.0,5.089872862779475,24.8838228846997,0.026304252520824207,0.0,0.0,0.0,0.0,0.0,0.0,0.0,0.0,0.0,0.0,0.0,0.0,0.0,0.0,0.0,0.0
12300,4792,2442,0.5095993322203672,1162,1006,0.4524207011686144,1380,0.5759599332220368,0.426,2.898723404255319,3.0594044873327575,6.531347962382445,2.077975654933389,8296.338829467091,434.9253973754219,7853.0,8740.78467246294,8722.975295170476,5.5310578930500505,7853.0,0.0,28.40442404006678,21.001123997119624,33.46109868257519,19.116345523021945,0.14273789649415694,0.09390651085141903,0.08639398998330551,0.08451585976627712,0.0830550918196995,0.07449916527545909,0.06928213689482471,0.06114357262103506,0.0565525876460768,0.05571786310517529,0.04778797996661102,0.049248747913188645,0.0333889816360601,0.02671118530884808,0.018989983305509182,0.009599332220367279,0.006469115191986645,0.9444999700048332,0.02361386013257642,0.0,0.0,0.0,0.0,0.0,0.0,0.0,0.0,0.0,0.0,0.0,0.0,0.0,0.0,0.0,0.0,0.0,0.0,0.0,0.0,0.0,0.0,0.0,0.0,0.0,0.018781302170283808,0.8451585976627715,8.764607679465778,14.824707846410687,5.546744574290486,4.255651066539318,2.8824862911352955,nan,nan,nan,4.260648442466624,2.872932423695003,4.250637755102041,2.892030234797471,0.9976504310318577,0.4082,0.008705,0.0,0.0,0.0,0.0,0.0,0.0,0.0,0.0,0.0,0.0,0.0,5.183639398998323,24.73497495826378,0.08138564273789652,0.0,0.0,0.0,0.0,0.0,0.0,0.0,0.0,0.0,0.0,0.0,0.0,0.0,0.0,0.0,0.0,nan,nan,4.255651066539318,2.8824862911352955,nan,0.4082,0.04028,0.0,0.0,0.0,0.0,0.0,0.0,0.0,0.0,0.0,0.0,0.0,0.0,0.0,0.0,0.0,0.0,0.0,0.0,0.0,0.0,0.0,0.0,0.0,0.0,1.0434056761268781e-05,0.0001669449081803005,1.0434056761268781e-05,0.00037562604340567613,0.00162771285475793,0.005884808013355593,0.0018781302170283807,0.0005634390651085142,0.004298831385642738,0.012228714524207011,0.032502086811352256,0.035548831385642736,0.04699499165275459,0.08747913188647746,0.08109348914858097,0.06028797996661102,0.10647954924874792,0.07193238731218699,0.12228714524207011,0.08586185308848081,0.05586393989983306,0.07659641068447412,0.029904006677796326,0.028808430717863105,0.012771285475792989,0.026773789649415694,0.007481218697829716,0.001095575959933222,0.00020868113522537563,0.00041736227045075126,0.002389398998330551,0.0,0.00017737896494156928,0.0,0.0,0.0,0.0,0.0,0.0,0.0,0.0,0.0,0.0,0.0,0.0,0.0,0.0,0.0,0.0,0.0,0.0,0.0,0.0,0.0,0.0,0.0,0.0,0.0,0.0,0.0,0.0,0.0,0.0,0.0,0.0,0.0,0.0,0.0,0.0,0.0,0.0,0.0,0.0,0.0,0.0,0.0,0.0,nan,nan,4.255651066539318,2.8824862911352955,nan,0.944209279314013,0.02340710214041548,0.0,0.0,0.0,0.0,0.0,0.0,0.0,0.0,0.0,0.0,0.0,0.0,0.0,0.0,0.0,0.0,0.0,0.0,0.0,0.0,0.0,0.0,0.0,0.0,0.0,0.03685503685503686,0.8722358722358724,8.722358722358724,15.049140049140052,5.319410319410321,0.9448020409269536,0.023823053927751733,0.0,0.0,0.0,0.0,0.0,0.0,0.0,0.0,0.0,0.0,0.0,0.0,0.0,0.0,0.0,0.0,0.0,0.0,0.0,0.0,0.0,0.0,0.0,0.0,0.0,0.0,0.8170212765957449,8.808510638297873,14.59148936170213,5.7829787234042564,0.4082,0.00876,0.0,0.0,0.0,0.0,0.0,0.0,0.0,0.0,0.0,0.0,0.0,4.9877149877149805,24.938574938574945,0.07371007371007372,0.0,0.0,0.0,0.0,0.0,0.0,0.0,0.0,0.0,0.0,0.0,0.0,0.0,0.0,0.0,0.0,0.4082,0.008644,0.0,0.0,0.0,0.0,0.0,0.0,0.0,0.0,0.0,0.0,0.0,5.3872340425531835,24.523404255319154,0.08936170212765959,0.0,0.0,0.0,0.0,0.0,0.0,0.0,0.0,0.0,0.0,0.0,0.0,0.0,0.0,0.0,0.0
12400,4678,2401,0.513253527148354,1149,957,0.45019238991021804,1328,0.5677640017101325,0.40199999999999997,2.9956082564778215,3.049579773534972,6.221590909090909,2.189668346806946,8299.70404536218,435.0345351231495,7853.0,8741.043888950348,8723.337994254176,5.591712732486186,7853.0,0.0,29.147285164600255,21.249135588492592,34.202435312024356,19.30814015278439,0.13552800342026508,0.09320222317229586,0.08935442496793501,0.08294142796066695,0.07439076528430953,0.06947413424540402,0.06819153484395041,0.06348867037195383,0.06712270200940573,0.05536554082941428,0.05386917486105173,0.043822146216331764,0.03463018383924754,0.02907225309961522,0.023086789226165028,0.00897819581017529,0.007481829841812741,0.9449185787765019,0.02355537347710753,0.0,0.0,0.0,0.0,0.0,0.0,0.0,0.0,0.0,0.0,0.0,0.0,0.0,0.0,0.0,0.0,0.0,0.0,0.0,0.0,0.0,0.0,0.0,0.0,0.0,0.0,0.8465156049593845,8.657545959811888,15.00641299700727,5.489525438221464,4.160386473429952,2.843651433250337,nan,nan,nan,4.144641683103222,2.8559750657889986,4.17550505050505,2.831685081623598,1.007446570719889,0.4084,0.00876,0.0,0.0,0.0,0.0,0.0,0.0,0.0,0.0,0.0,0.0,0.0,4.91235570756733,25.004275331338185,0.08336896109448484,0.0,0.0,0.0,0.0,0.0,0.0,0.0,0.0,0.0,0.0,0.0,0.0,0.0,0.0,0.0,0.0,nan,nan,4.160386473429952,2.843651433250337,nan,0.4084,0.04013,0.0,0.0,0.0,0.0,0.0,0.0,0.0,0.0,0.0,0.0,0.0,0.0,0.0,0.0,0.0,0.0,0.0,0.0,0.0,0.0,0.0,0.0,0.0,0.0,0.0,8.550662676357418e-05,0.0,0.00029927319367250964,0.0018277041470713981,0.005087644292432664,0.0015177426250534416,0.0006199230440359128,0.0057182556648140235,0.01188542112013681,0.03275972637879436,0.03445917058572039,0.04667592988456606,0.08699230440359128,0.0812847370671227,0.059256092347156904,0.10396536981616075,0.07485036340316374,0.12180418982471142,0.08563488670371953,0.05669089354424968,0.07671013253527148,0.03205429670799487,0.02940359127832407,0.012131252672082087,0.02708422402736212,0.007332193244976486,0.0011436511329628047,0.00018170158187259512,0.0002565198802907225,0.0020414707139803333,0.0,0.00024583155194527574,0.0,0.0,0.0,0.0,0.0,0.0,0.0,0.0,0.0,0.0,0.0,0.0,0.0,0.0,0.0,0.0,0.0,0.0,0.0,0.0,0.0,0.0,0.0,0.0,0.0,0.0,0.0,0.0,0.0,0.0,0.0,0.0,0.0,0.0,0.0,0.0,0.0,0.0,0.0,0.0,0.0,0.0,0.0,0.0,nan,nan,4.160386473429952,2.843651433250337,nan,0.9453978048469165,0.023597654007307373,0.0,0.0,0.0,0.0,0.0,0.0,0.0,0.0,0.0,0.0,0.0,0.0,0.0,0.0,0.0,0.0,0.0,0.0,0.0,0.0,0.0,0.0,0.0,0.0,0.0,0.0,0.8746355685131197,8.371511870054146,14.956268221574348,5.7975843398583935,0.9444132551950062,0.02350012508012022,0.0,0.0,0.0,0.0,0.0,0.0,0.0,0.0,0.0,0.0,0.0,0.0,0.0,0.0,0.0,0.0,0.0,0.0,0.0,0.0,0.0,0.0,0.0,0.0,0.0,0.0,0.8168642951251649,8.959156785243744,15.05928853754941,5.164690382081687,0.4087,0.00883,0.0,0.0,0.0,0.0,0.0,0.0,0.0,0.0,0.0,0.0,0.0,4.935443565181168,24.977092877967518,0.08746355685131198,0.0,0.0,0.0,0.0,0.0,0.0,0.0,0.0,0.0,0.0,0.0,0.0,0.0,0.0,0.0,0.0,0.4084,0.00869,0.0,0.0,0.0,0.0,0.0,0.0,0.0,0.0,0.0,0.0,0.0,4.888010540184446,25.032938076416343,0.0790513833992095,0.0,0.0,0.0,0.0,0.0,0.0,0.0,0.0,0.0,0.0,0.0,0.0,0.0,0.0,0.0,0.0
12500,4333,2242,0.5174244172628664,1075,891,0.4537272097853681,1215,0.5608123701823217,0.426,2.9043519846963175,3.068551268138327,6.504363001745201,2.155895805315757,8303.208607682522,434.8025434240291,7853.0,8741.722678625583,8723.095404588925,5.664359900476813,7853.0,0.0,28.425109623817217,20.874560504807047,33.106221135560986,19.15028333159905,0.13062543272559426,0.10293099469189938,0.09093007154396492,0.08169859219939996,0.08239095315024232,0.0763904915762751,0.06946688206785137,0.06462035541195477,0.06254327255942765,0.05215785829679206,0.04754211862450958,0.04154165705054235,0.036002769443803366,0.021693976459727673,0.022386337410570042,0.010846988229863836,0.006231248557581353,0.9443800573862923,0.02373257037185849,0.0,0.0,0.0,0.0,0.0,0.0,0.0,0.0,0.0,0.0,0.0,0.0,0.0,0.0,0.0,0.0,0.0,0.0,0.0,0.0,0.0,0.0,0.0,0.0,0.0,0.013847219016847453,0.9416108931456268,8.592199399953845,15.169628432956385,5.282714054927303,4.140586365241964,2.8628145309688047,nan,nan,nan,4.0798586572438165,2.817157925748714,4.200706713780919,2.907404862437383,1.029620647843409,0.4084,0.00873,0.0,0.0,0.0,0.0,0.0,0.0,0.0,0.0,0.0,0.0,0.0,4.964228017539803,24.959612277867535,0.07615970459266098,0.0,0.0,0.0,0.0,0.0,0.0,0.0,0.0,0.0,0.0,0.0,0.0,0.0,0.0,0.0,0.0,nan,nan,4.140586365241964,2.8628145309688047,nan,0.4084,0.0404,0.0,0.0,0.0,0.0,0.0,0.0,0.0,0.0,0.0,0.0,0.0,0.0,0.0,0.0,0.0,0.0,0.0,0.0,0.0,0.0,0.0,0.0,0.0,0.0,0.0,0.0002654050311562428,0.0,0.00012693284098776829,0.002227094391876298,0.005008077544426494,0.0012000923147934457,0.0005885068082160166,0.0066928225248096005,0.012116316639741519,0.03303715670436187,0.034733441033925685,0.05124624971151627,0.08162935610431572,0.08042926378952227,0.06162012462497115,0.10171936302792522,0.07372490191553197,0.11830140780060004,0.08694899607662128,0.05739672282483268,0.07630971613201015,0.03576044311100854,0.02860604661897069,0.01336256635125779,0.026402030925455806,0.006808216016616663,0.0011193168705285021,0.00016155088852988692,0.0001384721901684745,0.0016847449803831065,0.0,0.0006346642049388415,0.0,0.0,0.0,0.0,0.0,0.0,0.0,0.0,0.0,0.0,0.0,0.0,0.0,0.0,0.0,0.0,0.0,0.0,0.0,0.0,0.0,0.0,0.0,0.0,0.0,0.0,0.0,0.0,0.0,0.0,0.0,0.0,0.0,0.0,0.0,0.0,0.0,0.0,0.0,0.0,0.0,0.0,0.0,0.0,nan,nan,4.140586365241964,2.8628145309688047,nan,0.944562503501414,0.02372224016753792,0.0,0.0,0.0,0.0,0.0,0.0,0.0,0.0,0.0,0.0,0.0,0.0,0.0,0.0,0.0,0.0,0.0,0.0,0.0,0.0,0.0,0.0,0.0,0.0,0.0,0.0,0.9500446030330064,8.483496877787692,15.133809099018736,5.432649420160572,0.944184436061518,0.02374208409151517,0.0,0.0,0.0,0.0,0.0,0.0,0.0,0.0,0.0,0.0,0.0,0.0,0.0,0.0,0.0,0.0,0.0,0.0,0.0,0.0,0.0,0.0,0.0,0.0,0.0,0.02869440459110474,0.9325681492109041,8.708751793400289,15.208034433285512,5.121951219512196,0.4084,0.0086,0.0,0.0,0.0,0.0,0.0,0.0,0.0,0.0,0.0,0.0,0.0,5.044603033006237,24.888492417484397,0.06690454950936665,0.0,0.0,0.0,0.0,0.0,0.0,0.0,0.0,0.0,0.0,0.0,0.0,0.0,0.0,0.0,0.0,0.4087,0.00887,0.0,0.0,0.0,0.0,0.0,0.0,0.0,0.0,0.0,0.0,0.0,4.878048780487798,25.035868005738887,0.08608321377331422,0.0,0.0,0.0,0.0,0.0,0.0,0.0,0.0,0.0,0.0,0.0,0.0,0.0,0.0,0.0,0.0
12600,4433,2333,0.5262801714414618,1082,900,0.44710128581096326,1235,0.5571847507331378,0.418,3.019047619047619,3.0818391305037087,6.575757575757576,2.115793946025597,8310.887101246542,434.4402808355872,7853.0,8742.785474145412,8723.044371978533,5.659992998090056,7853.0,0.0,27.97631400857207,20.768152409791586,33.00350026925148,18.931521827682936,0.14346943379201443,0.09474396571170765,0.09406722309948116,0.07895330475975637,0.08075795172569367,0.07782540040604556,0.07196029776674938,0.06857658470561696,0.05707196029776675,0.0509812767877284,0.04556733588991654,0.04489059327769005,0.03406271148206632,0.026844123618317166,0.012858109632303182,0.010376720054139409,0.006993006993006993,0.9443390903342747,0.023441350537203042,0.0,0.0,0.0,0.0,0.0,0.0,0.0,0.0,0.0,0.0,0.0,0.0,0.0,0.0,0.0,0.0,0.0,0.0,0.0,0.0,0.0,0.0,0.0,0.0,0.0,0.006767426122264834,0.9068351003834877,8.845025941800136,14.983081434694341,5.258290096999775,4.202584701362207,2.832776875211454,nan,nan,nan,4.151642208245982,2.8046200330110977,4.253491620111732,2.859730832488841,1.0245323192021356,0.4087,0.00906,0.0,0.0,0.0,0.0,0.0,0.0,0.0,0.0,0.0,0.0,0.0,5.170313557410324,24.714640198511173,0.11504624407850217,0.0,0.0,0.0,0.0,0.0,0.0,0.0,0.0,0.0,0.0,0.0,0.0,0.0,0.0,0.0,0.0,nan,nan,4.202584701362207,2.832776875211454,nan,0.4087,0.04047,0.0,0.0,0.0,0.0,0.0,0.0,0.0,0.0,0.0,0.0,0.0,0.0,0.0,0.0,0.0,0.0,0.0,0.0,0.0,0.0,0.0,0.0,0.0,0.0,0.0,0.000428603654410106,0.0,1.1279043537108053e-05,0.002120460184976314,0.00463568689375141,0.0009361606135799684,0.0007331378299120235,0.00631626438078051,0.01187683284457478,0.03312655086848635,0.036239566884728174,0.05393638619445071,0.07975411685089104,0.0780171441461764,0.05982404692082111,0.10233476201218136,0.07455447778028423,0.117640424092037,0.0855741033160388,0.058786374915407176,0.07753214527408075,0.03575456801263253,0.028411910669975185,0.013997293029551093,0.02617866004962779,0.006868937514098805,0.001500112790435371,0.00020302278366794496,0.0002594180013534852,0.0018384840965486127,0.0,0.0006090683510038349,0.0,0.0,0.0,0.0,0.0,0.0,0.0,0.0,0.0,0.0,0.0,0.0,0.0,0.0,0.0,0.0,0.0,0.0,0.0,0.0,0.0,0.0,0.0,0.0,0.0,0.0,0.0,0.0,0.0,0.0,0.0,0.0,0.0,0.0,0.0,0.0,0.0,0.0,0.0,0.0,0.0,0.0,0.0,0.0,nan,nan,4.202584701362207,2.832776875211454,nan,0.9439106413953252,0.023566431997584146,0.0,0.0,0.0,0.0,0.0,0.0,0.0,0.0,0.0,0.0,0.0,0.0,0.0,0.0,0.0,0.0,0.0,0.0,0.0,0.0,0.0,0.0,0.0,0.0,0.0,0.0,0.9772824689241322,8.975567938276898,14.942134590655812,5.105015002143164,0.944815076703117,0.02329236432825185,0.0,0.0,0.0,0.0,0.0,0.0,0.0,0.0,0.0,0.0,0.0,0.0,0.0,0.0,0.0,0.0,0.0,0.0,0.0,0.0,0.0,0.0,0.0,0.0,0.0,0.014285714285714289,0.8285714285714287,8.700000000000001,15.028571428571432,5.42857142857143,0.4087,0.00913,0.0,0.0,0.0,0.0,0.0,0.0,0.0,0.0,0.0,0.0,0.0,5.19502786112301,24.663523360480074,0.14144877839691386,0.0,0.0,0.0,0.0,0.0,0.0,0.0,0.0,0.0,0.0,0.0,0.0,0.0,0.0,0.0,0.0,0.4087,0.00898,0.0,0.0,0.0,0.0,0.0,0.0,0.0,0.0,0.0,0.0,0.0,5.142857142857135,24.77142857142858,0.08571428571428573,0.0,0.0,0.0,0.0,0.0,0.0,0.0,0.0,0.0,0.0,0.0,0.0,0.0,0.0,0.0,0.0
12700,4444,2262,0.509000900090009,1046,905,0.439018901890189,1246,0.5607560756075608,0.418,3.019248395967003,3.1425928484125008,6.718196457326892,2.029446820241202,8295.92366507635,435.03944454332833,7853.0,8747.463517153263,8723.182479044783,5.655197499569269,7853.0,0.0,27.660666066606662,20.71015463599691,32.35400585573596,19.085878039556437,0.13456345634563457,0.10373537353735374,0.10081008100810081,0.08955895589558956,0.07560756075607561,0.07200720072007201,0.06998199819981998,0.06615661566156615,0.06255625562556255,0.04995499549954995,0.04747974797479748,0.03577857785778578,0.031053105310531053,0.025652565256525654,0.01845184518451845,0.009675967596759675,0.006975697569756975,0.9453678259594176,0.02360702495778256,0.0,0.0,0.0,0.0,0.0,0.0,0.0,0.0,0.0,0.0,0.0,0.0,0.0,0.0,0.0,0.0,0.0,0.0,0.0,0.0,0.0,0.0,0.0,0.0,0.0,0.006750675067506752,0.9248424842484251,8.283078307830785,15.182268226822686,5.603060306030605,4.448740688187301,2.8782399132158454,nan,nan,nan,4.486962649753347,2.9090644477657612,4.41,2.846132714504267,0.9828474948955552,0.4082,0.00893,0.0,0.0,0.0,0.0,0.0,0.0,0.0,0.0,0.0,0.0,0.0,5.441044104410433,24.46444644464447,0.09450945094509454,0.0,0.0,0.0,0.0,0.0,0.0,0.0,0.0,0.0,0.0,0.0,0.0,0.0,0.0,0.0,0.0,nan,nan,4.448740688187301,2.8782399132158454,nan,0.4082,0.04077,0.0,0.0,0.0,0.0,0.0,0.0,0.0,0.0,0.0,0.0,0.0,0.0,0.0,0.0,0.0,0.0,0.0,0.0,0.0,0.0,0.0,0.0,0.0,0.0,0.0,0.0005625562556255626,0.0,1.125112511251125e-05,0.002373987398739874,0.005040504050405041,0.0007763276327632763,0.0006300630063006301,0.006795679567956796,0.01331008100810081,0.03126687668766877,0.03551980198019802,0.0581008100810081,0.08127812781278128,0.08207695769576957,0.05787578757875787,0.10093384338433843,0.07358235823582358,0.11497524752475248,0.08478847884788479,0.06141989198919892,0.0776102610261026,0.03332583258325832,0.02545004500450045,0.014018901890189018,0.02518001800180018,0.00808955895589559,0.0018114311431143115,0.00047254725472547257,0.00023627362736273628,0.0017776777677767778,0.0,0.0007088208820882088,0.0,0.0,0.0,0.0,0.0,0.0,0.0,0.0,0.0,0.0,0.0,0.0,0.0,0.0,0.0,0.0,0.0,0.0,0.0,0.0,0.0,0.0,0.0,0.0,0.0,0.0,0.0,0.0,0.0,0.0,0.0,0.0,0.0,0.0,0.0,0.0,0.0,0.0,0.0,0.0,0.0,0.0,0.0,0.0,nan,nan,4.448740688187301,2.8782399132158454,nan,0.945115879481077,0.023594318575634134,0.0,0.0,0.0,0.0,0.0,0.0,0.0,0.0,0.0,0.0,0.0,0.0,0.0,0.0,0.0,0.0,0.0,0.0,0.0,0.0,0.0,0.0,0.0,0.0,0.0,0.0,0.9814323607427058,8.448275862068968,15.14588859416446,5.424403183023873,0.9456290097055252,0.02361735280884609,0.0,0.0,0.0,0.0,0.0,0.0,0.0,0.0,0.0,0.0,0.0,0.0,0.0,0.0,0.0,0.0,0.0,0.0,0.0,0.0,0.0,0.0,0.0,0.0,0.0,0.013748854262144825,0.866177818515124,8.111824014665446,15.21998166819432,5.788267644362971,0.4082,0.00887,0.0,0.0,0.0,0.0,0.0,0.0,0.0,0.0,0.0,0.0,0.0,5.4907161803713445,24.45623342175067,0.053050397877984094,0.0,0.0,0.0,0.0,0.0,0.0,0.0,0.0,0.0,0.0,0.0,0.0,0.0,0.0,0.0,0.0,0.4082,0.00898,0.0,0.0,0.0,0.0,0.0,0.0,0.0,0.0,0.0,0.0,0.0,5.389550870760762,24.472960586617788,0.13748854262144825,0.0,0.0,0.0,0.0,0.0,0.0,0.0,0.0,0.0,0.0,0.0,0.0,0.0,0.0,0.0,0.0
12800,4342,2249,0.5179640718562875,1040,898,0.44633809304467986,1241,0.5716259788116076,0.422,2.961777353081701,3.064596957094776,6.4623115577889445,2.1220711454809504,8303.918065160206,435.01793519298207,7853.0,8741.450655782222,8723.558576667681,5.748529280290492,7853.0,0.0,27.891754951635193,20.90666634270057,32.97214561500276,19.137224627380203,0.1411791801013358,0.10294795025333947,0.09051128512206356,0.08498387839705204,0.07899585444495624,0.07623215108245049,0.07093505297098111,0.06287425149700598,0.06080147397512667,0.05020727775218793,0.04467987102717642,0.04030400736987563,0.03523721787194841,0.0228005527406725,0.019345923537540305,0.01174573929064947,0.006218332565637955,0.9466417091939373,0.023472445297848994,0.0,0.0,0.0,0.0,0.0,0.0,0.0,0.0,0.0,0.0,0.0,0.0,0.0,0.0,0.0,0.0,0.0,0.0,0.0,0.0,0.0,0.0,0.0,0.0,0.0,0.013818516812528792,0.6978350990327039,7.683095347766008,15.684016582220178,5.921234454168587,4.229122055674519,2.8929819607732385,nan,nan,nan,4.277777777777778,2.891640701214326,4.180257510729613,2.893505023563107,0.9772030544562733,0.4082,0.00909,0.0,0.0,0.0,0.0,0.0,0.0,0.0,0.0,0.0,0.0,0.0,5.4652233993551285,24.47259327498849,0.06218332565637956,0.0,0.0,0.0,0.0,0.0,0.0,0.0,0.0,0.0,0.0,0.0,0.0,0.0,0.0,0.0,0.0,nan,nan,4.229122055674519,2.8929819607732385,nan,0.4082,0.0408,0.0,0.0,0.0,0.0,0.0,0.0,0.0,0.0,0.0,0.0,0.0,0.0,0.0,0.0,0.0,0.0,0.0,0.0,0.0,0.0,0.0,0.0,0.0,0.0,0.0,0.0005297098111469369,0.0,0.0,0.0018654997696913864,0.004871027176416398,0.0005757715338553662,0.0003800092123445417,0.006494702901888531,0.013956701980654077,0.02990557346844772,0.03577844311377246,0.05996084753569784,0.08303777061262091,0.08613542146476279,0.056943804698295714,0.0966950713956702,0.07398664210041456,0.1128972823583602,0.08309534776600645,0.06300092123445417,0.077683095347766,0.03289958544449562,0.026543067710732383,0.012171810225702441,0.02561031782588669,0.00976508521418701,0.001669737448180562,0.0005988023952095808,0.0003339474896361124,0.001819438046982957,0.0,0.0007945647167204053,0.0,0.0,0.0,0.0,0.0,0.0,0.0,0.0,0.0,0.0,0.0,0.0,0.0,0.0,0.0,0.0,0.0,0.0,0.0,0.0,0.0,0.0,0.0,0.0,0.0,0.0,0.0,0.0,0.0,0.0,0.0,0.0,0.0,0.0,0.0,0.0,0.0,0.0,0.0,0.0,0.0,0.0,0.0,0.0,nan,nan,4.229122055674519,2.8929819607732385,nan,0.9464873572146432,0.02399115695448983,0.0,0.0,0.0,0.0,0.0,0.0,0.0,0.0,0.0,0.0,0.0,0.0,0.0,0.0,0.0,0.0,0.0,0.0,0.0,0.0,0.0,0.0,0.0,0.0,0.0,0.013339261894175192,0.8003557136505115,7.883503779457539,15.206758559359718,6.096042685638063,0.9468075656685827,0.022900821611630807,0.0,0.0,0.0,0.0,0.0,0.0,0.0,0.0,0.0,0.0,0.0,0.0,0.0,0.0,0.0,0.0,0.0,0.0,0.0,0.0,0.0,0.0,0.0,0.0,0.0,0.014333492594362163,0.5876731963688486,7.467749641662687,16.196846631629242,5.733397037744865,0.4084,0.00902,0.0,0.0,0.0,0.0,0.0,0.0,0.0,0.0,0.0,0.0,0.0,5.042240995998214,24.904401956425083,0.05335704757670077,0.0,0.0,0.0,0.0,0.0,0.0,0.0,0.0,0.0,0.0,0.0,0.0,0.0,0.0,0.0,0.0,0.408,0.00915,0.0,0.0,0.0,0.0,0.0,0.0,0.0,0.0,0.0,0.0,0.0,5.919732441471563,24.008600095556623,0.07166746297181081,0.0,0.0,0.0,0.0,0.0,0.0,0.0,0.0,0.0,0.0,0.0,0.0,0.0,0.0,0.0,0.0
12900,4549,2307,0.5071444273466696,1096,950,0.4497691800395691,1315,0.5781490437458782,0.40199999999999997,2.9884032114183765,3.0825469446782,6.570762052877138,2.0918007476701703,8294.564994275672,435.31814393317165,7853.0,8741.777468705177,8723.688842202007,5.584650672356562,7853.0,0.0,27.63618377665421,20.592652810656794,32.331685744016646,18.94680172750671,0.13431523411738844,0.10573752473071005,0.09694438338096285,0.08749175642998461,0.07957792921521213,0.07474170147285118,0.07430204440536381,0.05935370411079358,0.05979336117828094,0.05649593317212574,0.045724335018685426,0.03253462299406463,0.03825016487140031,0.022202681908111675,0.016706968564519673,0.008353484282259837,0.007474170147285118,0.9475279917400417,0.023433350426139404,0.0,0.0,0.0,0.0,0.0,0.0,0.0,0.0,0.0,0.0,0.0,0.0,0.0,0.0,0.0,0.0,0.0,0.0,0.0,0.0,0.0,0.0,0.0,0.0,0.0,0.0,0.725434161354144,7.254341613541439,15.642998461200268,6.377225763904156,4.383744855967078,2.955870533792393,nan,nan,nan,4.31704005431093,2.9206456956390165,4.451836451836452,2.989865375605228,1.0312242638080034,0.4084,0.008896,0.0,0.0,0.0,0.0,0.0,0.0,0.0,0.0,0.0,0.0,0.0,5.0780391294789995,24.842822598373274,0.07913827214772479,0.0,0.0,0.0,0.0,0.0,0.0,0.0,0.0,0.0,0.0,0.0,0.0,0.0,0.0,0.0,0.0,nan,nan,4.383744855967078,2.955870533792393,nan,0.4084,0.04092,0.0,0.0,0.0,0.0,0.0,0.0,0.0,0.0,0.0,0.0,0.0,0.0,0.0,0.0,0.0,0.0,0.0,0.0,0.0,0.0,0.0,0.0,0.0,0.0,0.0,0.0007254341613541438,1.0991426687183997e-05,0.0,0.0019454825236315675,0.004341613541437679,0.0005825456144207519,0.00042866564080017584,0.006495933172125742,0.012991866344251484,0.03072103759067927,0.03349087711584964,0.061464058034732906,0.08533743679929655,0.08556825675972742,0.05843042426907012,0.09537260936469553,0.07124642778632667,0.11253022642338975,0.08443613981094746,0.06177181798197406,0.0779511980655089,0.03164431743240272,0.0274016267311497,0.012354363596394812,0.02689602110353924,0.010035172565398988,0.0022202681908111673,0.0007364255880413277,0.0006155198944823038,0.0014948340294570234,2.1982853374367994e-05,0.0007364255880413277,0.0,0.0,0.0,0.0,0.0,0.0,0.0,0.0,0.0,0.0,0.0,0.0,0.0,0.0,0.0,0.0,0.0,0.0,0.0,0.0,0.0,0.0,0.0,0.0,0.0,0.0,0.0,0.0,0.0,0.0,0.0,0.0,0.0,0.0,0.0,0.0,0.0,0.0,0.0,0.0,0.0,0.0,0.0,0.0,nan,nan,4.383744855967078,2.955870533792393,nan,0.9469167706146868,0.023525189151425697,0.0,0.0,0.0,0.0,0.0,0.0,0.0,0.0,0.0,0.0,0.0,0.0,0.0,0.0,0.0,0.0,0.0,0.0,0.0,0.0,0.0,0.0,0.0,0.0,0.0,0.0,0.8062418725617687,7.51625487646294,15.513654096228871,6.163849154746425,0.9481569333708149,0.02332175547971925,0.0,0.0,0.0,0.0,0.0,0.0,0.0,0.0,0.0,0.0,0.0,0.0,0.0,0.0,0.0,0.0,0.0,0.0,0.0,0.0,0.0,0.0,0.0,0.0,0.0,0.0,0.6422836752899198,6.984834968777879,15.776092774308657,6.596788581623552,0.4087,0.00888,0.0,0.0,0.0,0.0,0.0,0.0,0.0,0.0,0.0,0.0,0.0,4.928478543563062,25.006501950585182,0.06501950585175553,0.0,0.0,0.0,0.0,0.0,0.0,0.0,0.0,0.0,0.0,0.0,0.0,0.0,0.0,0.0,0.0,0.4082,0.0089,0.0,0.0,0.0,0.0,0.0,0.0,0.0,0.0,0.0,0.0,0.0,5.231935771632464,24.674397859054423,0.09366636931311331,0.0,0.0,0.0,0.0,0.0,0.0,0.0,0.0,0.0,0.0,0.0,0.0,0.0,0.0,0.0,0.0
13000,4354,2217,0.5091869545245751,1008,908,0.44005512172714745,1247,0.5728066146072577,0.418,2.9831539541413195,3.161492804602908,6.7227891156462585,2.269966070744343,8296.4424884324,435.3869855223638,7853.0,8742.240029001236,8723.883443678244,5.665930365206186,7853.0,0.0,27.62746899402848,20.88924440060005,32.86390041493776,19.06264723955851,0.14974735875057418,0.09485530546623794,0.09462563160312357,0.09370693615066605,0.07510335323840148,0.07028020211299954,0.06913183279742766,0.06086357372531006,0.0594855305466238,0.05213596692696371,0.04731281580156178,0.04157096922370234,0.03215434083601286,0.025264124942581533,0.018373909049150206,0.008727606798346348,0.00666054203031695,0.9482347322512396,0.02373758468050487,0.0,0.0,0.0,0.0,0.0,0.0,0.0,0.0,0.0,0.0,0.0,0.0,0.0,0.0,0.0,0.0,0.0,0.0,0.0,0.0,0.0,0.0,0.0,0.0,0.0,0.013780431786862658,0.6752411575562702,7.179604960955445,15.344510794671569,6.786862655029859,4.383001808318264,3.0005063517822017,nan,nan,nan,4.426205903527718,3.032543205004197,4.339389534883721,2.9671781441228378,0.9803858269280235,0.4084,0.008835,0.0,0.0,0.0,0.0,0.0,0.0,0.0,0.0,0.0,0.0,0.0,5.133210840606331,24.78410656867249,0.08268259072117594,0.0,0.0,0.0,0.0,0.0,0.0,0.0,0.0,0.0,0.0,0.0,0.0,0.0,0.0,0.0,0.0,nan,nan,4.383001808318264,3.0005063517822017,nan,0.4084,0.0409,0.0,0.0,0.0,0.0,0.0,0.0,0.0,0.0,0.0,0.0,0.0,0.0,0.0,0.0,0.0,0.0,0.0,0.0,0.0,0.0,0.0,0.0,0.0,0.0,0.0,0.0007464400551217272,0.00018373909049150208,1.148369315571888e-05,0.001607717041800643,0.004455672944418925,0.0005282498851630684,0.0007694074414331649,0.006270096463022508,0.014262746899402847,0.028192466697289847,0.035484611851171334,0.06024345429490124,0.08503674781809831,0.08646072576940744,0.05689021589343133,0.09472898484152503,0.07353008727606798,0.11239090491502067,0.08714974735875057,0.060013780431786866,0.07769866789159394,0.030695911805236564,0.02683739090491502,0.013194763435920992,0.026871841984382177,0.00932475884244373,0.002641249425815342,0.0007349563619660083,0.0006545705098759761,0.0016651355075792374,0.0,0.0007234726688102893,0.0,0.0,0.0,0.0,0.0,0.0,0.0,0.0,0.0,0.0,0.0,0.0,0.0,0.0,0.0,0.0,0.0,0.0,0.0,0.0,0.0,0.0,0.0,0.0,0.0,0.0,0.0,0.0,0.0,0.0,0.0,0.0,0.0,0.0,0.0,0.0,0.0,0.0,0.0,0.0,0.0,0.0,0.0,0.0,nan,nan,4.383001808318264,3.0005063517822017,nan,0.9481245230649794,0.02381352038201929,0.0,0.0,0.0,0.0,0.0,0.0,0.0,0.0,0.0,0.0,0.0,0.0,0.0,0.0,0.0,0.0,0.0,0.0,0.0,0.0,0.0,0.0,0.0,0.0,0.0,0.013531799729364009,0.6495263870094724,7.3207036535859284,15.047361299052778,6.968876860622465,0.9483490671908459,0.023658006108706005,0.0,0.0,0.0,0.0,0.0,0.0,0.0,0.0,0.0,0.0,0.0,0.0,0.0,0.0,0.0,0.0,0.0,0.0,0.0,0.0,0.0,0.0,0.0,0.0,0.0,0.01403837154890033,0.7019185774450165,7.033224145999066,15.65278427702387,6.598034627983155,0.4084,0.00897,0.0,0.0,0.0,0.0,0.0,0.0,0.0,0.0,0.0,0.0,0.0,5.223274695534498,24.66847090663059,0.10825439783491207,0.0,0.0,0.0,0.0,0.0,0.0,0.0,0.0,0.0,0.0,0.0,0.0,0.0,0.0,0.0,0.0,0.4087,0.008675,0.0,0.0,0.0,0.0,0.0,0.0,0.0,0.0,0.0,0.0,0.0,5.03977538605521,24.904071127749187,0.05615348619560132,0.0,0.0,0.0,0.0,0.0,0.0,0.0,0.0,0.0,0.0,0.0,0.0,0.0,0.0,0.0,0.0
13100,4304,2211,0.5137081784386617,1050,875,0.4472583643122677,1223,0.5683085501858736,0.422,3.0243669374104156,3.1234939829209787,6.569078947368421,2.1364238920211718,8300.068510579888,434.9932729356299,7853.0,8741.690623128414,8723.277191106208,5.55868039285776,7853.0,0.0,28.010455390334574,20.73719500935015,32.95132743362832,18.93483697672798,0.13801115241635686,0.09711895910780668,0.09061338289962825,0.09038104089219332,0.0782992565055762,0.07946096654275094,0.0703996282527881,0.06296468401486989,0.05855018587360595,0.0525092936802974,0.047397769516728624,0.041356877323420076,0.030901486988847583,0.02695167286245353,0.018355018587360595,0.012081784386617101,0.004646840148698885,0.9458501284948955,0.023272319585763677,0.0,0.0,0.0,0.0,0.0,0.0,0.0,0.0,0.0,0.0,0.0,0.0,0.0,0.0,0.0,0.0,0.0,0.0,0.0,0.0,0.0,0.0,0.0,0.0,0.0,0.013940520446096658,0.7667286245353162,8.00185873605948,15.571561338289966,5.645910780669146,4.256907068532472,2.892776754540131,nan,nan,nan,4.283072546230441,2.907210969893833,4.2302679217958,2.8777624767275727,0.9876713214953329,0.4084,0.00927,0.0,0.0,0.0,0.0,0.0,0.0,0.0,0.0,0.0,0.0,0.0,5.3322490706319625,24.6050185873606,0.06273234200743495,0.0,0.0,0.0,0.0,0.0,0.0,0.0,0.0,0.0,0.0,0.0,0.0,0.0,0.0,0.0,0.0,nan,nan,4.256907068532472,2.892776754540131,nan,0.4084,0.04138,0.0,0.0,0.0,0.0,0.0,0.0,0.0,0.0,0.0,0.0,0.0,0.0,0.0,0.0,0.0,0.0,0.0,0.0,0.0,0.0,0.0,0.0,0.0,0.0,0.0,0.0005111524163568773,0.0002904275092936803,0.0,0.0012662639405204461,0.005947955390334572,0.0006505576208178438,0.0013359665427509293,0.006191914498141264,0.015090613382899628,0.028113382899628253,0.03654739776951673,0.062105018587360596,0.07967007434944239,0.08655901486988847,0.05796933085501859,0.09186802973977695,0.07838057620817844,0.10988615241635688,0.08382899628252788,0.060966542750929366,0.07820631970260224,0.031226765799256505,0.025755111524163567,0.012639405204460967,0.027857806691449813,0.009572490706319702,0.003403810408921933,0.0006389405204460967,0.0007318773234200744,0.00170771375464684,1.1617100371747212e-05,0.0010687732342007435,0.0,0.0,0.0,0.0,0.0,0.0,0.0,0.0,0.0,0.0,0.0,0.0,0.0,0.0,0.0,0.0,0.0,0.0,0.0,0.0,0.0,0.0,0.0,0.0,0.0,0.0,0.0,0.0,0.0,0.0,0.0,0.0,0.0,0.0,0.0,0.0,0.0,0.0,0.0,0.0,0.0,0.0,0.0,0.0,nan,nan,4.256907068532472,2.892776754540131,nan,0.9451893839777891,0.022955864696224675,0.0,0.0,0.0,0.0,0.0,0.0,0.0,0.0,0.0,0.0,0.0,0.0,0.0,0.0,0.0,0.0,0.0,0.0,0.0,0.0,0.0,0.0,0.0,0.0,0.0,0.0135685210312076,0.8005427408412485,8.236092265943014,15.685210312075988,5.264586160108549,0.9465481247334633,0.02358190758185646,0.0,0.0,0.0,0.0,0.0,0.0,0.0,0.0,0.0,0.0,0.0,0.0,0.0,0.0,0.0,0.0,0.0,0.0,0.0,0.0,0.0,0.0,0.0,0.0,0.0,0.014333492594362163,0.7310081223124703,7.75441949354993,15.451505016722411,6.048733874820833,0.4087,0.00923,0.0,0.0,0.0,0.0,0.0,0.0,0.0,0.0,0.0,0.0,0.0,5.223880597014918,24.708276797829043,0.067842605156038,0.0,0.0,0.0,0.0,0.0,0.0,0.0,0.0,0.0,0.0,0.0,0.0,0.0,0.0,0.0,0.0,0.4084,0.0093,0.0,0.0,0.0,0.0,0.0,0.0,0.0,0.0,0.0,0.0,0.0,5.446727185857613,24.495938843764936,0.057333970377448654,0.0,0.0,0.0,0.0,0.0,0.0,0.0,0.0,0.0,0.0,0.0,0.0,0.0,0.0,0.0,0.0
13200,4343,2229,0.5132396960626295,1030,890,0.44209072069997696,1227,0.5650472023946581,0.434,3.0345316934720907,3.2341951914814846,6.845500848896434,2.2169820633046537,8299.652485591207,434.99670670274276,7853.0,8740.41437073946,8723.260989198123,5.643080543514779,7853.0,0.0,27.626755698825697,20.856416095045645,32.780143805309734,19.057291754230683,0.14690306239926318,0.0980888786553074,0.09417453373244301,0.08588533271931845,0.07989868754317292,0.06953718627676721,0.07575408703661064,0.06147824084734055,0.057563895924476166,0.05226801749942436,0.0492746949113516,0.039373704812341696,0.032235781717706656,0.021874280451300944,0.01819019111213447,0.01036150126640571,0.007137923094635045,0.9454791234326259,0.02353598881809595,0.0,0.0,0.0,0.0,0.0,0.0,0.0,0.0,0.0,0.0,0.0,0.0,0.0,0.0,0.0,0.0,0.0,0.0,0.0,0.0,0.0,0.0,0.0,0.0,0.0,0.020723002532811424,0.8427354363343313,8.137232327883952,15.404098549389825,5.595210683859085,4.38954954954955,2.9848806357553066,nan,nan,nan,4.506810035842294,3.0258960347929973,4.271211022480058,2.939141848581981,0.9477237754667854,0.408,0.009254,0.0,0.0,0.0,0.0,0.0,0.0,0.0,0.0,0.0,0.0,0.0,5.65737969145751,24.273543633433118,0.06907667510937142,0.0,0.0,0.0,0.0,0.0,0.0,0.0,0.0,0.0,0.0,0.0,0.0,0.0,0.0,0.0,0.0,nan,nan,4.38954954954955,2.9848806357553066,nan,0.408,0.04114,0.0,0.0,0.0,0.0,0.0,0.0,0.0,0.0,0.0,0.0,0.0,0.0,0.0,0.0,0.0,0.0,0.0,0.0,0.0,0.0,0.0,0.0,0.0,0.0,0.0,0.0007713562053879807,0.0004144600506562284,3.45383375546857e-05,0.0017959935528436566,0.006458669122726226,0.0004374856090260189,0.001577250748330647,0.005261340087497122,0.013918950034538337,0.027711259498042828,0.03583928160257886,0.06239926318213217,0.08007137923094636,0.08808427354363343,0.057644485378770434,0.09214828459590145,0.08414690306239926,0.1106493207460281,0.08368639189500346,0.062479852636426435,0.07556988256965232,0.027204697213907437,0.024833064701819018,0.01405710338475708,0.026778724384066314,0.00908358277688234,0.0030854248215519227,0.00042597282984112365,0.0005526134008749712,0.0014621229564816946,0.0,0.0014160718397421138,0.0,0.0,0.0,0.0,0.0,0.0,0.0,0.0,0.0,0.0,0.0,0.0,0.0,0.0,0.0,0.0,0.0,0.0,0.0,0.0,0.0,0.0,0.0,0.0,0.0,0.0,0.0,0.0,0.0,0.0,0.0,0.0,0.0,0.0,0.0,0.0,0.0,0.0,0.0,0.0,0.0,0.0,0.0,0.0,nan,nan,4.38954954954955,2.9848806357553066,nan,0.9455242763992487,0.023517031211249657,0.0,0.0,0.0,0.0,0.0,0.0,0.0,0.0,0.0,0.0,0.0,0.0,0.0,0.0,0.0,0.0,0.0,0.0,0.0,0.0,0.0,0.0,0.0,0.0,0.0,0.013458950201884257,0.8748317631224767,7.913862718707942,15.531628532974432,5.666218034993272,0.945431514178793,0.02355586743835535,0.0,0.0,0.0,0.0,0.0,0.0,0.0,0.0,0.0,0.0,0.0,0.0,0.0,0.0,0.0,0.0,0.0,0.0,0.0,0.0,0.0,0.0,0.0,0.0,0.0,0.028382213812677394,0.8088930936613058,8.372753074739832,15.269631031220438,5.520340586565753,0.4082,0.00949,0.0,0.0,0.0,0.0,0.0,0.0,0.0,0.0,0.0,0.0,0.0,5.6258411843876095,24.266487213997316,0.10767160161507405,0.0,0.0,0.0,0.0,0.0,0.0,0.0,0.0,0.0,0.0,0.0,0.0,0.0,0.0,0.0,0.0,0.408,0.008995,0.0,0.0,0.0,0.0,0.0,0.0,0.0,0.0,0.0,0.0,0.0,5.6906338694418075,24.280983916745512,0.028382213812677394,0.0,0.0,0.0,0.0,0.0,0.0,0.0,0.0,0.0,0.0,0.0,0.0,0.0,0.0,0.0,0.0
13300,4593,2374,0.516873503156978,1097,908,0.43653385586762466,1271,0.5534509035488787,0.422,2.9445696259576386,3.1257397187772358,6.673170731707317,2.084127907171801,8302.83176153393,434.9177236733243,7853.0,8743.994737410545,8723.293715554057,5.613074644296115,7853.0,0.0,27.827563683866753,21.015921050691258,32.857142857142854,19.295789621548693,0.14151970389723492,0.10624863923361637,0.08991944263008926,0.08730677117352494,0.08229915088177661,0.07250163291966036,0.0694535162203353,0.06161550185064228,0.054866100587851074,0.049858480296102764,0.045504027868495535,0.039407794469845416,0.032658393207054215,0.032440670585673854,0.017417809710428913,0.011757021554539516,0.005225342913128674,0.9450940887782144,0.023398801407261843,0.0,0.0,0.0,0.0,0.0,0.0,0.0,0.0,0.0,0.0,0.0,0.0,0.0,0.0,0.0,0.0,0.0,0.0,0.0,0.0,0.0,0.0,0.0,0.0,0.0,0.013063357282821689,0.6792945787067278,8.785107772697584,15.120836054866103,5.4016982364467685,4.295182781004441,2.903702270030435,nan,nan,nan,4.171525423728814,2.894952248404121,4.422467263955893,2.9074902161709146,1.0601558937648208,0.4084,0.00948,0.0,0.0,0.0,0.0,0.0,0.0,0.0,0.0,0.0,0.0,0.0,5.832789026779873,23.984323971260622,0.18288700195950364,0.0,0.0,0.0,0.0,0.0,0.0,0.0,0.0,0.0,0.0,0.0,0.0,0.0,0.0,0.0,0.0,nan,nan,4.295182781004441,2.903702270030435,nan,0.4084,0.04132,0.0,0.0,0.0,0.0,0.0,0.0,0.0,0.0,0.0,0.0,0.0,0.0,0.0,0.0,0.0,0.0,0.0,0.0,0.0,0.0,0.0,0.0,0.0,3.2658393207054215e-05,0.0,0.0005987372087959939,0.00062050947093403,2.1772262138036142e-05,0.0014587415632484216,0.006564337034617897,0.00020683649031134335,0.0016329196603527107,0.0060744611365120835,0.014195514913999565,0.02991508817766166,0.03272370999346832,0.06200740256912693,0.07679076856085347,0.0874156324842151,0.05888308295231875,0.09259743087306771,0.08422599608099282,0.1098846070106684,0.08398650119747442,0.06528412802090137,0.07462442847811887,0.027618114522098846,0.022980622686697146,0.014641846287829306,0.02766165904637492,0.009383844981493578,0.003342042238188548,0.0005334204223818855,0.0007402569126932288,0.0020574787720444155,0.0,0.0012954495972131504,0.0,0.0,0.0,0.0,0.0,0.0,0.0,0.0,0.0,0.0,0.0,0.0,0.0,0.0,0.0,0.0,0.0,0.0,0.0,0.0,0.0,0.0,0.0,0.0,0.0,0.0,0.0,0.0,0.0,0.0,0.0,0.0,0.0,0.0,0.0,0.0,0.0,0.0,0.0,0.0,0.0,0.0,0.0,0.0,nan,nan,4.295182781004441,2.903702270030435,nan,0.9454012120483096,0.02312439507711423,0.0,0.0,0.0,0.0,0.0,0.0,0.0,0.0,0.0,0.0,0.0,0.0,0.0,0.0,0.0,0.0,0.0,0.0,0.0,0.0,0.0,0.0,0.0,0.0,0.0,0.0,0.6697556866048865,8.567818028643641,15.429654591406912,5.332771693344568,0.9447655125532456,0.02368444702332591,0.0,0.0,0.0,0.0,0.0,0.0,0.0,0.0,0.0,0.0,0.0,0.0,0.0,0.0,0.0,0.0,0.0,0.0,0.0,0.0,0.0,0.0,0.0,0.0,0.0,0.02703920684993241,0.6894997746732764,9.017575484452458,14.790446146913027,5.4754393871113125,0.4084,0.00944,0.0,0.0,0.0,0.0,0.0,0.0,0.0,0.0,0.0,0.0,0.0,5.964616680707658,23.871103622577934,0.16427969671440612,0.0,0.0,0.0,0.0,0.0,0.0,0.0,0.0,0.0,0.0,0.0,0.0,0.0,0.0,0.0,0.0,0.4084,0.00952,0.0,0.0,0.0,0.0,0.0,0.0,0.0,0.0,0.0,0.0,0.0,5.691753041910762,24.105452906714742,0.20279405137449308,0.0,0.0,0.0,0.0,0.0,0.0,0.0,0.0,0.0,0.0,0.0,0.0,0.0,0.0,0.0,0.0
13400,4613,2439,0.5287231736397139,1151,930,0.45111641014524173,1247,0.5406460004335574,0.43,3.0055197792088317,3.1345137619346666,6.689368770764119,2.213261134778065,8313.14614075259,434.4493154540203,7853.0,8742.707711839676,8723.296903358629,5.656522736981761,7853.0,0.0,28.089963147626275,20.97959568060561,33.122121604139714,19.19749848006424,0.14047257749837416,0.10015174506828528,0.09191415564708433,0.08064166486017776,0.08172555820507262,0.0771732061565142,0.06806850205939735,0.06741816605246044,0.05787990461738565,0.0559288965965749,0.04422284847171038,0.037285931064383264,0.03511814437459354,0.023195317580750056,0.018859744201170606,0.011706048124864513,0.008237589421200954,0.9456232544038757,0.023373831214939227,0.0,0.0,0.0,0.0,0.0,0.0,0.0,0.0,0.0,0.0,0.0,0.0,0.0,0.0,0.0,0.0,0.0,0.0,0.0,0.0,0.0,0.0,0.0,0.0,0.0,0.006503360069369176,0.7153696076306093,8.44136137004119,15.217862562323871,5.618903099934968,4.190796103459859,2.930480350854327,nan,nan,nan,4.219104876419506,2.927096089424303,4.159567275185936,2.9329148069935296,0.9858885704485982,0.4077,0.009254,0.0,0.0,0.0,0.0,0.0,0.0,0.0,0.0,0.0,0.0,0.0,6.106655105137646,23.82831129416866,0.06503360069369175,0.0,0.0,0.0,0.0,0.0,0.0,0.0,0.0,0.0,0.0,0.0,0.0,0.0,0.0,0.0,0.0,nan,nan,4.190796103459859,2.930480350854327,nan,0.4077,0.04126,0.0,0.0,0.0,0.0,0.0,0.0,0.0,0.0,0.0,0.0,0.0,0.0,0.0,0.0,0.0,0.0,0.0,0.0,0.0,0.0,0.0,0.0,0.0,0.0,0.0,0.00037936267071320183,0.0006828528072837632,0.0,0.0017342293518317797,0.005657923260351181,0.00019510080208107522,0.0013115109473227835,0.007457186212876653,0.013960546282245826,0.03213743767613267,0.03465207023628875,0.06489269455885541,0.07888575764144808,0.08539995664426621,0.056416648601777586,0.0944504660741383,0.08016475178842401,0.11035118144374594,0.08394753956210708,0.06508779536093648,0.07562323867331455,0.028148710166919576,0.02218729676999783,0.01353782787773683,0.026609581617168872,0.008703663559505744,0.0030674181660524606,0.0005636245393453285,0.0006286581400390201,0.0016800346845870365,0.0,0.0014849338825059614,0.0,0.0,0.0,0.0,0.0,0.0,0.0,0.0,0.0,0.0,0.0,0.0,0.0,0.0,0.0,0.0,0.0,0.0,0.0,0.0,0.0,0.0,0.0,0.0,0.0,0.0,0.0,0.0,0.0,0.0,0.0,0.0,0.0,0.0,0.0,0.0,0.0,0.0,0.0,0.0,0.0,0.0,0.0,0.0,nan,nan,4.190796103459859,2.930480350854327,nan,0.9459759540956691,0.023523728460499542,0.0,0.0,0.0,0.0,0.0,0.0,0.0,0.0,0.0,0.0,0.0,0.0,0.0,0.0,0.0,0.0,0.0,0.0,0.0,0.0,0.0,0.0,0.0,0.0,0.0,0.0,0.738007380073801,8.216482164821649,15.239852398523988,5.805658056580567,0.9452275623393476,0.023198127894114493,0.0,0.0,0.0,0.0,0.0,0.0,0.0,0.0,0.0,0.0,0.0,0.0,0.0,0.0,0.0,0.0,0.0,0.0,0.0,0.0,0.0,0.0,0.0,0.0,0.0,0.01379944802207912,0.689972401103956,8.693652253909844,15.19319227230911,5.409383624655015,0.408,0.00936,0.0,0.0,0.0,0.0,0.0,0.0,0.0,0.0,0.0,0.0,0.0,6.1500615006149975,23.78843788437885,0.061500615006150075,0.0,0.0,0.0,0.0,0.0,0.0,0.0,0.0,0.0,0.0,0.0,0.0,0.0,0.0,0.0,0.0,0.4077,0.00913,0.0,0.0,0.0,0.0,0.0,0.0,0.0,0.0,0.0,0.0,0.0,6.057957681692724,23.873045078196878,0.0689972401103956,0.0,0.0,0.0,0.0,0.0,0.0,0.0,0.0,0.0,0.0,0.0,0.0,0.0,0.0,0.0,0.0
13500,4847,2443,0.5040231070765422,1159,983,0.44192283886940376,1362,0.5619971116154322,0.41,2.9600665557404326,3.116309305799719,6.604197901049475,2.1184943614831204,8291.386833198152,434.8919508422468,7853.0,8739.675061130523,8722.775268322323,5.634048543369424,7853.0,0.0,27.553950897462347,20.736509216632935,32.696083292017846,18.931414701414408,0.14648236022281824,0.10377553125644728,0.09758613575407468,0.07901794924695688,0.07262224056117186,0.0740664328450588,0.07076542191046008,0.06663915824221167,0.06127501547348876,0.05116566948628017,0.04848359810191871,0.04002475758200949,0.03156591706210027,0.024344955642665568,0.017536620590055705,0.008458840519909222,0.006189395502372601,0.9442299403602226,0.02355834020763573,0.0,0.0,0.0,0.0,0.0,0.0,0.0,0.0,0.0,0.0,0.0,0.0,0.0,0.0,0.0,0.0,0.0,0.0,0.0,0.0,0.0,0.0,0.0,0.0,0.0,0.012378791004745206,0.872704765834537,8.788941613369095,15.083556839282034,5.242417990509595,4.425455729166667,2.871313837198213,nan,nan,nan,4.4917053749170535,2.838105286497285,4.362531969309463,2.902226455209097,0.9712417901830936,0.4077,0.00893,0.0,0.0,0.0,0.0,0.0,0.0,0.0,0.0,0.0,0.0,0.0,5.65710748916855,24.243862182793485,0.09903032803796165,0.0,0.0,0.0,0.0,0.0,0.0,0.0,0.0,0.0,0.0,0.0,0.0,0.0,0.0,0.0,0.0,nan,nan,4.425455729166667,2.871313837198213,nan,0.4077,0.04105,0.0,0.0,0.0,0.0,0.0,0.0,0.0,0.0,0.0,0.0,0.0,0.0,0.0,0.0,0.0,0.0,0.0,0.0,0.0,0.0,0.0,0.0,0.0,0.0,0.0,0.00023726016092428306,0.0010521972354033424,0.0,0.0015060862389106664,0.0055498246337941,0.0002991541159480091,0.0010212502578914792,0.007107489168557871,0.014338766247163194,0.03125644728698164,0.03521766040850011,0.06592737775943883,0.0767691355477615,0.08638332989478027,0.05557045595213534,0.0970497214772024,0.07857437590262017,0.11201774293377346,0.08308231896018156,0.06614400660202187,0.0750051578295853,0.02674850422942026,0.024633794099442954,0.01461728904476996,0.02395296059418197,0.009242830616876418,0.0028368062719207757,0.0004332576851660821,0.0005673612543841552,0.0015679801939343925,1.0315659170621002e-05,0.0012791417371570044,0.0,0.0,0.0,0.0,0.0,0.0,0.0,0.0,0.0,0.0,0.0,0.0,0.0,0.0,0.0,0.0,0.0,0.0,0.0,0.0,0.0,0.0,0.0,0.0,0.0,0.0,0.0,0.0,0.0,0.0,0.0,0.0,0.0,0.0,0.0,0.0,0.0,0.0,0.0,0.0,0.0,0.0,0.0,0.0,nan,nan,4.425455729166667,2.871313837198213,nan,0.9437656874935791,0.023563266407187724,0.0,0.0,0.0,0.0,0.0,0.0,0.0,0.0,0.0,0.0,0.0,0.0,0.0,0.0,0.0,0.0,0.0,0.0,0.0,0.0,0.0,0.0,0.0,0.0,0.0,0.012279983626688501,0.8964388047482605,9.025787965616047,15.042979942693412,5.022513303315597,0.9447017247833547,0.023543956533372247,0.0,0.0,0.0,0.0,0.0,0.0,0.0,0.0,0.0,0.0,0.0,0.0,0.0,0.0,0.0,0.0,0.0,0.0,0.0,0.0,0.0,0.0,0.0,0.0,0.0,0.012479201331114811,0.8485856905158071,8.548252911813645,15.12479201331115,5.4658901830282876,0.4077,0.00887,0.0,0.0,0.0,0.0,0.0,0.0,0.0,0.0,0.0,0.0,0.0,5.489152681129751,24.424887433483427,0.0859598853868195,0.0,0.0,0.0,0.0,0.0,0.0,0.0,0.0,0.0,0.0,0.0,0.0,0.0,0.0,0.0,0.0,0.4077,0.00898,0.0,0.0,0.0,0.0,0.0,0.0,0.0,0.0,0.0,0.0,0.0,5.827787021630607,24.059900166389358,0.1123128119800333,0.0,0.0,0.0,0.0,0.0,0.0,0.0,0.0,0.0,0.0,0.0,0.0,0.0,0.0,0.0,0.0
13600,4795,2506,0.5226277372262774,1203,954,0.44984358706986444,1330,0.5547445255474452,0.40199999999999997,2.892092616863259,3.0492066788248606,6.385432473444613,2.2125659037002943,8307.518269644035,434.41300298311563,7853.0,8738.362634086609,8722.678812028389,5.636815604689862,7853.0,0.0,28.33910323253389,20.964992013446086,33.328454477797074,19.130913328194104,0.13847758081334724,0.1013555787278415,0.08988529718456725,0.08342022940563086,0.07257559958289886,0.07570385818561001,0.07340980187695516,0.06319082377476538,0.06235662148070907,0.054223149113660066,0.04880083420229406,0.044421272158498434,0.029822732012513033,0.023983315954118872,0.021480709071949947,0.008967674661105318,0.007924921793534932,0.9430322410043511,0.023461396010033143,0.0,0.0,0.0,0.0,0.0,0.0,0.0,0.0,0.0,0.0,0.0,0.0,0.0,0.0,0.0,0.0,0.0,0.0,0.0,0.0,0.0,0.0,0.0,0.0,0.0,0.006256517205422317,1.0072992700729928,9.222106360792493,14.8029197080292,4.9614181438998965,4.168377164849263,2.8730127129713243,nan,nan,nan,4.107395498392283,2.8353606587956275,4.229193341869398,2.9096453998973635,1.029653303054159,0.408,0.00887,0.0,0.0,0.0,0.0,0.0,0.0,0.0,0.0,0.0,0.0,0.0,5.493222106360785,24.437956204379567,0.06882168925964548,0.0,0.0,0.0,0.0,0.0,0.0,0.0,0.0,0.0,0.0,0.0,0.0,0.0,0.0,0.0,0.0,nan,nan,4.168377164849263,2.8730127129713243,nan,0.408,0.0409,0.0,0.0,0.0,0.0,0.0,0.0,0.0,0.0,0.0,0.0,0.0,0.0,0.0,0.0,0.0,0.0,0.0,0.0,0.0,0.0,0.0,0.0,0.0,0.0,0.0,0.00011470281543274243,0.0013555787278415016,0.0,0.0012408759124087592,0.005547445255474452,0.0002502606882168926,0.0010010427528675703,0.006569343065693431,0.01337851929092805,0.03199165797705944,0.03523461939520334,0.06421272158498435,0.07501564129301355,0.08747653806047967,0.05679874869655892,0.10104275286757039,0.07803962460896767,0.11193952033368092,0.08023983315954118,0.0656725755995829,0.07598540145985401,0.027122002085505734,0.024285714285714285,0.014681960375391032,0.024994786235662148,0.009416058394160584,0.002711157455683003,0.0003441084462982273,0.0006256517205422315,0.0016162669447340981,0.0,0.0010948905109489052,0.0,0.0,0.0,0.0,0.0,0.0,0.0,0.0,0.0,0.0,0.0,0.0,0.0,0.0,0.0,0.0,0.0,0.0,0.0,0.0,0.0,0.0,0.0,0.0,0.0,0.0,0.0,0.0,0.0,0.0,0.0,0.0,0.0,0.0,0.0,0.0,0.0,0.0,0.0,0.0,0.0,0.0,0.0,0.0,nan,nan,4.168377164849263,2.8730127129713243,nan,0.9432078717426595,0.02378742785225907,0.0,0.0,0.0,0.0,0.0,0.0,0.0,0.0,0.0,0.0,0.0,0.0,0.0,0.0,0.0,0.0,0.0,0.0,0.0,0.0,0.0,0.0,0.0,0.0,0.0,0.01197126895450918,1.125299281723863,8.90662410215483,14.784517158818838,5.171588188347966,0.9428399602572123,0.023097648417855447,0.0,0.0,0.0,0.0,0.0,0.0,0.0,0.0,0.0,0.0,0.0,0.0,0.0,0.0,0.0,0.0,0.0,0.0,0.0,0.0,0.0,0.0,0.0,0.0,0.0,0.0,0.8781127129750985,9.567496723460028,14.823066841415468,4.731323722149411,0.408,0.008896,0.0,0.0,0.0,0.0,0.0,0.0,0.0,0.0,0.0,0.0,0.0,5.5307262569832325,24.397446129289712,0.07182761372705508,0.0,0.0,0.0,0.0,0.0,0.0,0.0,0.0,0.0,0.0,0.0,0.0,0.0,0.0,0.0,0.0,0.408,0.00884,0.0,0.0,0.0,0.0,0.0,0.0,0.0,0.0,0.0,0.0,0.0,5.452162516382692,24.48230668414155,0.06553079947575362,0.0,0.0,0.0,0.0,0.0,0.0,0.0,0.0,0.0,0.0,0.0,0.0,0.0,0.0,0.0,0.0
13700,4586,2342,0.5106846925425207,1087,950,0.4441779328390755,1318,0.5747928477976451,0.418,2.9901960784313726,3.1316753526088745,6.6688311688311686,2.28931792373004,8297.123951359423,434.75086666785774,7853.0,8742.439623320102,8722.663723712347,5.581759188932506,7853.0,0.0,27.60815525512429,20.74627554988534,32.51883606131463,19.030768351111295,0.14129960750109027,0.09768861753161796,0.09856083733100741,0.09005669428696031,0.07849978194505015,0.074792847797645,0.07588312254688181,0.05931094635848234,0.05342346271260358,0.05255124291321413,0.047099869167030094,0.03946794592237244,0.033798517226341036,0.023767989533362406,0.016572176188399478,0.010248582642825993,0.006977758395115569,0.9431780815852349,0.023356097398179253,0.0,0.0,0.0,0.0,0.0,0.0,0.0,0.0,0.0,0.0,0.0,0.0,0.0,0.0,0.0,0.0,0.0,0.0,0.0,0.0,0.0,0.0,0.0,0.0,0.0,0.013083296990841695,0.8765808983863935,9.34801569995639,14.836458787614482,4.925861317051898,4.403010605542251,2.937206526298254,nan,nan,nan,4.326132404181185,2.9385542481936837,4.477150537634409,2.9339987849028732,1.0349083475363041,0.408,0.00917,0.0,0.0,0.0,0.0,0.0,0.0,0.0,0.0,0.0,0.0,0.0,5.848233754906228,24.099433057130405,0.05233318796336678,0.0,0.0,0.0,0.0,0.0,0.0,0.0,0.0,0.0,0.0,0.0,0.0,0.0,0.0,0.0,0.0,nan,nan,4.403010605542251,2.937206526298254,nan,0.408,0.0411,0.0,0.0,0.0,0.0,0.0,0.0,0.0,0.0,0.0,0.0,0.0,0.0,0.0,0.0,0.0,0.0,0.0,0.0,0.0,0.0,0.0,0.0,0.0,0.0,0.0,0.00028347143480157,0.0010466637592673354,0.0,0.0017553423462712604,0.0054622764936764065,0.00026166593981683385,0.0011011774967291756,0.006040122110771914,0.014075447012647187,0.030931094635848234,0.037156563453990404,0.06478412559965112,0.0752398604448321,0.08666593981683385,0.057501090274749235,0.09917139119058002,0.08024422154382904,0.11040122110771915,0.07864151766245094,0.0672481465329263,0.07573048408198867,0.02522895769733973,0.02347361535106847,0.015056694286960314,0.02511993022241605,0.009496293065852595,0.0032381160052333186,0.0004034016572176188,0.0009812472743131269,0.002147841255996511,3.270824247710423e-05,0.0010793720017444395,0.0,0.0,0.0,0.0,0.0,0.0,0.0,0.0,0.0,0.0,0.0,0.0,0.0,0.0,0.0,0.0,0.0,0.0,0.0,0.0,0.0,0.0,0.0,0.0,0.0,0.0,0.0,0.0,0.0,0.0,0.0,0.0,0.0,0.0,0.0,0.0,0.0,0.0,0.0,0.0,0.0,0.0,0.0,0.0,nan,nan,4.403010605542251,2.937206526298254,nan,0.9430484221238137,0.02332914709959877,0.0,0.0,0.0,0.0,0.0,0.0,0.0,0.0,0.0,0.0,0.0,0.0,0.0,0.0,0.0,0.0,0.0,0.0,0.0,0.0,0.0,0.0,0.0,0.0,0.0,0.01280956447480786,0.909479077711358,9.440649017933392,14.679760888129806,4.9573014517506415,0.9433134035365042,0.023383424823166417,0.0,0.0,0.0,0.0,0.0,0.0,0.0,0.0,0.0,0.0,0.0,0.0,0.0,0.0,0.0,0.0,0.0,0.0,0.0,0.0,0.0,0.0,0.0,0.0,0.0,0.013368983957219254,0.8422459893048131,9.251336898395724,15.000000000000004,4.8930481283422465,0.408,0.0091,0.0,0.0,0.0,0.0,0.0,0.0,0.0,0.0,0.0,0.0,0.0,5.9180187873612216,24.030742954739544,0.05123825789923144,0.0,0.0,0.0,0.0,0.0,0.0,0.0,0.0,0.0,0.0,0.0,0.0,0.0,0.0,0.0,0.0,0.408,0.00925,0.0,0.0,0.0,0.0,0.0,0.0,0.0,0.0,0.0,0.0,0.0,5.775401069518709,24.171122994652414,0.05347593582887702,0.0,0.0,0.0,0.0,0.0,0.0,0.0,0.0,0.0,0.0,0.0,0.0,0.0,0.0,0.0,0.0
13800,4652,2387,0.5131126397248496,1125,939,0.44368013757523644,1318,0.5666380051590714,0.414,2.993377483443709,3.1061358248768696,6.530864197530864,2.096213044923115,8299.438770428664,434.8983774642709,7853.0,8742.558894062042,8723.059974878146,5.526057254552114,7853.0,0.0,28.236457437661223,20.964070196718357,33.06160896130346,19.242510449762182,0.13134135855546003,0.10726569217540842,0.08985382631126397,0.08512467755803955,0.08361994840928633,0.07072226999140155,0.07308684436801376,0.06083404987102321,0.05911435941530525,0.05266552020636286,0.0468615649183147,0.04213241616509028,0.03267411865864144,0.026655202063628546,0.02128116938950989,0.01053310404127257,0.006233877901977644,0.9441223215385439,0.023016893552295366,0.0,0.0,0.0,0.0,0.0,0.0,0.0,0.0,0.0,0.0,0.0,0.0,0.0,0.0,0.0,0.0,0.0,0.0,0.0,0.0,0.0,0.0,0.0,0.0,0.0,0.006448839208942392,0.8512467755803957,8.757523645743767,15.464316423043856,4.920464316423045,4.336439267886855,2.887742176037078,nan,nan,nan,4.369781312127237,2.932379283502524,4.302807486631016,2.8416107186431407,0.9846734148204737,0.4082,0.00909,0.0,0.0,0.0,0.0,0.0,0.0,0.0,0.0,0.0,0.0,0.0,5.6427343078245835,24.286328460877048,0.07093723129836631,0.0,0.0,0.0,0.0,0.0,0.0,0.0,0.0,0.0,0.0,0.0,0.0,0.0,0.0,0.0,0.0,nan,nan,4.336439267886855,2.887742176037078,nan,0.4082,0.04163,0.0,0.0,0.0,0.0,0.0,0.0,0.0,0.0,0.0,0.0,0.0,0.0,0.0,0.0,0.0,0.0,0.0,0.0,0.0,0.0,0.0,0.0,0.0,0.0,0.0,0.00034393809114359415,0.0010425623387790197,0.0,0.0020206362854686155,0.005535253654342219,0.0006126397248495271,0.0009565778159931213,0.005965176268271711,0.014445399828030954,0.03229793637145314,0.03420034393809114,0.06730438521066208,0.07562338779019777,0.0852214101461737,0.057383920894239035,0.09503439380911435,0.07585984522785899,0.11180137575236457,0.08162080825451419,0.0634780739466896,0.07915950128976784,0.026268271711092004,0.024849527085124678,0.015896388650042993,0.024580825451418743,0.010038693035253654,0.0033641444539982803,0.0004944110060189166,0.000978073946689596,0.0020206362854686155,2.1496130696474634e-05,0.0015692175408426484,0.0,1.0748065348237317e-05,0.0,0.0,0.0,0.0,0.0,0.0,0.0,0.0,0.0,0.0,0.0,0.0,0.0,0.0,0.0,0.0,0.0,0.0,0.0,0.0,0.0,0.0,0.0,0.0,0.0,0.0,0.0,0.0,0.0,0.0,0.0,0.0,0.0,0.0,0.0,0.0,0.0,0.0,0.0,0.0,0.0,0.0,nan,nan,4.336439267886855,2.887742176037078,nan,0.9443988386786628,0.02317146706368638,0.0,0.0,0.0,0.0,0.0,0.0,0.0,0.0,0.0,0.0,0.0,0.0,0.0,0.0,0.0,0.0,0.0,0.0,0.0,0.0,0.0,0.0,0.0,0.0,0.0,0.01256807708420612,0.8043569333891917,8.835358190196901,15.232509426057817,5.115207373271891,0.9438309103184714,0.022849241460552037,0.0,0.0,0.0,0.0,0.0,0.0,0.0,0.0,0.0,0.0,0.0,0.0,0.0,0.0,0.0,0.0,0.0,0.0,0.0,0.0,0.0,0.0,0.0,0.0,0.0,0.0,0.9006622516556293,8.675496688741724,15.708609271523182,4.715231788079471,0.4084,0.00903,0.0,0.0,0.0,0.0,0.0,0.0,0.0,0.0,0.0,0.0,0.0,5.517385839966478,24.432341851696698,0.05027230833682448,0.0,0.0,0.0,0.0,0.0,0.0,0.0,0.0,0.0,0.0,0.0,0.0,0.0,0.0,0.0,0.0,0.4082,0.00914,0.0,0.0,0.0,0.0,0.0,0.0,0.0,0.0,0.0,0.0,0.0,5.774834437086085,24.132450331125835,0.0927152317880795,0.0,0.0,0.0,0.0,0.0,0.0,0.0,0.0,0.0,0.0,0.0,0.0,0.0,0.0,0.0,0.0
13900,5020,2568,0.5115537848605578,1228,1024,0.44860557768924303,1416,0.5641434262948207,0.39799999999999996,3.047716150081566,3.175752933191679,6.832369942196531,2.084402200551276,8297.88906096427,434.7435349306699,7853.0,8744.413016760349,8722.68188708747,5.637802890543665,7853.0,0.0,27.622509960159363,20.565179911097232,32.345364472753005,18.891792706390117,0.13764940239043824,0.099601593625498,0.09880478087649402,0.08426294820717131,0.08346613545816733,0.07450199203187251,0.07450199203187251,0.062350597609561756,0.06254980079681274,0.04721115537848605,0.04701195219123506,0.04203187250996016,0.03247011952191235,0.02111553784860558,0.014940239043824702,0.010956175298804782,0.006573705179282869,0.943092834201467,0.023158181563660108,0.0,0.0,0.0,0.0,0.0,0.0,0.0,0.0,0.0,0.0,0.0,0.0,0.0,0.0,0.0,0.0,0.0,0.0,0.0,0.0,0.0,0.0,0.0,0.0,0.0,0.017928286852589643,0.8486055776892432,9.5199203187251,14.964143426294823,4.649402390438247,4.413395638629283,2.969545524010536,nan,nan,nan,4.409571162212554,3.0146825914964377,4.417239225484073,2.9234758300744947,1.0017389589575578,0.408,0.00935,0.0,0.0,0.0,0.0,0.0,0.0,0.0,0.0,0.0,0.0,0.0,6.137450199203179,23.7788844621514,0.08366533864541835,0.0,0.0,0.0,0.0,0.0,0.0,0.0,0.0,0.0,0.0,0.0,0.0,0.0,0.0,0.0,0.0,nan,nan,4.413395638629283,2.969545524010536,nan,0.408,0.04153,0.0,0.0,0.0,0.0,0.0,0.0,0.0,0.0,0.0,0.0,0.0,0.0,0.0,0.0,0.0,0.0,0.0,0.0,0.0,0.0,0.0,0.0,0.0,0.0,0.0,0.0002290836653386454,0.001145418326693227,0.0,0.0015139442231075697,0.0051792828685258965,0.0006474103585657371,0.0012948207171314741,0.007241035856573705,0.01305776892430279,0.03401394422310757,0.035577689243027885,0.07046812749003985,0.07845617529880478,0.07926294820717132,0.05712151394422311,0.0952191235059761,0.07348605577689243,0.10959163346613546,0.0829980079681275,0.0674601593625498,0.08026892430278884,0.024661354581673307,0.024342629482071713,0.015647410358565737,0.024262948207171314,0.00895418326693227,0.002858565737051793,0.00047808764940239046,0.0007669322709163346,0.002340637450199203,0.0,0.001454183266932271,0.0,0.0,0.0,0.0,0.0,0.0,0.0,0.0,0.0,0.0,0.0,0.0,0.0,0.0,0.0,0.0,0.0,0.0,0.0,0.0,0.0,0.0,0.0,0.0,0.0,0.0,0.0,0.0,0.0,0.0,0.0,0.0,0.0,0.0,0.0,0.0,0.0,0.0,0.0,0.0,0.0,0.0,0.0,0.0,nan,nan,4.413395638629283,2.969545524010536,nan,0.9433010003741286,0.02330066442700056,0.0,0.0,0.0,0.0,0.0,0.0,0.0,0.0,0.0,0.0,0.0,0.0,0.0,0.0,0.0,0.0,0.0,0.0,0.0,0.0,0.0,0.0,0.0,0.0,0.0,0.023364485981308417,0.8878504672897198,9.4392523364486,14.929906542056077,4.7196261682243,0.9428748200369503,0.023005992891613803,0.0,0.0,0.0,0.0,0.0,0.0,0.0,0.0,0.0,0.0,0.0,0.0,0.0,0.0,0.0,0.0,0.0,0.0,0.0,0.0,0.0,0.0,0.0,0.0,0.0,0.012234910277324635,0.807504078303426,9.604404567699838,15.000000000000004,4.575856443719413,0.4077,0.00932,0.0,0.0,0.0,0.0,0.0,0.0,0.0,0.0,0.0,0.0,0.0,6.308411214953262,23.598130841121502,0.09345794392523367,0.0,0.0,0.0,0.0,0.0,0.0,0.0,0.0,0.0,0.0,0.0,0.0,0.0,0.0,0.0,0.0,0.408,0.00938,0.0,0.0,0.0,0.0,0.0,0.0,0.0,0.0,0.0,0.0,0.0,5.958401305057087,23.968189233278963,0.07340946166394781,0.0,0.0,0.0,0.0,0.0,0.0,0.0,0.0,0.0,0.0,0.0,0.0,0.0,0.0,0.0,0.0
14000,4722,2380,0.5040237187632359,1156,1001,0.4567979669631512,1349,0.5713680643795002,0.414,2.944064901793339,3.070594989182005,6.53030303030303,2.1575778855964987,8291.270640752751,434.77566847464834,7853.0,8743.855134928226,8722.543683039703,5.557881293241043,7853.0,0.0,28.163278271918678,20.690725529210084,32.91670835417709,18.9132538595627,0.1355357899195256,0.09635747564591275,0.09635747564591275,0.08047437526471835,0.08026260059296908,0.08089792460821686,0.06819144430326134,0.06713257094451504,0.06056755612028801,0.053155442609063956,0.04807285048708174,0.03960186361711139,0.035789919525624735,0.024989411266412537,0.01736552308343922,0.00847098686997035,0.006776789495976281,0.942844754821009,0.023569693158072568,0.0,0.0,0.0,0.0,0.0,0.0,0.0,0.0,0.0,0.0,0.0,0.0,0.0,0.0,0.0,0.0,0.0,0.0,0.0,0.0,0.0,0.0,0.0,0.0,0.0,0.01270648030495553,1.0673443456162646,8.970775095298604,15.139771283354515,4.809402795425668,4.235160557898151,2.843211158251651,nan,nan,nan,4.270166453265045,2.8639654641283103,4.199211045364891,2.8212864968323768,0.9833834562008936,0.408,0.00902,0.0,0.0,0.0,0.0,0.0,0.0,0.0,0.0,0.0,0.0,0.0,5.756035578144846,24.180432020330375,0.06353240152477765,0.0,0.0,0.0,0.0,0.0,0.0,0.0,0.0,0.0,0.0,0.0,0.0,0.0,0.0,0.0,0.0,nan,nan,4.235160557898151,2.843211158251651,nan,0.408,0.04184,0.0,0.0,0.0,0.0,0.0,0.0,0.0,0.0,0.0,0.0,0.0,0.0,0.0,0.0,0.0,0.0,0.0,0.0,0.0,0.0,0.0,0.0,0.0,0.0,0.0,0.0001588310038119441,0.0012494705633206268,0.0,0.0012706480304955528,0.005262600592969081,0.0004870817450232952,0.0008259212198221093,0.007772130453197797,0.01444303261329945,0.034741634900465904,0.035440491317238455,0.07315756035578144,0.07922490470139772,0.07929902583650995,0.051577721304531976,0.09521389241846676,0.07333756882676831,0.107570944515036,0.08404277848369335,0.06554426090639559,0.08455103769589158,0.02540237187632359,0.022564591274883524,0.016126641253706057,0.023316391359593392,0.009106310885218127,0.0025624735281660313,0.0006776789495976281,0.0005929690808979246,0.002467174925878865,0.0,0.0020118593816179585,0.0,0.0,0.0,0.0,0.0,0.0,0.0,0.0,0.0,0.0,0.0,0.0,0.0,0.0,0.0,0.0,0.0,0.0,0.0,0.0,0.0,0.0,0.0,0.0,0.0,0.0,0.0,0.0,0.0,0.0,0.0,0.0,0.0,0.0,0.0,0.0,0.0,0.0,0.0,0.0,0.0,0.0,0.0,0.0,nan,nan,4.235160557898151,2.843211158251651,nan,0.9425827853068585,0.02331017790814056,0.0,0.0,0.0,0.0,0.0,0.0,0.0,0.0,0.0,0.0,0.0,0.0,0.0,0.0,0.0,0.0,0.0,0.0,0.0,0.0,0.0,0.0,0.0,0.0,0.0,0.012605042016806726,1.1092436974789919,9.012605042016808,15.226890756302524,4.638655462184874,0.9431109749079769,0.023827573561270726,0.0,0.0,0.0,0.0,0.0,0.0,0.0,0.0,0.0,0.0,0.0,0.0,0.0,0.0,0.0,0.0,0.0,0.0,0.0,0.0,0.0,0.0,0.0,0.0,0.0,0.01280956447480786,1.0247651579846286,8.928266438941078,15.051238257899234,4.982920580700257,0.408,0.00899,0.0,0.0,0.0,0.0,0.0,0.0,0.0,0.0,0.0,0.0,0.0,5.722689075630243,24.201680672268914,0.07563025210084034,0.0,0.0,0.0,0.0,0.0,0.0,0.0,0.0,0.0,0.0,0.0,0.0,0.0,0.0,0.0,0.0,0.408,0.009056,0.0,0.0,0.0,0.0,0.0,0.0,0.0,0.0,0.0,0.0,0.0,5.789923142613143,24.158838599487623,0.05123825789923144,0.0,0.0,0.0,0.0,0.0,0.0,0.0,0.0,0.0,0.0,0.0,0.0,0.0,0.0,0.0,0.0
14100,4909,2568,0.5231207985333062,1187,1004,0.4463230800570381,1379,0.5618252189855367,0.418,3.037590773173857,3.1351919326398234,6.67125382262997,2.1842918403526013,8307.944172146155,434.39106403004666,7853.0,8743.01553966999,8722.673263654777,5.7028688802300955,7853.0,0.0,27.877979221837442,20.932994156548496,32.98755794096121,19.129368930028352,0.1440211855775107,0.09390914646567529,0.09064982684864535,0.09513139132206153,0.08311265023426359,0.07414952128743126,0.06966795681401508,0.0623344876756977,0.051537991444286,0.051537991444286,0.04603788959054797,0.038704420452230597,0.035648808311265025,0.026685679364432675,0.020167040130372786,0.010796496231411693,0.005907516805866775,0.9428200730604318,0.023581868324880136,0.0,0.0,0.0,0.0,0.0,0.0,0.0,0.0,0.0,0.0,0.0,0.0,0.0,0.0,0.0,0.0,0.0,0.0,0.0,0.0,0.0,0.0,0.0,0.0,0.0,0.012222448563862297,1.0022407822367083,9.252393562843757,14.813607659401104,4.919535546954574,4.308855972265994,2.9263100695459743,nan,nan,nan,4.320253164556962,2.876569675927331,4.300251256281407,2.973762981229098,0.9953701999596577,0.408,0.009094,0.0,0.0,0.0,0.0,0.0,0.0,0.0,0.0,0.0,0.0,0.0,5.622326339376647,24.292116520676316,0.08555713994703608,0.0,0.0,0.0,0.0,0.0,0.0,0.0,0.0,0.0,0.0,0.0,0.0,0.0,0.0,0.0,0.0,nan,nan,4.308855972265994,2.9263100695459743,nan,0.408,0.04218,0.0,0.0,0.0,0.0,0.0,0.0,0.0,0.0,0.0,0.0,0.0,0.0,0.0,0.0,0.0,0.0,0.0,0.0,0.0,0.0,0.0,0.0,0.0,0.0,0.0,0.0002240782236708087,0.0017315135465471583,0.0,0.0009777958851089836,0.004491749847219393,0.0002342635974740273,0.0008250152780607048,0.008280708902016704,0.015237319209614993,0.03388673864330821,0.03579140354451008,0.07843756365858627,0.07880423711550213,0.07539213689142392,0.053921368914239154,0.09236096964758607,0.07104298227744958,0.11117335506213077,0.08015889183133021,0.06489101650030556,0.08502750050926869,0.024750458341821144,0.021817070686494196,0.01611326135669179,0.024903238948869425,0.011040945202688938,0.0026889386840497046,0.0008861275208800163,0.0004787125687512732,0.0022509676105113056,0.0,0.002179669993888776,0.0,0.0,0.0,0.0,0.0,0.0,0.0,0.0,0.0,0.0,0.0,0.0,0.0,0.0,0.0,0.0,0.0,0.0,0.0,0.0,0.0,0.0,0.0,0.0,0.0,0.0,0.0,0.0,0.0,0.0,0.0,0.0,0.0,0.0,0.0,0.0,0.0,0.0,0.0,0.0,0.0,0.0,0.0,0.0,nan,nan,4.308855972265994,2.9263100695459743,nan,0.9433219108115476,0.023848580262645334,0.0,0.0,0.0,0.0,0.0,0.0,0.0,0.0,0.0,0.0,0.0,0.0,0.0,0.0,0.0,0.0,0.0,0.0,0.0,0.0,0.0,0.0,0.0,0.0,0.0,0.0,0.9813084112149535,9.088785046728974,14.754672897196265,5.175233644859815,0.9422695735538683,0.023273338306011474,0.0,0.0,0.0,0.0,0.0,0.0,0.0,0.0,0.0,0.0,0.0,0.0,0.0,0.0,0.0,0.0,0.0,0.0,0.0,0.0,0.0,0.0,0.0,0.0,0.0,0.025630072618539092,1.0252029047415636,9.431866723622385,14.878257155061942,4.6390431439555755,0.4077,0.00914,0.0,0.0,0.0,0.0,0.0,0.0,0.0,0.0,0.0,0.0,0.0,5.654205607476627,24.275700934579444,0.07009345794392524,0.0,0.0,0.0,0.0,0.0,0.0,0.0,0.0,0.0,0.0,0.0,0.0,0.0,0.0,0.0,0.0,0.408,0.00904,0.0,0.0,0.0,0.0,0.0,0.0,0.0,0.0,0.0,0.0,0.0,5.5873558308415125,24.31012387868433,0.10252029047415637,0.0,0.0,0.0,0.0,0.0,0.0,0.0,0.0,0.0,0.0,0.0,0.0,0.0,0.0,0.0,0.0
14200,4885,2531,0.5181166837256909,1186,979,0.44319344933469806,1357,0.5555783009211873,0.418,3.016142735768904,3.1555124034741993,6.795107033639144,2.1045110796971973,8303.547369500631,434.5266674962433,7853.0,8742.027311468124,8722.58668510888,5.619827624386518,7853.0,0.0,28.141044012282496,20.788981318307176,32.798649626235836,19.10321786579544,0.13060388945752302,0.1007164790174002,0.10051177072671443,0.08761514841351074,0.07389969293756397,0.07656090071647902,0.06939611054247698,0.06489252814738997,0.06059365404298874,0.04605936540429888,0.05322415557830092,0.041760491299897645,0.03357215967246673,0.02517911975435005,0.019651995905834187,0.01023541453428864,0.005527123848515865,0.942401234166527,0.023359086423108095,0.0,0.0,0.0,0.0,0.0,0.0,0.0,0.0,0.0,0.0,0.0,0.0,0.0,0.0,0.0,0.0,0.0,0.0,0.0,0.0,0.0,0.0,0.0,0.0,0.0,0.02456499488229274,1.1177072671443196,9.242579324462643,14.996929375639716,4.618219037871034,4.282677664974619,2.9577789440536177,nan,nan,nan,4.298190892077355,2.947181610798478,4.268733850129199,2.9684176000063225,0.9931466417644567,0.4082,0.00905,0.0,0.0,0.0,0.0,0.0,0.0,0.0,0.0,0.0,0.0,0.0,5.674513817809613,24.25793244626408,0.06755373592630502,0.0,0.0,0.0,0.0,0.0,0.0,0.0,0.0,0.0,0.0,0.0,0.0,0.0,0.0,0.0,0.0,nan,nan,4.282677664974619,2.9577789440536177,nan,0.4082,0.04208,0.0,0.0,0.0,0.0,0.0,0.0,0.0,0.0,0.0,0.0,0.0,0.0,0.0,0.0,0.0,0.0,0.0,0.0,0.0,0.0,0.0,0.0,0.0,0.0,0.0,0.0002149437052200614,0.002210849539406346,0.0,0.0010542476970317298,0.004227226202661208,0.00027635619242579324,0.0005117707267144319,0.007359263050153531,0.01322415557830092,0.031545547594677585,0.03752302968270215,0.07904810644831116,0.08201637666325486,0.07542476970317298,0.05204708290685773,0.09471852610030707,0.06718526100307062,0.11246673490276356,0.08243602865916069,0.06338792221084955,0.08609007164790174,0.02452405322415558,0.020880245649948823,0.015148413510747185,0.02564994882292733,0.012374616171954964,0.0028352098259979528,0.0007574206755373593,0.000481064483111566,0.0019754350051177073,1.0235414534288639e-05,0.002384851586489253,1.0235414534288639e-05,0.0,0.0,0.0,0.0,0.0,0.0,0.0,0.0,0.0,0.0,0.0,0.0,0.0,0.0,0.0,0.0,0.0,0.0,0.0,0.0,0.0,0.0,0.0,0.0,0.0,0.0,0.0,0.0,0.0,0.0,0.0,0.0,0.0,0.0,0.0,0.0,0.0,0.0,0.0,0.0,0.0,0.0,0.0,nan,nan,4.282677664974619,2.9577789440536177,nan,0.9424797351395174,0.023483478660911123,0.0,0.0,0.0,0.0,0.0,0.0,0.0,0.0,0.0,0.0,0.0,0.0,0.0,0.0,0.0,0.0,0.0,0.0,0.0,0.0,0.0,0.0,0.0,0.0,0.0,0.035559067562228375,1.0549190043461085,9.506124061635719,14.65033583563809,4.753062030817859,0.9423168306140041,0.02322430170231345,0.0,0.0,0.0,0.0,0.0,0.0,0.0,0.0,0.0,0.0,0.0,0.0,0.0,0.0,0.0,0.0,0.0,0.0,0.0,0.0,0.0,0.0,0.0,0.0,0.0,0.012744265080713682,1.1852166525063723,8.959218351741718,15.3695836873407,4.473237043330502,0.4082,0.00911,0.0,0.0,0.0,0.0,0.0,0.0,0.0,0.0,0.0,0.0,0.0,5.689450809956531,24.227578032398267,0.08297115764519955,0.0,0.0,0.0,0.0,0.0,0.0,0.0,0.0,0.0,0.0,0.0,0.0,0.0,0.0,0.0,0.0,0.408,0.00898,0.0,0.0,0.0,0.0,0.0,0.0,0.0,0.0,0.0,0.0,0.0,5.658453695836865,24.290569243840277,0.05097706032285473,0.0,0.0,0.0,0.0,0.0,0.0,0.0,0.0,0.0,0.0,0.0,0.0,0.0,0.0,0.0,0.0
14300,4892,2535,0.518192968111202,1209,952,0.4417416189697465,1348,0.5511038430089943,0.418,3.0470937632583794,3.1135880362013544,6.530985915492958,2.1535487613256543,8303.542745516557,434.4561887209395,7853.0,8743.235148870945,8722.449747955421,5.6716315881855355,7853.0,0.0,28.718724448078497,21.148885084538183,33.587823145687366,19.340871191610823,0.13614063777596075,0.09791496320523303,0.08462796402289452,0.08401471790678659,0.08462796402289452,0.07236304170073589,0.06704824202780049,0.06827473426001636,0.05498773507767784,0.0580539656582175,0.05008176614881439,0.03945216680294358,0.03761242845461979,0.026573998364677023,0.017170891251022075,0.013695829926410465,0.007358953393295176,0.9423196366451261,0.023494466905124033,0.0,0.0,0.0,0.0,0.0,0.0,0.0,0.0,0.0,0.0,0.0,0.0,0.0,0.0,0.0,0.0,0.0,0.0,0.0,0.0,0.0,0.0,0.0,0.0,0.0,0.012264922322158629,1.109975470155356,9.272281275551922,15.079721995094035,4.525756336876534,4.20405616224649,2.8860062213173254,nan,nan,nan,4.177278401997503,2.866097510548181,4.230817217716781,2.9055196926917106,1.01281667405593,0.408,0.00919,0.0,0.0,0.0,0.0,0.0,0.0,0.0,0.0,0.0,0.0,0.0,5.758381030253467,24.186426819296816,0.05519215044971383,0.0,0.0,0.0,0.0,0.0,0.0,0.0,0.0,0.0,0.0,0.0,0.0,0.0,0.0,0.0,0.0,nan,nan,4.20405616224649,2.8860062213173254,nan,0.408,0.04245,0.0,0.0,0.0,0.0,0.0,0.0,0.0,0.0,0.0,0.0,0.0,0.0,0.0,0.0,0.0,0.0,0.0,0.0,0.0,0.0,0.0,0.0,0.0,0.0,0.0,0.00022485690923957483,0.002064595257563369,1.0220768601798855e-05,0.0014309076042518397,0.004343826655764513,0.00047015535568274735,0.0006950122649223222,0.0071954210956663945,0.013419869174161898,0.03246116107931316,0.039063777596075225,0.07954824202780049,0.08157195421095667,0.07564390842191333,0.0508585445625511,0.0946545380212592,0.06708912510220769,0.10700122649223222,0.08262469337694195,0.06310302534750613,0.08736713000817661,0.02428454619787408,0.021923548650858545,0.015239165985282093,0.025940310711365495,0.012397792313982012,0.0039043336058871628,0.0010220768601798855,0.0003679476696647588,0.0019623875715453804,0.0,0.002115699100572363,0.0,0.0,0.0,0.0,0.0,0.0,0.0,0.0,0.0,0.0,0.0,0.0,0.0,0.0,0.0,0.0,0.0,0.0,0.0,0.0,0.0,0.0,0.0,0.0,0.0,0.0,0.0,0.0,0.0,0.0,0.0,0.0,0.0,0.0,0.0,0.0,0.0,0.0,0.0,0.0,0.0,0.0,0.0,0.0,nan,nan,4.20405616224649,2.8860062213173254,nan,0.9419709227259108,0.023431885280046427,0.0,0.0,0.0,0.0,0.0,0.0,0.0,0.0,0.0,0.0,0.0,0.0,0.0,0.0,0.0,0.0,0.0,0.0,0.0,0.0,0.0,0.0,0.0,0.0,0.0,0.011834319526627222,1.1360946745562133,9.313609467455622,15.20710059171598,4.331360946745563,0.9426946853448336,0.02355582809327201,0.0,0.0,0.0,0.0,0.0,0.0,0.0,0.0,0.0,0.0,0.0,0.0,0.0,0.0,0.0,0.0,0.0,0.0,0.0,0.0,0.0,0.0,0.0,0.0,0.0,0.0127280441238863,1.0818837505303354,9.227831989817567,14.942723801442515,4.7348324140857025,0.408,0.009125,0.0,0.0,0.0,0.0,0.0,0.0,0.0,0.0,0.0,0.0,0.0,5.562130177514785,24.402366863905332,0.035502958579881665,0.0,0.0,0.0,0.0,0.0,0.0,0.0,0.0,0.0,0.0,0.0,0.0,0.0,0.0,0.0,0.0,0.4082,0.00927,0.0,0.0,0.0,0.0,0.0,0.0,0.0,0.0,0.0,0.0,0.0,5.969452694102665,23.954179041154017,0.07636826474331779,0.0,0.0,0.0,0.0,0.0,0.0,0.0,0.0,0.0,0.0,0.0,0.0,0.0,0.0,0.0,0.0
14400,4833,2528,0.5230705565901097,1207,953,0.44692737430167595,1320,0.5462445685909373,0.40199999999999997,2.975704989154013,3.0456141418146028,6.42330383480826,2.139497845658699,8307.89888053304,434.39160955177124,7853.0,8740.361640238762,8722.67020950007,5.710498841174374,7853.0,0.0,28.49534450651769,20.890698898948536,33.2440214738897,19.126993199267606,0.13262983654045107,0.09600662114628596,0.09435133457479826,0.0877301882888475,0.07883302296710118,0.07635009310986965,0.06641837368094351,0.06496999793089178,0.05938340575212084,0.05752120835919718,0.04717566728739913,0.04117525346575626,0.03186426650113801,0.028553693358162633,0.021311814607903993,0.010966273536105938,0.004758948893027105,0.9429514082154452,0.02332273002916926,0.0,0.0,0.0,0.0,0.0,0.0,0.0,0.0,0.0,0.0,0.0,0.0,0.0,0.0,0.0,0.0,0.0,0.0,0.0,0.0,0.0,0.0,0.0,0.0,0.0,0.006207324643078834,1.0986964618249537,9.031657355679704,15.164494103041593,4.698944754810677,4.2435447880140265,2.8432613477264215,nan,nan,nan,4.259731971920868,2.8254122014535614,4.2281708094327595,2.8616177004885834,0.9925908102443647,0.4087,0.00946,0.0,0.0,0.0,0.0,0.0,0.0,0.0,0.0,0.0,0.0,0.0,5.468653010552444,24.39478584729982,0.13656114214773435,0.0,0.0,0.0,0.0,0.0,0.0,0.0,0.0,0.0,0.0,0.0,0.0,0.0,0.0,0.0,0.0,nan,nan,4.2435447880140265,2.8432613477264215,nan,0.4087,0.0425,0.0,0.0,0.0,0.0,0.0,0.0,0.0,0.0,0.0,0.0,0.0,0.0,0.0,0.0,0.0,0.0,0.0,0.0,0.0,0.0,0.0,0.0,0.0,0.0,0.0,3.1036623215394166e-05,0.002193254707221188,1.0345541071798055e-05,0.0016449410304158908,0.003620939375129319,0.000569004758948893,0.0008586799089592386,0.007800537968135734,0.011907717773639562,0.03159528243327126,0.0377508793709911,0.08018828884750673,0.07965032071177322,0.07470515207945376,0.053869232360852476,0.09314090626939789,0.06781502172563625,0.10472791226981171,0.08474032691909787,0.06269397889509622,0.08867163252638113,0.025067246016966686,0.022211876681150423,0.016242499482722945,0.02532588454376164,0.012538795779019243,0.0038381957376370786,0.0012000827643285745,0.000755224498241258,0.002638112973308504,0.0,0.001893234016139044,0.00010345541071798055,0.0,0.0,0.0,0.0,0.0,0.0,0.0,0.0,0.0,0.0,0.0,0.0,0.0,0.0,0.0,0.0,0.0,0.0,0.0,0.0,0.0,0.0,0.0,0.0,0.0,0.0,0.0,0.0,0.0,0.0,0.0,0.0,0.0,0.0,0.0,0.0,0.0,0.0,0.0,0.0,0.0,0.0,0.0,nan,nan,4.2435447880140265,2.8432613477264215,nan,0.9426615276857268,0.023701261888852514,0.0,0.0,0.0,0.0,0.0,0.0,0.0,0.0,0.0,0.0,0.0,0.0,0.0,0.0,0.0,0.0,0.0,0.0,0.0,0.0,0.0,0.0,0.0,0.0,0.0,0.01186708860759494,1.0561708860759496,9.458069620253166,14.738924050632914,4.73496835443038,0.9432693335859998,0.0228961640871096,0.0,0.0,0.0,0.0,0.0,0.0,0.0,0.0,0.0,0.0,0.0,0.0,0.0,0.0,0.0,0.0,0.0,0.0,0.0,0.0,0.0,0.0,0.0,0.0,0.0,0.0,1.1453362255965296,8.563991323210415,15.631236442516272,4.65943600867679,0.4084,0.00942,0.0,0.0,0.0,0.0,0.0,0.0,0.0,0.0,0.0,0.0,0.0,5.613132911392397,24.280063291139246,0.10680379746835446,0.0,0.0,0.0,0.0,0.0,0.0,0.0,0.0,0.0,0.0,0.0,0.0,0.0,0.0,0.0,0.0,0.409,0.0095,0.0,0.0,0.0,0.0,0.0,0.0,0.0,0.0,0.0,0.0,0.0,5.3101952277657185,24.520607375271155,0.1691973969631237,0.0,0.0,0.0,0.0,0.0,0.0,0.0,0.0,0.0,0.0,0.0,0.0,0.0,0.0,0.0,0.0
14500,5109,2626,0.5139949109414759,1250,1051,0.45038167938931295,1438,0.5629281659816011,0.37799999999999995,2.955296012887636,3.1180323277721205,6.702941176470588,2.190216923733898,8300.065328545585,434.74079593923796,7853.0,8744.092541003227,8722.785515437698,5.582869979736038,7853.0,0.0,27.72264631043257,20.660316947792023,32.52207249070632,18.9712650980965,0.13701311411235076,0.09845370914073204,0.09571344685848503,0.091407320414954,0.08357799960853396,0.0745742806811509,0.0720297514190644,0.06322176551184185,0.055588177725582305,0.05265218242317479,0.04854178899980427,0.037385006850655704,0.03210021530632218,0.021530632217655117,0.017420238794284598,0.011352515169309062,0.007437854766099041,0.9425664991052866,0.02339972555807671,0.0,0.0,0.0,0.0,0.0,0.0,0.0,0.0,0.0,0.0,0.0,0.0,0.0,0.0,0.0,0.0,0.0,0.0,0.0,0.0,0.0,0.0,0.0,0.0,0.0,0.023487962419260135,0.9982384028185557,9.242513211978862,15.226071638285381,4.509688784497945,4.2938663411657005,2.932981806025375,nan,nan,nan,4.251369446135119,2.9241979948029533,4.336191059399877,2.9420230726813665,1.0199515977944165,0.409,0.009575,0.0,0.0,0.0,0.0,0.0,0.0,0.0,0.0,0.0,0.0,0.0,5.220199647680555,24.59189665296536,0.18790369935408108,0.0,0.0,0.0,0.0,0.0,0.0,0.0,0.0,0.0,0.0,0.0,0.0,0.0,0.0,0.0,0.0,nan,nan,4.2938663411657005,2.932981806025375,nan,0.409,0.04242,0.0,0.0,0.0,0.0,0.0,0.0,0.0,0.0,0.0,0.0,0.0,0.0,0.0,0.0,0.0,0.0,0.0,0.0,0.0,0.0,0.0,9.786651008025054e-06,0.0,0.0,0.0,0.0,0.0017811704834605599,0.0,0.0013603444901154826,0.0032198081816402426,0.0006263456645136035,0.0008122920336660795,0.008719906048150323,0.012331180270111567,0.03317674691720493,0.03747308670972793,0.07591505186925034,0.07998629868858877,0.07455470737913486,0.05412018007437855,0.0901154824818947,0.07068898023096497,0.10654726952436876,0.08470346447445684,0.06104912898806029,0.08912703073008417,0.026658837345860248,0.020463887257780387,0.017126639264043845,0.02594441182227442,0.013202192209825797,0.003836367195145821,0.0014190643961636328,0.0009493051477784302,0.002524955960070464,0.0,0.0015365042082599336,9.786651008025054e-06,0.0,0.0,9.786651008025054e-06,0.0,0.0,0.0,0.0,0.0,0.0,0.0,0.0,0.0,0.0,0.0,0.0,0.0,0.0,0.0,0.0,0.0,0.0,0.0,0.0,0.0,0.0,0.0,0.0,0.0,0.0,0.0,0.0,0.0,0.0,0.0,0.0,0.0,0.0,0.0,0.0,0.0,0.0,0.0,0.0,nan,nan,4.2938663411657005,2.932981806025375,nan,0.9427177391248356,0.023021724452826024,0.0,0.0,0.0,0.0,0.0,0.0,0.0,0.0,0.0,0.0,0.0,0.0,0.0,0.0,0.0,0.0,0.0,0.0,0.0,0.0,0.0,0.0,0.0,0.0,0.0,0.04569687738004571,0.7882711348057885,9.459253617669463,15.297029702970299,4.40974866717441,0.9424065489275437,0.023791917148181102,0.0,0.0,0.0,0.0,0.0,0.0,0.0,0.0,0.0,0.0,0.0,0.0,0.0,0.0,0.0,0.0,0.0,0.0,0.0,0.0,0.0,0.0,0.0,0.0,0.0,0.0,1.2202980265807493,9.013290374546921,15.15102698348772,4.615384615384616,0.409,0.00948,0.0,0.0,0.0,0.0,0.0,0.0,0.0,0.0,0.0,0.0,0.0,5.220868240670213,24.630616907844637,0.14851485148514856,0.0,0.0,0.0,0.0,0.0,0.0,0.0,0.0,0.0,0.0,0.0,0.0,0.0,0.0,0.0,0.0,0.409,0.00967,0.0,0.0,0.0,0.0,0.0,0.0,0.0,0.0,0.0,0.0,0.0,5.219492549335474,24.550946435763194,0.22956101490132907,0.0,0.0,0.0,0.0,0.0,0.0,0.0,0.0,0.0,0.0,0.0,0.0,0.0,0.0,0.0,0.0
14600,4364,2181,0.49977085242896424,1051,926,0.45302474793767183,1260,0.5774518790100825,0.414,2.9092991296381125,3.0349952495446755,6.372937293729373,2.1424963739151437,8287.483103634095,434.69910642904597,7853.0,8742.800102436542,8722.364632856114,5.411711678541359,7853.0,0.0,27.88153070577452,20.862419513990854,32.941675794085434,19.040371711537315,0.14161319890009166,0.09509624197983502,0.0930339138405133,0.08730522456461962,0.08203483043079743,0.07791017415215398,0.07103574702108158,0.06782768102658111,0.05430797433547204,0.05384967919340055,0.04537121906507791,0.03528872593950504,0.03024747937671861,0.02612282309807516,0.01924839596700275,0.01306141154903758,0.006645279560036663,0.9417594158108578,0.023017475838224968,0.0,0.0,0.0,0.0,0.0,0.0,0.0,0.0,0.0,0.0,0.0,0.0,0.0,0.0,0.0,0.0,0.0,0.0,0.0,0.0,0.0,0.0,0.0,0.0,0.0,0.006874427131072412,1.086159486709441,9.582951420714942,15.144362969752525,4.179651695692026,4.230172717659499,2.826600645190443,nan,nan,nan,4.227240649258998,2.8237860177779095,4.233098591549296,2.829403506314946,1.0013857603047334,0.4084,0.00952,0.0,0.0,0.0,0.0,0.0,0.0,0.0,0.0,0.0,0.0,0.0,5.568285976168644,24.33547204399634,0.09624197983501377,0.0,0.0,0.0,0.0,0.0,0.0,0.0,0.0,0.0,0.0,0.0,0.0,0.0,0.0,0.0,0.0,nan,nan,4.230172717659499,2.826600645190443,nan,0.4084,0.0426,0.0,0.0,0.0,0.0,0.0,0.0,0.0,0.0,0.0,0.0,0.0,0.0,0.0,0.0,0.0,0.0,0.0,0.0,0.0,0.0,0.0,0.00011457378551787351,0.0,0.0,0.0,0.0,0.0019706691109074243,0.0,0.0017415215398716773,0.003104949587534372,0.0010540788267644364,0.0009280476626947755,0.008890925756186984,0.011526122823098076,0.03298579285059578,0.0411205316223648,0.07694775435380385,0.07881530705774518,0.07478230980751605,0.05627864344637947,0.08819890009165902,0.07103574702108158,0.10446837763519706,0.08440650779101741,0.06011686526122823,0.08766040329972502,0.026306141154903758,0.02136801099908341,0.01842346471127406,0.024541704857928507,0.013405132905591201,0.004181943171402383,0.0011228230980751604,0.000687442713107241,0.0020394133822181485,0.0,0.0017071494042163154,4.5829514207149406e-05,1.1457378551787351e-05,0.0,0.0,0.0,1.1457378551787351e-05,0.0,0.0,0.0,0.0,0.0,0.0,0.0,0.0,0.0,0.0,0.0,0.0,0.0,0.0,0.0,0.0,0.0,0.0,0.0,0.0,0.0,0.0,0.0,0.0,0.0,0.0,0.0,0.0,0.0,0.0,0.0,0.0,0.0,0.0,0.0,0.0,0.0,0.0,nan,nan,4.230172717659499,2.826600645190443,nan,0.9413587262684028,0.022710899254135487,0.0,0.0,0.0,0.0,0.0,0.0,0.0,0.0,0.0,0.0,0.0,0.0,0.0,0.0,0.0,0.0,0.0,0.0,0.0,0.0,0.0,0.0,0.0,0.0,0.0,0.0,1.0591471801925725,9.834938101788172,15.144429160935355,3.961485557083907,0.9421597382534113,0.023312870606160763,0.0,0.0,0.0,0.0,0.0,0.0,0.0,0.0,0.0,0.0,0.0,0.0,0.0,0.0,0.0,0.0,0.0,0.0,0.0,0.0,0.0,0.0,0.0,0.0,0.0,0.013742556115437475,1.1131470453504353,9.331195602382044,15.144296839212096,4.397617956939992,0.4084,0.00954,0.0,0.0,0.0,0.0,0.0,0.0,0.0,0.0,0.0,0.0,0.0,5.667125171939469,24.236588720770296,0.09628610729023386,0.0,0.0,0.0,0.0,0.0,0.0,0.0,0.0,0.0,0.0,0.0,0.0,0.0,0.0,0.0,0.0,0.4084,0.00949,0.0,0.0,0.0,0.0,0.0,0.0,0.0,0.0,0.0,0.0,0.0,5.469537333944106,24.43426477324783,0.09619789280806233,0.0,0.0,0.0,0.0,0.0,0.0,0.0,0.0,0.0,0.0,0.0,0.0,0.0,0.0,0.0,0.0
14700,4585,2385,0.520174482006543,1088,917,0.4372955288985823,1278,0.5574700109051254,0.41,2.987727272727273,3.095206604674369,6.604538087520259,2.1633110215454323,8305.291594341343,434.4141851213468,7853.0,8742.243989729881,8722.499773607986,5.5342148929267125,7853.0,0.0,27.957470010905126,21.028477895106402,33.12401883830455,19.220859715765734,0.14482006543075246,0.10054525627044711,0.09334787350054526,0.08527808069792803,0.07655398037077427,0.07197382769901854,0.07066521264994548,0.06477644492911669,0.05365321701199564,0.050381679389312976,0.047110141766630316,0.04580152671755725,0.03206106870229008,0.028135223555070882,0.018538713195201745,0.010032715376226827,0.0063249727371864775,0.9415400104798304,0.023465992070769,0.0,0.0,0.0,0.0,0.0,0.0,0.0,0.0,0.0,0.0,0.0,0.0,0.0,0.0,0.0,0.0,0.0,0.0,0.0,0.0,0.0,0.0,0.0,0.0,0.0,0.01962922573609597,1.1646673936750274,9.520174482006544,14.91166848418757,4.383860414394766,4.2114208021753905,2.8845032550212255,nan,nan,nan,4.203480589022758,2.918360598284225,4.2197650310988255,2.8501039300283555,1.0038740376531283,0.4087,0.00931,0.0,0.0,0.0,0.0,0.0,0.0,0.0,0.0,0.0,0.0,0.0,5.44383860414394,24.418756815703386,0.1374045801526718,0.0,0.0,0.0,0.0,0.0,0.0,0.0,0.0,0.0,0.0,0.0,0.0,0.0,0.0,0.0,0.0,nan,nan,4.2114208021753905,2.8845032550212255,nan,0.4087,0.04276,0.0,0.0,0.0,0.0,0.0,0.0,0.0,0.0,0.0,0.0,0.0,0.0,0.0,0.0,0.0,0.0,0.0,0.0,0.0,0.0,0.0,0.00014176663031624864,0.0,0.0,1.0905125408942203e-05,0.0,0.002148309705561614,1.0905125408942203e-05,0.0018647764449291166,0.0026717557251908397,0.0008505997818974918,0.0013086150490730644,0.009127589967284624,0.01371864776444929,0.02941112322791712,0.04055616139585605,0.07805888767720828,0.07570338058887677,0.07327153762268267,0.05519083969465649,0.08567066521264995,0.07742639040348964,0.10761177753544166,0.08145038167938931,0.06109051254089422,0.088113413304253,0.026106870229007633,0.021799345692475464,0.019269356597600873,0.023936750272628135,0.01257360959651036,0.004133042529989095,0.0011559432933478735,0.000970556161395856,0.002628135223555071,6.543075245365322e-05,0.0018756815703380588,6.543075245365322e-05,0.0,0.0,0.0,0.0,1.0905125408942203e-05,0.0,0.0,0.0,0.0,0.0,0.0,0.0,0.0,0.0,0.0,0.0,0.0,0.0,0.0,0.0,0.0,0.0,0.0,0.0,0.0,0.0,0.0,0.0,0.0,0.0,0.0,0.0,0.0,0.0,0.0,0.0,0.0,0.0,0.0,0.0,0.0,0.0,0.0,nan,nan,4.2114208021753905,2.8845032550212255,nan,0.9414584828122857,0.02310733557490699,0.0,0.0,0.0,0.0,0.0,0.0,0.0,0.0,0.0,0.0,0.0,0.0,0.0,0.0,0.0,0.0,0.0,0.0,0.0,0.0,0.0,0.0,0.0,0.0,0.0,0.02515723270440252,1.0440251572327046,9.710691823899372,14.993710691823903,4.2264150943396235,0.9416283938830549,0.023848401057427828,0.0,0.0,0.0,0.0,0.0,0.0,0.0,0.0,0.0,0.0,0.0,0.0,0.0,0.0,0.0,0.0,0.0,0.0,0.0,0.0,0.0,0.0,0.0,0.0,0.0,0.01363636363636364,1.2954545454545456,9.313636363636366,14.822727272727276,4.554545454545456,0.409,0.009476,0.0,0.0,0.0,0.0,0.0,0.0,0.0,0.0,0.0,0.0,0.0,5.58490566037735,24.276729559748432,0.13836477987421386,0.0,0.0,0.0,0.0,0.0,0.0,0.0,0.0,0.0,0.0,0.0,0.0,0.0,0.0,0.0,0.0,0.4087,0.00912,0.0,0.0,0.0,0.0,0.0,0.0,0.0,0.0,0.0,0.0,0.0,5.290909090909084,24.572727272727278,0.13636363636363638,0.0,0.0,0.0,0.0,0.0,0.0,0.0,0.0,0.0,0.0,0.0,0.0,0.0,0.0,0.0,0.0
14800,4436,2310,0.5207394048692516,1092,896,0.44815148782687103,1212,0.5464382326420198,0.434,2.9835371589840074,3.1532228880367725,6.7417102966841185,2.148814813521273,8305.81067462129,434.4206348746415,7853.0,8741.062900447845,8722.55331282253,5.503576011321753,7853.0,0.0,27.62691614066727,20.663932207520602,32.6492315988137,18.8722389973974,0.14269612263300271,0.1018935978358882,0.09107303877366997,0.08656447249774572,0.07822362488728585,0.07619477006311992,0.0721370604147881,0.06379621280432822,0.06469792605951308,0.04418394950405771,0.044634806131650134,0.04238052299368801,0.03539224526600541,0.024346257889990983,0.018034265103697024,0.008566275924256087,0.005184851217312894,0.941291748389024,0.022973475829939357,0.0,0.0,0.0,0.0,0.0,0.0,0.0,0.0,0.0,0.0,0.0,0.0,0.0,0.0,0.0,0.0,0.0,0.0,0.0,0.0,0.0,0.0,0.0,0.0,0.0,0.027051397655545543,1.0414788097385033,9.954914337240758,14.824165915238957,4.152389540126241,4.305467372134038,2.897999386290299,nan,nan,nan,4.25583038869258,2.8660791108176378,4.354929577464789,2.9286245741728516,1.0232855118088138,0.4092,0.00937,0.0,0.0,0.0,0.0,0.0,0.0,0.0,0.0,0.0,0.0,0.0,4.896302975653735,24.914337240757444,0.1893597835888188,0.0,0.0,0.0,0.0,0.0,0.0,0.0,0.0,0.0,0.0,0.0,0.0,0.0,0.0,0.0,0.0,nan,nan,4.305467372134038,2.897999386290299,nan,0.4092,0.04236,0.0,0.0,0.0,0.0,0.0,0.0,0.0,0.0,0.0,0.0,0.0,0.0,0.0,0.0,0.0,0.0,0.0,0.0,0.0,0.0,0.0,9.017132551848512e-05,0.0,0.0,0.0,0.0,0.0009806131650135256,0.0,0.0017357980162308385,0.002400811541929666,0.0008228133453561767,0.001352569882777277,0.009287646528403968,0.014179440937781786,0.02962128043282236,0.037206943192064926,0.07762623985572588,0.07587917042380524,0.07268935978358881,0.05594003606853021,0.08657574391343553,0.07914788097385031,0.1122858431018936,0.0772204688908927,0.06061767357980162,0.08636158701532913,0.026713255184851216,0.02232867448151488,0.019488277727682597,0.025090171325518485,0.013356627592425608,0.00421550946798918,0.0016794409377817853,0.0009355275022542831,0.002592425608656447,7.889990982867448e-05,0.001499098286744815,0.0,0.0,0.0,0.0,0.0,0.0,0.0,0.0,0.0,0.0,0.0,0.0,0.0,0.0,0.0,0.0,0.0,0.0,0.0,0.0,0.0,0.0,0.0,0.0,0.0,0.0,0.0,0.0,0.0,0.0,0.0,0.0,0.0,0.0,0.0,0.0,0.0,0.0,0.0,0.0,0.0,0.0,0.0,0.0,nan,nan,4.305467372134038,2.897999386290299,nan,0.9414099198141139,0.02281244735051666,0.0,0.0,0.0,0.0,0.0,0.0,0.0,0.0,0.0,0.0,0.0,0.0,0.0,0.0,0.0,0.0,0.0,0.0,0.0,0.0,0.0,0.0,0.0,0.0,0.0,0.02597402597402598,1.038961038961039,9.987012987012989,14.896103896103899,4.051948051948052,0.9411633495216872,0.023146487220839423,0.0,0.0,0.0,0.0,0.0,0.0,0.0,0.0,0.0,0.0,0.0,0.0,0.0,0.0,0.0,0.0,0.0,0.0,0.0,0.0,0.0,0.0,0.0,0.0,0.0,0.02822201317027282,1.0442144873000943,9.920037629350896,14.746001881467548,4.261523988711196,0.4092,0.00938,0.0,0.0,0.0,0.0,0.0,0.0,0.0,0.0,0.0,0.0,0.0,5.025974025974019,24.818181818181824,0.15584415584415587,0.0,0.0,0.0,0.0,0.0,0.0,0.0,0.0,0.0,0.0,0.0,0.0,0.0,0.0,0.0,0.0,0.4092,0.00936,0.0,0.0,0.0,0.0,0.0,0.0,0.0,0.0,0.0,0.0,0.0,4.7554092191909625,25.018814675446855,0.22577610536218257,0.0,0.0,0.0,0.0,0.0,0.0,0.0,0.0,0.0,0.0,0.0,0.0,0.0,0.0,0.0,0.0
14900,4585,2356,0.5138495092693566,1137,905,0.4453653217011996,1284,0.5600872410032716,0.426,3.016150740242261,3.13731064255693,6.636085626911315,2.14796268568382,8299.70161715161,434.5140783889733,7853.0,8740.417750561237,8722.323817758965,5.660410075165366,7853.0,0.0,28.144601962922575,20.906246184592067,33.06659756413578,19.123796342038062,0.1400218102508179,0.09509269356597601,0.09051254089422028,0.09029443838604144,0.08309705561613959,0.0737186477644493,0.06477644492911669,0.0682660850599782,0.05670665212649945,0.055179934569247545,0.04187568157033806,0.04296619411123228,0.03555070883315158,0.028353326063249727,0.016357688113413305,0.009814612868047983,0.007415485278080698,0.940941667673762,0.023301082317616295,0.0,0.0,0.0,0.0,0.0,0.0,0.0,0.0,0.0,0.0,0.0,0.0,0.0,0.0,0.0,0.0,0.0,0.0,0.0,0.0,0.0,0.0,0.0,0.0,0.0,0.026172300981461293,1.21701199563795,9.853871319520175,14.806979280261727,4.095965103598692,4.300870147255689,2.9265047924798178,nan,nan,nan,4.2948632421614406,2.9439584845944706,4.306917394224311,2.9088155709986627,1.002806643979845,0.4094,0.00943,0.0,0.0,0.0,0.0,0.0,0.0,0.0,0.0,0.0,0.0,0.0,4.737186477644486,25.066521264994552,0.1962922573609597,0.0,0.0,0.0,0.0,0.0,0.0,0.0,0.0,0.0,0.0,0.0,0.0,0.0,0.0,0.0,0.0,nan,nan,4.300870147255689,2.9265047924798178,nan,0.4094,0.0424,0.0,0.0,0.0,0.0,0.0,0.0,0.0,0.0,0.0,0.0,0.0,0.0,0.0,0.0,0.0,0.0,0.0,0.0,0.0,0.0,0.0,0.0,0.0,0.0,0.0,0.0,0.0009051254089422028,1.0905125408942203e-05,0.0015376226826608506,0.002846237731733915,0.0006215921483097056,0.0013740458015267176,0.008582333696837514,0.014187568157033805,0.030021810250817883,0.036205016357688115,0.0797928026172301,0.0760196292257361,0.07297709923664122,0.05435114503816794,0.08774263904034896,0.07748091603053435,0.11125408942202836,0.07848418756815703,0.06003271537622683,0.083773173391494,0.029476553980370773,0.022366412213740458,0.019280261723009815,0.02534351145038168,0.014929116684841875,0.0037295528898582332,0.0019083969465648854,0.0004471101417666303,0.003009814612868048,5.452562704471101e-05,0.0012540894220283534,0.0,0.0,0.0,0.0,0.0,0.0,0.0,0.0,0.0,0.0,0.0,0.0,0.0,0.0,0.0,0.0,0.0,0.0,0.0,0.0,0.0,0.0,0.0,0.0,0.0,0.0,0.0,0.0,0.0,0.0,0.0,0.0,0.0,0.0,0.0,0.0,0.0,0.0,0.0,0.0,0.0,0.0,0.0,0.0,nan,nan,4.300870147255689,2.9265047924798178,nan,0.940408319513138,0.02346510932210864,0.0,0.0,0.0,0.0,0.0,0.0,0.0,0.0,0.0,0.0,0.0,0.0,0.0,0.0,0.0,0.0,0.0,0.0,0.0,0.0,0.0,0.0,0.0,0.0,0.0,0.03820033955857386,1.2606112054329375,10.0339558573854,14.567062818336167,4.100169779286928,0.9415054039978671,0.023113069733854106,0.0,0.0,0.0,0.0,0.0,0.0,0.0,0.0,0.0,0.0,0.0,0.0,0.0,0.0,0.0,0.0,0.0,0.0,0.0,0.0,0.0,0.0,0.0,0.0,0.0,0.013458950201884257,1.1709286675639303,9.663526244952894,15.060565275908482,4.091520861372814,0.4092,0.00947,0.0,0.0,0.0,0.0,0.0,0.0,0.0,0.0,0.0,0.0,0.0,4.8259762308998235,25.008488964346355,0.16553480475382007,0.0,0.0,0.0,0.0,0.0,0.0,0.0,0.0,0.0,0.0,0.0,0.0,0.0,0.0,0.0,0.0,0.4094,0.009384,0.0,0.0,0.0,0.0,0.0,0.0,0.0,0.0,0.0,0.0,0.0,4.6433378196500605,25.127860026917908,0.22880215343203236,0.0,0.0,0.0,0.0,0.0,0.0,0.0,0.0,0.0,0.0,0.0,0.0,0.0,0.0,0.0,0.0
15000,4553,2370,0.5205359103887547,1090,927,0.4430046123435098,1278,0.5613880957610367,0.43,3.0196976637654602,3.148933535300168,6.645320197044335,2.286315814625399,8305.68815161732,434.48117255850633,7853.0,8742.638742351532,8722.657871018419,5.653559562229887,7853.0,0.0,27.97144739732045,20.92576426233997,32.944270015698585,19.15790733010256,0.14232374258730507,0.0988359323522952,0.09268614100593016,0.08609707884911047,0.07906874588183616,0.06742806940478806,0.07643312101910828,0.06654952778387876,0.05798374698001318,0.052932132659784754,0.042609268614100596,0.04063254996705469,0.03536130024159895,0.02591697781682407,0.01822973863386778,0.009005051614320228,0.007906874588183616,0.9420860954857961,0.02339990758388137,0.0,0.0,0.0,0.0,0.0,0.0,0.0,0.0,0.0,0.0,0.0,0.0,0.0,0.0,0.0,0.0,0.0,0.0,0.0,0.0,0.0,0.0,0.0,0.0,0.0,0.019767186470459042,1.212387436854821,9.435537008565783,14.871513287942019,4.460795080166924,4.353383458646617,2.9328670838325364,nan,nan,nan,4.387474191328287,2.8801300955028846,4.322010869565218,2.983351318037883,0.9850794970161978,0.4087,0.00919,0.0,0.0,0.0,0.0,0.0,0.0,0.0,0.0,0.0,0.0,0.0,5.099934109378425,24.75510652317154,0.14495936745003296,0.0,0.0,0.0,0.0,0.0,0.0,0.0,0.0,0.0,0.0,0.0,0.0,0.0,0.0,0.0,0.0,nan,nan,4.353383458646617,2.9328670838325364,nan,0.4087,0.04205,0.0,0.0,0.0,0.0,0.0,0.0,0.0,0.0,0.0,0.0,0.0,0.0,0.0,0.0,0.0,0.0,0.0,0.0,0.0,0.0,0.0,0.0,0.0,0.0,0.0,0.0,0.0010542499450911487,0.0,0.001405666593454865,0.002690533714034702,0.0009773775532615858,0.0013617395124094003,0.008950142763013398,0.01522073358225346,0.030254777070063694,0.03531737316055348,0.08177026136613222,0.07555457939819898,0.07320448056226664,0.05451350757742148,0.08647045903799692,0.07492861849330112,0.11315616077311663,0.08269273006808697,0.06047660882934329,0.08280254777070063,0.031133318690972984,0.022380847792664176,0.01808697562047002,0.022984845157039316,0.012837689435537009,0.004151109158796398,0.0016362837689435537,0.00028552602679551945,0.002635624862727872,0.00018669009444322425,0.0008785416209092906,0.0,0.0,0.0,0.0,0.0,0.0,0.0,0.0,0.0,0.0,0.0,0.0,0.0,0.0,0.0,0.0,0.0,0.0,0.0,0.0,0.0,0.0,0.0,0.0,0.0,0.0,0.0,0.0,0.0,0.0,0.0,0.0,0.0,0.0,0.0,0.0,0.0,0.0,0.0,0.0,0.0,0.0,0.0,0.0,nan,nan,4.353383458646617,2.9328670838325364,nan,0.9421126090273072,0.023611713363358797,0.0,0.0,0.0,0.0,0.0,0.0,0.0,0.0,0.0,0.0,0.0,0.0,0.0,0.0,0.0,0.0,0.0,0.0,0.0,0.0,0.0,0.0,0.0,0.0,0.0,0.025316455696202538,1.2658227848101267,9.455696202531646,14.696202531645573,4.556962025316457,0.9420573107430654,0.023167731562950527,0.0,0.0,0.0,0.0,0.0,0.0,0.0,0.0,0.0,0.0,0.0,0.0,0.0,0.0,0.0,0.0,0.0,0.0,0.0,0.0,0.0,0.0,0.0,0.0,0.0,0.013742556115437475,1.1543747136967477,9.41365093907467,15.061841502519473,4.356390288593679,0.409,0.00919,0.0,0.0,0.0,0.0,0.0,0.0,0.0,0.0,0.0,0.0,0.0,4.822784810126575,25.000000000000007,0.17721518987341778,0.0,0.0,0.0,0.0,0.0,0.0,0.0,0.0,0.0,0.0,0.0,0.0,0.0,0.0,0.0,0.0,0.4087,0.00919,0.0,0.0,0.0,0.0,0.0,0.0,0.0,0.0,0.0,0.0,0.0,5.400824553366919,24.48923499770958,0.1099404489234998,0.0,0.0,0.0,0.0,0.0,0.0,0.0,0.0,0.0,0.0,0.0,0.0,0.0,0.0,0.0,0.0
15100,4755,2448,0.5148264984227129,1164,963,0.4473186119873817,1316,0.5535226077812828,0.422,2.953619419159081,3.0820338252770236,6.567901234567901,2.111481088077068,8300.820964965726,434.7511393713632,7853.0,8740.89422621727,8722.848320429746,5.549593244237497,7853.0,0.0,27.93606729758149,20.776546696469843,32.80049937578028,19.023775117616772,0.14027339642481598,0.09442691903259727,0.09589905362776026,0.08601472134595163,0.08264984227129338,0.076130389064143,0.0694006309148265,0.06140904311251314,0.06351209253417456,0.04879074658254469,0.04710830704521556,0.043533123028391164,0.029022082018927444,0.027339642481598318,0.01871713985278654,0.010725552050473186,0.005047318611987382,0.9424301744384845,0.023302705863397985,0.0,0.0,0.0,0.0,0.0,0.0,0.0,0.0,0.0,0.0,0.0,0.0,0.0,0.0,0.0,0.0,0.0,0.0,0.0,0.0,0.0,0.0,0.0,0.0,0.0,0.018927444794952685,0.9905362776025238,9.463722397476342,14.99684542586751,4.529968454258676,4.232504905166776,2.8882437455016117,nan,nan,nan,4.255055446836269,2.861817982659872,4.2098360655737705,2.9143908014570226,0.9893727868349824,0.409,0.00915,0.0,0.0,0.0,0.0,0.0,0.0,0.0,0.0,0.0,0.0,0.0,5.104100946372232,24.76971608832808,0.12618296529968456,0.0,0.0,0.0,0.0,0.0,0.0,0.0,0.0,0.0,0.0,0.0,0.0,0.0,0.0,0.0,0.0,nan,nan,4.232504905166776,2.8882437455016117,nan,0.409,0.04205,0.0,0.0,0.0,0.0,0.0,0.0,0.0,0.0,0.0,0.0,0.0,0.0,0.0,0.0,0.0,0.0,0.0,0.0,0.0,0.0,0.0,0.0,0.0,0.0,0.0,0.0,0.0010094637223974764,0.0,0.0015247108307045215,0.0024500525762355414,0.0010725552050473185,0.0012933753943217665,0.009116719242902208,0.014353312302839117,0.032124079915878026,0.033259726603575186,0.07906414300736067,0.07861198738170347,0.0720820189274448,0.053364879074658256,0.08818086225026288,0.07631966351209253,0.11072555205047319,0.08327024185068349,0.06076761303890641,0.08344900105152471,0.03192429022082019,0.022176656151419557,0.017802313354363827,0.024279705573080967,0.011451104100946373,0.003995793901156677,0.0019663512092534174,0.0003890641430073607,0.0028811777076761303,0.00012618296529968455,0.0009568874868559411,1.0515247108307046e-05,0.0,0.0,0.0,0.0,0.0,0.0,0.0,0.0,0.0,0.0,0.0,0.0,0.0,0.0,0.0,0.0,0.0,0.0,0.0,0.0,0.0,0.0,0.0,0.0,0.0,0.0,0.0,0.0,0.0,0.0,0.0,0.0,0.0,0.0,0.0,0.0,0.0,0.0,0.0,0.0,0.0,0.0,0.0,nan,nan,4.232504905166776,2.8882437455016117,nan,0.9429339506949475,0.023104624672439397,0.0,0.0,0.0,0.0,0.0,0.0,0.0,0.0,0.0,0.0,0.0,0.0,0.0,0.0,0.0,0.0,0.0,0.0,0.0,0.0,0.0,0.0,0.0,0.0,0.0,0.012254901960784317,0.8578431372549021,9.1421568627451,15.269607843137258,4.718137254901961,0.9418956082157619,0.02349926131621474,0.0,0.0,0.0,0.0,0.0,0.0,0.0,0.0,0.0,0.0,0.0,0.0,0.0,0.0,0.0,0.0,0.0,0.0,0.0,0.0,0.0,0.0,0.0,0.0,0.0,0.026007802340702216,1.1313394018205463,9.804941482444734,14.707412223667104,4.3302990897269185,0.409,0.00944,0.0,0.0,0.0,0.0,0.0,0.0,0.0,0.0,0.0,0.0,0.0,5.269607843137248,24.595588235294123,0.13480392156862747,0.0,0.0,0.0,0.0,0.0,0.0,0.0,0.0,0.0,0.0,0.0,0.0,0.0,0.0,0.0,0.0,0.409,0.00883,0.0,0.0,0.0,0.0,0.0,0.0,0.0,0.0,0.0,0.0,0.0,4.928478543563062,24.954486345903778,0.11703511053315997,0.0,0.0,0.0,0.0,0.0,0.0,0.0,0.0,0.0,0.0,0.0,0.0,0.0,0.0,0.0,0.0
15200,4646,2430,0.5230305639259578,1144,938,0.44812742143779594,1273,0.5479982780886784,0.438,2.967509025270758,3.126807105644882,6.615136876006441,2.243264282936968,8307.934522415748,434.4593730580306,7853.0,8740.600049698352,8722.804852322455,5.550135807703505,7853.0,0.0,27.618596642272923,20.702919625664222,32.582219938335044,18.95361819704718,0.14291863969005597,0.10051657339647008,0.08803271631510977,0.09405940594059406,0.08480413258717176,0.07210503659061558,0.06629358588032716,0.06284976323719328,0.05488592337494619,0.057684029272492464,0.04606112785191563,0.04024967714162721,0.03250107619457598,0.02410675850193715,0.01743435213086526,0.009900990099009901,0.005596211795092553,0.9420478381681586,0.023155558757671255,0.0,0.0,0.0,0.0,0.0,0.0,0.0,0.0,0.0,0.0,0.0,0.0,0.0,0.0,0.0,0.0,0.0,0.0,0.0,0.0,0.0,0.0,0.0,0.0,0.0,0.012914334911752048,1.0718897976754198,9.614722341799398,14.903142488161862,4.397331037451572,4.20060281312793,2.939604096151152,nan,nan,nan,4.214953271028038,2.9280177165021013,4.186155913978495,2.9511519087627556,0.9931678110769377,0.4092,0.00921,0.0,0.0,0.0,0.0,0.0,0.0,0.0,0.0,0.0,0.0,0.0,4.752475247524745,25.07963839862248,0.16788635385277664,0.0,0.0,0.0,0.0,0.0,0.0,0.0,0.0,0.0,0.0,0.0,0.0,0.0,0.0,0.0,0.0,nan,nan,4.20060281312793,2.939604096151152,nan,0.4092,0.0422,0.0,0.0,0.0,0.0,0.0,0.0,0.0,0.0,0.0,0.0,0.0,0.0,0.0,0.0,0.0,0.0,0.0,0.0,0.0,0.0,0.0,0.0,0.0,0.0,0.0,0.0,0.000871717606543263,0.0,0.0013882910030133448,0.0024752475247524753,0.0010223848471803702,0.0010008609556607835,0.009373654756780026,0.015335772707705553,0.03087602238484718,0.03471803702109341,0.0766358157554886,0.07827163151097719,0.07317046922083513,0.05520878174773999,0.08716099870856651,0.0756564786913474,0.11251614291863969,0.08413689195006457,0.0590938441670254,0.07811020232458028,0.033469651312957385,0.023568661213947482,0.017348256564786915,0.025053809728798965,0.012440809298321136,0.005025828669823504,0.002034007748600947,0.00043047783039173483,0.0026043908738699957,0.00019371502367628067,0.0008071459319845028,0.0,0.0,0.0,0.0,0.0,0.0,0.0,0.0,0.0,0.0,0.0,0.0,0.0,0.0,0.0,0.0,0.0,0.0,0.0,0.0,0.0,0.0,0.0,0.0,0.0,0.0,0.0,0.0,0.0,0.0,0.0,0.0,0.0,0.0,0.0,0.0,0.0,0.0,0.0,0.0,0.0,0.0,0.0,0.0,nan,nan,4.20060281312793,2.939604096151152,nan,0.9424891160594092,0.023115381301575828,0.0,0.0,0.0,0.0,0.0,0.0,0.0,0.0,0.0,0.0,0.0,0.0,0.0,0.0,0.0,0.0,0.0,0.0,0.0,0.0,0.0,0.0,0.0,0.0,0.0,0.0,0.9506172839506175,9.481481481481483,14.92592592592593,4.641975308641976,0.9415639458957131,0.023189885649079648,0.0,0.0,0.0,0.0,0.0,0.0,0.0,0.0,0.0,0.0,0.0,0.0,0.0,0.0,0.0,0.0,0.0,0.0,0.0,0.0,0.0,0.0,0.0,0.0,0.0,0.027075812274368238,1.2048736462093865,9.76083032490975,14.878158844765347,4.129061371841156,0.4092,0.00909,0.0,0.0,0.0,0.0,0.0,0.0,0.0,0.0,0.0,0.0,0.0,4.469135802469129,25.382716049382722,0.14814814814814817,0.0,0.0,0.0,0.0,0.0,0.0,0.0,0.0,0.0,0.0,0.0,0.0,0.0,0.0,0.0,0.0,0.409,0.009346,0.0,0.0,0.0,0.0,0.0,0.0,0.0,0.0,0.0,0.0,0.0,5.063176895306852,24.74729241877257,0.18953068592057767,0.0,0.0,0.0,0.0,0.0,0.0,0.0,0.0,0.0,0.0,0.0,0.0,0.0,0.0,0.0,0.0
15300,4875,2521,0.5171282051282051,1137,1017,0.44184615384615383,1401,0.5747692307692308,0.40599999999999997,2.981733220050977,3.1237717741622477,6.556732223903177,2.2081963058727916,8302.738874228824,434.60660606368884,7853.0,8741.572936677932,8722.68544699148,5.666257562655773,7853.0,0.0,27.667692307692306,20.79398168128787,32.7449004669452,19.013461663380596,0.14564102564102563,0.09907692307692308,0.09415384615384616,0.08758974358974358,0.07692307692307693,0.07671794871794872,0.07015384615384615,0.06235897435897436,0.056,0.05333333333333334,0.043897435897435895,0.042666666666666665,0.033435897435897435,0.02605128205128205,0.01558974358974359,0.010051282051282051,0.006358974358974359,0.9421610364547143,0.02343818493296815,0.0,0.0,0.0,0.0,0.0,0.0,0.0,0.0,0.0,0.0,0.0,0.0,0.0,0.0,0.0,0.0,0.0,0.0,0.0,0.0,0.0,0.0,0.0,0.0,0.0,0.012307692307692311,1.0646153846153847,9.686153846153848,14.923076923076927,4.313846153846154,4.353224254090471,2.896354179253626,nan,nan,nan,4.396518375241779,2.8681695638203593,4.308626198083067,2.923511996523779,0.9800086864975563,0.409,0.00928,0.0,0.0,0.0,0.0,0.0,0.0,0.0,0.0,0.0,0.0,0.0,5.003076923076915,24.83692307692308,0.16000000000000006,0.0,0.0,0.0,0.0,0.0,0.0,0.0,0.0,0.0,0.0,0.0,0.0,0.0,0.0,0.0,0.0,nan,nan,4.353224254090471,2.896354179253626,nan,0.409,0.04245,0.0,0.0,0.0,0.0,0.0,0.0,0.0,0.0,0.0,0.0,0.0,0.0,0.0,0.0,0.0,0.0,0.0,0.0,0.0,0.0,0.0,0.0,0.0,0.0,0.0,0.0,0.0010461538461538462,0.0,0.0014666666666666667,0.0025846153846153844,0.0008,0.0005025641025641026,0.00882051282051282,0.015743589743589744,0.03238974358974359,0.0349948717948718,0.07864615384615385,0.07814358974358974,0.07366153846153846,0.05797948717948718,0.08536410256410257,0.07163076923076923,0.11167179487179488,0.08311794871794871,0.0613948717948718,0.07802051282051282,0.0312,0.024143589743589742,0.017466666666666665,0.02513846153846154,0.012605128205128205,0.004851282051282052,0.0017025641025641026,0.0006153846153846154,0.0033333333333333335,2.0512820512820512e-05,0.0009435897435897436,0.0,0.0,0.0,0.0,0.0,0.0,0.0,0.0,0.0,0.0,0.0,0.0,0.0,0.0,0.0,0.0,0.0,0.0,0.0,0.0,0.0,0.0,0.0,0.0,0.0,0.0,0.0,0.0,0.0,0.0,0.0,0.0,0.0,0.0,0.0,0.0,0.0,0.0,0.0,0.0,0.0,0.0,0.0,0.0,nan,nan,4.353224254090471,2.896354179253626,nan,0.9422861827077113,0.023485934739072584,0.0,0.0,0.0,0.0,0.0,0.0,0.0,0.0,0.0,0.0,0.0,0.0,0.0,0.0,0.0,0.0,0.0,0.0,0.0,0.0,0.0,0.0,0.0,0.0,0.0,0.011900039666798892,0.9996033320111068,9.900833002776679,14.506148353827848,4.581515271717573,0.9420270119416279,0.02338619686471847,0.0,0.0,0.0,0.0,0.0,0.0,0.0,0.0,0.0,0.0,0.0,0.0,0.0,0.0,0.0,0.0,0.0,0.0,0.0,0.0,0.0,0.0,0.0,0.0,0.0,0.012744265080713682,1.1342395921835176,9.456244689889552,15.3695836873407,4.0271877655055235,0.4087,0.00919,0.0,0.0,0.0,0.0,0.0,0.0,0.0,0.0,0.0,0.0,0.0,4.9980166600555265,24.847282824276085,0.1547005156683856,0.0,0.0,0.0,0.0,0.0,0.0,0.0,0.0,0.0,0.0,0.0,0.0,0.0,0.0,0.0,0.0,0.409,0.00938,0.0,0.0,0.0,0.0,0.0,0.0,0.0,0.0,0.0,0.0,0.0,5.0084961767204685,24.825828377230252,0.16567544604927786,0.0,0.0,0.0,0.0,0.0,0.0,0.0,0.0,0.0,0.0,0.0,0.0,0.0,0.0,0.0,0.0
15400,4709,2440,0.5181567211722234,1109,920,0.43087704395837756,1316,0.5589297090677426,0.422,3.020713970912296,3.08410291786877,6.451612903225806,2.0156656358949854,8303.468047508435,434.4151187018091,7853.0,8741.630736911296,8722.366408080827,5.586089104452618,7853.0,0.0,28.260352516457846,21.02894085127853,32.90872718179545,19.412177351155563,0.12975153960501168,0.10554257804204714,0.09980887661923975,0.08834147377362497,0.07305160331280526,0.07390104056062859,0.06689318326608622,0.06009768528349968,0.05691229560416224,0.05669993629220641,0.0471437672541941,0.04310894032703334,0.03928647271182841,0.021660649819494584,0.018899978764068806,0.010830324909747292,0.008069653854321512,0.9408158988273176,0.02345756771989406,0.0,0.0,0.0,0.0,0.0,0.0,0.0,0.0,0.0,0.0,0.0,0.0,0.0,0.0,0.0,0.0,0.0,0.0,0.0,0.0,0.0,0.0,0.0,0.0,0.0,0.02548311743469952,1.2550435336589512,10.142280739010408,14.372478233170527,4.20471437672542,4.323617091752236,2.8415612588848727,nan,nan,nan,4.42838107928048,2.897488053355103,4.220171390903098,2.7821901280575263,0.9529828881819693,0.4092,0.00926,0.0,0.0,0.0,0.0,0.0,0.0,0.0,0.0,0.0,0.0,0.0,5.064769590146521,24.80781482267998,0.12741558717349757,0.0,0.0,0.0,0.0,0.0,0.0,0.0,0.0,0.0,0.0,0.0,0.0,0.0,0.0,0.0,0.0,nan,nan,4.323617091752236,2.8415612588848727,nan,0.4092,0.04257,0.0,0.0,0.0,0.0,0.0,0.0,0.0,0.0,0.0,0.0,0.0,0.0,0.0,0.0,0.0,0.0,0.0,0.0,0.0,0.0,0.0,0.0,3.185389679337439e-05,0.0,0.0,0.0,0.0008919091102144829,0.0,0.0014758972180930134,0.002665109365045657,0.0010511785941813548,0.0004565725207050329,0.008664259927797834,0.016532172435761307,0.030208112125716714,0.03553833085580803,0.08074962837120407,0.07712890210235719,0.07510087067317901,0.05444892758547462,0.08517732002548312,0.07217031216818857,0.11036313442344446,0.08397748991293268,0.06464217455935443,0.07641749840730516,0.033531535357825444,0.021076661711616054,0.01755149713314929,0.026003397748991294,0.011647908260777235,0.005086005521342111,0.0018156721172223403,0.0004671904863028244,0.0038118496496071354,6.370779358674878e-05,0.001242301974941601,0.0,1.0617965597791463e-05,0.0,0.0,0.0,0.0,0.0,0.0,0.0,0.0,0.0,0.0,0.0,0.0,0.0,0.0,0.0,0.0,0.0,0.0,0.0,0.0,0.0,0.0,0.0,0.0,0.0,0.0,0.0,0.0,0.0,0.0,0.0,0.0,0.0,0.0,0.0,0.0,0.0,0.0,0.0,0.0,0.0,0.0,nan,nan,4.323617091752236,2.8415612588848727,nan,0.9407408094064134,0.023388388339757378,0.0,0.0,0.0,0.0,0.0,0.0,0.0,0.0,0.0,0.0,0.0,0.0,0.0,0.0,0.0,0.0,0.0,0.0,0.0,0.0,0.0,0.0,0.0,0.0,0.0,0.012295081967213118,1.2540983606557379,10.266393442622954,14.274590163934429,4.192622950819673,0.9408966472570252,0.023531466385936683,0.0,0.0,0.0,0.0,0.0,0.0,0.0,0.0,0.0,0.0,0.0,0.0,0.0,0.0,0.0,0.0,0.0,0.0,0.0,0.0,0.0,0.0,0.0,0.0,0.0,0.039665050683120325,1.2560599382988102,10.00881445570736,14.477743499338919,4.217717055971795,0.409,0.0092,0.0,0.0,0.0,0.0,0.0,0.0,0.0,0.0,0.0,0.0,0.0,5.163934426229501,24.713114754098367,0.12295081967213117,0.0,0.0,0.0,0.0,0.0,0.0,0.0,0.0,0.0,0.0,0.0,0.0,0.0,0.0,0.0,0.0,0.4092,0.00932,0.0,0.0,0.0,0.0,0.0,0.0,0.0,0.0,0.0,0.0,0.0,4.958131335390032,24.909651828999564,0.1322168356104011,0.0,0.0,0.0,0.0,0.0,0.0,0.0,0.0,0.0,0.0,0.0,0.0,0.0,0.0,0.0,0.0
15500,4777,2442,0.5111994975926314,1149,975,0.44463052124764496,1335,0.558928197613565,0.418,2.9117773019271946,3.0963006264329778,6.62063492063492,2.15227150070543,8297.597727869044,434.7675550753492,7853.0,8740.332093203067,8722.71471991418,5.728982971178049,7853.0,0.0,28.015490893866442,20.921130710603173,32.9573884874159,19.175892549731053,0.1387900355871886,0.1011094829390831,0.09838810969227549,0.07933849696462215,0.07808247854301863,0.07515176889261042,0.0711743772241993,0.06301025748377644,0.06154490265857233,0.05149675528574419,0.0483567092317354,0.03747121624450492,0.03558718861209965,0.022608331588863304,0.019049612727653337,0.012769520619635755,0.006070755704416998,0.9420130489285281,0.023558343347624244,0.0,0.0,0.0,0.0,0.0,0.0,0.0,0.0,0.0,0.0,0.0,0.0,0.0,0.0,0.0,0.0,0.0,0.0,0.0,0.0,0.0,0.0,0.0,0.0,0.0,0.012560184216035171,1.0738957504710072,9.840904333263556,14.557253506384763,4.515386225664644,4.329208726799088,2.878646723895084,nan,nan,nan,4.233834095362508,2.8388330039307603,4.426900584795321,2.9133608462162845,1.0456008632091387,0.409,0.00961,0.0,0.0,0.0,0.0,0.0,0.0,0.0,0.0,0.0,0.0,0.0,5.306677831274851,24.56144023445678,0.1318819342683693,0.0,0.0,0.0,0.0,0.0,0.0,0.0,0.0,0.0,0.0,0.0,0.0,0.0,0.0,0.0,0.0,nan,nan,4.329208726799088,2.878646723895084,nan,0.409,0.0427,0.0,0.0,0.0,0.0,0.0,0.0,0.0,0.0,0.0,0.0,0.0,0.0,0.0,0.0,0.0,0.0,0.0,0.0,0.0,0.0,0.0,0.0,6.280092108017584e-05,0.0,0.0,0.0,0.0014234875444839859,0.0,0.001737492149884865,0.002826041448607913,0.0007536110529621101,0.0004710069081013188,0.008729328030144442,0.014821017374921499,0.030039773916684113,0.036016328239480845,0.07968390203056311,0.07930709650408206,0.07520410299351057,0.05740004186728072,0.08399623194473518,0.07430395645802805,0.10881306259158467,0.08167259786476869,0.06333472890935733,0.07895122461796106,0.03143186100062801,0.02070337031609797,0.01695624869164748,0.026784592840694996,0.011764705882352941,0.0052648105505547415,0.002020096294745656,0.0006594096713418464,0.0038308561858907265,0.0,0.0009943479171027841,2.0933640360058613e-05,0.0,0.0,0.0,2.0933640360058613e-05,0.0,0.0,0.0,0.0,0.0,0.0,0.0,0.0,0.0,0.0,0.0,0.0,0.0,0.0,0.0,0.0,0.0,0.0,0.0,0.0,0.0,0.0,0.0,0.0,0.0,0.0,0.0,0.0,0.0,0.0,0.0,0.0,0.0,0.0,0.0,0.0,0.0,0.0,0.0,nan,nan,4.329208726799088,2.878646723895084,nan,0.94225458125908,0.023789212709335372,0.0,0.0,0.0,0.0,0.0,0.0,0.0,0.0,0.0,0.0,0.0,0.0,0.0,0.0,0.0,0.0,0.0,0.0,0.0,0.0,0.0,0.0,0.0,0.0,0.0,0.024570024570024575,1.0442260442260445,9.754299754299756,14.459459459459463,4.717444717444718,0.9417604485211587,0.023311771959367785,0.0,0.0,0.0,0.0,0.0,0.0,0.0,0.0,0.0,0.0,0.0,0.0,0.0,0.0,0.0,0.0,0.0,0.0,0.0,0.0,0.0,0.0,0.0,0.0,0.0,0.0,1.1049250535331907,9.931477516059958,14.659528907922915,4.304068522483941,0.409,0.00959,0.0,0.0,0.0,0.0,0.0,0.0,0.0,0.0,0.0,0.0,0.0,5.221130221130213,24.656019656019662,0.12285012285012287,0.0,0.0,0.0,0.0,0.0,0.0,0.0,0.0,0.0,0.0,0.0,0.0,0.0,0.0,0.0,0.0,0.409,0.009636,0.0,0.0,0.0,0.0,0.0,0.0,0.0,0.0,0.0,0.0,0.0,5.3961456102783645,24.462526766595296,0.14132762312633834,0.0,0.0,0.0,0.0,0.0,0.0,0.0,0.0,0.0,0.0,0.0,0.0,0.0,0.0,0.0,0.0
15600,4746,2453,0.5168563000421408,1154,979,0.44943109987357777,1319,0.5558364938895912,0.418,2.9411251635412126,3.061589898560581,6.4416,2.1887415196865985,8302.546843576154,434.6572316064058,7853.0,8743.147748792171,8722.771430742936,5.610979486714557,7853.0,0.0,28.16308470290771,21.1402206240147,33.34940671547589,19.293520796828073,0.14369995785924988,0.09671302149178256,0.09334176148335441,0.08175305520438264,0.07964601769911504,0.07479983143699957,0.06468605141171513,0.06995364517488412,0.058997050147492625,0.0493046776232617,0.046354825115887066,0.04003371260008428,0.036241045090602615,0.024863042562157607,0.021281078803202697,0.010956595027391488,0.007374631268436578,0.9422197359627026,0.023614782252692864,0.0,0.0,0.0,0.0,0.0,0.0,0.0,0.0,0.0,0.0,0.0,0.0,0.0,0.0,0.0,0.0,0.0,0.0,0.0,0.0,0.0,0.0,0.0,0.0,0.0,0.02528445006321113,1.0809102402022759,9.601769911504427,14.702907711757272,4.58912768647282,4.228469288267793,2.872458738412602,nan,nan,nan,4.206542655548429,2.8825071566194618,4.25098814229249,2.861927347231995,1.010565799608721,0.4092,0.00917,0.0,0.0,0.0,0.0,0.0,0.0,0.0,0.0,0.0,0.0,0.0,4.65233881163084,25.17067003792668,0.17699115044247793,0.0,0.0,0.0,0.0,0.0,0.0,0.0,0.0,0.0,0.0,0.0,0.0,0.0,0.0,0.0,0.0,nan,nan,4.228469288267793,2.872458738412602,nan,0.4092,0.0431,0.0,0.0,0.0,0.0,0.0,0.0,0.0,0.0,0.0,0.0,0.0,0.0,0.0,0.0,0.0,0.0,0.0,0.0,0.0,0.0,0.0,0.0,0.0,0.0,0.0,0.0,0.0018963337547408343,0.0,0.0022545301306363254,0.002981458069953645,0.0008744205646860514,0.000337126000842815,0.00855457227138643,0.014338390223345975,0.030878634639696586,0.03583017277707543,0.07988832701222082,0.07488411293721028,0.07502107037505268,0.056679308891698275,0.08435524652338812,0.0740834386852086,0.10606826801517066,0.0836283185840708,0.06639275179098188,0.07910872313527181,0.0306047197640118,0.02054361567635904,0.01789928360724821,0.026949009692372523,0.012631689844079225,0.0053413400758533505,0.0022018541930046353,0.001000842815002107,0.003761061946902655,0.0,0.000990307627475769,2.1070375052675938e-05,0.0,0.0,0.0,0.0,0.0,0.0,0.0,0.0,0.0,0.0,0.0,0.0,0.0,0.0,0.0,0.0,0.0,0.0,0.0,0.0,0.0,0.0,0.0,0.0,0.0,0.0,0.0,0.0,0.0,0.0,0.0,0.0,0.0,0.0,0.0,0.0,0.0,0.0,0.0,0.0,0.0,0.0,0.0,nan,nan,4.228469288267793,2.872458738412602,nan,0.9422329598866916,0.02335161792730042,0.0,0.0,0.0,0.0,0.0,0.0,0.0,0.0,0.0,0.0,0.0,0.0,0.0,0.0,0.0,0.0,0.0,0.0,0.0,0.0,0.0,0.0,0.0,0.0,0.0,0.03668976763147167,1.027313493681207,9.539339584182635,15.042804728903386,4.353852425601305,0.9422055893052471,0.02389309266911256,0.0,0.0,0.0,0.0,0.0,0.0,0.0,0.0,0.0,0.0,0.0,0.0,0.0,0.0,0.0,0.0,0.0,0.0,0.0,0.0,0.0,0.0,0.0,0.0,0.0,0.013083296990841695,1.1382468382032274,9.668556476232013,14.339293501962498,4.840819886611427,0.4092,0.009056,0.0,0.0,0.0,0.0,0.0,0.0,0.0,0.0,0.0,0.0,0.0,4.573991031390128,25.279249898083986,0.1467590705258867,0.0,0.0,0.0,0.0,0.0,0.0,0.0,0.0,0.0,0.0,0.0,0.0,0.0,0.0,0.0,0.0,0.4092,0.0093,0.0,0.0,0.0,0.0,0.0,0.0,0.0,0.0,0.0,0.0,0.0,4.7361535106846855,25.054513737461846,0.20933275185346711,0.0,0.0,0.0,0.0,0.0,0.0,0.0,0.0,0.0,0.0,0.0,0.0,0.0,0.0,0.0,0.0
15700,4962,2581,0.5201531640467554,1165,1050,0.4463925836356308,1440,0.5804111245465539,0.38599999999999995,3.020159596808064,3.092921314757808,6.51878612716763,2.1998278244327634,8305.505419849838,434.639167992018,7853.0,8741.678556108474,8722.946491009257,5.693150555184902,7853.0,0.0,28.06267634018541,20.87348653378778,32.96,19.13141642980933,0.13744457879887143,0.09895203546956872,0.09028617492946392,0.09048770656993148,0.08363563079403466,0.073559048770657,0.06872228939943571,0.06328093510681176,0.060056428859330914,0.05038291011688835,0.046553808948004836,0.0384925433293027,0.03526803708182184,0.026400644901249496,0.019145505844417574,0.010479645304312777,0.0068520757758968156,0.9428322840390403,0.02363286923055523,0.0,0.0,0.0,0.0,0.0,0.0,0.0,0.0,0.0,0.0,0.0,0.0,0.0,0.0,0.0,0.0,0.0,0.0,0.0,0.0,0.0,0.0,0.0,0.0,0.0,0.012091898428053208,1.051995163240629,9.159613059250304,15.024183796856109,4.75211608222491,4.349300155520996,2.916181909375542,nan,nan,nan,4.3207663782447465,2.9175444584958323,4.3782091421415155,2.914515921138345,1.0132945775976214,0.409,0.00928,0.0,0.0,0.0,0.0,0.0,0.0,0.0,0.0,0.0,0.0,0.0,5.060459492140259,24.78234582829505,0.15719467956469171,0.0,0.0,0.0,0.0,0.0,0.0,0.0,0.0,0.0,0.0,0.0,0.0,0.0,0.0,0.0,0.0,nan,nan,4.349300155520996,2.916181909375542,nan,0.409,0.04324,0.0,0.0,0.0,0.0,0.0,0.0,0.0,0.0,0.0,0.0,0.0,0.0,0.0,0.0,0.0,0.0,0.0,0.0,0.0,0.0,0.0,0.0,0.0,0.0,0.0,0.0,0.002569528415961306,3.0229746070133012e-05,0.0015517936316001612,0.0031741233373639662,0.0008464328899637243,0.0004131398629584845,0.009653365578395808,0.015588472390165257,0.031076178960096734,0.03463321241434905,0.08278919790407094,0.07437525191455059,0.07446594115276098,0.05443369609028618,0.0852881902458686,0.07358927851672713,0.10601571946795647,0.08389762192664248,0.06504433696090287,0.07772067714631196,0.02971584038694075,0.0208484482063684,0.019357114066908505,0.028567110036275694,0.01154776299879081,0.005542120112857719,0.0025896815800080615,0.0008766626360338574,0.003033051189036679,0.0,0.0007658202337767029,0.0,0.0,0.0,0.0,0.0,0.0,0.0,0.0,0.0,0.0,0.0,0.0,0.0,0.0,0.0,0.0,0.0,0.0,0.0,0.0,0.0,0.0,0.0,0.0,0.0,0.0,0.0,0.0,0.0,0.0,0.0,0.0,0.0,0.0,0.0,0.0,0.0,0.0,0.0,0.0,0.0,0.0,0.0,0.0,nan,nan,4.349300155520996,2.916181909375542,nan,0.9433252077978371,0.02371307630537194,0.0,0.0,0.0,0.0,0.0,0.0,0.0,0.0,0.0,0.0,0.0,0.0,0.0,0.0,0.0,0.0,0.0,0.0,0.0,0.0,0.0,0.0,0.0,0.0,0.0,0.0,0.9996125532739251,9.10112359550562,14.994188299108876,4.905075552111586,0.9422979555126,0.023533957511425656,0.0,0.0,0.0,0.0,0.0,0.0,0.0,0.0,0.0,0.0,0.0,0.0,0.0,0.0,0.0,0.0,0.0,0.0,0.0,0.0,0.0,0.0,0.0,0.0,0.0,0.025199496010079803,1.1087778244435114,9.223015539689207,15.056698866022682,4.586308273834524,0.409,0.009186,0.0,0.0,0.0,0.0,0.0,0.0,0.0,0.0,0.0,0.0,0.0,5.149166989538931,24.734598992638517,0.11623401782254943,0.0,0.0,0.0,0.0,0.0,0.0,0.0,0.0,0.0,0.0,0.0,0.0,0.0,0.0,0.0,0.0,0.409,0.00937,0.0,0.0,0.0,0.0,0.0,0.0,0.0,0.0,0.0,0.0,0.0,4.964300713985714,24.834103317933646,0.20159596808063843,0.0,0.0,0.0,0.0,0.0,0.0,0.0,0.0,0.0,0.0,0.0,0.0,0.0,0.0,0.0,0.0
15800,4322,2311,0.534706154558075,1057,851,0.44146228597871356,1158,0.5358630263766775,0.454,3.1417205370462455,3.2313889449655946,6.818181818181818,2.316592129742974,8318.125541291258,433.90610033284463,7853.0,8744.137376451492,8722.871306560282,5.623721983353572,7853.0,0.0,28.369273484497917,21.19858638384812,33.482872928176796,19.363090266650634,0.14206385932438687,0.0960203609440074,0.0879222582137899,0.09046737621471541,0.07727903748264692,0.07288292457195743,0.07311429893567793,0.057612216566404445,0.06108283202221194,0.048588616381304954,0.047894493290143454,0.03979639055992596,0.036788523831559464,0.03239241092086997,0.017353077279037482,0.012031466913465988,0.006709856547894493,0.9429915697692667,0.02332207095888249,0.0,0.0,0.0,0.0,0.0,0.0,0.0,0.0,0.0,0.0,0.0,0.0,0.0,0.0,0.0,0.0,0.0,0.0,0.0,0.0,0.0,0.0,0.0,0.0,0.0,0.01388246182322999,0.9925960203609442,9.266543267006018,14.875057843590934,4.851920407218881,4.209210996072831,2.9304323743873204,nan,nan,nan,4.326923076923077,2.9233978868619737,4.090909090909091,2.932728768270659,0.9454545454545455,0.409,0.009315,0.0,0.0,0.0,0.0,0.0,0.0,0.0,0.0,0.0,0.0,0.0,4.935215178158253,24.877371587228144,0.18741323461360487,0.0,0.0,0.0,0.0,0.0,0.0,0.0,0.0,0.0,0.0,0.0,0.0,0.0,0.0,0.0,0.0,nan,nan,4.209210996072831,2.9304323743873204,nan,0.409,0.04306,0.0,0.0,0.0,0.0,0.0,0.0,0.0,0.0,0.0,0.0,0.0,0.0,0.0,0.0,0.0,0.0,0.0,0.0,0.0,0.0,0.0,0.0,0.0,0.0,3.4706154558074966e-05,0.0,0.002186487737158723,5.7843590930124944e-05,0.0015039333641832485,0.003031004164738547,0.0005784359093012494,0.00034706154558074965,0.00900046274872744,0.015953262378528458,0.028493752892179546,0.03610596945858399,0.08309810273021749,0.07447940768162888,0.07543961129106895,0.05629338269319759,0.08711244794076817,0.07280194354465525,0.10359787135585377,0.0839773253123554,0.06575659416936604,0.07456038870893104,0.02917630726515502,0.022466450717260528,0.021355853771402127,0.02929199444701527,0.011001850994909764,0.00563396575659417,0.002163350300786673,0.0006941230911614993,0.002926885701064322,0.0,0.0008792225821378991,0.0,0.0,0.0,0.0,0.0,0.0,0.0,0.0,0.0,0.0,0.0,0.0,0.0,0.0,0.0,0.0,0.0,0.0,0.0,0.0,0.0,0.0,0.0,0.0,0.0,0.0,0.0,0.0,0.0,0.0,0.0,0.0,0.0,0.0,0.0,0.0,0.0,0.0,0.0,0.0,0.0,0.0,0.0,0.0,nan,nan,4.209210996072831,2.9304323743873204,nan,0.942885721983305,0.02352335270444603,0.0,0.0,0.0,0.0,0.0,0.0,0.0,0.0,0.0,0.0,0.0,0.0,0.0,0.0,0.0,0.0,0.0,0.0,0.0,0.0,0.0,0.0,0.0,0.0,0.0,0.02596278667243618,1.038511466897447,9.229770662051061,14.928602336650803,4.777152747728257,0.9431132078763562,0.023087996045447715,0.0,0.0,0.0,0.0,0.0,0.0,0.0,0.0,0.0,0.0,0.0,0.0,0.0,0.0,0.0,0.0,0.0,0.0,0.0,0.0,0.0,0.0,0.0,0.0,0.0,0.0,0.9398309298856292,9.308801591248137,14.81352560914968,4.93784186971656,0.4092,0.00924,0.0,0.0,0.0,0.0,0.0,0.0,0.0,0.0,0.0,0.0,0.0,4.790134141064467,24.989182172219824,0.22068368671570754,0.0,0.0,0.0,0.0,0.0,0.0,0.0,0.0,0.0,0.0,0.0,0.0,0.0,0.0,0.0,0.0,0.409,0.0094,0.0,0.0,0.0,0.0,0.0,0.0,0.0,0.0,0.0,0.0,0.0,5.101939333664836,24.748881153654906,0.1491795126802586,0.0,0.0,0.0,0.0,0.0,0.0,0.0,0.0,0.0,0.0,0.0,0.0,0.0,0.0,0.0,0.0
15900,4536,2375,0.5235890652557319,1120,909,0.447310405643739,1229,0.5418871252204586,0.454,3.08329477093938,3.2538025980640555,6.994818652849741,2.1971029975780394,8308.18224358052,434.2093091090368,7853.0,8741.047981703281,8722.350171318416,5.499823052723718,7853.0,0.0,27.28637566137566,20.48328671956605,32.277191129883846,18.728235867817265,0.14528218694885361,0.1027336860670194,0.09435626102292768,0.08311287477954145,0.082010582010582,0.07892416225749559,0.0685626102292769,0.0650352733686067,0.05930335097001763,0.049162257495590826,0.043871252204585535,0.042328042328042326,0.032407407407407406,0.02358906525573192,0.015652557319223985,0.010141093474426807,0.003527336860670194,0.9404132873792287,0.02307149116805618,0.0,0.0,0.0,0.0,0.0,0.0,0.0,0.0,0.0,0.0,0.0,0.0,0.0,0.0,0.0,0.0,0.0,0.0,0.0,0.0,0.0,0.0,0.0,0.0,0.0,0.02645502645502646,1.203703703703704,10.171957671957674,14.761904761904765,3.8359788359788367,4.387220670391062,2.990766299370419,nan,nan,nan,4.360497237569061,3.0059586820278597,4.41454802259887,2.9749021147470716,1.0123955553885278,0.4092,0.00936,0.0,0.0,0.0,0.0,0.0,0.0,0.0,0.0,0.0,0.0,0.0,4.880952380952373,24.95370370370371,0.16534391534391538,0.0,0.0,0.0,0.0,0.0,0.0,0.0,0.0,0.0,0.0,0.0,0.0,0.0,0.0,0.0,0.0,nan,nan,4.387220670391062,2.990766299370419,nan,0.4092,0.043,0.0,0.0,0.0,0.0,0.0,0.0,0.0,0.0,0.0,0.0,0.0,0.0,0.0,0.0,0.0,0.0,0.0,0.0,0.0,0.0,0.0,0.0,0.0,0.0,7.716049382716049e-05,0.0,0.002127425044091711,0.00014329805996472663,0.0011684303350970018,0.0031746031746031746,0.0005070546737213404,0.0005180776014109348,0.008928571428571428,0.015884038800705467,0.028384038800705468,0.03503086419753086,0.08538359788359788,0.07114197530864197,0.07331349206349207,0.06115520282186949,0.08781966490299824,0.07652116402116402,0.10003306878306878,0.08333333333333333,0.06501322751322751,0.07393077601410934,0.02900132275132275,0.024360670194003526,0.020436507936507937,0.0296847442680776,0.010659171075837743,0.005147707231040565,0.0024250440917107582,0.0007716049382716049,0.002777777777777778,0.0,0.0011022927689594356,2.2045855379188714e-05,2.2045855379188714e-05,0.0,0.0,0.0,0.0,0.0,0.0,0.0,0.0,0.0,0.0,0.0,0.0,0.0,0.0,0.0,0.0,0.0,0.0,0.0,0.0,0.0,0.0,0.0,0.0,0.0,0.0,0.0,0.0,0.0,0.0,0.0,0.0,0.0,0.0,0.0,0.0,0.0,0.0,0.0,0.0,0.0,0.0,nan,nan,4.387220670391062,2.990766299370419,nan,0.9408286885964243,0.02278297608255864,0.0,0.0,0.0,0.0,0.0,0.0,0.0,0.0,0.0,0.0,0.0,0.0,0.0,0.0,0.0,0.0,0.0,0.0,0.0,0.0,0.0,0.0,0.0,0.0,0.0,0.037894736842105266,1.073684210526316,10.004210526315791,15.132631578947372,3.751578947368422,0.9399567497157212,0.0233759588382982,0.0,0.0,0.0,0.0,0.0,0.0,0.0,0.0,0.0,0.0,0.0,0.0,0.0,0.0,0.0,0.0,0.0,0.0,0.0,0.0,0.0,0.0,0.0,0.0,0.0,0.01388246182322999,1.3465987968533089,10.356316520129571,14.354465525219808,3.928736695974087,0.4087,0.00929,0.0,0.0,0.0,0.0,0.0,0.0,0.0,0.0,0.0,0.0,0.0,5.014736842105256,24.821052631578954,0.16421052631578953,0.0,0.0,0.0,0.0,0.0,0.0,0.0,0.0,0.0,0.0,0.0,0.0,0.0,0.0,0.0,0.0,0.4094,0.00943,0.0,0.0,0.0,0.0,0.0,0.0,0.0,0.0,0.0,0.0,0.0,4.7339194817214185,25.09949097639982,0.16658954187875985,0.0,0.0,0.0,0.0,0.0,0.0,0.0,0.0,0.0,0.0,0.0,0.0,0.0,0.0,0.0,0.0
16000,4872,2494,0.5119047619047619,1165,996,0.4435550082101806,1354,0.5558292282430214,0.43,2.9390243902439024,3.1771470649107854,6.789389067524116,2.2235982136683403,8297.937226932801,434.48507176792384,7853.0,8740.6156021595,8722.179699124546,5.592168663808327,7853.0,0.0,27.06855500821018,20.61013659402368,32.070197044334975,18.94662579524948,0.14244663382594416,0.11001642036124795,0.09421182266009852,0.08579638752052546,0.08641215106732349,0.07717569786535304,0.069376026272578,0.0617816091954023,0.05439244663382595,0.04946633825944171,0.04289819376026273,0.035919540229885055,0.034482758620689655,0.025656814449917898,0.01539408866995074,0.008210180623973728,0.006362889983579639,0.9392170428691435,0.023437446117154422,0.0,0.0,0.0,0.0,0.0,0.0,0.0,0.0,0.0,0.0,0.0,0.0,0.0,0.0,0.0,0.0,0.0,0.0,0.0,0.0,0.0,0.0,0.0,0.0,0.0,0.049261083743842374,1.3793103448275865,10.714285714285717,14.162561576354683,3.694581280788178,4.328904731043422,2.983056587355848,nan,nan,nan,4.366059817945383,3.020401837140255,4.291989664082688,2.9450195192706987,0.9830350116692739,0.4094,0.0095,0.0,0.0,0.0,0.0,0.0,0.0,0.0,0.0,0.0,0.0,0.0,4.8830049261083674,24.975369458128085,0.14162561576354682,0.0,0.0,0.0,0.0,0.0,0.0,0.0,0.0,0.0,0.0,0.0,0.0,0.0,0.0,0.0,0.0,nan,nan,4.328904731043422,2.983056587355848,nan,0.4094,0.04312,0.0,0.0,0.0,0.0,0.0,0.0,0.0,0.0,0.0,0.0,0.0,0.0,0.0,0.0,0.0,0.0,0.0,0.0,0.0,0.0,0.0,0.0,0.0,0.0,1.026272577996716e-05,1.026272577996716e-05,0.0026169950738916255,0.00020525451559934318,0.0011699507389162562,0.002904351395730706,0.0004002463054187192,0.0005644499178981937,0.009195402298850575,0.015619868637110016,0.027360426929392445,0.03556034482758621,0.08264573070607553,0.07239326765188835,0.07331691297208538,0.06006773399014778,0.08631978653530378,0.07732963875205255,0.10245279146141215,0.08136288998357964,0.06735426929392446,0.07403530377668309,0.03020320197044335,0.025133415435139573,0.01827791461412151,0.030069786535303778,0.010467980295566502,0.005069786535303777,0.0027196223316912974,0.0005541871921182266,0.003150656814449918,0.0,0.001405993431855501,4.105090311986864e-05,0.0,1.026272577996716e-05,0.0,0.0,0.0,0.0,0.0,0.0,0.0,0.0,0.0,0.0,0.0,0.0,0.0,0.0,0.0,0.0,0.0,0.0,0.0,0.0,0.0,0.0,0.0,0.0,0.0,0.0,0.0,0.0,0.0,0.0,0.0,0.0,0.0,0.0,0.0,0.0,0.0,0.0,0.0,0.0,0.0,nan,nan,4.328904731043422,2.983056587355848,nan,0.9394862539020652,0.023268893729668977,0.0,0.0,0.0,0.0,0.0,0.0,0.0,0.0,0.0,0.0,0.0,0.0,0.0,0.0,0.0,0.0,0.0,0.0,0.0,0.0,0.0,0.0,0.0,0.0,0.0,0.04811547714514837,1.2630312750601447,10.693664795509225,14.170008019246193,3.825180433039295,0.9389346995907135,0.02360963025168577,0.0,0.0,0.0,0.0,0.0,0.0,0.0,0.0,0.0,0.0,0.0,0.0,0.0,0.0,0.0,0.0,0.0,0.0,0.0,0.0,0.0,0.0,0.0,0.0,0.0,0.05046257359125317,1.5012615643397818,10.735912531539112,14.154751892346512,3.557611438183348,0.4094,0.00956,0.0,0.0,0.0,0.0,0.0,0.0,0.0,0.0,0.0,0.0,0.0,5.040096230954283,24.81555733761027,0.1443464314354451,0.0,0.0,0.0,0.0,0.0,0.0,0.0,0.0,0.0,0.0,0.0,0.0,0.0,0.0,0.0,0.0,0.4094,0.00942,0.0,0.0,0.0,0.0,0.0,0.0,0.0,0.0,0.0,0.0,0.0,4.718250630782163,25.14297729184189,0.13877207737594618,0.0,0.0,0.0,0.0,0.0,0.0,0.0,0.0,0.0,0.0,0.0,0.0,0.0,0.0,0.0,0.0
16100,4353,2220,0.5099931082012406,1104,871,0.45371008499885135,1250,0.5743165632896853,0.38599999999999995,2.8021565869667135,2.819005726547986,5.883435582822086,1.9531087003911682,8296.180958597532,434.42887917849725,7853.0,8741.532141172886,8721.994014763537,5.638256645570633,7853.0,0.0,29.670112566046406,21.3903922733829,34.40279645065878,19.52609144419581,0.13094417643004824,0.08706639099471629,0.08499885136687342,0.08362049161497817,0.08109349873650357,0.07213416034918448,0.07420169997702734,0.05903974270617965,0.06018837583275902,0.06110728233402251,0.04939122444291293,0.04548587181254307,0.03698598667585573,0.03354008729611762,0.0195267631518493,0.011945784516425454,0.008729611762003216,0.938235192977503,0.023431056260926043,0.0,0.0,0.0,0.0,0.0,0.0,0.0,0.0,0.0,0.0,0.0,0.0,0.0,0.0,0.0,0.0,0.0,0.0,0.0,0.0,0.0,0.0,0.0,0.0,0.0,0.0275671950379049,1.5713301171605794,10.937284631288769,14.024810475534117,3.4390075809786365,3.938560760353021,2.637004893000914,nan,nan,nan,3.9686861810755616,2.63615738824177,3.9051490514905147,2.635066948544592,0.983990387073682,0.4094,0.00953,0.0,0.0,0.0,0.0,0.0,0.0,0.0,0.0,0.0,0.0,0.0,4.838042729152302,25.03101309441765,0.13094417643004827,0.0,0.0,0.0,0.0,0.0,0.0,0.0,0.0,0.0,0.0,0.0,0.0,0.0,0.0,0.0,0.0,nan,nan,3.938560760353021,2.637004893000914,nan,0.4094,0.0432,0.0,0.0,0.0,0.0,0.0,0.0,0.0,0.0,0.0,0.0,0.0,0.0,0.0,0.0,0.0,0.0,0.0,0.0,0.0,0.0,0.0,0.0,0.0,0.0,0.0,3.445899379738111e-05,0.0026303698598667585,0.00026418561911325524,0.0009878244888582588,0.0038364346427750976,0.0004364805881001608,0.0002871582816448426,0.008752584424534804,0.016689639329198255,0.025626005053985757,0.0368711233631978,0.08298874339535953,0.06832069836894096,0.07271996324373994,0.05988973121984838,0.08752584424534804,0.07803813461980244,0.1020101079715139,0.08017459223524007,0.06948081782678613,0.07447737192740639,0.030645531817137608,0.024764530209051228,0.01919365954514128,0.029807029634734666,0.010647829083390766,0.005226280725936136,0.0025155065472088215,0.0008385021824029405,0.0032276590856880312,0.0,0.001091201470250402,0.0,0.0,0.0,0.0,0.0,0.0,0.0,0.0,0.0,0.0,0.0,0.0,0.0,0.0,0.0,0.0,0.0,0.0,0.0,0.0,0.0,0.0,0.0,0.0,0.0,0.0,0.0,0.0,0.0,0.0,0.0,0.0,0.0,0.0,0.0,0.0,0.0,0.0,0.0,0.0,0.0,0.0,0.0,0.0,nan,nan,3.938560760353021,2.637004893000914,nan,0.9385641814352156,0.023667267961493425,0.0,0.0,0.0,0.0,0.0,0.0,0.0,0.0,0.0,0.0,0.0,0.0,0.0,0.0,0.0,0.0,0.0,0.0,0.0,0.0,0.0,0.0,0.0,0.0,0.0,0.0,1.567567567567568,10.851351351351353,13.94594594594595,3.635135135135136,0.9378927858625842,0.023177695359294242,0.0,0.0,0.0,0.0,0.0,0.0,0.0,0.0,0.0,0.0,0.0,0.0,0.0,0.0,0.0,0.0,0.0,0.0,0.0,0.0,0.0,0.0,0.0,0.0,0.0,0.05625879043600564,1.575246132208158,11.026722925457104,14.106891701828413,3.2348804500703245,0.4094,0.0096,0.0,0.0,0.0,0.0,0.0,0.0,0.0,0.0,0.0,0.0,0.0,4.8243243243243175,25.040540540540547,0.13513513513513517,0.0,0.0,0.0,0.0,0.0,0.0,0.0,0.0,0.0,0.0,0.0,0.0,0.0,0.0,0.0,0.0,0.4094,0.00946,0.0,0.0,0.0,0.0,0.0,0.0,0.0,0.0,0.0,0.0,0.0,4.852320675105479,25.02109704641351,0.1265822784810127,0.0,0.0,0.0,0.0,0.0,0.0,0.0,0.0,0.0,0.0,0.0,0.0,0.0,0.0,0.0,0.0
16200,4060,2090,0.5147783251231527,1021,820,0.453448275862069,1126,0.554679802955665,0.434,3.067005076142132,3.21569401292253,6.823529411764706,2.1309741070357644,8300.480700697159,434.4623338950926,7853.0,8741.57407208681,8722.268729583953,5.4902461678223435,7853.0,0.0,27.9371921182266,20.796758604899942,32.620820005815645,19.146893554742036,0.13251231527093596,0.09753694581280788,0.09778325123152709,0.09236453201970443,0.08596059113300493,0.07684729064039408,0.06477832512315271,0.06502463054187192,0.056896551724137934,0.05246305418719212,0.04261083743842364,0.04064039408866995,0.031280788177339904,0.026108374384236452,0.0187192118226601,0.00935960591133005,0.009113300492610837,0.9396425204470827,0.022925597945978128,0.0,0.0,0.0,0.0,0.0,0.0,0.0,0.0,0.0,0.0,0.0,0.0,0.0,0.0,0.0,0.0,0.0,0.0,0.0,0.0,0.0,0.0,0.0,0.0,0.0,0.007389162561576356,1.366995073891626,10.05665024630542,15.125615763546802,3.4433497536945823,4.3316906747536015,3.0137900557643165,nan,nan,nan,4.267964071856287,3.009474666974995,4.397081413210445,3.0168127082347973,1.0302526776655831,0.4097,0.009415,0.0,0.0,0.0,0.0,0.0,0.0,0.0,0.0,0.0,0.0,0.0,4.596059113300487,25.204433497536954,0.19950738916256164,0.0,0.0,0.0,0.0,0.0,0.0,0.0,0.0,0.0,0.0,0.0,0.0,0.0,0.0,0.0,0.0,nan,nan,4.3316906747536015,3.0137900557643165,nan,0.4097,0.0429,0.0,0.0,0.0,0.0,0.0,0.0,0.0,0.0,0.0,0.0,0.0,0.0,0.0,0.0,0.0,0.0,0.0,0.0,0.0,0.0,0.0,0.0,0.0,0.0,0.0,4.926108374384237e-05,0.002167487684729064,0.0003078817733990148,0.0014285714285714286,0.0040024630541871924,0.00035714285714285714,0.0001231527093596059,0.007844827586206896,0.01629310344827586,0.02481527093596059,0.03572660098522167,0.0820935960591133,0.06913793103448276,0.07405172413793104,0.05817733990147783,0.0871551724137931,0.07678571428571429,0.10754926108374384,0.08008620689655173,0.07245073891625615,0.07438423645320197,0.02854679802955665,0.023608374384236453,0.017573891625615765,0.031108374384236453,0.01082512315270936,0.005800492610837439,0.003078817733990148,0.000689655172413793,0.003041871921182266,4.926108374384237e-05,0.000689655172413793,0.0,0.0,0.0,0.0,0.0,0.0,0.0,0.0,0.0,0.0,0.0,0.0,0.0,0.0,0.0,0.0,0.0,0.0,0.0,0.0,0.0,0.0,0.0,0.0,0.0,0.0,0.0,0.0,0.0,0.0,0.0,0.0,0.0,0.0,0.0,0.0,0.0,0.0,0.0,0.0,0.0,0.0,0.0,0.0,nan,nan,4.3316906747536015,3.0137900557643165,nan,0.9395796523710187,0.022813302783772686,0.0,0.0,0.0,0.0,0.0,0.0,0.0,0.0,0.0,0.0,0.0,0.0,0.0,0.0,0.0,0.0,0.0,0.0,0.0,0.0,0.0,0.0,0.0,0.0,0.0,0.014354066985645937,1.334928229665072,10.162679425837322,15.01435406698565,3.473684210526317,0.9397092180506227,0.02304394769132228,0.0,0.0,0.0,0.0,0.0,0.0,0.0,0.0,0.0,0.0,0.0,0.0,0.0,0.0,0.0,0.0,0.0,0.0,0.0,0.0,0.0,0.0,0.0,0.0,0.0,0.0,1.4010152284263961,9.944162436548226,15.24365482233503,3.4111675126903562,0.4097,0.00923,0.0,0.0,0.0,0.0,0.0,0.0,0.0,0.0,0.0,0.0,0.0,4.5933014354066914,25.234449760765557,0.17224880382775123,0.0,0.0,0.0,0.0,0.0,0.0,0.0,0.0,0.0,0.0,0.0,0.0,0.0,0.0,0.0,0.0,0.4097,0.009605,0.0,0.0,0.0,0.0,0.0,0.0,0.0,0.0,0.0,0.0,0.0,4.598984771573598,25.172588832487317,0.22842639593908634,0.0,0.0,0.0,0.0,0.0,0.0,0.0,0.0,0.0,0.0,0.0,0.0,0.0,0.0,0.0,0.0
16300,4388,2317,0.5280309936189608,1079,902,0.45145852324521424,1234,0.5624430264357339,0.414,3.0212457749879285,3.114665640188246,6.710992907801418,2.1070179273202663,8311.97316932525,433.94368555086453,7853.0,8741.550994241237,8722.216343115753,5.592133198653898,7853.0,0.0,27.410437556973566,20.64931504753895,32.53780821917808,18.858850489132134,0.1453965360072926,0.09822242479489517,0.09320875113947129,0.08728350045578852,0.08409298085688241,0.07543299908842298,0.07178669097538742,0.06358249772105742,0.057201458523245215,0.05492251595259799,0.0435278030993619,0.038058340929808566,0.02894257064721969,0.02438468550592525,0.01731996353691887,0.009799453053783045,0.0068368277119416595,0.9393857715340669,0.023218814161132445,0.0,0.0,0.0,0.0,0.0,0.0,0.0,0.0,0.0,0.0,0.0,0.0,0.0,0.0,0.0,0.0,0.0,0.0,0.0,0.0,0.0,0.0,0.0,0.0,0.0,0.0341841385597083,1.387876025524157,10.603919781221515,14.15907019143118,3.8149498632634464,4.398006407974368,2.9166069737264877,nan,nan,nan,4.409972299168975,2.9165798376473715,4.385347985347986,2.916582243848663,0.9944162202956175,0.4097,0.00947,0.0,0.0,0.0,0.0,0.0,0.0,0.0,0.0,0.0,0.0,0.0,4.594348222424788,25.248404740200552,0.15724703737465817,0.0,0.0,0.0,0.0,0.0,0.0,0.0,0.0,0.0,0.0,0.0,0.0,0.0,0.0,0.0,0.0,nan,nan,4.398006407974368,2.9166069737264877,nan,0.4097,0.0432,0.0,0.0,0.0,0.0,0.0,0.0,0.0,0.0,0.0,0.0,0.0,0.0,0.0,0.0,0.0,0.0,0.0,0.0,0.0,0.0,0.0,0.0,0.0,3.418413855970829e-05,0.0,0.0,0.0025865998176845943,6.836827711941659e-05,0.0021536007292616227,0.0038514129443938012,0.00025068368277119415,0.00018231540565177758,0.008796718322698268,0.015530993618960803,0.024179580674567002,0.035813582497721055,0.08150638103919781,0.06698951686417502,0.07422515952597994,0.059742479489516866,0.08424111212397448,0.0802073837739289,0.10846627164995443,0.07931859617137649,0.07224247948951687,0.0733249772105743,0.027176390154968096,0.025774840474020056,0.01720601640838651,0.030070647219690064,0.011383318140382861,0.006369644484958979,0.003577939835916135,0.001287602552415679,0.0028030993618960802,4.5578851412944395e-05,0.0005925250683682771,0.0,0.0,0.0,0.0,0.0,0.0,0.0,0.0,0.0,0.0,0.0,0.0,0.0,0.0,0.0,0.0,0.0,0.0,0.0,0.0,0.0,0.0,0.0,0.0,0.0,0.0,0.0,0.0,0.0,0.0,0.0,0.0,0.0,0.0,0.0,0.0,0.0,0.0,0.0,0.0,0.0,0.0,0.0,0.0,nan,nan,4.398006407974368,2.9166069737264877,nan,0.9393892905348892,0.023323484896374407,0.0,0.0,0.0,0.0,0.0,0.0,0.0,0.0,0.0,0.0,0.0,0.0,0.0,0.0,0.0,0.0,0.0,0.0,0.0,0.0,0.0,0.0,0.0,0.0,0.0,0.051791109192921896,1.2947777298230472,10.63012516184722,14.22960725075529,3.7936987483815288,0.9393818345350784,0.02310114756529137,0.0,0.0,0.0,0.0,0.0,0.0,0.0,0.0,0.0,0.0,0.0,0.0,0.0,0.0,0.0,0.0,0.0,0.0,0.0,0.0,0.0,0.0,0.0,0.0,0.0,0.014485755673587642,1.4920328343795273,10.574601641718978,14.08015451472719,3.838725253500725,0.4097,0.00968,0.0,0.0,0.0,0.0,0.0,0.0,0.0,0.0,0.0,0.0,0.0,5.010789814415185,24.82088908070782,0.16832110487699617,0.0,0.0,0.0,0.0,0.0,0.0,0.0,0.0,0.0,0.0,0.0,0.0,0.0,0.0,0.0,0.0,0.41,0.009224,0.0,0.0,0.0,0.0,0.0,0.0,0.0,0.0,0.0,0.0,0.0,4.1284403669724705,25.726702076291655,0.1448575567358764,0.0,0.0,0.0,0.0,0.0,0.0,0.0,0.0,0.0,0.0,0.0,0.0,0.0,0.0,0.0,0.0
16400,4224,2214,0.5241477272727273,1045,845,0.4474431818181818,1183,0.5601325757575758,0.41,2.9616915422885572,3.075019738540881,6.507908611599297,2.1377083188131696,8308.51902919885,434.0440519312763,7853.0,8742.01474275589,8722.066115327889,5.468054069186378,7853.0,0.0,28.073626893939394,20.831087579920233,33.085238498447644,18.99907345047926,0.14180871212121213,0.09682765151515152,0.08996212121212122,0.08333333333333333,0.08451704545454546,0.07102272727272728,0.07386363636363637,0.06747159090909091,0.05539772727272727,0.05397727272727273,0.04332386363636364,0.04379734848484849,0.03196022727272727,0.028645833333333332,0.019649621212121212,0.00946969696969697,0.004971590909090909,0.9385529787307887,0.023279490417918023,0.0,0.0,0.0,0.0,0.0,0.0,0.0,0.0,0.0,0.0,0.0,0.0,0.0,0.0,0.0,0.0,0.0,0.0,0.0,0.0,0.0,0.0,0.0,0.0,0.0,0.0,1.5411931818181823,10.696022727272728,14.33948863636364,3.4232954545454555,4.1689164538489605,2.8487848675187535,nan,nan,nan,4.169117647058823,2.816587283812742,4.168718320057929,2.8801410768088895,0.9999042178622193,0.41,0.00954,0.0,0.0,0.0,0.0,0.0,0.0,0.0,0.0,0.0,0.0,0.0,4.65198863636363,25.14204545454546,0.20596590909090914,0.0,0.0,0.0,0.0,0.0,0.0,0.0,0.0,0.0,0.0,0.0,0.0,0.0,0.0,0.0,0.0,nan,nan,4.1689164538489605,2.8487848675187535,nan,0.41,0.04285,0.0,0.0,0.0,0.0,0.0,0.0,0.0,0.0,0.0,0.0,0.0,0.0,0.0,0.0,0.0,0.0,0.0,0.0,0.0,0.0,0.0,0.0,0.0,3.5511363636363635e-05,0.0,0.0,0.002675189393939394,0.0,0.0024266098484848485,0.00342092803030303,0.0002130681818181818,0.00013020833333333333,0.00887784090909091,0.01561316287878788,0.022549715909090908,0.036387310606060604,0.07998342803030303,0.06399147727272728,0.07468039772727272,0.06034564393939394,0.0890033143939394,0.08059895833333333,0.10950520833333334,0.0806936553030303,0.07107007575757576,0.07182765151515151,0.028456439393939395,0.027509469696969695,0.01747159090909091,0.027769886363636365,0.010783617424242425,0.005220170454545455,0.0035984848484848487,0.001834753787878788,0.002616003787878788,0.0,0.0006865530303030303,2.3674242424242424e-05,0.0,0.0,0.0,0.0,0.0,0.0,0.0,0.0,0.0,0.0,0.0,0.0,0.0,0.0,0.0,0.0,0.0,0.0,0.0,0.0,0.0,0.0,0.0,0.0,0.0,0.0,0.0,0.0,0.0,0.0,0.0,0.0,0.0,0.0,0.0,0.0,0.0,0.0,0.0,0.0,0.0,0.0,0.0,nan,nan,4.1689164538489605,2.8487848675187535,nan,0.9385296719884054,0.022795807135760824,0.0,0.0,0.0,0.0,0.0,0.0,0.0,0.0,0.0,0.0,0.0,0.0,0.0,0.0,0.0,0.0,0.0,0.0,0.0,0.0,0.0,0.0,0.0,0.0,0.0,0.0,1.4769647696476969,10.813008130081302,14.485094850948514,3.224932249322494,0.938578650933593,0.023800863754216316,0.0,0.0,0.0,0.0,0.0,0.0,0.0,0.0,0.0,0.0,0.0,0.0,0.0,0.0,0.0,0.0,0.0,0.0,0.0,0.0,0.0,0.0,0.0,0.0,0.0,0.0,1.6119402985074631,10.567164179104479,14.179104477611943,3.64179104477612,0.41,0.00968,0.0,0.0,0.0,0.0,0.0,0.0,0.0,0.0,0.0,0.0,0.0,4.769647696476958,25.01355013550136,0.21680216802168026,0.0,0.0,0.0,0.0,0.0,0.0,0.0,0.0,0.0,0.0,0.0,0.0,0.0,0.0,0.0,0.0,0.41,0.00938,0.0,0.0,0.0,0.0,0.0,0.0,0.0,0.0,0.0,0.0,0.0,4.522388059701486,25.283582089552247,0.19402985074626872,0.0,0.0,0.0,0.0,0.0,0.0,0.0,0.0,0.0,0.0,0.0,0.0,0.0,0.0,0.0,0.0
16500,4148,2156,0.5197685631629702,999,856,0.44720347155255546,1137,0.5482160077145612,0.414,2.876004016064257,3.1189900435157107,6.718446601941747,2.198046245121412,8304.522761167636,434.0286889364554,7853.0,8739.628931844234,8721.699635122155,5.556690821950989,7853.0,0.0,27.20708775313404,20.712542794907442,32.475801749271135,18.915197366472064,0.14971070395371264,0.1053519768563163,0.09161041465766634,0.08678881388621022,0.07449373191899711,0.07594021215043395,0.0701542912246866,0.06774349083895853,0.06002892960462874,0.05110896817743491,0.0431533269045323,0.03543876567020251,0.03158148505303761,0.024108003857280617,0.016634522661523626,0.008678881388621022,0.007473481195756991,0.9379219280173257,0.023356504231875897,0.0,0.0,0.0,0.0,0.0,0.0,0.0,0.0,0.0,0.0,0.0,0.0,0.0,0.0,0.0,0.0,0.0,0.0,0.0,0.0,0.0,0.0,0.0,0.0,0.0,0.04339440694310512,1.4247830279652847,11.166827386692384,13.980231436837034,3.3847637415621996,4.331422018348624,2.9565958702439072,nan,nan,nan,4.381901840490798,2.947887473222458,4.28125,2.9643741820422296,0.9770301015050752,0.4092,0.00923,0.0,0.0,0.0,0.0,0.0,0.0,0.0,0.0,0.0,0.0,0.0,4.968659594985528,24.92285438765671,0.10848601735776281,0.0,0.0,0.0,0.0,0.0,0.0,0.0,0.0,0.0,0.0,0.0,0.0,0.0,0.0,0.0,0.0,nan,nan,4.331422018348624,2.9565958702439072,nan,0.4092,0.04276,0.0,0.0,0.0,0.0,0.0,0.0,0.0,0.0,0.0,0.0,0.0,0.0,0.0,0.0,0.0,0.0,0.0,0.0,0.0,0.0,0.0,0.0,0.0,0.0,0.0,0.0,0.0028326904532304724,0.0,0.002229990356798457,0.002929122468659595,0.0003375120540019286,0.00019286403085824494,0.008932015429122468,0.016128254580520734,0.02378254580520733,0.035703953712632595,0.08181051108968178,0.06512777242044358,0.07829074252651881,0.06146335583413693,0.09075458052073289,0.08090646094503375,0.11121022179363549,0.07531340405014465,0.07004580520732884,0.06939488910318226,0.025964320154291225,0.02616923818707811,0.01832208293153327,0.027085342333654772,0.011222275795564127,0.004990356798457087,0.0037608486017357765,0.001796046287367406,0.0028326904532304724,0.0,0.00047010607521697206,0.0,0.0,0.0,0.0,0.0,0.0,0.0,0.0,0.0,0.0,0.0,0.0,0.0,0.0,0.0,0.0,0.0,0.0,0.0,0.0,0.0,0.0,0.0,0.0,0.0,0.0,0.0,0.0,0.0,0.0,0.0,0.0,0.0,0.0,0.0,0.0,0.0,0.0,0.0,0.0,0.0,0.0,0.0,0.0,nan,nan,4.331422018348624,2.9565958702439072,nan,0.9377978916844986,0.02326190105872362,0.0,0.0,0.0,0.0,0.0,0.0,0.0,0.0,0.0,0.0,0.0,0.0,0.0,0.0,0.0,0.0,0.0,0.0,0.0,0.0,0.0,0.0,0.0,0.0,0.0,0.027829313543599264,1.4888682745825608,11.076066790352506,14.165120593692025,3.2421150278293145,0.938056176176751,0.02345772703350584,0.0,0.0,0.0,0.0,0.0,0.0,0.0,0.0,0.0,0.0,0.0,0.0,0.0,0.0,0.0,0.0,0.0,0.0,0.0,0.0,0.0,0.0,0.0,0.0,0.0,0.0602409638554217,1.3554216867469882,11.265060240963857,13.780120481927714,3.539156626506025,0.409,0.0092,0.0,0.0,0.0,0.0,0.0,0.0,0.0,0.0,0.0,0.0,0.0,5.1066790352504565,24.809833024118745,0.08348794063079779,0.0,0.0,0.0,0.0,0.0,0.0,0.0,0.0,0.0,0.0,0.0,0.0,0.0,0.0,0.0,0.0,0.4094,0.009254,0.0,0.0,0.0,0.0,0.0,0.0,0.0,0.0,0.0,0.0,0.0,4.819277108433727,25.045180722891573,0.13554216867469882,0.0,0.0,0.0,0.0,0.0,0.0,0.0,0.0,0.0,0.0,0.0,0.0,0.0,0.0,0.0,0.0
16600,4188,2191,0.5231614135625597,1031,849,0.448901623686724,1183,0.5649474689589303,0.39799999999999996,2.99849774661993,3.0504845402846583,6.457044673539519,2.112971766325688,8307.797509106953,434.21460066096296,7853.0,8741.670317792892,8722.325407640305,5.541217472354199,7853.0,0.0,28.3445558739255,21.02020566723179,33.04614518851998,19.34145416552801,0.13228271251193888,0.10028653295128939,0.09049665711556829,0.08930276981852914,0.08166189111747851,0.07760267430754537,0.06996179560649475,0.06470869149952245,0.0546800382043935,0.0546800382043935,0.04297994269340974,0.037488061127029605,0.03629417382999045,0.029608404966571154,0.019579751671442217,0.011222540592168099,0.0071633237822349575,0.9404437951281055,0.023301825411505123,0.0,0.0,0.0,0.0,0.0,0.0,0.0,0.0,0.0,0.0,0.0,0.0,0.0,0.0,0.0,0.0,0.0,0.0,0.0,0.0,0.0,0.0,0.0,0.0,0.0,0.021489971346704873,1.2965616045845274,10.08595988538682,14.6919770773639,3.9040114613180523,4.181087988316904,2.905357589491637,nan,nan,nan,4.099563953488372,2.9161438851162074,4.263389581804843,2.892097556438745,1.039961720362252,0.4092,0.009415,0.0,0.0,0.0,0.0,0.0,0.0,0.0,0.0,0.0,0.0,0.0,4.856733524355294,24.906876790830953,0.23638968481375364,0.0,0.0,0.0,0.0,0.0,0.0,0.0,0.0,0.0,0.0,0.0,0.0,0.0,0.0,0.0,0.0,nan,nan,4.181087988316904,2.905357589491637,nan,0.4092,0.04315,0.0,0.0,0.0,0.0,0.0,0.0,0.0,0.0,0.0,0.0,0.0,0.0,0.0,0.0,0.0,0.0,0.0,0.0,0.0,0.0,0.0,0.0,0.0,1.1938872970391595e-05,1.1938872970391595e-05,0.00010744985673352435,0.002590735434574976,0.0,0.0026026743075453678,0.0028056351480420247,0.0005850047755491882,0.0002029608404966571,0.008643744030563515,0.018875358166189113,0.023913562559694367,0.036807545367717284,0.07757879656160459,0.06614135625596944,0.07945319961795606,0.06167621776504298,0.08734479465138491,0.08225883476599809,0.11118672397325692,0.07566857688634193,0.06860076408787011,0.06765759312320917,0.0265639923591213,0.0262774594078319,0.017562082139446038,0.02748328557784145,0.0123567335243553,0.005826170009551098,0.003939828080229226,0.002232569245463228,0.002531041069723018,1.1938872970391595e-05,0.0004656160458452722,0.0,2.387774594078319e-05,0.0,0.0,0.0,0.0,0.0,0.0,0.0,0.0,0.0,0.0,0.0,0.0,0.0,0.0,0.0,0.0,0.0,0.0,0.0,0.0,0.0,0.0,0.0,0.0,0.0,0.0,0.0,0.0,0.0,0.0,0.0,0.0,0.0,0.0,0.0,0.0,0.0,0.0,0.0,0.0,0.0,0.0,nan,nan,4.181087988316904,2.905357589491637,nan,0.9404112404745391,0.023161127527315993,0.0,0.0,0.0,0.0,0.0,0.0,0.0,0.0,0.0,0.0,0.0,0.0,0.0,0.0,0.0,0.0,0.0,0.0,0.0,0.0,0.0,0.0,0.0,0.0,0.0,0.0,1.2049292560474671,10.241898676403471,14.554997717937018,3.99817434961205,0.9404795123268858,0.023455168577468443,0.0,0.0,0.0,0.0,0.0,0.0,0.0,0.0,0.0,0.0,0.0,0.0,0.0,0.0,0.0,0.0,0.0,0.0,0.0,0.0,0.0,0.0,0.0,0.0,0.0,0.04506760140210316,1.397095643465198,9.914872308462696,14.842263395092642,3.800701051577367,0.4092,0.009415,0.0,0.0,0.0,0.0,0.0,0.0,0.0,0.0,0.0,0.0,0.0,4.888178913738012,24.824281150159752,0.2875399361022365,0.0,0.0,0.0,0.0,0.0,0.0,0.0,0.0,0.0,0.0,0.0,0.0,0.0,0.0,0.0,0.0,0.4092,0.0094,0.0,0.0,0.0,0.0,0.0,0.0,0.0,0.0,0.0,0.0,0.0,4.82223335002503,24.997496244366555,0.18027040560841265,0.0,0.0,0.0,0.0,0.0,0.0,0.0,0.0,0.0,0.0,0.0,0.0,0.0,0.0,0.0,0.0
16700,3961,2018,0.5094673062357991,967,850,0.45872254481191616,1131,0.5710679121433981,0.434,3.0386001029336076,3.14335029086741,6.754189944134078,2.1068095114980685,8295.939984963268,434.6493929819713,7853.0,8742.111014866829,8722.417879305998,5.601019448456083,7853.0,0.0,27.668770512496845,20.599334930379303,32.60306951549804,18.81525118104994,0.13961120929058318,0.09921736935117395,0.08937137086594295,0.09492552385761172,0.08179752587730371,0.0747286038879071,0.0681646048977531,0.06538752840191871,0.06261045190608432,0.052511991921232015,0.04140368593789447,0.0358495329462257,0.03736430194395355,0.026255995960616008,0.015147689977278465,0.010603382984094925,0.005049229992426155,0.9408614991048887,0.023298042354996322,0.0,0.0,0.0,0.0,0.0,0.0,0.0,0.0,0.0,0.0,0.0,0.0,0.0,0.0,0.0,0.0,0.0,0.0,0.0,0.0,0.0,0.0,0.0,0.0,0.0,0.030295379954556938,1.2421105781368345,10.058066144912903,14.685685432971475,3.9838424640242374,4.381471389645776,2.901534341163215,nan,nan,nan,4.3529868114817685,2.9290009471342375,4.406567630961689,2.871578234593047,1.0123089781339543,0.4092,0.009285,0.0,0.0,0.0,0.0,0.0,0.0,0.0,0.0,0.0,0.0,0.0,4.832113102751823,25.05427922241859,0.11360767482958851,0.0,0.0,0.0,0.0,0.0,0.0,0.0,0.0,0.0,0.0,0.0,0.0,0.0,0.0,0.0,0.0,nan,nan,4.381471389645776,2.901534341163215,nan,0.4092,0.0435,0.0,0.0,0.0,0.0,0.0,0.0,0.0,0.0,0.0,0.0,0.0,0.0,0.0,0.0,0.0,0.0,0.0,0.0,0.0,0.0,0.0,0.0,0.0,6.311537490532694e-05,0.0,7.573844988639233e-05,0.0026255995960616004,1.2623074981065388e-05,0.002019691996970462,0.00260035344609947,0.000618530674072204,0.00029033072456450393,0.009151729361272405,0.021484473617773288,0.027000757384498864,0.03644281747033577,0.07284776571572835,0.06423882857864176,0.07903307245645039,0.06117142135824287,0.0878187326432719,0.08390557939914163,0.10953042161070436,0.07414794243877809,0.07135824286796263,0.06401161322898258,0.026735672809896492,0.02734158040898763,0.018189851047715224,0.02821257258268114,0.013178490280232264,0.007649583438525625,0.004178237818732643,0.0017672304973491543,0.0017041151224438274,1.2623074981065388e-05,0.0005049229992426155,0.0,7.573844988639233e-05,0.0,0.0,0.0,0.0,0.0,0.0,0.0,0.0,0.0,0.0,0.0,0.0,0.0,0.0,0.0,0.0,0.0,0.0,0.0,0.0,0.0,0.0,0.0,0.0,0.0,0.0,0.0,0.0,0.0,0.0,0.0,0.0,0.0,0.0,0.0,0.0,0.0,0.0,0.0,0.0,0.0,0.0,nan,nan,4.381471389645776,2.901534341163215,nan,0.9406931559205409,0.02356752819920448,0.0,0.0,0.0,0.0,0.0,0.0,0.0,0.0,0.0,0.0,0.0,0.0,0.0,0.0,0.0,0.0,0.0,0.0,0.0,0.0,0.0,0.0,0.0,0.0,0.0,0.0445986124876115,1.2041625371655107,10.257680872150646,14.420218037661055,4.073339940535185,0.9410363403534804,0.0230135104400116,0.0,0.0,0.0,0.0,0.0,0.0,0.0,0.0,0.0,0.0,0.0,0.0,0.0,0.0,0.0,0.0,0.0,0.0,0.0,0.0,0.0,0.0,0.0,0.0,0.0,0.015440041173443133,1.28152341739578,9.850746268656719,14.961399897066396,3.8908903757076696,0.4092,0.009445,0.0,0.0,0.0,0.0,0.0,0.0,0.0,0.0,0.0,0.0,0.0,5.009910802775018,24.871159563924685,0.11892963330029735,0.0,0.0,0.0,0.0,0.0,0.0,0.0,0.0,0.0,0.0,0.0,0.0,0.0,0.0,0.0,0.0,0.4092,0.009125,0.0,0.0,0.0,0.0,0.0,0.0,0.0,0.0,0.0,0.0,0.0,4.647452393206375,25.24446731857952,0.10808028821410193,0.0,0.0,0.0,0.0,0.0,0.0,0.0,0.0,0.0,0.0,0.0,0.0,0.0,0.0,0.0,0.0
16800,4181,2132,0.5099258550585984,1010,857,0.4465438890217651,1171,0.5601530734274097,0.422,2.9990239141044412,3.1642831990671425,6.719360568383659,2.2505807301891636,8296.206043559532,434.5105873640567,7853.0,8739.782212042808,8722.157818068672,5.432652259454593,7853.0,0.0,27.73068643865104,20.86692470162314,32.73278079451272,19.138259534397697,0.14039703420234392,0.10141114565893326,0.09854101889500119,0.08586462568763453,0.07725424539583832,0.07558000478354461,0.06481702941879933,0.06816551064338675,0.05931595312126286,0.053336522363071036,0.04448696484094714,0.03755082516144463,0.033006457785218844,0.024156900263094954,0.016742406122937096,0.012437215977038986,0.006936139679502512,0.939490858831636,0.023076414395800316,0.0,0.0,0.0,0.0,0.0,0.0,0.0,0.0,0.0,0.0,0.0,0.0,0.0,0.0,0.0,0.0,0.0,0.0,0.0,0.0,0.0,0.0,0.0,0.0,0.0,0.0,1.2843817268596032,10.648170294187995,14.436737622578335,3.630710356374074,4.341573033707865,2.914029437568903,nan,nan,nan,4.344346549192364,2.8846524702344896,4.335883703136955,2.9436881568963673,0.9980519864242914,0.4092,0.009155,0.0,0.0,0.0,0.0,0.0,0.0,0.0,0.0,0.0,0.0,0.0,4.800287012676386,25.06338196603684,0.13633102128677352,0.0,0.0,0.0,0.0,0.0,0.0,0.0,0.0,0.0,0.0,0.0,0.0,0.0,0.0,0.0,0.0,nan,nan,4.341573033707865,2.914029437568903,nan,0.4092,0.04337,0.0,0.0,0.0,0.0,0.0,0.0,0.0,0.0,0.0,0.0,0.0,0.0,0.0,0.0,0.0,0.0,0.0,0.0,0.0,0.0,0.0,0.0,0.0,5.9794307581918205e-05,0.0,3.587658454915092e-05,0.0027385792872518535,0.0,0.0017220760583592442,0.0028820856254484573,0.0005859842143027984,0.00033484812245874193,0.007665630232001913,0.02062903611576178,0.029933030375508252,0.03883042334369768,0.071633580483138,0.06186319062425257,0.07874910308538627,0.06009327911982779,0.08973929681894284,0.08436976799808658,0.11369289643625927,0.06977995694809853,0.07394164075580005,0.06274814637646496,0.027900023917723032,0.027971777086821335,0.01609662760105238,0.028354460655345613,0.011612054532408515,0.007845013154747667,0.0041258072231523555,0.001303515905285817,0.0016861994738100934,0.0,0.0008371203061468548,0.0,0.00023917723032767282,0.0,0.0,0.0,0.0,0.0,0.0,0.0,0.0,0.0,0.0,0.0,0.0,0.0,0.0,0.0,0.0,0.0,0.0,0.0,0.0,0.0,0.0,0.0,0.0,0.0,0.0,0.0,0.0,0.0,0.0,0.0,0.0,0.0,0.0,0.0,0.0,0.0,0.0,0.0,0.0,0.0,0.0,nan,nan,4.341573033707865,2.914029437568903,nan,0.9397438773518432,0.022711596950819663,0.0,0.0,0.0,0.0,0.0,0.0,0.0,0.0,0.0,0.0,0.0,0.0,0.0,0.0,0.0,0.0,0.0,0.0,0.0,0.0,0.0,0.0,0.0,0.0,0.0,0.0,1.1257035647279552,10.933395872420265,14.310506566604131,3.6303939962476557,0.93922759114736,0.023447087117821005,0.0,0.0,0.0,0.0,0.0,0.0,0.0,0.0,0.0,0.0,0.0,0.0,0.0,0.0,0.0,0.0,0.0,0.0,0.0,0.0,0.0,0.0,0.0,0.0,0.0,0.0,1.4494875549048318,10.351390922401173,14.56808199121523,3.631039531478771,0.409,0.00907,0.0,0.0,0.0,0.0,0.0,0.0,0.0,0.0,0.0,0.0,0.0,4.727954971857404,25.1313320825516,0.1407129455909944,0.0,0.0,0.0,0.0,0.0,0.0,0.0,0.0,0.0,0.0,0.0,0.0,0.0,0.0,0.0,0.0,0.4092,0.00924,0.0,0.0,0.0,0.0,0.0,0.0,0.0,0.0,0.0,0.0,0.0,4.875549048316245,24.992679355783316,0.13177159590043927,0.0,0.0,0.0,0.0,0.0,0.0,0.0,0.0,0.0,0.0,0.0,0.0,0.0,0.0,0.0,0.0
16900,4463,2324,0.5207259690790947,1089,904,0.44656060945552317,1262,0.5655388751960565,0.40199999999999997,2.992519869097709,3.0499871870227695,6.503246753246753,2.0242015848220136,8305.43523424492,434.07354912075454,7853.0,8741.477509522438,8721.854754920429,5.710817831368929,7853.0,0.0,28.224960788707147,21.074019648326576,33.170218433670755,19.324709245737903,0.138023750840242,0.10262155500784226,0.08895361864216894,0.08693703786690567,0.07730226305175891,0.07125252072596908,0.069011875420121,0.06946000448129061,0.05825677795205019,0.05556800358503249,0.0452610351781313,0.04100380909701994,0.0318171633430428,0.024871162894913736,0.018597356038539098,0.012547613712749272,0.00851445216222272,0.9379200663717236,0.023833632718428165,0.0,0.0,0.0,0.0,0.0,0.0,0.0,0.0,0.0,0.0,0.0,0.0,0.0,0.0,0.0,0.0,0.0,0.0,0.0,0.0,0.0,0.0,0.0,0.0,0.0,0.03360967958772127,1.667040107550975,11.205467174546273,13.591754425274482,3.5021286130405564,4.240804996530187,2.765837075857897,nan,nan,nan,4.230609418282548,2.8294316676900615,4.251043115438108,2.700431819809581,1.0048299654104809,0.4084,0.00949,0.0,0.0,0.0,0.0,0.0,0.0,0.0,0.0,0.0,0.0,0.0,5.928747479274023,23.963701546045268,0.10755097468070807,0.0,0.0,0.0,0.0,0.0,0.0,0.0,0.0,0.0,0.0,0.0,0.0,0.0,0.0,0.0,0.0,nan,nan,4.240804996530187,2.765837075857897,nan,0.4084,0.0432,0.0,0.0,0.0,0.0,0.0,0.0,0.0,0.0,0.0,0.0,0.0,0.0,0.0,0.0,0.0,0.0,0.0,0.0,0.0,0.0,0.0,0.0,0.0,0.0,0.0,0.00013443871835088506,0.002968855030248712,0.0,0.00239749047725745,0.0032601389200089628,0.0003697064754649339,0.0003136903428187318,0.007080439166479946,0.020916423930091868,0.028422585704682948,0.0388303831503473,0.07447904996639032,0.06530360743894241,0.07809769213533498,0.06165135559041004,0.09113824781537083,0.08090970199417433,0.112861304055568,0.07042348196280529,0.07440062738068563,0.06190902980058257,0.02815370826798118,0.026674882366121443,0.014317723504369259,0.027246246919112704,0.013712749271790276,0.00745014564194488,0.003954738964821868,0.0008402419896930316,0.001041900067219359,2.2406453058480843e-05,0.0006497871386959445,1.1203226529240422e-05,5.601613264620211e-05,0.0,0.0,0.0,0.0,0.0,0.0,0.0,0.0,0.0,0.0,0.0,0.0,0.0,0.0,0.0,0.0,0.0,0.0,0.0,0.0,0.0,0.0,0.0,0.0,0.0,0.0,0.0,0.0,0.0,0.0,0.0,0.0,0.0,0.0,0.0,0.0,0.0,0.0,0.0,0.0,0.0,0.0,nan,nan,4.240804996530187,2.765837075857897,nan,0.9389225860060595,0.023569002394526774,0.0,0.0,0.0,0.0,0.0,0.0,0.0,0.0,0.0,0.0,0.0,0.0,0.0,0.0,0.0,0.0,0.0,0.0,0.0,0.0,0.0,0.0,0.0,0.0,0.0,0.025817555938037872,1.394148020654045,10.959552495697077,14.109294320137696,3.5111876075731505,0.936830839803142,0.024070578950162236,0.0,0.0,0.0,0.0,0.0,0.0,0.0,0.0,0.0,0.0,0.0,0.0,0.0,0.0,0.0,0.0,0.0,0.0,0.0,0.0,0.0,0.0,0.0,0.0,0.0,0.0420757363253857,1.9635343618513328,11.472650771388501,13.029453015427773,3.4922861150070137,0.4084,0.00945,0.0,0.0,0.0,0.0,0.0,0.0,0.0,0.0,0.0,0.0,0.0,5.912220309810663,23.971600688468165,0.11617900172117042,0.0,0.0,0.0,0.0,0.0,0.0,0.0,0.0,0.0,0.0,0.0,0.0,0.0,0.0,0.0,0.0,0.4084,0.00953,0.0,0.0,0.0,0.0,0.0,0.0,0.0,0.0,0.0,0.0,0.0,5.9467040673211695,23.95511921458626,0.09817671809256664,0.0,0.0,0.0,0.0,0.0,0.0,0.0,0.0,0.0,0.0,0.0,0.0,0.0,0.0,0.0,0.0
17000,4338,2287,0.5272014753342554,1107,862,0.45389580451821115,1211,0.5583218072844629,0.40199999999999997,3.0297415894685518,3.124367182190329,6.492487479131887,2.2408099066683893,8310.82115461828,433.5751180856982,7853.0,8738.981563949585,8721.398849468338,5.548219588670073,7853.0,0.0,28.147302904564317,20.871552072192795,33.1072408118486,19.065331200092423,0.13854310742277548,0.09981558321807285,0.08667588750576302,0.08921161825726141,0.08045182111572154,0.08045182111572154,0.06408483171968649,0.061088059013370215,0.06016597510373444,0.0557860765329645,0.05186721991701245,0.04103273397879207,0.02950668510834486,0.022591055786076533,0.020516366989396035,0.010603964960811434,0.007607192254495159,0.937184890976915,0.023211745260492786,0.0,0.0,0.0,0.0,0.0,0.0,0.0,0.0,0.0,0.0,0.0,0.0,0.0,0.0,0.0,0.0,0.0,0.0,0.0,0.0,0.0,0.0,0.0,0.0,0.0,0.013831258644536656,1.7289073305670821,11.217150760719226,14.017980636237901,3.0221300138312595,4.302440749911567,2.9616349583888946,nan,nan,nan,4.33072546230441,2.9968229573763736,4.274454609429979,2.9261329151221944,0.9870065989256939,0.4084,0.009186,0.0,0.0,0.0,0.0,0.0,0.0,0.0,0.0,0.0,0.0,0.0,5.366528354080214,24.557399723374832,0.0760719225449516,0.0,0.0,0.0,0.0,0.0,0.0,0.0,0.0,0.0,0.0,0.0,0.0,0.0,0.0,0.0,0.0,nan,nan,4.302440749911567,2.9616349583888946,nan,0.4084,0.04324,0.0,0.0,0.0,0.0,0.0,0.0,0.0,0.0,0.0,0.0,0.0,0.0,0.0,0.0,0.0,0.0,0.0,0.0,0.0,0.0,0.0,0.0,0.0,0.0,0.0,0.0001037344398340249,0.002858460119870908,0.0,0.002743199631166436,0.0029276164130935915,0.0005301982480405717,0.00038035961272475796,0.006454587367450438,0.021150299677270633,0.024285384970032273,0.037897648686030426,0.08091286307053942,0.0651106500691563,0.07437759336099585,0.0661134163208852,0.0906984785615491,0.08150069156293223,0.11508759797141539,0.06603273397879207,0.07562240663900414,0.06147994467496542,0.02698248040571692,0.025633932687874596,0.014361456892577224,0.028538497003227293,0.013093591516828032,0.007549562010142923,0.003780544029506685,0.0013600737667127708,0.0013139695712309821,2.305209774089442e-05,0.0010488704472106961,0.0,4.610419548178884e-05,0.0,0.0,0.0,0.0,0.0,0.0,0.0,0.0,0.0,0.0,0.0,0.0,0.0,0.0,0.0,0.0,0.0,0.0,0.0,0.0,0.0,0.0,0.0,0.0,0.0,0.0,0.0,0.0,0.0,0.0,0.0,0.0,0.0,0.0,0.0,0.0,0.0,0.0,0.0,0.0,0.0,0.0,nan,nan,4.302440749911567,2.9616349583888946,nan,0.9369022552498991,0.023231966683153034,0.0,0.0,0.0,0.0,0.0,0.0,0.0,0.0,0.0,0.0,0.0,0.0,0.0,0.0,0.0,0.0,0.0,0.0,0.0,0.0,0.0,0.0,0.0,0.0,0.0,0.0,1.7446436379536514,11.399212942719723,13.91779623961522,2.938347179711413,0.9375000484160596,0.023185113675952086,0.0,0.0,0.0,0.0,0.0,0.0,0.0,0.0,0.0,0.0,0.0,0.0,0.0,0.0,0.0,0.0,0.0,0.0,0.0,0.0,0.0,0.0,0.0,0.0,0.0,0.029254022428083868,1.7113603120429064,11.014139444173576,14.129692832764508,3.115553388590932,0.4084,0.00918,0.0,0.0,0.0,0.0,0.0,0.0,0.0,0.0,0.0,0.0,0.0,5.31263664188893,24.62177525142108,0.0655881066899869,0.0,0.0,0.0,0.0,0.0,0.0,0.0,0.0,0.0,0.0,0.0,0.0,0.0,0.0,0.0,0.0,0.4087,0.00919,0.0,0.0,0.0,0.0,0.0,0.0,0.0,0.0,0.0,0.0,0.0,5.426621160409549,24.485616772306198,0.0877620672842516,0.0,0.0,0.0,0.0,0.0,0.0,0.0,0.0,0.0,0.0,0.0,0.0,0.0,0.0,0.0,0.0
17100,4153,2142,0.5157717312785938,1045,838,0.45340717553575727,1158,0.5576691548278353,0.422,2.980109398309299,3.108129599154116,6.589473684210526,2.1618449082212665,8301.014395272752,434.1163939891483,7853.0,8743.389458858966,8721.629217351887,5.490523011031423,7853.0,0.0,28.662412713700938,21.293793573355327,33.69730813287514,19.47784195522338,0.13917649891644596,0.09125933060438238,0.09414880809053697,0.08138694919335421,0.08620274500361184,0.06982903924873585,0.06982903924873585,0.06886588008668433,0.05586323139898868,0.05321454370334698,0.04406453166385745,0.03948952564411269,0.036118468576932336,0.026005297375391284,0.020707921984107872,0.015651336383337346,0.008186852877437997,0.9375197596501764,0.023356660334637493,0.0,0.0,0.0,0.0,0.0,0.0,0.0,0.0,0.0,0.0,0.0,0.0,0.0,0.0,0.0,0.0,0.0,0.0,0.0,0.0,0.0,0.0,0.0,0.0,0.0,0.05056585600770529,1.5675415362388638,11.196725258849026,14.071755357572842,3.1134119913315685,4.2655222790357925,2.9419738472700283,nan,nan,nan,4.355029585798817,2.9482200274887265,4.176895306859206,2.933887731336405,0.9590968843195731,0.4087,0.00938,0.0,0.0,0.0,0.0,0.0,0.0,0.0,0.0,0.0,0.0,0.0,5.172164700216703,24.640019263183248,0.18781603660004823,0.0,0.0,0.0,0.0,0.0,0.0,0.0,0.0,0.0,0.0,0.0,0.0,0.0,0.0,0.0,0.0,nan,nan,4.2655222790357925,2.9419738472700283,nan,0.4087,0.04333,0.0,0.0,0.0,0.0,0.0,0.0,0.0,0.0,0.0,0.0,0.0,0.0,0.0,0.0,0.0,0.0,0.0,0.0,0.0,0.0,0.0,0.0,0.0,0.0,1.2039489525644112e-05,0.00013243438478208525,0.0027088851432699253,0.0,0.003214543703346978,0.002877437996628943,0.0002889477486154587,0.00021671081146159402,0.007019022393450518,0.019335420178184445,0.023729833855044548,0.0386467613773176,0.0808933301228028,0.06657837707681194,0.07241752949674934,0.06659041656633759,0.0880447869010354,0.08374668914038044,0.1135083072477727,0.06554298097760655,0.07493378280760896,0.06144955453888755,0.027907536720443053,0.02828076089573802,0.013893570912593306,0.030784974717071995,0.013893570912593306,0.006344810980014447,0.0033469780881290635,0.0012400674211413437,0.0014326992535516495,4.815795810257645e-05,0.0009270406934745967,0.0,1.2039489525644112e-05,0.0,0.0,0.0,0.0,0.0,0.0,0.0,0.0,0.0,0.0,0.0,0.0,0.0,0.0,0.0,0.0,0.0,0.0,0.0,0.0,0.0,0.0,0.0,0.0,0.0,0.0,0.0,0.0,0.0,0.0,0.0,0.0,0.0,0.0,0.0,0.0,0.0,0.0,0.0,0.0,0.0,0.0,nan,nan,4.2655222790357925,2.9419738472700283,nan,0.9375299751535963,0.023067551293887687,0.0,0.0,0.0,0.0,0.0,0.0,0.0,0.0,0.0,0.0,0.0,0.0,0.0,0.0,0.0,0.0,0.0,0.0,0.0,0.0,0.0,0.0,0.0,0.0,0.0,0.028011204481792725,1.5546218487394963,11.176470588235295,14.229691876750703,3.011204481792718,0.9375088786912877,0.02366071262046196,0.0,0.0,0.0,0.0,0.0,0.0,0.0,0.0,0.0,0.0,0.0,0.0,0.0,0.0,0.0,0.0,0.0,0.0,0.0,0.0,0.0,0.0,0.0,0.0,0.0,0.0745897563401293,1.5813028344107414,11.218299353555446,13.903530581800103,3.222277473893586,0.409,0.00925,0.0,0.0,0.0,0.0,0.0,0.0,0.0,0.0,0.0,0.0,0.0,4.8459383753501335,24.957983193277318,0.19607843137254907,0.0,0.0,0.0,0.0,0.0,0.0,0.0,0.0,0.0,0.0,0.0,0.0,0.0,0.0,0.0,0.0,0.4087,0.00951,0.0,0.0,0.0,0.0,0.0,0.0,0.0,0.0,0.0,0.0,0.0,5.519641969169559,24.301342615614125,0.17901541521631031,0.0,0.0,0.0,0.0,0.0,0.0,0.0,0.0,0.0,0.0,0.0,0.0,0.0,0.0,0.0,0.0
17200,4375,2182,0.49874285714285715,1019,930,0.44548571428571426,1264,0.5778285714285715,0.39799999999999996,2.9566803465572273,3.1083844833257177,6.502392344497608,2.2281175537450046,8286.396694686233,434.5059079056367,7853.0,8743.860600733757,8721.978248969874,5.624568028864803,7853.0,0.0,27.587885714285715,20.871689413134895,32.674431351055084,19.12407186086725,0.14331428571428573,0.10925714285714286,0.08914285714285715,0.08274285714285715,0.08045714285714285,0.07382857142857142,0.07177142857142857,0.05965714285714286,0.06285714285714286,0.048,0.04845714285714286,0.04045714285714286,0.03154285714285714,0.024,0.016,0.011657142857142857,0.006857142857142857,0.9386811201504298,0.02344561672127001,0.0,0.0,0.0,0.0,0.0,0.0,0.0,0.0,0.0,0.0,0.0,0.0,0.0,0.0,0.0,0.0,0.0,0.0,0.0,0.0,0.0,0.0,0.0,0.0,0.0,0.06857142857142859,1.350857142857143,10.896,14.166857142857147,3.5177142857142867,4.415087593850554,2.890387166197331,nan,nan,nan,4.433760683760684,2.861080791091906,4.397270114942529,2.9203149957092562,0.99176983797258,0.4092,0.009636,0.0,0.0,0.0,0.0,0.0,0.0,0.0,0.0,0.0,0.0,0.0,5.012571428571421,24.87085714285715,0.1165714285714286,0.0,0.0,0.0,0.0,0.0,0.0,0.0,0.0,0.0,0.0,0.0,0.0,0.0,0.0,0.0,0.0,nan,nan,4.415087593850554,2.890387166197331,nan,0.4092,0.04355,0.0,0.0,0.0,0.0,0.0,0.0,0.0,0.0,0.0,0.0,0.0,0.0,0.0,0.0,0.0,0.0,0.0,0.0,0.0,0.0,0.0,0.0,0.0,0.0,0.0,0.00041142857142857143,0.00304,0.0,0.00344,0.0025942857142857143,0.00014857142857142857,0.00021714285714285715,0.007062857142857142,0.018034285714285715,0.022651428571428572,0.03644571428571428,0.08385142857142858,0.06485714285714286,0.07254857142857143,0.06729142857142857,0.08685714285714285,0.08195428571428572,0.11502857142857142,0.06795428571428572,0.07269714285714286,0.06220571428571429,0.029862857142857142,0.025474285714285713,0.01502857142857143,0.03154285714285714,0.014434285714285714,0.007622857142857143,0.0033257142857142856,0.0010514285714285714,0.001097142857142857,0.00022857142857142857,0.00104,0.0,0.0,0.0,0.0,0.0,0.0,0.0,0.0,0.0,0.0,0.0,0.0,0.0,0.0,0.0,0.0,0.0,0.0,0.0,0.0,0.0,0.0,0.0,0.0,0.0,0.0,0.0,0.0,0.0,0.0,0.0,0.0,0.0,0.0,0.0,0.0,0.0,0.0,0.0,0.0,0.0,0.0,0.0,0.0,nan,nan,4.415087593850554,2.890387166197331,nan,0.9385341119591409,0.0234825489242004,0.0,0.0,0.0,0.0,0.0,0.0,0.0,0.0,0.0,0.0,0.0,0.0,0.0,0.0,0.0,0.0,0.0,0.0,0.0,0.0,0.0,0.0,0.0,0.0,0.0,0.0549954170485793,1.3611365719523376,11.219065077910177,13.73510540788268,3.629697525206234,0.9388273909545304,0.023407895638291577,0.0,0.0,0.0,0.0,0.0,0.0,0.0,0.0,0.0,0.0,0.0,0.0,0.0,0.0,0.0,0.0,0.0,0.0,0.0,0.0,0.0,0.0,0.0,0.0,0.0,0.08207934336525309,1.3406292749658004,10.574555403556774,14.596443228454175,3.4062927496580038,0.4094,0.009674,0.0,0.0,0.0,0.0,0.0,0.0,0.0,0.0,0.0,0.0,0.0,5.087076076993577,24.802933088909263,0.1099908340971586,0.0,0.0,0.0,0.0,0.0,0.0,0.0,0.0,0.0,0.0,0.0,0.0,0.0,0.0,0.0,0.0,0.409,0.009605,0.0,0.0,0.0,0.0,0.0,0.0,0.0,0.0,0.0,0.0,0.0,4.938440492476053,24.938440492476065,0.12311901504787964,0.0,0.0,0.0,0.0,0.0,0.0,0.0,0.0,0.0,0.0,0.0,0.0,0.0,0.0,0.0,0.0
17300,4176,2139,0.5122126436781609,1012,861,0.44851532567049807,1158,0.5545977011494253,0.41,2.972017673048601,3.104576017286474,6.5561224489795915,2.1551820002946394,8298.10240108861,434.3799773968097,7853.0,8741.786155903339,8721.97972274242,5.786569830909992,7853.0,0.0,28.381944444444443,21.112768504397646,33.286768881317435,19.34763978073661,0.13840996168582376,0.09985632183908046,0.08620689655172414,0.08979885057471264,0.07758620689655173,0.07734674329501916,0.06968390804597702,0.06273946360153257,0.06058429118773946,0.05076628352490421,0.04477969348659004,0.03975095785440613,0.034003831417624523,0.027777777777777776,0.022030651340996167,0.011733716475095786,0.006944444444444444,0.9386544005367262,0.023491626770917096,0.0,0.0,0.0,0.0,0.0,0.0,0.0,0.0,0.0,0.0,0.0,0.0,0.0,0.0,0.0,0.0,0.0,0.0,0.0,0.0,0.0,0.0,0.0,0.0,0.0,0.02155172413793104,1.5158045977011498,10.81896551724138,14.044540229885062,3.5991379310344835,4.22920517560074,2.870198251065044,nan,nan,nan,4.181002243829469,2.8421706097389854,4.276315789473684,2.896553789159349,1.022796817625459,0.4092,0.00968,0.0,0.0,0.0,0.0,0.0,0.0,0.0,0.0,0.0,0.0,0.007183908045977013,5.143678160919532,24.68390804597702,0.1652298850574713,0.0,0.0,0.0,0.0,0.0,0.0,0.0,0.0,0.0,0.0,0.0,0.0,0.0,0.0,0.0,0.0,nan,nan,4.22920517560074,2.870198251065044,nan,0.4092,0.04355,0.0,0.0,0.0,0.0,0.0,0.0,0.0,0.0,0.0,0.0,0.0,0.0,0.0,0.0,0.0,0.0,0.0,0.0,0.0,0.0,0.0,0.0,0.0,0.0,0.0,0.0003232758620689655,0.0035799808429118774,0.0,0.003232758620689655,0.0031489463601532567,0.0003711685823754789,0.0003232758620689655,0.007758620689655172,0.01670258620689655,0.02217432950191571,0.03430316091954023,0.0805316091954023,0.06865421455938697,0.07200670498084291,0.06928879310344828,0.08643438697318008,0.08303400383141762,0.11588840996168583,0.06998323754789272,0.07088122605363985,0.062296455938697315,0.027514367816091952,0.02472461685823755,0.01597222222222222,0.032171934865900385,0.013386015325670499,0.008560823754789271,0.0035201149425287356,0.0011853448275862069,0.0009458812260536399,0.00041906130268199235,0.0006824712643678161,0.0,0.0,0.0,0.0,0.0,0.0,0.0,0.0,0.0,0.0,0.0,0.0,0.0,0.0,0.0,0.0,0.0,0.0,0.0,0.0,0.0,0.0,0.0,0.0,0.0,0.0,0.0,0.0,0.0,0.0,0.0,0.0,0.0,0.0,0.0,0.0,0.0,0.0,0.0,0.0,0.0,0.0,0.0,0.0,nan,nan,4.22920517560074,2.870198251065044,nan,0.9389189368321997,0.023822045809608637,0.0,0.0,0.0,0.0,0.0,0.0,0.0,0.0,0.0,0.0,0.0,0.0,0.0,0.0,0.0,0.0,0.0,0.0,0.0,0.0,0.0,0.0,0.0,0.0,0.0,0.0,1.5848527349228616,10.687237026647969,13.997194950911645,3.7307152875175325,0.9383766179466341,0.023136329122717316,0.0,0.0,0.0,0.0,0.0,0.0,0.0,0.0,0.0,0.0,0.0,0.0,0.0,0.0,0.0,0.0,0.0,0.0,0.0,0.0,0.0,0.0,0.0,0.0,0.0,0.04418262150220914,1.4432989690721651,10.957290132547866,14.094256259204716,3.4609720176730496,0.409,0.00981,0.0,0.0,0.0,0.0,0.0,0.0,0.0,0.0,0.0,0.0,0.0,5.399719495091157,24.46002805049089,0.14025245441795234,0.0,0.0,0.0,0.0,0.0,0.0,0.0,0.0,0.0,0.0,0.0,0.0,0.0,0.0,0.0,0.0,0.4094,0.00954,0.0,0.0,0.0,0.0,0.0,0.0,0.0,0.0,0.0,0.0,0.01472754050073638,4.874815905743733,24.918998527245957,0.19145802650957297,0.0,0.0,0.0,0.0,0.0,0.0,0.0,0.0,0.0,0.0,0.0,0.0,0.0,0.0,0.0,0.0
17400,4115,2122,0.5156743620899149,1000,843,0.44787363304981775,1145,0.5565006075334143,0.414,2.958855995985951,3.0787152845215218,6.545936395759718,2.2361887273267103,8301.122673941836,434.3056441928311,7853.0,8740.571875715255,8722.003206065341,5.444000231686917,7853.0,0.0,27.911057108140948,20.78701486737271,32.853503184713375,19.02946145291644,0.14094775212636695,0.09842041312272175,0.0928311057108141,0.08165249088699879,0.0867557715674362,0.0787363304981774,0.07047387606318348,0.05759416767922236,0.05905224787363305,0.05249088699878493,0.04447144592952612,0.04179829890643985,0.03596597812879709,0.023329283110571083,0.018712029161603888,0.010692588092345079,0.006075334143377886,0.9387591943271539,0.023366034385711575,0.0,0.0,0.0,0.0,0.0,0.0,0.0,0.0,0.0,0.0,0.0,0.0,0.0,0.0,0.0,0.0,0.0,0.0,0.0,0.0,0.0,0.0,0.0,0.0,0.0,0.03645200486026732,1.3997569866342652,10.826245443499394,14.187120291616042,3.5504252733900374,4.245475113122172,2.8486981825657653,nan,nan,nan,4.278700906344411,2.8449562309217002,4.21326299924642,2.8529188336331295,0.9847061272731262,0.4097,0.0092,0.0,0.0,0.0,0.0,0.0,0.0,0.0,0.0,0.0,0.0,0.0,4.461725394896713,25.35601458080195,0.1822600243013366,0.0,0.0,0.0,0.0,0.0,0.0,0.0,0.0,0.0,0.0,0.0,0.0,0.0,0.0,0.0,0.0,nan,nan,4.245475113122172,2.8486981825657653,nan,0.4097,0.04333,0.0,0.0,0.0,0.0,0.0,0.0,0.0,0.0,0.0,0.0,0.0,0.0,0.0,0.0,0.0,0.0,0.0,0.0,0.0,0.0,0.0,0.0,0.0,0.0,0.0,0.0002916160388821385,0.003232077764277035,0.0,0.0027339003645200487,0.002867557715674362,0.0003766707168894289,0.00021871202916160388,0.007739975698663426,0.015965978128797083,0.021846901579586877,0.03371810449574727,0.0802187120291616,0.06882138517618469,0.06946537059538274,0.07017010935601459,0.08743620899149453,0.08455650060753342,0.11532199270959903,0.07106925880923451,0.0735722964763062,0.057399756986634264,0.02804374240583232,0.023633049817739976,0.015868772782503038,0.037703523693803156,0.013122721749696233,0.008286755771567436,0.0036816524908869987,0.0011907654921020656,0.000692588092345079,0.00021871202916160388,0.000534629404617254,0.0,0.0,0.0,0.0,0.0,0.0,0.0,0.0,0.0,0.0,0.0,0.0,0.0,0.0,0.0,0.0,0.0,0.0,0.0,0.0,0.0,0.0,0.0,0.0,0.0,0.0,0.0,0.0,0.0,0.0,0.0,0.0,0.0,0.0,0.0,0.0,0.0,0.0,0.0,0.0,0.0,0.0,0.0,0.0,nan,nan,4.245475113122172,2.8486981825657653,nan,0.938463538772761,0.022744958273743923,0.0,0.0,0.0,0.0,0.0,0.0,0.0,0.0,0.0,0.0,0.0,0.0,0.0,0.0,0.0,0.0,0.0,0.0,0.0,0.0,0.0,0.0,0.0,0.0,0.0,0.028275212064090487,1.215834118755891,11.423185673892556,13.883129123468429,3.4495758718190395,0.9390739866434721,0.024005655617247303,0.0,0.0,0.0,0.0,0.0,0.0,0.0,0.0,0.0,0.0,0.0,0.0,0.0,0.0,0.0,0.0,0.0,0.0,0.0,0.0,0.0,0.0,0.0,0.0,0.0,0.045158053186151535,1.5955845459106879,10.190667335674863,14.510787757150029,3.6578023080782747,0.4097,0.0093,0.0,0.0,0.0,0.0,0.0,0.0,0.0,0.0,0.0,0.0,0.0,4.580584354382651,25.17907634307258,0.24033930254476915,0.0,0.0,0.0,0.0,0.0,0.0,0.0,0.0,0.0,0.0,0.0,0.0,0.0,0.0,0.0,0.0,0.4097,0.0091,0.0,0.0,0.0,0.0,0.0,0.0,0.0,0.0,0.0,0.0,0.0,4.335173105870541,25.544405418966388,0.12042147516307078,0.0,0.0,0.0,0.0,0.0,0.0,0.0,0.0,0.0,0.0,0.0,0.0,0.0,0.0,0.0,0.0
17500,4024,2061,0.5121769383697813,968,825,0.4455765407554672,1120,0.5566600397614314,0.426,2.9587366276108,3.167400948030024,6.723247232472325,2.1819821910477493,8298.1872136212,434.49299223270145,7853.0,8742.804960930347,8722.205894037706,5.669916699780881,7853.0,0.0,27.1418986083499,20.664447190946422,32.35935154608226,18.898334842034707,0.15159045725646123,0.09840954274353876,0.09468190854870775,0.08946322067594434,0.08225646123260437,0.07703777335984095,0.06635188866799205,0.05715705765407555,0.06461232604373758,0.05044731610337972,0.045228628230616304,0.035039761431411534,0.029324055666003976,0.02360834990059642,0.019383697813121274,0.0091948310139165,0.00621272365805169,0.9391628589710705,0.02335688627489848,0.0,0.0,0.0,0.0,0.0,0.0,0.0,0.0,0.0,0.0,0.0,0.0,0.0,0.0,0.0,0.0,0.0,0.0,0.0,0.0,0.0,0.0,0.0,0.0,0.0,0.03727634194831014,1.4761431411530817,10.601391650099405,14.425944333996027,3.459244532803182,4.356326369728025,2.975519680268458,nan,nan,nan,4.3420221169036335,3.0554259124743717,4.370574350904799,2.893664840350376,1.0065757919311398,0.4094,0.0095,0.0,0.0,0.0,0.0,0.0,0.0,0.0,0.0,0.0,0.0,0.0,4.831013916500987,25.01242544731611,0.1565606361829026,0.0,0.0,0.0,0.0,0.0,0.0,0.0,0.0,0.0,0.0,0.0,0.0,0.0,0.0,0.0,0.0,nan,nan,4.356326369728025,2.975519680268458,nan,0.4094,0.04376,0.0,0.0,0.0,0.0,0.0,0.0,0.0,0.0,0.0,0.0,0.0,0.0,0.0,0.0,0.0,0.0,0.0,0.0,0.0,0.0,0.0,0.0,0.0,0.0,0.0,0.0004845924453280318,0.0035039761431411532,0.0,0.0026341948310139164,0.004112823061630219,0.00032306163021868787,0.0004845924453280318,0.008076540755467198,0.015506958250497018,0.02290009940357853,0.03436878727634195,0.07734840954274354,0.0680168986083499,0.0690979125248509,0.07417992047713717,0.08558648111332008,0.08317594433399603,0.11610337972166998,0.07111083499005964,0.07503727634194832,0.05524353876739563,0.027385685884691847,0.02378230616302187,0.014537773359840954,0.038431908548707754,0.012984592445328031,0.008672962226640159,0.003740059642147117,0.0012673956262425447,0.0006709741550695825,0.0002360834990059642,0.0009940357852882703,0.0,0.0,0.0,0.0,0.0,0.0,0.0,0.0,0.0,0.0,0.0,0.0,0.0,0.0,0.0,0.0,0.0,0.0,0.0,0.0,0.0,0.0,0.0,0.0,0.0,0.0,0.0,0.0,0.0,0.0,0.0,0.0,0.0,0.0,0.0,0.0,0.0,0.0,0.0,0.0,0.0,0.0,0.0,0.0,nan,nan,4.356326369728025,2.975519680268458,nan,0.9395482969017991,0.023776394803233333,0.0,0.0,0.0,0.0,0.0,0.0,0.0,0.0,0.0,0.0,0.0,0.0,0.0,0.0,0.0,0.0,0.0,0.0,0.0,0.0,0.0,0.0,0.0,0.0,0.0,0.05822416302765649,1.528384279475983,10.305676855895198,14.541484716157209,3.56622998544396,0.9387581785965258,0.022901188789012813,0.0,0.0,0.0,0.0,0.0,0.0,0.0,0.0,0.0,0.0,0.0,0.0,0.0,0.0,0.0,0.0,0.0,0.0,0.0,0.0,0.0,0.0,0.0,0.0,0.0,0.015282730514518597,1.4212939378502294,10.911869587366278,14.304635761589408,3.346917982679573,0.4094,0.009636,0.0,0.0,0.0,0.0,0.0,0.0,0.0,0.0,0.0,0.0,0.0,4.934497816593879,24.905385735080067,0.16011644832605534,0.0,0.0,0.0,0.0,0.0,0.0,0.0,0.0,0.0,0.0,0.0,0.0,0.0,0.0,0.0,0.0,0.4094,0.00935,0.0,0.0,0.0,0.0,0.0,0.0,0.0,0.0,0.0,0.0,0.0,4.722363728986239,25.124808965868574,0.15282730514518597,0.0,0.0,0.0,0.0,0.0,0.0,0.0,0.0,0.0,0.0,0.0,0.0,0.0,0.0,0.0,0.0
17600,4097,2148,0.524286062972907,975,835,0.44178667317549425,1148,0.560410056138638,0.418,2.9794766546947153,3.1182590973075666,6.628884826325411,2.1127555586769615,8308.617212598074,434.0175503479282,7853.0,8742.667153978347,8722.024078218954,5.515682724413641,7853.0,0.0,28.20673663656334,21.087969066808288,33.25014560279558,19.306784538494263,0.13888210886014157,0.09909690017085672,0.09421527947278496,0.08884549670490603,0.0773736880644374,0.07224798633146204,0.06761044666829387,0.0629729070051257,0.056870881132536,0.05223334146936783,0.04979253112033195,0.04002928972418843,0.037832560410056136,0.024652184525262386,0.017817915547961923,0.0122040517451794,0.00732243104710764,0.9386737485004105,0.02306330483046808,0.0,0.0,0.0,0.0,0.0,0.0,0.0,0.0,0.0,0.0,0.0,0.0,0.0,0.0,0.0,0.0,0.0,0.0,0.0,0.0,0.0,0.0,0.0,0.0,0.0,0.03661215523553821,1.3766170368562365,11.034903587991215,14.117647058823533,3.4342201610934837,4.370973853732474,2.9395718148078984,nan,nan,nan,4.341538461538462,2.8520379923940657,4.399551904406273,3.0218571130362286,1.013362415968844,0.4092,0.0096,0.0,0.0,0.0,0.0,0.0,0.0,0.0,0.0,0.0,0.0,0.0,5.0451549914571565,24.735172077129615,0.21967293141322924,0.0,0.0,0.0,0.0,0.0,0.0,0.0,0.0,0.0,0.0,0.0,0.0,0.0,0.0,0.0,0.0,nan,nan,4.370973853732474,2.9395718148078984,nan,0.4092,0.04346,0.0,0.0,0.0,0.0,0.0,0.0,0.0,0.0,0.0,0.0,0.0,0.0,0.0,0.0,0.0,0.0,0.0,0.0,0.0,0.0,0.0,0.0,0.0,0.0,0.0,0.00046375396631681716,0.0021845252623871126,0.0,0.0034659506956309493,0.004686355870148889,0.00034171344886502317,0.000549182328533073,0.008384183548938247,0.01564559433731999,0.021772028313400048,0.0337075909201855,0.07584818159628996,0.07074688796680498,0.06909934098120576,0.07432267512814254,0.08832072247986332,0.08251159384915792,0.11615816451061753,0.07090554063949231,0.0739321454722968,0.05759092018550158,0.027178423236514523,0.022443251159384916,0.012887478642909445,0.039516719550890894,0.012655601659751037,0.007468879668049793,0.004088357334635099,0.0016597510373443983,0.000549182328533073,0.0002562850866487674,0.0006590187942396876,0.0,0.0,0.0,0.0,0.0,0.0,0.0,0.0,0.0,0.0,0.0,0.0,0.0,0.0,0.0,0.0,0.0,0.0,0.0,0.0,0.0,0.0,0.0,0.0,0.0,0.0,0.0,0.0,0.0,0.0,0.0,0.0,0.0,0.0,0.0,0.0,0.0,0.0,0.0,0.0,0.0,0.0,0.0,0.0,nan,nan,4.370973853732474,2.9395718148078984,nan,0.9388328096664595,0.023032171103968612,0.0,0.0,0.0,0.0,0.0,0.0,0.0,0.0,0.0,0.0,0.0,0.0,0.0,0.0,0.0,0.0,0.0,0.0,0.0,0.0,0.0,0.0,0.0,0.0,0.0,0.04189944134078213,1.340782122905028,11.117318435754191,14.10614525139665,3.393854748603353,0.938498446609865,0.023096299932025655,0.0,0.0,0.0,0.0,0.0,0.0,0.0,0.0,0.0,0.0,0.0,0.0,0.0,0.0,0.0,0.0,0.0,0.0,0.0,0.0,0.0,0.0,0.0,0.0,0.0,0.03078501795792715,1.4161108260646487,10.944073884043101,14.130323242688561,3.478707029245768,0.4094,0.00974,0.0,0.0,0.0,0.0,0.0,0.0,0.0,0.0,0.0,0.0,0.0,5.181564245810049,24.51117318435755,0.3072625698324023,0.0,0.0,0.0,0.0,0.0,0.0,0.0,0.0,0.0,0.0,0.0,0.0,0.0,0.0,0.0,0.0,0.4092,0.00943,0.0,0.0,0.0,0.0,0.0,0.0,0.0,0.0,0.0,0.0,0.0,4.894817855310408,24.98204207285788,0.1231400718317086,0.0,0.0,0.0,0.0,0.0,0.0,0.0,0.0,0.0,0.0,0.0,0.0,0.0,0.0,0.0,0.0
17700,4124,2147,0.5206110572259942,984,839,0.4420465567410281,1160,0.562560620756547,0.41,3.0,3.102204414711014,6.60573476702509,2.1163561912442286,8305.288785972507,434.0327196034487,7853.0,8741.448200130462,8721.765232114867,5.676500920219502,7853.0,0.0,28.366149369544132,21.08898238635854,33.159977064220186,19.39683020541817,0.13191076624636275,0.09747817652764307,0.10111542192046556,0.0943258971871969,0.07153249272550921,0.07007759456838021,0.07225994180407372,0.06134820562560621,0.055286129970902036,0.0540737148399612,0.04849660523763336,0.04485935984481086,0.03297769156159069,0.02449078564500485,0.01988360814742968,0.01139670223084384,0.00848690591658584,0.9383342824406582,0.023617623612842264,0.0,0.0,0.0,0.0,0.0,0.0,0.0,0.0,0.0,0.0,0.0,0.0,0.0,0.0,0.0,0.0,0.0,0.0,0.0,0.0,0.0,0.0,0.0,0.0,0.0,0.05092143549951505,1.6294859359844815,10.773520853540253,14.156159068865183,3.389912706110573,4.218515742128935,2.891309765451838,nan,nan,nan,4.1900452488687785,2.8475742630303604,4.2466467958271235,2.9336121778907938,1.0135085765418945,0.4094,0.00946,0.0,0.0,0.0,0.0,0.0,0.0,0.0,0.0,0.0,0.0,0.0,4.7938894277400514,25.046071774975758,0.16003879728419013,0.0,0.0,0.0,0.0,0.0,0.0,0.0,0.0,0.0,0.0,0.0,0.0,0.0,0.0,0.0,0.0,nan,nan,4.218515742128935,2.891309765451838,nan,0.4094,0.0434,0.0,0.0,0.0,0.0,0.0,0.0,0.0,0.0,0.0,0.0,0.0,0.0,0.0,0.0,0.0,0.0,0.0,0.0,0.0,0.0,0.0,0.0,0.0,0.0,0.0,0.0008365664403491756,0.0019641125121241513,0.0,0.0029946653734238605,0.005370999030067896,0.00040009699321047525,0.0003879728419010669,0.0076260911736178464,0.014888457807953443,0.0222356935014549,0.0342992240543162,0.07594568380213385,0.07040494665373424,0.06867119301648884,0.07531522793404462,0.08891852570320077,0.08142580019398642,0.11697381183317168,0.07162948593598448,0.0700533462657614,0.06020853540252182,0.027364209505334625,0.02222356935014549,0.013312318137730358,0.03983996120271581,0.0126454898157129,0.007698836081474297,0.0031644034917555773,0.0018913676042677013,0.0003758486905916586,0.00024248302618816683,0.0006910766246362754,0.0,0.0,0.0,0.0,0.0,0.0,0.0,0.0,0.0,0.0,0.0,0.0,0.0,0.0,0.0,0.0,0.0,0.0,0.0,0.0,0.0,0.0,0.0,0.0,0.0,0.0,0.0,0.0,0.0,0.0,0.0,0.0,0.0,0.0,0.0,0.0,0.0,0.0,0.0,0.0,0.0,0.0,0.0,0.0,nan,nan,4.218515742128935,2.891309765451838,nan,0.9377038833369862,0.023517567047231087,0.0,0.0,0.0,0.0,0.0,0.0,0.0,0.0,0.0,0.0,0.0,0.0,0.0,0.0,0.0,0.0,0.0,0.0,0.0,0.0,0.0,0.0,0.0,0.0,0.0,0.027945971122496513,1.690731252911039,11.164415463437356,13.805309734513278,3.311597578015837,0.9390188888521827,0.02370682620389792,0.0,0.0,0.0,0.0,0.0,0.0,0.0,0.0,0.0,0.0,0.0,0.0,0.0,0.0,0.0,0.0,0.0,0.0,0.0,0.0,0.0,0.0,0.0,0.0,0.0,0.07587253414264038,1.562974203338392,10.349013657056148,14.537177541729898,3.4749620637329297,0.4092,0.00944,0.0,0.0,0.0,0.0,0.0,0.0,0.0,0.0,0.0,0.0,0.0,4.736842105263151,25.137401024685616,0.12575687005123432,0.0,0.0,0.0,0.0,0.0,0.0,0.0,0.0,0.0,0.0,0.0,0.0,0.0,0.0,0.0,0.0,0.4094,0.009476,0.0,0.0,0.0,0.0,0.0,0.0,0.0,0.0,0.0,0.0,0.0,4.855842185128976,24.946889226100158,0.197268588770865,0.0,0.0,0.0,0.0,0.0,0.0,0.0,0.0,0.0,0.0,0.0,0.0,0.0,0.0,0.0,0.0
17800,4315,2148,0.4977983777520278,1005,906,0.4428736964078795,1229,0.5696407879490151,0.38999999999999996,2.9483156437471156,3.0910063020700655,6.498397435897436,2.1498354131382174,8285.629305144164,434.55711349199146,7853.0,8739.266366744041,8722.085405817998,5.702088947885953,7853.0,0.0,27.67114716106605,20.750866504246734,32.624723451327434,19.019593920750424,0.1418308227114716,0.10428736964078796,0.09061413673232908,0.0880648899188876,0.07670915411355736,0.07415990730011587,0.07300115874855156,0.06303592120509849,0.05886442641946697,0.053070683661645426,0.047740440324449594,0.0354577056778679,0.031286210892236384,0.02850521436848204,0.016917728852838935,0.010196987253765933,0.006257242178447277,0.9396103266769047,0.023361720484471642,0.0,0.0,0.0,0.0,0.0,0.0,0.0,0.0,0.0,0.0,0.0,0.0,0.0,0.0,0.0,0.0,0.0,0.0,0.0,0.0,0.0,0.0,0.0,0.0,0.0,0.04171494785631519,1.3279258400927,10.331402085747394,14.57937427578216,3.7195828505214377,4.327055414704817,2.866690957312625,nan,nan,nan,4.279624277456647,2.869611739440224,4.372093023255814,2.862331589959758,1.0216067439112015,0.4087,0.00956,0.0,0.0,0.0,0.0,0.0,0.0,0.0,0.0,0.0,0.0,0.0,5.360370799536493,24.48667439165702,0.152954808806489,0.0,0.0,0.0,0.0,0.0,0.0,0.0,0.0,0.0,0.0,0.0,0.0,0.0,0.0,0.0,0.0,nan,nan,4.327055414704817,2.866690957312625,nan,0.4087,0.04294,0.0,0.0,0.0,0.0,0.0,0.0,0.0,0.0,0.0,0.0,0.0,0.0,0.0,0.0,0.0,0.0,0.0,0.0,0.0,0.0,0.0,0.0,0.0,3.4762456546929314e-05,0.0,0.0011703360370799536,0.0022132097334878332,5.793742757821553e-05,0.002676709154113557,0.005735805330243337,0.000556199304750869,0.0004519119351100811,0.0079837775202781,0.014507531865585168,0.021413673232908458,0.03476245654692932,0.07705677867902665,0.06524913093858632,0.06742757821552724,0.07599073001158749,0.09132097334878331,0.08785631517960603,0.11967555040556199,0.07390498261877172,0.0697334878331402,0.06049826187717265,0.026129779837775202,0.020579374275782155,0.012410196987253767,0.03631517960602549,0.01033603707995365,0.007717265353418309,0.0021436848203939744,0.0020625724217844727,0.0006025492468134415,0.00035921205098493625,0.0010660486674391658,0.0,0.0,0.0,0.0,0.0,0.0,0.0,0.0,0.0,0.0,0.0,0.0,0.0,0.0,0.0,0.0,0.0,0.0,0.0,0.0,0.0,0.0,0.0,0.0,0.0,0.0,0.0,0.0,0.0,0.0,0.0,0.0,0.0,0.0,0.0,0.0,0.0,0.0,0.0,0.0,0.0,0.0,0.0,0.0,nan,nan,4.327055414704817,2.866690957312625,nan,0.9395741834764818,0.023414856153774057,0.0,0.0,0.0,0.0,0.0,0.0,0.0,0.0,0.0,0.0,0.0,0.0,0.0,0.0,0.0,0.0,0.0,0.0,0.0,0.0,0.0,0.0,0.0,0.0,0.0,0.04189944134078213,1.3268156424581008,10.405027932960895,14.455307262569836,3.7709497206703917,0.939646152978016,0.023308875852298145,0.0,0.0,0.0,0.0,0.0,0.0,0.0,0.0,0.0,0.0,0.0,0.0,0.0,0.0,0.0,0.0,0.0,0.0,0.0,0.0,0.0,0.0,0.0,0.0,0.0,0.041532071988924786,1.3290263036455932,10.258421781264422,14.702353484079376,3.6686663590216897,0.409,0.00964,0.0,0.0,0.0,0.0,0.0,0.0,0.0,0.0,0.0,0.0,0.0,5.335195530726249,24.469273743016767,0.19553072625698328,0.0,0.0,0.0,0.0,0.0,0.0,0.0,0.0,0.0,0.0,0.0,0.0,0.0,0.0,0.0,0.0,0.4087,0.009476,0.0,0.0,0.0,0.0,0.0,0.0,0.0,0.0,0.0,0.0,0.0,5.385325334563905,24.50392247346563,0.11075219197046611,0.0,0.0,0.0,0.0,0.0,0.0,0.0,0.0,0.0,0.0,0.0,0.0,0.0,0.0,0.0,0.0
17900,4068,2126,0.5226155358898722,982,820,0.44296951819075714,1114,0.5476892822025565,0.426,3.040679711637487,3.123759181282559,6.590425531914893,2.1929886250737214,8307.186192693733,434.1063610566491,7853.0,8740.484211587906,8722.063702670795,5.652171209637597,7853.0,0.0,28.02802359882006,21.047523165297623,32.956699824458745,19.35462223513647,0.1388888888888889,0.09955752212389381,0.09414945919370699,0.09341199606686332,0.0764503441494592,0.07448377581120944,0.07030481809242871,0.05801376597836775,0.056784660766961655,0.0535889872173058,0.048918387413962636,0.037856440511307765,0.03146509341199607,0.026057030481809244,0.02064896755162242,0.012782694198623401,0.00663716814159292,0.940337649093265,0.023307270986776634,0.0,0.0,0.0,0.0,0.0,0.0,0.0,0.0,0.0,0.0,0.0,0.0,0.0,0.0,0.0,0.0,0.0,0.0,0.0,0.0,0.0,0.0,0.0,0.0,0.00737463126843658,0.00737463126843658,1.3274336283185844,9.823008849557525,14.918879056047201,3.915929203539824,4.323518164435947,2.9350068571610013,nan,nan,nan,4.387470997679815,2.932190203438958,4.2609682299546146,2.9364120717755244,0.9711672697569744,0.409,0.00923,0.0,0.0,0.0,0.0,0.0,0.0,0.0,0.0,0.0,0.0,0.0,5.184365781710907,24.69026548672567,0.12536873156342185,0.0,0.0,0.0,0.0,0.0,0.0,0.0,0.0,0.0,0.0,0.0,0.0,0.0,0.0,0.0,0.0,nan,nan,4.323518164435947,2.9350068571610013,nan,0.409,0.0426,0.0,0.0,0.0,0.0,0.0,0.0,0.0,0.0,0.0,0.0,0.0,0.0,0.0,0.0,0.0,0.0,0.0,0.0,0.0,0.0,0.0,0.0,0.0,3.687315634218289e-05,0.0,0.0008972468043264504,0.0024827925270403148,6.145526057030482e-05,0.002667158308751229,0.005936578171091445,0.0005162241887905605,0.0002704031465093412,0.007288593903638152,0.012708947885939036,0.021066863323500492,0.034918879056047195,0.07720009832841691,0.06729351032448377,0.06618731563421829,0.07851524090462143,0.0908062930186824,0.08495575221238938,0.12378318584070797,0.07202556538839724,0.07032940019665683,0.06134464110127827,0.02386922320550639,0.023180924287118976,0.01286873156342183,0.036049655850540804,0.010103244837758112,0.006526548672566372,0.002372173058013766,0.0017944936086529007,0.00102015732546706,0.0002458210422812193,0.000663716814159292,0.0,0.0,1.2291052114060964e-05,0.0,0.0,0.0,0.0,0.0,0.0,0.0,0.0,0.0,0.0,0.0,0.0,0.0,0.0,0.0,0.0,0.0,0.0,0.0,0.0,0.0,0.0,0.0,0.0,0.0,0.0,0.0,0.0,0.0,0.0,0.0,0.0,0.0,0.0,0.0,0.0,0.0,0.0,0.0,0.0,0.0,nan,nan,4.323518164435947,2.9350068571610013,nan,0.9394851758136911,0.023837396833723202,0.0,0.0,0.0,0.0,0.0,0.0,0.0,0.0,0.0,0.0,0.0,0.0,0.0,0.0,0.0,0.0,0.0,0.0,0.0,0.0,0.0,0.0,0.0,0.0,0.01411100658513641,0.01411100658513641,1.4957666980244595,10.047036688617123,14.46378174976482,3.965192850423331,0.9412708922407286,0.022676017610649038,0.0,0.0,0.0,0.0,0.0,0.0,0.0,0.0,0.0,0.0,0.0,0.0,0.0,0.0,0.0,0.0,0.0,0.0,0.0,0.0,0.0,0.0,0.0,0.0,0.0,0.0,1.1431513903192587,9.577754891864059,15.417095777548923,3.861997940267766,0.409,0.00924,0.0,0.0,0.0,0.0,0.0,0.0,0.0,0.0,0.0,0.0,0.0,5.1928504233301895,24.694261523988718,0.11288805268109128,0.0,0.0,0.0,0.0,0.0,0.0,0.0,0.0,0.0,0.0,0.0,0.0,0.0,0.0,0.0,0.0,0.409,0.009224,0.0,0.0,0.0,0.0,0.0,0.0,0.0,0.0,0.0,0.0,0.0,5.175077239958798,24.685890834191557,0.13903192584963958,0.0,0.0,0.0,0.0,0.0,0.0,0.0,0.0,0.0,0.0,0.0,0.0,0.0,0.0,0.0,0.0
18000,4082,2100,0.514453699167075,993,853,0.45222929936305734,1179,0.5776580107790299,0.38999999999999996,2.9848637739656914,3.127427082768161,6.589928057553957,2.3067400449795064,8300.015829565973,434.2943394315641,7853.0,8740.428576552868,8721.913626803953,5.676906666557827,7853.0,0.0,27.702106810387065,20.696943951872345,32.46790589602091,19.031450525153037,0.13669769720725133,0.10436060754532092,0.09333659970602645,0.08941695247427732,0.07937285644292014,0.07520823125918667,0.07496325330720235,0.06246937775600196,0.05560999510044096,0.05389514943655071,0.045810877021068105,0.03282704556589907,0.03601175894169525,0.02645761881430671,0.016413522782949535,0.011024007839294463,0.006124448799608035,0.9394462461246106,0.023415750091294176,0.0,0.0,0.0,0.0,0.0,0.0,0.0,0.0,0.0,0.0,0.0,0.0,0.0,0.0,0.0,0.0,0.0,0.0,0.0,0.0,0.0,0.0,0.0,0.0,0.0,0.036746692797648216,1.3302302792748655,10.428711415972565,14.426751592356691,3.777560019598237,4.2375,2.8768990763414948,nan,nan,nan,4.238851095993953,2.908600515138436,4.236142748671223,2.844696887819717,0.999361065708279,0.409,0.0094,0.0,0.0,0.0,0.0,0.0,0.0,0.0,0.0,0.0,0.0,0.0,5.137187653111213,24.737873591376783,0.12493875551200395,0.0,0.0,0.0,0.0,0.0,0.0,0.0,0.0,0.0,0.0,0.0,0.0,0.0,0.0,0.0,0.0,nan,nan,4.2375,2.8768990763414948,nan,0.409,0.0425,0.0,0.0,0.0,0.0,0.0,0.0,0.0,0.0,0.0,0.0,0.0,0.0,0.0,0.0,0.0,0.0,0.0,0.0,0.0,0.0,0.0,0.0,0.0,6.124448799608035e-05,0.0,0.0009554140127388535,0.0016291033806957373,2.4497795198432143e-05,0.0017760901518863303,0.006246937775600196,0.0007594316511513963,0.00028172464478196964,0.0074718275355218034,0.013829005389514943,0.021827535521803037,0.03504409603135718,0.07485301322880941,0.06875306222439981,0.06490690837824596,0.0798873101420872,0.08977217050465458,0.08729789318961294,0.12229299363057325,0.07109260166585007,0.06740568348848604,0.06348603625673689,0.024791768740813326,0.023799608035276826,0.012885840274375306,0.03484811366976972,0.011317981381675649,0.006344928956393925,0.0026335129838314553,0.0019230769230769232,0.0009676629103380696,0.00035521803037726605,0.00047770700636942675,0.0,0.0,0.0,0.0,0.0,0.0,0.0,0.0,0.0,0.0,0.0,0.0,0.0,0.0,0.0,0.0,0.0,0.0,0.0,0.0,0.0,0.0,0.0,0.0,0.0,0.0,0.0,0.0,0.0,0.0,0.0,0.0,0.0,0.0,0.0,0.0,0.0,0.0,0.0,0.0,0.0,0.0,0.0,0.0,nan,nan,4.2375,2.8768990763414948,nan,0.9388147640228272,0.023518662164414502,0.0,0.0,0.0,0.0,0.0,0.0,0.0,0.0,0.0,0.0,0.0,0.0,0.0,0.0,0.0,0.0,0.0,0.0,0.0,0.0,0.0,0.0,0.0,0.0,0.0,0.042857142857142864,1.4142857142857146,10.828571428571431,14.05714285714286,3.657142857142858,0.9401153240326555,0.023287539450827007,0.0,0.0,0.0,0.0,0.0,0.0,0.0,0.0,0.0,0.0,0.0,0.0,0.0,0.0,0.0,0.0,0.0,0.0,0.0,0.0,0.0,0.0,0.0,0.0,0.0,0.030272452068617565,1.2411705348133202,10.005045408678106,14.818365287588298,3.905146316851666,0.409,0.009445,0.0,0.0,0.0,0.0,0.0,0.0,0.0,0.0,0.0,0.0,0.0,5.271428571428563,24.60000000000001,0.1285714285714286,0.0,0.0,0.0,0.0,0.0,0.0,0.0,0.0,0.0,0.0,0.0,0.0,0.0,0.0,0.0,0.0,0.4092,0.00936,0.0,0.0,0.0,0.0,0.0,0.0,0.0,0.0,0.0,0.0,0.0,4.99495459132189,24.88395560040364,0.12108980827447026,0.0,0.0,0.0,0.0,0.0,0.0,0.0,0.0,0.0,0.0,0.0,0.0,0.0,0.0,0.0,0.0
18100,3974,2064,0.5193759436336185,972,781,0.4411172622043281,1095,0.5510820332159033,0.418,3.006806282722513,3.085764605946363,6.555758683729433,2.0105068440371006,8304.489731811103,434.33921656998365,7853.0,8742.294845485687,8722.292729756455,5.6859703027533435,7853.0,0.0,28.056618017111223,20.811144599554602,32.88126491646778,19.083105082593445,0.13588324106693508,0.10140915953699044,0.09788626069451434,0.0840463009562154,0.0754906894816306,0.07045797684952189,0.07146451937594363,0.07221942627075995,0.05636638147961751,0.05234021137393055,0.04705586311021641,0.04177151484650227,0.0334675390035229,0.02642174131857071,0.017111222949169603,0.008807247106190236,0.007800704579768495,0.9396625493841071,0.023486046771016202,0.0,0.0,0.0,0.0,0.0,0.0,0.0,0.0,0.0,0.0,0.0,0.0,0.0,0.0,0.0,0.0,0.0,0.0,0.0,0.0,0.0,0.0,0.0,0.0,0.0,0.007549068948163062,1.2531454453950681,10.591343734272774,14.328132863613492,3.8198288877705093,4.309992132179386,2.909446766610961,nan,nan,nan,4.30636292223095,2.8951999254406844,4.313632781717888,2.9236642370864856,1.0016881669330302,0.4097,0.00912,0.0,0.0,0.0,0.0,0.0,0.0,0.0,0.0,0.0,0.0,0.0,4.386009058882731,25.455460493205845,0.1585304479114243,0.0,0.0,0.0,0.0,0.0,0.0,0.0,0.0,0.0,0.0,0.0,0.0,0.0,0.0,0.0,0.0,nan,nan,4.309992132179386,2.909446766610961,nan,0.4097,0.0423,0.0,0.0,0.0,0.0,0.0,0.0,0.0,0.0,0.0,0.0,0.0,0.0,0.0,0.0,0.0,0.0,0.0,0.0,0.0,0.0,0.0,0.0,0.0,0.0,0.0,0.0004403623553095118,0.0013085052843482636,0.0,0.002327629592350277,0.005938600905888274,0.0008807247106190236,0.0005410166079516859,0.0070961248112732765,0.012380473074987419,0.022886260694514344,0.034272773024660294,0.07109964771011575,0.06768998490186211,0.061160040261701056,0.0837317564167086,0.08709109209864117,0.08958228485153498,0.12510065425264216,0.07047055863110216,0.06972823351786613,0.06482133870156014,0.025377453447408153,0.02272269753397081,0.014116758933064922,0.03332913940613991,0.011990437845998993,0.007964267740312028,0.002315047810770005,0.0018621036738802215,0.0010946149974836437,0.0004403623553095118,0.00023905385002516357,0.0,0.0,0.0,0.0,0.0,0.0,0.0,0.0,0.0,0.0,0.0,0.0,0.0,0.0,0.0,0.0,0.0,0.0,0.0,0.0,0.0,0.0,0.0,0.0,0.0,0.0,0.0,0.0,0.0,0.0,0.0,0.0,0.0,0.0,0.0,0.0,0.0,0.0,0.0,0.0,0.0,0.0,0.0,0.0,nan,nan,4.309992132179386,2.909446766610961,nan,0.939566108405359,0.02389006458545849,0.0,0.0,0.0,0.0,0.0,0.0,0.0,0.0,0.0,0.0,0.0,0.0,0.0,0.0,0.0,0.0,0.0,0.0,0.0,0.0,0.0,0.0,0.0,0.0,0.0,0.014534883720930236,1.3517441860465118,10.552325581395351,14.15697674418605,3.9244186046511635,0.9397667662323458,0.023041037280699624,0.0,0.0,0.0,0.0,0.0,0.0,0.0,0.0,0.0,0.0,0.0,0.0,0.0,0.0,0.0,0.0,0.0,0.0,0.0,0.0,0.0,0.0,0.0,0.0,0.0,0.0,1.1465968586387436,10.633507853403144,14.513089005235607,3.706806282722514,0.4097,0.00908,0.0,0.0,0.0,0.0,0.0,0.0,0.0,0.0,0.0,0.0,0.0,4.186046511627901,25.69767441860466,0.11627906976744189,0.0,0.0,0.0,0.0,0.0,0.0,0.0,0.0,0.0,0.0,0.0,0.0,0.0,0.0,0.0,0.0,0.4097,0.009155,0.0,0.0,0.0,0.0,0.0,0.0,0.0,0.0,0.0,0.0,0.0,4.6020942408376895,25.193717277486915,0.20418848167539272,0.0,0.0,0.0,0.0,0.0,0.0,0.0,0.0,0.0,0.0,0.0,0.0,0.0,0.0,0.0,0.0
18200,3809,1975,0.5185087949593069,892,788,0.44106064583880283,1066,0.5597269624573379,0.442,2.9667393675027265,3.102833255292878,6.644308943089431,2.1596606859731247,8303.661330831297,434.29434259939757,7853.0,8741.712750399112,8722.148865385521,5.454553830427743,7853.0,0.0,27.418482541349437,20.90305002503065,32.67585551330799,19.117386364346768,0.1493830401680231,0.10107639800472565,0.08663691257547913,0.09818850091887635,0.07534786033079549,0.07534786033079549,0.07193489104751903,0.06090837490154896,0.05592018902599107,0.04856917826201103,0.04436860068259386,0.040955631399317405,0.029929115253347335,0.025728537673930164,0.015752165922814386,0.013126804935678657,0.006825938566552901,0.939144545979749,0.023495410890167413,0.0,0.0,0.0,0.0,0.0,0.0,0.0,0.0,0.0,0.0,0.0,0.0,0.0,0.0,0.0,0.0,0.0,0.0,0.0,0.0,0.0,0.0,0.0,0.0,0.0,0.039380414807035975,1.370438435284852,10.7272249934366,14.074560252034658,3.788395904436861,4.293559042113955,2.883527601568578,nan,nan,nan,4.2751454696591855,2.887460614902388,4.311730926989336,2.879525506633051,1.0085577105129635,0.4097,0.00901,0.0,0.0,0.0,0.0,0.0,0.0,0.0,0.0,0.0,0.0,0.0,4.1664478865843995,25.731163034917305,0.10238907849829354,0.0,0.0,0.0,0.0,0.0,0.0,0.0,0.0,0.0,0.0,0.0,0.0,0.0,0.0,0.0,0.0,nan,nan,4.293559042113955,2.883527601568578,nan,0.4097,0.04233,0.0,0.0,0.0,0.0,0.0,0.0,0.0,0.0,0.0,0.0,0.0,0.0,0.0,0.0,0.0,0.0,0.0,0.0,0.0,0.0,0.0,0.0,0.0,0.0,0.0,0.0006957206615909688,0.0015227093725387242,0.0,0.0021659228143869782,0.005263848779207141,0.0010238907849829352,0.0005119453924914676,0.00615647151483329,0.011695983197689682,0.023667629299028617,0.03617747440273038,0.06870569703334209,0.07053032291940142,0.06249671829876608,0.08378839590443686,0.08464163822525597,0.08994486741927014,0.12778944604883172,0.07026778682068785,0.06845628773956419,0.06152533473352586,0.024048306642163297,0.021816749803097925,0.01739301653977422,0.03328957731688107,0.011945392491467578,0.009123129430296665,0.002021527960094513,0.0017721186663166185,0.0009451299553688632,0.0005381990023628248,7.876082961407194e-05,0.0,0.0,0.0,0.0,0.0,0.0,0.0,0.0,0.0,0.0,0.0,0.0,0.0,0.0,0.0,0.0,0.0,0.0,0.0,0.0,0.0,0.0,0.0,0.0,0.0,0.0,0.0,0.0,0.0,0.0,0.0,0.0,0.0,0.0,0.0,0.0,0.0,0.0,0.0,0.0,0.0,0.0,0.0,0.0,nan,nan,4.293559042113955,2.883527601568578,nan,0.9390872093695628,0.023123319156449107,0.0,0.0,0.0,0.0,0.0,0.0,0.0,0.0,0.0,0.0,0.0,0.0,0.0,0.0,0.0,0.0,0.0,0.0,0.0,0.0,0.0,0.0,0.0,0.0,0.0,0.015189873417721522,1.4430379746835444,10.465822784810129,14.36962025316456,3.7063291139240517,0.9392062906935534,0.023889475478479794,0.0,0.0,0.0,0.0,0.0,0.0,0.0,0.0,0.0,0.0,0.0,0.0,0.0,0.0,0.0,0.0,0.0,0.0,0.0,0.0,0.0,0.0,0.0,0.0,0.0,0.06543075245365323,1.2922573609596513,11.008724100327155,13.756815703380592,3.8767720828789543,0.4097,0.008965,0.0,0.0,0.0,0.0,0.0,0.0,0.0,0.0,0.0,0.0,0.0,4.0253164556961964,25.83797468354431,0.1367088607594937,0.0,0.0,0.0,0.0,0.0,0.0,0.0,0.0,0.0,0.0,0.0,0.0,0.0,0.0,0.0,0.0,0.4097,0.009056,0.0,0.0,0.0,0.0,0.0,0.0,0.0,0.0,0.0,0.0,0.0,4.318429661941106,25.61613958560524,0.06543075245365323,0.0,0.0,0.0,0.0,0.0,0.0,0.0,0.0,0.0,0.0,0.0,0.0,0.0,0.0,0.0,0.0
18300,4024,2109,0.5241053677932406,1017,797,0.4507952286282306,1116,0.5546719681908548,0.418,3.078851174934726,3.1643488494533085,6.666666666666667,2.1087398193544398,8308.531155398874,434.09320623232287,7853.0,8741.751723968982,8722.159492330524,5.5797802142010475,7853.0,0.0,28.23832007952286,20.68858399491484,32.91593438781488,18.962137166457214,0.13021868787276342,0.10039761431411531,0.09617296222664017,0.08797216699801193,0.0797713717693837,0.07231610337972166,0.07007952286282307,0.06312127236580517,0.05964214711729622,0.05492047713717694,0.048707753479125246,0.04348906560636183,0.03553677932405567,0.02485089463220676,0.019135188866799206,0.007952286282306162,0.005715705765407555,0.9394407270265147,0.02327965067874615,0.0,0.0,0.0,0.0,0.0,0.0,0.0,0.0,0.0,0.0,0.0,0.0,0.0,0.0,0.0,0.0,0.0,0.0,0.0,0.0,0.0,0.0,0.0,0.0,0.007455268389662029,0.03727634194831014,1.3121272365805172,10.698310139165011,14.224652087475153,3.7201789264413527,4.213033536585366,2.91023702078851,nan,nan,nan,4.270849273144606,2.921586723056815,4.155656795747912,2.8977893751307846,0.9730282035189037,0.4094,0.00937,0.0,0.0,0.0,0.0,0.0,0.0,0.0,0.0,0.0,0.0,0.0,4.741550695825042,25.146620278330026,0.11182902584493044,0.0,0.0,0.0,0.0,0.0,0.0,0.0,0.0,0.0,0.0,0.0,0.0,0.0,0.0,0.0,0.0,nan,nan,4.213033536585366,2.91023702078851,nan,0.4094,0.04245,0.0,0.0,0.0,0.0,0.0,0.0,0.0,0.0,0.0,0.0,0.0,0.0,0.0,0.0,0.0,0.0,0.0,0.0,0.0,0.0,0.0,0.0,0.0,1.242544731610338e-05,0.0,0.0005591451292246521,0.0018762425447316103,2.485089463220676e-05,0.002298707753479125,0.00452286282306163,0.001341948310139165,0.0009443339960238568,0.00540506958250497,0.012922465208747515,0.023620775347912525,0.03510188866799205,0.06971918489065607,0.07099900596421471,0.06638916500994035,0.08330019880715706,0.08740059642147117,0.09122763419483101,0.1257455268389662,0.06561878727634195,0.06406560636182902,0.06118290258449304,0.022999502982107355,0.022788270377733597,0.019122763419483102,0.03540009940357853,0.013021868787276342,0.007741053677932406,0.00176441351888668,0.0014786282306163022,0.0004970178926441351,0.000782803180914513,0.00012425447316103378,0.0,0.0,0.0,0.0,0.0,0.0,0.0,0.0,0.0,0.0,0.0,0.0,0.0,0.0,0.0,0.0,0.0,0.0,0.0,0.0,0.0,0.0,0.0,0.0,0.0,0.0,0.0,0.0,0.0,0.0,0.0,0.0,0.0,0.0,0.0,0.0,0.0,0.0,0.0,0.0,0.0,0.0,0.0,0.0,nan,nan,4.213033536585366,2.91023702078851,nan,0.9393687271970095,0.023461818271922532,0.0,0.0,0.0,0.0,0.0,0.0,0.0,0.0,0.0,0.0,0.0,0.0,0.0,0.0,0.0,0.0,0.0,0.0,0.0,0.0,0.0,0.0,0.0,0.0,0.014224751066856334,0.042674253200568994,1.3655761024182078,10.5547652916074,14.167852062588908,3.8549075391180665,0.9395200208335259,0.023077104761728067,0.0,0.0,0.0,0.0,0.0,0.0,0.0,0.0,0.0,0.0,0.0,0.0,0.0,0.0,0.0,0.0,0.0,0.0,0.0,0.0,0.0,0.0,0.0,0.0,0.0,0.03133159268929505,1.2532637075718018,10.856396866840733,14.287206266318542,3.5718015665796354,0.4094,0.00912,0.0,0.0,0.0,0.0,0.0,0.0,0.0,0.0,0.0,0.0,0.0,4.651493598862013,25.234708392603135,0.11379800853485067,0.0,0.0,0.0,0.0,0.0,0.0,0.0,0.0,0.0,0.0,0.0,0.0,0.0,0.0,0.0,0.0,0.4094,0.00962,0.0,0.0,0.0,0.0,0.0,0.0,0.0,0.0,0.0,0.0,0.0,4.840731070496077,25.049608355091387,0.10966057441253267,0.0,0.0,0.0,0.0,0.0,0.0,0.0,0.0,0.0,0.0,0.0,0.0,0.0,0.0,0.0,0.0
18400,4019,2034,0.506096043791988,959,859,0.4523513311769097,1136,0.5653147549141577,0.43,2.952141057934509,3.088489510452187,6.577142857142857,2.0377979311411782,8292.84337321133,434.5307142511394,7853.0,8742.383328163623,8722.090716291217,5.505906598068721,7853.0,0.0,27.352824085593433,20.757511196529688,32.34444775230723,19.057476202562803,0.1430704155262503,0.1045036078626524,0.0918138840507589,0.09405324707638717,0.08410052251803932,0.0711619805921871,0.06344861905946753,0.06867379945260015,0.05946752923612839,0.04478726051256531,0.04354316994277183,0.039810898233391394,0.0328439910425479,0.023886538940034834,0.019407812888778304,0.009455088330430456,0.005971634735008708,0.9396494586511048,0.02347893290307513,0.0,0.0,0.0,0.0,0.0,0.0,0.0,0.0,0.0,0.0,0.0,0.0,0.0,0.0,0.0,0.0,0.0,0.0,0.0,0.0,0.0,0.0,0.0,0.0,0.0,0.02239363025628266,1.388405075889525,10.413038069171437,14.361781537695947,3.8143816869868137,4.363671875,2.890746381530899,nan,nan,nan,4.310694769711163,2.8961121590010332,4.416731821735731,2.884387070368374,1.0245985989937472,0.4094,0.00922,0.0,0.0,0.0,0.0,0.0,0.0,0.0,0.0,0.0,0.0,0.0,4.650410549888026,25.23762129883056,0.11196815128141331,0.0,0.0,0.0,0.0,0.0,0.0,0.0,0.0,0.0,0.0,0.0,0.0,0.0,0.0,0.0,0.0,nan,nan,4.363671875,2.890746381530899,nan,0.4094,0.04236,0.0,0.0,0.0,0.0,0.0,0.0,0.0,0.0,0.0,0.0,0.0,0.0,0.0,0.0,0.0,0.0,0.0,0.0,0.0,0.0,0.0,0.0,0.0,3.732271709380443e-05,0.0,0.0005473998507091317,0.002413535705399353,0.00016173177407315253,0.0023140084598158744,0.004441403334162727,0.0016795222692211993,0.0006966907190843494,0.006332421000248818,0.012615078377705896,0.023973625279920377,0.034237372480716594,0.06453097785518785,0.06932072654889276,0.06710624533466036,0.08831798954963921,0.08922617566558845,0.09251057476984324,0.12170938044289624,0.06780293605374471,0.06310027369992535,0.06239114207514307,0.020452848967404826,0.025404329435182883,0.017578999751181885,0.038703657626275194,0.011545160487683503,0.006991789002239363,0.0016173177407315252,0.0012814132868872853,0.00018661358546902214,0.0006344861905946753,0.00013684996267728292,0.0,0.0,0.0,0.0,0.0,0.0,0.0,0.0,0.0,0.0,0.0,0.0,0.0,0.0,0.0,0.0,0.0,0.0,0.0,0.0,0.0,0.0,0.0,0.0,0.0,0.0,0.0,0.0,0.0,0.0,0.0,0.0,0.0,0.0,0.0,0.0,0.0,0.0,0.0,0.0,0.0,0.0,0.0,0.0,nan,nan,4.363671875,2.890746381530899,nan,0.939219050995837,0.023003537887684878,0.0,0.0,0.0,0.0,0.0,0.0,0.0,0.0,0.0,0.0,0.0,0.0,0.0,0.0,0.0,0.0,0.0,0.0,0.0,0.0,0.0,0.0,0.0,0.0,0.0,0.02949852507374632,1.2536873156342185,10.752212389380533,14.454277286135698,3.510324483775812,0.9400904909789712,0.023948256151346235,0.0,0.0,0.0,0.0,0.0,0.0,0.0,0.0,0.0,0.0,0.0,0.0,0.0,0.0,0.0,0.0,0.0,0.0,0.0,0.0,0.0,0.0,0.0,0.0,0.0,0.015113350125944587,1.5264483627204033,10.065491183879095,14.267002518891692,4.125944584382872,0.4092,0.00923,0.0,0.0,0.0,0.0,0.0,0.0,0.0,0.0,0.0,0.0,0.0,4.911504424778754,25.000000000000007,0.08849557522123895,0.0,0.0,0.0,0.0,0.0,0.0,0.0,0.0,0.0,0.0,0.0,0.0,0.0,0.0,0.0,0.0,0.4094,0.0092,0.0,0.0,0.0,0.0,0.0,0.0,0.0,0.0,0.0,0.0,0.0,4.382871536523923,25.481108312342577,0.1360201511335013,0.0,0.0,0.0,0.0,0.0,0.0,0.0,0.0,0.0,0.0,0.0,0.0,0.0,0.0,0.0,0.0
18500,4186,2197,0.5248447204968945,1069,837,0.45532728141423795,1166,0.5570950788342093,0.40599999999999997,3.0563097033685267,3.1302938720029796,6.612068965517241,2.070197190858122,8309.235021512612,434.12073857251727,7853.0,8739.403051489591,8722.276194834682,5.685752017097933,7853.0,0.0,28.194696607740084,20.727731978509652,32.9774011299435,18.953676745487353,0.13497372193024368,0.09698996655518395,0.09197324414715718,0.08576206402293358,0.08385093167701864,0.07381748686096512,0.06736741519350214,0.06641184902054467,0.06258958432871477,0.059006211180124224,0.04634495938843765,0.038461538461538464,0.03248924988055423,0.026994744386048732,0.015766841853798376,0.009077878643096034,0.008122312470138558,0.9404190878263229,0.023695669670480594,0.0,0.0,0.0,0.0,0.0,0.0,0.0,0.0,0.0,0.0,0.0,0.0,0.0,0.0,0.0,0.0,0.0,0.0,0.0,0.0,0.0,0.0,0.0,0.0,0.0,0.028666985188724327,1.4046822742474918,10.140946010511229,14.233158146201628,4.192546583850932,4.234518138512276,2.86318722943371,nan,nan,nan,4.252569750367107,2.859550811109495,4.216532553035845,2.8666927134953712,0.9915257833623653,0.409,0.009575,0.0,0.0,0.0,0.0,0.0,0.0,0.0,0.0,0.0,0.0,0.0,5.238891543239362,24.603440038222654,0.15766841853798377,0.0,0.0,0.0,0.0,0.0,0.0,0.0,0.0,0.0,0.0,0.0,0.0,0.0,0.0,0.0,0.0,nan,nan,4.234518138512276,2.86318722943371,nan,0.409,0.04227,0.0,0.0,0.0,0.0,0.0,0.0,0.0,0.0,0.0,0.0,0.0,0.0,0.0,0.0,0.0,0.0,0.0,0.0,0.0,0.0,0.0,0.0,0.0,4.777830864787386e-05,0.0,0.0006569517439082656,0.0024008600095556617,0.00011944577161968466,0.002006688963210702,0.004479216435738175,0.0018872431915910176,0.0006211180124223603,0.006175346392737697,0.011562350692785476,0.02548972766364071,0.03551122790253225,0.06467988533205925,0.0728380315336837,0.06611323459149546,0.08890348781653129,0.09087434304825609,0.09198518872431916,0.11579073100812232,0.06804825609173436,0.06399904443382705,0.06419015766841854,0.02025800286669852,0.024247491638795988,0.01730769230769231,0.03733874820831343,0.012279025322503584,0.007083134257047301,0.0011586239847109412,0.0011347348303870043,0.00019111323459149545,0.00034639273769708555,0.0002747252747252747,0.0,0.0,0.0,0.0,0.0,0.0,0.0,0.0,0.0,0.0,0.0,0.0,0.0,0.0,0.0,0.0,0.0,0.0,0.0,0.0,0.0,0.0,0.0,0.0,0.0,0.0,0.0,0.0,0.0,0.0,0.0,0.0,0.0,0.0,0.0,0.0,0.0,0.0,0.0,0.0,0.0,0.0,0.0,0.0,nan,nan,4.234518138512276,2.86318722943371,nan,0.9402934631869421,0.023660028747423685,0.0,0.0,0.0,0.0,0.0,0.0,0.0,0.0,0.0,0.0,0.0,0.0,0.0,0.0,0.0,0.0,0.0,0.0,0.0,0.0,0.0,0.0,0.0,0.0,0.0,0.04096495220755576,1.338188438780155,10.487027765134275,14.037323623122443,4.0964952207555765,0.9405578496828938,0.023734202687681442,0.0,0.0,0.0,0.0,0.0,0.0,0.0,0.0,0.0,0.0,0.0,0.0,0.0,0.0,0.0,0.0,0.0,0.0,0.0,0.0,0.0,0.0,0.0,0.0,0.0,0.015082956259426851,1.4781297134238314,9.758672699849173,14.449472096530924,4.298642533936652,0.409,0.00942,0.0,0.0,0.0,0.0,0.0,0.0,0.0,0.0,0.0,0.0,0.0,5.229858898497945,24.647246244879387,0.1228948566226673,0.0,0.0,0.0,0.0,0.0,0.0,0.0,0.0,0.0,0.0,0.0,0.0,0.0,0.0,0.0,0.0,0.409,0.00974,0.0,0.0,0.0,0.0,0.0,0.0,0.0,0.0,0.0,0.0,0.0,5.248868778280536,24.555052790346913,0.19607843137254907,0.0,0.0,0.0,0.0,0.0,0.0,0.0,0.0,0.0,0.0,0.0,0.0,0.0,0.0,0.0,0.0
18600,4137,2159,0.5218757553782934,972,854,0.4413826444283297,1154,0.5578921924099589,0.438,2.9732052578361983,3.124447767478498,6.768642447418738,2.131887437495781,8306.682264170007,434.2671909605289,7853.0,8741.564487123489,8722.330026341515,5.532749739774237,7853.0,0.0,27.475707034082667,20.87388497284447,32.51939779965258,19.161582453931157,0.14382402707275804,0.10514865844815083,0.09789702683103699,0.08581097413584723,0.0775924583031182,0.07396664249456128,0.07009910563210056,0.06333091612279429,0.05293691080493111,0.048585931834662796,0.046410442349528645,0.044960116026105876,0.030940294899685764,0.023688663282571912,0.018129079042784626,0.009427121102248005,0.007251631617113851,0.940537706172377,0.023520732006084004,0.0,0.0,0.0,0.0,0.0,0.0,0.0,0.0,0.0,0.0,0.0,0.0,0.0,0.0,0.0,0.0,0.0,0.0,0.0,0.0,0.0,0.0,0.0,0.0,0.0,0.021754894851341557,1.2617839013778103,10.2610587382161,14.350978970268313,4.10442349528644,4.308952380952381,2.9031634384087606,nan,nan,nan,4.366459627329193,2.913748606867487,4.253552729992521,2.891848293976039,0.9741422326156413,0.409,0.009094,0.0,0.0,0.0,0.0,0.0,0.0,0.0,0.0,0.0,0.0,0.0,5.010877447425663,24.909354604786085,0.07976794778825237,0.0,0.0,0.0,0.0,0.0,0.0,0.0,0.0,0.0,0.0,0.0,0.0,0.0,0.0,0.0,0.0,nan,nan,4.308952380952381,2.9031634384087606,nan,0.409,0.04205,0.0,0.0,0.0,0.0,0.0,0.0,0.0,0.0,0.0,0.0,0.0,0.0,0.0,0.0,0.0,0.0,0.0,0.0,0.0,0.0,0.0,0.0,0.0,6.043026347594876e-05,0.0,0.00026589315929417454,0.0020667150108774476,0.00015711868503746676,0.002344694222866812,0.00339618080734832,0.0020667150108774476,0.0005680444766739183,0.005716702924824752,0.012956248489243413,0.02614213197969543,0.0383248730964467,0.0599105632100556,0.0742808798646362,0.0669809040367416,0.08969059705100314,0.09395697365240513,0.08796229151559101,0.11526468455402465,0.0705221174764322,0.06211022480058013,0.06400773507372493,0.020123277737490935,0.023120618805897993,0.01605027797921199,0.03927967125936669,0.01362098138747885,0.005499153976311337,0.0018249939569736525,0.0014140681653372008,0.00010877447425670776,0.00015711868503746676,4.834421078075901e-05,0.0,0.0,0.0,0.0,0.0,0.0,0.0,0.0,0.0,0.0,0.0,0.0,0.0,0.0,0.0,0.0,0.0,0.0,0.0,0.0,0.0,0.0,0.0,0.0,0.0,0.0,0.0,0.0,0.0,0.0,0.0,0.0,0.0,0.0,0.0,0.0,0.0,0.0,0.0,0.0,0.0,0.0,0.0,0.0,nan,nan,4.308952380952381,2.9031634384087606,nan,0.9405860321396973,0.02369986290195019,0.0,0.0,0.0,0.0,0.0,0.0,0.0,0.0,0.0,0.0,0.0,0.0,0.0,0.0,0.0,0.0,0.0,0.0,0.0,0.0,0.0,0.0,0.0,0.0,0.0,0.027790643816581757,1.2922649374710515,10.185270958777213,14.173228346456696,4.321445113478463,0.9404849580614343,0.023323524851527645,0.0,0.0,0.0,0.0,0.0,0.0,0.0,0.0,0.0,0.0,0.0,0.0,0.0,0.0,0.0,0.0,0.0,0.0,0.0,0.0,0.0,0.0,0.0,0.0,0.0,0.015166835187057637,1.2285136501516687,10.343781597573308,14.544994944388275,3.8675429726996975,0.409,0.00896,0.0,0.0,0.0,0.0,0.0,0.0,0.0,0.0,0.0,0.0,0.0,4.6549328392774365,25.261695229272817,0.08337193144974527,0.0,0.0,0.0,0.0,0.0,0.0,0.0,0.0,0.0,0.0,0.0,0.0,0.0,0.0,0.0,0.0,0.4087,0.00924,0.0,0.0,0.0,0.0,0.0,0.0,0.0,0.0,0.0,0.0,0.0,5.39939332659251,24.5247724974722,0.07583417593528818,0.0,0.0,0.0,0.0,0.0,0.0,0.0,0.0,0.0,0.0,0.0,0.0,0.0,0.0,0.0,0.0
18700,4350,2257,0.5188505747126437,1096,876,0.4533333333333333,1226,0.5636781609195403,0.40199999999999997,2.910654562828476,3.134223981040544,6.607266435986159,2.232912617188923,8304.025306875306,434.34888413848984,7853.0,8745.589221143722,8722.277840012219,5.635147731052215,7853.0,0.0,27.44045977011494,20.49165840424897,32.22392135445112,18.80330496422501,0.14022988505747128,0.10229885057471265,0.09080459770114943,0.09172413793103448,0.08482758620689655,0.07586206896551724,0.06827586206896552,0.06436781609195402,0.05724137931034483,0.051954022988505745,0.04528735632183908,0.038390804597701146,0.03218390804597701,0.025517241379310347,0.016551724137931035,0.010344827586206896,0.004137931034482759,0.9405146399037592,0.02347124378335313,0.0,0.0,0.0,0.0,0.0,0.0,0.0,0.0,0.0,0.0,0.0,0.0,0.0,0.0,0.0,0.0,0.0,0.0,0.0,0.0,0.0,0.0,0.0,0.0,0.0,0.03448275862068966,1.2551724137931037,10.075862068965519,14.5448275862069,4.089655172413794,4.261400359066427,3.019844630730547,nan,nan,nan,4.383272727272727,3.0282326406040596,4.142553191489362,3.0068888764395285,0.9450822363195408,0.409,0.00943,0.0,0.0,0.0,0.0,0.0,0.0,0.0,0.0,0.0,0.0,0.0,5.04137931034482,24.82068965517242,0.13793103448275865,0.0,0.0,0.0,0.0,0.0,0.0,0.0,0.0,0.0,0.0,0.0,0.0,0.0,0.0,0.0,0.0,nan,nan,4.261400359066427,3.019844630730547,nan,0.409,0.0422,0.0,0.0,0.0,0.0,0.0,0.0,0.0,0.0,0.0,0.0,0.0,0.0,0.0,0.0,0.0,0.0,0.0,0.0,0.0,0.0,0.0,0.0,0.0,0.0,0.0,4.597701149425287e-05,0.0023448275862068967,0.0002413793103448276,0.0024827586206896553,0.0027011494252873565,0.0031839080459770113,0.0007126436781609196,0.005655172413793103,0.014919540229885057,0.02350574712643678,0.036620689655172414,0.058816091954022987,0.07582758620689656,0.06401149425287356,0.0928735632183908,0.09472413793103449,0.0883103448275862,0.11454022988505747,0.0687816091954023,0.061091954022988504,0.06450574712643678,0.02293103448275862,0.023436781609195403,0.01564367816091954,0.03726436781609195,0.014735632183908045,0.0066091954022988505,0.002011494252873563,0.0010344827586206897,6.896551724137931e-05,0.0003563218390804598,1.1494252873563218e-05,0.0,0.0,0.0,0.0,0.0,0.0,0.0,0.0,0.0,0.0,0.0,0.0,0.0,0.0,0.0,0.0,0.0,0.0,0.0,0.0,0.0,0.0,0.0,0.0,0.0,0.0,0.0,0.0,0.0,0.0,0.0,0.0,0.0,0.0,0.0,0.0,0.0,0.0,0.0,0.0,0.0,0.0,0.0,0.0,nan,nan,4.261400359066427,3.019844630730547,nan,0.9400811970207509,0.0234471166141917,0.0,0.0,0.0,0.0,0.0,0.0,0.0,0.0,0.0,0.0,0.0,0.0,0.0,0.0,0.0,0.0,0.0,0.0,0.0,0.0,0.0,0.0,0.0,0.0,0.0,0.05316792202038105,1.3956579530350026,10.008861320336731,14.621178555604788,3.9211342490031025,0.9409820458220342,0.023488272178568453,0.0,0.0,0.0,0.0,0.0,0.0,0.0,0.0,0.0,0.0,0.0,0.0,0.0,0.0,0.0,0.0,0.0,0.0,0.0,0.0,0.0,0.0,0.0,0.0,0.0,0.014333492594362163,1.1036789297658864,10.14811275680841,14.462494027711422,4.271380793119924,0.4092,0.00946,0.0,0.0,0.0,0.0,0.0,0.0,0.0,0.0,0.0,0.0,0.0,4.984492689410715,24.882587505538332,0.1329198050509526,0.0,0.0,0.0,0.0,0.0,0.0,0.0,0.0,0.0,0.0,0.0,0.0,0.0,0.0,0.0,0.0,0.409,0.0094,0.0,0.0,0.0,0.0,0.0,0.0,0.0,0.0,0.0,0.0,0.0,5.102723363592922,24.753941710463458,0.14333492594362163,0.0,0.0,0.0,0.0,0.0,0.0,0.0,0.0,0.0,0.0,0.0,0.0,0.0,0.0,0.0,0.0
18800,4403,2240,0.5087440381558028,1065,910,0.44855780149897795,1254,0.5696116284351579,0.40199999999999997,2.916319926028664,3.020492033611278,6.467768595041322,2.048430759032611,8295.172616822487,434.52545280065846,7853.0,8742.063406908512,8722.1455499417,5.717368994090006,7853.0,0.0,27.940040881217353,20.715643831165057,32.702877117504705,19.012348481645684,0.13604360663184192,0.0992505110152169,0.09629797865091982,0.08789461730638201,0.08130819895525777,0.07245060186236657,0.06722689075630252,0.06450147626618215,0.06132182602770838,0.05541676129911424,0.04587781058369294,0.04247104247104247,0.029979559391324098,0.02566431978196684,0.016352486940722236,0.012037247331364978,0.0059050647285941405,0.9402115243742365,0.023628251255788678,0.0,0.0,0.0,0.0,0.0,0.0,0.0,0.0,0.0,0.0,0.0,0.0,0.0,0.0,0.0,0.0,0.0,0.0,0.0,0.0,0.0,0.0,0.0,0.0,0.0,0.040881217351805596,1.3286395639336819,10.145355439473088,14.403815580286173,4.081308198955258,4.237073513893774,2.85591452683834,nan,nan,nan,4.285613040396882,2.879815376287605,4.189245810055866,2.8313530908476032,0.9775137817080909,0.4092,0.00928,0.0,0.0,0.0,0.0,0.0,0.0,0.0,0.0,0.0,0.0,0.0,4.898932545991362,24.951169657052017,0.1498977969566205,0.0,0.0,0.0,0.0,0.0,0.0,0.0,0.0,0.0,0.0,0.0,0.0,0.0,0.0,0.0,0.0,nan,nan,4.237073513893774,2.85591452683834,nan,0.4092,0.0425,0.0,0.0,0.0,0.0,0.0,0.0,0.0,0.0,0.0,0.0,0.0,0.0,0.0,0.0,0.0,0.0,0.0,0.0,0.0,0.0,0.0,0.0,0.0,0.0,0.0,4.542357483533954e-05,0.0026118555530320236,7.94912559618442e-05,0.0026004996593231885,0.002702702702702703,0.0035316829434476494,0.0008176243470361117,0.0060299795593913245,0.01383147853736089,0.023427208721326368,0.03751987281399046,0.057653872359754714,0.07807176924823983,0.06330910742675448,0.09370883488530547,0.0904951169657052,0.08832614126731773,0.11158301158301158,0.06821485350897116,0.06495571201453554,0.06538723597547128,0.023211446740858507,0.02173518055870997,0.016908925732455143,0.03857597092891211,0.013456734044969339,0.0073699750170338404,0.0021462639109697933,0.0010447422212128096,5.6779468544174426e-05,0.000590506472859414,0.0,0.0,0.0,0.0,0.0,0.0,0.0,0.0,0.0,0.0,0.0,0.0,0.0,0.0,0.0,0.0,0.0,0.0,0.0,0.0,0.0,0.0,0.0,0.0,0.0,0.0,0.0,0.0,0.0,0.0,0.0,0.0,0.0,0.0,0.0,0.0,0.0,0.0,0.0,0.0,0.0,0.0,0.0,0.0,0.0,nan,nan,4.237073513893774,2.85591452683834,nan,0.9397160080926759,0.023777241904910255,0.0,0.0,0.0,0.0,0.0,0.0,0.0,0.0,0.0,0.0,0.0,0.0,0.0,0.0,0.0,0.0,0.0,0.0,0.0,0.0,0.0,0.0,0.0,0.0,0.0,0.04017857142857143,1.566964285714286,10.071428571428573,14.397321428571432,3.9241071428571437,0.9407246803939756,0.02346193178686157,0.0,0.0,0.0,0.0,0.0,0.0,0.0,0.0,0.0,0.0,0.0,0.0,0.0,0.0,0.0,0.0,0.0,0.0,0.0,0.0,0.0,0.0,0.0,0.0,0.0,0.04160887656033288,1.0818307905686548,10.221914008321777,14.410540915395288,4.244105409153954,0.409,0.00926,0.0,0.0,0.0,0.0,0.0,0.0,0.0,0.0,0.0,0.0,0.0,4.9419642857142785,24.92410714285715,0.13392857142857145,0.0,0.0,0.0,0.0,0.0,0.0,0.0,0.0,0.0,0.0,0.0,0.0,0.0,0.0,0.0,0.0,0.4094,0.00929,0.0,0.0,0.0,0.0,0.0,0.0,0.0,0.0,0.0,0.0,0.0,4.854368932038828,24.97919556171984,0.16643550624133152,0.0,0.0,0.0,0.0,0.0,0.0,0.0,0.0,0.0,0.0,0.0,0.0,0.0,0.0,0.0,0.0
18900,4189,2194,0.5237526856051563,1040,833,0.44712341847696346,1130,0.5395082358558129,0.418,2.9092731829573935,3.0968152811026397,6.588888888888889,2.2471106276370785,8308.243081887616,434.1256635371577,7853.0,8741.033855104446,8722.19474477084,5.606149659329886,7853.0,0.0,27.569587013607066,20.89808029886894,32.65092989985694,19.15737201624384,0.14633564096443066,0.09954643112914777,0.09095249462878968,0.08546192408689425,0.08498448317020768,0.07901647171162568,0.07066125566961089,0.06517068512771544,0.05060873716877536,0.04917641441871568,0.0429696825017904,0.038911434709954645,0.038195273334924805,0.02124612079255192,0.01742659345905944,0.011458582000477441,0.007877775125328241,0.9401257603855456,0.023496692738235753,0.0,0.0,0.0,0.0,0.0,0.0,0.0,0.0,0.0,0.0,0.0,0.0,0.0,0.0,0.0,0.0,0.0,0.0,0.0,0.0,0.0,0.0,0.0,0.0,0.0,0.021484841250895205,1.3320601575555027,10.48460253043686,14.273096204344716,3.8887562664120323,4.173766816143497,2.8726194687587765,nan,nan,nan,4.114264376400299,2.8556924729272493,4.233358264771877,2.8882440674417253,1.0289465813268368,0.4092,0.00939,0.0,0.0,0.0,0.0,0.0,0.0,0.0,0.0,0.0,0.0,0.0,4.905705418954398,24.965385533540232,0.12890904750537124,0.0,0.0,0.0,0.0,0.0,0.0,0.0,0.0,0.0,0.0,0.0,0.0,0.0,0.0,0.0,0.0,nan,nan,4.173766816143497,2.8726194687587765,nan,0.4092,0.04254,0.0,0.0,0.0,0.0,0.0,0.0,0.0,0.0,0.0,0.0,0.0,0.0,0.0,0.0,0.0,0.0,0.0,0.0,0.0,0.0,0.0,0.0,0.0,0.0,2.3872045834328003e-05,3.5808068751492e-05,0.002769157316782048,3.5808068751492e-05,0.001802339460491764,0.002960133683456672,0.003210790164717116,0.0010623060396275962,0.005824779183576032,0.01438290761518262,0.023466221055144426,0.03691811888278825,0.06068274051086178,0.07764382907615183,0.061745046550489374,0.09656242539985677,0.08745523991406064,0.0845189782764383,0.11388159465266173,0.07110288851754595,0.06453807591310576,0.06583910241107663,0.024122702315588447,0.019945094294581047,0.017104320840296013,0.03616614943900692,0.013595130102649797,0.008510384339937933,0.002220100262592504,0.0010981141083790881,3.5808068751492e-05,0.0007042253521126761,0.0,2.3872045834328003e-05,1.1936022917164001e-05,0.0,0.0,0.0,0.0,0.0,0.0,0.0,0.0,0.0,0.0,0.0,0.0,0.0,0.0,0.0,0.0,0.0,0.0,0.0,0.0,0.0,0.0,0.0,0.0,0.0,0.0,0.0,0.0,0.0,0.0,0.0,0.0,0.0,0.0,0.0,0.0,0.0,0.0,0.0,0.0,0.0,0.0,nan,nan,4.173766816143497,2.8726194687587765,nan,0.9395476854868987,0.023516965789748556,0.0,0.0,0.0,0.0,0.0,0.0,0.0,0.0,0.0,0.0,0.0,0.0,0.0,0.0,0.0,0.0,0.0,0.0,0.0,0.0,0.0,0.0,0.0,0.0,0.0,0.04102096627164996,1.2989972652689155,10.91157702825889,14.070191431175937,3.6782133090246134,0.9407614978931302,0.02345793514107237,0.0,0.0,0.0,0.0,0.0,0.0,0.0,0.0,0.0,0.0,0.0,0.0,0.0,0.0,0.0,0.0,0.0,0.0,0.0,0.0,0.0,0.0,0.0,0.0,0.0,0.0,1.3684210526315792,10.015037593984964,14.496240601503763,4.1203007518797,0.4094,0.009415,0.0,0.0,0.0,0.0,0.0,0.0,0.0,0.0,0.0,0.0,0.0,4.7447584320875045,25.077484047402013,0.17775752051048319,0.0,0.0,0.0,0.0,0.0,0.0,0.0,0.0,0.0,0.0,0.0,0.0,0.0,0.0,0.0,0.0,0.409,0.00936,0.0,0.0,0.0,0.0,0.0,0.0,0.0,0.0,0.0,0.0,0.0,5.082706766917286,24.8421052631579,0.07518796992481204,0.0,0.0,0.0,0.0,0.0,0.0,0.0,0.0,0.0,0.0,0.0,0.0,0.0,0.0,0.0,0.0
19000,4161,2153,0.5174236962268686,1013,851,0.4479692381639029,1166,0.5604422013938957,0.426,3.0323705179282867,3.1804068931730667,6.797127468581688,2.200079729234952,8302.865855697308,434.4723578177328,7853.0,8739.473512852192,8722.434196728516,5.691152148826736,7853.0,0.0,27.642153328526796,20.88564305042914,32.69447640966629,19.143915722514958,0.14443643354962749,0.1011776015380918,0.09084354722422494,0.09012256669069935,0.07906753184330689,0.07450132179764479,0.06777217015140591,0.06825282384042297,0.058399423215573176,0.052150925258351355,0.03893294881038212,0.039894256188416244,0.032444124008651765,0.02427301129536169,0.018985820716173996,0.011776015380918048,0.006969478490747416,0.940349264160368,0.023610735693337347,0.0,0.0,0.0,0.0,0.0,0.0,0.0,0.0,0.0,0.0,0.0,0.0,0.0,0.0,0.0,0.0,0.0,0.0,0.0,0.0,0.0,0.0,0.0,0.0,0.0,0.021629416005767847,1.3626532083633744,9.891852919971162,14.68637346791637,4.037490987743332,4.283464566929134,2.917545849862918,nan,nan,nan,4.301987767584098,2.8909479667817197,4.266568483063328,2.9436912658895014,0.9917667630792311,0.4094,0.00931,0.0,0.0,0.0,0.0,0.0,0.0,0.0,0.0,0.0,0.0,0.0,4.693583273251615,25.13338139870224,0.17303532804614277,0.0,0.0,0.0,0.0,0.0,0.0,0.0,0.0,0.0,0.0,0.0,0.0,0.0,0.0,0.0,0.0,nan,nan,4.283464566929134,2.917545849862918,nan,0.4094,0.04218,0.0,0.0,0.0,0.0,0.0,0.0,0.0,0.0,0.0,0.0,0.0,0.0,0.0,0.0,0.0,0.0,0.0,0.0,0.0,0.0,0.0,0.0,0.0,1.201634222542658e-05,0.0,1.201634222542658e-05,0.002006729151646239,0.0,0.0017664023071377072,0.003424657534246575,0.0035688536409516944,0.0006729151646238885,0.005647680845950492,0.013133862052391252,0.024152847873107425,0.03455900024032684,0.061055034847392456,0.07876712328767123,0.06059841384282624,0.09645517904349916,0.08574861812064408,0.0842706080269166,0.1214732035568373,0.07055996154770487,0.06278538812785388,0.06499639509733238,0.025702956020187455,0.021076664263398222,0.01616198029319875,0.03509973564047104,0.014359528959384762,0.0073059360730593605,0.0027877913962989667,0.0009613073780341264,6.00817111271329e-05,0.0008050949291035809,1.201634222542658e-05,0.0,0.0,0.0,0.0,0.0,0.0,0.0,0.0,0.0,0.0,0.0,0.0,0.0,0.0,0.0,0.0,0.0,0.0,0.0,0.0,0.0,0.0,0.0,0.0,0.0,0.0,0.0,0.0,0.0,0.0,0.0,0.0,0.0,0.0,0.0,0.0,0.0,0.0,0.0,0.0,0.0,0.0,0.0,0.0,nan,nan,4.283464566929134,2.917545849862918,nan,0.9404347550575533,0.023907167484953466,0.0,0.0,0.0,0.0,0.0,0.0,0.0,0.0,0.0,0.0,0.0,0.0,0.0,0.0,0.0,0.0,0.0,0.0,0.0,0.0,0.0,0.0,0.0,0.0,0.0,0.027868091035764056,1.4073385973060848,9.75383186251742,14.575011611704602,4.235949837436136,0.9402575998667226,0.023288358269094624,0.0,0.0,0.0,0.0,0.0,0.0,0.0,0.0,0.0,0.0,0.0,0.0,0.0,0.0,0.0,0.0,0.0,0.0,0.0,0.0,0.0,0.0,0.0,0.0,0.0,0.014940239043824705,1.3147410358565739,10.039840637450201,14.805776892430282,3.8247011952191245,0.4097,0.00939,0.0,0.0,0.0,0.0,0.0,0.0,0.0,0.0,0.0,0.0,0.0,4.709707385044117,25.109150023223417,0.18114259173246638,0.0,0.0,0.0,0.0,0.0,0.0,0.0,0.0,0.0,0.0,0.0,0.0,0.0,0.0,0.0,0.0,0.4092,0.0092,0.0,0.0,0.0,0.0,0.0,0.0,0.0,0.0,0.0,0.0,0.0,4.676294820717125,25.159362549800804,0.16434262948207173,0.0,0.0,0.0,0.0,0.0,0.0,0.0,0.0,0.0,0.0,0.0,0.0,0.0,0.0,0.0,0.0
19100,4150,2132,0.5137349397590362,1022,827,0.4455421686746988,1160,0.5590361445783133,0.426,3.0842418235877105,3.2266296955592324,6.875,2.1624699786241437,8299.568493622897,434.48459976932577,7853.0,8740.625160717964,8722.258559350386,5.7187969337889575,7853.0,0.0,27.897831325301205,20.704278589783225,32.64756201881951,19.002351441958776,0.13542168674698796,0.10120481927710843,0.09686746987951807,0.08771084337349398,0.07590361445783132,0.07373493975903614,0.07349397590361446,0.06771084337349398,0.05903614457831325,0.051325301204819276,0.0436144578313253,0.04024096385542169,0.033975903614457834,0.02506024096385542,0.022409638554216866,0.006506024096385542,0.005783132530120482,0.9399501465602094,0.023870961205749594,0.0,0.0,0.0,0.0,0.0,0.0,0.0,0.0,0.0,0.0,0.0,0.0,0.0,0.0,0.0,0.0,0.0,0.0,0.0,0.0,0.0,0.0,0.0,0.0,0.0,0.04337349397590362,1.3084337349397592,10.65542168674699,13.821686746987956,4.171084337349399,4.407226194956718,2.9726757940255966,nan,nan,nan,4.422155688622754,2.9292945585057835,4.392127176381529,3.0158398539551614,0.9932095307457216,0.4094,0.00933,0.0,0.0,0.0,0.0,0.0,0.0,0.0,0.0,0.0,0.0,0.0,4.7855421686746915,25.040963855421694,0.17349397590361448,0.0,0.0,0.0,0.0,0.0,0.0,0.0,0.0,0.0,0.0,0.0,0.0,0.0,0.0,0.0,0.0,nan,nan,4.407226194956718,2.9726757940255966,nan,0.4094,0.04193,0.0,0.0,0.0,0.0,0.0,0.0,0.0,0.0,0.0,0.0,0.0,0.0,0.0,0.0,0.0,0.0,0.0,0.0,0.0,0.0,0.0,0.0,0.0,0.0,0.0,0.0,0.001433734939759036,0.0,0.0011204819277108435,0.003710843373493976,0.00308433734939759,0.0007831325301204819,0.005975903614457831,0.013602409638554218,0.02266265060240964,0.035674698795180725,0.06281927710843374,0.07904819277108434,0.05891566265060241,0.09927710843373494,0.08524096385542168,0.08067469879518072,0.12204819277108434,0.07096385542168675,0.06308433734939758,0.0655421686746988,0.026542168674698795,0.02044578313253012,0.01691566265060241,0.0349277108433735,0.013614457831325302,0.007566265060240964,0.0023734939759036144,0.0007228915662650603,1.2048192771084337e-05,0.001216867469879518,0.0,0.0,0.0,0.0,0.0,0.0,0.0,0.0,0.0,0.0,0.0,0.0,0.0,0.0,0.0,0.0,0.0,0.0,0.0,0.0,0.0,0.0,0.0,0.0,0.0,0.0,0.0,0.0,0.0,0.0,0.0,0.0,0.0,0.0,0.0,0.0,0.0,0.0,0.0,0.0,0.0,0.0,0.0,0.0,0.0,nan,nan,4.407226194956718,2.9726757940255966,nan,0.9396549843489341,0.024229356414706357,0.0,0.0,0.0,0.0,0.0,0.0,0.0,0.0,0.0,0.0,0.0,0.0,0.0,0.0,0.0,0.0,0.0,0.0,0.0,0.0,0.0,0.0,0.0,0.0,0.0,0.05628517823639776,1.3930581613508446,10.722326454033773,13.522514071294562,4.305816135084429,0.9402619829499214,0.023482349271362342,0.0,0.0,0.0,0.0,0.0,0.0,0.0,0.0,0.0,0.0,0.0,0.0,0.0,0.0,0.0,0.0,0.0,0.0,0.0,0.0,0.0,0.0,0.0,0.0,0.0,0.029732408325074337,1.2190287413280478,10.584737363726463,14.137760158572847,4.028741328047572,0.4097,0.00943,0.0,0.0,0.0,0.0,0.0,0.0,0.0,0.0,0.0,0.0,0.0,4.615384615384609,25.201688555347097,0.18292682926829273,0.0,0.0,0.0,0.0,0.0,0.0,0.0,0.0,0.0,0.0,0.0,0.0,0.0,0.0,0.0,0.0,0.4094,0.009224,0.0,0.0,0.0,0.0,0.0,0.0,0.0,0.0,0.0,0.0,0.0,4.965312190287406,24.871159563924685,0.16352824578790884,0.0,0.0,0.0,0.0,0.0,0.0,0.0,0.0,0.0,0.0,0.0,0.0,0.0,0.0,0.0,0.0
19200,4391,2282,0.5196993851058984,1069,895,0.4472785242541562,1217,0.5543156456388066,0.40599999999999997,2.883357041251778,3.0838838204127716,6.622950819672131,2.2048757114321944,8304.795918230962,434.35259400392357,7853.0,8741.39697470665,8722.340875088588,5.730922360853825,7853.0,0.0,27.510589842860398,20.472450160423165,32.27230935640887,18.798731765086934,0.1359599180141198,0.11022546117057617,0.09200637667957186,0.08494648143930768,0.07993623320428149,0.07720337053063084,0.06968799817809156,0.07105442951491688,0.05625142336597586,0.047825096788886357,0.04896378956957413,0.04190389432930995,0.029833750854019587,0.02505124117513095,0.01616943748576634,0.007743110908676839,0.005237986791163744,0.9397006481309004,0.02358192722709537,0.0,0.0,0.0,0.0,0.0,0.0,0.0,0.0,0.0,0.0,0.0,0.0,0.0,0.0,0.0,0.0,0.0,0.0,0.0,0.0,0.0,0.0,0.0,0.0,0.0,0.03416078342063312,1.2639489865634255,10.671828740605786,13.978592575723074,4.051468913687088,4.190017825311943,2.8725587480194514,nan,nan,nan,4.151880766501065,2.9318613320036966,4.227240143369175,2.811518151937712,1.0181506601721655,0.41,0.00925,0.0,0.0,0.0,0.0,0.0,0.0,0.0,0.0,0.0,0.0,0.0,4.399908904577538,25.436119335003422,0.16397176041903896,0.0,0.0,0.0,0.0,0.0,0.0,0.0,0.0,0.0,0.0,0.0,0.0,0.0,0.0,0.0,0.0,nan,nan,4.190017825311943,2.8725587480194514,nan,0.41,0.0419,0.0,0.0,0.0,0.0,0.0,0.0,0.0,0.0,0.0,0.0,0.0,0.0,0.0,0.0,0.0,0.0,0.0,0.0,0.0,0.0,0.0,0.0,0.0,0.0,0.0,0.0,0.0011386927806877705,1.1386927806877704e-05,0.0012981097699840583,0.004053746299248462,0.002994762013208836,0.0008767934411295832,0.0052152129355499885,0.015292644044636757,0.021657936688681392,0.03261216123889774,0.061933500341607835,0.07845593258938738,0.05693463903438852,0.10323388749715327,0.08322705534046915,0.08311318606240037,0.12278524254156228,0.07132771578228193,0.0632316101115919,0.06356183101799134,0.02728307902527898,0.021897062172625825,0.016454110680938282,0.03446823047141881,0.015156000910954225,0.0072648599407879755,0.0025278979731268502,0.0004668640400819859,0.0002049647005237987,0.001309496697790936,1.1386927806877704e-05,0.0,0.0,0.0,0.0,0.0,0.0,0.0,0.0,0.0,0.0,0.0,0.0,0.0,0.0,0.0,0.0,0.0,0.0,0.0,0.0,0.0,0.0,0.0,0.0,0.0,0.0,0.0,0.0,0.0,0.0,0.0,0.0,0.0,0.0,0.0,0.0,0.0,0.0,0.0,0.0,0.0,0.0,0.0,0.0,nan,nan,4.190017825311943,2.8725587480194514,nan,0.9398878333236333,0.024118907083800357,0.0,0.0,0.0,0.0,0.0,0.0,0.0,0.0,0.0,0.0,0.0,0.0,0.0,0.0,0.0,0.0,0.0,0.0,0.0,0.0,0.0,0.0,0.0,0.0,0.0,0.039439088518843125,1.393514460999124,10.556529360210343,13.593339176161265,4.417177914110431,0.9394981082495268,0.022985056818408615,0.0,0.0,0.0,0.0,0.0,0.0,0.0,0.0,0.0,0.0,0.0,0.0,0.0,0.0,0.0,0.0,0.0,0.0,0.0,0.0,0.0,0.0,0.0,0.0,0.0,0.028449502133712667,1.1237553342816502,10.796586059743957,14.395448079658609,3.6557610241820777,0.4097,0.00919,0.0,0.0,0.0,0.0,0.0,0.0,0.0,0.0,0.0,0.0,0.0,4.4171779141104235,25.425065731814204,0.1577563540753725,0.0,0.0,0.0,0.0,0.0,0.0,0.0,0.0,0.0,0.0,0.0,0.0,0.0,0.0,0.0,0.0,0.41,0.00929,0.0,0.0,0.0,0.0,0.0,0.0,0.0,0.0,0.0,0.0,0.0,4.3812233285917435,25.44807965860598,0.17069701280227598,0.0,0.0,0.0,0.0,0.0,0.0,0.0,0.0,0.0,0.0,0.0,0.0,0.0,0.0,0.0,0.0
19300,4366,2242,0.5135135135135135,1036,902,0.44388456252863034,1256,0.5753550160329821,0.41,2.8926553672316384,3.0438977131316216,6.48494983277592,2.085691238085605,8299.435198932099,434.54713683422443,7853.0,8744.226545655727,8722.373808446719,5.673941708088033,7853.0,0.0,28.316307833256985,21.10240599813864,33.30299727520436,19.31756035723212,0.1385707741639945,0.09757214841960604,0.09092991296381127,0.08886852954649564,0.08268437929454879,0.0668804397617957,0.06665139715987174,0.06207054512139258,0.06207054512139258,0.060238204306000916,0.04145671094823637,0.04580852038479157,0.03550160329821347,0.023133302794319743,0.016720109940448924,0.011910215300045808,0.008932661475034357,0.9399357081087587,0.02366708515699835,0.0,0.0,0.0,0.0,0.0,0.0,0.0,0.0,0.0,0.0,0.0,0.0,0.0,0.0,0.0,0.0,0.0,0.0,0.0,0.0,0.0,0.0,0.0,0.0,0.0,0.034356390288593684,1.2368300503893725,10.526797984425105,14.113605130554287,4.0884104443426486,4.216672529018642,2.8852195126789715,nan,nan,nan,4.225829216654905,2.872463705981499,4.207573632538569,2.8978105345151732,0.9956799995502926,0.4102,0.009125,0.0,0.0,0.0,0.0,0.0,0.0,0.0,0.0,0.0,0.0,0.0,4.129638112688954,25.69170865781036,0.17865322950068718,0.0,0.0,0.0,0.0,0.0,0.0,0.0,0.0,0.0,0.0,0.0,0.0,0.0,0.0,0.0,0.0,nan,nan,4.216672529018642,2.8852195126789715,nan,0.4102,0.04163,0.0,0.0,0.0,0.0,0.0,0.0,0.0,0.0,0.0,0.0,0.0,0.0,0.0,0.0,0.0,0.0,0.0,0.0,0.0,0.0,0.0,0.0,0.0,0.0,0.0,0.0,0.0011566651397159871,0.0,0.0014658726523133303,0.00401969766376546,0.0030462666055886393,0.0009734310581768209,0.00548557031607879,0.015048098946404031,0.020029775538250114,0.030897846999541914,0.06120018323408154,0.07909986257443885,0.05618415025194686,0.1038021071919377,0.08229500687127805,0.0831081081081081,0.12740494732020155,0.07067109482363719,0.06393724232707283,0.06350206138341731,0.02901969766376546,0.021621621621621623,0.015677966101694914,0.0336692624828218,0.014750343563902885,0.007798900595510765,0.002668346312414109,0.0003550160329821347,8.016491067338525e-05,0.0010306917086578104,0.0,0.0,0.0,0.0,0.0,0.0,0.0,0.0,0.0,0.0,0.0,0.0,0.0,0.0,0.0,0.0,0.0,0.0,0.0,0.0,0.0,0.0,0.0,0.0,0.0,0.0,0.0,0.0,0.0,0.0,0.0,0.0,0.0,0.0,0.0,0.0,0.0,0.0,0.0,0.0,0.0,0.0,0.0,0.0,0.0,nan,nan,4.216672529018642,2.8852195126789715,nan,0.9399493443285324,0.023802605224939002,0.0,0.0,0.0,0.0,0.0,0.0,0.0,0.0,0.0,0.0,0.0,0.0,0.0,0.0,0.0,0.0,0.0,0.0,0.0,0.0,0.0,0.0,0.0,0.0,0.0,0.04014272970561999,1.2845673505798396,10.356824264049957,14.30419268510259,4.014272970561999,0.9399213143212198,0.02352318062042866,0.0,0.0,0.0,0.0,0.0,0.0,0.0,0.0,0.0,0.0,0.0,0.0,0.0,0.0,0.0,0.0,0.0,0.0,0.0,0.0,0.0,0.0,0.0,0.0,0.0,0.028248587570621476,1.1864406779661019,10.706214689265538,13.912429378531076,4.166666666666668,0.4097,0.009186,0.0,0.0,0.0,0.0,0.0,0.0,0.0,0.0,0.0,0.0,0.0,4.536128456735051,25.356824264049962,0.10704727921498665,0.0,0.0,0.0,0.0,0.0,0.0,0.0,0.0,0.0,0.0,0.0,0.0,0.0,0.0,0.0,0.0,0.4104,0.00905,0.0,0.0,0.0,0.0,0.0,0.0,0.0,0.0,0.0,0.0,0.0,3.7005649717514073,26.045197740113,0.25423728813559326,0.0,0.0,0.0,0.0,0.0,0.0,0.0,0.0,0.0,0.0,0.0,0.0,0.0,0.0,0.0,0.0
19400,4511,2286,0.5067612502771004,1042,965,0.44491243626690313,1304,0.5781423187763245,0.40599999999999997,3.0220224719101125,3.117325337195651,6.580952380952381,2.1942824074049154,8293.530702997457,434.63224590980667,7853.0,8745.613328778743,8722.306212257887,5.6909898833596735,7853.0,0.0,28.10130791398803,21.048416715198552,33.20943796394486,19.23351330195556,0.14076701396586122,0.09953447129239637,0.08978053646641543,0.08401684770560851,0.08623365107514963,0.07093770782531589,0.06783418310795833,0.06827754378186655,0.055863444912436264,0.05076479716249169,0.04477942806473066,0.04101086233651075,0.03635557526047439,0.024828197738860563,0.02150299268454888,0.011305697184659722,0.006207049434715141,0.9391637451895535,0.02325103901544164,0.0,0.0,0.0,0.0,0.0,0.0,0.0,0.0,0.0,0.0,0.0,0.0,0.0,0.0,0.0,0.0,0.0,0.0,0.0,0.0,0.0,0.0,0.0,0.0,0.0,0.0199512303258701,1.416537353136777,10.687209044557749,14.431389935712705,3.444912436266904,4.434350359958862,2.928743401799926,nan,nan,nan,4.418779986291981,2.902945188345056,4.4522992450240215,2.9538819423823828,1.007585636496052,0.4102,0.00923,0.0,0.0,0.0,0.0,0.0,0.0,0.0,0.0,0.0,0.0,0.0,4.116603857237857,25.73708712037243,0.14630902238971405,0.0,0.0,0.0,0.0,0.0,0.0,0.0,0.0,0.0,0.0,0.0,0.0,0.0,0.0,0.0,0.0,nan,nan,4.434350359958862,2.928743401799926,nan,0.4102,0.0417,0.0,0.0,0.0,0.0,0.0,0.0,0.0,0.0,0.0,0.0,0.0,0.0,0.0,0.0,0.0,0.0,0.0,0.0,0.0,0.0,0.0,0.0,0.0,0.0,0.0,0.0,0.0010973176679228553,2.2168033695411216e-05,0.0009199733983595655,0.003391709155397916,0.002992684548880514,0.0008423852804256263,0.00646198182221237,0.016903125692751052,0.01893150077588118,0.03049213034803813,0.06174905785856794,0.07790955442252272,0.05839060075371315,0.10422301041897583,0.081024163156728,0.07936156062957216,0.1290733761915318,0.0675903347373088,0.0668033695411217,0.06531811128352916,0.028386167146974062,0.0227222345377965,0.016071824429173133,0.030747062735535357,0.01440922190201729,0.009077809798270893,0.0035358013744180893,0.0003768565728219907,0.00012192418532476169,0.0010418975836843272,1.1084016847705608e-05,0.0,0.0,0.0,0.0,0.0,0.0,0.0,0.0,0.0,0.0,0.0,0.0,0.0,0.0,0.0,0.0,0.0,0.0,0.0,0.0,0.0,0.0,0.0,0.0,0.0,0.0,0.0,0.0,0.0,0.0,0.0,0.0,0.0,0.0,0.0,0.0,0.0,0.0,0.0,0.0,0.0,0.0,0.0,0.0,nan,nan,4.434350359958862,2.928743401799926,nan,0.9390578478809417,0.023622029902882737,0.0,0.0,0.0,0.0,0.0,0.0,0.0,0.0,0.0,0.0,0.0,0.0,0.0,0.0,0.0,0.0,0.0,0.0,0.0,0.0,0.0,0.0,0.0,0.0,0.0,0.026246719160104993,1.6010498687664045,10.446194225721786,14.422572178477694,3.5039370078740166,0.9392725457502215,0.022863097543426053,0.0,0.0,0.0,0.0,0.0,0.0,0.0,0.0,0.0,0.0,0.0,0.0,0.0,0.0,0.0,0.0,0.0,0.0,0.0,0.0,0.0,0.0,0.0,0.0,0.0,0.013483146067415734,1.2269662921348317,10.93483146067416,14.44044943820225,3.384269662921349,0.4104,0.00927,0.0,0.0,0.0,0.0,0.0,0.0,0.0,0.0,0.0,0.0,0.0,3.950131233595795,25.86614173228347,0.18372703412073496,0.0,0.0,0.0,0.0,0.0,0.0,0.0,0.0,0.0,0.0,0.0,0.0,0.0,0.0,0.0,0.0,0.41,0.00918,0.0,0.0,0.0,0.0,0.0,0.0,0.0,0.0,0.0,0.0,0.0,4.287640449438196,25.60449438202248,0.10786516853932587,0.0,0.0,0.0,0.0,0.0,0.0,0.0,0.0,0.0,0.0,0.0,0.0,0.0,0.0,0.0,0.0
19500,4710,2374,0.5040339702760085,1143,999,0.4547770700636943,1344,0.5707006369426751,0.40599999999999997,2.88527397260274,3.0618099882897813,6.530864197530864,2.1657343849147646,8291.16007604258,434.6565393560471,7853.0,8744.54533150196,8722.306637809836,5.47285836432356,7853.0,0.0,27.329723991507432,20.526886406099557,32.21535343298708,18.837260925747334,0.14140127388535031,0.10360934182590234,0.09363057324840764,0.08874734607218683,0.08259023354564755,0.07834394904458598,0.07091295116772824,0.0613588110403397,0.05732484076433121,0.0505307855626327,0.048407643312101914,0.034394904458598725,0.029723991507430998,0.027600849256900213,0.017834394904458598,0.007643312101910828,0.0059447983014862,0.9394124267587236,0.023253102518955036,0.0,0.0,0.0,0.0,0.0,0.0,0.0,0.0,0.0,0.0,0.0,0.0,0.0,0.0,0.0,0.0,0.0,0.0,0.0,0.0,0.0,0.0,0.0,0.0,0.0,0.019108280254777073,1.2929936305732486,10.757961783439493,14.101910828025481,3.828025477707007,4.227739159218801,2.8771213096207644,nan,nan,nan,4.242904290429043,2.943540359656291,4.212483399734396,2.8086384143246907,0.9928301727749859,0.41,0.00915,0.0,0.0,0.0,0.0,0.0,0.0,0.0,0.0,0.0,0.0,0.0,4.012738853503179,25.834394904458605,0.15286624203821658,0.0,0.0,0.0,0.0,0.0,0.0,0.0,0.0,0.0,0.0,0.0,0.0,0.0,0.0,0.0,0.0,nan,nan,4.227739159218801,2.8771213096207644,nan,0.41,0.04178,0.0,0.0,0.0,0.0,0.0,0.0,0.0,0.0,0.0,0.0,0.0,0.0,0.0,0.0,0.0,0.0,0.0,0.0,0.0,0.0,0.0,0.0,1.0615711252653929e-05,0.0,0.0,0.0,0.0008174097664543524,0.0001592356687898089,0.0007218683651804671,0.004002123142250531,0.003959660297239915,0.0009129511677282378,0.00708067940552017,0.01745222929936306,0.017834394904458598,0.029798301486199576,0.06267515923566878,0.07445859872611466,0.062038216560509556,0.10121019108280255,0.08399150743099788,0.08181528662420383,0.1264968152866242,0.06821656050955414,0.06833333333333333,0.06282377919320595,0.026932059447983017,0.021857749469214437,0.01846072186836518,0.029384288747346072,0.014235668789808918,0.00875796178343949,0.0037791932059447982,0.00040339702760084923,8.492569002123143e-05,0.0012845010615711253,1.0615711252653929e-05,0.0,0.0,0.0,0.0,0.0,0.0,0.0,0.0,0.0,0.0,0.0,0.0,0.0,0.0,0.0,0.0,0.0,0.0,0.0,0.0,0.0,0.0,0.0,0.0,0.0,0.0,0.0,0.0,0.0,0.0,0.0,0.0,0.0,0.0,0.0,0.0,0.0,0.0,0.0,0.0,0.0,0.0,0.0,0.0,nan,nan,4.227739159218801,2.8771213096207644,nan,0.9393706463321277,0.023078356153153914,0.0,0.0,0.0,0.0,0.0,0.0,0.0,0.0,0.0,0.0,0.0,0.0,0.0,0.0,0.0,0.0,0.0,0.0,0.0,0.0,0.0,0.0,0.0,0.0,0.0,0.012636899747262008,1.3268744734625109,10.75400168491997,14.254422914911546,3.6520640269587203,0.93945488683267,0.02342927990115708,0.0,0.0,0.0,0.0,0.0,0.0,0.0,0.0,0.0,0.0,0.0,0.0,0.0,0.0,0.0,0.0,0.0,0.0,0.0,0.0,0.0,0.0,0.0,0.0,0.0,0.02568493150684932,1.2585616438356166,10.761986301369866,13.946917808219181,4.006849315068494,0.4102,0.00906,0.0,0.0,0.0,0.0,0.0,0.0,0.0,0.0,0.0,0.0,0.0,3.917438921651216,25.91828138163438,0.16427969671440612,0.0,0.0,0.0,0.0,0.0,0.0,0.0,0.0,0.0,0.0,0.0,0.0,0.0,0.0,0.0,0.0,0.41,0.00923,0.0,0.0,0.0,0.0,0.0,0.0,0.0,0.0,0.0,0.0,0.0,4.109589041095884,25.749143835616444,0.14126712328767127,0.0,0.0,0.0,0.0,0.0,0.0,0.0,0.0,0.0,0.0,0.0,0.0,0.0,0.0,0.0,0.0
19600,4490,2319,0.5164810690423163,1095,911,0.4467706013363029,1249,0.5563474387527839,0.422,2.8526024873330265,3.0305395350937543,6.3800675675675675,2.1776990077619995,8302.016241745589,434.47019767449757,7853.0,8740.027011477947,8722.375991995557,5.565419320481669,7853.0,0.0,28.057015590200447,20.832567253074625,32.91798941798942,19.116771333625096,0.13251670378619154,0.10801781737193764,0.09175946547884187,0.08552338530066815,0.07928730512249443,0.07483296213808463,0.06904231625835189,0.0665924276169265,0.05456570155902005,0.05634743875278397,0.04253897550111359,0.043875278396436526,0.03897550111358575,0.02338530066815145,0.01648106904231626,0.008463251670378619,0.0077951002227171495,0.9396510020263477,0.023700034493574967,0.0,0.0,0.0,0.0,0.0,0.0,0.0,0.0,0.0,0.0,0.0,0.0,0.0,0.0,0.0,0.0,0.0,0.0,0.0,0.0,0.0,0.0,0.0,0.0,0.0,0.026726057906458805,1.4565701559020048,10.169265033407575,14.452115812917597,3.8953229398663707,4.130120481927711,2.82262889741831,nan,nan,nan,4.125426039536469,2.809920298695436,4.13490959666203,2.8355270877321135,1.002298806725578,0.41,0.00947,0.0,0.0,0.0,0.0,0.0,0.0,0.0,0.0,0.0,0.0,0.0,4.583518930957677,25.216035634743882,0.20044543429844103,0.0,0.0,0.0,0.0,0.0,0.0,0.0,0.0,0.0,0.0,0.0,0.0,0.0,0.0,0.0,0.0,nan,nan,4.130120481927711,2.82262889741831,nan,0.41,0.04233,0.0,0.0,0.0,0.0,0.0,0.0,0.0,0.0,0.0,0.0,0.0,0.0,0.0,0.0,0.0,0.0,0.0,0.0,0.0,0.0,0.0,0.0,0.0,0.0,3.3407572383073495e-05,0.0,0.0012806236080178173,5.5679287305122496e-05,0.0008240534521158129,0.00410913140311804,0.004064587973273942,0.0006347438752783964,0.006804008908685969,0.017728285077951003,0.019788418708240534,0.029933184855233854,0.063184855233853,0.07534521158129176,0.05933184855233853,0.10289532293986638,0.08198218262806237,0.08145879732739421,0.12661469933184855,0.0678619153674833,0.06956570155902005,0.05751670378619154,0.02520044543429844,0.024175946547884186,0.019365256124721602,0.030189309576837416,0.014621380846325168,0.009053452115812918,0.004075723830734967,0.00035634743875278396,0.00025612472160356346,0.0015701559020044544,0.00012249443207126948,0.0,0.0,0.0,0.0,0.0,0.0,0.0,0.0,0.0,0.0,0.0,0.0,0.0,0.0,0.0,0.0,0.0,0.0,0.0,0.0,0.0,0.0,0.0,0.0,0.0,0.0,0.0,0.0,0.0,0.0,0.0,0.0,0.0,0.0,0.0,0.0,0.0,0.0,0.0,0.0,0.0,0.0,0.0,0.0,nan,nan,4.130120481927711,2.82262889741831,nan,0.9398153418608398,0.023597511286543613,0.0,0.0,0.0,0.0,0.0,0.0,0.0,0.0,0.0,0.0,0.0,0.0,0.0,0.0,0.0,0.0,0.0,0.0,0.0,0.0,0.0,0.0,0.0,0.0,0.0,0.0388098318240621,1.3712807244501943,10.168175937904271,14.514877102199227,3.906856403622252,0.9394754589235437,0.02380780620706903,0.0,0.0,0.0,0.0,0.0,0.0,0.0,0.0,0.0,0.0,0.0,0.0,0.0,0.0,0.0,0.0,0.0,0.0,0.0,0.0,0.0,0.0,0.0,0.0,0.0,0.013818516812528792,1.5476738830032248,10.17042837402119,14.385076001842473,3.8830032243205905,0.41,0.00945,0.0,0.0,0.0,0.0,0.0,0.0,0.0,0.0,0.0,0.0,0.0,4.6054333764553625,25.174644243208284,0.21992238033635192,0.0,0.0,0.0,0.0,0.0,0.0,0.0,0.0,0.0,0.0,0.0,0.0,0.0,0.0,0.0,0.0,0.4102,0.00948,0.0,0.0,0.0,0.0,0.0,0.0,0.0,0.0,0.0,0.0,0.0,4.560110548134493,25.26024873330263,0.1796407185628743,0.0,0.0,0.0,0.0,0.0,0.0,0.0,0.0,0.0,0.0,0.0,0.0,0.0,0.0,0.0,0.0
19700,4514,2350,0.5206025697828977,1134,899,0.450376606114311,1236,0.5476295968099246,0.422,2.9482439926062844,3.1224400477419936,6.567839195979899,2.2381279987896554,8305.522297040328,434.2634837193811,7853.0,8739.521464073658,8722.227935676612,5.574974761759081,7853.0,0.0,28.004430660168364,20.82068894235473,32.953322784810126,19.034769555717503,0.13956579530350022,0.0954807266282676,0.09304386353566682,0.08595480726628267,0.08440407620735489,0.07731501993797076,0.07044749667700487,0.06579530350022153,0.06092157731501994,0.04275587062472309,0.04873726185201595,0.04231280460788658,0.027913159060700046,0.028356225077536552,0.02060256978289765,0.00974745237040319,0.00664599025254763,0.9389547374880203,0.023480380006453392,0.0,0.0,0.0,0.0,0.0,0.0,0.0,0.0,0.0,0.0,0.0,0.0,0.0,0.0,0.0,0.0,0.0,0.0,0.0,0.0,0.0,0.0,0.0,0.0,0.0,0.03322995126273815,1.4488258750553837,10.759858218874614,14.10943730615862,3.6486486486486496,4.185753237900477,2.957421342495831,nan,nan,nan,4.213994565217392,2.898602515601048,4.1573187414500685,3.0152163908011653,0.9865505702747864,0.4102,0.00919,0.0,0.0,0.0,0.0,0.0,0.0,0.0,0.0,0.0,0.0,0.0,4.313247673903406,25.540540540540547,0.14621178555604789,0.0,0.0,0.0,0.0,0.0,0.0,0.0,0.0,0.0,0.0,0.0,0.0,0.0,0.0,0.0,0.0,nan,nan,4.185753237900477,2.957421342495831,nan,0.4102,0.0423,0.0,0.0,0.0,0.0,0.0,0.0,0.0,0.0,0.0,0.0,0.0,0.0,0.0,0.0,0.0,0.0,0.0,0.0,0.0,0.0,0.0,0.0,0.0,0.0,4.4306601683650866e-05,0.0,0.0009858218874612317,5.538325210456358e-05,0.0007753655294638901,0.003821444395214887,0.003444838280903855,0.00046521931767833406,0.006535223748338502,0.01732388125830749,0.020037660611431102,0.030859548072662828,0.06439964554718654,0.07616304829419583,0.05935976960567124,0.10351129818342933,0.08402747009304386,0.07906513070447496,0.12424678777137793,0.06883030571555161,0.06938413823659725,0.05657953035002215,0.027281789986708018,0.02410279131590607,0.018819229065130706,0.027868852459016394,0.014277802392556492,0.010223748338502437,0.004785112981834293,0.0003322995126273815,0.0004873726185201595,0.001561807709348693,0.0003322995126273815,0.0,1.1076650420912716e-05,0.0,0.0,0.0,0.0,0.0,0.0,0.0,0.0,0.0,0.0,0.0,0.0,0.0,0.0,0.0,0.0,0.0,0.0,0.0,0.0,0.0,0.0,0.0,0.0,0.0,0.0,0.0,0.0,0.0,0.0,0.0,0.0,0.0,0.0,0.0,0.0,0.0,0.0,0.0,0.0,0.0,0.0,nan,nan,4.185753237900477,2.957421342495831,nan,0.9389410512751721,0.02322156591387318,0.0,0.0,0.0,0.0,0.0,0.0,0.0,0.0,0.0,0.0,0.0,0.0,0.0,0.0,0.0,0.0,0.0,0.0,0.0,0.0,0.0,0.0,0.0,0.0,0.0,0.025531914893617027,1.3787234042553196,10.82553191489362,14.119148936170216,3.6510638297872346,0.9389696000574257,0.02375823760863676,0.0,0.0,0.0,0.0,0.0,0.0,0.0,0.0,0.0,0.0,0.0,0.0,0.0,0.0,0.0,0.0,0.0,0.0,0.0,0.0,0.0,0.0,0.0,0.0,0.0,0.04158964879852126,1.5249537892791132,10.688539741219964,14.09889094269871,3.6460258780036976,0.4102,0.00925,0.0,0.0,0.0,0.0,0.0,0.0,0.0,0.0,0.0,0.0,0.0,4.429787234042547,25.442553191489367,0.12765957446808512,0.0,0.0,0.0,0.0,0.0,0.0,0.0,0.0,0.0,0.0,0.0,0.0,0.0,0.0,0.0,0.0,0.41,0.00915,0.0,0.0,0.0,0.0,0.0,0.0,0.0,0.0,0.0,0.0,0.0,4.186691312384467,25.64695009242145,0.16635859519408505,0.0,0.0,0.0,0.0,0.0,0.0,0.0,0.0,0.0,0.0,0.0,0.0,0.0,0.0,0.0,0.0
19800,4694,2378,0.5066041755432467,1097,982,0.44290583723902854,1327,0.5654026416702173,0.43,3.028497409326425,3.2090464185891663,6.727411944869831,2.297704869308135,8293.33896079875,434.5794423518584,7853.0,8739.80955427289,8722.197259036722,5.667836246545282,7853.0,0.0,27.331913080528334,20.861233648250874,32.43909928352098,19.139607938093185,0.1472092032381764,0.10289731572219855,0.09288453344695356,0.09181934384320409,0.08095440988495953,0.07136770345121432,0.06817213463996591,0.06369833830421814,0.05517682147422241,0.054324669791222836,0.04409884959522795,0.03472518108223264,0.03131657435023434,0.0262036642522369,0.017043033659991477,0.011504047720494247,0.006604175543246698,0.9391580207275745,0.023604635390768323,0.0,0.0,0.0,0.0,0.0,0.0,0.0,0.0,0.0,0.0,0.0,0.0,0.0,0.0,0.0,0.0,0.0,0.0,0.0,0.0,0.0,0.0,0.0,0.0,0.0,0.04473796335747764,1.3485300383468262,10.654026416702177,14.213890072432896,3.738815509160631,4.406302380154207,2.9519314469683695,nan,nan,nan,4.40278699402787,2.9346462879171407,4.409891598915989,2.9694715413456434,1.0016136608238728,0.4097,0.009155,0.0,0.0,0.0,0.0,0.0,0.0,0.0,0.0,0.0,0.0,0.0,4.345973583297821,25.50703025138475,0.1469961653174265,0.0,0.0,0.0,0.0,0.0,0.0,0.0,0.0,0.0,0.0,0.0,0.0,0.0,0.0,0.0,0.0,nan,nan,4.406302380154207,2.9519314469683695,nan,0.4097,0.0423,0.0,0.0,0.0,0.0,0.0,0.0,0.0,0.0,0.0,0.0,0.0,0.0,0.0,0.0,0.0,0.0,0.0,0.0,0.0,0.0,0.0,0.0,0.0,0.0,7.456327226246272e-05,0.0,0.001107797187899446,9.586706433745207e-05,0.0009054111631870473,0.0035470813804857264,0.0028121005538985938,0.0004154239454622923,0.005709416276097145,0.018555602897315723,0.021293140178951852,0.03254154239454623,0.0672028121005539,0.0734128674904133,0.05572006817213464,0.10459096719216021,0.08826161056668087,0.07916489135066042,0.12554324669791223,0.06603110353642948,0.06832126118449083,0.057062207072858966,0.02607584149978696,0.023210481465700896,0.018491691521090755,0.02825948018747337,0.01385811674478057,0.010012782275244993,0.005176821474222411,0.00030890498508734555,0.0003515125692373242,0.001171708564124414,0.0006604175543246698,0.0,5.325948018747337e-05,0.0,0.0,0.0,0.0,0.0,0.0,0.0,0.0,0.0,0.0,0.0,0.0,0.0,0.0,0.0,0.0,0.0,0.0,0.0,0.0,0.0,0.0,0.0,0.0,0.0,0.0,0.0,0.0,0.0,0.0,0.0,0.0,0.0,0.0,0.0,0.0,0.0,0.0,0.0,0.0,0.0,0.0,nan,nan,4.406302380154207,2.9519314469683695,nan,0.9391647945491078,0.023566204258788134,0.0,0.0,0.0,0.0,0.0,0.0,0.0,0.0,0.0,0.0,0.0,0.0,0.0,0.0,0.0,0.0,0.0,0.0,0.0,0.0,0.0,0.0,0.0,0.0,0.0,0.06307821698906646,1.223717409587889,10.811606391925991,14.255677039529019,3.645920941968041,0.9391510655688499,0.02364402831935256,0.0,0.0,0.0,0.0,0.0,0.0,0.0,0.0,0.0,0.0,0.0,0.0,0.0,0.0,0.0,0.0,0.0,0.0,0.0,0.0,0.0,0.0,0.0,0.0,0.0,0.025906735751295342,1.4766839378238346,10.492227979274613,14.170984455958552,3.8341968911917106,0.4097,0.0093,0.0,0.0,0.0,0.0,0.0,0.0,0.0,0.0,0.0,0.0,0.0,4.453322119428084,25.433137089991597,0.11354079058031961,0.0,0.0,0.0,0.0,0.0,0.0,0.0,0.0,0.0,0.0,0.0,0.0,0.0,0.0,0.0,0.0,0.4097,0.009,0.0,0.0,0.0,0.0,0.0,0.0,0.0,0.0,0.0,0.0,0.0,4.235751295336781,25.582901554404152,0.18134715025906742,0.0,0.0,0.0,0.0,0.0,0.0,0.0,0.0,0.0,0.0,0.0,0.0,0.0,0.0,0.0,0.0
19900,4678,2425,0.5183839247541685,1088,936,0.43266353142368535,1318,0.5634886703719538,0.418,2.9485130936529074,3.074458985808901,6.442700156985871,2.2064407488591296,8303.608380002355,434.35261946377796,7853.0,8745.654045069217,8722.25608315506,5.561667287609466,7853.0,0.0,27.870884993587,21.057536433418488,32.95753389613712,19.303707976156904,0.1434373663958957,0.10517315091919624,0.09063702436938863,0.0874305258657546,0.07545959811885421,0.07973492945703292,0.06135100470286447,0.05857203933304831,0.058785805899957244,0.05301410859341599,0.051303976058144504,0.04082941427960667,0.03206498503634032,0.02672082086361693,0.01881145788798632,0.00940572894399316,0.007268063274903805,0.9391563649792201,0.023430022693547152,0.0,0.0,0.0,0.0,0.0,0.0,0.0,0.0,0.0,0.0,0.0,0.0,0.0,0.0,0.0,0.0,0.0,0.0,0.0,0.0,0.0,0.0,0.0,0.0,0.0,0.019238991021804194,1.3659683625480978,10.60709705002138,14.422830269345877,3.584865327062848,4.300100704934541,2.862151879899949,nan,nan,nan,4.250831669993347,2.8929027867997785,4.350271002710027,2.8296137578649234,1.023392912360803,0.4097,0.009315,0.0,0.0,0.0,0.0,0.0,0.0,0.0,0.0,0.0,0.0,0.0,4.392902949978617,25.408294142796073,0.19880290722531002,0.0,0.0,0.0,0.0,0.0,0.0,0.0,0.0,0.0,0.0,0.0,0.0,0.0,0.0,0.0,0.0,nan,nan,4.300100704934541,2.862151879899949,nan,0.4097,0.04288,0.0,0.0,0.0,0.0,0.0,0.0,0.0,0.0,0.0,0.0,0.0,0.0,0.0,0.0,0.0,0.0,0.0,0.0,0.0,0.0,0.0,0.0,0.0,0.0,8.550662676357418e-05,0.0,0.0009726378794356563,6.412997007268063e-05,0.001453612654980761,0.0038798631893971784,0.003527148353997435,0.00048097477554510476,0.0062740487387772555,0.01788157332193245,0.022926464300983326,0.03252458315519453,0.0667486105173151,0.07091705857203934,0.056070970500213764,0.10418982471141514,0.0893971782813168,0.07964942283026935,0.12163317657118426,0.06659897392047884,0.067368533561351,0.05658401026079521,0.02758657545959812,0.022926464300983326,0.017539546814878154,0.031124412141941,0.012954253954681487,0.010111158614792646,0.004948696023941855,0.0002565198802907225,0.00044890979050876445,0.0016566908935442496,0.0011115861479264644,4.275331338178709e-05,6.412997007268063e-05,0.0,0.0,0.0,0.0,0.0,0.0,0.0,0.0,0.0,0.0,0.0,0.0,0.0,0.0,0.0,0.0,0.0,0.0,0.0,0.0,0.0,0.0,0.0,0.0,0.0,0.0,0.0,0.0,0.0,0.0,0.0,0.0,0.0,0.0,0.0,0.0,0.0,0.0,0.0,0.0,0.0,0.0,nan,nan,4.300100704934541,2.862151879899949,nan,0.9394310665376407,0.023215449813598476,0.0,0.0,0.0,0.0,0.0,0.0,0.0,0.0,0.0,0.0,0.0,0.0,0.0,0.0,0.0,0.0,0.0,0.0,0.0,0.0,0.0,0.0,0.0,0.0,0.0,0.01237113402061856,1.2494845360824745,10.762886597938147,14.449484536082478,3.5257731958762895,0.9388606919747059,0.023655237789212268,0.0,0.0,0.0,0.0,0.0,0.0,0.0,0.0,0.0,0.0,0.0,0.0,0.0,0.0,0.0,0.0,0.0,0.0,0.0,0.0,0.0,0.0,0.0,0.0,0.0,0.026631158455392816,1.4913448735019978,10.439414114513983,14.394141145139816,3.648468708388816,0.4097,0.009384,0.0,0.0,0.0,0.0,0.0,0.0,0.0,0.0,0.0,0.0,0.0,4.540206185567004,25.24948453608248,0.21030927835051552,0.0,0.0,0.0,0.0,0.0,0.0,0.0,0.0,0.0,0.0,0.0,0.0,0.0,0.0,0.0,0.0,0.4097,0.00923,0.0,0.0,0.0,0.0,0.0,0.0,0.0,0.0,0.0,0.0,0.0,4.23435419440745,25.5792276964048,0.18641810918774973,0.0,0.0,0.0,0.0,0.0,0.0,0.0,0.0,0.0,0.0,0.0,0.0,0.0,0.0,0.0,0.0
20000,4677,2464,0.5268334402394698,1219,935,0.4605516356638871,1291,0.5520632884327561,0.40599999999999997,2.96475372797108,3.0160926107455066,6.391705069124424,2.1051889689629832,8310.864848633639,433.9376421379896,7853.0,8740.553075456619,8722.088432248187,5.689430510783601,7853.0,0.0,28.554842847979472,20.880117319987676,33.371305885324574,19.06216270703843,0.1344879196065854,0.09151165276886894,0.08894590549497541,0.08638015822108189,0.083172974128715,0.07953816549069917,0.07633098139833226,0.061577934573444515,0.05323925593329057,0.05409450502458841,0.053453068206115034,0.04169339320076972,0.03314090228779132,0.026512721830233055,0.01582210818901005,0.012401111823818688,0.007697241821680564,0.9386831264937309,0.02325309174086286,0.0,0.0,0.0,0.0,0.0,0.0,0.0,0.0,0.0,0.0,0.0,0.0,0.0,0.0,0.0,0.0,0.0,0.0,0.0,0.0,0.0,0.0,0.0,0.0,0.0,0.025657472738935223,1.4304041051956387,11.045542014111613,13.951250801796027,3.547145606157794,4.054980595084088,2.8322352823025563,nan,nan,nan,4.045632333767927,2.8266756100278125,4.066152858060373,2.837516605291489,1.0050722662366438,0.4097,0.009384,0.0,0.0,0.0,0.0,0.0,0.0,0.0,0.0,0.0,0.0,0.0,4.644002565747267,25.118665811417582,0.23733162283515077,0.0,0.0,0.0,0.0,0.0,0.0,0.0,0.0,0.0,0.0,0.0,0.0,0.0,0.0,0.0,0.0,nan,nan,4.054980595084088,2.8322352823025563,nan,0.4097,0.04272,0.0,0.0,0.0,0.0,0.0,0.0,0.0,0.0,0.0,0.0,0.0,0.0,0.0,0.0,0.0,0.0,0.0,0.0,0.0,0.0,0.0,0.0,0.0,0.0,0.0,1.0690613641223006e-05,0.0011438956596108616,0.0,0.0018174043190079111,0.003795167842634167,0.003784477228992944,0.00044900577293136625,0.006147102843703229,0.01579003634808638,0.023733162283515075,0.03165490699166132,0.06643147316655976,0.0708146247594612,0.058082103912764596,0.10539875988881761,0.09109471883686124,0.0798802651272183,0.12061150310027796,0.0682595680992089,0.06321359846055163,0.05807141329912337,0.02632029078469104,0.022621338464827882,0.018590977122086808,0.030842420354928374,0.012561471028437032,0.010401967072909985,0.0055163566388710715,0.00045969638657258926,0.00022450288646568313,0.0009621552277100705,0.0011652768868933077,0.0001282873636946761,2.138122728244601e-05,0.0,0.0,0.0,0.0,0.0,0.0,0.0,0.0,0.0,0.0,0.0,0.0,0.0,0.0,0.0,0.0,0.0,0.0,0.0,0.0,0.0,0.0,0.0,0.0,0.0,0.0,0.0,0.0,0.0,0.0,0.0,0.0,0.0,0.0,0.0,0.0,0.0,0.0,0.0,0.0,0.0,0.0,nan,nan,4.054980595084088,2.8322352823025563,nan,0.9385193660855293,0.02344459455754891,0.0,0.0,0.0,0.0,0.0,0.0,0.0,0.0,0.0,0.0,0.0,0.0,0.0,0.0,0.0,0.0,0.0,0.0,0.0,0.0,0.0,0.0,0.0,0.0,0.0,0.0,1.546266233766234,11.091720779220783,13.79464285714286,3.5673701298701306,0.9388654607213895,0.02303662606661058,0.0,0.0,0.0,0.0,0.0,0.0,0.0,0.0,0.0,0.0,0.0,0.0,0.0,0.0,0.0,0.0,0.0,0.0,0.0,0.0,0.0,0.0,0.0,0.0,0.0,0.054225033890646195,1.3014008133755086,10.994125621328514,14.125621328513333,3.5246272028920025,0.41,0.00939,0.0,0.0,0.0,0.0,0.0,0.0,0.0,0.0,0.0,0.0,0.0,4.456168831168824,25.32467532467533,0.21915584415584421,0.0,0.0,0.0,0.0,0.0,0.0,0.0,0.0,0.0,0.0,0.0,0.0,0.0,0.0,0.0,0.0,0.4094,0.00937,0.0,0.0,0.0,0.0,0.0,0.0,0.0,0.0,0.0,0.0,0.0,4.853140533212826,24.889290555806603,0.2575689109805694,0.0,0.0,0.0,0.0,0.0,0.0,0.0,0.0,0.0,0.0,0.0,0.0,0.0,0.0,0.0,0.0
20100,4528,2424,0.5353356890459364,1180,903,0.46002650176678445,1248,0.5512367491166078,0.422,3.026140684410646,3.0662490447682975,6.590082644628099,2.0116768614324614,8318.285583345083,433.50548743419387,7853.0,8740.559887909889,8722.147327304674,5.460221199525065,7853.0,0.0,28.224381625441698,20.737666245169876,32.987467362924285,18.990621558094748,0.13140459363957596,0.10247349823321555,0.08590989399293286,0.0896643109540636,0.07972614840989399,0.07862190812720848,0.07575088339222615,0.06647526501766785,0.05609540636042403,0.051457597173144874,0.049249116607773855,0.03864840989399293,0.034231448763250884,0.025397526501766785,0.01700530035335689,0.010379858657243815,0.007508833922261484,0.9397367658916295,0.023319245394281606,0.0,0.0,0.0,0.0,0.0,0.0,0.0,0.0,0.0,0.0,0.0,0.0,0.0,0.0,0.0,0.0,0.0,0.0,0.0,0.0,0.0,0.0,0.0,0.0,0.0,0.019876325088339225,1.3515901060070674,10.421819787985868,14.569346289752653,3.6373674911660787,4.135171486213854,2.8836237909327735,nan,nan,nan,4.09556313993174,2.81640988043538,4.173624917163685,2.9469025726176303,1.0190600839407997,0.4092,0.00924,0.0,0.0,0.0,0.0,0.0,0.0,0.0,0.0,0.0,0.0,0.0,4.730565371024729,25.170053003533575,0.09938162544169614,0.0,0.0,0.0,0.0,0.0,0.0,0.0,0.0,0.0,0.0,0.0,0.0,0.0,0.0,0.0,0.0,nan,nan,4.135171486213854,2.8836237909327735,nan,0.4092,0.0427,0.0,0.0,0.0,0.0,0.0,0.0,0.0,0.0,0.0,0.0,0.0,0.0,0.0,0.0,0.0,0.0,0.0,0.0,0.0,0.0,0.0,0.0,0.0,0.0,0.0,0.0,0.0010379858657243817,0.0,0.002506625441696113,0.00446113074204947,0.00355565371024735,0.0008392226148409894,0.006470848056537103,0.014410335689045936,0.02237190812720848,0.032310070671378095,0.06890459363957598,0.07162102473498233,0.06000441696113074,0.10457155477031801,0.09257950530035336,0.08068683745583038,0.11767888692579505,0.07050574204946997,0.06000441696113074,0.05782906360424028,0.02573984098939929,0.023586572438162545,0.017170936395759718,0.030443904593639576,0.013504858657243816,0.008557862190812721,0.0056426678445229686,0.0005189929328621908,8.833922261484099e-05,0.0011042402826855124,0.0012698763250883391,1.1042402826855123e-05,1.1042402826855123e-05,0.0,0.0,0.0,0.0,0.0,0.0,0.0,0.0,0.0,0.0,0.0,0.0,0.0,0.0,0.0,0.0,0.0,0.0,0.0,0.0,0.0,0.0,0.0,0.0,0.0,0.0,0.0,0.0,0.0,0.0,0.0,0.0,0.0,0.0,0.0,0.0,0.0,0.0,0.0,0.0,0.0,0.0,nan,nan,4.135171486213854,2.8836237909327735,nan,0.9394382535181817,0.022999728576075778,0.0,0.0,0.0,0.0,0.0,0.0,0.0,0.0,0.0,0.0,0.0,0.0,0.0,0.0,0.0,0.0,0.0,0.0,0.0,0.0,0.0,0.0,0.0,0.0,0.0,0.0,1.336633663366337,10.60643564356436,14.591584158415845,3.465346534653466,0.9400806793865142,0.023677349125716677,0.0,0.0,0.0,0.0,0.0,0.0,0.0,0.0,0.0,0.0,0.0,0.0,0.0,0.0,0.0,0.0,0.0,0.0,0.0,0.0,0.0,0.0,0.0,0.0,0.0,0.04277566539923955,1.3688212927756656,10.209125475285173,14.543726235741449,3.83555133079848,0.4092,0.00928,0.0,0.0,0.0,0.0,0.0,0.0,0.0,0.0,0.0,0.0,0.0,4.752475247524746,25.160891089108915,0.08663366336633666,0.0,0.0,0.0,0.0,0.0,0.0,0.0,0.0,0.0,0.0,0.0,0.0,0.0,0.0,0.0,0.0,0.4092,0.009186,0.0,0.0,0.0,0.0,0.0,0.0,0.0,0.0,0.0,0.0,0.0,4.7053231939163425,25.18060836501902,0.11406844106463881,0.0,0.0,0.0,0.0,0.0,0.0,0.0,0.0,0.0,0.0,0.0,0.0,0.0,0.0,0.0,0.0
20200,4649,2350,0.505485050548505,1108,927,0.43772854377285436,1288,0.5540976554097655,0.426,2.9473684210526314,3.1606700867919235,6.702060221870047,2.225763040411694,8292.339513099412,434.56341045572265,7853.0,8741.13443120718,8722.144423999647,5.461468331988543,7853.0,0.0,27.626801462680145,20.971754250589473,32.70670103092783,19.24535173343442,0.14626801462680147,0.10152721015272101,0.09249300924930093,0.09120240912024091,0.07743600774360078,0.07291890729189072,0.06431490643149064,0.06603570660357067,0.055710905571090555,0.052269305226930525,0.044525704452570446,0.04603140460314046,0.02774790277479028,0.02495160249516025,0.018498601849860186,0.009464400946440094,0.008604000860400087,0.9390814818087688,0.02277528673448328,0.0,0.0,0.0,0.0,0.0,0.0,0.0,0.0,0.0,0.0,0.0,0.0,0.0,0.0,0.0,0.0,0.0,0.0,0.0,0.0,0.0,0.0,0.0,0.0,0.0,0.025812002581200266,1.3164121316412134,10.62163906216391,14.745106474510651,3.291030329103034,4.365620736698499,2.9012895572321336,nan,nan,nan,4.435967302452316,2.906229910590145,4.295081967213115,2.8946111357419246,0.9682402223385829,0.4094,0.00903,0.0,0.0,0.0,0.0,0.0,0.0,0.0,0.0,0.0,0.0,0.0,4.446117444611739,25.40546354054636,0.1484190148419015,0.0,0.0,0.0,0.0,0.0,0.0,0.0,0.0,0.0,0.0,0.0,0.0,0.0,0.0,0.0,0.0,nan,nan,4.365620736698499,2.9012895572321336,nan,0.4094,0.04254,0.0,0.0,0.0,0.0,0.0,0.0,0.0,0.0,0.0,0.0,0.0,0.0,0.0,0.0,0.0,0.0,0.0,0.0,0.0,0.0,0.0,0.0,0.0,0.0,0.0,0.0,0.00098946009894601,0.0,0.002323080232308023,0.0053559905355990535,0.002785545278554528,0.0010217251021725103,0.005506560550656055,0.014132071413207142,0.022241342224134222,0.03227575822757582,0.0696924069692407,0.0694450419445042,0.06304581630458163,0.09932243493224349,0.09384813938481394,0.08578188857818886,0.11627231662723166,0.0696816519681652,0.061507851150785116,0.05815229081522908,0.026134652613465262,0.022445687244568725,0.016455151645515163,0.03098515809851581,0.013228651322865131,0.00900193590019359,0.0054742955474295545,0.0005915250591525059,1.0755001075500108e-05,0.0008819100881910088,0.0014089051408905141,0.0,0.0,0.0,0.0,0.0,0.0,0.0,0.0,0.0,0.0,0.0,0.0,0.0,0.0,0.0,0.0,0.0,0.0,0.0,0.0,0.0,0.0,0.0,0.0,0.0,0.0,0.0,0.0,0.0,0.0,0.0,0.0,0.0,0.0,0.0,0.0,0.0,0.0,0.0,0.0,0.0,0.0,0.0,0.0,nan,nan,4.365620736698499,2.9012895572321336,nan,0.9393022972725807,0.022853233056155785,0.0,0.0,0.0,0.0,0.0,0.0,0.0,0.0,0.0,0.0,0.0,0.0,0.0,0.0,0.0,0.0,0.0,0.0,0.0,0.0,0.0,0.0,0.0,0.0,0.0,0.012765957446808513,1.1744680851063831,10.863829787234046,14.540425531914897,3.408510638297873,0.9388557678722931,0.022693114047083195,0.0,0.0,0.0,0.0,0.0,0.0,0.0,0.0,0.0,0.0,0.0,0.0,0.0,0.0,0.0,0.0,0.0,0.0,0.0,0.0,0.0,0.0,0.0,0.0,0.0,0.039147455415398005,1.461505002174859,10.374075685080472,14.954327968682039,3.1709438886472388,0.4094,0.00922,0.0,0.0,0.0,0.0,0.0,0.0,0.0,0.0,0.0,0.0,0.0,4.646808510638291,25.200000000000006,0.15319148936170215,0.0,0.0,0.0,0.0,0.0,0.0,0.0,0.0,0.0,0.0,0.0,0.0,0.0,0.0,0.0,0.0,0.4092,0.00884,0.0,0.0,0.0,0.0,0.0,0.0,0.0,0.0,0.0,0.0,0.0,4.24097433666811,25.61548499347543,0.14354066985645936,0.0,0.0,0.0,0.0,0.0,0.0,0.0,0.0,0.0,0.0,0.0,0.0,0.0,0.0,0.0,0.0
20300,4745,2457,0.5178082191780822,1149,954,0.44320337197049525,1324,0.5580611169652265,0.39399999999999996,3.0183566433566433,3.0951708537759686,6.5568862275449105,2.0996286823679786,8303.005426274232,434.2712888357305,7853.0,8740.444894754886,8722.05809836029,5.484576915663468,7853.0,0.0,28.361222339304533,21.036777795142452,33.25006245316013,19.26533952181815,0.13593256059009484,0.09926238145416227,0.09567966280295047,0.08029504741833508,0.07671232876712329,0.07418335089567966,0.07312961011591149,0.06512118018967335,0.05858798735511064,0.053108535300316125,0.05184404636459431,0.04067439409905163,0.03119072708113804,0.0238145416227608,0.02107481559536354,0.012012644889357217,0.007376185458377239,0.9380800851655082,0.022958221160542153,0.0,0.0,0.0,0.0,0.0,0.0,0.0,0.0,0.0,0.0,0.0,0.0,0.0,0.0,0.0,0.0,0.0,0.0,0.0,0.0,0.0,0.0,0.0,0.0,0.0,0.025289778714436256,1.4478398314014755,11.159114857744997,14.067439409905166,3.300316122233931,4.306162373655037,2.890091542936479,nan,nan,nan,4.262443438914027,2.8651493465702353,4.350657894736842,2.914584395544837,1.0206957481282826,0.4097,0.00952,0.0,0.0,0.0,0.0,0.0,0.0,0.0,0.0,0.0,0.0,0.0,4.634351949420435,25.106427818756593,0.2592202318229716,0.0,0.0,0.0,0.0,0.0,0.0,0.0,0.0,0.0,0.0,0.0,0.0,0.0,0.0,0.0,0.0,nan,nan,4.306162373655037,2.890091542936479,nan,0.4097,0.04266,0.0,0.0,0.0,0.0,0.0,0.0,0.0,0.0,0.0,0.0,0.0,0.0,0.0,0.0,0.0,0.0,0.0,0.0,0.0,0.0,0.0,0.0,0.0,0.0,0.0,0.0,0.0012961011591148578,0.0,0.002307692307692308,0.005711275026343519,0.00339304531085353,0.0007903055848261328,0.005310853530031612,0.015268703898840885,0.022181243414120127,0.030853530031612224,0.0656585879873551,0.06970495258166491,0.06249736564805058,0.09617492096944152,0.09678609062170707,0.08805057955742887,0.1131190727081138,0.07255005268703899,0.060073761854583775,0.060105374077976816,0.027460484720758693,0.02166491043203372,0.015711275026343518,0.03292939936775553,0.01303477344573235,0.008883034773445733,0.005806111696522656,0.0006638566912539515,1.053740779768177e-05,0.0010010537407797683,0.0009694415173867229,0.0,3.161222339304531e-05,0.0,0.0,0.0,0.0,0.0,0.0,0.0,0.0,0.0,0.0,0.0,0.0,0.0,0.0,0.0,0.0,0.0,0.0,0.0,0.0,0.0,0.0,0.0,0.0,0.0,0.0,0.0,0.0,0.0,0.0,0.0,0.0,0.0,0.0,0.0,0.0,0.0,0.0,0.0,0.0,0.0,0.0,nan,nan,4.306162373655037,2.890091542936479,nan,0.938740039094949,0.023105980718105976,0.0,0.0,0.0,0.0,0.0,0.0,0.0,0.0,0.0,0.0,0.0,0.0,0.0,0.0,0.0,0.0,0.0,0.0,0.0,0.0,0.0,0.0,0.0,0.0,0.0,0.024420024420024427,1.4407814407814412,10.964590964590968,14.102564102564106,3.467643467643468,0.9373713846390064,0.022777198669988757,0.0,0.0,0.0,0.0,0.0,0.0,0.0,0.0,0.0,0.0,0.0,0.0,0.0,0.0,0.0,0.0,0.0,0.0,0.0,0.0,0.0,0.0,0.0,0.0,0.0,0.02622377622377623,1.4554195804195809,11.368006993006997,14.029720279720284,3.1206293706293713,0.4097,0.00949,0.0,0.0,0.0,0.0,0.0,0.0,0.0,0.0,0.0,0.0,0.0,4.590964590964584,25.21367521367522,0.19536019536019542,0.0,0.0,0.0,0.0,0.0,0.0,0.0,0.0,0.0,0.0,0.0,0.0,0.0,0.0,0.0,0.0,0.4097,0.00956,0.0,0.0,0.0,0.0,0.0,0.0,0.0,0.0,0.0,0.0,0.0,4.68094405594405,24.991258741258747,0.32779720279720287,0.0,0.0,0.0,0.0,0.0,0.0,0.0,0.0,0.0,0.0,0.0,0.0,0.0,0.0,0.0,0.0
20400,4751,2464,0.5186276573352978,1127,963,0.439907387918333,1338,0.5632498421384972,0.414,2.964145168342807,3.1175105200308293,6.674157303370786,2.166746320849619,8303.659597791557,434.19023408463454,7853.0,8740.6010794878,8721.946326748252,5.594174247991871,7853.0,0.0,27.388760260997685,20.792107045362197,32.312814070351756,19.132830754596224,0.14460113660282045,0.10082087981477583,0.09471690170490422,0.08987581561776468,0.08503472953062513,0.07430014733740266,0.07219532729951589,0.06272363712902547,0.04988423489791623,0.049463270890338876,0.04504314881077668,0.039781098716059775,0.03115133656072406,0.024415912439486424,0.017890970322037465,0.011366028204588508,0.006735424121237634,0.9384997534240027,0.023256510897516854,0.0,0.0,0.0,0.0,0.0,0.0,0.0,0.0,0.0,0.0,0.0,0.0,0.0,0.0,0.0,0.0,0.0,0.0,0.0,0.0,0.0,0.0,0.0,0.0,0.0,0.0378867606819617,1.3954956851189226,11.012418438223534,14.138076194485375,3.4161229214902136,4.334550282110853,2.92651300452029,nan,nan,nan,4.309960681520314,2.9487083825946248,4.358008075370121,2.903511090274666,1.0111479889029655,0.4092,0.00923,0.0,0.0,0.0,0.0,0.0,0.0,0.0,0.0,0.0,0.0,0.0,5.007366870132596,24.841086087139555,0.1515470427278468,0.0,0.0,0.0,0.0,0.0,0.0,0.0,0.0,0.0,0.0,0.0,0.0,0.0,0.0,0.0,0.0,nan,nan,4.334550282110853,2.92651300452029,nan,0.4092,0.04297,0.0,0.0,0.0,0.0,0.0,0.0,0.0,0.0,0.0,0.0,0.0,0.0,0.0,0.0,0.0,0.0,0.0,0.0,0.0,0.0,0.0,0.0,0.0,0.0,0.0,0.0,0.001662807829930541,5.2620500947169015e-05,0.0024310671437592084,0.005598821300778783,0.0033045674594822144,0.000589349610608293,0.0052304777941486,0.01765944011786992,0.02133235108398232,0.03378236160808251,0.06395495685118922,0.07225847190065249,0.06153441380761945,0.09388549778993896,0.09935802988844454,0.0873921279730583,0.11163965480951378,0.06935382024836877,0.061576510208377185,0.06002946748053042,0.025163123552936224,0.02352136392338455,0.016312355293622394,0.03200378867606819,0.012997263733950748,0.008398231951168175,0.00589349610608293,0.0008945485161018733,4.2096400757735216e-05,0.0009261208166701747,0.0011997474215954536,0.0,2.1048200378867608e-05,0.0,0.0,0.0,0.0,0.0,0.0,0.0,0.0,0.0,0.0,0.0,0.0,0.0,0.0,0.0,0.0,0.0,0.0,0.0,0.0,0.0,0.0,0.0,0.0,0.0,0.0,0.0,0.0,0.0,0.0,0.0,0.0,0.0,0.0,0.0,0.0,0.0,0.0,0.0,0.0,0.0,0.0,nan,nan,4.334550282110853,2.92651300452029,nan,0.9385540693417772,0.023370040515134298,0.0,0.0,0.0,0.0,0.0,0.0,0.0,0.0,0.0,0.0,0.0,0.0,0.0,0.0,0.0,0.0,0.0,0.0,0.0,0.0,0.0,0.0,0.0,0.0,0.0,0.03652597402597403,1.4123376623376627,10.677759740259743,14.452110389610393,3.4212662337662345,0.9384412337819406,0.02313342855999032,0.0,0.0,0.0,0.0,0.0,0.0,0.0,0.0,0.0,0.0,0.0,0.0,0.0,0.0,0.0,0.0,0.0,0.0,0.0,0.0,0.0,0.0,0.0,0.0,0.0,0.039352864013992135,1.3773502404897249,11.372977700043728,13.799737647573243,3.410581547879319,0.4092,0.00923,0.0,0.0,0.0,0.0,0.0,0.0,0.0,0.0,0.0,0.0,0.0,5.077110389610382,24.764610389610397,0.15827922077922082,0.0,0.0,0.0,0.0,0.0,0.0,0.0,0.0,0.0,0.0,0.0,0.0,0.0,0.0,0.0,0.0,0.4092,0.00923,0.0,0.0,0.0,0.0,0.0,0.0,0.0,0.0,0.0,0.0,0.0,4.932225623087007,24.923480542195023,0.14429383471797116,0.0,0.0,0.0,0.0,0.0,0.0,0.0,0.0,0.0,0.0,0.0,0.0,0.0,0.0,0.0,0.0
20500,4796,2468,0.5145954962468724,1155,970,0.44307756463719766,1320,0.5504587155963303,0.434,2.9536082474226806,3.1171974544839567,6.639937106918239,2.1648077163745163,8300.03132928687,434.18499910448236,7853.0,8737.492145144939,8721.704317366215,5.501863128825741,7853.0,0.0,27.801501251042534,21.031723869484054,32.97872340425532,19.233179452762563,0.14720600500417014,0.0969557964970809,0.097581317764804,0.08340283569641367,0.07547956630525438,0.07860717264386989,0.06839032527105922,0.0633861551292744,0.05379482902418682,0.05525437864887406,0.04357798165137615,0.039407839866555466,0.034403669724770644,0.02585487906588824,0.019808173477898247,0.008757297748123435,0.008131776480400334,0.9379337555025895,0.023286277290619006,0.0,0.0,0.0,0.0,0.0,0.0,0.0,0.0,0.0,0.0,0.0,0.0,0.0,0.0,0.0,0.0,0.0,0.0,0.0,0.0,0.0,0.0,0.0,0.0,0.0,0.04378648874061719,1.4386989157631362,11.271893244370311,13.992910758965808,3.2527105921601343,4.2539267015706805,2.868345524336871,nan,nan,nan,4.196358907672302,2.8695862252169935,4.312252964426878,2.8659088484417734,1.0276177656164454,0.409,0.009476,0.0,0.0,0.0,0.0,0.0,0.0,0.0,0.0,0.0,0.0,0.0,5.141784820683895,24.695579649708097,0.16263552960800673,0.0,0.0,0.0,0.0,0.0,0.0,0.0,0.0,0.0,0.0,0.0,0.0,0.0,0.0,0.0,0.0,nan,nan,4.2539267015706805,2.868345524336871,nan,0.409,0.04254,0.0,0.0,0.0,0.0,0.0,0.0,0.0,0.0,0.0,0.0,0.0,0.0,0.0,0.0,0.0,0.0,0.0,0.0,0.0,0.0,0.0,0.0,0.0,2.085070892410342e-05,0.0,0.0,0.0014074228523769808,2.085070892410342e-05,0.0022727272727272726,0.005650542118432027,0.002470809007506255,0.0008444537114261885,0.005692243536280233,0.01818181818181818,0.020756880733944955,0.033809424520433694,0.06357381150959132,0.073185988323603,0.06420975813177648,0.0939741451209341,0.09933277731442869,0.08563386155129274,0.11100917431192661,0.06948498748957464,0.0655442035029191,0.05903878231859883,0.025646371976647205,0.02518765638031693,0.015471226021684737,0.02853419516263553,0.012520850708924103,0.007996246872393661,0.005400333611342786,0.0011467889908256881,8.340283569641368e-05,0.0007193494578815679,0.0011780650542118432,0.0,0.0,0.0,0.0,0.0,0.0,0.0,0.0,0.0,0.0,0.0,0.0,0.0,0.0,0.0,0.0,0.0,0.0,0.0,0.0,0.0,0.0,0.0,0.0,0.0,0.0,0.0,0.0,0.0,0.0,0.0,0.0,0.0,0.0,0.0,0.0,0.0,0.0,0.0,0.0,0.0,0.0,0.0,0.0,nan,nan,4.2539267015706805,2.868345524336871,nan,0.9376132527375337,0.023254815204917404,0.0,0.0,0.0,0.0,0.0,0.0,0.0,0.0,0.0,0.0,0.0,0.0,0.0,0.0,0.0,0.0,0.0,0.0,0.0,0.0,0.0,0.0,0.0,0.0,0.0,0.036466774716369534,1.4586709886547815,11.38978930307942,13.8452188006483,3.2698541329011355,0.9382735324889114,0.02331477428795549,0.0,0.0,0.0,0.0,0.0,0.0,0.0,0.0,0.0,0.0,0.0,0.0,0.0,0.0,0.0,0.0,0.0,0.0,0.0,0.0,0.0,0.0,0.0,0.0,0.0,0.05154639175257733,1.4175257731958766,11.14690721649485,14.149484536082477,3.2345360824742277,0.4092,0.00939,0.0,0.0,0.0,0.0,0.0,0.0,0.0,0.0,0.0,0.0,0.0,4.995948136142618,24.870340356564025,0.13371150729335496,0.0,0.0,0.0,0.0,0.0,0.0,0.0,0.0,0.0,0.0,0.0,0.0,0.0,0.0,0.0,0.0,0.4087,0.009575,0.0,0.0,0.0,0.0,0.0,0.0,0.0,0.0,0.0,0.0,0.0,5.296391752577311,24.510309278350523,0.193298969072165,0.0,0.0,0.0,0.0,0.0,0.0,0.0,0.0,0.0,0.0,0.0,0.0,0.0,0.0,0.0,0.0
20600,4731,2523,0.533291058972733,1118,937,0.4343690551680406,1311,0.5542168674698795,0.43,3.0683876811594204,3.053914204041323,6.415915915915916,2.0642063571314178,8316.267478548092,433.4030392812804,7853.0,8742.525465512275,8721.695378918359,5.584796192300286,7853.0,0.0,28.9146057915874,21.386576350854973,33.64752672135222,19.688780353536703,0.13083914605791588,0.09765377298668358,0.09765377298668358,0.0849714648065948,0.07503699006552526,0.07228915662650602,0.06552525893045867,0.061297822870429085,0.05960684844641725,0.05685901500739801,0.04819277108433735,0.04333121961530332,0.03677869372225745,0.028112449799196786,0.019446205876136123,0.012682308180088777,0.009723102938068062,0.9376072395530721,0.023356496452024738,0.0,0.0,0.0,0.0,0.0,0.0,0.0,0.0,0.0,0.0,0.0,0.0,0.0,0.0,0.0,0.0,0.0,0.0,0.0,0.0,0.0,0.0,0.0,0.0,0.0,0.038046924540266334,1.6233354470513637,11.084337349397593,13.96956246036779,3.284717818642994,4.208373904576436,2.8327972049379784,nan,nan,nan,4.176586003924133,2.8215189378023027,4.2404900064474536,2.844259347591298,1.0153005355242963,0.409,0.00952,0.0,0.0,0.0,0.0,0.0,0.0,0.0,0.0,0.0,0.0,0.0,5.174381737476213,24.635383639822454,0.19023462270133168,0.0,0.0,0.0,0.0,0.0,0.0,0.0,0.0,0.0,0.0,0.0,0.0,0.0,0.0,0.0,0.0,nan,nan,4.208373904576436,2.8327972049379784,nan,0.409,0.04303,0.0,0.0,0.0,0.0,0.0,0.0,0.0,0.0,0.0,0.0,0.0,0.0,0.0,0.0,0.0,0.0,0.0,0.0,0.0,0.0,0.0,0.0,0.0,0.0,0.0,4.227436060029592e-05,0.001659268653561615,4.227436060029592e-05,0.002694990488268865,0.005527372648488692,0.0020714436694145,0.0015535827520608751,0.006150919467343056,0.018146269287677024,0.02187698161065314,0.03311139294018178,0.06347495244134432,0.07380046501796661,0.06506024096385542,0.09108010991333756,0.0970302261678292,0.08476009300359331,0.11297822870429085,0.06875924751638131,0.0664870006341154,0.05678503487634749,0.02474106954132319,0.02445571760727119,0.017459310927922213,0.030680617205664763,0.012967660114140774,0.00818008877615726,0.0052737264848869165,0.0013105051786091735,3.170577045022194e-05,0.0007292327203551047,0.001077996195307546,0.0,0.0,0.0,0.0,0.0,0.0,0.0,0.0,0.0,0.0,0.0,0.0,0.0,0.0,0.0,0.0,0.0,0.0,0.0,0.0,0.0,0.0,0.0,0.0,0.0,0.0,0.0,0.0,0.0,0.0,0.0,0.0,0.0,0.0,0.0,0.0,0.0,0.0,0.0,0.0,0.0,0.0,0.0,0.0,nan,nan,4.208373904576436,2.8327972049379784,nan,0.9376706877162992,0.023300679098691088,0.0,0.0,0.0,0.0,0.0,0.0,0.0,0.0,0.0,0.0,0.0,0.0,0.0,0.0,0.0,0.0,0.0,0.0,0.0,0.0,0.0,0.0,0.0,0.0,0.0,0.02378121284185494,1.7003567181926282,10.986920332936982,13.983353151010704,3.3055885850178366,0.937534739681776,0.023419903605057198,0.0,0.0,0.0,0.0,0.0,0.0,0.0,0.0,0.0,0.0,0.0,0.0,0.0,0.0,0.0,0.0,0.0,0.0,0.0,0.0,0.0,0.0,0.0,0.0,0.0,0.054347826086956534,1.5353260869565222,11.195652173913047,13.95380434782609,3.260869565217392,0.409,0.009636,0.0,0.0,0.0,0.0,0.0,0.0,0.0,0.0,0.0,0.0,0.0,5.172413793103441,24.62544589774079,0.202140309155767,0.0,0.0,0.0,0.0,0.0,0.0,0.0,0.0,0.0,0.0,0.0,0.0,0.0,0.0,0.0,0.0,0.409,0.009384,0.0,0.0,0.0,0.0,0.0,0.0,0.0,0.0,0.0,0.0,0.0,5.176630434782601,24.64673913043479,0.17663043478260876,0.0,0.0,0.0,0.0,0.0,0.0,0.0,0.0,0.0,0.0,0.0,0.0,0.0,0.0,0.0,0.0
20700,4790,2438,0.5089770354906055,1116,983,0.4382045929018789,1361,0.5682672233820459,0.426,2.9642857142857144,3.1560195157307676,6.779503105590062,2.2272624204933527,8294.999211629662,434.15195000370363,7853.0,8743.549525105953,8721.406982652205,5.609735777453484,7853.0,0.0,27.848434237995825,20.970035104582657,32.91856107919061,19.212483522065536,0.14342379958246346,0.10250521920668058,0.09039665970772442,0.0849686847599165,0.0791231732776618,0.07703549060542797,0.06722338204592902,0.06826722338204592,0.054488517745302716,0.04739039665970773,0.05156576200417536,0.037995824634655534,0.03402922755741127,0.0244258872651357,0.018789144050104383,0.011064718162839248,0.007306889352818371,0.9371860838757676,0.023707340619714044,0.0,0.0,0.0,0.0,0.0,0.0,0.0,0.0,0.0,0.0,0.0,0.0,0.0,0.0,0.0,0.0,0.0,0.0,0.0,0.0,0.0,0.0,0.0,0.0,0.0,0.03131524008350731,1.7223382045929023,11.25469728601253,13.716075156576203,3.275574112734865,4.344230140568813,2.930519684868222,nan,nan,nan,4.392247043363994,2.9264784795275323,4.296681847755368,2.933741637964004,0.9782422995188736,0.409,0.009605,0.0,0.0,0.0,0.0,0.0,0.0,0.0,0.0,0.0,0.0,0.0,5.492693110647174,24.32567849686848,0.18162839248434243,0.0,0.0,0.0,0.0,0.0,0.0,0.0,0.0,0.0,0.0,0.0,0.0,0.0,0.0,0.0,0.0,nan,nan,4.344230140568813,2.930519684868222,nan,0.409,0.04288,0.0,0.0,0.0,0.0,0.0,0.0,0.0,0.0,0.0,0.0,0.0,0.0,0.0,0.0,0.0,0.0,0.0,0.0,0.0,0.0,0.0,0.0,0.0,0.0,3.131524008350731e-05,2.0876826722338206e-05,0.0015866388308977035,0.00010438413361169103,0.00255741127348643,0.005594989561586639,0.0019937369519832985,0.001962421711899791,0.006012526096033403,0.017004175365344466,0.021346555323590814,0.03365344467640918,0.0631419624217119,0.07808977035490605,0.0658455114822547,0.09197286012526096,0.09680584551148226,0.08254697286012526,0.1108768267223382,0.06694154488517745,0.0651356993736952,0.06004175365344468,0.02603340292275574,0.024144050104384134,0.019227557411273487,0.029363256784968685,0.011576200417536535,0.008872651356993737,0.00441544885177453,0.0010542797494780794,1.0438413361169103e-05,0.0009707724425887265,0.0010647181628392485,0.0,0.0,0.0,0.0,0.0,0.0,0.0,0.0,0.0,0.0,0.0,0.0,0.0,0.0,0.0,0.0,0.0,0.0,0.0,0.0,0.0,0.0,0.0,0.0,0.0,0.0,0.0,0.0,0.0,0.0,0.0,0.0,0.0,0.0,0.0,0.0,0.0,0.0,0.0,0.0,0.0,0.0,0.0,0.0,nan,nan,4.344230140568813,2.930519684868222,nan,0.9364816549373906,0.023498322340225433,0.0,0.0,0.0,0.0,0.0,0.0,0.0,0.0,0.0,0.0,0.0,0.0,0.0,0.0,0.0,0.0,0.0,0.0,0.0,0.0,0.0,0.0,0.0,0.0,0.0,0.036915504511895,1.7965545529122235,11.677604593929454,13.437243642329781,3.051681706316654,0.9379162699947147,0.023900169188965422,0.0,0.0,0.0,0.0,0.0,0.0,0.0,0.0,0.0,0.0,0.0,0.0,0.0,0.0,0.0,0.0,0.0,0.0,0.0,0.0,0.0,0.0,0.0,0.0,0.0,0.02551020408163266,1.6454081632653066,10.816326530612248,14.005102040816329,3.5076530612244907,0.409,0.009544,0.0,0.0,0.0,0.0,0.0,0.0,0.0,0.0,0.0,0.0,0.0,5.106644790812133,24.721082854799022,0.17227235438884336,0.0,0.0,0.0,0.0,0.0,0.0,0.0,0.0,0.0,0.0,0.0,0.0,0.0,0.0,0.0,0.0,0.4087,0.00967,0.0,0.0,0.0,0.0,0.0,0.0,0.0,0.0,0.0,0.0,0.0,5.892857142857134,23.915816326530617,0.19132653061224494,0.0,0.0,0.0,0.0,0.0,0.0,0.0,0.0,0.0,0.0,0.0,0.0,0.0,0.0,0.0,0.0
20800,4840,2472,0.5107438016528926,1190,977,0.44772727272727275,1357,0.5607438016528926,0.41,3.0181587837837838,3.098483389115641,6.433470507544581,2.158030690323583,8296.557681509048,434.1445049192581,7853.0,8741.6615249753,8721.454360236163,5.46705341447622,7853.0,0.0,28.73223140495868,21.11795372191627,33.47605154388524,19.350365313160186,0.13347107438016528,0.0902892561983471,0.09607438016528926,0.0884297520661157,0.07892561983471075,0.0725206611570248,0.07004132231404958,0.06446280991735537,0.06384297520661157,0.0493801652892562,0.04772727272727273,0.04132231404958678,0.03615702479338843,0.029545454545454545,0.01756198347107438,0.013429752066115703,0.006818181818181818,0.93680413940475,0.02329232385233916,0.0,0.0,0.0,0.0,0.0,0.0,0.0,0.0,0.0,0.0,0.0,0.0,0.0,0.0,0.0,0.0,0.0,0.0,0.0,0.0,0.0,0.0,0.0,0.0,0.0,0.061983471074380174,1.716942148760331,11.454545454545457,13.797520661157028,2.969008264462811,4.244556642473967,2.9200706213380094,nan,nan,nan,4.255562619198983,2.958632335008598,4.233709273182957,2.881518592545811,0.9948647575017615,0.4084,0.00939,0.0,0.0,0.0,0.0,0.0,0.0,0.0,0.0,0.0,0.0,0.0,5.466942148760323,24.421487603305792,0.11157024793388431,0.0,0.0,0.0,0.0,0.0,0.0,0.0,0.0,0.0,0.0,0.0,0.0,0.0,0.0,0.0,0.0,nan,nan,4.244556642473967,2.9200706213380094,nan,0.4084,0.04306,0.0,0.0,0.0,0.0,0.0,0.0,0.0,0.0,0.0,0.0,0.0,0.0,0.0,0.0,0.0,0.0,0.0,0.0,0.0,0.0,0.0,0.0,0.0,0.0,0.0,0.0,0.001725206611570248,6.198347107438017e-05,0.002303719008264463,0.005351239669421488,0.0025103305785123967,0.0022417355371900827,0.004989669421487603,0.01597107438016529,0.0228099173553719,0.037758264462809915,0.061611570247933886,0.07774793388429752,0.07145661157024794,0.09203512396694215,0.09368801652892562,0.07887396694214877,0.11306818181818182,0.06642561983471075,0.06268595041322314,0.06101239669421488,0.024896694214876034,0.023915289256198347,0.018285123966942148,0.029142561983471073,0.012241735537190082,0.009411157024793388,0.004297520661157025,0.0010950413223140495,7.231404958677686e-05,0.0008987603305785124,0.0013429752066115702,7.231404958677686e-05,0.0,0.0,0.0,0.0,0.0,0.0,0.0,0.0,0.0,0.0,0.0,0.0,0.0,0.0,0.0,0.0,0.0,0.0,0.0,0.0,0.0,0.0,0.0,0.0,0.0,0.0,0.0,0.0,0.0,0.0,0.0,0.0,0.0,0.0,0.0,0.0,0.0,0.0,0.0,0.0,0.0,0.0,0.0,nan,nan,4.244556642473967,2.9200706213380094,nan,0.9368276091165912,0.022900118934524247,0.0,0.0,0.0,0.0,0.0,0.0,0.0,0.0,0.0,0.0,0.0,0.0,0.0,0.0,0.0,0.0,0.0,0.0,0.0,0.0,0.0,0.0,0.0,0.0,0.0,0.04854368932038836,1.7111650485436898,11.298543689320391,14.150485436893208,2.791262135922331,0.9367796389285374,0.023694804349911225,0.0,0.0,0.0,0.0,0.0,0.0,0.0,0.0,0.0,0.0,0.0,0.0,0.0,0.0,0.0,0.0,0.0,0.0,0.0,0.0,0.0,0.0,0.0,0.0,0.0,0.07601351351351353,1.7229729729729732,11.617398648648651,13.429054054054058,3.1545608108108114,0.4087,0.00935,0.0,0.0,0.0,0.0,0.0,0.0,0.0,0.0,0.0,0.0,0.0,5.339805825242711,24.575242718446606,0.08495145631067963,0.0,0.0,0.0,0.0,0.0,0.0,0.0,0.0,0.0,0.0,0.0,0.0,0.0,0.0,0.0,0.0,0.4084,0.00944,0.0,0.0,0.0,0.0,0.0,0.0,0.0,0.0,0.0,0.0,0.0,5.599662162162153,24.260979729729737,0.13935810810810814,0.0,0.0,0.0,0.0,0.0,0.0,0.0,0.0,0.0,0.0,0.0,0.0,0.0,0.0,0.0,0.0
20900,4956,2566,0.5177562550443906,1173,1042,0.4469330104923325,1386,0.559322033898305,0.41,2.9627615062761508,3.1905775092767037,6.8054226475279105,2.286588581556654,8302.502865674816,433.832868503284,7853.0,8741.18969657421,8721.174669635382,5.6932590401978755,7853.0,0.0,27.305286521388215,20.776303385915494,32.27716079188798,19.114460053866868,0.1426553672316384,0.10310734463276836,0.096045197740113,0.09140435835351089,0.08010492332526231,0.08050847457627118,0.06598062953995157,0.062146892655367235,0.05831315577078289,0.0470137207425343,0.044794188861985475,0.03450363196125908,0.030064568200161422,0.026634382566585957,0.018361581920903956,0.012308313155770783,0.006053268765133172,0.9365440258294753,0.023568284351466025,0.0,0.0,0.0,0.0,0.0,0.0,0.0,0.0,0.0,0.0,0.0,0.0,0.0,0.0,0.0,0.0,0.0,0.0,0.0,0.0,0.0,0.0,0.0,0.0,0.0,0.042372881355932215,1.7675544794188867,11.555690072639228,13.668280871670705,2.9661016949152548,4.386088066368858,2.9944020010465575,nan,nan,nan,4.403722721437741,3.016328946477904,4.368654822335025,2.9724636789163204,0.9920367604136379,0.408,0.009346,0.0,0.0,0.0,0.0,0.0,0.0,0.0,0.0,0.0,0.0,0.0,6.06537530266343,23.831719128329304,0.10290556900726394,0.0,0.0,0.0,0.0,0.0,0.0,0.0,0.0,0.0,0.0,0.0,0.0,0.0,0.0,0.0,0.0,nan,nan,4.386088066368858,2.9944020010465575,nan,0.408,0.04312,0.0,0.0,0.0,0.0,0.0,0.0,0.0,0.0,0.0,0.0,0.0,0.0,0.0,0.0,0.0,0.0,0.0,0.0,0.0,0.0,0.0,0.0,0.0,0.0,0.0,0.0,0.0023002421307506053,0.00012106537530266344,0.0020682001614205003,0.0053470540758676355,0.004096045197740113,0.0028853914447134785,0.0057203389830508475,0.015456012913640032,0.022245762711864406,0.0381456820016142,0.06079499596448749,0.07693704600484262,0.07231638418079096,0.09437046004842616,0.09415859564164648,0.07946933010492332,0.11425544794188862,0.0658999192897498,0.061945117029862794,0.05807102502017756,0.024909200968523,0.02418280871670702,0.018149717514124294,0.027612994350282485,0.012096448748991122,0.00887812752219532,0.004489507667473769,0.0008272800645682002,2.0177562550443908e-05,0.0007667473769168684,0.0013821630347054077,8.071025020177563e-05,0.0,0.0,0.0,0.0,0.0,0.0,0.0,0.0,0.0,0.0,0.0,0.0,0.0,0.0,0.0,0.0,0.0,0.0,0.0,0.0,0.0,0.0,0.0,0.0,0.0,0.0,0.0,0.0,0.0,0.0,0.0,0.0,0.0,0.0,0.0,0.0,0.0,0.0,0.0,0.0,0.0,0.0,0.0,nan,nan,4.386088066368858,2.9944020010465575,nan,0.9364620348437169,0.023787544431097502,0.0,0.0,0.0,0.0,0.0,0.0,0.0,0.0,0.0,0.0,0.0,0.0,0.0,0.0,0.0,0.0,0.0,0.0,0.0,0.0,0.0,0.0,0.0,0.0,0.0,0.05845674201091194,1.847233047544817,11.492595479345287,13.585346843335934,3.016367887763056,0.9366320546451473,0.02333026348121877,0.0,0.0,0.0,0.0,0.0,0.0,0.0,0.0,0.0,0.0,0.0,0.0,0.0,0.0,0.0,0.0,0.0,0.0,0.0,0.0,0.0,0.0,0.0,0.0,0.0,0.025104602510460258,1.682008368200837,11.623430962343098,13.75732217573222,2.91213389121339,0.408,0.00947,0.0,0.0,0.0,0.0,0.0,0.0,0.0,0.0,0.0,0.0,0.0,6.360093530787208,23.558067030397513,0.08183943881527672,0.0,0.0,0.0,0.0,0.0,0.0,0.0,0.0,0.0,0.0,0.0,0.0,0.0,0.0,0.0,0.0,0.408,0.00922,0.0,0.0,0.0,0.0,0.0,0.0,0.0,0.0,0.0,0.0,0.0,5.7489539748953895,24.125523012552307,0.12552301255230128,0.0,0.0,0.0,0.0,0.0,0.0,0.0,0.0,0.0,0.0,0.0,0.0,0.0,0.0,0.0,0.0
21000,4633,2434,0.5253615368012087,1139,936,0.44787394776602635,1306,0.56378156701921,0.422,3.040472942246476,3.107253459261246,6.647151898734177,2.0516722391568236,8309.219605449593,433.65691715241644,7853.0,8739.789829844236,8721.391714070653,5.742589293580628,7853.0,0.0,28.116555147852363,20.91564187781091,33.07887975334018,19.13571092645298,0.13857112022447657,0.09648176127778976,0.09216490394992445,0.08979063241959853,0.08266781782862076,0.07058061731059788,0.07187567450895747,0.06173105978847399,0.05806173105978847,0.05482408806388949,0.046622059140945395,0.03928340168357436,0.03518238722210231,0.026332829699978414,0.019425857975393913,0.010144614720483489,0.006259443125404706,0.9361891454737412,0.023930515592885317,0.0,0.0,0.0,0.0,0.0,0.0,0.0,0.0,0.0,0.0,0.0,0.0,0.0,0.0,0.0,0.0,0.0,0.0,0.0,0.0,0.0,0.0,0.0,0.0,0.0,0.03885171595078783,2.0202892294409676,11.513058493416796,13.436218432980793,2.9915821282106636,4.274750830564784,2.9089037941172173,nan,nan,nan,4.235799207397622,2.9061520500059292,4.314171122994653,2.911155426500101,1.018502273540294,0.4084,0.00945,0.0,0.0,0.0,0.0,0.0,0.0,0.0,0.0,0.0,0.0,0.0,5.6464493848478226,24.2693718972588,0.08417871789337365,0.0,0.0,0.0,0.0,0.0,0.0,0.0,0.0,0.0,0.0,0.0,0.0,0.0,0.0,0.0,0.0,nan,nan,4.274750830564784,2.9089037941172173,nan,0.4084,0.04343,0.0,0.0,0.0,0.0,0.0,0.0,0.0,0.0,0.0,0.0,0.0,0.0,0.0,0.0,0.0,0.0,0.0,0.0,0.0,0.0,0.0,0.0,0.0,0.0,0.0,0.0,0.0020397150874163607,0.0004856464493848478,0.0020612993740556874,0.005298942369954673,0.004511115907619253,0.0030865529894236994,0.006140729548888409,0.014569393481545435,0.02354845672350529,0.036401899417224264,0.05770559033023959,0.07550183466436435,0.07391538959637384,0.09307144398877618,0.0934167925750054,0.08053097345132744,0.11523850636736456,0.06282106626375998,0.06275631340384201,0.05860133822577164,0.025210446794733433,0.02555579538096266,0.018022879343837686,0.028599179797107705,0.014029786315562271,0.009842434707532917,0.004360025901143968,0.000830995035614073,0.0,0.0006906971724584503,0.0011547593352039716,0.0,0.0,0.0,0.0,0.0,0.0,0.0,0.0,0.0,0.0,0.0,0.0,0.0,0.0,0.0,0.0,0.0,0.0,0.0,0.0,0.0,0.0,0.0,0.0,0.0,0.0,0.0,0.0,0.0,0.0,0.0,0.0,0.0,0.0,0.0,0.0,0.0,0.0,0.0,0.0,0.0,0.0,0.0,0.0,nan,nan,4.274750830564784,2.9089037941172173,nan,0.9369265956524071,0.023875669209908447,0.0,0.0,0.0,0.0,0.0,0.0,0.0,0.0,0.0,0.0,0.0,0.0,0.0,0.0,0.0,0.0,0.0,0.0,0.0,0.0,0.0,0.0,0.0,0.0,0.0,0.024650780608052595,2.009038619556286,11.080525883319641,13.74281018898932,3.1429745275267056,0.9353728863855773,0.02396463118425798,0.0,0.0,0.0,0.0,0.0,0.0,0.0,0.0,0.0,0.0,0.0,0.0,0.0,0.0,0.0,0.0,0.0,0.0,0.0,0.0,0.0,0.0,0.0,0.0,0.0,0.05457025920873126,2.032742155525239,11.991814461118693,13.096862210095502,2.8240109140518426,0.4084,0.00947,0.0,0.0,0.0,0.0,0.0,0.0,0.0,0.0,0.0,0.0,0.0,5.903861955628587,24.009860312243227,0.08627773212818408,0.0,0.0,0.0,0.0,0.0,0.0,0.0,0.0,0.0,0.0,0.0,0.0,0.0,0.0,0.0,0.0,0.4084,0.00943,0.0,0.0,0.0,0.0,0.0,0.0,0.0,0.0,0.0,0.0,0.0,5.361527967257837,24.556616643929065,0.08185538881309687,0.0,0.0,0.0,0.0,0.0,0.0,0.0,0.0,0.0,0.0,0.0,0.0,0.0,0.0,0.0,0.0
21100,4888,2507,0.5128887070376432,1181,1059,0.4582651391162029,1422,0.5818330605564648,0.39799999999999996,2.972280554388912,3.100186993356979,6.655913978494624,2.144877343584288,8298.107540213989,433.7966700696728,7853.0,8739.640074694156,8720.844298590338,5.62572185301572,7853.0,0.0,27.89832242225859,20.759615455179897,32.8868016589412,18.9504913192694,0.13972995090016366,0.09451718494271685,0.09226677577741407,0.08878887070376432,0.07855973813420622,0.07794599018003273,0.07794599018003273,0.06648936170212766,0.05953355155482815,0.047872340425531915,0.045008183306055646,0.03600654664484452,0.03130114566284779,0.028641571194762683,0.016775777414075287,0.01207037643207856,0.006546644844517185,0.9345543330410303,0.02333365717161114,0.0,0.0,0.0,0.0,0.0,0.0,0.0,0.0,0.0,0.0,0.0,0.0,0.0,0.0,0.0,0.0,0.0,0.0,0.0,0.0,0.0,0.0,0.0,0.0,0.0,0.06751227495908348,2.0315057283142393,12.244271685761051,13.048281505728317,2.608428805237317,4.240214646464646,2.866351542649315,nan,nan,nan,4.2461832061068705,2.848566343935031,4.234335839598997,2.8837499948114735,0.997209878629157,0.4082,0.00964,0.0,0.0,0.0,0.0,0.0,0.0,0.0,0.0,0.0,0.0,0.0,5.928805237315867,23.979132569558107,0.09206219312602294,0.0,0.0,0.0,0.0,0.0,0.0,0.0,0.0,0.0,0.0,0.0,0.0,0.0,0.0,0.0,0.0,nan,nan,4.240214646464646,2.866351542649315,nan,0.4082,0.04355,0.0,0.0,0.0,0.0,0.0,0.0,0.0,0.0,0.0,0.0,0.0,0.0,0.0,0.0,0.0,0.0,0.0,0.0,0.0,0.0,0.0,0.0,0.0,0.0,0.0,0.0,0.002332242225859247,0.0006751227495908347,0.002311783960720131,0.005237315875613748,0.005145253682487725,0.0029664484451718495,0.006730769230769231,0.013860474631751227,0.023956628477905074,0.03501432078559738,0.05910392798690671,0.07322013093289689,0.07404869067103109,0.09259410801963994,0.09497749590834698,0.07967471358428806,0.11211129296235679,0.06570171849427169,0.06360474631751227,0.06136456628477905,0.024549918166939442,0.026278641571194764,0.01746112929623568,0.027148117839607203,0.013267184942716857,0.008704991816693944,0.004654255319148936,0.0012274959083469722,2.0458265139116205e-05,0.0008490180032733225,0.001207037643207856,0.0,0.0,0.0,0.0,0.0,0.0,0.0,0.0,0.0,0.0,0.0,0.0,0.0,0.0,0.0,0.0,0.0,0.0,0.0,0.0,0.0,0.0,0.0,0.0,0.0,0.0,0.0,0.0,0.0,0.0,0.0,0.0,0.0,0.0,0.0,0.0,0.0,0.0,0.0,0.0,0.0,0.0,0.0,0.0,nan,nan,4.240214646464646,2.866351542649315,nan,0.9343961447560554,0.023394805048398956,0.0,0.0,0.0,0.0,0.0,0.0,0.0,0.0,0.0,0.0,0.0,0.0,0.0,0.0,0.0,0.0,0.0,0.0,0.0,0.0,0.0,0.0,0.0,0.0,0.0,0.10769844435580377,2.0223374551256486,12.27762265656163,13.019545273234945,2.572796170721979,0.934720892482623,0.023267937450761705,0.0,0.0,0.0,0.0,0.0,0.0,0.0,0.0,0.0,0.0,0.0,0.0,0.0,0.0,0.0,0.0,0.0,0.0,0.0,0.0,0.0,0.0,0.0,0.0,0.0,0.025199496010079803,2.041159176816464,12.209155816883666,13.078538429231418,2.6459470810583796,0.4084,0.00963,0.0,0.0,0.0,0.0,0.0,0.0,0.0,0.0,0.0,0.0,0.0,5.612285600319098,24.303948942959718,0.08376545672118071,0.0,0.0,0.0,0.0,0.0,0.0,0.0,0.0,0.0,0.0,0.0,0.0,0.0,0.0,0.0,0.0,0.408,0.00966,0.0,0.0,0.0,0.0,0.0,0.0,0.0,0.0,0.0,0.0,0.0,6.262074758504821,23.637127257454857,0.10079798404031921,0.0,0.0,0.0,0.0,0.0,0.0,0.0,0.0,0.0,0.0,0.0,0.0,0.0,0.0,0.0,0.0
21200,4803,2505,0.5215490318550906,1198,997,0.45700603789298355,1352,0.5629814699146367,0.414,2.9582245430809397,3.0476338434226617,6.476114649681529,2.1880690232599425,8305.580686705269,433.49804831392964,7853.0,8741.181801521778,8720.76249031753,5.758062412566795,7853.0,0.0,27.875494482615032,20.677206175797455,32.72318339100346,18.916759442089894,0.136789506558401,0.09827191338746617,0.09098480116593796,0.09015198834062045,0.08515511138871538,0.07370393504059962,0.07141369977097647,0.0682906516760358,0.05808869456589631,0.05225900478867374,0.040183218821569854,0.038101186758276076,0.03768478034561732,0.025817197584842806,0.016239850093691444,0.011867582760774516,0.004996876951905059,0.9340073276429829,0.023872597364431494,0.0,0.0,0.0,0.0,0.0,0.0,0.0,0.0,0.0,0.0,0.0,0.0,0.0,0.0,0.0,0.0,0.0,0.0,0.0,0.0,0.0,0.0,0.0,0.0,0.0062460961898813255,0.062460961898813255,2.3297938788257344,12.173641474078703,12.948157401623988,2.479700187382886,4.219488817891373,2.8506045086211884,nan,nan,nan,4.163344051446946,2.841867803317413,4.273824650571791,2.8586991976545244,1.0265365047326436,0.4082,0.00947,0.0,0.0,0.0,0.0,0.0,0.0,0.0,0.0,0.0,0.0,0.0,5.852592129918793,24.05996252342287,0.08744534665833856,0.0,0.0,0.0,0.0,0.0,0.0,0.0,0.0,0.0,0.0,0.0,0.0,0.0,0.0,0.0,0.0,nan,nan,4.219488817891373,2.8506045086211884,nan,0.4082,0.04367,0.0,0.0,0.0,0.0,0.0,0.0,0.0,0.0,0.0,0.0,0.0,0.0,0.0,0.0,0.0,0.0,0.0,0.0,0.0,0.0,0.0,0.0,0.0,0.0,0.0,0.0,0.002477618155319592,0.0003955860920258172,0.0019571101394961483,0.005163439516968561,0.005975432021653133,0.0030189464917759735,0.006360607953362482,0.012981469914636685,0.024734540911930045,0.03707058088694566,0.06043098063710181,0.07310014574224442,0.07382885696439725,0.09223402040391422,0.09502394336872788,0.07883614407661878,0.11216947740995212,0.06252342286071205,0.06663543618571725,0.05858838226108682,0.02643139704351447,0.022975223818446803,0.01896731209660629,0.027607745159275453,0.014095357068498855,0.00877576514678326,0.0038933999583593585,0.0015719342077868,0.0,0.0009681449094316052,0.0012075785967103894,0.0,0.0,0.0,0.0,0.0,0.0,0.0,0.0,0.0,0.0,0.0,0.0,0.0,0.0,0.0,0.0,0.0,0.0,0.0,0.0,0.0,0.0,0.0,0.0,0.0,0.0,0.0,0.0,0.0,0.0,0.0,0.0,0.0,0.0,0.0,0.0,0.0,0.0,0.0,0.0,0.0,0.0,0.0,0.0,nan,nan,4.219488817891373,2.8506045086211884,nan,0.934326790644975,0.024119193081641684,0.0,0.0,0.0,0.0,0.0,0.0,0.0,0.0,0.0,0.0,0.0,0.0,0.0,0.0,0.0,0.0,0.0,0.0,0.0,0.0,0.0,0.0,0.0,0.0,0.01197604790419162,0.0598802395209581,2.383233532934132,11.784431137724553,13.197604790419165,2.5628742514970067,0.9336590879475998,0.023595927107587483,0.0,0.0,0.0,0.0,0.0,0.0,0.0,0.0,0.0,0.0,0.0,0.0,0.0,0.0,0.0,0.0,0.0,0.0,0.0,0.0,0.0,0.0,0.0,0.0,0.0,0.06527415143603134,2.271540469973891,12.59791122715405,12.676240208877287,2.389033942558747,0.4082,0.009346,0.0,0.0,0.0,0.0,0.0,0.0,0.0,0.0,0.0,0.0,0.0,5.473053892215561,24.431137724550904,0.09580838323353295,0.0,0.0,0.0,0.0,0.0,0.0,0.0,0.0,0.0,0.0,0.0,0.0,0.0,0.0,0.0,0.0,0.408,0.009605,0.0,0.0,0.0,0.0,0.0,0.0,0.0,0.0,0.0,0.0,0.0,6.266318537858999,23.65535248041776,0.07832898172323761,0.0,0.0,0.0,0.0,0.0,0.0,0.0,0.0,0.0,0.0,0.0,0.0,0.0,0.0,0.0,0.0
21300,4604,2437,0.5293223284100782,1132,925,0.4467854039965248,1248,0.5421372719374457,0.438,3.0286109829257035,3.1488401567474154,6.628333333333333,2.2338749343287376,8312.220849643416,433.0544104234425,7853.0,8739.854904615879,8720.56372251058,5.593555286989446,7853.0,0.0,28.118375325803648,21.041973719291473,33.13124514625938,19.260268003317837,0.14096437880104257,0.0999131190269331,0.08731537793223285,0.08992180712423979,0.07775847089487402,0.07450043440486534,0.06928757602085144,0.0658123370981755,0.0577758470894874,0.05147697654213727,0.053431798436142486,0.035403996524761075,0.03192875760208514,0.024543874891398785,0.018896611642050393,0.013900955690703735,0.007167680278019114,0.9338296362620452,0.023376117972527508,0.0,0.0,0.0,0.0,0.0,0.0,0.0,0.0,0.0,0.0,0.0,0.0,0.0,0.0,0.0,0.0,0.0,0.0,0.0,0.0,0.0,0.0,0.0,0.0,0.0,0.0586446568201564,2.2350130321459605,12.256733275412687,13.182015638575155,2.2675933970460473,4.2260135135135135,2.946929056608294,nan,nan,nan,4.165322580645161,2.9484061036186495,4.287364130434782,2.9441639228082304,1.0292994233764048,0.408,0.00973,0.0,0.0,0.0,0.0,0.0,0.0,0.0,0.0,0.0,0.0,0.0,6.307558644656811,23.549087749782803,0.1433536055603823,0.0,0.0,0.0,0.0,0.0,0.0,0.0,0.0,0.0,0.0,0.0,0.0,0.0,0.0,0.0,0.0,nan,nan,4.2260135135135135,2.946929056608294,nan,0.408,0.0444,0.0,0.0,0.0,0.0,0.0,0.0,0.0,0.0,0.0,0.0,0.0,0.0,0.0,0.0,0.0,0.0,0.0,0.0,0.0,0.0,0.0,0.0,0.0,5.4300608166811465e-05,0.0,0.0,0.0032037358818418765,0.00039096437880104255,0.0020199826238053867,0.004387489139878366,0.007015638575152042,0.0033774978279756734,0.00814509122502172,0.013933536055603823,0.025825369244135536,0.038499131190269334,0.05851433536055604,0.07463075586446569,0.06995004344048654,0.0898023457862728,0.09515638575152041,0.07883362293657689,0.11228279756733275,0.06230451781059948,0.06395525629887054,0.05867723718505647,0.0262380538662033,0.023609904430929626,0.01908123370981755,0.028442658557775845,0.014563423110338836,0.008557775847089487,0.004561251086012163,0.0017484795829713292,5.4300608166811465e-05,0.0008362293657688966,0.0013357949609035622,1.0860121633362293e-05,0.0,0.0,0.0,0.0,0.0,0.0,0.0,0.0,0.0,0.0,0.0,0.0,0.0,0.0,0.0,0.0,0.0,0.0,0.0,0.0,0.0,0.0,0.0,0.0,0.0,0.0,0.0,0.0,0.0,0.0,0.0,0.0,0.0,0.0,0.0,0.0,0.0,0.0,0.0,0.0,0.0,0.0,0.0,nan,nan,4.2260135135135135,2.946929056608294,nan,0.9339395964492967,0.023129855094206748,0.0,0.0,0.0,0.0,0.0,0.0,0.0,0.0,0.0,0.0,0.0,0.0,0.0,0.0,0.0,0.0,0.0,0.0,0.0,0.0,0.0,0.0,0.0,0.0,0.0,0.06155108740254412,2.105047189167009,12.224045958145263,13.40582683627411,2.2035289290110796,0.9337059754515552,0.023649390244214332,0.0,0.0,0.0,0.0,0.0,0.0,0.0,0.0,0.0,0.0,0.0,0.0,0.0,0.0,0.0,0.0,0.0,0.0,0.0,0.0,0.0,0.0,0.0,0.0,0.0,0.055376095985233055,2.381172127365021,12.293493308721738,12.930318412551918,2.3396400553760963,0.4077,0.0097,0.0,0.0,0.0,0.0,0.0,0.0,0.0,0.0,0.0,0.0,0.0,6.3151415675010165,23.524825605252364,0.16003282724661475,0.0,0.0,0.0,0.0,0.0,0.0,0.0,0.0,0.0,0.0,0.0,0.0,0.0,0.0,0.0,0.0,0.4082,0.00976,0.0,0.0,0.0,0.0,0.0,0.0,0.0,0.0,0.0,0.0,0.0,6.299030918320249,23.576372865712973,0.12459621596677437,0.0,0.0,0.0,0.0,0.0,0.0,0.0,0.0,0.0,0.0,0.0,0.0,0.0,0.0,0.0,0.0
21400,4859,2506,0.5157439802428483,1180,976,0.4437126980860259,1329,0.5470261370652397,0.426,2.9570760730981727,3.1201104328548865,6.6105100463678514,2.1789524771099065,8300.397848843719,433.5430202281464,7853.0,8738.624781513214,8720.480505798732,5.4774045038187245,7853.0,0.0,27.387939905330313,20.576641494573988,32.26920245398773,18.883392157234898,0.14179872401728752,0.10393084996912945,0.096521918090142,0.0874665569047129,0.08170405433216711,0.07429512245317967,0.06359333196130891,0.06585717225766619,0.06091788433834122,0.04856966454002881,0.047746449886807985,0.04404198394731426,0.030870549495781024,0.021197777320436303,0.01687590039102696,0.008849557522123894,0.005762502572545791,0.9335390967360051,0.02285619973594608,0.0,0.0,0.0,0.0,0.0,0.0,0.0,0.0,0.0,0.0,0.0,0.0,0.0,0.0,0.0,0.0,0.0,0.0,0.0,0.0,0.0,0.0,0.0,0.0,0.0,0.07408931878987447,2.1485902449063596,12.69396995266516,12.97180489812719,2.1115455855114225,4.3485045513654095,2.9457824605010585,nan,nan,nan,4.291025641025641,2.89958820672407,4.406600660066006,2.992127624018636,1.0269341245448118,0.408,0.00947,0.0,0.0,0.0,0.0,0.0,0.0,0.0,0.0,0.0,0.0,0.0,6.124717019962946,23.73327845235646,0.14200452768059274,0.0,0.0,0.0,0.0,0.0,0.0,0.0,0.0,0.0,0.0,0.0,0.0,0.0,0.0,0.0,0.0,nan,nan,4.3485045513654095,2.9457824605010585,nan,0.408,0.04453,0.0,0.0,0.0,0.0,0.0,0.0,0.0,0.0,0.0,0.0,0.0,0.0,0.0,0.0,0.0,0.0,0.0,0.0,0.0,0.0,0.0,0.0,0.0,8.232146532208273e-05,1.0290183165260341e-05,1.0290183165260341e-05,0.0033031487960485696,0.00021609384647046717,0.002346161761679358,0.004486519860053509,0.006822391438567606,0.0038176579543115867,0.006698909240584482,0.014972216505453797,0.024850792344103725,0.038752829800370446,0.06016670096727722,0.07492282362626054,0.06864581189545174,0.09019345544350689,0.09171640255196542,0.07684708787816423,0.11589833299032723,0.062121835768676685,0.06143239349660424,0.05963161144268368,0.02777320436303766,0.024212800987857584,0.01989092405844824,0.028143650956987034,0.014293064416546614,0.009878575838649928,0.004568841325375592,0.0010701790491870755,0.0,0.0007614735542292653,0.0014612060094669685,0.0,0.0,0.0,0.0,0.0,0.0,0.0,0.0,0.0,0.0,0.0,0.0,0.0,0.0,0.0,0.0,0.0,0.0,0.0,0.0,0.0,0.0,0.0,0.0,0.0,0.0,0.0,0.0,0.0,0.0,0.0,0.0,0.0,0.0,0.0,0.0,0.0,0.0,0.0,0.0,0.0,0.0,0.0,0.0,nan,nan,4.3485045513654095,2.9457824605010585,nan,0.9332639734124719,0.022581526442326433,0.0,0.0,0.0,0.0,0.0,0.0,0.0,0.0,0.0,0.0,0.0,0.0,0.0,0.0,0.0,0.0,0.0,0.0,0.0,0.0,0.0,0.0,0.0,0.0,0.0,0.07182761372705508,2.1189146049481247,12.725458898643259,13.072625698324025,2.0111731843575424,0.9338321095064149,0.023141552482740455,0.0,0.0,0.0,0.0,0.0,0.0,0.0,0.0,0.0,0.0,0.0,0.0,0.0,0.0,0.0,0.0,0.0,0.0,0.0,0.0,0.0,0.0,0.0,0.0,0.0,0.07649808754781132,2.180195495112623,12.660433489162774,12.864428389290271,2.218444538886528,0.408,0.00951,0.0,0.0,0.0,0.0,0.0,0.0,0.0,0.0,0.0,0.0,0.0,6.117318435754181,23.69114126097367,0.19154030327214688,0.0,0.0,0.0,0.0,0.0,0.0,0.0,0.0,0.0,0.0,0.0,0.0,0.0,0.0,0.0,0.0,0.408,0.00942,0.0,0.0,0.0,0.0,0.0,0.0,0.0,0.0,0.0,0.0,0.0,6.132596685082865,23.778155546111353,0.08924776880577988,0.0,0.0,0.0,0.0,0.0,0.0,0.0,0.0,0.0,0.0,0.0,0.0,0.0,0.0,0.0,0.0
21500,5020,2574,0.5127490039840638,1206,1052,0.449800796812749,1424,0.5673306772908366,0.422,2.956255110384301,3.1325526424256487,6.779320987654321,2.1536084065056635,8297.789510631128,433.6075383225749,7853.0,8742.364079022407,8720.460506359077,5.563686185860946,7853.0,0.0,27.615537848605577,20.80406597196084,32.63619047619048,19.037219804070148,0.14621513944223108,0.09800796812749003,0.09322709163346614,0.08406374501992032,0.08207171314741035,0.07788844621513945,0.07868525896414343,0.05976095617529881,0.05179282868525897,0.04780876494023904,0.0450199203187251,0.044223107569721115,0.030876494023904383,0.027888446215139442,0.01593625498007968,0.010956175298804782,0.005577689243027889,0.9329960897742989,0.023072395255242992,0.0,0.0,0.0,0.0,0.0,0.0,0.0,0.0,0.0,0.0,0.0,0.0,0.0,0.0,0.0,0.0,0.0,0.0,0.0,0.0,0.0,0.0,0.0,0.0,0.0,0.04780876494023906,2.372509960159363,12.66334661354582,12.741035856573708,2.175298804780877,4.332196029776675,2.8842011062208677,nan,nan,nan,4.2927284027346175,2.851746482454902,4.371517027863777,2.915644763329882,1.018353973915277,0.408,0.00962,0.0,0.0,0.0,0.0,0.0,0.0,0.0,0.0,0.0,0.0,0.0,6.179282868525887,23.647410358565743,0.17330677290836657,0.0,0.0,0.0,0.0,0.0,0.0,0.0,0.0,0.0,0.0,0.0,0.0,0.0,0.0,0.0,0.0,nan,nan,4.332196029776675,2.8842011062208677,nan,0.408,0.04453,0.0,0.0,0.0,0.0,0.0,0.0,0.0,0.0,0.0,0.0,0.0,0.0,0.0,0.0,0.0,0.0,0.0,0.0,0.0,0.0,0.0,0.0,0.0,0.00010956175298804781,0.0,0.0,0.00398406374501992,3.9840637450199205e-05,0.0018625498007968128,0.004870517928286852,0.006772908366533864,0.0032171314741035856,0.0072908366533864545,0.014770916334661354,0.02356573705179283,0.039750996015936256,0.05938247011952191,0.07565737051792829,0.0653784860557769,0.09227091633466135,0.09293824701195219,0.079800796812749,0.1177788844621514,0.06206175298804781,0.05856573705179283,0.05790836653386454,0.029452191235059762,0.02297808764940239,0.02050796812749004,0.02702191235059761,0.013366533864541832,0.00953187250996016,0.00497011952191235,0.0016035856573705179,2.9880478087649403e-05,0.0008964143426294821,0.001653386454183267,0.0,9.960159362549801e-06,0.0,0.0,0.0,0.0,0.0,0.0,0.0,0.0,0.0,0.0,0.0,0.0,0.0,0.0,0.0,0.0,0.0,0.0,0.0,0.0,0.0,0.0,0.0,0.0,0.0,0.0,0.0,0.0,0.0,0.0,0.0,0.0,0.0,0.0,0.0,0.0,0.0,0.0,0.0,0.0,0.0,0.0,nan,nan,4.332196029776675,2.8842011062208677,nan,0.9331781033313635,0.0232467202765575,0.0,0.0,0.0,0.0,0.0,0.0,0.0,0.0,0.0,0.0,0.0,0.0,0.0,0.0,0.0,0.0,0.0,0.0,0.0,0.0,0.0,0.0,0.0,0.0,0.0,0.03496503496503497,2.4592074592074598,12.552447552447555,12.738927738927742,2.2144522144522147,0.9328045513867748,0.02288595086410802,0.0,0.0,0.0,0.0,0.0,0.0,0.0,0.0,0.0,0.0,0.0,0.0,0.0,0.0,0.0,0.0,0.0,0.0,0.0,0.0,0.0,0.0,0.0,0.0,0.0,0.061324611610793146,2.281275551921505,12.780049059689292,12.743254292722815,2.1340964840556014,0.408,0.009735,0.0,0.0,0.0,0.0,0.0,0.0,0.0,0.0,0.0,0.0,0.0,6.3986013986013885,23.41491841491842,0.18648018648018652,0.0,0.0,0.0,0.0,0.0,0.0,0.0,0.0,0.0,0.0,0.0,0.0,0.0,0.0,0.0,0.0,0.408,0.00951,0.0,0.0,0.0,0.0,0.0,0.0,0.0,0.0,0.0,0.0,0.0,5.948487326246925,23.89206868356501,0.15944399018806218,0.0,0.0,0.0,0.0,0.0,0.0,0.0,0.0,0.0,0.0,0.0,0.0,0.0,0.0,0.0,0.0
21600,4663,2398,0.5142612052326828,1129,951,0.44606476517263566,1313,0.5631567660304525,0.414,2.9002207505518762,3.037183100748502,6.3919753086419755,2.1518145772112844,8298.98123405064,433.45630758605694,7853.0,8740.984583640098,8720.227061875783,5.687723819517407,7853.0,0.0,28.65687325755951,21.335926158932594,33.621979140167895,19.554230021350325,0.1376796054042462,0.09650439631138752,0.08899849882050183,0.08728286510829938,0.08449496032597041,0.07591679176495818,0.060261634141110874,0.06326399313746515,0.05447137036242762,0.05447137036242762,0.047608835513617845,0.04482093073128887,0.03409822003002359,0.027450139395239118,0.021230967188505253,0.013725069697619559,0.007720351704911001,0.9325986029046966,0.023505776318662828,0.0,0.0,0.0,0.0,0.0,0.0,0.0,0.0,0.0,0.0,0.0,0.0,0.0,0.0,0.0,0.0,0.0,0.0,0.0,0.0,0.0,0.0,0.0,0.0,0.0,0.07076989062835086,2.4447780398884844,12.892987347201375,12.313960969333051,2.277503752948746,4.105109013992841,2.856877212832717,nan,nan,nan,4.106979778212655,2.8415947990873613,4.103313840155946,2.8729399037098338,0.9991073883353024,0.4072,0.009895,0.0,0.0,0.0,0.0,0.0,0.0,0.0,0.0,0.0,0.0,0.0,6.922582028736855,22.93587819000644,0.14153978125670172,0.0,0.0,0.0,0.0,0.0,0.0,0.0,0.0,0.0,0.0,0.0,0.0,0.0,0.0,0.0,0.0,nan,nan,4.105109013992841,2.856877212832717,nan,0.4072,0.0448,0.0,0.0,0.0,0.0,0.0,0.0,0.0,0.0,0.0,0.0,0.0,0.0,0.0,0.0,0.0,0.0,0.0,0.0,0.0,0.0,0.0,0.0,0.0,0.00012867252841518336,4.289084280506112e-05,0.0,0.0036349989277289297,0.00011794981771391808,0.001876474372721424,0.005961827149903495,0.007945528629637572,0.003903066695260562,0.007527342912288226,0.015526485095432125,0.02324683680034313,0.04189363070984345,0.05916791764958181,0.07382586317821145,0.06817499463864465,0.0897169204374866,0.09384516405747373,0.08027021230967188,0.1173279004932447,0.06070126527986275,0.05764529273000214,0.05638001286725284,0.029723354063907356,0.022839373793695047,0.020330259489598972,0.026399313746515118,0.013253270426763886,0.009811280291657731,0.004664379155050397,0.0022517692472657086,0.0,0.0008685395668024876,0.0009972120952176711,0.0,0.0,0.0,0.0,0.0,0.0,0.0,0.0,0.0,0.0,0.0,0.0,0.0,0.0,0.0,0.0,0.0,0.0,0.0,0.0,0.0,0.0,0.0,0.0,0.0,0.0,0.0,0.0,0.0,0.0,0.0,0.0,0.0,0.0,0.0,0.0,0.0,0.0,0.0,0.0,0.0,0.0,0.0,0.0,nan,nan,4.105109013992841,2.856877212832717,nan,0.9328362822681789,0.023559298991449543,0.0,0.0,0.0,0.0,0.0,0.0,0.0,0.0,0.0,0.0,0.0,0.0,0.0,0.0,0.0,0.0,0.0,0.0,0.0,0.0,0.0,0.0,0.0,0.0,0.0,0.050041701417848215,2.4645537948290244,12.698081734778986,12.522935779816518,2.264386989157632,0.9323469670929393,0.02344635205848916,0.0,0.0,0.0,0.0,0.0,0.0,0.0,0.0,0.0,0.0,0.0,0.0,0.0,0.0,0.0,0.0,0.0,0.0,0.0,0.0,0.0,0.0,0.0,0.0,0.0,0.0927152317880795,2.4238410596026494,13.099337748344373,12.092715231788082,2.291390728476822,0.4072,0.00999,0.0,0.0,0.0,0.0,0.0,0.0,0.0,0.0,0.0,0.0,0.0,7.068390325271048,22.793994995829863,0.1376146788990826,0.0,0.0,0.0,0.0,0.0,0.0,0.0,0.0,0.0,0.0,0.0,0.0,0.0,0.0,0.0,0.0,0.4075,0.0098,0.0,0.0,0.0,0.0,0.0,0.0,0.0,0.0,0.0,0.0,0.0,6.768211920529792,23.086092715231793,0.14569536423841062,0.0,0.0,0.0,0.0,0.0,0.0,0.0,0.0,0.0,0.0,0.0,0.0,0.0,0.0,0.0,0.0
21700,4853,2505,0.5161755615083453,1164,983,0.4424067587059551,1353,0.557593241294045,0.39799999999999996,2.9442078364565587,3.118041911288538,6.6501597444089455,2.1716974795152386,8300.56328660173,433.3297840934971,7853.0,8740.451363945007,8720.075700550176,5.627566697478303,7853.0,0.0,27.24953636925613,20.570158633863322,32.26556324110672,18.840889849345505,0.147331547496394,0.09932000824232433,0.09437461364104678,0.08984133525654235,0.08159901092107974,0.07727179064496188,0.07026581495981866,0.06202349062435607,0.05625386358953225,0.04924788790438904,0.0453327838450443,0.03873892437667422,0.03420564599216979,0.021636101380589325,0.017102822996084895,0.00989078920255512,0.0055635689264372555,0.9326096583267548,0.023491819670898948,0.0,0.0,0.0,0.0,0.0,0.0,0.0,0.0,0.0,0.0,0.0,0.0,0.0,0.0,0.0,0.0,0.0,0.0,0.0,0.0,0.0,0.0,0.0,0.0,0.0,0.06799917576756646,2.3676076653616325,13.173294869153104,12.153307232639607,2.2377910570780966,4.3012361743656475,2.8763871255580202,nan,nan,nan,4.383864671437866,2.8451147327399484,4.218607677293429,2.904973840267951,0.9623033541110122,0.4072,0.010086,0.0,0.0,0.0,0.0,0.0,0.0,0.0,0.0,0.0,0.0,0.0,7.263548320626406,22.662270760354424,0.07418091901916342,0.0,0.0,0.0,0.0,0.0,0.0,0.0,0.0,0.0,0.0,0.0,0.0,0.0,0.0,0.0,0.0,nan,nan,4.3012361743656475,2.8763871255580202,nan,0.4072,0.045,0.0,0.0,0.0,0.0,0.0,0.0,0.0,0.0,0.0,0.0,0.0,0.0,0.0,0.0,0.0,0.0,0.0,0.0,0.0,0.0,0.0,0.0,0.0,0.00022666391922522152,0.000123634865031939,0.0,0.004141767978569957,0.00017514939212858027,0.0024005769627034822,0.005924170616113744,0.008829589944364311,0.003997527302699361,0.006769008860498661,0.014362250154543581,0.02485060787141974,0.042231609313826496,0.05845868534926849,0.07480939624974242,0.06769008860498661,0.08434988666804039,0.097960024726973,0.08013599835153513,0.11346589738306202,0.061096229136616526,0.05872656089017103,0.05875746960642901,0.029826911188955287,0.02326396043684319,0.020296723676076652,0.026787554090253452,0.012507727179064496,0.009633216567071914,0.004450855141149805,0.001978157840511024,1.0302905419328251e-05,0.0010199876365134968,0.000741809190191634,0.0,0.0,0.0,0.0,0.0,0.0,0.0,0.0,0.0,0.0,0.0,0.0,0.0,0.0,0.0,0.0,0.0,0.0,0.0,0.0,0.0,0.0,0.0,0.0,0.0,0.0,0.0,0.0,0.0,0.0,0.0,0.0,0.0,0.0,0.0,0.0,0.0,0.0,0.0,0.0,0.0,0.0,0.0,0.0,nan,nan,4.3012361743656475,2.8763871255580202,nan,0.9324931273917239,0.0236197497094922,0.0,0.0,0.0,0.0,0.0,0.0,0.0,0.0,0.0,0.0,0.0,0.0,0.0,0.0,0.0,0.0,0.0,0.0,0.0,0.0,0.0,0.0,0.0,0.0,0.0,0.0598802395209581,2.6706586826347314,12.838323353293417,12.19161676646707,2.239520958083833,0.9327339811513939,0.023353921856535346,0.0,0.0,0.0,0.0,0.0,0.0,0.0,0.0,0.0,0.0,0.0,0.0,0.0,0.0,0.0,0.0,0.0,0.0,0.0,0.0,0.0,0.0,0.0,0.0,0.0,0.07666098807495743,2.044293015332198,13.530664395229985,12.112436115843273,2.2359454855195917,0.407,0.01013,0.0,0.0,0.0,0.0,0.0,0.0,0.0,0.0,0.0,0.0,0.0,7.413173652694601,22.49101796407186,0.09580838323353295,0.0,0.0,0.0,0.0,0.0,0.0,0.0,0.0,0.0,0.0,0.0,0.0,0.0,0.0,0.0,0.0,0.4072,0.01004,0.0,0.0,0.0,0.0,0.0,0.0,0.0,0.0,0.0,0.0,0.0,7.103918228279376,22.844974446337314,0.05110732538330495,0.0,0.0,0.0,0.0,0.0,0.0,0.0,0.0,0.0,0.0,0.0,0.0,0.0,0.0,0.0,0.0
21800,4679,2416,0.5163496473605471,1174,958,0.4556529172900192,1303,0.5569566146612525,0.40599999999999997,2.8762704374723818,3.0544734565142044,6.454113924050633,2.223532549723421,8300.845394393651,433.45156338731664,7853.0,8743.524466896057,8720.32971869532,5.590034412630127,7853.0,0.0,28.09211369950844,20.886790682256184,32.858948432760364,19.192503679265897,0.1346441547339175,0.10322718529600342,0.09168625774738191,0.08677067749519128,0.07907672579611028,0.0784355631545202,0.06817696088907886,0.06048300918999786,0.06454370592006839,0.05599487069886728,0.04402650138918572,0.03398162000427442,0.035050224406924554,0.02415045949989314,0.020944646291942724,0.011968369309681556,0.006839068176960889,0.9328871580825246,0.023051887920946416,0.0,0.0,0.0,0.0,0.0,0.0,0.0,0.0,0.0,0.0,0.0,0.0,0.0,0.0,0.0,0.0,0.0,0.0,0.0,0.0,0.0,0.0,0.0,0.0,0.0,0.07052789057490919,2.263304124812995,13.047659756358199,12.36161572985681,2.256892498397094,4.18310322156476,2.878369963048123,nan,nan,nan,4.193337687785761,2.918529291098785,4.1727332892124425,2.837061684501207,0.9950863965396026,0.4072,0.00987,0.0,0.0,0.0,0.0,0.0,0.0,0.0,0.0,0.0,0.0,0.0,7.08484718957041,22.844624919854677,0.07052789057490919,0.0,0.0,0.0,0.0,0.0,0.0,0.0,0.0,0.0,0.0,0.0,0.0,0.0,0.0,0.0,0.0,nan,nan,4.18310322156476,2.878369963048123,nan,0.4072,0.045,0.0,0.0,0.0,0.0,0.0,0.0,0.0,0.0,0.0,0.0,0.0,0.0,0.0,0.0,0.0,0.0,0.0,0.0,0.0,0.0,0.0,0.0,1.0686044026501389e-05,0.0005877324214575764,5.3430220132506944e-05,1.0686044026501389e-05,0.004445394315024578,7.480230818550972e-05,0.0027142551827313527,0.006197905535370806,0.009414404787347725,0.003013464415473392,0.006700149604616371,0.015377217354135499,0.02330626202179953,0.04047873477238726,0.05979910237230177,0.07363752938662108,0.06741825176319727,0.08326565505449883,0.0969651634964736,0.08133148108570207,0.1107929044667664,0.0622889506304766,0.06351784569352426,0.05836717247275059,0.030957469544774525,0.02279333190852746,0.020752297499465697,0.02830733062620218,0.011936311177602051,0.008474032913015602,0.0036866851891429794,0.0014746740756571917,0.0,0.0009510579183586237,0.0008976276982261167,0.0,0.0,0.0,0.0,0.0,0.0,0.0,0.0,0.0,0.0,0.0,0.0,0.0,0.0,0.0,0.0,0.0,0.0,0.0,0.0,0.0,0.0,0.0,0.0,0.0,0.0,0.0,0.0,0.0,0.0,0.0,0.0,0.0,0.0,0.0,0.0,0.0,0.0,0.0,0.0,0.0,0.0,0.0,0.0,nan,nan,4.18310322156476,2.878369963048123,nan,0.9331619530570823,0.02294988372562185,0.0,0.0,0.0,0.0,0.0,0.0,0.0,0.0,0.0,0.0,0.0,0.0,0.0,0.0,0.0,0.0,0.0,0.0,0.0,0.0,0.0,0.0,0.0,0.0,0.0,0.07450331125827815,2.210264900662252,12.839403973509937,12.653145695364241,2.2226821192052983,0.9325937843933814,0.023156693915669567,0.0,0.0,0.0,0.0,0.0,0.0,0.0,0.0,0.0,0.0,0.0,0.0,0.0,0.0,0.0,0.0,0.0,0.0,0.0,0.0,0.0,0.0,0.0,0.0,0.0,0.06628369421122406,2.3199292973928416,13.269995581087056,12.050375607600534,2.2934158197083523,0.4075,0.00984,0.0,0.0,0.0,0.0,0.0,0.0,0.0,0.0,0.0,0.0,0.0,6.829470198675486,23.09602649006623,0.07450331125827815,0.0,0.0,0.0,0.0,0.0,0.0,0.0,0.0,0.0,0.0,0.0,0.0,0.0,0.0,0.0,0.0,0.407,0.009895,0.0,0.0,0.0,0.0,0.0,0.0,0.0,0.0,0.0,0.0,0.0,7.357490057445857,22.576226248342913,0.06628369421122406,0.0,0.0,0.0,0.0,0.0,0.0,0.0,0.0,0.0,0.0,0.0,0.0,0.0,0.0,0.0,0.0
21900,4511,2358,0.5227222345377965,1119,898,0.44712923963644424,1223,0.5422301041897584,0.43,2.887598699489085,3.1532169291037104,6.73721340388007,2.2653921086553432,8306.242621530211,433.11159341349315,7853.0,8739.607570314407,8720.081198355716,5.596297201887375,7853.0,0.0,27.341609399246288,20.731397982717827,32.386702127659575,19.028909523004106,0.14254045666149412,0.1055198403901574,0.09709598758590113,0.08978053646641543,0.08246508534692973,0.06827754378186655,0.06938594546663711,0.061848814010197296,0.056085125249390376,0.0527599201950787,0.046774551097317665,0.03812901795610729,0.030813566836621592,0.025936599423631124,0.016626025271558414,0.009088893815118598,0.006872090445577478,0.9322394243869092,0.02345607695640623,0.0,0.0,0.0,0.0,0.0,0.0,0.0,0.0,0.0,0.0,0.0,0.0,0.0,0.0,0.0,0.0,0.0,0.0,0.0,0.0,0.0,0.0,0.0,0.0,0.0,0.0798049213034804,2.454001330082022,13.260917756594994,12.003990246065177,2.2012857459543342,4.195538515162077,2.9803178505677397,nan,nan,nan,4.154006968641115,2.976676403491193,4.237099023709902,2.9833786800592783,1.0200028684824207,0.4072,0.00976,0.0,0.0,0.0,0.0,0.0,0.0,0.0,0.0,0.0,0.0,0.0,7.05608512524938,22.87076036355576,0.07315451119485702,0.0,0.0,0.0,0.0,0.0,0.0,0.0,0.0,0.0,0.0,0.0,0.0,0.0,0.0,0.0,0.0,nan,nan,4.195538515162077,2.9803178505677397,nan,0.4072,0.04462,0.0,0.0,0.0,0.0,0.0,0.0,0.0,0.0,0.0,0.0,0.0,0.0,0.0,0.0,0.0,0.0,0.0,0.0,0.0,0.0,0.0,0.0,0.0,0.0005985369097761029,8.867213478164486e-05,0.0,0.0040013300820217245,0.0001330082021724673,0.002427399689647528,0.005032143648858347,0.009510086455331412,0.003480381290179561,0.006162713367324319,0.015783639991132786,0.022977166925293727,0.041819995566393264,0.05931057415207271,0.07454001330082022,0.06970738195522057,0.0802261139436932,0.09637552649080026,0.08144535579694082,0.11228109066725782,0.0614608734205276,0.06769009088893815,0.05669474617601419,0.031534027931722455,0.020483263134559965,0.021236976280203945,0.02753269784970073,0.013056971846597206,0.007725559742850809,0.0038129017956107293,0.0012081578363999114,1.1084016847705608e-05,0.0008867213478164486,0.000764797162491687,0.0,0.0,0.0,0.0,0.0,0.0,0.0,0.0,0.0,0.0,0.0,0.0,0.0,0.0,0.0,0.0,0.0,0.0,0.0,0.0,0.0,0.0,0.0,0.0,0.0,0.0,0.0,0.0,0.0,0.0,0.0,0.0,0.0,0.0,0.0,0.0,0.0,0.0,0.0,0.0,0.0,0.0,0.0,0.0,nan,nan,4.195538515162077,2.9803178505677397,nan,0.9321876800950045,0.023419186438381617,0.0,0.0,0.0,0.0,0.0,0.0,0.0,0.0,0.0,0.0,0.0,0.0,0.0,0.0,0.0,0.0,0.0,0.0,0.0,0.0,0.0,0.0,0.0,0.0,0.0,0.07633587786259544,2.3918575063613234,13.20610687022901,12.150127226463107,2.17557251908397,0.9322960955621584,0.023496282842043324,0.0,0.0,0.0,0.0,0.0,0.0,0.0,0.0,0.0,0.0,0.0,0.0,0.0,0.0,0.0,0.0,0.0,0.0,0.0,0.0,0.0,0.0,0.0,0.0,0.0,0.08360427310729217,2.522062238736647,13.32094751509522,11.843938690199725,2.2294472828611243,0.4072,0.00987,0.0,0.0,0.0,0.0,0.0,0.0,0.0,0.0,0.0,0.0,0.0,7.010178117048335,22.9262086513995,0.06361323155216286,0.0,0.0,0.0,0.0,0.0,0.0,0.0,0.0,0.0,0.0,0.0,0.0,0.0,0.0,0.0,0.0,0.407,0.00963,0.0,0.0,0.0,0.0,0.0,0.0,0.0,0.0,0.0,0.0,0.0,7.106363214119822,22.810032512772878,0.08360427310729217,0.0,0.0,0.0,0.0,0.0,0.0,0.0,0.0,0.0,0.0,0.0,0.0,0.0,0.0,0.0,0.0
22000,4487,2350,0.5237352351236907,1115,916,0.4526409627813684,1244,0.5544907510586138,0.426,2.967711745437529,3.081088792478821,6.601001669449082,2.072008936608671,8307.239924115747,433.18536270142135,7853.0,8740.718475484848,8720.308314683984,5.76460487498938,7853.0,0.0,28.049476264764877,20.841250050036443,33.0605738575983,19.009912602152152,0.14241141074214397,0.09204368174726989,0.093603744149766,0.08825495876977936,0.08357477156229107,0.07220860262981948,0.06841987965232894,0.06463115667483842,0.06017383552484957,0.04925339870737687,0.04925339870737687,0.03944729217740138,0.03565856919991085,0.030309783819924226,0.014263427679964342,0.010474704702473813,0.0060173835524849565,0.9331314458543112,0.023144130821777197,0.0,0.0,0.0,0.0,0.0,0.0,0.0,0.0,0.0,0.0,0.0,0.0,0.0,0.0,0.0,0.0,0.0,0.0,0.0,0.0,0.0,0.0,0.0,0.0,0.0,0.08023178069979943,2.1528861154446184,12.783597058168045,12.796969021618011,2.1863160240695345,4.265410958904109,2.885800529164564,nan,nan,nan,4.266986959505834,2.837287518341766,4.264705882352941,2.934133153453541,0.9994654126730312,0.4075,0.00985,0.0,0.0,0.0,0.0,0.0,0.0,0.0,0.0,0.0,0.0,0.0,6.739469578783142,23.16692667706709,0.09360374414976602,0.0,0.0,0.0,0.0,0.0,0.0,0.0,0.0,0.0,0.0,0.0,0.0,0.0,0.0,0.0,0.0,nan,nan,4.265410958904109,2.885800529164564,nan,0.4075,0.04486,0.0,0.0,0.0,0.0,0.0,0.0,0.0,0.0,0.0,0.0,0.0,0.0,0.0,0.0,0.0,0.0,0.0,0.0,0.0,0.0,0.0,0.0,0.0,0.0004457321149988857,7.800312012480499e-05,0.0,0.003933585914865166,5.571651437486071e-05,0.0026186761756184533,0.005705371071985737,0.009672386895475818,0.0036550033429908627,0.005805660797860486,0.01592377980833519,0.023646088700690886,0.03954758190327613,0.059182081568977044,0.07489413862268776,0.06870960552707822,0.08085580566079786,0.09845108090037888,0.08014263427679964,0.11019612213059951,0.0592377980833519,0.06877646534432806,0.056184533095609536,0.03403164698016492,0.021774013817695566,0.019344773790951637,0.028125696456429684,0.01378426565634054,0.006953420993982617,0.005036772899487408,0.0015043458881212391,0.0,0.001025183864497437,0.0007020280811232449,0.0,0.0,0.0,0.0,0.0,0.0,0.0,0.0,0.0,0.0,0.0,0.0,0.0,0.0,0.0,0.0,0.0,0.0,0.0,0.0,0.0,0.0,0.0,0.0,0.0,0.0,0.0,0.0,0.0,0.0,0.0,0.0,0.0,0.0,0.0,0.0,0.0,0.0,0.0,0.0,0.0,0.0,0.0,0.0,nan,nan,4.265410958904109,2.885800529164564,nan,0.9332579814880452,0.023609141164357975,0.0,0.0,0.0,0.0,0.0,0.0,0.0,0.0,0.0,0.0,0.0,0.0,0.0,0.0,0.0,0.0,0.0,0.0,0.0,0.0,0.0,0.0,0.0,0.0,0.0,0.12765957446808512,2.221276595744681,12.4468085106383,12.931914893617025,2.2723404255319153,0.9329922981054692,0.022620922023004614,0.0,0.0,0.0,0.0,0.0,0.0,0.0,0.0,0.0,0.0,0.0,0.0,0.0,0.0,0.0,0.0,0.0,0.0,0.0,0.0,0.0,0.0,0.0,0.0,0.0,0.02807674309780066,2.0776789892372487,13.15395414131961,12.648572765559198,2.0917173607861494,0.4072,0.00981,0.0,0.0,0.0,0.0,0.0,0.0,0.0,0.0,0.0,0.0,0.0,6.817021276595734,23.10638297872341,0.07659574468085108,0.0,0.0,0.0,0.0,0.0,0.0,0.0,0.0,0.0,0.0,0.0,0.0,0.0,0.0,0.0,0.0,0.4077,0.00989,0.0,0.0,0.0,0.0,0.0,0.0,0.0,0.0,0.0,0.0,0.0,6.654188114178746,23.23350491343005,0.11230697239120264,0.0,0.0,0.0,0.0,0.0,0.0,0.0,0.0,0.0,0.0,0.0,0.0,0.0,0.0,0.0,0.0
22100,4603,2349,0.5103193569411254,1090,965,0.44644796871605474,1311,0.5696285031501195,0.43,3.02661934338953,3.189128802619426,6.904290429042904,2.204274591947899,8295.658237021773,433.6330327145105,7853.0,8741.955648684501,8720.414161350029,5.581567049735959,7853.0,0.0,27.67542906799913,20.741716181233926,32.76744791666667,18.938066073701155,0.14360199869650228,0.10036932435368238,0.09320008689984792,0.0864653486856398,0.0808168585704975,0.07668911579404736,0.06647838366282859,0.0638713882250706,0.057788398870301974,0.051270910275907015,0.043884423202259396,0.04605691940039105,0.0319356941125353,0.024766456658700847,0.016945470345426896,0.011948729089724093,0.003910493156636976,0.9334335492249289,0.02328007338390657,0.0,0.0,0.0,0.0,0.0,0.0,0.0,0.0,0.0,0.0,0.0,0.0,0.0,0.0,0.0,0.0,0.0,0.0,0.0,0.0,0.0,0.0,0.0,0.0,0.006517488594394961,0.04562242016076473,2.1116663045839674,12.656962850315015,12.878557462524444,2.3006734738214214,4.423389830508475,2.929463773555588,nan,nan,nan,4.359236537150648,2.9501288020731944,4.4868509777478085,2.907484887478251,1.0292744932534847,0.4075,0.00974,0.0,0.0,0.0,0.0,0.0,0.0,0.0,0.0,0.0,0.0,0.0,6.745600695198774,23.13056702150772,0.12383228329350426,0.0,0.0,0.0,0.0,0.0,0.0,0.0,0.0,0.0,0.0,0.0,0.0,0.0,0.0,0.0,0.0,nan,nan,4.423389830508475,2.929463773555588,nan,0.4075,0.04474,0.0,0.0,0.0,0.0,0.0,0.0,0.0,0.0,0.0,0.0,0.0,0.0,0.0,0.0,0.0,0.0,0.0,0.0,0.0,2.1724961981316532e-05,0.0,0.0,0.0,0.00028242450575711493,2.1724961981316532e-05,0.0,0.004095155333478167,7.603736693460787e-05,0.002530958070823376,0.005550727786226374,0.00976537041060178,0.002900282424505757,0.005550727786226374,0.014892461438192483,0.023799695850532262,0.040430154247230066,0.05932000868998479,0.07648272865522485,0.07049750162937214,0.07859004996741256,0.09714316749945688,0.08402129046274169,0.11308928959374322,0.05872257223549859,0.0675429067999131,0.053595481207907886,0.031468607429937,0.02203997393004562,0.021105800564849012,0.027547251792309362,0.013436888985444276,0.006289376493591136,0.005268303280469259,0.0015641972626547903,0.0,0.0012165978709537258,0.001140560504019118,0.0,0.0,0.0,0.0,0.0,0.0,0.0,0.0,0.0,0.0,0.0,0.0,0.0,0.0,0.0,0.0,0.0,0.0,0.0,0.0,0.0,0.0,0.0,0.0,0.0,0.0,0.0,0.0,0.0,0.0,0.0,0.0,0.0,0.0,0.0,0.0,0.0,0.0,0.0,0.0,0.0,0.0,0.0,0.0,nan,nan,4.423389830508475,2.929463773555588,nan,0.9336051851853557,0.02334163508500031,0.0,0.0,0.0,0.0,0.0,0.0,0.0,0.0,0.0,0.0,0.0,0.0,0.0,0.0,0.0,0.0,0.0,0.0,0.0,0.0,0.0,0.0,0.0,0.0,0.0,0.05108556832694765,2.0561941251596427,12.809706257982123,12.733077905491701,2.3499361430395918,0.9332546792732686,0.023214393006565987,0.0,0.0,0.0,0.0,0.0,0.0,0.0,0.0,0.0,0.0,0.0,0.0,0.0,0.0,0.0,0.0,0.0,0.0,0.0,0.0,0.0,0.0,0.0,0.0,0.013309671694764866,0.03992901508429459,2.169476486246673,12.497781721384209,13.030168589174803,2.2493345164152623,0.4072,0.00994,0.0,0.0,0.0,0.0,0.0,0.0,0.0,0.0,0.0,0.0,0.0,6.730523627075341,23.116219667943813,0.15325670498084293,0.0,0.0,0.0,0.0,0.0,0.0,0.0,0.0,0.0,0.0,0.0,0.0,0.0,0.0,0.0,0.0,0.4075,0.00953,0.0,0.0,0.0,0.0,0.0,0.0,0.0,0.0,0.0,0.0,0.0,6.761313220940541,23.145519077196102,0.09316770186335406,0.0,0.0,0.0,0.0,0.0,0.0,0.0,0.0,0.0,0.0,0.0,0.0,0.0,0.0,0.0,0.0
22200,4763,2468,0.5181608230107075,1194,929,0.4457274826789838,1297,0.5446147386101197,0.43,2.979520697167756,3.172048228881022,6.731669266770671,2.200498849231084,8302.353634157418,433.3368596068278,7853.0,8736.96482693553,8720.208816649827,5.572286606429484,7853.0,0.0,27.73777031282805,20.669243085442556,32.65749311983988,18.92049195401911,0.14024774301910561,0.10140667646441319,0.09447826999790049,0.08356078102036532,0.08041150535376863,0.0793617467982364,0.06928406466512702,0.061935754776401425,0.0539575897543565,0.05521730002099517,0.050808314087759814,0.0396808733991182,0.031072853243753938,0.0281335292882637,0.017006088599622087,0.008188116733151375,0.005248792777661138,0.9322635831513526,0.022965009180147426,0.0,0.0,0.0,0.0,0.0,0.0,0.0,0.0,0.0,0.0,0.0,0.0,0.0,0.0,0.0,0.0,0.0,0.0,0.0,0.0,0.0,0.0,0.0,0.0,0.0,0.0944782699979005,2.3619567499475123,12.943522989712369,12.641192525719088,1.9588494646231371,4.302683246073299,2.9767323038136086,nan,nan,nan,4.284879948085659,2.9395750864754016,4.320792079207921,3.0139494225659207,1.0083811288898086,0.4075,0.00968,0.0,0.0,0.0,0.0,0.0,0.0,0.0,0.0,0.0,0.0,0.0,6.613478899853025,23.298341381482267,0.08817971866470714,0.0,0.0,0.0,0.0,0.0,0.0,0.0,0.0,0.0,0.0,0.0,0.0,0.0,0.0,0.0,0.0,nan,nan,4.302683246073299,2.9767323038136086,nan,0.4075,0.04468,0.0,0.0,0.0,0.0,0.0,0.0,0.0,0.0,0.0,0.0,0.0,0.0,0.0,0.0,0.0,0.0,0.0,0.0,0.0,5.248792777661138e-05,0.0,0.0,0.0,0.0002099517111064455,1.0497585555322276e-05,0.0,0.004975855553222759,5.248792777661138e-05,0.0018055847155154315,0.00608859962208692,0.010266638673105186,0.0026873819021625027,0.004975855553222759,0.014024774301910561,0.02292672685282385,0.041381482259080414,0.05709636783539786,0.07462733571278606,0.07199244173840016,0.07532017635943733,0.09875078731891665,0.08398068444257821,0.11722653789628386,0.06072853243753937,0.06664917069074112,0.05520680243543985,0.030547973965987824,0.023829519210581566,0.02001889565399958,0.026453915599412136,0.01268108335082931,0.005805164812093219,0.005322275876548394,0.0016586185177409195,1.0497585555322276e-05,0.0017425992021834979,0.0008817971866470712,1.0497585555322276e-05,0.0,0.0,0.0,0.0,0.0,0.0,0.0,0.0,0.0,0.0,0.0,0.0,0.0,0.0,0.0,0.0,0.0,0.0,0.0,0.0,0.0,0.0,0.0,0.0,0.0,0.0,0.0,0.0,0.0,0.0,0.0,0.0,0.0,0.0,0.0,0.0,0.0,0.0,0.0,0.0,0.0,0.0,0.0,nan,nan,4.302683246073299,2.9767323038136086,nan,0.9325077091758796,0.023351508209526108,0.0,0.0,0.0,0.0,0.0,0.0,0.0,0.0,0.0,0.0,0.0,0.0,0.0,0.0,0.0,0.0,0.0,0.0,0.0,0.0,0.0,0.0,0.0,0.0,0.0,0.12155591572123178,2.321717990275527,12.702593192868722,12.678282009724477,2.175850891410049,0.932001054598615,0.022539031136002703,0.0,0.0,0.0,0.0,0.0,0.0,0.0,0.0,0.0,0.0,0.0,0.0,0.0,0.0,0.0,0.0,0.0,0.0,0.0,0.0,0.0,0.0,0.0,0.0,0.0,0.06535947712418302,2.405228758169935,13.20261437908497,12.601307189542487,1.7254901960784317,0.4075,0.00956,0.0,0.0,0.0,0.0,0.0,0.0,0.0,0.0,0.0,0.0,0.0,6.600486223662875,23.302269043760134,0.09724473257698543,0.0,0.0,0.0,0.0,0.0,0.0,0.0,0.0,0.0,0.0,0.0,0.0,0.0,0.0,0.0,0.0,0.4075,0.00981,0.0,0.0,0.0,0.0,0.0,0.0,0.0,0.0,0.0,0.0,0.0,6.6274509803921475,23.29411764705883,0.07843137254901962,0.0,0.0,0.0,0.0,0.0,0.0,0.0,0.0,0.0,0.0,0.0,0.0,0.0,0.0,0.0,0.0
22300,5034,2617,0.5198649185538339,1265,1045,0.45887961859356374,1429,0.5677393722685737,0.39399999999999996,3.001241208109226,3.162342833318178,6.7492447129909365,2.2730440023880507,8303.764349312873,433.2160366836382,7853.0,8740.539741003513,8720.079760963315,5.545780250973284,7853.0,0.0,28.101907032181167,20.62984558214253,32.84949518666354,18.869496115108536,0.1344854986094557,0.09594755661501787,0.09058402860548272,0.0899880810488677,0.08283671036948749,0.07747318235995232,0.0723083035359555,0.06694477552642034,0.054231227651966626,0.049662296384584824,0.05343663090981327,0.038935240365514504,0.03357171235597934,0.02542709574890743,0.021056813667063964,0.008939213349225268,0.004171632896305125,0.9319655758713179,0.02355625097319003,0.0,0.0,0.0,0.0,0.0,0.0,0.0,0.0,0.0,0.0,0.0,0.0,0.0,0.0,0.0,0.0,0.0,0.0,0.0,0.0,0.0,0.0,0.0,0.0,0.0,0.05363528009535162,2.6400476758045297,12.955899880810492,12.282479141835521,2.0679380214541125,4.244027819776233,2.9712903830662767,nan,nan,nan,4.347412254610351,2.9514322885710866,4.1371463714637144,2.9879232483012315,0.9516342433539278,0.4077,0.00974,0.0,0.0,0.0,0.0,0.0,0.0,0.0,0.0,0.0,0.0,0.0,6.537544696066736,23.349225268176408,0.11323003575685342,0.0,0.0,0.0,0.0,0.0,0.0,0.0,0.0,0.0,0.0,0.0,0.0,0.0,0.0,0.0,0.0,nan,nan,4.244027819776233,2.9712903830662767,nan,0.4077,0.0447,0.0,0.0,0.0,0.0,0.0,0.0,0.0,0.0,0.0,0.0,0.0,0.0,0.0,0.0,0.0,0.0,0.0,0.0,0.0,9.932459276916964e-06,0.0,0.0,0.0,0.0003377036154151768,0.0,0.0,0.005224473579658323,9.932459276916964e-06,0.0019070321811680572,0.006187922129519269,0.008829956297179182,0.0018176400476758046,0.006307111640842272,0.013965037743345253,0.021682558601509735,0.04276916964640445,0.0577870480731029,0.0752979737783075,0.07240762812872467,0.07235796583234008,0.10204608661104489,0.0858959078267779,0.10918752483114819,0.06116408422725467,0.06691497814858959,0.05851211760031784,0.03016487882399682,0.024304727850615812,0.01959674215335717,0.02732419547079857,0.011809694080254271,0.006575288041319031,0.005701231624950337,0.0018275725069527215,8.939213349225268e-05,0.0015295987286452126,0.0004469606674612634,0.0,9.932459276916964e-06,0.0,0.0,0.0,0.0,0.0,0.0,0.0,0.0,0.0,0.0,0.0,0.0,0.0,0.0,0.0,0.0,0.0,0.0,0.0,0.0,0.0,0.0,0.0,0.0,0.0,0.0,0.0,0.0,0.0,0.0,0.0,0.0,0.0,0.0,0.0,0.0,0.0,0.0,0.0,0.0,0.0,0.0,nan,nan,4.244027819776233,2.9712903830662767,nan,0.9317330060271211,0.0232462589923466,0.0,0.0,0.0,0.0,0.0,0.0,0.0,0.0,0.0,0.0,0.0,0.0,0.0,0.0,0.0,0.0,0.0,0.0,0.0,0.0,0.0,0.0,0.0,0.0,0.0,0.022927015666794046,2.636606801681315,13.160106992739781,12.174245319067637,2.006113870844479,0.93221739022062,0.023884805161559008,0.0,0.0,0.0,0.0,0.0,0.0,0.0,0.0,0.0,0.0,0.0,0.0,0.0,0.0,0.0,0.0,0.0,0.0,0.0,0.0,0.0,0.0,0.0,0.0,0.0,0.08688456764584197,2.643773272652049,12.734795200661981,12.399669011170875,2.13487794786926,0.4077,0.00956,0.0,0.0,0.0,0.0,0.0,0.0,0.0,0.0,0.0,0.0,0.0,6.408100878868924,23.500191058463894,0.09170806266717618,0.0,0.0,0.0,0.0,0.0,0.0,0.0,0.0,0.0,0.0,0.0,0.0,0.0,0.0,0.0,0.0,0.4075,0.00994,0.0,0.0,0.0,0.0,0.0,0.0,0.0,0.0,0.0,0.0,0.0,6.6776996276375575,23.185767480347543,0.13653289201489452,0.0,0.0,0.0,0.0,0.0,0.0,0.0,0.0,0.0,0.0,0.0,0.0,0.0,0.0,0.0,0.0
22400,4415,2229,0.5048697621744055,1069,882,0.4419026047565119,1253,0.5676104190260476,0.422,3.008234217749314,3.1204730639381064,6.479365079365079,2.2086524463169437,8290.757251583256,433.5327100739498,7853.0,8740.407822334766,8720.06965712879,5.628095574600948,7853.0,0.0,28.244394110985276,21.217982601435068,33.33685064935065,19.43990922306663,0.14110985277463195,0.1014722536806342,0.08788221970554927,0.08335220838052095,0.08924122310305775,0.0695356738391846,0.06274065685164212,0.06432616081540204,0.061155152887882216,0.05345413363533409,0.04824462061155153,0.036013590033975085,0.036919592298980744,0.025821064552661383,0.013816534541336353,0.014949037372593432,0.009966024915062289,0.9320285993686214,0.022750455877331224,0.0,0.0,0.0,0.0,0.0,0.0,0.0,0.0,0.0,0.0,0.0,0.0,0.0,0.0,0.0,0.0,0.0,0.0,0.0,0.0,0.0,0.0,0.0,0.0,0.0,0.06115515288788223,2.2763306908267276,13.372593431483581,12.421291053227636,1.8686296715741793,4.352920601608954,2.861432162995756,nan,nan,nan,4.353606789250354,2.821316690486224,4.347645429362881,2.895870829854006,0.9986307077841314,0.4075,0.00989,0.0,0.0,0.0,0.0,0.0,0.0,0.0,0.0,0.0,0.0,0.0,6.815402038505086,23.062287655719146,0.12231030577576446,0.0,0.0,0.0,0.0,0.0,0.0,0.0,0.0,0.0,0.0,0.0,0.0,0.0,0.0,0.0,0.0,nan,nan,4.352920601608954,2.861432162995756,nan,0.4075,0.04507,0.0,0.0,0.0,0.0,0.0,0.0,0.0,0.0,0.0,0.0,0.0,0.0,0.0,0.0,0.0,0.0,0.0,0.0,0.0,0.0,0.0,0.0,0.0,0.0005889014722536807,0.0,0.0,0.00579841449603624,1.1325028312570781e-05,0.0011664779161947906,0.0068063420158550395,0.008097395243488108,0.002163080407701019,0.007429218573046433,0.01479048697621744,0.020973952434881087,0.042989807474518686,0.059026047565118915,0.07381653454133635,0.07475651189127973,0.06813137032842582,0.10855039637599094,0.0833748584371461,0.10661381653454134,0.05984144960362401,0.06767836919592299,0.058958097395243485,0.02912797281993205,0.02331823329558324,0.019750849377123444,0.026511891279728198,0.012049830124575311,0.00797281993204983,0.004971687429218573,0.0022989807474518686,7.927519818799546e-05,0.0016987542468856172,0.0006568516421291053,0.0,0.0,0.0,0.0,0.0,0.0,0.0,0.0,0.0,0.0,0.0,0.0,0.0,0.0,0.0,0.0,0.0,0.0,0.0,0.0,0.0,0.0,0.0,0.0,0.0,0.0,0.0,0.0,0.0,0.0,0.0,0.0,0.0,0.0,0.0,0.0,0.0,0.0,0.0,0.0,0.0,0.0,0.0,0.0,nan,nan,4.352920601608954,2.861432162995756,nan,0.9322308519593586,0.023186500532041864,0.0,0.0,0.0,0.0,0.0,0.0,0.0,0.0,0.0,0.0,0.0,0.0,0.0,0.0,0.0,0.0,0.0,0.0,0.0,0.0,0.0,0.0,0.0,0.0,0.0,0.06729475100942128,2.2207267833109023,13.068640646029612,12.624495289367433,2.0188425302826385,0.9318223683417444,0.02229516589957768,0.0,0.0,0.0,0.0,0.0,0.0,0.0,0.0,0.0,0.0,0.0,0.0,0.0,0.0,0.0,0.0,0.0,0.0,0.0,0.0,0.0,0.0,0.0,0.0,0.0,0.054894784995425445,2.333028362305581,13.682525160109792,12.214089661482163,1.7154620311070452,0.4072,0.009796,0.0,0.0,0.0,0.0,0.0,0.0,0.0,0.0,0.0,0.0,0.0,7.052489905787339,22.85329744279947,0.0942126514131898,0.0,0.0,0.0,0.0,0.0,0.0,0.0,0.0,0.0,0.0,0.0,0.0,0.0,0.0,0.0,0.0,0.4077,0.00999,0.0,0.0,0.0,0.0,0.0,0.0,0.0,0.0,0.0,0.0,0.0,6.573650503202186,23.27538883806039,0.15096065873741998,0.0,0.0,0.0,0.0,0.0,0.0,0.0,0.0,0.0,0.0,0.0,0.0,0.0,0.0,0.0,0.0
22500,4566,2371,0.5192728865527815,1168,897,0.4522558037669733,1264,0.5536574682435392,0.40599999999999997,2.9954441913439633,3.0749153694606832,6.4652241112828435,2.082891055888783,8303.134441785105,433.1245307904613,7853.0,8739.318674767017,8719.855276756974,5.629897624342778,7853.0,0.0,28.528909329829172,20.980205112519638,33.39009849663038,19.182555240310972,0.13644327639071396,0.09789750328515112,0.08607095926412615,0.08497590889180902,0.0795006570302234,0.07731055628558914,0.07490144546649145,0.06504599211563732,0.05716162943495401,0.04993429697766097,0.04993429697766097,0.04095488392466053,0.03416557161629435,0.026281208935611037,0.021243977222952255,0.010950503723171266,0.007227332457293035,0.9314286485869165,0.022987277502761142,0.0,0.0,0.0,0.0,0.0,0.0,0.0,0.0,0.0,0.0,0.0,0.0,0.0,0.0,0.0,0.0,0.0,0.0,0.0,0.0,0.0,0.0,0.0,0.0,0.0,0.07227332457293037,2.608409986859396,13.226018396846259,12.306176084099873,1.787122207621551,4.206724367509986,2.8717959143296876,nan,nan,nan,4.224734042553192,2.835006272932127,4.188666666666666,2.908104460908438,0.9914628055817856,0.4067,0.00997,0.0,0.0,0.0,0.0,0.0,0.0,0.0,0.0,0.0,0.0,0.0,7.490144546649135,22.378449408672804,0.13140604467805522,0.0,0.0,0.0,0.0,0.0,0.0,0.0,0.0,0.0,0.0,0.0,0.0,0.0,0.0,0.0,0.0,nan,nan,4.206724367509986,2.8717959143296876,nan,0.4067,0.045,0.0,0.0,0.0,0.0,0.0,0.0,0.0,0.0,0.0,0.0,0.0,0.0,0.0,0.0,0.0,0.0,0.0,0.0,0.0,0.0,0.0,0.0,0.0,0.0008103372755146736,4.3802014892685065e-05,1.0950503723171266e-05,0.0060337275514673674,3.2851511169513796e-05,0.0014564169951817784,0.0071725799386771795,0.007840560665790626,0.0026171703898379326,0.007457293035479632,0.015538764783180026,0.021243977222952255,0.044524748138414366,0.0548401226456417,0.0712658782303986,0.07729960578186597,0.06834209373631187,0.1136771791502409,0.08527157249233465,0.10485107314936487,0.06263688129653965,0.06609724047306176,0.05925317564607972,0.026325010950503724,0.023072711344721858,0.018199737187910642,0.025930792816469556,0.011618484450284712,0.00692071835304424,0.003920280332895313,0.002748576434515988,0.0,0.0022448532632501094,0.0006898817345597898,0.0,1.0950503723171266e-05,0.0,0.0,0.0,0.0,0.0,0.0,0.0,0.0,0.0,0.0,0.0,0.0,0.0,0.0,0.0,0.0,0.0,0.0,0.0,0.0,0.0,0.0,0.0,0.0,0.0,0.0,0.0,0.0,0.0,0.0,0.0,0.0,0.0,0.0,0.0,0.0,0.0,0.0,0.0,0.0,0.0,0.0,nan,nan,4.206724367509986,2.8717959143296876,nan,0.93170746915806,0.023068922882171182,0.0,0.0,0.0,0.0,0.0,0.0,0.0,0.0,0.0,0.0,0.0,0.0,0.0,0.0,0.0,0.0,0.0,0.0,0.0,0.0,0.0,0.0,0.0,0.0,0.0,0.0506115563053564,2.568536482496837,13.36145086461409,12.10881484605652,1.910586250527204,0.9311274715599547,0.022894944021810033,0.0,0.0,0.0,0.0,0.0,0.0,0.0,0.0,0.0,0.0,0.0,0.0,0.0,0.0,0.0,0.0,0.0,0.0,0.0,0.0,0.0,0.0,0.0,0.0,0.0,0.0956719817767654,2.6514806378132123,13.079726651480641,12.519362186788157,1.6537585421412304,0.4067,0.01012,0.0,0.0,0.0,0.0,0.0,0.0,0.0,0.0,0.0,0.0,0.0,7.629692113032465,22.205820328975122,0.1644875579924083,0.0,0.0,0.0,0.0,0.0,0.0,0.0,0.0,0.0,0.0,0.0,0.0,0.0,0.0,0.0,0.0,0.4067,0.00982,0.0,0.0,0.0,0.0,0.0,0.0,0.0,0.0,0.0,0.0,0.0,7.339407744874705,22.564920273348527,0.0956719817767654,0.0,0.0,0.0,0.0,0.0,0.0,0.0,0.0,0.0,0.0,0.0,0.0,0.0,0.0,0.0,0.0
22600,4088,2167,0.5300880626223092,985,815,0.44031311154598823,1109,0.5425636007827789,0.47000000000000003,3.0588235294117645,3.1680629858543994,6.724719101123595,2.201690577827995,8312.417024962455,432.57499286774504,7853.0,8746.241473937034,8719.68057131819,5.715707449577251,7853.0,0.0,28.101272015655578,21.230666774484895,33.239754098360656,19.446517672535727,0.14456947162426614,0.10273972602739725,0.087573385518591,0.08928571428571429,0.0702054794520548,0.07778864970645792,0.06922700587084149,0.06311154598825831,0.05895303326810176,0.053082191780821915,0.04036203522504892,0.03987279843444227,0.03302348336594912,0.031066536203522503,0.019569471624266144,0.01296477495107632,0.0066046966731898235,0.9306993590788132,0.023264699885902546,0.0,0.0,0.0,0.0,0.0,0.0,0.0,0.0,0.0,0.0,0.0,0.0,0.0,0.0,0.0,0.0,0.0,0.0,0.0,0.0,0.0,0.0,0.0,0.0,0.0,0.11007827788649709,2.7372798434442274,13.414872798434446,11.939823874755383,1.7979452054794525,4.236702127659575,2.9375163825752884,nan,nan,nan,4.144796380090498,2.9544300523800193,4.330015313935681,2.9172827409909035,1.0446871008512941,0.407,0.01035,0.0,0.0,0.0,0.0,0.0,0.0,0.0,0.0,0.0,0.0,0.0,7.602739726027386,22.27250489236791,0.12475538160469671,0.0,0.0,0.0,0.0,0.0,0.0,0.0,0.0,0.0,0.0,0.0,0.0,0.0,0.0,0.0,0.0,nan,nan,4.236702127659575,2.9375163825752884,nan,0.407,0.04538,0.0,0.0,0.0,0.0,0.0,0.0,0.0,0.0,0.0,0.0,0.0,0.0,0.0,0.0,0.0,0.0,0.0,0.0,2.446183953033268e-05,0.0,0.0,0.0,7.338551859099804e-05,0.0008683953033268102,2.446183953033268e-05,0.0,0.005834148727984345,4.892367906066536e-05,0.002152641878669276,0.007363013698630137,0.007950097847358121,0.0023116438356164384,0.006837084148727984,0.01593688845401174,0.021673189823874756,0.04421477495107632,0.05441536203522505,0.07175880626223093,0.07348336594911938,0.06906800391389432,0.11094667318982387,0.08916340508806263,0.0998899217221135,0.06603473581213307,0.06533757338551859,0.0623899217221135,0.02603962818003914,0.022884050880626224,0.017465753424657535,0.02473091976516634,0.013686399217221135,0.00798679060665362,0.003779354207436399,0.0024828767123287673,0.0,0.0019936399217221133,0.00100293542074364,0.00014677103718199608,0.0,0.0,0.0,0.0,0.0,0.0,0.0,0.0,0.0,0.0,0.0,0.0,0.0,0.0,0.0,0.0,0.0,0.0,0.0,0.0,0.0,0.0,0.0,0.0,0.0,0.0,0.0,0.0,0.0,0.0,0.0,0.0,0.0,0.0,0.0,0.0,0.0,0.0,0.0,0.0,0.0,0.0,0.0,nan,nan,4.236702127659575,2.9375163825752884,nan,0.9307327362376532,0.02351469547867339,0.0,0.0,0.0,0.0,0.0,0.0,0.0,0.0,0.0,0.0,0.0,0.0,0.0,0.0,0.0,0.0,0.0,0.0,0.0,0.0,0.0,0.0,0.0,0.0,0.0,0.13844023996308263,2.7134287032764193,13.511767420396865,11.808952468850949,1.8274111675126907,0.9306617076976543,0.022979367869683878,0.0,0.0,0.0,0.0,0.0,0.0,0.0,0.0,0.0,0.0,0.0,0.0,0.0,0.0,0.0,0.0,0.0,0.0,0.0,0.0,0.0,0.0,0.0,0.0,0.0,0.07808433107756378,2.764185320145758,13.30557001561687,12.087454450806874,1.7647058823529416,0.407,0.01021,0.0,0.0,0.0,0.0,0.0,0.0,0.0,0.0,0.0,0.0,0.0,7.614213197969532,22.288878634056303,0.09690816797415785,0.0,0.0,0.0,0.0,0.0,0.0,0.0,0.0,0.0,0.0,0.0,0.0,0.0,0.0,0.0,0.0,0.4072,0.01052,0.0,0.0,0.0,0.0,0.0,0.0,0.0,0.0,0.0,0.0,0.0,7.589796980739187,22.254034357105677,0.15616866215512756,0.0,0.0,0.0,0.0,0.0,0.0,0.0,0.0,0.0,0.0,0.0,0.0,0.0,0.0,0.0,0.0
22700,4337,2226,0.513258012451003,1033,895,0.4445469218353701,1217,0.5612174314041964,0.434,3.0478446234012315,3.1367209517655747,6.733108108108108,2.0483311768203545,8297.906631270504,433.2793059096647,7853.0,8737.24108775854,8719.828418607443,5.434035951557323,7853.0,0.0,28.34586119437399,21.193081256718997,33.326295585412666,19.43234527390747,0.13811390362001383,0.0989163015909615,0.09637998616555223,0.08807931750057643,0.07286142494812083,0.07216970255937284,0.06755821996771962,0.06548305280147568,0.05672123587733456,0.05326262393359465,0.04726769656444547,0.04450080700945354,0.03251095227115518,0.026977173161171316,0.017754207977864884,0.013373299515794327,0.008070094535393129,0.9314209018293438,0.022794674543117833,0.0,0.0,0.0,0.0,0.0,0.0,0.0,0.0,0.0,0.0,0.0,0.0,0.0,0.0,0.0,0.0,0.0,0.0,0.0,0.0,0.0,0.0,0.0,0.0,0.0,0.1037583583121974,2.4210283606179392,13.488586580585661,12.181231265851975,1.8053954346322347,4.382781928139452,2.926475196830994,nan,nan,nan,4.46059291395517,2.950005492085351,4.307422969187675,2.901516231239227,0.9656615280250533,0.4065,0.00977,0.0,0.0,0.0,0.0,0.0,0.0,0.0,0.0,0.0,0.0,0.0,7.4913534701406395,22.432557067097076,0.07608946276227808,0.0,0.0,0.0,0.0,0.0,0.0,0.0,0.0,0.0,0.0,0.0,0.0,0.0,0.0,0.0,0.0,nan,nan,4.382781928139452,2.926475196830994,nan,0.4065,0.04453,0.0,0.0,0.0,0.0,0.0,0.0,0.0,0.0,0.0,0.0,0.0,0.0,0.0,0.0,0.0,0.0,0.0,0.0,0.0,0.0,0.0,0.0,0.00010375835831219737,0.0006340788563523172,1.1528706479133041e-05,0.0,0.004899700253631543,0.0003112750749365921,0.0023979709476596727,0.006133271846898778,0.007401429559603412,0.0025709015448466682,0.006917223887479825,0.0158058565828914,0.022642379525017294,0.04346322342633156,0.056421489508877105,0.0698178464376297,0.07475213281069865,0.07242333410191376,0.11411113673045885,0.09074244869725617,0.10156790408116209,0.06564445469218354,0.062105141803089695,0.058669587272308046,0.027069402813004382,0.022838367535162555,0.016439935439243717,0.026066405349319807,0.012035969564214896,0.00750518791791561,0.004173391745446161,0.0021443394051187457,0.0,0.0010721697025593729,0.0010721697025593729,3.458611943739912e-05,0.0,0.0,0.0,0.0,0.0,0.0,0.0,0.0,0.0,0.0,0.0,0.0,0.0,0.0,0.0,0.0,0.0,0.0,0.0,0.0,0.0,0.0,0.0,0.0,0.0,0.0,0.0,0.0,0.0,0.0,0.0,0.0,0.0,0.0,0.0,0.0,0.0,0.0,0.0,0.0,0.0,0.0,0.0,nan,nan,4.382781928139452,2.926475196830994,nan,0.9314215995391424,0.022528189906077585,0.0,0.0,0.0,0.0,0.0,0.0,0.0,0.0,0.0,0.0,0.0,0.0,0.0,0.0,0.0,0.0,0.0,0.0,0.0,0.0,0.0,0.0,0.0,0.0,0.0,0.06738544474393532,2.4123989218328843,13.63881401617251,12.07547169811321,1.8059299191374667,0.9314201661107214,0.0230723425991334,0.0,0.0,0.0,0.0,0.0,0.0,0.0,0.0,0.0,0.0,0.0,0.0,0.0,0.0,0.0,0.0,0.0,0.0,0.0,0.0,0.0,0.0,0.0,0.0,0.0,0.1421127427759356,2.4301279014684987,13.33017527238276,12.292752250118431,1.8048318332543822,0.4067,0.009705,0.0,0.0,0.0,0.0,0.0,0.0,0.0,0.0,0.0,0.0,0.0,7.398921832884086,22.54716981132076,0.05390835579514826,0.0,0.0,0.0,0.0,0.0,0.0,0.0,0.0,0.0,0.0,0.0,0.0,0.0,0.0,0.0,0.0,0.4062,0.00984,0.0,0.0,0.0,0.0,0.0,0.0,0.0,0.0,0.0,0.0,0.0,7.588820464234948,22.311700615821888,0.09947891994315493,0.0,0.0,0.0,0.0,0.0,0.0,0.0,0.0,0.0,0.0,0.0,0.0,0.0,0.0,0.0,0.0
22800,4527,2308,0.5098299094322951,1078,934,0.4444444444444444,1278,0.5646123260437376,0.39399999999999996,2.983325822442542,3.091396065358076,6.5068702290076335,2.216426903780206,8294.84532272521,433.2612691855939,7853.0,8739.846085393428,8719.652415934584,5.654361384213537,7853.0,0.0,28.574773580737794,21.15982309358115,33.3296875,19.44988629749997,0.13364258891097858,0.0943229511817981,0.09410205434062292,0.08990501435829468,0.08305721228186437,0.0713496796995803,0.07333775127015683,0.05743317870554451,0.05721228186436934,0.054119726087916945,0.04815551137618732,0.0390987408880053,0.03711066931742876,0.028274795670421914,0.01855533465871438,0.010823945217583389,0.009498564170532362,0.9311950917088067,0.023248496325643644,0.0,0.0,0.0,0.0,0.0,0.0,0.0,0.0,0.0,0.0,0.0,0.0,0.0,0.0,0.0,0.0,0.0,0.0,0.0,0.0,0.0,0.0,0.0,0.0,0.006626905235255137,0.09277667329357192,2.5579854208084827,13.47912524850895,12.03445990722333,1.829025844930418,4.290650406504065,2.902236192270499,nan,nan,nan,4.245768449559919,2.8988576711238894,4.334464043419267,2.9055821942916134,1.0208903511609404,0.4065,0.00994,0.0,0.0,0.0,0.0,0.0,0.0,0.0,0.0,0.0,0.0,0.0,7.733598409542732,22.17362491716369,0.09277667329357192,0.0,0.0,0.0,0.0,0.0,0.0,0.0,0.0,0.0,0.0,0.0,0.0,0.0,0.0,0.0,0.0,nan,nan,4.290650406504065,2.902236192270499,nan,0.4065,0.04474,0.0,0.0,0.0,0.0,0.0,0.0,0.0,0.0,0.0,0.0,0.0,0.0,0.0,0.0,0.0,0.0,0.0,0.0,0.0,0.0,0.0,0.0,6.626905235255136e-05,0.0006958250497017893,0.0,0.0,0.005080627347028938,0.00039761431411530816,0.002208968411751712,0.005931080185553346,0.007698254914954716,0.0026949414623370885,0.007687210072895957,0.016169648774022532,0.02323834769162801,0.04360503644797879,0.05544510713496797,0.0682571239231279,0.0785730064060084,0.07443119063397394,0.10904572564612326,0.08756350784183786,0.10106030483764082,0.06573889993373094,0.06546277888226198,0.058416169648774025,0.026187320521316546,0.024254473161033796,0.015518003092555776,0.026110006626905234,0.012469626684338413,0.008062734702893749,0.003733156615860393,0.0020764303070466093,0.0001656726308813784,0.0006295559973492379,0.0012812016788159928,4.417936823503424e-05,0.0,0.0,0.0,0.0,0.0,0.0,0.0,0.0,0.0,0.0,0.0,0.0,0.0,0.0,0.0,0.0,0.0,0.0,0.0,0.0,0.0,0.0,0.0,0.0,0.0,0.0,0.0,0.0,0.0,0.0,0.0,0.0,0.0,0.0,0.0,0.0,0.0,0.0,0.0,0.0,0.0,0.0,0.0,nan,nan,4.290650406504065,2.902236192270499,nan,0.931082593764548,0.023312229306239385,0.0,0.0,0.0,0.0,0.0,0.0,0.0,0.0,0.0,0.0,0.0,0.0,0.0,0.0,0.0,0.0,0.0,0.0,0.0,0.0,0.0,0.0,0.0,0.0,0.0,0.09098786828422879,2.6516464471403816,13.479202772963609,11.893414211438477,1.8847487001733105,0.9313121017382563,0.02318144201170763,0.0,0.0,0.0,0.0,0.0,0.0,0.0,0.0,0.0,0.0,0.0,0.0,0.0,0.0,0.0,0.0,0.0,0.0,0.0,0.0,0.0,0.0,0.0,0.0,0.013519603424966204,0.09463722397476343,2.460567823343849,13.479044614691306,12.18116268589455,1.7710680486705728,0.4065,0.00989,0.0,0.0,0.0,0.0,0.0,0.0,0.0,0.0,0.0,0.0,0.0,7.759965337954928,22.162045060658585,0.07798960138648181,0.0,0.0,0.0,0.0,0.0,0.0,0.0,0.0,0.0,0.0,0.0,0.0,0.0,0.0,0.0,0.0,0.4067,0.00999,0.0,0.0,0.0,0.0,0.0,0.0,0.0,0.0,0.0,0.0,0.0,7.706173952230723,22.185669220369544,0.10815682739972964,0.0,0.0,0.0,0.0,0.0,0.0,0.0,0.0,0.0,0.0,0.0,0.0,0.0,0.0,0.0,0.0
22900,4511,2326,0.5156284637552649,1127,912,0.4520062070494347,1260,0.5586344491243627,0.40599999999999997,2.8723112128146453,3.0738711963873073,6.528205128205128,2.1900258029875994,8299.91995645773,433.1820965586394,7853.0,8741.557463431358,8719.748032493902,5.7727807178463095,7853.0,0.0,28.087120372422966,20.760089740265123,32.8437745740498,19.036798810474775,0.13633340722677897,0.09731766792285525,0.09266238084681888,0.09000221680336955,0.07913988029261805,0.07559299490135225,0.07271115052094879,0.06295721569496786,0.06295721569496786,0.04943471514076701,0.050543116825537575,0.035690534249612056,0.030370206162713367,0.02859676346708047,0.017956107293283084,0.01108401684770561,0.006650410108623365,0.931105913290875,0.02382884231913593,0.0,0.0,0.0,0.0,0.0,0.0,0.0,0.0,0.0,0.0,0.0,0.0,0.0,0.0,0.0,0.0,0.0,0.0,0.0,0.0,0.0,0.0,0.0,0.0,0.006650410108623367,0.1596098426069608,2.7133673243183334,13.19441365550876,11.83107958324097,2.0948791842163605,4.2386169120164325,2.8814701549961788,nan,nan,nan,4.205802968960864,2.848423350436347,4.271905424200278,2.915676894279316,1.0157169643293458,0.407,0.00998,0.0,0.0,0.0,0.0,0.0,0.0,0.0,0.0,0.0,0.0,0.0,7.07603635557525,22.81090667257815,0.11305697184659723,0.0,0.0,0.0,0.0,0.0,0.0,0.0,0.0,0.0,0.0,0.0,0.0,0.0,0.0,0.0,0.0,nan,nan,4.2386169120164325,2.8814701549961788,nan,0.407,0.0451,0.0,0.0,0.0,0.0,0.0,0.0,0.0,0.0,0.0,0.0,0.0,0.0,0.0,0.0,0.0,0.0,0.0,0.0,0.0,0.0,0.0,0.0,5.542008423852804e-05,0.0006317889603192196,0.0,0.0,0.005431168255375748,0.00023276435380181778,0.0020283750831301263,0.006273553535801374,0.008700953225448903,0.0029040124140988694,0.007082686765683884,0.016504101086233652,0.023509199733983594,0.04007980492130348,0.053923741964087786,0.0669917978275327,0.07827532697849701,0.0707492795389049,0.11398802926180447,0.08589004655287076,0.1043338505874529,0.06435380181777876,0.06381068499224118,0.05856794502327643,0.027854134338284195,0.023365107514963422,0.015916648193305252,0.029461316781201508,0.011804477942806473,0.009421414320549767,0.003136776767900687,0.0023054755043227667,0.00018842828641099535,0.00046552870760363556,0.0017180226113943694,4.433606739082243e-05,0.0,0.0,0.0,0.0,0.0,0.0,0.0,0.0,0.0,0.0,0.0,0.0,0.0,0.0,0.0,0.0,0.0,0.0,0.0,0.0,0.0,0.0,0.0,0.0,0.0,0.0,0.0,0.0,0.0,0.0,0.0,0.0,0.0,0.0,0.0,0.0,0.0,0.0,0.0,0.0,0.0,0.0,0.0,nan,nan,4.2386169120164325,2.8814701549961788,nan,0.9307741882825656,0.023977139791962365,0.0,0.0,0.0,0.0,0.0,0.0,0.0,0.0,0.0,0.0,0.0,0.0,0.0,0.0,0.0,0.0,0.0,0.0,0.0,0.0,0.0,0.0,0.0,0.0,0.0,0.18056749785038698,2.811693895098883,13.18142734307825,11.788478073946692,2.0378331900257955,0.931459044810018,0.023664844883086723,0.0,0.0,0.0,0.0,0.0,0.0,0.0,0.0,0.0,0.0,0.0,0.0,0.0,0.0,0.0,0.0,0.0,0.0,0.0,0.0,0.0,0.0,0.0,0.0,0.013729977116704808,0.13729977116704808,2.6086956521739135,13.208237986270026,11.87643020594966,2.155606407322655,0.4072,0.010056,0.0,0.0,0.0,0.0,0.0,0.0,0.0,0.0,0.0,0.0,0.0,7.28718830610489,22.583834909716256,0.12897678417884784,0.0,0.0,0.0,0.0,0.0,0.0,0.0,0.0,0.0,0.0,0.0,0.0,0.0,0.0,0.0,0.0,0.407,0.0099,0.0,0.0,0.0,0.0,0.0,0.0,0.0,0.0,0.0,0.0,0.0,6.851258581235688,23.052631578947373,0.09610983981693366,0.0,0.0,0.0,0.0,0.0,0.0,0.0,0.0,0.0,0.0,0.0,0.0,0.0,0.0,0.0,0.0
23000,4488,2316,0.516042780748663,1054,936,0.4434046345811052,1277,0.5690730837789661,0.39799999999999996,2.9258747697974217,3.0321380052742097,6.369105691056911,2.212019276930544,8300.421199445904,433.30686783952297,7853.0,8739.18350830078,8720.023464211228,5.549601531428369,7853.0,0.0,28.204545454545453,21.0370409430202,33.20169851380042,19.257865111817164,0.13992869875222816,0.1000445632798574,0.08778966131907308,0.08979500891265597,0.0768716577540107,0.07419786096256685,0.07040998217468805,0.06528520499108735,0.058823529411764705,0.05213903743315508,0.04478609625668449,0.04233511586452763,0.03052584670231729,0.030303030303030304,0.020276292335115863,0.008912655971479501,0.007575757575757576,0.9319122112397629,0.023108081861298993,0.0,0.0,0.0,0.0,0.0,0.0,0.0,0.0,0.0,0.0,0.0,0.0,0.0,0.0,0.0,0.0,0.0,0.0,0.0,0.0,0.0,0.0,0.0,0.0,0.0,0.06016042780748664,2.399732620320856,13.241978609625672,12.352941176470592,1.9451871657754014,4.239504473503097,2.846455208882457,nan,nan,nan,4.212635869565218,2.8683103850934812,4.267085076708508,2.8235790437303,1.0129252109200004,0.407,0.0099,0.0,0.0,0.0,0.0,0.0,0.0,0.0,0.0,0.0,0.0,0.0,7.078877005347583,22.840909090909097,0.08021390374331552,0.0,0.0,0.0,0.0,0.0,0.0,0.0,0.0,0.0,0.0,0.0,0.0,0.0,0.0,0.0,0.0,nan,nan,4.239504473503097,2.846455208882457,nan,0.4072,0.0452,0.0,0.0,0.0,0.0,0.0,0.0,0.0,0.0,0.0,0.0,0.0,0.0,0.0,0.0,0.0,0.0,0.0,0.0,0.0,0.0,0.0,3.342245989304813e-05,6.684491978609626e-05,0.0010472370766488413,0.0,0.0,0.004701426024955437,0.0002896613190730838,0.0021167557932263814,0.007542335115864528,0.007531194295900178,0.003019162210338681,0.007107843137254902,0.01576426024955437,0.023184046345811053,0.041042780748663105,0.05247326203208556,0.06713458110516934,0.07786319073083779,0.07261586452762923,0.1152072192513369,0.08729946524064171,0.10432263814616756,0.06449420677361854,0.06291221033868093,0.05425579322638146,0.029422905525846702,0.022471033868092693,0.016143048128342247,0.02977941176470588,0.013257575757575758,0.008723262032085562,0.002840909090909091,0.002573529411764706,0.00010026737967914439,0.0004233511586452763,0.0022393048128342245,0.0,0.0,0.0,0.0,0.0,0.0,0.0,0.0,0.0,0.0,0.0,0.0,0.0,0.0,0.0,0.0,0.0,0.0,0.0,0.0,0.0,0.0,0.0,0.0,0.0,0.0,0.0,0.0,0.0,0.0,0.0,0.0,0.0,0.0,0.0,0.0,0.0,0.0,0.0,0.0,0.0,0.0,0.0,0.0,nan,nan,4.239504473503097,2.846455208882457,nan,0.9320119754741023,0.023077235945958646,0.0,0.0,0.0,0.0,0.0,0.0,0.0,0.0,0.0,0.0,0.0,0.0,0.0,0.0,0.0,0.0,0.0,0.0,0.0,0.0,0.0,0.0,0.0,0.0,0.0,0.051813471502590684,2.3704663212435237,13.264248704663215,12.435233160621765,1.8782383419689124,0.9318058328020419,0.02314045369213844,0.0,0.0,0.0,0.0,0.0,0.0,0.0,0.0,0.0,0.0,0.0,0.0,0.0,0.0,0.0,0.0,0.0,0.0,0.0,0.0,0.0,0.0,0.0,0.0,0.0,0.069060773480663,2.4309392265193375,13.2182320441989,12.265193370165749,2.0165745856353596,0.4072,0.0099,0.0,0.0,0.0,0.0,0.0,0.0,0.0,0.0,0.0,0.0,0.0,7.007772020725378,22.91450777202073,0.07772020725388602,0.0,0.0,0.0,0.0,0.0,0.0,0.0,0.0,0.0,0.0,0.0,0.0,0.0,0.0,0.0,0.0,0.407,0.009895,0.0,0.0,0.0,0.0,0.0,0.0,0.0,0.0,0.0,0.0,0.0,7.154696132596675,22.762430939226526,0.08287292817679559,0.0,0.0,0.0,0.0,0.0,0.0,0.0,0.0,0.0,0.0,0.0,0.0,0.0,0.0,0.0,0.0
23100,4500,2338,0.5195555555555555,1099,926,0.45,1271,0.5648888888888889,0.40599999999999997,3.053654024051804,3.147306686210116,6.69951534733441,2.205189156475873,8303.54875691509,433.27717224431535,7853.0,8738.814764463901,8720.181097569674,5.5363202997013925,7853.0,0.0,27.923555555555556,20.960193505845055,32.88988883006882,19.20831301745482,0.14177777777777778,0.09933333333333333,0.09177777777777778,0.08888888888888889,0.07888888888888888,0.07622222222222222,0.06666666666666667,0.0651111111111111,0.058,0.054,0.04466666666666667,0.03822222222222222,0.036222222222222225,0.022,0.018222222222222223,0.012444444444444444,0.007555555555555556,0.9331029237508773,0.023400931463606927,0.0,0.0,0.0,0.0,0.0,0.0,0.0,0.0,0.0,0.0,0.0,0.0,0.0,0.0,0.0,0.0,0.0,0.0,0.0,0.0,0.0,0.0,0.0,0.0,0.0,0.08000000000000002,2.266666666666667,12.84666666666667,12.46666666666667,2.3400000000000003,4.267170329670329,2.956770813119859,nan,nan,nan,4.246206896551724,2.9357609761215158,4.2879616963064295,2.9773159863878993,1.0098334350567357,0.4072,0.009926,0.0,0.0,0.0,0.0,0.0,0.0,0.0,0.0,0.0,0.0,0.0,7.09999999999999,22.786666666666672,0.11333333333333336,0.0,0.0,0.0,0.0,0.0,0.0,0.0,0.0,0.0,0.0,0.0,0.0,0.0,0.0,0.0,0.0,nan,nan,4.267170329670329,2.956770813119859,nan,0.4072,0.04514,0.0,0.0,0.0,0.0,0.0,0.0,0.0,0.0,0.0,0.0,0.0,0.0,0.0,0.0,0.0,0.0,0.0,0.0,0.0,0.0,0.0,0.0,0.0002666666666666667,0.0009111111111111111,0.0,2.2222222222222223e-05,0.0051,0.0003333333333333333,0.0026333333333333334,0.0064555555555555555,0.007866666666666666,0.002777777777777778,0.008011111111111111,0.0155,0.02266666666666667,0.03997777777777778,0.05046666666666667,0.06845555555555556,0.0769,0.07166666666666667,0.11594444444444445,0.08756666666666667,0.10684444444444445,0.06707777777777778,0.062155555555555554,0.051366666666666665,0.030366666666666667,0.02411111111111111,0.016144444444444444,0.029255555555555555,0.011877777777777777,0.008588888888888889,0.0029,0.0031777777777777776,0.0001,0.00047777777777777776,0.002011111111111111,0.0,2.2222222222222223e-05,0.0,0.0,0.0,0.0,0.0,0.0,0.0,0.0,0.0,0.0,0.0,0.0,0.0,0.0,0.0,0.0,0.0,0.0,0.0,0.0,0.0,0.0,0.0,0.0,0.0,0.0,0.0,0.0,0.0,0.0,0.0,0.0,0.0,0.0,0.0,0.0,0.0,0.0,0.0,0.0,0.0,0.0,nan,nan,4.267170329670329,2.956770813119859,nan,0.9326650700934225,0.023110877239802773,0.0,0.0,0.0,0.0,0.0,0.0,0.0,0.0,0.0,0.0,0.0,0.0,0.0,0.0,0.0,0.0,0.0,0.0,0.0,0.0,0.0,0.0,0.0,0.0,0.0,0.05132591958939266,2.3224978614200174,13.229255774165956,12.087254063301971,2.3096663815226695,0.9335764213693462,0.02370150338472619,0.0,0.0,0.0,0.0,0.0,0.0,0.0,0.0,0.0,0.0,0.0,0.0,0.0,0.0,0.0,0.0,0.0,0.0,0.0,0.0,0.0,0.0,0.0,0.0,0.0,0.11100832562442185,2.206290471785384,12.432932469935249,12.876965772432936,2.372802960222017,0.4072,0.00991,0.0,0.0,0.0,0.0,0.0,0.0,0.0,0.0,0.0,0.0,0.0,6.954662104362693,22.98118049615056,0.06415739948674082,0.0,0.0,0.0,0.0,0.0,0.0,0.0,0.0,0.0,0.0,0.0,0.0,0.0,0.0,0.0,0.0,0.4072,0.00995,0.0,0.0,0.0,0.0,0.0,0.0,0.0,0.0,0.0,0.0,0.0,7.257169287696567,22.576318223866792,0.16651248843663277,0.0,0.0,0.0,0.0,0.0,0.0,0.0,0.0,0.0,0.0,0.0,0.0,0.0,0.0,0.0,0.0
23200,4416,2313,0.5237771739130435,1097,867,0.4447463768115942,1207,0.5466485507246377,0.422,3.0618164526866383,3.1676836363718914,6.5880452342487885,2.228451484179086,8307.301469284836,433.2067542316325,7853.0,8738.566822850704,8720.356371967931,5.636882334406925,7853.0,0.0,28.57518115942029,21.11023431231412,33.490338164251206,19.31214586831719,0.13496376811594202,0.09578804347826086,0.09986413043478261,0.07857789855072464,0.07767210144927536,0.06838768115942029,0.07019927536231885,0.07223731884057971,0.06159420289855073,0.052083333333333336,0.046875,0.04098731884057971,0.036684782608695655,0.027853260869565216,0.01585144927536232,0.01154891304347826,0.008831521739130434,0.9335538218526737,0.023285646184443468,0.0,0.0,0.0,0.0,0.0,0.0,0.0,0.0,0.0,0.0,0.0,0.0,0.0,0.0,0.0,0.0,0.0,0.0,0.0,0.0,0.0,0.0,0.0,0.0,0.0,0.06793478260869566,2.085597826086957,12.798913043478263,12.608695652173916,2.4388586956521743,4.301154249737671,2.932832451371791,nan,nan,nan,4.334739803094234,2.9130222986800143,4.267919276270007,2.9519288338960594,0.9845848817092715,0.4072,0.01004,0.0,0.0,0.0,0.0,0.0,0.0,0.0,0.0,0.0,0.0,0.0,6.9904891304347725,22.90760869565218,0.1019021739130435,0.0,0.0,0.0,0.0,0.0,0.0,0.0,0.0,0.0,0.0,0.0,0.0,0.0,0.0,0.0,0.0,nan,nan,4.301154249737671,2.932832451371791,nan,0.4072,0.04538,0.0,0.0,0.0,0.0,0.0,0.0,0.0,0.0,0.0,0.0,0.0,0.0,0.0,0.0,0.0,0.0,0.0,0.0,0.0,0.0,0.0,0.0,0.0002490942028985507,0.0009284420289855073,0.0,4.528985507246377e-05,0.0064764492753623185,0.00022644927536231884,0.0020380434782608695,0.0060801630434782605,0.0077898550724637685,0.0027853260869565217,0.007019927536231884,0.015024909420289854,0.021954257246376813,0.039254981884057974,0.05288722826086956,0.0679008152173913,0.07806838768115942,0.07242980072463769,0.1164741847826087,0.08903985507246377,0.10389492753623189,0.06765172101449275,0.058333333333333334,0.053249547101449274,0.03035552536231884,0.025215126811594202,0.015919384057971015,0.029257246376811593,0.011322463768115942,0.0076653079710144924,0.003136322463768116,0.004098731884057971,0.00015851449275362318,0.0007246376811594203,0.00234375,0.0,0.0,0.0,0.0,0.0,0.0,0.0,0.0,0.0,0.0,0.0,0.0,0.0,0.0,0.0,0.0,0.0,0.0,0.0,0.0,0.0,0.0,0.0,0.0,0.0,0.0,0.0,0.0,0.0,0.0,0.0,0.0,0.0,0.0,0.0,0.0,0.0,0.0,0.0,0.0,0.0,0.0,0.0,0.0,nan,nan,4.301154249737671,2.932832451371791,nan,0.9336037710276817,0.02304230864144117,0.0,0.0,0.0,0.0,0.0,0.0,0.0,0.0,0.0,0.0,0.0,0.0,0.0,0.0,0.0,0.0,0.0,0.0,0.0,0.0,0.0,0.0,0.0,0.0,0.0,0.03891050583657588,1.9325551232166023,13.320363164721144,12.282749675745787,2.4254215304798965,0.9334988848855821,0.023550257147040902,0.0,0.0,0.0,0.0,0.0,0.0,0.0,0.0,0.0,0.0,0.0,0.0,0.0,0.0,0.0,0.0,0.0,0.0,0.0,0.0,0.0,0.0,0.0,0.0,0.0,0.09985734664764624,2.2539229671897294,12.225392296718976,12.967189728958633,2.453637660485022,0.407,0.01005,0.0,0.0,0.0,0.0,0.0,0.0,0.0,0.0,0.0,0.0,0.0,7.172503242542142,22.723735408560316,0.10376134889753569,0.0,0.0,0.0,0.0,0.0,0.0,0.0,0.0,0.0,0.0,0.0,0.0,0.0,0.0,0.0,0.0,0.4075,0.01003,0.0,0.0,0.0,0.0,0.0,0.0,0.0,0.0,0.0,0.0,0.0,6.790299572039934,23.109843081312416,0.09985734664764624,0.0,0.0,0.0,0.0,0.0,0.0,0.0,0.0,0.0,0.0,0.0,0.0,0.0,0.0,0.0,0.0
23300,4556,2318,0.5087796312554873,1102,953,0.4510535557506585,1293,0.567603160667252,0.40599999999999997,2.9133154602323503,3.148199990644261,6.795952782462058,2.1315545818430035,8294.404610420841,433.73920568529684,7853.0,8738.925017946958,8720.575239463911,5.610998336353425,7853.0,0.0,27.41747146619842,20.745129479431295,32.60904044409199,18.942228702980184,0.14749780509218613,0.09811237928007023,0.09569798068481124,0.09108867427568042,0.07550482879719052,0.08121158911325724,0.0636523266022827,0.06518876207199298,0.05487269534679543,0.05026338893766462,0.048287971905179985,0.03775241439859526,0.02897278314310799,0.027216856892010536,0.020412642669007903,0.009657594381035996,0.0046093064091308165,0.9338476579371411,0.02322701555723317,0.0,0.0,0.0,0.0,0.0,0.0,0.0,0.0,0.0,0.0,0.0,0.0,0.0,0.0,0.0,0.0,0.0,0.0,0.0,0.0,0.0,0.0,0.0,0.0,0.0,0.032923617208077266,2.0741878841088677,12.583406496927132,12.965320456540828,2.3441615452151012,4.35008547008547,2.9930696291033185,nan,nan,nan,4.406015037593985,3.0312596800495615,4.294117647058823,2.953299229986072,0.9746034932744428,0.408,0.0101,0.0,0.0,0.0,0.0,0.0,0.0,0.0,0.0,0.0,0.0,0.0,6.453028972783134,23.3494293239684,0.19754170324846362,0.0,0.0,0.0,0.0,0.0,0.0,0.0,0.0,0.0,0.0,0.0,0.0,0.0,0.0,0.0,0.0,nan,nan,4.35008547008547,2.9930696291033185,nan,0.408,0.0455,0.0,0.0,0.0,0.0,0.0,0.0,0.0,0.0,0.0,0.0,0.0,0.0,0.0,0.0,0.0,0.0,0.0,0.0,0.0,0.0,0.0,0.0,0.00024143985952589992,0.0008340649692712906,0.0,0.0,0.00625548726953468,0.00029631255487269534,0.0022278314310798944,0.006321334503950834,0.00757243195785777,0.0028424056189640034,0.005750658472344162,0.013992537313432836,0.02079675153643547,0.038652326602282704,0.052666812993854256,0.06772388059701492,0.07636084284460053,0.07171861281826163,0.11717515364354697,0.09097892888498683,0.10475197541703249,0.0684811237928007,0.058187006145741876,0.0526009657594381,0.030981123792800703,0.025175592625109745,0.0170873573309921,0.029521510096575942,0.01068920105355575,0.007528533801580334,0.003687445127304653,0.005388498683055311,0.0002633889376646181,0.0007243195785776997,0.00252414398595259,0.0,0.0,0.0,0.0,0.0,0.0,0.0,0.0,0.0,0.0,0.0,0.0,0.0,0.0,0.0,0.0,0.0,0.0,0.0,0.0,0.0,0.0,0.0,0.0,0.0,0.0,0.0,0.0,0.0,0.0,0.0,0.0,0.0,0.0,0.0,0.0,0.0,0.0,0.0,0.0,0.0,0.0,0.0,0.0,nan,nan,4.35008547008547,2.9930696291033185,nan,0.9337573630013684,0.02303272876469347,0.0,0.0,0.0,0.0,0.0,0.0,0.0,0.0,0.0,0.0,0.0,0.0,0.0,0.0,0.0,0.0,0.0,0.0,0.0,0.0,0.0,0.0,0.0,0.0,0.0,0.02588438308886972,2.122519413287317,12.450388265746335,13.006902502157034,2.394305435720449,0.9339411805739245,0.023426181774985365,0.0,0.0,0.0,0.0,0.0,0.0,0.0,0.0,0.0,0.0,0.0,0.0,0.0,0.0,0.0,0.0,0.0,0.0,0.0,0.0,0.0,0.0,0.0,0.0,0.0,0.04021447721179625,2.024128686327078,12.721179624664883,12.922252010723863,2.2922252010723865,0.408,0.01017,0.0,0.0,0.0,0.0,0.0,0.0,0.0,0.0,0.0,0.0,0.0,6.522864538395159,23.283002588438315,0.19413287316652292,0.0,0.0,0.0,0.0,0.0,0.0,0.0,0.0,0.0,0.0,0.0,0.0,0.0,0.0,0.0,0.0,0.408,0.010025,0.0,0.0,0.0,0.0,0.0,0.0,0.0,0.0,0.0,0.0,0.0,6.380697050938329,23.418230563002687,0.20107238605898128,0.0,0.0,0.0,0.0,0.0,0.0,0.0,0.0,0.0,0.0,0.0,0.0,0.0,0.0,0.0,0.0
23400,4399,2218,0.5042055012502842,1029,928,0.4448738349624915,1269,0.5769493066606047,0.41,2.9734066941769832,3.1277593109634863,6.6072607260726075,2.279383874254912,8290.650751278705,434.0024136667644,7853.0,8742.015033209324,8721.000746111371,5.47185517428045,7853.0,0.0,28.040009092975676,21.003539242126074,33.064262472885034,19.220349801015782,0.14162309615821778,0.10138667879063423,0.0907024323709934,0.08570129574903387,0.07979086155944533,0.07478972493748579,0.06456012730165947,0.06569674926119573,0.058877017503978175,0.05205728574676063,0.047965446692430094,0.03750852466469652,0.03796317344851102,0.026824278245055694,0.016367356217322118,0.012502841554898841,0.005683109797681291,0.9349721336153373,0.023098780827930716,0.0,0.0,0.0,0.0,0.0,0.0,0.0,0.0,0.0,0.0,0.0,0.0,0.0,0.0,0.0,0.0,0.0,0.0,0.0,0.0,0.0,0.0,0.0,0.0,0.0,0.06137758581495796,1.7526710616049106,12.411911798135943,13.05978631507161,2.714253239372585,4.349384885764499,2.8997734244892945,nan,nan,nan,4.320361362056984,2.922357969673282,4.380071174377224,2.876959891200219,1.0138205597440608,0.4077,0.009895,0.0,0.0,0.0,0.0,0.0,0.0,0.0,0.0,0.0,0.0,0.0,6.683337122073189,23.159809047510805,0.15685383041600368,0.0,0.0,0.0,0.0,0.0,0.0,0.0,0.0,0.0,0.0,0.0,0.0,0.0,0.0,0.0,0.0,nan,nan,4.349384885764499,2.8997734244892945,nan,0.4077,0.0457,0.0,0.0,0.0,0.0,0.0,0.0,0.0,0.0,0.0,0.0,0.0,0.0,0.0,0.0,0.0,0.0,0.0,0.0,0.0,0.0,0.0,0.0,0.00030688792907478975,0.0012616503750852467,0.0,2.2732439190725165e-05,0.006922027733575813,0.00035235280745624006,0.0022164128210957037,0.005614912480109115,0.007115253466696976,0.0033303023414412367,0.005478517844964764,0.015992270970675154,0.020697885883155263,0.0394294157763128,0.05177313025687656,0.06665151170720618,0.07916571948170038,0.06944760172766538,0.11917481245737668,0.0888497385769493,0.10458058649693112,0.06740168220050011,0.0600250056831098,0.05152307342577859,0.03124573766765174,0.026130938849738578,0.015458058649693112,0.029563537167538078,0.0103887247101614,0.007683564446465106,0.003353034780631962,0.005171629915889975,0.00014776085473971356,0.0007501704932939304,0.00277335758126847,0.0,0.0,0.0,0.0,0.0,0.0,0.0,0.0,0.0,0.0,0.0,0.0,0.0,0.0,0.0,0.0,0.0,0.0,0.0,0.0,0.0,0.0,0.0,0.0,0.0,0.0,0.0,0.0,0.0,0.0,0.0,0.0,0.0,0.0,0.0,0.0,0.0,0.0,0.0,0.0,0.0,0.0,0.0,0.0,nan,nan,4.349384885764499,2.8997734244892945,nan,0.9358830439872415,0.022758651349943284,0.0,0.0,0.0,0.0,0.0,0.0,0.0,0.0,0.0,0.0,0.0,0.0,0.0,0.0,0.0,0.0,0.0,0.0,0.0,0.0,0.0,0.0,0.0,0.0,0.0,0.04057709648331831,1.541929666366096,12.362488728584314,13.065825067628497,2.9891794409377828,0.9340457699267157,0.023403285291995094,0.0,0.0,0.0,0.0,0.0,0.0,0.0,0.0,0.0,0.0,0.0,0.0,0.0,0.0,0.0,0.0,0.0,0.0,0.0,0.0,0.0,0.0,0.0,0.0,0.0,0.08253094910591473,1.9669876203576346,12.462173314993127,13.053645116918847,2.4346629986244848,0.4077,0.00978,0.0,0.0,0.0,0.0,0.0,0.0,0.0,0.0,0.0,0.0,0.0,6.573489630297556,23.26420198376917,0.16230838593327324,0.0,0.0,0.0,0.0,0.0,0.0,0.0,0.0,0.0,0.0,0.0,0.0,0.0,0.0,0.0,0.0,0.4075,0.01,0.0,0.0,0.0,0.0,0.0,0.0,0.0,0.0,0.0,0.0,0.0,6.795048143053635,23.05364511691885,0.15130674002751035,0.0,0.0,0.0,0.0,0.0,0.0,0.0,0.0,0.0,0.0,0.0,0.0,0.0,0.0,0.0,0.0
23500,4457,2300,0.5160421808391294,1081,907,0.44603993717747364,1222,0.5483509086829707,0.422,2.887343532684284,3.109322014986556,6.65669014084507,2.1616270025963087,8300.806928061927,433.68155279016474,7853.0,8741.07401689291,8720.771947118263,5.6449897643404,7853.0,0.0,27.979133946600854,21.045316125405932,33.21563342318059,19.179430055849902,0.1469598384563608,0.09872111285618129,0.08795153690823423,0.08548350908682971,0.0832398474310074,0.0675342158402513,0.06977787749607359,0.06371999102535338,0.062149427866277765,0.052277316580659636,0.04442450078528158,0.04173210679829482,0.03320619250617007,0.02288534888938748,0.019519856405654026,0.015481265425173883,0.004936055642809065,0.9347698630199642,0.023064185473297683,0.0,0.0,0.0,0.0,0.0,0.0,0.0,0.0,0.0,0.0,0.0,0.0,0.0,0.0,0.0,0.0,0.0,0.0,0.0,0.0,0.0,0.0,0.0,0.0,0.0,0.040385909804801445,2.0125645052726053,12.156158851245236,13.273502355844743,2.5173883778326234,4.2128330995792425,2.8930085906655356,nan,nan,nan,4.303496503496503,2.9163492022678277,4.121659634317862,2.8664548154550977,0.9577467138567669,0.408,0.010025,0.0,0.0,0.0,0.0,0.0,0.0,0.0,0.0,0.0,0.0,0.013461969934933815,5.923266771370869,23.89499663450752,0.1682746241866727,0.0,0.0,0.0,0.0,0.0,0.0,0.0,0.0,0.0,0.0,0.0,0.0,0.0,0.0,0.0,0.0,nan,nan,4.2128330995792425,2.8930085906655356,nan,0.408,0.04575,0.0,0.0,0.0,0.0,0.0,0.0,0.0,0.0,0.0,0.0,0.0,0.0,0.0,0.0,0.0,0.0,0.0,0.0,0.0,0.0,0.0,0.0,0.0004711689477226834,0.0016378730087502804,0.0,0.0,0.006517837110163787,0.0004038590980480144,0.002176351806147633,0.005833520305137985,0.006663675117792237,0.002950415077406327,0.004408795153690823,0.013865829032981827,0.02043975768454117,0.041193628000897466,0.053163562934709446,0.06468476553735697,0.07916760152568993,0.06774736369755441,0.11898137760825668,0.08994839578191609,0.10225487996410142,0.07010320843616782,0.05951312542068656,0.052939196769127214,0.031164460399371773,0.02801211577294144,0.015772941440430784,0.02954902400717972,0.010578864707202153,0.007460175005609154,0.003455238949966345,0.005081893650437514,0.0002131478573031187,0.0005384787973973525,0.003107471393313888,0.0,0.0,0.0,0.0,0.0,0.0,0.0,0.0,0.0,0.0,0.0,0.0,0.0,0.0,0.0,0.0,0.0,0.0,0.0,0.0,0.0,0.0,0.0,0.0,0.0,0.0,0.0,0.0,0.0,0.0,0.0,0.0,0.0,0.0,0.0,0.0,0.0,0.0,0.0,0.0,0.0,0.0,0.0,0.0,nan,nan,4.2128330995792425,2.8930085906655356,nan,0.9348455567204434,0.023197826214195347,0.0,0.0,0.0,0.0,0.0,0.0,0.0,0.0,0.0,0.0,0.0,0.0,0.0,0.0,0.0,0.0,0.0,0.0,0.0,0.0,0.0,0.0,0.0,0.0,0.0,0.06521739130434784,2.1391304347826092,11.752173913043482,13.500000000000004,2.5434782608695654,0.9346891511464815,0.022920551155464645,0.0,0.0,0.0,0.0,0.0,0.0,0.0,0.0,0.0,0.0,0.0,0.0,0.0,0.0,0.0,0.0,0.0,0.0,0.0,0.0,0.0,0.0,0.0,0.0,0.0,0.013908205841446458,1.8776077885952716,12.586926286509044,13.03198887343533,2.4895688456189156,0.4077,0.00987,0.0,0.0,0.0,0.0,0.0,0.0,0.0,0.0,0.0,0.0,0.013043478260869568,6.221739130434774,23.62173913043479,0.14347826086956525,0.0,0.0,0.0,0.0,0.0,0.0,0.0,0.0,0.0,0.0,0.0,0.0,0.0,0.0,0.0,0.0,0.4084,0.01017,0.0,0.0,0.0,0.0,0.0,0.0,0.0,0.0,0.0,0.0,0.013908205841446458,5.605006954102913,24.18636995827539,0.1947148817802504,0.0,0.0,0.0,0.0,0.0,0.0,0.0,0.0,0.0,0.0,0.0,0.0,0.0,0.0,0.0,0.0
23600,4562,2377,0.5210434020166593,1117,942,0.45133713283647525,1299,0.569487067075844,0.418,2.9762013729977115,3.1041982697089465,6.635157545605307,2.177730900276368,8305.184105219192,433.55673770714264,7853.0,8741.510938072204,8720.843453096319,5.694241992545831,7853.0,0.0,27.796580447172293,20.713422289014794,32.73603133159269,18.931800975240577,0.14248136782113108,0.09864094695309075,0.09031126698816308,0.08855765015344147,0.0791319596668128,0.0789127575624726,0.07036387549320473,0.06334940815431828,0.05326611135466901,0.055896536606751424,0.04318281455501973,0.04756685664182376,0.030688294607628234,0.027838667251205613,0.013590530469092503,0.009864094695309075,0.006356861025865849,0.9344983140871432,0.023129819250557446,0.0,0.0,0.0,0.0,0.0,0.0,0.0,0.0,0.0,0.0,0.0,0.0,0.0,0.0,0.0,0.0,0.0,0.0,0.0,0.0,0.0,0.0,0.0,0.0,0.0,0.04603244191144236,2.045155633494082,12.231477422183255,13.185006576063133,2.4923279263480933,4.308992562542258,2.927428564101315,nan,nan,nan,4.285225718194255,2.9315096603729245,4.332219251336898,2.923248027818159,1.0109664078937821,0.4082,0.010056,0.0,0.0,0.0,0.0,0.0,0.0,0.0,0.0,0.0,0.0,0.0,6.247259973695739,23.50284962735643,0.24989039894782994,0.0,0.0,0.0,0.0,0.0,0.0,0.0,0.0,0.0,0.0,0.0,0.0,0.0,0.0,0.0,0.0,nan,nan,4.308992562542258,2.927428564101315,nan,0.4082,0.0458,0.0,0.0,0.0,0.0,0.0,0.0,0.0,0.0,0.0,0.0,0.0,0.0,0.0,0.0,0.0,0.0,0.0,0.0,0.0,0.0,0.0,0.0,0.00043840420868040335,0.001567295046032442,1.0960105217010084e-05,1.0960105217010084e-05,0.005852696185883384,0.000394563787812363,0.0019618588338448048,0.004822446295484437,0.007376150811047786,0.0025317843051293294,0.004526523454625164,0.013656291100394563,0.021569487067075843,0.04249232792634809,0.05718982902235861,0.06553046909250329,0.07864971503726435,0.06379877246821569,0.11501534414730381,0.0909907935116177,0.09983559842174484,0.07158044717229285,0.059743533537921965,0.052181060938185,0.03330775975449364,0.028572994300745287,0.016582639193336256,0.028079789565979833,0.009644892590968873,0.00922840859272249,0.00398947829899167,0.004964927663305568,0.000263042525208242,0.00029592284085927224,0.0033428320911880753,0.0,0.0,0.0,0.0,0.0,0.0,0.0,0.0,0.0,0.0,0.0,0.0,0.0,0.0,0.0,0.0,0.0,0.0,0.0,0.0,0.0,0.0,0.0,0.0,0.0,0.0,0.0,0.0,0.0,0.0,0.0,0.0,0.0,0.0,0.0,0.0,0.0,0.0,0.0,0.0,0.0,0.0,0.0,0.0,nan,nan,4.308992562542258,2.927428564101315,nan,0.9345032388942303,0.023390232955371466,0.0,0.0,0.0,0.0,0.0,0.0,0.0,0.0,0.0,0.0,0.0,0.0,0.0,0.0,0.0,0.0,0.0,0.0,0.0,0.0,0.0,0.0,0.0,0.0,0.0,0.0378628523348759,2.1455616323096343,12.078249894825413,13.188893563315107,2.549432057214977,0.9344929565281289,0.022843150053185865,0.0,0.0,0.0,0.0,0.0,0.0,0.0,0.0,0.0,0.0,0.0,0.0,0.0,0.0,0.0,0.0,0.0,0.0,0.0,0.0,0.0,0.0,0.0,0.0,0.0,0.05491990846681923,1.935926773455378,12.398169336384443,13.180778032036617,2.430205949656751,0.4082,0.01015,0.0,0.0,0.0,0.0,0.0,0.0,0.0,0.0,0.0,0.0,0.0,6.360959192259141,23.386621792175017,0.25241901556583934,0.0,0.0,0.0,0.0,0.0,0.0,0.0,0.0,0.0,0.0,0.0,0.0,0.0,0.0,0.0,0.0,0.4082,0.00996,0.0,0.0,0.0,0.0,0.0,0.0,0.0,0.0,0.0,0.0,0.0,6.123569794050334,23.629290617848977,0.24713958810068656,0.0,0.0,0.0,0.0,0.0,0.0,0.0,0.0,0.0,0.0,0.0,0.0,0.0,0.0,0.0,0.0
23700,4449,2294,0.5156214879748258,1098,920,0.4535850752978197,1227,0.5515846257585975,0.426,2.8960556844547565,3.111889964692145,6.678260869565217,2.155469589054407,8300.405994015817,433.6586594471582,7853.0,8737.828780674934,8720.70238333756,5.692599182509957,7853.0,0.0,27.58417621937514,20.745808373551416,32.43846976993044,19.083413167421995,0.13733423241177792,0.10429309957293774,0.09327938862665767,0.09080692290402338,0.08249044729152619,0.08136659923578332,0.06630703528882895,0.05641717239829175,0.061586873454708924,0.05304562823106316,0.04158237806248595,0.038660373117554506,0.036187907394920206,0.021353113059114408,0.01663295122499438,0.011688019779725781,0.006967857945605754,0.9344689311486036,0.02347992575817256,0.0,0.0,0.0,0.0,0.0,0.0,0.0,0.0,0.0,0.0,0.0,0.0,0.0,0.0,0.0,0.0,0.0,0.0,0.0,0.0,0.0,0.0,0.0,0.0,0.0,0.08091706001348618,2.171274443695213,11.975724881995957,13.250168577208365,2.5219150370869863,4.195811518324607,2.9149161880443195,nan,nan,nan,4.1987315010570825,2.911419246222376,4.191695501730104,2.918963216661351,0.9983242559508253,0.4084,0.010025,0.0,0.0,0.0,0.0,0.0,0.0,0.0,0.0,0.0,0.0,0.006743088334457183,6.021577882670254,23.776129467296027,0.1955495616992583,0.0,0.0,0.0,0.0,0.0,0.0,0.0,0.0,0.0,0.0,0.0,0.0,0.0,0.0,0.0,0.0,nan,nan,4.195811518324607,2.9149161880443195,nan,0.4084,0.04584,0.0,0.0,0.0,0.0,0.0,0.0,0.0,0.0,0.0,0.0,0.0,0.0,0.0,0.0,0.0,0.0,0.0,0.0,0.0,0.0,0.0,0.0,0.00030343897505057316,0.0018206338503034389,6.743088334457182e-05,0.0,0.005225893459204316,0.0003596313778377163,0.001573387278040009,0.005799055967633176,0.007911890312429759,0.001697010564171724,0.004596538547988312,0.012800629354911216,0.02299393122049899,0.03906495841762194,0.05548437851202517,0.06681276691391323,0.07944481906046302,0.0646774556080018,0.11774556080017981,0.0936390200044954,0.10168577208361429,0.07085861991458754,0.05523713193976174,0.04966284558327714,0.031535176444144754,0.0272757923128793,0.017329737019554956,0.030377612946729603,0.01087884917959092,0.010058440098898629,0.004787592717464598,0.004663969431332884,0.0002922004944931445,0.00011238480557428635,0.0032254439199820182,0.0,0.0,0.0,0.0,0.0,0.0,0.0,0.0,0.0,0.0,0.0,0.0,0.0,0.0,0.0,0.0,0.0,0.0,0.0,0.0,0.0,0.0,0.0,0.0,0.0,0.0,0.0,0.0,0.0,0.0,0.0,0.0,0.0,0.0,0.0,0.0,0.0,0.0,0.0,0.0,0.0,0.0,0.0,0.0,nan,nan,4.195811518324607,2.9149161880443195,nan,0.9338325603224448,0.02347923573759513,0.0,0.0,0.0,0.0,0.0,0.0,0.0,0.0,0.0,0.0,0.0,0.0,0.0,0.0,0.0,0.0,0.0,0.0,0.0,0.0,0.0,0.0,0.0,0.0,0.0,0.05231037489102006,2.2231909328683526,12.397558849171755,12.842197035745427,2.4847428073234528,0.935146348631299,0.023461701201009415,0.0,0.0,0.0,0.0,0.0,0.0,0.0,0.0,0.0,0.0,0.0,0.0,0.0,0.0,0.0,0.0,0.0,0.0,0.0,0.0,0.0,0.0,0.0,0.0,0.0,0.11136890951276104,2.11600928074246,11.52668213457077,13.684454756380514,2.561484918793504,0.4084,0.01008,0.0,0.0,0.0,0.0,0.0,0.0,0.0,0.0,0.0,0.0,0.013077593722755016,6.068003487358317,23.7227550130776,0.19616390584132526,0.0,0.0,0.0,0.0,0.0,0.0,0.0,0.0,0.0,0.0,0.0,0.0,0.0,0.0,0.0,0.0,0.4084,0.009964,0.0,0.0,0.0,0.0,0.0,0.0,0.0,0.0,0.0,0.0,0.0,5.972157772621801,23.832946635730867,0.19489559164733183,0.0,0.0,0.0,0.0,0.0,0.0,0.0,0.0,0.0,0.0,0.0,0.0,0.0,0.0,0.0,0.0
23800,4414,2340,0.5301314000906208,1109,871,0.4485727231536022,1212,0.5491617580425917,0.414,3.012536162005786,3.0956835332424335,6.559543230016313,2.0897780707917675,8313.042415384043,433.12498305257515,7853.0,8741.209500217437,8720.789410899642,5.551510427786444,7853.0,0.0,28.371771635704576,20.8379887894396,33.2351677852349,19.037398678962973,0.13593112822836428,0.09583144540099683,0.08926144086995923,0.08676937018577255,0.08654281830539194,0.07181694608065246,0.06932487539646578,0.06094245582238333,0.06456728590847303,0.052333484367920256,0.04893520616221115,0.045310376076121435,0.03103760761214318,0.028318985047575896,0.01653828726778432,0.008608971454463071,0.00792931581332125,0.9349394400815484,0.023135072100865482,0.0,0.0,0.0,0.0,0.0,0.0,0.0,0.0,0.0,0.0,0.0,0.0,0.0,0.0,0.0,0.0,0.0,0.0,0.0,0.0,0.0,0.0,0.0,0.0,0.0,0.013593112822836434,2.1545083824195745,11.730856366107842,13.593112822836433,2.5079293158133216,4.180362116991644,2.882239125373721,nan,nan,nan,4.1931897150799164,2.8911565406605773,4.167480809490579,2.8731988934241817,0.9938688904303851,0.4082,0.01008,0.0,0.0,0.0,0.0,0.0,0.0,0.0,0.0,0.0,0.0,0.0,6.463525147258713,23.36656094245583,0.16991391028545538,0.0,0.0,0.0,0.0,0.0,0.0,0.0,0.0,0.0,0.0,0.0,0.0,0.0,0.0,0.0,0.0,nan,nan,4.180362116991644,2.882239125373721,nan,0.4082,0.04578,0.0,0.0,0.0,0.0,0.0,0.0,0.0,0.0,0.0,0.0,0.0,0.0,0.0,0.0,0.0,0.0,0.0,0.0,0.0,0.0,1.1327594019030359e-05,0.0,0.0002831898504757589,0.0019370185772541913,4.5310376076121435e-05,1.1327594019030359e-05,0.004542365201631173,0.00047575894879927505,0.0009628454916175805,0.0060149524241051204,0.008495695514272768,0.001676483914816493,0.005312641594925238,0.013842319891255098,0.023844585410058905,0.03707521522428636,0.057147711826008155,0.06858858178522882,0.0778318985047576,0.06135024920706842,0.12374263706388763,0.09125509741730857,0.10568645219755324,0.07026506570004531,0.056513366560942455,0.047168101495242414,0.02872677843226099,0.025475758948799276,0.016708201178069777,0.02966696873584051,0.010783869506116902,0.010885817852288175,0.005618486633439058,0.004293158133212505,0.0001925690983235161,0.00016991391028545538,0.0033982782057091075,0.0,0.0,0.0,0.0,0.0,0.0,0.0,0.0,0.0,0.0,0.0,0.0,0.0,0.0,0.0,0.0,0.0,0.0,0.0,0.0,0.0,0.0,0.0,0.0,0.0,0.0,0.0,0.0,0.0,0.0,0.0,0.0,0.0,0.0,0.0,0.0,0.0,0.0,0.0,0.0,0.0,0.0,0.0,0.0,nan,nan,4.180362116991644,2.882239125373721,nan,0.9345309313036437,0.022939827538836305,0.0,0.0,0.0,0.0,0.0,0.0,0.0,0.0,0.0,0.0,0.0,0.0,0.0,0.0,0.0,0.0,0.0,0.0,0.0,0.0,0.0,0.0,0.0,0.0,0.0,0.025641025641025647,2.294871794871795,11.679487179487182,13.641025641025644,2.3589743589743595,0.9354003419814022,0.023344817062356225,0.0,0.0,0.0,0.0,0.0,0.0,0.0,0.0,0.0,0.0,0.0,0.0,0.0,0.0,0.0,0.0,0.0,0.0,0.0,0.0,0.0,0.0,0.0,0.0,0.0,0.0,1.9961427193828356,11.788813886210223,13.539054966248798,2.6759884281581487,0.408,0.00997,0.0,0.0,0.0,0.0,0.0,0.0,0.0,0.0,0.0,0.0,0.0,6.525641025641017,23.307692307692314,0.1666666666666667,0.0,0.0,0.0,0.0,0.0,0.0,0.0,0.0,0.0,0.0,0.0,0.0,0.0,0.0,0.0,0.0,0.4082,0.0102,0.0,0.0,0.0,0.0,0.0,0.0,0.0,0.0,0.0,0.0,0.0,6.39344262295081,23.432979749276765,0.17357762777242047,0.0,0.0,0.0,0.0,0.0,0.0,0.0,0.0,0.0,0.0,0.0,0.0,0.0,0.0,0.0,0.0
23900,4256,2210,0.519266917293233,1074,859,0.45418233082706766,1182,0.5554511278195489,0.434,3.076735092864125,3.1846829617978245,6.726643598615917,2.1989340326391034,8303.487947447316,433.4697004949174,7853.0,8739.483757936954,8720.546020061438,5.610639926471468,7853.0,0.0,27.96828007518797,20.75093256923617,32.97394228075091,18.912656865125676,0.14309210526315788,0.09468984962406016,0.09351503759398497,0.07894736842105263,0.0824718045112782,0.0775375939849624,0.07260338345864661,0.06766917293233082,0.05850563909774436,0.05474624060150376,0.043703007518796994,0.043468045112781954,0.02725563909774436,0.027725563909774435,0.01762218045112782,0.010338345864661654,0.006109022556390977,0.9341998820830333,0.02321148296021925,0.0,0.0,0.0,0.0,0.0,0.0,0.0,0.0,0.0,0.0,0.0,0.0,0.0,0.0,0.0,0.0,0.0,0.0,0.0,0.0,0.0,0.0,0.0,0.0,0.0,0.06343984962406016,2.1076127819548875,12.321428571428575,13.061560150375943,2.4459586466165417,4.373730043541364,2.9361281223621907,nan,nan,nan,4.385341074020319,2.935492220885445,4.36211901306241,2.936717979465464,0.9947046169121299,0.4072,0.009674,0.0,0.0,0.0,0.0,0.0,0.0,0.0,0.0,0.0,0.0,0.0,6.759868421052622,23.12734962406016,0.11278195488721807,0.0,0.0,0.0,0.0,0.0,0.0,0.0,0.0,0.0,0.0,0.0,0.0,0.0,0.0,0.0,0.0,nan,nan,4.373730043541364,2.9361281223621907,nan,0.4072,0.04596,0.0,0.0,0.0,0.0,0.0,0.0,0.0,0.0,0.0,0.0,0.0,0.0,0.0,0.0,0.0,0.0,0.0,0.0,0.0,0.0,3.524436090225564e-05,0.0,7.048872180451128e-05,0.003031015037593985,0.00010573308270676692,0.0,0.00425281954887218,0.00043468045112781957,0.0008576127819548872,0.006332236842105263,0.007671522556390978,0.002525845864661654,0.005086936090225564,0.015037593984962405,0.02763157894736842,0.03804041353383459,0.05727208646616541,0.06739896616541353,0.07874765037593985,0.06272321428571428,0.11913768796992481,0.09273966165413534,0.10897556390977443,0.067234492481203,0.0562734962406015,0.046875,0.028853383458646617,0.024518327067669172,0.016153665413533833,0.027420112781954886,0.01069078947368421,0.010820018796992481,0.005204417293233083,0.0040178571428571425,7.048872180451128e-05,0.0002467105263157895,0.0034774436090225565,0.0,0.0,0.0,3.524436090225564e-05,0.0,0.0,0.0,0.0,0.0,0.0,0.0,0.0,0.0,0.0,0.0,0.0,0.0,0.0,0.0,0.0,0.0,0.0,0.0,0.0,0.0,0.0,0.0,0.0,0.0,0.0,0.0,0.0,0.0,0.0,0.0,0.0,0.0,0.0,0.0,0.0,0.0,0.0,0.0,0.0,nan,nan,4.373730043541364,2.9361281223621907,nan,0.9339916128648352,0.02321532719598433,0.0,0.0,0.0,0.0,0.0,0.0,0.0,0.0,0.0,0.0,0.0,0.0,0.0,0.0,0.0,0.0,0.0,0.0,0.0,0.0,0.0,0.0,0.0,0.0,0.0,0.05429864253393667,2.11764705882353,12.570135746606338,12.855203619909506,2.402714932126697,0.9344248454125629,0.023205229975367454,0.0,0.0,0.0,0.0,0.0,0.0,0.0,0.0,0.0,0.0,0.0,0.0,0.0,0.0,0.0,0.0,0.0,0.0,0.0,0.0,0.0,0.0,0.0,0.0,0.0,0.07331378299120236,2.0967741935483875,12.05278592375367,13.28445747800587,2.49266862170088,0.4075,0.0095,0.0,0.0,0.0,0.0,0.0,0.0,0.0,0.0,0.0,0.0,0.0,6.461538461538453,23.42986425339367,0.10859728506787333,0.0,0.0,0.0,0.0,0.0,0.0,0.0,0.0,0.0,0.0,0.0,0.0,0.0,0.0,0.0,0.0,0.407,0.00984,0.0,0.0,0.0,0.0,0.0,0.0,0.0,0.0,0.0,0.0,0.0,7.082111436950137,22.800586510263933,0.11730205278592379,0.0,0.0,0.0,0.0,0.0,0.0,0.0,0.0,0.0,0.0,0.0,0.0,0.0,0.0,0.0,0.0
24000,4552,2346,0.5153778558875219,1105,935,0.44815465729349735,1279,0.56195079086116,0.418,2.9655485040797824,3.0985170089445977,6.608626198083067,2.0234698863681913,8300.072172240403,433.54607547410336,7853.0,8737.958520942926,8720.464845711133,5.629647788705765,7853.0,0.0,27.853690685413007,20.794682965367837,32.84849279161206,19.006975534269042,0.14257469244288226,0.09666080843585237,0.09007029876977153,0.08919156414762741,0.08765377855887523,0.07117750439367311,0.07073813708260106,0.056678383128295255,0.05755711775043937,0.05689806678383128,0.0507469244288225,0.03998242530755712,0.032293497363796136,0.02240773286467487,0.019551845342706504,0.007908611599297012,0.007908611599297012,0.9343533271985859,0.023276875074753144,0.0,0.0,0.0,0.0,0.0,0.0,0.0,0.0,0.0,0.0,0.0,0.0,0.0,0.0,0.0,0.0,0.0,0.0,0.0,0.0,0.0,0.0,0.0,0.0,0.0,0.04613356766256592,2.0430579964850617,12.357205623901585,13.009666080843589,2.543936731107206,4.253233492171545,2.8860592060074084,nan,nan,nan,4.259183673469388,2.8851308958159847,4.247275204359673,2.886976193193559,0.9972040489392621,0.4065,0.00991,0.0,0.0,0.0,0.0,0.0,0.0,0.0,0.0,0.0,0.0,0.0,7.915202108963082,22.025483304042186,0.0593145869947276,0.0,0.0,0.0,0.0,0.0,0.0,0.0,0.0,0.0,0.0,0.0,0.0,0.0,0.0,0.0,0.0,nan,nan,4.253233492171545,2.8860592060074084,nan,0.4065,0.04578,0.0,0.0,0.0,0.0,0.0,0.0,0.0,0.0,0.0,0.0,0.0,0.0,0.0,0.0,0.0,0.0,0.0,0.0,0.0,0.0,7.688927943760984e-05,0.0,0.00014279437609841827,0.003525922671353251,6.590509666080844e-05,0.0,0.005272407732864675,0.0001977152899824253,0.000999560632688928,0.006777240773286467,0.007469244288224956,0.0029986818980667837,0.004986818980667838,0.013730228471001757,0.027361599297012304,0.036753075571177504,0.05977592267135325,0.0694639718804921,0.07907513181019332,0.06132469244288225,0.11936511423550088,0.09266256590509667,0.1124121265377856,0.0679261862917399,0.05503075571177504,0.048626977152899827,0.027537346221441123,0.022869068541300528,0.01591608084358524,0.02603251318101933,0.010588752196836556,0.009468365553602812,0.005085676625659051,0.0028229349736379615,0.00015377855887521968,0.0002746045694200352,0.003086555360281195,6.590509666080844e-05,0.0,0.0,7.688927943760984e-05,0.0,0.0,0.0,0.0,0.0,0.0,0.0,0.0,0.0,0.0,0.0,0.0,0.0,0.0,0.0,0.0,0.0,0.0,0.0,0.0,0.0,0.0,0.0,0.0,0.0,0.0,0.0,0.0,0.0,0.0,0.0,0.0,0.0,0.0,0.0,0.0,0.0,0.0,0.0,0.0,nan,nan,4.253233492171545,2.8860592060074084,nan,0.9346986077376542,0.023311433836237586,0.0,0.0,0.0,0.0,0.0,0.0,0.0,0.0,0.0,0.0,0.0,0.0,0.0,0.0,0.0,0.0,0.0,0.0,0.0,0.0,0.0,0.0,0.0,0.0,0.0,0.03836317135549873,2.0204603580562663,12.173913043478263,13.0690537084399,2.6982097186700775,0.9339861340233119,0.02323443748935296,0.0,0.0,0.0,0.0,0.0,0.0,0.0,0.0,0.0,0.0,0.0,0.0,0.0,0.0,0.0,0.0,0.0,0.0,0.0,0.0,0.0,0.0,0.0,0.0,0.0,0.054397098821396206,2.067089755213056,12.552130553037175,12.946509519492297,2.379873073436084,0.4065,0.009964,0.0,0.0,0.0,0.0,0.0,0.0,0.0,0.0,0.0,0.0,0.0,7.864450127877227,22.084398976982104,0.051150895140664975,0.0,0.0,0.0,0.0,0.0,0.0,0.0,0.0,0.0,0.0,0.0,0.0,0.0,0.0,0.0,0.0,0.4062,0.00986,0.0,0.0,0.0,0.0,0.0,0.0,0.0,0.0,0.0,0.0,0.0,7.96917497733453,21.962828649138714,0.06799637352674526,0.0,0.0,0.0,0.0,0.0,0.0,0.0,0.0,0.0,0.0,0.0,0.0,0.0,0.0,0.0,0.0
24100,4454,2257,0.5067355186349349,1010,916,0.4324202963628199,1251,0.5617422541535698,0.414,2.9321802457897133,3.117403455495358,6.598347107438016,2.2251003680983623,8292.416751484228,433.5551660855229,7853.0,8742.182624840736,8720.152065179776,5.6226439916841695,7853.0,0.0,27.17512348450831,20.604119173495388,32.05361930294906,18.97114555255558,0.14054782218230805,0.10911540188594522,0.0983385720700494,0.08666367310282892,0.08015267175572519,0.07835653345307589,0.06870229007633588,0.05994611585092052,0.05163897620116749,0.05208801077682981,0.047373147732375394,0.03839245621912887,0.03367759317467445,0.023574315222272116,0.018185900314324203,0.00898069151324652,0.004265828468792097,0.9335858634115604,0.023114423231495533,0.0,0.0,0.0,0.0,0.0,0.0,0.0,0.0,0.0,0.0,0.0,0.0,0.0,0.0,0.0,0.0,0.0,0.0,0.0,0.0,0.0,0.0,0.0,0.0,0.0,0.033677593174674454,2.1957790749887747,12.642568477772791,12.810956443646164,2.3170184104176026,4.308849874596919,2.8991017405776764,nan,nan,nan,4.36599423631124,2.850258460391454,4.252316464718461,2.9455355361613784,0.9739629130411258,0.406,0.01012,0.0,0.0,0.0,0.0,0.0,0.0,0.0,0.0,0.0,0.0,0.006735518634934891,8.345307588684317,21.56713066906152,0.08082622361921869,0.0,0.0,0.0,0.0,0.0,0.0,0.0,0.0,0.0,0.0,0.0,0.0,0.0,0.0,0.0,0.0,nan,nan,4.308849874596919,2.8991017405776764,nan,0.406,0.0465,0.0,0.0,0.0,0.0,0.0,0.0,0.0,0.0,0.0,0.0,0.0,0.0,0.0,0.0,0.0,0.0,0.0,0.0,0.0,0.0,0.0,0.0,2.24517287831163e-05,0.004041311180960934,0.00014593623709025595,4.49034575662326e-05,0.006365065110013471,3.367759317467445e-05,0.0016165244723843736,0.00825101032779524,0.00703861697350696,0.0028625954198473282,0.004355635383924562,0.013358778625954198,0.02887292321508756,0.03775258194881006,0.060484957341715315,0.06862370902559498,0.07830040413111809,0.06215761113605748,0.11787157611136058,0.09206331387516839,0.11158509205208801,0.0642680736416704,0.05617422541535698,0.0479344409519533,0.026784912438257747,0.02342837898518186,0.016299955096542435,0.028738212842388863,0.011360574764256847,0.00940727436012573,0.00388414907947912,0.00194207453973956,0.00016838796587337226,0.00016838796587337226,0.0034687920969914683,3.367759317467445e-05,0.0,1.122586439155815e-05,7.858105074090705e-05,0.0,0.0,0.0,0.0,0.0,0.0,0.0,0.0,0.0,0.0,0.0,0.0,0.0,0.0,0.0,0.0,0.0,0.0,0.0,0.0,0.0,0.0,0.0,0.0,0.0,0.0,0.0,0.0,0.0,0.0,0.0,0.0,0.0,0.0,0.0,0.0,0.0,0.0,0.0,0.0,nan,nan,4.308849874596919,2.8991017405776764,nan,0.933725550420843,0.02334841790476186,0.0,0.0,0.0,0.0,0.0,0.0,0.0,0.0,0.0,0.0,0.0,0.0,0.0,0.0,0.0,0.0,0.0,0.0,0.0,0.0,0.0,0.0,0.0,0.0,0.0,0.013291980505095263,2.286220646876385,12.428001772264071,12.840053167922024,2.432432432432433,0.9334423615545048,0.022870656971903533,0.0,0.0,0.0,0.0,0.0,0.0,0.0,0.0,0.0,0.0,0.0,0.0,0.0,0.0,0.0,0.0,0.0,0.0,0.0,0.0,0.0,0.0,0.0,0.0,0.0,0.05461993627674103,2.1028675466545295,12.862994993172512,12.7810650887574,2.198452435138826,0.406,0.0101,0.0,0.0,0.0,0.0,0.0,0.0,0.0,0.0,0.0,0.0,0.0,8.147984049623382,21.772264067346036,0.07975188303057157,0.0,0.0,0.0,0.0,0.0,0.0,0.0,0.0,0.0,0.0,0.0,0.0,0.0,0.0,0.0,0.0,0.4058,0.01013,0.0,0.0,0.0,0.0,0.0,0.0,0.0,0.0,0.0,0.0,0.013654984069185257,8.548020027309956,21.35639508420574,0.08192990441511153,0.0,0.0,0.0,0.0,0.0,0.0,0.0,0.0,0.0,0.0,0.0,0.0,0.0,0.0,0.0,0.0
24200,4528,2327,0.5139134275618374,1109,899,0.44346289752650175,1266,0.5591872791519434,0.40199999999999997,2.882326215356656,3.0248495661226844,6.27536231884058,2.320500613529008,8298.584289869284,433.37264463624786,7853.0,8738.608991408348,8720.041540407443,5.771645369742781,7853.0,0.0,28.182420494699645,21.094108713329337,33.251318565400844,19.303575600437533,0.13957597173144876,0.10424028268551237,0.08789752650176678,0.08105123674911661,0.08259717314487633,0.07619257950530035,0.07332155477031801,0.06051236749116608,0.05322438162544169,0.05234098939929328,0.04637809187279152,0.04151943462897526,0.0357773851590106,0.027606007067137808,0.02142226148409894,0.010379858657243815,0.005962897526501767,0.9336392120869548,0.02338149158748657,0.0,0.0,0.0,0.0,0.0,0.0,0.0,0.0,0.0,0.0,0.0,0.0,0.0,0.0,0.0,0.0,0.0,0.0,0.0,0.0,0.0,0.0,0.0,0.0,0.0,0.04637809187279153,2.21952296819788,12.62146643109541,12.767226148409897,2.3454063604240285,4.217524718718036,2.857164461273633,nan,nan,nan,4.209207853757617,2.8764157590567168,4.225961538461538,2.837477144924917,1.0039802464705956,0.4058,0.01024,0.0,0.0,0.0,0.0,0.0,0.0,0.0,0.0,0.0,0.0,0.0,8.579946996466418,21.32729681978799,0.09275618374558306,0.0,0.0,0.0,0.0,0.0,0.0,0.0,0.0,0.0,0.0,0.0,0.0,0.0,0.0,0.0,0.0,nan,nan,4.217524718718036,2.857164461273633,nan,0.4058,0.0469,0.0,0.0,0.0,0.0,0.0,0.0,0.0,0.0,0.0,0.0,0.0,0.0,0.0,0.0,0.0,0.0,0.0,0.0,0.0,0.0,0.0,0.0,0.0,0.003743374558303887,6.625441696113074e-05,1.1042402826855123e-05,0.007641342756183746,0.0,0.0016894876325088339,0.008613074204946997,0.007188604240282686,0.003412102473498233,0.00446113074204947,0.012864399293286219,0.029405918727915193,0.038593197879858654,0.05933083038869258,0.06904814487632509,0.07818021201413428,0.061307420494699644,0.11446554770318021,0.09522968197879858,0.11269876325088339,0.06089885159010601,0.05760821554770318,0.04733878091872792,0.02393992932862191,0.024238074204946995,0.017745141342756184,0.027683303886925796,0.012400618374558303,0.010832597173144876,0.0036771201413427564,0.00178886925795053,0.00019876325088339223,0.0002760600706713781,0.0033348056537102475,0.0,0.0,1.1042402826855123e-05,7.729681978798587e-05,0.0,0.0,0.0,0.0,0.0,0.0,0.0,0.0,0.0,0.0,0.0,0.0,0.0,0.0,0.0,0.0,0.0,0.0,0.0,0.0,0.0,0.0,0.0,0.0,0.0,0.0,0.0,0.0,0.0,0.0,0.0,0.0,0.0,0.0,0.0,0.0,0.0,0.0,0.0,0.0,nan,nan,4.217524718718036,2.857164461273633,nan,0.9334258981462092,0.02368822454084473,0.0,0.0,0.0,0.0,0.0,0.0,0.0,0.0,0.0,0.0,0.0,0.0,0.0,0.0,0.0,0.0,0.0,0.0,0.0,0.0,0.0,0.0,0.0,0.0,0.0,0.05156854318865493,2.3721529866781266,12.77610657498926,12.350666093682857,2.4495058014611093,0.9338647375481609,0.023050614481427065,0.0,0.0,0.0,0.0,0.0,0.0,0.0,0.0,0.0,0.0,0.0,0.0,0.0,0.0,0.0,0.0,0.0,0.0,0.0,0.0,0.0,0.0,0.0,0.0,0.0,0.040890504316219906,2.058155383916402,12.457973648341666,13.207632894139032,2.2353475692866884,0.4058,0.0102,0.0,0.0,0.0,0.0,0.0,0.0,0.0,0.0,0.0,0.0,0.0,8.54748603351954,21.362269015900306,0.09024495058014613,0.0,0.0,0.0,0.0,0.0,0.0,0.0,0.0,0.0,0.0,0.0,0.0,0.0,0.0,0.0,0.0,0.4058,0.01027,0.0,0.0,0.0,0.0,0.0,0.0,0.0,0.0,0.0,0.0,0.0,8.61426624261698,21.290322580645164,0.09541117673784646,0.0,0.0,0.0,0.0,0.0,0.0,0.0,0.0,0.0,0.0,0.0,0.0,0.0,0.0,0.0,0.0
24300,4450,2257,0.507191011235955,1049,947,0.4485393258426966,1280,0.5752808988764045,0.422,2.9908800729594165,3.0702236752520267,6.551505546751189,2.0974953253408226,8292.859866011515,433.5983158000101,7853.0,8740.506682121753,8720.246966659832,5.800804369544121,7853.0,0.0,27.891235955056178,20.898187428536904,32.92270531400966,19.114605757965737,0.1406741573033708,0.10179775280898877,0.09101123595505618,0.08584269662921348,0.07910112359550561,0.07595505617977528,0.06898876404494382,0.06539325842696629,0.060674157303370786,0.051685393258426963,0.04629213483146068,0.039550561797752806,0.033033707865168536,0.022696629213483147,0.018426966292134833,0.011235955056179775,0.007640449438202248,0.9339288657970642,0.023587754671673594,0.0,0.0,0.0,0.0,0.0,0.0,0.0,0.0,0.0,0.0,0.0,0.0,0.0,0.0,0.0,0.0,0.0,0.0,0.0,0.0,0.0,0.0,0.0,0.0,0.0,0.053932584269662937,2.1910112359550564,12.364044943820227,12.83595505617978,2.5550561797752813,4.3210177762286515,2.8433814245440425,nan,nan,nan,4.293584379358438,2.8740896292313187,4.348432055749129,2.81209235182797,1.0127743329453063,0.4062,0.01032,0.0,0.0,0.0,0.0,0.0,0.0,0.0,0.0,0.0,0.0,0.0,8.224719101123585,21.6808988764045,0.09438202247191013,0.0,0.0,0.0,0.0,0.0,0.0,0.0,0.0,0.0,0.0,0.0,0.0,0.0,0.0,0.0,0.0,nan,nan,4.3210177762286515,2.8433814245440425,nan,0.4062,0.047,0.0,0.0,0.0,0.0,0.0,0.0,0.0,0.0,0.0,0.0,0.0,0.0,0.0,0.0,0.0,0.0,0.0,0.0,0.0,0.0,0.0,0.0,3.370786516853932e-05,0.004382022471910113,0.00017977528089887642,0.0,0.00652808988764045,1.1235955056179776e-05,0.0015842696629213484,0.008146067415730337,0.0076067415730337075,0.0030337078651685393,0.00451685393258427,0.01248314606741573,0.030460674157303372,0.037865168539325846,0.05676404494382022,0.07035955056179775,0.07687640449438202,0.06303370786516854,0.11368539325842697,0.09514606741573034,0.11361797752808989,0.06013483146067416,0.0551123595505618,0.04940449438202247,0.025146067415730337,0.024707865168539327,0.01658426966292135,0.02895505617977528,0.012674157303370787,0.011741573033707865,0.0035280898876404493,0.0017977528089887641,0.0001460674157303371,0.00023595505617977528,0.0035168539325842697,0.0,0.0,0.0,0.0,0.0,0.0,0.0,0.0,0.0,0.0,0.0,0.0,0.0,0.0,0.0,0.0,0.0,0.0,0.0,0.0,0.0,0.0,0.0,0.0,0.0,0.0,0.0,0.0,0.0,0.0,0.0,0.0,0.0,0.0,0.0,0.0,0.0,0.0,0.0,0.0,0.0,0.0,0.0,0.0,nan,nan,4.3210177762286515,2.8433814245440425,nan,0.933915665628216,0.023769378792776717,0.0,0.0,0.0,0.0,0.0,0.0,0.0,0.0,0.0,0.0,0.0,0.0,0.0,0.0,0.0,0.0,0.0,0.0,0.0,0.0,0.0,0.0,0.0,0.0,0.0,0.026583961010190525,2.2463447053610994,12.441293752769166,12.667257421355785,2.6185201595037664,0.9339424511965584,0.02339935027876088,0.0,0.0,0.0,0.0,0.0,0.0,0.0,0.0,0.0,0.0,0.0,0.0,0.0,0.0,0.0,0.0,0.0,0.0,0.0,0.0,0.0,0.0,0.0,0.0,0.0,0.08207934336525309,2.1340629274965806,12.284541723666214,13.009575923392616,2.4897400820793436,0.4062,0.010254,0.0,0.0,0.0,0.0,0.0,0.0,0.0,0.0,0.0,0.0,0.0,8.29419583517943,21.62605228178999,0.07975188303057157,0.0,0.0,0.0,0.0,0.0,0.0,0.0,0.0,0.0,0.0,0.0,0.0,0.0,0.0,0.0,0.0,0.4062,0.0104,0.0,0.0,0.0,0.0,0.0,0.0,0.0,0.0,0.0,0.0,0.0,8.153214774281794,21.737346101231193,0.10943912448700413,0.0,0.0,0.0,0.0,0.0,0.0,0.0,0.0,0.0,0.0,0.0,0.0,0.0,0.0,0.0,0.0
24400,4515,2364,0.5235880398671097,1108,900,0.44473975636766333,1246,0.5519379844961241,0.426,3.0571827057182706,3.105757653627659,6.6272,2.099195121945552,8306.99993901466,433.08459737342423,7853.0,8740.567386889457,8720.093792153635,5.811653165394219,7853.0,0.0,27.622591362126247,20.640813120218915,32.66834570519618,18.831887994270204,0.14307862679955705,0.09745293466223699,0.09767441860465116,0.08217054263565891,0.08128460686600221,0.07685492801771872,0.06998892580287928,0.06777408637873754,0.056699889258028796,0.05227021040974529,0.046511627906976744,0.03765227021040975,0.031007751937984496,0.02768549280177187,0.01816168327796235,0.007973421926910298,0.005758582502768549,0.9333256450206339,0.023720494698374794,0.0,0.0,0.0,0.0,0.0,0.0,0.0,0.0,0.0,0.0,0.0,0.0,0.0,0.0,0.0,0.0,0.0,0.0,0.0,0.0,0.0,0.0,0.0,0.0,0.0,0.09302325581395351,2.25249169435216,12.617940199335552,12.697674418604654,2.338870431893688,4.3286060186786575,2.9025343642788934,nan,nan,nan,4.4001396648044695,2.904884151872671,4.257201646090535,2.8991448271664835,0.9675151177910881,0.4062,0.01023,0.0,0.0,0.0,0.0,0.0,0.0,0.0,0.0,0.0,0.0,0.0,8.073089700996666,21.820598006644524,0.10631229235880402,0.0,0.0,0.0,0.0,0.0,0.0,0.0,0.0,0.0,0.0,0.0,0.0,0.0,0.0,0.0,0.0,nan,nan,4.3286060186786575,2.9025343642788934,nan,0.4062,0.04752,0.0,0.0,0.0,0.0,0.0,0.0,0.0,0.0,0.0,0.0,0.0,0.0,0.0,0.0,0.0,0.0,0.0,0.0,0.0,0.0,0.0,0.0,9.966777408637874e-05,0.004197120708748616,2.21483942414175e-05,1.107419712070875e-05,0.008981173864894795,9.966777408637874e-05,0.0016611295681063123,0.008217054263565891,0.007818383167220376,0.004174972314507198,0.005005537098560354,0.010697674418604652,0.027763012181616833,0.037818383167220374,0.05753045404208195,0.06933554817275747,0.0756810631229236,0.06053156146179402,0.11233665559246954,0.09262458471760797,0.12054263565891472,0.05998892580287929,0.05470653377630122,0.051184939091915835,0.024916943521594685,0.02504983388704319,0.015592469545957917,0.02902547065337763,0.01246954595791805,0.012037652270210409,0.0033665559246954598,0.0026245847176079736,0.0003875968992248062,0.0003875968992248062,0.0031118493909191585,0.0,0.0,0.0,0.0,0.0,0.0,0.0,0.0,0.0,0.0,0.0,0.0,0.0,0.0,0.0,0.0,0.0,0.0,0.0,0.0,0.0,0.0,0.0,0.0,0.0,0.0,0.0,0.0,0.0,0.0,0.0,0.0,0.0,0.0,0.0,0.0,0.0,0.0,0.0,0.0,0.0,0.0,0.0,0.0,nan,nan,4.3286060186786575,2.9025343642788934,nan,0.9331544973523483,0.02395163807815082,0.0,0.0,0.0,0.0,0.0,0.0,0.0,0.0,0.0,0.0,0.0,0.0,0.0,0.0,0.0,0.0,0.0,0.0,0.0,0.0,0.0,0.0,0.0,0.0,0.0,0.11421319796954317,2.360406091370559,12.56345177664975,12.652284263959395,2.309644670050762,0.9335137403659741,0.02346239644522414,0.0,0.0,0.0,0.0,0.0,0.0,0.0,0.0,0.0,0.0,0.0,0.0,0.0,0.0,0.0,0.0,0.0,0.0,0.0,0.0,0.0,0.0,0.0,0.0,0.0,0.06973500697350071,2.1338912133891217,12.67782426778243,12.74755927475593,2.3709902370990243,0.4062,0.01006,0.0,0.0,0.0,0.0,0.0,0.0,0.0,0.0,0.0,0.0,0.0,7.918781725888314,21.95431472081219,0.1269035532994924,0.0,0.0,0.0,0.0,0.0,0.0,0.0,0.0,0.0,0.0,0.0,0.0,0.0,0.0,0.0,0.0,0.4062,0.01041,0.0,0.0,0.0,0.0,0.0,0.0,0.0,0.0,0.0,0.0,0.0,8.242677824267771,21.67364016736402,0.08368200836820085,0.0,0.0,0.0,0.0,0.0,0.0,0.0,0.0,0.0,0.0,0.0,0.0,0.0,0.0,0.0,0.0
24500,4434,2289,0.5162381596752368,1067,878,0.43865584122688317,1195,0.5390166892196662,0.45,3.051748251748252,3.2610762266063387,6.799325463743676,2.398397346495936,8300.858419346681,433.5612926751682,7853.0,8739.849121952057,8720.542259232492,5.645496081764941,7853.0,0.0,27.90550293188994,21.023857218262506,32.930820995962314,19.26760767498349,0.14614343707713126,0.10036084799278304,0.09201623815967523,0.08682904826341903,0.07284618854307623,0.07622913847541724,0.06743346865133062,0.06405051871898963,0.05999097880018042,0.047135769057284616,0.04916553901668922,0.04442940911141182,0.032927379341452415,0.02390617952187641,0.019170049616599006,0.010148849797023005,0.007216959855660803,0.9351604853764708,0.023208785857800094,0.0,0.0,0.0,0.0,0.0,0.0,0.0,0.0,0.0,0.0,0.0,0.0,0.0,0.0,0.0,0.0,0.0,0.0,0.0,0.0,0.0,0.0,0.0,0.0,0.0,0.060893098782138035,1.8335588633288231,12.090663058186742,13.36941813261164,2.6454668470906633,4.379554297842236,3.0565787393453365,nan,nan,nan,4.485693848354792,3.0710720375659117,4.275717284814555,3.03874760004103,0.9531897247920186,0.4062,0.01059,0.0,0.0,0.0,0.0,0.0,0.0,0.0,0.0,0.0,0.0,0.0,8.14614343707712,21.732070365358595,0.12178619756427607,0.0,0.0,0.0,0.0,0.0,0.0,0.0,0.0,0.0,0.0,0.0,0.0,0.0,0.0,0.0,0.0,nan,nan,4.379554297842236,3.0565787393453365,nan,0.4062,0.0483,0.0,0.0,0.0,0.0,0.0,0.0,0.0,0.0,0.0,0.0,0.0,0.0,0.0,0.0,0.0,0.0,0.0,0.0,0.0,0.0,0.0,0.0,0.0002931889941362201,0.004848894903022102,3.3829499323410016e-05,4.510599909788002e-05,0.008829499323410013,5.638249887235002e-05,0.002153811456923771,0.007927379341452413,0.007870996842580063,0.0041384754172304914,0.005085701398285972,0.010622462787550744,0.03068335588633288,0.037776274244474516,0.05702525935949481,0.06736580965268381,0.07273342354533154,0.06100586377988272,0.11465944970681101,0.09351601262967975,0.11640730717185385,0.05685611186287776,0.05479251240414975,0.05302210193955796,0.02547361299052774,0.02496617050067659,0.014806044203879116,0.02986017140279657,0.013013080739738385,0.013430311231393776,0.0035182679296346412,0.0030333784393324313,0.0002480829950383401,0.0005187189896256202,0.0033829499323410014,0.0,0.0,0.0,0.0,0.0,0.0,0.0,0.0,0.0,0.0,0.0,0.0,0.0,0.0,0.0,0.0,0.0,0.0,0.0,0.0,0.0,0.0,0.0,0.0,0.0,0.0,0.0,0.0,0.0,0.0,0.0,0.0,0.0,0.0,0.0,0.0,0.0,0.0,0.0,0.0,0.0,0.0,0.0,0.0,nan,nan,4.379554297842236,3.0565787393453365,nan,0.9351155752175341,0.023498401572611023,0.0,0.0,0.0,0.0,0.0,0.0,0.0,0.0,0.0,0.0,0.0,0.0,0.0,0.0,0.0,0.0,0.0,0.0,0.0,0.0,0.0,0.0,0.0,0.0,0.0,0.03931847968545217,1.8610747051114027,12.385321100917434,12.909567496723463,2.804718217562255,0.9352084104831402,0.022895589990001408,0.0,0.0,0.0,0.0,0.0,0.0,0.0,0.0,0.0,0.0,0.0,0.0,0.0,0.0,0.0,0.0,0.0,0.0,0.0,0.0,0.0,0.0,0.0,0.0,0.0,0.08391608391608393,1.8041958041958046,11.77622377622378,13.860139860139864,2.475524475524476,0.4062,0.01062,0.0,0.0,0.0,0.0,0.0,0.0,0.0,0.0,0.0,0.0,0.0,8.230668414154641,21.677588466579298,0.09174311926605506,0.0,0.0,0.0,0.0,0.0,0.0,0.0,0.0,0.0,0.0,0.0,0.0,0.0,0.0,0.0,0.0,0.4062,0.01055,0.0,0.0,0.0,0.0,0.0,0.0,0.0,0.0,0.0,0.0,0.0,8.055944055944044,21.790209790209794,0.15384615384615388,0.0,0.0,0.0,0.0,0.0,0.0,0.0,0.0,0.0,0.0,0.0,0.0,0.0,0.0,0.0,0.0
24600,4731,2460,0.5199746353836399,1162,971,0.450856055802156,1348,0.569858380891989,0.41,3.0717745486569794,3.1507899346118715,6.62125748502994,2.2095255620043326,8304.26306173286,433.6004407592139,7853.0,8738.840113127231,8720.855912625268,5.6120810149578,7853.0,0.0,28.447474106954132,21.00973442144988,33.34527687296417,19.217231371241006,0.13527795392094694,0.09363770872965546,0.09300359332065103,0.0870851828366096,0.08243500317057705,0.07292327203551047,0.07080955400549567,0.06658211794546608,0.05833861762840837,0.05051786091735363,0.045867681251321075,0.04438807863031072,0.032339885859226376,0.02599873176918199,0.02155992390615092,0.013739167195096174,0.00549566687803847,0.9371170098069505,0.02318740097527454,0.0,0.0,0.0,0.0,0.0,0.0,0.0,0.0,0.0,0.0,0.0,0.0,0.0,0.0,0.0,0.0,0.0,0.0,0.0,0.0,0.0,0.0,0.0,0.0,0.0,0.012682308180088779,1.5726062143310087,11.528218135700701,13.785668991756502,3.1008243500317065,4.278852353320438,2.9482858844543114,nan,nan,nan,4.20808871493803,2.9375562283757883,4.346938775510204,2.9577450760718156,1.0329959917620746,0.406,0.010605,0.0,0.0,0.0,0.0,0.0,0.0,0.0,0.0,0.0,0.0,0.019023462270133167,8.604946100190222,21.24920735573875,0.12682308180088778,0.0,0.0,0.0,0.0,0.0,0.0,0.0,0.0,0.0,0.0,0.0,0.0,0.0,0.0,0.0,0.0,nan,nan,4.278852353320438,2.9482858844543114,nan,0.406,0.0488,0.0,0.0,0.0,0.0,0.0,0.0,0.0,0.0,0.0,0.0,0.0,0.0,0.0,0.0,0.0,0.0,0.0,0.0,0.0,0.0,0.0,0.0,0.0002642147537518495,0.004988374550834919,0.00013739167195096175,9.511731135066582e-05,0.009701965757767914,5.28429507503699e-05,0.0024202071443669413,0.008106108645106743,0.008412597759458889,0.004428239272880998,0.005559078418938913,0.010071866413020504,0.03169520186007187,0.03974846755442824,0.057186641302050305,0.06593743394631156,0.07204607905305432,0.06148805749313042,0.11276685690128936,0.09444092158106109,0.1140562248995984,0.05574931304164025,0.052589304586768124,0.05253646163601775,0.028059606848446418,0.024783343901923483,0.016053688437962375,0.03119847812301839,0.01107588247727753,0.014003381948848023,0.0034453603889241175,0.0030543225533713803,0.0001479602621010357,0.0004333121961530332,0.00326569435637286,0.0,0.0,0.0,0.0,0.0,0.0,0.0,0.0,0.0,0.0,0.0,0.0,0.0,0.0,0.0,0.0,0.0,0.0,0.0,0.0,0.0,0.0,0.0,0.0,0.0,0.0,0.0,0.0,0.0,0.0,0.0,0.0,0.0,0.0,0.0,0.0,0.0,0.0,0.0,0.0,0.0,0.0,0.0,0.0,nan,nan,4.278852353320438,2.9482858844543114,nan,0.9370280224375609,0.022934355956821154,0.0,0.0,0.0,0.0,0.0,0.0,0.0,0.0,0.0,0.0,0.0,0.0,0.0,0.0,0.0,0.0,0.0,0.0,0.0,0.0,0.0,0.0,0.0,0.0,0.0,0.02439024390243903,1.4512195121951224,11.707317073170735,13.743902439024394,3.073170731707318,0.9372134029944003,0.02345804476142236,0.0,0.0,0.0,0.0,0.0,0.0,0.0,0.0,0.0,0.0,0.0,0.0,0.0,0.0,0.0,0.0,0.0,0.0,0.0,0.0,0.0,0.0,0.0,0.0,0.0,0.0,1.7040951122853372,11.33421400264201,13.830911492734481,3.130779392338178,0.4058,0.01069,0.0,0.0,0.0,0.0,0.0,0.0,0.0,0.0,0.0,0.0,0.03658536585365854,8.548780487804866,21.280487804878053,0.13414634146341467,0.0,0.0,0.0,0.0,0.0,0.0,0.0,0.0,0.0,0.0,0.0,0.0,0.0,0.0,0.0,0.0,0.406,0.010506,0.0,0.0,0.0,0.0,0.0,0.0,0.0,0.0,0.0,0.0,0.0,8.665785997357979,21.21532364597094,0.11889035667107004,0.0,0.0,0.0,0.0,0.0,0.0,0.0,0.0,0.0,0.0,0.0,0.0,0.0,0.0,0.0,0.0
24700,4633,2460,0.5309734513274337,1105,916,0.43621843298079,1282,0.5534211094323332,0.442,3.0671882190520017,3.188089786083793,6.7918032786885245,2.220825063191769,8313.827863895993,433.13198593257226,7853.0,8746.255890989303,8720.89247700412,5.591549597111083,7853.0,0.0,28.081588603496655,21.101018986486185,33.146982980918,19.335627288658614,0.1409453917548025,0.09605007554500324,0.10058277573926182,0.08547377509173322,0.07791927476796892,0.06691128858191236,0.075545003237643,0.06302611698683358,0.05719835959421541,0.05115475933520397,0.04511115907619253,0.03993093028275416,0.033887330023742716,0.02698035829915821,0.02007338657457371,0.012950571983595942,0.006259443125404706,0.937483564453405,0.022898433613756358,0.0,0.0,0.0,0.0,0.0,0.0,0.0,0.0,0.0,0.0,0.0,0.0,0.0,0.0,0.0,0.0,0.0,0.0,0.0,0.0,0.0,0.0,0.0,0.0,0.0,0.03885171595078783,1.4828404921217357,11.189294193826898,14.258579753939136,3.0304338441614513,4.367305751765893,2.967188099868951,nan,nan,nan,4.303654485049834,2.949433179435494,4.432561307901907,2.983871674510662,1.0299528745395043,0.4053,0.01086,0.0,0.0,0.0,0.0,0.0,0.0,0.0,0.0,0.0,0.0,0.012950571983595945,9.091301532484339,20.77919274767969,0.1165551478523635,0.0,0.0,0.0,0.0,0.0,0.0,0.0,0.0,0.0,0.0,0.0,0.0,0.0,0.0,0.0,0.0,nan,nan,4.367305751765893,2.967188099868951,nan,0.4053,0.04926,0.0,0.0,0.0,0.0,0.0,0.0,0.0,0.0,0.0,0.0,0.0,0.0,0.0,0.0,0.0,0.0,0.0,0.0,0.0,0.0,0.0,0.0,0.0004964385927045111,0.005568745952946255,6.475285991797971e-05,3.2376429958989856e-05,0.01054392402331103,0.00020505072307360243,0.002385063673645586,0.007986186056550831,0.008838765378804231,0.004349233757824304,0.005309734513274336,0.010576300453270019,0.031221670623785884,0.03995251456939348,0.0590222318152385,0.06845456507662422,0.07309518670407943,0.06195769479818692,0.11042521044679474,0.09154975178070365,0.11179581264839197,0.0561731059788474,0.05015109000647529,0.05290308655298943,0.02812432549104252,0.02674293114612562,0.016231383552773582,0.0320094970861213,0.011364126915605439,0.013328296999784156,0.002838333693071444,0.0023742715303259228,0.00011871357651629614,0.00041010144614720486,0.003356356572415282,0.0,1.0792143319663286e-05,3.2376429958989856e-05,0.0,0.0,0.0,0.0,0.0,0.0,0.0,0.0,0.0,0.0,0.0,0.0,0.0,0.0,0.0,0.0,0.0,0.0,0.0,0.0,0.0,0.0,0.0,0.0,0.0,0.0,0.0,0.0,0.0,0.0,0.0,0.0,0.0,0.0,0.0,0.0,0.0,0.0,0.0,0.0,0.0,nan,nan,4.367305751765893,2.967188099868951,nan,0.937631088834468,0.022843531881603187,0.0,0.0,0.0,0.0,0.0,0.0,0.0,0.0,0.0,0.0,0.0,0.0,0.0,0.0,0.0,0.0,0.0,0.0,0.0,0.0,0.0,0.0,0.0,0.0,0.0,0.04878048780487806,1.4390243902439028,11.085365853658539,14.365853658536588,3.0609756097560985,0.9373165557201261,0.0229592841393552,0.0,0.0,0.0,0.0,0.0,0.0,0.0,0.0,0.0,0.0,0.0,0.0,0.0,0.0,0.0,0.0,0.0,0.0,0.0,0.0,0.0,0.0,0.0,0.0,0.0,0.027611596870685696,1.532443626323056,11.30694891854579,14.137137597791076,2.995858260469398,0.4055,0.01073,0.0,0.0,0.0,0.0,0.0,0.0,0.0,0.0,0.0,0.0,0.0,9.243902439024376,20.670731707317078,0.0853658536585366,0.0,0.0,0.0,0.0,0.0,0.0,0.0,0.0,0.0,0.0,0.0,0.0,0.0,0.0,0.0,0.0,0.4053,0.010994,0.0,0.0,0.0,0.0,0.0,0.0,0.0,0.0,0.0,0.0,0.027611596870685696,8.918545789231464,20.90197883110907,0.1518637827887713,0.0,0.0,0.0,0.0,0.0,0.0,0.0,0.0,0.0,0.0,0.0,0.0,0.0,0.0,0.0,0.0
24800,5143,2640,0.5133190744701536,1222,1088,0.4491541901613844,1490,0.5794283492125218,0.38599999999999995,3.0111865761086696,3.123870105018445,6.703281027104137,2.135322942978365,8298.460468413898,433.76802908002344,7853.0,8741.74291794896,8720.804238277524,5.796882723167471,7853.0,0.0,27.714174606260936,20.732389464532112,32.58672525439408,19.014384727262076,0.13785728174217382,0.10266381489403072,0.09566400933307408,0.08360878864475987,0.08185883725452071,0.0785533735174023,0.06824810421932724,0.06435932335212911,0.05852615205133191,0.054637371184133775,0.04277658953917947,0.037137857281742175,0.03383239354462376,0.02702702702702703,0.017110635815671786,0.009721952167995334,0.00641648843087692,0.9377625885349106,0.02333603042027631,0.0,0.0,0.0,0.0,0.0,0.0,0.0,0.0,0.0,0.0,0.0,0.0,0.0,0.0,0.0,0.0,0.0,0.0,0.0,0.0,0.0,0.0,0.0,0.0,0.0,0.03499902780478321,1.5574567373128527,10.890530818588376,14.337935057359521,3.1790783589344747,4.399332929047908,2.9625251126684136,nan,nan,nan,4.481149012567325,2.96953977637621,4.315304240934235,2.9529447268037243,0.9629905697918143,0.4053,0.01084,0.0,0.0,0.0,0.0,0.0,0.0,0.0,0.0,0.0,0.0,0.03499902780478321,9.093914057942822,20.78358934474043,0.08749756951195803,0.0,0.0,0.0,0.0,0.0,0.0,0.0,0.0,0.0,0.0,0.0,0.0,0.0,0.0,0.0,0.0,nan,nan,4.399332929047908,2.9625251126684136,nan,0.4053,0.04904,0.0,0.0,0.0,0.0,0.0,0.0,0.0,0.0,0.0,0.0,0.0,0.0,0.0,0.0,0.0,0.0,0.0,0.0,0.0,0.0,0.0,0.0,0.00043748784755979,0.005881781061637177,7.777561734396267e-05,1.9443904335990668e-05,0.010139996111219133,2.9165856503986e-05,0.003033249076414544,0.008380322768811977,0.007962278825588177,0.003704063776006222,0.004977639510013611,0.011131635232354657,0.03058526152051332,0.03993777950612483,0.06302741590511375,0.06579817227299242,0.07129107524790979,0.06392183550456931,0.10946918141162745,0.0910363601011083,0.11398016721757728,0.05593039082247715,0.05282908808088664,0.05114719035582345,0.029029749173634066,0.026677036748979196,0.01591483569900836,0.03175189578067276,0.01033443515457904,0.012473264631538012,0.002547151468014777,0.0024596538985028195,6.805366517596733e-05,0.0005347073692397433,0.0034804588761423293,0.0,0.0,0.0,0.0,0.0,0.0,0.0,0.0,0.0,0.0,0.0,0.0,0.0,0.0,0.0,0.0,0.0,0.0,0.0,0.0,0.0,0.0,0.0,0.0,0.0,0.0,0.0,0.0,0.0,0.0,0.0,0.0,0.0,0.0,0.0,0.0,0.0,0.0,0.0,0.0,0.0,0.0,0.0,0.0,nan,nan,4.399332929047908,2.9625251126684136,nan,0.9374809199436145,0.023304952222744924,0.0,0.0,0.0,0.0,0.0,0.0,0.0,0.0,0.0,0.0,0.0,0.0,0.0,0.0,0.0,0.0,0.0,0.0,0.0,0.0,0.0,0.0,0.0,0.0,0.0,0.06818181818181819,1.5340909090909094,10.886363636363638,14.386363636363638,3.125000000000001,0.9380596740646835,0.023365085754933658,0.0,0.0,0.0,0.0,0.0,0.0,0.0,0.0,0.0,0.0,0.0,0.0,0.0,0.0,0.0,0.0,0.0,0.0,0.0,0.0,0.0,0.0,0.0,0.0,0.0,0.0,1.582101478226129,10.894926088693571,14.286855773072316,3.236116660007991,0.4053,0.01078,0.0,0.0,0.0,0.0,0.0,0.0,0.0,0.0,0.0,0.0,0.05681818181818183,8.977272727272714,20.92045454545455,0.04545454545454546,0.0,0.0,0.0,0.0,0.0,0.0,0.0,0.0,0.0,0.0,0.0,0.0,0.0,0.0,0.0,0.0,0.4053,0.0109,0.0,0.0,0.0,0.0,0.0,0.0,0.0,0.0,0.0,0.0,0.011985617259288857,9.216939672393115,20.639232920495413,0.1318417898521774,0.0,0.0,0.0,0.0,0.0,0.0,0.0,0.0,0.0,0.0,0.0,0.0,0.0,0.0,0.0,0.0
24900,4380,2274,0.5191780821917809,1106,851,0.44680365296803654,1192,0.5442922374429223,0.40599999999999997,2.9083570750237415,3.0529758275102057,6.355048859934853,2.1854565741172074,8303.604535125796,433.65962676857475,7853.0,8740.220334643125,8720.919025440187,5.700318273269153,7853.0,0.0,27.993835616438357,20.92063079953861,32.99210239651416,19.15393702717358,0.13744292237442923,0.10365296803652968,0.0910958904109589,0.08150684931506849,0.08264840182648402,0.07853881278538813,0.07465753424657534,0.05730593607305936,0.05662100456621005,0.05547945205479452,0.04771689497716895,0.0365296803652968,0.031735159817351595,0.027853881278538814,0.01872146118721461,0.013013698630136987,0.005479452054794521,0.9382345587559486,0.02317570411719397,0.0,0.0,0.0,0.0,0.0,0.0,0.0,0.0,0.0,0.0,0.0,0.0,0.0,0.0,0.0,0.0,0.0,0.0,0.0,0.0,0.0,0.0,0.0,0.0,0.0,0.027397260273972608,1.5479452054794525,10.945205479452056,14.171232876712333,3.308219178082193,4.128005657708628,2.842871301871785,nan,nan,nan,4.160170092133239,2.775028052824013,4.095977417078334,2.908502013059283,0.9845696994033271,0.4048,0.010666,0.0,0.0,0.0,0.0,0.0,0.0,0.0,0.0,0.0,0.0,0.013698630136986304,9.547945205479438,20.369863013698634,0.06849315068493152,0.0,0.0,0.0,0.0,0.0,0.0,0.0,0.0,0.0,0.0,0.0,0.0,0.0,0.0,0.0,0.0,nan,nan,4.128005657708628,2.842871301871785,nan,0.4048,0.04886,0.0,0.0,0.0,0.0,0.0,0.0,0.0,0.0,0.0,0.0,0.0,0.0,0.0,0.0,0.0,0.0,0.0,0.0,0.0,0.0,0.0,0.0,0.00036529680365296805,0.005924657534246576,3.424657534246575e-05,0.0,0.007979452054794521,0.00017123287671232877,0.0032990867579908677,0.008584474885844748,0.007831050228310502,0.003949771689497717,0.005776255707762557,0.012111872146118722,0.030799086757990868,0.04219178082191781,0.06592465753424658,0.06707762557077626,0.06964611872146119,0.06479452054794521,0.11126712328767123,0.08921232876712329,0.11384703196347032,0.05523972602739726,0.052111872146118725,0.04794520547945205,0.02804794520547945,0.02805936073059361,0.015353881278538813,0.030605022831050228,0.009623287671232876,0.011963470319634703,0.002545662100456621,0.0029566210045662102,0.000136986301369863,0.0005821917808219178,0.004018264840182648,0.0,2.2831050228310503e-05,0.0,0.0,0.0,0.0,0.0,0.0,0.0,0.0,0.0,0.0,0.0,0.0,0.0,0.0,0.0,0.0,0.0,0.0,0.0,0.0,0.0,0.0,0.0,0.0,0.0,0.0,0.0,0.0,0.0,0.0,0.0,0.0,0.0,0.0,0.0,0.0,0.0,0.0,0.0,0.0,0.0,0.0,nan,nan,4.128005657708628,2.842871301871785,nan,0.9380558869664671,0.022913092520927603,0.0,0.0,0.0,0.0,0.0,0.0,0.0,0.0,0.0,0.0,0.0,0.0,0.0,0.0,0.0,0.0,0.0,0.0,0.0,0.0,0.0,0.0,0.0,0.0,0.0,0.01319261213720317,1.5039577836411613,11.160949868073882,14.036939313984172,3.2849604221635893,0.9384274835656737,0.02345443542604313,0.0,0.0,0.0,0.0,0.0,0.0,0.0,0.0,0.0,0.0,0.0,0.0,0.0,0.0,0.0,0.0,0.0,0.0,0.0,0.0,0.0,0.0,0.0,0.0,0.0,0.04273504273504274,1.595441595441596,10.712250712250714,14.31623931623932,3.3333333333333344,0.405,0.01065,0.0,0.0,0.0,0.0,0.0,0.0,0.0,0.0,0.0,0.0,0.0,9.26121372031661,20.672823218997365,0.06596306068601585,0.0,0.0,0.0,0.0,0.0,0.0,0.0,0.0,0.0,0.0,0.0,0.0,0.0,0.0,0.0,0.0,0.4045,0.01067,0.0,0.0,0.0,0.0,0.0,0.0,0.0,0.0,0.0,0.0,0.028490028490028498,9.857549857549843,20.042735042735046,0.07122507122507124,0.0,0.0,0.0,0.0,0.0,0.0,0.0,0.0,0.0,0.0,0.0,0.0,0.0,0.0,0.0,0.0
25000,4493,2275,0.5063432005341643,1057,927,0.4415757845537503,1262,0.5617627420431783,0.414,2.8904418394950406,3.0663225939591237,6.526845637583893,2.103277432018424,8292.417792779246,433.89599967785267,7853.0,8740.327947640419,8720.825996904241,5.541886988762345,7853.0,0.0,27.27954596038282,20.58285406969889,32.42749932993836,18.796039793496956,0.14978855998219454,0.10416202982417093,0.0919207656354329,0.08012463832628533,0.07700868016915201,0.08502114400178054,0.06810594257734254,0.060093478744714,0.054974404629423546,0.054306699310037836,0.05096817271310928,0.03961718228355219,0.0318272868907189,0.02314711773870465,0.015579790785666592,0.007567326953038059,0.005786779434676163,0.937411067853546,0.02329715952804737,0.0,0.0,0.0,0.0,0.0,0.0,0.0,0.0,0.0,0.0,0.0,0.0,0.0,0.0,0.0,0.0,0.0,0.0,0.0,0.0,0.0,0.0,0.0,0.0,0.0,0.04006231916314267,1.5290451813932788,11.531270865791234,13.681281994213224,3.218339639439128,4.3658192090395485,2.854586166505382,nan,nan,nan,4.3796561604584525,2.8313105892056436,4.352367688022284,2.8769691028174016,0.9937692660253694,0.405,0.01047,0.0,0.0,0.0,0.0,0.0,0.0,0.0,0.0,0.0,0.0,0.006677053193857112,9.474738482083227,20.411751613621192,0.1068328511017138,0.0,0.0,0.0,0.0,0.0,0.0,0.0,0.0,0.0,0.0,0.0,0.0,0.0,0.0,0.0,0.0,nan,nan,4.3658192090395485,2.854586166505382,nan,0.405,0.04895,0.0,0.0,0.0,0.0,0.0,0.0,0.0,0.0,0.0,0.0,0.0,0.0,0.0,0.0,0.0,0.0,0.0,0.0,0.0,0.0,0.0,2.2256843979523704e-05,0.0006899621633652348,0.005564210994880926,6.677053193857111e-05,0.0,0.007778766970843534,7.789895392833296e-05,0.003917204540396172,0.00859114177609615,0.0074782995771199645,0.0036612508346316494,0.006409971066102827,0.012118851546850657,0.02914533719118629,0.04311150678833742,0.06495659915423993,0.06679278878255064,0.06691520142443802,0.06470064544847541,0.11310928110393946,0.08838192744268862,0.11411083908301803,0.05381704874248831,0.05144669485866904,0.05032272423770309,0.028967282439350102,0.02999109726240819,0.014878700200311595,0.03169374582684176,0.009893167148898286,0.010794569330068997,0.0026596928555530828,0.0027709770754507012,0.00035610950367237926,0.0005898063654573781,0.004217671934119742,0.0,0.0,0.0,0.0,0.0,0.0,0.0,0.0,0.0,0.0,0.0,0.0,0.0,0.0,0.0,0.0,0.0,0.0,0.0,0.0,0.0,0.0,0.0,0.0,0.0,0.0,0.0,0.0,0.0,0.0,0.0,0.0,0.0,0.0,0.0,0.0,0.0,0.0,0.0,0.0,0.0,0.0,0.0,0.0,nan,nan,4.3658192090395485,2.854586166505382,nan,0.9374501765953316,0.023066609703109663,0.0,0.0,0.0,0.0,0.0,0.0,0.0,0.0,0.0,0.0,0.0,0.0,0.0,0.0,0.0,0.0,0.0,0.0,0.0,0.0,0.0,0.0,0.0,0.0,0.0,0.039560439560439566,1.4901098901098906,11.604395604395608,13.714285714285717,3.1516483516483524,0.9373709540629408,0.023531220153064594,0.0,0.0,0.0,0.0,0.0,0.0,0.0,0.0,0.0,0.0,0.0,0.0,0.0,0.0,0.0,0.0,0.0,0.0,0.0,0.0,0.0,0.0,0.0,0.0,0.0,0.04057709648331831,1.5689810640216415,11.456266907123538,13.647430117222726,3.2867448151487837,0.4053,0.010445,0.0,0.0,0.0,0.0,0.0,0.0,0.0,0.0,0.0,0.0,0.01318681318681319,9.230769230769218,20.650549450549455,0.10549450549450552,0.0,0.0,0.0,0.0,0.0,0.0,0.0,0.0,0.0,0.0,0.0,0.0,0.0,0.0,0.0,0.0,0.405,0.01048,0.0,0.0,0.0,0.0,0.0,0.0,0.0,0.0,0.0,0.0,0.0,9.724977457168606,20.1668169522092,0.10820559062218217,0.0,0.0,0.0,0.0,0.0,0.0,0.0,0.0,0.0,0.0,0.0,0.0,0.0,0.0,0.0,0.0
25100,4350,2284,0.5250574712643679,1088,864,0.44873563218390805,1183,0.5439080459770115,0.434,2.9428848015488867,3.1019511399174275,6.626353790613718,2.174538929783201,8308.715042135718,433.44207735220795,7853.0,8743.010469937324,8720.93363979438,5.825537842634357,7853.0,0.0,27.657011494252874,20.698349432497096,32.611629182665936,18.942981590608788,0.14022988505747128,0.09862068965517241,0.09724137931034482,0.09011494252873563,0.07954022988505748,0.07195402298850574,0.06988505747126436,0.06528735632183907,0.05517241379310345,0.05448275862068966,0.0503448275862069,0.039310344827586205,0.03287356321839081,0.022528735632183907,0.014942528735632184,0.011494252873563218,0.005977011494252874,0.9376802350734842,0.02336592562097367,0.0,0.0,0.0,0.0,0.0,0.0,0.0,0.0,0.0,0.0,0.0,0.0,0.0,0.0,0.0,0.0,0.0,0.0,0.0,0.0,0.0,0.0,0.0,0.0,0.0,0.03448275862068966,1.5586206896551729,11.262068965517242,13.875862068965521,3.26896551724138,4.315428983417448,2.913373165417852,nan,nan,nan,4.279305354558611,2.8556932918961864,4.351293103448276,2.9690958113673047,1.0168222977621775,0.4055,0.01074,0.0,0.0,0.0,0.0,0.0,0.0,0.0,0.0,0.0,0.0,0.0,8.924137931034469,20.951724137931038,0.12413793103448278,0.0,0.0,0.0,0.0,0.0,0.0,0.0,0.0,0.0,0.0,0.0,0.0,0.0,0.0,0.0,0.0,nan,nan,4.315428983417448,2.913373165417852,nan,0.4055,0.0489,0.0,0.0,0.0,0.0,0.0,0.0,0.0,0.0,0.0,0.0,0.0,0.0,0.0,0.0,0.0,0.0,0.0,0.0,0.0,0.0,0.0,0.00019540229885057472,0.000839080459770115,0.005344827586206896,8.045977011494253e-05,0.0,0.008896551724137931,4.597701149425287e-05,0.003770114942528736,0.007885057471264369,0.005804597701149425,0.003172413793103448,0.006781609195402299,0.01167816091954023,0.027252873563218392,0.04109195402298851,0.06402298850574713,0.07152873563218391,0.06539080459770115,0.06444827586206897,0.11535632183908046,0.09136781609195402,0.1104712643678161,0.054344827586206894,0.05391954022988506,0.0498735632183908,0.029229885057471264,0.02940229885057471,0.015137931034482759,0.031091954022988505,0.009586206896551723,0.010367816091954023,0.0028045977011494252,0.003114942528735632,0.0007471264367816092,0.0007011494252873563,0.004252873563218391,0.0,0.0,0.0,0.0,0.0,0.0,0.0,0.0,0.0,0.0,0.0,0.0,0.0,0.0,0.0,0.0,0.0,0.0,0.0,0.0,0.0,0.0,0.0,0.0,0.0,0.0,0.0,0.0,0.0,0.0,0.0,0.0,0.0,0.0,0.0,0.0,0.0,0.0,0.0,0.0,0.0,0.0,0.0,0.0,nan,nan,4.315428983417448,2.913373165417852,nan,0.9378147524783156,0.023536091476831795,0.0,0.0,0.0,0.0,0.0,0.0,0.0,0.0,0.0,0.0,0.0,0.0,0.0,0.0,0.0,0.0,0.0,0.0,0.0,0.0,0.0,0.0,0.0,0.0,0.0,0.052539404553415076,1.5499124343257447,11.138353765323997,13.80472854640981,3.454465849387041,0.9375315236733706,0.0231754414758262,0.0,0.0,0.0,0.0,0.0,0.0,0.0,0.0,0.0,0.0,0.0,0.0,0.0,0.0,0.0,0.0,0.0,0.0,0.0,0.0,0.0,0.0,0.0,0.0,0.0,0.014520813165537274,1.5682478218780256,11.398838334946758,13.95450145208132,3.063891577928365,0.4055,0.010826,0.0,0.0,0.0,0.0,0.0,0.0,0.0,0.0,0.0,0.0,0.0,9.023642732049025,20.871278458844138,0.10507880910683015,0.0,0.0,0.0,0.0,0.0,0.0,0.0,0.0,0.0,0.0,0.0,0.0,0.0,0.0,0.0,0.0,0.4055,0.01064,0.0,0.0,0.0,0.0,0.0,0.0,0.0,0.0,0.0,0.0,0.0,8.814133591481111,21.040658276863507,0.14520813165537272,0.0,0.0,0.0,0.0,0.0,0.0,0.0,0.0,0.0,0.0,0.0,0.0,0.0,0.0,0.0,0.0
25200,4378,2321,0.5301507537688442,1111,863,0.45089081772498857,1206,0.5509365006852444,0.426,3.097228974234322,3.182547983924528,6.782752902155887,2.115464903556616,8313.035254269218,433.102831086831,7853.0,8737.64612507224,8720.744223692647,5.755700160105413,7853.0,0.0,28.631566925536774,21.0297311642208,33.52704164413196,19.201049777471702,0.13499314755596162,0.094792142530836,0.08816811329374144,0.09045226130653267,0.07788944723618091,0.0749200548195523,0.06920968478757424,0.06167199634536318,0.05961626313385107,0.0568752855185016,0.047967108268615805,0.043398812243033345,0.03563270899954317,0.029922338967565097,0.015303791685701234,0.01187756966651439,0.007309273640931932,0.9368179693185015,0.023242606913055817,0.0,0.0,0.0,0.0,0.0,0.0,0.0,0.0,0.0,0.0,0.0,0.0,0.0,0.0,0.0,0.0,0.0,0.0,0.0,0.0,0.0,0.0,0.0,0.0,0.0,0.027409776153494752,1.7062585655550484,11.409319323892191,13.814527181361356,3.0424851530379176,4.220069204152249,2.972191529252492,nan,nan,nan,4.227553118574366,2.9652375217521203,4.212438853948288,2.9792455379042018,0.9964248197001544,0.4055,0.010605,0.0,0.0,0.0,0.0,0.0,0.0,0.0,0.0,0.0,0.0,0.013704888076747376,9.031521242576506,20.86569209684788,0.08908177249885796,0.0,0.0,0.0,0.0,0.0,0.0,0.0,0.0,0.0,0.0,0.0,0.0,0.0,0.0,0.0,0.0,nan,nan,4.220069204152249,2.972191529252492,nan,0.4055,0.04898,0.0,0.0,0.0,0.0,0.0,0.0,0.0,0.0,0.0,0.0,0.0,0.0,0.0,0.0,0.0,0.0,0.0,0.0,0.0,0.0,0.0,0.00019415258108725447,0.000788031064412974,0.006132937414344449,2.284148012791229e-05,2.284148012791229e-05,0.009273640931932389,6.852444038373687e-05,0.0039058931018730015,0.0071493832800365465,0.005801735952489721,0.0031064412973960715,0.006669712197350388,0.012460027409776154,0.026724531749657377,0.03949291914116035,0.06467565098218364,0.07103700319780722,0.06473275468250343,0.06285975331201461,0.1138533576975788,0.09796710826861581,0.10738921882137963,0.0536203746002741,0.05674965737779808,0.04966879853814527,0.03047053449063499,0.029625399725902238,0.014344449520328918,0.02968250342622202,0.00897670169026953,0.010598446779351301,0.0028095020557332116,0.0033919597989949747,0.0008337140246687985,0.000708085883965281,0.004191411603471905,0.0,0.0,0.0,0.0,0.0,0.0,0.0,0.0,0.0,0.0,0.0,0.0,0.0,0.0,0.0,0.0,0.0,0.0,0.0,0.0,0.0,0.0,0.0,0.0,0.0,0.0,0.0,0.0,0.0,0.0,0.0,0.0,0.0,0.0,0.0,0.0,0.0,0.0,0.0,0.0,0.0,0.0,0.0,0.0,nan,nan,4.220069204152249,2.972191529252492,nan,0.9370237962278196,0.023609413775464643,0.0,0.0,0.0,0.0,0.0,0.0,0.0,0.0,0.0,0.0,0.0,0.0,0.0,0.0,0.0,0.0,0.0,0.0,0.0,0.0,0.0,0.0,0.0,0.0,0.0,0.05170185264971996,1.7061611374407586,11.335631193451102,13.77854373115037,3.1279620853080576,0.9365857261213563,0.02281941608855865,0.0,0.0,0.0,0.0,0.0,0.0,0.0,0.0,0.0,0.0,0.0,0.0,0.0,0.0,0.0,0.0,0.0,0.0,0.0,0.0,0.0,0.0,0.0,0.0,0.0,0.0,1.7063684978123486,11.492464754496842,13.855128828390864,2.9460379192999517,0.4053,0.01052,0.0,0.0,0.0,0.0,0.0,0.0,0.0,0.0,0.0,0.0,0.01292546316242999,8.957345971563969,20.96510124946144,0.06462731581214995,0.0,0.0,0.0,0.0,0.0,0.0,0.0,0.0,0.0,0.0,0.0,0.0,0.0,0.0,0.0,0.0,0.4055,0.0107,0.0,0.0,0.0,0.0,0.0,0.0,0.0,0.0,0.0,0.0,0.014584346135148278,9.115216334467659,20.753524550315998,0.11667476908118622,0.0,0.0,0.0,0.0,0.0,0.0,0.0,0.0,0.0,0.0,0.0,0.0,0.0,0.0,0.0,0.0
25300,4153,2159,0.5198651577173128,1055,830,0.45388875511678306,1126,0.5422586082350108,0.438,3.0180541624874624,3.183406549098899,6.771324863883848,2.174421062298985,8303.915999474473,433.36137907796837,7853.0,8739.456085646152,8720.37107263432,5.518052902212023,7853.0,0.0,27.919094630387672,20.914125127696,32.96547756041427,19.125425281696824,0.1449554538887551,0.09944618348182037,0.08764748374668914,0.08186852877437997,0.08235010835540572,0.07705273296412232,0.07103298820130026,0.06525403322899109,0.06116060679027209,0.04960269684565374,0.04599084998796051,0.039007946063086926,0.031543462557187575,0.02793161569949434,0.01589212617385023,0.012039489525644112,0.007223693715386468,0.9359423842109774,0.023110446791913708,0.0,0.0,0.0,0.0,0.0,0.0,0.0,0.0,0.0,0.0,0.0,0.0,0.0,0.0,0.0,0.0,0.0,0.0,0.0,0.0,0.0,0.0,0.0,0.0,0.0,0.05056585600770529,1.5964363111004098,12.07079219841079,13.46496508548038,2.8172405490007226,4.278251204149685,2.9905391976585043,nan,nan,nan,4.238450074515648,2.98901316226094,4.320796460176991,2.9903302295691985,1.0194284194018148,0.405,0.01035,0.0,0.0,0.0,0.0,0.0,0.0,0.0,0.0,0.0,0.0,0.0,9.217433180833119,20.732000963159166,0.05056585600770529,0.0,0.0,0.0,0.0,0.0,0.0,0.0,0.0,0.0,0.0,0.0,0.0,0.0,0.0,0.0,0.0,nan,nan,4.278251204149685,2.9905391976585043,nan,0.405,0.04883,0.0,0.0,0.0,0.0,0.0,0.0,0.0,0.0,0.0,0.0,0.0,0.0,0.0,0.0,0.0,0.0,0.0,0.0,0.0,0.0,0.0,0.00033710570671803515,0.00040934264387189985,0.006790272092463279,8.427642667950879e-05,0.00015651336383337347,0.00854803756320732,2.4078979051288225e-05,0.0031543462557187575,0.008752708885143269,0.0061642186371297855,0.0028413195280520107,0.006525403322899109,0.013002648687695642,0.027678786419455814,0.0388634721887792,0.06250902961714423,0.07280279316156994,0.06763785215506862,0.061630146881772215,0.11254514808572116,0.10022875030098724,0.1051890199855526,0.05102335660967975,0.057620996869732724,0.053178425234770045,0.03012280279316157,0.029833855044546113,0.012858174813387913,0.03077293522754635,0.007151456778232603,0.010221526607271852,0.002889477486154587,0.0037442812424753192,0.0005899349867565615,0.0007584878401155791,0.0033590175776547077,0.0,0.0,0.0,0.0,0.0,0.0,0.0,0.0,0.0,0.0,0.0,0.0,0.0,0.0,0.0,0.0,0.0,0.0,0.0,0.0,0.0,0.0,0.0,0.0,0.0,0.0,0.0,0.0,0.0,0.0,0.0,0.0,0.0,0.0,0.0,0.0,0.0,0.0,0.0,0.0,0.0,0.0,0.0,0.0,nan,nan,4.278251204149685,2.9905391976585043,nan,0.935815636015093,0.02290138735819734,0.0,0.0,0.0,0.0,0.0,0.0,0.0,0.0,0.0,0.0,0.0,0.0,0.0,0.0,0.0,0.0,0.0,0.0,0.0,0.0,0.0,0.0,0.0,0.0,0.0,0.055581287633163515,1.6118573413617419,12.241778601204265,13.297823066234372,2.792959703566466,0.9360796205975945,0.02333391744222062,0.0,0.0,0.0,0.0,0.0,0.0,0.0,0.0,0.0,0.0,0.0,0.0,0.0,0.0,0.0,0.0,0.0,0.0,0.0,0.0,0.0,0.0,0.0,0.0,0.0,0.04513540621865598,1.5797392176529594,11.88565697091274,13.645937813440325,2.8435305917753264,0.4048,0.01025,0.0,0.0,0.0,0.0,0.0,0.0,0.0,0.0,0.0,0.0,0.0,9.379342288096327,20.537285780453917,0.08337193144974527,0.0,0.0,0.0,0.0,0.0,0.0,0.0,0.0,0.0,0.0,0.0,0.0,0.0,0.0,0.0,0.0,0.4053,0.01045,0.0,0.0,0.0,0.0,0.0,0.0,0.0,0.0,0.0,0.0,0.0,9.0421263791374,20.942828485456374,0.015045135406218659,0.0,0.0,0.0,0.0,0.0,0.0,0.0,0.0,0.0,0.0,0.0,0.0,0.0,0.0,0.0,0.0
25400,4604,2369,0.5145525629887054,1130,946,0.45091225021720244,1313,0.5703735881841877,0.39399999999999996,2.9225950782997763,3.0785109963433053,6.616504854368932,2.024170951984218,8299.022637723074,433.243832801286,7853.0,8740.895968937873,8719.816472805833,5.6871291884368125,7853.0,0.0,27.531277150304085,20.439929662475382,32.42579642579643,18.68522214806686,0.14052997393570807,0.09839270199826237,0.09578627280625543,0.08601216333622937,0.08536055603822763,0.07645525629887055,0.06950477845351868,0.06494352736750651,0.05516941789748045,0.053431798436142486,0.05082536924413553,0.04083405734144222,0.030842745438748913,0.0236750651607298,0.013032145960034752,0.007602085143353606,0.007602085143353606,0.9343807196016419,0.022960741502728366,0.0,0.0,0.0,0.0,0.0,0.0,0.0,0.0,0.0,0.0,0.0,0.0,0.0,0.0,0.0,0.0,0.0,0.0,0.0,0.0,0.0,0.0,0.0,0.0,0.0,0.019548218940052133,2.0460469157254564,12.465247610773243,13.04517810599479,2.423979148566464,4.248396895038812,2.876064118628473,nan,nan,nan,4.266711681296421,2.9142191264105866,4.230094466936572,2.837304249227061,0.9914179309278468,0.4043,0.010574,0.0,0.0,0.0,0.0,0.0,0.0,0.0,0.0,0.0,0.0,0.019548218940052133,10.236750651607284,19.67202432667246,0.07167680278019115,0.0,0.0,0.0,0.0,0.0,0.0,0.0,0.0,0.0,0.0,0.0,0.0,0.0,0.0,0.0,0.0,nan,nan,4.248396895038812,2.876064118628473,nan,0.4043,0.04846,0.0,0.0,0.0,0.0,0.0,0.0,0.0,0.0,0.0,0.0,0.0,0.0,0.0,0.0,0.0,0.0,0.0,0.0,0.0,0.0,0.0,0.00023892267593397047,0.00039096437880104255,0.007135099913119027,5.4300608166811465e-05,2.1720243266724587e-05,0.008058210251954821,1.0860121633362293e-05,0.0032037358818418765,0.008742397914856646,0.005571242397914857,0.0029322328410078193,0.006472632493483927,0.014042137271937446,0.02811685490877498,0.041040399652476106,0.06296698523023458,0.07280625543006082,0.07040616854908775,0.06777801911381408,0.11257602085143353,0.09723066898349261,0.10590790616854909,0.050314943527367505,0.05367072111207646,0.049880538662033014,0.028768462206776715,0.030560382276281495,0.012304517810599479,0.032037358818418765,0.00710251954821894,0.00994787141615986,0.0020199826238053867,0.003801042571676803,0.00020634231103388358,0.0008036490008688097,0.002845351867940921,0.0,0.0,0.0,3.258036490008688e-05,0.0,0.0,0.0,0.0,0.0,0.0,0.0,0.0,0.0,0.0,0.0,0.0,0.0,0.0,0.0,0.0,0.0,0.0,0.0,0.0,0.0,0.0,0.0,0.0,0.0,0.0,0.0,0.0,0.0,0.0,0.0,0.0,0.0,0.0,0.0,0.0,0.0,0.0,0.0,0.0,nan,nan,4.248396895038812,2.876064118628473,nan,0.9338558807107354,0.023203853162714574,0.0,0.0,0.0,0.0,0.0,0.0,0.0,0.0,0.0,0.0,0.0,0.0,0.0,0.0,0.0,0.0,0.0,0.0,0.0,0.0,0.0,0.0,0.0,0.0,0.0,0.012663571127057833,2.1781342338539473,12.714225411566066,12.638243984803717,2.4567327986492193,0.9349370253432784,0.02268696024650943,0.0,0.0,0.0,0.0,0.0,0.0,0.0,0.0,0.0,0.0,0.0,0.0,0.0,0.0,0.0,0.0,0.0,0.0,0.0,0.0,0.0,0.0,0.0,0.0,0.0,0.026845637583892624,1.9060402684563762,12.201342281879198,13.476510067114097,2.3892617449664435,0.4043,0.010544,0.0,0.0,0.0,0.0,0.0,0.0,0.0,0.0,0.0,0.0,0.012663571127057833,10.206838328408596,19.691853102574928,0.08864499788940483,0.0,0.0,0.0,0.0,0.0,0.0,0.0,0.0,0.0,0.0,0.0,0.0,0.0,0.0,0.0,0.0,0.404,0.010605,0.0,0.0,0.0,0.0,0.0,0.0,0.0,0.0,0.0,0.0,0.026845637583892624,10.26845637583891,19.651006711409398,0.05369127516778525,0.0,0.0,0.0,0.0,0.0,0.0,0.0,0.0,0.0,0.0,0.0,0.0,0.0,0.0,0.0,0.0
25500,4723,2419,0.5121744653821724,1137,987,0.4497141647258099,1337,0.5661655727291975,0.414,2.9717881944444446,3.093253062827864,6.608557844690966,2.092289742625942,8297.09741706722,433.43145125003105,7853.0,8739.519021624326,8720.08230707254,5.645840163485528,7853.0,0.0,27.60575905145035,20.655456350801774,32.710512950736415,18.822525114664845,0.1443997459242007,0.09718399322464535,0.0901969087444421,0.09210247723904298,0.0849036629261063,0.07198814312936692,0.06711835697649798,0.0652127884818971,0.06013127249629473,0.04827440186322253,0.047427482532288796,0.04022866821935211,0.03408850307008258,0.023713741266144398,0.01884395511327546,0.009951302138471311,0.004234596654668642,0.934624561005519,0.02322701047957538,0.0,0.0,0.0,0.0,0.0,0.0,0.0,0.0,0.0,0.0,0.0,0.0,0.0,0.0,0.0,0.0,0.0,0.0,0.0,0.0,0.0,0.0,0.0,0.0,0.0,0.05081515985602372,2.0516620791869578,12.10035994071565,13.30086809231421,2.4962947279271654,4.301675977653631,2.876871946407808,nan,nan,nan,4.327035830618892,2.8529461328866077,4.2753815527538155,2.9016980882510444,0.9880624335256109,0.4048,0.01058,0.0,0.0,0.0,0.0,0.0,0.0,0.0,0.0,0.0,0.0,0.01270378996400593,9.616769002752473,20.26889688757146,0.10163031971204745,0.0,0.0,0.0,0.0,0.0,0.0,0.0,0.0,0.0,0.0,0.0,0.0,0.0,0.0,0.0,0.0,nan,nan,4.301675977653631,2.876871946407808,nan,0.4048,0.04846,0.0,0.0,0.0,0.0,0.0,0.0,0.0,0.0,0.0,0.0,0.0,0.0,0.0,0.0,0.0,0.0,0.0,0.0,0.0,0.0,0.0,0.00017997035782341733,0.0005187380901969088,0.0060978191827228455,2.1172983273343213e-05,1.0586491636671606e-05,0.007526995553673512,4.2345966546686426e-05,0.0028160067753546475,0.008151598560237137,0.00619309760745289,0.003451196273554944,0.007040016938386619,0.014111793351683253,0.02740842684734279,0.04138259580774931,0.06507516409062036,0.07406309549015457,0.07014609358458607,0.0658479779800974,0.10941139106500106,0.09429388100783401,0.10395934787211518,0.05137624391276731,0.05398052085538852,0.053578234173195,0.029652763074317173,0.03009739572305738,0.013254287529112853,0.03225704001693839,0.007272919754393394,0.009961888630107982,0.0025725174677112004,0.0037052720728350625,0.0001270378996400593,0.0009527842473004446,0.0033876773237349143,0.0,0.0,0.0,7.410544145670126e-05,0.0,0.0,0.0,0.0,0.0,0.0,0.0,0.0,0.0,0.0,0.0,0.0,0.0,0.0,0.0,0.0,0.0,0.0,0.0,0.0,0.0,0.0,0.0,0.0,0.0,0.0,0.0,0.0,0.0,0.0,0.0,0.0,0.0,0.0,0.0,0.0,0.0,0.0,0.0,0.0,nan,nan,4.301675977653631,2.876871946407808,nan,0.9346533370146134,0.023046313924572872,0.0,0.0,0.0,0.0,0.0,0.0,0.0,0.0,0.0,0.0,0.0,0.0,0.0,0.0,0.0,0.0,0.0,0.0,0.0,0.0,0.0,0.0,0.0,0.0,0.0,0.03720545680033072,2.0214964861513027,12.153782554774704,13.39396444811906,2.3935510541546097,0.9345943486938874,0.023415187585196347,0.0,0.0,0.0,0.0,0.0,0.0,0.0,0.0,0.0,0.0,0.0,0.0,0.0,0.0,0.0,0.0,0.0,0.0,0.0,0.0,0.0,0.0,0.0,0.0,0.0,0.06510416666666669,2.083333333333334,12.044270833333336,13.203125000000004,2.604166666666667,0.4048,0.01051,0.0,0.0,0.0,0.0,0.0,0.0,0.0,0.0,0.0,0.0,0.012401818933443574,9.462587846217431,20.42579578338157,0.0992145514675486,0.0,0.0,0.0,0.0,0.0,0.0,0.0,0.0,0.0,0.0,0.0,0.0,0.0,0.0,0.0,0.0,0.4048,0.010666,0.0,0.0,0.0,0.0,0.0,0.0,0.0,0.0,0.0,0.0,0.013020833333333336,9.77864583333332,20.10416666666667,0.10416666666666669,0.0,0.0,0.0,0.0,0.0,0.0,0.0,0.0,0.0,0.0,0.0,0.0,0.0,0.0,0.0,0.0
25600,4670,2400,0.5139186295503212,1158,941,0.4494646680942184,1315,0.563169164882227,0.414,2.933920704845815,3.1124369042117244,6.596546310832025,2.2015095441476165,8298.58354546203,433.3666553484938,7853.0,8739.050823891163,8720.031315544868,5.660456481298277,7853.0,0.0,28.1796573875803,20.90428000115184,33.15312101910828,19.086227230049268,0.13897216274089935,0.09678800856531049,0.09357601713062098,0.084796573875803,0.07858672376873661,0.07301927194860813,0.07323340471092077,0.06423982869379015,0.058886509635974305,0.05310492505353319,0.049464668094218414,0.04132762312633833,0.033832976445396144,0.02462526766595289,0.018629550321199142,0.009421841541755889,0.007494646680942184,0.9348172388699632,0.023345842732247366,0.0,0.0,0.0,0.0,0.0,0.0,0.0,0.0,0.0,0.0,0.0,0.0,0.0,0.0,0.0,0.0,0.0,0.0,0.0,0.0,0.0,0.0,0.0,0.0,0.006423982869379017,0.05139186295503213,1.972162740899358,12.07708779443255,13.233404710920775,2.659528907922913,4.206260296540362,2.9525004651136166,nan,nan,nan,4.266798418972332,2.984031572736082,4.145682267633487,2.9193515027045716,0.9716142785653286,0.4048,0.010704,0.0,0.0,0.0,0.0,0.0,0.0,0.0,0.0,0.0,0.0,0.006423982869379017,9.847965738758017,20.02997858672377,0.1156316916488223,0.0,0.0,0.0,0.0,0.0,0.0,0.0,0.0,0.0,0.0,0.0,0.0,0.0,0.0,0.0,0.0,nan,nan,4.206260296540362,2.9525004651136166,nan,0.4048,0.04874,0.0,0.0,0.0,0.0,0.0,0.0,0.0,0.0,0.0,0.0,0.0,0.0,0.0,0.0,0.0,0.0,0.0,0.0,0.0,1.0706638115631692e-05,0.0,2.1413276231263384e-05,0.0006852248394004283,0.006231263383297644,1.0706638115631692e-05,1.0706638115631692e-05,0.008072805139186295,2.1413276231263384e-05,0.0035974304068522485,0.008083511777301928,0.006081370449678801,0.0027194860813704496,0.007044967880085653,0.015674518201284796,0.02703426124197002,0.0395610278372591,0.0651391862955032,0.07526766595289079,0.07122055674518202,0.0623982869379015,0.11107066381156316,0.09494646680942184,0.1041220556745182,0.049839400428265526,0.05436830835117773,0.055428265524625264,0.029100642398286938,0.028768736616702355,0.012751605995717345,0.03202355460385439,0.006680942184154176,0.01024625267665953,0.003115631691648822,0.004025695931477516,0.00018201284796573876,0.0009421841541755888,0.0033083511777301927,0.00010706638115631691,0.0,0.0,8.565310492505354e-05,0.0,0.0,0.0,0.0,0.0,0.0,0.0,0.0,0.0,0.0,0.0,0.0,0.0,0.0,0.0,0.0,0.0,0.0,0.0,0.0,0.0,0.0,0.0,0.0,0.0,0.0,0.0,0.0,0.0,0.0,0.0,0.0,0.0,0.0,0.0,0.0,0.0,0.0,0.0,0.0,nan,nan,4.206260296540362,2.9525004651136166,nan,0.9344758868714174,0.023373310126571033,0.0,0.0,0.0,0.0,0.0,0.0,0.0,0.0,0.0,0.0,0.0,0.0,0.0,0.0,0.0,0.0,0.0,0.0,0.0,0.0,0.0,0.0,0.0,0.0,0.0,0.037500000000000006,2.0500000000000003,12.225000000000003,12.962500000000004,2.725000000000001,0.9351781396613772,0.02331133169972575,0.0,0.0,0.0,0.0,0.0,0.0,0.0,0.0,0.0,0.0,0.0,0.0,0.0,0.0,0.0,0.0,0.0,0.0,0.0,0.0,0.0,0.0,0.0,0.0,0.013215859030837008,0.06607929515418504,1.889867841409692,11.920704845814981,13.519823788546258,2.5903083700440535,0.4048,0.01069,0.0,0.0,0.0,0.0,0.0,0.0,0.0,0.0,0.0,0.0,0.0,9.812499999999986,20.050000000000004,0.1375,0.0,0.0,0.0,0.0,0.0,0.0,0.0,0.0,0.0,0.0,0.0,0.0,0.0,0.0,0.0,0.0,0.4048,0.01072,0.0,0.0,0.0,0.0,0.0,0.0,0.0,0.0,0.0,0.0,0.013215859030837008,9.885462555066065,20.008810572687228,0.09251101321585906,0.0,0.0,0.0,0.0,0.0,0.0,0.0,0.0,0.0,0.0,0.0,0.0,0.0,0.0,0.0,0.0
25700,4764,2471,0.5186817800167927,1178,984,0.4538203190596138,1361,0.5713685978169606,0.39399999999999996,2.886611426079372,3.0376700917045025,6.444615384615385,2.13847758710082,8302.801280689999,433.3164741771429,7853.0,8738.388616466522,8720.200850346882,5.606871313047365,7853.0,0.0,28.49454240134341,20.91463828231175,33.2703171456888,19.144009069400013,0.13350125944584382,0.09361880772460117,0.0904701931150294,0.09151973131821999,0.08018471872376154,0.08018471872376154,0.06570109151973132,0.06297229219143577,0.060453400503778336,0.05184718723761545,0.05184718723761545,0.038832913518052056,0.031486146095717885,0.03211586901763224,0.018471872376154493,0.009026028547439127,0.007766582703610411,0.9347879146073267,0.023298786894922773,0.0,0.0,0.0,0.0,0.0,0.0,0.0,0.0,0.0,0.0,0.0,0.0,0.0,0.0,0.0,0.0,0.0,0.0,0.0,0.0,0.0,0.0,0.0,0.0,0.0,0.06926952141057936,2.05919395465995,12.065491183879097,13.14861460957179,2.6574307304785902,4.155491698595147,2.883169748354024,nan,nan,nan,4.153298835705045,2.886900890277193,4.157629255989912,2.8795264478180798,1.0010426459679806,0.405,0.01035,0.0,0.0,0.0,0.0,0.0,0.0,0.0,0.0,0.0,0.0,0.018891687657430732,9.445843828715352,20.440806045340054,0.09445843828715368,0.0,0.0,0.0,0.0,0.0,0.0,0.0,0.0,0.0,0.0,0.0,0.0,0.0,0.0,0.0,0.0,nan,nan,4.155491698595147,2.883169748354024,nan,0.405,0.0489,0.0,0.0,0.0,0.0,0.0,0.0,0.0,0.0,0.0,0.0,0.0,0.0,0.0,0.0,0.0,0.0,0.0,0.0,0.0,1.0495382031905961e-05,0.0,2.0990764063811922e-05,0.00041981528127623844,0.005719983207388749,2.0990764063811922e-05,2.0990764063811922e-05,0.007892527287993284,1.0495382031905961e-05,0.004145675902602855,0.007945004198152812,0.005636020151133501,0.003253568429890848,0.00781905961376994,0.01424223341729639,0.028736356003358523,0.03776238455079765,0.06664567590260286,0.07515743073047859,0.06973131821998321,0.06596347607052896,0.11053736356003359,0.09378673383711167,0.1042296389588581,0.05,0.052099076406381194,0.05491183879093199,0.029502518891687656,0.026385390428211586,0.013182199832073888,0.032294290512174646,0.007388748950461797,0.011807304785894207,0.0036314021830394626,0.00436607892527288,0.00012594458438287153,0.0009445843828715365,0.0034634760705289673,5.2476910159529805e-05,0.0,0.0,0.0001364399664147775,0.0,0.0,0.0,0.0,0.0,0.0,0.0,0.0,0.0,0.0,0.0,0.0,0.0,0.0,0.0,0.0,0.0,0.0,0.0,0.0,0.0,0.0,0.0,0.0,0.0,0.0,0.0,0.0,0.0,0.0,0.0,0.0,0.0,0.0,0.0,0.0,0.0,0.0,0.0,0.0,nan,nan,4.155491698595147,2.883169748354024,nan,0.9347798952637584,0.023478059269108866,0.0,0.0,0.0,0.0,0.0,0.0,0.0,0.0,0.0,0.0,0.0,0.0,0.0,0.0,0.0,0.0,0.0,0.0,0.0,0.0,0.0,0.0,0.0,0.0,0.0,0.07284500202347229,2.294617563739377,11.764467826790776,13.257790368271957,2.610279239174424,0.9347965564729863,0.023104037777006325,0.0,0.0,0.0,0.0,0.0,0.0,0.0,0.0,0.0,0.0,0.0,0.0,0.0,0.0,0.0,0.0,0.0,0.0,0.0,0.0,0.0,0.0,0.0,0.0,0.0,0.06541648495420847,1.8054949847361539,12.389882250327085,13.030963802878329,2.708242477104231,0.4053,0.01023,0.0,0.0,0.0,0.0,0.0,0.0,0.0,0.0,0.0,0.0,0.012140833670578716,9.31201942533386,20.590853905301504,0.08498583569405102,0.0,0.0,0.0,0.0,0.0,0.0,0.0,0.0,0.0,0.0,0.0,0.0,0.0,0.0,0.0,0.0,0.4045,0.01047,0.0,0.0,0.0,0.0,0.0,0.0,0.0,0.0,0.0,0.0,0.02616659398168339,9.590056694286947,20.279110335804624,0.10466637592673356,0.0,0.0,0.0,0.0,0.0,0.0,0.0,0.0,0.0,0.0,0.0,0.0,0.0,0.0,0.0,0.0
25800,4308,2282,0.5297121634168988,1091,867,0.4545032497678737,1204,0.5589600742804085,0.442,3.073050345508391,3.136668820212357,6.704778156996587,2.095797282113423,8312.237637765003,432.7317972021716,7853.0,8739.168457531929,8719.956942809657,5.62455798247316,7853.0,0.0,28.411792014856083,20.842700666398567,33.27962606543855,19.022125232520292,0.13556174558960074,0.09261838440111421,0.09447539461467037,0.08519034354688951,0.07753017641597029,0.07822655524605385,0.07195914577530177,0.0670844939647168,0.058031569173630455,0.05385329619312906,0.04828226555246054,0.04224698235840297,0.031104921077065924,0.02437325905292479,0.022051996285979574,0.011838440111420613,0.005571030640668524,0.9341986031447059,0.02285803476862587,0.0,0.0,0.0,0.0,0.0,0.0,0.0,0.0,0.0,0.0,0.0,0.0,0.0,0.0,0.0,0.0,0.0,0.0,0.0,0.0,0.0,0.0,0.0,0.0,0.0,0.041782729805013935,2.144846796657382,12.082172701949863,13.474930362116995,2.2562674094707527,4.147912243453645,2.8850453100409905,nan,nan,nan,4.095505617977528,2.807620453252006,4.20114122681883,2.960664392948426,1.0257930567541176,0.4045,0.01028,0.0,0.0,0.0,0.0,0.0,0.0,0.0,0.0,0.0,0.0,0.006963788300835656,9.484679665738149,20.445682451253486,0.0626740947075209,0.0,0.0,0.0,0.0,0.0,0.0,0.0,0.0,0.0,0.0,0.0,0.0,0.0,0.0,0.0,0.0,nan,nan,4.147912243453645,2.8850453100409905,nan,0.4045,0.0485,0.0,0.0,0.0,0.0,0.0,0.0,0.0,0.0,0.0,0.0,0.0,0.0,0.0,0.0,0.0,0.0,0.0,0.0,0.0,0.0,0.0,0.0,0.00020891364902506963,0.00564066852367688,5.8031569173630455e-05,0.0,0.00804317548746518,6.963788300835655e-05,0.0036211699164345403,0.0075441039925719594,0.005884401114206128,0.00329619312906221,0.007021819870009285,0.014589136490250697,0.031220984215413184,0.03797585886722377,0.06421773444753946,0.0776230269266481,0.0710422469823584,0.06811745589600743,0.1095636025998143,0.09343082636954503,0.10611652739090065,0.04958217270194986,0.05090529247910863,0.053342618384401116,0.030083565459610027,0.02641597028783658,0.013266016713091923,0.0313602599814299,0.006151346332404828,0.010735840297121635,0.003992571959145775,0.00356313834726091,0.0002437325905292479,0.0009052924791086351,0.0038765088207985145,0.0001392757660167131,0.0,0.0,0.00015088207985143918,0.0,0.0,0.0,0.0,0.0,0.0,0.0,0.0,0.0,0.0,0.0,0.0,0.0,0.0,0.0,0.0,0.0,0.0,0.0,0.0,0.0,0.0,0.0,0.0,0.0,0.0,0.0,0.0,0.0,0.0,0.0,0.0,0.0,0.0,0.0,0.0,0.0,0.0,0.0,0.0,nan,nan,4.147912243453645,2.8850453100409905,nan,0.9342708918841444,0.023103390488638163,0.0,0.0,0.0,0.0,0.0,0.0,0.0,0.0,0.0,0.0,0.0,0.0,0.0,0.0,0.0,0.0,0.0,0.0,0.0,0.0,0.0,0.0,0.0,0.0,0.0,0.039439088518843125,2.274320771253287,12.002629272567926,13.27782646801052,2.4057843996494306,0.9341171801913997,0.022578206752657697,0.0,0.0,0.0,0.0,0.0,0.0,0.0,0.0,0.0,0.0,0.0,0.0,0.0,0.0,0.0,0.0,0.0,0.0,0.0,0.0,0.0,0.0,0.0,0.0,0.0,0.04442250740375124,1.999012833168806,12.171767028627842,13.6969397828233,2.0878578479763084,0.4045,0.010254,0.0,0.0,0.0,0.0,0.0,0.0,0.0,0.0,0.0,0.0,0.0,9.728308501314622,20.232252410166524,0.039439088518843125,0.0,0.0,0.0,0.0,0.0,0.0,0.0,0.0,0.0,0.0,0.0,0.0,0.0,0.0,0.0,0.0,0.4045,0.0103,0.0,0.0,0.0,0.0,0.0,0.0,0.0,0.0,0.0,0.0,0.014807502467917082,9.21026653504441,20.68608094768016,0.08884501480750248,0.0,0.0,0.0,0.0,0.0,0.0,0.0,0.0,0.0,0.0,0.0,0.0,0.0,0.0,0.0,0.0
25900,4622,2419,0.5233665080051926,1133,952,0.45110341843357854,1293,0.5594980527909996,0.41,2.9727644121652292,3.154830854964523,6.680781758957655,2.195432490153218,8306.79647256115,433.0816165284089,7853.0,8744.22327145338,8720.072052987858,5.646416576590033,7853.0,0.0,27.936174816096926,20.858148235365242,32.92361290322581,19.089192276930945,0.13933362180874082,0.09281696235395932,0.09757680657723929,0.09324967546516659,0.08113370835136305,0.06815231501514496,0.07312851579402856,0.0640415404586759,0.06036347901341411,0.05235828645607962,0.04586758978797058,0.03569883167459974,0.03310255300735612,0.02617914322803981,0.018823020337516226,0.009086975335352661,0.009086975335352661,0.9351224525054261,0.02310774437838801,0.0,0.0,0.0,0.0,0.0,0.0,0.0,0.0,0.0,0.0,0.0,0.0,0.0,0.0,0.0,0.0,0.0,0.0,0.0,0.0,0.0,0.0,0.0,0.0,0.0,0.04543487667676332,1.9731717871051497,12.014279532669843,13.481176979662488,2.485936823885764,4.244884267024489,2.979367408135079,nan,nan,nan,4.200664451827243,2.9775906485162924,4.289972899728998,2.9805025402135636,1.0212605526877794,0.404,0.010445,0.0,0.0,0.0,0.0,0.0,0.0,0.0,0.0,0.0,0.0,0.0,10.651233232366925,19.290350497620082,0.05841627001298141,0.0,0.0,0.0,0.0,0.0,0.0,0.0,0.0,0.0,0.0,0.0,0.0,0.0,0.0,0.0,0.0,nan,nan,4.244884267024489,2.979367408135079,nan,0.404,0.04846,0.0,0.0,0.0,0.0,0.0,0.0,0.0,0.0,0.0,0.0,0.0,0.0,0.0,0.0,0.0,0.0,0.0,0.0,0.0,0.0,0.0,0.0,0.00022717438338381652,0.005938987451319775,1.081782778018174e-05,0.0,0.009097793163132842,2.163565556036348e-05,0.004078321073128516,0.007312851579402856,0.0054089138900908695,0.0042297706620510606,0.0071938554738208565,0.014560796192124621,0.029121592384249242,0.039582431847684986,0.06400908697533535,0.07858070099524016,0.06939636520986586,0.06985071397663349,0.10691259195153613,0.0972198182604933,0.10732366940718303,0.049329294677628734,0.05057334487234963,0.05261791432280398,0.02892687148420597,0.026774123755949807,0.012829943747295543,0.030127650367806146,0.0061012548680225015,0.009465599307659021,0.004694937256598875,0.004045867589787971,0.0001622674167027261,0.0007788836001730852,0.003321073128515794,0.00017308524448290784,0.0,0.0,0.0,0.0,0.0,0.0,0.0,0.0,0.0,0.0,0.0,0.0,0.0,0.0,0.0,0.0,0.0,0.0,0.0,0.0,0.0,0.0,0.0,0.0,0.0,0.0,0.0,0.0,0.0,0.0,0.0,0.0,0.0,0.0,0.0,0.0,0.0,0.0,0.0,0.0,0.0,0.0,0.0,nan,nan,4.244884267024489,2.979367408135079,nan,0.9353004110751442,0.023250734549778152,0.0,0.0,0.0,0.0,0.0,0.0,0.0,0.0,0.0,0.0,0.0,0.0,0.0,0.0,0.0,0.0,0.0,0.0,0.0,0.0,0.0,0.0,0.0,0.0,0.0,0.06200909466721787,1.9594873914840847,12.042166184373711,13.381562629185616,2.5547747002893764,0.9349270454331847,0.022948118508900876,0.0,0.0,0.0,0.0,0.0,0.0,0.0,0.0,0.0,0.0,0.0,0.0,0.0,0.0,0.0,0.0,0.0,0.0,0.0,0.0,0.0,0.0,0.0,0.0,0.0,0.027235587834770772,1.9881979119382664,11.98365864729914,13.590558329550616,2.410349523377213,0.404,0.01041,0.0,0.0,0.0,0.0,0.0,0.0,0.0,0.0,0.0,0.0,0.0,10.578751550227352,19.346837536171975,0.07441091360066145,0.0,0.0,0.0,0.0,0.0,0.0,0.0,0.0,0.0,0.0,0.0,0.0,0.0,0.0,0.0,0.0,0.4038,0.01049,0.0,0.0,0.0,0.0,0.0,0.0,0.0,0.0,0.0,0.0,0.0,10.730821606899667,19.228325011348165,0.04085338175215616,0.0,0.0,0.0,0.0,0.0,0.0,0.0,0.0,0.0,0.0,0.0,0.0,0.0,0.0,0.0,0.0
26000,4455,2301,0.5164983164983165,1082,913,0.4478114478114478,1245,0.5589225589225589,0.438,3.0273909006499538,3.19189607095703,6.873263888888889,2.184123689600423,8300.795086159053,433.2742724289515,7853.0,8738.84415307045,8719.98266355436,5.644839489747608,7853.0,0.0,27.295622895622895,20.76518099568887,32.37008086253369,19.05692196175799,0.14545454545454545,0.10303030303030303,0.09674523007856341,0.08799102132435466,0.0792368125701459,0.07474747474747474,0.06936026936026936,0.06105499438832772,0.055667789001122334,0.055667789001122334,0.045342312008978675,0.03591470258136925,0.029854096520763186,0.02536475869809203,0.016835016835016835,0.010549943883277216,0.00718294051627385,0.9361824869440595,0.022992376751736897,0.0,0.0,0.0,0.0,0.0,0.0,0.0,0.0,0.0,0.0,0.0,0.0,0.0,0.0,0.0,0.0,0.0,0.0,0.0,0.0,0.0,0.0,0.0,0.0,0.0,0.04713804713804715,1.6430976430976436,11.851851851851855,13.710437710437713,2.747474747474748,4.3892641308211875,2.9137839900525204,nan,nan,nan,4.412778176597272,2.9347599390453127,4.366197183098592,2.892873402777783,0.9894440663830061,0.4033,0.01057,0.0,0.0,0.0,0.0,0.0,0.0,0.0,0.0,0.0,0.0,0.0067340067340067354,11.191919191919176,18.77441077441078,0.026936026936026942,0.0,0.0,0.0,0.0,0.0,0.0,0.0,0.0,0.0,0.0,0.0,0.0,0.0,0.0,0.0,0.0,nan,nan,4.3892641308211875,2.9137839900525204,nan,0.4033,0.04852,0.0,0.0,0.0,0.0,0.0,0.0,0.0,0.0,0.0,0.0,0.0,0.0,0.0,0.0,0.0,0.0,0.0,0.0,0.0,0.0,0.0,0.0,0.00039281705948372616,0.005521885521885522,1.122334455667789e-05,2.244668911335578e-05,0.009517396184062851,1.122334455667789e-05,0.00452300785634119,0.007845117845117846,0.005589225589225589,0.004545454545454545,0.0067003367003367,0.014500561167227834,0.0287317620650954,0.04257014590347924,0.06818181818181818,0.07685746352413018,0.06802469135802469,0.07111111111111111,0.10758698092031425,0.0942199775533109,0.10509539842873176,0.04839506172839506,0.052570145903479235,0.0498989898989899,0.031133557800224466,0.027295173961840627,0.01164983164983165,0.03058361391694725,0.0054769921436588105,0.009595959595959595,0.004141414141414141,0.0034118967452300784,0.0001122334455667789,0.0007631874298540966,0.0033445566778900113,6.734006734006734e-05,0.0,0.0,0.0,0.0,0.0,0.0,0.0,0.0,0.0,0.0,0.0,0.0,0.0,0.0,0.0,0.0,0.0,0.0,0.0,0.0,0.0,0.0,0.0,0.0,0.0,0.0,0.0,0.0,0.0,0.0,0.0,0.0,0.0,0.0,0.0,0.0,0.0,0.0,0.0,0.0,0.0,0.0,0.0,nan,nan,4.3892641308211875,2.9137839900525204,nan,0.9356223809517036,0.02283210623080861,0.0,0.0,0.0,0.0,0.0,0.0,0.0,0.0,0.0,0.0,0.0,0.0,0.0,0.0,0.0,0.0,0.0,0.0,0.0,0.0,0.0,0.0,0.0,0.0,0.0,0.013037809647979142,1.7079530638852676,12.138200782268582,13.481095176010433,2.659713168187745,0.9367808174400719,0.023147392686587415,0.0,0.0,0.0,0.0,0.0,0.0,0.0,0.0,0.0,0.0,0.0,0.0,0.0,0.0,0.0,0.0,0.0,0.0,0.0,0.0,0.0,0.0,0.0,0.0,0.0,0.08356545961002787,1.5738161559888584,11.54596100278552,13.955431754874656,2.8412256267409477,0.4033,0.01055,0.0,0.0,0.0,0.0,0.0,0.0,0.0,0.0,0.0,0.0,0.0,11.199478487614066,18.787483702737944,0.013037809647979142,0.0,0.0,0.0,0.0,0.0,0.0,0.0,0.0,0.0,0.0,0.0,0.0,0.0,0.0,0.0,0.0,0.4033,0.010574,0.0,0.0,0.0,0.0,0.0,0.0,0.0,0.0,0.0,0.0,0.013927576601671312,11.183844011142044,18.760445682451255,0.041782729805013935,0.0,0.0,0.0,0.0,0.0,0.0,0.0,0.0,0.0,0.0,0.0,0.0,0.0,0.0,0.0,0.0
26100,4716,2435,0.5163273960983885,1152,943,0.4442324003392706,1284,0.544529262086514,0.442,2.957913195966681,3.164630793766647,6.701986754966887,2.2168670154213084,8300.712565757953,433.34170956309504,7853.0,8740.01111575365,8720.109839882754,5.498005312989079,7853.0,0.0,27.186174724342663,20.626369122532715,32.22836048879837,18.92092937441057,0.1458863443596268,0.10729431721798134,0.0916030534351145,0.08608990670059373,0.0835453774385072,0.08015267175572519,0.0631891433418151,0.0648854961832061,0.0542832909245123,0.05089058524173028,0.043469041560644614,0.04240882103477523,0.03541136556403732,0.020780322307039863,0.013146734520780322,0.010178117048346057,0.006785411365564037,0.9355477467874433,0.02300601432952157,0.0,0.0,0.0,0.0,0.0,0.0,0.0,0.0,0.0,0.0,0.0,0.0,0.0,0.0,0.0,0.0,0.0,0.0,0.0,0.0,0.0,0.0,0.0,0.0,0.0,0.01908396946564886,1.8320610687022905,12.092875318066161,13.339694656488552,2.7162849872773545,4.357071213640923,3.0125474781655757,nan,nan,nan,4.380636604774536,2.9799856902505013,4.333108563722185,3.045114186858279,0.9891504259904714,0.4033,0.010345,0.0,0.0,0.0,0.0,0.0,0.0,0.0,0.0,0.0,0.0,0.012722646310432573,11.036895674300238,18.905852417302803,0.044529262086514004,0.0,0.0,0.0,0.0,0.0,0.0,0.0,0.0,0.0,0.0,0.0,0.0,0.0,0.0,0.0,0.0,nan,nan,4.357071213640923,3.0125474781655757,nan,0.4033,0.04874,0.0,0.0,0.0,0.0,0.0,0.0,0.0,0.0,0.0,0.0,0.0,0.0,0.0,0.0,0.0,0.0,0.0,0.0,0.0,0.0,0.0,0.0,0.00042408821034775233,0.005661577608142494,0.0,0.00013782866836301952,0.01077184054283291,1.0602205258693808e-05,0.0035729431721798132,0.007485156912637829,0.004611959287531806,0.0037213740458015266,0.007495759117896523,0.015086938083121289,0.026198049194232402,0.043977947413061914,0.07170271416454622,0.07988761662425785,0.066274385072095,0.0710559796437659,0.10760178117048345,0.09249363867684478,0.10420907548770145,0.04815521628498728,0.05184478371501272,0.04910941475826972,0.030576759966072942,0.02854113655640373,0.01138676844783715,0.03025869380831213,0.005587362171331637,0.00823791348600509,0.005014843087362171,0.004368108566581849,0.00014843087362171331,0.000773960983884648,0.003530534351145038,8.481764206955047e-05,0.0,0.0,0.0,0.0,0.0,0.0,0.0,0.0,0.0,0.0,0.0,0.0,0.0,0.0,0.0,0.0,0.0,0.0,0.0,0.0,0.0,0.0,0.0,0.0,0.0,0.0,0.0,0.0,0.0,0.0,0.0,0.0,0.0,0.0,0.0,0.0,0.0,0.0,0.0,0.0,0.0,0.0,0.0,nan,nan,4.357071213640923,3.0125474781655757,nan,0.9361379795985055,0.02279766115135604,0.0,0.0,0.0,0.0,0.0,0.0,0.0,0.0,0.0,0.0,0.0,0.0,0.0,0.0,0.0,0.0,0.0,0.0,0.0,0.0,0.0,0.0,0.0,0.0,0.0,0.012320328542094458,1.6632443531827519,11.889117043121153,13.601642710472282,2.8336755646817258,0.9349176648519165,0.023209813655591417,0.0,0.0,0.0,0.0,0.0,0.0,0.0,0.0,0.0,0.0,0.0,0.0,0.0,0.0,0.0,0.0,0.0,0.0,0.0,0.0,0.0,0.0,0.0,0.0,0.0,0.026304252520824207,2.0122753178430517,12.31039017974573,13.060061376589218,2.590968873301184,0.4033,0.010216,0.0,0.0,0.0,0.0,0.0,0.0,0.0,0.0,0.0,0.0,0.012320328542094458,10.669404517453783,19.29363449691992,0.024640657084188916,0.0,0.0,0.0,0.0,0.0,0.0,0.0,0.0,0.0,0.0,0.0,0.0,0.0,0.0,0.0,0.0,0.403,0.01048,0.0,0.0,0.0,0.0,0.0,0.0,0.0,0.0,0.0,0.0,0.013152126260412103,11.429197720298099,18.491889522139417,0.06576063130206052,0.0,0.0,0.0,0.0,0.0,0.0,0.0,0.0,0.0,0.0,0.0,0.0,0.0,0.0,0.0,0.0
26200,4863,2538,0.5219000616903147,1249,965,0.4552745219000617,1334,0.5486325313592433,0.38199999999999995,2.9346236559139784,3.0460312832922836,6.406480117820324,2.1304343101236363,8305.429919792345,433.04799453714224,7853.0,8742.942318999767,8719.88995269904,5.613557205626205,7853.0,0.0,28.73925560353691,20.96995773265489,33.512360639844886,19.168050788091975,0.13427925149084927,0.09705942833641786,0.08595517170470902,0.07916923709644252,0.08019740900678593,0.08533826855850297,0.06744807731852766,0.06251285214887929,0.06251285214887929,0.055521283158544106,0.05161422989923915,0.0396874357392556,0.03454657618753856,0.025293028994447873,0.01747892247583796,0.01418877236273905,0.007197203372403866,0.9352031101568623,0.023332286948281846,0.0,0.0,0.0,0.0,0.0,0.0,0.0,0.0,0.0,0.0,0.0,0.0,0.0,0.0,0.0,0.0,0.0,0.0,0.0,0.0,0.0,0.0,0.0,0.0,0.0,0.043183220234423204,1.8383713756940163,12.208513263417647,13.146206045650835,2.763726095003085,4.085073231536304,2.866390873013186,nan,nan,nan,4.05819774718398,2.887718113116472,4.111731843575419,2.8448269743630417,1.0131915938370886,0.4033,0.01058,0.0,0.0,0.0,0.0,0.0,0.0,0.0,0.0,0.0,0.0,0.012338062924120916,11.239975323874136,18.692165330043185,0.05552128315854412,0.0,0.0,0.0,0.0,0.0,0.0,0.0,0.0,0.0,0.0,0.0,0.0,0.0,0.0,0.0,0.0,nan,nan,4.085073231536304,2.866390873013186,nan,0.4033,0.0492,0.0,0.0,0.0,0.0,0.0,0.0,0.0,0.0,0.0,0.0,0.0,0.0,0.0,0.0,0.0,0.0,0.0,0.0,0.0,2.0563438206868188e-05,0.0,0.0,0.00048324079786140245,0.006765371170059634,1.0281719103434094e-05,8.225375282747275e-05,0.010754678182192062,1.0281719103434094e-05,0.003701418877236274,0.0068167797655768044,0.0042360682706148465,0.004112687641373638,0.007269175406127905,0.015854410857495373,0.02634176434299815,0.04296730413325108,0.07050174789224758,0.07785317705120297,0.06944273082459387,0.07307217766810611,0.10529508533826856,0.09079786140242649,0.10412296936047707,0.049814929056138185,0.051778737404894096,0.048550277606415795,0.029693604770717665,0.02827472753444376,0.01253341558708616,0.029148673658235657,0.00635410240592227,0.008040304338885461,0.006261566933991363,0.004081842484063335,0.00020563438206868187,0.0008842278428953321,0.003793954349167181,7.197203372403867e-05,0.0,0.0,0.0,0.0,0.0,0.0,0.0,0.0,0.0,0.0,0.0,0.0,0.0,0.0,0.0,0.0,0.0,0.0,0.0,0.0,0.0,0.0,0.0,0.0,0.0,0.0,0.0,0.0,0.0,0.0,0.0,0.0,0.0,0.0,0.0,0.0,0.0,0.0,0.0,0.0,0.0,0.0,0.0,nan,nan,4.085073231536304,2.866390873013186,nan,0.935278330758578,0.02312396356413289,0.0,0.0,0.0,0.0,0.0,0.0,0.0,0.0,0.0,0.0,0.0,0.0,0.0,0.0,0.0,0.0,0.0,0.0,0.0,0.0,0.0,0.0,0.0,0.0,0.0,0.023640661938534285,1.7139479905437356,12.222222222222225,13.345153664302604,2.6950354609929086,0.9351209983774411,0.023557318212595754,0.0,0.0,0.0,0.0,0.0,0.0,0.0,0.0,0.0,0.0,0.0,0.0,0.0,0.0,0.0,0.0,0.0,0.0,0.0,0.0,0.0,0.0,0.0,0.0,0.0,0.06451612903225808,1.9741935483870972,12.193548387096778,12.929032258064519,2.8387096774193554,0.4033,0.01052,0.0,0.0,0.0,0.0,0.0,0.0,0.0,0.0,0.0,0.0,0.011820330969267143,11.17021276595743,18.782505910165487,0.03546099290780142,0.0,0.0,0.0,0.0,0.0,0.0,0.0,0.0,0.0,0.0,0.0,0.0,0.0,0.0,0.0,0.0,0.4033,0.010635,0.0,0.0,0.0,0.0,0.0,0.0,0.0,0.0,0.0,0.0,0.012903225806451616,11.316129032258049,18.593548387096778,0.0774193548387097,0.0,0.0,0.0,0.0,0.0,0.0,0.0,0.0,0.0,0.0,0.0,0.0,0.0,0.0,0.0,0.0
26300,4340,2282,0.5258064516129032,1089,830,0.44216589861751154,1199,0.5525345622119816,0.434,3.0471331389698735,3.174579246817529,6.808798646362098,2.0098716810649204,8308.837087618793,432.9074023845511,7853.0,8737.410686159134,8719.929430440649,5.799117217417089,7853.0,0.0,28.08663594470046,20.89328505938051,33.00027389756231,19.13746062746116,0.1380184331797235,0.09838709677419355,0.09331797235023041,0.08617511520737327,0.08202764976958525,0.07626728110599078,0.07119815668202766,0.05599078341013825,0.056451612903225805,0.060829493087557605,0.043548387096774194,0.04285714285714286,0.031566820276497695,0.027880184331797234,0.02142857142857143,0.009216589861751152,0.004838709677419355,0.9358199243309311,0.02368084233656721,0.0,0.0,0.0,0.0,0.0,0.0,0.0,0.0,0.0,0.0,0.0,0.0,0.0,0.0,0.0,0.0,0.0,0.0,0.0,0.0,0.0,0.0,0.0,0.0,0.0,0.04147465437788019,2.0529953917050694,11.509216589861754,13.652073732718897,2.744239631336406,4.242857142857143,2.924457040134431,nan,nan,nan,4.189443239334779,2.9096252204653124,4.294989414255469,2.9379245124680504,1.0251933655359533,0.403,0.01098,0.0,0.0,0.0,0.0,0.0,0.0,0.0,0.0,0.0,0.0,0.03456221198156683,11.5437788018433,18.331797235023046,0.08986175115207376,0.0,0.0,0.0,0.0,0.0,0.0,0.0,0.0,0.0,0.0,0.0,0.0,0.0,0.0,0.0,0.0,nan,nan,4.242857142857143,2.924457040134431,nan,0.403,0.0495,0.0,0.0,0.0,0.0,0.0,0.0,0.0,0.0,0.0,0.0,0.0,0.0,0.0,0.0,0.0,0.0,0.0,0.0,0.0,1.152073732718894e-05,0.0,0.0,0.0007834101382488479,0.007235023041474655,1.152073732718894e-05,0.0002880184331797235,0.011463133640552995,3.456221198156682e-05,0.0034216589861751153,0.00673963133640553,0.004861751152073733,0.00423963133640553,0.007453917050691245,0.014735023041474655,0.026059907834101382,0.042327188940092166,0.07016129032258064,0.07688940092165898,0.07226958525345623,0.07298387096774193,0.10221198156682028,0.09269585253456221,0.10327188940092166,0.05103686635944701,0.054700460829493085,0.049654377880184335,0.02804147465437788,0.026716589861751152,0.013513824884792627,0.025817972350230416,0.006071428571428571,0.008398617511520738,0.006163594470046083,0.004861751152073733,0.0002649769585253456,0.0010368663594470047,0.0035368663594470048,3.456221198156682e-05,0.0,0.0,0.0,0.0,0.0,0.0,0.0,0.0,0.0,0.0,0.0,0.0,0.0,0.0,0.0,0.0,0.0,0.0,0.0,0.0,0.0,0.0,0.0,0.0,0.0,0.0,0.0,0.0,0.0,0.0,0.0,0.0,0.0,0.0,0.0,0.0,0.0,0.0,0.0,0.0,0.0,0.0,0.0,nan,nan,4.242857142857143,2.924457040134431,nan,0.9358591515175821,0.023766488472525757,0.0,0.0,0.0,0.0,0.0,0.0,0.0,0.0,0.0,0.0,0.0,0.0,0.0,0.0,0.0,0.0,0.0,0.0,0.0,0.0,0.0,0.0,0.0,0.0,0.0,0.039439088518843125,2.0113935144609996,11.489921121822965,13.567046450482037,2.892199824715163,0.9357764275185221,0.02358543426838394,0.0,0.0,0.0,0.0,0.0,0.0,0.0,0.0,0.0,0.0,0.0,0.0,0.0,0.0,0.0,0.0,0.0,0.0,0.0,0.0,0.0,0.0,0.0,0.0,0.0,0.04373177842565598,2.099125364431487,11.530612244897961,13.7463556851312,2.580174927113703,0.4028,0.01121,0.0,0.0,0.0,0.0,0.0,0.0,0.0,0.0,0.0,0.0,0.026292725679228753,11.647677475898318,18.220858895705526,0.10517090271691501,0.0,0.0,0.0,0.0,0.0,0.0,0.0,0.0,0.0,0.0,0.0,0.0,0.0,0.0,0.0,0.0,0.403,0.01073,0.0,0.0,0.0,0.0,0.0,0.0,0.0,0.0,0.0,0.0,0.04373177842565598,11.428571428571413,18.454810495626827,0.07288629737609331,0.0,0.0,0.0,0.0,0.0,0.0,0.0,0.0,0.0,0.0,0.0,0.0,0.0,0.0,0.0,0.0
26400,4521,2340,0.517584605175846,1123,906,0.44879451448794516,1267,0.5604954656049547,0.41,3.0550206327372766,3.142890605643541,6.618296529968454,2.143741444787949,8301.905860323719,433.4061041672673,7853.0,8740.514999651909,8720.309142958775,5.758886429415342,7853.0,0.0,28.40256580402566,21.01622660307667,33.35943247503941,19.201713612812185,0.13824375138243752,0.09599646095996461,0.0944481309444813,0.0794072107940721,0.0813979208139792,0.0776376907763769,0.0676841406768414,0.0625967706259677,0.06326034063260341,0.0533067905330679,0.046228710462287104,0.0409201504092015,0.034726830347268305,0.026100420261004204,0.0205706702057067,0.009953550099535502,0.007520460075204601,0.9366580506152639,0.023323148549052892,0.0,0.0,0.0,0.0,0.0,0.0,0.0,0.0,0.0,0.0,0.0,0.0,0.0,0.0,0.0,0.0,0.0,0.0,0.0,0.0,0.0,0.0,0.0,0.0,0.0,0.06635700066357002,1.6191108161911085,11.877903118779034,13.384207033842074,3.052422030524221,4.361384458771632,2.9249245160001447,nan,nan,nan,4.389945652173913,2.975005845314427,4.335142469470828,2.873454940869239,0.9875162047448249,0.4033,0.01078,0.0,0.0,0.0,0.0,0.0,0.0,0.0,0.0,0.0,0.0,0.013271400132714004,11.13470471134703,18.7657597876576,0.08626410086264104,0.0,0.0,0.0,0.0,0.0,0.0,0.0,0.0,0.0,0.0,0.0,0.0,0.0,0.0,0.0,0.0,nan,nan,4.361384458771632,2.9249245160001447,nan,0.4033,0.04968,0.0,0.0,0.0,0.0,0.0,0.0,0.0,0.0,0.0,0.0,0.0,0.0,0.0,0.0,0.0,0.0,0.0,0.0,0.0,0.0,0.0,0.0,0.0011280690112806901,0.006569343065693431,0.0,0.00046449900464499007,0.012110152621101527,0.000143773501437735,0.0029418270294182705,0.006845830568458305,0.005651404556514045,0.004080955540809556,0.008836540588365405,0.01428887414288874,0.025613802256138022,0.040079628400796284,0.06682149966821499,0.07550320725503207,0.07127847821278478,0.0738774607387746,0.10120548551205485,0.09378456093784561,0.10865958858659588,0.05072992700729927,0.05648086706480867,0.04794293297942933,0.028710462287104624,0.02534837425348374,0.0134925901349259,0.025547445255474453,0.007431984074319841,0.00787436407874364,0.006049546560495465,0.004855120548551205,0.00027648750276487504,0.0012939615129396152,0.004069896040698961,1.1059500110595001e-05,0.0,0.0,0.0,0.0,0.0,0.0,0.0,0.0,0.0,0.0,0.0,0.0,0.0,0.0,0.0,0.0,0.0,0.0,0.0,0.0,0.0,0.0,0.0,0.0,0.0,0.0,0.0,0.0,0.0,0.0,0.0,0.0,0.0,0.0,0.0,0.0,0.0,0.0,0.0,0.0,0.0,0.0,0.0,nan,nan,4.361384458771632,2.9249245160001447,nan,0.9369163913859262,0.02339171939463261,0.0,0.0,0.0,0.0,0.0,0.0,0.0,0.0,0.0,0.0,0.0,0.0,0.0,0.0,0.0,0.0,0.0,0.0,0.0,0.0,0.0,0.0,0.0,0.0,0.0,0.051282051282051294,1.6410256410256414,11.820512820512823,13.30769230769231,3.17948717948718,0.9363808761983222,0.023246161461171908,0.0,0.0,0.0,0.0,0.0,0.0,0.0,0.0,0.0,0.0,0.0,0.0,0.0,0.0,0.0,0.0,0.0,0.0,0.0,0.0,0.0,0.0,0.0,0.0,0.0,0.08253094910591473,1.5955983493810182,11.939477303989,13.466299862448421,2.916093535075654,0.4036,0.01077,0.0,0.0,0.0,0.0,0.0,0.0,0.0,0.0,0.0,0.0,0.025641025641025647,11.153846153846139,18.717948717948723,0.10256410256410259,0.0,0.0,0.0,0.0,0.0,0.0,0.0,0.0,0.0,0.0,0.0,0.0,0.0,0.0,0.0,0.0,0.403,0.01079,0.0,0.0,0.0,0.0,0.0,0.0,0.0,0.0,0.0,0.0,0.0,11.114167812929832,18.81705639614856,0.06877579092159561,0.0,0.0,0.0,0.0,0.0,0.0,0.0,0.0,0.0,0.0,0.0,0.0,0.0,0.0,0.0,0.0
26500,4509,2341,0.5191838545131958,1098,949,0.45398092703481924,1272,0.5642049234863606,0.43,3.053966789667897,3.2030518978236504,6.905498281786942,2.2081551463474414,8303.379098179492,433.43873066849847,7853.0,8740.701576375961,8720.475161764773,5.852716043502047,7853.0,0.0,27.12818806830783,20.559526907530213,32.28025647876035,18.769699854692952,0.14792636948325572,0.0998003992015968,0.0955866045686405,0.08427589265912619,0.08205810601020182,0.08117099135063206,0.07096917276557996,0.06276336216455977,0.05788423153692615,0.0534486582390774,0.04324683965402528,0.0332667997338656,0.02772233311155467,0.027056997116877358,0.017076957196717677,0.01086715457972943,0.004879130627633622,0.9369442874165431,0.02381155414290328,0.0,0.0,0.0,0.0,0.0,0.0,0.0,0.0,0.0,0.0,0.0,0.0,0.0,0.0,0.0,0.0,0.0,0.0,0.0,0.0,0.0,0.0,0.0,0.0,0.0,0.07318695941450434,1.796407185628743,11.03792415169661,13.93878908848969,3.15369261477046,4.411662011173185,2.964268735651375,nan,nan,nan,4.435051546391753,2.9770730305046413,4.386363636363637,2.951528179611593,0.9890220193567474,0.4033,0.010544,0.0,0.0,0.0,0.0,0.0,0.0,0.0,0.0,0.0,0.0,0.013306719893546244,10.951430472388541,18.97538256819694,0.0598802395209581,0.0,0.0,0.0,0.0,0.0,0.0,0.0,0.0,0.0,0.0,0.0,0.0,0.0,0.0,0.0,0.0,nan,nan,4.411662011173185,2.964268735651375,nan,0.4033,0.04974,0.0,0.0,0.0,0.0,0.0,0.0,0.0,0.0,0.0,0.0,0.0,0.0,0.0,0.0,0.0,0.0,0.0,0.0,0.0,0.0,0.0,1.1088933244621867e-05,0.0015635395874916832,0.006609004213794633,2.2177866489243733e-05,0.0006209802616988245,0.012341982701264138,0.00025504546462630295,0.0028055001108893323,0.006087824351297406,0.005799512086937237,0.0038367709026391663,0.008405411399423376,0.014692836549123975,0.02394100687513861,0.0396540252827678,0.07042581503659348,0.07386338434242626,0.06898425371479264,0.07674650698602795,0.0989354624085163,0.09155023286759814,0.11068973164781548,0.04972277666888445,0.059137280993568415,0.051375027722333114,0.025160789532047017,0.027212242182302063,0.01383898868928809,0.02417387447327567,0.008106010201818585,0.007762253271235307,0.00504546462630295,0.0046019072965180745,0.00038811266356176535,0.0015968063872255488,0.00398092703481925,0.0,5.5444666223109334e-05,0.0,0.0,0.0,0.0,0.0,0.0,0.0,0.0,0.0,0.0,0.0,0.0,0.0,0.0,0.0,0.0,0.0,0.0,0.0,0.0,0.0,0.0,0.0,0.0,0.0,0.0,0.0,0.0,0.0,0.0,0.0,0.0,0.0,0.0,0.0,0.0,0.0,0.0,0.0,0.0,0.0,0.0,nan,nan,4.411662011173185,2.964268735651375,nan,0.937493822682571,0.02423450028902215,0.0,0.0,0.0,0.0,0.0,0.0,0.0,0.0,0.0,0.0,0.0,0.0,0.0,0.0,0.0,0.0,0.0,0.0,0.0,0.0,0.0,0.0,0.0,0.0,0.0,0.10252029047415637,1.8709953011533536,10.508329773601028,14.288765484835544,3.2293891499359257,0.9363509008585307,0.023331726798008396,0.0,0.0,0.0,0.0,0.0,0.0,0.0,0.0,0.0,0.0,0.0,0.0,0.0,0.0,0.0,0.0,0.0,0.0,0.0,0.0,0.0,0.0,0.0,0.0,0.0,0.0415129151291513,1.7158671586715872,11.609778597785981,13.560885608856092,3.0719557195571965,0.4036,0.01064,0.0,0.0,0.0,0.0,0.0,0.0,0.0,0.0,0.0,0.0,0.025630072618539092,10.764630499786401,19.13284920973943,0.07689021785561727,0.0,0.0,0.0,0.0,0.0,0.0,0.0,0.0,0.0,0.0,0.0,0.0,0.0,0.0,0.0,0.0,0.403,0.01042,0.0,0.0,0.0,0.0,0.0,0.0,0.0,0.0,0.0,0.0,0.0,11.153136531365297,18.805350553505537,0.0415129151291513,0.0,0.0,0.0,0.0,0.0,0.0,0.0,0.0,0.0,0.0,0.0,0.0,0.0,0.0,0.0,0.0
26600,4344,2243,0.5163443830570903,1029,894,0.44267955801104975,1209,0.5566298342541437,0.422,2.9557353641123276,3.127230922962336,6.629116117850953,2.21254922855282,8300.868034384572,433.4781078578027,7853.0,8742.763927781582,8720.38240809923,5.599910162503513,7853.0,0.0,27.966160220994475,21.156121988562916,33.149130074565036,19.36225305451482,0.1427255985267035,0.10174953959484347,0.09622467771639043,0.08080110497237569,0.07826887661141804,0.07458563535911603,0.07251381215469613,0.058931860036832415,0.05962246777163904,0.054097605893186004,0.0393646408839779,0.040515653775322284,0.034990791896869246,0.026012891344383057,0.02232965009208103,0.010128913443830571,0.007136279926335175,0.9371774882407479,0.023082385201484958,0.0,0.0,0.0,0.0,0.0,0.0,0.0,0.0,0.0,0.0,0.0,0.0,0.0,0.0,0.0,0.0,0.0,0.0,0.0,0.0,0.0,0.0,0.0,0.0,0.0,0.0621546961325967,1.4364640883977904,11.395027624309396,14.088397790055252,3.017955801104973,4.254048218783735,2.904169426305735,nan,nan,nan,4.195361911454674,2.886672965054912,4.315634218289086,2.9211501849574417,1.028667921712792,0.4038,0.01042,0.0,0.0,0.0,0.0,0.0,0.0,0.0,0.0,0.0,0.0,0.0138121546961326,10.573204419889487,19.323204419889507,0.0897790055248619,0.0,0.0,0.0,0.0,0.0,0.0,0.0,0.0,0.0,0.0,0.0,0.0,0.0,0.0,0.0,0.0,nan,nan,4.254048218783735,2.904169426305735,nan,0.4038,0.04907,0.0,0.0,0.0,0.0,0.0,0.0,0.0,0.0,0.0,0.0,0.0,0.0,0.0,0.0,0.0,0.0,0.0,0.0,0.0,0.0,2.302025782688766e-05,0.0,0.001553867403314917,0.005639963167587477,2.302025782688766e-05,0.0006906077348066298,0.0108195211786372,0.0005985267034990791,0.0030156537753222835,0.0055593922651933705,0.00585865561694291,0.00378683241252302,0.007562154696132597,0.01388121546961326,0.024677716390423574,0.039502762430939226,0.06658609576427256,0.07655386740331492,0.07010819521178638,0.07830340699815838,0.09974677716390423,0.09486648250460405,0.11069290976058932,0.04894106813996317,0.05620395948434623,0.05389042357274401,0.025621546961325965,0.027923572744014732,0.012120165745856353,0.022732504604051566,0.008137661141804788,0.007757826887661141,0.005824125230202579,0.0045695211786372005,0.0006560773480662984,0.0015768876611418048,0.003982504604051565,1.151012891344383e-05,0.0,0.0,0.0,0.0,0.0,0.0,0.0,0.0,0.0,0.0,0.0,0.0,0.0,0.0,0.0,0.0,0.0,0.0,0.0,0.0,0.0,0.0,0.0,0.0,0.0,0.0,0.0,0.0,0.0,0.0,0.0,0.0,0.0,0.0,0.0,0.0,0.0,0.0,0.0,0.0,0.0,0.0,0.0,nan,nan,4.254048218783735,2.904169426305735,nan,0.9371414738896167,0.022955617319608955,0.0,0.0,0.0,0.0,0.0,0.0,0.0,0.0,0.0,0.0,0.0,0.0,0.0,0.0,0.0,0.0,0.0,0.0,0.0,0.0,0.0,0.0,0.0,0.0,0.0,0.05349977708426216,1.5247436469014717,11.489077128845299,14.09719126170308,2.835488185465895,0.9372159366889093,0.02321689535828226,0.0,0.0,0.0,0.0,0.0,0.0,0.0,0.0,0.0,0.0,0.0,0.0,0.0,0.0,0.0,0.0,0.0,0.0,0.0,0.0,0.0,0.0,0.0,0.0,0.0,0.07139457401237508,1.3422179914326513,11.294621608757737,14.079009995240366,3.2127558305568784,0.4036,0.010284,0.0,0.0,0.0,0.0,0.0,0.0,0.0,0.0,0.0,0.0,0.0,10.900579580918397,19.032545697726263,0.0668747213553277,0.0,0.0,0.0,0.0,0.0,0.0,0.0,0.0,0.0,0.0,0.0,0.0,0.0,0.0,0.0,0.0,0.404,0.01056,0.0,0.0,0.0,0.0,0.0,0.0,0.0,0.0,0.0,0.0,0.02855782960495003,10.223702998572094,19.633507853403145,0.11423131841980012,0.0,0.0,0.0,0.0,0.0,0.0,0.0,0.0,0.0,0.0,0.0,0.0,0.0,0.0,0.0,0.0
26700,4543,2331,0.5130970724191063,1103,955,0.4530046224961479,1283,0.5648250055029717,0.414,3.0054249547920433,3.1506719410584334,6.705400981996727,2.199900375946758,8297.983125353689,433.4950925856464,7853.0,8740.555821561813,8720.24939445809,5.6932626453240704,7853.0,0.0,27.73695795729694,20.78622290029389,32.763684210526314,19.01089568767462,0.14175654853620956,0.1016949152542373,0.09024873431653092,0.08892802113141096,0.07770195905789126,0.08188421747743782,0.06669601584855822,0.06273387629319832,0.062293638564825005,0.04864626898525204,0.04732555580013207,0.035219018269865725,0.033017829627999117,0.027294739159145938,0.017389390270746204,0.01100594320933304,0.0061633281972265025,0.9367336754543835,0.023397588246033486,0.0,0.0,0.0,0.0,0.0,0.0,0.0,0.0,0.0,0.0,0.0,0.0,0.0,0.0,0.0,0.0,0.0,0.0,0.0,0.0,0.0,0.0,0.0,0.0,0.0,0.052828527404798604,1.7301342725071542,11.582654633502095,13.63636363636364,2.998018930222321,4.344178082191781,2.956598206484625,nan,nan,nan,4.311111111111111,2.952238113117438,4.376351351351351,2.960479816080004,1.0151330454165506,0.4028,0.01079,0.0,0.0,0.0,0.0,0.0,0.0,0.0,0.0,0.0,0.0,0.013207131851199651,11.582654633502075,18.357913273167515,0.04622496147919878,0.0,0.0,0.0,0.0,0.0,0.0,0.0,0.0,0.0,0.0,0.0,0.0,0.0,0.0,0.0,0.0,nan,nan,4.344178082191781,2.956598206484625,nan,0.4028,0.04935,0.0,0.0,0.0,0.0,0.0,0.0,0.0,0.0,0.0,0.0,0.0,0.0,0.0,0.0,0.0,0.0,0.0,0.0,0.0,1.100594320933304e-05,9.905348888399736e-05,0.0,0.0015078142196786265,0.007065815540391812,4.402377283733216e-05,0.001397754787585296,0.011093990755007704,0.0003301782962799912,0.0021791767554479417,0.006361435174994497,0.005789126128109179,0.0037310147479639004,0.00836451683909311,0.015177195685670261,0.025500770416024655,0.039181157825225625,0.06810477657935285,0.07513757429011667,0.06815980629539951,0.08089368258859785,0.09918556020250935,0.09106317411402157,0.11178736517719569,0.049394673123486686,0.05528285274047986,0.05447941888619855,0.024565265243231344,0.030838652872551178,0.011292097732775699,0.022584195465551397,0.007759189962579793,0.006999779881135813,0.005833149900946511,0.0036759850319172355,0.0006163328197226503,0.00137574290116663,0.0030816640986132513,5.5029716046665196e-05,0.0,0.0,0.0,0.0,0.0,0.0,0.0,0.0,0.0,0.0,0.0,0.0,0.0,0.0,0.0,0.0,0.0,0.0,0.0,0.0,0.0,0.0,0.0,0.0,0.0,0.0,0.0,0.0,0.0,0.0,0.0,0.0,0.0,0.0,0.0,0.0,0.0,0.0,0.0,0.0,0.0,0.0,0.0,nan,nan,4.344178082191781,2.956598206484625,nan,0.9370835560782689,0.023554733157246138,0.0,0.0,0.0,0.0,0.0,0.0,0.0,0.0,0.0,0.0,0.0,0.0,0.0,0.0,0.0,0.0,0.0,0.0,0.0,0.0,0.0,0.0,0.0,0.0,0.0,0.038610038610038616,1.7374517374517378,11.402831402831406,13.719433719433722,3.1016731016731023,0.9363649721387066,0.0232251359139664,0.0,0.0,0.0,0.0,0.0,0.0,0.0,0.0,0.0,0.0,0.0,0.0,0.0,0.0,0.0,0.0,0.0,0.0,0.0,0.0,0.0,0.0,0.0,0.0,0.0,0.0678119349005425,1.7224231464737798,11.772151898734181,13.548824593128394,2.888788426763111,0.403,0.01081,0.0,0.0,0.0,0.0,0.0,0.0,0.0,0.0,0.0,0.0,0.012870012870012873,11.184041184041169,18.738738738738743,0.06435006435006436,0.0,0.0,0.0,0.0,0.0,0.0,0.0,0.0,0.0,0.0,0.0,0.0,0.0,0.0,0.0,0.0,0.4026,0.01076,0.0,0.0,0.0,0.0,0.0,0.0,0.0,0.0,0.0,0.0,0.013562386980108502,12.002712477396004,17.956600361663657,0.027124773960217004,0.0,0.0,0.0,0.0,0.0,0.0,0.0,0.0,0.0,0.0,0.0,0.0,0.0,0.0,0.0,0.0
26800,4741,2431,0.5127610208816705,1158,980,0.4509597131406876,1366,0.5762497363425437,0.40199999999999997,3.0259740259740258,3.128450756820936,6.667673716012085,2.1347676587823012,8297.734222961788,433.543206590592,7853.0,8740.9372133255,8720.332353377968,5.561672175200563,7853.0,0.0,27.97447795823666,20.845743308810164,32.92939698492462,19.080082228002258,0.13794558110103353,0.09829149968361105,0.09090909090909091,0.09407298038388526,0.08141742248470787,0.0744568656401603,0.06601982704070872,0.06391056739084582,0.059902974056106305,0.05188778738662729,0.04851297194684666,0.039021303522463614,0.03332630246783379,0.025100189833368487,0.016663151233916894,0.01139000210925965,0.007171482809533854,0.9372511601629099,0.02306339229830588,0.0,0.0,0.0,0.0,0.0,0.0,0.0,0.0,0.0,0.0,0.0,0.0,0.0,0.0,0.0,0.0,0.0,0.0,0.0,0.0,0.0,0.0,0.0,0.0,0.0,0.03163889474794348,1.6958447584897705,11.212824298671169,14.098291499683613,2.96140054840751,4.350860110353781,2.957654196305399,nan,nan,nan,4.405598958333333,2.966206349868282,4.297279792746114,2.9488898164725135,0.9754132941714247,0.4033,0.010475,0.0,0.0,0.0,0.0,0.0,0.0,0.0,0.0,0.0,0.0,0.006327778949588696,11.314068761864569,18.62898122758912,0.05062223159670957,0.0,0.0,0.0,0.0,0.0,0.0,0.0,0.0,0.0,0.0,0.0,0.0,0.0,0.0,0.0,0.0,nan,nan,4.350860110353781,2.957654196305399,nan,0.4033,0.0488,0.0,0.0,0.0,0.0,0.0,0.0,0.0,0.0,0.0,0.0,0.0,0.0,0.0,0.0,0.0,0.0,0.0,0.0,1.054629824931449e-05,0.0,3.163889474794347e-05,1.054629824931449e-05,0.0014553891584053998,0.007456232862265345,4.218519299725796e-05,0.0010862687196793925,0.010672853828306265,0.0001160092807424594,0.001592491035646488,0.006876186458553048,0.005663362159881881,0.0034486395275258384,0.006475427125079097,0.014153132250580047,0.02360261548196583,0.04086690571609365,0.06631512339168952,0.07719890318498207,0.07086057793714406,0.07856992195739296,0.09867116642058638,0.09539126766504957,0.10934402024889264,0.050949166842438304,0.055252056528158615,0.05520987133516136,0.025205652815861634,0.03226112634465303,0.010303733389580258,0.023286226534486396,0.006675806791816072,0.007182029107783168,0.005220417633410673,0.0034802784222737818,0.00047458342121915205,0.001782324404134149,0.0027842227378190253,2.109259649862898e-05,0.0,0.0,0.0,0.0,0.0,0.0,0.0,0.0,0.0,0.0,0.0,0.0,0.0,0.0,0.0,0.0,0.0,0.0,0.0,0.0,0.0,0.0,0.0,0.0,0.0,0.0,0.0,0.0,0.0,0.0,0.0,0.0,0.0,0.0,0.0,0.0,0.0,0.0,0.0,0.0,0.0,0.0,0.0,nan,nan,4.350860110353781,2.957654196305399,nan,0.937258857971648,0.023095586294149064,0.0,0.0,0.0,0.0,0.0,0.0,0.0,0.0,0.0,0.0,0.0,0.0,0.0,0.0,0.0,0.0,0.0,0.0,0.0,0.0,0.0,0.0,0.0,0.0,0.0,0.03702180172768409,1.6412998765939946,11.242287124640068,14.179350061703007,2.9000411353352535,0.9372430591356187,0.02302946056815966,0.0,0.0,0.0,0.0,0.0,0.0,0.0,0.0,0.0,0.0,0.0,0.0,0.0,0.0,0.0,0.0,0.0,0.0,0.0,0.0,0.0,0.0,0.0,0.0,0.0,0.02597402597402598,1.7532467532467537,11.181818181818185,14.012987012987017,3.0259740259740266,0.4033,0.01061,0.0,0.0,0.0,0.0,0.0,0.0,0.0,0.0,0.0,0.0,0.012340600575894697,11.291649526943628,18.646647470176884,0.04936240230357879,0.0,0.0,0.0,0.0,0.0,0.0,0.0,0.0,0.0,0.0,0.0,0.0,0.0,0.0,0.0,0.0,0.403,0.01033,0.0,0.0,0.0,0.0,0.0,0.0,0.0,0.0,0.0,0.0,0.0,11.337662337662321,18.610389610389614,0.05194805194805196,0.0,0.0,0.0,0.0,0.0,0.0,0.0,0.0,0.0,0.0,0.0,0.0,0.0,0.0,0.0,0.0
26900,4903,2499,0.509687946155415,1118,1003,0.43259229043442793,1371,0.5592494391189068,0.414,2.9954242928452577,3.176514644365073,6.727407407407408,2.1615642357168836,8295.066472254572,433.6018905748122,7853.0,8739.32567205429,8720.32769646425,5.753202994628099,7853.0,0.0,27.579849071996737,20.924680098384428,32.57264748902974,19.238817384548085,0.14317764633897614,0.10524168876198246,0.09647154803181726,0.08688558025698552,0.07913522333265348,0.0724046502141546,0.06954925555782174,0.05873954721599021,0.056903936365490515,0.05323271466449113,0.043646746889659395,0.03997552518866,0.03324495207016113,0.02834998980216194,0.015500713848664083,0.010401794819498267,0.007138486640832144,0.9371463584092693,0.023443437896708327,0.0,0.0,0.0,0.0,0.0,0.0,0.0,0.0,0.0,0.0,0.0,0.0,0.0,0.0,0.0,0.0,0.0,0.0,0.0,0.0,0.0,0.0,0.0,0.0,0.0,0.06118702834998981,1.627574954109729,11.142157862533146,13.968998572302675,3.2000815827044673,4.425758553905745,2.9372292791696286,nan,nan,nan,4.476190476190476,2.952827217486901,4.375,2.920567031856103,0.9773936170212766,0.4036,0.010666,0.0,0.0,0.0,0.0,0.0,0.0,0.0,0.0,0.0,0.0,0.024474811339995926,10.775035692433189,19.139302467876814,0.06118702834998981,0.0,0.0,0.0,0.0,0.0,0.0,0.0,0.0,0.0,0.0,0.0,0.0,0.0,0.0,0.0,0.0,nan,nan,4.425758553905745,2.9372292791696286,nan,0.4036,0.04935,0.0,0.0,0.0,0.0,0.0,0.0,0.0,0.0,0.0,0.0,0.0,0.0,0.0,0.0,0.0,0.0,0.0,0.0,0.0,0.0,7.138486640832144e-05,0.0,0.001754028146033041,0.00830104017948195,0.00014276973281664287,0.0013155211095247808,0.010208035896389965,7.138486640832144e-05,0.001193147052824801,0.007209871507240465,0.006088109320823985,0.0039057719763410156,0.00611870283499898,0.015357944115847441,0.02265959616561289,0.037303691617377115,0.06409341219661432,0.07832959412604527,0.06978380583316338,0.07751376708137875,0.09775647562716704,0.09829696104425861,0.10988170507852335,0.05022435243728329,0.0544156638792576,0.05674077095655721,0.02702427085457883,0.0314297368957781,0.011615337548439731,0.02341423618192943,0.005608810932082399,0.007770752600448705,0.0046706098307158885,0.0038751784621660207,0.000724046502141546,0.0019681827452580052,0.0031613297980828065,0.0,0.0,0.0,0.0,0.0,0.0,0.0,0.0,0.0,0.0,0.0,0.0,0.0,0.0,0.0,0.0,0.0,0.0,0.0,0.0,0.0,0.0,0.0,0.0,0.0,0.0,0.0,0.0,0.0,0.0,0.0,0.0,0.0,0.0,0.0,0.0,0.0,0.0,0.0,0.0,0.0,0.0,0.0,0.0,nan,nan,4.425758553905745,2.9372292791696286,nan,0.9369158404691069,0.02326461444244268,0.0,0.0,0.0,0.0,0.0,0.0,0.0,0.0,0.0,0.0,0.0,0.0,0.0,0.0,0.0,0.0,0.0,0.0,0.0,0.0,0.0,0.0,0.0,0.0,0.0,0.03601440576230493,1.6446578631452584,11.176470588235297,14.021608643457386,3.1212484993997607,0.9373859858354198,0.023625509210223623,0.0,0.0,0.0,0.0,0.0,0.0,0.0,0.0,0.0,0.0,0.0,0.0,0.0,0.0,0.0,0.0,0.0,0.0,0.0,0.0,0.0,0.0,0.0,0.0,0.0,0.08735440931780368,1.6098169717138107,11.106489184692183,13.914309484193014,3.2820299500831953,0.4036,0.01067,0.0,0.0,0.0,0.0,0.0,0.0,0.0,0.0,0.0,0.0,0.02400960384153662,10.936374549819911,18.9795918367347,0.06002400960384155,0.0,0.0,0.0,0.0,0.0,0.0,0.0,0.0,0.0,0.0,0.0,0.0,0.0,0.0,0.0,0.0,0.4036,0.01065,0.0,0.0,0.0,0.0,0.0,0.0,0.0,0.0,0.0,0.0,0.024958402662229623,10.607321131447572,19.305324459234612,0.06239600665557406,0.0,0.0,0.0,0.0,0.0,0.0,0.0,0.0,0.0,0.0,0.0,0.0,0.0,0.0,0.0,0.0
27000,4646,2430,0.5230305639259578,1130,950,0.4476969436074042,1327,0.5712440809298321,0.39799999999999996,3.009025270758123,2.9656440950117995,6.202962962962963,2.1057923903416618,8306.581750843681,433.16932419551614,7853.0,8739.904664570093,8720.218442148043,5.8023104764546,7853.0,0.0,29.02862677572105,21.344968046848198,33.98420382165605,19.505798717349897,0.13430908308222125,0.08953938872148084,0.0964270340077486,0.08071459319845029,0.07877744296168747,0.08092983211364614,0.06564786913473956,0.06349547998278089,0.05703831252690487,0.054670684459750325,0.0475678002582867,0.04175634954799828,0.03745157124408093,0.0297029702970297,0.02001721911321567,0.013990529487731381,0.007963839862247094,0.9371547708981416,0.02345779403578959,0.0,0.0,0.0,0.0,0.0,0.0,0.0,0.0,0.0,0.0,0.0,0.0,0.0,0.0,0.0,0.0,0.0,0.0,0.0,0.0,0.0,0.0,0.0,0.0,0.0,0.04520017219113217,1.614291863969006,11.429186396900564,13.747309513560054,3.1640120533792517,4.194010416666667,2.7495483644091125,nan,nan,nan,4.117569352708058,2.72605131698558,4.2682926829268295,2.7701709371234764,1.0366049281282035,0.4033,0.01096,0.0,0.0,0.0,0.0,0.0,0.0,0.0,0.0,0.0,0.0,0.012914334911752048,11.09341368919499,18.809728798966855,0.08394317692638832,0.0,0.0,0.0,0.0,0.0,0.0,0.0,0.0,0.0,0.0,0.0,0.0,0.0,0.0,0.0,0.0,nan,nan,4.194010416666667,2.7495483644091125,nan,0.4033,0.04922,0.0,0.0,0.0,0.0,0.0,0.0,0.0,0.0,0.0,0.0,0.0,0.0,0.0,0.0,0.0,0.0,0.0,0.0,0.0,0.0,5.3809728798966854e-05,0.0,0.001711149375807146,0.009244511407662505,0.00010761945759793371,0.0013237193284545846,0.010116229014205768,0.00010761945759793371,0.001043908738699957,0.006414119672836849,0.005187257856220404,0.004530779164873009,0.005337925096857512,0.01689625484287559,0.022589324149806286,0.036644425312096426,0.062343951786483,0.07763667671114938,0.07106112785191562,0.07625914765389583,0.09917133017649592,0.10117305208781747,0.11020232458028412,0.05143133878605252,0.05121609987085665,0.0595781317262161,0.026732673267326732,0.029972018941024536,0.011569091691777873,0.023611708996986655,0.0049504950495049506,0.0071674558760223845,0.004832113646147223,0.004121825226000861,0.000581145071028842,0.0019048643994834266,0.003164012053379251,1.076194575979337e-05,0.0,0.0,0.0,0.0,0.0,0.0,0.0,0.0,0.0,0.0,0.0,0.0,0.0,0.0,0.0,0.0,0.0,0.0,0.0,0.0,0.0,0.0,0.0,0.0,0.0,0.0,0.0,0.0,0.0,0.0,0.0,0.0,0.0,0.0,0.0,0.0,0.0,0.0,0.0,0.0,0.0,0.0,0.0,nan,nan,4.194010416666667,2.7495483644091125,nan,0.9364209542058622,0.023543070457387745,0.0,0.0,0.0,0.0,0.0,0.0,0.0,0.0,0.0,0.0,0.0,0.0,0.0,0.0,0.0,0.0,0.0,0.0,0.0,0.0,0.0,0.0,0.0,0.0,0.0,0.04938271604938273,1.7407407407407411,11.49382716049383,13.753086419753089,2.9629629629629637,0.9379594525598016,0.023337415743761275,0.0,0.0,0.0,0.0,0.0,0.0,0.0,0.0,0.0,0.0,0.0,0.0,0.0,0.0,0.0,0.0,0.0,0.0,0.0,0.0,0.0,0.0,0.0,0.0,0.0,0.040613718411552355,1.475631768953069,11.358303249097476,13.74097472924188,3.38447653429603,0.4036,0.01105,0.0,0.0,0.0,0.0,0.0,0.0,0.0,0.0,0.0,0.0,0.012345679012345682,11.049382716049367,18.851851851851855,0.08641975308641978,0.0,0.0,0.0,0.0,0.0,0.0,0.0,0.0,0.0,0.0,0.0,0.0,0.0,0.0,0.0,0.0,0.4033,0.010864,0.0,0.0,0.0,0.0,0.0,0.0,0.0,0.0,0.0,0.0,0.013537906137184119,11.141696750902511,18.763537906137188,0.08122743682310471,0.0,0.0,0.0,0.0,0.0,0.0,0.0,0.0,0.0,0.0,0.0,0.0,0.0,0.0,0.0,0.0
27100,4540,2307,0.5081497797356829,1104,908,0.4431718061674009,1262,0.5559471365638766,0.422,2.9395432154052843,3.131027162853656,6.535031847133758,2.2261579322036313,8293.824441573737,433.71592562592735,7853.0,8739.788073921203,8720.508870717278,5.711924503346939,7853.0,0.0,27.833700440528634,20.753745184187263,32.757607555089194,19.004459280793178,0.14008810572687225,0.09537444933920705,0.09823788546255506,0.08656387665198238,0.08370044052863436,0.07533039647577093,0.06541850220264317,0.06233480176211454,0.05881057268722467,0.059251101321585904,0.04449339207048458,0.03700440528634361,0.035462555066079295,0.02488986784140969,0.015418502202643172,0.011013215859030838,0.006607929515418502,0.9373910560481874,0.023378959082195873,0.0,0.0,0.0,0.0,0.0,0.0,0.0,0.0,0.0,0.0,0.0,0.0,0.0,0.0,0.0,0.0,0.0,0.0,0.0,0.0,0.0,0.0,0.0,0.0,0.0,0.026431718061674016,1.6387665198237888,11.094713656387668,14.068281938325994,3.1718061674008817,4.3238029624526355,2.941713328081788,nan,nan,nan,4.329251700680272,2.9476893033635303,4.318213538032101,2.935559904278937,0.9974503301236939,0.4038,0.01081,0.0,0.0,0.0,0.0,0.0,0.0,0.0,0.0,0.0,0.0,0.026431718061674016,10.724669603524212,19.176211453744497,0.07268722466960353,0.0,0.0,0.0,0.0,0.0,0.0,0.0,0.0,0.0,0.0,0.0,0.0,0.0,0.0,0.0,0.0,nan,nan,4.3238029624526355,2.941713328081788,nan,0.4038,0.04932,0.0,0.0,0.0,0.0,0.0,0.0,0.0,0.0,0.0,0.0,0.0,0.0,0.0,0.0,0.0,0.0,0.0,0.0,0.0,0.0,0.0001211453744493392,2.2026431718061676e-05,0.0020044052863436124,0.008711453744493391,0.00016519823788546255,0.001960352422907489,0.010429515418502202,0.0,0.0011453744493392071,0.005693832599118943,0.004669603524229075,0.005374449339207049,0.0038105726872246694,0.01605726872246696,0.02287444933920705,0.03685022026431718,0.0589647577092511,0.0790748898678414,0.07053964757709251,0.07593612334801762,0.09881057268722467,0.10537444933920705,0.10908590308370045,0.05214757709251101,0.05186123348017621,0.05736784140969163,0.027169603524229074,0.03026431718061674,0.012599118942731278,0.022555066079295156,0.005198237885462555,0.007643171806167401,0.005550660792951542,0.00433920704845815,0.0005947136563876652,0.0022026431718061676,0.002830396475770925,0.0,0.0,0.0,0.0,0.0,0.0,0.0,0.0,0.0,0.0,0.0,0.0,0.0,0.0,0.0,0.0,0.0,0.0,0.0,0.0,0.0,0.0,0.0,0.0,0.0,0.0,0.0,0.0,0.0,0.0,0.0,0.0,0.0,0.0,0.0,0.0,0.0,0.0,0.0,0.0,0.0,0.0,0.0,0.0,nan,nan,4.3238029624526355,2.941713328081788,nan,0.9376430769063819,0.02334387334846617,0.0,0.0,0.0,0.0,0.0,0.0,0.0,0.0,0.0,0.0,0.0,0.0,0.0,0.0,0.0,0.0,0.0,0.0,0.0,0.0,0.0,0.0,0.0,0.0,0.0,0.026007802340702216,1.4824447334200264,11.209362808842656,14.044213263979197,3.237971391417426,0.9371306834015887,0.02341230327724093,0.0,0.0,0.0,0.0,0.0,0.0,0.0,0.0,0.0,0.0,0.0,0.0,0.0,0.0,0.0,0.0,0.0,0.0,0.0,0.0,0.0,0.0,0.0,0.0,0.0,0.026869682042095843,1.8002686968204213,10.976265114196151,14.093148231079269,3.10344827586207,0.4036,0.010895,0.0,0.0,0.0,0.0,0.0,0.0,0.0,0.0,0.0,0.0,0.05201560468140443,10.65019505851754,19.245773732119638,0.05201560468140443,0.0,0.0,0.0,0.0,0.0,0.0,0.0,0.0,0.0,0.0,0.0,0.0,0.0,0.0,0.0,0.0,0.4038,0.01072,0.0,0.0,0.0,0.0,0.0,0.0,0.0,0.0,0.0,0.0,0.0,10.80161218092251,19.104343931930142,0.09404388714733544,0.0,0.0,0.0,0.0,0.0,0.0,0.0,0.0,0.0,0.0,0.0,0.0,0.0,0.0,0.0,0.0
27200,4660,2411,0.5173819742489271,1129,953,0.4467811158798283,1292,0.5545064377682404,0.39399999999999996,2.9675411293908405,3.087045358446641,6.504702194357367,2.1617528493172466,8301.819213621444,433.49765750654905,7853.0,8739.615993463993,8720.481350259615,5.66571403954181,7853.0,0.0,28.076824034334763,20.924493815033806,32.9696505993369,19.20298813952382,0.13433476394849786,0.10493562231759657,0.0944206008583691,0.08733905579399141,0.07982832618025751,0.06695278969957082,0.06695278969957082,0.07060085836909871,0.05386266094420601,0.054506437768240344,0.05321888412017167,0.03927038626609442,0.03261802575107296,0.026394849785407726,0.01630901287553648,0.01201716738197425,0.006437768240343348,0.9375365440425955,0.02358944430562526,0.0,0.0,0.0,0.0,0.0,0.0,0.0,0.0,0.0,0.0,0.0,0.0,0.0,0.0,0.0,0.0,0.0,0.0,0.0,0.0,0.0,0.0,0.0,0.0,0.0,0.012875536480686699,1.6480686695278974,10.93776824034335,14.118025751072965,3.283261802575108,4.304463690872751,2.9451865780503192,nan,nan,nan,4.265060240963855,2.929451171531011,4.343501326259947,2.9601762521228685,1.0183915538971062,0.4038,0.01054,0.0,0.0,0.0,0.0,0.0,0.0,0.0,0.0,0.0,0.0,0.012875536480686699,10.834763948497839,19.1137339055794,0.03862660944206009,0.0,0.0,0.0,0.0,0.0,0.0,0.0,0.0,0.0,0.0,0.0,0.0,0.0,0.0,0.0,0.0,nan,nan,4.304463690872751,2.9451865780503192,nan,0.4038,0.04922,0.0,0.0,0.0,0.0,0.0,0.0,0.0,0.0,0.0,0.0,0.0,0.0,0.0,0.0,0.0,0.0,0.0,0.0,0.0,0.0,0.00017167381974248928,3.218884120171674e-05,0.0023068669527896994,0.007736051502145923,0.00020386266094420602,0.0017918454935622317,0.010053648068669528,5.3648068669527894e-05,0.0010622317596566523,0.005933476394849786,0.005450643776824035,0.005321888412017167,0.0037553648068669528,0.01507510729613734,0.022199570815450643,0.04008583690987125,0.06062231759656652,0.0807618025751073,0.06582618025751073,0.07758583690987124,0.09706008583690987,0.10637339055793991,0.11022532188841201,0.05072961373390558,0.05087982832618026,0.05793991416309013,0.02876609442060086,0.02886266094420601,0.011931330472103005,0.02261802575107296,0.005590128755364807,0.0071030042918454935,0.005665236051502146,0.00407725321888412,0.0005579399141630901,0.0019206008583690986,0.0036695278969957083,0.0,0.0,0.0,0.0,0.0,0.0,0.0,0.0,0.0,0.0,0.0,0.0,0.0,0.0,0.0,0.0,0.0,0.0,0.0,0.0,0.0,0.0,0.0,0.0,0.0,0.0,0.0,0.0,0.0,0.0,0.0,0.0,0.0,0.0,0.0,0.0,0.0,0.0,0.0,0.0,0.0,0.0,0.0,0.0,nan,nan,4.304463690872751,2.9451865780503192,nan,0.9376070329827523,0.023622729755120794,0.0,0.0,0.0,0.0,0.0,0.0,0.0,0.0,0.0,0.0,0.0,0.0,0.0,0.0,0.0,0.0,0.0,0.0,0.0,0.0,0.0,0.0,0.0,0.0,0.0,0.012442969722107013,1.6549149730402326,10.937370385732065,14.160099543757779,3.2351721277478234,0.9374609776420983,0.023553474702887184,0.0,0.0,0.0,0.0,0.0,0.0,0.0,0.0,0.0,0.0,0.0,0.0,0.0,0.0,0.0,0.0,0.0,0.0,0.0,0.0,0.0,0.0,0.0,0.0,0.0,0.013339261894175192,1.6407292129835487,10.938194753223659,14.072921298354828,3.3348154735437983,0.4036,0.0106,0.0,0.0,0.0,0.0,0.0,0.0,0.0,0.0,0.0,0.0,0.012442969722107013,10.99958523434258,18.91331397760266,0.07465781833264207,0.0,0.0,0.0,0.0,0.0,0.0,0.0,0.0,0.0,0.0,0.0,0.0,0.0,0.0,0.0,0.0,0.4038,0.01047,0.0,0.0,0.0,0.0,0.0,0.0,0.0,0.0,0.0,0.0,0.013339261894175192,10.65807025344596,19.328590484659852,0.0,0.0,0.0,0.0,0.0,0.0,0.0,0.0,0.0,0.0,0.0,0.0,0.0,0.0,0.0,0.0,0.0
27300,4515,2312,0.5120708748615725,1098,899,0.4423034330011074,1275,0.5647840531561462,0.414,2.9863822060826144,3.137027301972255,6.547021943573668,2.2241511859473677,8297.299601479046,433.71832850399164,7853.0,8742.895212733745,8720.652552196318,5.596973826565269,7853.0,0.0,27.737320044296787,20.727288263388605,32.66209081309398,18.995146633508796,0.13842746400885936,0.10121816168327796,0.09656699889258029,0.08593576965669988,0.0823920265780731,0.08017718715393134,0.060022148394241415,0.06267995570321151,0.05404208194905869,0.056699889258028796,0.05470653377630122,0.04008859357696567,0.03122923588039867,0.02148394241417497,0.01838316722037652,0.009966777408637873,0.005980066445182724,0.9381853288854344,0.023136712992686347,0.0,0.0,0.0,0.0,0.0,0.0,0.0,0.0,0.0,0.0,0.0,0.0,0.0,0.0,0.0,0.0,0.0,0.0,0.0,0.0,0.0,0.0,0.0,0.0,0.0,0.0398671096345515,1.5215946843853825,10.677740863787378,14.405315614617944,3.3554817275747517,4.3319516407599306,2.8911152370190227,nan,nan,nan,4.216346153846154,2.868075866653602,4.448922863099375,2.909570108167488,1.0551607246575483,0.404,0.01063,0.0,0.0,0.0,0.0,0.0,0.0,0.0,0.0,0.0,0.0,0.013289036544850502,10.445182724252478,19.461794019933556,0.079734219269103,0.0,0.0,0.0,0.0,0.0,0.0,0.0,0.0,0.0,0.0,0.0,0.0,0.0,0.0,0.0,0.0,nan,nan,4.3319516407599306,2.8911152370190227,nan,0.404,0.04926,0.0,0.0,0.0,0.0,0.0,0.0,0.0,0.0,0.0,0.0,0.0,0.0,0.0,0.0,0.0,0.0,0.0,0.0,0.0,0.0,0.00022148394241417498,1.107419712070875e-05,0.0017386489479512734,0.006954595791805094,0.00017718715393134,0.0016832779623477299,0.010243632336655593,5.5370985603543746e-05,0.0014285714285714286,0.005913621262458472,0.004662236987818383,0.006323366555924696,0.0034883720930232558,0.014130675526024363,0.022602436323366556,0.040631229235880396,0.06229235880398671,0.08305647840531562,0.06571428571428571,0.07672203765227022,0.09600221483942414,0.1083499446290144,0.1073311184939092,0.04946843853820598,0.0527906976744186,0.05775193798449613,0.028637873754152825,0.027198228128460688,0.010941306755260243,0.021295681063122924,0.005946843853820598,0.00698781838316722,0.006744186046511628,0.005238095238095238,0.000575858250276855,0.00248062015503876,0.004186046511627907,0.0,2.21483942414175e-05,0.0,0.0,0.0,0.0,0.0,0.0,0.0,0.0,0.0,0.0,0.0,0.0,0.0,0.0,0.0,0.0,0.0,0.0,0.0,0.0,0.0,0.0,0.0,0.0,0.0,0.0,0.0,0.0,0.0,0.0,0.0,0.0,0.0,0.0,0.0,0.0,0.0,0.0,0.0,0.0,0.0,0.0,nan,nan,4.3319516407599306,2.8911152370190227,nan,0.9378604756661765,0.022795682525494985,0.0,0.0,0.0,0.0,0.0,0.0,0.0,0.0,0.0,0.0,0.0,0.0,0.0,0.0,0.0,0.0,0.0,0.0,0.0,0.0,0.0,0.0,0.0,0.0,0.0,0.02595155709342561,1.5700692041522495,10.588235294117649,14.623702422145332,3.1920415224913503,0.938526255187261,0.02348446066962968,0.0,0.0,0.0,0.0,0.0,0.0,0.0,0.0,0.0,0.0,0.0,0.0,0.0,0.0,0.0,0.0,0.0,0.0,0.0,0.0,0.0,0.0,0.0,0.0,0.0,0.054471175669541544,1.4707217430776218,10.77167498865184,14.176123467998188,3.527008624602815,0.404,0.01046,0.0,0.0,0.0,0.0,0.0,0.0,0.0,0.0,0.0,0.0,0.012975778546712806,10.082179930795833,19.85294117647059,0.05190311418685122,0.0,0.0,0.0,0.0,0.0,0.0,0.0,0.0,0.0,0.0,0.0,0.0,0.0,0.0,0.0,0.0,0.4038,0.0108,0.0,0.0,0.0,0.0,0.0,0.0,0.0,0.0,0.0,0.0,0.013617793917385386,10.826146164321365,19.051293690422156,0.10894235133908309,0.0,0.0,0.0,0.0,0.0,0.0,0.0,0.0,0.0,0.0,0.0,0.0,0.0,0.0,0.0,0.0
27400,4704,2424,0.5153061224489796,1099,938,0.4330357142857143,1285,0.546343537414966,0.40199999999999997,2.9368421052631577,3.1114464159986195,6.595275590551181,2.1226138346338415,8300.05280989045,433.5913041364986,7853.0,8744.614723467826,8720.548027114139,5.885643734433894,7853.0,0.0,27.676020408163264,20.912568312250638,32.60126742712294,19.249280556488973,0.1407312925170068,0.10778061224489796,0.09715136054421769,0.08418367346938775,0.0780187074829932,0.07015306122448979,0.06781462585034014,0.06377551020408163,0.05612244897959184,0.0548469387755102,0.04336734693877551,0.04230442176870748,0.03443877551020408,0.024022108843537414,0.018920068027210885,0.009991496598639456,0.006377551020408163,0.9380000698931363,0.023639848074549327,0.0,0.0,0.0,0.0,0.0,0.0,0.0,0.0,0.0,0.0,0.0,0.0,0.0,0.0,0.0,0.0,0.0,0.0,0.0,0.0,0.0,0.0,0.0,0.0,0.0,0.01275510204081633,1.5178571428571432,11.077806122448983,13.903061224489798,3.488520408163266,4.248993288590604,2.8600022867983634,nan,nan,nan,4.221923335574983,2.844403098021647,4.275954454119223,2.8752013546546076,1.0127977498049194,0.403,0.01075,0.0,0.0,0.0,0.0,0.0,0.0,0.0,0.0,0.0,0.0,0.01275510204081633,11.377551020408147,18.58418367346939,0.02551020408163266,0.0,0.0,0.0,0.0,0.0,0.0,0.0,0.0,0.0,0.0,0.0,0.0,0.0,0.0,0.0,0.0,nan,nan,4.248993288590604,2.8600022867983634,nan,0.403,0.049,0.0,0.0,0.0,0.0,0.0,0.0,0.0,0.0,0.0,0.0,0.0,0.0,0.0,0.0,0.0,0.0,0.0,0.0,0.0,0.0,0.0002657312925170068,0.0,0.001913265306122449,0.0067708333333333336,0.00023384353741496598,0.0017113095238095238,0.009842687074829931,0.0002232142857142857,0.0016156462585034013,0.006377551020408163,0.005420918367346939,0.005931122448979592,0.0034970238095238097,0.014221938775510205,0.02304421768707483,0.041666666666666664,0.06251062925170069,0.08315263605442177,0.06717687074829932,0.08107993197278912,0.09506802721088435,0.10820578231292517,0.10550595238095238,0.05063775510204081,0.05225340136054422,0.0552295918367347,0.02687074829931973,0.025829081632653062,0.011840986394557823,0.022034438775510205,0.006239370748299319,0.005431547619047619,0.006994047619047619,0.005006377551020408,0.00018069727891156462,0.0018601190476190475,0.003869047619047619,9.566326530612244e-05,0.0001913265306122449,0.0,0.0,0.0,0.0,0.0,0.0,0.0,0.0,0.0,0.0,0.0,0.0,0.0,0.0,0.0,0.0,0.0,0.0,0.0,0.0,0.0,0.0,0.0,0.0,0.0,0.0,0.0,0.0,0.0,0.0,0.0,0.0,0.0,0.0,0.0,0.0,0.0,0.0,0.0,0.0,0.0,0.0,nan,nan,4.248993288590604,2.8600022867983634,nan,0.9383157122105655,0.023728133874254185,0.0,0.0,0.0,0.0,0.0,0.0,0.0,0.0,0.0,0.0,0.0,0.0,0.0,0.0,0.0,0.0,0.0,0.0,0.0,0.0,0.0,0.0,0.0,0.0,0.0,0.012376237623762379,1.5841584158415845,10.891089108910894,13.824257425742577,3.6881188118811887,0.9376644922714484,0.023540982152598557,0.0,0.0,0.0,0.0,0.0,0.0,0.0,0.0,0.0,0.0,0.0,0.0,0.0,0.0,0.0,0.0,0.0,0.0,0.0,0.0,0.0,0.0,0.0,0.0,0.0,0.013157894736842108,1.447368421052632,11.276315789473687,13.986842105263161,3.276315789473685,0.403,0.01076,0.0,0.0,0.0,0.0,0.0,0.0,0.0,0.0,0.0,0.0,0.024752475247524757,11.311881188118795,18.62623762376238,0.037128712871287134,0.0,0.0,0.0,0.0,0.0,0.0,0.0,0.0,0.0,0.0,0.0,0.0,0.0,0.0,0.0,0.0,0.403,0.01074,0.0,0.0,0.0,0.0,0.0,0.0,0.0,0.0,0.0,0.0,0.0,11.447368421052616,18.53947368421053,0.013157894736842108,0.0,0.0,0.0,0.0,0.0,0.0,0.0,0.0,0.0,0.0,0.0,0.0,0.0,0.0,0.0,0.0
27500,4422,2372,0.5364088647670737,1130,859,0.4497964721845319,1246,0.5635459068294889,0.434,3.0702439024390245,3.1118878967557646,6.503184713375796,2.2163957768788314,8318.299777004468,432.5862114857246,7853.0,8744.0459364295,8720.4349131171,5.702172039807402,7853.0,0.0,29.412935323383085,21.266470617468062,34.01769677760169,19.500604879858862,0.12663952962460426,0.09339665309814564,0.08864767073722297,0.08593396653098145,0.0811849841700588,0.07575757575757576,0.06603346901854365,0.06377204884667571,0.05585707824513795,0.054274084124830396,0.0506558118498417,0.04952510176390773,0.03731343283582089,0.033016734509271825,0.01854364540931705,0.011985526910900044,0.007462686567164179,0.938217196069331,0.022856931636422356,0.0,0.0,0.0,0.0,0.0,0.0,0.0,0.0,0.0,0.0,0.0,0.0,0.0,0.0,0.0,0.0,0.0,0.0,0.0,0.0,0.0,0.0,0.0,0.0,0.0,0.020352781546811402,1.472184531886025,10.881953867028496,14.450474898236095,3.1750339213025787,4.1141705842847545,2.9175588709388456,nan,nan,nan,4.084131326949384,2.9043874361851345,4.1431398416886545,2.929913352338617,1.014448241257547,0.403,0.01087,0.0,0.0,0.0,0.0,0.0,0.0,0.0,0.0,0.0,0.0,0.020352781546811402,11.573948439620064,18.310719131614658,0.09497964721845321,0.0,0.0,0.0,0.0,0.0,0.0,0.0,0.0,0.0,0.0,0.0,0.0,0.0,0.0,0.0,0.0,nan,nan,4.1141705842847545,2.9175588709388456,nan,0.403,0.04965,0.0,0.0,0.0,0.0,0.0,0.0,0.0,0.0,0.0,0.0,0.0,0.0,0.0,0.0,0.0,0.0,0.0,0.0,0.0,0.0,0.0003165988240615106,0.0,0.002544097693351425,0.007112166440524649,0.000271370420624152,0.0019674355495251017,0.010900045228403437,0.00020352781546811397,0.0013568521031207597,0.006128448665762099,0.0051108095884215285,0.005517865219357757,0.003787878787878788,0.014393939393939395,0.023009950248756218,0.042051108095884214,0.060278154681139756,0.08475802804161013,0.06534373586612392,0.08400045228403437,0.08973315241971959,0.10555178652193578,0.10811849841700588,0.049638172772501134,0.05367480777928539,0.05516734509271823,0.02744233378561737,0.02706919945725916,0.012709181365897784,0.022410673903211217,0.0062528267752148346,0.005042966983265491,0.0067842605156037995,0.004454997738579828,0.00011307100859339665,0.002498869289914066,0.0038896426956128447,0.0001922207146087743,0.0001922207146087743,1.1307100859339666e-05,0.0,0.0,0.0,0.0,0.0,0.0,0.0,0.0,0.0,0.0,0.0,0.0,0.0,0.0,0.0,0.0,0.0,0.0,0.0,0.0,0.0,0.0,0.0,0.0,0.0,0.0,0.0,0.0,0.0,0.0,0.0,0.0,0.0,0.0,0.0,0.0,0.0,0.0,0.0,0.0,0.0,nan,nan,4.1141705842847545,2.9175588709388456,nan,0.9380750311365819,0.02284147458111211,0.0,0.0,0.0,0.0,0.0,0.0,0.0,0.0,0.0,0.0,0.0,0.0,0.0,0.0,0.0,0.0,0.0,0.0,0.0,0.0,0.0,0.0,0.0,0.0,0.0,0.02529510961214166,1.5050590219224287,11.066610455311976,14.19055649241147,3.2124789207419906,0.9383816912988338,0.022873700905938123,0.0,0.0,0.0,0.0,0.0,0.0,0.0,0.0,0.0,0.0,0.0,0.0,0.0,0.0,0.0,0.0,0.0,0.0,0.0,0.0,0.0,0.0,0.0,0.0,0.0,0.014634146341463419,1.4341463414634148,10.66829268292683,14.751219512195126,3.1317073170731717,0.4028,0.010826,0.0,0.0,0.0,0.0,0.0,0.0,0.0,0.0,0.0,0.0,0.02529510961214166,11.661045531197285,18.237774030354135,0.07588532883642497,0.0,0.0,0.0,0.0,0.0,0.0,0.0,0.0,0.0,0.0,0.0,0.0,0.0,0.0,0.0,0.0,0.4033,0.01092,0.0,0.0,0.0,0.0,0.0,0.0,0.0,0.0,0.0,0.0,0.014634146341463419,11.4731707317073,18.395121951219515,0.11707317073170735,0.0,0.0,0.0,0.0,0.0,0.0,0.0,0.0,0.0,0.0,0.0,0.0,0.0,0.0,0.0,0.0
27600,4802,2469,0.5141607663473553,1177,972,0.44752186588921283,1313,0.5468554768846314,0.418,2.984997856836691,3.1891690716803067,6.775384615384615,2.1502079161886267,8299.06534892695,433.6252248088767,7853.0,8739.486873710155,8720.560067050308,5.690095638350248,7853.0,0.0,27.36484798000833,20.712490051550386,32.37599800399202,19.01235528400166,0.13994169096209913,0.10787172011661808,0.0943356934610579,0.0897542690545606,0.08017492711370262,0.07392753019575177,0.06934610578925447,0.06226572261557684,0.06351520199916702,0.044981257809246146,0.04789670970428988,0.037067888379841735,0.030612244897959183,0.024989587671803416,0.015618492294877134,0.011453561016243232,0.006247396917950854,0.9386496103614234,0.023487312243942963,0.0,0.0,0.0,0.0,0.0,0.0,0.0,0.0,0.0,0.0,0.0,0.0,0.0,0.0,0.0,0.0,0.0,0.0,0.0,0.0,0.0,0.0,0.0,0.0,0.0,0.06872136609745941,1.5368596418159104,10.645564348188257,14.31278633902541,3.4360683048729705,4.4018445322793145,3.0182661780478934,nan,nan,nan,4.428381962864721,3.023478556380849,4.37565445026178,3.012884020574485,0.9880932780764846,0.4028,0.01086,0.0,0.0,0.0,0.0,0.0,0.0,0.0,0.0,0.0,0.0,0.018742190753852566,11.963765097875868,17.948771345272807,0.06872136609745941,0.0,0.0,0.0,0.0,0.0,0.0,0.0,0.0,0.0,0.0,0.0,0.0,0.0,0.0,0.0,0.0,nan,nan,4.4018445322793145,3.0182661780478934,nan,0.4028,0.04892,0.0,0.0,0.0,0.0,0.0,0.0,0.0,0.0,0.0,0.0,0.0,0.0,0.0,0.0,0.0,0.0,0.0,0.0,0.0,0.0,0.0002811328613077884,0.0,0.0031549354435651813,0.006434818825489379,0.0005518533944189921,0.0014160766347355268,0.010339441899208664,0.00021865889212827988,0.0011349437734277385,0.006028738025822574,0.005237401082882133,0.005174927113702624,0.004508538109121199,0.014650145772594752,0.023146605581007913,0.0402332361516035,0.060995418575593506,0.09049354435651812,0.0652332361516035,0.08390254060807997,0.08639108704706372,0.10630987088713036,0.10865264473136194,0.051259891711786756,0.05315493544356518,0.05603915035401916,0.027519783423573512,0.027748854643898375,0.012005414410662224,0.020845481049562683,0.0060912119950020825,0.005185339441899209,0.005497709287796752,0.004414827155351937,0.00017700957934194085,0.0021553519366930445,0.00319658475635152,0.0001665972511453561,2.0824656393169513e-05,3.123698458975427e-05,0.0,0.0,0.0,0.0,0.0,0.0,0.0,0.0,0.0,0.0,0.0,0.0,0.0,0.0,0.0,0.0,0.0,0.0,0.0,0.0,0.0,0.0,0.0,0.0,0.0,0.0,0.0,0.0,0.0,0.0,0.0,0.0,0.0,0.0,0.0,0.0,0.0,0.0,0.0,0.0,0.0,nan,nan,4.4018445322793145,3.0182661780478934,nan,0.9388524601941362,0.023296195094573407,0.0,0.0,0.0,0.0,0.0,0.0,0.0,0.0,0.0,0.0,0.0,0.0,0.0,0.0,0.0,0.0,0.0,0.0,0.0,0.0,0.0,0.0,0.0,0.0,0.0,0.07290400972053464,1.4094775212636699,10.692588092345082,14.471445929526126,3.3535844471445935,0.9384349355920415,0.023685999021516958,0.0,0.0,0.0,0.0,0.0,0.0,0.0,0.0,0.0,0.0,0.0,0.0,0.0,0.0,0.0,0.0,0.0,0.0,0.0,0.0,0.0,0.0,0.0,0.0,0.0,0.0642948992713245,1.6716673810544367,10.595799399914277,14.144877839691388,3.523360480068582,0.4026,0.01069,0.0,0.0,0.0,0.0,0.0,0.0,0.0,0.0,0.0,0.0,0.012150668286755775,11.773997569866324,18.16524908869988,0.0486026731470231,0.0,0.0,0.0,0.0,0.0,0.0,0.0,0.0,0.0,0.0,0.0,0.0,0.0,0.0,0.0,0.0,0.4028,0.01103,0.0,0.0,0.0,0.0,0.0,0.0,0.0,0.0,0.0,0.0,0.025717959708529796,12.164594942134574,17.719674239177028,0.0900128589798543,0.0,0.0,0.0,0.0,0.0,0.0,0.0,0.0,0.0,0.0,0.0,0.0,0.0,0.0,0.0,0.0
27700,4883,2496,0.5111611714110178,1165,984,0.44009830022527135,1371,0.5615400368625845,0.43,3.0779220779220777,3.149368140955749,6.709489051094891,2.1270548917820253,8296.54665481109,433.7726950855217,7853.0,8743.690342211723,8720.723684071536,5.672648569220197,7853.0,0.0,27.788859307802582,20.873595922771724,32.72907005125702,19.158481596283966,0.13823469178783535,0.1017816915830432,0.09645709604751178,0.08826541060823265,0.0774114274011878,0.07392996108949416,0.07536350604136802,0.06614785992217899,0.05345074749129634,0.049969281179602705,0.0434159328281794,0.039115297972557854,0.0329715338930985,0.028056522629531025,0.018840876510342004,0.009420438255171002,0.0071677247593692405,0.9390608437135037,0.02313689713495621,0.0,0.0,0.0,0.0,0.0,0.0,0.0,0.0,0.0,0.0,0.0,0.0,0.0,0.0,0.0,0.0,0.0,0.0,0.0,0.0,0.0,0.0,0.0,0.0,0.0,0.03071882039729675,1.370059389719435,10.665574441941432,14.407126766332176,3.5265205816096667,4.369871794871795,2.8920297164793003,nan,nan,nan,4.415969092079846,2.9698293973558236,4.324186343331206,2.8120573352371347,0.9792157175843341,0.403,0.01065,0.0,0.0,0.0,0.0,0.0,0.0,0.0,0.0,0.0,0.0,0.0122875281589187,11.310669670284645,18.621748924841288,0.05529387671513415,0.0,0.0,0.0,0.0,0.0,0.0,0.0,0.0,0.0,0.0,0.0,0.0,0.0,0.0,0.0,0.0,nan,nan,4.369871794871795,2.8920297164793003,nan,0.403,0.04858,0.0,0.0,0.0,0.0,0.0,0.0,0.0,0.0,0.0,0.0,0.0,0.0,0.0,0.0,0.0,0.0,0.0,0.0,0.0,3.071882039729674e-05,0.00015359410198648372,1.0239606799098915e-05,0.0024267868113864426,0.0063280770018431295,0.0006348556215441327,0.0018226500102396068,0.010034814663116936,0.0002764693835756707,0.0011468359614990784,0.005048126151955765,0.004740937947982797,0.006246160147450338,0.004607823059594511,0.012819987712471842,0.022496416137620316,0.04139873028875691,0.06083350399344665,0.08993446651648576,0.06573827565021503,0.08382142125742371,0.08671922998156871,0.10861150931804218,0.1075875486381323,0.05160761826745853,0.050153594101986484,0.05711652672537375,0.02895760802785173,0.02849682572189228,0.012615195576489862,0.02086831865656359,0.0060823264386647554,0.004884292443170182,0.005263157894736842,0.0044439893508089285,0.00016383370878558264,0.002785173049354905,0.002908048330944092,4.095842719639566e-05,0.0,0.0001433544951873848,0.0,0.0,0.0,0.0,0.0,0.0,0.0,0.0,0.0,0.0,0.0,0.0,0.0,0.0,0.0,0.0,0.0,0.0,0.0,0.0,0.0,0.0,0.0,0.0,0.0,0.0,0.0,0.0,0.0,0.0,0.0,0.0,0.0,0.0,0.0,0.0,0.0,0.0,0.0,0.0,0.0,nan,nan,4.369871794871795,2.8920297164793003,nan,0.9391139755025506,0.02325352186785493,0.0,0.0,0.0,0.0,0.0,0.0,0.0,0.0,0.0,0.0,0.0,0.0,0.0,0.0,0.0,0.0,0.0,0.0,0.0,0.0,0.0,0.0,0.0,0.0,0.0,0.03605769230769231,1.478365384615385,10.300480769230772,14.783653846153848,3.4014423076923084,0.9390052857137295,0.023014183573807766,0.0,0.0,0.0,0.0,0.0,0.0,0.0,0.0,0.0,0.0,0.0,0.0,0.0,0.0,0.0,0.0,0.0,0.0,0.0,0.0,0.0,0.0,0.0,0.0,0.0,0.02513615416841224,1.2568077084206117,11.047339757017179,14.013405948889822,3.657310431503981,0.403,0.01066,0.0,0.0,0.0,0.0,0.0,0.0,0.0,0.0,0.0,0.0,0.0,11.550480769230754,18.365384615384617,0.0841346153846154,0.0,0.0,0.0,0.0,0.0,0.0,0.0,0.0,0.0,0.0,0.0,0.0,0.0,0.0,0.0,0.0,0.403,0.01064,0.0,0.0,0.0,0.0,0.0,0.0,0.0,0.0,0.0,0.0,0.02513615416841224,11.059907834101367,18.889819857561797,0.02513615416841224,0.0,0.0,0.0,0.0,0.0,0.0,0.0,0.0,0.0,0.0,0.0,0.0,0.0,0.0,0.0,0.0
27800,4907,2557,0.5210923170980233,1178,990,0.44181781128999387,1354,0.5518646831057673,0.41,2.980425531914894,3.064768886810372,6.583333333333333,2.1056981375459887,8305.141602721818,433.4729647514005,7853.0,8740.95998751521,8720.680424151724,5.613861802699091,7853.0,0.0,27.841654778887303,20.835053222598336,32.80170109356015,19.09428030173311,0.13755858976971674,0.10332178520480946,0.0974118606072957,0.0851844304055431,0.07947829631139189,0.07030772366007744,0.06704707560627675,0.06500917057265132,0.06052577949867536,0.05441206439779906,0.04687181577338496,0.039739148155695944,0.033421642551457104,0.026288974933768087,0.01793356429590381,0.008559201141226819,0.006928877114326473,0.939360617340182,0.023036511429673737,0.0,0.0,0.0,0.0,0.0,0.0,0.0,0.0,0.0,0.0,0.0,0.0,0.0,0.0,0.0,0.0,0.0,0.0,0.0,0.0,0.0,0.0,0.0,0.0,0.0,0.0183411453026289,1.2655390258813943,10.802934583248424,14.232728754840027,3.680456490727533,4.251832961428116,2.8333284432083294,nan,nan,nan,4.24791265253693,2.790513532999854,4.255696202531645,2.8748911629566676,1.0018323234565727,0.403,0.0104,0.0,0.0,0.0,0.0,0.0,0.0,0.0,0.0,0.0,0.0,0.024454860403505203,11.756674138985106,18.139392704299983,0.07947829631139192,0.0,0.0,0.0,0.0,0.0,0.0,0.0,0.0,0.0,0.0,0.0,0.0,0.0,0.0,0.0,0.0,nan,nan,4.251832961428116,2.8333284432083294,nan,0.403,0.04843,0.0,0.0,0.0,0.0,0.0,0.0,0.0,0.0,0.0,0.0,0.0,0.0,0.0,0.0,0.0,0.0,0.0,0.0,0.0,0.0,0.00019360097819441614,0.0,0.002353780313837375,0.00618504177705319,0.0007438353372732831,0.0015691868758915834,0.00962910128388017,0.00034644385571632364,0.001049521092317098,0.005543101691461178,0.00388220908905645,0.0069390666394945994,0.004228652944772773,0.01412268188302425,0.023649887915223152,0.040370898716119825,0.06148359486447932,0.09001426533523538,0.06675157937640105,0.08348277970246587,0.08793560220093743,0.10962910128388018,0.10915019360097819,0.049949052374159364,0.0456490727532097,0.0560016303240269,0.0295190544120644,0.029814550641940087,0.013022213164866518,0.021795394334624008,0.005736702669655594,0.003505196657835745,0.005257794986753618,0.004136947218259629,9.170572651314449e-05,0.002537191766863664,0.003281027104136947,0.00015284287752190747,0.0,0.00027511717953943347,0.0,2.037905033625433e-05,0.0,0.0,0.0,0.0,0.0,0.0,0.0,0.0,0.0,0.0,0.0,0.0,0.0,0.0,0.0,0.0,0.0,0.0,0.0,0.0,0.0,0.0,0.0,0.0,0.0,0.0,0.0,0.0,0.0,0.0,0.0,0.0,0.0,0.0,0.0,0.0,0.0,0.0,0.0,nan,nan,4.251832961428116,2.8333284432083294,nan,0.9391181635399745,0.023139660701319276,0.0,0.0,0.0,0.0,0.0,0.0,0.0,0.0,0.0,0.0,0.0,0.0,0.0,0.0,0.0,0.0,0.0,0.0,0.0,0.0,0.0,0.0,0.0,0.0,0.0,0.0234649980445835,1.2671098944075092,11.040281579976538,13.914743840438016,3.7543996871333603,0.9396244277091736,0.022920835714138707,0.0,0.0,0.0,0.0,0.0,0.0,0.0,0.0,0.0,0.0,0.0,0.0,0.0,0.0,0.0,0.0,0.0,0.0,0.0,0.0,0.0,0.0,0.0,0.0,0.0,0.012765957446808513,1.2638297872340427,10.544680851063832,14.578723404255323,3.600000000000001,0.403,0.0105,0.0,0.0,0.0,0.0,0.0,0.0,0.0,0.0,0.0,0.0,0.0234649980445835,11.978881501759858,17.880328509972628,0.11732499022291751,0.0,0.0,0.0,0.0,0.0,0.0,0.0,0.0,0.0,0.0,0.0,0.0,0.0,0.0,0.0,0.0,0.403,0.010284,0.0,0.0,0.0,0.0,0.0,0.0,0.0,0.0,0.0,0.0,0.025531914893617027,11.51489361702126,18.421276595744683,0.03829787234042554,0.0,0.0,0.0,0.0,0.0,0.0,0.0,0.0,0.0,0.0,0.0,0.0,0.0,0.0,0.0,0.0
27900,4792,2524,0.5267111853088481,1174,975,0.4484557595993322,1337,0.5580133555926544,0.414,2.9656084656084656,3.059760271493704,6.540157480314961,2.0603974787587807,8310.055778268837,433.27648105798835,7853.0,8741.3055082798,8720.75407664987,5.593380743973959,7853.0,0.0,28.110601001669448,20.75578132883341,32.91596638655462,19.007812664963172,0.13397328881469114,0.10121035058430718,0.09557595993322204,0.08555926544240401,0.07491652754590986,0.07929883138564274,0.06990818030050083,0.06406510851419031,0.05571786310517529,0.054048414023372286,0.0505008347245409,0.04382303839732888,0.03380634390651085,0.02587646076794658,0.0162771285475793,0.009808013355592655,0.005634390651085142,0.9389239403610437,0.023264156857677853,0.0,0.0,0.0,0.0,0.0,0.0,0.0,0.0,0.0,0.0,0.0,0.0,0.0,0.0,0.0,0.0,0.0,0.0,0.0,0.0,0.0,0.0,0.0,0.0,0.0,0.018781302170283808,1.3710350584307183,10.64899833055092,14.44282136894825,3.518363939899834,4.082424631173829,2.827849727739694,nan,nan,nan,4.146925566343042,2.8345587941629344,4.019071837253655,2.8198086715203172,0.9691690320831742,0.4033,0.010216,0.0,0.0,0.0,0.0,0.0,0.0,0.0,0.0,0.0,0.0,0.012520868113522541,11.037145242070102,18.900250417362273,0.050083472454090165,0.0,0.0,0.0,0.0,0.0,0.0,0.0,0.0,0.0,0.0,0.0,0.0,0.0,0.0,0.0,0.0,nan,nan,4.082424631173829,2.827849727739694,nan,0.4033,0.0479,0.0,0.0,0.0,0.0,0.0,0.0,0.0,0.0,0.0,0.0,0.0,0.0,0.0,0.0,0.0,0.0,0.0,0.0,0.0,0.0,0.00021911519198664442,0.0,0.001763355592654424,0.005874373956594324,0.0008242904841402337,0.0011373121869782971,0.009390651085141904,0.00030258764607679465,0.0010225375626043405,0.006229131886477462,0.004486644407345576,0.006333472454090151,0.004643155258764607,0.01318864774624374,0.021118530884808015,0.04016068447412354,0.06194699499165275,0.08837646076794657,0.06782136894824708,0.08376460767946578,0.08694699499165276,0.1098914858096828,0.11090358931552588,0.05518572621035058,0.046379382303839735,0.056281302170283806,0.029257095158597663,0.029152754590984976,0.012343489148580968,0.018614357262103507,0.006656928213689482,0.003484974958263773,0.005530050083472454,0.0042153589315525875,0.00010434056761268782,0.0031302170283806345,0.0028797996661101837,0.0001147746243739566,0.0,0.0003234557595993322,0.0,0.0,0.0,0.0,0.0,0.0,0.0,0.0,0.0,0.0,0.0,0.0,0.0,0.0,0.0,0.0,0.0,0.0,0.0,0.0,0.0,0.0,0.0,0.0,0.0,0.0,0.0,0.0,0.0,0.0,0.0,0.0,0.0,0.0,0.0,0.0,0.0,0.0,0.0,0.0,0.0,nan,nan,4.082424631173829,2.827849727739694,nan,0.9388710111615775,0.023161419582387818,0.0,0.0,0.0,0.0,0.0,0.0,0.0,0.0,0.0,0.0,0.0,0.0,0.0,0.0,0.0,0.0,0.0,0.0,0.0,0.0,0.0,0.0,0.0,0.0,0.0,0.023771790808240892,1.3668779714738515,10.590332805071318,14.488906497622823,3.5301109350237727,0.9389828439322309,0.02337781888728735,0.0,0.0,0.0,0.0,0.0,0.0,0.0,0.0,0.0,0.0,0.0,0.0,0.0,0.0,0.0,0.0,0.0,0.0,0.0,0.0,0.0,0.0,0.0,0.0,0.0,0.01322751322751323,1.375661375661376,10.714285714285715,14.391534391534394,3.505291005291006,0.4036,0.010254,0.0,0.0,0.0,0.0,0.0,0.0,0.0,0.0,0.0,0.0,0.011885895404120446,10.661648177496023,19.243264659271002,0.08320126782884313,0.0,0.0,0.0,0.0,0.0,0.0,0.0,0.0,0.0,0.0,0.0,0.0,0.0,0.0,0.0,0.0,0.403,0.01017,0.0,0.0,0.0,0.0,0.0,0.0,0.0,0.0,0.0,0.0,0.01322751322751323,11.45502645502644,18.518518518518523,0.01322751322751323,0.0,0.0,0.0,0.0,0.0,0.0,0.0,0.0,0.0,0.0,0.0,0.0,0.0,0.0,0.0,0.0
28000,5010,2525,0.5039920159680639,1167,1076,0.4477045908183633,1459,0.5824351297405189,0.39399999999999996,2.9480885311871226,3.0806923508152324,6.630813953488372,2.132332337593002,8290.253490340829,433.79413847485307,7853.0,8738.949587666988,8720.58019271586,5.546023238079549,7853.0,0.0,27.91057884231537,20.654268088792303,32.659423712801136,18.937113995772062,0.13612774451097803,0.09740518962075849,0.09321357285429142,0.09221556886227544,0.0844311377245509,0.07544910179640718,0.06826347305389222,0.06047904191616767,0.057085828343313376,0.05129740518962076,0.04770459081836327,0.04770459081836327,0.03592814371257485,0.022754491017964073,0.012974051896207584,0.009780439121756487,0.00718562874251497,0.9391191713824244,0.023006901636118723,0.0,0.0,0.0,0.0,0.0,0.0,0.0,0.0,0.0,0.0,0.0,0.0,0.0,0.0,0.0,0.0,0.0,0.0,0.0,0.0,0.0,0.0,0.0,0.0,0.0,0.02395209580838324,1.3113772455089825,10.67664670658683,14.550898203592817,3.4371257485029947,4.296821968528232,2.8441171829818304,nan,nan,nan,4.242331288343558,2.8591988174973237,4.351955307262569,2.8277073447054475,1.0258405134979014,0.4033,0.01059,0.0,0.0,0.0,0.0,0.0,0.0,0.0,0.0,0.0,0.0,0.017964071856287428,11.275449101796392,18.652694610778447,0.053892215568862284,0.0,0.0,0.0,0.0,0.0,0.0,0.0,0.0,0.0,0.0,0.0,0.0,0.0,0.0,0.0,0.0,nan,nan,4.296821968528232,2.8441171829818304,nan,0.4033,0.0483,0.0,0.0,0.0,0.0,0.0,0.0,0.0,0.0,0.0,0.0,0.0,0.0,0.0,0.0,0.0,0.0,0.0,0.0,0.0,0.0,4.99001996007984e-05,0.0,0.0014970059880239522,0.006017964071856287,0.0006187624750499002,0.0015069860279441117,0.010459081836327344,0.0001596806387225549,0.0015369261477045908,0.005548902195608782,0.00470059880239521,0.005778443113772455,0.004810379241516966,0.014161676646706587,0.02125748502994012,0.04030938123752495,0.06158682634730539,0.09050898203592814,0.07060878243512975,0.08005988023952096,0.08351297405189621,0.11036926147704591,0.1118063872255489,0.05284431137724551,0.04636726546906188,0.056057884231536924,0.028842315369261476,0.02941117764471058,0.012195608782435129,0.019481037924151696,0.007085828343313373,0.0036726546906187623,0.006127744510978044,0.0049800399201596806,6.986027944111776e-05,0.0027045908183632736,0.002614770459081836,7.984031936127745e-05,0.0,0.0005988023952095808,0.0,0.0,0.0,0.0,0.0,0.0,0.0,0.0,0.0,0.0,0.0,0.0,0.0,0.0,0.0,0.0,0.0,0.0,0.0,0.0,0.0,0.0,0.0,0.0,0.0,0.0,0.0,0.0,0.0,0.0,0.0,0.0,0.0,0.0,0.0,0.0,0.0,0.0,0.0,0.0,0.0,nan,nan,4.296821968528232,2.8441171829818304,nan,0.9386533116822195,0.022742789594489495,0.0,0.0,0.0,0.0,0.0,0.0,0.0,0.0,0.0,0.0,0.0,0.0,0.0,0.0,0.0,0.0,0.0,0.0,0.0,0.0,0.0,0.0,0.0,0.0,0.0,0.03564356435643565,1.1881188118811883,11.085148514851488,14.435643564356438,3.255445544554456,0.9395925298303186,0.023262641210486542,0.0,0.0,0.0,0.0,0.0,0.0,0.0,0.0,0.0,0.0,0.0,0.0,0.0,0.0,0.0,0.0,0.0,0.0,0.0,0.0,0.0,0.0,0.0,0.0,0.0,0.012072434607645878,1.4366197183098595,10.261569416498997,14.66800804828974,3.621730382293763,0.403,0.01057,0.0,0.0,0.0,0.0,0.0,0.0,0.0,0.0,0.0,0.0,0.02376237623762377,11.263366336633647,18.67722772277228,0.03564356435643565,0.0,0.0,0.0,0.0,0.0,0.0,0.0,0.0,0.0,0.0,0.0,0.0,0.0,0.0,0.0,0.0,0.4036,0.01061,0.0,0.0,0.0,0.0,0.0,0.0,0.0,0.0,0.0,0.0,0.012072434607645878,11.287726358148877,18.62776659959759,0.07243460764587527,0.0,0.0,0.0,0.0,0.0,0.0,0.0,0.0,0.0,0.0,0.0,0.0,0.0,0.0,0.0,0.0
28100,4710,2430,0.5159235668789809,1114,955,0.43927813163481955,1324,0.562208067940552,0.414,2.9846491228070176,3.0572363623264085,6.427492447129909,2.1408202247823644,8300.68893945753,433.6706763400495,7853.0,8742.540357851982,8720.74275919546,5.707490916331328,7853.0,0.0,28.20424628450106,21.052303256768077,33.152914458743375,19.28058446022666,0.1397027600849257,0.10148619957537156,0.08619957537154989,0.08471337579617834,0.08577494692144373,0.07388535031847134,0.0673036093418259,0.06687898089171974,0.05435244161358811,0.05222929936305733,0.04670912951167728,0.04394904458598726,0.03354564755838641,0.02399150743099788,0.02165605095541401,0.009554140127388535,0.008067940552016985,0.9385728658764225,0.023285323130520248,0.0,0.0,0.0,0.0,0.0,0.0,0.0,0.0,0.0,0.0,0.0,0.0,0.0,0.0,0.0,0.0,0.0,0.0,0.0,0.0,0.0,0.0,0.0,0.0,0.0,0.02547770700636943,1.4904458598726118,11.12738853503185,14.006369426751595,3.35031847133758,4.196979645436638,2.8196974018844116,nan,nan,nan,4.095330739299611,2.819354359096239,4.301196808510638,2.816242527181334,1.0502684843584171,0.4038,0.01058,0.0,0.0,0.0,0.0,0.0,0.0,0.0,0.0,0.0,0.0,0.012738853503184716,10.681528662420368,19.23566878980892,0.07006369426751594,0.0,0.0,0.0,0.0,0.0,0.0,0.0,0.0,0.0,0.0,0.0,0.0,0.0,0.0,0.0,0.0,nan,nan,4.196979645436638,2.8196974018844116,nan,0.4038,0.0483,0.0,0.0,0.0,0.0,0.0,0.0,0.0,0.0,0.0,0.0,0.0,0.0,0.0,0.0,0.0,0.0,0.0,0.0,0.0,0.0,0.0,0.0,0.0012632696390658174,0.006634819532908705,0.0004883227176220807,0.0018789808917197453,0.009140127388535032,0.00021231422505307856,0.0014437367303609342,0.005265392781316348,0.005031847133757962,0.007123142250530785,0.00505307855626327,0.013694267515923567,0.02145435244161359,0.03953290870488323,0.058938428874734605,0.09029723991507431,0.06845010615711253,0.08148619957537155,0.0821656050955414,0.10538216560509554,0.11424628450106157,0.05510615711252654,0.04936305732484077,0.058450106157112526,0.02718683651804671,0.029851380042462846,0.012303609341825903,0.020955414012738854,0.006210191082802548,0.004554140127388535,0.005817409766454352,0.0054033970276008494,3.184713375796178e-05,0.002940552016985138,0.0022717622080679406,2.1231422505307857e-05,0.0,0.0003503184713375796,0.0,0.0,0.0,0.0,0.0,0.0,0.0,0.0,0.0,0.0,0.0,0.0,0.0,0.0,0.0,0.0,0.0,0.0,0.0,0.0,0.0,0.0,0.0,0.0,0.0,0.0,0.0,0.0,0.0,0.0,0.0,0.0,0.0,0.0,0.0,0.0,0.0,0.0,0.0,0.0,0.0,nan,nan,4.196979645436638,2.8196974018844116,nan,0.9387876310220962,0.02323204546449542,0.0,0.0,0.0,0.0,0.0,0.0,0.0,0.0,0.0,0.0,0.0,0.0,0.0,0.0,0.0,0.0,0.0,0.0,0.0,0.0,0.0,0.0,0.0,0.0,0.0,0.024691358024691364,1.4197530864197534,11.14814814814815,14.160493827160497,3.2469135802469142,0.9383439714448494,0.02333979664414204,0.0,0.0,0.0,0.0,0.0,0.0,0.0,0.0,0.0,0.0,0.0,0.0,0.0,0.0,0.0,0.0,0.0,0.0,0.0,0.0,0.0,0.0,0.0,0.0,0.0,0.026315789473684216,1.5657894736842108,11.10526315789474,13.842105263157897,3.4605263157894743,0.4036,0.01052,0.0,0.0,0.0,0.0,0.0,0.0,0.0,0.0,0.0,0.0,0.012345679012345682,10.8148148148148,19.12345679012346,0.04938271604938273,0.0,0.0,0.0,0.0,0.0,0.0,0.0,0.0,0.0,0.0,0.0,0.0,0.0,0.0,0.0,0.0,0.404,0.010635,0.0,0.0,0.0,0.0,0.0,0.0,0.0,0.0,0.0,0.0,0.013157894736842108,10.53947368421051,19.35526315789474,0.09210526315789476,0.0,0.0,0.0,0.0,0.0,0.0,0.0,0.0,0.0,0.0,0.0,0.0,0.0,0.0,0.0,0.0
28200,4473,2278,0.5092778895595798,1077,915,0.44533869885982563,1252,0.5598032640286161,0.41,2.961731207289294,3.04998490764497,6.459752321981425,2.0293716181768655,8294.803390266574,433.6986277370428,7853.0,8738.73961623907,8720.50946648919,5.624668023293785,7853.0,0.0,28.58573664207467,21.154628409682523,33.511128775834656,19.353809985143013,0.13659736194947464,0.09389671361502347,0.09367315001117818,0.08696624189581936,0.07869438855354348,0.07422311647663761,0.07176391683433937,0.057232282584395264,0.05902079141515761,0.05589090096132349,0.04806617482673821,0.04225352112676056,0.03040465012295998,0.03375810418063939,0.02034428794992175,0.01006036217303823,0.007154035323049408,0.937288131738919,0.023106739044882797,0.0,0.0,0.0,0.0,0.0,0.0,0.0,0.0,0.0,0.0,0.0,0.0,0.0,0.0,0.0,0.0,0.0,0.0,0.0,0.0,0.0,0.0,0.0,0.0,0.0,0.020120724346076462,1.5962441314553995,11.562709590878608,13.789403085177737,3.031522468142187,4.210201985621363,2.8348914218688965,nan,nan,nan,4.152263374485597,2.830632643017249,4.26812585499316,2.8389144888968727,1.0279034516980554,0.4033,0.01038,0.0,0.0,0.0,0.0,0.0,0.0,0.0,0.0,0.0,0.0,0.0,10.818242790073759,19.141515761234075,0.040241448692152924,0.0,0.0,0.0,0.0,0.0,0.0,0.0,0.0,0.0,0.0,0.0,0.0,0.0,0.0,0.0,0.0,nan,nan,4.210201985621363,2.8348914218688965,nan,0.4033,0.0482,0.0,0.0,0.0,0.0,0.0,0.0,0.0,0.0,0.0,0.0,0.0,0.0,0.0,0.0,0.0,0.0,0.0,0.0,0.0,0.0,1.11781801922647e-05,0.0,0.000894254415381176,0.0070869662418958194,0.00036887994634473507,0.0020903196959534986,0.009099038676503465,0.0003018108651911469,0.0012631343617259111,0.0057567627990163205,0.0050525374469036445,0.007109322602280348,0.005410239213056114,0.012731947238989492,0.020422535211267606,0.04037558685446009,0.060999329309188464,0.09172814665772412,0.06775095014531635,0.08169014084507042,0.0808741336910351,0.10747820254862508,0.112541918175721,0.054717192041135704,0.049899396378269616,0.05912139503688799,0.02570981444220881,0.03066174826738207,0.011278783813995082,0.02081377151799687,0.006885758998435055,0.004314777554214174,0.005086071987480438,0.005298457411133468,0.000111781801922647,0.002302705119606528,0.0022132796780684103,3.35345405767941e-05,0.0,0.0005141962888441762,0.0,0.0,0.0,0.0,0.0,0.0,0.0,0.0,0.0,0.0,0.0,0.0,0.0,0.0,0.0,0.0,0.0,0.0,0.0,0.0,0.0,0.0,0.0,0.0,0.0,0.0,0.0,0.0,0.0,0.0,0.0,0.0,0.0,0.0,0.0,0.0,0.0,0.0,0.0,0.0,0.0,nan,nan,4.210201985621363,2.8348914218688965,nan,0.9379963949911421,0.02319902178060526,0.0,0.0,0.0,0.0,0.0,0.0,0.0,0.0,0.0,0.0,0.0,0.0,0.0,0.0,0.0,0.0,0.0,0.0,0.0,0.0,0.0,0.0,0.0,0.0,0.0,0.0,1.4881474978050926,11.246707638279196,14.143985952589995,3.121158911325725,0.9365530867782975,0.022987511529338853,0.0,0.0,0.0,0.0,0.0,0.0,0.0,0.0,0.0,0.0,0.0,0.0,0.0,0.0,0.0,0.0,0.0,0.0,0.0,0.0,0.0,0.0,0.0,0.0,0.0,0.041002277904328026,1.708428246013668,11.890660592255129,13.421412300683375,2.938496583143509,0.4033,0.01043,0.0,0.0,0.0,0.0,0.0,0.0,0.0,0.0,0.0,0.0,0.0,11.062335381913943,18.88498683055312,0.05267778753292363,0.0,0.0,0.0,0.0,0.0,0.0,0.0,0.0,0.0,0.0,0.0,0.0,0.0,0.0,0.0,0.0,0.4036,0.01033,0.0,0.0,0.0,0.0,0.0,0.0,0.0,0.0,0.0,0.0,0.0,10.564920273348504,19.407744874715267,0.027334851936218686,0.0,0.0,0.0,0.0,0.0,0.0,0.0,0.0,0.0,0.0,0.0,0.0,0.0,0.0,0.0,0.0
28300,4513,2301,0.5098604032794151,1070,920,0.44094837137159315,1300,0.5761134500332373,0.39799999999999996,3.0031645569620253,3.061675976759171,6.469325153374233,2.081317164603717,8295.461176157452,433.83990441753326,7853.0,8739.752506577968,8720.80846936053,5.841669574719661,7853.0,0.0,28.421670729005097,21.16272597429569,33.43052992354337,19.365331591793744,0.13871039220031023,0.0990471969864835,0.09528030135165079,0.07888322623532018,0.07733215156215378,0.07688898736982051,0.06492355417682251,0.06315089740748947,0.064037225792156,0.05273653888765788,0.04985597163749169,0.03944161311766009,0.03212940394416131,0.028362508309328606,0.01750498559716375,0.014402836250830933,0.007312209173498781,0.9388234740135122,0.02372613648423694,0.0,0.0,0.0,0.0,0.0,0.0,0.0,0.0,0.0,0.0,0.0,0.0,0.0,0.0,0.0,0.0,0.0,0.0,0.0,0.0,0.0,0.0,0.0,0.0,0.0,0.026589851539995574,1.4624418346997567,10.768889873698207,14.019499224462667,3.72257921559938,4.321063394683026,2.814508513736497,nan,nan,nan,4.338315217391305,2.8211544408094476,4.303693570451436,2.807694145069381,0.9920195640000804,0.404,0.01016,0.0,0.0,0.0,0.0,0.0,0.0,0.0,0.0,0.0,0.0,0.0,10.270330157323274,19.716374916906716,0.013294925769997787,0.0,0.0,0.0,0.0,0.0,0.0,0.0,0.0,0.0,0.0,0.0,0.0,0.0,0.0,0.0,0.0,nan,nan,4.321063394683026,2.814508513736497,nan,0.404,0.04794,0.0,0.0,0.0,0.0,0.0,0.0,0.0,0.0,0.0,0.0,0.0,0.0,0.0,0.0,0.0,0.0,0.0,0.0,0.0,0.0,2.2158209616662973e-05,0.0,0.0014402836250830932,0.006747174828273876,0.0006536671836915578,0.0018058940837580324,0.007633503212940394,0.00016618657212497231,0.0006979836029248836,0.005373365832040771,0.005018834478174163,0.006503434522490583,0.005539552404165743,0.014148016840239308,0.019931309550188344,0.03934190117438511,0.06046975404387325,0.0903279415023266,0.06664081542211389,0.08325947263461113,0.07957013073343674,0.11216485707954797,0.1137602481719477,0.053478838909816084,0.04956791491247507,0.06069133614003989,0.024916906713937512,0.03003545313538666,0.010392200310214934,0.02175936184356304,0.007478395745623753,0.0041214269886993135,0.005606027033015732,0.005262574783957456,8.863283846665189e-05,0.0027033015732328826,0.0021050299135829823,0.0,4.4316419233325945e-05,0.0005317970307999113,0.0,0.0,0.0,0.0,0.0,0.0,0.0,0.0,0.0,0.0,0.0,0.0,0.0,0.0,0.0,0.0,0.0,0.0,0.0,0.0,0.0,0.0,0.0,0.0,0.0,0.0,0.0,0.0,0.0,0.0,0.0,0.0,0.0,0.0,0.0,0.0,0.0,0.0,0.0,0.0,0.0,nan,nan,4.321063394683026,2.814508513736497,nan,0.9386757325214284,0.023952450115963645,0.0,0.0,0.0,0.0,0.0,0.0,0.0,0.0,0.0,0.0,0.0,0.0,0.0,0.0,0.0,0.0,0.0,0.0,0.0,0.0,0.0,0.0,0.0,0.0,0.0,0.026075619295958283,1.5906127770534555,10.677966101694917,13.97653194263364,3.7288135593220346,0.9389771598965523,0.023487417143692162,0.0,0.0,0.0,0.0,0.0,0.0,0.0,0.0,0.0,0.0,0.0,0.0,0.0,0.0,0.0,0.0,0.0,0.0,0.0,0.0,0.0,0.0,0.0,0.0,0.0,0.027124773960217004,1.329113924050633,10.86347197106691,14.064195298372518,3.7160940325497296,0.404,0.0102,0.0,0.0,0.0,0.0,0.0,0.0,0.0,0.0,0.0,0.0,0.0,10.169491525423714,19.817470664928294,0.013037809647979142,0.0,0.0,0.0,0.0,0.0,0.0,0.0,0.0,0.0,0.0,0.0,0.0,0.0,0.0,0.0,0.0,0.404,0.01012,0.0,0.0,0.0,0.0,0.0,0.0,0.0,0.0,0.0,0.0,0.0,10.375226039782987,19.611211573236893,0.013562386980108502,0.0,0.0,0.0,0.0,0.0,0.0,0.0,0.0,0.0,0.0,0.0,0.0,0.0,0.0,0.0,0.0
28400,4034,2128,0.5275161130391671,1060,786,0.45761031234506694,1091,0.5409023301933564,0.43,3.014165792235047,3.1011808944310357,6.545955882352941,2.1645757221398294,8310.74948747596,433.2344231210945,7853.0,8739.79660269022,8720.745034059219,5.6457084429305,7853.0,0.0,28.149479424888447,20.666058770440966,32.85288095934484,18.927526061186263,0.1346058502726822,0.09816559246405553,0.0961824491819534,0.07808626673277144,0.08205255329697571,0.07635101636093208,0.07288051561725335,0.07362419434804164,0.056023797719385225,0.0518096182449182,0.0436291522062469,0.04238968765493307,0.035448686167575606,0.027020327218641546,0.015617253346554288,0.010411502231036193,0.005701536936043629,0.9385403644553966,0.023478064208091516,0.0,0.0,0.0,0.0,0.0,0.0,0.0,0.0,0.0,0.0,0.0,0.0,0.0,0.0,0.0,0.0,0.0,0.0,0.0,0.0,0.0,0.0,0.0,0.0,0.0,0.014873574615765993,1.6732771442736742,10.619732275656919,14.189390183440757,3.5027268220128915,4.1082826747720365,2.852113507223879,nan,nan,nan,4.078490566037736,2.8707814965361607,4.138485080336649,2.832743053325889,1.014709979912298,0.4043,0.0103,0.0,0.0,0.0,0.0,0.0,0.0,0.0,0.0,0.0,0.0,0.0,9.913237481408018,20.027268220128907,0.05949429846306397,0.0,0.0,0.0,0.0,0.0,0.0,0.0,0.0,0.0,0.0,0.0,0.0,0.0,0.0,0.0,0.0,nan,nan,4.1082826747720365,2.852113507223879,nan,0.4043,0.04764,0.0,0.0,0.0,0.0,0.0,0.0,0.0,0.0,0.0,0.0,0.0,0.0,0.0,0.0,0.0,0.0,0.0,0.0,0.0,0.0,2.4789291026276648e-05,0.0,0.000954387704511651,0.006544372830937035,0.0005577590480912246,0.0014749628160634605,0.007635101636093208,0.00019831432821021318,0.0007560733763014378,0.005850272682201289,0.005007436787307883,0.0067550818046603865,0.0054908279623202775,0.013634110064452157,0.01886465047099653,0.03834903321764997,0.06263014377788795,0.08682449181953396,0.06773673772930094,0.08599405057015369,0.08000743678730789,0.1112543381259296,0.11028755577590481,0.056457610312345065,0.04856222112047595,0.061502231036192366,0.027925136341100644,0.03166831928606842,0.009357957362419435,0.020054536440257807,0.006792265741199802,0.00399107585523054,0.005602379771938523,0.005602379771938523,4.9578582052553296e-05,0.0027392166584035696,0.0023921665840356964,0.0,0.00011155180961824491,0.0003594447198810114,0.0,0.0,0.0,0.0,0.0,0.0,0.0,0.0,0.0,0.0,0.0,0.0,0.0,0.0,0.0,0.0,0.0,0.0,0.0,0.0,0.0,0.0,0.0,0.0,0.0,0.0,0.0,0.0,0.0,0.0,0.0,0.0,0.0,0.0,0.0,0.0,0.0,0.0,0.0,0.0,0.0,nan,nan,4.1082826747720365,2.852113507223879,nan,0.9381911478432498,0.023433197413883586,0.0,0.0,0.0,0.0,0.0,0.0,0.0,0.0,0.0,0.0,0.0,0.0,0.0,0.0,0.0,0.0,0.0,0.0,0.0,0.0,0.0,0.0,0.0,0.0,0.0,0.028195488721804517,1.691729323308271,10.883458646616543,13.91447368421053,3.482142857142858,0.9389302558250968,0.02352193094210578,0.0,0.0,0.0,0.0,0.0,0.0,0.0,0.0,0.0,0.0,0.0,0.0,0.0,0.0,0.0,0.0,0.0,0.0,0.0,0.0,0.0,0.0,0.0,0.0,0.0,0.0,1.6526757607555094,10.32528856243442,14.496327387198324,3.5257082896117535,0.4043,0.0101,0.0,0.0,0.0,0.0,0.0,0.0,0.0,0.0,0.0,0.0,0.0,9.953007518796978,20.018796992481207,0.028195488721804517,0.0,0.0,0.0,0.0,0.0,0.0,0.0,0.0,0.0,0.0,0.0,0.0,0.0,0.0,0.0,0.0,0.4043,0.01052,0.0,0.0,0.0,0.0,0.0,0.0,0.0,0.0,0.0,0.0,0.0,9.868835257082882,20.03672612801679,0.09443861490031481,0.0,0.0,0.0,0.0,0.0,0.0,0.0,0.0,0.0,0.0,0.0,0.0,0.0,0.0,0.0,0.0
28500,4130,2109,0.5106537530266344,955,876,0.4433414043583535,1170,0.5665859564164649,0.41,2.971796140524493,3.079789377956378,6.54029304029304,2.1845333585719096,8296.011232335011,433.6891679056144,7853.0,8745.136721098423,8720.537406137315,5.672414966277985,7853.0,0.0,27.228329297820824,20.596901936061112,32.212587006960554,18.896586116472967,0.14382566585956416,0.1099273607748184,0.09297820823244551,0.0891041162227603,0.07651331719128329,0.07409200968523003,0.06634382566585957,0.06731234866828087,0.05569007263922518,0.0549636803874092,0.04382566585956416,0.04043583535108959,0.026876513317191285,0.02711864406779661,0.016707021791767553,0.008958837772397095,0.005326876513317191,0.936984251024648,0.02337241808774667,0.0,0.0,0.0,0.0,0.0,0.0,0.0,0.0,0.0,0.0,0.0,0.0,0.0,0.0,0.0,0.0,0.0,0.0,0.0,0.0,0.0,0.0,0.0,0.0,0.0,0.029055690072639234,1.7142857142857146,11.368038740920099,13.63438256658596,3.2542372881355943,4.377206446661551,2.8733970514171454,nan,nan,nan,4.415195702225633,2.8390408275486374,4.339217191097467,2.906850880699045,0.982791586998088,0.4045,0.01018,0.0,0.0,0.0,0.0,0.0,0.0,0.0,0.0,0.0,0.0,0.0,9.55932203389829,20.38256658595642,0.05811138014527847,0.0,0.0,0.0,0.0,0.0,0.0,0.0,0.0,0.0,0.0,0.0,0.0,0.0,0.0,0.0,0.0,nan,nan,4.377206446661551,2.8733970514171454,nan,0.4045,0.04727,0.0,0.0,0.0,0.0,0.0,0.0,0.0,0.0,0.0,0.0,0.0,0.0,0.0,0.0,0.0,0.0,0.0,0.0,0.0,0.0,0.0,0.0,0.001198547215496368,0.0057506053268765135,0.00018159806295399514,0.001016949152542373,0.008135593220338983,7.263922518159807e-05,0.0004116222760290557,0.005532687651331719,0.0050121065375302665,0.006295399515738499,0.006949152542372881,0.014757869249394673,0.0175181598062954,0.03596852300242131,0.059346246973365616,0.09090799031476998,0.0685956416464891,0.0898547215496368,0.08038740920096853,0.10691283292978208,0.10930992736077481,0.054358353510895886,0.05243341404358354,0.059915254237288135,0.030387409200968524,0.032409200968523004,0.009891041162227603,0.019951573849878935,0.005968523002421308,0.0038256658595641644,0.005447941888619854,0.005920096852300242,2.4213075060532686e-05,0.002651331719128329,0.0022033898305084745,0.0,9.685230024213075e-05,0.00039951573849878933,0.0,0.0,0.0,0.0,0.0,0.0,0.0,0.0,0.0,0.0,0.0,0.0,0.0,0.0,0.0,0.0,0.0,0.0,0.0,0.0,0.0,0.0,0.0,0.0,0.0,0.0,0.0,0.0,0.0,0.0,0.0,0.0,0.0,0.0,0.0,0.0,0.0,0.0,0.0,0.0,0.0,nan,nan,4.377206446661551,2.8733970514171454,nan,0.9368936394616403,0.02334565443238995,0.0,0.0,0.0,0.0,0.0,0.0,0.0,0.0,0.0,0.0,0.0,0.0,0.0,0.0,0.0,0.0,0.0,0.0,0.0,0.0,0.0,0.0,0.0,0.0,0.0,0.042674253200568994,1.6216216216216222,11.650071123755335,13.442389758179235,3.2432432432432443,0.9370788080688752,0.023399940347097404,0.0,0.0,0.0,0.0,0.0,0.0,0.0,0.0,0.0,0.0,0.0,0.0,0.0,0.0,0.0,0.0,0.0,0.0,0.0,0.0,0.0,0.0,0.0,0.0,0.0,0.014844136566056411,1.8109846610588822,11.073725878278083,13.834735279564576,3.2657100445324105,0.4045,0.010216,0.0,0.0,0.0,0.0,0.0,0.0,0.0,0.0,0.0,0.0,0.0,9.701280227596003,20.25604551920342,0.042674253200568994,0.0,0.0,0.0,0.0,0.0,0.0,0.0,0.0,0.0,0.0,0.0,0.0,0.0,0.0,0.0,0.0,0.4045,0.01013,0.0,0.0,0.0,0.0,0.0,0.0,0.0,0.0,0.0,0.0,0.0,9.411182582879748,20.51459673428996,0.07422068283028205,0.0,0.0,0.0,0.0,0.0,0.0,0.0,0.0,0.0,0.0,0.0,0.0,0.0,0.0,0.0,0.0
28600,4046,2079,0.513840830449827,945,851,0.4438952051408799,1128,0.5575877409787444,0.418,2.838332486019319,3.026118277675212,6.400763358778626,2.243667804914554,8298.992358659252,433.83168566785355,7853.0,8739.223221206665,8720.95819294629,5.64839778317498,7853.0,0.0,27.523974295600592,20.978646338552306,32.542443064182194,19.30869085586523,0.14384577360355907,0.10257043994068216,0.09466139396935244,0.09391992090954028,0.07711319822046465,0.07291151754819575,0.07340583292140386,0.05956500247157687,0.055857637172516066,0.050173010380622836,0.04597132970835393,0.03534354918437963,0.028423133959466138,0.02422145328719723,0.021255561047948592,0.014335145823035097,0.006426099851705388,0.9383571657047847,0.02342579516971027,0.0,0.0,0.0,0.0,0.0,0.0,0.0,0.0,0.0,0.0,0.0,0.0,0.0,0.0,0.0,0.0,0.0,0.0,0.0,0.0,0.0,0.0,0.0,0.0,0.0,0.04448838358872961,1.5570934256055369,10.803262481463175,14.154720711814141,3.440434997528424,4.163035019455253,2.822828584358687,nan,nan,nan,4.129729729729729,2.8076296224463353,4.19686274509804,2.83778254372579,1.016256031208295,0.4045,0.01005,0.0,0.0,0.0,0.0,0.0,0.0,0.0,0.0,0.0,0.0,0.0,10.009886307464148,19.94562530894711,0.04448838358872961,0.0,0.0,0.0,0.0,0.0,0.0,0.0,0.0,0.0,0.0,0.0,0.0,0.0,0.0,0.0,0.0,nan,nan,4.163035019455253,2.822828584358687,nan,0.4045,0.0462,0.0,0.0,0.0,0.0,0.0,0.0,0.0,0.0,0.0,0.0,0.0,0.0,0.0,0.0,0.0,0.0,0.0,0.0,0.0,0.0,0.0,0.0,0.0008403361344537816,0.0054869006426099855,2.4715768660405338e-05,0.0007291151754819575,0.007390014829461196,6.178942165101334e-05,0.00024715768660405336,0.005338606030647553,0.005177953534354919,0.00458477508650519,0.006005931784478497,0.014718240237271378,0.016942659416707858,0.036517548195748886,0.0652867029164607,0.09264705882352942,0.06782006920415225,0.09152249134948097,0.07831191300049431,0.10735294117647058,0.10617894216510133,0.057068709836875925,0.054152249134948094,0.058119130004943155,0.03120365793376174,0.03196984676223431,0.010343549184379634,0.019587246663371232,0.0058823529411764705,0.0034231339594661394,0.005227385071675729,0.005684626791893228,0.0,0.0026693030153237766,0.0012234305486900643,0.0,8.650519031141868e-05,0.00017301038062283736,0.0,0.0,0.0,0.0,0.0,0.0,0.0,0.0,0.0,0.0,0.0,0.0,0.0,0.0,0.0,0.0,0.0,0.0,0.0,0.0,0.0,0.0,0.0,0.0,0.0,0.0,0.0,0.0,0.0,0.0,0.0,0.0,0.0,0.0,0.0,0.0,0.0,0.0,0.0,0.0,0.0,nan,nan,4.163035019455253,2.822828584358687,nan,0.9386863967671654,0.023347042805901243,0.0,0.0,0.0,0.0,0.0,0.0,0.0,0.0,0.0,0.0,0.0,0.0,0.0,0.0,0.0,0.0,0.0,0.0,0.0,0.0,0.0,0.0,0.0,0.0,0.0,0.043290043290043295,1.6017316017316021,10.216450216450218,14.733044733044737,3.4054834054834062,0.9380091883897418,0.0235037323156979,0.0,0.0,0.0,0.0,0.0,0.0,0.0,0.0,0.0,0.0,0.0,0.0,0.0,0.0,0.0,0.0,0.0,0.0,0.0,0.0,0.0,0.0,0.0,0.0,0.0,0.04575495678698526,1.5099135739705136,11.423487544483988,13.54346720894764,3.4773767158108804,0.4048,0.01002,0.0,0.0,0.0,0.0,0.0,0.0,0.0,0.0,0.0,0.0,0.0,9.870129870129857,20.05772005772006,0.07215007215007216,0.0,0.0,0.0,0.0,0.0,0.0,0.0,0.0,0.0,0.0,0.0,0.0,0.0,0.0,0.0,0.0,0.4043,0.01008,0.0,0.0,0.0,0.0,0.0,0.0,0.0,0.0,0.0,0.0,0.0,10.157600406710712,19.827147941026947,0.015251652262328422,0.0,0.0,0.0,0.0,0.0,0.0,0.0,0.0,0.0,0.0,0.0,0.0,0.0,0.0,0.0,0.0
28700,4019,2061,0.5128141328688729,918,827,0.43418760885792484,1131,0.5628265737745708,0.43,2.9948927477017366,3.1695329603363227,6.758555133079848,2.3114595087624954,8297.873275978805,433.6338296519824,7853.0,8739.777459168434,8720.513680814563,5.736731492449464,7853.0,0.0,27.61283901468027,20.88786622273446,32.67849686847599,19.16952655834996,0.1423239611843742,0.10699178900223937,0.09604379198805674,0.08235879572032843,0.07937297835282409,0.07389897984573277,0.06643443642697189,0.062204528489674046,0.058969893008211,0.05374471261507838,0.04528489674048271,0.03856680766359791,0.03508335406817616,0.02562826573774571,0.01567554117939786,0.010699178900223935,0.006718089076884797,0.9371024947998149,0.023603817302402328,0.0,0.0,0.0,0.0,0.0,0.0,0.0,0.0,0.0,0.0,0.0,0.0,0.0,0.0,0.0,0.0,0.0,0.0,0.0,0.0,0.0,0.0,0.0,0.0,0.0,0.05225180393132622,1.672057725802439,11.263996018910179,13.87658621547649,3.135108235879573,4.376428852975956,2.913245033990066,nan,nan,nan,4.365325077399381,2.919928134780262,4.388263665594855,2.907395582849879,1.0052547262320128,0.4045,0.01002,0.0,0.0,0.0,0.0,0.0,0.0,0.0,0.0,0.0,0.0,0.007464543418760888,9.800945508833028,20.139338143816875,0.05225180393132622,0.0,0.0,0.0,0.0,0.0,0.0,0.0,0.0,0.0,0.0,0.0,0.0,0.0,0.0,0.0,0.0,nan,nan,4.376428852975956,2.913245033990066,nan,0.4045,0.04672,0.0,0.0,0.0,0.0,0.0,0.0,0.0,0.0,0.0,0.0,0.0,0.0,0.0,0.0,0.0,0.0,0.0,0.0,0.0,0.0,0.0,0.0,0.0009703906444389151,0.005548643941278925,2.488181139586962e-05,0.00048519532221945756,0.007987061458074148,0.0,0.000522518039313262,0.005262503110226424,0.005573525752674795,0.005100771336153272,0.006917143568051754,0.014282159741229162,0.016409554615576014,0.038081612341378454,0.06285145558596666,0.09333167454590695,0.0673301816372232,0.09059467529236129,0.08011943269470018,0.10619557103757153,0.10383179895496392,0.05572281662105001,0.05592187111221697,0.055971634735008706,0.03065439163971137,0.03225926847474496,0.01171933316745459,0.02144812142323961,0.005909430206519035,0.0032968400099527245,0.0050883304304553375,0.0065190345857178405,1.244090569793481e-05,0.002824085593431202,0.0010699178900223935,0.0,0.00013684996267728292,2.488181139586962e-05,0.0,0.0,0.0,0.0,0.0,0.0,0.0,0.0,0.0,0.0,0.0,0.0,0.0,0.0,0.0,0.0,0.0,0.0,0.0,0.0,0.0,0.0,0.0,0.0,0.0,0.0,0.0,0.0,0.0,0.0,0.0,0.0,0.0,0.0,0.0,0.0,0.0,0.0,0.0,0.0,0.0,nan,nan,4.376428852975956,2.913245033990066,nan,0.936764248044441,0.02387535986347129,0.0,0.0,0.0,0.0,0.0,0.0,0.0,0.0,0.0,0.0,0.0,0.0,0.0,0.0,0.0,0.0,0.0,0.0,0.0,0.0,0.0,0.0,0.0,0.0,0.0,0.04366812227074236,1.761280931586609,11.426491994177585,13.580786026200878,3.187772925764193,0.937458534923832,0.023309272138826925,0.0,0.0,0.0,0.0,0.0,0.0,0.0,0.0,0.0,0.0,0.0,0.0,0.0,0.0,0.0,0.0,0.0,0.0,0.0,0.0,0.0,0.0,0.0,0.0,0.0,0.06128702757916243,1.5781409601634326,11.092951991828398,14.187946884576101,3.0796731358529117,0.4045,0.01003,0.0,0.0,0.0,0.0,0.0,0.0,0.0,0.0,0.0,0.0,0.014556040756914123,9.854439592430845,20.072780203784575,0.05822416302765649,0.0,0.0,0.0,0.0,0.0,0.0,0.0,0.0,0.0,0.0,0.0,0.0,0.0,0.0,0.0,0.0,0.4045,0.009995,0.0,0.0,0.0,0.0,0.0,0.0,0.0,0.0,0.0,0.0,0.0,9.744637385086808,20.209397344228808,0.04596527068437182,0.0,0.0,0.0,0.0,0.0,0.0,0.0,0.0,0.0,0.0,0.0,0.0,0.0,0.0,0.0,0.0
28800,4032,2087,0.517609126984127,937,816,0.4347718253968254,1150,0.5704365079365079,0.43,3.0961439588688946,3.1696683533578733,6.770462633451957,2.1956725798226917,8302.102316585115,433.5728586180033,7853.0,8741.305666708946,8720.647599650782,5.519256649455064,7853.0,0.0,28.625992063492063,21.34730288082434,33.59105619299794,19.5696985249001,0.1378968253968254,0.09350198412698413,0.09771825396825397,0.08085317460317461,0.08333333333333333,0.07192460317460317,0.07118055555555555,0.061755952380952384,0.05282738095238095,0.05009920634920635,0.04836309523809524,0.044642857142857144,0.036458333333333336,0.028025793650793652,0.02132936507936508,0.011408730158730158,0.008680555555555556,0.9371941593874779,0.02313043248049222,0.0,0.0,0.0,0.0,0.0,0.0,0.0,0.0,0.0,0.0,0.0,0.0,0.0,0.0,0.0,0.0,0.0,0.0,0.0,0.0,0.0,0.0,0.0,0.0,0.0,0.04464285714285715,1.5327380952380958,11.614583333333336,13.668154761904766,3.1398809523809534,4.369465648854962,2.912879877392425,nan,nan,nan,4.341673182173573,2.9020616030001194,4.395973154362416,2.9229144658492507,1.0125066926759463,0.4048,0.01006,0.0,0.0,0.0,0.0,0.0,0.0,0.0,0.0,0.0,0.0,0.0,9.44196428571427,20.49107142857143,0.06696428571428573,0.0,0.0,0.0,0.0,0.0,0.0,0.0,0.0,0.0,0.0,0.0,0.0,0.0,0.0,0.0,0.0,nan,nan,4.369465648854962,2.912879877392425,nan,0.4048,0.04712,0.0,0.0,0.0,0.0,0.0,0.0,0.0,0.0,0.0,0.0,0.0,0.0,0.0,0.0,0.0,0.0,0.0,0.0,0.0,0.0,0.0,0.0,0.0012648809523809524,0.005543154761904762,0.0,0.00043402777777777775,0.008668154761904762,0.0,0.0007688492063492063,0.004464285714285714,0.005357142857142857,0.004811507936507937,0.006150793650793651,0.015848214285714285,0.0171875,0.03878968253968254,0.06166914682539683,0.0912078373015873,0.0660218253968254,0.09145585317460317,0.0792906746031746,0.11067708333333333,0.09970238095238096,0.05706845238095238,0.055952380952380955,0.05514632936507936,0.03107638888888889,0.03177083333333333,0.012189980158730159,0.021205357142857144,0.0069320436507936505,0.003621031746031746,0.005109126984126984,0.005964781746031746,0.0,0.0025173611111111113,0.0017113095238095238,0.0,0.00042162698412698415,0.0,0.0,0.0,0.0,0.0,0.0,0.0,0.0,0.0,0.0,0.0,0.0,0.0,0.0,0.0,0.0,0.0,0.0,0.0,0.0,0.0,0.0,0.0,0.0,0.0,0.0,0.0,0.0,0.0,0.0,0.0,0.0,0.0,0.0,0.0,0.0,0.0,0.0,0.0,0.0,0.0,0.0,nan,nan,4.369465648854962,2.912879877392425,nan,0.9371760278783121,0.0228912602127596,0.0,0.0,0.0,0.0,0.0,0.0,0.0,0.0,0.0,0.0,0.0,0.0,0.0,0.0,0.0,0.0,0.0,0.0,0.0,0.0,0.0,0.0,0.0,0.0,0.0,0.07187350263536178,1.5955917585050317,11.327264015333016,13.842836607570678,3.1624341159559184,0.9372136146366443,0.023384330056454898,0.0,0.0,0.0,0.0,0.0,0.0,0.0,0.0,0.0,0.0,0.0,0.0,0.0,0.0,0.0,0.0,0.0,0.0,0.0,0.0,0.0,0.0,0.0,0.0,0.0,0.015424164524421597,1.4652956298200517,11.922879177377894,13.480719794344477,3.1156812339331625,0.4048,0.010155,0.0,0.0,0.0,0.0,0.0,0.0,0.0,0.0,0.0,0.0,0.0,9.48730234786774,20.45519885002396,0.05749880210828943,0.0,0.0,0.0,0.0,0.0,0.0,0.0,0.0,0.0,0.0,0.0,0.0,0.0,0.0,0.0,0.0,0.4045,0.00995,0.0,0.0,0.0,0.0,0.0,0.0,0.0,0.0,0.0,0.0,0.0,9.393316195372737,20.529562982005146,0.07712082262210798,0.0,0.0,0.0,0.0,0.0,0.0,0.0,0.0,0.0,0.0,0.0,0.0,0.0,0.0,0.0,0.0
28900,4205,2167,0.5153388822829964,1013,890,0.4525564803804994,1200,0.5707491082045184,0.414,2.9754661432777234,3.106450702996767,6.620071684587813,2.158360919461943,8300.106821299893,433.61375319183503,7853.0,8737.690485233068,8720.597685078936,5.66758485278233,7853.0,0.0,27.597384066587395,20.754102906399044,32.63118952760387,18.990352084419165,0.144589774078478,0.09988109393579073,0.0887039239001189,0.0906064209274673,0.08846611177170036,0.07205707491082045,0.06468489892984543,0.059215219976218786,0.06016646848989298,0.05564803804994055,0.045422116527942924,0.03852556480380499,0.034720570749108205,0.02473246135552913,0.01498216409036861,0.01117717003567182,0.0064209274673008325,0.9373557821890687,0.02318589196977091,0.0,0.0,0.0,0.0,0.0,0.0,0.0,0.0,0.0,0.0,0.0,0.0,0.0,0.0,0.0,0.0,0.0,0.0,0.0,0.0,0.0,0.0,0.0,0.0,0.0,0.014268727705112965,1.583828775267539,11.593341260404282,13.719381688466115,3.089179548156957,4.283758786533482,2.878174919280342,nan,nan,nan,4.251098096632504,2.943945986982715,4.317127898279731,2.8089952969445924,1.0155324107198402,0.404,0.01057,0.0,0.0,0.0,0.0,0.0,0.0,0.0,0.0,0.0,0.0,0.007134363852556482,10.437574316290116,19.462544589774083,0.09274673008323427,0.0,0.0,0.0,0.0,0.0,0.0,0.0,0.0,0.0,0.0,0.0,0.0,0.0,0.0,0.0,0.0,nan,nan,4.283758786533482,2.878174919280342,nan,0.404,0.0479,0.0,0.0,0.0,0.0,0.0,0.0,0.0,0.0,0.0,0.0,0.0,0.0,0.0,0.0,0.0,0.0,0.0,0.0,0.0,0.0,0.0,5.945303210463734e-05,0.0014149821640903686,0.006444708680142687,1.1890606420927467e-05,0.0007966706302021403,0.00915576694411415,1.1890606420927467e-05,0.0005112960760998811,0.00441141498216409,0.0060404280618311535,0.005707491082045184,0.006028537455410226,0.01686087990487515,0.017717003567181925,0.03793103448275862,0.06454221165279429,0.0917717003567182,0.065410225921522,0.08827586206896551,0.07726516052318669,0.10791914387633769,0.09856123662306777,0.05889417360285375,0.05785969084423306,0.05596908442330559,0.029797859690844232,0.033127229488703926,0.011058263971462545,0.020059453032104636,0.006563614744351962,0.00366230677764566,0.004780023781212842,0.005933412604042806,0.0,0.0026516052318668252,0.002520808561236623,0.0,0.0002734839476813317,0.0,0.0,0.0,0.0,0.0,0.0,0.0,0.0,0.0,0.0,0.0,0.0,0.0,0.0,0.0,0.0,0.0,0.0,0.0,0.0,0.0,0.0,0.0,0.0,0.0,0.0,0.0,0.0,0.0,0.0,0.0,0.0,0.0,0.0,0.0,0.0,0.0,0.0,0.0,0.0,0.0,0.0,nan,nan,4.283758786533482,2.878174919280342,nan,0.9375803778399285,0.023053746930264407,0.0,0.0,0.0,0.0,0.0,0.0,0.0,0.0,0.0,0.0,0.0,0.0,0.0,0.0,0.0,0.0,0.0,0.0,0.0,0.0,0.0,0.0,0.0,0.0,0.0,0.013844023996308264,1.5505306875865257,11.490539916935859,13.830179972311955,3.1149053991693596,0.9371169702286107,0.023323207890974224,0.0,0.0,0.0,0.0,0.0,0.0,0.0,0.0,0.0,0.0,0.0,0.0,0.0,0.0,0.0,0.0,0.0,0.0,0.0,0.0,0.0,0.0,0.0,0.0,0.0,0.01472031403336605,1.6192345436702653,11.702649656526008,13.601570166830228,3.061825318940138,0.404,0.01058,0.0,0.0,0.0,0.0,0.0,0.0,0.0,0.0,0.0,0.0,0.0,10.438394093216413,19.4370096908168,0.12459621596677437,0.0,0.0,0.0,0.0,0.0,0.0,0.0,0.0,0.0,0.0,0.0,0.0,0.0,0.0,0.0,0.0,0.404,0.010544,0.0,0.0,0.0,0.0,0.0,0.0,0.0,0.0,0.0,0.0,0.01472031403336605,10.436702649656512,19.489695780176646,0.0588812561334642,0.0,0.0,0.0,0.0,0.0,0.0,0.0,0.0,0.0,0.0,0.0,0.0,0.0,0.0,0.0,0.0
29000,4145,2137,0.5155609167671894,1000,841,0.44414957780458386,1164,0.5616405307599518,0.41,2.925796812749004,3.0382639239971154,6.441860465116279,2.197681517437494,8300.27516348783,433.5841758151622,7853.0,8740.795181596279,8720.550562778219,5.655420898029218,7853.0,0.0,28.12689987937274,20.90613897213408,33.070014347202296,19.125823030643865,0.1399276236429433,0.09819059107358263,0.09167671893848009,0.0887816646562123,0.0752714113389626,0.07864897466827503,0.0692400482509047,0.062002412545235225,0.05693606755126659,0.04969843184559711,0.054282267792521106,0.0376357056694813,0.0376357056694813,0.02822677925211098,0.014475271411338963,0.010615199034981907,0.006755126658624849,0.9381466144963254,0.023292913054811726,0.0,0.0,0.0,0.0,0.0,0.0,0.0,0.0,0.0,0.0,0.0,0.0,0.0,0.0,0.0,0.0,0.0,0.0,0.0,0.0,0.0,0.0,0.0,0.0,0.0,0.07237635705669483,1.39686369119421,10.986731001206275,14.193003618817857,3.3510253317249705,4.216095380029806,2.8608217869026387,nan,nan,nan,4.236762481089259,2.8660057420262754,4.197648787656135,2.8560662171384052,0.9907680230818444,0.4045,0.01052,0.0,0.0,0.0,0.0,0.0,0.0,0.0,0.0,0.0,0.0,0.007237635705669483,10.13268998793726,19.794933655006034,0.06513872135102534,0.0,0.0,0.0,0.0,0.0,0.0,0.0,0.0,0.0,0.0,0.0,0.0,0.0,0.0,0.0,0.0,nan,nan,4.216095380029806,2.8608217869026387,nan,0.4045,0.04745,0.0,0.0,0.0,0.0,0.0,0.0,0.0,0.0,0.0,0.0,0.0,0.0,0.0,0.0,0.0,0.0,0.0,0.0,0.0,0.0,1.2062726176115802e-05,2.4125452352231604e-05,0.0008202653799758746,0.005693606755126659,2.4125452352231604e-05,0.0009650180940892642,0.008974668275030157,2.4125452352231604e-05,0.0005548854041013269,0.004909529553679131,0.0061881785283474065,0.0066827503015681545,0.00586248492159228,0.015186972255729795,0.018431845597104944,0.03870928829915561,0.0636670687575392,0.08835946924004826,0.0632086851628468,0.08856453558504222,0.07889022919179735,0.10899879372738239,0.10056694813027744,0.060325693606755125,0.059155609167671895,0.05632086851628468,0.02796139927623643,0.03525934861278649,0.010615199034981907,0.019119420989143546,0.006260554885404101,0.0036188178528347406,0.004873341375150784,0.005500603136308806,0.0,0.00232810615199035,0.0031363088057901087,6.031363088057901e-05,0.00014475271411338962,0.0,0.0,0.0,0.0,0.0,0.0,0.0,0.0,0.0,0.0,0.0,0.0,0.0,0.0,0.0,0.0,0.0,0.0,0.0,0.0,0.0,0.0,0.0,0.0,0.0,0.0,0.0,0.0,0.0,0.0,0.0,0.0,0.0,0.0,0.0,0.0,0.0,0.0,0.0,0.0,0.0,0.0,nan,nan,4.216095380029806,2.8608217869026387,nan,0.9373725018436573,0.023165127468866613,0.0,0.0,0.0,0.0,0.0,0.0,0.0,0.0,0.0,0.0,0.0,0.0,0.0,0.0,0.0,0.0,0.0,0.0,0.0,0.0,0.0,0.0,0.0,0.0,0.0,0.11230697239120264,1.3757604117922324,11.371080954609267,13.926064576509129,3.214787084698176,0.9389704584897277,0.02340002968049441,0.0,0.0,0.0,0.0,0.0,0.0,0.0,0.0,0.0,0.0,0.0,0.0,0.0,0.0,0.0,0.0,0.0,0.0,0.0,0.0,0.0,0.0,0.0,0.0,0.0,0.02988047808764941,1.419322709163347,10.57768924302789,14.47709163346614,3.496015936254981,0.404,0.0106,0.0,0.0,0.0,0.0,0.0,0.0,0.0,0.0,0.0,0.0,0.01403837154890033,10.44454843238183,19.471221338324757,0.07019185774450165,0.0,0.0,0.0,0.0,0.0,0.0,0.0,0.0,0.0,0.0,0.0,0.0,0.0,0.0,0.0,0.0,0.4048,0.01044,0.0,0.0,0.0,0.0,0.0,0.0,0.0,0.0,0.0,0.0,0.0,9.80079681274899,20.1394422310757,0.05976095617529882,0.0,0.0,0.0,0.0,0.0,0.0,0.0,0.0,0.0,0.0,0.0,0.0,0.0,0.0,0.0,0.0
29100,3983,2065,0.5184534270650264,925,820,0.4381119758975647,1111,0.5578709515440623,0.434,3.002606882168926,3.151127954495716,6.855397148676171,2.1305331449625773,8302.756317570283,433.471748952478,7853.0,8741.510726833343,8720.49608372031,5.668384980563473,7853.0,0.0,27.425056490082852,20.92694620386849,32.632183908045974,19.169119774882578,0.1488827516947025,0.10343961837810696,0.0941501380868692,0.08611599297012303,0.07356264122520713,0.07933718302786844,0.06854130052724078,0.06427316093396937,0.05171980918905348,0.05397941250313834,0.042681395932714035,0.042681395932714035,0.02937484308310319,0.02360030128044188,0.021340697966357017,0.010042681395932713,0.006276675872457946,0.9372734673622413,0.02306879303378864,0.0,0.0,0.0,0.0,0.0,0.0,0.0,0.0,0.0,0.0,0.0,0.0,0.0,0.0,0.0,0.0,0.0,0.0,0.0,0.0,0.0,0.0,0.0,0.0,0.0,0.037660055234747684,1.596786341953302,11.3733366808938,13.956816469997493,3.035400451920663,4.384462151394422,2.8953867705984164,nan,nan,nan,4.476531424025457,2.8953584885561887,4.292332268370607,2.8936150916359655,0.9588522589909104,0.404,0.0104,0.0,0.0,0.0,0.0,0.0,0.0,0.0,0.0,0.0,0.0,0.007532011046949537,10.175746924428807,19.741400954054736,0.07532011046949537,0.0,0.0,0.0,0.0,0.0,0.0,0.0,0.0,0.0,0.0,0.0,0.0,0.0,0.0,0.0,0.0,nan,nan,4.384462151394422,2.8953867705984164,nan,0.404,0.04727,0.0,0.0,0.0,0.0,0.0,0.0,0.0,0.0,0.0,0.0,0.0,0.0,0.0,0.0,0.0,0.0,0.0,0.0,0.0,3.766005523474768e-05,0.0,0.0,0.0005523474767762992,0.005084107456690937,0.0,0.0012051217675119257,0.010067788099422546,0.0,0.0006527742907356264,0.00449409992467989,0.005812201857896058,0.006653276424805423,0.006452422796886769,0.016344463971880493,0.017800652774290736,0.03754707506904344,0.06507657544564399,0.0909866934471504,0.06270399196585488,0.08561385890032638,0.079701230228471,0.11193823750941502,0.10052724077328647,0.06141099673612855,0.057870951544062264,0.054042179261862916,0.027002259603314083,0.03471001757469244,0.010871202611097162,0.019420035149384885,0.006502636203866432,0.003640472006025609,0.0047828270148129555,0.0057117750439367315,0.0,0.001970876223951795,0.002698970625156917,3.766005523474768e-05,7.532011046949536e-05,0.0,0.0,0.0,0.0,0.0,0.0,0.0,0.0,0.0,0.0,0.0,0.0,0.0,0.0,0.0,0.0,0.0,0.0,0.0,0.0,0.0,0.0,0.0,0.0,0.0,0.0,0.0,0.0,0.0,0.0,0.0,0.0,0.0,0.0,0.0,0.0,0.0,0.0,0.0,0.0,0.0,0.0,nan,nan,4.384462151394422,2.8953867705984164,nan,0.9372753609179296,0.023327612693600803,0.0,0.0,0.0,0.0,0.0,0.0,0.0,0.0,0.0,0.0,0.0,0.0,0.0,0.0,0.0,0.0,0.0,0.0,0.0,0.0,0.0,0.0,0.0,0.0,0.0,0.05811138014527847,1.6852300242130756,11.113801452784505,14.135593220338986,3.0072639225181605,0.9372714286800221,0.02278685054505174,0.0,0.0,0.0,0.0,0.0,0.0,0.0,0.0,0.0,0.0,0.0,0.0,0.0,0.0,0.0,0.0,0.0,0.0,0.0,0.0,0.0,0.0,0.0,0.0,0.0,0.015641293013555792,1.5015641293013557,11.652763295099064,13.764337851929097,3.0656934306569346,0.404,0.010445,0.0,0.0,0.0,0.0,0.0,0.0,0.0,0.0,0.0,0.0,0.014527845036319617,10.140435835351076,19.772397094430996,0.07263922518159807,0.0,0.0,0.0,0.0,0.0,0.0,0.0,0.0,0.0,0.0,0.0,0.0,0.0,0.0,0.0,0.0,0.4043,0.01035,0.0,0.0,0.0,0.0,0.0,0.0,0.0,0.0,0.0,0.0,0.0,10.213764337851915,19.708029197080297,0.07820646506777895,0.0,0.0,0.0,0.0,0.0,0.0,0.0,0.0,0.0,0.0,0.0,0.0,0.0,0.0,0.0,0.0
29200,4267,2203,0.516287790016405,1042,873,0.4487930630419498,1188,0.5568314975392548,0.40599999999999997,2.9607558139534884,3.0939598899853715,6.671902268760907,2.0036256954884015,8300.677184639464,433.341326129618,7853.0,8738.397303664684,8720.107828804626,5.421487096198168,7853.0,0.0,27.643309116475276,20.75744685239868,32.69537166900421,18.973038918094495,0.14553550503866886,0.099601593625498,0.09163346613545817,0.08975861260838996,0.07640028122802905,0.07452542770096086,0.07101007733770799,0.06468244668385283,0.05788610264823061,0.05062104523084134,0.045933911413170846,0.043355987813452075,0.03374736348722756,0.022498242324818375,0.017576751816264353,0.008671197562690415,0.0065619873447386925,0.9365444110013686,0.022918223818150556,0.0,0.0,0.0,0.0,0.0,0.0,0.0,0.0,0.0,0.0,0.0,0.0,0.0,0.0,0.0,0.0,0.0,0.0,0.0,0.0,0.0,0.0,0.0,0.0,0.0,0.04218420435903446,1.6311225685493325,11.748300913991098,13.752050621045234,2.8263416920553084,4.32051282051282,2.847822333767932,nan,nan,nan,4.4075443786982245,2.8085408421868667,4.237472766884531,2.8830189742908563,0.9614135225420183,0.4033,0.01012,0.0,0.0,0.0,0.0,0.0,0.0,0.0,0.0,0.0,0.0,0.0,11.066322943520023,18.89149285212093,0.04218420435903446,0.0,0.0,0.0,0.0,0.0,0.0,0.0,0.0,0.0,0.0,0.0,0.0,0.0,0.0,0.0,0.0,nan,nan,4.32051282051282,2.847822333767932,nan,0.4033,0.04724,0.0,0.0,0.0,0.0,0.0,0.0,0.0,0.0,0.0,0.0,0.0,0.0,0.0,0.0,0.0,0.0,0.0,0.0,0.0,2.3435669088352474e-05,7.030700726505741e-05,0.0,0.0005507382235762831,0.004792594328568081,0.0,0.001195219123505976,0.010979610967893133,0.0,0.00099601593625498,0.004675415983126319,0.005683149753925474,0.006304194984766815,0.0062221701429575815,0.017752519334426998,0.018572767752519335,0.03617295523787204,0.0674595734708226,0.09136395594094211,0.06392078743848137,0.08753222404499648,0.08197797047105695,0.11178814155144129,0.10146472931802203,0.05945629247715022,0.05555425357393953,0.051851417857979844,0.025849543004452778,0.03222404499648465,0.011202249824232482,0.020037497070541362,0.005999531286618233,0.00317553316147176,0.004710569486758847,0.005460510897586126,1.1717834544176237e-05,0.0016756503398172018,0.0031989688305601124,0.0,8.202484180923365e-05,1.1717834544176237e-05,0.0,0.0,0.0,0.0,0.0,0.0,0.0,0.0,0.0,0.0,0.0,0.0,0.0,0.0,0.0,0.0,0.0,0.0,0.0,0.0,0.0,0.0,0.0,0.0,0.0,0.0,0.0,0.0,0.0,0.0,0.0,0.0,0.0,0.0,0.0,0.0,0.0,0.0,0.0,0.0,0.0,nan,nan,4.32051282051282,2.847822333767932,nan,0.9363140819617093,0.022886875324216033,0.0,0.0,0.0,0.0,0.0,0.0,0.0,0.0,0.0,0.0,0.0,0.0,0.0,0.0,0.0,0.0,0.0,0.0,0.0,0.0,0.0,0.0,0.0,0.0,0.0,0.054471175669541544,1.6341352700862464,11.575124829777579,14.039945528824333,2.6963231956423064,0.9367902515412763,0.022949085909910696,0.0,0.0,0.0,0.0,0.0,0.0,0.0,0.0,0.0,0.0,0.0,0.0,0.0,0.0,0.0,0.0,0.0,0.0,0.0,0.0,0.0,0.0,0.0,0.0,0.0,0.02906976744186047,1.6279069767441865,11.933139534883724,13.444767441860469,2.965116279069768,0.4033,0.01001,0.0,0.0,0.0,0.0,0.0,0.0,0.0,0.0,0.0,0.0,0.0,11.112119836586457,18.83340898774399,0.054471175669541544,0.0,0.0,0.0,0.0,0.0,0.0,0.0,0.0,0.0,0.0,0.0,0.0,0.0,0.0,0.0,0.0,0.4036,0.01023,0.0,0.0,0.0,0.0,0.0,0.0,0.0,0.0,0.0,0.0,0.0,11.0174418604651,18.953488372093027,0.02906976744186047,0.0,0.0,0.0,0.0,0.0,0.0,0.0,0.0,0.0,0.0,0.0,0.0,0.0,0.0,0.0,0.0
29300,4154,2175,0.5235917188252287,1011,849,0.44776119402985076,1169,0.5628310062590275,0.438,3.043456291056089,3.152215768971597,6.621238938053097,2.213772311138495,8307.054003905843,433.13176243162326,7853.0,8736.449760580063,8720.19095734477,5.636699670418871,7853.0,0.0,28.45546461242176,21.108691486491008,33.43834048640915,19.29925808483652,0.13697640828117477,0.09508907077515648,0.09316321617717863,0.08810784785748677,0.08208955223880597,0.07221954742416947,0.065479056331247,0.05994222436206066,0.06668271545498315,0.05007221954742417,0.04453538757823784,0.045979778526721235,0.033943187289359654,0.029850746268656716,0.014925373134328358,0.013240250361097737,0.0077034183919114105,0.9360220228529459,0.023795158191842,0.0,0.0,0.0,0.0,0.0,0.0,0.0,0.0,0.0,0.0,0.0,0.0,0.0,0.0,0.0,0.0,0.0,0.0,0.0,0.0,0.0,0.0,0.0,0.0,0.0,0.04333172845450169,1.848820414058739,12.00288878189697,12.941742898411173,3.163216177178624,4.241113961157933,2.9638933209569505,nan,nan,nan,4.216814159292035,2.9512080218907104,4.265112891478514,2.976173764239363,1.0114538441491545,0.4033,0.01036,0.0,0.0,0.0,0.0,0.0,0.0,0.0,0.0,0.0,0.0,0.014443909484833898,10.832932113625406,19.094848338950413,0.05777563793933559,0.0,0.0,0.0,0.0,0.0,0.0,0.0,0.0,0.0,0.0,0.0,0.0,0.0,0.0,0.0,0.0,nan,nan,4.241113961157933,2.9638933209569505,nan,0.4033,0.04727,0.0,0.0,0.0,0.0,0.0,0.0,0.0,0.0,0.0,0.0,0.0,0.0,0.0,0.0,0.0,0.0,0.0,0.0,0.0,0.00015647568608570054,7.221954742416948e-05,0.0,0.0004694270582571016,0.004393355801636976,6.0182956186807895e-05,0.0009629272989889263,0.0109653346172364,1.203659123736158e-05,0.0006740491092922485,0.004369282619162253,0.006331246990852191,0.006283100625902744,0.005753490611458835,0.017585459797785266,0.017561386615310544,0.03722917669715937,0.07030572941742898,0.09033461723639866,0.06417910447761194,0.08786711603273953,0.08387096774193549,0.11331246990852191,0.0993740972556572,0.05741454020221473,0.05542850264805007,0.0496870486278286,0.025866634569090035,0.031836783822821374,0.010544053923928744,0.020775156475686087,0.006415503129513722,0.0035869041887337506,0.0053562831006259025,0.006042368801155513,1.203659123736158e-05,0.0017212325469427058,0.0031896966779008185,0.0,0.0,0.0,0.0,0.0,0.0,0.0,0.0,0.0,0.0,0.0,0.0,0.0,0.0,0.0,0.0,0.0,0.0,0.0,0.0,0.0,0.0,0.0,0.0,0.0,0.0,0.0,0.0,0.0,0.0,0.0,0.0,0.0,0.0,0.0,0.0,0.0,0.0,0.0,0.0,0.0,0.0,0.0,0.0,nan,nan,4.241113961157933,2.9638933209569505,nan,0.9366384169425087,0.023430970884953956,0.0,0.0,0.0,0.0,0.0,0.0,0.0,0.0,0.0,0.0,0.0,0.0,0.0,0.0,0.0,0.0,0.0,0.0,0.0,0.0,0.0,0.0,0.0,0.0,0.0,0.04137931034482759,1.6551724137931039,11.71034482758621,13.503448275862072,3.089655172413794,0.9353445811425875,0.024170966362478896,0.0,0.0,0.0,0.0,0.0,0.0,0.0,0.0,0.0,0.0,0.0,0.0,0.0,0.0,0.0,0.0,0.0,0.0,0.0,0.0,0.0,0.0,0.0,0.0,0.0,0.04547751389590703,2.0616472966144523,12.324406265790806,12.324406265790806,3.244062657908035,0.4033,0.0103,0.0,0.0,0.0,0.0,0.0,0.0,0.0,0.0,0.0,0.0,0.02758620689655173,10.799999999999985,19.117241379310347,0.05517241379310346,0.0,0.0,0.0,0.0,0.0,0.0,0.0,0.0,0.0,0.0,0.0,0.0,0.0,0.0,0.0,0.0,0.4036,0.01042,0.0,0.0,0.0,0.0,0.0,0.0,0.0,0.0,0.0,0.0,0.0,10.869125821121763,19.07023749368368,0.06063668519454271,0.0,0.0,0.0,0.0,0.0,0.0,0.0,0.0,0.0,0.0,0.0,0.0,0.0,0.0,0.0,0.0
29400,4294,2217,0.516301816488123,1060,877,0.45109455053563113,1196,0.5570563577084303,0.426,3.0356283100625903,3.1587254111341063,6.711111111111111,2.134846329575547,8300.62873888232,433.283644162058,7853.0,8737.990800881385,8719.990439675543,5.630321599358157,7853.0,0.0,28.212855146716347,21.02638488408969,33.26214940294363,19.199695473983493,0.14392175128085702,0.09268747088961342,0.09012575687005124,0.08826269212855146,0.08337214718211458,0.06753609687936656,0.07265952491849091,0.06939916162086633,0.05472752678155566,0.05263157894736842,0.046809501630181646,0.037261294829995344,0.033535165346995806,0.030041918956683743,0.01886353050768514,0.011644154634373545,0.006520726595249185,0.9360943830285341,0.023428042854445733,0.0,0.0,0.0,0.0,0.0,0.0,0.0,0.0,0.0,0.0,0.0,0.0,0.0,0.0,0.0,0.0,0.0,0.0,0.0,0.0,0.0,0.0,0.0,0.0,0.0,0.04191895668374477,1.8793665579878904,11.681415929203544,13.476944573823944,2.920353982300886,4.310888252148997,2.9359293031166875,nan,nan,nan,4.386542591267001,2.97944124809242,4.235125448028674,2.889714655587019,0.9654814378094088,0.4033,0.01003,0.0,0.0,0.0,0.0,0.0,0.0,0.0,0.0,0.0,0.0,0.013972985561248256,10.801117838844885,19.170936190032606,0.013972985561248256,0.0,0.0,0.0,0.0,0.0,0.0,0.0,0.0,0.0,0.0,0.0,0.0,0.0,0.0,0.0,0.0,nan,nan,4.310888252148997,2.9359293031166875,nan,0.4033,0.0475,0.0,0.0,0.0,0.0,0.0,0.0,0.0,0.0,0.0,0.0,0.0,0.0,0.0,0.0,0.0,0.0,0.0,0.0,0.0,8.150908244061481e-05,0.0,0.0,0.0001513740102468561,0.005705635770843037,0.0002328830926874709,0.0009897531439217514,0.010130414531904984,2.3288309268747088e-05,0.00045412203074056824,0.0045645086166744295,0.005868653935724266,0.005787144853283651,0.005670703306939916,0.01773404750815091,0.01962040055891942,0.036609222170470426,0.07084303679552864,0.09099906846762924,0.06544014904517932,0.0867489520260829,0.08276665114112715,0.11457848160223567,0.10037261294829995,0.057545412203074055,0.05330693991616209,0.0461690731252911,0.0235910572892408,0.034827666511411275,0.010957149510945506,0.02207731718677224,0.0052282254308337215,0.004215183977643223,0.005577550069864928,0.006357708430367955,1.1644154634373544e-05,0.001991150442477876,0.0027713088029809037,0.0,0.0,0.0,0.0,0.0,0.0,0.0,0.0,0.0,0.0,0.0,0.0,0.0,0.0,0.0,0.0,0.0,0.0,0.0,0.0,0.0,0.0,0.0,0.0,0.0,0.0,0.0,0.0,0.0,0.0,0.0,0.0,0.0,0.0,0.0,0.0,0.0,0.0,0.0,0.0,0.0,0.0,0.0,0.0,nan,nan,4.310888252148997,2.9359293031166875,nan,0.9359089643717565,0.023391640440611452,0.0,0.0,0.0,0.0,0.0,0.0,0.0,0.0,0.0,0.0,0.0,0.0,0.0,0.0,0.0,0.0,0.0,0.0,0.0,0.0,0.0,0.0,0.0,0.0,0.0,0.06765899864682004,1.7456021650879572,11.989174560216512,13.220568335588636,2.976995940460082,0.9362922998133564,0.023465220103035235,0.0,0.0,0.0,0.0,0.0,0.0,0.0,0.0,0.0,0.0,0.0,0.0,0.0,0.0,0.0,0.0,0.0,0.0,0.0,0.0,0.0,0.0,0.0,0.0,0.0,0.014443909484833898,2.0221473278767457,11.352912855079444,13.750601829561871,2.8598940779971116,0.403,0.009895,0.0,0.0,0.0,0.0,0.0,0.0,0.0,0.0,0.0,0.0,0.013531799729364009,10.987821380243556,18.971583220568338,0.027063599458728018,0.0,0.0,0.0,0.0,0.0,0.0,0.0,0.0,0.0,0.0,0.0,0.0,0.0,0.0,0.0,0.0,0.4036,0.01018,0.0,0.0,0.0,0.0,0.0,0.0,0.0,0.0,0.0,0.0,0.014443909484833898,10.601829561868064,19.38372652864709,0.0,0.0,0.0,0.0,0.0,0.0,0.0,0.0,0.0,0.0,0.0,0.0,0.0,0.0,0.0,0.0,0.0
29500,4166,2183,0.5240038406144983,1005,859,0.4474315890542487,1148,0.5511281805088815,0.442,3.0882501260716086,3.1802114624675224,6.71326164874552,2.2703172152157083,8307.398643986473,433.10327164849264,7853.0,8743.916473412513,8720.166628881196,5.7344494572888935,7853.0,0.0,27.58905424867979,20.889890679822045,32.89684149521878,19.026292073911872,0.1502640422467595,0.09985597695631301,0.09145463274123859,0.0799327892462794,0.0842534805568891,0.07225156024963994,0.06889102256361018,0.06361017762842054,0.06048967834853577,0.05640902544407105,0.04344695151224196,0.03768602976476236,0.03336533845415266,0.02160345655304849,0.017762842054728757,0.011041766682669226,0.007681228996639462,0.9359025073291817,0.023271770238037358,0.0,0.0,0.0,0.0,0.0,0.0,0.0,0.0,0.0,0.0,0.0,0.0,0.0,0.0,0.0,0.0,0.0,0.0,0.0,0.0,0.0,0.0,0.0,0.0,0.0,0.03600576092174749,1.793086893903025,11.73067690830533,13.696591454632745,2.7436389822371585,4.345604808414726,2.940177625402507,nan,nan,nan,4.390262172284644,2.9331724600386804,4.300678221552373,2.9465253430587643,0.9795948516929566,0.4036,0.00967,0.0,0.0,0.0,0.0,0.0,0.0,0.0,0.0,0.0,0.0,0.0,10.585693710993743,19.378300528084498,0.03600576092174749,0.0,0.0,0.0,0.0,0.0,0.0,0.0,0.0,0.0,0.0,0.0,0.0,0.0,0.0,0.0,0.0,nan,nan,4.345604808414726,2.940177625402507,nan,0.4036,0.04657,0.0,0.0,0.0,0.0,0.0,0.0,0.0,0.0,0.0,0.0,0.0,0.0,0.0,0.0,0.0,0.0,0.0,0.0,0.0,0.00016802688430148823,2.400384061449832e-05,0.0,8.401344215074412e-05,0.0043206913106096975,0.00022803648583773404,0.0010561689870379261,0.01070571291406625,8.401344215074412e-05,0.0004200672107537206,0.003456553048487758,0.005976956313010082,0.005952952472395584,0.004644743158905425,0.01697071531445031,0.01815890542486798,0.038466154584733556,0.06685069611137782,0.09261881901104177,0.06497839654344695,0.0899663946231397,0.08478156505040807,0.1143783005280845,0.1036365818530965,0.0556409025444071,0.051212193951032166,0.04813970235237638,0.02387181949111858,0.03655784925588094,0.010693710993759,0.022359577532405184,0.005760921747479597,0.003240518482957273,0.004992798847815651,0.005328852616418627,1.200192030724916e-05,0.002328372539606337,0.0019203072491598655,0.0,1.200192030724916e-05,0.0,0.0,0.0,0.0,0.0,0.0,0.0,0.0,0.0,0.0,0.0,0.0,0.0,0.0,0.0,0.0,0.0,0.0,0.0,0.0,0.0,0.0,0.0,0.0,0.0,0.0,0.0,0.0,0.0,0.0,0.0,0.0,0.0,0.0,0.0,0.0,0.0,0.0,0.0,0.0,0.0,0.0,nan,nan,4.345604808414726,2.940177625402507,nan,0.9359793250734414,0.02376054972320141,0.0,0.0,0.0,0.0,0.0,0.0,0.0,0.0,0.0,0.0,0.0,0.0,0.0,0.0,0.0,0.0,0.0,0.0,0.0,0.0,0.0,0.0,0.0,0.0,0.0,0.06871278057718737,1.7590471827759968,11.70865781035273,13.577645442052225,2.8859367842418697,0.9358179419556472,0.022721238048453465,0.0,0.0,0.0,0.0,0.0,0.0,0.0,0.0,0.0,0.0,0.0,0.0,0.0,0.0,0.0,0.0,0.0,0.0,0.0,0.0,0.0,0.0,0.0,0.0,0.0,0.0,1.830559757942512,11.754916792738276,13.827534039334346,2.586989409984872,0.4038,0.00969,0.0,0.0,0.0,0.0,0.0,0.0,0.0,0.0,0.0,0.0,0.0,10.471827759963338,19.473202015574902,0.0549702244617499,0.0,0.0,0.0,0.0,0.0,0.0,0.0,0.0,0.0,0.0,0.0,0.0,0.0,0.0,0.0,0.0,0.4033,0.009636,0.0,0.0,0.0,0.0,0.0,0.0,0.0,0.0,0.0,0.0,0.0,10.711043872919804,19.273827534039338,0.015128593040847205,0.0,0.0,0.0,0.0,0.0,0.0,0.0,0.0,0.0,0.0,0.0,0.0,0.0,0.0,0.0,0.0
29600,4295,2212,0.5150174621653085,1017,905,0.4474970896391153,1213,0.5648428405122236,0.438,3.0676908305328854,3.1984645554815145,6.866197183098592,2.204281599426337,8299.600696411091,433.4020455237893,7853.0,8737.910028421878,8720.156415499834,5.720932095964807,7853.0,0.0,27.552502910360886,20.676261242081615,32.43831438868866,18.958785533867413,0.14109429569266588,0.10081490104772992,0.09429569266589057,0.08963911525029103,0.0779976717112922,0.0810244470314319,0.06845168800931316,0.06332945285215366,0.055180442374854484,0.05471478463329453,0.04074505238649592,0.04563445867287544,0.02910360884749709,0.02607683352735739,0.016763678696158323,0.009313154831199068,0.005820721769499418,0.9358629741269024,0.02369754470924588,0.0,0.0,0.0,0.0,0.0,0.0,0.0,0.0,0.0,0.0,0.0,0.0,0.0,0.0,0.0,0.0,0.0,0.0,0.0,0.0,0.0,0.0,0.0,0.0,0.0,0.04190919674039582,2.0535506402793953,11.622817229336441,13.341094295692669,2.940628637951107,4.432580174927113,2.9491269235010757,nan,nan,nan,4.490167516387473,2.981994676658192,4.372262773722627,2.9141169093924333,0.973741571503839,0.404,0.00996,0.0,0.0,0.0,0.0,0.0,0.0,0.0,0.0,0.0,0.0,0.0,10.107101280558775,19.844004656577418,0.04889406286379512,0.0,0.0,0.0,0.0,0.0,0.0,0.0,0.0,0.0,0.0,0.0,0.0,0.0,0.0,0.0,0.0,nan,nan,4.432580174927113,2.9491269235010757,nan,0.404,0.0469,0.0,0.0,0.0,0.0,0.0,0.0,0.0,0.0,0.0,0.0,0.0,0.0,0.0,0.0,0.0,0.0,0.0,0.0,0.0,0.0003492433061699651,4.6565774155995343e-05,0.0,0.00015133876600698486,0.004447031431897556,0.00023282887077997672,0.0012223515715948778,0.010081490104772993,0.00011641443538998836,0.0005122235157159488,0.0037019790454016297,0.005215366705471478,0.006961583236321304,0.005261932479627474,0.015471478463329453,0.01810244470314319,0.03788125727590221,0.06486612339930152,0.09046565774155996,0.06469150174621653,0.08873108265424913,0.08367869615832363,0.11519208381839348,0.10670547147846333,0.05710128055878929,0.05149010477299185,0.0489871944121071,0.02350407450523865,0.037729918509895224,0.009569266589057043,0.021967403958090805,0.006367869615832363,0.003271245634458673,0.005017462165308498,0.005832363213038417,4.6565774155995343e-05,0.0030267753201396975,0.0020023282887077997,0.0,0.0,0.0,0.0,0.0,0.0,0.0,0.0,0.0,0.0,0.0,0.0,0.0,0.0,0.0,0.0,0.0,0.0,0.0,0.0,0.0,0.0,0.0,0.0,0.0,0.0,0.0,0.0,0.0,0.0,0.0,0.0,0.0,0.0,0.0,0.0,0.0,0.0,0.0,0.0,0.0,0.0,0.0,0.0,nan,nan,4.432580174927113,2.9491269235010757,nan,0.9354520348485081,0.0234566366719458,0.0,0.0,0.0,0.0,0.0,0.0,0.0,0.0,0.0,0.0,0.0,0.0,0.0,0.0,0.0,0.0,0.0,0.0,0.0,0.0,0.0,0.0,0.0,0.0,0.0,0.05424954792043401,2.0072332730560585,11.609403254972879,13.521699819168177,2.80741410488246,0.936299362837324,0.023942998869429945,0.0,0.0,0.0,0.0,0.0,0.0,0.0,0.0,0.0,0.0,0.0,0.0,0.0,0.0,0.0,0.0,0.0,0.0,0.0,0.0,0.0,0.0,0.0,0.0,0.0,0.02880460873739799,2.1027364378300533,11.637061929908787,13.149303888622184,3.082093134901585,0.4043,0.010025,0.0,0.0,0.0,0.0,0.0,0.0,0.0,0.0,0.0,0.0,0.0,9.832730560578646,20.0994575045208,0.0678119349005425,0.0,0.0,0.0,0.0,0.0,0.0,0.0,0.0,0.0,0.0,0.0,0.0,0.0,0.0,0.0,0.0,0.4038,0.00988,0.0,0.0,0.0,0.0,0.0,0.0,0.0,0.0,0.0,0.0,0.0,10.398463754200657,19.572731637061935,0.02880460873739799,0.0,0.0,0.0,0.0,0.0,0.0,0.0,0.0,0.0,0.0,0.0,0.0,0.0,0.0,0.0,0.0
29700,4759,2443,0.5133431393149821,1116,1026,0.4500945576801849,1349,0.5669258247530994,0.414,2.9689119170984455,3.0897458169422634,6.575709779179811,2.1040991728103235,8298.24460055636,433.5371436229126,7853.0,8742.615110003948,8720.343042999473,5.822398629085296,7853.0,0.0,27.244168943055264,20.72014202916568,32.54207983727434,18.897452906762815,0.15192267283042657,0.09686909014498844,0.0901449884429502,0.09140575751208237,0.08804370666106325,0.07165370876234503,0.06955242698045808,0.06261819710023114,0.055473839041815506,0.05022063458709813,0.046018071023324225,0.03467114940113469,0.03235973944105905,0.025635637739020802,0.015129228829586047,0.01197730615675562,0.006303845345660853,0.936189556878313,0.023509966263246015,0.0,0.0,0.0,0.0,0.0,0.0,0.0,0.0,0.0,0.0,0.0,0.0,0.0,0.0,0.0,0.0,0.0,0.0,0.0,0.0,0.0,0.0,0.0,0.0,0.0,0.05673460811094769,1.8281151502416477,11.693633116200886,13.471317503677247,2.95019962176928,4.364055299539171,2.92923757955353,nan,nan,nan,4.382619974059663,2.9516482035597824,4.3449197860962565,2.9058328523434107,0.9913977967091487,0.4043,0.010216,0.0,0.0,0.0,0.0,0.0,0.0,0.0,0.0,0.0,0.0,0.0,9.92855641941583,20.014708972473212,0.05673460811094769,0.0,0.0,0.0,0.0,0.0,0.0,0.0,0.0,0.0,0.0,0.0,0.0,0.0,0.0,0.0,0.0,nan,nan,4.364055299539171,2.92923757955353,nan,0.4043,0.04724,0.0,0.0,0.0,0.0,0.0,0.0,0.0,0.0,0.0,0.0,0.0,0.0,0.0,0.0,0.0,0.0,0.0,0.0,0.0,0.00014708972473208659,5.2532044547173775e-05,0.0,6.303845345660853e-05,0.004864467325068292,0.0001155704980037823,0.0013448203404076487,0.010548434545072495,6.303845345660853e-05,0.0005358268543811725,0.004265602017230511,0.005494851859634377,0.007081319604959025,0.005337255725992856,0.014772010926665266,0.016999369615465432,0.03566925824753099,0.0679239335994957,0.08902080268964067,0.06350073544862365,0.08831687329270856,0.08268543811725153,0.11358478671989913,0.10965538978777054,0.05498003782307207,0.05084051271275478,0.05126076906913217,0.023103593191847027,0.03830636688379912,0.009634376969951671,0.022924984240386637,0.0066400504307627655,0.004160537928136163,0.00514814036562303,0.006534986341668418,7.354486236604329e-05,0.002447993275898298,0.0018806471947888212,1.0506408909434756e-05,0.0,1.0506408909434756e-05,0.0,0.0,0.0,0.0,0.0,0.0,0.0,0.0,0.0,0.0,0.0,0.0,0.0,0.0,0.0,0.0,0.0,0.0,0.0,0.0,0.0,0.0,0.0,0.0,0.0,0.0,0.0,0.0,0.0,0.0,0.0,0.0,0.0,0.0,0.0,0.0,0.0,0.0,0.0,0.0,0.0,nan,nan,4.364055299539171,2.92923757955353,nan,0.9362735734140097,0.023895168270000676,0.0,0.0,0.0,0.0,0.0,0.0,0.0,0.0,0.0,0.0,0.0,0.0,0.0,0.0,0.0,0.0,0.0,0.0,0.0,0.0,0.0,0.0,0.0,0.0,0.0,0.0613999181334425,1.866557511256652,11.6414244781007,13.336062218583711,3.0945558739255024,0.9361009332182494,0.023096348768717204,0.0,0.0,0.0,0.0,0.0,0.0,0.0,0.0,0.0,0.0,0.0,0.0,0.0,0.0,0.0,0.0,0.0,0.0,0.0,0.0,0.0,0.0,0.0,0.0,0.0,0.051813471502590684,1.7875647668393786,11.748704663212438,13.613989637305703,2.797927461139897,0.4043,0.01016,0.0,0.0,0.0,0.0,0.0,0.0,0.0,0.0,0.0,0.0,0.0,10.130986492017996,19.832173557101928,0.036839950880065496,0.0,0.0,0.0,0.0,0.0,0.0,0.0,0.0,0.0,0.0,0.0,0.0,0.0,0.0,0.0,0.0,0.4045,0.01027,0.0,0.0,0.0,0.0,0.0,0.0,0.0,0.0,0.0,0.0,0.0,9.715025906735738,20.207253886010367,0.07772020725388602,0.0,0.0,0.0,0.0,0.0,0.0,0.0,0.0,0.0,0.0,0.0,0.0,0.0,0.0,0.0,0.0
29800,4737,2398,0.5062275701921047,1121,947,0.43656322567025546,1323,0.558581380620646,0.426,3.0038477982043608,3.2115762559536267,6.791411042944786,2.2290716869685743,8292.067381628656,433.6510486639873,7853.0,8739.657422685623,8720.332021173872,5.656644002186375,7853.0,0.0,27.394975723031454,20.764367591070148,32.27712056380569,19.122756372736305,0.13996200126662445,0.10702976567447751,0.09964112307367533,0.08317500527760185,0.08106396453451552,0.07557525860249102,0.07156428119062698,0.06206459784673844,0.05784251636056576,0.046865104496516784,0.042854127084652735,0.038843149672788686,0.035887692632467806,0.022799240025332488,0.01773274224192527,0.010555203715431708,0.006544226303567659,0.9368577969710938,0.02347775752154313,0.0,0.0,0.0,0.0,0.0,0.0,0.0,0.0,0.0,0.0,0.0,0.0,0.0,0.0,0.0,0.0,0.0,0.0,0.0,0.0,0.0,0.0,0.0,0.0,0.0,0.03799873337555416,1.6339455351488288,11.494616846105133,13.65421152628246,3.1792273590880313,4.438337801608579,2.9694971949782856,nan,nan,nan,4.402422611036339,2.9857615541562317,4.47561790247161,2.953136535915612,1.0166261392651808,0.4038,0.010185,0.0,0.0,0.0,0.0,0.0,0.0,0.0,0.0,0.0,0.0,0.0,10.386320455984785,19.55668144395187,0.05699810006333123,0.0,0.0,0.0,0.0,0.0,0.0,0.0,0.0,0.0,0.0,0.0,0.0,0.0,0.0,0.0,0.0,nan,nan,4.438337801608579,2.9694971949782856,nan,0.4038,0.04764,0.0,0.0,0.0,0.0,0.0,0.0,0.0,0.0,0.0,0.0,0.0,0.0,0.0,0.0,0.0,0.0,0.0,0.0,0.0,0.00011610724086974878,6.333122229259025e-05,1.0555203715431708e-05,6.333122229259025e-05,0.005119273801984378,0.0002955457040320878,0.0021215959468017733,0.011262402364365633,4.222081486172683e-05,0.0008338610935191049,0.004169305467595525,0.005446485117162761,0.0065547815072830905,0.0063964534515516145,0.01508338610935191,0.01767996622334811,0.03652100485539371,0.06703609879670677,0.08833649989444796,0.06441840827527971,0.08747097318978256,0.08131728942368588,0.11522060375765253,0.10810639645345155,0.05451762719020477,0.04985222714798396,0.052005488705932024,0.023432552248258392,0.03759763563436774,0.011283512771796496,0.02241925269157695,0.006016466117796073,0.0034093308000844418,0.005034832172260925,0.006512560692421364,9.499683343888537e-05,0.0021427063542326366,0.001994933502216593,0.0,0.0,0.0,0.0,0.0,0.0,0.0,0.0,0.0,0.0,0.0,0.0,0.0,0.0,0.0,0.0,0.0,0.0,0.0,0.0,0.0,0.0,0.0,0.0,0.0,0.0,0.0,0.0,0.0,0.0,0.0,0.0,0.0,0.0,0.0,0.0,0.0,0.0,0.0,0.0,0.0,0.0,0.0,0.0,nan,nan,4.438337801608579,2.9694971949782856,nan,0.9367287111491139,0.02323969082766287,0.0,0.0,0.0,0.0,0.0,0.0,0.0,0.0,0.0,0.0,0.0,0.0,0.0,0.0,0.0,0.0,0.0,0.0,0.0,0.0,0.0,0.0,0.0,0.0,0.0,0.0,1.6513761467889911,11.897414512093414,13.248540450375316,3.202668890742286,0.9369901389125679,0.023718619519848126,0.0,0.0,0.0,0.0,0.0,0.0,0.0,0.0,0.0,0.0,0.0,0.0,0.0,0.0,0.0,0.0,0.0,0.0,0.0,0.0,0.0,0.0,0.0,0.0,0.0,0.07695596408721678,1.6160752458315524,11.081658828559217,14.070115433946134,3.1551945275758877,0.4038,0.010155,0.0,0.0,0.0,0.0,0.0,0.0,0.0,0.0,0.0,0.0,0.0,10.208507089241019,19.766472060050045,0.025020850708924108,0.0,0.0,0.0,0.0,0.0,0.0,0.0,0.0,0.0,0.0,0.0,0.0,0.0,0.0,0.0,0.0,0.4038,0.01021,0.0,0.0,0.0,0.0,0.0,0.0,0.0,0.0,0.0,0.0,0.0,10.568619067977753,19.341598973920483,0.0897819581017529,0.0,0.0,0.0,0.0,0.0,0.0,0.0,0.0,0.0,0.0,0.0,0.0,0.0,0.0,0.0,0.0
29900,4895,2509,0.5125638406537283,1187,977,0.44208375893769153,1391,0.568335035750766,0.39399999999999996,2.9811399832355407,3.0794284925001034,6.450924608819346,2.1692460880069,8297.779992852513,433.7597957998628,7853.0,8739.781235063076,8720.75530690038,5.691452790921094,7853.0,0.0,28.862104187946883,21.175399222741106,33.61577302236115,19.413930528228356,0.13094994892747702,0.0982635342185904,0.09765066394279877,0.0794688457609806,0.0770173646578141,0.06986721144024514,0.06986721144024514,0.06925434116445352,0.0557711950970378,0.05495403472931563,0.04943820224719101,0.04412665985699694,0.03472931562819203,0.031664964249233915,0.017568947906026557,0.013278855975485188,0.006128702757916241,0.9378701401195195,0.02339646620613437,0.0,0.0,0.0,0.0,0.0,0.0,0.0,0.0,0.0,0.0,0.0,0.0,0.0,0.0,0.0,0.0,0.0,0.0,0.0,0.0,0.0,0.0,0.0,0.0,0.0,0.055158324821246184,1.568947906026558,10.951991828396325,14.243105209397347,3.1807967313585297,4.248045042227088,2.871467191012784,nan,nan,nan,4.278153846153846,2.882122557746256,4.216921119592875,2.8600777025311386,0.9856871144042609,0.4045,0.0105,0.0,0.0,0.0,0.0,0.0,0.0,0.0,0.0,0.0,0.0,0.0,10.014300306435123,19.850868232890708,0.13483146067415733,0.0,0.0,0.0,0.0,0.0,0.0,0.0,0.0,0.0,0.0,0.0,0.0,0.0,0.0,0.0,0.0,nan,nan,4.248045042227088,2.871467191012784,nan,0.4045,0.04807,0.0,0.0,0.0,0.0,0.0,0.0,0.0,0.0,0.0,0.0,0.0,0.0,0.0,0.0,0.0,0.0,0.0,0.0,0.0,0.00011235955056179776,3.0643513789581204e-05,0.0,0.0002553626149131767,0.005485188968335036,0.00024514811031664963,0.002522982635342186,0.011583248212461695,6.128702757916241e-05,0.0006435137895812053,0.004157303370786517,0.005474974463738509,0.00627170582226762,0.006016343207354443,0.014167517875383043,0.017344228804902963,0.034525025536261494,0.06492339121552605,0.08573033707865169,0.06693564862104188,0.08655771195097038,0.08003064351378958,0.11585291113381001,0.11046986721144024,0.052145045965270684,0.04969356486210419,0.05348314606741573,0.023115423901940754,0.03972420837589377,0.012778345250255363,0.024453524004085802,0.00634320735444331,0.003299284984678243,0.005148110316649642,0.005934627170582227,7.150153217568948e-05,0.002114402451481103,0.0022880490296220634,0.0,0.0,1.0214504596527069e-05,0.0,0.0,0.0,0.0,0.0,0.0,0.0,0.0,0.0,0.0,0.0,0.0,0.0,0.0,0.0,0.0,0.0,0.0,0.0,0.0,0.0,0.0,0.0,0.0,0.0,0.0,0.0,0.0,0.0,0.0,0.0,0.0,0.0,0.0,0.0,0.0,0.0,0.0,0.0,0.0,0.0,nan,nan,4.248045042227088,2.871467191012784,nan,0.9380957132176414,0.023283129484154556,0.0,0.0,0.0,0.0,0.0,0.0,0.0,0.0,0.0,0.0,0.0,0.0,0.0,0.0,0.0,0.0,0.0,0.0,0.0,0.0,0.0,0.0,0.0,0.0,0.0,0.04782781984854525,1.530490235153448,10.964527700278998,14.204862495017938,3.252291749701077,0.9376329385674709,0.023512722133133244,0.0,0.0,0.0,0.0,0.0,0.0,0.0,0.0,0.0,0.0,0.0,0.0,0.0,0.0,0.0,0.0,0.0,0.0,0.0,0.0,0.0,0.0,0.0,0.0,0.0,0.06286672254819783,1.6093880972338646,10.938809723386424,14.283319362950548,3.105616093880973,0.4043,0.010544,0.0,0.0,0.0,0.0,0.0,0.0,0.0,0.0,0.0,0.0,0.0,10.342766042247893,19.537664408130734,0.11956954962136311,0.0,0.0,0.0,0.0,0.0,0.0,0.0,0.0,0.0,0.0,0.0,0.0,0.0,0.0,0.0,0.0,0.4045,0.01045,0.0,0.0,0.0,0.0,0.0,0.0,0.0,0.0,0.0,0.0,0.0,9.668901927912811,20.180217937971502,0.1508801341156748,0.0,0.0,0.0,0.0,0.0,0.0,0.0,0.0,0.0,0.0,0.0,0.0,0.0,0.0,0.0,0.0
30000,4758,2468,0.5187053383774696,1179,928,0.442833123160992,1322,0.5556956704497689,0.418,2.981659388646288,3.1237385013146124,6.621580547112462,2.102529073499422,8303.140613821188,433.62393686871366,7853.0,8742.275068247318,8720.815656629338,5.761519313857645,7853.0,0.0,28.64712063892392,21.165079634973292,33.44367245657568,19.44035041428483,0.13135771332492643,0.10487599831862127,0.0865910046237915,0.08890290037831021,0.07650273224043716,0.0735603194619588,0.06452290878520386,0.06494325346784363,0.06452290878520386,0.0582177385456074,0.044976881042454814,0.035939470365699874,0.03635981504833964,0.027952921395544346,0.020596889449348465,0.011769651113913409,0.008406893652795292,0.93789629931959,0.02360321553938362,0.0,0.0,0.0,0.0,0.0,0.0,0.0,0.0,0.0,0.0,0.0,0.0,0.0,0.0,0.0,0.0,0.0,0.0,0.0,0.0,0.0,0.0,0.0,0.0,0.0,0.05044136191677177,1.5573770491803283,10.989911727616649,14.06052963430013,3.3417402269861296,4.306851077516886,2.930373765568827,nan,nan,nan,4.252414681262073,2.943670941584321,4.361182519280206,2.9160286830398965,1.0255779001275227,0.4043,0.01066,0.0,0.0,0.0,0.0,0.0,0.0,0.0,0.0,0.0,0.0,0.0,10.025220680958371,19.81084489281211,0.16393442622950824,0.0,0.0,0.0,0.0,0.0,0.0,0.0,0.0,0.0,0.0,0.0,0.0,0.0,0.0,0.0,0.0,nan,nan,4.306851077516886,2.930373765568827,nan,0.4043,0.04852,0.0,0.0,0.0,0.0,0.0,0.0,0.0,0.0,0.0,0.0,0.0,0.0,0.0,0.0,0.0,0.0,0.0,0.0,0.0,0.00015762925598991173,1.0508617065994115e-05,0.0,0.0002942412778478352,0.0068726355611601515,0.00038881883144178226,0.002259352669188735,0.011139134089953762,0.00017864649012189996,0.0008301807482135351,0.0036254728877679696,0.006305170239596469,0.006504833963850357,0.006725514922236234,0.014659520807061791,0.01680327868852459,0.03454182429592265,0.06554224464060529,0.08329129886506936,0.06698192517864648,0.08497267759562842,0.0778478352248844,0.11601513240857503,0.11023539302227826,0.05421395544346364,0.050241698192517864,0.05451870533837747,0.02237284573350147,0.039270701975620007,0.01396595208070618,0.02437999159310635,0.006315678856662463,0.0030790248003362756,0.0048970155527532575,0.0058532997057587225,0.0002627154266498529,0.0021332492643968055,0.0023013871374527113,1.0508617065994115e-05,0.0,0.0,0.0,0.0,0.0,0.0,0.0,0.0,0.0,0.0,0.0,0.0,0.0,0.0,0.0,0.0,0.0,0.0,0.0,0.0,0.0,0.0,0.0,0.0,0.0,0.0,0.0,0.0,0.0,0.0,0.0,0.0,0.0,0.0,0.0,0.0,0.0,0.0,0.0,0.0,0.0,0.0,0.0,nan,nan,4.306851077516886,2.930373765568827,nan,0.9384890469681695,0.02382463739034158,0.0,0.0,0.0,0.0,0.0,0.0,0.0,0.0,0.0,0.0,0.0,0.0,0.0,0.0,0.0,0.0,0.0,0.0,0.0,0.0,0.0,0.0,0.0,0.0,0.0,0.048622366288492716,1.482982171799028,10.806320907617508,14.039708265802272,3.6223662884927075,0.9372574778363174,0.0233453890372736,0.0,0.0,0.0,0.0,0.0,0.0,0.0,0.0,0.0,0.0,0.0,0.0,0.0,0.0,0.0,0.0,0.0,0.0,0.0,0.0,0.0,0.0,0.0,0.0,0.0,0.05240174672489084,1.6375545851528388,11.187772925764195,14.082969432314414,3.039301310043669,0.4043,0.01058,0.0,0.0,0.0,0.0,0.0,0.0,0.0,0.0,0.0,0.0,0.0,10.271474878444069,19.570502431118317,0.15802269043760134,0.0,0.0,0.0,0.0,0.0,0.0,0.0,0.0,0.0,0.0,0.0,0.0,0.0,0.0,0.0,0.0,0.4045,0.010735,0.0,0.0,0.0,0.0,0.0,0.0,0.0,0.0,0.0,0.0,0.0,9.759825327510903,20.06986899563319,0.17030567685589523,0.0,0.0,0.0,0.0,0.0,0.0,0.0,0.0,0.0,0.0,0.0,0.0,0.0,0.0,0.0,0.0
30100,4758,2528,0.5313156788566624,1216,952,0.4556536359815048,1301,0.5468684321143338,0.422,2.994170403587444,3.1335680185718693,6.70429252782194,2.069921778425333,8314.00686971355,433.00406545219676,7853.0,8741.886283123493,8720.670366335864,5.797019330424828,7853.0,0.0,28.32072299285414,20.772019451156282,33.066253101736976,19.0171876707278,0.1319882303488861,0.09836065573770492,0.0937368642286675,0.08385876418663304,0.0773434216057167,0.07755359394703656,0.07692307692307693,0.06200084068936528,0.0605296343001261,0.05569567044976881,0.04686843211433375,0.0367801597309794,0.03909205548549811,0.025220680958385876,0.01807482135350988,0.008617065994115174,0.007356031946195881,0.9376251806527338,0.02361961019408285,0.0,0.0,0.0,0.0,0.0,0.0,0.0,0.0,0.0,0.0,0.0,0.0,0.0,0.0,0.0,0.0,0.0,0.0,0.0,0.0,0.0,0.0,0.0,0.0,0.0,0.01891551071878941,1.6708701134930648,11.134930643127367,13.783102143757885,3.392181588902901,4.166344916344916,2.9244563937460297,nan,nan,nan,4.225496476617553,2.953258034348564,4.106658047834518,2.893878413180096,0.97187586608091,0.4045,0.01055,0.0,0.0,0.0,0.0,0.0,0.0,0.0,0.0,0.0,0.0,0.0,10.094577553593933,19.836065573770494,0.06935687263556117,0.0,0.0,0.0,0.0,0.0,0.0,0.0,0.0,0.0,0.0,0.0,0.0,0.0,0.0,0.0,0.0,nan,nan,4.166344916344916,2.9244563937460297,nan,0.4045,0.04837,0.0,0.0,0.0,0.0,0.0,0.0,0.0,0.0,0.0,0.0,0.0,0.0,0.0,0.0,0.0,0.0,0.0,0.0,0.0,1.0508617065994115e-05,0.0,0.0,0.0006620428751576293,0.006031946195880622,0.0006200084068936528,0.0023854560739806643,0.01021437578814628,0.0003993274485077764,0.0008827238335435057,0.004150903741067675,0.004865489701555275,0.0069672131147540985,0.007082807902480033,0.014638503572929803,0.016172761664564942,0.036885245901639344,0.06751786464901219,0.08031736023539303,0.06496427070197562,0.0883984867591425,0.07787936107608238,0.11314627994955864,0.10941572089113073,0.05509667927700715,0.05295292139554435,0.05670449768810425,0.02132198402690206,0.03883984867591425,0.01343001261034048,0.023013871374527112,0.005811265237494746,0.003015973097940311,0.0047498949138293405,0.006073980664144598,0.0002837326607818411,0.002185792349726776,0.0028478352248844053,6.305170239596469e-05,0.0,0.0,0.0,0.0,0.0,0.0,0.0,0.0,0.0,0.0,0.0,0.0,0.0,0.0,0.0,0.0,0.0,0.0,0.0,0.0,0.0,0.0,0.0,0.0,0.0,0.0,0.0,0.0,0.0,0.0,0.0,0.0,0.0,0.0,0.0,0.0,0.0,0.0,0.0,0.0,0.0,0.0,0.0,nan,nan,4.166344916344916,2.9244563937460297,nan,0.9376355871982589,0.023432594808164474,0.0,0.0,0.0,0.0,0.0,0.0,0.0,0.0,0.0,0.0,0.0,0.0,0.0,0.0,0.0,0.0,0.0,0.0,0.0,0.0,0.0,0.0,0.0,0.0,0.0,0.01186708860759494,1.6257911392405067,11.238132911392407,13.872626582278484,3.2515822784810133,0.9376133834567305,0.023829836456234706,0.0,0.0,0.0,0.0,0.0,0.0,0.0,0.0,0.0,0.0,0.0,0.0,0.0,0.0,0.0,0.0,0.0,0.0,0.0,0.0,0.0,0.0,0.0,0.0,0.0,0.02690582959641256,1.721973094170404,11.017937219730943,13.681614349775788,3.5515695067264583,0.4043,0.01071,0.0,0.0,0.0,0.0,0.0,0.0,0.0,0.0,0.0,0.0,0.0,10.359968354430366,19.533227848101273,0.10680379746835446,0.0,0.0,0.0,0.0,0.0,0.0,0.0,0.0,0.0,0.0,0.0,0.0,0.0,0.0,0.0,0.0,0.4045,0.010376,0.0,0.0,0.0,0.0,0.0,0.0,0.0,0.0,0.0,0.0,0.0,9.793721973094156,20.17937219730942,0.02690582959641256,0.0,0.0,0.0,0.0,0.0,0.0,0.0,0.0,0.0,0.0,0.0,0.0,0.0,0.0,0.0,0.0
30200,4970,2606,0.5243460764587525,1255,1015,0.4567404426559356,1368,0.5505030181086519,0.418,2.949238578680203,3.152491335420157,6.773615635179153,2.2496950836785703,8307.83595646345,433.2220117175369,7853.0,8738.082967036962,8720.43465219622,5.624727031680189,7853.0,0.0,27.492756539235412,20.648218845606486,32.47316486161252,18.922908762253375,0.1392354124748491,0.09879275653923542,0.09678068410462777,0.09416498993963783,0.08148893360160966,0.07323943661971831,0.06800804828973843,0.06519114688128773,0.05754527162977867,0.053722334004024146,0.04688128772635815,0.03722334004024145,0.030181086519114688,0.022132796780684104,0.01670020120724346,0.012072434607645875,0.006639839034205231,0.9361424769314242,0.023280617261404336,0.0,0.0,0.0,0.0,0.0,0.0,0.0,0.0,0.0,0.0,0.0,0.0,0.0,0.0,0.0,0.0,0.0,0.0,0.0,0.0,0.0,0.0,0.0,0.0,0.0,0.024144869215291756,1.780684104627767,11.722334004024148,13.629778672032197,2.843058350100604,4.309045226130653,2.973284496385615,nan,nan,nan,4.290841584158416,2.9869046338535994,4.32780612244898,2.959064641782641,1.0086147525061364,0.405,0.010506,0.0,0.0,0.0,0.0,0.0,0.0,0.0,0.0,0.0,0.0,0.018108651911468817,9.476861167002,20.402414486921536,0.10261569416498996,0.0,0.0,0.0,0.0,0.0,0.0,0.0,0.0,0.0,0.0,0.0,0.0,0.0,0.0,0.0,0.0,nan,nan,4.309045226130653,2.973284496385615,nan,0.405,0.04773,0.0,0.0,0.0,0.0,0.0,0.0,0.0,0.0,0.0,0.0,0.0,0.0,0.0,0.0,0.0,0.0,0.0,0.0,0.0,0.0,1.006036217303823e-05,0.0,0.0009255533199195171,0.005382293762575453,0.0006438631790744467,0.002062374245472837,0.010070422535211268,0.000482897384305835,0.0007545271629778672,0.0039839034205231385,0.00386317907444668,0.006388329979879276,0.0061066398390342055,0.013018108651911468,0.015573440643863179,0.038420523138833,0.06759557344064386,0.07985915492957746,0.06372233400402415,0.08722334004024145,0.08026156941649899,0.11608651911468813,0.10845070422535211,0.05778672032193159,0.055070422535211265,0.055643863179074445,0.020583501006036217,0.03805835010060362,0.013873239436619719,0.02404426559356137,0.006207243460764587,0.0028672032193158953,0.004678068410462776,0.005211267605633803,0.00016096579476861168,0.0020321931589537224,0.0028370221327967808,5.0301810865191146e-05,0.0,0.0,1.006036217303823e-05,0.0,0.0,0.0,0.0,0.0,0.0,0.0,0.0,0.0,0.0,0.0,0.0,0.0,0.0,0.0,0.0,0.0,0.0,0.0,0.0,0.0,0.0,0.0,0.0,0.0,0.0,0.0,0.0,0.0,0.0,0.0,0.0,0.0,0.0,0.0,0.0,0.0,0.0,0.0,0.0,nan,nan,4.309045226130653,2.973284496385615,nan,0.9359952171811303,0.0232195837374933,0.0,0.0,0.0,0.0,0.0,0.0,0.0,0.0,0.0,0.0,0.0,0.0,0.0,0.0,0.0,0.0,0.0,0.0,0.0,0.0,0.0,0.0,0.0,0.0,0.0,0.034535686876438994,1.7728319263238683,11.788181120491178,13.572524942440525,2.8319263238679975,0.9363048114954114,0.02334663751951444,0.0,0.0,0.0,0.0,0.0,0.0,0.0,0.0,0.0,0.0,0.0,0.0,0.0,0.0,0.0,0.0,0.0,0.0,0.0,0.0,0.0,0.0,0.0,0.0,0.0,0.012690355329949242,1.789340101522843,11.649746192893405,13.692893401015231,2.8553299492385795,0.405,0.01039,0.0,0.0,0.0,0.0,0.0,0.0,0.0,0.0,0.0,0.0,0.02302379125095933,9.42824251726783,20.445126630851885,0.10360706062931699,0.0,0.0,0.0,0.0,0.0,0.0,0.0,0.0,0.0,0.0,0.0,0.0,0.0,0.0,0.0,0.0,0.405,0.01064,0.0,0.0,0.0,0.0,0.0,0.0,0.0,0.0,0.0,0.0,0.012690355329949242,9.530456852791865,20.35532994923858,0.10152284263959394,0.0,0.0,0.0,0.0,0.0,0.0,0.0,0.0,0.0,0.0,0.0,0.0,0.0,0.0,0.0,0.0
30300,4606,2359,0.5121580547112462,1088,945,0.44138080764220583,1283,0.5570994355188884,0.426,2.986648865153538,3.118173859496666,6.498402555910543,2.2681636048284144,8297.288861738785,433.63283949887943,7853.0,8738.994528734684,8720.483890279289,5.693479794550157,7853.0,0.0,28.389274858879723,21.21045542866864,33.42798034652185,19.41656570221953,0.1387320885801129,0.10182370820668693,0.08771168041684758,0.08488927485887972,0.07881024750325662,0.07273122014763352,0.06621797655232306,0.06904038211029093,0.058619192357794184,0.04732957012592271,0.05080330004342162,0.043638732088580115,0.032783326096396004,0.028006947459834997,0.01888840642640035,0.013243595310464611,0.006730351715154147,0.9360484350545479,0.023657197284392074,0.0,0.0,0.0,0.0,0.0,0.0,0.0,0.0,0.0,0.0,0.0,0.0,0.0,0.0,0.0,0.0,0.0,0.0,0.0,0.0,0.0,0.0,0.0,0.0,0.0,0.07164567954841512,1.7650890143291362,11.951801997394705,13.28050369083804,2.9309596178897097,4.27165883143049,2.893290680553932,nan,nan,nan,4.2276368491321765,2.8698255035556484,4.316216216216216,2.9161723815055844,1.020952454112094,0.4045,0.01059,0.0,0.0,0.0,0.0,0.0,0.0,0.0,0.0,0.0,0.0,0.013026487190620932,9.763352149370371,20.12592270950934,0.097698653929657,0.0,0.0,0.0,0.0,0.0,0.0,0.0,0.0,0.0,0.0,0.0,0.0,0.0,0.0,0.0,0.0,nan,nan,4.27165883143049,2.893290680553932,nan,0.4045,0.04767,0.0,0.0,0.0,0.0,0.0,0.0,0.0,0.0,0.0,0.0,0.0,0.0,0.0,0.0,0.0,0.0,0.0,0.0,0.0,0.0,0.0,0.0,0.0008467216673903604,0.005970473295701259,0.0006730351715154147,0.002930959617889709,0.009683022145028223,0.0005536257056013895,0.000401650021710812,0.0033868866695614414,0.0035497177594442032,0.0060790273556231,0.005742509769865393,0.013167607468519322,0.015175857577073383,0.0374294398610508,0.07321971341728181,0.08099218410768563,0.06112679114198871,0.09115284411636995,0.07724706904038212,0.11130047763786366,0.11210377768128528,0.05853234910985671,0.055937907077724704,0.054798089448545376,0.020288753799392097,0.03785280069474598,0.012809379070777248,0.02323056882327399,0.006035605731654364,0.0033000434216239687,0.004287885366912722,0.004950065132435953,0.00019539730785931393,0.0021819366044290057,0.0028658271819366043,0.0,0.0,0.0,0.0,0.0,0.0,0.0,0.0,0.0,0.0,0.0,0.0,0.0,0.0,0.0,0.0,0.0,0.0,0.0,0.0,0.0,0.0,0.0,0.0,0.0,0.0,0.0,0.0,0.0,0.0,0.0,0.0,0.0,0.0,0.0,0.0,0.0,0.0,0.0,0.0,0.0,0.0,0.0,0.0,nan,nan,4.27165883143049,2.893290680553932,nan,0.9365362030765474,0.023657172606376325,0.0,0.0,0.0,0.0,0.0,0.0,0.0,0.0,0.0,0.0,0.0,0.0,0.0,0.0,0.0,0.0,0.0,0.0,0.0,0.0,0.0,0.0,0.0,0.0,0.0,0.05086901229334465,1.6786774056803735,11.992369648156002,13.047901653242903,3.2301822806273854,0.9355363546077761,0.023646399436831514,0.0,0.0,0.0,0.0,0.0,0.0,0.0,0.0,0.0,0.0,0.0,0.0,0.0,0.0,0.0,0.0,0.0,0.0,0.0,0.0,0.0,0.0,0.0,0.0,0.0,0.09345794392523367,1.8558077436582114,11.909212283044061,13.524699599465958,2.6168224299065423,0.4048,0.01056,0.0,0.0,0.0,0.0,0.0,0.0,0.0,0.0,0.0,0.0,0.0,9.525222551928769,20.385756676557868,0.08902077151335314,0.0,0.0,0.0,0.0,0.0,0.0,0.0,0.0,0.0,0.0,0.0,0.0,0.0,0.0,0.0,0.0,0.4045,0.01062,0.0,0.0,0.0,0.0,0.0,0.0,0.0,0.0,0.0,0.0,0.026702269692923906,10.013351134846447,19.85313751668892,0.10680907877169563,0.0,0.0,0.0,0.0,0.0,0.0,0.0,0.0,0.0,0.0,0.0,0.0,0.0,0.0,0.0,0.0
30400,4688,2470,0.5268771331058021,1158,945,0.44859215017064846,1317,0.5618600682593856,0.40599999999999997,3.0247971145175834,3.0999022759184127,6.533026113671275,2.101875374504368,8309.916709076111,432.99995558315396,7853.0,8739.717942619323,8720.216814635145,5.508540492416188,7853.0,0.0,28.4108361774744,20.99631615625874,33.16360432922225,19.27483252028733,0.134598976109215,0.09940273037542662,0.0908703071672355,0.08767064846416382,0.0791382252559727,0.07380546075085324,0.07252559726962457,0.06079351535836178,0.06420648464163822,0.04735494880546075,0.04671501706484642,0.04287542662116041,0.03348976109215017,0.030503412969283276,0.01877133105802048,0.010665529010238909,0.006612627986348123,0.9353712008496804,0.023129699478580446,0.0,0.0,0.0,0.0,0.0,0.0,0.0,0.0,0.0,0.0,0.0,0.0,0.0,0.0,0.0,0.0,0.0,0.0,0.0,0.0,0.0,0.0,0.0,0.0,0.0,0.04479522184300343,1.811006825938567,12.331484641638228,13.086604095563143,2.7261092150170656,4.248366013071895,2.889650329959167,nan,nan,nan,4.227478937135451,2.8584169683891956,4.269611074489124,2.9209232101896516,1.0099662560074685,0.405,0.010475,0.0,0.0,0.0,0.0,0.0,0.0,0.0,0.0,0.0,0.0,0.012798634812286692,9.374999999999986,20.535409556313997,0.07679180887372015,0.0,0.0,0.0,0.0,0.0,0.0,0.0,0.0,0.0,0.0,0.0,0.0,0.0,0.0,0.0,0.0,nan,nan,4.248366013071895,2.889650329959167,nan,0.405,0.04736,0.0,0.0,0.0,0.0,0.0,0.0,0.0,0.0,0.0,0.0,0.0,0.0,0.0,0.0,0.0,0.0,0.0,0.0,0.0,0.0,0.0,0.0,0.0010665529010238908,0.005823378839590444,0.00045861774744027306,0.002559726962457338,0.009353668941979523,0.0005119453924914676,0.00017064846416382253,0.0032849829351535836,0.003039675767918089,0.006751279863481229,0.004767491467576792,0.012969283276450512,0.014761092150170648,0.037563993174061436,0.07392278156996587,0.08070605802047781,0.06101749146757679,0.09229948805460751,0.0779863481228669,0.10904436860068259,0.11275597269624574,0.05864974402730375,0.05662329351535836,0.053370307167235495,0.019357935153583618,0.04161689419795222,0.012723976109215017,0.023944112627986347,0.005514078498293515,0.0038715870307167236,0.00420221843003413,0.004266211604095563,0.00017064846416382253,0.0023997440273037544,0.0024637372013651877,1.0665529010238908e-05,0.0,0.0,0.0,0.0,0.0,0.0,0.0,0.0,0.0,0.0,0.0,0.0,0.0,0.0,0.0,0.0,0.0,0.0,0.0,0.0,0.0,0.0,0.0,0.0,0.0,0.0,0.0,0.0,0.0,0.0,0.0,0.0,0.0,0.0,0.0,0.0,0.0,0.0,0.0,0.0,0.0,0.0,0.0,nan,nan,4.248366013071895,2.889650329959167,nan,0.9352347109240559,0.02292864105872455,0.0,0.0,0.0,0.0,0.0,0.0,0.0,0.0,0.0,0.0,0.0,0.0,0.0,0.0,0.0,0.0,0.0,0.0,0.0,0.0,0.0,0.0,0.0,0.0,0.0,0.060728744939271266,1.6032388663967616,12.473684210526319,13.226720647773282,2.6356275303643732,0.9355231981969718,0.02335062517778824,0.0,0.0,0.0,0.0,0.0,0.0,0.0,0.0,0.0,0.0,0.0,0.0,0.0,0.0,0.0,0.0,0.0,0.0,0.0,0.0,0.0,0.0,0.0,0.0,0.0,0.027051397655545543,2.0423805229936884,12.173128944995495,12.93056807935077,2.8268710550045095,0.4048,0.01048,0.0,0.0,0.0,0.0,0.0,0.0,0.0,0.0,0.0,0.0,0.02429149797570851,9.388663967611322,20.538461538461544,0.04858299595141702,0.0,0.0,0.0,0.0,0.0,0.0,0.0,0.0,0.0,0.0,0.0,0.0,0.0,0.0,0.0,0.0,0.405,0.01047,0.0,0.0,0.0,0.0,0.0,0.0,0.0,0.0,0.0,0.0,0.0,9.359783588818743,20.532010820559066,0.10820559062218217,0.0,0.0,0.0,0.0,0.0,0.0,0.0,0.0,0.0,0.0,0.0,0.0,0.0,0.0,0.0,0.0
30500,4588,2329,0.5076285963382737,1104,966,0.451176983435048,1319,0.5749782040104621,0.43,2.9734395750332006,3.1484171402363503,6.781045751633987,2.059832204410128,8293.320166929232,433.67080288376314,7853.0,8739.546839141845,8720.406151082576,5.5778303952351465,7853.0,0.0,27.615518744551004,20.583848209694526,32.44896373056995,18.86198129318296,0.13993025283347865,0.09655623365300785,0.09917175239755885,0.08979947689625109,0.08064516129032258,0.07476024411508282,0.07127288578901482,0.06233653007846556,0.05361813426329556,0.05754141238012206,0.04751525719267655,0.03879686137750654,0.031604184829991284,0.02724498692240628,0.014167393199651265,0.007846556233653008,0.007192676547515257,0.9352485480496648,0.02339773842496401,0.0,0.0,0.0,0.0,0.0,0.0,0.0,0.0,0.0,0.0,0.0,0.0,0.0,0.0,0.0,0.0,0.0,0.0,0.0,0.0,0.0,0.0,0.0,0.0,0.0,0.01961639058413252,1.8700959023539672,12.01830863121186,13.54184829991282,2.550130775937228,4.3399797228793515,2.975396486356925,nan,nan,nan,4.354490209318028,2.976488176304186,4.325439783491205,2.97423117095527,0.9933286275934989,0.4053,0.01032,0.0,0.0,0.0,0.0,0.0,0.0,0.0,0.0,0.0,0.0,0.0,9.082388840453344,20.79991281604185,0.11769834350479515,0.0,0.0,0.0,0.0,0.0,0.0,0.0,0.0,0.0,0.0,0.0,0.0,0.0,0.0,0.0,0.0,nan,nan,4.3399797228793515,2.975396486356925,nan,0.405,0.04697,0.0,0.0,0.0,0.0,0.0,0.0,0.0,0.0,0.0,0.0,0.0,0.0,0.0,0.0,0.0,0.0,0.0,0.0,0.0,0.0,0.0,0.0,0.001405841325196164,0.005536181342632955,0.0004032258064516129,0.002920662598081953,0.008761987794245859,0.00047951176983435047,4.359197907585005e-05,0.0023975588491717526,0.0025283347863993026,0.006702266782911945,0.005459895379250218,0.012347428073234525,0.016346992153443766,0.03756538796861378,0.07353966870095903,0.07701612903225806,0.059524847428073235,0.09225152571926766,0.07713600697471665,0.11336094158674803,0.11194420226678291,0.06050566695727986,0.061824324324324324,0.05106800348735833,0.017763731473408893,0.041782911944202264,0.01210767218831735,0.02533783783783784,0.0050457715780296425,0.004620749782040105,0.00459895379250218,0.0033020924149956407,0.00023975588491717523,0.002789886660854403,0.0013404533565823887,0.0,0.0,0.0,0.0,0.0,0.0,0.0,0.0,0.0,0.0,0.0,0.0,0.0,0.0,0.0,0.0,0.0,0.0,0.0,0.0,0.0,0.0,0.0,0.0,0.0,0.0,0.0,0.0,0.0,0.0,0.0,0.0,0.0,0.0,0.0,0.0,0.0,0.0,0.0,0.0,0.0,0.0,0.0,0.0,nan,nan,4.3399797228793515,2.975396486356925,nan,0.9357673720312303,0.023189935364583754,0.0,0.0,0.0,0.0,0.0,0.0,0.0,0.0,0.0,0.0,0.0,0.0,0.0,0.0,0.0,0.0,0.0,0.0,0.0,0.0,0.0,0.0,0.0,0.0,0.0,0.012881064834693005,1.7647058823529416,11.992271361099187,13.67969085444397,2.5504508372692145,0.9347136471850939,0.023598126512016995,0.0,0.0,0.0,0.0,0.0,0.0,0.0,0.0,0.0,0.0,0.0,0.0,0.0,0.0,0.0,0.0,0.0,0.0,0.0,0.0,0.0,0.0,0.0,0.0,0.0,0.026560424966799476,1.9787516600265609,12.045152722443563,13.399734395750336,2.5498007968127494,0.405,0.01017,0.0,0.0,0.0,0.0,0.0,0.0,0.0,0.0,0.0,0.0,0.0,8.97810218978101,20.89308716187205,0.12881064834693004,0.0,0.0,0.0,0.0,0.0,0.0,0.0,0.0,0.0,0.0,0.0,0.0,0.0,0.0,0.0,0.0,0.4053,0.010475,0.0,0.0,0.0,0.0,0.0,0.0,0.0,0.0,0.0,0.0,0.0,9.189907038512603,20.70385126162019,0.1062416998671979,0.0,0.0,0.0,0.0,0.0,0.0,0.0,0.0,0.0,0.0,0.0,0.0,0.0,0.0,0.0,0.0
30600,4857,2550,0.5250154416306362,1260,955,0.4560428247889644,1342,0.5526044883673049,0.41,3.034243606415258,3.150074806295764,6.6671532846715325,2.1755479044445347,8308.12316297702,432.91513511365196,7853.0,8737.252019369602,8719.875765717401,5.75148451979954,7853.0,0.0,28.090385011323864,20.75874597566521,33.08321060382916,18.933381852081418,0.1362981264154828,0.09820877084620136,0.09120856495779288,0.08832612723903645,0.08194358657607577,0.07761992999794112,0.0671196211653284,0.06382540662960676,0.05703108914968087,0.05600164710726786,0.04982499485278979,0.03973646283714227,0.0335598105826642,0.025118385834877497,0.016471072678608194,0.01194152769199094,0.005764875437512868,0.9341837894850266,0.023589997259118152,0.0,0.0,0.0,0.0,0.0,0.0,0.0,0.0,0.0,0.0,0.0,0.0,0.0,0.0,0.0,0.0,0.0,0.0,0.0,0.0,0.0,0.0,0.0,0.0,0.0,0.07411982705373689,2.192711550339716,12.260654725138977,12.977146386658434,2.495367510809142,4.231472721538947,2.9329788400510926,nan,nan,nan,4.289655172413793,2.9423061893377005,4.171428571428572,2.9228942262073687,0.9724391364262748,0.405,0.010216,0.0,0.0,0.0,0.0,0.0,0.0,0.0,0.0,0.0,0.0,0.006176652254478074,9.042618900555885,20.870907967881415,0.08029647930821497,0.0,0.0,0.0,0.0,0.0,0.0,0.0,0.0,0.0,0.0,0.0,0.0,0.0,0.0,0.0,0.0,nan,nan,4.231472721538947,2.9329788400510926,nan,0.405,0.0462,0.0,0.0,0.0,0.0,0.0,0.0,0.0,0.0,0.0,0.0,0.0,0.0,0.0,0.0,0.0,0.0,0.0,0.0,0.0,0.0,0.0,1.029442042413012e-05,0.0012353304508956147,0.0053016265184270125,0.0003705991352686844,0.0025221330039118797,0.008739962940086473,0.00021618282890673254,3.088326127239036e-05,0.002285361334156887,0.002213300391187976,0.006454601605929586,0.006073708050236772,0.01099444101297097,0.014782787729050855,0.03896438130533251,0.07811406217829936,0.07718756434012765,0.057092855672225655,0.0906732550957381,0.07896849907350216,0.11481367099032325,0.1117562281243566,0.058832612723903645,0.0610047354333951,0.05278978793493926,0.01786081943586576,0.044708667901997116,0.013043030677372863,0.023224212476837553,0.005579575869878526,0.004086884908379659,0.004591311509162034,0.0025530162651842703,0.00026765493102738315,0.0018015235742227713,0.0008544368952028001,0.0,0.0,0.0,0.0,0.0,0.0,0.0,0.0,0.0,0.0,0.0,0.0,0.0,0.0,0.0,0.0,0.0,0.0,0.0,0.0,0.0,0.0,0.0,0.0,0.0,0.0,0.0,0.0,0.0,0.0,0.0,0.0,0.0,0.0,0.0,0.0,0.0,0.0,0.0,0.0,0.0,0.0,0.0,0.0,nan,nan,4.231472721538947,2.9329788400510926,nan,0.9334402588302014,0.023642876297255606,0.0,0.0,0.0,0.0,0.0,0.0,0.0,0.0,0.0,0.0,0.0,0.0,0.0,0.0,0.0,0.0,0.0,0.0,0.0,0.0,0.0,0.0,0.0,0.0,0.0,0.08235294117647061,2.3176470588235296,12.482352941176474,12.776470588235297,2.341176470588236,0.9350056374129869,0.023504058359548514,0.0,0.0,0.0,0.0,0.0,0.0,0.0,0.0,0.0,0.0,0.0,0.0,0.0,0.0,0.0,0.0,0.0,0.0,0.0,0.0,0.0,0.0,0.0,0.0,0.0,0.06501950585175553,2.054616384915475,12.015604681404424,13.198959687906376,2.6657997399219773,0.405,0.01035,0.0,0.0,0.0,0.0,0.0,0.0,0.0,0.0,0.0,0.0,0.011764705882352944,9.141176470588222,20.7764705882353,0.07058823529411766,0.0,0.0,0.0,0.0,0.0,0.0,0.0,0.0,0.0,0.0,0.0,0.0,0.0,0.0,0.0,0.0,0.4053,0.010056,0.0,0.0,0.0,0.0,0.0,0.0,0.0,0.0,0.0,0.0,0.0,8.933680104031197,20.975292587776337,0.09102730819245776,0.0,0.0,0.0,0.0,0.0,0.0,0.0,0.0,0.0,0.0,0.0,0.0,0.0,0.0,0.0,0.0
30700,4904,2535,0.5169249592169658,1180,990,0.4424959216965742,1372,0.5595432300163132,0.418,2.9168425495989867,3.1529611790857603,6.7566302652106085,2.1799090856011665,8301.262644791626,433.3564983939327,7853.0,8739.41903963089,8720.171601600841,5.669867828516807,7853.0,0.0,27.75326264274062,20.74913001477036,32.54015481373972,19.083163007677236,0.1351957585644372,0.10195758564437195,0.10195758564437195,0.0933931484502447,0.07320554649265905,0.07157422512234911,0.07218597063621533,0.06137846655791191,0.051794453507340944,0.05261011419249592,0.052202283849918436,0.041598694942903754,0.03466557911908646,0.024877650897226752,0.015701468189233278,0.010399673735725938,0.005301794453507341,0.9341113281969534,0.023372174074618574,0.0,0.0,0.0,0.0,0.0,0.0,0.0,0.0,0.0,0.0,0.0,0.0,0.0,0.0,0.0,0.0,0.0,0.0,0.0,0.0,0.0,0.0,0.0,0.0,0.0,0.04282218597063623,2.134991843393149,12.449021207177816,12.889477977161503,2.483686786296901,4.275905912269549,2.9795079778811604,nan,nan,nan,4.196950444726811,2.933934281786855,4.354961832061068,3.022385869994716,1.0376490953170028,0.4053,0.01022,0.0,0.0,0.0,0.0,0.0,0.0,0.0,0.0,0.0,0.0,0.0,9.176182707993462,20.73817292006526,0.08564437194127246,0.0,0.0,0.0,0.0,0.0,0.0,0.0,0.0,0.0,0.0,0.0,0.0,0.0,0.0,0.0,0.0,nan,nan,4.275905912269549,2.9795079778811604,nan,0.4053,0.04657,0.0,0.0,0.0,0.0,0.0,0.0,0.0,0.0,0.0,0.0,0.0,0.0,0.0,0.0,0.0,0.0,0.0,0.0,4.078303425774878e-05,0.0,0.0,3.058727569331158e-05,0.0013254486133768353,0.005046900489396411,0.0002956769983686786,0.002783442088091354,0.009237357259380097,0.0003466557911908646,2.039151712887439e-05,0.0017638662316476347,0.002110522022838499,0.006963703099510604,0.006076672104404567,0.011092985318107667,0.012683523654159869,0.03994698205546492,0.08215742251223491,0.07302202283849918,0.057585644371941275,0.08753058727569331,0.07823205546492659,0.11689437194127243,0.11202079934747146,0.05741231647634584,0.059634991843393145,0.0512336867862969,0.02096247960848287,0.04477977161500816,0.014987765089722676,0.022369494290375203,0.00625,0.0046288743882544866,0.004914355628058728,0.002732463295269168,0.0003466557911908646,0.0016619086460032627,0.0008768352365415987,0.0,0.0,0.0,0.0,0.0,0.0,0.0,0.0,0.0,0.0,0.0,0.0,0.0,0.0,0.0,0.0,0.0,0.0,0.0,0.0,0.0,0.0,0.0,0.0,0.0,0.0,0.0,0.0,0.0,0.0,0.0,0.0,0.0,0.0,0.0,0.0,0.0,0.0,0.0,0.0,0.0,0.0,0.0,0.0,nan,nan,4.275905912269549,2.9795079778811604,nan,0.9344332205708445,0.023207065630567427,0.0,0.0,0.0,0.0,0.0,0.0,0.0,0.0,0.0,0.0,0.0,0.0,0.0,0.0,0.0,0.0,0.0,0.0,0.0,0.0,0.0,0.0,0.0,0.0,0.0,0.035502958579881665,2.0710059171597637,12.213017751479294,13.183431952662724,2.497041420118344,0.9337668802578171,0.023542695744245536,0.0,0.0,0.0,0.0,0.0,0.0,0.0,0.0,0.0,0.0,0.0,0.0,0.0,0.0,0.0,0.0,0.0,0.0,0.0,0.0,0.0,0.0,0.0,0.0,0.0,0.05065428450823133,2.203461376108063,12.701561840439007,12.574926129168428,2.4693963697762773,0.4053,0.0101,0.0,0.0,0.0,0.0,0.0,0.0,0.0,0.0,0.0,0.0,0.0,8.994082840236674,20.899408284023675,0.10650887573964499,0.0,0.0,0.0,0.0,0.0,0.0,0.0,0.0,0.0,0.0,0.0,0.0,0.0,0.0,0.0,0.0,0.4053,0.01036,0.0,0.0,0.0,0.0,0.0,0.0,0.0,0.0,0.0,0.0,0.0,9.37104263402278,20.56563951034192,0.06331785563528916,0.0,0.0,0.0,0.0,0.0,0.0,0.0,0.0,0.0,0.0,0.0,0.0,0.0,0.0,0.0,0.0
30800,4560,2270,0.49780701754385964,1090,929,0.44276315789473686,1315,0.5767543859649122,0.38199999999999995,2.8327510917030567,2.8782381550019953,5.974322396576319,2.0005483567585896,8284.714148613568,433.629817582799,7853.0,8739.505159074068,8720.231946113601,5.602208366327142,7853.0,0.0,28.907894736842106,21.32800088812021,33.700594161715316,19.576727339578266,0.13267543859649122,0.09583333333333334,0.09232456140350877,0.0868421052631579,0.07982456140350877,0.07236842105263158,0.06469298245614036,0.06469298245614036,0.05899122807017544,0.05197368421052632,0.05197368421052632,0.04144736842105263,0.03574561403508772,0.026535087719298245,0.022587719298245615,0.01381578947368421,0.007675438596491228,0.9340739259725077,0.023459409087498273,0.0,0.0,0.0,0.0,0.0,0.0,0.0,0.0,0.0,0.0,0.0,0.0,0.0,0.0,0.0,0.0,0.0,0.0,0.0,0.0,0.0,0.0,0.0,0.0,0.0,0.03289473684210527,2.190789473684211,12.552631578947372,12.907894736842108,2.315789473684211,4.100465735196274,2.6857884373611873,nan,nan,nan,4.102461743180306,2.655192491458969,4.098469727212242,2.716038277662939,0.999026921829387,0.4053,0.01023,0.0,0.0,0.0,0.0,0.0,0.0,0.0,0.0,0.0,0.0,0.006578947368421054,9.039473684210513,20.91447368421053,0.03947368421052632,0.0,0.0,0.0,0.0,0.0,0.0,0.0,0.0,0.0,0.0,0.0,0.0,0.0,0.0,0.0,0.0,nan,nan,4.100465735196274,2.6857884373611873,nan,0.4053,0.04684,0.0,0.0,0.0,0.0,0.0,0.0,0.0,0.0,0.0,0.0,0.0,0.0,0.0,0.0,0.0,0.0,0.0,0.0,0.0,0.0,1.0964912280701754e-05,0.0,0.0015789473684210526,0.004824561403508772,0.00020833333333333335,0.003355263157894737,0.009780701754385964,0.0006030701754385965,0.0,0.0014473684210526317,0.0019956140350877193,0.006491228070175438,0.005844298245614035,0.011052631578947368,0.01307017543859649,0.04211622807017544,0.08160087719298245,0.07486842105263158,0.05860745614035088,0.08195175438596491,0.07788377192982456,0.11932017543859649,0.11048245614035088,0.055668859649122805,0.05754385964912281,0.05660087719298246,0.019758771929824562,0.046337719298245615,0.013585526315789473,0.022269736842105262,0.005493421052631579,0.004769736842105263,0.005723684210526316,0.002631578947368421,0.00025219298245614035,0.0015021929824561404,0.0007565789473684211,0.0,0.0,0.0,0.0,0.0,0.0,0.0,1.0964912280701754e-05,0.0,0.0,0.0,0.0,0.0,0.0,0.0,0.0,0.0,0.0,0.0,0.0,0.0,0.0,0.0,0.0,0.0,0.0,0.0,0.0,0.0,0.0,0.0,0.0,0.0,0.0,0.0,0.0,0.0,0.0,0.0,0.0,0.0,0.0,0.0,0.0,nan,nan,4.100465735196274,2.6857884373611873,nan,0.9345331404965355,0.023312915390088024,0.0,0.0,0.0,0.0,0.0,0.0,0.0,0.0,0.0,0.0,0.0,0.0,0.0,0.0,0.0,0.0,0.0,0.0,0.0,0.0,0.0,0.0,0.0,0.0,0.0,0.039647577092511016,2.035242290748899,12.555066079295157,12.898678414096919,2.47136563876652,0.9336187220556768,0.023594907016910017,0.0,0.0,0.0,0.0,0.0,0.0,0.0,0.0,0.0,0.0,0.0,0.0,0.0,0.0,0.0,0.0,0.0,0.0,0.0,0.0,0.0,0.0,0.0,0.0,0.0,0.02620087336244542,2.344978165938865,12.550218340611357,12.917030567685593,2.161572052401747,0.4055,0.01029,0.0,0.0,0.0,0.0,0.0,0.0,0.0,0.0,0.0,0.0,0.0,8.72246696035241,21.224669603524234,0.05286343612334803,0.0,0.0,0.0,0.0,0.0,0.0,0.0,0.0,0.0,0.0,0.0,0.0,0.0,0.0,0.0,0.0,0.4048,0.010155,0.0,0.0,0.0,0.0,0.0,0.0,0.0,0.0,0.0,0.0,0.01310043668122271,9.353711790393,20.60698689956332,0.02620087336244542,0.0,0.0,0.0,0.0,0.0,0.0,0.0,0.0,0.0,0.0,0.0,0.0,0.0,0.0,0.0,0.0
30900,4265,2232,0.5233294255568581,1053,855,0.4473622508792497,1173,0.5500586166471277,0.40599999999999997,3.014264633546483,3.1138889100978653,6.633390705679862,2.115800821403483,8306.945145534773,433.25475687935443,7853.0,8740.245326840877,8720.41758320153,5.508288931014613,7853.0,0.0,27.895662368112543,20.780935045674028,32.543971238938056,19.151750542209744,0.13294255568581478,0.10668229777256741,0.09050410316529894,0.08558030480656506,0.08675263774912075,0.07924970691676436,0.0694021101992966,0.05955451348182884,0.05697538100820633,0.04876905041031653,0.0511137162954279,0.04196951934349355,0.028839390386869872,0.02579132473622509,0.01969519343493552,0.009378663540445486,0.006799531066822978,0.935030284841902,0.02313237085294983,0.0,0.0,0.0,0.0,0.0,0.0,0.0,0.0,0.0,0.0,0.0,0.0,0.0,0.0,0.0,0.0,0.0,0.0,0.0,0.0,0.0,0.0,0.0,0.0,0.0,0.07033997655334116,2.0046893317702232,11.964830011723333,13.357561547479488,2.6025791324736227,4.235336712527154,2.9219283268597365,nan,nan,nan,4.261346998535871,2.9230866677697627,4.209885386819484,2.920570211338302,0.9879236279669155,0.4055,0.010056,0.0,0.0,0.0,0.0,0.0,0.0,0.0,0.0,0.0,0.0,0.0,8.848769050410304,21.094958968347015,0.05627198124267293,0.0,0.0,0.0,0.0,0.0,0.0,0.0,0.0,0.0,0.0,0.0,0.0,0.0,0.0,0.0,0.0,nan,nan,4.235336712527154,2.9219283268597365,nan,0.4055,0.04703,0.0,0.0,0.0,0.0,0.0,0.0,0.0,0.0,0.0,0.0,0.0,0.0,0.0,0.0,0.0,0.0,0.0,0.0,0.0,0.0,0.0,0.0,0.0006565064478311841,0.005041031652989449,0.00015240328253223915,0.0031770222743259086,0.01011723329425557,0.0008909730363423212,5.861664712778429e-05,0.0018640093786635404,0.0014654161781946073,0.006424384525205158,0.006236811254396249,0.01003516998827667,0.014314185228604923,0.044279015240328255,0.07971864009378664,0.07677608440797186,0.05620164126611958,0.08269636576787807,0.07856975381008206,0.11764361078546307,0.10859320046893317,0.05520515826494724,0.05669402110199297,0.053786635404454865,0.019730363423212192,0.050316529894490036,0.013376318874560375,0.023118405627198125,0.005627198124267292,0.006260257913247362,0.006178194607268464,0.002567409144196952,0.00016412661195779602,0.001406799531066823,0.0006565064478311841,0.0,0.0,0.0,0.0,0.0,0.0,0.0,0.0,0.0,0.0,0.0,0.0,0.0,0.0,0.0,0.0,0.0,0.0,0.0,0.0,0.0,0.0,0.0,0.0,0.0,0.0,0.0,0.0,0.0,0.0,0.0,0.0,0.0,0.0,0.0,0.0,0.0,0.0,0.0,0.0,0.0,0.0,0.0,0.0,nan,nan,4.235336712527154,2.9219283268597365,nan,0.9353218967074989,0.02303133748842164,0.0,0.0,0.0,0.0,0.0,0.0,0.0,0.0,0.0,0.0,0.0,0.0,0.0,0.0,0.0,0.0,0.0,0.0,0.0,0.0,0.0,0.0,0.0,0.0,0.0,0.08064516129032259,1.96236559139785,11.962365591397853,13.387096774193552,2.6075268817204305,0.9347101285782461,0.023238574335392757,0.0,0.0,0.0,0.0,0.0,0.0,0.0,0.0,0.0,0.0,0.0,0.0,0.0,0.0,0.0,0.0,0.0,0.0,0.0,0.0,0.0,0.0,0.0,0.0,0.0,0.059026069847516,2.051155927201181,11.967535661583868,13.325135268076737,2.597147073290704,0.4055,0.009995,0.0,0.0,0.0,0.0,0.0,0.0,0.0,0.0,0.0,0.0,0.0,8.521505376344074,21.45161290322581,0.026881720430107534,0.0,0.0,0.0,0.0,0.0,0.0,0.0,0.0,0.0,0.0,0.0,0.0,0.0,0.0,0.0,0.0,0.4053,0.01011,0.0,0.0,0.0,0.0,0.0,0.0,0.0,0.0,0.0,0.0,0.0,9.20806689621248,20.703393999016235,0.088539104771274,0.0,0.0,0.0,0.0,0.0,0.0,0.0,0.0,0.0,0.0,0.0,0.0,0.0,0.0,0.0,0.0
31000,4292,2241,0.522134203168686,1084,846,0.44967381174277726,1181,0.5503261882572228,0.422,2.941004388103364,3.105009363154276,6.534923339011925,2.1817088747642996,8305.625956540942,433.0333713666703,7853.0,8741.56023594141,8719.876664646907,5.7524394460977595,7853.0,0.0,27.91309412861137,20.93020055945444,32.861781848459614,19.20094860271521,0.13956197576887233,0.10624417520969245,0.08480894687791239,0.08620689655172414,0.08690587138863001,0.07758620689655173,0.06710158434296365,0.05871388630009319,0.05941286113699907,0.05405405405405406,0.04287045666356011,0.0358807082945014,0.0358807082945014,0.030288909599254427,0.019105312208760484,0.008853681267474371,0.0065237651444548,0.9334646429925574,0.02335620252419403,0.0,0.0,0.0,0.0,0.0,0.0,0.0,0.0,0.0,0.0,0.0,0.0,0.0,0.0,0.0,0.0,0.0,0.0,0.0,0.0,0.0,0.0,0.0,0.0,0.0,0.06989748369058715,2.1388630009319667,12.6304753028891,12.777260018639332,2.383504193849022,4.2364816149963955,2.9625679674888064,nan,nan,nan,4.267235252309879,2.959753676088801,4.204828090709583,2.9651287314385573,0.9853752704244476,0.4053,0.0103,0.0,0.0,0.0,0.0,0.0,0.0,0.0,0.0,0.0,0.0,0.013979496738117431,8.925908667287963,20.962255358807088,0.09785647716682203,0.0,0.0,0.0,0.0,0.0,0.0,0.0,0.0,0.0,0.0,0.0,0.0,0.0,0.0,0.0,0.0,nan,nan,4.2364816149963955,2.9625679674888064,nan,0.4053,0.04724,0.0,0.0,0.0,0.0,0.0,0.0,0.0,0.0,0.0,0.0,0.0,0.0,0.0,0.0,0.0,0.0,0.0,0.0,0.0,0.0,2.3299161230195714e-05,0.0,0.0007106244175209693,0.005114165890027959,0.00038443616029822927,0.0033550792171481826,0.01054287045666356,0.0008620689655172414,5.824790307548928e-05,0.0016425908667287979,0.001700838769804287,0.006791705498602051,0.006267474370922647,0.009238117427772601,0.014154240447343895,0.04308014911463187,0.08484389561975769,0.07491845293569431,0.05654706430568499,0.08004426840633737,0.07822693383038211,0.11589002795899347,0.1097856477166822,0.053506523765144455,0.05665191053122087,0.05468313140726934,0.02136533084808947,0.053285181733457594,0.01174277726001864,0.021912861136999067,0.005684995340167754,0.005917986952469711,0.0063490214352283315,0.0024813606710158433,0.00031453867660764215,0.0014212488350419385,0.0005009319664492078,0.0,0.0,0.0,0.0,0.0,0.0,0.0,0.0,0.0,0.0,0.0,0.0,0.0,0.0,0.0,0.0,0.0,0.0,0.0,0.0,0.0,0.0,0.0,0.0,0.0,0.0,0.0,0.0,0.0,0.0,0.0,0.0,0.0,0.0,0.0,0.0,0.0,0.0,0.0,0.0,0.0,0.0,0.0,0.0,nan,nan,4.2364816149963955,2.9625679674888064,nan,0.9332414084595796,0.02354966508786629,0.0,0.0,0.0,0.0,0.0,0.0,0.0,0.0,0.0,0.0,0.0,0.0,0.0,0.0,0.0,0.0,0.0,0.0,0.0,0.0,0.0,0.0,0.0,0.0,0.0,0.06693440428380189,2.168674698795181,12.78447121820616,12.503346720214193,2.47657295850067,0.9337085574676443,0.023140507312339027,0.0,0.0,0.0,0.0,0.0,0.0,0.0,0.0,0.0,0.0,0.0,0.0,0.0,0.0,0.0,0.0,0.0,0.0,0.0,0.0,0.0,0.0,0.0,0.0,0.0,0.07313505607020966,2.1062896148220385,12.462213554363728,13.076548025353489,2.2818137493905417,0.4053,0.01021,0.0,0.0,0.0,0.0,0.0,0.0,0.0,0.0,0.0,0.0,0.0,9.183400267737603,20.7095046854083,0.10709504685408303,0.0,0.0,0.0,0.0,0.0,0.0,0.0,0.0,0.0,0.0,0.0,0.0,0.0,0.0,0.0,0.0,0.4055,0.0104,0.0,0.0,0.0,0.0,0.0,0.0,0.0,0.0,0.0,0.0,0.029254022428083868,8.64456362749877,21.238420282788887,0.0877620672842516,0.0,0.0,0.0,0.0,0.0,0.0,0.0,0.0,0.0,0.0,0.0,0.0,0.0,0.0,0.0,0.0
31100,4302,2237,0.5199907019990702,1069,870,0.4507205950720595,1193,0.5546257554625755,0.426,2.9670702179176756,3.071525145435145,6.547495682210708,2.10495093200463,8303.982742074937,433.31784291256764,7853.0,8739.865070486068,8720.290011804374,5.710860324054395,7853.0,0.0,27.862622036262202,20.711427489270008,32.7836192584394,18.937061093557343,0.1403998140399814,0.09623430962343096,0.09739655973965597,0.08135750813575081,0.08740120874012088,0.0699674569967457,0.07438400743840075,0.06159925615992562,0.06206415620641562,0.052766155276615524,0.04625755462575546,0.03905160390516039,0.03602975360297536,0.022315202231520222,0.015574151557415155,0.009530450953045095,0.007670850767085077,0.934737036320732,0.023030170924591305,0.0,0.0,0.0,0.0,0.0,0.0,0.0,0.0,0.0,0.0,0.0,0.0,0.0,0.0,0.0,0.0,0.0,0.0,0.0,0.0,0.0,0.0,0.0,0.0,0.0,0.06973500697350071,1.8270571827057187,12.433751743375177,13.193863319386335,2.475592747559275,4.179201151493343,2.861110099091026,nan,nan,nan,4.210029069767442,2.813007266765566,4.148966500356379,2.9071968115501443,0.9854959268928668,0.4053,0.010254,0.0,0.0,0.0,0.0,0.0,0.0,0.0,0.0,0.0,0.0,0.0,9.170153417015328,20.71129707112971,0.11854951185495122,0.0,0.0,0.0,0.0,0.0,0.0,0.0,0.0,0.0,0.0,0.0,0.0,0.0,0.0,0.0,0.0,nan,nan,4.179201151493343,2.861110099091026,nan,0.4053,0.04755,0.0,0.0,0.0,0.0,0.0,0.0,0.0,0.0,0.0,0.0,0.0,0.0,0.0,0.0,0.0,0.0,0.0,0.0,0.0,0.0,3.486750348675035e-05,0.0,0.0006741050674105068,0.004556020455602046,0.000592747559274756,0.003382147838214784,0.011134356113435611,0.0014760576476057648,0.00010460251046025104,0.0016387726638772665,0.0015341701534170153,0.007333798233379823,0.006717805671780567,0.008844723384472338,0.014516503951650396,0.04131799163179916,0.08079962807996281,0.07687122268712226,0.05910041841004184,0.08177591817759182,0.07801022780102278,0.11658530915853092,0.10543933054393305,0.05396327289632729,0.0596466759646676,0.049639702463970245,0.022280334728033473,0.054556020455602046,0.012656903765690376,0.02102510460251046,0.006078568107856811,0.006322640632264063,0.006345885634588564,0.0021501627150162716,0.0004067875406787541,0.0014644351464435147,0.0010227801022780103,0.0,0.0,0.0,0.0,0.0,0.0,0.0,0.0,0.0,0.0,0.0,0.0,0.0,0.0,0.0,0.0,0.0,0.0,0.0,0.0,0.0,0.0,0.0,0.0,0.0,0.0,0.0,0.0,0.0,0.0,0.0,0.0,0.0,0.0,0.0,0.0,0.0,0.0,0.0,0.0,0.0,0.0,0.0,0.0,nan,nan,4.179201151493343,2.861110099091026,nan,0.9350537405676963,0.023329490214552114,0.0,0.0,0.0,0.0,0.0,0.0,0.0,0.0,0.0,0.0,0.0,0.0,0.0,0.0,0.0,0.0,0.0,0.0,0.0,0.0,0.0,0.0,0.0,0.0,0.0,0.10728654447921326,1.8238712561466253,12.042914617791688,13.424228877961559,2.6016987036209214,0.9343939528338269,0.02269648139972583,0.0,0.0,0.0,0.0,0.0,0.0,0.0,0.0,0.0,0.0,0.0,0.0,0.0,0.0,0.0,0.0,0.0,0.0,0.0,0.0,0.0,0.0,0.0,0.0,0.0,0.029055690072639234,1.8305084745762716,12.857142857142861,12.944309927360779,2.338983050847458,0.4053,0.01036,0.0,0.0,0.0,0.0,0.0,0.0,0.0,0.0,0.0,0.0,0.0,9.213232007152424,20.639248994188648,0.1475189986589182,0.0,0.0,0.0,0.0,0.0,0.0,0.0,0.0,0.0,0.0,0.0,0.0,0.0,0.0,0.0,0.0,0.4055,0.01014,0.0,0.0,0.0,0.0,0.0,0.0,0.0,0.0,0.0,0.0,0.0,9.123486682808704,20.78934624697337,0.08716707021791768,0.0,0.0,0.0,0.0,0.0,0.0,0.0,0.0,0.0,0.0,0.0,0.0,0.0,0.0,0.0,0.0
31200,4459,2258,0.5063915676160574,1075,926,0.44875532630634674,1247,0.5593182327876205,0.40199999999999997,2.955020445252158,3.12532030337265,6.63801652892562,2.1619266047567143,8292.246216466188,433.68511275285704,7853.0,8739.28268494606,8720.4042866354,5.614828526909803,7853.0,0.0,27.968827091276072,20.873247405943363,32.8744,19.134344984172657,0.13814756671899528,0.10316214397847051,0.09396725723256336,0.08252971518277641,0.07468042161919713,0.07647454586230096,0.07983852881812066,0.06077595873514241,0.05516932047544292,0.05382372729311505,0.047544292442251626,0.03677954698362862,0.03520968827091276,0.02758466023772146,0.01749271137026239,0.010091948867459071,0.006727965911639381,0.9354546612275237,0.023135287164922115,0.0,0.0,0.0,0.0,0.0,0.0,0.0,0.0,0.0,0.0,0.0,0.0,0.0,0.0,0.0,0.0,0.0,0.0,0.0,0.0,0.0,0.0,0.0,0.0,0.0,0.06727965911639382,1.8434626597891908,11.807580174927116,13.805786050684013,2.4758914554832927,4.3017751479289945,2.9111067688803414,nan,nan,nan,4.299019607843137,2.9393160549291037,4.302631578947368,2.8830805988754786,1.000840184840665,0.405,0.01051,0.0,0.0,0.0,0.0,0.0,0.0,0.0,0.0,0.0,0.0,0.006727965911639383,9.19712940121102,20.6884951782911,0.10764745458623012,0.0,0.0,0.0,0.0,0.0,0.0,0.0,0.0,0.0,0.0,0.0,0.0,0.0,0.0,0.0,0.0,nan,nan,4.3017751479289945,2.9111067688803414,nan,0.405,0.04785,0.0,0.0,0.0,0.0,0.0,0.0,0.0,0.0,0.0,0.0,0.0,0.0,0.0,0.0,0.0,0.0,0.0,0.0,0.0,0.0,0.00020183897734918143,0.0,0.0004933841668535547,0.004821708903341556,0.0007176496972415339,0.0033191298497420945,0.010562906481273828,0.0015137923301188608,0.00016819914779098454,0.001726844583987441,0.0012671002466920834,0.007109217313298946,0.0065821933168871945,0.008936981385960979,0.01643866337743889,0.043092621664050236,0.082574568288854,0.07674366449876655,0.06036106750392465,0.08342677730432832,0.07341332137250504,0.11722359273379682,0.10162592509531285,0.05510204081632653,0.05815205202960305,0.046153846153846156,0.024411302982731555,0.05500112132765194,0.014196008073559094,0.02106974657995066,0.005673917918815878,0.005898183449203858,0.0062906481273828216,0.002567840322942364,0.00017941242431038348,0.0015698587127158557,0.0013568064588472752,0.0,5.6066382596994845e-05,0.0,0.0,0.0,0.0,0.0,0.0,0.0,0.0,0.0,0.0,0.0,0.0,0.0,0.0,0.0,0.0,0.0,0.0,0.0,0.0,0.0,0.0,0.0,0.0,0.0,0.0,0.0,0.0,0.0,0.0,0.0,0.0,0.0,0.0,0.0,0.0,0.0,0.0,0.0,0.0,0.0,0.0,nan,nan,4.3017751479289945,2.9111067688803414,nan,0.935751445188894,0.022842302808295932,0.0,0.0,0.0,0.0,0.0,0.0,0.0,0.0,0.0,0.0,0.0,0.0,0.0,0.0,0.0,0.0,0.0,0.0,0.0,0.0,0.0,0.0,0.0,0.0,0.0,0.05314437555358726,1.6873339238263954,11.731620903454388,14.05668733392383,2.4712134632418072,0.935150191357113,0.023428145862267654,0.0,0.0,0.0,0.0,0.0,0.0,0.0,0.0,0.0,0.0,0.0,0.0,0.0,0.0,0.0,0.0,0.0,0.0,0.0,0.0,0.0,0.0,0.0,0.0,0.0,0.08178100863243981,2.0036347114947755,11.885506587914588,13.548387096774198,2.4806905951840075,0.405,0.010376,0.0,0.0,0.0,0.0,0.0,0.0,0.0,0.0,0.0,0.0,0.0,9.100974313551802,20.79273693534101,0.10628875110717452,0.0,0.0,0.0,0.0,0.0,0.0,0.0,0.0,0.0,0.0,0.0,0.0,0.0,0.0,0.0,0.0,0.405,0.01065,0.0,0.0,0.0,0.0,0.0,0.0,0.0,0.0,0.0,0.0,0.013630168105406636,9.295774647887312,20.58155383916402,0.10904134484325309,0.0,0.0,0.0,0.0,0.0,0.0,0.0,0.0,0.0,0.0,0.0,0.0,0.0,0.0,0.0,0.0
31300,4430,2313,0.5221218961625282,1084,886,0.44469525959367945,1227,0.5539503386004515,0.40599999999999997,2.9461502125649504,3.088817590416214,6.640893470790378,2.0742020100130674,8305.61961288593,433.0385782054151,7853.0,8740.665164077282,8719.88494815593,5.83790917962715,7853.0,0.0,28.179683972911963,20.93585264228555,33.02997056462403,19.19929590249066,0.13498871331828444,0.10158013544018059,0.09548532731376976,0.08668171557562077,0.07900677200902935,0.07404063205417608,0.06433408577878104,0.06501128668171557,0.05891647855530474,0.055079006772009026,0.04379232505643341,0.042212189616252824,0.03589164785553047,0.02799097065462754,0.01805869074492099,0.012415349887133182,0.004514672686230248,0.9345116615026314,0.023618366353676746,0.0,0.0,0.0,0.0,0.0,0.0,0.0,0.0,0.0,0.0,0.0,0.0,0.0,0.0,0.0,0.0,0.0,0.0,0.0,0.0,0.0,0.0,0.0,0.0,0.0,0.07449209932279911,2.1060948081264113,12.2234762979684,12.94130925507901,2.6546275395033865,4.277252015422363,2.8974585269002944,nan,nan,nan,4.287910552061495,2.930523341110886,4.266526019690577,2.8637590295906663,0.9950128315151916,0.4045,0.010506,0.0,0.0,0.0,0.0,0.0,0.0,0.0,0.0,0.0,0.0,0.027088036117381496,9.799097065462739,20.146726862302486,0.027088036117381496,0.0,0.0,0.0,0.0,0.0,0.0,0.0,0.0,0.0,0.0,0.0,0.0,0.0,0.0,0.0,0.0,nan,nan,4.277252015422363,2.8974585269002944,nan,0.4045,0.04758,0.0,0.0,0.0,0.0,0.0,0.0,0.0,0.0,0.0,0.0,0.0,0.0,0.0,0.0,0.0,0.0,0.0,0.0,0.0,0.0,0.00029345372460496614,2.257336343115124e-05,0.0005869074492099323,0.0039051918735891647,0.0010609480812641084,0.0036794582392776524,0.011252821670428894,0.0013205417607223477,0.0,0.0012866817155756207,0.0010496613995485326,0.007133182844243792,0.006512415349887133,0.008306997742663656,0.017844243792325055,0.04408577878103837,0.08419864559819414,0.07581264108352144,0.05864559819413093,0.0836117381489842,0.07960496613995485,0.11891647855530474,0.09913092550790067,0.05577878103837472,0.056275395033860046,0.04608352144469526,0.023047404063205417,0.05426636568848758,0.01409706546275395,0.019943566591422122,0.0050451467268623025,0.005417607223476298,0.005970654627539504,0.0024604966139954855,0.00014672686230248307,0.0018397291196388262,0.0013544018058690745,0.0,1.128668171557562e-05,0.0,0.0,0.0,0.0,0.0,0.0,0.0,0.0,0.0,0.0,0.0,0.0,0.0,0.0,0.0,0.0,0.0,0.0,0.0,0.0,0.0,0.0,0.0,0.0,0.0,0.0,0.0,0.0,0.0,0.0,0.0,0.0,0.0,0.0,0.0,0.0,0.0,0.0,0.0,0.0,0.0,0.0,nan,nan,4.277252015422363,2.8974585269002944,nan,0.9340097464836886,0.023965799201469584,0.0,0.0,0.0,0.0,0.0,0.0,0.0,0.0,0.0,0.0,0.0,0.0,0.0,0.0,0.0,0.0,0.0,0.0,0.0,0.0,0.0,0.0,0.0,0.0,0.0,0.10376134889753569,2.2178988326848255,12.23086900129702,12.775616083009082,2.671854734111544,0.9350600457439233,0.02322042926830136,0.0,0.0,0.0,0.0,0.0,0.0,0.0,0.0,0.0,0.0,0.0,0.0,0.0,0.0,0.0,0.0,0.0,0.0,0.0,0.0,0.0,0.0,0.0,0.0,0.0,0.04251299008030232,1.983939537080775,12.215399149740202,13.122342938119985,2.635805384978744,0.4045,0.01059,0.0,0.0,0.0,0.0,0.0,0.0,0.0,0.0,0.0,0.0,0.051880674448767844,9.844357976653683,20.064850843060963,0.03891050583657588,0.0,0.0,0.0,0.0,0.0,0.0,0.0,0.0,0.0,0.0,0.0,0.0,0.0,0.0,0.0,0.0,0.4048,0.01041,0.0,0.0,0.0,0.0,0.0,0.0,0.0,0.0,0.0,0.0,0.0,9.749645725082651,20.236183278223905,0.014170996693434109,0.0,0.0,0.0,0.0,0.0,0.0,0.0,0.0,0.0,0.0,0.0,0.0,0.0,0.0,0.0,0.0
31400,4276,2199,0.514265668849392,1001,899,0.44434050514499535,1213,0.5673526660430309,0.41,2.9321136254212807,3.0444807099174422,6.475128644939966,2.2185052705034325,8298.949092431003,433.4215501252832,7853.0,8739.008364880085,8720.157034668018,5.739445772290114,7853.0,0.0,28.345182413470532,21.288710467014916,33.56810538116592,19.43603290566187,0.1442937324602432,0.09939195509822264,0.0862956033676333,0.0844246959775491,0.07904583723105706,0.07296538821328344,0.06758652946679139,0.06618334892422825,0.05729653882132835,0.050514499532273154,0.04817586529466791,0.042095416276894296,0.034845650140318055,0.029466791393826006,0.015902712815715623,0.012628624883068288,0.008886810102899906,0.9354192182853804,0.023556347233032352,0.0,0.0,0.0,0.0,0.0,0.0,0.0,0.0,0.0,0.0,0.0,0.0,0.0,0.0,0.0,0.0,0.0,0.0,0.0,0.0,0.0,0.0,0.0,0.0,0.0,0.04911131898971002,2.0556594948550053,11.667446211412539,13.53367633302152,2.6941066417212354,4.194753862738052,2.8134247371929244,nan,nan,nan,4.1697841726618705,2.7418854689139702,4.219669777458722,2.882825477502658,1.0119635939730198,0.4043,0.01043,0.0,0.0,0.0,0.0,0.0,0.0,0.0,0.0,0.0,0.0,0.007015902712815717,9.892422825070145,20.030402245088872,0.07015902712815716,0.0,0.0,0.0,0.0,0.0,0.0,0.0,0.0,0.0,0.0,0.0,0.0,0.0,0.0,0.0,0.0,nan,nan,4.194753862738052,2.8134247371929244,nan,0.4043,0.04852,0.0,0.0,0.0,0.0,0.0,0.0,0.0,0.0,0.0,0.0,0.0,0.0,0.0,0.0,0.0,0.0,0.0,0.0,0.0,0.0,0.0001637043966323667,0.0,0.0009939195509822264,0.00485266604303087,0.0016604303086997193,0.004057530402245089,0.010383536014967259,0.0017773620205799813,5.8465855940130964e-05,0.0011225444340505146,0.0012511693171188027,0.00844246959775491,0.0078578110383536,0.007261459307764266,0.020065481758652946,0.04336997193638915,0.0827174929840973,0.0742399438727783,0.05869971936389149,0.08203928905519177,0.08279934518241347,0.11627689429373246,0.09810570626753976,0.05528531337698784,0.05350795135640786,0.046667446211412535,0.024391955098222638,0.05523854069223574,0.014511225444340504,0.01818288119738073,0.0048643592142188965,0.006010289990645463,0.006606641721234799,0.002958372310570627,7.015902712815716e-05,0.001999532273152479,0.001449953227315248,1.1693171188026192e-05,0.0,4.677268475210477e-05,0.0,0.0,0.0,0.0,0.0,0.0,0.0,0.0,0.0,0.0,0.0,0.0,0.0,0.0,0.0,0.0,0.0,0.0,0.0,0.0,0.0,0.0,0.0,0.0,0.0,0.0,0.0,0.0,0.0,0.0,0.0,0.0,0.0,0.0,0.0,0.0,0.0,0.0,0.0,0.0,0.0,nan,nan,4.194753862738052,2.8134247371929244,nan,0.9354244328293273,0.023738695760052365,0.0,0.0,0.0,0.0,0.0,0.0,0.0,0.0,0.0,0.0,0.0,0.0,0.0,0.0,0.0,0.0,0.0,0.0,0.0,0.0,0.0,0.0,0.0,0.0,0.0,0.05457025920873126,2.032742155525239,11.800818553888135,13.410641200545706,2.701227830832197,0.9354136974466036,0.02336173542839806,0.0,0.0,0.0,0.0,0.0,0.0,0.0,0.0,0.0,0.0,0.0,0.0,0.0,0.0,0.0,0.0,0.0,0.0,0.0,0.0,0.0,0.0,0.0,0.0,0.0,0.04333172845450169,2.079922965816081,11.52623976889745,13.663938372652868,2.686567164179105,0.4043,0.01061,0.0,0.0,0.0,0.0,0.0,0.0,0.0,0.0,0.0,0.0,0.013642564802182814,9.6725784447476,20.218281036834927,0.0954979536152797,0.0,0.0,0.0,0.0,0.0,0.0,0.0,0.0,0.0,0.0,0.0,0.0,0.0,0.0,0.0,0.0,0.4043,0.01023,0.0,0.0,0.0,0.0,0.0,0.0,0.0,0.0,0.0,0.0,0.0,10.125180548868546,19.83148772267694,0.04333172845450169,0.0,0.0,0.0,0.0,0.0,0.0,0.0,0.0,0.0,0.0,0.0,0.0,0.0,0.0,0.0,0.0
31500,4292,2172,0.5060577819198508,1001,878,0.43779123951537746,1220,0.5684995340167754,0.40599999999999997,2.953301886792453,3.1132989909383215,6.632996632996633,2.1288436286573185,8291.761198888298,433.4956594093622,7853.0,8742.380450034141,8720.01798601684,5.627351401953929,7853.0,0.0,27.973205964585276,21.006622123501714,32.847729789590254,19.332810056482522,0.135834109972041,0.10181733457595527,0.0999534016775396,0.08690587138863001,0.08061509785647716,0.07246039142590867,0.06803355079217148,0.058946877912395154,0.05778191985088537,0.05195712954333644,0.04613233923578751,0.045200372786579686,0.033550792171481825,0.023998136067101584,0.019105312208760484,0.009552656104380242,0.008154706430568499,0.9356041839216095,0.023146805574811972,0.0,0.0,0.0,0.0,0.0,0.0,0.0,0.0,0.0,0.0,0.0,0.0,0.0,0.0,0.0,0.0,0.0,0.0,0.0,0.0,0.0,0.0,0.0,0.0,0.0,0.027958993476234862,1.8802423112767945,11.98042870456664,13.38536812674744,2.7260018639328987,4.340503098796938,2.87039079435726,nan,nan,nan,4.4002943340691685,2.8743927768085085,4.281791907514451,2.8652418156064643,0.9730694318247725,0.4036,0.010704,0.0,0.0,0.0,0.0,0.0,0.0,0.0,0.0,0.0,0.0,0.013979496738117431,10.792171481826639,19.130941286113703,0.06290773532152844,0.0,0.0,0.0,0.0,0.0,0.0,0.0,0.0,0.0,0.0,0.0,0.0,0.0,0.0,0.0,0.0,nan,nan,4.340503098796938,2.87039079435726,nan,0.4036,0.0487,0.0,0.0,0.0,0.0,0.0,0.0,0.0,0.0,0.0,0.0,0.0,0.0,0.0,0.0,0.0,0.0,0.0,0.0,1.1649580615097857e-05,0.0,0.00012814538676607641,0.0,0.0011999068033550792,0.0054986020503261885,0.001700838769804287,0.004951071761416589,0.011113699906803356,0.0018988816402609506,8.1547064305685e-05,0.001712488350419385,0.0006057781919850885,0.008387698042870456,0.007921714818266543,0.0074207828518173344,0.02075955265610438,0.04146085740913327,0.0787977632805219,0.07313606710158434,0.06449207828518173,0.08266542404473438,0.07996272134203168,0.11750931966449207,0.09933597390493942,0.05678005591798695,0.054857875116495806,0.046318732525629076,0.02559412861136999,0.05332013047530289,0.012406803355079217,0.01711323392357875,0.00440354147250699,0.005417054986020503,0.006873252562907735,0.0031104380242311276,5.824790307548928e-05,0.0016891891891891893,0.0012814538676607643,0.0,2.3299161230195714e-05,0.0,0.0,0.0,0.0,0.0,0.0,0.0,0.0,0.0,0.0,0.0,0.0,0.0,0.0,0.0,0.0,0.0,0.0,0.0,0.0,0.0,0.0,0.0,0.0,0.0,0.0,0.0,0.0,0.0,0.0,0.0,0.0,0.0,0.0,0.0,0.0,0.0,0.0,0.0,0.0,0.0,0.0,nan,nan,4.340503098796938,2.87039079435726,nan,0.9355350488018155,0.02303509560108079,0.0,0.0,0.0,0.0,0.0,0.0,0.0,0.0,0.0,0.0,0.0,0.0,0.0,0.0,0.0,0.0,0.0,0.0,0.0,0.0,0.0,0.0,0.0,0.0,0.0,0.0276243093922652,1.795580110497238,12.209944751381219,13.314917127071826,2.651933701657459,0.9356750148084928,0.02326048611621242,0.0,0.0,0.0,0.0,0.0,0.0,0.0,0.0,0.0,0.0,0.0,0.0,0.0,0.0,0.0,0.0,0.0,0.0,0.0,0.0,0.0,0.0,0.0,0.0,0.0,0.028301886792452838,1.9669811320754722,11.745283018867928,13.457547169811324,2.8018867924528306,0.4036,0.010635,0.0,0.0,0.0,0.0,0.0,0.0,0.0,0.0,0.0,0.0,0.0138121546961326,10.814917127071809,19.102209944751383,0.069060773480663,0.0,0.0,0.0,0.0,0.0,0.0,0.0,0.0,0.0,0.0,0.0,0.0,0.0,0.0,0.0,0.0,0.4038,0.01077,0.0,0.0,0.0,0.0,0.0,0.0,0.0,0.0,0.0,0.0,0.014150943396226419,10.768867924528287,19.16037735849057,0.056603773584905676,0.0,0.0,0.0,0.0,0.0,0.0,0.0,0.0,0.0,0.0,0.0,0.0,0.0,0.0,0.0,0.0
31600,4103,2143,0.5223007555447233,1049,829,0.45771386790153545,1129,0.5503290275408238,0.426,2.951020408163265,3.100304293753957,6.631086142322097,2.1647170586222955,8305.791701495622,433.0466596099838,7853.0,8739.353291535377,8719.917569405754,5.646591501680129,7853.0,0.0,28.572264196929076,21.155162553679034,33.45412579342181,19.38275155141131,0.13526687789422373,0.09310260784791616,0.09310260784791616,0.08920302217889349,0.08432854009261516,0.06970509383378017,0.0658055081647575,0.06946136972946625,0.05751888861808433,0.05288813063611991,0.04703875213258591,0.040214477211796246,0.03290275408237875,0.029978064830611748,0.020229100658055083,0.010723860589812333,0.008530343650987083,0.9349778720933346,0.022945972743695305,0.0,0.0,0.0,0.0,0.0,0.0,0.0,0.0,0.0,0.0,0.0,0.0,0.0,0.0,0.0,0.0,0.0,0.0,0.0,0.0,0.0,0.0,0.0,0.0,0.0,0.07311723129417501,2.010723860589813,11.830368023397515,13.614428466975387,2.4713624177431153,4.164449371766445,2.909437458139427,nan,nan,nan,4.1938325991189425,2.9257613432180123,4.134672619047619,2.892496483096647,0.9858935761804721,0.404,0.01048,0.0,0.0,0.0,0.0,0.0,0.0,0.0,0.0,0.0,0.0,0.0,10.382646843772834,19.57348281745065,0.043870338776505,0.0,0.0,0.0,0.0,0.0,0.0,0.0,0.0,0.0,0.0,0.0,0.0,0.0,0.0,0.0,0.0,nan,nan,4.164449371766445,2.909437458139427,nan,0.404,0.04907,0.0,0.0,0.0,0.0,0.0,0.0,0.0,0.0,0.0,0.0,0.0,0.0,0.0,0.0,0.0,0.0,0.0,0.0,0.0,0.0,0.00014623446258835,0.0,0.0010358274433341457,0.006068730197416525,0.0014135998050207165,0.004667316597611504,0.010346088228125761,0.0016573239093346332,3.65586156470875e-05,0.002668778942237387,0.00040214477211796245,0.008810626370948087,0.007933219595417988,0.007567633438947112,0.02204484523519376,0.04323665610528881,0.07758956860833537,0.0725201072386059,0.061467219107969776,0.08248842310504509,0.08192785766512307,0.1134413843529125,0.09891542773580307,0.05840848159883012,0.05639775773824031,0.046441628077016815,0.02453083109919571,0.05268096514745308,0.01184499146965635,0.01777967340970022,0.004362661467219108,0.006288081891299049,0.007457957592005849,0.0042651718254935415,0.00010967584694126249,0.002059468681452596,0.0009870826224713625,0.0,0.0,0.0,0.0,0.0,0.0,0.0,0.0,0.0,0.0,0.0,0.0,0.0,0.0,0.0,0.0,0.0,0.0,0.0,0.0,0.0,0.0,0.0,0.0,0.0,0.0,0.0,0.0,0.0,0.0,0.0,0.0,0.0,0.0,0.0,0.0,0.0,0.0,0.0,0.0,0.0,0.0,0.0,0.0,nan,nan,4.164449371766445,2.909437458139427,nan,0.934786992822915,0.02306457515970478,0.0,0.0,0.0,0.0,0.0,0.0,0.0,0.0,0.0,0.0,0.0,0.0,0.0,0.0,0.0,0.0,0.0,0.0,0.0,0.0,0.0,0.0,0.0,0.0,0.0,0.08399440037330846,2.18385440970602,11.53523098460103,13.845076994867012,2.351843210452637,0.9351865732548188,0.02281376356573457,0.0,0.0,0.0,0.0,0.0,0.0,0.0,0.0,0.0,0.0,0.0,0.0,0.0,0.0,0.0,0.0,0.0,0.0,0.0,0.0,0.0,0.0,0.0,0.0,0.0,0.06122448979591838,1.8214285714285718,12.153061224489798,13.362244897959187,2.602040816326531,0.4038,0.01022,0.0,0.0,0.0,0.0,0.0,0.0,0.0,0.0,0.0,0.0,0.0,10.429304713019118,19.52869808679422,0.04199720018665423,0.0,0.0,0.0,0.0,0.0,0.0,0.0,0.0,0.0,0.0,0.0,0.0,0.0,0.0,0.0,0.0,0.404,0.01076,0.0,0.0,0.0,0.0,0.0,0.0,0.0,0.0,0.0,0.0,0.0,10.33163265306121,19.62244897959184,0.045918367346938785,0.0,0.0,0.0,0.0,0.0,0.0,0.0,0.0,0.0,0.0,0.0,0.0,0.0,0.0,0.0,0.0
31700,4141,2201,0.5315141270224584,1027,816,0.4450615793286646,1129,0.545278918135716,0.438,3.0804123711340208,3.1617442391935753,6.731046931407942,2.1153240070582933,8313.801691510223,432.6378488638833,7853.0,8741.973023080825,8719.960383709153,5.638103410135973,7853.0,0.0,27.93021009418015,20.924022991747858,32.873202990224264,19.185627246615798,0.14030427432987203,0.10142477662400387,0.09369717459550833,0.08379618449649844,0.0794494083554697,0.07751750784834581,0.06809949287611688,0.06496015455204057,0.0594059405940594,0.049021975368268536,0.04733156242453514,0.04105288577638252,0.0297029702970297,0.02608065684617242,0.02366578121226757,0.007727602028495532,0.006761651774933591,0.9351897395857577,0.022869762201623147,0.0,0.0,0.0,0.0,0.0,0.0,0.0,0.0,0.0,0.0,0.0,0.0,0.0,0.0,0.0,0.0,0.0,0.0,0.0,0.0,0.0,0.0,0.0,0.0,0.0,0.028978507606858255,1.82564597923207,12.257908717701042,13.409804395073657,2.4776624003863805,4.31584863244661,2.9704892728913364,nan,nan,nan,4.422758100979653,2.9865098230876383,4.20730797912006,2.9500399246283577,0.9512860262893712,0.4036,0.01036,0.0,0.0,0.0,0.0,0.0,0.0,0.0,0.0,0.0,0.0,0.0,10.72929244143925,19.22723979715045,0.043467761410287374,0.0,0.0,0.0,0.0,0.0,0.0,0.0,0.0,0.0,0.0,0.0,0.0,0.0,0.0,0.0,0.0,nan,nan,4.31584863244661,2.9704892728913364,nan,0.4036,0.048,0.0,0.0,0.0,0.0,0.0,0.0,0.0,0.0,0.0,0.0,0.0,0.0,0.0,0.0,0.0,0.0,0.0,0.0,0.0,0.0,0.00014489253803429123,1.207437816952427e-05,0.000941801497222893,0.005469693310794494,0.0014489253803429123,0.0041777348466553975,0.009514609997585124,0.002100941801497223,2.414875633904854e-05,0.002873702004346776,0.0003501569669162038,0.008669403525718426,0.006942767447476455,0.007751750784834581,0.022663607824197053,0.043407389519439746,0.07851968123641632,0.07269983095870562,0.062291716976575706,0.08333735812605651,0.08383240763100701,0.11453755131610723,0.0967157691378894,0.058041535860903166,0.061893262496981405,0.045435885051919825,0.02271190533687515,0.05482975126780971,0.010239072687756581,0.01643322868872253,0.0044312967882154065,0.005348949529099252,0.006085486597440232,0.0031031151895677374,0.00026563631972953395,0.0016904129437333977,0.0010625452789181358,0.0,0.0,0.0,0.0,0.0,0.0,0.0,0.0,0.0,0.0,0.0,0.0,0.0,0.0,0.0,0.0,0.0,0.0,0.0,0.0,0.0,0.0,0.0,0.0,0.0,0.0,0.0,0.0,0.0,0.0,0.0,0.0,0.0,0.0,0.0,0.0,0.0,0.0,0.0,0.0,0.0,0.0,0.0,0.0,nan,nan,4.31584863244661,2.9704892728913364,nan,0.9349482256355528,0.023161019650615206,0.0,0.0,0.0,0.0,0.0,0.0,0.0,0.0,0.0,0.0,0.0,0.0,0.0,0.0,0.0,0.0,0.0,0.0,0.0,0.0,0.0,0.0,0.0,0.0,0.0,0.040890504316219906,1.8128123580190827,12.40345297592004,13.330304407087691,2.4125397546569745,0.9354637458766859,0.022531627988947447,0.0,0.0,0.0,0.0,0.0,0.0,0.0,0.0,0.0,0.0,0.0,0.0,0.0,0.0,0.0,0.0,0.0,0.0,0.0,0.0,0.0,0.0,0.0,0.0,0.0,0.0154639175257732,1.8402061855670109,12.09278350515464,13.500000000000004,2.5515463917525776,0.4038,0.01036,0.0,0.0,0.0,0.0,0.0,0.0,0.0,0.0,0.0,0.0,0.0,10.46796910495228,19.504770558836896,0.027260336210813273,0.0,0.0,0.0,0.0,0.0,0.0,0.0,0.0,0.0,0.0,0.0,0.0,0.0,0.0,0.0,0.0,0.4033,0.01036,0.0,0.0,0.0,0.0,0.0,0.0,0.0,0.0,0.0,0.0,0.0,11.025773195876274,18.91237113402062,0.0618556701030928,0.0,0.0,0.0,0.0,0.0,0.0,0.0,0.0,0.0,0.0,0.0,0.0,0.0,0.0,0.0,0.0
31800,4397,2306,0.5244484876051854,1067,887,0.4443939049351831,1238,0.5631112121901296,0.426,3.143950263032042,3.186658505371302,6.762626262626263,2.1986873582612,8307.694651705147,432.9982219743164,7853.0,8742.552398467064,8719.995829812462,5.5783284090566,7853.0,0.0,27.767796224698657,20.60458668555303,32.728974498100925,18.80430277647324,0.14055037525585626,0.10211507846258813,0.0886968387536957,0.08460313850352513,0.0823288605867637,0.0759608824198317,0.07232203775301342,0.06436206504434842,0.059131225835797135,0.052080964293836705,0.04594041391858085,0.04662269729360928,0.02888332954287014,0.024334773709347283,0.017511939959062996,0.00886968387536957,0.00568569479190357,0.9344184871340221,0.023311914236677122,0.0,0.0,0.0,0.0,0.0,0.0,0.0,0.0,0.0,0.0,0.0,0.0,0.0,0.0,0.0,0.0,0.0,0.0,0.0,0.0,0.0,0.0,0.0,0.0,0.0,0.07505117125312714,1.9649761200818745,12.315214919263138,13.202183306800094,2.4425744826017746,4.440042447824549,2.924869105389129,nan,nan,nan,4.427459306440198,2.9039610524233264,4.455060155697098,2.9451696536307055,1.0062340153452685,0.404,0.01021,0.0,0.0,0.0,0.0,0.0,0.0,0.0,0.0,0.0,0.0,0.0,10.213782124175559,19.717989538321586,0.06822833750284286,0.0,0.0,0.0,0.0,0.0,0.0,0.0,0.0,0.0,0.0,0.0,0.0,0.0,0.0,0.0,0.0,nan,nan,4.440042447824549,2.924869105389129,nan,0.404,0.04773,0.0,0.0,0.0,0.0,0.0,0.0,0.0,0.0,0.0,0.0,0.0,0.0,0.0,0.0,0.0,0.0,0.0,0.0,0.0,0.0,0.00022742779167614282,0.0,0.0010006822833750284,0.004707755287696156,0.001364566750056857,0.004412099158517171,0.008835569706618149,0.00198999317716625,0.0,0.0033318171480554923,0.0005344553104389356,0.008835569706618149,0.005571980896065499,0.007800773254491699,0.023322720036388446,0.046088241983170346,0.07269729360927905,0.07358426199681602,0.061519217648396636,0.0824653172617694,0.08717307254946555,0.11186035933591085,0.09528087332272003,0.05911985444621333,0.06174664544007278,0.048032749602001365,0.024084603138503524,0.05664089151694337,0.010507163975437798,0.015533318171480555,0.0038435296793268136,0.005879008414828292,0.00656129178985672,0.0031839890834659997,0.0004662269729360928,0.001205367295883557,0.0005913122583579714,0.0,0.0,0.0,0.0,0.0,0.0,0.0,0.0,0.0,0.0,0.0,0.0,0.0,0.0,0.0,0.0,0.0,0.0,0.0,0.0,0.0,0.0,0.0,0.0,0.0,0.0,0.0,0.0,0.0,0.0,0.0,0.0,0.0,0.0,0.0,0.0,0.0,0.0,0.0,0.0,0.0,0.0,0.0,0.0,nan,nan,4.440042447824549,2.924869105389129,nan,0.9346262903339637,0.023206501321645274,0.0,0.0,0.0,0.0,0.0,0.0,0.0,0.0,0.0,0.0,0.0,0.0,0.0,0.0,0.0,0.0,0.0,0.0,0.0,0.0,0.0,0.0,0.0,0.0,0.0,0.09106678230702518,1.8083261058109283,12.307025151777975,13.25672159583695,2.5368603642671297,0.9341893172731587,0.023425478575352796,0.0,0.0,0.0,0.0,0.0,0.0,0.0,0.0,0.0,0.0,0.0,0.0,0.0,0.0,0.0,0.0,0.0,0.0,0.0,0.0,0.0,0.0,0.0,0.0,0.0,0.05738880918220948,2.137733142037303,12.324246771879487,13.142037302725972,2.338593974175036,0.4043,0.01029,0.0,0.0,0.0,0.0,0.0,0.0,0.0,0.0,0.0,0.0,0.0,10.095403295750202,19.83954900260191,0.06504770164787511,0.0,0.0,0.0,0.0,0.0,0.0,0.0,0.0,0.0,0.0,0.0,0.0,0.0,0.0,0.0,0.0,0.4038,0.01012,0.0,0.0,0.0,0.0,0.0,0.0,0.0,0.0,0.0,0.0,0.0,10.34433285509324,19.583931133428983,0.07173601147776185,0.0,0.0,0.0,0.0,0.0,0.0,0.0,0.0,0.0,0.0,0.0,0.0,0.0,0.0,0.0,0.0
31900,4335,2241,0.5169550173010381,1072,877,0.44959630911188003,1204,0.5554786620530565,0.418,3.017191977077364,3.1650989752042777,6.712068965517242,2.220172219648496,8301.225422833959,433.2936200781613,7853.0,8740.601845228672,8720.049178038918,5.547023333068543,7853.0,0.0,27.5439446366782,20.678231194652398,32.50055066079295,18.928118715574183,0.14486735870818915,0.10011534025374856,0.08742791234140715,0.09296424452133795,0.07589388696655133,0.08189158016147635,0.07128027681660899,0.060207612456747404,0.05513264129181084,0.05374855824682814,0.04867358708189158,0.03713956170703576,0.032064590542099196,0.026066897347174163,0.01845444059976932,0.007612456747404845,0.006459054209919262,0.9348669401777107,0.023082176129104036,0.0,0.0,0.0,0.0,0.0,0.0,0.0,0.0,0.0,0.0,0.0,0.0,0.0,0.0,0.0,0.0,0.0,0.0,0.0,0.0,0.0,0.0,0.0,0.0,0.0,0.04844290657439448,1.9653979238754329,12.159169550173013,13.280276816609,2.5467128027681665,4.4096472282217425,2.9943444083250115,nan,nan,nan,4.436046511627907,3.0075452708107657,4.383737517831669,2.981104211860648,0.9882081953696553,0.4043,0.01017,0.0,0.0,0.0,0.0,0.0,0.0,0.0,0.0,0.0,0.0,0.013840830449826994,9.923875432525936,20.041522491349486,0.020761245674740487,0.0,0.0,0.0,0.0,0.0,0.0,0.0,0.0,0.0,0.0,0.0,0.0,0.0,0.0,0.0,0.0,nan,nan,4.4096472282217425,2.9943444083250115,nan,0.4043,0.0474,0.0,0.0,0.0,0.0,0.0,0.0,0.0,0.0,0.0,0.0,0.0,0.0,0.0,0.0,0.0,0.0,0.0,0.0,0.0,0.0,0.0004728950403690888,0.00016147635524798155,0.0004036908881199539,0.004452133794694348,0.001314878892733564,0.0042560553633218,0.008627450980392156,0.0026066897347174164,0.00012687427912341407,0.0025259515570934254,0.0006228373702422145,0.007912341407151096,0.00552479815455594,0.007739331026528258,0.022306805074971164,0.045594002306805076,0.07604382929642445,0.07379469434832757,0.06193771626297578,0.08227220299884659,0.0873356401384083,0.11092272202998847,0.09477508650519031,0.06005767012687428,0.06111880046136101,0.045870818915801616,0.026862745098039216,0.057520184544405994,0.011014994232987312,0.015132641291810842,0.003875432525951557,0.004821222606689735,0.006782006920415225,0.0029296424452133793,0.0008073817762399078,0.0012226066897347175,0.00025374855824682814,0.0,0.0,0.0,0.0,0.0,0.0,0.0,0.0,0.0,0.0,0.0,0.0,0.0,0.0,0.0,0.0,0.0,0.0,0.0,0.0,0.0,0.0,0.0,0.0,0.0,0.0,0.0,0.0,0.0,0.0,0.0,0.0,0.0,0.0,0.0,0.0,0.0,0.0,0.0,0.0,0.0,0.0,0.0,0.0,nan,nan,4.4096472282217425,2.9943444083250115,nan,0.9349654804697424,0.022938505938316832,0.0,0.0,0.0,0.0,0.0,0.0,0.0,0.0,0.0,0.0,0.0,0.0,0.0,0.0,0.0,0.0,0.0,0.0,0.0,0.0,0.0,0.0,0.0,0.0,0.0,0.04016064257028113,1.9410977242302547,12.248995983935746,13.253012048192774,2.5167336010709507,0.9347614823007082,0.0232344850163517,0.0,0.0,0.0,0.0,0.0,0.0,0.0,0.0,0.0,0.0,0.0,0.0,0.0,0.0,0.0,0.0,0.0,0.0,0.0,0.0,0.0,0.0,0.0,0.0,0.0,0.05730659025787967,1.9914040114613185,12.06303724928367,13.309455587392554,2.578796561604585,0.4043,0.01024,0.0,0.0,0.0,0.0,0.0,0.0,0.0,0.0,0.0,0.0,0.013386880856760378,9.839357429718861,20.120481927710845,0.026773761713520756,0.0,0.0,0.0,0.0,0.0,0.0,0.0,0.0,0.0,0.0,0.0,0.0,0.0,0.0,0.0,0.0,0.4043,0.0101,0.0,0.0,0.0,0.0,0.0,0.0,0.0,0.0,0.0,0.0,0.014326647564469917,10.014326647564456,19.957020057306593,0.014326647564469917,0.0,0.0,0.0,0.0,0.0,0.0,0.0,0.0,0.0,0.0,0.0,0.0,0.0,0.0,0.0,0.0
32000,4282,2248,0.5249883232134517,1039,870,0.4458197104156936,1203,0.561886968706212,0.422,2.967551622418879,3.0892857641350586,6.515845070422535,2.238372693280767,8308.04309620219,432.8624100692931,7853.0,8739.157684350013,8719.768032890468,5.73650980112409,7853.0,0.0,27.889537599252687,20.73974511391374,32.797609118710035,18.99584154365748,0.13825315273236805,0.09925268566090611,0.09411489957963569,0.08804297057449789,0.08103689864549277,0.076366184026156,0.06749182624941616,0.062354040168145726,0.058383932741709485,0.05371321812237272,0.045305931807566556,0.0455394675385334,0.027557216254086876,0.02849135917795423,0.0203176085941149,0.009341429238673517,0.004437178888369921,0.9341562527298426,0.02342930775167362,0.0,0.0,0.0,0.0,0.0,0.0,0.0,0.0,0.0,0.0,0.0,0.0,0.0,0.0,0.0,0.0,0.0,0.0,0.0,0.0,0.0,0.0,0.0,0.0,0.0,0.0700607192900514,2.0387669313404957,12.631947687996266,12.884166277440452,2.375058383932742,4.1981234211476,2.8465019173660107,nan,nan,nan,4.2260371959942775,2.839604972384135,4.169701383831027,2.853226739002153,0.9866693525043629,0.4038,0.01017,0.0,0.0,0.0,0.0,0.0,0.0,0.0,0.0,0.0,0.0,0.0,10.551144325081722,19.406819243344234,0.042036431574030836,0.0,0.0,0.0,0.0,0.0,0.0,0.0,0.0,0.0,0.0,0.0,0.0,0.0,0.0,0.0,0.0,nan,nan,4.1981234211476,2.8465019173660107,nan,0.4038,0.0478,0.0,0.0,0.0,0.0,0.0,0.0,0.0,0.0,0.0,0.0,0.0,0.0,0.0,0.0,0.0,0.0,0.0,0.0,2.3353573096683792e-05,0.0,0.0009574964969640355,0.00026856609061186364,0.0002802428771602055,0.004168612797758057,0.0017048108360579169,0.0048808967772069126,0.008337225595516114,0.0025338626809901913,0.00017515179822512846,0.0026389537599252684,0.000338626809901915,0.007519850537132181,0.007554880896777207,0.00744978981784213,0.022629612330686596,0.04831854273703877,0.07466137319009808,0.0744978981784213,0.06089444184960299,0.08296356842596918,0.08734236338159738,0.10551144325081738,0.0937295656235404,0.06041569360112097,0.06157169546940682,0.04840028024287716,0.026576366184026156,0.05781177020084073,0.010509107893507707,0.01582204577300327,0.0030476412891172347,0.00492760392340028,0.005920130780009342,0.00357309668379262,0.0005137786081270434,0.0014245679588977113,0.00010509107893507706,0.0,0.0,0.0,0.0,0.0,0.0,0.0,0.0,0.0,0.0,0.0,0.0,0.0,0.0,0.0,0.0,0.0,0.0,0.0,0.0,0.0,0.0,0.0,0.0,0.0,0.0,0.0,0.0,0.0,0.0,0.0,0.0,0.0,0.0,0.0,0.0,0.0,0.0,0.0,0.0,0.0,0.0,0.0,0.0,nan,nan,4.1981234211476,2.8465019173660107,nan,0.9338987206649102,0.023665755898310756,0.0,0.0,0.0,0.0,0.0,0.0,0.0,0.0,0.0,0.0,0.0,0.0,0.0,0.0,0.0,0.0,0.0,0.0,0.0,0.0,0.0,0.0,0.0,0.0,0.0,0.0800711743772242,2.2019572953736657,12.704626334519576,12.664590747330964,2.348754448398577,0.9344408801054416,0.023161844095684867,0.0,0.0,0.0,0.0,0.0,0.0,0.0,0.0,0.0,0.0,0.0,0.0,0.0,0.0,0.0,0.0,0.0,0.0,0.0,0.0,0.0,0.0,0.0,0.0,0.0,0.05899705014749264,1.8584070796460181,12.55162241887906,13.126843657817112,2.4041297935103247,0.404,0.010185,0.0,0.0,0.0,0.0,0.0,0.0,0.0,0.0,0.0,0.0,0.0,10.36921708185052,19.604092526690394,0.02669039145907474,0.0,0.0,0.0,0.0,0.0,0.0,0.0,0.0,0.0,0.0,0.0,0.0,0.0,0.0,0.0,0.0,0.4038,0.01015,0.0,0.0,0.0,0.0,0.0,0.0,0.0,0.0,0.0,0.0,0.0,10.752212389380515,19.18879056047198,0.05899705014749264,0.0,0.0,0.0,0.0,0.0,0.0,0.0,0.0,0.0,0.0,0.0,0.0,0.0,0.0,0.0,0.0
32100,4115,2161,0.5251518833535844,1018,816,0.4456865127582017,1117,0.5428918590522479,0.43,3.060900716479017,3.17856118151211,6.723247232472325,2.216379433888671,8308.353703935069,433.0151334403894,7853.0,8740.797584438324,8720.089538034616,5.633888531203807,7853.0,0.0,28.201215066828677,20.97857145396243,33.10623556581986,19.23831718092169,0.1370595382746051,0.10230862697448359,0.09234507897934387,0.0833535844471446,0.08286755771567436,0.06828675577156744,0.07339003645200486,0.06537059538274605,0.05443499392466586,0.053462940461725394,0.0456865127582017,0.040097205346294046,0.03791008505467801,0.027946537059538274,0.01919805589307412,0.010935601458080195,0.0053462940461725394,0.9348721146873251,0.02328396459839781,0.0,0.0,0.0,0.0,0.0,0.0,0.0,0.0,0.0,0.0,0.0,0.0,0.0,0.0,0.0,0.0,0.0,0.0,0.0,0.0,0.0,0.0,0.0,0.0,0.0,0.058323207776427716,1.8590522478736335,12.262454434993929,13.137302551640344,2.682867557715675,4.25421822272216,2.944279439726381,nan,nan,nan,4.298953662182361,3.008758830050088,4.210090361445783,2.8780935149837354,0.9793290861638487,0.4043,0.0102,0.0,0.0,0.0,0.0,0.0,0.0,0.0,0.0,0.0,0.0,0.014580801944106929,9.616038882138504,20.318347509113003,0.051032806804374255,0.0,0.0,0.0,0.0,0.0,0.0,0.0,0.0,0.0,0.0,0.0,0.0,0.0,0.0,0.0,0.0,nan,nan,4.25421822272216,2.944279439726381,nan,0.4043,0.04733,0.0,0.0,0.0,0.0,0.0,0.0,0.0,0.0,0.0,0.0,0.0,0.0,0.0,0.0,0.0,0.0,0.0,0.0,0.0,0.0,0.0009113001215066828,0.00015795868772782503,0.00041312272174969623,0.003341433778857837,0.001652490886998785,0.004775212636695018,0.007812879708383961,0.0030012150668286756,8.50546780072904e-05,0.002381530984204131,4.860267314702309e-05,0.006950182260024302,0.007618469015795869,0.007217496962332928,0.023669501822600244,0.04991494532199271,0.07142162818955043,0.07262454434993924,0.06071688942891859,0.084228432563791,0.08404617253948968,0.11025516403402187,0.09396111786148238,0.06142162818955042,0.06121506682867558,0.049611178614823816,0.026889428918590523,0.060048602673147024,0.009623329283110571,0.013997569866342648,0.0028918590522478737,0.005419198055893074,0.005844471445929526,0.003997569866342649,0.0004738760631834751,0.00117861482381531,0.00015795868772782503,2.4301336573511544e-05,0.0,0.0,0.0,0.0,0.0,0.0,0.0,0.0,0.0,0.0,0.0,0.0,0.0,0.0,0.0,0.0,0.0,0.0,0.0,0.0,0.0,0.0,0.0,0.0,0.0,0.0,0.0,0.0,0.0,0.0,0.0,0.0,0.0,0.0,0.0,0.0,0.0,0.0,0.0,0.0,0.0,0.0,0.0,nan,nan,4.25421822272216,2.944279439726381,nan,0.9348921995370381,0.023426648104148937,0.0,0.0,0.0,0.0,0.0,0.0,0.0,0.0,0.0,0.0,0.0,0.0,0.0,0.0,0.0,0.0,0.0,0.0,0.0,0.0,0.0,0.0,0.0,0.0,0.0,0.11105969458583992,1.8741323461360486,12.202683942619162,13.160573808422031,2.6515502082369276,0.9348499021181187,0.02312512020411869,0.0,0.0,0.0,0.0,0.0,0.0,0.0,0.0,0.0,0.0,0.0,0.0,0.0,0.0,0.0,0.0,0.0,0.0,0.0,0.0,0.0,0.0,0.0,0.0,0.0,0.0,1.8423746161719554,12.328556806550667,13.11156601842375,2.717502558853634,0.4045,0.01017,0.0,0.0,0.0,0.0,0.0,0.0,0.0,0.0,0.0,0.0,0.02776492364645998,9.273484497917618,20.643220731142993,0.05552984729291996,0.0,0.0,0.0,0.0,0.0,0.0,0.0,0.0,0.0,0.0,0.0,0.0,0.0,0.0,0.0,0.0,0.404,0.010216,0.0,0.0,0.0,0.0,0.0,0.0,0.0,0.0,0.0,0.0,0.0,9.994882292732841,19.95905834186285,0.046059365404298884,0.0,0.0,0.0,0.0,0.0,0.0,0.0,0.0,0.0,0.0,0.0,0.0,0.0,0.0,0.0,0.0
32200,4224,2217,0.5248579545454546,1052,847,0.44957386363636365,1169,0.5535037878787878,0.426,3.0084703537618336,3.1865168113680284,6.855045871559633,2.279364398712058,8308.269942536748,433.1912382995612,7853.0,8741.34559085369,8720.415533277053,5.716170491797523,7853.0,0.0,27.801373106060606,20.727570663601163,32.56705948372615,19.05882391489329,0.1347064393939394,0.10203598484848485,0.09919507575757576,0.08357007575757576,0.08333333333333333,0.07954545454545454,0.06628787878787878,0.062263257575757576,0.056107954545454544,0.054924242424242424,0.05042613636363636,0.03787878787878788,0.03125,0.020359848484848484,0.019412878787878788,0.01065340909090909,0.008049242424242424,0.9355251741821341,0.023160155924707954,0.0,0.0,0.0,0.0,0.0,0.0,0.0,0.0,0.0,0.0,0.0,0.0,0.0,0.0,0.0,0.0,0.0,0.0,0.0,0.0,0.0,0.0,0.0,0.0,0.007102272727272729,0.021306818181818184,1.860795454545455,11.889204545454549,13.593750000000004,2.6278409090909096,4.333088505325009,3.0509740126522913,nan,nan,nan,4.298463789319678,3.0384306066688027,4.367994100294985,3.0631710563269525,1.016175618635678,0.4045,0.01047,0.0,0.0,0.0,0.0,0.0,0.0,0.0,0.0,0.0,0.0,0.0,9.936079545454533,19.985795454545457,0.07812500000000001,0.0,0.0,0.0,0.0,0.0,0.0,0.0,0.0,0.0,0.0,0.0,0.0,0.0,0.0,0.0,0.0,nan,nan,4.333088505325009,3.0509740126522913,nan,0.4045,0.0476,0.0,0.0,0.0,0.0,0.0,0.0,0.0,0.0,0.0,0.0,0.0,0.0,0.0,0.0,0.0,0.0,0.0,0.0,0.0,0.0,0.0009588068181818182,4.734848484848485e-05,0.00016571969696969698,0.003515625,0.001680871212121212,0.004107481060606061,0.007528409090909091,0.0032196969696969696,8.285984848484849e-05,0.0030658143939393937,0.00014204545454545454,0.006912878787878788,0.007682291666666666,0.007256155303030303,0.024337121212121213,0.050130208333333336,0.07141335227272727,0.07452651515151515,0.05988399621212121,0.08154592803030303,0.08216145833333334,0.11409801136363637,0.0883404356060606,0.0619436553030303,0.06322206439393939,0.04913589015151515,0.026503314393939395,0.059019886363636365,0.009694602272727273,0.014630681818181819,0.0029829545454545456,0.006628787878787879,0.007362689393939394,0.004604640151515151,0.00022490530303030304,0.0011008522727272727,7.102272727272727e-05,7.102272727272727e-05,0.0,0.0,0.0,0.0,0.0,0.0,0.0,0.0,0.0,0.0,0.0,0.0,0.0,0.0,0.0,0.0,0.0,0.0,0.0,0.0,0.0,0.0,0.0,0.0,0.0,0.0,0.0,0.0,0.0,0.0,0.0,0.0,0.0,0.0,0.0,0.0,0.0,0.0,0.0,0.0,0.0,0.0,0.0,nan,nan,4.333088505325009,3.0509740126522913,nan,0.9360038526541057,0.023457635356289412,0.0,0.0,0.0,0.0,0.0,0.0,0.0,0.0,0.0,0.0,0.0,0.0,0.0,0.0,0.0,0.0,0.0,0.0,0.0,0.0,0.0,0.0,0.0,0.0,0.0,0.040595399188092025,1.8403247631935051,11.74560216508796,13.680649526387013,2.6928281461434374,0.9349964097713913,0.02281537298711061,0.0,0.0,0.0,0.0,0.0,0.0,0.0,0.0,0.0,0.0,0.0,0.0,0.0,0.0,0.0,0.0,0.0,0.0,0.0,0.0,0.0,0.0,0.0,0.0,0.014947683109118091,0.0,1.8834080717488795,12.04783258594918,13.497757847533636,2.556053811659193,0.4048,0.010414,0.0,0.0,0.0,0.0,0.0,0.0,0.0,0.0,0.0,0.0,0.0,9.445196211096063,20.500676589986472,0.054127198917456036,0.0,0.0,0.0,0.0,0.0,0.0,0.0,0.0,0.0,0.0,0.0,0.0,0.0,0.0,0.0,0.0,0.4043,0.01051,0.0,0.0,0.0,0.0,0.0,0.0,0.0,0.0,0.0,0.0,0.0,10.478325859491765,19.417040358744398,0.10463378176382664,0.0,0.0,0.0,0.0,0.0,0.0,0.0,0.0,0.0,0.0,0.0,0.0,0.0,0.0,0.0,0.0
32300,4452,2268,0.5094339622641509,1139,916,0.4615902964959569,1249,0.5610961365678346,0.40199999999999997,2.8475274725274726,3.0691232780928996,6.526138279932546,2.0914363480015514,8294.839490170196,433.59878323560554,7853.0,8737.715279394388,8720.314554778532,5.642489029570267,7853.0,0.0,27.802560646900268,20.56690619563765,32.4838110403397,18.882606188602473,0.13252470799640612,0.10175202156334232,0.09389038634321653,0.0889487870619946,0.08063791554357592,0.08153638814016173,0.06805929919137467,0.0651392632524708,0.05952380952380952,0.052336028751123094,0.05008984725965858,0.0330188679245283,0.03391734052111411,0.02830188679245283,0.013477088948787063,0.010557053009883199,0.006289308176100629,0.9362684366329233,0.023640414301620345,0.0,0.0,0.0,0.0,0.0,0.0,0.0,0.0,0.0,0.0,0.0,0.0,0.0,0.0,0.0,0.0,0.0,0.0,0.0,0.0,0.0,0.0,0.0,0.0,0.0,0.04716981132075473,1.987870619946092,11.401617250673858,13.463611859838279,3.099730458221025,4.153819564465953,2.9211643108782006,nan,nan,nan,4.102617079889807,2.9062142565824054,4.205412907702984,2.9352482027963793,1.0250561594736836,0.404,0.01023,0.0,0.0,0.0,0.0,0.0,0.0,0.0,0.0,0.0,0.0,0.013477088948787064,10.269541778975727,19.62938005390836,0.08760107816711593,0.0,0.0,0.0,0.0,0.0,0.0,0.0,0.0,0.0,0.0,0.0,0.0,0.0,0.0,0.0,0.0,nan,nan,4.153819564465953,2.9211643108782006,nan,0.404,0.0475,0.0,0.0,0.0,0.0,0.0,0.0,0.0,0.0,0.0,0.0,0.0,0.0,0.0,0.0,0.0,0.0,0.0,0.0,0.0,0.0,0.0010669362084456424,1.1230907457322552e-05,5.615453728661276e-05,0.0031895777178796046,0.0013477088948787063,0.004121743036837377,0.006345462713387241,0.003650044923629829,6.738544474393532e-05,0.003380503144654088,0.0004716981132075472,0.0061769991015274035,0.008378256963162623,0.008928571428571428,0.027695417789757412,0.05216756513926325,0.07416891284815813,0.07079964061096136,0.061242138364779874,0.08294025157232704,0.08180592991913746,0.1123989218328841,0.08762353998203055,0.060849056603773585,0.06355570530098832,0.04642857142857143,0.026617250673854446,0.057951482479784364,0.008176100628930818,0.015015723270440252,0.003200808625336927,0.006075920934411501,0.008153638814016172,0.004559748427672956,8.984725965858041e-05,0.0010107816711590297,0.00015723270440251572,0.00012353998203054806,0.0,0.0,0.0,0.0,0.0,0.0,0.0,0.0,0.0,0.0,0.0,0.0,0.0,0.0,0.0,0.0,0.0,0.0,0.0,0.0,0.0,0.0,0.0,0.0,0.0,0.0,0.0,0.0,0.0,0.0,0.0,0.0,0.0,0.0,0.0,0.0,0.0,0.0,0.0,0.0,0.0,0.0,0.0,nan,nan,4.153819564465953,2.9211643108782006,nan,0.936429225394545,0.02329515177873141,0.0,0.0,0.0,0.0,0.0,0.0,0.0,0.0,0.0,0.0,0.0,0.0,0.0,0.0,0.0,0.0,0.0,0.0,0.0,0.0,0.0,0.0,0.0,0.0,0.0,0.05291005291005292,1.904761904761905,11.283068783068787,13.558201058201062,3.201058201058202,0.9361014636881623,0.023992557715689748,0.0,0.0,0.0,0.0,0.0,0.0,0.0,0.0,0.0,0.0,0.0,0.0,0.0,0.0,0.0,0.0,0.0,0.0,0.0,0.0,0.0,0.0,0.0,0.0,0.0,0.041208791208791215,2.074175824175825,11.524725274725277,13.365384615384619,2.9945054945054954,0.404,0.010414,0.0,0.0,0.0,0.0,0.0,0.0,0.0,0.0,0.0,0.0,0.01322751322751323,10.251322751322737,19.682539682539687,0.05291005291005292,0.0,0.0,0.0,0.0,0.0,0.0,0.0,0.0,0.0,0.0,0.0,0.0,0.0,0.0,0.0,0.0,0.404,0.01005,0.0,0.0,0.0,0.0,0.0,0.0,0.0,0.0,0.0,0.0,0.01373626373626374,10.288461538461524,19.57417582417583,0.12362637362637366,0.0,0.0,0.0,0.0,0.0,0.0,0.0,0.0,0.0,0.0,0.0,0.0,0.0,0.0,0.0,0.0
32400,4365,2203,0.5046964490263459,1018,933,0.44696449026345936,1238,0.5672394043528064,0.426,2.887141535615171,2.9876760848397312,6.282894736842105,2.1533870601972445,8290.625115982197,433.55293531730416,7853.0,8738.933005416393,8720.105597486285,5.752698464665487,7853.0,0.0,27.806414662084766,20.84110739016631,32.76591095329145,19.098347987314767,0.1399770904925544,0.09896907216494845,0.09530355097365406,0.08430698739977091,0.08224513172966781,0.07766323024054983,0.07101947308132875,0.06689576174112256,0.0554410080183276,0.045819014891179836,0.049484536082474224,0.041008018327605956,0.030011454753722796,0.027033218785796106,0.01672394043528064,0.009392898052691867,0.00870561282932417,0.9358882829768824,0.02341655153384743,0.0,0.0,0.0,0.0,0.0,0.0,0.0,0.0,0.0,0.0,0.0,0.0,0.0,0.0,0.0,0.0,0.0,0.0,0.0,0.0,0.0,0.0,0.0,0.0,0.0,0.04123711340206186,1.8831615120274918,11.793814432989693,13.505154639175261,2.7766323024054986,4.275997150997151,2.8240863565549184,nan,nan,nan,4.264557872034508,2.815516560651121,4.286016949152542,2.833062857095673,1.005031958238568,0.404,0.01011,0.0,0.0,0.0,0.0,0.0,0.0,0.0,0.0,0.0,0.0,0.0,10.577319587628851,19.36769759450172,0.05498281786941582,0.0,0.0,0.0,0.0,0.0,0.0,0.0,0.0,0.0,0.0,0.0,0.0,0.0,0.0,0.0,0.0,nan,nan,4.275997150997151,2.8240863565549184,nan,0.404,0.04776,0.0,0.0,0.0,0.0,0.0,0.0,0.0,0.0,0.0,0.0,0.0,0.0,0.0,0.0,0.0,0.0,0.0,0.0,0.0,0.0,0.0012714776632302405,0.0,1.145475372279496e-05,0.0030011454753722795,0.001179839633447881,0.004478808705612829,0.006449026345933562,0.004089347079037801,3.436426116838488e-05,0.0038258877434135165,0.0003436426116838488,0.005670103092783505,0.007640320733104238,0.009175257731958764,0.028717067583046964,0.052336769759450175,0.07413516609392898,0.0718098510882016,0.06013745704467354,0.08451317296678121,0.08057273768613975,0.11063001145475372,0.08882016036655212,0.060893470790378004,0.061489117983963344,0.04577319587628866,0.024925544100801833,0.060584192439862544,0.009312714776632302,0.015040091638029782,0.0032646048109965637,0.006334478808705613,0.007250859106529209,0.0049942726231386025,4.581901489117984e-05,0.001145475372279496,4.581901489117984e-05,5.72737686139748e-05,0.0,0.0,0.0,0.0,0.0,0.0,0.0,0.0,0.0,0.0,0.0,0.0,0.0,0.0,0.0,0.0,0.0,0.0,0.0,0.0,0.0,0.0,0.0,0.0,0.0,0.0,0.0,0.0,0.0,0.0,0.0,0.0,0.0,0.0,0.0,0.0,0.0,0.0,0.0,0.0,0.0,0.0,0.0,nan,nan,4.275997150997151,2.8240863565549184,nan,0.9355648763332376,0.02376260978974056,0.0,0.0,0.0,0.0,0.0,0.0,0.0,0.0,0.0,0.0,0.0,0.0,0.0,0.0,0.0,0.0,0.0,0.0,0.0,0.0,0.0,0.0,0.0,0.0,0.0,0.06808896958692694,2.083522469359964,11.72492056286882,13.263731275533367,2.8597367226509314,0.9362178226789868,0.023053922805345354,0.0,0.0,0.0,0.0,0.0,0.0,0.0,0.0,0.0,0.0,0.0,0.0,0.0,0.0,0.0,0.0,0.0,0.0,0.0,0.0,0.0,0.0,0.0,0.0,0.0,0.013876040703052732,1.6790009250693807,11.864014801110086,13.751156336725257,2.6919518963922298,0.404,0.01003,0.0,0.0,0.0,0.0,0.0,0.0,0.0,0.0,0.0,0.0,0.0,10.417612346799803,19.51429868361326,0.06808896958692694,0.0,0.0,0.0,0.0,0.0,0.0,0.0,0.0,0.0,0.0,0.0,0.0,0.0,0.0,0.0,0.0,0.404,0.01019,0.0,0.0,0.0,0.0,0.0,0.0,0.0,0.0,0.0,0.0,0.0,10.740055504162797,19.218316373728033,0.04162812210915819,0.0,0.0,0.0,0.0,0.0,0.0,0.0,0.0,0.0,0.0,0.0,0.0,0.0,0.0,0.0,0.0
32500,4364,2307,0.5286434463794684,1075,853,0.44179651695692024,1203,0.5513290559120073,0.43,2.9436071949440934,3.1251219468370484,6.7125435540069684,2.0800904925416783,8311.494519946718,432.95972813393246,7853.0,8742.344116950035,8720.303894688976,5.715334475405165,7853.0,0.0,28.024977085242895,20.958266098369652,33.01529219006007,19.184729212677944,0.14115490375802017,0.09761686526122823,0.09005499541704858,0.0921173235563703,0.07813932172318973,0.07974335472043996,0.06668194317140239,0.05866177818515124,0.05843263061411549,0.05476626947754354,0.04605866177818515,0.040100824931255726,0.03391384051329056,0.025664527956003668,0.018790100824931256,0.011228230980751604,0.0068744271310724105,0.9362933466212668,0.023589197218552224,0.0,0.0,0.0,0.0,0.0,0.0,0.0,0.0,0.0,0.0,0.0,0.0,0.0,0.0,0.0,0.0,0.0,0.0,0.0,0.0,0.0,0.0,0.0,0.0,0.0,0.02749770852428965,1.7254812098991754,11.94087992667278,13.205774518790104,3.100366636113658,4.22632139056403,2.938750832784322,nan,nan,nan,4.3610108303249095,2.9424681534075643,4.096234309623431,2.9292826966080137,0.9392855163623265,0.4036,0.009964,0.0,0.0,0.0,0.0,0.0,0.0,0.0,0.0,0.0,0.0,0.0,10.627864344637931,19.365261228230985,0.006874427131072412,0.0,0.0,0.0,0.0,0.0,0.0,0.0,0.0,0.0,0.0,0.0,0.0,0.0,0.0,0.0,0.0,nan,nan,4.22632139056403,2.938750832784322,nan,0.4036,0.0479,0.0,0.0,0.0,0.0,0.0,0.0,0.0,0.0,0.0,0.0,0.0,0.0,0.0,0.0,0.0,0.0,0.0,0.0,0.0,0.0,0.0016040329972502293,0.0,0.00011457378551787351,0.003414298808432631,0.0013519706691109074,0.004720439963336389,0.006954628780934922,0.003391384051329056,1.1457378551787351e-05,0.0030476626947754356,0.0002635197066911091,0.005293308890925756,0.00787121906507791,0.008008707607699358,0.02984647112740605,0.053139321723189734,0.07802474793767186,0.07041704857928506,0.05991063244729606,0.08403987167736023,0.07931943171402384,0.10622135655362053,0.09159028414298809,0.06192713107241063,0.060930339138405135,0.046436755270394134,0.024862511457378552,0.06293538038496792,0.008192025664527956,0.013806141154903757,0.0031164069660861594,0.00519019248395967,0.007687901008249312,0.005144362969752521,3.4372135655362054e-05,0.000882218148487626,0.00027497708524289643,2.2914757103574703e-05,0.0,0.0,0.0,0.0,0.0,0.0,0.0,0.0,0.0,0.0,0.0,0.0,0.0,0.0,0.0,0.0,0.0,0.0,0.0,0.0,0.0,0.0,0.0,0.0,0.0,0.0,0.0,0.0,0.0,0.0,0.0,0.0,0.0,0.0,0.0,0.0,0.0,0.0,0.0,0.0,0.0,0.0,0.0,nan,nan,4.22632139056403,2.938750832784322,nan,0.93691862404579,0.023706715867368635,0.0,0.0,0.0,0.0,0.0,0.0,0.0,0.0,0.0,0.0,0.0,0.0,0.0,0.0,0.0,0.0,0.0,0.0,0.0,0.0,0.0,0.0,0.0,0.0,0.0,0.026007802340702216,1.7295188556566974,11.313394018205464,13.641092327698313,3.2899869960988304,0.935592075343496,0.023436857433626508,0.0,0.0,0.0,0.0,0.0,0.0,0.0,0.0,0.0,0.0,0.0,0.0,0.0,0.0,0.0,0.0,0.0,0.0,0.0,0.0,0.0,0.0,0.0,0.0,0.0,0.029168692270296556,1.7209528439474968,12.644628099173557,12.717549829849299,2.8877005347593587,0.4036,0.0098,0.0,0.0,0.0,0.0,0.0,0.0,0.0,0.0,0.0,0.0,0.0,10.741222366709998,19.245773732119638,0.013003901170351108,0.0,0.0,0.0,0.0,0.0,0.0,0.0,0.0,0.0,0.0,0.0,0.0,0.0,0.0,0.0,0.0,0.4038,0.01013,0.0,0.0,0.0,0.0,0.0,0.0,0.0,0.0,0.0,0.0,0.0,10.500729217306741,19.499270782693245,0.0,0.0,0.0,0.0,0.0,0.0,0.0,0.0,0.0,0.0,0.0,0.0,0.0,0.0,0.0,0.0,0.0
32600,4493,2334,0.5194747384820833,1121,880,0.44535944803026933,1215,0.540841308702426,0.45,3.0412227883279295,3.2207159446075626,6.938356164383562,2.092788016347119,8303.243596821301,433.05444813097705,7853.0,8738.497879767418,8719.728569202274,5.6295418668390536,7853.0,0.0,27.568439795237037,20.715147577112397,32.64950653507602,18.91410193366524,0.14444691742710883,0.10082350322724237,0.09370131315379479,0.08324059648341865,0.07767638548853772,0.0799020698864901,0.06899621633652347,0.06721566881816159,0.05942577342532829,0.049855330514133094,0.04406855107945693,0.04050745604273314,0.03227242377030937,0.024259959937680837,0.016915201424438014,0.010683285110171378,0.0060093478744714,0.9343913961512831,0.02300336413958052,0.0,0.0,0.0,0.0,0.0,0.0,0.0,0.0,0.0,0.0,0.0,0.0,0.0,0.0,0.0,0.0,0.0,0.0,0.0,0.0,0.0,0.0,0.0,0.0,0.0,0.06677053193857112,1.9697306921878481,12.472735366125086,13.02025372802137,2.4705096817271315,4.387029288702929,2.9627156330693745,nan,nan,nan,4.307479224376731,2.9527065409820867,4.469430780042164,2.9709793619092943,1.0375977566528753,0.4036,0.01021,0.0,0.0,0.0,0.0,0.0,0.0,0.0,0.0,0.0,0.0,0.0,10.983752503894932,18.98286223013577,0.03338526596928556,0.0,0.0,0.0,0.0,0.0,0.0,0.0,0.0,0.0,0.0,0.0,0.0,0.0,0.0,0.0,0.0,nan,nan,4.387029288702929,2.9627156330693745,nan,0.4036,0.04858,0.0,0.0,0.0,0.0,0.0,0.0,0.0,0.0,0.0,0.0,0.0,0.0,0.0,0.0,0.0,0.0,0.0,0.0,0.0,0.0,0.0018473180503004675,2.2256843979523704e-05,0.0004562653015802359,0.0030380592032049855,0.001724905408413087,0.0060204762964611615,0.0061651457823280655,0.004340084576007122,0.00010015579790785667,0.002693078121522368,0.00031159581571333186,0.005931448920543067,0.007678611172935678,0.008101491208546628,0.030781215223681282,0.05191408858223904,0.08171600267082128,0.06870687736478967,0.05703316269752949,0.07965724460271534,0.08261740485199198,0.1062430447362564,0.09208769196527933,0.06097262408190519,0.05783440908079234,0.04855330514133096,0.026685955931448922,0.0627197863342978,0.008034720676608056,0.01322056532383708,0.0021589138660137995,0.004785221455597596,0.008301802804362341,0.006298686846205208,6.677053193857111e-05,0.0007901179612730915,0.00022256843979523704,0.00016692632984642778,0.0,0.0,0.0,0.0,0.0,0.0,0.0,0.0,0.0,0.0,0.0,0.0,0.0,0.0,0.0,0.0,0.0,0.0,0.0,0.0,0.0,0.0,0.0,0.0,0.0,0.0,0.0,0.0,0.0,0.0,0.0,0.0,0.0,0.0,0.0,0.0,0.0,0.0,0.0,0.0,0.0,0.0,0.0,nan,nan,4.387029288702929,2.9627156330693745,nan,0.9342782555376248,0.023234953962920028,0.0,0.0,0.0,0.0,0.0,0.0,0.0,0.0,0.0,0.0,0.0,0.0,0.0,0.0,0.0,0.0,0.0,0.0,0.0,0.0,0.0,0.0,0.0,0.0,0.0,0.08997429305912599,2.0308483290488435,12.249357326478153,13.277634961439592,2.3521850899742933,0.9345137074955528,0.022749717910161074,0.0,0.0,0.0,0.0,0.0,0.0,0.0,0.0,0.0,0.0,0.0,0.0,0.0,0.0,0.0,0.0,0.0,0.0,0.0,0.0,0.0,0.0,0.0,0.0,0.0,0.04168596572487263,1.9036591014358504,12.714219546086154,12.742010189902736,2.598425196850394,0.4036,0.01011,0.0,0.0,0.0,0.0,0.0,0.0,0.0,0.0,0.0,0.0,0.0,10.719794344472993,19.241645244215942,0.03856041131105399,0.0,0.0,0.0,0.0,0.0,0.0,0.0,0.0,0.0,0.0,0.0,0.0,0.0,0.0,0.0,0.0,0.4033,0.01031,0.0,0.0,0.0,0.0,0.0,0.0,0.0,0.0,0.0,0.0,0.0,11.269106067623882,18.70310328855952,0.027790643816581757,0.0,0.0,0.0,0.0,0.0,0.0,0.0,0.0,0.0,0.0,0.0,0.0,0.0,0.0,0.0,0.0
32700,4807,2462,0.512169752444352,1103,1036,0.4449760765550239,1369,0.5695860203869357,0.422,2.9927505330490405,3.139464512286604,6.826016260162602,2.1437690916782044,8296.972811532805,433.3154318222515,7853.0,8738.038752102852,8719.846996359951,5.865825969760755,7853.0,0.0,27.266070314125233,20.81671677096507,32.46312092323131,19.07372786124321,0.15061368837112543,0.10089452881214894,0.10006240898689411,0.0838360723944248,0.07759517370501352,0.07405866444768047,0.06906594549615144,0.062408986894112756,0.05408778864156438,0.04847097982109424,0.051175369253172454,0.03869357187434991,0.03578115248595798,0.018930726024547536,0.015810276679841896,0.01248179737882255,0.006032868733097566,0.934574501204942,0.02354061933980476,0.0,0.0,0.0,0.0,0.0,0.0,0.0,0.0,0.0,0.0,0.0,0.0,0.0,0.0,0.0,0.0,0.0,0.0,0.0,0.0,0.0,0.0,0.0,0.0,0.0,0.04368629082587894,2.1406282504680676,12.007489078427296,13.093405450384859,2.7147909298939057,4.411997363216876,2.884562329691579,nan,nan,nan,4.452145214521452,2.953018316948419,4.371955233706386,2.8140582486563313,0.9819884624262676,0.4033,0.01027,0.0,0.0,0.0,0.0,0.0,0.0,0.0,0.0,0.0,0.0,0.01872269606823383,11.23361764094028,18.67276887871854,0.07489078427293532,0.0,0.0,0.0,0.0,0.0,0.0,0.0,0.0,0.0,0.0,0.0,0.0,0.0,0.0,0.0,0.0,nan,nan,4.411997363216876,2.884562329691579,nan,0.4033,0.04846,0.0,0.0,0.0,0.0,0.0,0.0,0.0,0.0,0.0,0.0,0.0,0.0,0.0,0.0,0.0,0.0,0.0,0.0,0.0,0.0,0.0019242770959018098,0.0,0.00029124193883919283,0.002922820886207614,0.0016850426461410444,0.006032868733097566,0.006989806532140628,0.004680674017058456,0.00010401497815685458,0.0022571250260037447,0.00031204493447056374,0.005502392344497608,0.007010609527771999,0.007811524859579779,0.031069273975452467,0.05148741418764302,0.08006032868733097,0.06903474100270439,0.06057832327855211,0.07992510921572707,0.08480341169128354,0.10420220511753693,0.09269814853338881,0.06085916371957562,0.05738506344913667,0.048824630746827545,0.027907218639484085,0.06200332847930102,0.007551487414187643,0.011857707509881422,0.0019658830871645515,0.004004576659038902,0.0074578739338464735,0.007551487414187643,0.00013521947160391096,0.0008009153318077803,0.00010401497815685458,0.00020802995631370917,0.0,0.0,0.0,0.0,0.0,0.0,0.0,0.0,0.0,0.0,0.0,0.0,0.0,0.0,0.0,0.0,0.0,0.0,0.0,0.0,0.0,0.0,0.0,0.0,0.0,0.0,0.0,0.0,0.0,0.0,0.0,0.0,0.0,0.0,0.0,0.0,0.0,0.0,0.0,0.0,0.0,0.0,0.0,nan,nan,4.411997363216876,2.884562329691579,nan,0.9353477429995006,0.023867637022243298,0.0,0.0,0.0,0.0,0.0,0.0,0.0,0.0,0.0,0.0,0.0,0.0,0.0,0.0,0.0,0.0,0.0,0.0,0.0,0.0,0.0,0.0,0.0,0.0,0.0,0.04874086108854591,2.022745735174655,11.612510154346063,13.220958570268078,3.0950446791226653,0.9337626797558148,0.023164566008019177,0.0,0.0,0.0,0.0,0.0,0.0,0.0,0.0,0.0,0.0,0.0,0.0,0.0,0.0,0.0,0.0,0.0,0.0,0.0,0.0,0.0,0.0,0.0,0.0,0.0,0.03837953091684435,2.264392324093817,12.42217484008529,12.959488272921112,2.315565031982943,0.403,0.01039,0.0,0.0,0.0,0.0,0.0,0.0,0.0,0.0,0.0,0.0,0.0,11.575954508529634,18.36311941510967,0.06092607636068238,0.0,0.0,0.0,0.0,0.0,0.0,0.0,0.0,0.0,0.0,0.0,0.0,0.0,0.0,0.0,0.0,0.4038,0.010124,0.0,0.0,0.0,0.0,0.0,0.0,0.0,0.0,0.0,0.0,0.03837953091684435,10.874200426439216,18.997867803837956,0.08955223880597017,0.0,0.0,0.0,0.0,0.0,0.0,0.0,0.0,0.0,0.0,0.0,0.0,0.0,0.0,0.0,0.0
32800,4959,2539,0.5119983867715265,1214,1032,0.45291389393022785,1427,0.5755192579149022,0.40199999999999997,2.9442148760330578,3.0441292237169884,6.493372606774669,2.1714848278268732,8296.740278418049,433.2355780411728,7853.0,8738.997644507885,8719.682962061876,5.65304419396155,7853.0,0.0,28.002218189151037,20.813690561291374,32.95652173913044,19.039417816820315,0.13631780600927607,0.10183504738858641,0.09114740875176447,0.0842911877394636,0.08388788062109297,0.07763662028634806,0.06594071385359952,0.06715063520871144,0.05565638233514821,0.056664650131074815,0.04476709013914096,0.039927404718693285,0.03367614438394838,0.02581165557572091,0.018955434563420043,0.01048598507763662,0.005847953216374269,0.9345744514109555,0.023365472902028457,0.0,0.0,0.0,0.0,0.0,0.0,0.0,0.0,0.0,0.0,0.0,0.0,0.0,0.0,0.0,0.0,0.0,0.0,0.0,0.0,0.0,0.0,0.0,0.0,0.0,0.07864488808227467,1.9056261343012708,12.268602540834848,13.248638838475502,2.498487598306111,4.277037496126433,2.85049039096784,nan,nan,nan,4.281328320802005,2.867662106117472,4.269325153374234,2.8308950932955126,0.9971963917437842,0.4033,0.01038,0.0,0.0,0.0,0.0,0.0,0.0,0.0,0.0,0.0,0.0,0.01209921355111918,11.101028433151829,18.832425892317,0.05444646098003631,0.0,0.0,0.0,0.0,0.0,0.0,0.0,0.0,0.0,0.0,0.0,0.0,0.0,0.0,0.0,0.0,nan,nan,4.277037496126433,2.85049039096784,nan,0.4033,0.0484,0.0,0.0,0.0,0.0,0.0,0.0,0.0,0.0,0.0,0.0,0.0,0.0,0.0,0.0,0.0,0.0,0.0,0.0,0.0,0.0,0.002641661625327687,0.0,0.00019157088122605365,0.0024702561000201654,0.0017846339987900787,0.005878201250252067,0.006402500504133898,0.005464811453922162,0.00014115749142972373,0.002732405726961081,0.00020165355918531962,0.005122000403307118,0.007531760435571687,0.007471264367816092,0.03161927808025811,0.04835652349263964,0.08202258519862876,0.06815890300463803,0.06014317402702158,0.07994555353901997,0.0842609397055858,0.10509175236942932,0.0936277475297439,0.06421657592256504,0.05740068562210123,0.046894535188546076,0.027687033676144383,0.06242185924581569,0.006876386368219399,0.012260536398467433,0.0018854607783827385,0.0034381931841096997,0.006805807622504537,0.0072393627747529745,0.00034281105061504335,0.0009074410163339383,0.00015124016938898973,0.0002117362371445856,0.0,0.0,0.0,0.0,0.0,0.0,0.0,0.0,0.0,0.0,0.0,0.0,0.0,0.0,0.0,0.0,0.0,0.0,0.0,0.0,0.0,0.0,0.0,0.0,0.0,0.0,0.0,0.0,0.0,0.0,0.0,0.0,0.0,0.0,0.0,0.0,0.0,0.0,0.0,0.0,0.0,0.0,0.0,nan,nan,4.277037496126433,2.85049039096784,nan,0.934701606367178,0.023457123742419407,0.0,0.0,0.0,0.0,0.0,0.0,0.0,0.0,0.0,0.0,0.0,0.0,0.0,0.0,0.0,0.0,0.0,0.0,0.0,0.0,0.0,0.0,0.0,0.0,0.0,0.08270972823946438,1.9023237495076806,12.217408428515167,13.304450571090984,2.493107522646712,0.9344410437936626,0.02326818025993854,0.0,0.0,0.0,0.0,0.0,0.0,0.0,0.0,0.0,0.0,0.0,0.0,0.0,0.0,0.0,0.0,0.0,0.0,0.0,0.0,0.0,0.0,0.0,0.0,0.0,0.07438016528925621,1.9090909090909094,12.32231404958678,13.190082644628102,2.504132231404959,0.4028,0.01035,0.0,0.0,0.0,0.0,0.0,0.0,0.0,0.0,0.0,0.0,0.011815675462780626,11.520283576211089,18.444269397400554,0.02363135092556125,0.0,0.0,0.0,0.0,0.0,0.0,0.0,0.0,0.0,0.0,0.0,0.0,0.0,0.0,0.0,0.0,0.4036,0.01041,0.0,0.0,0.0,0.0,0.0,0.0,0.0,0.0,0.0,0.0,0.012396694214876035,10.661157024793374,19.239669421487605,0.08677685950413226,0.0,0.0,0.0,0.0,0.0,0.0,0.0,0.0,0.0,0.0,0.0,0.0,0.0,0.0,0.0,0.0
32900,4973,2627,0.5282525638447617,1226,1037,0.4550573094711442,1425,0.5730947114417856,0.39399999999999996,3.0179028132992327,3.085541460553033,6.461651917404129,2.165192242771999,8310.867791701823,432.70698714492585,7853.0,8737.869312131405,8719.759241771284,5.691443237846748,7853.0,0.0,28.22119445003016,20.90127265246915,33.28214971209213,19.03677489623059,0.1409611904283129,0.09591795696762517,0.08686909310275488,0.08546149205710839,0.08224411823848783,0.07500502714659159,0.07158656746430726,0.06736376432736779,0.06032575909913533,0.04886386487029962,0.04665192036999799,0.04182585964206716,0.03458676855017092,0.02674441986728333,0.0180977277297406,0.009853207319525437,0.007641262819223809,0.9346371884799546,0.023484213429287498,0.0,0.0,0.0,0.0,0.0,0.0,0.0,0.0,0.0,0.0,0.0,0.0,0.0,0.0,0.0,0.0,0.0,0.0,0.0,0.0,0.0,0.0,0.0,0.0,0.0,0.07239091091896241,2.165694751658959,12.028956364367588,13.102754876332197,2.630203096722301,4.207373271889401,2.893024772145976,nan,nan,nan,4.232961586121437,2.8665492083820574,4.182205971968312,2.918611652114252,0.98800943190235,0.403,0.010414,0.0,0.0,0.0,0.0,0.0,0.0,0.0,0.0,0.0,0.0,0.006032575909913534,11.425698773376215,18.52000804343455,0.048260607279308275,0.0,0.0,0.0,0.0,0.0,0.0,0.0,0.0,0.0,0.0,0.0,0.0,0.0,0.0,0.0,0.0,nan,nan,4.207373271889401,2.893024772145976,nan,0.403,0.04852,0.0,0.0,0.0,0.0,0.0,0.0,0.0,0.0,0.0,0.0,0.0,0.0,0.0,0.0,0.0,0.0,0.0,0.0,0.0,0.0,0.0030665594208727125,0.0,0.0003217373818620551,0.0023225417253167104,0.002091292982103358,0.005670621355318721,0.006223607480394128,0.005801327166700181,0.00020108586366378444,0.0026543334003619546,2.0108586366378444e-05,0.004242911723305851,0.008214357530665595,0.007973054494269053,0.03088678865875729,0.04779810979288156,0.08447617132515584,0.06776593605469536,0.056253770359943694,0.08468731148200281,0.08228433541122059,0.10665594208727126,0.0933742207922783,0.06508143977478384,0.05892821234667203,0.044540518801528255,0.025919967826261815,0.06182384878343052,0.006344258998592399,0.012467323547154635,0.0021616730343856825,0.004604866277900663,0.006736376432736778,0.006967625175950131,0.0003317916750452443,0.0007138548160064347,0.0002815202091292982,0.00011059722501508144,0.0,0.0,0.0,0.0,0.0,0.0,0.0,0.0,0.0,0.0,0.0,0.0,0.0,0.0,0.0,0.0,0.0,0.0,0.0,0.0,0.0,0.0,0.0,0.0,0.0,0.0,0.0,0.0,0.0,0.0,0.0,0.0,0.0,0.0,0.0,0.0,0.0,0.0,0.0,0.0,0.0,0.0,0.0,nan,nan,4.207373271889401,2.893024772145976,nan,0.9349953895246842,0.02320409034838965,0.0,0.0,0.0,0.0,0.0,0.0,0.0,0.0,0.0,0.0,0.0,0.0,0.0,0.0,0.0,0.0,0.0,0.0,0.0,0.0,0.0,0.0,0.0,0.0,0.0,0.04567948229920062,2.0213170917396273,12.036543585839363,13.25846973734298,2.637990102778836,0.9342360827065084,0.023787574639408515,0.0,0.0,0.0,0.0,0.0,0.0,0.0,0.0,0.0,0.0,0.0,0.0,0.0,0.0,0.0,0.0,0.0,0.0,0.0,0.0,0.0,0.0,0.0,0.0,0.0,0.10230179028132995,2.327365728900256,12.020460358056269,12.928388746803073,2.62148337595908,0.4028,0.010544,0.0,0.0,0.0,0.0,0.0,0.0,0.0,0.0,0.0,0.0,0.011419870574800156,11.499809668823737,18.420251237152648,0.06851922344880093,0.0,0.0,0.0,0.0,0.0,0.0,0.0,0.0,0.0,0.0,0.0,0.0,0.0,0.0,0.0,0.0,0.403,0.01027,0.0,0.0,0.0,0.0,0.0,0.0,0.0,0.0,0.0,0.0,0.0,11.342710997442438,18.631713554987215,0.025575447570332487,0.0,0.0,0.0,0.0,0.0,0.0,0.0,0.0,0.0,0.0,0.0,0.0,0.0,0.0,0.0,0.0
33000,4698,2430,0.5172413793103449,1178,959,0.4548744146445296,1342,0.5713069391230311,0.418,3.008377425044092,3.144438893716297,6.722910216718266,2.0994621634694663,8301.29530744004,433.11333213078325,7853.0,8736.951136016845,8719.704261050745,5.628802541531384,7853.0,0.0,27.532779906343126,20.57815601246204,32.64732941477128,18.740724357628313,0.14431673052362706,0.10004257130693912,0.09216687952320136,0.08535547041294168,0.08620689655172414,0.07684120902511707,0.06449553001277139,0.0604512558535547,0.0589612601106854,0.05874840357598978,0.04746700723712218,0.039378458918688804,0.031077054065559814,0.025117071094082587,0.01447424435930183,0.009365687526607066,0.005534269902085994,0.9344050431819915,0.02329065512491091,0.0,0.0,0.0,0.0,0.0,0.0,0.0,0.0,0.0,0.0,0.0,0.0,0.0,0.0,0.0,0.0,0.0,0.0,0.0,0.0,0.0,0.0,0.0,0.0,0.0,0.070242656449553,1.7879948914431676,12.765006385696044,12.918263090676886,2.458492975734355,4.257650542941757,2.937948799311572,nan,nan,nan,4.206111833550065,2.9373234444647447,4.310459693537641,2.9376516681966454,1.0248086270924242,0.4033,0.0102,0.0,0.0,0.0,0.0,0.0,0.0,0.0,0.0,0.0,0.0,0.012771392081736912,10.983397190293726,18.971902937420182,0.03192848020434228,0.0,0.0,0.0,0.0,0.0,0.0,0.0,0.0,0.0,0.0,0.0,0.0,0.0,0.0,0.0,0.0,nan,nan,4.257650542941757,2.937948799311572,nan,0.4033,0.04852,0.0,0.0,0.0,0.0,0.0,0.0,0.0,0.0,0.0,0.0,0.0,0.0,0.0,0.0,0.0,0.0,0.0,0.0,0.0,0.0,0.0035972754363558963,1.0642826734780758e-05,0.00017028522775649213,0.0017454235845040442,0.0027884206045125587,0.004448701575138356,0.006108982545764155,0.0066411238825031926,0.00014899957428693062,0.0031928480204342275,3.192848020434228e-05,0.004438058748403576,0.008184333759046402,0.009088974031502767,0.031055768412090252,0.0451894423158791,0.08160919540229886,0.0662090251170711,0.05628991060025543,0.08538739889314602,0.08187526607066838,0.1079076202639421,0.09568965517241379,0.06507024265644955,0.06032354193273733,0.04525329927628778,0.024957428693060876,0.06136653895274585,0.00716262239250745,0.013282247765006385,0.002022137079608344,0.00476798637718178,0.005683269476372925,0.006534695615155385,0.0003724989357173265,0.001011068539804172,0.000351213282247765,3.192848020434228e-05,0.0,0.0,0.0,0.0,0.0,0.0,0.0,0.0,0.0,0.0,0.0,0.0,0.0,0.0,0.0,0.0,0.0,0.0,0.0,0.0,0.0,0.0,0.0,0.0,0.0,0.0,0.0,0.0,0.0,0.0,0.0,0.0,0.0,0.0,0.0,0.0,0.0,0.0,0.0,0.0,0.0,0.0,0.0,nan,nan,4.257650542941757,2.937948799311572,nan,0.9345668243282617,0.023296238152732983,0.0,0.0,0.0,0.0,0.0,0.0,0.0,0.0,0.0,0.0,0.0,0.0,0.0,0.0,0.0,0.0,0.0,0.0,0.0,0.0,0.0,0.0,0.0,0.0,0.0,0.04938271604938273,1.7654320987654324,12.679012345679014,12.987654320987657,2.518518518518519,0.934231706239559,0.023283424438885328,0.0,0.0,0.0,0.0,0.0,0.0,0.0,0.0,0.0,0.0,0.0,0.0,0.0,0.0,0.0,0.0,0.0,0.0,0.0,0.0,0.0,0.0,0.0,0.0,0.0,0.09259259259259262,1.8121693121693125,12.857142857142861,12.843915343915347,2.3941798941798944,0.403,0.0102,0.0,0.0,0.0,0.0,0.0,0.0,0.0,0.0,0.0,0.0,0.012345679012345682,11.024691358024675,18.925925925925927,0.03703703703703704,0.0,0.0,0.0,0.0,0.0,0.0,0.0,0.0,0.0,0.0,0.0,0.0,0.0,0.0,0.0,0.0,0.4033,0.01019,0.0,0.0,0.0,0.0,0.0,0.0,0.0,0.0,0.0,0.0,0.01322751322751323,10.939153439153424,19.021164021164026,0.02645502645502646,0.0,0.0,0.0,0.0,0.0,0.0,0.0,0.0,0.0,0.0,0.0,0.0,0.0,0.0,0.0,0.0
33100,4672,2449,0.5241866438356164,1158,924,0.4456335616438356,1308,0.559931506849315,0.40599999999999997,3.1250562303193883,3.107696131260513,6.451519536903039,2.149656151444842,8307.339575174758,432.88736977542123,7853.0,8739.574432218074,8719.751529283976,5.593931355192924,7853.0,0.0,28.540025684931507,21.02254637677662,33.35660091047041,19.25293658645041,0.13398972602739725,0.09310787671232877,0.09653253424657535,0.08647260273972603,0.07748287671232877,0.08154965753424658,0.06571061643835617,0.06164383561643835,0.05800513698630137,0.056292808219178085,0.046446917808219176,0.040667808219178085,0.03574486301369863,0.02910958904109589,0.018835616438356163,0.012842465753424657,0.005565068493150685,0.9345772356585893,0.022988383145525523,0.0,0.0,0.0,0.0,0.0,0.0,0.0,0.0,0.0,0.0,0.0,0.0,0.0,0.0,0.0,0.0,0.0,0.0,0.0,0.0,0.0,0.0,0.0,0.0,0.0,0.07063356164383564,1.9584760273972606,12.328767123287674,13.125000000000004,2.5171232876712333,4.239869281045752,2.929896379288877,nan,nan,nan,4.243368700265252,2.929281840338069,4.236469072164948,2.9304893695285363,0.998374021069658,0.4036,0.010155,0.0,0.0,0.0,0.0,0.0,0.0,0.0,0.0,0.0,0.0,0.0,10.665667808219162,19.302226027397264,0.03210616438356165,0.0,0.0,0.0,0.0,0.0,0.0,0.0,0.0,0.0,0.0,0.0,0.0,0.0,0.0,0.0,0.0,nan,nan,4.239869281045752,2.929896379288877,nan,0.4036,0.0483,0.0,0.0,0.0,0.0,0.0,0.0,0.0,0.0,0.0,0.0,0.0,0.0,0.0,0.0,0.0,0.0,0.0,0.0,0.0,0.0,0.0036601027397260275,0.0,2.1404109589041096e-05,0.001797945205479452,0.002889554794520548,0.003424657534246575,0.0057470034246575345,0.00723458904109589,0.0002568493150684931,0.003050085616438356,5.351027397260274e-05,0.004088184931506849,0.007769691780821918,0.009428510273972603,0.0316138698630137,0.04555864726027397,0.0820847602739726,0.06377354452054794,0.055169092465753425,0.08464255136986301,0.08221318493150685,0.11007063356164383,0.0928617294520548,0.06699486301369863,0.0637521404109589,0.04415667808219178,0.02578125,0.060263270547945204,0.007930222602739727,0.012628424657534247,0.0016588184931506848,0.005051369863013699,0.006282106164383561,0.006217893835616438,0.00029965753424657536,0.001187928082191781,0.0003531678082191781,3.210616438356164e-05,0.0,0.0,0.0,0.0,0.0,0.0,0.0,0.0,0.0,0.0,0.0,0.0,0.0,0.0,0.0,0.0,0.0,0.0,0.0,0.0,0.0,0.0,0.0,0.0,0.0,0.0,0.0,0.0,0.0,0.0,0.0,0.0,0.0,0.0,0.0,0.0,0.0,0.0,0.0,0.0,0.0,0.0,0.0,nan,nan,4.239869281045752,2.929896379288877,nan,0.9343425623978241,0.023287817453693613,0.0,0.0,0.0,0.0,0.0,0.0,0.0,0.0,0.0,0.0,0.0,0.0,0.0,0.0,0.0,0.0,0.0,0.0,0.0,0.0,0.0,0.0,0.0,0.0,0.0,0.09799918334013885,1.996733360555329,12.531645569620256,12.764393630053085,2.609228256431197,0.9348357668397023,0.0226511111712616,0.0,0.0,0.0,0.0,0.0,0.0,0.0,0.0,0.0,0.0,0.0,0.0,0.0,0.0,0.0,0.0,0.0,0.0,0.0,0.0,0.0,0.0,0.0,0.0,0.0,0.04048582995951418,1.9163292847503377,12.10526315789474,13.522267206477736,2.415654520917679,0.4036,0.01032,0.0,0.0,0.0,0.0,0.0,0.0,0.0,0.0,0.0,0.0,0.0,10.522662311147393,19.428338097182525,0.048999591670069426,0.0,0.0,0.0,0.0,0.0,0.0,0.0,0.0,0.0,0.0,0.0,0.0,0.0,0.0,0.0,0.0,0.4036,0.009964,0.0,0.0,0.0,0.0,0.0,0.0,0.0,0.0,0.0,0.0,0.0,10.82321187584344,19.163292847503378,0.013495276653171392,0.0,0.0,0.0,0.0,0.0,0.0,0.0,0.0,0.0,0.0,0.0,0.0,0.0,0.0,0.0,0.0
33200,4543,2301,0.5064935064935064,1086,937,0.4453004622496148,1253,0.551617873651772,0.438,2.9009812667261374,3.184906548707877,6.923214285714286,2.22634317976399,8292.1178719418,433.4692982825064,7853.0,8738.030236536264,8719.97631126971,5.504262056862239,7853.0,0.0,26.711424169051288,20.54616721561357,31.8367889420521,18.87624283158895,0.14968082764692933,0.11027955095751706,0.09421087387189082,0.08738718908210434,0.07990314769975787,0.075280651551838,0.07175874972485143,0.062293638564825005,0.054589478318291876,0.05701078582434515,0.042042703059652214,0.030816640986132512,0.028835571208452565,0.020691173233546113,0.01694915254237288,0.011666299801893022,0.006603565925599824,0.9354198166984518,0.023080050031081635,0.0,0.0,0.0,0.0,0.0,0.0,0.0,0.0,0.0,0.0,0.0,0.0,0.0,0.0,0.0,0.0,0.0,0.0,0.0,0.0,0.0,0.0,0.0,0.0,0.0,0.052828527404798604,1.8423948932423513,12.051507814219681,13.411842394893245,2.64142637023993,4.4992917847025495,2.977369707748445,nan,nan,nan,4.524278676988037,2.98110545191588,4.473984319315752,2.973367221776447,0.9888834527527894,0.4033,0.01035,0.0,0.0,0.0,0.0,0.0,0.0,0.0,0.0,0.0,0.0,0.026414263702399302,10.928901606867692,19.031476997578697,0.013207131851199651,0.0,0.0,0.0,0.0,0.0,0.0,0.0,0.0,0.0,0.0,0.0,0.0,0.0,0.0,0.0,0.0,nan,nan,4.4992917847025495,2.977369707748445,nan,0.4033,0.04813,0.0,0.0,0.0,0.0,0.0,0.0,0.0,0.0,0.0,0.0,0.0,0.0,0.0,0.0,0.0,1.100594320933304e-05,0.0,0.0,0.0,0.0,0.004226282192383887,0.0,5.5029716046665196e-05,0.0010895883777239709,0.003015628439357253,0.0040832049306625574,0.005954215276249174,0.005921197446621175,0.0003742020691173234,0.0034558661677305744,0.0001871010345586617,0.004292317851639886,0.007770195905789126,0.008562623816861105,0.029011666299801894,0.04588377723970944,0.08787145058331498,0.0638564825005503,0.05490865067136254,0.08196125907990315,0.08240149680827646,0.10967422408100375,0.0975346687211094,0.06590358793748624,0.06199647809817301,0.04399075500770416,0.026150121065375304,0.06007043803653973,0.007990314769975786,0.01187541272287035,0.0017279330838652872,0.005194805194805195,0.006284393572529166,0.005227823024433194,0.00035219018269865726,0.0007484041382346468,0.00035219018269865726,3.301782962799912e-05,0.0,0.0,0.0,0.0,0.0,0.0,0.0,0.0,0.0,0.0,0.0,0.0,0.0,0.0,0.0,0.0,0.0,0.0,0.0,0.0,0.0,0.0,0.0,0.0,0.0,0.0,0.0,0.0,0.0,0.0,0.0,0.0,0.0,0.0,0.0,0.0,0.0,0.0,0.0,0.0,0.0,0.0,0.0,nan,nan,4.4992917847025495,2.977369707748445,nan,0.9357669406587898,0.022877793636177726,0.0,0.0,0.0,0.0,0.0,0.0,0.0,0.0,0.0,0.0,0.0,0.0,0.0,0.0,0.0,0.0,0.0,0.0,0.0,0.0,0.0,0.0,0.0,0.0,0.0,0.026075619295958283,1.6818774445893094,12.190352020860498,13.38983050847458,2.711864406779662,0.9350635578970522,0.02328042102766284,0.0,0.0,0.0,0.0,0.0,0.0,0.0,0.0,0.0,0.0,0.0,0.0,0.0,0.0,0.0,0.0,0.0,0.0,0.0,0.0,0.0,0.0,0.0,0.0,0.0,0.08028545941123998,2.0071364852809994,11.909009812667264,13.434433541480823,2.5691347011596792,0.403,0.01035,0.0,0.0,0.0,0.0,0.0,0.0,0.0,0.0,0.0,0.0,0.013037809647979142,10.847457627118628,19.11342894393742,0.026075619295958283,0.0,0.0,0.0,0.0,0.0,0.0,0.0,0.0,0.0,0.0,0.0,0.0,0.0,0.0,0.0,0.0,0.4033,0.01036,0.0,0.0,0.0,0.0,0.0,0.0,0.0,0.0,0.0,0.0,0.04014272970561999,11.012488849241732,18.947368421052634,0.0,0.0,0.0,0.0,0.0,0.0,0.0,0.0,0.0,0.0,0.0,0.0,0.0,0.0,0.0,0.0,0.0
33300,4870,2575,0.528747433264887,1200,993,0.4503080082135524,1374,0.5642710472279261,0.39799999999999996,2.9956427015250546,3.008916048212683,6.337837837837838,2.168220678492014,8311.378465167116,432.7593161082416,7853.0,8739.295095229149,8719.91383509276,5.638423916349766,7853.0,0.0,28.59876796714579,21.090447600788426,33.58006336826712,19.230894651234863,0.13798767967145792,0.09527720739219712,0.08932238193018481,0.08357289527720739,0.07720739219712526,0.07330595482546201,0.0728952772073922,0.06591375770020534,0.061601642710472276,0.05092402464065708,0.051540041067761805,0.040451745379876794,0.036139630390143736,0.026078028747433264,0.0188911704312115,0.010677618069815195,0.008213552361396304,0.9351176443897968,0.023359539779647127,0.0,0.0,0.0,0.0,0.0,0.0,0.0,0.0,0.0,0.0,0.0,0.0,0.0,0.0,0.0,0.0,0.0,0.0,0.0,0.0,0.0,0.0,0.0,0.0,0.0,0.036960985626283374,1.9712525667351133,12.123203285420947,13.102669404517457,2.765913757700206,4.204709576138147,2.808963526471644,nan,nan,nan,4.176694110196327,2.807041533000425,4.232254047322541,2.810579687899865,1.0133023716030767,0.4033,0.01028,0.0,0.0,0.0,0.0,0.0,0.0,0.0,0.0,0.0,0.0,0.018480492813141687,11.100616016427088,18.85626283367557,0.024640657084188916,0.0,0.0,0.0,0.0,0.0,0.0,0.0,0.0,0.0,0.0,0.0,0.0,0.0,0.0,0.0,0.0,nan,nan,4.204709576138147,2.808963526471644,nan,0.4033,0.0482,0.0,0.0,0.0,0.0,0.0,0.0,0.0,0.0,0.0,0.0,0.0,0.0,0.0,0.0,0.0,0.0,0.0,0.0,0.0,0.0,0.004784394250513347,0.0,6.160164271047228e-05,0.0012217659137577002,0.002926078028747433,0.004691991786447638,0.0053901437371663245,0.006119096509240246,0.000513347022587269,0.0031416837782340863,0.00017453798767967145,0.004784394250513347,0.007320328542094456,0.007392197125256674,0.028408624229979466,0.04311088295687885,0.08646817248459959,0.06551334702258726,0.05791581108829569,0.08215605749486653,0.08336755646817248,0.10951745379876797,0.09677618069815196,0.06814168377823408,0.06112936344969199,0.04473305954825462,0.02608829568788501,0.05790554414784394,0.009106776180698151,0.011632443531827515,0.001837782340862423,0.004075975359342916,0.0063347022587268995,0.005595482546201232,0.0005030800821355236,0.0008829568788501027,0.0002566735112936345,1.0266940451745379e-05,1.0266940451745379e-05,0.0,0.0,0.0,0.0,0.0,0.0,0.0,0.0,0.0,0.0,0.0,0.0,0.0,0.0,0.0,0.0,0.0,0.0,0.0,0.0,0.0,0.0,0.0,0.0,0.0,0.0,0.0,0.0,0.0,0.0,0.0,0.0,0.0,0.0,0.0,0.0,0.0,0.0,0.0,0.0,0.0,0.0,nan,nan,4.204709576138147,2.808963526471644,nan,0.9353168634997988,0.023313418092697633,0.0,0.0,0.0,0.0,0.0,0.0,0.0,0.0,0.0,0.0,0.0,0.0,0.0,0.0,0.0,0.0,0.0,0.0,0.0,0.0,0.0,0.0,0.0,0.0,0.0,0.046601941747572824,1.9339805825242722,11.941747572815537,13.316504854368935,2.76116504854369,0.9348941196803174,0.023409162127177828,0.0,0.0,0.0,0.0,0.0,0.0,0.0,0.0,0.0,0.0,0.0,0.0,0.0,0.0,0.0,0.0,0.0,0.0,0.0,0.0,0.0,0.0,0.0,0.0,0.0,0.02614379084967321,2.013071895424837,12.326797385620917,12.86274509803922,2.7712418300653603,0.4033,0.01023,0.0,0.0,0.0,0.0,0.0,0.0,0.0,0.0,0.0,0.0,0.023300970873786412,11.102912621359208,18.850485436893205,0.023300970873786412,0.0,0.0,0.0,0.0,0.0,0.0,0.0,0.0,0.0,0.0,0.0,0.0,0.0,0.0,0.0,0.0,0.4033,0.01034,0.0,0.0,0.0,0.0,0.0,0.0,0.0,0.0,0.0,0.0,0.013071895424836605,11.098039215686258,18.86274509803922,0.02614379084967321,0.0,0.0,0.0,0.0,0.0,0.0,0.0,0.0,0.0,0.0,0.0,0.0,0.0,0.0,0.0,0.0
33400,4719,2352,0.49841068022886204,1078,1014,0.44331426149607966,1341,0.5683407501589319,0.422,2.9425433037600337,3.1586808711082917,6.671899529042387,2.218244246647848,8284.961933629676,433.35508499899134,7853.0,8740.055713558197,8719.67872652995,5.580815738722551,7853.0,0.0,27.79190506463234,20.819783179488518,32.47696544817226,19.20155318385251,0.13329095147276965,0.10298792116973936,0.09980928162746344,0.09048527230345413,0.07819453273998729,0.07459207459207459,0.07522780250052977,0.05382496291587201,0.059546514091968636,0.05340114431023522,0.0474676838313202,0.03793176520449248,0.030514939605848695,0.026488662852299217,0.018648018648018648,0.010595465140919686,0.006993006993006993,0.9351420626217947,0.023174259762149443,0.0,0.0,0.0,0.0,0.0,0.0,0.0,0.0,0.0,0.0,0.0,0.0,0.0,0.0,0.0,0.0,0.0,0.0,0.0,0.0,0.0,0.0,0.0,0.0,0.0,0.044500953591862694,1.869040050858233,12.193261284170378,13.273998728544186,2.6191989828353472,4.378557246856387,2.921481321812329,nan,nan,nan,4.396655518394649,2.9175725555876717,4.36173001310616,2.925945426709489,0.9920563471160367,0.402,0.01036,0.0,0.0,0.0,0.0,0.0,0.0,0.0,0.0,0.0,0.0,0.019071837253655438,12.428480610298774,17.533375715193902,0.019071837253655438,0.0,0.0,0.0,0.0,0.0,0.0,0.0,0.0,0.0,0.0,0.0,0.0,0.0,0.0,0.0,0.0,nan,nan,4.378557246856387,2.921481321812329,nan,0.402,0.04868,0.0,0.0,0.0,0.0,0.0,0.0,0.0,0.0,0.0,0.0,0.0,0.0,0.0,0.0,0.0,0.0,0.0,0.0,0.0,0.0,0.0043017588472133925,0.0,1.0595465140919687e-05,0.00101716465352829,0.003422335240517059,0.006060606060606061,0.006643356643356644,0.006431447340538249,0.000709896164441619,0.0030938758211485483,0.00010595465140919687,0.004926891290527654,0.008200890019071837,0.009302818393727484,0.028989192625556263,0.04263615172706082,0.08797414706505616,0.06892350074168256,0.057883026064844245,0.08210425937698665,0.08476372112735749,0.10773468955287137,0.09276329730875185,0.06549057003602458,0.061623225259588896,0.04244543335452426,0.025238397965670692,0.056018224200042384,0.010118669209578301,0.011729179910998092,0.002161474888747616,0.00405806314897224,0.0065056155965246875,0.005446069082432719,0.00037084127993218904,0.000540368722186904,0.0002542911633820725,0.0,0.0,0.0,0.0,0.0,0.0,0.0,0.0,0.0,0.0,0.0,0.0,0.0,0.0,0.0,0.0,0.0,0.0,0.0,0.0,0.0,0.0,0.0,0.0,0.0,0.0,0.0,0.0,0.0,0.0,0.0,0.0,0.0,0.0,0.0,0.0,0.0,0.0,0.0,0.0,0.0,0.0,0.0,0.0,nan,nan,4.378557246856387,2.921481321812329,nan,0.9356726291177629,0.022937587575853142,0.0,0.0,0.0,0.0,0.0,0.0,0.0,0.0,0.0,0.0,0.0,0.0,0.0,0.0,0.0,0.0,0.0,0.0,0.0,0.0,0.0,0.0,0.0,0.0,0.0,0.06377551020408165,1.658163265306123,12.397959183673473,13.137755102040819,2.742346938775511,0.9346148583976639,0.02339514664224309,0.0,0.0,0.0,0.0,0.0,0.0,0.0,0.0,0.0,0.0,0.0,0.0,0.0,0.0,0.0,0.0,0.0,0.0,0.0,0.0,0.0,0.0,0.0,0.0,0.0,0.025348542458808625,2.078580481622307,11.98986058301648,13.409378960709763,2.4968314321926495,0.4019,0.010414,0.0,0.0,0.0,0.0,0.0,0.0,0.0,0.0,0.0,0.0,0.03826530612244899,12.53826530612243,17.385204081632658,0.03826530612244899,0.0,0.0,0.0,0.0,0.0,0.0,0.0,0.0,0.0,0.0,0.0,0.0,0.0,0.0,0.0,0.0,0.4023,0.0103,0.0,0.0,0.0,0.0,0.0,0.0,0.0,0.0,0.0,0.0,0.0,12.31939163498097,17.680608365019015,0.0,0.0,0.0,0.0,0.0,0.0,0.0,0.0,0.0,0.0,0.0,0.0,0.0,0.0,0.0,0.0,0.0
33500,4813,2567,0.5333471847080823,1221,943,0.44961562435071684,1296,0.5385414502389362,0.434,3.0262689225289403,3.124562311900453,6.683385579937304,2.088197872815291,8315.258209917267,432.4101651676386,7853.0,8739.666004264354,8719.711633943047,5.5848102941697055,7853.0,0.0,28.508622480781217,21.067682981022696,33.34915170887632,19.326476999114305,0.13484313318096822,0.09765219198005402,0.08871805526698524,0.08809474340328277,0.08539372532723873,0.07022646997714523,0.06856430500727197,0.0654477456887596,0.057760232703095785,0.05464367338458342,0.04882609599002701,0.03885310617078745,0.03365884063993351,0.029295657594016207,0.017452732183669228,0.011427384167878661,0.00914190733430293,0.9356689949107968,0.02325680090690929,0.0,0.0,0.0,0.0,0.0,0.0,0.0,0.0,0.0,0.0,0.0,0.0,0.0,0.0,0.0,0.0,0.0,0.0,0.0,0.0,0.0,0.0,0.0,0.0,0.0,0.024932474548098906,1.932266777477665,12.004986494909623,13.264076459588617,2.7737377934760032,4.185386088066369,2.905844883537938,nan,nan,nan,4.251112523839796,2.9288892024113995,4.117307692307692,2.880920068968763,0.9685247495139824,0.4019,0.010605,0.0,0.0,0.0,0.0,0.0,0.0,0.0,0.0,0.0,0.0,0.0062331186370247265,12.49116974859753,17.452732183669234,0.04986494909619781,0.0,0.0,0.0,0.0,0.0,0.0,0.0,0.0,0.0,0.0,0.0,0.0,0.0,0.0,0.0,0.0,nan,nan,4.185386088066369,2.905844883537938,nan,0.4019,0.04926,0.0,0.0,0.0,0.0,0.0,0.0,0.0,0.0,0.0,0.0,0.0,0.0,0.0,0.0,0.0,0.0,0.0,0.0,0.0,0.0,0.005048826095990027,6.233118637024725e-05,1.0388531061707875e-05,0.0007271971743195513,0.0036152088094743404,0.0066486598794930395,0.006440889258258882,0.006046125077913983,0.0006440889258258882,0.0031892790359443176,0.00020777062123415748,0.004955329316434656,0.00932890089341367,0.011198836484521088,0.027249116974859756,0.0452524413047995,0.08239143985040515,0.07149387076667359,0.054373571576979016,0.08455225431124039,0.08540411385830043,0.10888219405776023,0.08843756492831914,0.0663619364221899,0.06128194473301475,0.043226677747766465,0.0242779970912113,0.05544359027633493,0.010596301682942032,0.012829835861209225,0.0023478080199459796,0.004113858300436318,0.005578641180137129,0.006440889258258882,0.00027010180760440476,0.0006233118637024725,0.0004259297735300229,1.0388531061707875e-05,1.0388531061707875e-05,0.0,0.0,0.0,0.0,0.0,0.0,0.0,0.0,0.0,0.0,0.0,0.0,0.0,0.0,0.0,0.0,0.0,0.0,0.0,0.0,0.0,0.0,0.0,0.0,0.0,0.0,0.0,0.0,0.0,0.0,0.0,0.0,0.0,0.0,0.0,0.0,0.0,0.0,0.0,0.0,0.0,0.0,nan,nan,4.185386088066369,2.905844883537938,nan,0.9357993732782296,0.02287765012244366,0.0,0.0,0.0,0.0,0.0,0.0,0.0,0.0,0.0,0.0,0.0,0.0,0.0,0.0,0.0,0.0,0.0,0.0,0.0,0.0,0.0,0.0,0.0,0.0,0.0,0.023373587845734324,1.8815738215816131,12.130892091936115,13.229450720685628,2.734709777950916,0.9355199827695678,0.02368182903571612,0.0,0.0,0.0,0.0,0.0,0.0,0.0,0.0,0.0,0.0,0.0,0.0,0.0,0.0,0.0,0.0,0.0,0.0,0.0,0.0,0.0,0.0,0.0,0.0,0.0,0.02671415850400713,1.990204808548531,11.861086375779166,13.30365093499555,2.8183437221727523,0.4019,0.01047,0.0,0.0,0.0,0.0,0.0,0.0,0.0,0.0,0.0,0.0,0.011686793922867162,12.551616673159312,17.401636151149205,0.03506038176860148,0.0,0.0,0.0,0.0,0.0,0.0,0.0,0.0,0.0,0.0,0.0,0.0,0.0,0.0,0.0,0.0,0.402,0.01075,0.0,0.0,0.0,0.0,0.0,0.0,0.0,0.0,0.0,0.0,0.0,12.422083704363295,17.511130899376674,0.06678539626001782,0.0,0.0,0.0,0.0,0.0,0.0,0.0,0.0,0.0,0.0,0.0,0.0,0.0,0.0,0.0,0.0
33600,4895,2521,0.5150153217568948,1198,1002,0.449438202247191,1331,0.5438202247191011,0.442,3.016849199663016,3.223317402408509,6.9015625,2.2481931764405276,8299.415244259202,433.22327078534886,7853.0,8739.37090357542,8719.799928857117,5.620732822823622,7853.0,0.0,26.902349336057203,20.59928161516328,32.09775364107628,18.855511420410657,0.1511746680286006,0.10337078651685393,0.0933605720122574,0.08702757916241062,0.08559754851889684,0.07395301327885598,0.0710929519918284,0.06108273748723187,0.05434116445352401,0.05638406537282942,0.042492339121552605,0.03146067415730337,0.03186925434116445,0.025944841675178753,0.014504596527068437,0.010214504596527068,0.006128702757916241,0.9368786779073456,0.023123938342367308,0.0,0.0,0.0,0.0,0.0,0.0,0.0,0.0,0.0,0.0,0.0,0.0,0.0,0.0,0.0,0.0,0.0,0.0,0.0,0.0,0.0,0.0,0.0,0.0,0.0,0.0858018386108274,1.5015321756894795,11.669050051072526,13.660878447395305,3.08273748723187,4.359674796747967,2.980816697974864,nan,nan,nan,4.386112913692408,2.9835437487463348,4.333116036505867,2.9778383636966352,0.9879171197300697,0.4019,0.01025,0.0,0.0,0.0,0.0,0.0,0.0,0.0,0.0,0.0,0.0,0.0,12.790602655771178,17.154239019407562,0.055158324821246184,0.0,0.0,0.0,0.0,0.0,0.0,0.0,0.0,0.0,0.0,0.0,0.0,0.0,0.0,0.0,0.0,nan,nan,4.359674796747967,2.980816697974864,nan,0.4019,0.04932,0.0,0.0,0.0,0.0,0.0,0.0,0.0,0.0,0.0,0.0,0.0,0.0,0.0,0.0,0.0,0.0,0.0,0.0,0.0,0.0,0.004719101123595505,0.00017364657814096017,0.0,0.0011644535240040858,0.0028089887640449437,0.006700715015321757,0.007262512768130745,0.006159346271705822,0.0004902962206332993,0.003094994892747702,0.0002553626149131767,0.005045965270684372,0.010194075587334015,0.01083758937691522,0.024453524004085802,0.047119509703779365,0.08160367722165475,0.07514811031664964,0.05349336057201226,0.08207354443309499,0.08643513789581206,0.11033707865168539,0.09057201225740552,0.06486210418794688,0.0581511746680286,0.043585291113381004,0.02394279877425945,0.05376915219611849,0.011654749744637385,0.013707865168539326,0.0026251276813074567,0.00473953013278856,0.005178753830439224,0.005689479060265577,0.0003881511746680286,0.0009805924412665985,0.0005720122574055158,1.0214504596527069e-05,0.0,0.0,0.0,0.0,0.0,0.0,0.0,0.0,0.0,0.0,0.0,0.0,0.0,0.0,0.0,0.0,0.0,0.0,0.0,0.0,0.0,0.0,0.0,0.0,0.0,0.0,0.0,0.0,0.0,0.0,0.0,0.0,0.0,0.0,0.0,0.0,0.0,0.0,0.0,0.0,0.0,0.0,0.0,nan,nan,4.359674796747967,2.980816697974864,nan,0.9365076690805852,0.023115152446995704,0.0,0.0,0.0,0.0,0.0,0.0,0.0,0.0,0.0,0.0,0.0,0.0,0.0,0.0,0.0,0.0,0.0,0.0,0.0,0.0,0.0,0.0,0.0,0.0,0.0,0.08330027766759225,1.642205474018247,11.70963903213011,13.542245140817139,3.0226100753669187,0.9372726599007167,0.023126749428054098,0.0,0.0,0.0,0.0,0.0,0.0,0.0,0.0,0.0,0.0,0.0,0.0,0.0,0.0,0.0,0.0,0.0,0.0,0.0,0.0,0.0,0.0,0.0,0.0,0.0,0.08845829823083406,1.3521482729570349,11.625947767481048,13.78685762426285,3.14658803706824,0.4016,0.01012,0.0,0.0,0.0,0.0,0.0,0.0,0.0,0.0,0.0,0.0,0.0,13.316144387147936,16.64815549385165,0.03570011900039667,0.0,0.0,0.0,0.0,0.0,0.0,0.0,0.0,0.0,0.0,0.0,0.0,0.0,0.0,0.0,0.0,0.402,0.01038,0.0,0.0,0.0,0.0,0.0,0.0,0.0,0.0,0.0,0.0,0.0,12.232518955349603,17.69165964616681,0.07582139848357204,0.0,0.0,0.0,0.0,0.0,0.0,0.0,0.0,0.0,0.0,0.0,0.0,0.0,0.0,0.0,0.0
33700,4546,2344,0.515618125824901,1099,931,0.4465464144302684,1325,0.5829300483941927,0.36599999999999994,2.8932788374205267,2.871444848200143,5.969565217391304,1.9972302812823888,8299.92011041658,433.1905606121082,7853.0,8742.787084841728,8719.765709024648,5.677513272507184,7853.0,0.0,29.896172459304882,21.374239532070032,34.6791237113402,19.456848296265015,0.12428508578970524,0.10052793664760229,0.07787065552133744,0.08161020677518697,0.07633084029916411,0.07105147382314123,0.07039155301363836,0.06511218653761548,0.06379234491860977,0.055433347998240214,0.050813902331720194,0.04949406071271448,0.04113506379234492,0.031016278046634402,0.02199736031676199,0.012978442586889573,0.0061592608886933565,0.9364893331409182,0.023341897437693836,0.0,0.0,0.0,0.0,0.0,0.0,0.0,0.0,0.0,0.0,0.0,0.0,0.0,0.0,0.0,0.0,0.0,0.0,0.0,0.0,0.0,0.0,0.0,0.0,0.0,0.03959524857017158,1.755389353277607,11.476022877254733,13.79234491860977,2.936647602287726,3.9453658536585365,2.6772648015036937,nan,nan,nan,3.9021249195106247,2.6499004328044022,3.9894875164257555,2.7041885795970058,1.022388467493267,0.4016,0.01038,0.0,0.0,0.0,0.0,0.0,0.0,0.0,0.0,0.0,0.0,0.01979762428508579,13.152221733391974,16.76858776946767,0.059392872855257385,0.0,0.0,0.0,0.0,0.0,0.0,0.0,0.0,0.0,0.0,0.0,0.0,0.0,0.0,0.0,0.0,nan,nan,3.9453658536585365,2.6772648015036937,nan,0.4016,0.04922,0.0,0.0,0.0,0.0,0.0,0.0,0.0,0.0,0.0,0.0,0.0,0.0,0.0,0.0,0.0,0.0,0.0,0.0,0.0,0.0,0.004575450945886493,0.00012098548174219093,0.0,0.0009788825340959085,0.003145622525296964,0.007600087989441267,0.007688077430708315,0.005961284645842499,0.00046194456665200174,0.0024087109546854376,0.0003519577650681918,0.004619445666520018,0.010349758029036515,0.01028376594808623,0.02348218213814342,0.047074351077870655,0.08247910250769908,0.07821161460624725,0.052177738671359435,0.08389793224813022,0.0854157501099868,0.11074571051473824,0.09211394632644082,0.06764188297404311,0.05630224373075231,0.041443026836779584,0.023944126704795423,0.051759788825340956,0.010580730312362516,0.013539375274967003,0.0033106027276726792,0.005015398152221733,0.00553233611966564,0.004872415310162781,0.0004069511658600968,0.0011218653761548615,0.0003849538055433348,0.0,0.0,0.0,0.0,0.0,0.0,0.0,0.0,0.0,0.0,0.0,0.0,0.0,0.0,0.0,0.0,0.0,0.0,0.0,0.0,0.0,0.0,0.0,0.0,0.0,0.0,0.0,0.0,0.0,0.0,0.0,0.0,0.0,0.0,0.0,0.0,0.0,0.0,0.0,0.0,0.0,0.0,0.0,0.0,nan,nan,3.9453658536585365,2.6772648015036937,nan,0.9364550401275475,0.02326059069482814,0.0,0.0,0.0,0.0,0.0,0.0,0.0,0.0,0.0,0.0,0.0,0.0,0.0,0.0,0.0,0.0,0.0,0.0,0.0,0.0,0.0,0.0,0.0,0.0,0.0,0.025597269624573385,1.753412969283277,11.480375426621164,13.899317406143348,2.8412969283276457,0.9365258376020177,0.023428082185944055,0.0,0.0,0.0,0.0,0.0,0.0,0.0,0.0,0.0,0.0,0.0,0.0,0.0,0.0,0.0,0.0,0.0,0.0,0.0,0.0,0.0,0.0,0.0,0.0,0.0,0.05449591280653952,1.7574931880108995,11.47138964577657,13.67847411444142,3.0381471389645784,0.4016,0.010155,0.0,0.0,0.0,0.0,0.0,0.0,0.0,0.0,0.0,0.0,0.012798634812286692,13.144197952218411,16.77901023890785,0.06399317406143346,0.0,0.0,0.0,0.0,0.0,0.0,0.0,0.0,0.0,0.0,0.0,0.0,0.0,0.0,0.0,0.0,0.4016,0.01062,0.0,0.0,0.0,0.0,0.0,0.0,0.0,0.0,0.0,0.0,0.02724795640326976,13.160762942779273,16.7574931880109,0.05449591280653952,0.0,0.0,0.0,0.0,0.0,0.0,0.0,0.0,0.0,0.0,0.0,0.0,0.0,0.0,0.0,0.0
33800,4051,2046,0.5050604788941002,958,843,0.44458158479387805,1163,0.5741792150086399,0.414,2.9007481296758106,3.1033124349202925,6.5346715328467155,2.28304654671014,8290.763263198885,433.3742341190721,7853.0,8736.753231608867,8719.754144290657,5.763799592606504,7853.0,0.0,27.800789928412737,20.73757364351361,32.557309941520465,19.06710040645363,0.13700320908417674,0.10392495680078993,0.09528511478647247,0.08541100962725252,0.08516415699827203,0.07035299925944212,0.06590965193779313,0.06344112564798815,0.0550481362626512,0.05652925203653419,0.053813873117748705,0.040730683781782274,0.030362873364601334,0.02493211552703036,0.01283633670698593,0.013083189335966429,0.006171315724512466,0.9360583831103929,0.023583379139940387,0.0,0.0,0.0,0.0,0.0,0.0,0.0,0.0,0.0,0.0,0.0,0.0,0.0,0.0,0.0,0.0,0.0,0.0,0.0,0.0,0.0,0.0,0.0,0.0,0.0,0.07405578869414961,1.9328560849173049,11.41940261663787,13.700320908417678,2.8733646013330048,4.357638888888889,2.922841925075915,nan,nan,nan,4.276255707762557,2.9125664824209965,4.439310884886453,2.931286502338697,1.0381303617620217,0.4019,0.01036,0.0,0.0,0.0,0.0,0.0,0.0,0.0,0.0,0.0,0.0,0.014811157738829923,12.670945445568977,17.299432238953347,0.014811157738829923,0.0,0.0,0.0,0.0,0.0,0.0,0.0,0.0,0.0,0.0,0.0,0.0,0.0,0.0,0.0,0.0,nan,nan,4.357638888888889,2.922841925075915,nan,0.4019,0.04922,0.0,0.0,0.0,0.0,0.0,0.0,0.0,0.0,0.0,0.0,0.0,0.0,0.0,0.0,0.0,0.0,0.0,0.0,0.0,0.0,0.0049247099481609475,8.639842014317452e-05,0.0,0.0004566773636139225,0.0033325104912367317,0.0066279930881263886,0.008590471488521352,0.0057763515181436685,0.00048136262651197234,0.0022710441866205873,0.0005183905208590472,0.003999012589484078,0.011083683041224389,0.010281411997037769,0.02445075290051839,0.045556652678351024,0.08020241915576401,0.080696124413725,0.04934584053320168,0.08359664280424586,0.08541100962725252,0.11208343618859541,0.09238459639595162,0.06795852875833128,0.05471488521352753,0.03973093063441126,0.023796593433720068,0.05629474203900271,0.01103431251542829,0.015206121945198716,0.0024314983954579115,0.005443100469019995,0.005060478894100222,0.0043075783757097015,0.000715872624043446,0.0006294742039002715,0.0004937052579609973,2.4685262898049865e-05,0.0,0.0,0.0,0.0,0.0,0.0,0.0,0.0,0.0,0.0,0.0,0.0,0.0,0.0,0.0,0.0,0.0,0.0,0.0,0.0,0.0,0.0,0.0,0.0,0.0,0.0,0.0,0.0,0.0,0.0,0.0,0.0,0.0,0.0,0.0,0.0,0.0,0.0,0.0,0.0,0.0,0.0,0.0,nan,nan,4.357638888888889,2.922841925075915,nan,0.9361242700298977,0.02365522964866114,0.0,0.0,0.0,0.0,0.0,0.0,0.0,0.0,0.0,0.0,0.0,0.0,0.0,0.0,0.0,0.0,0.0,0.0,0.0,0.0,0.0,0.0,0.0,0.0,0.0,0.11730205278592379,1.7888563049853377,11.656891495601174,13.548387096774198,2.888563049853373,0.9359911488773223,0.023509642646818957,0.0,0.0,0.0,0.0,0.0,0.0,0.0,0.0,0.0,0.0,0.0,0.0,0.0,0.0,0.0,0.0,0.0,0.0,0.0,0.0,0.0,0.0,0.0,0.0,0.0,0.02992518703241896,2.0798004987531176,11.177057356608481,13.85536159600998,2.8578553615960103,0.4019,0.01042,0.0,0.0,0.0,0.0,0.0,0.0,0.0,0.0,0.0,0.0,0.0,12.976539589442796,17.02346041055719,0.0,0.0,0.0,0.0,0.0,0.0,0.0,0.0,0.0,0.0,0.0,0.0,0.0,0.0,0.0,0.0,0.0,0.402,0.010284,0.0,0.0,0.0,0.0,0.0,0.0,0.0,0.0,0.0,0.0,0.02992518703241896,12.359102244389009,17.58104738154614,0.02992518703241896,0.0,0.0,0.0,0.0,0.0,0.0,0.0,0.0,0.0,0.0,0.0,0.0,0.0,0.0,0.0,0.0
33900,3988,2044,0.5125376128385155,1007,797,0.45235707121364094,1105,0.5541624874623872,0.41,2.955246913580247,3.1015980947735344,6.447227191413238,2.183116710740225,8297.330957654913,433.34367948440683,7853.0,8740.616658353805,8719.923610140799,5.542811918242159,7853.0,0.0,28.09754262788365,20.86870317715807,32.91889483065954,19.140681123789243,0.13716148445336007,0.10205616850551655,0.09177532597793381,0.08299899699097292,0.07773319959879639,0.07673019057171515,0.07196589769307923,0.06344032096288867,0.0664493480441324,0.05416248746238716,0.04388164493480441,0.03811434302908726,0.03159478435305918,0.02482447342026078,0.016549648946840523,0.012286860581745235,0.008274824473420261,0.9363263014296711,0.023046650479141194,0.0,0.0,0.0,0.0,0.0,0.0,0.0,0.0,0.0,0.0,0.0,0.0,0.0,0.0,0.0,0.0,0.0,0.0,0.0,0.0,0.0,0.0,0.0,0.0,0.0,0.03761283851554665,1.760280842527583,11.54714142427282,13.871614844533605,2.783350050150452,4.2779713511420825,2.878788659539807,nan,nan,nan,4.17610550814585,2.876973677401031,4.379443585780526,2.8770118556327033,1.0486908382075233,0.402,0.0108,0.0,0.0,0.0,0.0,0.0,0.0,0.0,0.0,0.0,0.0,0.02256770310932799,12.532597793380122,17.414744232698098,0.030090270812437318,0.0,0.0,0.0,0.0,0.0,0.0,0.0,0.0,0.0,0.0,0.0,0.0,0.0,0.0,0.0,0.0,nan,nan,4.2779713511420825,2.878788659539807,nan,0.402,0.05035,0.0,0.0,0.0,0.0,0.0,0.0,0.0,0.0,0.0,0.0,0.0,0.0,0.0,0.0,0.0,0.0,0.0,0.0,0.0,0.0,0.004939819458375125,7.522567703109328e-05,0.0,0.0004889669007021063,0.0038365095285857573,0.007710631895687061,0.010293380140421264,0.006068204613841524,0.0006018054162487463,0.002156469408224674,0.0005140421263791374,0.003974423269809429,0.010957873620862587,0.01114593781344032,0.025689568706118354,0.04202607823470411,0.08030341023069208,0.08070461384152458,0.048269809428284856,0.07834754262788365,0.08259779338014042,0.10956619859578737,0.09507271815446339,0.06861835506519559,0.056293881644934804,0.039092276830491476,0.024699097291875628,0.0589518555667001,0.012286860581745235,0.01537111334002006,0.0026203610832497494,0.0050150451354062184,0.005315947843530591,0.004175025075225677,0.0008274824473420261,0.0007397191574724173,0.0005265797392176529,8.776328986960883e-05,0.0,0.0,0.0,0.0,0.0,3.761283851554664e-05,0.0,0.0,0.0,0.0,0.0,0.0,0.0,0.0,0.0,0.0,0.0,0.0,0.0,0.0,0.0,0.0,0.0,0.0,0.0,0.0,0.0,0.0,0.0,0.0,0.0,0.0,0.0,0.0,0.0,0.0,0.0,0.0,0.0,0.0,0.0,0.0,0.0,nan,nan,4.2779713511420825,2.878788659539807,nan,0.9365857048160643,0.02283708078843844,0.0,0.0,0.0,0.0,0.0,0.0,0.0,0.0,0.0,0.0,0.0,0.0,0.0,0.0,0.0,0.0,0.0,0.0,0.0,0.0,0.0,0.0,0.0,0.0,0.0,0.029354207436399223,1.702544031311155,11.330724070450099,14.148727984344426,2.788649706457926,0.9360535542476814,0.023261845091323185,0.0,0.0,0.0,0.0,0.0,0.0,0.0,0.0,0.0,0.0,0.0,0.0,0.0,0.0,0.0,0.0,0.0,0.0,0.0,0.0,0.0,0.0,0.0,0.0,0.0,0.0462962962962963,1.8209876543209882,11.774691358024693,13.58024691358025,2.777777777777778,0.402,0.010895,0.0,0.0,0.0,0.0,0.0,0.0,0.0,0.0,0.0,0.0,0.029354207436399223,12.240704500978456,17.68590998043053,0.04403131115459883,0.0,0.0,0.0,0.0,0.0,0.0,0.0,0.0,0.0,0.0,0.0,0.0,0.0,0.0,0.0,0.0,0.4019,0.010704,0.0,0.0,0.0,0.0,0.0,0.0,0.0,0.0,0.0,0.0,0.015432098765432103,12.839506172839487,17.129629629629633,0.015432098765432103,0.0,0.0,0.0,0.0,0.0,0.0,0.0,0.0,0.0,0.0,0.0,0.0,0.0,0.0,0.0,0.0
34000,4041,2077,0.5139816877010641,970,814,0.4414748824548379,1162,0.5751051719871318,0.39399999999999996,2.954175152749491,3.0427935433960878,6.360544217687075,2.1474413765530063,8298.621849556996,433.34835132333217,7853.0,8736.728226208686,8719.999467530006,5.530367469867901,7853.0,0.0,27.999505073001732,20.8026633874468,32.840915761667155,19.060820396388873,0.13882702301410543,0.09378866617173967,0.10244988864142539,0.08166295471417966,0.08067310071764415,0.0779510022271715,0.06805246226181638,0.06384558277654045,0.05790645879732739,0.054689433308586985,0.048007918831972286,0.03761445186834942,0.030932937391734718,0.029200692897797576,0.017074981440237565,0.01088839396189062,0.006434050977480821,0.936499509988991,0.023243636228230287,0.0,0.0,0.0,0.0,0.0,0.0,0.0,0.0,0.0,0.0,0.0,0.0,0.0,0.0,0.0,0.0,0.0,0.0,0.0,0.0,0.0,0.0,0.0,0.0,0.0,0.022271714922049,1.7817371937639204,11.625835189309578,13.608017817371941,2.962138084632517,4.26579854461892,2.871666939448246,nan,nan,nan,4.275835866261398,2.893088869548025,4.255598455598456,2.8496964427103584,0.9952670281797703,0.4023,0.01063,0.0,0.0,0.0,0.0,0.0,0.0,0.0,0.0,0.0,0.0,0.014847809948032668,12.21232368225685,17.743132887899037,0.029695619896065336,0.0,0.0,0.0,0.0,0.0,0.0,0.0,0.0,0.0,0.0,0.0,0.0,0.0,0.0,0.0,0.0,nan,nan,4.26579854461892,2.871666939448246,nan,0.4023,0.05035,0.0,0.0,0.0,0.0,0.0,0.0,0.0,0.0,0.0,0.0,0.0,0.0,0.0,0.0,0.0,0.0,0.0,0.0,0.0,0.0,0.00499876268250433,6.186587478346944e-05,0.0,0.0005815392229646128,0.0034026231130908193,0.00894580549368968,0.010009898539965355,0.005308092056421678,0.00033407572383073496,0.002103439742637961,0.00047018064835436775,0.005085374907201188,0.010962633011630784,0.01190299430833952,0.027777777777777776,0.036104924523632766,0.07576095025983667,0.0817866864637466,0.04680772086117298,0.08120514724078198,0.08349418460777035,0.11109873793615442,0.09495174461766889,0.06966097500618659,0.058252907696114825,0.03787428854243999,0.025043306112348427,0.059465478841870825,0.01123484286067805,0.015256124721603563,0.0027097253155159615,0.004862657757980698,0.0054070774560752285,0.004788418708240535,0.0007795100222717149,0.0008413758970551844,0.0006681514476614699,0.0,0.0,0.0,0.0,0.0,0.0,0.0,0.0,0.0,0.0,0.0,0.0,0.0,0.0,0.0,0.0,0.0,0.0,0.0,0.0,0.0,0.0,0.0,0.0,0.0,0.0,0.0,0.0,0.0,0.0,0.0,0.0,0.0,0.0,0.0,0.0,0.0,0.0,0.0,0.0,0.0,0.0,0.0,0.0,nan,nan,4.26579854461892,2.871666939448246,nan,0.9367435141486736,0.022851292468451436,0.0,0.0,0.0,0.0,0.0,0.0,0.0,0.0,0.0,0.0,0.0,0.0,0.0,0.0,0.0,0.0,0.0,0.0,0.0,0.0,0.0,0.0,0.0,0.0,0.0,0.014443909484833898,1.6466056812710645,11.670678863745788,13.692826191622537,2.9754453538757835,0.9362414668934408,0.023648735025521023,0.0,0.0,0.0,0.0,0.0,0.0,0.0,0.0,0.0,0.0,0.0,0.0,0.0,0.0,0.0,0.0,0.0,0.0,0.0,0.0,0.0,0.0,0.0,0.0,0.0,0.030549898167006116,1.9246435845213854,11.578411405295318,13.518329938900207,2.94806517311609,0.4023,0.010475,0.0,0.0,0.0,0.0,0.0,0.0,0.0,0.0,0.0,0.0,0.014443909484833898,12.421762156957133,17.506018295618684,0.05777563793933559,0.0,0.0,0.0,0.0,0.0,0.0,0.0,0.0,0.0,0.0,0.0,0.0,0.0,0.0,0.0,0.0,0.4023,0.010796,0.0,0.0,0.0,0.0,0.0,0.0,0.0,0.0,0.0,0.0,0.015274949083503058,11.990835030549881,17.993890020366603,0.0,0.0,0.0,0.0,0.0,0.0,0.0,0.0,0.0,0.0,0.0,0.0,0.0,0.0,0.0,0.0,0.0
34100,3945,1982,0.5024081115335868,874,843,0.43523447401774396,1108,0.561723700887199,0.426,2.9083036169128884,3.0898824799184084,6.572254335260116,2.2762239555911927,8288.414300501569,433.34192641243783,7853.0,8741.686451160907,8719.654599131529,5.822469072351615,7853.0,0.0,27.661089987325727,21.09159142225185,32.86150091519219,19.35908015811924,0.14727503168567807,0.1046894803548796,0.09074778200253486,0.08745247148288973,0.08187579214195184,0.07325728770595691,0.06666666666666667,0.059569074778200254,0.05627376425855513,0.046894803548795945,0.044866920152091254,0.04283903675538656,0.03320659062103929,0.02788339670468948,0.01875792141951838,0.011660329531051965,0.006083650190114068,0.9352935436409539,0.023649144294705497,0.0,0.0,0.0,0.0,0.0,0.0,0.0,0.0,0.0,0.0,0.0,0.0,0.0,0.0,0.0,0.0,0.0,0.0,0.0,0.0,0.0,0.0,0.0,0.0,0.0,0.05323193916349811,2.0684410646387836,11.885931558935363,13.117870722433464,2.874524714828898,4.358137684042976,2.8575182064483116,nan,nan,nan,4.420634920634921,2.861770943001749,4.298722044728435,2.850407452975887,0.9724218629008667,0.4026,0.01045,0.0,0.0,0.0,0.0,0.0,0.0,0.0,0.0,0.0,0.0,0.02281368821292776,11.78707224334599,18.16730038022814,0.02281368821292776,0.0,0.0,0.0,0.0,0.0,0.0,0.0,0.0,0.0,0.0,0.0,0.0,0.0,0.0,0.0,0.0,nan,nan,4.358137684042976,2.8575182064483116,nan,0.4026,0.0498,0.0,0.0,0.0,0.0,0.0,0.0,0.0,0.0,0.0,0.0,0.0,0.0,0.0,0.0,0.0,0.0,0.0,0.0,5.0697084917617235e-05,5.0697084917617235e-05,0.004550063371356147,0.00017743979721166034,1.2674271229404309e-05,0.000532319391634981,0.002572877059569075,0.007845373891001267,0.009708491761723701,0.005564005069708492,0.0002788339670468948,0.0016983523447401774,0.0010773130544993663,0.004841571609632446,0.012281368821292776,0.012991128010139416,0.02679340937896071,0.03637515842839037,0.0773384030418251,0.0785297845373891,0.04655259822560203,0.0814575411913815,0.08776932826362484,0.11169835234474018,0.09224334600760456,0.06936628643852978,0.05849176172370089,0.04035487959442332,0.025095057034220533,0.057946768060836505,0.011166032953105197,0.014486692015209126,0.003193916349809886,0.005044359949302915,0.005551330798479088,0.004271229404309252,0.0003041825095057034,0.0008871989860583017,0.0008491761723700887,0.0,0.0,0.0,0.0,0.0,0.0,0.0,0.0,0.0,0.0,0.0,0.0,0.0,0.0,0.0,0.0,0.0,0.0,0.0,0.0,0.0,0.0,0.0,0.0,0.0,0.0,0.0,0.0,0.0,0.0,0.0,0.0,0.0,0.0,0.0,0.0,0.0,0.0,0.0,0.0,0.0,0.0,0.0,0.0,nan,nan,4.358137684042976,2.8575182064483116,nan,0.9350591898565938,0.023864583283064157,0.0,0.0,0.0,0.0,0.0,0.0,0.0,0.0,0.0,0.0,0.0,0.0,0.0,0.0,0.0,0.0,0.0,0.0,0.0,0.0,0.0,0.0,0.0,0.0,0.0,0.04540867810292634,2.1796165489404644,11.957618567103937,12.880928355196774,2.9364278506559036,0.9355301657502771,0.023427231916720095,0.0,0.0,0.0,0.0,0.0,0.0,0.0,0.0,0.0,0.0,0.0,0.0,0.0,0.0,0.0,0.0,0.0,0.0,0.0,0.0,0.0,0.0,0.0,0.0,0.0,0.06113092205807439,1.9561895058583805,11.813550687722875,13.357106469689255,2.812022414671422,0.4023,0.01052,0.0,0.0,0.0,0.0,0.0,0.0,0.0,0.0,0.0,0.0,0.030272452068617565,11.775983854692214,18.163471241170537,0.030272452068617565,0.0,0.0,0.0,0.0,0.0,0.0,0.0,0.0,0.0,0.0,0.0,0.0,0.0,0.0,0.0,0.0,0.4026,0.01038,0.0,0.0,0.0,0.0,0.0,0.0,0.0,0.0,0.0,0.0,0.015282730514518597,11.798267957208338,18.171166581762613,0.015282730514518597,0.0,0.0,0.0,0.0,0.0,0.0,0.0,0.0,0.0,0.0,0.0,0.0,0.0,0.0,0.0,0.0
34200,3750,1978,0.5274666666666666,935,760,0.452,1043,0.5562666666666667,0.422,2.980248306997743,3.120809487469481,6.583850931677019,2.2938183366669573,8310.086149349794,432.6500761965929,7853.0,8738.286073201894,8719.568786684393,5.718117534370771,7853.0,0.0,29.0008,21.335172822360736,33.822438717787556,19.55500130436422,0.13173333333333334,0.09413333333333333,0.08906666666666667,0.0872,0.0792,0.07493333333333334,0.07653333333333333,0.06293333333333333,0.052,0.0544,0.0448,0.044,0.037333333333333336,0.027733333333333332,0.021066666666666668,0.013866666666666666,0.009066666666666667,0.9352476982593536,0.023236843926379272,0.0,0.0,0.0,0.0,0.0,0.0,0.0,0.0,0.0,0.0,0.0,0.0,0.0,0.0,0.0,0.0,0.0,0.0,0.0,0.0,0.0,0.0,0.0,0.0,0.0,0.04000000000000001,1.8560000000000005,12.288000000000002,13.184000000000005,2.6320000000000006,4.069271043093033,2.9357521881838213,nan,nan,nan,4.100162866449511,2.932558994053626,4.039043824701195,2.938558994848816,0.9850935087851176,0.4019,0.01036,0.0,0.0,0.0,0.0,0.0,0.0,0.0,0.0,0.0,0.0,0.03200000000000001,12.911999999999981,17.024000000000004,0.03200000000000001,0.0,0.0,0.0,0.0,0.0,0.0,0.0,0.0,0.0,0.0,0.0,0.0,0.0,0.0,0.0,0.0,nan,nan,4.069271043093033,2.9357521881838213,nan,0.4019,0.0498,0.0,0.0,0.0,0.0,0.0,0.0,0.0,0.0,0.0,0.0,0.0,0.0,0.0,0.0,0.0,0.0,0.0,0.0,9.333333333333333e-05,0.0,0.0038933333333333333,0.0002666666666666667,0.0,0.0005066666666666667,0.003266666666666667,0.007626666666666667,0.010333333333333333,0.00492,0.00064,0.00212,0.0016,0.0061066666666666665,0.012666666666666666,0.01332,0.02732,0.03604,0.07930666666666666,0.08161333333333333,0.04732,0.07742666666666667,0.09026666666666666,0.11112,0.09125333333333334,0.06888,0.0574,0.03781333333333333,0.02576,0.05524,0.01036,0.014746666666666667,0.0037866666666666665,0.0064533333333333335,0.0048,0.00412,0.00016,0.0006533333333333333,0.0008,0.0,0.0,0.0,0.0,0.0,0.0,0.0,0.0,0.0,0.0,0.0,0.0,0.0,0.0,0.0,0.0,0.0,0.0,0.0,0.0,0.0,0.0,0.0,0.0,0.0,0.0,0.0,0.0,0.0,0.0,0.0,0.0,0.0,0.0,0.0,0.0,0.0,0.0,0.0,0.0,0.0,0.0,0.0,0.0,nan,nan,4.069271043093033,2.9357521881838213,nan,0.9353537667689599,0.023117277937949467,0.0,0.0,0.0,0.0,0.0,0.0,0.0,0.0,0.0,0.0,0.0,0.0,0.0,0.0,0.0,0.0,0.0,0.0,0.0,0.0,0.0,0.0,0.0,0.0,0.0,0.04550050556117291,1.8048533872598589,12.239635995955512,13.331648129423664,2.578361981799798,0.9351292989862153,0.02336901863857743,0.0,0.0,0.0,0.0,0.0,0.0,0.0,0.0,0.0,0.0,0.0,0.0,0.0,0.0,0.0,0.0,0.0,0.0,0.0,0.0,0.0,0.0,0.0,0.0,0.0,0.03386004514672687,1.9130925507900682,12.341986455981944,13.019187358916481,2.691873589164786,0.4019,0.010284,0.0,0.0,0.0,0.0,0.0,0.0,0.0,0.0,0.0,0.0,0.04550050556117291,12.69464105156722,17.244691607684533,0.015166835187057637,0.0,0.0,0.0,0.0,0.0,0.0,0.0,0.0,0.0,0.0,0.0,0.0,0.0,0.0,0.0,0.0,0.4019,0.01045,0.0,0.0,0.0,0.0,0.0,0.0,0.0,0.0,0.0,0.0,0.016930022573363436,13.154627539503368,16.777652370203164,0.0507900677200903,0.0,0.0,0.0,0.0,0.0,0.0,0.0,0.0,0.0,0.0,0.0,0.0,0.0,0.0,0.0,0.0
34300,3837,1964,0.5118582225697159,905,798,0.4438363304665103,1102,0.5744070888715141,0.418,3.0117458622530697,3.157693981676651,6.797687861271676,2.1041097621105034,8296.47526224994,433.09794240609176,7853.0,8740.448221766948,8719.402536279542,5.598618238654549,7853.0,0.0,27.399791503778992,20.564706323322596,32.248292985723154,18.87742951269183,0.13995308835027365,0.10059942663539223,0.09721136304404483,0.09043523586135001,0.08287724784988272,0.07610112066718791,0.06776127182694813,0.06385196768308575,0.05499087829033099,0.053166536356528536,0.04430544696377378,0.04169924420119885,0.03440187646598905,0.019025280166796978,0.01928590044305447,0.008079228563982278,0.006254886630179828,0.9353635987795546,0.023184270288758677,0.0,0.0,0.0,0.0,0.0,0.0,0.0,0.0,0.0,0.0,0.0,0.0,0.0,0.0,0.0,0.0,0.0,0.0,0.0,0.0,0.0,0.0,0.0,0.0,0.0,0.03909304143862393,1.688819390148554,12.59577795152463,12.845973416731825,2.8303362001563728,4.382847763643825,2.924982107098197,nan,nan,nan,4.359223300970874,2.8744641901678634,4.407160699417152,2.9758811789107127,1.0109967751446918,0.4014,0.010574,0.0,0.0,0.0,0.0,0.0,0.0,0.0,0.0,0.0,0.0,0.03909304143862393,13.502736512900684,16.411258795934327,0.04691164972634872,0.0,0.0,0.0,0.0,0.0,0.0,0.0,0.0,0.0,0.0,0.0,0.0,0.0,0.0,0.0,0.0,nan,nan,4.382847763643825,2.924982107098197,nan,0.4014,0.05008,0.0,0.0,0.0,0.0,0.0,0.0,0.0,0.0,0.0,0.0,0.0,0.0,0.0,0.0,0.0,0.0,0.0,0.0,1.3031013812874641e-05,0.0,0.003713838936669273,6.515506906437321e-05,0.0,0.000508209538702111,0.00525149856658848,0.00671097211363044,0.010372686995048215,0.004769351055512119,0.00045608548345061245,0.0022022413343758145,0.0019676830857440707,0.006320041699244201,0.01164972634870993,0.013682564503518374,0.029410998175658065,0.038363304665102946,0.08015376596299192,0.07891581965076883,0.04946572843367214,0.08090956476413864,0.09044826687516289,0.10721918165233255,0.091373468855877,0.06759186864738076,0.05504300234558249,0.03656502475892624,0.02681782642689601,0.05334897054990878,0.009382329945269743,0.015663278603075318,0.003961428199113891,0.006593692989314569,0.004691164972634871,0.004495699765441751,2.6062027625749282e-05,0.000873077925462601,0.0010033880635913475,0.0,0.0,0.0,0.0,0.0,0.0,0.0,0.0,0.0,0.0,0.0,0.0,0.0,0.0,0.0,0.0,0.0,0.0,0.0,0.0,0.0,0.0,0.0,0.0,0.0,0.0,0.0,0.0,0.0,0.0,0.0,0.0,0.0,0.0,0.0,0.0,0.0,0.0,0.0,0.0,0.0,0.0,0.0,0.0,nan,nan,4.382847763643825,2.924982107098197,nan,0.9352656755209454,0.022868253176793533,0.0,0.0,0.0,0.0,0.0,0.0,0.0,0.0,0.0,0.0,0.0,0.0,0.0,0.0,0.0,0.0,0.0,0.0,0.0,0.0,0.0,0.0,0.0,0.0,0.0,0.04582484725050917,1.6802443991853364,12.815682281059066,12.556008146639515,2.902240325865581,0.9354662796551062,0.023510641305658483,0.0,0.0,0.0,0.0,0.0,0.0,0.0,0.0,0.0,0.0,0.0,0.0,0.0,0.0,0.0,0.0,0.0,0.0,0.0,0.0,0.0,0.0,0.0,0.0,0.0,0.032034169781099846,1.697810998398292,12.36518953550454,13.150026695141488,2.7549386011745867,0.4011,0.010574,0.0,0.0,0.0,0.0,0.0,0.0,0.0,0.0,0.0,0.0,0.030549898167006116,13.640529531568207,16.298370672097764,0.030549898167006116,0.0,0.0,0.0,0.0,0.0,0.0,0.0,0.0,0.0,0.0,0.0,0.0,0.0,0.0,0.0,0.0,0.4014,0.010574,0.0,0.0,0.0,0.0,0.0,0.0,0.0,0.0,0.0,0.0,0.048051254671649765,13.358248798718614,16.52963160704752,0.06406833956219969,0.0,0.0,0.0,0.0,0.0,0.0,0.0,0.0,0.0,0.0,0.0,0.0,0.0,0.0,0.0,0.0
34400,3902,2012,0.5156330087134803,934,804,0.4454126089185033,1107,0.5674013326499231,0.40599999999999997,2.8814814814814813,3.0245426303282517,6.301136363636363,2.206704366974231,8299.84158970419,433.10172778917666,7853.0,8740.199250364303,8719.588411046594,5.702853144053755,7853.0,0.0,27.7109174782163,20.7805397948639,32.694308445532435,19.03039517925004,0.1435161455663762,0.09917990773962071,0.09405433111225013,0.08508457201435161,0.08047155304971809,0.07534597642234751,0.06868272680676576,0.06355715017939519,0.060225525371604305,0.055099948744233726,0.04664274730907227,0.03844182470527934,0.025884161968221426,0.029472065607380832,0.019477191184008202,0.008969759097898513,0.005894413121476166,0.9356372514057013,0.02342669601942616,0.0,0.0,0.0,0.0,0.0,0.0,0.0,0.0,0.0,0.0,0.0,0.0,0.0,0.0,0.0,0.0,0.0,0.0,0.0,0.0,0.0,0.0,0.0,0.0,0.0,0.030753459764223483,1.845207585853409,11.963095848282933,13.454638646847775,2.7063044592516663,4.1656,2.86701528422853,nan,nan,nan,4.1904382470119526,2.8558300276075563,4.140562248995984,2.8780294472324486,0.988097665428781,0.4014,0.01056,0.0,0.0,0.0,0.0,0.0,0.0,0.0,0.0,0.0,0.0,0.030753459764223483,13.162480779087629,16.783700666324965,0.02306509482316761,0.0,0.0,0.0,0.0,0.0,0.0,0.0,0.0,0.0,0.0,0.0,0.0,0.0,0.0,0.0,0.0,nan,nan,4.1656,2.86701528422853,nan,0.4014,0.05005,0.0,0.0,0.0,0.0,0.0,0.0,0.0,0.0,0.0,0.0,0.0,0.0,0.0,0.0,0.0,0.0,0.0,0.0,0.0,0.0,0.003011276268580215,3.844182470527934e-05,3.844182470527934e-05,0.0007047667862634546,0.005727831881086622,0.006355715017939518,0.009712967708867247,0.005099948744233727,0.0008072783188108662,0.0023833931317273193,0.0013967196309584828,0.00703485392106612,0.013031778575089697,0.01266017426960533,0.028921066119938492,0.0407483341875961,0.07869041517170682,0.07802409021014864,0.05392106611993849,0.0763582778062532,0.0903126601742696,0.10431829830855971,0.08968477703741672,0.06755509994874423,0.05629164531009739,0.039518195797027166,0.027870322911327523,0.0531009738595592,0.009712967708867247,0.014928241927216812,0.0045361353152229625,0.007060481804202973,0.004215786776012301,0.004331112250128139,3.844182470527934e-05,0.0010507432086109688,0.0008072783188108662,0.0,0.0,0.0,0.0,0.0,0.0,0.0,0.0,0.0,0.0,0.0,0.0,0.0,0.0,0.0,0.0,0.0,0.0,0.0,0.0,0.0,0.0,0.0,0.0,0.0,0.0,0.0,0.0,0.0,0.0,0.0,0.0,0.0,0.0,0.0,0.0,0.0,0.0,0.0,0.0,0.0,0.0,0.0,0.0,nan,nan,4.1656,2.86701528422853,nan,0.9360192335742131,0.02359188216621457,0.0,0.0,0.0,0.0,0.0,0.0,0.0,0.0,0.0,0.0,0.0,0.0,0.0,0.0,0.0,0.0,0.0,0.0,0.0,0.0,0.0,0.0,0.0,0.0,0.0,0.029821073558648117,1.8339960238568593,11.61530815109344,13.717693836978135,2.803180914512923,0.9352306121871585,0.023242659789772215,0.0,0.0,0.0,0.0,0.0,0.0,0.0,0.0,0.0,0.0,0.0,0.0,0.0,0.0,0.0,0.0,0.0,0.0,0.0,0.0,0.0,0.0,0.0,0.0,0.0,0.03174603174603175,1.8571428571428577,12.333333333333336,13.17460317460318,2.6031746031746037,0.4011,0.01037,0.0,0.0,0.0,0.0,0.0,0.0,0.0,0.0,0.0,0.0,0.014910536779324059,13.330019880715685,16.655069582504975,0.0,0.0,0.0,0.0,0.0,0.0,0.0,0.0,0.0,0.0,0.0,0.0,0.0,0.0,0.0,0.0,0.0,0.4016,0.01075,0.0,0.0,0.0,0.0,0.0,0.0,0.0,0.0,0.0,0.0,0.04761904761904762,12.984126984126965,16.920634920634924,0.04761904761904762,0.0,0.0,0.0,0.0,0.0,0.0,0.0,0.0,0.0,0.0,0.0,0.0,0.0,0.0,0.0,0.0
34500,3889,2035,0.523270763692466,960,774,0.4458729750578555,1068,0.5492414502442787,0.426,3.0097087378640777,3.142758087115642,6.675675675675675,2.1005209472952386,8306.44782704914,432.8320710119579,7853.0,8737.094725632667,8719.564422306688,5.662694783612867,7853.0,0.0,28.354332733350475,21.035899285596948,33.13647416413374,19.339124580605127,0.13319619439444588,0.09951144253021342,0.09411159681151968,0.09436873232193366,0.07354075597840062,0.07199794291591669,0.06865518128053484,0.06556955515556698,0.05811262535356133,0.054512728207765496,0.04757006942658781,0.03959886860375418,0.03419902288506043,0.02854204165595269,0.015170995114425302,0.013371046541527385,0.007971200822833634,0.9353255211280103,0.023506201018849805,0.0,0.0,0.0,0.0,0.0,0.0,0.0,0.0,0.0,0.0,0.0,0.0,0.0,0.0,0.0,0.0,0.0,0.0,0.0,0.0,0.0,0.0,0.0,0.0,0.0,0.06942658781177682,1.990228850604269,11.77166366675238,13.445615839547445,2.723065055284135,4.237395791980945,2.9584953014577655,nan,nan,nan,4.30379746835443,2.979271979628779,4.170517928286853,2.9359034748816253,0.9690321068666512,0.4019,0.010544,0.0,0.0,0.0,0.0,0.0,0.0,0.0,0.0,0.0,0.0,0.023142195937258938,12.813062483929011,17.125224993571617,0.03857032656209823,0.0,0.0,0.0,0.0,0.0,0.0,0.0,0.0,0.0,0.0,0.0,0.0,0.0,0.0,0.0,0.0,nan,nan,4.237395791980945,2.9584953014577655,nan,0.4019,0.04965,0.0,0.0,0.0,0.0,0.0,0.0,0.0,0.0,0.0,0.0,0.0,0.0,0.0,0.0,0.0,0.0,0.0,0.0,0.0,3.857032656209822e-05,0.0025456415530984828,1.2856775520699408e-05,1.2856775520699408e-05,0.0008614039598868604,0.006029827719208023,0.007276934944715865,0.008601182823347904,0.004011313962458215,0.0008099768578040627,0.0023785034713293906,0.0014399588583183338,0.007096940087426074,0.013615325276420674,0.01238107482643353,0.027474929287734637,0.0391103111339676,0.07724350732836205,0.07530213422473643,0.05676266392388789,0.07670352275649267,0.08890460272563641,0.10628696322962201,0.09166880946258678,0.07023656466958086,0.0543455901259964,0.03981743378760607,0.029454872717922347,0.0542170223707894,0.009861146824376447,0.014772435073283621,0.004615582411931087,0.005901259964001028,0.004011313962458215,0.004384160452558498,0.0,0.0012856775520699408,0.0005271277963486758,0.0,0.0,0.0,0.0,0.0,0.0,0.0,0.0,0.0,0.0,0.0,0.0,0.0,0.0,0.0,0.0,0.0,0.0,0.0,0.0,0.0,0.0,0.0,0.0,0.0,0.0,0.0,0.0,0.0,0.0,0.0,0.0,0.0,0.0,0.0,0.0,0.0,0.0,0.0,0.0,0.0,0.0,0.0,0.0,nan,nan,4.237395791980945,2.9584953014577655,nan,0.9350617343436295,0.02335983897591049,0.0,0.0,0.0,0.0,0.0,0.0,0.0,0.0,0.0,0.0,0.0,0.0,0.0,0.0,0.0,0.0,0.0,0.0,0.0,0.0,0.0,0.0,0.0,0.0,0.0,0.04422604422604423,2.0638820638820645,11.646191646191648,13.577395577395581,2.668304668304669,0.9356150605596256,0.02366242480815328,0.0,0.0,0.0,0.0,0.0,0.0,0.0,0.0,0.0,0.0,0.0,0.0,0.0,0.0,0.0,0.0,0.0,0.0,0.0,0.0,0.0,0.0,0.0,0.0,0.0,0.09708737864077671,1.9093851132686088,11.90938511326861,13.300970873786412,2.7831715210355994,0.402,0.010315,0.0,0.0,0.0,0.0,0.0,0.0,0.0,0.0,0.0,0.0,0.029484029484029492,12.574938574938557,17.36609336609337,0.029484029484029492,0.0,0.0,0.0,0.0,0.0,0.0,0.0,0.0,0.0,0.0,0.0,0.0,0.0,0.0,0.0,0.0,0.4019,0.010796,0.0,0.0,0.0,0.0,0.0,0.0,0.0,0.0,0.0,0.0,0.01618122977346279,13.07443365695791,16.860841423948223,0.048543689320388356,0.0,0.0,0.0,0.0,0.0,0.0,0.0,0.0,0.0,0.0,0.0,0.0,0.0,0.0,0.0,0.0
34600,3981,2046,0.5139412207987942,983,773,0.44109520221049986,1108,0.5566440592815876,0.39399999999999996,2.9126614987080104,3.0997407404534165,6.55,2.1207310060448497,8298.425696039058,433.1946880487913,7853.0,8739.158423686027,8719.686068392712,5.825807897928185,7853.0,0.0,27.831700577744286,20.74721506076093,32.52939429928741,19.10243273644037,0.1338859583019342,0.1039939713639789,0.09620698317005777,0.09495101733232857,0.07510675709620698,0.0728460185882944,0.0693293142426526,0.06279829188646069,0.05476011052499372,0.056267269530268775,0.04722431549861844,0.04094448630997237,0.03240391861341371,0.02562170308967596,0.018839487565938208,0.008038181361466968,0.006782215523737754,0.9362161380057058,0.02357328367174535,0.0,0.0,0.0,0.0,0.0,0.0,0.0,0.0,0.0,0.0,0.0,0.0,0.0,0.0,0.0,0.0,0.0,0.0,0.0,0.0,0.0,0.0,0.0,0.0,0.0,0.045214770158251705,1.770911831198192,11.703089675960817,13.466465712132633,3.0143180105501135,4.260188087774295,2.8840738715026757,nan,nan,nan,4.256916996047431,2.8752043373041567,4.262830482115086,2.8938132238232144,1.0013891476092078,0.4019,0.010635,0.0,0.0,0.0,0.0,0.0,0.0,0.0,0.0,0.0,0.0,0.03767897513187642,12.916352675207216,17.030896759608144,0.015071590052750569,0.0,0.0,0.0,0.0,0.0,0.0,0.0,0.0,0.0,0.0,0.0,0.0,0.0,0.0,0.0,0.0,nan,nan,4.260188087774295,2.8840738715026757,nan,0.4019,0.04968,0.0,0.0,0.0,0.0,0.0,0.0,0.0,0.0,0.0,0.0,0.0,0.0,0.0,0.0,0.0,0.0,0.0,0.0,0.0,8.791760864104496e-05,0.0026249686008540567,1.2559658377292137e-05,0.0,0.001092690278824416,0.005551369002763125,0.006430545089173574,0.010211002260738507,0.004534036674202462,0.0010675709620698317,0.0018337101230846522,0.0011680482290881689,0.007623712635016327,0.012584777694046721,0.012760612911328812,0.026061291132881186,0.04019090680733484,0.07533283094699825,0.0753956292388847,0.05954534036674203,0.07426525998492842,0.09011554885707108,0.11066314996232103,0.08661140416980657,0.07295905551369003,0.05449635769907059,0.041170560160763627,0.0273172569706104,0.05317759356945491,0.009620698317005778,0.014544084400904295,0.004295403165033911,0.006154232604873147,0.0038683747802059783,0.0046973122331072596,0.0,0.0015699572971615173,0.000364230092941472,0.0,0.0,0.0,0.0,0.0,0.0,0.0,0.0,0.0,0.0,0.0,0.0,0.0,0.0,0.0,0.0,0.0,0.0,0.0,0.0,0.0,0.0,0.0,0.0,0.0,0.0,0.0,0.0,0.0,0.0,0.0,0.0,0.0,0.0,0.0,0.0,0.0,0.0,0.0,0.0,0.0,0.0,0.0,0.0,nan,nan,4.260188087774295,2.8840738715026757,nan,0.9357484576464399,0.024022316442442848,0.0,0.0,0.0,0.0,0.0,0.0,0.0,0.0,0.0,0.0,0.0,0.0,0.0,0.0,0.0,0.0,0.0,0.0,0.0,0.0,0.0,0.0,0.0,0.0,0.0,0.07331378299120236,1.891495601173021,11.803519061583579,13.093841642228742,3.137829912023461,0.9367106465406196,0.0230786897042498,0.0,0.0,0.0,0.0,0.0,0.0,0.0,0.0,0.0,0.0,0.0,0.0,0.0,0.0,0.0,0.0,0.0,0.0,0.0,0.0,0.0,0.0,0.0,0.0,0.0,0.015503875968992251,1.6434108527131788,11.596899224806203,13.860465116279073,2.883720930232559,0.4019,0.010666,0.0,0.0,0.0,0.0,0.0,0.0,0.0,0.0,0.0,0.0,0.04398826979472142,13.049853372433999,16.891495601173023,0.014662756598240474,0.0,0.0,0.0,0.0,0.0,0.0,0.0,0.0,0.0,0.0,0.0,0.0,0.0,0.0,0.0,0.0,0.4016,0.01061,0.0,0.0,0.0,0.0,0.0,0.0,0.0,0.0,0.0,0.0,0.031007751937984503,12.775193798449594,17.178294573643413,0.015503875968992251,0.0,0.0,0.0,0.0,0.0,0.0,0.0,0.0,0.0,0.0,0.0,0.0,0.0,0.0,0.0,0.0
34700,3744,1928,0.5149572649572649,905,774,0.4484508547008547,1053,0.5625,0.422,3.0027533039647576,3.120469070681424,6.620553359683795,2.2232806320597214,8299.26198464387,433.12684394033096,7853.0,8740.508688890934,8719.60003656984,5.9072374809815065,7853.0,0.0,27.95325854700855,20.920119366208247,33.15678101955755,19.039877610682396,0.14449786324786323,0.09909188034188034,0.08814102564102565,0.08413461538461539,0.08092948717948718,0.07719017094017094,0.0686431623931624,0.06276709401709402,0.05982905982905983,0.05422008547008547,0.048344017094017096,0.03819444444444445,0.03258547008547009,0.025373931623931624,0.018963675213675212,0.010416666666666666,0.006677350427350427,0.9363576041168382,0.023566860726539327,0.0,0.0,0.0,0.0,0.0,0.0,0.0,0.0,0.0,0.0,0.0,0.0,0.0,0.0,0.0,0.0,0.0,0.0,0.0,0.0,0.0,0.0,0.0,0.0,0.0,0.056089743589743606,1.7948717948717954,11.402243589743591,13.733974358974363,3.012820512820513,4.327098919368246,2.902944670495335,nan,nan,nan,4.328282828282828,2.883537637557996,4.325944170771757,2.9217490550006264,0.9994596800616197,0.4011,0.010895,0.0,0.0,0.0,0.0,0.0,0.0,0.0,0.0,0.0,0.0,0.040064102564102574,13.509615384615365,16.434294871794876,0.01602564102564103,0.0,0.0,0.0,0.0,0.0,0.0,0.0,0.0,0.0,0.0,0.0,0.0,0.0,0.0,0.0,0.0,nan,nan,4.327098919368246,2.902944670495335,nan,0.4011,0.0504,0.0,0.0,0.0,0.0,0.0,0.0,0.0,0.0,0.0,0.0,0.0,0.0,0.0,0.0,0.0,0.0,0.0,0.0,0.0,0.00013354700854700856,0.003111645299145299,2.670940170940171e-05,0.0001201923076923077,0.001014957264957265,0.00547542735042735,0.007318376068376068,0.01125801282051282,0.004821047008547009,0.0009348290598290599,0.0014556623931623932,0.0014556623931623932,0.007892628205128205,0.012780448717948718,0.013394764957264957,0.027844551282051284,0.04193376068376068,0.0749599358974359,0.07458600427350427,0.05825320512820513,0.0733707264957265,0.08884882478632479,0.1077323717948718,0.0842147435897436,0.07674946581196582,0.05638354700854701,0.04245459401709402,0.024425747863247863,0.05172275641025641,0.010029380341880343,0.013982371794871796,0.0038194444444444443,0.006370192307692308,0.004754273504273504,0.004260149572649572,6.677350427350428e-05,0.0016826923076923078,0.0003605769230769231,0.0,0.0,0.0,0.0,0.0,0.0,0.0,0.0,0.0,0.0,0.0,0.0,0.0,0.0,0.0,0.0,0.0,0.0,0.0,0.0,0.0,0.0,0.0,0.0,0.0,0.0,0.0,0.0,0.0,0.0,0.0,0.0,0.0,0.0,0.0,0.0,0.0,0.0,0.0,0.0,0.0,0.0,0.0,0.0,nan,nan,4.327098919368246,2.902944670495335,nan,0.9362160361901358,0.024232286048802232,0.0,0.0,0.0,0.0,0.0,0.0,0.0,0.0,0.0,0.0,0.0,0.0,0.0,0.0,0.0,0.0,0.0,0.0,0.0,0.0,0.0,0.0,0.0,0.0,0.0,0.09336099585062242,1.851659751037345,11.390041493775936,13.584024896265564,3.08091286307054,0.9365079031050993,0.022838227689457057,0.0,0.0,0.0,0.0,0.0,0.0,0.0,0.0,0.0,0.0,0.0,0.0,0.0,0.0,0.0,0.0,0.0,0.0,0.0,0.0,0.0,0.0,0.0,0.0,0.0,0.01651982378854626,1.7345814977973573,11.415198237885464,13.893171806167405,2.940528634361234,0.4011,0.01093,0.0,0.0,0.0,0.0,0.0,0.0,0.0,0.0,0.0,0.0,0.015560165975103738,13.49066390041492,16.493775933609964,0.0,0.0,0.0,0.0,0.0,0.0,0.0,0.0,0.0,0.0,0.0,0.0,0.0,0.0,0.0,0.0,0.0,0.4011,0.01085,0.0,0.0,0.0,0.0,0.0,0.0,0.0,0.0,0.0,0.0,0.06607929515418504,13.529735682819362,16.371145374449345,0.03303964757709252,0.0,0.0,0.0,0.0,0.0,0.0,0.0,0.0,0.0,0.0,0.0,0.0,0.0,0.0,0.0,0.0
34800,3830,1989,0.5193211488250653,892,796,0.44073107049608357,1074,0.5608355091383812,0.426,2.9815317762085822,3.1546566875134574,6.706930693069307,2.2979223257104513,8303.118822295524,433.06754942062264,7853.0,8738.532074058056,8719.744640217123,5.616129242065152,7853.0,0.0,27.364229765013054,20.837998151585598,32.44747569771088,19.14315737244164,0.14412532637075717,0.102088772845953,0.09634464751958224,0.0898172323759791,0.08511749347258486,0.07545691906005222,0.06370757180156658,0.06266318537859007,0.05613577023498695,0.04882506527415144,0.04177545691906005,0.0433420365535248,0.032114882506527415,0.022976501305483028,0.018276762402088774,0.009660574412532636,0.007571801566579634,0.936269205139449,0.023040350739423884,0.0,0.0,0.0,0.0,0.0,0.0,0.0,0.0,0.0,0.0,0.0,0.0,0.0,0.0,0.0,0.0,0.0,0.0,0.0,0.0,0.0,0.0,0.0,0.0,0.0,0.046997389033942565,1.778067885117494,11.616187989556138,13.746736292428203,2.81201044386423,4.374741200828157,2.9416590305944106,nan,nan,nan,4.432748538011696,2.9707339213011896,4.317733990147783,2.9116769816542005,0.9740534463262149,0.4014,0.010315,0.0,0.0,0.0,0.0,0.0,0.0,0.0,0.0,0.0,0.0,0.015665796344647525,12.939947780678832,17.020887728459535,0.023498694516971282,0.0,0.0,0.0,0.0,0.0,0.0,0.0,0.0,0.0,0.0,0.0,0.0,0.0,0.0,0.0,0.0,nan,nan,4.374741200828157,2.9416590305944106,nan,0.4014,0.0498,0.0,0.0,0.0,0.0,0.0,0.0,0.0,0.0,0.0,0.0,0.0,0.0,0.0,0.0,0.0,0.0,0.0,0.0,0.0,0.0,0.00314621409921671,0.00013054830287206266,7.83289817232376e-05,0.0012140992167101827,0.0055613577023498695,0.006318537859007833,0.010287206266318539,0.004151436031331592,0.0007963446475195823,0.0012402088772845953,0.0013315926892950392,0.008198433420365536,0.012702349869451696,0.015744125326370758,0.02656657963446475,0.040796344647519585,0.07067885117493472,0.07488250652741514,0.05996083550913838,0.0754177545691906,0.09040469973890339,0.11135770234986946,0.08484334203655353,0.07676240208877284,0.05531331592689295,0.04278067885117493,0.025469973890339427,0.048080939947780676,0.010130548302872062,0.014177545691906004,0.003080939947780679,0.006945169712793734,0.005026109660574413,0.0046344647519582245,0.0,0.0014751958224543081,0.0003133159268929504,0.0,0.0,0.0,0.0,0.0,0.0,0.0,0.0,0.0,0.0,0.0,0.0,0.0,0.0,0.0,0.0,0.0,0.0,0.0,0.0,0.0,0.0,0.0,0.0,0.0,0.0,0.0,0.0,0.0,0.0,0.0,0.0,0.0,0.0,0.0,0.0,0.0,0.0,0.0,0.0,0.0,0.0,0.0,0.0,nan,nan,4.374741200828157,2.9416590305944106,nan,0.9363463409226285,0.02294420930900701,0.0,0.0,0.0,0.0,0.0,0.0,0.0,0.0,0.0,0.0,0.0,0.0,0.0,0.0,0.0,0.0,0.0,0.0,0.0,0.0,0.0,0.0,0.0,0.0,0.0,0.060331825037707405,1.6742081447963806,11.719457013574662,13.725490196078436,2.820512820512821,0.936185868326443,0.023143483338440837,0.0,0.0,0.0,0.0,0.0,0.0,0.0,0.0,0.0,0.0,0.0,0.0,0.0,0.0,0.0,0.0,0.0,0.0,0.0,0.0,0.0,0.0,0.0,0.0,0.0,0.032590983161325374,1.8902770233568718,11.504617055947856,13.769690385659972,2.802824551873982,0.4016,0.01036,0.0,0.0,0.0,0.0,0.0,0.0,0.0,0.0,0.0,0.0,0.015082956259426851,12.714932126696814,17.269984917043743,0.0,0.0,0.0,0.0,0.0,0.0,0.0,0.0,0.0,0.0,0.0,0.0,0.0,0.0,0.0,0.0,0.0,0.4014,0.01027,0.0,0.0,0.0,0.0,0.0,0.0,0.0,0.0,0.0,0.0,0.016295491580662687,13.18305268875609,16.751765344921242,0.04888647474198806,0.0,0.0,0.0,0.0,0.0,0.0,0.0,0.0,0.0,0.0,0.0,0.0,0.0,0.0,0.0,0.0
34900,3836,2012,0.5245046923879041,911,766,0.43717413972888425,1058,0.5516162669447341,0.438,2.9928728070175437,3.0694543619857213,6.441233140655106,2.160227995348688,8307.549578640299,432.8117033661737,7853.0,8739.155677580833,8719.626333829117,5.635070489425739,7853.0,0.0,28.45594369134515,21.428662566183373,33.55051290021759,19.649303616787975,0.14129301355578727,0.09880083420229406,0.09358706986444212,0.08263816475495307,0.07924921793534932,0.07507820646506778,0.06830031282586027,0.06230448383733055,0.04822732012513034,0.05578727841501564,0.0443169968717414,0.04301355578727842,0.03753910323253389,0.02867570385818561,0.01981230448383733,0.01251303441084463,0.008863399374348279,0.9351980374024732,0.02306387129342527,0.0,0.0,0.0,0.0,0.0,0.0,0.0,0.0,0.0,0.0,0.0,0.0,0.0,0.0,0.0,0.0,0.0,0.0,0.0,0.0,0.0,0.0,0.0,0.0,0.0,0.04692387904066737,1.8613138686131392,12.07507820646507,13.498435870698648,2.518248175182482,4.185334407735697,2.8812619625004254,nan,nan,nan,4.243690851735016,2.9259660335261044,4.124382207578254,2.8325331521803463,0.9718856419270072,0.4019,0.010376,0.0,0.0,0.0,0.0,0.0,0.0,0.0,0.0,0.0,0.0,0.007820646506777896,12.833680917622505,17.0881126173097,0.07038581856100105,0.0,0.0,0.0,0.0,0.0,0.0,0.0,0.0,0.0,0.0,0.0,0.0,0.0,0.0,0.0,0.0,nan,nan,4.185334407735697,2.8812619625004254,nan,0.4019,0.04922,0.0,0.0,0.0,0.0,0.0,0.0,0.0,0.0,0.0,0.0,0.0,0.0,0.0,0.0,0.0,0.0,0.0,0.0,0.0,0.0,0.0025547445255474453,0.0002346193952033368,9.124087591240875e-05,0.00072992700729927,0.00439259645464025,0.006830031282586027,0.010349322210636079,0.004171011470281543,0.0008733055265901981,0.0016293013555787278,0.001994264859228363,0.008446298227320126,0.010857664233576642,0.016996871741397288,0.025338894681960374,0.04259645464025026,0.06427267987486966,0.07145464025026069,0.06148331595411887,0.07685088633993743,0.09399113660062565,0.11347758081334723,0.0843065693430657,0.07750260688216892,0.057181960375391035,0.04163190823774766,0.025325860271115747,0.051160062565172054,0.010557872784150156,0.011431178310740354,0.0034019812304483836,0.005083420229405631,0.005761209593326382,0.005265901981230448,2.6068821689259645e-05,0.00145985401459854,0.0002737226277372263,0.0,0.0,1.3034410844629822e-05,0.0,0.0,0.0,0.0,0.0,0.0,0.0,0.0,0.0,0.0,0.0,0.0,0.0,0.0,0.0,0.0,0.0,0.0,0.0,0.0,0.0,0.0,0.0,0.0,0.0,0.0,0.0,0.0,0.0,0.0,0.0,0.0,0.0,0.0,0.0,0.0,0.0,0.0,0.0,0.0,0.0,nan,nan,4.185334407735697,2.8812619625004254,nan,0.9354499584993359,0.023104945281008118,0.0,0.0,0.0,0.0,0.0,0.0,0.0,0.0,0.0,0.0,0.0,0.0,0.0,0.0,0.0,0.0,0.0,0.0,0.0,0.0,0.0,0.0,0.0,0.0,0.0,0.014910536779324059,1.9831013916501,11.749502982107357,13.583499005964219,2.6689860834990062,0.9349201507539603,0.023015280561268437,0.0,0.0,0.0,0.0,0.0,0.0,0.0,0.0,0.0,0.0,0.0,0.0,0.0,0.0,0.0,0.0,0.0,0.0,0.0,0.0,0.0,0.0,0.0,0.0,0.0,0.08223684210526318,1.7269736842105268,12.434210526315791,13.404605263157897,2.351973684210527,0.4019,0.01033,0.0,0.0,0.0,0.0,0.0,0.0,0.0,0.0,0.0,0.0,0.0,12.808151093439346,17.132206759443342,0.059642147117296235,0.0,0.0,0.0,0.0,0.0,0.0,0.0,0.0,0.0,0.0,0.0,0.0,0.0,0.0,0.0,0.0,0.402,0.01042,0.0,0.0,0.0,0.0,0.0,0.0,0.0,0.0,0.0,0.0,0.016447368421052634,12.86184210526314,17.03947368421053,0.08223684210526318,0.0,0.0,0.0,0.0,0.0,0.0,0.0,0.0,0.0,0.0,0.0,0.0,0.0,0.0,0.0,0.0
35000,3889,1988,0.5111853947030085,952,821,0.45590125996400105,1098,0.564669580869118,0.426,2.9352972119936873,3.127909823139301,6.764356435643564,2.052266757332161,8295.972709669397,433.1918729609723,7853.0,8737.495947444439,8719.559792708393,5.8811504053078965,7853.0,0.0,27.53175623553613,20.632367953801424,32.587184226740604,18.83669177791355,0.14476729236307534,0.09951144253021342,0.09025456415530984,0.08665466700951402,0.07791205965543842,0.07996914373875032,0.0740550269992286,0.06222679352018514,0.06479814862432502,0.051941373103625614,0.04139881717665209,0.03599897145795834,0.032913345332990486,0.023656466958086913,0.01799948572897917,0.008228336333247621,0.007714065312419645,0.9346543079508887,0.023601592271669497,0.0,0.0,0.0,0.0,0.0,0.0,0.0,0.0,0.0,0.0,0.0,0.0,0.0,0.0,0.0,0.0,0.0,0.0,0.0,0.0,0.0,0.0,0.0,0.0,0.0,0.046284391874517876,2.1059398302905636,11.99537156081255,13.283620467986633,2.568783749035742,4.218662394873848,2.8535618990261,nan,nan,nan,4.186561264822134,2.8520807939015813,4.251623376623376,2.8547062920726165,1.0155407045748812,0.4028,0.010826,0.0,0.0,0.0,0.0,0.0,0.0,0.0,0.0,0.0,0.0,0.030856261249678586,11.81023399331446,18.12033941887375,0.03857032656209823,0.0,0.0,0.0,0.0,0.0,0.0,0.0,0.0,0.0,0.0,0.0,0.0,0.0,0.0,0.0,0.0,nan,nan,4.218662394873848,2.8535618990261,nan,0.4028,0.04883,0.0,0.0,0.0,0.0,0.0,0.0,0.0,0.0,0.0,0.0,0.0,0.0,0.0,0.0,0.0,0.0,0.0,0.0,0.0,0.0,0.0026870660838261766,0.00012856775520699409,1.2856775520699408e-05,0.0006428387760349704,0.004178452044227308,0.005811262535356133,0.010401131396245822,0.0039470300848547185,0.000977114939573155,0.0012085368989457443,0.00239136024685009,0.00759835433273335,0.009244021599382875,0.01673952172795063,0.02625353561326819,0.04151452815633839,0.06329390588840318,0.07230650552841347,0.060941115968115196,0.07703779892003086,0.08598611468243765,0.12066083826176395,0.08584469015170995,0.07922345075854975,0.05524556441244536,0.042543070197994345,0.027230650552841348,0.05345847261506814,0.00997685780406274,0.011841090254564155,0.0030599125739264594,0.00478272049370018,0.005669838004628439,0.005824119310876832,1.2856775520699408e-05,0.0010285420416559527,0.00021856518385188995,2.5713551041398816e-05,0.0,5.142710208279763e-05,0.0,0.0,0.0,0.0,0.0,0.0,0.0,0.0,0.0,0.0,0.0,0.0,0.0,0.0,0.0,0.0,0.0,0.0,0.0,0.0,0.0,0.0,0.0,0.0,0.0,0.0,0.0,0.0,0.0,0.0,0.0,0.0,0.0,0.0,0.0,0.0,0.0,0.0,0.0,0.0,0.0,nan,nan,4.218662394873848,2.8535618990261,nan,0.9343982455536154,0.02415041538165237,0.0,0.0,0.0,0.0,0.0,0.0,0.0,0.0,0.0,0.0,0.0,0.0,0.0,0.0,0.0,0.0,0.0,0.0,0.0,0.0,0.0,0.0,0.0,0.0,0.0,0.06036217303822939,2.384305835010061,11.951710261569419,12.947686116700204,2.655935613682093,0.9349220891427769,0.023010608095195628,0.0,0.0,0.0,0.0,0.0,0.0,0.0,0.0,0.0,0.0,0.0,0.0,0.0,0.0,0.0,0.0,0.0,0.0,0.0,0.0,0.0,0.0,0.0,0.0,0.0,0.031562335612835356,1.8148342977380332,12.041031036296689,13.634928984744874,2.4776433456075755,0.4026,0.01072,0.0,0.0,0.0,0.0,0.0,0.0,0.0,0.0,0.0,0.0,0.015090543259557348,11.634808853118695,18.289738430583505,0.06036217303822939,0.0,0.0,0.0,0.0,0.0,0.0,0.0,0.0,0.0,0.0,0.0,0.0,0.0,0.0,0.0,0.0,0.4028,0.01093,0.0,0.0,0.0,0.0,0.0,0.0,0.0,0.0,0.0,0.0,0.04734350341925303,11.993687532877416,17.9431877958969,0.015781167806417678,0.0,0.0,0.0,0.0,0.0,0.0,0.0,0.0,0.0,0.0,0.0,0.0,0.0,0.0,0.0,0.0
35100,3851,2015,0.5232407166969618,915,786,0.441703453648403,1079,0.5603739288496494,0.418,3.034313725490196,3.0734329867811123,6.50763358778626,2.1262488318044346,8306.46330980563,432.8732487905486,7853.0,8740.82364603281,8719.643774720334,5.711432120746342,7853.0,0.0,28.526616463256296,21.198852152703648,33.5568252007412,19.362803851628062,0.14022331861854065,0.09529992209815633,0.08958712022851208,0.07894053492599325,0.08257595429758505,0.07945988055050636,0.06855362243573097,0.06413918462736952,0.06050376525577772,0.053232926512594134,0.04596208776941054,0.03739288496494417,0.03427681121786549,0.029083354972734354,0.021033497792781096,0.01116593092703194,0.008569202804466372,0.9342207866995342,0.023733542671641527,0.0,0.0,0.0,0.0,0.0,0.0,0.0,0.0,0.0,0.0,0.0,0.0,0.0,0.0,0.0,0.0,0.0,0.0,0.0,0.0,0.0,0.0,0.0,0.0,0.0,0.05453129057387693,2.3837964165151915,12.230589457283823,12.744741625551807,2.5863412100753056,4.315852682145716,2.820759160103226,nan,nan,nan,4.2756410256410255,2.8500421003384337,4.356,2.7906386365848235,1.0187946026986507,0.403,0.01043,0.0,0.0,0.0,0.0,0.0,0.0,0.0,0.0,0.0,0.0,0.02337055310309011,11.272396780057111,18.6652817450013,0.03895092183848352,0.0,0.0,0.0,0.0,0.0,0.0,0.0,0.0,0.0,0.0,0.0,0.0,0.0,0.0,0.0,0.0,nan,nan,4.315852682145716,2.820759160103226,nan,0.403,0.04907,0.0,0.0,0.0,0.0,0.0,0.0,0.0,0.0,0.0,0.0,0.0,0.0,0.0,0.0,0.0,0.0,0.0,0.0,0.0,0.0,0.002739548169306674,2.5967281225655675e-05,0.0,0.0008958712022851207,0.003817190340171384,0.005712801869644248,0.011373669176837185,0.0038821085432355234,0.0006232147494157361,0.0013373149831212672,0.0016359387172163074,0.00798493897688912,0.008673071929368996,0.016424305375227214,0.02672033238119969,0.042339652038431576,0.06145157102051415,0.07443521163334199,0.059283303038171906,0.07636977408465334,0.08195273954816931,0.12169566346403532,0.08713321215268761,0.07900545312905739,0.05742664243053752,0.039574136587899246,0.027031939755907557,0.05531030901064658,0.010257076084133992,0.01380160997143599,0.003895092183848351,0.004674110620618021,0.0060763438068034276,0.005115554401454168,0.0,0.0009088548428979486,0.00023370553103090107,2.5967281225655675e-05,0.0,0.00015580368735393404,0.0,0.0,0.0,0.0,0.0,0.0,0.0,0.0,0.0,0.0,0.0,0.0,0.0,0.0,0.0,0.0,0.0,0.0,0.0,0.0,0.0,0.0,0.0,0.0,0.0,0.0,0.0,0.0,0.0,0.0,0.0,0.0,0.0,0.0,0.0,0.0,0.0,0.0,0.0,0.0,0.0,nan,nan,4.315852682145716,2.820759160103226,nan,0.9347439827457551,0.023562846595073173,0.0,0.0,0.0,0.0,0.0,0.0,0.0,0.0,0.0,0.0,0.0,0.0,0.0,0.0,0.0,0.0,0.0,0.0,0.0,0.0,0.0,0.0,0.0,0.0,0.0,0.08933002481389579,1.9354838709677424,12.267990074441691,13.101736972704717,2.6054590570719607,0.9336465818884586,0.023906303071455054,0.0,0.0,0.0,0.0,0.0,0.0,0.0,0.0,0.0,0.0,0.0,0.0,0.0,0.0,0.0,0.0,0.0,0.0,0.0,0.0,0.0,0.0,0.0,0.0,0.0,0.016339869281045756,2.8758169934640527,12.189542483660132,12.35294117647059,2.5653594771241837,0.4026,0.01049,0.0,0.0,0.0,0.0,0.0,0.0,0.0,0.0,0.0,0.0,0.029776674937965267,11.717121588089313,18.223325062034743,0.029776674937965267,0.0,0.0,0.0,0.0,0.0,0.0,0.0,0.0,0.0,0.0,0.0,0.0,0.0,0.0,0.0,0.0,0.4036,0.01034,0.0,0.0,0.0,0.0,0.0,0.0,0.0,0.0,0.0,0.0,0.016339869281045756,10.78431372549018,19.150326797385624,0.04901960784313726,0.0,0.0,0.0,0.0,0.0,0.0,0.0,0.0,0.0,0.0,0.0,0.0,0.0,0.0,0.0,0.0
35200,3729,1906,0.5111289890050952,870,801,0.4481094127111826,1075,0.5765620809868598,0.426,3.000548546352167,3.1060077905011236,6.684,2.1698257994594865,8296.192056396858,433.45442259743265,7853.0,8738.571602129936,8720.084563643171,5.757699759229761,7853.0,0.0,27.9833735585948,20.847535320147905,32.887790883009245,19.092100170896593,0.13649772056851703,0.09788146956288549,0.09788146956288549,0.08474121748458031,0.08688656476267095,0.0756234915526951,0.06784660766961652,0.05711987127916331,0.05658353445964066,0.054974524001072674,0.05148833467417538,0.041566103513006165,0.03164387235183695,0.02520783051756503,0.015821936175918476,0.010190399570930545,0.008045052292839904,0.9355352922622688,0.02328169505722622,0.0,0.0,0.0,0.0,0.0,0.0,0.0,0.0,0.0,0.0,0.0,0.0,0.0,0.0,0.0,0.0,0.0,0.0,0.0,0.0,0.0,0.0,0.0,0.0,0.0,0.048270313757039426,1.866452131938858,12.067578439259858,13.185840707964605,2.8318584070796464,4.346777546777547,2.8718135212124265,nan,nan,nan,4.35421888053467,2.9501300814746805,4.340513670256835,2.7929145884772324,0.9968524296426384,0.4038,0.010445,0.0,0.0,0.0,0.0,0.0,0.0,0.0,0.0,0.0,0.0,0.0,10.595333869670137,19.34835076427997,0.05631536604987934,0.0,0.0,0.0,0.0,0.0,0.0,0.0,0.0,0.0,0.0,0.0,0.0,0.0,0.0,0.0,0.0,nan,nan,4.346777546777547,2.8718135212124265,nan,0.4038,0.04913,0.0,0.0,0.0,0.0,0.0,0.0,0.0,0.0,0.0,0.0,0.0,0.0,0.0,0.0,0.0,0.0,4.0225261464199516e-05,0.0,0.0,9.385894341646554e-05,0.003097345132743363,6.704210244033253e-05,0.0,0.0011531241619737195,0.0035800482703137572,0.005551086082059533,0.00997586484312148,0.0041700187717886835,0.0005899705014749262,0.0012335746849021186,0.001434700992223116,0.006918744971842317,0.011289890050951998,0.016331456154465004,0.024993295789755968,0.04234379190131402,0.06210780370072405,0.06898632341110217,0.06032448377581121,0.07426924108340037,0.08097345132743362,0.11973719495843389,0.08904532046124966,0.08144274604451596,0.06232233842853312,0.03946098149637973,0.026642531509788146,0.05726736390453205,0.009131134352373291,0.015111289890050951,0.0035934566908018234,0.004465004022526147,0.005711987127916331,0.004853848216680075,2.6816840976133013e-05,0.0012335746849021186,0.00010726736390453205,4.0225261464199516e-05,0.0,0.00028157683024939665,0.0,0.0,0.0,0.0,0.0,0.0,0.0,0.0,0.0,0.0,0.0,0.0,0.0,0.0,0.0,0.0,0.0,0.0,0.0,0.0,0.0,0.0,0.0,0.0,0.0,0.0,0.0,0.0,0.0,0.0,0.0,0.0,0.0,0.0,0.0,0.0,0.0,0.0,0.0,0.0,0.0,nan,nan,4.346777546777547,2.8718135212124265,nan,0.9358892175921113,0.023063817038906333,0.0,0.0,0.0,0.0,0.0,0.0,0.0,0.0,0.0,0.0,0.0,0.0,0.0,0.0,0.0,0.0,0.0,0.0,0.0,0.0,0.0,0.0,0.0,0.0,0.0,0.047219307450157406,1.810073452256034,11.899265477439666,13.284365162644285,2.959076600209864,0.9351652529431906,0.023501634792780755,0.0,0.0,0.0,0.0,0.0,0.0,0.0,0.0,0.0,0.0,0.0,0.0,0.0,0.0,0.0,0.0,0.0,0.0,0.0,0.0,0.0,0.0,0.0,0.0,0.0,0.049369171695008235,1.9253976961053214,12.243554580362042,13.082830499177183,2.69884805266045,0.4036,0.0105,0.0,0.0,0.0,0.0,0.0,0.0,0.0,0.0,0.0,0.0,0.0,10.608604407135347,19.344176285414484,0.047219307450157406,0.0,0.0,0.0,0.0,0.0,0.0,0.0,0.0,0.0,0.0,0.0,0.0,0.0,0.0,0.0,0.0,0.4038,0.01038,0.0,0.0,0.0,0.0,0.0,0.0,0.0,0.0,0.0,0.0,0.0,10.581459133296748,19.35271530444323,0.06582556226001099,0.0,0.0,0.0,0.0,0.0,0.0,0.0,0.0,0.0,0.0,0.0,0.0,0.0,0.0,0.0,0.0
35300,3922,1991,0.5076491585925548,944,811,0.4474757776644569,1123,0.5726670066292707,0.39399999999999996,2.961160020714656,3.071905991782268,6.465703971119134,2.2165477008629515,8293.219803363045,433.55499548873786,7853.0,8740.338932061195,8720.17331430932,5.7086259966747885,7853.0,0.0,28.00433452320245,20.854788772994503,33.060919890344195,19.02700051800421,0.1432942376338603,0.09612442631310555,0.08567057623661398,0.08796532381438042,0.08108108108108109,0.07802141764405915,0.07266700662927078,0.06170321264660887,0.05966343702192759,0.054818969913309534,0.0479347271800102,0.035696073431922486,0.033911269760326365,0.026007139214686385,0.016828148903620603,0.011473737888832228,0.0071392146863844975,0.9358553549484718,0.02323184782049798,0.0,0.0,0.0,0.0,0.0,0.0,0.0,0.0,0.0,0.0,0.0,0.0,0.0,0.0,0.0,0.0,0.0,0.0,0.0,0.0,0.0,0.0,0.0,0.0,0.0,0.04589495155532892,1.881693013768486,11.9020907700153,13.317185109637943,2.853136155022948,4.267166535122336,2.8981751501855766,nan,nan,nan,4.197452229299363,2.9670472367393814,4.335680751173709,2.8271809698192927,1.03293152949055,0.4045,0.01036,0.0,0.0,0.0,0.0,0.0,0.0,0.0,0.0,0.0,0.0,0.007649158592554821,9.829168791432927,20.048444671086184,0.11473737888832232,0.0,0.0,0.0,0.0,0.0,0.0,0.0,0.0,0.0,0.0,0.0,0.0,0.0,0.0,0.0,0.0,nan,nan,4.267166535122336,2.8981751501855766,nan,0.4045,0.04886,0.0,0.0,0.0,0.0,0.0,0.0,0.0,0.0,0.0,0.0,0.0,0.0,0.0,0.0,0.0,0.0,8.924018357980622e-05,0.0,0.0,0.0002422233554309026,0.003199898011218766,6.374298827129016e-05,1.2748597654258032e-05,0.0010963793982661906,0.0026007139214686385,0.00511218765935747,0.008834778174400816,0.0038500764915859256,0.0010071392146863845,0.0014533401325854155,0.0014405915349311575,0.00731769505354411,0.011728709841917389,0.01425293217746048,0.022692503824579296,0.04252932177460479,0.0629398266190719,0.07141764405915349,0.060900050994390616,0.06923763386027537,0.08188424273329933,0.1173125956144824,0.08805456399796023,0.08363080061193269,0.06160122386537481,0.04472208057113718,0.02772819989801122,0.056387047424783274,0.009255481896991331,0.015362060173380928,0.00460224375318715,0.005277919428862825,0.005736868944416114,0.004818969913309536,0.00017848036715961243,0.0010963793982661906,6.374298827129016e-05,0.0,0.0,0.0002677205507394187,0.0,0.0,0.0,0.0,0.0,0.0,0.0,0.0,0.0,0.0,0.0,0.0,0.0,0.0,0.0,0.0,0.0,0.0,0.0,0.0,0.0,0.0,0.0,0.0,0.0,0.0,0.0,0.0,0.0,0.0,0.0,0.0,0.0,0.0,0.0,0.0,0.0,0.0,0.0,0.0,0.0,nan,nan,4.267166535122336,2.8981751501855766,nan,0.9352508248066196,0.023548567156915196,0.0,0.0,0.0,0.0,0.0,0.0,0.0,0.0,0.0,0.0,0.0,0.0,0.0,0.0,0.0,0.0,0.0,0.0,0.0,0.0,0.0,0.0,0.0,0.0,0.0,0.060271220492214984,1.9738824711200407,12.23505775991964,12.98844801607233,2.7423405323957817,0.9364786690408735,0.022883985402554635,0.0,0.0,0.0,0.0,0.0,0.0,0.0,0.0,0.0,0.0,0.0,0.0,0.0,0.0,0.0,0.0,0.0,0.0,0.0,0.0,0.0,0.0,0.0,0.0,0.0,0.031071983428275513,1.786639047125842,11.55877783531849,13.656136716727088,2.967374417400311,0.4045,0.01052,0.0,0.0,0.0,0.0,0.0,0.0,0.0,0.0,0.0,0.0,0.015067805123053746,9.914615770969348,19.91963837267705,0.15067805123053746,0.0,0.0,0.0,0.0,0.0,0.0,0.0,0.0,0.0,0.0,0.0,0.0,0.0,0.0,0.0,0.0,0.4045,0.01019,0.0,0.0,0.0,0.0,0.0,0.0,0.0,0.0,0.0,0.0,0.0,9.741066804764358,20.181253236664944,0.07767995857068878,0.0,0.0,0.0,0.0,0.0,0.0,0.0,0.0,0.0,0.0,0.0,0.0,0.0,0.0,0.0,0.0
35400,3727,1945,0.5218674537161255,895,733,0.43681244969144084,1011,0.5425275020123423,0.438,3.05331088664422,3.1378661483686474,6.627906976744186,2.1050686981437954,8305.568474638148,433.2091821695859,7853.0,8738.01197757721,8720.209616954433,5.654560052628281,7853.0,0.0,28.605580896163133,21.363215138937793,33.81494547787043,19.463838145716437,0.14327877649584117,0.09390931043734907,0.08961631338878455,0.08505500402468473,0.07995707002951435,0.06734639119935605,0.07056613898577944,0.06090689562650926,0.05312583847598605,0.06305339415079152,0.04239334585457472,0.04561309364099812,0.03702709954386906,0.02790448081566944,0.021464985242822646,0.011000804936946607,0.007781057150523209,0.9358740658455571,0.023268735027602693,0.0,0.0,0.0,0.0,0.0,0.0,0.0,0.0,0.0,0.0,0.0,0.0,0.0,0.0,0.0,0.0,0.0,0.0,0.0,0.0,0.0,0.0,0.0,0.0,0.0,0.02414810839817548,1.907700563455863,11.816474376173868,13.498792594580095,2.7528843573920048,4.3254560530679935,2.913307731704798,nan,nan,nan,4.231596360628619,2.9078987463676484,4.421797004991681,2.916067845448545,1.044947728505657,0.4043,0.01043,0.0,0.0,0.0,0.0,0.0,0.0,0.0,0.0,0.0,0.0,0.0,10.150254896699742,19.801448886503895,0.04829621679635096,0.0,0.0,0.0,0.0,0.0,0.0,0.0,0.0,0.0,0.0,0.0,0.0,0.0,0.0,0.0,0.0,nan,nan,4.3254560530679935,2.913307731704798,nan,0.4043,0.049,0.0,0.0,0.0,0.0,0.0,0.0,0.0,0.0,0.0,0.0,0.0,0.0,0.0,0.0,0.0,0.0,0.00013415615776764153,0.0,0.0,0.000348806010195868,0.0028575261604507646,2.6831231553528306e-05,0.0,0.0010330024148108399,0.0034746444861819157,0.005178427689830963,0.00933726858062785,0.00332707271263751,0.0009927555674805473,0.0012878991145693587,0.0014623021196672927,0.008411591092031124,0.011993560504427153,0.013388784545210626,0.02221625972632144,0.04262141132277972,0.061094714247383955,0.07108934800107325,0.06333512208210357,0.0693855647974242,0.08439763885162328,0.11947947410786156,0.08500134156157768,0.08297558357928629,0.060772739468741614,0.04358733565870673,0.026589750469546553,0.05719077005634558,0.009350684196404615,0.014676683659779984,0.00523209015293802,0.005446740005366246,0.005808961631338878,0.004561309364099812,0.0004292997048564529,0.0011805741883552455,0.0,0.0,0.0,0.00032197477864233967,0.0,0.0,0.0,0.0,0.0,0.0,0.0,0.0,0.0,0.0,0.0,0.0,0.0,0.0,0.0,0.0,0.0,0.0,0.0,0.0,0.0,0.0,0.0,0.0,0.0,0.0,0.0,0.0,0.0,0.0,0.0,0.0,0.0,0.0,0.0,0.0,0.0,0.0,0.0,0.0,0.0,nan,nan,4.3254560530679935,2.913307731704798,nan,0.9356361580998241,0.02298307665821669,0.0,0.0,0.0,0.0,0.0,0.0,0.0,0.0,0.0,0.0,0.0,0.0,0.0,0.0,0.0,0.0,0.0,0.0,0.0,0.0,0.0,0.0,0.0,0.0,0.0,0.030848329048843194,1.8817480719794348,11.98457583547558,13.449871465295633,2.6529562982005146,0.9361337350742049,0.023573832237723705,0.0,0.0,0.0,0.0,0.0,0.0,0.0,0.0,0.0,0.0,0.0,0.0,0.0,0.0,0.0,0.0,0.0,0.0,0.0,0.0,0.0,0.0,0.0,0.0,0.0,0.016835016835016838,1.9360269360269364,11.632996632996635,13.552188552188554,2.8619528619528625,0.4043,0.01054,0.0,0.0,0.0,0.0,0.0,0.0,0.0,0.0,0.0,0.0,0.0,10.179948586118236,19.72750642673522,0.09254498714652958,0.0,0.0,0.0,0.0,0.0,0.0,0.0,0.0,0.0,0.0,0.0,0.0,0.0,0.0,0.0,0.0,0.4043,0.010315,0.0,0.0,0.0,0.0,0.0,0.0,0.0,0.0,0.0,0.0,0.0,10.117845117845103,19.882154882154886,0.0,0.0,0.0,0.0,0.0,0.0,0.0,0.0,0.0,0.0,0.0,0.0,0.0,0.0,0.0,0.0,0.0
35500,4051,2112,0.5213527524068131,974,819,0.44260676376203406,1127,0.5564058257220439,0.39799999999999996,2.961835997937081,3.0737182902507922,6.582089552238806,2.0860177996932605,8305.278704004428,433.37782307746573,7853.0,8740.242237472534,8720.5099573494,5.554394689959487,7853.0,0.0,27.502345099975315,20.661097497959304,32.401530762437446,18.968175259210515,0.14021229326092322,0.10491236731671193,0.09997531473710194,0.08244877807948654,0.07948654653172056,0.07479634658109109,0.06492224142187114,0.06640335719575413,0.06047889410022217,0.05134534682794372,0.04566773636139225,0.03949642063687978,0.031843989138484324,0.02715378918785485,0.017279684028634903,0.007652431498395458,0.005924463095531967,0.9365262788803422,0.022996930924173566,0.0,0.0,0.0,0.0,0.0,0.0,0.0,0.0,0.0,0.0,0.0,0.0,0.0,0.0,0.0,0.0,0.0,0.0,0.0,0.0,0.0,0.0,0.0,0.0,0.0,0.014811157738829923,1.7921500863984205,11.30091335472723,14.040977536410766,2.85114786472476,4.23404255319149,2.8650771409046376,nan,nan,nan,4.167687595712098,2.826568926504002,4.304381846635367,2.9019710884984877,1.0327985838151368,0.4045,0.010414,0.0,0.0,0.0,0.0,0.0,0.0,0.0,0.0,0.0,0.0,0.014811157738829923,9.790175265366562,20.157985682547523,0.037027894347074805,0.0,0.0,0.0,0.0,0.0,0.0,0.0,0.0,0.0,0.0,0.0,0.0,0.0,0.0,0.0,0.0,nan,nan,4.23404255319149,2.8650771409046376,nan,0.4045,0.04858,0.0,0.0,0.0,0.0,0.0,0.0,0.0,0.0,0.0,0.0,0.0,0.0,0.0,0.0,0.0,0.0,0.00017279684028634904,0.0,0.0,0.0004319921007158726,0.0026413231300913354,0.0,0.0,0.000715872624043446,0.0030486299679091584,0.005233275734386571,0.008541100962725253,0.003283139965440632,0.0006788447296963713,0.0011725499876573686,0.0021105899777832636,0.00723278202912861,0.011355220933102938,0.014194026166378671,0.025166625524561836,0.04161935324611207,0.06081214514934584,0.06823006665020982,0.06295976302147618,0.07135275240681313,0.09045914588990372,0.11741545297457417,0.08142433966921747,0.08421377437669711,0.0627252530239447,0.04321155270303629,0.026524314983954578,0.05528264626018267,0.010096272525302395,0.014181683534929646,0.005233275734386571,0.0055048136262651195,0.0063564551962478405,0.004393976795852876,0.000543075783757097,0.0012095778820044433,0.0,0.0,0.0,0.0002715378918785485,0.0,0.0,0.0,0.0,0.0,0.0,0.0,0.0,0.0,0.0,0.0,0.0,0.0,0.0,0.0,0.0,0.0,0.0,0.0,0.0,0.0,0.0,0.0,0.0,0.0,0.0,0.0,0.0,0.0,0.0,0.0,0.0,0.0,0.0,0.0,0.0,0.0,0.0,0.0,0.0,0.0,nan,nan,4.23404255319149,2.8650771409046376,nan,0.9367710626260801,0.0227121083263895,0.0,0.0,0.0,0.0,0.0,0.0,0.0,0.0,0.0,0.0,0.0,0.0,0.0,0.0,0.0,0.0,0.0,0.0,0.0,0.0,0.0,0.0,0.0,0.0,0.0,0.014204545454545458,1.6619318181818186,11.264204545454547,14.303977272727277,2.755681818181819,0.9362596552233035,0.023300279277982495,0.0,0.0,0.0,0.0,0.0,0.0,0.0,0.0,0.0,0.0,0.0,0.0,0.0,0.0,0.0,0.0,0.0,0.0,0.0,0.0,0.0,0.0,0.0,0.0,0.0,0.015471892728210422,1.9339865910263028,11.340897369778238,13.754512635379065,2.95513151108819,0.4045,0.01032,0.0,0.0,0.0,0.0,0.0,0.0,0.0,0.0,0.0,0.0,0.014204545454545458,9.801136363636349,20.184659090909093,0.0,0.0,0.0,0.0,0.0,0.0,0.0,0.0,0.0,0.0,0.0,0.0,0.0,0.0,0.0,0.0,0.0,0.4045,0.01052,0.0,0.0,0.0,0.0,0.0,0.0,0.0,0.0,0.0,0.0,0.015471892728210422,9.77823620422897,20.12893243940176,0.0773594636410521,0.0,0.0,0.0,0.0,0.0,0.0,0.0,0.0,0.0,0.0,0.0,0.0,0.0,0.0,0.0,0.0
35600,3945,2093,0.5305449936628643,984,791,0.449936628643853,1079,0.54702154626109,0.43,3.0345572354211665,3.1334422326134934,6.580524344569288,2.1480927230419127,8313.21045843715,432.9234956280778,7853.0,8739.404833817482,8720.429650518183,5.529565651600883,7853.0,0.0,28.023067173637514,21.005092634280427,33.16823565138172,19.177411026208013,0.1444866920152091,0.09632446134347275,0.09150823827629911,0.08111533586818757,0.08339670468948035,0.0806083650190114,0.06514575411913814,0.06286438529784537,0.061596958174904945,0.05652724968314322,0.042332065906210394,0.03269961977186312,0.034727503168567805,0.02788339670468948,0.021546261089987327,0.010392902408111533,0.006844106463878327,0.9356166543011731,0.02303550310097397,0.0,0.0,0.0,0.0,0.0,0.0,0.0,0.0,0.0,0.0,0.0,0.0,0.0,0.0,0.0,0.0,0.0,0.0,0.0,0.0,0.0,0.0,0.0,0.0,0.0,0.08365019011406846,1.73384030418251,12.167300380228138,13.3384030418251,2.676806083650191,4.22435395458105,2.930441660530596,nan,nan,nan,4.227838258164852,2.8750878531925235,4.220820189274448,2.985529024213111,0.998340033733114,0.4048,0.01027,0.0,0.0,0.0,0.0,0.0,0.0,0.0,0.0,0.0,0.0,0.007604562737642587,9.239543726235729,20.684410646387835,0.06844106463878329,0.0,0.0,0.0,0.0,0.0,0.0,0.0,0.0,0.0,0.0,0.0,0.0,0.0,0.0,0.0,0.0,nan,nan,4.22435395458105,2.930441660530596,nan,0.4048,0.04825,0.0,0.0,0.0,0.0,0.0,0.0,0.0,0.0,0.0,0.0,0.0,0.0,0.0,0.0,0.0,0.0,0.0001394169835234474,0.00011406844106463878,0.0,0.00020278833967046894,0.002864385297845374,0.0,0.0,0.0009759188846641318,0.0027629911280101396,0.005817490494296578,0.008986058301647655,0.002750316856780735,0.0004309252217997465,0.000697084917617237,0.002496831432192649,0.006730038022813688,0.009974651457541192,0.012002534854245881,0.025538656527249685,0.038073510773130544,0.06330798479087453,0.06703422053231939,0.06258555133079848,0.07349809885931559,0.09022813688212927,0.11953105196451204,0.08416983523447402,0.08448669201520913,0.06271229404309252,0.04131812420785805,0.02665399239543726,0.0564765525982256,0.011457541191381496,0.014664131812420786,0.005335868187579214,0.004321926489226869,0.005779467680608365,0.004017743979721166,0.0007858048162230672,0.0007604562737642585,2.5348542458808618e-05,0.0,0.0,0.00029150823827629914,0.0,0.0,0.0,0.0,0.0,0.0,0.0,0.0,0.0,0.0,0.0,0.0,0.0,0.0,0.0,0.0,0.0,0.0,0.0,0.0,0.0,0.0,0.0,0.0,0.0,0.0,0.0,0.0,0.0,0.0,0.0,0.0,0.0,0.0,0.0,0.0,0.0,0.0,0.0,0.0,0.0,nan,nan,4.22435395458105,2.930441660530596,nan,0.9359991844339457,0.022687203581920383,0.0,0.0,0.0,0.0,0.0,0.0,0.0,0.0,0.0,0.0,0.0,0.0,0.0,0.0,0.0,0.0,0.0,0.0,0.0,0.0,0.0,0.0,0.0,0.0,0.0,0.057333970377448654,1.6053511705685624,12.269469660774012,13.430482560917348,2.6373626373626378,0.9351843456792007,0.02341537267183335,0.0,0.0,0.0,0.0,0.0,0.0,0.0,0.0,0.0,0.0,0.0,0.0,0.0,0.0,0.0,0.0,0.0,0.0,0.0,0.0,0.0,0.0,0.0,0.0,0.0,0.11339092872570197,1.8790496760259183,12.05183585313175,13.234341252699785,2.721382289416847,0.405,0.01043,0.0,0.0,0.0,0.0,0.0,0.0,0.0,0.0,0.0,0.0,0.014333492594362163,9.173435260391768,20.711896798853324,0.10033444816053515,0.0,0.0,0.0,0.0,0.0,0.0,0.0,0.0,0.0,0.0,0.0,0.0,0.0,0.0,0.0,0.0,0.4048,0.01008,0.0,0.0,0.0,0.0,0.0,0.0,0.0,0.0,0.0,0.0,0.0,9.314254859611218,20.65334773218143,0.03239740820734342,0.0,0.0,0.0,0.0,0.0,0.0,0.0,0.0,0.0,0.0,0.0,0.0,0.0,0.0,0.0,0.0
35700,4041,2058,0.5092798812175204,955,830,0.4417223459539718,1127,0.5577827270477604,0.438,2.9662128088754414,3.165842682153769,6.848948374760994,2.135499333338356,8294.791979909432,433.68592084678164,7853.0,8739.177646422386,8720.483669005838,5.6580390984254105,7853.0,0.0,27.619401138332098,20.976758794911685,32.57471943295924,19.314366968834644,0.14204404850284583,0.10368720613709478,0.0957683741648107,0.08413758970551843,0.08413758970551843,0.07819846572630537,0.06508290027220985,0.06310319227913883,0.05642167780252413,0.050482553823311065,0.04850284583024004,0.030438010393466965,0.032665181885671864,0.026726057906458798,0.020539470428111852,0.00989853996535511,0.008166295471417966,0.9356963338016491,0.0233024098536987,0.0,0.0,0.0,0.0,0.0,0.0,0.0,0.0,0.0,0.0,0.0,0.0,0.0,0.0,0.0,0.0,0.0,0.0,0.0,0.0,0.0,0.0,0.0,0.0,0.0,0.051967334818114344,1.8114328136599855,11.848552338530068,13.452115812917599,2.8359317000742394,4.400546021840873,2.9407592938697062,nan,nan,nan,4.439310884886453,2.9610558384814514,4.362082362082362,2.9199724348718625,0.98260348851282,0.4053,0.01036,0.0,0.0,0.0,0.0,0.0,0.0,0.0,0.0,0.0,0.0,0.014847809948032668,9.027468448403848,20.89829250185598,0.05939123979213067,0.0,0.0,0.0,0.0,0.0,0.0,0.0,0.0,0.0,0.0,0.0,0.0,0.0,0.0,0.0,0.0,nan,nan,4.400546021840873,2.9407592938697062,nan,0.4053,0.0481,0.0,0.0,0.0,0.0,0.0,0.0,0.0,0.0,0.0,0.0,0.0,0.0,0.0,0.0,0.0,0.0,0.00027220984904726553,0.00014847809948032666,2.4746349913387775e-05,0.0002969561989606533,0.0015590200445434299,0.0,0.0,0.0006186587478346944,0.003316010888393962,0.005592675080425638,0.009329373917347191,0.0021158129175946547,0.0002969561989606533,0.000977480821578817,0.0030438010393466965,0.007436278148973027,0.01145756000989854,0.01088839396189062,0.02623113090819104,0.03823311061618411,0.061878247958426134,0.06806483543677308,0.05767136847315021,0.06935164563226924,0.09365256124721603,0.12212323682256868,0.0854243999010146,0.08025241276911656,0.06685226429101708,0.041747092303885174,0.02842118287552586,0.05498638950754764,0.011643157634248948,0.013820836426627072,0.005369957931205148,0.004652313783716902,0.005035882207374412,0.004912150457807473,0.0009156149467953477,0.0010393466963622866,1.2373174956693887e-05,0.0,0.0,0.00033407572383073496,0.0,0.0,0.0,0.0,0.0,0.0,0.0,0.0,0.0,0.0,0.0,0.0,0.0,0.0,0.0,0.0,0.0,0.0,0.0,0.0,0.0,0.0,0.0,0.0,0.0,0.0,0.0,0.0,0.0,0.0,0.0,0.0,0.0,0.0,0.0,0.0,0.0,0.0,0.0,0.0,0.0,nan,nan,4.400546021840873,2.9407592938697062,nan,0.9360411785781905,0.023296777519957075,0.0,0.0,0.0,0.0,0.0,0.0,0.0,0.0,0.0,0.0,0.0,0.0,0.0,0.0,0.0,0.0,0.0,0.0,0.0,0.0,0.0,0.0,0.0,0.0,0.0,0.014577259475218662,1.8658892128279887,11.632653061224492,13.483965014577263,3.0029154518950447,0.9353384464843911,0.023302858085864273,0.0,0.0,0.0,0.0,0.0,0.0,0.0,0.0,0.0,0.0,0.0,0.0,0.0,0.0,0.0,0.0,0.0,0.0,0.0,0.0,0.0,0.0,0.0,0.0,0.0,0.09077155824508322,1.7549167927382758,12.072617246596069,13.41906202723147,2.6626323751891077,0.4053,0.01033,0.0,0.0,0.0,0.0,0.0,0.0,0.0,0.0,0.0,0.0,0.0,8.9941690962099,20.932944606413997,0.07288629737609331,0.0,0.0,0.0,0.0,0.0,0.0,0.0,0.0,0.0,0.0,0.0,0.0,0.0,0.0,0.0,0.0,0.4053,0.01038,0.0,0.0,0.0,0.0,0.0,0.0,0.0,0.0,0.0,0.0,0.03025718608169441,9.06202723146746,20.862329803328294,0.04538577912254161,0.0,0.0,0.0,0.0,0.0,0.0,0.0,0.0,0.0,0.0,0.0,0.0,0.0,0.0,0.0,0.0
35800,4208,2140,0.5085551330798479,998,843,0.4375,1179,0.560361216730038,0.40199999999999997,2.7707930367504834,2.957087991662587,6.35431654676259,2.0273310769288773,8294.150787067907,433.6851094696241,7853.0,8739.79995610714,8720.459117748482,5.699242051510243,7853.0,0.0,27.58769011406844,20.565771578863963,32.36907449209932,18.886566243516818,0.13640684410646386,0.10384980988593157,0.10004752851711027,0.08151140684410646,0.08032319391634982,0.08151140684410646,0.07010456273764258,0.059648288973384034,0.05537072243346008,0.05489543726235741,0.04586501901140684,0.0408745247148289,0.034695817490494295,0.026615969581749048,0.013783269961977186,0.010693916349809885,0.0038022813688212928,0.9359133050213975,0.023037305610676254,0.0,0.0,0.0,0.0,0.0,0.0,0.0,0.0,0.0,0.0,0.0,0.0,0.0,0.0,0.0,0.0,0.0,0.0,0.0,0.0,0.0,0.0,0.0,0.0,0.0,0.05703422053231941,1.8536121673003807,11.649239543726237,13.759505703422057,2.680608365019012,4.160507652108996,2.7564429062076012,nan,nan,nan,4.121861152141802,2.749095851083867,4.2,2.7633722903536433,1.0189571761333094,0.4053,0.01041,0.0,0.0,0.0,0.0,0.0,0.0,0.0,0.0,0.0,0.0,0.021387832699619774,8.754752851711014,21.152566539923956,0.07129277566539925,0.0,0.0,0.0,0.0,0.0,0.0,0.0,0.0,0.0,0.0,0.0,0.0,0.0,0.0,0.0,0.0,nan,nan,4.160507652108996,2.7564429062076012,nan,0.4053,0.04822,0.0,0.0,0.0,0.0,0.0,0.0,0.0,0.0,0.0,0.0,0.0,0.0,0.0,0.0,0.0,0.0,9.505703422053231e-05,0.00013070342205323193,0.0,0.00019011406844106463,0.001318916349809886,0.0,0.0,0.0006772813688212928,0.003980513307984791,0.004776615969581749,0.009695817490494297,0.0022100760456273765,0.0001188212927756654,0.0012119771863117871,0.003362642585551331,0.008293726235741445,0.012939638783269963,0.0093037072243346,0.02583174904942966,0.03919914448669202,0.05914923954372624,0.06905893536121673,0.05830560836501901,0.06977186311787072,0.09542538022813689,0.12053231939163499,0.08638307984790874,0.08006178707224335,0.06715779467680609,0.039211026615969584,0.02799429657794677,0.05331511406844106,0.013165399239543726,0.014056558935361218,0.005430133079847909,0.0043013307984790874,0.004907319391634981,0.005061787072243346,0.0014615019011406845,0.0015090304182509505,0.0,1.188212927756654e-05,0.0,0.00039211026615969583,0.0,0.0,0.0,0.0,0.0,0.0,0.0,0.0,0.0,0.0,0.0,0.0,0.0,0.0,0.0,0.0,0.0,0.0,0.0,0.0,0.0,0.0,0.0,0.0,0.0,0.0,0.0,0.0,0.0,0.0,0.0,0.0,0.0,0.0,0.0,0.0,0.0,0.0,0.0,0.0,0.0,nan,nan,4.160507652108996,2.7564429062076012,nan,0.935913799828458,0.02322219349681822,0.0,0.0,0.0,0.0,0.0,0.0,0.0,0.0,0.0,0.0,0.0,0.0,0.0,0.0,0.0,0.0,0.0,0.0,0.0,0.0,0.0,0.0,0.0,0.0,0.0,0.07009345794392524,1.8785046728971966,11.719626168224302,13.668224299065423,2.6635514018691593,0.9359127929870118,0.022844405248256882,0.0,0.0,0.0,0.0,0.0,0.0,0.0,0.0,0.0,0.0,0.0,0.0,0.0,0.0,0.0,0.0,0.0,0.0,0.0,0.0,0.0,0.0,0.0,0.0,0.0,0.04352030947775629,1.8278529980657645,11.576402321083174,13.853965183752422,2.69825918762089,0.4053,0.010475,0.0,0.0,0.0,0.0,0.0,0.0,0.0,0.0,0.0,0.0,0.042056074766355145,8.705607476635501,21.18224299065421,0.07009345794392524,0.0,0.0,0.0,0.0,0.0,0.0,0.0,0.0,0.0,0.0,0.0,0.0,0.0,0.0,0.0,0.0,0.4053,0.01033,0.0,0.0,0.0,0.0,0.0,0.0,0.0,0.0,0.0,0.0,0.0,8.805609284332677,21.121856866537723,0.07253384912959382,0.0,0.0,0.0,0.0,0.0,0.0,0.0,0.0,0.0,0.0,0.0,0.0,0.0,0.0,0.0,0.0
35900,4206,2156,0.5126010461245839,987,870,0.44151212553495006,1183,0.562529719448407,0.40199999999999997,2.982439024390244,3.071296524896766,6.518072289156627,2.091314816297924,8297.729054057329,433.6766242754163,7853.0,8738.78574552536,8720.59295054041,5.508432379098716,7853.0,0.0,27.865192582025678,20.84532264160985,32.839478162223486,19.095983670758905,0.1390870185449358,0.10770328102710414,0.08749405611031859,0.08749405611031859,0.07917261055634807,0.07275320970042796,0.06823585354255825,0.06348074179743224,0.06229196386115074,0.05492154065620542,0.0442225392296719,0.038991916310033285,0.030670470756062766,0.030194959581550166,0.01759391345696624,0.009272467902995721,0.006419400855920114,0.9363525499914354,0.02295597113684686,0.0,0.0,0.0,0.0,0.0,0.0,0.0,0.0,0.0,0.0,0.0,0.0,0.0,0.0,0.0,0.0,0.0,0.0,0.0,0.0,0.0,0.0,0.0,0.0,0.0,0.0427960057061341,1.640513552068474,11.711840228245368,13.808844507845938,2.7960057061340944,4.395841069439287,2.8593748079960064,nan,nan,nan,4.480586080586081,2.8578963972967437,4.308734939759036,2.85827622491876,0.961645387961263,0.405,0.00997,0.0,0.0,0.0,0.0,0.0,0.0,0.0,0.0,0.0,0.0,0.007132667617689018,9.17974322396575,20.74179743223966,0.07132667617689017,0.0,0.0,0.0,0.0,0.0,0.0,0.0,0.0,0.0,0.0,0.0,0.0,0.0,0.0,0.0,0.0,nan,nan,4.395841069439287,2.8593748079960064,nan,0.405,0.04745,0.0,0.0,0.0,0.0,0.0,0.0,0.0,0.0,0.0,0.0,0.0,0.0,0.0,0.0,0.0,0.0,0.00010699001426533524,0.00016642891107941036,0.0,0.00011887779362815027,0.001414645744174988,0.0,3.566333808844508e-05,0.0003328578221588207,0.0039110794103661434,0.0048621017593913456,0.008036138849262959,0.002627199239182121,8.321445553970518e-05,0.0008202567760342368,0.003649548264384213,0.008071802187351403,0.011959106038991916,0.00922491678554446,0.02568949120304327,0.04174988112220637,0.05883262006657156,0.06829529243937232,0.05962910128388017,0.0727888730385164,0.09688540180694247,0.11943651925820256,0.08642415596766524,0.08353542558250118,0.06430099857346648,0.03920589633856396,0.02698525915359011,0.05286495482643842,0.012541607227769853,0.014407988587731811,0.005527817403708987,0.0029125059438896814,0.00444602948169282,0.005123632905373276,0.0011412268188302425,0.0015810746552543985,0.0,0.0,0.0,0.0002734189253447456,0.0,0.0,0.0,0.0,0.0,0.0,0.0,0.0,0.0,0.0,0.0,0.0,0.0,0.0,0.0,0.0,0.0,0.0,0.0,0.0,0.0,0.0,0.0,0.0,0.0,0.0,0.0,0.0,0.0,0.0,0.0,0.0,0.0,0.0,0.0,0.0,0.0,0.0,0.0,0.0,0.0,nan,nan,4.395841069439287,2.8593748079960064,nan,0.9364818889157007,0.022868106732061258,0.0,0.0,0.0,0.0,0.0,0.0,0.0,0.0,0.0,0.0,0.0,0.0,0.0,0.0,0.0,0.0,0.0,0.0,0.0,0.0,0.0,0.0,0.0,0.0,0.0,0.013914656771799632,1.5027829313543604,12.077922077922082,13.427643784786646,2.9777365491651215,0.9362165232984031,0.023047234298313266,0.0,0.0,0.0,0.0,0.0,0.0,0.0,0.0,0.0,0.0,0.0,0.0,0.0,0.0,0.0,0.0,0.0,0.0,0.0,0.0,0.0,0.0,0.0,0.0,0.0,0.07317073170731708,1.785365853658537,11.326829268292684,14.209756097560978,2.6048780487804883,0.4053,0.010025,0.0,0.0,0.0,0.0,0.0,0.0,0.0,0.0,0.0,0.0,0.013914656771799632,9.350649350649338,20.538033395176257,0.09740259740259744,0.0,0.0,0.0,0.0,0.0,0.0,0.0,0.0,0.0,0.0,0.0,0.0,0.0,0.0,0.0,0.0,0.4048,0.00991,0.0,0.0,0.0,0.0,0.0,0.0,0.0,0.0,0.0,0.0,0.0,8.999999999999988,20.956097560975614,0.04390243902439025,0.0,0.0,0.0,0.0,0.0,0.0,0.0,0.0,0.0,0.0,0.0,0.0,0.0,0.0,0.0,0.0
36000,4148,2104,0.5072324011571842,976,847,0.4394889103182257,1160,0.5593056894889104,0.414,2.958904109589041,3.092392339945145,6.5131348511383536,2.193227710686239,8293.084694931844,433.7827201829765,7853.0,8737.875979357957,8720.619446091865,5.607209617300271,7853.0,0.0,27.723481195756992,20.945593715099065,32.705154045493806,19.2572569644279,0.13934426229508196,0.10872709739633558,0.09161041465766634,0.08148505303760849,0.08244937319189971,0.08100289296046287,0.06870781099324975,0.05641272902603665,0.055689488910318226,0.05110896817743491,0.04556412729026037,0.04387656702025072,0.03230472516875603,0.027483124397299902,0.01808100289296046,0.009402121504339441,0.006750241080038573,0.9367222272096742,0.023691643983428705,0.0,0.0,0.0,0.0,0.0,0.0,0.0,0.0,0.0,0.0,0.0,0.0,0.0,0.0,0.0,0.0,0.0,0.0,0.0,0.0,0.0,0.0,0.0,0.0,0.0,0.03616200578592093,1.8731918997107044,11.253616200578595,13.821118611378981,3.015911282545806,4.359712230215828,2.8594670533760373,nan,nan,nan,4.419596110695587,2.8565303396037773,4.298312883435583,2.86117391502904,0.9725578482236206,0.4058,0.0099,0.0,0.0,0.0,0.0,0.0,0.0,0.0,0.0,0.0,0.0,0.0,8.5920925747348,21.350048216007718,0.057859209257473496,0.0,0.0,0.0,0.0,0.0,0.0,0.0,0.0,0.0,0.0,0.0,0.0,0.0,0.0,0.0,0.0,nan,nan,4.359712230215828,2.8594670533760373,nan,0.4058,0.047,0.0,0.0,0.0,0.0,0.0,0.0,0.0,0.0,0.0,0.0,0.0,0.0,0.0,0.0,0.0,0.0,0.00010848601735776277,0.00010848601735776277,0.0,0.0001687560270009643,0.0014464802314368371,0.0,1.2054001928640309e-05,8.437801350048216e-05,0.004050144648023143,0.0033751205400192863,0.00778688524590164,0.003170202507232401,0.0001446480231436837,0.0013018322082931533,0.0030255544840887176,0.0069189971070395375,0.012005785920925747,0.007871263259402121,0.02544599807135969,0.04230954676952748,0.05960703953712632,0.06646576663452267,0.05984811957569913,0.07179363548698167,0.09817984570877532,0.11757473481195757,0.08958534233365477,0.08387174541947927,0.06369334619093539,0.04068225650916104,0.027868852459016394,0.052471070395371265,0.013295564127290261,0.015163934426229509,0.0054122468659594984,0.002422854387656702,0.004423818707810993,0.005496624879459981,0.0006991321118611379,0.0019045323047251687,0.0,0.0,0.0,0.00020491803278688525,0.0,0.0,0.0,0.0,0.0,0.0,0.0,0.0,0.0,0.0,0.0,0.0,0.0,0.0,0.0,0.0,0.0,0.0,0.0,0.0,0.0,0.0,0.0,0.0,0.0,0.0,0.0,0.0,0.0,0.0,0.0,0.0,0.0,0.0,0.0,0.0,0.0,0.0,0.0,0.0,0.0,nan,nan,4.359712230215828,2.8594670533760373,nan,0.9362916650937537,0.02353758704418581,0.0,0.0,0.0,0.0,0.0,0.0,0.0,0.0,0.0,0.0,0.0,0.0,0.0,0.0,0.0,0.0,0.0,0.0,0.0,0.0,0.0,0.0,0.0,0.0,0.0,0.04277566539923955,1.9534220532319395,11.050380228136884,14.115969581749052,2.8374524714828904,0.9371654281352597,0.02384106360392123,0.0,0.0,0.0,0.0,0.0,0.0,0.0,0.0,0.0,0.0,0.0,0.0,0.0,0.0,0.0,0.0,0.0,0.0,0.0,0.0,0.0,0.0,0.0,0.0,0.0,0.029354207436399223,1.7906066536203527,11.462818003913895,13.517612524461843,3.1996086105675157,0.4055,0.00981,0.0,0.0,0.0,0.0,0.0,0.0,0.0,0.0,0.0,0.0,0.0,8.669201520912535,21.288022813688215,0.04277566539923955,0.0,0.0,0.0,0.0,0.0,0.0,0.0,0.0,0.0,0.0,0.0,0.0,0.0,0.0,0.0,0.0,0.4058,0.01,0.0,0.0,0.0,0.0,0.0,0.0,0.0,0.0,0.0,0.0,0.0,8.51272015655576,21.41389432485323,0.07338551859099805,0.0,0.0,0.0,0.0,0.0,0.0,0.0,0.0,0.0,0.0,0.0,0.0,0.0,0.0,0.0,0.0
36100,4060,2146,0.5285714285714286,989,817,0.44482758620689655,1124,0.5536945812807882,0.422,2.9696969696969697,3.1017440760975563,6.519924098671726,2.177834168174476,8311.50637431214,433.03238624200446,7853.0,8740.79841619134,8720.444491941891,5.555550279743943,7853.0,0.0,28.013546798029555,20.944803457032517,32.908984489318115,19.217717338292832,0.13768472906403942,0.10098522167487685,0.09261083743842365,0.09211822660098522,0.07684729064039408,0.07118226600985221,0.07019704433497537,0.06502463054187192,0.057389162561576355,0.05394088669950739,0.04556650246305419,0.039655172413793106,0.034482758620689655,0.024630541871921183,0.019950738916256157,0.011330049261083743,0.0064039408866995075,0.9355090337580648,0.02341160806676438,0.0,0.0,0.0,0.0,0.0,0.0,0.0,0.0,0.0,0.0,0.0,0.0,0.0,0.0,0.0,0.0,0.0,0.0,0.0,0.0,0.0,0.0,0.0,0.0,0.0,0.022167487684729068,2.0320197044334978,11.793103448275863,13.330049261083747,2.822660098522168,4.188194710617094,2.8972830876183884,nan,nan,nan,4.20926640926641,2.918227737822787,4.167427701674277,2.876341048576432,0.9900603327221038,0.4058,0.01001,0.0,0.0,0.0,0.0,0.0,0.0,0.0,0.0,0.0,0.0,0.014778325123152712,8.283251231527082,21.59113300492611,0.11083743842364535,0.0,0.0,0.0,0.0,0.0,0.0,0.0,0.0,0.0,0.0,0.0,0.0,0.0,0.0,0.0,0.0,nan,nan,4.188194710617094,2.8972830876183884,nan,0.4058,0.04727,0.0,0.0,0.0,0.0,0.0,0.0,0.0,0.0,0.0,0.0,0.0,0.0,0.0,0.0,0.0,0.0,6.157635467980295e-05,0.0003448275862068965,0.0,0.00014778325123152708,0.0012807881773399014,0.0,1.2315270935960592e-05,3.694581280788177e-05,0.004630541871921182,0.0038916256157635466,0.00812807881773399,0.0029187192118226603,0.00016009852216748767,0.001625615763546798,0.002758620689655172,0.0060467980295566505,0.010997536945812809,0.007426108374384236,0.026268472906403943,0.04166256157635468,0.05896551724137931,0.065935960591133,0.0630295566502463,0.0700615763546798,0.09713054187192119,0.11833743842364532,0.08785714285714286,0.08582512315270936,0.062179802955665026,0.041970443349753694,0.028596059113300494,0.051576354679802955,0.01481527093596059,0.014433497536945812,0.005640394088669951,0.002795566502463054,0.003694581280788177,0.005775862068965517,0.0009605911330049261,0.0018349753694581281,3.694581280788177e-05,0.0,0.0,0.00014778325123152708,0.0,0.0,0.0,0.0,0.0,0.0,0.0,0.0,0.0,0.0,0.0,0.0,0.0,0.0,0.0,0.0,0.0,0.0,0.0,0.0,0.0,0.0,0.0,0.0,0.0,0.0,0.0,0.0,0.0,0.0,0.0,0.0,0.0,0.0,0.0,0.0,0.0,0.0,0.0,0.0,0.0,nan,nan,4.188194710617094,2.8972830876183884,nan,0.9353558620002264,0.023254190812554237,0.0,0.0,0.0,0.0,0.0,0.0,0.0,0.0,0.0,0.0,0.0,0.0,0.0,0.0,0.0,0.0,0.0,0.0,0.0,0.0,0.0,0.0,0.0,0.0,0.0,0.027958993476234862,2.06896551724138,11.630941286113703,13.504193849021439,2.767940354147251,0.9356807717895806,0.02358567402693886,0.0,0.0,0.0,0.0,0.0,0.0,0.0,0.0,0.0,0.0,0.0,0.0,0.0,0.0,0.0,0.0,0.0,0.0,0.0,0.0,0.0,0.0,0.0,0.0,0.0,0.015673981191222573,1.990595611285267,11.974921630094046,13.134796238244517,2.8840125391849534,0.4058,0.01012,0.0,0.0,0.0,0.0,0.0,0.0,0.0,0.0,0.0,0.0,0.027958993476234862,8.317800559179858,21.556383970177077,0.09785647716682203,0.0,0.0,0.0,0.0,0.0,0.0,0.0,0.0,0.0,0.0,0.0,0.0,0.0,0.0,0.0,0.0,0.4058,0.00989,0.0,0.0,0.0,0.0,0.0,0.0,0.0,0.0,0.0,0.0,0.0,8.24451410658306,21.63009404388715,0.12539184952978058,0.0,0.0,0.0,0.0,0.0,0.0,0.0,0.0,0.0,0.0,0.0,0.0,0.0,0.0,0.0,0.0
36200,3958,2072,0.5234967155128853,988,798,0.4512379989893886,1068,0.53966649823143,0.438,2.9766702014846236,3.117781035240252,6.567251461988304,2.210170459304898,8307.118766604366,433.27645726521973,7853.0,8742.836831593513,8720.472045473014,5.699805674429729,7853.0,0.0,27.494946942900455,20.635687081819484,32.25869304556355,18.980724697504826,0.13996968165740273,0.10030318342597272,0.09272359777665487,0.09398686205154118,0.08564931783729156,0.07478524507326932,0.06442647801920162,0.06493178372915615,0.057857503789792826,0.05305709954522486,0.045224861040929765,0.03663466397170288,0.032844871147043965,0.02425467407781708,0.016422435573521982,0.009600808489135927,0.007326932794340576,0.9355245274145715,0.023307533602117306,0.0,0.0,0.0,0.0,0.0,0.0,0.0,0.0,0.0,0.0,0.0,0.0,0.0,0.0,0.0,0.0,0.0,0.0,0.0,0.0,0.0,0.0,0.0,0.0,0.0,0.04547751389590703,1.8191005558362814,12.036382011116727,13.393127842344622,2.7059120768064684,4.206173328056985,2.898738430073381,nan,nan,nan,4.3341384863123995,2.97308545794463,4.082490272373541,2.8195062667826747,0.9419381234047812,0.4055,0.00993,0.0,0.0,0.0,0.0,0.0,0.0,0.0,0.0,0.0,0.0,0.0,8.602829711975733,21.32137443153108,0.07579585649317838,0.0,0.0,0.0,0.0,0.0,0.0,0.0,0.0,0.0,0.0,0.0,0.0,0.0,0.0,0.0,0.0,nan,nan,4.206173328056985,2.898738430073381,nan,0.4055,0.04648,0.0,0.0,0.0,0.0,0.0,0.0,0.0,0.0,0.0,0.0,0.0,0.0,0.0,0.0,0.0,0.0,0.00011369378473976756,0.0006821627084386054,0.0,0.0001389590702374937,0.000606366851945427,0.0,2.5265285497726124e-05,3.7897928246589185e-05,0.003638201111672562,0.003852956038403234,0.007516422435573522,0.0023875694795351186,5.053057099545225e-05,0.002223345123799899,0.00185699848408287,0.0056088933804952,0.009436584133400707,0.00812278928751895,0.028739262253663467,0.04195300656897423,0.05855229914098029,0.06733198585144012,0.0663845376452754,0.07201869631126832,0.0991788782213239,0.12067963617988883,0.08379231935320869,0.0836533602829712,0.06301162203132896,0.0413466397170288,0.02940879231935321,0.04849671551288529,0.014754926730672057,0.01323900960080849,0.0071879737241030825,0.00264022233451238,0.0027412834765032845,0.0054067710965133905,0.0006316321374431531,0.0021349166245578574,0.0001642243557352198,0.0,0.0,0.00025265285497726126,0.0,0.0,0.0,0.0,0.0,0.0,0.0,0.0,0.0,0.0,0.0,0.0,0.0,0.0,0.0,0.0,0.0,0.0,0.0,0.0,0.0,0.0,0.0,0.0,0.0,0.0,0.0,0.0,0.0,0.0,0.0,0.0,0.0,0.0,0.0,0.0,0.0,0.0,0.0,0.0,0.0,nan,nan,4.206173328056985,2.898738430073381,nan,0.9355114852887323,0.02369584067629596,0.0,0.0,0.0,0.0,0.0,0.0,0.0,0.0,0.0,0.0,0.0,0.0,0.0,0.0,0.0,0.0,0.0,0.0,0.0,0.0,0.0,0.0,0.0,0.0,0.0,0.05791505791505793,1.8388030888030893,12.104247104247108,13.059845559845563,2.9391891891891895,0.9355388557733938,0.022873324526447532,0.0,0.0,0.0,0.0,0.0,0.0,0.0,0.0,0.0,0.0,0.0,0.0,0.0,0.0,0.0,0.0,0.0,0.0,0.0,0.0,0.0,0.0,0.0,0.0,0.0,0.031813361611877,1.7974549310710504,11.961823966065749,13.7592788971368,2.4496288441145286,0.4058,0.00988,0.0,0.0,0.0,0.0,0.0,0.0,0.0,0.0,0.0,0.0,0.0,8.499034749034736,21.414092664092667,0.08687258687258688,0.0,0.0,0.0,0.0,0.0,0.0,0.0,0.0,0.0,0.0,0.0,0.0,0.0,0.0,0.0,0.0,0.4055,0.00999,0.0,0.0,0.0,0.0,0.0,0.0,0.0,0.0,0.0,0.0,0.0,8.716861081654281,21.219512195121954,0.063626723223754,0.0,0.0,0.0,0.0,0.0,0.0,0.0,0.0,0.0,0.0,0.0,0.0,0.0,0.0,0.0,0.0
36300,4088,2170,0.5308219178082192,1066,781,0.4518101761252446,1106,0.541095890410959,0.40599999999999997,2.9749739311783108,3.0682876881368775,6.538461538461538,1.913572218371965,8313.59882346088,433.0491607473953,7853.0,8740.666246676445,8720.708751294045,5.6959400870699985,7853.0,0.0,28.286448140900195,20.63566375708452,32.957060518731986,18.889276969831943,0.13087084148727984,0.09955968688845401,0.09222113502935421,0.08683953033268102,0.07852250489236791,0.074853228962818,0.07167318982387476,0.07142857142857142,0.05552837573385518,0.0547945205479452,0.05014677103718199,0.0410958904109589,0.03767123287671233,0.02128180039138943,0.017367906066536203,0.010029354207436399,0.00611545988258317,0.9358302794265654,0.023566517330086793,0.0,0.0,0.0,0.0,0.0,0.0,0.0,0.0,0.0,0.0,0.0,0.0,0.0,0.0,0.0,0.0,0.0,0.0,0.0,0.0,0.0,0.0,0.0,0.0,0.0,0.07338551859099805,1.8272994129158517,11.741682974559689,13.414872798434446,2.942759295499022,4.069236526946108,2.8964276496546133,nan,nan,nan,4.07973174366617,2.9136183535519513,4.0586466165413535,2.8789390229173875,0.9948317368764377,0.4062,0.00952,0.0,0.0,0.0,0.0,0.0,0.0,0.0,0.0,0.0,0.0,0.0,7.7715264187866815,22.17710371819961,0.05136986301369864,0.0,0.0,0.0,0.0,0.0,0.0,0.0,0.0,0.0,0.0,0.0,0.0,0.0,0.0,0.0,0.0,nan,nan,4.069236526946108,2.8964276496546133,nan,0.4062,0.04544,0.0,0.0,0.0,0.0,0.0,0.0,0.0,0.0,0.0,0.0,0.0,0.0,0.0,0.0,0.0,0.0,0.00013454011741682975,0.0005136986301369863,0.0,8.561643835616438e-05,0.00034246575342465754,0.0,0.00011007827788649707,0.00011007827788649707,0.0025318003913894324,0.004231898238747553,0.005760763209393347,0.0023116438356164384,9.784735812133073e-05,0.002727495107632094,0.0012842465753424657,0.004831213307240704,0.009821428571428571,0.007008317025440313,0.030088062622309196,0.038527397260273974,0.05738747553816047,0.06843199608610567,0.0683463796477495,0.07325097847358121,0.0959637964774951,0.12563600782778864,0.08511497064579257,0.08833170254403132,0.06152152641878669,0.04058219178082192,0.029831213307240704,0.04548679060665362,0.013429549902152641,0.014383561643835616,0.007326320939334638,0.003228962818003914,0.00287426614481409,0.005222602739726028,0.00041585127201565557,0.002397260273972603,0.00014677103718199608,0.0,0.0,0.00015900195694716244,0.0,0.0,0.0,1.223091976516634e-05,0.0,0.0,0.0,0.0,0.0,0.0,0.0,0.0,0.0,0.0,0.0,0.0,0.0,0.0,0.0,0.0,0.0,0.0,0.0,0.0,0.0,0.0,0.0,0.0,0.0,0.0,0.0,0.0,0.0,0.0,0.0,0.0,0.0,0.0,0.0,0.0,0.0,nan,nan,4.069236526946108,2.8964276496546133,nan,0.936269168782344,0.023941752170126913,0.0,0.0,0.0,0.0,0.0,0.0,0.0,0.0,0.0,0.0,0.0,0.0,0.0,0.0,0.0,0.0,0.0,0.0,0.0,0.0,0.0,0.0,0.0,0.0,0.0,0.06912442396313366,1.8663594470046088,11.516129032258068,13.313364055299543,3.2350230414746552,0.9353337257758668,0.02312460338587805,0.0,0.0,0.0,0.0,0.0,0.0,0.0,0.0,0.0,0.0,0.0,0.0,0.0,0.0,0.0,0.0,0.0,0.0,0.0,0.0,0.0,0.0,0.0,0.0,0.0,0.07820646506777895,1.7831074035453602,11.99687174139729,13.52971845672576,2.612095933263817,0.406,0.00949,0.0,0.0,0.0,0.0,0.0,0.0,0.0,0.0,0.0,0.0,0.0,7.963133640552984,22.02304147465438,0.01382488479262673,0.0,0.0,0.0,0.0,0.0,0.0,0.0,0.0,0.0,0.0,0.0,0.0,0.0,0.0,0.0,0.0,0.4065,0.009544,0.0,0.0,0.0,0.0,0.0,0.0,0.0,0.0,0.0,0.0,0.0,7.554744525547435,22.351407716371224,0.09384775808133473,0.0,0.0,0.0,0.0,0.0,0.0,0.0,0.0,0.0,0.0,0.0,0.0,0.0,0.0,0.0,0.0
36400,4132,2099,0.5079864472410455,965,858,0.44119070667957405,1162,0.5624394966118103,0.414,2.998032464338416,3.175780837854262,6.808664259927798,2.141947564958843,8293.945625299204,433.9766212948307,7853.0,8738.702755057811,8721.026357187382,5.66934886495091,7853.0,0.0,27.327444336882866,20.71178917887992,32.38066202090592,18.991393858185102,0.1430300096805421,0.10140367860600194,0.10116166505324298,0.09002904162633107,0.07696030977734754,0.07526621490803485,0.06631171345595353,0.06340755082284608,0.0617134559535334,0.04816069699903194,0.04404646660212972,0.03823814133591481,0.03218780251694095,0.025411423039690222,0.015004840271055178,0.011616650532429816,0.006050338818973862,0.9371480565709274,0.023630879478164033,0.0,0.0,0.0,0.0,0.0,0.0,0.0,0.0,0.0,0.0,0.0,0.0,0.0,0.0,0.0,0.0,0.0,0.0,0.0,0.0,0.0,0.0,0.0,0.0,0.0,0.043562439496611816,1.6263310745401747,11.137463697967087,14.05614714424008,3.136495643756051,4.386788850706377,2.9238249839782884,nan,nan,nan,4.375094912680334,2.9155023965171294,4.3986175115207375,2.9321719760832163,1.0053764773816056,0.406,0.009865,0.0,0.0,0.0,0.0,0.0,0.0,0.0,0.0,0.0,0.0,0.0,8.124394966118091,21.788480154888678,0.08712487899322363,0.0,0.0,0.0,0.0,0.0,0.0,0.0,0.0,0.0,0.0,0.0,0.0,0.0,0.0,0.0,0.0,nan,nan,4.386788850706377,2.9238249839782884,nan,0.406,0.04562,0.0,0.0,0.0,0.0,0.0,0.0,0.0,0.0,0.0,0.0,0.0,0.0,0.0,0.0,0.0,0.0,0.0002783155856727977,0.0007381413359148113,0.0,0.00010890609874152952,0.00013310745401742499,0.0,0.00013310745401742499,0.00012100677637947725,0.0025290416263310743,0.003920619554695063,0.005917231364956438,0.0013673765730880928,4.84027105517909e-05,0.0035091965150048404,0.0013552758954501452,0.004380445304937077,0.00936592449177154,0.006498063891577929,0.031147144240077446,0.040706679574056145,0.058893998063891576,0.0651379477250726,0.06913117134559535,0.07860600193610842,0.09494191674733785,0.12308809293320426,0.08345837366892546,0.08765730880929332,0.058821393998063895,0.044264278799612776,0.028206679574056148,0.043598741529525656,0.013758470474346564,0.014581316553727009,0.008470474346563407,0.0037754114230396903,0.0022265246853823816,0.005941432720232333,0.0005445304937076477,0.0024080348499515973,4.84027105517909e-05,3.630203291384317e-05,0.0,0.00012100677637947725,0.0,0.0,0.0,2.420135527589545e-05,0.0,0.0,0.0,0.0,0.0,0.0,0.0,0.0,0.0,0.0,0.0,0.0,0.0,0.0,0.0,0.0,0.0,0.0,0.0,0.0,0.0,0.0,0.0,0.0,0.0,0.0,0.0,0.0,0.0,0.0,0.0,0.0,0.0,0.0,0.0,0.0,0.0,nan,nan,4.386788850706377,2.9238249839782884,nan,0.9374140008907763,0.023689759126325056,0.0,0.0,0.0,0.0,0.0,0.0,0.0,0.0,0.0,0.0,0.0,0.0,0.0,0.0,0.0,0.0,0.0,0.0,0.0,0.0,0.0,0.0,0.0,0.0,0.0,0.014292520247737021,1.5292996665078613,11.46260123868509,13.792282039066226,3.201524535493093,0.936873478544679,0.02356678539659086,0.0,0.0,0.0,0.0,0.0,0.0,0.0,0.0,0.0,0.0,0.0,0.0,0.0,0.0,0.0,0.0,0.0,0.0,0.0,0.0,0.0,0.0,0.0,0.0,0.0,0.07378258730939499,1.7265125430398431,10.801770782095428,14.328578455484509,3.0693556320708324,0.4062,0.00984,0.0,0.0,0.0,0.0,0.0,0.0,0.0,0.0,0.0,0.0,0.0,8.003811338732717,21.91043353978085,0.08575512148642211,0.0,0.0,0.0,0.0,0.0,0.0,0.0,0.0,0.0,0.0,0.0,0.0,0.0,0.0,0.0,0.0,0.4058,0.00989,0.0,0.0,0.0,0.0,0.0,0.0,0.0,0.0,0.0,0.0,0.0,8.248893261190346,21.66256763403837,0.088539104771274,0.0,0.0,0.0,0.0,0.0,0.0,0.0,0.0,0.0,0.0,0.0,0.0,0.0,0.0,0.0,0.0
36500,4137,2141,0.5175247764080252,915,866,0.43050519700265893,1151,0.5564418660865361,0.422,2.940380761523046,3.0729201636187318,6.631775700934579,2.073626023242708,8302.157493045608,433.7012475924992,7853.0,8739.24917718172,8720.8956322885,5.798294832024533,7853.0,0.0,27.68721295624849,20.992610401255003,32.62236955895071,19.341325088776752,0.13923132704858593,0.10514865844815083,0.10031423737007493,0.08581097413584723,0.08145999516557892,0.07324147933284988,0.05970510031423737,0.06429780033840947,0.06236403190717912,0.04665216340343244,0.044476673918298286,0.04230118443316413,0.03287406333091612,0.025380710659898477,0.020062847474014985,0.009910563210055595,0.00676818950930626,0.9367798698936823,0.023759137985578927,0.0,0.0,0.0,0.0,0.0,0.0,0.0,0.0,0.0,0.0,0.0,0.0,0.0,0.0,0.0,0.0,0.0,0.0,0.0,0.0,0.0,0.0,0.0,0.0,0.0,0.04350978970268311,1.76939811457578,11.522842639593911,13.502538071065993,3.16171138506164,4.326530612244898,2.833262876858824,nan,nan,nan,4.352315869400152,2.862917871154657,4.3,2.80217549414736,0.9879797627355199,0.4062,0.00957,0.0,0.0,0.0,0.0,0.0,0.0,0.0,0.0,0.0,0.0,0.0,7.7157360406091255,22.226250906453956,0.058013052936910815,0.0,0.0,0.0,0.0,0.0,0.0,0.0,0.0,0.0,0.0,0.0,0.0,0.0,0.0,0.0,0.0,nan,nan,4.326530612244898,2.833262876858824,nan,0.4062,0.04547,0.0,0.0,0.0,0.0,0.0,0.0,0.0,0.0,0.0,0.0,0.0,0.0,0.0,0.0,0.0,0.0,0.00012086052695189751,0.0004109257916364515,0.0,0.00010877447425670776,0.00010877447425670776,1.2086052695189752e-05,4.834421078075901e-05,0.00019337684312303603,0.0024534686971235194,0.0042905487067923615,0.005982596084118927,0.001559100797679478,2.4172105390379503e-05,0.0027314479091128836,0.0012690355329949238,0.0034203529127386995,0.00916122794295383,0.006405607928450568,0.03282571912013536,0.04204737732656515,0.06011602610587382,0.06534928692289098,0.06741600193376843,0.07516316171138507,0.09474256707759246,0.12124728063814358,0.08645153492869229,0.09076625574087503,0.0582547739908146,0.04170896785109983,0.02610587382160986,0.04615663524292966,0.01400773507372492,0.015325114817500604,0.009415035049552815,0.0035049552816050276,0.002284263959390863,0.005946337926033357,0.00018129079042784627,0.002574329224075417,0.0,0.0,0.0,0.0,0.0,0.0,0.0,0.00010877447425670776,0.0,0.0,0.0,0.0,0.0,0.0,0.0,0.0,0.0,0.0,0.0,0.0,0.0,0.0,0.0,0.0,0.0,0.0,0.0,0.0,0.0,0.0,0.0,0.0,0.0,0.0,0.0,0.0,0.0,0.0,0.0,0.0,0.0,0.0,0.0,0.0,0.0,nan,nan,4.326530612244898,2.833262876858824,nan,0.9365093286546353,0.024378638800742626,0.0,0.0,0.0,0.0,0.0,0.0,0.0,0.0,0.0,0.0,0.0,0.0,0.0,0.0,0.0,0.0,0.0,0.0,0.0,0.0,0.0,0.0,0.0,0.0,0.0,0.042036431574030836,2.03176085941149,11.616067258290522,13.017281644091549,3.2928538066324156,0.9370700646796541,0.023072627494572444,0.0,0.0,0.0,0.0,0.0,0.0,0.0,0.0,0.0,0.0,0.0,0.0,0.0,0.0,0.0,0.0,0.0,0.0,0.0,0.0,0.0,0.0,0.0,0.0,0.0,0.04509018036072145,1.4879759519038078,11.422845691382767,14.023046092184373,3.021042084168337,0.4065,0.0096,0.0,0.0,0.0,0.0,0.0,0.0,0.0,0.0,0.0,0.0,0.0,7.314339093881354,22.629612330686598,0.056048575432041114,0.0,0.0,0.0,0.0,0.0,0.0,0.0,0.0,0.0,0.0,0.0,0.0,0.0,0.0,0.0,0.0,0.406,0.00953,0.0,0.0,0.0,0.0,0.0,0.0,0.0,0.0,0.0,0.0,0.0,8.146292585170329,21.7935871743487,0.060120240480961935,0.0,0.0,0.0,0.0,0.0,0.0,0.0,0.0,0.0,0.0,0.0,0.0,0.0,0.0,0.0,0.0
36600,4236,2190,0.5169971671388102,1033,856,0.4459395656279509,1215,0.5736543909348442,0.39799999999999996,2.964809384164223,3.0368755387662665,6.354621848739495,2.1239628373190875,8301.404175992355,433.43036878832135,7853.0,8739.941829407215,8720.324241782473,5.628363243855131,7853.0,0.0,28.349386213408877,20.819670165922155,33.064552031163046,19.069047019640916,0.13267233238904627,0.09584513692162418,0.0967894239848914,0.08333333333333333,0.08404154863078375,0.07341831916902739,0.06940509915014165,0.06751652502360718,0.05594900849858357,0.054296506137865914,0.046742209631728045,0.0453257790368272,0.03375826251180359,0.028328611898016998,0.017233238904627007,0.008262511803588292,0.007082152974504249,0.9344443135997729,0.02361421756395314,0.0,0.0,0.0,0.0,0.0,0.0,0.0,0.0,0.0,0.0,0.0,0.0,0.0,0.0,0.0,0.0,0.0,0.0,0.0,0.0,0.0,0.0,0.0,0.0,0.0,0.07082152974504251,2.0184135977337117,12.252124645892355,12.9957507082153,2.662889518413598,4.204545454545454,2.8360073151882257,nan,nan,nan,4.237752161383285,2.887858637825448,4.17438494934877,2.783163827012964,0.9850469754668639,0.4062,0.00963,0.0,0.0,0.0,0.0,0.0,0.0,0.0,0.0,0.0,0.0,0.0,7.58498583569404,22.330028328611903,0.084985835694051,0.0,0.0,0.0,0.0,0.0,0.0,0.0,0.0,0.0,0.0,0.0,0.0,0.0,0.0,0.0,0.0,nan,nan,4.204545454545454,2.8360073151882257,nan,0.4062,0.0459,0.0,0.0,0.0,0.0,0.0,0.0,0.0,0.0,0.0,0.0,0.0,0.0,0.0,0.0,0.0,0.0,0.00017705382436260624,0.0004367327667610954,0.0,0.00024787535410764874,3.5410764872521244e-05,2.360717658168083e-05,5.901794145420208e-05,7.082152974504249e-05,0.003021718602455146,0.004143059490084986,0.006303116147308782,0.0017705382436260624,1.1803588290840415e-05,0.0028800755429650615,0.0010623229461756375,0.0035882908404154864,0.010823890462700662,0.006173276676109537,0.03253068932955618,0.04030925401322002,0.0629367327667611,0.06430594900849858,0.06493153918791313,0.07302880075542965,0.09146600566572238,0.12491737488196411,0.08551699716713881,0.09017941454202077,0.060576015108593013,0.04185552407932011,0.02587346553352219,0.04603399433427762,0.013857412653446647,0.01654863078375826,0.009254013220018885,0.00424929178470255,0.0022662889518413596,0.005712936732766761,0.00020066100094428706,0.0025967894239848914,0.0,0.0,0.0,0.0,0.0,0.0,0.0,2.360717658168083e-05,0.0,0.0,0.0,0.0,0.0,0.0,0.0,0.0,0.0,0.0,0.0,0.0,0.0,0.0,0.0,0.0,0.0,0.0,0.0,0.0,0.0,0.0,0.0,0.0,0.0,0.0,0.0,0.0,0.0,0.0,0.0,0.0,0.0,0.0,0.0,0.0,0.0,nan,nan,4.204545454545454,2.8360073151882257,nan,0.9342252892174133,0.023894695470277397,0.0,0.0,0.0,0.0,0.0,0.0,0.0,0.0,0.0,0.0,0.0,0.0,0.0,0.0,0.0,0.0,0.0,0.0,0.0,0.0,0.0,0.0,0.0,0.0,0.0,0.10958904109589043,2.068493150684932,12.287671232876715,12.890410958904113,2.6438356164383565,0.934678753187929,0.02330797968016584,0.0,0.0,0.0,0.0,0.0,0.0,0.0,0.0,0.0,0.0,0.0,0.0,0.0,0.0,0.0,0.0,0.0,0.0,0.0,0.0,0.0,0.0,0.0,0.0,0.0,0.029325513196480947,1.9648093841642233,12.214076246334315,13.108504398826984,2.683284457478006,0.4062,0.00961,0.0,0.0,0.0,0.0,0.0,0.0,0.0,0.0,0.0,0.0,0.0,7.47945205479451,22.424657534246577,0.09589041095890413,0.0,0.0,0.0,0.0,0.0,0.0,0.0,0.0,0.0,0.0,0.0,0.0,0.0,0.0,0.0,0.0,0.4062,0.00965,0.0,0.0,0.0,0.0,0.0,0.0,0.0,0.0,0.0,0.0,0.0,7.697947214076236,22.228739002932556,0.07331378299120236,0.0,0.0,0.0,0.0,0.0,0.0,0.0,0.0,0.0,0.0,0.0,0.0,0.0,0.0,0.0,0.0
36700,4228,2212,0.5231788079470199,1090,858,0.4607379375591296,1165,0.5510879848628193,0.41,2.9484126984126986,3.0724256000390406,6.5053003533568905,2.0649712302772323,8306.534531983632,432.9949065315665,7853.0,8742.027733945846,8719.88245986745,5.705360045178049,7853.0,0.0,28.405865657521286,21.099190971072726,33.341381246490734,19.31763282053362,0.13741721854304637,0.09555345316934721,0.09271523178807947,0.07994323557237465,0.08065279091769158,0.07663197729422895,0.0728476821192053,0.06929990539262063,0.05700094607379375,0.05723746452223273,0.04683065279091769,0.036896877956480605,0.032639545884579,0.024124881740775782,0.01608325449385052,0.012062440870387891,0.012062440870387891,0.933278648255,0.0235301074538469,0.0,0.0,0.0,0.0,0.0,0.0,0.0,0.0,0.0,0.0,0.0,0.0,0.0,0.0,0.0,0.0,0.0,0.0,0.0,0.0,0.0,0.0,0.0,0.0,0.0,0.09224219489120154,2.298959318826869,12.793282876064337,12.5236518448439,2.2918637653736997,4.162035366293757,2.871370027011916,nan,nan,nan,4.113669064748201,2.8883342997604187,4.213768115942029,2.852146205091052,1.0243332775724765,0.4058,0.00976,0.0,0.0,0.0,0.0,0.0,0.0,0.0,0.0,0.0,0.0,0.0,8.24503311258277,21.691106906338696,0.06385998107852414,0.0,0.0,0.0,0.0,0.0,0.0,0.0,0.0,0.0,0.0,0.0,0.0,0.0,0.0,0.0,0.0,nan,nan,4.162035366293757,2.871370027011916,nan,0.4058,0.0458,0.0,0.0,0.0,0.0,0.0,0.0,0.0,0.0,0.0,0.0,0.0,0.0,0.0,0.0,0.0,0.0,2.3651844843897824e-05,0.0007805108798486282,0.0,0.0005558183538315989,0.0,0.0,1.1825922421948912e-05,9.46073793755913e-05,0.002530747398297067,0.0032521286660359507,0.006788079470198676,0.002270577105014191,3.5477767265846736e-05,0.0034176915799432354,0.0007923368022705772,0.004612109744560076,0.010359508041627247,0.006693472090823084,0.033881267738883634,0.038398770104068114,0.062239829706717126,0.0635643330179754,0.0674314096499527,0.07576868495742668,0.09315279091769157,0.12399479659413434,0.08390491958372753,0.09124881740775781,0.05967360454115421,0.04071665089877011,0.02652554399243141,0.04500946073793756,0.012369914853358562,0.01650898770104068,0.008940397350993378,0.00391438032166509,0.002022232734153264,0.005853831598864712,0.00034295175023651845,0.002270577105014191,3.5477767265846736e-05,0.0,1.1825922421948912e-05,0.0,0.0,0.0,0.0,0.0,0.0,0.0,0.0,0.0,0.0,0.0,0.0,0.0,0.0,0.0,0.0,0.0,0.0,0.0,0.0,0.0,0.0,0.0,0.0,0.0,0.0,0.0,0.0,0.0,0.0,0.0,0.0,0.0,0.0,0.0,0.0,0.0,0.0,0.0,0.0,0.0,0.0,nan,nan,4.162035366293757,2.871370027011916,nan,0.932838250214325,0.023639589369644595,0.0,0.0,0.0,0.0,0.0,0.0,0.0,0.0,0.0,0.0,0.0,0.0,0.0,0.0,0.0,0.0,0.0,0.0,0.0,0.0,0.0,0.0,0.0,0.0,0.0,0.09493670886075951,2.3598553345388793,12.870705244122968,12.477396021699823,2.197106690777577,0.9337618627718517,0.023399857846156995,0.0,0.0,0.0,0.0,0.0,0.0,0.0,0.0,0.0,0.0,0.0,0.0,0.0,0.0,0.0,0.0,0.0,0.0,0.0,0.0,0.0,0.0,0.0,0.0,0.0,0.0892857142857143,2.2321428571428577,12.708333333333337,12.574404761904766,2.395833333333334,0.4058,0.00981,0.0,0.0,0.0,0.0,0.0,0.0,0.0,0.0,0.0,0.0,0.0,8.367992766726932,21.577757685352626,0.05424954792043401,0.0,0.0,0.0,0.0,0.0,0.0,0.0,0.0,0.0,0.0,0.0,0.0,0.0,0.0,0.0,0.0,0.4058,0.009705,0.0,0.0,0.0,0.0,0.0,0.0,0.0,0.0,0.0,0.0,0.0,8.110119047619035,21.815476190476193,0.07440476190476192,0.0,0.0,0.0,0.0,0.0,0.0,0.0,0.0,0.0,0.0,0.0,0.0,0.0,0.0,0.0,0.0
36800,4126,2115,0.5126030053320407,1003,852,0.44958797867183714,1173,0.56858943286476,0.426,3.010939830929886,3.1175988895719633,6.515789473684211,2.1950334268872433,8297.317080539628,433.27433723908194,7853.0,8741.063085281849,8719.785945298583,5.676718738711976,7853.0,0.0,28.011875908870575,20.812486103750878,32.79231210556512,19.098813271447867,0.13475521085797382,0.09815802229762483,0.09743092583616093,0.09234125060591372,0.0739214735821619,0.07319437712069801,0.07464857004362578,0.06616577799321377,0.056955889481337854,0.04750363548230732,0.05186621425109064,0.038778477944740666,0.031992244304411055,0.02593310712554532,0.0174503150751333,0.013330101793504604,0.005574406204556471,0.9330644338124017,0.023637232986829126,0.0,0.0,0.0,0.0,0.0,0.0,0.0,0.0,0.0,0.0,0.0,0.0,0.0,0.0,0.0,0.0,0.0,0.0,0.0,0.0,0.0,0.0,0.0,0.0,0.0,0.07998061076102764,2.3485215705283573,12.724188075618036,12.44062045564712,2.4066892874454684,4.32434456928839,2.9206175019818144,nan,nan,nan,4.232023721275018,2.946820046740754,4.418622255866768,2.8905732993419826,1.0440920341853688,0.4055,0.00956,0.0,0.0,0.0,0.0,0.0,0.0,0.0,0.0,0.0,0.0,0.0,8.20164808531264,21.76199709161416,0.03635482307319438,0.0,0.0,0.0,0.0,0.0,0.0,0.0,0.0,0.0,0.0,0.0,0.0,0.0,0.0,0.0,0.0,nan,nan,4.32434456928839,2.9206175019818144,nan,0.4055,0.04556,0.0,0.0,0.0,0.0,0.0,0.0,0.0,0.0,0.0,0.0,0.0,0.0,0.0,0.0,0.0,1.211827435773146e-05,0.0,0.0007513330101793505,0.0,0.00036354823073194375,0.0,0.0,0.0,0.0,0.002775084827920504,0.003465826466311197,0.007113427047988366,0.0018298594280174503,0.0001211827435773146,0.003247697527872031,0.0007998061076102763,0.004338342220067863,0.010603490063015027,0.007125545322346098,0.033688802714493454,0.03782113427047988,0.05920988851187591,0.06299079011148813,0.07087978671837131,0.07988366456616577,0.09512845370819195,0.12115850702859912,0.08096219098400388,0.09270479883664566,0.05739214735821619,0.04378332525448376,0.027726611730489577,0.045067862336403294,0.010736791080950072,0.015596219098400388,0.00896752302472128,0.0033567619970916143,0.0020964614638875425,0.005210857973824527,0.0002060106640814348,0.00282355792535143,4.847309743092584e-05,0.0,1.211827435773146e-05,0.0,0.0,0.0,0.0,0.0,0.0,0.0,0.0,0.0,0.0,0.0,0.0,0.0,0.0,0.0,0.0,0.0,0.0,0.0,0.0,0.0,0.0,0.0,0.0,0.0,0.0,0.0,0.0,0.0,0.0,0.0,0.0,0.0,0.0,0.0,0.0,0.0,0.0,0.0,0.0,0.0,0.0,nan,nan,4.32434456928839,2.9206175019818144,nan,0.9325039533576785,0.023991413137389873,0.0,0.0,0.0,0.0,0.0,0.0,0.0,0.0,0.0,0.0,0.0,0.0,0.0,0.0,0.0,0.0,0.0,0.0,0.0,0.0,0.0,0.0,0.0,0.0,0.0,0.02836879432624114,2.567375886524823,12.978723404255323,11.886524822695039,2.539007092198582,0.9336538998301737,0.023244341499262456,0.0,0.0,0.0,0.0,0.0,0.0,0.0,0.0,0.0,0.0,0.0,0.0,0.0,0.0,0.0,0.0,0.0,0.0,0.0,0.0,0.0,0.0,0.0,0.0,0.0,0.13426156141223275,2.118349080059672,12.456489308801595,13.023371456986577,2.267528592739931,0.4055,0.009674,0.0,0.0,0.0,0.0,0.0,0.0,0.0,0.0,0.0,0.0,0.0,8.468085106382967,21.517730496453904,0.01418439716312057,0.0,0.0,0.0,0.0,0.0,0.0,0.0,0.0,0.0,0.0,0.0,0.0,0.0,0.0,0.0,0.0,0.4058,0.00943,0.0,0.0,0.0,0.0,0.0,0.0,0.0,0.0,0.0,0.0,0.0,7.921432123321718,22.01889607160617,0.05967180507210344,0.0,0.0,0.0,0.0,0.0,0.0,0.0,0.0,0.0,0.0,0.0,0.0,0.0,0.0,0.0,0.0
36900,4301,2206,0.5129039758195768,1087,881,0.4575680074401302,1207,0.5612648221343873,0.41,3.0009546539379475,3.1017739239458932,6.5146103896103895,2.1734333462384825,8297.669929885109,433.35731667038687,7853.0,8739.263647043705,8719.965262210268,5.676666487346423,7853.0,0.0,28.259939548942107,20.867020575130756,33.1797349530646,19.056413044395214,0.13694489653568936,0.0960241804231574,0.08974657056498489,0.08207393629388514,0.0904440827714485,0.07533131829807022,0.06765868402697048,0.06300860265054639,0.06324110671936758,0.05649848872355266,0.043478260869565216,0.040688212043710766,0.03231806556614741,0.02557544757033248,0.017902813299232736,0.012090211578702627,0.006975122064636131,0.9327186355893486,0.02309362065426691,0.0,0.0,0.0,0.0,0.0,0.0,0.0,0.0,0.0,0.0,0.0,0.0,0.0,0.0,0.0,0.0,0.0,0.0,0.0,0.0,0.0,0.0,0.0,0.0,0.0,0.05580097651708906,2.2390141827481984,12.848174843059757,12.694722157637763,2.162287840037201,4.251960085531005,2.9372666477143903,nan,nan,nan,4.230220955096223,2.975863780458707,4.272467902995721,2.8986589034756642,1.0099869364621727,0.4055,0.00979,0.0,0.0,0.0,0.0,0.0,0.0,0.0,0.0,0.0,0.0,0.0,8.495698674726796,21.46245059288538,0.041850732387816794,0.0,0.0,0.0,0.0,0.0,0.0,0.0,0.0,0.0,0.0,0.0,0.0,0.0,0.0,0.0,0.0,nan,nan,4.251960085531005,2.9372666477143903,nan,0.4055,0.0459,0.0,0.0,0.0,0.0,0.0,0.0,0.0,0.0,0.0,0.0,0.0,0.0,0.0,0.0,0.0,0.0,0.0,0.0005580097651708905,0.0,0.00047663334108346894,6.97512206463613e-05,0.0,0.0,0.0,0.0029876772843524762,0.003824691932108812,0.00798651476400837,0.0020925366193908393,0.0001278772378516624,0.0027086724017670307,0.0006277609858172518,0.005033713089979075,0.011508951406649617,0.008265519646593816,0.032817949314113,0.03717740060451058,0.05782376191583353,0.060323180655661474,0.07083236456637991,0.07856312485468496,0.09615205766100907,0.12378516624040921,0.07741222971402,0.09557079748895606,0.05899790746338061,0.0424319925598698,0.02598232969076959,0.045431295047663335,0.011125319693094628,0.01762380841664729,0.008556149732620321,0.003510811439200186,0.0023599162985352244,0.004057196000930016,0.00011625203441060219,0.0030341780981167172,1.1625203441060218e-05,3.487561032318065e-05,0.0,0.0,0.0,0.0,0.0,0.0,0.0,0.0,0.0,0.0,0.0,0.0,0.0,0.0,0.0,0.0,0.0,0.0,0.0,0.0,0.0,0.0,0.0,0.0,0.0,0.0,0.0,0.0,0.0,0.0,0.0,0.0,0.0,0.0,0.0,0.0,0.0,0.0,0.0,0.0,0.0,0.0,0.0,nan,nan,4.251960085531005,2.9372666477143903,nan,0.9333061045500115,0.02333253315323928,0.0,0.0,0.0,0.0,0.0,0.0,0.0,0.0,0.0,0.0,0.0,0.0,0.0,0.0,0.0,0.0,0.0,0.0,0.0,0.0,0.0,0.0,0.0,0.0,0.0,0.04079782411604715,2.3118766999093388,12.565729827742524,12.78331822302811,2.2982774252039895,0.9321000405882879,0.02282300992155839,0.0,0.0,0.0,0.0,0.0,0.0,0.0,0.0,0.0,0.0,0.0,0.0,0.0,0.0,0.0,0.0,0.0,0.0,0.0,0.0,0.0,0.0,0.0,0.0,0.0,0.07159904534606207,2.1622911694510742,13.145584725536997,12.601431980906925,2.0190930787589503,0.4055,0.00982,0.0,0.0,0.0,0.0,0.0,0.0,0.0,0.0,0.0,0.0,0.0,8.472348141432445,21.4868540344515,0.04079782411604715,0.0,0.0,0.0,0.0,0.0,0.0,0.0,0.0,0.0,0.0,0.0,0.0,0.0,0.0,0.0,0.0,0.4055,0.00974,0.0,0.0,0.0,0.0,0.0,0.0,0.0,0.0,0.0,0.0,0.0,8.520286396181373,21.436754176610982,0.042959427207637235,0.0,0.0,0.0,0.0,0.0,0.0,0.0,0.0,0.0,0.0,0.0,0.0,0.0,0.0,0.0,0.0
37000,4272,2206,0.5163857677902621,1020,856,0.43913857677902624,1200,0.5617977528089888,0.43,2.9152952565343657,3.0881041993318545,6.61335676625659,2.1132016575095993,8300.51373258399,433.0986312890089,7853.0,8738.972744727134,8719.626774976792,5.493267136083095,7853.0,0.0,28.01568352059925,20.895528599449275,32.96266369462246,19.132196884578658,0.13904494382022473,0.0950374531835206,0.09691011235955056,0.09410112359550561,0.07818352059925093,0.06905430711610487,0.07209737827715355,0.06460674157303371,0.05266853932584269,0.054307116104868915,0.048220973782771535,0.03628277153558052,0.03394194756554307,0.02949438202247191,0.021067415730337078,0.010299625468164793,0.0046816479400749065,0.9317983334625928,0.023205681657335116,0.0,0.0,0.0,0.0,0.0,0.0,0.0,0.0,0.0,0.0,0.0,0.0,0.0,0.0,0.0,0.0,0.0,0.0,0.0,0.0,0.0,0.0,0.0,0.0,0.0,0.0912921348314607,2.2893258426966296,13.574438202247194,12.029494382022476,2.0154494382022476,4.245524296675192,2.8837548894735763,nan,nan,nan,4.312545854732209,2.86410930866414,4.179039301310044,2.90158270467184,0.9690422877995218,0.4058,0.00947,0.0,0.0,0.0,0.0,0.0,0.0,0.0,0.0,0.0,0.0,0.0,8.117977528089876,21.83286516853933,0.04915730337078653,0.0,0.0,0.0,0.0,0.0,0.0,0.0,0.0,0.0,0.0,0.0,0.0,0.0,0.0,0.0,0.0,nan,nan,4.245524296675192,2.8837548894735763,nan,0.4058,0.04535,0.0,0.0,0.0,0.0,0.0,0.0,0.0,0.0,0.0,0.0,0.0,0.0,0.0,0.0,0.0,0.0,0.0,0.0003628277153558052,0.0,0.00035112359550561797,0.0,0.0,3.51123595505618e-05,0.0,0.0034995318352059926,0.0031601123595505617,0.007677902621722846,0.0022705992509363298,4.6816479400749066e-05,0.0023642322097378278,0.0004915730337078652,0.0051264044943820225,0.009808052434456928,0.007010767790262172,0.03226825842696629,0.03730102996254682,0.057034176029962545,0.0614934456928839,0.07228464419475655,0.07990402621722846,0.10131086142322097,0.12489466292134832,0.07419241573033708,0.09418305243445693,0.05921114232209738,0.04157303370786517,0.026205524344569287,0.04383192883895131,0.012078651685393259,0.017298689138576778,0.009339887640449438,0.003874063670411985,0.002329119850187266,0.004213483146067416,0.00011704119850187266,0.0027855805243445692,1.1704119850187266e-05,5.852059925093633e-05,0.0,0.0,0.0,0.0,0.0,0.0,0.0,0.0,0.0,0.0,0.0,0.0,0.0,0.0,0.0,0.0,0.0,0.0,0.0,0.0,0.0,0.0,0.0,0.0,0.0,0.0,0.0,0.0,0.0,0.0,0.0,0.0,0.0,0.0,0.0,0.0,0.0,0.0,0.0,0.0,0.0,0.0,0.0,nan,nan,4.245524296675192,2.8837548894735763,nan,0.9313837910984607,0.0230337827963666,0.0,0.0,0.0,0.0,0.0,0.0,0.0,0.0,0.0,0.0,0.0,0.0,0.0,0.0,0.0,0.0,0.0,0.0,0.0,0.0,0.0,0.0,0.0,0.0,0.0,0.054397098821396206,2.366273798730735,13.708068902991844,12.008159564823213,1.86310063463282,0.9322409667904126,0.023379721538342828,0.0,0.0,0.0,0.0,0.0,0.0,0.0,0.0,0.0,0.0,0.0,0.0,0.0,0.0,0.0,0.0,0.0,0.0,0.0,0.0,0.0,0.0,0.0,0.0,0.0,0.13068731848983545,2.2071636011616653,13.431752178121979,12.052274927395938,2.178121974830591,0.406,0.00947,0.0,0.0,0.0,0.0,0.0,0.0,0.0,0.0,0.0,0.0,0.0,7.98277425203988,21.949229374433365,0.06799637352674526,0.0,0.0,0.0,0.0,0.0,0.0,0.0,0.0,0.0,0.0,0.0,0.0,0.0,0.0,0.0,0.0,0.4058,0.00946,0.0,0.0,0.0,0.0,0.0,0.0,0.0,0.0,0.0,0.0,0.0,8.262342691190694,21.70861568247822,0.029041626331074547,0.0,0.0,0.0,0.0,0.0,0.0,0.0,0.0,0.0,0.0,0.0,0.0,0.0,0.0,0.0,0.0
37100,4358,2264,0.5195043597980725,1089,892,0.45456631482331344,1228,0.5635612666360716,0.40199999999999997,2.933619866284623,3.003004954879739,6.305647840531561,2.096413959742123,8303.409932072394,433.1884215514886,7853.0,8738.139090561866,8719.999330376095,5.585254582440121,7853.0,0.0,28.330656264341442,20.97217569436842,33.61135611907387,19.005729509012838,0.14410279944928867,0.09958696649839376,0.08444240477283158,0.07503441945846719,0.08054153281321708,0.08077099586966498,0.06792106470858192,0.067691601652134,0.06195502524093621,0.0502524093620927,0.04612207434603029,0.04405690683799908,0.03556677374942634,0.027076640660853604,0.019045433685176687,0.011243689765947683,0.004589261128958238,0.932350673277261,0.023471629380339643,0.0,0.0,0.0,0.0,0.0,0.0,0.0,0.0,0.0,0.0,0.0,0.0,0.0,0.0,0.0,0.0,0.0,0.0,0.0,0.0,0.0,0.0,0.0,0.0,0.0,0.06883891693437358,2.478201009637449,12.941716383662234,12.267094997705373,2.2441486920605787,4.156479217603912,2.8391441567164817,nan,nan,nan,4.1888653981677235,2.849945176245446,4.124653739612189,2.8281286853170524,0.9846708708798277,0.4062,0.00959,0.0,0.0,0.0,0.0,0.0,0.0,0.0,0.0,0.0,0.0,0.0,7.70307480495639,22.214318494722352,0.0826067003212483,0.0,0.0,0.0,0.0,0.0,0.0,0.0,0.0,0.0,0.0,0.0,0.0,0.0,0.0,0.0,0.0,nan,nan,4.156479217603912,2.8391441567164817,nan,0.4062,0.04562,0.0,0.0,0.0,0.0,0.0,0.0,0.0,0.0,0.0,0.0,0.0,0.0,0.0,0.0,0.0,0.0,0.0,0.0005048187241854062,0.0,0.0001720972923359339,0.0,1.1473152822395594e-05,0.0,0.0,0.003843506195502524,0.002971546581000459,0.007675539238182653,0.002650298301973382,0.0,0.0022143184947223497,0.0009178522257916476,0.005220284534189996,0.0104176227627352,0.006023405231757687,0.0291647544745296,0.04085589720055071,0.05645938503900872,0.05652822395594309,0.07278568150527764,0.07784534189995411,0.10430243230839835,0.123955943093162,0.07653740247820101,0.0948026617714548,0.05701009637448371,0.043081688848095455,0.027202845341899953,0.044860027535566775,0.012402478201009638,0.01581000458926113,0.008949059201468563,0.0036599357503441948,0.0024208352455254703,0.004669573198715007,0.0003327214318494722,0.0037173015144561727,0.0,2.2946305644791188e-05,0.0,0.0,0.0,0.0,0.0,0.0,0.0,0.0,0.0,0.0,0.0,0.0,0.0,0.0,0.0,0.0,0.0,0.0,0.0,0.0,0.0,0.0,0.0,0.0,0.0,0.0,0.0,0.0,0.0,0.0,0.0,0.0,0.0,0.0,0.0,0.0,0.0,0.0,0.0,0.0,0.0,0.0,0.0,nan,nan,4.156479217603912,2.8391441567164817,nan,0.932897973529231,0.02326545986863571,0.0,0.0,0.0,0.0,0.0,0.0,0.0,0.0,0.0,0.0,0.0,0.0,0.0,0.0,0.0,0.0,0.0,0.0,0.0,0.0,0.0,0.0,0.0,0.0,0.0,0.09275618374558306,2.226148409893993,13.025618374558308,12.349823321554773,2.30565371024735,0.9317589408176334,0.0236782900358366,0.0,0.0,0.0,0.0,0.0,0.0,0.0,0.0,0.0,0.0,0.0,0.0,0.0,0.0,0.0,0.0,0.0,0.0,0.0,0.0,0.0,0.0,0.0,0.0,0.0,0.042979942693409746,2.7507163323782238,12.851002865329516,12.17765042979943,2.1776504297994275,0.4062,0.00954,0.0,0.0,0.0,0.0,0.0,0.0,0.0,0.0,0.0,0.0,0.0,7.513250883392215,22.446996466431102,0.03975265017667845,0.0,0.0,0.0,0.0,0.0,0.0,0.0,0.0,0.0,0.0,0.0,0.0,0.0,0.0,0.0,0.0,0.4062,0.00966,0.0,0.0,0.0,0.0,0.0,0.0,0.0,0.0,0.0,0.0,0.0,7.90830945558738,21.962750716332383,0.12893982808022925,0.0,0.0,0.0,0.0,0.0,0.0,0.0,0.0,0.0,0.0,0.0,0.0,0.0,0.0,0.0,0.0
37200,4304,2234,0.5190520446096655,1056,872,0.4479553903345725,1195,0.5552973977695167,0.39799999999999996,2.9792270531400966,3.059641193583167,6.555938037865749,2.0616287921717307,8302.930416346117,433.11908370463334,7853.0,8739.395829761028,8719.831025941668,5.530477305576288,7853.0,0.0,27.44121747211896,20.646650673162956,32.286701686480505,18.962600812362552,0.14103159851301114,0.10176579925650557,0.09549256505576208,0.08410780669144981,0.08643122676579926,0.07713754646840149,0.06970260223048327,0.06691449814126393,0.05552973977695167,0.05204460966542751,0.04275092936802974,0.03671003717472119,0.03183085501858736,0.02509293680297398,0.014637546468401487,0.01254646840148699,0.006273234200743495,0.9322429276642746,0.023156677363735934,0.0,0.0,0.0,0.0,0.0,0.0,0.0,0.0,0.0,0.0,0.0,0.0,0.0,0.0,0.0,0.0,0.0,0.0,0.0,0.0,0.0,0.0,0.0,0.0,0.0,0.06970260223048329,2.58596654275093,12.581319702602233,12.755576208178441,2.0074349442379185,4.216235893702221,2.8541513254464674,nan,nan,nan,4.351528384279476,2.8638706859708054,4.080844865258558,2.8379421547444164,0.937795759301766,0.4058,0.00956,0.0,0.0,0.0,0.0,0.0,0.0,0.0,0.0,0.0,0.0,0.006970260223048329,7.99488847583642,21.92843866171004,0.06970260223048329,0.0,0.0,0.0,0.0,0.0,0.0,0.0,0.0,0.0,0.0,0.0,0.0,0.0,0.0,0.0,0.0,nan,nan,4.216235893702221,2.8541513254464674,nan,0.4058,0.04556,0.0,0.0,0.0,0.0,0.0,0.0,0.0,0.0,0.0,0.0,0.0,0.0,0.0,0.0,0.0,0.0,0.0,0.0005576208178438662,0.0,0.0004995353159851302,0.0,2.3234200743494423e-05,0.0,0.0,0.003682620817843866,0.0035896840148698884,0.006610130111524164,0.002486059479553903,0.0,0.0025441449814126394,0.0008828996282527881,0.004786245353159851,0.010257899628252787,0.006261617100371747,0.02958875464684015,0.03991635687732342,0.056435873605947956,0.060885223048327136,0.07472118959107807,0.07504646840148699,0.10465845724907064,0.12509293680297398,0.07501161710037174,0.09605018587360595,0.05590148698884758,0.04149628252788104,0.028822026022304832,0.043029739776951674,0.011802973977695167,0.014718866171003717,0.009781598513011152,0.003914962825278811,0.002730018587360595,0.0044609665427509295,0.00030204460966542753,0.00341542750929368,0.0,3.485130111524164e-05,0.0,0.0,0.0,0.0,0.0,0.0,0.0,0.0,0.0,0.0,0.0,0.0,0.0,0.0,0.0,0.0,0.0,0.0,0.0,0.0,0.0,0.0,0.0,0.0,0.0,0.0,0.0,0.0,0.0,0.0,0.0,0.0,0.0,0.0,0.0,0.0,0.0,0.0,0.0,0.0,0.0,0.0,0.0,nan,nan,4.216235893702221,2.8541513254464674,nan,0.9322132407391616,0.023132991853197216,0.0,0.0,0.0,0.0,0.0,0.0,0.0,0.0,0.0,0.0,0.0,0.0,0.0,0.0,0.0,0.0,0.0,0.0,0.0,0.0,0.0,0.0,0.0,0.0,0.0,0.04028648164726948,2.56490599820949,12.48880931065354,12.972247090420773,1.9337511190689352,0.9322749665969812,0.023182169601804456,0.0,0.0,0.0,0.0,0.0,0.0,0.0,0.0,0.0,0.0,0.0,0.0,0.0,0.0,0.0,0.0,0.0,0.0,0.0,0.0,0.0,0.0,0.0,0.0,0.0,0.10144927536231887,2.6086956521739135,12.681159420289859,12.521739130434787,2.086956521739131,0.406,0.00964,0.0,0.0,0.0,0.0,0.0,0.0,0.0,0.0,0.0,0.0,0.013428827215756493,7.829006266786022,22.090420769919433,0.06714413607878246,0.0,0.0,0.0,0.0,0.0,0.0,0.0,0.0,0.0,0.0,0.0,0.0,0.0,0.0,0.0,0.0,0.4058,0.00947,0.0,0.0,0.0,0.0,0.0,0.0,0.0,0.0,0.0,0.0,0.0,8.17391304347825,21.7536231884058,0.07246376811594205,0.0,0.0,0.0,0.0,0.0,0.0,0.0,0.0,0.0,0.0,0.0,0.0,0.0,0.0,0.0,0.0
37300,4158,2148,0.5165945165945166,962,828,0.4304954304954305,1129,0.543049543049543,0.43,2.9258706467661693,3.1488728715807492,6.691011235955056,2.087961236103118,8300.751584320258,433.1496105613493,7853.0,8744.5229929924,8719.737005402065,5.77001734404496,7853.0,0.0,27.145262145262144,20.849389262692746,32.08517985611511,19.260566841076983,0.1447811447811448,0.10606060606060606,0.10173160173160173,0.09235209235209235,0.07792207792207792,0.0695045695045695,0.06878306878306878,0.06301106301106302,0.05627705627705628,0.04737854737854738,0.045454545454545456,0.03198653198653199,0.031746031746031744,0.025733525733525733,0.022126022126022125,0.00937950937950938,0.005772005772005772,0.9317709021754079,0.023404125418150245,0.0,0.0,0.0,0.0,0.0,0.0,0.0,0.0,0.0,0.0,0.0,0.0,0.0,0.0,0.0,0.0,0.0,0.0,0.0,0.0,0.0,0.0,0.0,0.0,0.0,0.057720057720057734,2.7128427128427135,13.059163059163062,12.085137085137088,2.0851370851370854,4.35172949863972,2.8967653404971516,nan,nan,nan,4.339190221543163,2.914021258381114,4.364715189873418,2.878728498310401,1.0058824266803352,0.4062,0.0095,0.0,0.0,0.0,0.0,0.0,0.0,0.0,0.0,0.0,0.0,0.007215007215007217,7.568542568542558,22.36652236652237,0.057720057720057734,0.0,0.0,0.0,0.0,0.0,0.0,0.0,0.0,0.0,0.0,0.0,0.0,0.0,0.0,0.0,0.0,nan,nan,4.35172949863972,2.8967653404971516,nan,0.4062,0.04477,0.0,0.0,0.0,0.0,0.0,0.0,0.0,0.0,0.0,0.0,0.0,0.0,0.0,0.0,0.0,0.0,0.0,0.00044492544492544494,0.0,0.00040885040885040887,0.0,0.0,0.0,1.2025012025012024e-05,0.003318903318903319,0.003703703703703704,0.0056998556998557,0.002320827320827321,0.0,0.00297017797017797,0.001022126022126022,0.0041245791245791245,0.010678210678210679,0.004966329966329966,0.02738095238095238,0.03941798941798942,0.0591029341029341,0.059283309283309285,0.07474747474747474,0.0761904761904762,0.10731120731120732,0.122005772005772,0.07674362674362674,0.09587542087542088,0.056012506012506014,0.04425204425204425,0.03005050505050505,0.042039442039442036,0.012626262626262626,0.013852813852813853,0.011026936026936027,0.0026936026936026937,0.002380952380952381,0.004112554112554113,0.00020442520442520443,0.003018278018278018,0.0,0.0,0.0,0.0,0.0,0.0,0.0,0.0,0.0,0.0,0.0,0.0,0.0,0.0,0.0,0.0,0.0,0.0,0.0,0.0,0.0,0.0,0.0,0.0,0.0,0.0,0.0,0.0,0.0,0.0,0.0,0.0,0.0,0.0,0.0,0.0,0.0,0.0,0.0,0.0,0.0,0.0,0.0,0.0,0.0,nan,nan,4.35172949863972,2.8967653404971516,nan,0.9317332183737551,0.024109613743110568,0.0,0.0,0.0,0.0,0.0,0.0,0.0,0.0,0.0,0.0,0.0,0.0,0.0,0.0,0.0,0.0,0.0,0.0,0.0,0.0,0.0,0.0,0.0,0.0,0.0,0.05586592178770951,2.988826815642459,12.653631284916205,12.094972067039109,2.2067039106145256,0.9318111732231443,0.0226258294703427,0.0,0.0,0.0,0.0,0.0,0.0,0.0,0.0,0.0,0.0,0.0,0.0,0.0,0.0,0.0,0.0,0.0,0.0,0.0,0.0,0.0,0.0,0.0,0.0,0.0,0.059701492537313446,2.4179104477611943,13.49253731343284,12.074626865671643,1.9552238805970155,0.406,0.00962,0.0,0.0,0.0,0.0,0.0,0.0,0.0,0.0,0.0,0.0,0.013966480446927377,7.793296089385463,22.122905027932966,0.06983240223463688,0.0,0.0,0.0,0.0,0.0,0.0,0.0,0.0,0.0,0.0,0.0,0.0,0.0,0.0,0.0,0.0,0.4062,0.00936,0.0,0.0,0.0,0.0,0.0,0.0,0.0,0.0,0.0,0.0,0.0,7.328358208955213,22.626865671641795,0.04477611940298508,0.0,0.0,0.0,0.0,0.0,0.0,0.0,0.0,0.0,0.0,0.0,0.0,0.0,0.0,0.0,0.0
37400,4366,2289,0.5242785158039396,1077,854,0.4422812643151626,1181,0.5409986257443885,0.434,2.9903707270101108,3.1477657447303375,6.734729493891797,2.057497625771429,8307.478112240513,432.9401076612869,7853.0,8739.1515848279,8719.863887305406,5.665503563870521,7853.0,0.0,27.60306917086578,20.710352896639,32.48717948717949,19.010878510883288,0.13811268896014658,0.10306917086578103,0.09871736142922584,0.08795235913879981,0.07695831424644985,0.08199725148877691,0.06550618415025194,0.056802565277141545,0.05955107650022904,0.05130554283096656,0.050389372423270726,0.0407695831424645,0.03137883646358223,0.024965643609711406,0.01717819514429684,0.009161704076958314,0.006184150251946862,0.9311554410345119,0.02338526288932916,0.0,0.0,0.0,0.0,0.0,0.0,0.0,0.0,0.0,0.0,0.0,0.0,0.0,0.0,0.0,0.0,0.0,0.0,0.0,0.0,0.0,0.0,0.0,0.0,0.0,0.06871278057718737,2.707283554741182,13.529546495648194,11.722400366468166,1.9720568025652776,4.3971912135397915,2.9910981896410624,nan,nan,nan,4.406901509705248,3.002717885253843,4.387445887445887,2.979359194692173,0.9955851924041156,0.4067,0.00954,0.0,0.0,0.0,0.0,0.0,0.0,0.0,0.0,0.0,0.0,0.0,7.159871736142913,22.75767292716446,0.08245533669262484,0.0,0.0,0.0,0.0,0.0,0.0,0.0,0.0,0.0,0.0,0.0,0.0,0.0,0.0,0.0,0.0,nan,nan,4.3971912135397915,2.9910981896410624,nan,0.4067,0.045,0.0,0.0,0.0,0.0,0.0,0.0,0.0,0.0,0.0,0.0,0.0,0.0,0.0,0.0,0.0,0.0,0.0,0.0005955107650022904,0.0,0.00025194686211635364,0.0,0.0,0.0,2.2904260192395786e-05,0.0026797984425103068,0.003744846541456711,0.006378836463582226,0.002347686669720568,0.0,0.0024965643609711407,0.001179569399908383,0.0036761337608795237,0.010020613834173157,0.00429454878607421,0.026614750343563903,0.03671552908841044,0.06404031149793862,0.05900137425561154,0.07157581310123683,0.07784012826385708,0.10771873568483738,0.12102611085661934,0.07585890975721485,0.09223545579477783,0.059253321117727895,0.043037104901511684,0.030130554283096658,0.04199496106275767,0.015357306459001374,0.014853412734768668,0.011543747136967476,0.0028172240036646815,0.0026110856619331194,0.005153458543289051,3.435639028859368e-05,0.002897388914338067,0.0,0.0,0.0,0.0,0.0,0.0,0.0,0.0,0.0,0.0,0.0,0.0,0.0,0.0,0.0,0.0,0.0,0.0,0.0,0.0,0.0,0.0,0.0,0.0,0.0,0.0,0.0,0.0,0.0,0.0,0.0,0.0,0.0,0.0,0.0,0.0,0.0,0.0,0.0,0.0,0.0,0.0,0.0,0.0,0.0,nan,nan,4.3971912135397915,2.9910981896410624,nan,0.9317494087627539,0.023484630803486596,0.0,0.0,0.0,0.0,0.0,0.0,0.0,0.0,0.0,0.0,0.0,0.0,0.0,0.0,0.0,0.0,0.0,0.0,0.0,0.0,0.0,0.0,0.0,0.0,0.0,0.10484927916120579,2.5819134993446924,13.197903014416779,12.044560943643516,2.0707732634338143,0.930500846845804,0.023257697155720052,0.0,0.0,0.0,0.0,0.0,0.0,0.0,0.0,0.0,0.0,0.0,0.0,0.0,0.0,0.0,0.0,0.0,0.0,0.0,0.0,0.0,0.0,0.0,0.0,0.0,0.028887818969667797,2.845450168512278,13.89504092441021,11.367356764564278,1.8632643235435729,0.4067,0.009636,0.0,0.0,0.0,0.0,0.0,0.0,0.0,0.0,0.0,0.0,0.0,7.4705111402358995,22.477064220183493,0.052424639580602894,0.0,0.0,0.0,0.0,0.0,0.0,0.0,0.0,0.0,0.0,0.0,0.0,0.0,0.0,0.0,0.0,0.407,0.009415,0.0,0.0,0.0,0.0,0.0,0.0,0.0,0.0,0.0,0.0,0.0,6.817525276841589,23.066923447279734,0.11555127587867119,0.0,0.0,0.0,0.0,0.0,0.0,0.0,0.0,0.0,0.0,0.0,0.0,0.0,0.0,0.0,0.0
37500,4287,2249,0.5246092838815022,1067,870,0.45183111733146725,1168,0.5449031957079543,0.438,2.962217860647694,3.076557567282573,6.432384341637011,2.147551202055207,8307.695046585626,432.85806704121944,7853.0,8736.43159403801,8719.730842468913,5.430482015913763,7853.0,0.0,27.920923722883135,20.695703694753988,32.697045015189175,18.965139449210305,0.1371588523442967,0.09703755540004665,0.09657102869139259,0.08794028458129229,0.07977606717984605,0.07184511313272685,0.07557732680195942,0.0648472125029158,0.0583158385817588,0.05225099136925589,0.0450198273851178,0.040821087007231166,0.034289713086074175,0.02589223233030091,0.015861908094238396,0.009330534173081408,0.0074644273384651275,0.9315321739942899,0.02273373360397918,0.0,0.0,0.0,0.0,0.0,0.0,0.0,0.0,0.0,0.0,0.0,0.0,0.0,0.0,0.0,0.0,0.0,0.0,0.0,0.0,0.0,0.0,0.0,0.0,0.0,0.08397480755773269,2.540237928621414,13.135059482155357,12.49825052484255,1.7424772568229536,4.225607544432354,2.8818892230873354,nan,nan,nan,4.155172413793103,2.855786970897348,4.299120234604105,2.9069084141172445,1.0346430440126064,0.4062,0.00983,0.0,0.0,0.0,0.0,0.0,0.0,0.0,0.0,0.0,0.0,0.0,7.949615115465349,21.973407977606723,0.07697690692792164,0.0,0.0,0.0,0.0,0.0,0.0,0.0,0.0,0.0,0.0,0.0,0.0,0.0,0.0,0.0,0.0,nan,nan,4.225607544432354,2.8818892230873354,nan,0.4062,0.04556,0.0,0.0,0.0,0.0,0.0,0.0,0.0,0.0,0.0,0.0,0.0,0.0,0.0,0.0,0.0,0.0,0.0,0.0008514112432936785,0.0,0.00022160018661068347,0.0,0.0,1.166316771635176e-05,0.0004548635409377187,0.003417308140891066,0.0032656869605784933,0.006088173547935619,0.002775833916491719,0.0,0.003720550501516212,0.0010496850944716584,0.003615581992069046,0.00979706088173548,0.005528341497550735,0.028154886867273153,0.0367273151387917,0.06362257989269886,0.05898063914159086,0.07063214369022626,0.07711686494051785,0.10523676230464193,0.12396780965710287,0.07655703289013296,0.08717051551201306,0.06046186144156753,0.04422673198040588,0.029507814322369957,0.043200373221366925,0.015337065547002565,0.013890832750174947,0.01073011429904362,0.00311406578026592,0.00284581292278983,0.005248425472358292,6.997900629811057e-05,0.002390949381852111,1.166316771635176e-05,0.0,0.0,0.0,0.0,0.0,0.0,0.0,0.0,0.0,0.0,0.0,0.0,0.0,0.0,0.0,0.0,0.0,0.0,0.0,0.0,0.0,0.0,0.0,0.0,0.0,0.0,0.0,0.0,0.0,0.0,0.0,0.0,0.0,0.0,0.0,0.0,0.0,0.0,0.0,0.0,0.0,0.0,0.0,0.0,nan,nan,4.225607544432354,2.8818892230873354,nan,0.9314059949864701,0.022754680202747398,0.0,0.0,0.0,0.0,0.0,0.0,0.0,0.0,0.0,0.0,0.0,0.0,0.0,0.0,0.0,0.0,0.0,0.0,0.0,0.0,0.0,0.0,0.0,0.0,0.0,0.08003557136505114,2.521120497999111,13.339261894175193,12.352156514006229,1.7074255224544246,0.9316714166776003,0.022709782231878552,0.0,0.0,0.0,0.0,0.0,0.0,0.0,0.0,0.0,0.0,0.0,0.0,0.0,0.0,0.0,0.0,0.0,0.0,0.0,0.0,0.0,0.0,0.0,0.0,0.0,0.08832188420019628,2.561334641805692,12.909715407262025,12.659470068694802,1.7811579980372918,0.4065,0.009674,0.0,0.0,0.0,0.0,0.0,0.0,0.0,0.0,0.0,0.0,0.0,7.443308136949744,22.489995553579377,0.06669630947087596,0.0,0.0,0.0,0.0,0.0,0.0,0.0,0.0,0.0,0.0,0.0,0.0,0.0,0.0,0.0,0.0,0.406,0.00999,0.0,0.0,0.0,0.0,0.0,0.0,0.0,0.0,0.0,0.0,0.0,8.508341511285561,21.403336604514234,0.08832188420019628,0.0,0.0,0.0,0.0,0.0,0.0,0.0,0.0,0.0,0.0,0.0,0.0,0.0,0.0,0.0,0.0
37600,4361,2298,0.5269433616143087,1095,893,0.45585874799357945,1194,0.5475808300848429,0.422,3.0237518177411538,3.1179616743755503,6.694793536804309,2.1472352484788697,8309.860453451,432.88997181053406,7853.0,8736.823046052456,8720.001060704873,5.630238377092697,7853.0,0.0,27.729649163036,20.60660146484688,32.67432321575062,18.82261161326075,0.13941756477872047,0.10066498509516165,0.09630818619582665,0.07911029580371474,0.08232056867690897,0.0754414125200642,0.07360697087823893,0.06512267828479706,0.06397615225865627,0.05228158679202018,0.04196285255675304,0.042650768172437514,0.03233203393717037,0.021096078880990597,0.016968585186883742,0.009401513414354506,0.0073377665673010775,0.9321394278023992,0.023402248057330148,0.0,0.0,0.0,0.0,0.0,0.0,0.0,0.0,0.0,0.0,0.0,0.0,0.0,0.0,0.0,0.0,0.0,0.0,0.0,0.0,0.0,0.0,0.0,0.0,0.0,0.10318734235267144,2.4421004356798903,13.077275854161893,12.29305205228159,2.084384315523963,4.311182565201857,2.917831492143592,nan,nan,nan,4.313432835820896,2.89139793737724,4.308908045977011,2.9443069872590764,0.9989510002784074,0.4062,0.00966,0.0,0.0,0.0,0.0,0.0,0.0,0.0,0.0,0.0,0.0,0.0,7.6840174271955854,22.233432698922268,0.08254987388213714,0.0,0.0,0.0,0.0,0.0,0.0,0.0,0.0,0.0,0.0,0.0,0.0,0.0,0.0,0.0,0.0,nan,nan,4.311182565201857,2.917831492143592,nan,0.4062,0.04547,0.0,0.0,0.0,0.0,0.0,0.0,0.0,0.0,0.0,0.0,0.0,0.0,0.0,0.0,0.0,0.0,0.0,0.0007567071772529236,0.0,8.025682182985554e-05,0.0,0.0,3.43957807842238e-05,0.0004700756707177253,0.0044943820224719105,0.0031758770924099977,0.005961935335932126,0.0025567530382939693,0.0,0.0037835358862646183,0.0014331575326759916,0.003152946571887182,0.009963311167163494,0.004666360926393029,0.029007108461362074,0.03664297179545976,0.05666131621187801,0.057291905526255446,0.07220820912634716,0.0835358862646182,0.10482687457005274,0.12868608117404265,0.07740197202476497,0.08478559963311168,0.060972254070167396,0.0439348773217152,0.027573950928686083,0.04182526943361614,0.014721394175647787,0.01520293510662692,0.009447374455400137,0.0034969043797294197,0.0027058014216922725,0.006099518459069021,0.0001031873423526714,0.0022471910112359553,1.1465260261407934e-05,0.0,8.025682182985554e-05,0.0,0.0,0.0,0.0,0.0,0.0,0.0,0.0,0.0,0.0,0.0,0.0,0.0,0.0,0.0,0.0,0.0,0.0,0.0,0.0,0.0,0.0,0.0,0.0,0.0,0.0,0.0,0.0,0.0,0.0,0.0,0.0,0.0,0.0,0.0,0.0,0.0,0.0,0.0,0.0,0.0,0.0,nan,nan,4.311182565201857,2.917831492143592,nan,0.9328273352952082,0.023312169734065073,0.0,0.0,0.0,0.0,0.0,0.0,0.0,0.0,0.0,0.0,0.0,0.0,0.0,0.0,0.0,0.0,0.0,0.0,0.0,0.0,0.0,0.0,0.0,0.0,0.0,0.09138381201044389,2.349869451697128,12.676240208877287,12.793733681462145,2.088772845953003,0.9313731595433227,0.023478462846710572,0.0,0.0,0.0,0.0,0.0,0.0,0.0,0.0,0.0,0.0,0.0,0.0,0.0,0.0,0.0,0.0,0.0,0.0,0.0,0.0,0.0,0.0,0.0,0.0,0.0,0.11633543383422204,2.544837615123607,13.523994183228313,11.735336888027147,2.0794958797867187,0.4062,0.00959,0.0,0.0,0.0,0.0,0.0,0.0,0.0,0.0,0.0,0.0,0.0,7.519582245430798,22.415143603133167,0.06527415143603134,0.0,0.0,0.0,0.0,0.0,0.0,0.0,0.0,0.0,0.0,0.0,0.0,0.0,0.0,0.0,0.0,0.4062,0.009735,0.0,0.0,0.0,0.0,0.0,0.0,0.0,0.0,0.0,0.0,0.0,7.8671837130392515,22.031022782355794,0.10179350460494428,0.0,0.0,0.0,0.0,0.0,0.0,0.0,0.0,0.0,0.0,0.0,0.0,0.0,0.0,0.0,0.0
37700,4207,2166,0.514856192060851,1002,847,0.43950558592821487,1172,0.5571666270501545,0.422,3.0323370896619304,3.1464238779971354,6.6084745762711865,2.12672965583655,8299.32667262836,433.27551267998905,7853.0,8738.817748212814,8719.895804130892,5.652288618258443,7853.0,0.0,28.162586165913954,21.13689739386264,33.11387397569935,19.393831140136147,0.1404801521274067,0.095792726408367,0.09484193011647254,0.09056334680294748,0.07844069408129309,0.07511290705966246,0.06750653672450678,0.06275255526503447,0.05752317565961493,0.04801521274067031,0.04658901830282862,0.04159733777038269,0.03470406465414785,0.024720703589256002,0.02234371285951985,0.011409555502733539,0.007606370335155693,0.9318194291725956,0.023278470327116007,0.0,0.0,0.0,0.0,0.0,0.0,0.0,0.0,0.0,0.0,0.0,0.0,0.0,0.0,0.0,0.0,0.0,0.0,0.0,0.0,0.0,0.0,0.0,0.0,0.0,0.0784406940812931,2.4173995721416692,13.256477299738535,12.094128832897555,2.153553601140956,4.253490080822925,2.902726925125529,nan,nan,nan,4.316220238095238,2.902508971983991,4.192447349310094,2.9026821859273944,0.9713237782231972,0.4067,0.00972,0.0,0.0,0.0,0.0,0.0,0.0,0.0,0.0,0.0,0.0,0.0,7.344901354884706,22.56239600665558,0.09270263845971004,0.0,0.0,0.0,0.0,0.0,0.0,0.0,0.0,0.0,0.0,0.0,0.0,0.0,0.0,0.0,0.0,nan,nan,4.253490080822925,2.902726925125529,nan,0.4067,0.04532,0.0,0.0,0.0,0.0,0.0,0.0,0.0,0.0,0.0,0.0,0.0,0.0,0.0,0.0,0.0,0.0,0.0,0.0004753981459472308,0.0,2.376990729736154e-05,0.0,1.188495364868077e-05,2.376990729736154e-05,0.0006417874970287616,0.0044212027573092465,0.003197052531495127,0.006334680294746851,0.002590919895412408,3.565486094604231e-05,0.0030900879486570002,0.0009270263845971001,0.002341335868790112,0.010173520323270738,0.004254813406227716,0.027870216306156406,0.03598763964820537,0.05852151176610411,0.055752317565961496,0.06980033277870216,0.08532208224387924,0.10483717613501307,0.126693605894937,0.07952222486332303,0.08704540052293797,0.06150463513192299,0.04334442595673877,0.026836225338721178,0.04400998336106489,0.014107439980984075,0.014986926550986452,0.009686237223674827,0.003304017114333254,0.0032089374851438078,0.0064891846921797,9.507962918944617e-05,0.0025196101735203234,0.0,1.188495364868077e-05,0.0,0.0,0.0,0.0,0.0,0.0,0.0,0.0,0.0,0.0,0.0,0.0,0.0,0.0,0.0,0.0,0.0,0.0,0.0,0.0,0.0,0.0,0.0,0.0,0.0,0.0,0.0,0.0,0.0,0.0,0.0,0.0,0.0,0.0,0.0,0.0,0.0,0.0,0.0,0.0,0.0,0.0,0.0,nan,nan,4.253490080822925,2.902726925125529,nan,0.9318031591611776,0.023771379628924973,0.0,0.0,0.0,0.0,0.0,0.0,0.0,0.0,0.0,0.0,0.0,0.0,0.0,0.0,0.0,0.0,0.0,0.0,0.0,0.0,0.0,0.0,0.0,0.0,0.0,0.06925207756232689,2.57617728531856,13.033240997229921,12.036011080332413,2.2853185595567873,0.9318366956325327,0.02274367941199113,0.0,0.0,0.0,0.0,0.0,0.0,0.0,0.0,0.0,0.0,0.0,0.0,0.0,0.0,0.0,0.0,0.0,0.0,0.0,0.0,0.0,0.0,0.0,0.0,0.0,0.08819206271435572,2.248897599216071,13.493385595296427,12.155805977462032,2.0137187653111224,0.4067,0.009796,0.0,0.0,0.0,0.0,0.0,0.0,0.0,0.0,0.0,0.0,0.0,7.216066481994449,22.742382271468152,0.04155124653739613,0.0,0.0,0.0,0.0,0.0,0.0,0.0,0.0,0.0,0.0,0.0,0.0,0.0,0.0,0.0,0.0,0.407,0.009636,0.0,0.0,0.0,0.0,0.0,0.0,0.0,0.0,0.0,0.0,0.0,7.4816266536011655,22.371386575208234,0.14698677119059286,0.0,0.0,0.0,0.0,0.0,0.0,0.0,0.0,0.0,0.0,0.0,0.0,0.0,0.0,0.0,0.0
37800,4267,2221,0.5205062104523084,1053,879,0.45277712678696974,1186,0.5558940707757206,0.41,2.924731182795699,3.0432214469612036,6.521201413427562,2.0751114674981133,8304.141898564912,433.02176094079687,7853.0,8738.03463294506,8719.7368217814,5.4680222697081495,7853.0,0.0,28.08507147879072,20.817418698499086,33.172877556738584,18.953588997276864,0.14037965783923131,0.09725802671666275,0.08858682915397234,0.08554019217248653,0.08108741504569955,0.07710335130067963,0.06538551675650339,0.06890086711975626,0.06304194984766816,0.05108975861260839,0.04687133817670495,0.03820014061401453,0.03702835715959691,0.026951019451605343,0.01734239512538083,0.007499414108272791,0.007733770799156316,0.9304609708828476,0.02315709862916731,0.0,0.0,0.0,0.0,0.0,0.0,0.0,0.0,0.0,0.0,0.0,0.0,0.0,0.0,0.0,0.0,0.0,0.0,0.0,0.0,0.0,0.0,0.0,0.0,0.0,0.0984298101710804,2.6997890789782053,13.75908132177174,11.748300913991098,1.6943988750878842,4.1516245487364625,2.8127043970352323,nan,nan,nan,4.117052023121388,2.8067627831708575,4.182671480144404,2.816247870655211,1.0159384570936916,0.4075,0.009514,0.0,0.0,0.0,0.0,0.0,0.0,0.0,0.0,0.0,0.0,0.0,6.482306069838285,23.433325521443646,0.08436840871806892,0.0,0.0,0.0,0.0,0.0,0.0,0.0,0.0,0.0,0.0,0.0,0.0,0.0,0.0,0.0,0.0,nan,nan,4.1516245487364625,2.8127043970352323,nan,0.4075,0.0451,0.0,0.0,0.0,0.0,0.0,0.0,0.0,0.0,0.0,0.0,0.0,0.0,0.0,0.0,0.0,0.0,0.0,0.0005624560581204593,0.0,0.0,0.0,2.3435669088352474e-05,2.3435669088352474e-05,0.0002695101945160534,0.004780876494023904,0.0027654089524255915,0.0061752988047808766,0.0025544879306304193,0.00010546051089758613,0.0026130771033513007,0.0007147879071947505,0.0017928286852589642,0.00943285680806187,0.0036325287086946332,0.027091633466135457,0.0364424654323881,0.05752284977736114,0.05629247715022264,0.06902976329974221,0.08793063041949847,0.10160534333255214,0.12678696976798687,0.0808179048511835,0.08623154441059293,0.06378017342395126,0.04253573939535974,0.028228263416920554,0.04527771267869698,0.014143426294820717,0.015619873447386922,0.008565737051792829,0.0034450433559878135,0.003163815326927584,0.0072650574173892665,0.00011717834544176236,0.0026599484415280056,0.0,0.0,0.0,0.0,0.0,0.0,0.0,0.0,0.0,0.0,0.0,0.0,0.0,0.0,0.0,0.0,0.0,0.0,0.0,0.0,0.0,0.0,0.0,0.0,0.0,0.0,0.0,0.0,0.0,0.0,0.0,0.0,0.0,0.0,0.0,0.0,0.0,0.0,0.0,0.0,0.0,0.0,0.0,0.0,0.0,nan,nan,4.1516245487364625,2.8127043970352323,nan,0.9303232621148275,0.02276785275760917,0.0,0.0,0.0,0.0,0.0,0.0,0.0,0.0,0.0,0.0,0.0,0.0,0.0,0.0,0.0,0.0,0.0,0.0,0.0,0.0,0.0,0.0,0.0,0.0,0.0,0.09455200360198111,2.6609635299414682,13.953174245835212,11.778478162989648,1.5128320576316978,0.930610458260058,0.02357145252614953,0.0,0.0,0.0,0.0,0.0,0.0,0.0,0.0,0.0,0.0,0.0,0.0,0.0,0.0,0.0,0.0,0.0,0.0,0.0,0.0,0.0,0.0,0.0,0.0,0.0,0.10263929618768332,2.741935483870968,13.548387096774198,11.715542521994136,1.891495601173021,0.4075,0.00941,0.0,0.0,0.0,0.0,0.0,0.0,0.0,0.0,0.0,0.0,0.0,6.3484916704187215,23.5434488968933,0.10805943268797841,0.0,0.0,0.0,0.0,0.0,0.0,0.0,0.0,0.0,0.0,0.0,0.0,0.0,0.0,0.0,0.0,0.4075,0.00963,0.0,0.0,0.0,0.0,0.0,0.0,0.0,0.0,0.0,0.0,0.0,6.627565982404683,23.31378299120235,0.058651026392961894,0.0,0.0,0.0,0.0,0.0,0.0,0.0,0.0,0.0,0.0,0.0,0.0,0.0,0.0,0.0,0.0
37900,4261,2244,0.5266369396855198,1080,844,0.4515371978408824,1149,0.5393100211218024,0.422,2.9935547843331682,3.081677441161159,6.556140350877193,2.0531121044976977,8309.426239786975,432.74481156865386,7853.0,8738.413819903135,8719.681019488546,5.685832961054715,7853.0,0.0,27.698427599155128,20.735431116953922,32.7943741209564,18.921086306747913,0.14667918329030744,0.09223187045294531,0.09716029101149964,0.08777282328091997,0.08026284909645623,0.07744660877728232,0.06758976766017367,0.0638347805679418,0.060783853555503406,0.05069232574513025,0.043417038253931,0.03989673785496362,0.03050927012438395,0.029335836658061488,0.01595869514198545,0.010560901196902136,0.005867167331612298,0.9296111707339346,0.023542999594499077,0.0,0.0,0.0,0.0,0.0,0.0,0.0,0.0,0.0,0.0,0.0,0.0,0.0,0.0,0.0,0.0,0.0,0.0,0.0,0.0,0.0,0.0,0.0,0.0,0.0,0.0844872095752171,3.041539544707816,13.74325275756865,11.37761088946257,1.753109598685755,4.231889333818711,2.901820631214116,nan,nan,nan,4.309012875536481,2.926435482561804,4.154302670623146,2.873689230872199,0.9640961377043755,0.4075,0.00939,0.0,0.0,0.0,0.0,0.0,0.0,0.0,0.0,0.0,0.0,0.0,6.252053508566055,23.663459281858724,0.0844872095752171,0.0,0.0,0.0,0.0,0.0,0.0,0.0,0.0,0.0,0.0,0.0,0.0,0.0,0.0,0.0,0.0,nan,nan,4.231889333818711,2.901820631214116,nan,0.4075,0.04553,0.0,0.0,0.0,0.0,0.0,0.0,0.0,0.0,0.0,0.0,0.0,0.0,0.0,0.0,0.0,0.0,0.0,0.00037549870922318706,0.0,0.0,0.0,3.520300398967379e-05,1.1734334663224596e-05,0.00039896737854963626,0.005116169913165923,0.0027927716498474535,0.006899788781976062,0.0017014785261675663,0.00018774935461159353,0.002898380661816475,0.0008214034264257216,0.0020183055620746305,0.008953297348040366,0.003332551044355785,0.026590002346866932,0.03797230697019479,0.05645388406477353,0.05450598451067824,0.06954940154893217,0.09047172025346163,0.10170147852616757,0.12402018305562075,0.08023938042712978,0.08666979582257686,0.06524290072752875,0.042126261440976295,0.02653133067355081,0.04583431119455527,0.01317765782680122,0.015102088711570054,0.009234921379957756,0.0037432527575686457,0.0043299694907298755,0.007768129547054682,2.346866932644919e-05,0.0031682703590706408,0.0,0.0,0.0,0.0,0.0,0.0,0.0,0.0,0.0,0.0,0.0,0.0,0.0,0.0,0.0,0.0,0.0,0.0,0.0,0.0,0.0,0.0,0.0,0.0,0.0,0.0,0.0,0.0,0.0,0.0,0.0,0.0,0.0,0.0,0.0,0.0,0.0,0.0,0.0,0.0,0.0,0.0,0.0,0.0,0.0,nan,nan,4.231889333818711,2.901820631214116,nan,0.9296031584714186,0.02372835673909481,0.0,0.0,0.0,0.0,0.0,0.0,0.0,0.0,0.0,0.0,0.0,0.0,0.0,0.0,0.0,0.0,0.0,0.0,0.0,0.0,0.0,0.0,0.0,0.0,0.0,0.06684491978609627,3.155080213903744,13.516042780748666,11.564171122994656,1.6978609625668453,0.9296200847235657,0.023335048336702826,0.0,0.0,0.0,0.0,0.0,0.0,0.0,0.0,0.0,0.0,0.0,0.0,0.0,0.0,0.0,0.0,0.0,0.0,0.0,0.0,0.0,0.0,0.0,0.0,0.0,0.10411502231036195,2.9152206246901344,13.9960337134358,11.17005453644026,1.814576103123451,0.408,0.00951,0.0,0.0,0.0,0.0,0.0,0.0,0.0,0.0,0.0,0.0,0.0,5.708556149732612,24.184491978609632,0.10695187165775404,0.0,0.0,0.0,0.0,0.0,0.0,0.0,0.0,0.0,0.0,0.0,0.0,0.0,0.0,0.0,0.0,0.407,0.009254,0.0,0.0,0.0,0.0,0.0,0.0,0.0,0.0,0.0,0.0,0.0,6.856717897868111,23.08378780366882,0.05949429846306397,0.0,0.0,0.0,0.0,0.0,0.0,0.0,0.0,0.0,0.0,0.0,0.0,0.0,0.0,0.0,0.0
38000,4286,2216,0.5170321978534764,999,860,0.4337377508166122,1158,0.540363975734951,0.418,2.8855072463768114,3.0542490571476955,6.559139784946237,2.051989325491169,8301.05606093979,433.0630231769349,7853.0,8738.009086245298,8719.592182846542,5.551745015245944,7853.0,0.0,27.328278114792347,20.855932688319015,32.278382147838215,19.224549729599545,0.14232384507699486,0.10895940270648623,0.1000933271115259,0.08539430704619692,0.07956136257582828,0.0730284647690154,0.06206252916472235,0.06416238917405506,0.057162855809612695,0.053663089127391504,0.04479701353243117,0.038497433504433035,0.03336444237050863,0.02053196453569762,0.019132057862809144,0.009332711152589827,0.007932804479701353,0.9292612547246974,0.023739927775508766,0.0,0.0,0.0,0.0,0.0,0.0,0.0,0.0,0.0,0.0,0.0,0.0,0.0,0.0,0.0,0.0,0.0,0.0,0.0,0.0,0.0,0.0,0.0,0.0,0.0,0.1749883341110593,3.0377974801679897,13.558096126924875,11.5632291180588,1.6658889407372846,4.274561075831154,2.7958289553773845,nan,nan,nan,4.31310861423221,2.7976877289383792,4.236214605067064,2.793450927632738,0.9821720211470182,0.4075,0.00939,0.0,0.0,0.0,0.0,0.0,0.0,0.0,0.0,0.0,0.0,0.0,6.271581894540355,23.637424171721893,0.09099393373775085,0.0,0.0,0.0,0.0,0.0,0.0,0.0,0.0,0.0,0.0,0.0,0.0,0.0,0.0,0.0,0.0,nan,nan,4.274561075831154,2.7958289553773845,nan,0.4075,0.04538,0.0,0.0,0.0,0.0,0.0,0.0,0.0,0.0,0.0,0.0,0.0,0.0,0.0,0.0,0.0,0.0,0.0,0.0004666355576294914,0.0,0.0,1.1665888940737283e-05,0.0,1.1665888940737283e-05,0.0006999533364442371,0.004503033131124592,0.0029748016798880074,0.007092860475968269,0.0013649090060662622,6.99953336444237e-05,0.003161455902939804,0.0012015865608959403,0.0018315445636957535,0.00773448436770882,0.003639757349510033,0.024661689220718618,0.04086560895940271,0.055202986467568826,0.05465468968735417,0.07109192720485301,0.0883574428371442,0.10800279981334578,0.1260615958936071,0.07798646756882874,0.0851376574895007,0.06450069995333645,0.04101726551563229,0.02666822211852543,0.042638824078394776,0.013847410172655157,0.015002333177788147,0.00983434437704153,0.004643023798413439,0.004818012132524498,0.007361175921605226,0.0,0.0028814745683621093,0.0,0.0,0.0,0.0,0.0,0.0,0.0,0.0,0.0,0.0,0.0,0.0,0.0,0.0,0.0,0.0,0.0,0.0,0.0,0.0,0.0,0.0,0.0,0.0,0.0,0.0,0.0,0.0,0.0,0.0,0.0,0.0,0.0,0.0,0.0,0.0,0.0,0.0,0.0,0.0,0.0,0.0,0.0,0.0,0.0,nan,nan,4.274561075831154,2.7958289553773845,nan,0.9298049399514922,0.023343264964251213,0.0,0.0,0.0,0.0,0.0,0.0,0.0,0.0,0.0,0.0,0.0,0.0,0.0,0.0,0.0,0.0,0.0,0.0,0.0,0.0,0.0,0.0,0.0,0.0,0.0,0.1353790613718412,2.7752707581227445,13.822202166064985,11.493682310469318,1.7734657039711195,0.9286792226171724,0.02414378540920203,0.0,0.0,0.0,0.0,0.0,0.0,0.0,0.0,0.0,0.0,0.0,0.0,0.0,0.0,0.0,0.0,0.0,0.0,0.0,0.0,0.0,0.0,0.0,0.0,0.0,0.21739130434782614,3.318840579710146,13.275362318840584,11.637681159420291,1.5507246376811599,0.4075,0.00962,0.0,0.0,0.0,0.0,0.0,0.0,0.0,0.0,0.0,0.0,0.0,6.484657039711182,23.379963898916973,0.1353790613718412,0.0,0.0,0.0,0.0,0.0,0.0,0.0,0.0,0.0,0.0,0.0,0.0,0.0,0.0,0.0,0.0,0.4075,0.00914,0.0,0.0,0.0,0.0,0.0,0.0,0.0,0.0,0.0,0.0,0.0,6.0434782608695565,23.913043478260878,0.04347826086956522,0.0,0.0,0.0,0.0,0.0,0.0,0.0,0.0,0.0,0.0,0.0,0.0,0.0,0.0,0.0,0.0
38100,4157,2153,0.5179215780611017,1013,819,0.44070242963675726,1133,0.5451046427712293,0.43,2.961576846307385,3.1176243432286466,6.5875,2.1371344716699507,8301.88391489595,433.0901615400774,7853.0,8739.129035079479,8719.702477576622,5.3916441541578495,7853.0,0.0,28.134712533076737,21.05977700729948,33.14248853211009,19.291553678967702,0.14144815973057492,0.10055328361799375,0.09069040173201828,0.0837142169834015,0.07986528746692326,0.07745970651912437,0.06928073129660813,0.06134231416887178,0.056531152273273995,0.04666827038729853,0.04811161895597787,0.04185710849170075,0.03656483040654318,0.0315131104161655,0.0180418571084917,0.009381765696415684,0.006976184748616791,0.9297887755610319,0.022873279328381447,0.0,0.0,0.0,0.0,0.0,0.0,0.0,0.0,0.0,0.0,0.0,0.0,0.0,0.0,0.0,0.0,0.0,0.0,0.0,0.0,0.0,0.0,0.0,0.0,0.0,0.09381765696415686,2.626894394996392,14.1375992302141,11.489054606687517,1.6526341111378402,4.216467958271237,2.8870459505363524,nan,nan,nan,4.173048600883653,2.8729008573863783,4.260377358490566,2.9018107309019876,1.0209268489200969,0.4077,0.00908,0.0,0.0,0.0,0.0,0.0,0.0,0.0,0.0,0.0,0.0,0.0,5.665143132066386,24.241039210969458,0.09381765696415686,0.0,0.0,0.0,0.0,0.0,0.0,0.0,0.0,0.0,0.0,0.0,0.0,0.0,0.0,0.0,0.0,nan,nan,4.216467958271237,2.8870459505363524,nan,0.4077,0.04477,0.0,0.0,0.0,0.0,0.0,0.0,0.0,0.0,0.0,0.0,0.0,0.0,0.0,0.0,0.0,0.0,0.0,0.00025258599951888383,0.0,0.0,0.0,0.0,0.0,0.0003728650469088285,0.00406543180178013,0.0030310319942266056,0.0058455617031513115,0.0014313206639403415,0.0,0.0030791436131825836,0.0010945393312484966,0.0016117392350252586,0.007962472937214337,0.002549915804666827,0.02703872985325956,0.040930959826798174,0.05292278085157565,0.05442626894394997,0.07583593937936012,0.08936733221072889,0.10754149627134953,0.12401972576377195,0.07908347365888863,0.08245128698580707,0.0661053644455136,0.040317536685109456,0.025186432523454413,0.041472215540052926,0.015070964637960068,0.018486889583834498,0.009441905220110658,0.004919413038248737,0.004498436372383931,0.007096463796006735,8.419533317296127e-05,0.0024055809477988932,0.0,0.0,0.0,0.0,0.0,0.0,0.0,0.0,0.0,0.0,0.0,0.0,0.0,0.0,0.0,0.0,0.0,0.0,0.0,0.0,0.0,0.0,0.0,0.0,0.0,0.0,0.0,0.0,0.0,0.0,0.0,0.0,0.0,0.0,0.0,0.0,0.0,0.0,0.0,0.0,0.0,0.0,0.0,0.0,0.0,nan,nan,4.216467958271237,2.8870459505363524,nan,0.930132485521266,0.02241868346380076,0.0,0.0,0.0,0.0,0.0,0.0,0.0,0.0,0.0,0.0,0.0,0.0,0.0,0.0,0.0,0.0,0.0,0.0,0.0,0.0,0.0,0.0,0.0,0.0,0.0,0.08360427310729217,2.3827217835578267,14.407803065490016,11.439851370181145,1.6860195076637254,0.9294195103193233,0.023346178021132123,0.0,0.0,0.0,0.0,0.0,0.0,0.0,0.0,0.0,0.0,0.0,0.0,0.0,0.0,0.0,0.0,0.0,0.0,0.0,0.0,0.0,0.0,0.0,0.0,0.0,0.10479041916167668,2.889221556886228,13.84730538922156,11.541916167664672,1.6167664670658688,0.4075,0.00908,0.0,0.0,0.0,0.0,0.0,0.0,0.0,0.0,0.0,0.0,0.0,5.866233163028324,24.008360427310738,0.12540640966093825,0.0,0.0,0.0,0.0,0.0,0.0,0.0,0.0,0.0,0.0,0.0,0.0,0.0,0.0,0.0,0.0,0.408,0.00909,0.0,0.0,0.0,0.0,0.0,0.0,0.0,0.0,0.0,0.0,0.0,5.449101796407177,24.491017964071858,0.0598802395209581,0.0,0.0,0.0,0.0,0.0,0.0,0.0,0.0,0.0,0.0,0.0,0.0,0.0,0.0,0.0,0.0
38200,4351,2246,0.5162031716846702,1078,903,0.45529763272810847,1236,0.5681452539646058,0.39799999999999996,2.904513064133017,3.0786836751190485,6.623693379790941,2.1440777238185627,8300.436825813062,433.18326201471734,7853.0,8743.223451519012,8719.784340655666,5.605083673897857,7853.0,0.0,27.290507929211675,20.409025891702683,32.170825335892516,18.684899420661182,0.14295564238106181,0.10020684900022983,0.0900942312112158,0.09492070788324523,0.0822799356469777,0.07883245230981384,0.0689496667432774,0.05768788784187543,0.0611353711790393,0.0558492300620547,0.046196276717995866,0.03631349115145943,0.03171684670190761,0.02252355780280395,0.016088255573431395,0.007124798896805332,0.007124798896805332,0.9300105290778942,0.022976008344618267,0.0,0.0,0.0,0.0,0.0,0.0,0.0,0.0,0.0,0.0,0.0,0.0,0.0,0.0,0.0,0.0,0.0,0.0,0.0,0.0,0.0,0.0,0.0,0.0,0.0,0.1310043668122271,2.7579866697310966,13.71408871523788,11.700758446334179,1.6961618018846247,4.25870111230714,2.870139781862495,nan,nan,nan,4.276135544340303,2.8826157819917793,4.241428571428571,2.8576210314147104,0.9918835657682394,0.4077,0.00919,0.0,0.0,0.0,0.0,0.0,0.0,0.0,0.0,0.0,0.0,0.0,6.115835440128697,23.773845093082056,0.11031946678924388,0.0,0.0,0.0,0.0,0.0,0.0,0.0,0.0,0.0,0.0,0.0,0.0,0.0,0.0,0.0,0.0,nan,nan,4.25870111230714,2.870139781862495,nan,0.4077,0.04523,0.0,0.0,0.0,0.0,0.0,0.0,0.0,0.0,0.0,0.0,0.0,0.0,0.0,0.0,0.0,0.0,0.0,0.0002183406113537118,0.0,0.0,0.0,0.0,0.0,0.00019535738910595265,0.00399908067111009,0.0031027350034474833,0.006963916341071018,0.0011031946678924385,0.0,0.002631578947368421,0.001275568834750632,0.0015283842794759825,0.00931969662146633,0.00212594805791772,0.027062744196736384,0.039278326821420365,0.0559641461732935,0.056515743507239716,0.0717651114686279,0.0939783957710871,0.1046081360606757,0.12477591358308435,0.07816593886462882,0.07910825097678695,0.06346816823718686,0.039933348655481496,0.023500344748333717,0.042381061824867845,0.018237186853596873,0.020926223856584693,0.008469317398299241,0.004619627671799587,0.0044472535049413925,0.007653413008503792,0.00019535738910595265,0.0024592047805102276,0.0,0.0,2.2983222247759137e-05,0.0,0.0,0.0,0.0,0.0,0.0,0.0,0.0,0.0,0.0,0.0,0.0,0.0,0.0,0.0,0.0,0.0,0.0,0.0,0.0,0.0,0.0,0.0,0.0,0.0,0.0,0.0,0.0,0.0,0.0,0.0,0.0,0.0,0.0,0.0,0.0,0.0,0.0,0.0,0.0,0.0,0.0,nan,nan,4.25870111230714,2.870139781862495,nan,0.9304175296216168,0.02347428149369232,0.0,0.0,0.0,0.0,0.0,0.0,0.0,0.0,0.0,0.0,0.0,0.0,0.0,0.0,0.0,0.0,0.0,0.0,0.0,0.0,0.0,0.0,0.0,0.0,0.0,0.17364203027604636,2.6847729296527163,13.477292965271598,11.914514692787181,1.749777382012467,0.9295762662649721,0.02242401329474338,0.0,0.0,0.0,0.0,0.0,0.0,0.0,0.0,0.0,0.0,0.0,0.0,0.0,0.0,0.0,0.0,0.0,0.0,0.0,0.0,0.0,0.0,0.0,0.0,0.0,0.08551068883610452,2.8361045130641336,13.966745843230408,11.472684085510691,1.6389548693586702,0.4077,0.00917,0.0,0.0,0.0,0.0,0.0,0.0,0.0,0.0,0.0,0.0,0.0,6.251113089937658,23.655387355298316,0.09349955476402495,0.0,0.0,0.0,0.0,0.0,0.0,0.0,0.0,0.0,0.0,0.0,0.0,0.0,0.0,0.0,0.0,0.408,0.00922,0.0,0.0,0.0,0.0,0.0,0.0,0.0,0.0,0.0,0.0,0.0,5.971496437054623,23.900237529691218,0.1282660332541568,0.0,0.0,0.0,0.0,0.0,0.0,0.0,0.0,0.0,0.0,0.0,0.0,0.0,0.0,0.0,0.0
38300,4219,2236,0.5299834083906139,1021,837,0.44038871770561744,1174,0.5565299834083907,0.414,3.060010085728694,3.078552914651586,6.55160744500846,2.111196472715932,8312.256536316101,432.51269271283155,7853.0,8736.510174894333,8719.548893880876,5.417031379968027,7853.0,0.0,28.532353638302915,21.035215417996774,33.267039106145255,19.310247884375087,0.13273287508888362,0.10239393221142451,0.09338705854467884,0.07608438018487794,0.08058781701825077,0.07845461009717943,0.07276605830765584,0.06399620763214031,0.05309315003555345,0.05261910405309315,0.04835269021095046,0.04621948328987912,0.0350794027020621,0.029864896894998817,0.016354586394880303,0.01090305759658687,0.00711068973690448,0.929479738015308,0.022837129050790717,0.0,0.0,0.0,0.0,0.0,0.0,0.0,0.0,0.0,0.0,0.0,0.0,0.0,0.0,0.0,0.0,0.0,0.0,0.0,0.0,0.0,0.0,0.0,0.0,0.0,0.08532827684285377,2.8869400331832193,13.965394643280401,11.51931737378526,1.5430196729082726,4.303682099890631,2.886984937770167,nan,nan,nan,4.291756272401433,2.919991063610401,4.317743132887899,2.852733608605246,1.0060550643692365,0.4075,0.00978,0.0,0.0,0.0,0.0,0.0,0.0,0.0,0.0,0.0,0.0,0.0,6.627162834794966,23.259066129414556,0.11377103579047171,0.0,0.0,0.0,0.0,0.0,0.0,0.0,0.0,0.0,0.0,0.0,0.0,0.0,0.0,0.0,0.0,nan,nan,4.303682099890631,2.886984937770167,nan,0.4075,0.04596,0.0,0.0,0.0,0.0,0.0,0.0,0.0,0.0,0.0,0.0,0.0,0.0,0.0,0.0,0.0,0.0,0.0,0.0005688551789523584,0.0,0.0,0.0,0.0,0.0,0.00015406494429959705,0.005368570751362882,0.0028561270443232993,0.007241052382081062,0.0006873666745674331,4.7404598246029865e-05,0.0023109741644939557,0.0016117563403650155,0.0017895235837876273,0.009575728845698033,0.001599905190803508,0.02728134629059019,0.039725053330173024,0.05551078454610097,0.05783360986015643,0.07185351979141977,0.09516473097890496,0.10517895235837876,0.12134392036027494,0.07803981986252667,0.07914197677174686,0.06193410760843802,0.03891917515999052,0.02404598246029865,0.04293671486134155,0.01769376629533065,0.020526191040530932,0.008058781701825076,0.004787864422849016,0.004811566721972031,0.008058781701825076,0.00022517184166864185,0.0031168523346764634,0.0,0.0,0.0,0.0,0.0,0.0,0.0,0.0,0.0,0.0,0.0,0.0,0.0,0.0,0.0,0.0,0.0,0.0,0.0,0.0,0.0,0.0,0.0,0.0,0.0,0.0,0.0,0.0,0.0,0.0,0.0,0.0,0.0,0.0,0.0,0.0,0.0,0.0,0.0,0.0,0.0,0.0,0.0,0.0,0.0,nan,nan,4.303682099890631,2.886984937770167,nan,0.9296211459555651,0.023025843950301876,0.0,0.0,0.0,0.0,0.0,0.0,0.0,0.0,0.0,0.0,0.0,0.0,0.0,0.0,0.0,0.0,0.0,0.0,0.0,0.0,0.0,0.0,0.0,0.0,0.0,0.08050089445438284,2.9785330948121653,13.711985688729879,11.77996422182469,1.4490161001788913,0.9293202886182254,0.022621388518151674,0.0,0.0,0.0,0.0,0.0,0.0,0.0,0.0,0.0,0.0,0.0,0.0,0.0,0.0,0.0,0.0,0.0,0.0,0.0,0.0,0.0,0.0,0.0,0.0,0.0,0.09077155824508322,2.7836611195158856,14.251134644478068,11.225416036308625,1.6490166414523455,0.4075,0.00968,0.0,0.0,0.0,0.0,0.0,0.0,0.0,0.0,0.0,0.0,0.0,6.614490161001779,23.27817531305904,0.10733452593917713,0.0,0.0,0.0,0.0,0.0,0.0,0.0,0.0,0.0,0.0,0.0,0.0,0.0,0.0,0.0,0.0,0.4075,0.00989,0.0,0.0,0.0,0.0,0.0,0.0,0.0,0.0,0.0,0.0,0.0,6.6414523449319125,23.237518910741304,0.12102874432677764,0.0,0.0,0.0,0.0,0.0,0.0,0.0,0.0,0.0,0.0,0.0,0.0,0.0,0.0,0.0,0.0
38400,4494,2327,0.5178015131286159,1117,929,0.4552736982643525,1241,0.5522919448153093,0.40599999999999997,2.9437009690816796,3.1105705364777223,6.59432387312187,2.1676097562461085,8301.679767178655,432.99903677689775,7853.0,8738.715297365188,8719.509185088473,5.65519022127677,7853.0,0.0,27.387627948375613,20.58920020628256,32.373201917954184,18.864814650106794,0.14129951045838895,0.09790832220738763,0.09813084112149532,0.08967512238540276,0.08433466844681797,0.07387627948375612,0.07498887405429462,0.06764574988874054,0.05473965287049399,0.048286604361370715,0.04072096128170895,0.03649310191366266,0.03093012906097018,0.028259902091677794,0.017356475300400534,0.010235870048954161,0.005117935024477081,0.9299669017062805,0.023276751222884185,0.0,0.0,0.0,0.0,0.0,0.0,0.0,0.0,0.0,0.0,0.0,0.0,0.0,0.0,0.0,0.0,0.0,0.0,0.0,0.0,0.0,0.0,0.0,0.0,0.0,0.09345794392523367,2.9506008010680915,14.032042723631513,11.234979973297733,1.688918558077437,4.200486448922863,2.9208530719915444,nan,nan,nan,4.223766504517026,2.9207683151460855,4.1772063933287,2.9207522769975967,0.9889766370516616,0.4072,0.01005,0.0,0.0,0.0,0.0,0.0,0.0,0.0,0.0,0.0,0.0,0.0,7.162883845126825,22.703604806408553,0.1335113484646195,0.0,0.0,0.0,0.0,0.0,0.0,0.0,0.0,0.0,0.0,0.0,0.0,0.0,0.0,0.0,0.0,nan,nan,4.200486448922863,2.9208530719915444,nan,0.4072,0.0465,0.0,0.0,0.0,0.0,0.0,0.0,0.0,0.0,0.0,0.0,0.0,0.0,0.0,0.0,0.0,0.0,0.0,0.0007565643079661771,0.0,0.0,1.1125945705384958e-05,0.0,0.0,1.1125945705384958e-05,0.005963506898086337,0.0030485091232754784,0.007498887405429462,0.0005896751223854027,3.3377837116154874e-05,0.002091677792612372,0.0013573653760569648,0.0014686248331108145,0.009557187360925678,0.0015910102358700489,0.027659101023587006,0.03999777481085892,0.0565086782376502,0.06134846461949266,0.07105028927458834,0.09373609256786827,0.10781041388518024,0.11948153093012906,0.07700267022696929,0.07672452158433467,0.062127280818869604,0.03737205162438807,0.024076546506453047,0.04098798397863818,0.016455273698264352,0.023475745438362262,0.008133066310636403,0.005084557187360925,0.005418335558522475,0.007710280373831775,0.00014463729417000444,0.003693813974187806,2.2251891410769917e-05,0.0,0.0,0.0,0.0,0.0,0.0,0.0,0.0,0.0,0.0,0.0,0.0,0.0,0.0,0.0,0.0,0.0,0.0,0.0,0.0,0.0,0.0,0.0,0.0,0.0,0.0,0.0,0.0,0.0,0.0,0.0,0.0,0.0,0.0,0.0,0.0,0.0,0.0,0.0,0.0,0.0,0.0,0.0,0.0,nan,nan,4.200486448922863,2.9208530719915444,nan,0.9295887518554068,0.023223101157969453,0.0,0.0,0.0,0.0,0.0,0.0,0.0,0.0,0.0,0.0,0.0,0.0,0.0,0.0,0.0,0.0,0.0,0.0,0.0,0.0,0.0,0.0,0.0,0.0,0.0,0.06446067898581866,3.1198968629136234,14.026643747314141,11.022776106574993,1.7662226042114315,0.9303729721737392,0.023327400541546334,0.0,0.0,0.0,0.0,0.0,0.0,0.0,0.0,0.0,0.0,0.0,0.0,0.0,0.0,0.0,0.0,0.0,0.0,0.0,0.0,0.0,0.0,0.0,0.0,0.0,0.12459621596677437,2.7688047992616527,14.037840332256579,11.462851868943243,1.6059067835717586,0.4072,0.00989,0.0,0.0,0.0,0.0,0.0,0.0,0.0,0.0,0.0,0.0,0.0,7.271164589600333,22.61280618822519,0.11602922217447359,0.0,0.0,0.0,0.0,0.0,0.0,0.0,0.0,0.0,0.0,0.0,0.0,0.0,0.0,0.0,0.0,0.4072,0.01021,0.0,0.0,0.0,0.0,0.0,0.0,0.0,0.0,0.0,0.0,0.0,7.046608214120894,22.80110752191971,0.15228426395939088,0.0,0.0,0.0,0.0,0.0,0.0,0.0,0.0,0.0,0.0,0.0,0.0,0.0,0.0,0.0,0.0
38500,4350,2215,0.5091954022988506,985,905,0.43448275862068964,1241,0.5705747126436782,0.41,3.0323185011709604,3.104183927605199,6.546925566343042,2.2066166895327233,8294.036335778579,433.01565308330015,7853.0,8736.477538490295,8719.14359396696,5.392760229398514,7853.0,0.0,27.812183908045977,20.987996318929998,32.92314049586777,19.22017962293372,0.14275862068965517,0.10344827586206896,0.09241379310344827,0.08505747126436781,0.07517241379310345,0.08045977011494253,0.06873563218390805,0.06045977011494253,0.059080459770114946,0.045057471264367814,0.05057471264367816,0.04160919540229885,0.03425287356321839,0.023908045977011495,0.018620689655172412,0.011264367816091954,0.007126436781609196,0.9285250753780891,0.022680212026624125,0.0,0.0,0.0,0.0,0.0,0.0,0.0,0.0,0.0,0.0,0.0,0.0,0.0,0.0,0.0,0.0,0.0,0.0,0.0,0.0,0.0,0.0,0.0,0.0,0.0,0.06896551724137932,3.1379310344827593,14.303448275862072,11.020689655172415,1.4689655172413798,4.321338611011155,2.816956612326078,nan,nan,nan,4.277738010021475,2.8456144474388863,4.365412445730825,2.786995165282271,1.020495513166995,0.4072,0.00978,0.0,0.0,0.0,0.0,0.0,0.0,0.0,0.0,0.0,0.0,0.0,6.924137931034473,22.937931034482766,0.13793103448275865,0.0,0.0,0.0,0.0,0.0,0.0,0.0,0.0,0.0,0.0,0.0,0.0,0.0,0.0,0.0,0.0,nan,nan,4.321338611011155,2.816956612326078,nan,0.4072,0.0468,0.0,0.0,0.0,0.0,0.0,0.0,0.0,0.0,0.0,0.0,0.0,0.0,0.0,0.0,0.0,0.0,0.0,0.000735632183908046,0.0,1.1494252873563218e-05,0.0,2.2988505747126437e-05,0.0,6.896551724137931e-05,0.0053563218390804595,0.002586206896551724,0.007804597701149425,0.000689655172413793,0.0,0.0022873563218390805,0.0015172413793103448,0.001586206896551724,0.011160919540229885,0.0017701149425287355,0.028045977011494253,0.042080459770114945,0.055344827586206895,0.06189655172413793,0.07240229885057471,0.09298850574712644,0.10616091954022988,0.12217241379310345,0.07514942528735633,0.07374712643678161,0.0615632183908046,0.03679310344827586,0.023206896551724136,0.0382183908045977,0.018333333333333333,0.024540229885057472,0.008885057471264368,0.005689655172413793,0.005747126436781609,0.007574712643678161,8.045977011494253e-05,0.003770114942528736,1.1494252873563218e-05,0.0,0.0,0.0,0.0,0.0,0.0,0.0,0.0,0.0,0.0,0.0,0.0,0.0,0.0,0.0,0.0,0.0,0.0,0.0,0.0,0.0,0.0,0.0,0.0,0.0,0.0,0.0,0.0,0.0,0.0,0.0,0.0,0.0,0.0,0.0,0.0,0.0,0.0,0.0,0.0,0.0,0.0,0.0,0.0,nan,nan,4.321338611011155,2.816956612326078,nan,0.928047008654334,0.022345363294561566,0.0,0.0,0.0,0.0,0.0,0.0,0.0,0.0,0.0,0.0,0.0,0.0,0.0,0.0,0.0,0.0,0.0,0.0,0.0,0.0,0.0,0.0,0.0,0.0,0.0,0.06772009029345374,3.1422121896162536,14.4920993227991,10.90293453724605,1.395033860045147,0.9290210556090576,0.02301196652546095,0.0,0.0,0.0,0.0,0.0,0.0,0.0,0.0,0.0,0.0,0.0,0.0,0.0,0.0,0.0,0.0,0.0,0.0,0.0,0.0,0.0,0.0,0.0,0.0,0.0,0.07025761124121781,3.1334894613583146,14.107728337236537,11.142857142857144,1.545667447306792,0.4072,0.00983,0.0,0.0,0.0,0.0,0.0,0.0,0.0,0.0,0.0,0.0,0.0,7.029345372460487,22.80812641083522,0.16252821670428896,0.0,0.0,0.0,0.0,0.0,0.0,0.0,0.0,0.0,0.0,0.0,0.0,0.0,0.0,0.0,0.0,0.407,0.00972,0.0,0.0,0.0,0.0,0.0,0.0,0.0,0.0,0.0,0.0,0.0,6.814988290398116,23.072599531615932,0.1124121779859485,0.0,0.0,0.0,0.0,0.0,0.0,0.0,0.0,0.0,0.0,0.0,0.0,0.0,0.0,0.0,0.0
38600,4362,2281,0.5229252636405318,1100,884,0.45483723062815223,1191,0.546079779917469,0.422,2.877943296492071,3.0823237423605194,6.4774774774774775,2.268653793172621,8306.060054879836,432.76007586393246,7853.0,8735.450970435142,8719.395422790809,5.451158600253351,7853.0,0.0,27.817973406694176,20.784253812207016,32.67738419618529,19.078498553450903,0.13892709766162312,0.09857863365428703,0.09559834938101788,0.08459422283356259,0.08917927556166896,0.07657038055937643,0.0651077487391105,0.06166895919303072,0.05960568546538285,0.051811095827602016,0.04837230628152224,0.03484640073360844,0.03461714809720312,0.024300779458963778,0.01879871618523613,0.011004126547455296,0.006419073819348923,0.9285198247033705,0.022919533741621995,0.0,0.0,0.0,0.0,0.0,0.0,0.0,0.0,0.0,0.0,0.0,0.0,0.0,0.0,0.0,0.0,0.0,0.0,0.0,0.0,0.0,0.0,0.0,0.0,0.0,0.11691884456671255,3.2049518569463555,14.016506189821186,11.224209078404403,1.4374140302613485,4.171570365118752,2.950072544802379,nan,nan,nan,4.18293564714389,2.9616392054531833,4.160639777468707,2.93886387405741,0.9946698033257082,0.4075,0.009796,0.0,0.0,0.0,0.0,0.0,0.0,0.0,0.0,0.0,0.0,0.0,6.918844566712507,23.005502063273735,0.07565337001375518,0.0,0.0,0.0,0.0,0.0,0.0,0.0,0.0,0.0,0.0,0.0,0.0,0.0,0.0,0.0,0.0,nan,nan,4.171570365118752,2.950072544802379,nan,0.4075,0.04666,0.0,0.0,0.0,0.0,0.0,0.0,0.0,0.0,0.0,0.0,0.0,0.0,0.0,0.0,0.0,0.0,0.0,0.0005616689591930308,0.0,2.2925263640531865e-05,0.0,1.1462631820265933e-05,0.0,9.170105456212746e-05,0.005284273269142595,0.0020288858321870704,0.007416322787712058,0.0013182026593305824,1.1462631820265933e-05,0.001730857404860156,0.0015933058230169646,0.0019944979367262725,0.011439706556625401,0.0014901421366345714,0.027154974782209997,0.04127693718477762,0.053954607977991745,0.06198991288399817,0.0733837689133425,0.09743237047226043,0.10240715268225585,0.1250687757909216,0.07475928473177441,0.07305135259055479,0.06283814763869784,0.03506419073819349,0.023326455754241172,0.03529344337459881,0.018729940394314533,0.026765245300320952,0.008872077028885832,0.005226960110041265,0.006384685923888125,0.008138468592388813,4.585052728106373e-05,0.0038285190279688215,0.0,1.1462631820265933e-05,0.0,0.0,0.0,0.0,0.0,0.0,0.0,0.0,0.0,0.0,0.0,0.0,0.0,0.0,0.0,0.0,0.0,0.0,0.0,0.0,0.0,0.0,0.0,0.0,0.0,0.0,0.0,0.0,0.0,0.0,0.0,0.0,0.0,0.0,0.0,0.0,0.0,0.0,0.0,0.0,0.0,0.0,0.0,nan,nan,4.171570365118752,2.950072544802379,nan,0.9286938747885143,0.02288046835176593,0.0,0.0,0.0,0.0,0.0,0.0,0.0,0.0,0.0,0.0,0.0,0.0,0.0,0.0,0.0,0.0,0.0,0.0,0.0,0.0,0.0,0.0,0.0,0.0,0.0,0.17097764138535734,3.011836913634372,13.941253836036829,11.389741341516881,1.4861902674265677,0.9283290470752047,0.02296076166438326,0.0,0.0,0.0,0.0,0.0,0.0,0.0,0.0,0.0,0.0,0.0,0.0,0.0,0.0,0.0,0.0,0.0,0.0,0.0,0.0,0.0,0.0,0.0,0.0,0.0,0.0576645843344546,3.416626621816435,14.09899086977415,11.042767900048055,1.3839500240269103,0.4077,0.009796,0.0,0.0,0.0,0.0,0.0,0.0,0.0,0.0,0.0,0.0,0.0,6.747040771591398,23.147742218325302,0.10521701008329683,0.0,0.0,0.0,0.0,0.0,0.0,0.0,0.0,0.0,0.0,0.0,0.0,0.0,0.0,0.0,0.0,0.4072,0.00978,0.0,0.0,0.0,0.0,0.0,0.0,0.0,0.0,0.0,0.0,0.0,7.107160019221517,22.849591542527634,0.043248438250840945,0.0,0.0,0.0,0.0,0.0,0.0,0.0,0.0,0.0,0.0,0.0,0.0,0.0,0.0,0.0,0.0
38700,4505,2297,0.5098779134295227,1079,907,0.44084350721420645,1255,0.5571587125416204,0.414,2.885869565217391,3.063136885153791,6.451400329489291,2.2299135663836616,8294.68903203134,433.0657277828449,7853.0,8736.94124739766,8719.264296604782,5.546718216548493,7853.0,0.0,27.40910099889012,20.76532918313935,32.39213602550478,19.09197498498795,0.14273029966703663,0.10699223085460599,0.09456159822419534,0.08568257491675915,0.07658157602663707,0.07968923418423973,0.06970033296337402,0.061265260821309654,0.060599334073251944,0.051054384017758046,0.04328523862375139,0.039289678135405105,0.028190899001109878,0.023085460599334074,0.019311875693673698,0.0097669256381798,0.008213096559378468,0.9274740583756391,0.023164823144955583,0.0,0.0,0.0,0.0,0.0,0.0,0.0,0.0,0.0,0.0,0.0,0.0,0.0,0.0,0.0,0.0,0.0,0.0,0.0,0.0,0.0,0.0,0.0,0.0,0.0,0.14650388457269703,3.2497225305216433,14.597114317425087,10.628190899001112,1.3784683684794676,4.25765575501584,2.797985144433724,nan,nan,nan,4.182658137882019,2.765928459058281,4.329378925331472,2.8272590405999685,1.035078359888085,0.4077,0.00997,0.0,0.0,0.0,0.0,0.0,0.0,0.0,0.0,0.0,0.0,0.0,6.406215316315197,23.43396226415095,0.1598224195338513,0.0,0.0,0.0,0.0,0.0,0.0,0.0,0.0,0.0,0.0,0.0,0.0,0.0,0.0,0.0,0.0,nan,nan,4.25765575501584,2.797985144433724,nan,0.4077,0.04727,0.0,0.0,0.0,0.0,0.0,0.0,0.0,0.0,0.0,0.0,0.0,0.0,0.0,0.0,0.0,0.0,0.0,0.0005771365149833519,0.0,2.2197558268590455e-05,0.0,3.329633740288568e-05,0.0,2.2197558268590455e-05,0.005504994450610433,0.0023751387347391785,0.007314095449500555,0.0008990011098779134,0.0,0.0019089900110987792,0.0016759156492785793,0.0019866814650388457,0.011664816870144284,0.0020310765815760266,0.02734739178690344,0.043152053274139845,0.0544284128745838,0.06038845726970033,0.0709211986681465,0.09588235294117647,0.10197558268590455,0.12112097669256382,0.07530521642619312,0.07261931187569368,0.06529411764705882,0.03407325194228635,0.024450610432852387,0.03495005549389567,0.018523862375138735,0.028834628190899003,0.008901220865704773,0.005438401775804662,0.008079911209766926,0.008612652608213096,7.769145394006659e-05,0.003607103218645949,0.0,0.0,0.0,0.0,0.0,0.0,0.0,0.0,0.0,0.0,0.0,0.0,0.0,0.0,0.0,0.0,0.0,0.0,0.0,0.0,0.0,0.0,0.0,0.0,0.0,0.0,0.0,0.0,0.0,0.0,0.0,0.0,0.0,0.0,0.0,0.0,0.0,0.0,0.0,0.0,0.0,0.0,0.0,0.0,0.0,nan,nan,4.25765575501584,2.797985144433724,nan,0.9280586610890805,0.022973957458497826,0.0,0.0,0.0,0.0,0.0,0.0,0.0,0.0,0.0,0.0,0.0,0.0,0.0,0.0,0.0,0.0,0.0,0.0,0.0,0.0,0.0,0.0,0.0,0.0,0.0,0.10448410970831522,3.06922072268176,14.653896386591208,10.774923813670007,1.3974749673487161,0.9268658915129693,0.023346196755099167,0.0,0.0,0.0,0.0,0.0,0.0,0.0,0.0,0.0,0.0,0.0,0.0,0.0,0.0,0.0,0.0,0.0,0.0,0.0,0.0,0.0,0.0,0.0,0.0,0.0,0.19021739130434787,3.437500000000001,14.538043478260873,10.475543478260871,1.3586956521739133,0.4077,0.00984,0.0,0.0,0.0,0.0,0.0,0.0,0.0,0.0,0.0,0.0,0.0,6.3735306922072175,23.456682629516767,0.16978667827601224,0.0,0.0,0.0,0.0,0.0,0.0,0.0,0.0,0.0,0.0,0.0,0.0,0.0,0.0,0.0,0.0,0.408,0.01009,0.0,0.0,0.0,0.0,0.0,0.0,0.0,0.0,0.0,0.0,0.0,6.440217391304339,23.410326086956527,0.14945652173913046,0.0,0.0,0.0,0.0,0.0,0.0,0.0,0.0,0.0,0.0,0.0,0.0,0.0,0.0,0.0,0.0
38800,4636,2397,0.5170405522001725,1098,947,0.4411130284728214,1288,0.5556514236410699,0.426,2.9660562751228228,3.100333532238944,6.6923076923076925,2.0834292226872924,8300.744488274006,432.75554451029205,7853.0,8737.432866239547,8718.97557264843,5.682975561489546,7853.0,0.0,27.51035375323555,20.887442833514797,32.675226977950715,19.1228900681716,0.1471095772217429,0.10396893874029335,0.08886971527178603,0.08886971527178603,0.08412424503882658,0.07226056945642796,0.06729939603106126,0.06061259706643658,0.05543572044866264,0.051984469370146676,0.045081967213114756,0.040336496980155304,0.033218291630716136,0.026962899050905955,0.018766177739430543,0.009275237273511648,0.005823986194995686,0.9265731538005488,0.022717780711806305,0.0,0.0,0.0,0.0,0.0,0.0,0.0,0.0,0.0,0.0,0.0,0.0,0.0,0.0,0.0,0.0,0.0,0.0,0.0,0.0,0.0,0.0,0.0,0.0,0.0,0.12295081967213117,3.578515962036239,14.702329594478002,10.411993097497845,1.1842105263157896,4.28377460964019,2.896187794811941,nan,nan,nan,4.301068090787717,2.8929750431294865,4.265883977900552,2.899399188633252,0.991819680101665,0.4077,0.01012,0.0,0.0,0.0,0.0,0.0,0.0,0.0,0.0,0.0,0.0,0.0,6.807592752372725,23.004745470232965,0.18766177739430548,0.0,0.0,0.0,0.0,0.0,0.0,0.0,0.0,0.0,0.0,0.0,0.0,0.0,0.0,0.0,0.0,nan,nan,4.28377460964019,2.896187794811941,nan,0.4077,0.04767,0.0,0.0,0.0,0.0,0.0,0.0,0.0,0.0,0.0,0.0,0.0,0.0,0.0,0.0,0.0,0.0,0.0,0.0004637618636755824,0.0,0.0,0.0,6.47109577221743e-05,0.0,0.0,0.005575927523727351,0.0031600517687661775,0.006546591889559966,0.0010030198446937014,4.3140638481449525e-05,0.0028149266609145815,0.001639344262295082,0.0016501294219154444,0.011852890422778256,0.0017148403796376187,0.02839732528041415,0.04276315789473684,0.0553602243313201,0.06292062122519414,0.07162424503882657,0.0928602243313201,0.10205996548748922,0.11805435720448662,0.0738244176013805,0.07072907679033649,0.06569240724762726,0.03498705780845557,0.02427739430543572,0.03603321829163072,0.018151423641069888,0.030414150129421915,0.009447799827437446,0.005522001725625539,0.007269197584124245,0.009447799827437446,0.0003019844693701467,0.0033002588438308888,1.0785159620362381e-05,2.1570319240724762e-05,0.0,0.0,0.0,0.0,0.0,0.0,0.0,0.0,0.0,0.0,0.0,0.0,0.0,0.0,0.0,0.0,0.0,0.0,0.0,0.0,0.0,0.0,0.0,0.0,0.0,0.0,0.0,0.0,0.0,0.0,0.0,0.0,0.0,0.0,0.0,0.0,0.0,0.0,0.0,0.0,0.0,0.0,0.0,nan,nan,4.28377460964019,2.896187794811941,nan,0.926653051381316,0.023207748236543164,0.0,0.0,0.0,0.0,0.0,0.0,0.0,0.0,0.0,0.0,0.0,0.0,0.0,0.0,0.0,0.0,0.0,0.0,0.0,0.0,0.0,0.0,0.0,0.0,0.0,0.15018773466833543,3.5544430538172724,14.806007509386736,10.162703379224032,1.32665832290363,0.9264876180698213,0.022180926209001774,0.0,0.0,0.0,0.0,0.0,0.0,0.0,0.0,0.0,0.0,0.0,0.0,0.0,0.0,0.0,0.0,0.0,0.0,0.0,0.0,0.0,0.0,0.0,0.0,0.0,0.09379187137114786,3.604287628405539,14.591335417597145,10.678874497543548,1.0317105850826265,0.4077,0.010216,0.0,0.0,0.0,0.0,0.0,0.0,0.0,0.0,0.0,0.0,0.0,6.846057571964946,22.941176470588243,0.21276595744680857,0.0,0.0,0.0,0.0,0.0,0.0,0.0,0.0,0.0,0.0,0.0,0.0,0.0,0.0,0.0,0.0,0.4077,0.01,0.0,0.0,0.0,0.0,0.0,0.0,0.0,0.0,0.0,0.0,0.0,6.766413577489941,23.072800357302373,0.16078606520768202,0.0,0.0,0.0,0.0,0.0,0.0,0.0,0.0,0.0,0.0,0.0,0.0,0.0,0.0,0.0,0.0
38900,4637,2347,0.5061462152253612,1081,966,0.4414492128531378,1322,0.5701962475738624,0.418,3.021397379912664,3.1549470080729716,6.719047619047619,2.162916692057289,8291.306478934994,432.969847223959,7853.0,8739.748677873611,8718.968105164706,5.627151656690836,7853.0,0.0,27.973689885701962,21.000029730644595,33.005920205920205,19.22521713687965,0.1416864351951693,0.09402631011429803,0.09984904032779815,0.08626266982963122,0.08022428294155703,0.07267629933146431,0.06965710588742721,0.06448134569764934,0.05348285529437136,0.05456113866724175,0.04615052835885271,0.03687729135216735,0.03795557472503774,0.026525770972611603,0.01789950398964848,0.010782833728703903,0.006901013586370498,0.926577583234938,0.02314235145296043,0.0,0.0,0.0,0.0,0.0,0.0,0.0,0.0,0.0,0.0,0.0,0.0,0.0,0.0,0.0,0.0,0.0,0.0,0.0,0.0,0.0,0.0,0.0,0.0,0.0,0.18762130687944797,3.4354108259650644,15.04852275177917,10.02156566745741,1.3068794479189132,4.46026936026936,2.922558941954103,nan,nan,nan,4.452073419442556,2.915810668272064,4.467957276368491,2.930089053594296,1.0035677437071386,0.4075,0.00988,0.0,0.0,0.0,0.0,0.0,0.0,0.0,0.0,0.0,0.0,0.0,6.76730644813456,23.083890446409324,0.1488031054561139,0.0,0.0,0.0,0.0,0.0,0.0,0.0,0.0,0.0,0.0,0.0,0.0,0.0,0.0,0.0,0.0,nan,nan,4.46026936026936,2.922558941954103,nan,0.4075,0.0477,0.0,0.0,0.0,0.0,0.0,0.0,0.0,0.0,0.0,0.0,0.0,0.0,0.0,0.0,0.0,0.0,0.0,0.00036661634677593273,0.0,0.0,1.0782833728703903e-05,0.00012939400474444685,0.0,0.0,0.006156998059089929,0.002480051757601898,0.0074509381065343975,0.0006361871899935303,0.00010782833728703904,0.0028251024369204225,0.0015850765581194737,0.0018007332326935518,0.012001293940047444,0.0018546474013370713,0.028552943713607937,0.04318524908345913,0.05632952339874919,0.05956437351736036,0.07151175328876429,0.0966896700452879,0.10533750269570843,0.11108475307310761,0.07721587233124866,0.07085400043131335,0.0649018762130688,0.03654302350657753,0.023183092516713393,0.033620875566098773,0.019441449212853137,0.029825318093594996,0.00988785852922148,0.004485658831140824,0.0074509381065343975,0.008669398317877938,0.00015095967220185466,0.004043562648263964,4.313133491481561e-05,2.1565667457407806e-05,0.0,0.0,0.0,0.0,0.0,0.0,0.0,0.0,0.0,0.0,0.0,0.0,0.0,0.0,0.0,0.0,0.0,0.0,0.0,0.0,0.0,0.0,0.0,0.0,0.0,0.0,0.0,0.0,0.0,0.0,0.0,0.0,0.0,0.0,0.0,0.0,0.0,0.0,0.0,0.0,0.0,0.0,0.0,nan,nan,4.46026936026936,2.922558941954103,nan,0.9266174554977206,0.023380891872392725,0.0,0.0,0.0,0.0,0.0,0.0,0.0,0.0,0.0,0.0,0.0,0.0,0.0,0.0,0.0,0.0,0.0,0.0,0.0,0.0,0.0,0.0,0.0,0.0,0.0,0.16616957818491696,3.553472518108224,14.801874733702602,10.097997443544953,1.3804857264593102,0.9265367185184529,0.022895222802791142,0.0,0.0,0.0,0.0,0.0,0.0,0.0,0.0,0.0,0.0,0.0,0.0,0.0,0.0,0.0,0.0,0.0,0.0,0.0,0.0,0.0,0.0,0.0,0.0,0.0,0.20960698689956336,3.3144104803493457,15.301310043668126,9.943231441048036,1.2314410480349347,0.4077,0.009964,0.0,0.0,0.0,0.0,0.0,0.0,0.0,0.0,0.0,0.0,0.0,6.5956540264166925,23.238176395398387,0.16616957818491696,0.0,0.0,0.0,0.0,0.0,0.0,0.0,0.0,0.0,0.0,0.0,0.0,0.0,0.0,0.0,0.0,0.4072,0.00978,0.0,0.0,0.0,0.0,0.0,0.0,0.0,0.0,0.0,0.0,0.0,6.943231441048025,22.925764192139745,0.1310043668122271,0.0,0.0,0.0,0.0,0.0,0.0,0.0,0.0,0.0,0.0,0.0,0.0,0.0,0.0,0.0,0.0
39000,4668,2365,0.5066409597257926,1114,941,0.4402313624678663,1318,0.5646958011996572,0.41,2.8940512375162832,3.096658831582161,6.532915360501567,2.1745207296078974,8291.64482418193,432.8755408305268,7853.0,8739.406893396377,8718.790291450843,5.634645277048754,7853.0,0.0,27.39910025706941,20.69245500501969,32.42376796714579,18.966679952768757,0.14331619537275064,0.10946872322193658,0.08976006855184233,0.0863324764353042,0.0805484147386461,0.07947729220222793,0.0631962296486718,0.05976863753213368,0.060839760068551844,0.05269922879177378,0.04820051413881748,0.037060839760068555,0.030634104541559553,0.02634961439588689,0.01778063410454156,0.009640102827763496,0.004927163667523565,0.9261382048264873,0.022704814498022675,0.0,0.0,0.0,0.0,0.0,0.0,0.0,0.0,0.0,0.0,0.0,0.0,0.0,0.0,0.0,0.0,0.0,0.0,0.0,0.0,0.0,0.0,0.0,0.0,0.0,0.10925449871465298,3.669665809768638,14.993573264781494,10.025706940874038,1.2017994858611827,4.400473933649289,2.914328488769105,nan,nan,nan,4.459016393442623,2.9154221759827736,4.342953020134228,2.9121074504835875,0.9739710817212792,0.4077,0.01026,0.0,0.0,0.0,0.0,0.0,0.0,0.0,0.0,0.0,0.0,0.0,7.011568123393306,22.789203084832913,0.19922879177377897,0.0,0.0,0.0,0.0,0.0,0.0,0.0,0.0,0.0,0.0,0.0,0.0,0.0,0.0,0.0,0.0,nan,nan,4.400473933649289,2.914328488769105,nan,0.4077,0.04822,0.0,0.0,0.0,0.0,0.0,0.0,0.0,0.0,0.0,0.0,0.0,0.0,0.0,0.0,0.0,0.0,0.0,0.000728363324764353,0.0,0.0,0.0,0.00033204798628963154,0.0,0.0,0.005934018851756641,0.0020458440445586977,0.007787060839760069,0.0004820051413881748,8.568980291345329e-05,0.003331191088260497,0.0025492716366752356,0.002292202227934876,0.012146529562982004,0.0017566409597257926,0.026360325621251072,0.04225578406169666,0.05452013710368466,0.062264353041988005,0.07203299057412169,0.09761139674378749,0.10348114824335904,0.10728363324764353,0.07952013710368466,0.07162596401028277,0.06376392459297343,0.03669665809768637,0.024528706083976008,0.03141602399314482,0.021443873179091688,0.030419880034275922,0.008579691516709512,0.0044665809768637535,0.008804627249357327,0.008547557840616967,0.00011782347900599829,0.004659383033419023,0.00010711225364181663,2.1422450728363323e-05,0.0,0.0,0.0,0.0,0.0,0.0,0.0,0.0,0.0,0.0,0.0,0.0,0.0,0.0,0.0,0.0,0.0,0.0,0.0,0.0,0.0,0.0,0.0,0.0,0.0,0.0,0.0,0.0,0.0,0.0,0.0,0.0,0.0,0.0,0.0,0.0,0.0,0.0,0.0,0.0,0.0,0.0,0.0,nan,nan,4.400473933649289,2.914328488769105,nan,0.9259742863838567,0.023274307931545883,0.0,0.0,0.0,0.0,0.0,0.0,0.0,0.0,0.0,0.0,0.0,0.0,0.0,0.0,0.0,0.0,0.0,0.0,0.0,0.0,0.0,0.0,0.0,0.0,0.0,0.11416490486257931,3.9450317124735736,14.739957716701905,9.86892177589852,1.3319238900634254,0.9263065361842041,0.022103459755181798,0.0,0.0,0.0,0.0,0.0,0.0,0.0,0.0,0.0,0.0,0.0,0.0,0.0,0.0,0.0,0.0,0.0,0.0,0.0,0.0,0.0,0.0,0.0,0.0,0.0,0.10421189752496746,3.3868866695614424,15.25401650021711,10.186712983065568,1.0681719496309163,0.4077,0.01013,0.0,0.0,0.0,0.0,0.0,0.0,0.0,0.0,0.0,0.0,0.0,6.9386892177589745,22.921775898520092,0.13953488372093026,0.0,0.0,0.0,0.0,0.0,0.0,0.0,0.0,0.0,0.0,0.0,0.0,0.0,0.0,0.0,0.0,0.4075,0.0104,0.0,0.0,0.0,0.0,0.0,0.0,0.0,0.0,0.0,0.0,0.0,7.086409031697775,22.653061224489804,0.2605297438124186,0.0,0.0,0.0,0.0,0.0,0.0,0.0,0.0,0.0,0.0,0.0,0.0,0.0,0.0,0.0,0.0
39100,4462,2345,0.5255490811295384,1112,879,0.44621246077991933,1239,0.555356342447333,0.422,3.1029759093056213,3.1408105946077773,6.617088607594937,2.1690192918347284,8308.081495281922,432.41244518410815,7853.0,8739.466409945488,8718.916260958607,5.724679686095707,7853.0,0.0,28.75235320484088,21.06176138253969,33.68444798301486,19.191969419374754,0.13805468399820708,0.09009412819363515,0.09143881667413715,0.0811295383236217,0.0818018825638727,0.07821604661586733,0.07014791573285523,0.061855670103092786,0.056028686687584046,0.05378753922008068,0.04997758852532497,0.0445988346033169,0.036978933213805465,0.02935903182429404,0.020170327207530255,0.010981622590766472,0.005378753922008068,0.9260143374231886,0.023252406144213006,0.0,0.0,0.0,0.0,0.0,0.0,0.0,0.0,0.0,0.0,0.0,0.0,0.0,0.0,0.0,0.0,0.0,0.0,0.0,0.0,0.0,0.0,0.0,0.0,0.0,0.17480950246526228,3.7651277454056484,14.71761541909458,10.15912147019274,1.183325862841775,4.199318568994889,2.9173976547063063,nan,nan,nan,4.170344827586207,2.8467676561304556,4.227609427609428,2.9844792690494377,1.013731382509289,0.4082,0.01029,0.0,0.0,0.0,0.0,0.0,0.0,0.0,0.0,0.0,0.0,0.0,6.488121918422223,23.22949350067235,0.2823845809054236,0.0,0.0,0.0,0.0,0.0,0.0,0.0,0.0,0.0,0.0,0.0,0.0,0.0,0.0,0.0,0.0,nan,nan,4.199318568994889,2.9173976547063063,nan,0.4082,0.0482,0.0,0.0,0.0,0.0,0.0,0.0,0.0,0.0,0.0,0.0,0.0,0.0,0.0,0.0,0.0,0.0,0.0,0.0009188704616763784,0.0,0.0,0.0,5.6028686687584046e-05,1.1205737337516808e-05,0.0,0.0055804571940833705,0.0023083818915284626,0.006902734199910354,0.00034737785746302106,4.482294935006723e-05,0.0031824294038547735,0.0034289556252801432,0.002409233527566114,0.012875392200806813,0.001938592559390408,0.027050649932765576,0.04076647243388615,0.05159121470192739,0.06430972658000897,0.07160466158673241,0.09295159121470192,0.10287987449574182,0.10863962348722546,0.08118556701030928,0.07225459435230838,0.06481398476019722,0.036564320932317346,0.024820708202599732,0.031129538323621694,0.022131331241595695,0.03102868668758404,0.00891976692066338,0.004571940833706858,0.009367996414164052,0.009065441506051097,0.00016808606006275212,0.004011653966831018,0.00011205737337516809,5.6028686687584046e-05,0.0,0.0,0.0,0.0,0.0,0.0,0.0,0.0,0.0,0.0,0.0,0.0,0.0,0.0,0.0,0.0,0.0,0.0,0.0,0.0,0.0,0.0,0.0,0.0,0.0,0.0,0.0,0.0,0.0,0.0,0.0,0.0,0.0,0.0,0.0,0.0,0.0,0.0,0.0,0.0,0.0,0.0,0.0,nan,nan,4.199318568994889,2.9173976547063063,nan,0.9261792433033111,0.02378381297469743,0.0,0.0,0.0,0.0,0.0,0.0,0.0,0.0,0.0,0.0,0.0,0.0,0.0,0.0,0.0,0.0,0.0,0.0,0.0,0.0,0.0,0.0,0.0,0.0,0.0,0.17910447761194034,3.87633262260128,14.44349680170576,10.22174840085288,1.2793176972281453,0.9258316712498834,0.022647815417790203,0.0,0.0,0.0,0.0,0.0,0.0,0.0,0.0,0.0,0.0,0.0,0.0,0.0,0.0,0.0,0.0,0.0,0.0,0.0,0.0,0.0,0.0,0.0,0.0,0.0,0.17005196032120928,3.641946150212566,15.021256495040154,10.089749645725085,1.0769957487009922,0.408,0.0104,0.0,0.0,0.0,0.0,0.0,0.0,0.0,0.0,0.0,0.0,0.0,6.79317697228144,22.912579957356083,0.2942430703624734,0.0,0.0,0.0,0.0,0.0,0.0,0.0,0.0,0.0,0.0,0.0,0.0,0.0,0.0,0.0,0.0,0.4082,0.01017,0.0,0.0,0.0,0.0,0.0,0.0,0.0,0.0,0.0,0.0,0.0,6.150212564950393,23.580538497874358,0.26924893717524806,0.0,0.0,0.0,0.0,0.0,0.0,0.0,0.0,0.0,0.0,0.0,0.0,0.0,0.0,0.0,0.0
39200,4750,2432,0.512,1148,977,0.4473684210526316,1342,0.5650526315789474,0.40199999999999997,2.996548748921484,3.145313864375382,6.651968503937008,2.193794052655055,8296.481606295702,432.9818156499263,7853.0,8738.415351384878,8719.175012296293,5.677191854262662,7853.0,0.0,27.55894736842105,20.586991266775303,32.36809202300575,18.882629068953104,0.13894736842105262,0.10589473684210526,0.096,0.08210526315789474,0.07642105263157895,0.0808421052631579,0.06905263157894737,0.0688421052631579,0.05873684210526316,0.04905263157894737,0.04694736842105263,0.03810526315789474,0.03326315789473684,0.024842105263157895,0.015789473684210527,0.00863157894736842,0.006526315789473684,0.9265097426991714,0.023260644548351073,0.0,0.0,0.0,0.0,0.0,0.0,0.0,0.0,0.0,0.0,0.0,0.0,0.0,0.0,0.0,0.0,0.0,0.0,0.0,0.0,0.0,0.0,0.0,0.0,0.0,0.18315789473684216,3.4168421052631586,14.987368421052635,10.155789473684212,1.256842105263158,4.382430647291942,2.9667435250578866,nan,nan,nan,4.464592984778292,3.0260129353711487,4.300593276203032,2.9041975697418625,0.9632665935877234,0.4084,0.01043,0.0,0.0,0.0,0.0,0.0,0.0,0.0,0.0,0.0,0.0,0.0,6.341052631578938,23.343157894736848,0.31578947368421056,0.0,0.0,0.0,0.0,0.0,0.0,0.0,0.0,0.0,0.0,0.0,0.0,0.0,0.0,0.0,0.0,nan,nan,4.382430647291942,2.9667435250578866,nan,0.4084,0.04825,0.0,0.0,0.0,0.0,0.0,0.0,0.0,0.0,0.0,0.0,0.0,0.0,0.0,0.0,0.0,0.0,3.157894736842105e-05,0.0007052631578947368,0.0,0.0,0.00011578947368421052,6.31578947368421e-05,0.0,1.0526315789473684e-05,0.005842105263157895,0.002031578947368421,0.0067157894736842106,0.00015789473684210527,0.0,0.0021473684210526318,0.0034526315789473686,0.0021157894736842106,0.015336842105263157,0.001494736842105263,0.0268,0.04142105263157895,0.0496,0.0654421052631579,0.07169473684210527,0.09376842105263158,0.10146315789473684,0.10998947368421053,0.07857894736842105,0.07498947368421052,0.06173684210526316,0.035894736842105264,0.026136842105263156,0.030263157894736843,0.023221052631578948,0.031157894736842107,0.009494736842105262,0.004105263157894737,0.008842105263157894,0.010621052631578948,0.00016842105263157895,0.004094736842105263,0.0002526315789473684,4.210526315789474e-05,0.0,0.0,0.0,0.0,0.0,0.0,0.0,0.0,0.0,0.0,0.0,0.0,0.0,0.0,0.0,0.0,0.0,0.0,0.0,0.0,0.0,0.0,0.0,0.0,0.0,0.0,0.0,0.0,0.0,0.0,0.0,0.0,0.0,0.0,0.0,0.0,0.0,0.0,0.0,0.0,0.0,0.0,0.0,nan,nan,4.382430647291942,2.9667435250578866,nan,0.9269994642144364,0.023395247883890524,0.0,0.0,0.0,0.0,0.0,0.0,0.0,0.0,0.0,0.0,0.0,0.0,0.0,0.0,0.0,0.0,0.0,0.0,0.0,0.0,0.0,0.0,0.0,0.0,0.0,0.19736842105263164,3.367598684210527,14.679276315789476,10.39884868421053,1.3569078947368425,0.9259959365192213,0.023107424628564213,0.0,0.0,0.0,0.0,0.0,0.0,0.0,0.0,0.0,0.0,0.0,0.0,0.0,0.0,0.0,0.0,0.0,0.0,0.0,0.0,0.0,0.0,0.0,0.0,0.0,0.1682484900776532,3.468507333908543,15.31061259706644,9.900776531492667,1.1518550474547025,0.4082,0.010216,0.0,0.0,0.0,0.0,0.0,0.0,0.0,0.0,0.0,0.0,0.0,6.192434210526307,23.54851973684211,0.259046052631579,0.0,0.0,0.0,0.0,0.0,0.0,0.0,0.0,0.0,0.0,0.0,0.0,0.0,0.0,0.0,0.0,0.4084,0.01064,0.0,0.0,0.0,0.0,0.0,0.0,0.0,0.0,0.0,0.0,0.0,6.496980155306289,23.127696289905096,0.37532355478861096,0.0,0.0,0.0,0.0,0.0,0.0,0.0,0.0,0.0,0.0,0.0,0.0,0.0,0.0,0.0,0.0
39300,4859,2474,0.5091582630170817,1193,1039,0.45935377649722164,1411,0.5807779378472937,0.38999999999999996,2.8758909853249475,2.968688006994792,6.238310708898944,2.085772716531839,8293.83540706976,432.8511249793541,7853.0,8736.457259559631,8718.812143472904,5.48243337030515,7853.0,0.0,27.83597448034575,20.7650260829137,32.73617229564366,19.005831560796093,0.138300061741099,0.10043218769294093,0.09240584482403787,0.09199423749742745,0.07367771146326405,0.07573574809631611,0.07367771146326405,0.0662687795842766,0.06112368800164643,0.05268573780613295,0.0421897509775674,0.03745626672154764,0.03292858612883309,0.023667421280098785,0.019962955340605062,0.010701790491870755,0.006791520889071825,0.92554373551259,0.02260397461932095,0.0,0.0,0.0,0.0,0.0,0.0,0.0,0.0,0.0,0.0,0.0,0.0,0.0,0.0,0.0,0.0,0.0,0.0,0.0,0.0,0.0,0.0,0.0,0.0,0.0,0.12348219798312413,3.772381148384442,15.077176373739455,9.903272278246554,1.1236880016464295,4.155724706628607,2.7907542498255835,nan,nan,nan,4.139064475347661,2.743271946154533,4.173248407643312,2.838416670094564,1.0082588547482774,0.408,0.010155,0.0,0.0,0.0,0.0,0.0,0.0,0.0,0.0,0.0,0.0,0.0,6.488989504013162,23.30726486931468,0.20374562667215482,0.0,0.0,0.0,0.0,0.0,0.0,0.0,0.0,0.0,0.0,0.0,0.0,0.0,0.0,0.0,0.0,nan,nan,4.155724706628607,2.7907542498255835,nan,0.408,0.04813,0.0,0.0,0.0,0.0,0.0,0.0,0.0,0.0,0.0,0.0,0.0,0.0,0.0,0.0,0.0,0.0,2.0580366330520683e-05,0.0009261164848734307,0.0,0.0,0.00013377238114838444,1.0290183165260341e-05,0.0,0.0,0.005474377443918502,0.0021300679152088907,0.006956163819715991,7.203128215682239e-05,1.0290183165260341e-05,0.0017287507717637374,0.0038176579543115867,0.0025725457913150854,0.015291212183576867,0.0014817863757974892,0.027042601358304177,0.03926733895863346,0.04981477670302532,0.06823420456884133,0.07277217534472114,0.09664540028812513,0.09847705289154148,0.10674006997324552,0.08212595184194278,0.07523152912121836,0.061967483021197776,0.03575838649927969,0.02439802428483227,0.03127186663922618,0.023873224943403992,0.028503807367771146,0.009857995472319407,0.003406050627701173,0.00843795019551348,0.011669067709405227,0.00032928586128833093,0.0033854702613706524,0.00015435274747890512,1.0290183165260341e-05,0.0,0.0,0.0,0.0,0.0,0.0,0.0,0.0,0.0,0.0,0.0,0.0,0.0,0.0,0.0,0.0,0.0,0.0,0.0,0.0,0.0,0.0,0.0,0.0,0.0,0.0,0.0,0.0,0.0,0.0,0.0,0.0,0.0,0.0,0.0,0.0,0.0,0.0,0.0,0.0,0.0,0.0,0.0,nan,nan,4.155724706628607,2.7907542498255835,nan,0.9255033784463893,0.02281307407486924,0.0,0.0,0.0,0.0,0.0,0.0,0.0,0.0,0.0,0.0,0.0,0.0,0.0,0.0,0.0,0.0,0.0,0.0,0.0,0.0,0.0,0.0,0.0,0.0,0.0,0.12126111560226356,3.977364591754245,14.745351657235249,10.040420371867425,1.1156022635408247,0.9255855985657474,0.02238493160585496,0.0,0.0,0.0,0.0,0.0,0.0,0.0,0.0,0.0,0.0,0.0,0.0,0.0,0.0,0.0,0.0,0.0,0.0,0.0,0.0,0.0,0.0,0.0,0.0,0.0,0.1257861635220126,3.5597484276729565,15.421383647798745,9.761006289308177,1.1320754716981134,0.4082,0.01026,0.0,0.0,0.0,0.0,0.0,0.0,0.0,0.0,0.0,0.0,0.0,6.3419563459983745,23.476151980598228,0.18189167340339535,0.0,0.0,0.0,0.0,0.0,0.0,0.0,0.0,0.0,0.0,0.0,0.0,0.0,0.0,0.0,0.0,0.408,0.01005,0.0,0.0,0.0,0.0,0.0,0.0,0.0,0.0,0.0,0.0,0.0,6.641509433962254,23.13207547169812,0.2264150943396227,0.0,0.0,0.0,0.0,0.0,0.0,0.0,0.0,0.0,0.0,0.0,0.0,0.0,0.0,0.0,0.0
39400,4595,2428,0.5284004352557128,1164,893,0.44766050054406964,1257,0.5471164309031556,0.414,2.9483156437471156,3.071386573390337,6.496699669966997,2.1082477510408655,8310.434837977466,432.1691728618525,7853.0,8737.06319823265,8718.697314870862,5.624172631567416,7853.0,0.0,27.423068552774755,20.470332335522738,32.3445945945946,18.72904974795641,0.141240478781284,0.09923830250272035,0.09597388465723612,0.08835690968443961,0.08422198041349292,0.07834602829162132,0.06877040261153428,0.062459194776931445,0.05244831338411317,0.05810663764961915,0.04809575625680087,0.038955386289445046,0.02894450489662677,0.024374319912948857,0.014363438520130577,0.009575625680087052,0.006528835690968444,0.9258861193070603,0.02313049799230775,0.0,0.0,0.0,0.0,0.0,0.0,0.0,0.0,0.0,0.0,0.0,0.0,0.0,0.0,0.0,0.0,0.0,0.0,0.0,0.0,0.0,0.0,0.0,0.0,0.006528835690968446,0.13057671381936892,3.7279651795429825,14.879216539717087,10.0348204570185,1.2208922742110992,4.21881390593047,2.9039099627413494,nan,nan,nan,4.237071860308932,2.953104891103304,4.2,2.852207304034949,0.9912505943889682,0.4075,0.01013,0.0,0.0,0.0,0.0,0.0,0.0,0.0,0.0,0.0,0.0,0.0,6.63329706202393,23.19042437431992,0.17627856365614802,0.0,0.0,0.0,0.0,0.0,0.0,0.0,0.0,0.0,0.0,0.0,0.0,0.0,0.0,0.0,0.0,nan,nan,4.21881390593047,2.9039099627413494,nan,0.4075,0.04797,0.0,0.0,0.0,0.0,0.0,0.0,0.0,0.0,0.0,0.0,0.0,0.0,0.0,0.0,0.0,0.0,0.0,0.0008161044613710555,0.0,0.0,0.00017410228509249183,0.0,0.0,0.0,0.005125136017410228,0.0020783460282916212,0.0078019586507072905,0.00019586507072905332,9.793253536452666e-05,0.0017301414581066376,0.004374319912948858,0.003297062023939064,0.015321001088139281,0.0013166485310119695,0.028476605005440695,0.0393253536452666,0.04947769314472252,0.0691512513601741,0.07295973884657236,0.09490750816104461,0.09855277475516866,0.10751904243743199,0.08165397170837867,0.07359085963003265,0.06215451577801959,0.035745375408052234,0.024940152339499456,0.03267682263329706,0.023220892274211098,0.028998911860718173,0.00985854189336235,0.003427638737758433,0.0072143634385201305,0.011099020674646356,0.0004896626768226333,0.002045701849836779,0.00018498367791077258,0.0,0.0,0.0,0.0,0.0,0.0,0.0,0.0,0.0,0.0,0.0,0.0,0.0,0.0,0.0,0.0,0.0,0.0,0.0,0.0,0.0,0.0,0.0,0.0,0.0,0.0,0.0,0.0,0.0,0.0,0.0,0.0,0.0,0.0,0.0,0.0,0.0,0.0,0.0,0.0,0.0,0.0,0.0,0.0,nan,nan,4.21881390593047,2.9039099627413494,nan,0.9257053637622412,0.02325372817143588,0.0,0.0,0.0,0.0,0.0,0.0,0.0,0.0,0.0,0.0,0.0,0.0,0.0,0.0,0.0,0.0,0.0,0.0,0.0,0.0,0.0,0.0,0.0,0.0,0.0,0.11120263591433281,3.904448105436574,14.88879736408567,9.822899505766063,1.2726523887973644,0.926088645593549,0.022989952841131506,0.0,0.0,0.0,0.0,0.0,0.0,0.0,0.0,0.0,0.0,0.0,0.0,0.0,0.0,0.0,0.0,0.0,0.0,0.0,0.0,0.0,0.0,0.0,0.0,0.013844023996308264,0.15228426395939088,3.5302261190586073,14.868481772035075,10.27226580526073,1.162898015689894,0.4075,0.01019,0.0,0.0,0.0,0.0,0.0,0.0,0.0,0.0,0.0,0.0,0.0,6.610378912685328,23.154859967051078,0.23476112026359147,0.0,0.0,0.0,0.0,0.0,0.0,0.0,0.0,0.0,0.0,0.0,0.0,0.0,0.0,0.0,0.0,0.4075,0.01005,0.0,0.0,0.0,0.0,0.0,0.0,0.0,0.0,0.0,0.0,0.0,6.658975542224264,23.23027226580527,0.11075219197046611,0.0,0.0,0.0,0.0,0.0,0.0,0.0,0.0,0.0,0.0,0.0,0.0,0.0,0.0,0.0,0.0
39500,4491,2435,0.5421955021153418,1166,864,0.4520151413938989,1197,0.533066132264529,0.426,3.1181906614785992,3.1989996969247225,6.762938230383973,2.1798658382981215,8322.471797838956,431.41032674592344,7853.0,8739.92368927002,8718.871804556366,5.473914668174951,7853.0,0.0,28.175239367624137,20.968283492675006,33.098703360677426,19.20955994664806,0.1387218882208862,0.09708305499888666,0.09285237140948564,0.08350033400133601,0.08505900690269427,0.07370296147851257,0.0670229347584057,0.06435092407036294,0.06212424849699399,0.05366288131819194,0.04586951681140058,0.036517479403250945,0.0336228011578713,0.02916945001113338,0.017145401914940992,0.012692050768203072,0.006902694277443776,0.9258128013889021,0.022870231737424414,0.0,0.0,0.0,0.0,0.0,0.0,0.0,0.0,0.0,0.0,0.0,0.0,0.0,0.0,0.0,0.0,0.0,0.0,0.0,0.0,0.0,0.0,0.0,0.0,0.0,0.15364061456245828,3.7074148296593195,15.090180360721446,9.926519706078826,1.1222444889779561,4.2564632885212,2.963246733017309,nan,nan,nan,4.415319747013352,3.0203742478356608,4.102234258632363,2.8995321718868223,0.9290910950236914,0.4077,0.010086,0.0,0.0,0.0,0.0,0.0,0.0,0.0,0.0,0.0,0.0,0.006680026720106882,6.639946559786229,23.22645290581163,0.12692050768203075,0.0,0.0,0.0,0.0,0.0,0.0,0.0,0.0,0.0,0.0,0.0,0.0,0.0,0.0,0.0,0.0,nan,nan,4.2564632885212,2.963246733017309,nan,0.4077,0.04837,0.0,0.0,0.0,0.0,0.0,0.0,0.0,0.0,0.0,0.0,0.0,0.0,0.0,0.0,0.0,0.0,0.0,0.0008795368514807392,0.0,0.0,2.22667557336896e-05,0.0,0.0,1.11333778668448e-05,0.005388554887552884,0.002772211088844355,0.007392562903584947,0.0002894678245379648,4.45335114673792e-05,0.0017479403250946336,0.004876419505678023,0.003173012692050768,0.013493653974615898,0.0015252727677577376,0.028323313293253174,0.03891115564462258,0.0509686038744155,0.06910487641950568,0.07343576040970831,0.09521264751725673,0.09395457581830327,0.10547762191048764,0.08490313961255845,0.07630817189935427,0.06230238254286351,0.0337230015586729,0.024393230906256957,0.0320084613671788,0.024660431975061233,0.027499443331106658,0.009619238476953907,0.004408817635270541,0.007949231796927188,0.012602983745268314,0.0006234691605433089,0.0019149409930973057,7.793364506791361e-05,0.0,0.0,0.0,0.0,0.0,0.0,0.0,0.0,0.0,0.0,0.0,0.0,0.0,0.0,0.0,0.0,0.0,0.0,0.0,0.0,0.0,0.0,0.0,0.0,0.0,0.0,0.0,0.0,0.0,0.0,0.0,0.0,0.0,0.0,0.0,0.0,0.0,0.0,0.0,0.0,0.0,0.0,0.0,0.0,nan,nan,4.2564632885212,2.963246733017309,nan,0.9261251120596695,0.02253806984936204,0.0,0.0,0.0,0.0,0.0,0.0,0.0,0.0,0.0,0.0,0.0,0.0,0.0,0.0,0.0,0.0,0.0,0.0,0.0,0.0,0.0,0.0,0.0,0.0,0.0,0.12320328542094458,3.5112936344969206,15.178644763860373,10.11498973305955,1.071868583162218,0.9254429198308678,0.02325206307830346,0.0,0.0,0.0,0.0,0.0,0.0,0.0,0.0,0.0,0.0,0.0,0.0,0.0,0.0,0.0,0.0,0.0,0.0,0.0,0.0,0.0,0.0,0.0,0.0,0.0,0.18968871595330744,3.9396887159533085,14.985408560311287,9.703307392996111,1.1819066147859925,0.4077,0.01008,0.0,0.0,0.0,0.0,0.0,0.0,0.0,0.0,0.0,0.0,0.0,6.554414784394241,23.347022587269,0.09856262833675566,0.0,0.0,0.0,0.0,0.0,0.0,0.0,0.0,0.0,0.0,0.0,0.0,0.0,0.0,0.0,0.0,0.4075,0.010086,0.0,0.0,0.0,0.0,0.0,0.0,0.0,0.0,0.0,0.0,0.014591439688715957,6.741245136186761,23.083657587548643,0.16050583657587553,0.0,0.0,0.0,0.0,0.0,0.0,0.0,0.0,0.0,0.0,0.0,0.0,0.0,0.0,0.0,0.0
39600,4309,2305,0.5349268971919239,1127,827,0.4534694824785333,1150,0.5337665351589695,0.442,3.0788423153692617,3.1811212476580053,6.762886597938144,2.1214330688217546,8316.190658957756,431.9100187694249,7853.0,8739.360658490657,8718.89524921864,5.680289558443094,7853.0,0.0,28.39568345323741,21.099991584416202,33.30900578353071,19.346962450878518,0.13483406822928753,0.09909491761429566,0.09236481782316083,0.08517057321884428,0.08122534230679972,0.07751218380134602,0.0696217219772569,0.06126711533998608,0.058250174054304944,0.052912508702715244,0.046878626131352984,0.04177303318635414,0.0329542817359016,0.023439313065676492,0.02111858899976793,0.012996054769087955,0.008586679043861685,0.9262419973207643,0.02331408198782744,0.0,0.0,0.0,0.0,0.0,0.0,0.0,0.0,0.0,0.0,0.0,0.0,0.0,0.0,0.0,0.0,0.0,0.0,0.0,0.0,0.0,0.0,0.0,0.0,0.0,0.13924344395451382,3.884892086330936,14.418658621489909,10.255279647249944,1.3019262009747044,4.1640042598509055,2.9980605511721166,nan,nan,nan,4.187321937321937,3.000205872623201,4.1423512747875355,2.9962662546365957,0.9892602806262459,0.4075,0.01012,0.0,0.0,0.0,0.0,0.0,0.0,0.0,0.0,0.0,0.0,0.0,6.697609654212105,23.17707124622883,0.12531909955906245,0.0,0.0,0.0,0.0,0.0,0.0,0.0,0.0,0.0,0.0,0.0,0.0,0.0,0.0,0.0,0.0,nan,nan,4.1640042598509055,2.9980605511721166,nan,0.4075,0.04813,0.0,0.0,0.0,0.0,0.0,0.0,0.0,0.0,0.0,0.0,0.0,0.0,0.0,0.0,0.0,0.0,0.0,0.0006033882571362265,0.0,0.0,0.0,0.0,0.0,0.0,0.00584822464608958,0.0026224181944766766,0.007240659085634718,0.0004525411928521699,9.282896263634253e-05,0.0020770480389881644,0.005059178463680669,0.0028312833604084474,0.012647946159201671,0.002355534926897192,0.027129264330471105,0.03873288466001393,0.05214666976096542,0.06938964957066605,0.07469250406126711,0.09695985147365978,0.09038059874680901,0.10514040380598746,0.08559990717103737,0.0781039684381527,0.06423764214434903,0.033627291715015085,0.022186122070085867,0.032652587607333486,0.023590160129960548,0.02760501276398236,0.008760733348804827,0.004235321420283128,0.00794847992573683,0.01247389185425853,0.0004989556741703411,0.0019842190763518217,9.282896263634253e-05,0.0,0.0,0.0,0.0,0.0,0.0,0.0,0.0,0.0,0.0,0.0,0.0,0.0,0.0,0.0,0.0,0.0,0.0,0.0,0.0,0.0,0.0,0.0,0.0,0.0,0.0,0.0,0.0,0.0,0.0,0.0,0.0,0.0,0.0,0.0,0.0,0.0,0.0,0.0,0.0,0.0,0.0,0.0,0.0,nan,nan,4.1640042598509055,2.9980605511721166,nan,0.9265336786588723,0.023393967998279485,0.0,0.0,0.0,0.0,0.0,0.0,0.0,0.0,0.0,0.0,0.0,0.0,0.0,0.0,0.0,0.0,0.0,0.0,0.0,0.0,0.0,0.0,0.0,0.0,0.0,0.1431670281995662,3.8524945770065084,14.381778741865514,10.281995661605208,1.3405639913232108,0.9259065055621123,0.02321732639691166,0.0,0.0,0.0,0.0,0.0,0.0,0.0,0.0,0.0,0.0,0.0,0.0,0.0,0.0,0.0,0.0,0.0,0.0,0.0,0.0,0.0,0.0,0.0,0.0,0.0,0.13473053892215572,3.9221556886227553,14.461077844311381,10.224550898203594,1.25748502994012,0.4075,0.01008,0.0,0.0,0.0,0.0,0.0,0.0,0.0,0.0,0.0,0.0,0.0,6.741865509761379,23.11496746203905,0.1431670281995662,0.0,0.0,0.0,0.0,0.0,0.0,0.0,0.0,0.0,0.0,0.0,0.0,0.0,0.0,0.0,0.0,0.4075,0.01017,0.0,0.0,0.0,0.0,0.0,0.0,0.0,0.0,0.0,0.0,0.0,6.646706586826338,23.24850299401198,0.10479041916167668,0.0,0.0,0.0,0.0,0.0,0.0,0.0,0.0,0.0,0.0,0.0,0.0,0.0,0.0,0.0,0.0
39700,4344,2285,0.526012891344383,1089,872,0.45142725598526706,1191,0.5483425414364641,0.434,3.0728508984944147,3.190036727087631,6.740677966101695,2.249415641183871,8308.408976805158,432.32048927727146,7853.0,8736.242429637909,8718.775315204204,5.599218982569951,7853.0,0.0,27.92034990791897,20.797577646767635,33.06289655172414,18.919485737606752,0.1466390423572744,0.09139042357274402,0.09323204419889503,0.0856353591160221,0.07988029465930019,0.07435543278084715,0.0718232044198895,0.06284530386740332,0.06146408839779006,0.04995395948434622,0.05202578268876611,0.044429097605893184,0.02923572744014733,0.0216390423572744,0.016574585635359115,0.011279926335174955,0.007596685082872928,0.9267848882529178,0.023564312598414305,0.0,0.0,0.0,0.0,0.0,0.0,0.0,0.0,0.0,0.0,0.0,0.0,0.0,0.0,0.0,0.0,0.0,0.0,0.0,0.0,0.0,0.0,0.0,0.0,0.0,0.1864640883977901,3.6947513812154704,14.337016574585638,10.497237569060776,1.2845303867403317,4.285305684662138,2.988616590558707,nan,nan,nan,4.272532188841201,3.0279061208088485,4.29807005003574,2.948776995262235,1.0059772191444776,0.4075,0.00996,0.0,0.0,0.0,0.0,0.0,0.0,0.0,0.0,0.0,0.0,0.0,6.726519337016565,23.09392265193371,0.1795580110497238,0.0,0.0,0.0,0.0,0.0,0.0,0.0,0.0,0.0,0.0,0.0,0.0,0.0,0.0,0.0,0.0,nan,nan,4.285305684662138,2.988616590558707,nan,0.4075,0.04843,0.0,0.0,0.0,0.0,0.0,0.0,0.0,0.0,0.0,0.0,0.0,0.0,0.0,0.0,0.0,0.0,0.0,0.0006560773480662984,0.0,0.0,0.0,0.0,0.0,0.0,0.006111878453038674,0.003418508287292818,0.006434162062615102,0.00035681399631675874,4.604051565377532e-05,0.0024171270718232043,0.005029926335174954,0.0030271639042357273,0.012971915285451196,0.002647329650092081,0.02671500920810313,0.04011279926335175,0.05136970534069982,0.06962476979742173,0.07414825046040516,0.09407228360957642,0.0911256906077348,0.10405156537753223,0.08680939226519337,0.07757826887661141,0.06409990791896869,0.034680018416206264,0.020361418047882135,0.03345994475138121,0.024125230202578268,0.026634438305709024,0.010255524861878453,0.004661602209944752,0.00934622467771639,0.010934622467771639,0.0004719152854511971,0.00216390423572744,8.057090239410681e-05,0.0,0.0,0.0,0.0,0.0,0.0,0.0,0.0,0.0,0.0,0.0,0.0,0.0,0.0,0.0,0.0,0.0,0.0,0.0,0.0,0.0,0.0,0.0,0.0,0.0,0.0,0.0,0.0,0.0,0.0,0.0,0.0,0.0,0.0,0.0,0.0,0.0,0.0,0.0,0.0,0.0,0.0,0.0,0.0,nan,nan,4.285305684662138,2.988616590558707,nan,0.9260170762335446,0.02343406606394653,0.0,0.0,0.0,0.0,0.0,0.0,0.0,0.0,0.0,0.0,0.0,0.0,0.0,0.0,0.0,0.0,0.0,0.0,0.0,0.0,0.0,0.0,0.0,0.0,0.0,0.23632385120350113,3.7286652078774627,14.730853391684905,10.056892778993436,1.2472647702407005,0.9276369768708235,0.023678889329495415,0.0,0.0,0.0,0.0,0.0,0.0,0.0,0.0,0.0,0.0,0.0,0.0,0.0,0.0,0.0,0.0,0.0,0.0,0.0,0.0,0.0,0.0,0.0,0.0,0.0,0.1311316172899466,3.657115104419622,13.89995143273434,10.985915492957748,1.3258863525983489,0.4075,0.00998,0.0,0.0,0.0,0.0,0.0,0.0,0.0,0.0,0.0,0.0,0.0,6.669584245076577,23.133479212253835,0.1969365426695843,0.0,0.0,0.0,0.0,0.0,0.0,0.0,0.0,0.0,0.0,0.0,0.0,0.0,0.0,0.0,0.0,0.4077,0.00993,0.0,0.0,0.0,0.0,0.0,0.0,0.0,0.0,0.0,0.0,0.0,6.789703739679446,23.050024283632833,0.1602719766877125,0.0,0.0,0.0,0.0,0.0,0.0,0.0,0.0,0.0,0.0,0.0,0.0,0.0,0.0,0.0,0.0
39800,4334,2239,0.5166128287955699,1040,870,0.4407014305491463,1192,0.5500692201199815,0.45,3.0248210023866346,3.1815930405750747,6.768041237113402,2.150555577146455,8300.213993210587,432.6140722001826,7853.0,8735.761702799797,8718.66567511152,5.818157254932997,7853.0,0.0,27.815182279649285,20.95355446279433,32.569398907103825,19.33839701454697,0.13520996769727733,0.10567604983848639,0.09644670050761421,0.08975542224273189,0.07683433317951084,0.0796031379787725,0.06691278264882326,0.06345177664974619,0.05260729118597139,0.05099215505306876,0.046146746654360866,0.04153207198892478,0.031149053991693584,0.0267651130595293,0.01753576372865713,0.011305952930318412,0.008075680664513151,0.925583566918481,0.023451528290353074,0.0,0.0,0.0,0.0,0.0,0.0,0.0,0.0,0.0,0.0,0.0,0.0,0.0,0.0,0.0,0.0,0.0,0.0,0.0,0.0,0.0,0.0,0.0,0.0,0.0,0.18689432395016156,4.000922934933088,14.820027688047997,9.746192893401016,1.2459621596677437,4.337784193431974,2.955329275687031,nan,nan,nan,4.181620839363242,2.902842208358551,4.4931605471562275,2.998581981308942,1.0745021415763811,0.4075,0.01043,0.0,0.0,0.0,0.0,0.0,0.0,0.0,0.0,0.0,0.0,0.0,7.42731887401937,22.378864790032306,0.1938163359483157,0.0,0.0,0.0,0.0,0.0,0.0,0.0,0.0,0.0,0.0,0.0,0.0,0.0,0.0,0.0,0.0,nan,nan,4.337784193431974,2.955329275687031,nan,0.4075,0.0482,0.0,0.0,0.0,0.0,0.0,0.0,0.0,0.0,0.0,0.0,0.0,0.0,0.0,0.0,0.0,0.0,0.0,0.0007268112598061837,0.0,0.0,0.0,0.0,0.0,0.0,0.006864328564836179,0.0033225657591139826,0.006045223811721273,0.00014997692662667281,5.7683433317951084e-05,0.0020189201661282878,0.005133825565297646,0.0027688047992616522,0.011444393170281494,0.0028957083525611447,0.02616520535302261,0.040782187355791415,0.05166128287955699,0.07167743424088602,0.07419243193354869,0.09660821412090448,0.09194739270881402,0.10403784033225658,0.08570604522381173,0.07644208583294877,0.06429395477618828,0.03380249192431933,0.02029303184125519,0.031702814951545914,0.025196123673281032,0.027872634979233965,0.009760036917397323,0.004164743885556068,0.009206275957544993,0.010256114443931702,0.0004960775265343793,0.0021688970927549608,0.0001269035532994924,0.0,0.0,1.1536686663590216e-05,0.0,0.0,0.0,0.0,0.0,0.0,0.0,0.0,0.0,0.0,0.0,0.0,0.0,0.0,0.0,0.0,0.0,0.0,0.0,0.0,0.0,0.0,0.0,0.0,0.0,0.0,0.0,0.0,0.0,0.0,0.0,0.0,0.0,0.0,0.0,0.0,0.0,0.0,0.0,0.0,0.0,nan,nan,4.337784193431974,2.955329275687031,nan,0.9256852975164263,0.023862913599114233,0.0,0.0,0.0,0.0,0.0,0.0,0.0,0.0,0.0,0.0,0.0,0.0,0.0,0.0,0.0,0.0,0.0,0.0,0.0,0.0,0.0,0.0,0.0,0.0,0.0,0.22778025904421623,4.059848146493971,14.390352836087542,9.995533720410899,1.3264850379633768,0.925474843859388,0.0230032375979172,0.0,0.0,0.0,0.0,0.0,0.0,0.0,0.0,0.0,0.0,0.0,0.0,0.0,0.0,0.0,0.0,0.0,0.0,0.0,0.0,0.0,0.0,0.0,0.0,0.0,0.14319809069212414,3.9379474940334136,15.279236276849646,9.479713603818617,1.1599045346062056,0.4072,0.010345,0.0,0.0,0.0,0.0,0.0,0.0,0.0,0.0,0.0,0.0,0.0,7.503349709691816,22.335864225100497,0.16078606520768202,0.0,0.0,0.0,0.0,0.0,0.0,0.0,0.0,0.0,0.0,0.0,0.0,0.0,0.0,0.0,0.0,0.4075,0.01051,0.0,0.0,0.0,0.0,0.0,0.0,0.0,0.0,0.0,0.0,0.0,7.346062052505956,22.42482100238664,0.22911694510739863,0.0,0.0,0.0,0.0,0.0,0.0,0.0,0.0,0.0,0.0,0.0,0.0,0.0,0.0,0.0,0.0
39900,4847,2510,0.5178460903651744,1167,1039,0.45512688260779866,1410,0.5818031772230245,0.39799999999999996,2.9700470688917417,3.046628311984111,6.549295774647887,2.041125369692459,8301.168153316317,432.4659380072175,7853.0,8738.491912269592,8718.446629133145,5.534783974912118,7853.0,0.0,27.774499690530224,20.66738029467295,32.6303015444962,18.92521827920857,0.13843614606973387,0.10129977305549824,0.0946977511863008,0.08995254796781514,0.07943057561378172,0.07076542191046008,0.07076542191046008,0.06354446049102537,0.06333814730761296,0.04889622446874355,0.05219723540334227,0.034866927996698986,0.03342273571281205,0.024551268826077985,0.020012378791004745,0.007633587786259542,0.006189395502372601,0.9248113802272756,0.022770797367181666,0.0,0.0,0.0,0.0,0.0,0.0,0.0,0.0,0.0,0.0,0.0,0.0,0.0,0.0,0.0,0.0,0.0,0.0,0.0,0.0,0.0,0.0,0.0,0.0,0.0,0.1856818650711781,3.92407674850423,15.28780689086033,9.636888797194143,0.965545698370126,4.340064102564103,2.8550557937866032,nan,nan,nan,4.309010152284264,2.826913804804704,4.37200259235256,2.884071448808758,1.0146187727209004,0.4075,0.01021,0.0,0.0,0.0,0.0,0.0,0.0,0.0,0.0,0.0,0.0,0.006189395502372603,6.851660821126459,23.030740664328455,0.11140911904270685,0.0,0.0,0.0,0.0,0.0,0.0,0.0,0.0,0.0,0.0,0.0,0.0,0.0,0.0,0.0,0.0,nan,nan,4.340064102564103,2.8550557937866032,nan,0.4075,0.04794,0.0,0.0,0.0,0.0,0.0,0.0,0.0,0.0,0.0,0.0,0.0,0.0,0.0,0.0,0.0,0.0,0.0,0.0006705178460903652,0.0,0.0,2.0631318341242005e-05,0.0,0.0,0.0,0.006240973798225706,0.003507324118011141,0.005591087270476584,0.00015473488755931504,0.0,0.0023313389725603466,0.004796781514338766,0.0022591293583659995,0.012420053641427687,0.0033319579121105837,0.025036104807097174,0.04058180317722303,0.05170208376315247,0.07271508149370745,0.07834743140086652,0.09614194347018774,0.09156179079843202,0.10369300598308231,0.0810398184443986,0.07466474107695482,0.06674231483391789,0.03209201567980194,0.020435320817000207,0.03469156179079843,0.02571693831235816,0.029801939343924076,0.009531669073653807,0.00370332164225294,0.00833505260986177,0.009717350938724984,0.0005673612543841552,0.0017227150814937075,0.00012378791004745204,1.0315659170621002e-05,0.0,0.0,0.0,0.0,0.0,0.0,0.0,0.0,0.0,0.0,0.0,0.0,0.0,0.0,0.0,0.0,0.0,0.0,0.0,0.0,0.0,0.0,0.0,0.0,0.0,0.0,0.0,0.0,0.0,0.0,0.0,0.0,0.0,0.0,0.0,0.0,0.0,0.0,0.0,0.0,0.0,0.0,0.0,nan,nan,4.340064102564103,2.8550557937866032,nan,0.9245396932282771,0.022806388940536434,0.0,0.0,0.0,0.0,0.0,0.0,0.0,0.0,0.0,0.0,0.0,0.0,0.0,0.0,0.0,0.0,0.0,0.0,0.0,0.0,0.0,0.0,0.0,0.0,0.0,0.23904382470119526,4.0159362549800806,15.370517928286855,9.466135458167333,0.908366533864542,0.9251031792719853,0.022728892210657037,0.0,0.0,0.0,0.0,0.0,0.0,0.0,0.0,0.0,0.0,0.0,0.0,0.0,0.0,0.0,0.0,0.0,0.0,0.0,0.0,0.0,0.0,0.0,0.0,0.0,0.1283697047496791,3.825417201540437,15.198973042362006,9.820282413350451,1.0269576379974328,0.4075,0.01032,0.0,0.0,0.0,0.0,0.0,0.0,0.0,0.0,0.0,0.0,0.0,7.039840637450189,22.900398406374507,0.059760956175298814,0.0,0.0,0.0,0.0,0.0,0.0,0.0,0.0,0.0,0.0,0.0,0.0,0.0,0.0,0.0,0.0,0.4075,0.010086,0.0,0.0,0.0,0.0,0.0,0.0,0.0,0.0,0.0,0.0,0.01283697047496791,6.6495507060333665,23.170731707317078,0.16688061617458286,0.0,0.0,0.0,0.0,0.0,0.0,0.0,0.0,0.0,0.0,0.0,0.0,0.0,0.0,0.0,0.0
40000,4685,2421,0.5167556029882604,1123,954,0.44332977588046957,1327,0.5664887940234792,0.418,2.9991166077738516,3.1094576914331093,6.637083993660855,2.0446258398439903,8300.048153944852,432.3288161083817,7853.0,8737.740086758136,8718.105576716905,5.634568576093154,7853.0,0.0,28.285165421558165,21.174726780171174,33.311291963377414,19.40192344659347,0.1385272145144077,0.10352187833511206,0.08922091782283885,0.08388473852721451,0.07769477054429029,0.07748132337246531,0.06851654215581643,0.06702241195304162,0.05144076840981857,0.054429028815368194,0.04418356456776948,0.042689434364994665,0.03607257203842049,0.027961579509071504,0.0192102454642476,0.008751334044823906,0.009391675560298827,0.923228702779259,0.02320188196665506,0.0,0.0,0.0,0.0,0.0,0.0,0.0,0.0,0.0,0.0,0.0,0.0,0.0,0.0,0.0,0.0,0.0,0.0,0.0,0.0,0.0,0.0,0.0,0.0,0.0,0.21771611526147283,4.495197438633939,15.438633938100324,8.913553895410887,0.9348986125933834,4.310026385224274,2.9105267499826395,nan,nan,nan,4.3808891838088915,2.947153385551097,4.240813648293964,2.872923350321341,0.9680257752164501,0.4077,0.01017,0.0,0.0,0.0,0.0,0.0,0.0,0.0,0.0,0.0,0.0,0.0,6.742796157950897,23.039487726787627,0.21771611526147283,0.0,0.0,0.0,0.0,0.0,0.0,0.0,0.0,0.0,0.0,0.0,0.0,0.0,0.0,0.0,0.0,nan,nan,4.310026385224274,2.9105267499826395,nan,0.4077,0.04785,0.0,0.0,0.0,0.0,0.0,0.0,0.0,0.0,0.0,0.0,0.0,0.0,0.0,0.0,0.0,0.0,0.0,0.0010458911419423693,0.0,0.0,2.1344717182497334e-05,0.0,1.0672358591248667e-05,0.0,0.006254002134471718,0.0029882604055496264,0.004343649946638207,0.0003094983991462113,2.1344717182497334e-05,0.002145144076840982,0.00496264674493063,0.002102454642475987,0.012454642475987193,0.003703308431163287,0.024919957310565635,0.03973319103521878,0.048089647812166486,0.07623265741728923,0.07890074706510139,0.09711846318036287,0.0883991462113127,0.10483457844183565,0.08068303094983992,0.07267876200640341,0.07033084311632871,0.03249733191035219,0.022411953041622197,0.03484525080042689,0.0248025613660619,0.029028815368196372,0.009135538954108858,0.0034044823906083242,0.009338313767342583,0.00951974386339381,0.0005869797225186767,0.002102454642475987,2.1344717182497334e-05,2.1344717182497334e-05,0.0,0.0,0.0,0.0,0.0,0.0,0.0,0.0,0.0,0.0,0.0,0.0,0.0,0.0,0.0,0.0,0.0,0.0,0.0,0.0,0.0,0.0,0.0,0.0,0.0,0.0,0.0,0.0,0.0,0.0,0.0,0.0,0.0,0.0,0.0,0.0,0.0,0.0,0.0,0.0,0.0,0.0,0.0,nan,nan,4.310026385224274,2.9105267499826395,nan,0.9228083745402179,0.023355985709266697,0.0,0.0,0.0,0.0,0.0,0.0,0.0,0.0,0.0,0.0,0.0,0.0,0.0,0.0,0.0,0.0,0.0,0.0,0.0,0.0,0.0,0.0,0.0,0.0,0.0,0.285006195786865,4.547707558859976,15.501858736059482,8.736059479553905,0.9293680297397772,0.9236781792221558,0.023027463748954764,0.0,0.0,0.0,0.0,0.0,0.0,0.0,0.0,0.0,0.0,0.0,0.0,0.0,0.0,0.0,0.0,0.0,0.0,0.0,0.0,0.0,0.0,0.0,0.0,0.0,0.14575971731448767,4.43904593639576,15.371024734982335,9.103356890459365,0.9408127208480568,0.4077,0.01047,0.0,0.0,0.0,0.0,0.0,0.0,0.0,0.0,0.0,0.0,0.0,6.926889714993794,22.775712515489474,0.2973977695167287,0.0,0.0,0.0,0.0,0.0,0.0,0.0,0.0,0.0,0.0,0.0,0.0,0.0,0.0,0.0,0.0,0.408,0.00984,0.0,0.0,0.0,0.0,0.0,0.0,0.0,0.0,0.0,0.0,0.0,6.545936395759708,23.321554770318027,0.1325088339222615,0.0,0.0,0.0,0.0,0.0,0.0,0.0,0.0,0.0,0.0,0.0,0.0,0.0,0.0,0.0,0.0
40100,4682,2420,0.5168731311405382,1114,980,0.44724476719350703,1336,0.5706962836394703,0.422,2.9420866489832007,3.0915455683741238,6.630434782608695,2.102445656226455,8300.232507190805,432.4046022466157,7853.0,8738.377183163166,8718.265536639401,5.525406154669605,7853.0,0.0,27.157624946604017,20.654258454583054,32.147427693882776,18.97870428107416,0.14566424604869713,0.10252029047415634,0.10102520290474157,0.08821016659547203,0.07795813754805639,0.074754378470739,0.06962836394703119,0.061512174284493806,0.05425032037590773,0.05403673643741991,0.048697137975224264,0.03460059803502777,0.030328919265271252,0.024134985049124306,0.01644596326356258,0.01003844510892781,0.006193934216146946,0.9234911919225745,0.023070481969006153,0.0,0.0,0.0,0.0,0.0,0.0,0.0,0.0,0.0,0.0,0.0,0.0,0.0,0.0,0.0,0.0,0.0,0.0,0.0,0.0,0.0,0.0,0.0,0.0,0.0,0.17300299017513887,4.344297308842376,15.557454079453228,8.964117898334047,0.9611277231952159,4.303450608930988,2.85762782877285,nan,nan,nan,4.2588075880758804,2.8462326525727213,4.347972972972973,2.868255180951187,1.0209367018943856,0.408,0.00996,0.0,0.0,0.0,0.0,0.0,0.0,0.0,0.0,0.0,0.0,0.0,6.298590346005971,23.496369073045713,0.20504058094831273,0.0,0.0,0.0,0.0,0.0,0.0,0.0,0.0,0.0,0.0,0.0,0.0,0.0,0.0,0.0,0.0,nan,nan,4.303450608930988,2.85762782877285,nan,0.408,0.04813,0.0,0.0,0.0,0.0,0.0,0.0,0.0,0.0,0.0,0.0,0.0,0.0,0.0,0.0,0.0,0.0,0.0,0.0010999572832123025,0.0,0.0,0.0,0.0,0.0,0.0,0.0059910294745835115,0.00332123024348569,0.003951302862024776,0.00074754378470739,4.271678769756514e-05,0.002765912003417343,0.005446390431439556,0.002018368218709953,0.012686885946176847,0.0046134130713370355,0.024615548910721912,0.0405595899188381,0.04624092268261427,0.07282144382742418,0.07956001708671508,0.099754378470739,0.08756941478000854,0.10100384451089278,0.08195215719777872,0.07447671935070482,0.07055745407945323,0.03267834258863733,0.02184963690730457,0.034899615548910724,0.024967962409226826,0.02939982913284921,0.008853054250320376,0.0028620247757368644,0.009782144382742417,0.009760785988893635,0.000598035027765912,0.002466894489534387,3.2037590773173855e-05,5.339598462195643e-05,0.0,0.0,0.0,0.0,0.0,0.0,0.0,0.0,0.0,0.0,0.0,0.0,0.0,0.0,0.0,0.0,0.0,0.0,0.0,0.0,0.0,0.0,0.0,0.0,0.0,0.0,0.0,0.0,0.0,0.0,0.0,0.0,0.0,0.0,0.0,0.0,0.0,0.0,0.0,0.0,0.0,0.0,0.0,nan,nan,4.303450608930988,2.85762782877285,nan,0.923555086836342,0.023035386452140795,0.0,0.0,0.0,0.0,0.0,0.0,0.0,0.0,0.0,0.0,0.0,0.0,0.0,0.0,0.0,0.0,0.0,0.0,0.0,0.0,0.0,0.0,0.0,0.0,0.0,0.14876033057851243,4.413223140495869,15.582644628099176,8.91322314049587,0.9421487603305787,0.9234228339688532,0.02310777426456882,0.0,0.0,0.0,0.0,0.0,0.0,0.0,0.0,0.0,0.0,0.0,0.0,0.0,0.0,0.0,0.0,0.0,0.0,0.0,0.0,0.0,0.0,0.0,0.0,0.0,0.19893899204244037,4.27055702917772,15.530503978779844,9.018567639257297,0.9814323607427058,0.4077,0.01004,0.0,0.0,0.0,0.0,0.0,0.0,0.0,0.0,0.0,0.0,0.0,6.446280991735528,23.39256198347108,0.16115702479338848,0.0,0.0,0.0,0.0,0.0,0.0,0.0,0.0,0.0,0.0,0.0,0.0,0.0,0.0,0.0,0.0,0.408,0.00986,0.0,0.0,0.0,0.0,0.0,0.0,0.0,0.0,0.0,0.0,0.0,6.140583554376649,23.607427055702924,0.25198938992042447,0.0,0.0,0.0,0.0,0.0,0.0,0.0,0.0,0.0,0.0,0.0,0.0,0.0,0.0,0.0,0.0
40200,4629,2396,0.5176063944696478,1113,974,0.45085331605098294,1337,0.5776625621084468,0.40599999999999997,3.0022391401701745,3.0884112878891767,6.565008025682183,2.1911529302309103,8300.984565264122,432.4962530441175,7853.0,8737.28967269659,8718.4927181167,5.5250504611323406,7853.0,0.0,28.175631885936486,20.876071753238097,33.158395474415016,19.047817299887264,0.13890689133722187,0.09570101533808598,0.08770792827824585,0.08770792827824585,0.08425145819831498,0.0797148412184057,0.07301793043853964,0.059840138258803195,0.057247785698855046,0.04579822855908403,0.04860661049902787,0.046662346079066754,0.034348671419313026,0.02462734931950745,0.01836249729963275,0.01058543961978829,0.006912940159861741,0.9239268624955106,0.02283634999516895,0.0,0.0,0.0,0.0,0.0,0.0,0.0,0.0,0.0,0.0,0.0,0.0,0.0,0.0,0.0,0.0,0.0,0.0,0.0,0.0,0.0,0.0,0.0,0.0,0.006480881399870384,0.2009073233959819,4.206092028515879,15.437459494491254,9.254698639014908,0.8943616331821129,4.307386551838357,2.8873486349497655,nan,nan,nan,4.29560585885486,2.8570876895348123,4.317282321899736,2.9171030560395974,1.0050461945898022,0.408,0.00996,0.0,0.0,0.0,0.0,0.0,0.0,0.0,0.0,0.0,0.0,0.006480881399870384,6.215165262475688,23.64225534672716,0.13609850939727805,0.0,0.0,0.0,0.0,0.0,0.0,0.0,0.0,0.0,0.0,0.0,0.0,0.0,0.0,0.0,0.0,nan,nan,4.307386551838357,2.8873486349497655,nan,0.408,0.04758,0.0,0.0,0.0,0.0,0.0,0.0,0.0,0.0,0.0,0.0,0.0,0.0,0.0,0.0,0.0,0.0,0.0,0.0008209116439835818,0.0,0.0,0.0,0.0,0.0,1.0801468999783971e-05,0.005098293367898034,0.002959602505940808,0.00367249945992655,0.0009289263339814215,6.480881399870383e-05,0.002894793691942104,0.005973212356880536,0.002851587815942968,0.012140851155757183,0.004763447828904731,0.02260747461654785,0.0409699719161806,0.046802765176063944,0.07135450421257292,0.07957442212140851,0.10297040397494059,0.08667098725426658,0.10213869086195723,0.08446748757831066,0.0731799524735364,0.07434651112551308,0.02973644415640527,0.023158349535536832,0.03242600993735148,0.02307193778353856,0.03022251026139555,0.008371138474832578,0.002495139338950097,0.008911211924821775,0.011082307193778354,0.0008857204579822856,0.0022143011449557138,0.00011881615899762368,4.3205875999135884e-05,0.0,0.0,0.0,0.0,0.0,0.0,0.0,0.0,0.0,0.0,0.0,0.0,0.0,0.0,0.0,0.0,0.0,0.0,0.0,0.0,0.0,0.0,0.0,0.0,0.0,0.0,0.0,0.0,0.0,0.0,0.0,0.0,0.0,0.0,0.0,0.0,0.0,0.0,0.0,0.0,0.0,0.0,0.0,nan,nan,4.307386551838357,2.8873486349497655,nan,0.9242873367463209,0.022813527209559523,0.0,0.0,0.0,0.0,0.0,0.0,0.0,0.0,0.0,0.0,0.0,0.0,0.0,0.0,0.0,0.0,0.0,0.0,0.0,0.0,0.0,0.0,0.0,0.0,0.0,0.23789649415692826,4.2570951585976635,15.363105175292157,9.252921535893156,0.8889816360601004,0.9235400750772653,0.022854490990587138,0.0,0.0,0.0,0.0,0.0,0.0,0.0,0.0,0.0,0.0,0.0,0.0,0.0,0.0,0.0,0.0,0.0,0.0,0.0,0.0,0.0,0.0,0.0,0.0,0.013434841021047922,0.16121809225257502,4.151365875503807,15.517241379310349,9.256605463502018,0.9001343484102107,0.408,0.00983,0.0,0.0,0.0,0.0,0.0,0.0,0.0,0.0,0.0,0.0,0.012520868113522541,6.060100166944899,23.814691151919874,0.11268781302170286,0.0,0.0,0.0,0.0,0.0,0.0,0.0,0.0,0.0,0.0,0.0,0.0,0.0,0.0,0.0,0.0,0.408,0.01009,0.0,0.0,0.0,0.0,0.0,0.0,0.0,0.0,0.0,0.0,0.0,6.381549484997752,23.45723242274967,0.16121809225257502,0.0,0.0,0.0,0.0,0.0,0.0,0.0,0.0,0.0,0.0,0.0,0.0,0.0,0.0,0.0,0.0
40300,4425,2272,0.5134463276836159,1051,903,0.4415819209039548,1245,0.5627118644067797,0.418,2.9725963771481654,3.1180060191809673,6.573743922204214,2.2068460783472292,8297.575072425641,432.7943416161076,7853.0,8740.430504107475,8718.864742730397,5.5921292310291655,7853.0,0.0,27.952542372881357,20.912840560669924,32.74444146798821,19.260242053638972,0.13242937853107345,0.10553672316384181,0.09649717514124294,0.0903954802259887,0.08090395480225988,0.07050847457627119,0.06463276836158192,0.062372881355932205,0.059887005649717516,0.05468926553672317,0.04655367231638418,0.04429378531073446,0.03231638418079096,0.023728813559322035,0.017401129943502826,0.009265536723163843,0.008587570621468926,0.9252013641023367,0.02319397379902056,0.0,0.0,0.0,0.0,0.0,0.0,0.0,0.0,0.0,0.0,0.0,0.0,0.0,0.0,0.0,0.0,0.0,0.0,0.0,0.0,0.0,0.0,0.0,0.0,0.0,0.15593220338983052,4.142372881355933,14.637288135593224,9.918644067796611,1.145762711864407,4.36270708494889,2.921591640224016,nan,nan,nan,4.347183098591549,2.9178709598448473,4.378263937896965,2.925232805251043,1.0071496503829078,0.4084,0.01001,0.0,0.0,0.0,0.0,0.0,0.0,0.0,0.0,0.0,0.0,0.0,6.027118644067787,23.783050847457634,0.18983050847457633,0.0,0.0,0.0,0.0,0.0,0.0,0.0,0.0,0.0,0.0,0.0,0.0,0.0,0.0,0.0,0.0,nan,nan,4.36270708494889,2.921591640224016,nan,0.4084,0.04782,0.0,0.0,0.0,0.0,0.0,0.0,0.0,0.0,0.0,0.0,0.0,0.0,0.0,0.0,0.0,0.0,0.0,0.0011186440677966101,0.0,0.0,0.0,0.0,0.0,1.1299435028248587e-05,0.004903954802259887,0.002983050847457627,0.003570621468926554,0.0009717514124293785,0.00023728813559322035,0.002327683615819209,0.0071638418079096045,0.0032429378531073447,0.011932203389830509,0.004926553672316384,0.022779661016949154,0.03750282485875706,0.046937853107344635,0.06989830508474576,0.07687005649717514,0.09984180790960452,0.08745762711864406,0.10359322033898305,0.08606779661016949,0.07405649717514125,0.07651977401129943,0.030135593220338982,0.02214689265536723,0.034542372881355934,0.022033898305084745,0.030632768361581922,0.009265536723163843,0.0032203389830508474,0.00807909604519774,0.012350282485875707,0.0008135593220338983,0.001785310734463277,7.909604519774011e-05,0.0,0.0,0.0,0.0,0.0,0.0,0.0,0.0,0.0,0.0,0.0,0.0,0.0,0.0,0.0,0.0,0.0,0.0,0.0,0.0,0.0,0.0,0.0,0.0,0.0,0.0,0.0,0.0,0.0,0.0,0.0,0.0,0.0,0.0,0.0,0.0,0.0,0.0,0.0,0.0,0.0,0.0,0.0,0.0,nan,nan,4.36270708494889,2.921591640224016,nan,0.9255812539863335,0.023177526822639346,0.0,0.0,0.0,0.0,0.0,0.0,0.0,0.0,0.0,0.0,0.0,0.0,0.0,0.0,0.0,0.0,0.0,0.0,0.0,0.0,0.0,0.0,0.0,0.0,0.0,0.14524647887323947,4.185739436619719,14.28697183098592,10.220070422535214,1.1619718309859157,0.9248004770533628,0.023204573737444955,0.0,0.0,0.0,0.0,0.0,0.0,0.0,0.0,0.0,0.0,0.0,0.0,0.0,0.0,0.0,0.0,0.0,0.0,0.0,0.0,0.0,0.0,0.0,0.0,0.0,0.16720854621458434,4.096609382257316,15.006967022758944,9.600557361820718,1.1286576869484441,0.4084,0.010086,0.0,0.0,0.0,0.0,0.0,0.0,0.0,0.0,0.0,0.0,0.0,6.139964788732385,23.60915492957747,0.25088028169014087,0.0,0.0,0.0,0.0,0.0,0.0,0.0,0.0,0.0,0.0,0.0,0.0,0.0,0.0,0.0,0.0,0.4087,0.009926,0.0,0.0,0.0,0.0,0.0,0.0,0.0,0.0,0.0,0.0,0.0,5.90803529958197,23.96655829075709,0.12540640966093825,0.0,0.0,0.0,0.0,0.0,0.0,0.0,0.0,0.0,0.0,0.0,0.0,0.0,0.0,0.0,0.0
40400,4443,2304,0.5185685347738015,1053,928,0.445869907720009,1249,0.5622327256358316,0.414,2.9481065918653577,3.097997349756937,6.63013698630137,2.131832122943276,8302.105598482469,432.74419146546813,7853.0,8740.99506636858,8719.048686656948,5.565075149727278,7853.0,0.0,28.02093180283592,21.045897205477136,32.95877944325482,19.311764091952284,0.14022057168579788,0.10195813639432816,0.09318028359216746,0.08642808912896692,0.07900067521944631,0.07157326130992572,0.06774701778077875,0.06437092054917848,0.05806887238352464,0.055142921449471076,0.04028809363042989,0.041638532523069996,0.03826243529146973,0.025883412108935404,0.017780778753094757,0.010803511141120865,0.0076524870582939455,0.9260261602131279,0.023304283489231425,0.0,0.0,0.0,0.0,0.0,0.0,0.0,0.0,0.0,0.0,0.0,0.0,0.0,0.0,0.0,0.0,0.0,0.0,0.0,0.0,0.0,0.0,0.0,0.0,0.0,0.18230925050641464,3.7069547602970974,14.888588791357193,9.878460499662392,1.3436866981769078,4.247112355617781,2.868701798623781,nan,nan,nan,4.267556179775281,2.8957860093612533,4.229050279329609,2.8410979647869734,0.9909770606821399,0.4084,0.009735,0.0,0.0,0.0,0.0,0.0,0.0,0.0,0.0,0.0,0.0,0.0,5.705604321404448,24.105334233625936,0.1890614449696152,0.0,0.0,0.0,0.0,0.0,0.0,0.0,0.0,0.0,0.0,0.0,0.0,0.0,0.0,0.0,0.0,nan,nan,4.247112355617781,2.868701798623781,nan,0.4084,0.0477,0.0,0.0,0.0,0.0,0.0,0.0,0.0,0.0,0.0,0.0,0.0,0.0,0.0,0.0,0.0,0.0,0.0,0.0007765023632680621,0.0,2.2507314877335133e-05,0.0,0.0,0.0,0.0,0.004962862930452397,0.004366419086203016,0.00342111186135494,0.0011253657438667567,0.00019131217645734864,0.0019131217645734864,0.007663740715732613,0.003612424037812289,0.012153950033760972,0.005064145847400405,0.020571685797884313,0.03397479180733738,0.04943731712806662,0.06865856403331083,0.07848300697726761,0.09695025883412109,0.08857753769975242,0.10543551654287643,0.08537024532973217,0.07523069997749268,0.07830294845824894,0.030767499437317127,0.021426963763223048,0.03733963538149899,0.020447895566058968,0.02927076299797434,0.009543101507990096,0.002858428989421562,0.007404906594643259,0.011883862255232951,0.0009002925950934053,0.0018343461625028134,2.2507314877335133e-05,0.0,3.37609723160027e-05,0.0,0.0,0.0,0.0,0.0,0.0,0.0,0.0,0.0,0.0,0.0,0.0,0.0,0.0,0.0,0.0,0.0,0.0,0.0,0.0,0.0,0.0,0.0,0.0,0.0,0.0,0.0,0.0,0.0,0.0,0.0,0.0,0.0,0.0,0.0,0.0,0.0,0.0,0.0,0.0,0.0,0.0,nan,nan,4.247112355617781,2.868701798623781,nan,0.9261273784925126,0.023109646872477983,0.0,0.0,0.0,0.0,0.0,0.0,0.0,0.0,0.0,0.0,0.0,0.0,0.0,0.0,0.0,0.0,0.0,0.0,0.0,0.0,0.0,0.0,0.0,0.0,0.0,0.19531250000000006,3.476562500000001,15.234375000000004,9.726562500000002,1.3671875000000004,0.9259171340720795,0.02351164430687252,0.0,0.0,0.0,0.0,0.0,0.0,0.0,0.0,0.0,0.0,0.0,0.0,0.0,0.0,0.0,0.0,0.0,0.0,0.0,0.0,0.0,0.0,0.0,0.0,0.0,0.1683029453015428,3.955119214586256,14.516129032258068,10.042075736325387,1.318373071528752,0.4087,0.00978,0.0,0.0,0.0,0.0,0.0,0.0,0.0,0.0,0.0,0.0,0.0,5.690104166666659,24.08854166666667,0.2213541666666667,0.0,0.0,0.0,0.0,0.0,0.0,0.0,0.0,0.0,0.0,0.0,0.0,0.0,0.0,0.0,0.0,0.4082,0.00969,0.0,0.0,0.0,0.0,0.0,0.0,0.0,0.0,0.0,0.0,0.0,5.722300140252446,24.123422159887806,0.15427769985974757,0.0,0.0,0.0,0.0,0.0,0.0,0.0,0.0,0.0,0.0,0.0,0.0,0.0,0.0,0.0,0.0
40500,4483,2386,0.5322328797680125,1166,875,0.4552754851661834,1223,0.5456167744813741,0.418,2.989031950405341,3.099582919537385,6.5072,2.1219679922185444,8313.960757866413,432.1617647706572,7853.0,8735.847307348251,8719.088465010525,5.451269342714676,7853.0,0.0,28.09324113316975,20.66697921113919,32.92706131078224,18.857649880549342,0.13718492081195627,0.09123354896274816,0.09480258755297792,0.08833370510818649,0.08364934195850993,0.07829578407316529,0.07115770689270577,0.059112201650680346,0.060450591122016506,0.05532009814856123,0.04639750167298684,0.04037474905197413,0.035244256078518846,0.026544724514833817,0.015168414008476466,0.012268570153914788,0.004461298237787196,0.9255494590771403,0.023015755776022762,0.0,0.0,0.0,0.0,0.0,0.0,0.0,0.0,0.0,0.0,0.0,0.0,0.0,0.0,0.0,0.0,0.0,0.0,0.0,0.0,0.0,0.0,0.0,0.0,0.006691947356680795,0.15391478920365828,3.7140307829578414,15.043497657818428,9.984385456167747,1.0974793664956504,4.125597269624573,2.9376792054713454,nan,nan,nan,4.124569855471439,2.914289834878998,4.126693766937669,2.9615087464454333,1.0005149413249512,0.409,0.0099,0.0,0.0,0.0,0.0,0.0,0.0,0.0,0.0,0.0,0.0,0.0,5.440553200981477,24.365380325674778,0.19406647334374308,0.0,0.0,0.0,0.0,0.0,0.0,0.0,0.0,0.0,0.0,0.0,0.0,0.0,0.0,0.0,0.0,nan,nan,4.125597269624573,2.9376792054713454,nan,0.409,0.04782,0.0,0.0,0.0,0.0,0.0,0.0,0.0,0.0,0.0,0.0,0.0,0.0,0.0,0.0,0.0,0.0,0.0,0.0006468882444791434,0.0,3.3459736783403974e-05,0.0,0.0,0.0,4.461298237787196e-05,0.003468659379879545,0.004528217711354004,0.003970555431630604,0.001093018068257863,7.807271916127593e-05,0.002130269908543386,0.008074949810394826,0.003468659379879545,0.01093018068257863,0.005431630604505911,0.02269685478474236,0.032277492750390366,0.05076957394601829,0.06666294891813518,0.07903189828240018,0.09761320544278385,0.08570153914789204,0.10527548516618336,0.08654918581307161,0.07584207004238233,0.07840731652910997,0.029935311175552086,0.01890475128262324,0.037776042828463086,0.02092348873522195,0.03057104617443676,0.010450591122016507,0.0032009814856123133,0.0072719161275931294,0.013082757082310952,0.0010372518402855231,0.002085656926165514,3.3459736783403974e-05,0.0,0.0,0.0,0.0,0.0,0.0,0.0,0.0,0.0,0.0,0.0,0.0,0.0,0.0,0.0,0.0,0.0,0.0,0.0,0.0,0.0,0.0,0.0,0.0,0.0,0.0,0.0,0.0,0.0,0.0,0.0,0.0,0.0,0.0,0.0,0.0,0.0,0.0,0.0,0.0,0.0,0.0,0.0,0.0,nan,nan,4.125597269624573,2.9376792054713454,nan,0.9257416992205486,0.02273222913676711,0.0,0.0,0.0,0.0,0.0,0.0,0.0,0.0,0.0,0.0,0.0,0.0,0.0,0.0,0.0,0.0,0.0,0.0,0.0,0.0,0.0,0.0,0.0,0.0,0.0,0.1131601005867561,3.6462699077954746,15.012573344509642,10.071248952221293,1.15674769488684,0.9253307251800624,0.02333224102897243,0.0,0.0,0.0,0.0,0.0,0.0,0.0,0.0,0.0,0.0,0.0,0.0,0.0,0.0,0.0,0.0,0.0,0.0,0.0,0.0,0.0,0.0,0.0,0.0,0.014306151645207443,0.2002861230329042,3.791130185979972,15.078683834048645,9.885550786838342,1.0300429184549358,0.4092,0.009834,0.0,0.0,0.0,0.0,0.0,0.0,0.0,0.0,0.0,0.0,0.0,5.167644593461853,24.66890192791283,0.16345347862531437,0.0,0.0,0.0,0.0,0.0,0.0,0.0,0.0,0.0,0.0,0.0,0.0,0.0,0.0,0.0,0.0,0.4087,0.00998,0.0,0.0,0.0,0.0,0.0,0.0,0.0,0.0,0.0,0.0,0.0,5.7510729613733815,24.020028612303296,0.22889842632331908,0.0,0.0,0.0,0.0,0.0,0.0,0.0,0.0,0.0,0.0,0.0,0.0,0.0,0.0,0.0,0.0
40600,4424,2324,0.5253164556962026,1096,875,0.4455244122965642,1190,0.5379746835443038,0.418,2.953809523809524,3.1224623619531524,6.5641891891891895,2.197803268595871,8307.77861726557,432.32572297209805,7853.0,8738.498038196563,8718.723150939277,5.645707962606495,7853.0,0.0,27.66003616636528,20.716956600240994,32.512627619559375,19.004863107534643,0.1417269439421338,0.09674502712477397,0.097875226039783,0.08612115732368897,0.08566907775768536,0.07662748643761302,0.06419529837251356,0.06374321880650995,0.05877034358047016,0.05085895117540687,0.0463381555153707,0.039783001808318265,0.03413200723327306,0.025768535262206148,0.015144665461121157,0.010171790235081375,0.006329113924050633,0.9241270254657454,0.023542219521551364,0.0,0.0,0.0,0.0,0.0,0.0,0.0,0.0,0.0,0.0,0.0,0.0,0.0,0.0,0.0,0.0,0.0,0.0,0.0,0.0,0.0,0.0,0.0,0.0,0.0,0.22377938517179027,4.312839059674504,15.155967450271252,9.242766726943945,1.0646473779385175,4.197391610856538,2.9326514244162896,nan,nan,nan,4.2289752650176675,2.954999598109935,4.165963431786216,2.909902660768327,0.9850999759320682,0.4092,0.01003,0.0,0.0,0.0,0.0,0.0,0.0,0.0,0.0,0.0,0.0,0.0,5.228300180831819,24.459764918625684,0.3119349005424955,0.0,0.0,0.0,0.0,0.0,0.0,0.0,0.0,0.0,0.0,0.0,0.0,0.0,0.0,0.0,0.0,nan,nan,4.197391610856538,2.9326514244162896,nan,0.4092,0.0478,0.0,0.0,0.0,0.0,0.0,0.0,0.0,0.0,0.0,0.0,0.0,0.0,0.0,0.0,0.0,0.0,0.0,0.00039556962025316455,0.0,0.0,0.0,0.0,2.2603978300180832e-05,3.390596745027125e-05,0.0035149186256781192,0.004272151898734177,0.004272151898734177,0.0012093128390596745,0.00024864376130198917,0.0021812839059674504,0.007255877034358047,0.003944394213381555,0.01222875226039783,0.00406871609403255,0.021858047016274865,0.03158905967450271,0.04949141048824593,0.0662748643761302,0.07954339963833634,0.09944620253164557,0.0844371609403255,0.10788878842676311,0.08568037974683544,0.07619801084990958,0.07678571428571429,0.030040687160940327,0.018591772151898733,0.03693490054249548,0.02090867992766727,0.032538426763110306,0.011358499095840868,0.0029159132007233273,0.007696654611211573,0.01252260397830018,0.0013223327305605787,0.002283001808318264,2.2603978300180832e-05,2.2603978300180832e-05,0.0,0.0,0.0,0.0,0.0,0.0,0.0,0.0,0.0,0.0,0.0,0.0,0.0,0.0,0.0,0.0,0.0,0.0,0.0,0.0,0.0,0.0,0.0,0.0,0.0,0.0,0.0,0.0,0.0,0.0,0.0,0.0,0.0,0.0,0.0,0.0,0.0,0.0,0.0,0.0,0.0,0.0,0.0,nan,nan,4.197391610856538,2.9326514244162896,nan,0.9241687292794147,0.02341540758375325,0.0,0.0,0.0,0.0,0.0,0.0,0.0,0.0,0.0,0.0,0.0,0.0,0.0,0.0,0.0,0.0,0.0,0.0,0.0,0.0,0.0,0.0,0.0,0.0,0.0,0.27108433734939763,4.2211703958691915,15.322719449225476,9.152323580034425,1.032702237521515,0.9240808732452847,0.023681680900874198,0.0,0.0,0.0,0.0,0.0,0.0,0.0,0.0,0.0,0.0,0.0,0.0,0.0,0.0,0.0,0.0,0.0,0.0,0.0,0.0,0.0,0.0,0.0,0.0,0.0,0.17142857142857146,4.4142857142857155,14.971428571428575,9.342857142857145,1.1000000000000003,0.4092,0.01008,0.0,0.0,0.0,0.0,0.0,0.0,0.0,0.0,0.0,0.0,0.0,5.4475043029259815,24.24268502581756,0.30981067125645445,0.0,0.0,0.0,0.0,0.0,0.0,0.0,0.0,0.0,0.0,0.0,0.0,0.0,0.0,0.0,0.0,0.4094,0.00997,0.0,0.0,0.0,0.0,0.0,0.0,0.0,0.0,0.0,0.0,0.0,4.985714285714279,24.700000000000006,0.31428571428571433,0.0,0.0,0.0,0.0,0.0,0.0,0.0,0.0,0.0,0.0,0.0,0.0,0.0,0.0,0.0,0.0
40700,4633,2379,0.5134901791495791,1146,942,0.4506799050291388,1288,0.5560112238290524,0.41,2.862910381543922,3.0472935399008874,6.5073891625615765,2.089231420645466,8297.573243419425,432.75437761892243,7853.0,8739.468020641803,8718.787236974438,5.561090948094646,7853.0,0.0,27.717030002158427,20.802412040806285,32.65834834062259,19.06734767911955,0.1415929203539823,0.10230951867040794,0.08741636088927261,0.08806388948845241,0.08137276063026117,0.08353118929419383,0.07036477444420462,0.06000431685732786,0.055039930930282754,0.050075545003237645,0.04726958774012519,0.043816101877832934,0.027412044031944745,0.027843729764731276,0.01554068638031513,0.011439671918843082,0.006906971724584502,0.9242137448077014,0.0230092934655129,0.0,0.0,0.0,0.0,0.0,0.0,0.0,0.0,0.0,0.0,0.0,0.0,0.0,0.0,0.0,0.0,0.0,0.0,0.0,0.0,0.0,0.0,0.0,0.0,0.0,0.25253615368012094,4.163608892726097,15.275199654651416,9.32441182818908,0.9842434707532918,4.231543624161074,2.8248795721393543,nan,nan,nan,4.25017135023989,2.851798304402703,4.213675213675214,2.7986983397313403,0.9914130199568032,0.4092,0.00995,0.0,0.0,0.0,0.0,0.0,0.0,0.0,0.0,0.0,0.0,0.0,5.270882797323541,24.45715519102094,0.2719620116555148,0.0,0.0,0.0,0.0,0.0,0.0,0.0,0.0,0.0,0.0,0.0,0.0,0.0,0.0,0.0,0.0,nan,nan,4.231543624161074,2.8248795721393543,nan,0.4092,0.04813,0.0,0.0,0.0,0.0,0.0,0.0,0.0,0.0,0.0,0.0,0.0,0.0,0.0,0.0,0.0,0.0,0.0,0.0003561407295488884,0.0,0.0,0.0,0.0,5.3960716598316424e-05,3.2376429958989856e-05,0.003485862292251241,0.003949924454996762,0.004726958774012519,0.0012410964817612777,5.3960716598316424e-05,0.002503777250161882,0.008126483919706454,0.004327649471184978,0.0125512626807684,0.004133390891431038,0.019231599395639974,0.0298942369954673,0.05059356788258148,0.07012734729117202,0.08443772933304554,0.0952406647960285,0.08210662637599828,0.111698683358515,0.08421109432333261,0.07186488236563782,0.07635441398661774,0.029127994819771207,0.017979710770559033,0.036078135117634365,0.02256637168141593,0.03377940859054608,0.012594431254047054,0.002805957263112454,0.007867472480034535,0.011504424778761062,0.0013598100582775739,0.002838333693071444,7.554500323764299e-05,0.00011871357651629614,0.0,0.0,0.0,0.0,0.0,0.0,0.0,0.0,0.0,0.0,0.0,0.0,0.0,0.0,0.0,0.0,0.0,0.0,0.0,0.0,0.0,0.0,0.0,0.0,0.0,0.0,0.0,0.0,0.0,0.0,0.0,0.0,0.0,0.0,0.0,0.0,0.0,0.0,0.0,0.0,0.0,0.0,0.0,nan,nan,4.231543624161074,2.8248795721393543,nan,0.9243225291427718,0.02304759334811565,0.0,0.0,0.0,0.0,0.0,0.0,0.0,0.0,0.0,0.0,0.0,0.0,0.0,0.0,0.0,0.0,0.0,0.0,0.0,0.0,0.0,0.0,0.0,0.0,0.0,0.23959646910466587,4.224464060529635,15.271122320302652,9.21815889029004,1.046658259773014,0.9240989276235254,0.02296824143285233,0.0,0.0,0.0,0.0,0.0,0.0,0.0,0.0,0.0,0.0,0.0,0.0,0.0,0.0,0.0,0.0,0.0,0.0,0.0,0.0,0.0,0.0,0.0,0.0,0.0,0.2661934338952973,4.099378881987579,15.279503105590065,9.436557231588289,0.9183673469387758,0.4092,0.00993,0.0,0.0,0.0,0.0,0.0,0.0,0.0,0.0,0.0,0.0,0.0,5.283732660781833,24.489281210592694,0.22698612862547293,0.0,0.0,0.0,0.0,0.0,0.0,0.0,0.0,0.0,0.0,0.0,0.0,0.0,0.0,0.0,0.0,0.4092,0.00997,0.0,0.0,0.0,0.0,0.0,0.0,0.0,0.0,0.0,0.0,0.0,5.257320319432114,24.42324755989353,0.3194321206743567,0.0,0.0,0.0,0.0,0.0,0.0,0.0,0.0,0.0,0.0,0.0,0.0,0.0,0.0,0.0,0.0
40800,4896,2487,0.5079656862745098,1193,1010,0.4499591503267974,1427,0.5829248366013072,0.37399999999999994,2.9315068493150687,3.0188076999849067,6.2998585572843,2.169099561536578,8292.764554678739,432.83195980575476,7853.0,8739.918038630485,8718.736734904345,5.619210987628511,7853.0,0.0,28.359272875816995,20.819529932144803,33.09426229508197,19.086339782873146,0.13316993464052287,0.09987745098039216,0.08966503267973856,0.08700980392156862,0.07863562091503268,0.07924836601307189,0.06985294117647059,0.061274509803921566,0.061070261437908495,0.05392156862745098,0.04963235294117647,0.040236928104575166,0.03431372549019608,0.028186274509803922,0.016748366013071895,0.010008169934640522,0.007148692810457516,0.9241249473047217,0.02324646725299603,0.0,0.0,0.0,0.0,0.0,0.0,0.0,0.0,0.0,0.0,0.0,0.0,0.0,0.0,0.0,0.0,0.0,0.0,0.0,0.0,0.0,0.0,0.0,0.0,0.0,0.20220588235294124,4.197303921568628,15.220588235294121,9.313725490196079,1.0661764705882355,4.214996888612321,2.836799095287161,nan,nan,nan,4.168103448275862,2.8117351459855486,4.262893081761006,2.8613792130976115,1.0227416700812342,0.4097,0.010086,0.0,0.0,0.0,0.0,0.0,0.0,0.0,0.0,0.0,0.0,0.0,5.147058823529404,24.509803921568633,0.3431372549019609,0.0,0.0,0.0,0.0,0.0,0.0,0.0,0.0,0.0,0.0,0.0,0.0,0.0,0.0,0.0,0.0,nan,nan,4.214996888612321,2.836799095287161,nan,0.4097,0.04858,0.0,0.0,0.0,0.0,0.0,0.0,0.0,0.0,0.0,0.0,0.0,0.0,0.0,0.0,0.0,0.0,0.0,0.00041870915032679736,1.0212418300653594e-05,0.0,0.0,0.0,5.1062091503267975e-05,0.00010212418300653595,0.002747140522875817,0.004483251633986928,0.003696895424836601,0.001889297385620915,0.00014297385620915033,0.002716503267973856,0.008997140522875816,0.004258578431372549,0.013705065359477124,0.003737745098039216,0.01787173202614379,0.0305453431372549,0.051184640522875816,0.06965890522875817,0.08162785947712418,0.09608864379084968,0.08248570261437908,0.10705678104575163,0.08202614379084967,0.07415236928104575,0.07478553921568627,0.031464460784313725,0.019321895424836602,0.03623366013071896,0.023161764705882354,0.03398692810457516,0.012203839869281046,0.0026858660130718954,0.00959967320261438,0.011785130718954248,0.001715686274509804,0.0031658496732026144,0.0002042483660130719,3.0637254901960784e-05,0.0,0.0,0.0,0.0,0.0,0.0,0.0,0.0,0.0,0.0,0.0,0.0,0.0,0.0,0.0,0.0,0.0,0.0,0.0,0.0,0.0,0.0,0.0,0.0,0.0,0.0,0.0,0.0,0.0,0.0,0.0,0.0,0.0,0.0,0.0,0.0,0.0,0.0,0.0,0.0,0.0,0.0,0.0,nan,nan,4.214996888612321,2.836799095287161,nan,0.9235716407012403,0.023111048692285616,0.0,0.0,0.0,0.0,0.0,0.0,0.0,0.0,0.0,0.0,0.0,0.0,0.0,0.0,0.0,0.0,0.0,0.0,0.0,0.0,0.0,0.0,0.0,0.0,0.0,0.15681544028950548,4.4270205066345,15.29553679131484,9.047044632086854,1.0735826296743065,0.9246961691905078,0.023371709704858818,0.0,0.0,0.0,0.0,0.0,0.0,0.0,0.0,0.0,0.0,0.0,0.0,0.0,0.0,0.0,0.0,0.0,0.0,0.0,0.0,0.0,0.0,0.0,0.0,0.0,0.24906600249066008,3.960149439601495,15.143212951432133,9.589041095890412,1.0585305105853053,0.4097,0.0102,0.0,0.0,0.0,0.0,0.0,0.0,0.0,0.0,0.0,0.0,0.0,5.078407720144745,24.4993968636912,0.42219541616405315,0.0,0.0,0.0,0.0,0.0,0.0,0.0,0.0,0.0,0.0,0.0,0.0,0.0,0.0,0.0,0.0,0.4094,0.00997,0.0,0.0,0.0,0.0,0.0,0.0,0.0,0.0,0.0,0.0,0.0,5.21793275217932,24.520547945205486,0.26151930261519307,0.0,0.0,0.0,0.0,0.0,0.0,0.0,0.0,0.0,0.0,0.0,0.0,0.0,0.0,0.0,0.0
40900,4603,2343,0.5090158592222463,1066,992,0.4470997175754942,1322,0.5744079947860091,0.40599999999999997,2.8778761061946905,3.060763237375572,6.464344941956882,2.228260897490171,8293.49112061904,432.6370877246368,7853.0,8738.076695883274,8718.377988992512,5.598974005683592,7853.0,0.0,27.586356723875735,20.869354656128067,32.6448087431694,19.133507711320707,0.14577449489463393,0.09624158157723224,0.10036932435368238,0.08603084944601347,0.080165109711058,0.07538561807516837,0.0645231370845101,0.06495763632413644,0.06039539430805996,0.04801216597870954,0.04475342168151206,0.03932218118618292,0.03280469259178796,0.02606995437757984,0.018248968064305888,0.011731479469910927,0.005213990875515968,0.9225789072486128,0.02303396446148495,0.0,0.0,0.0,0.0,0.0,0.0,0.0,0.0,0.0,0.0,0.0,0.0,0.0,0.0,0.0,0.0,0.0,0.0,0.0,0.0,0.0,0.0,0.0,0.0,0.0,0.2215946122094287,4.7186617423419515,15.413860525744083,8.844232022593962,0.8016510971105802,4.2393743624617475,2.8413496350618446,nan,nan,nan,4.315040650406504,2.857323839555608,4.165300546448087,2.822866870521567,0.9652981012022885,0.409,0.0101,0.0,0.0,0.0,0.0,0.0,0.0,0.0,0.0,0.0,0.0,0.0,5.585487725396472,24.25157505974365,0.16293721485987403,0.0,0.0,0.0,0.0,0.0,0.0,0.0,0.0,0.0,0.0,0.0,0.0,0.0,0.0,0.0,0.0,nan,nan,4.2393743624617475,2.8413496350618446,nan,0.409,0.0487,0.0,0.0,0.0,0.0,0.0,0.0,0.0,0.0,0.0,0.0,0.0,0.0,0.0,0.0,0.0,5.431240495329133e-05,0.0,0.0005105366065609385,1.0862480990658266e-05,0.0,0.0,0.0,0.0,0.00022811210080382358,0.0030523571583749728,0.0052031283945253096,0.004301542472300674,0.002237671084075603,0.00021724961981316532,0.00269389528568325,0.009374321094938083,0.004714316749945688,0.012980664783836629,0.003725830979795785,0.01809689333043667,0.028970236802085596,0.05131436019986965,0.06757549424288507,0.08500977623289159,0.09502498370627852,0.08571583749728438,0.10691940039104932,0.0810015207473387,0.0725396480556159,0.077590701716272,0.031055833152291983,0.01872691722789485,0.03695416033021942,0.022887247447316968,0.03187051922659136,0.011611992179013687,0.002520095589832718,0.009863132739517706,0.011231805344340647,0.000651748859439496,0.0032044318922441885,0.00024983706278514014,8.689984792526613e-05,2.1724961981316532e-05,0.0,0.0,0.0,0.0,0.0,0.0,0.0,0.0,0.0,0.0,0.0,0.0,0.0,0.0,0.0,0.0,0.0,0.0,0.0,0.0,0.0,0.0,0.0,0.0,0.0,0.0,0.0,0.0,0.0,0.0,0.0,0.0,0.0,0.0,0.0,0.0,0.0,0.0,0.0,0.0,0.0,0.0,nan,nan,4.2393743624617475,2.8413496350618446,nan,0.9227932337202478,0.02299149402270185,0.0,0.0,0.0,0.0,0.0,0.0,0.0,0.0,0.0,0.0,0.0,0.0,0.0,0.0,0.0,0.0,0.0,0.0,0.0,0.0,0.0,0.0,0.0,0.0,0.0,0.25608194622279135,4.622279129321384,15.134443021766968,9.321382842509605,0.6658130601792576,0.9223567094950549,0.02307581058097806,0.0,0.0,0.0,0.0,0.0,0.0,0.0,0.0,0.0,0.0,0.0,0.0,0.0,0.0,0.0,0.0,0.0,0.0,0.0,0.0,0.0,0.0,0.0,0.0,0.0,0.1858407079646018,4.818584070796461,15.703539823008853,8.349557522123895,0.9424778761061949,0.409,0.01005,0.0,0.0,0.0,0.0,0.0,0.0,0.0,0.0,0.0,0.0,0.0,5.633802816901401,24.225352112676063,0.14084507042253525,0.0,0.0,0.0,0.0,0.0,0.0,0.0,0.0,0.0,0.0,0.0,0.0,0.0,0.0,0.0,0.0,0.409,0.01016,0.0,0.0,0.0,0.0,0.0,0.0,0.0,0.0,0.0,0.0,0.0,5.535398230088488,24.27876106194691,0.1858407079646018,0.0,0.0,0.0,0.0,0.0,0.0,0.0,0.0,0.0,0.0,0.0,0.0,0.0,0.0,0.0,0.0
41000,4664,2411,0.5169382504288165,1154,933,0.44746998284734135,1331,0.5707547169811321,0.40199999999999997,2.9986684420772303,3.0597682889308535,6.560975609756097,2.053239920256964,8300.439991055384,432.5493117473338,7853.0,8738.024440670013,8718.557908868648,5.60319494832201,7853.0,0.0,28.513293310463123,20.90123786730506,33.09726061824579,19.195528088668198,0.12993138936535162,0.09669811320754718,0.09476843910806175,0.08704974271012007,0.07740137221269297,0.07632933104631218,0.07096912521440824,0.0671097770154374,0.055960548885077184,0.055531732418524875,0.053387650085763294,0.03773584905660377,0.0355917667238422,0.024656946826758147,0.018653516295025728,0.008576329331046312,0.009648370497427101,0.9227838347798555,0.023084605004057526,0.0,0.0,0.0,0.0,0.0,0.0,0.0,0.0,0.0,0.0,0.0,0.0,0.0,0.0,0.0,0.0,0.0,0.0,0.0,0.0,0.0,0.0,0.0,0.0,0.006432246998284735,0.26372212692967417,4.60548885077187,15.347341337907379,8.908662092624358,0.8683533447684393,4.333114538890712,2.8446766677345554,nan,nan,nan,4.42422236929186,2.8880586044095864,4.243489583333333,2.798452755150274,0.9591492536150585,0.4094,0.01028,0.0,0.0,0.0,0.0,0.0,0.0,0.0,0.0,0.0,0.0,0.0,5.422384219554023,24.294596912521445,0.28301886792452835,0.0,0.0,0.0,0.0,0.0,0.0,0.0,0.0,0.0,0.0,0.0,0.0,0.0,0.0,0.0,0.0,nan,nan,4.333114538890712,2.8446766677345554,nan,0.4094,0.04916,0.0,0.0,0.0,0.0,0.0,0.0,0.0,0.0,0.0,0.0,0.0,0.0,0.0,0.0,0.0,5.360205831903945e-05,0.0,0.0005038593481989708,0.0,0.0,0.0,0.0,0.0,0.0002036878216123499,0.0028087478559176674,0.005360205831903945,0.004781303602058319,0.002154802744425386,0.0001072041166380789,0.0026693825042881647,0.009723413379073757,0.0048241852487135506,0.01311106346483705,0.003848627787307033,0.017238421955403087,0.029384648370497427,0.050686106346483704,0.0680638936535163,0.08277229845626072,0.09410377358490567,0.08525943396226415,0.10618567753001715,0.08188250428816467,0.07060463121783876,0.07903087478559177,0.029288164665523156,0.019843481989708405,0.03669596912521441,0.024056603773584907,0.0320647512864494,0.012768010291595197,0.003248284734133791,0.011149228130360206,0.010945540308747856,0.0004288164665523156,0.0038593481989708405,0.00013936535162950258,0.00015008576329331047,0.0,0.0,0.0,0.0,0.0,0.0,0.0,0.0,0.0,0.0,0.0,0.0,0.0,0.0,0.0,0.0,0.0,0.0,0.0,0.0,0.0,0.0,0.0,0.0,0.0,0.0,0.0,0.0,0.0,0.0,0.0,0.0,0.0,0.0,0.0,0.0,0.0,0.0,0.0,0.0,0.0,0.0,0.0,nan,nan,4.333114538890712,2.8446766677345554,nan,0.922960768913837,0.023184644968904697,0.0,0.0,0.0,0.0,0.0,0.0,0.0,0.0,0.0,0.0,0.0,0.0,0.0,0.0,0.0,0.0,0.0,0.0,0.0,0.0,0.0,0.0,0.0,0.0,0.012442969722107013,0.23641642472003324,4.554126918291166,15.416839485690588,8.772293654085443,1.007880547490668,0.9225944924820173,0.022975557717676957,0.0,0.0,0.0,0.0,0.0,0.0,0.0,0.0,0.0,0.0,0.0,0.0,0.0,0.0,0.0,0.0,0.0,0.0,0.0,0.0,0.0,0.0,0.0,0.0,0.0,0.29294274300932094,4.660452729693742,15.27296937416778,9.054593874833557,0.719041278295606,0.4097,0.01024,0.0,0.0,0.0,0.0,0.0,0.0,0.0,0.0,0.0,0.0,0.0,5.375362919950221,24.32600580671921,0.29863127333056827,0.0,0.0,0.0,0.0,0.0,0.0,0.0,0.0,0.0,0.0,0.0,0.0,0.0,0.0,0.0,0.0,0.4092,0.010315,0.0,0.0,0.0,0.0,0.0,0.0,0.0,0.0,0.0,0.0,0.0,5.472703062583214,24.260985352862857,0.26631158455392817,0.0,0.0,0.0,0.0,0.0,0.0,0.0,0.0,0.0,0.0,0.0,0.0,0.0,0.0,0.0,0.0
41100,4572,2446,0.5349956255468067,1170,895,0.4516622922134733,1263,0.55249343832021,0.40199999999999997,3.014111006585136,3.0537345602923045,6.354531001589825,2.2020151150716303,8316.11146585183,431.7764703761149,7853.0,8735.850753182172,8718.635986048472,5.670042858670113,7853.0,0.0,28.515529308836395,20.837327162690794,33.331264546159815,19.03532470933593,0.13145231846019248,0.09776902887139108,0.09361329833770779,0.08223972003499562,0.07939632545931759,0.07349081364829396,0.07414698162729659,0.06692913385826772,0.05796150481189851,0.05489938757655293,0.048993875765529306,0.04177602799650044,0.03652668416447944,0.027340332458442695,0.017935258092738406,0.010279965004374452,0.005249343832020997,0.9234991279069729,0.023412766346927034,0.0,0.0,0.0,0.0,0.0,0.0,0.0,0.0,0.0,0.0,0.0,0.0,0.0,0.0,0.0,0.0,0.0,0.0,0.0,0.0,0.0,0.0,0.0,0.0,0.006561679790026248,0.19028871391076121,4.625984251968505,14.973753280839897,9.291338582677167,0.9120734908136485,4.176529255319149,2.9327152614932106,nan,nan,nan,4.153846153846154,2.915510939782569,4.199333333333334,2.949734375988606,1.0109506172839506,0.4094,0.01023,0.0,0.0,0.0,0.0,0.0,0.0,0.0,0.0,0.0,0.0,0.0,5.374015748031488,24.284776902887145,0.3412073490813649,0.0,0.0,0.0,0.0,0.0,0.0,0.0,0.0,0.0,0.0,0.0,0.0,0.0,0.0,0.0,0.0,nan,nan,4.176529255319149,2.9327152614932106,nan,0.4094,0.04913,0.0,0.0,0.0,0.0,0.0,0.0,0.0,0.0,0.0,0.0,0.0,0.0,0.0,0.0,0.0,5.468066491688539e-05,0.0,0.00044838145231846017,0.0,0.0,0.0,3.280839895013123e-05,0.0,0.00010936132983377078,0.0024934383202099737,0.004888451443569554,0.004811898512685914,0.002230971128608924,0.00013123359580052493,0.0017935258092738407,0.011406386701662292,0.0049868766404199474,0.014304461942257218,0.004232283464566929,0.016754155730533682,0.030183727034120734,0.049562554680664915,0.06551837270341207,0.0857830271216098,0.09445538057742782,0.08319116360454944,0.10809273840769903,0.07940726159230097,0.06978346456692913,0.0798665791776028,0.03061023622047244,0.018022747156605425,0.03675634295713036,0.02305336832895888,0.034416010498687664,0.011865704286964129,0.00355424321959755,0.011614173228346457,0.011176727909011374,0.000842082239720035,0.00336832895888014,5.468066491688539e-05,0.000142169728783902,0.0,0.0,0.0,0.0,0.0,0.0,0.0,0.0,0.0,0.0,0.0,0.0,0.0,0.0,0.0,0.0,0.0,0.0,0.0,0.0,0.0,0.0,0.0,0.0,0.0,0.0,0.0,0.0,0.0,0.0,0.0,0.0,0.0,0.0,0.0,0.0,0.0,0.0,0.0,0.0,0.0,0.0,0.0,nan,nan,4.176529255319149,2.9327152614932106,nan,0.9233591654265599,0.023463268768205224,0.0,0.0,0.0,0.0,0.0,0.0,0.0,0.0,0.0,0.0,0.0,0.0,0.0,0.0,0.0,0.0,0.0,0.0,0.0,0.0,0.0,0.0,0.0,0.0,0.012264922322158629,0.1717089125102208,4.771054783319706,14.730171708912513,9.48078495502862,0.8340147179067868,0.9236601571765354,0.023353489640584528,0.0,0.0,0.0,0.0,0.0,0.0,0.0,0.0,0.0,0.0,0.0,0.0,0.0,0.0,0.0,0.0,0.0,0.0,0.0,0.0,0.0,0.0,0.0,0.0,0.0,0.21166509877704615,4.459078080903105,15.25399811853246,9.073377234242711,1.001881467544685,0.4094,0.010216,0.0,0.0,0.0,0.0,0.0,0.0,0.0,0.0,0.0,0.0,0.0,5.261651676206044,24.43172526573999,0.3066230580539657,0.0,0.0,0.0,0.0,0.0,0.0,0.0,0.0,0.0,0.0,0.0,0.0,0.0,0.0,0.0,0.0,0.4092,0.01025,0.0,0.0,0.0,0.0,0.0,0.0,0.0,0.0,0.0,0.0,0.0,5.503292568203191,24.115710253998124,0.3809971777986831,0.0,0.0,0.0,0.0,0.0,0.0,0.0,0.0,0.0,0.0,0.0,0.0,0.0,0.0,0.0,0.0
41200,4336,2268,0.5230627306273062,1008,877,0.43473247232472323,1220,0.5627306273062731,0.426,3.0831721470019344,3.1529126252704467,6.705192629815746,2.1672582246873566,8305.938269820048,432.5250393602072,7853.0,8735.3958370924,8718.934893271482,5.519251034377038,7853.0,0.0,27.881457564575644,21.170210901401592,32.94458229942101,19.4528964649833,0.1441420664206642,0.10009225092250923,0.09386531365313654,0.08394833948339483,0.08279520295202952,0.07518450184501844,0.0705719557195572,0.06157749077490775,0.05488929889298893,0.05119926199261993,0.04151291512915129,0.037130996309963096,0.03690036900369004,0.025830258302583026,0.02029520295202952,0.01268450184501845,0.007380073800738007,0.9250647181926838,0.022821254796161296,0.0,0.0,0.0,0.0,0.0,0.0,0.0,0.0,0.0,0.0,0.0,0.0,0.0,0.0,0.0,0.0,0.0,0.0,0.0,0.0,0.0,0.0,0.0,0.0,0.0,0.179889298892989,3.9022140221402224,15.214483394833952,9.755535055350554,0.947878228782288,4.439767779390421,2.9157871578936363,nan,nan,nan,4.431900946831755,2.9557162190346538,4.447577729573391,2.8755771385120155,1.0035372592776115,0.4094,0.01021,0.0,0.0,0.0,0.0,0.0,0.0,0.0,0.0,0.0,0.0,0.0,5.334409594095933,24.402675276752774,0.26291512915129156,0.0,0.0,0.0,0.0,0.0,0.0,0.0,0.0,0.0,0.0,0.0,0.0,0.0,0.0,0.0,0.0,nan,nan,4.439767779390421,2.9157871578936363,nan,0.4094,0.04996,0.0,0.0,0.0,0.0,0.0,0.0,0.0,0.0,0.0,0.0,0.0,0.0,0.0,0.0,0.0,4.6125461254612545e-05,0.0,0.0007264760147601476,0.0,0.0,0.0,0.0,0.0,0.00011531365313653136,0.0023178044280442803,0.005535055350553505,0.004877767527675277,0.0027444649446494466,0.00010378228782287823,0.0020525830258302583,0.011312269372693726,0.005742619926199262,0.015463560885608857,0.003632380073800738,0.016858856088560886,0.02901291512915129,0.04986162361623616,0.065625,0.08374077490774907,0.09334640221402214,0.08377536900369004,0.10803736162361624,0.0738929889298893,0.07101014760147602,0.08130765682656826,0.03225322878228782,0.01695110701107011,0.03645064575645757,0.02441190036900369,0.035089944649446494,0.011335332103321034,0.0031595940959409595,0.011485239852398525,0.013468634686346863,0.001014760147601476,0.003125,3.459409594095941e-05,8.071955719557196e-05,0.0,0.0,0.0,0.0,0.0,0.0,0.0,0.0,0.0,0.0,0.0,0.0,0.0,0.0,0.0,0.0,0.0,0.0,0.0,0.0,0.0,0.0,0.0,0.0,0.0,0.0,0.0,0.0,0.0,0.0,0.0,0.0,0.0,0.0,0.0,0.0,0.0,0.0,0.0,0.0,0.0,0.0,0.0,nan,nan,4.439767779390421,2.9157871578936363,nan,0.9248869762586749,0.022823577390099874,0.0,0.0,0.0,0.0,0.0,0.0,0.0,0.0,0.0,0.0,0.0,0.0,0.0,0.0,0.0,0.0,0.0,0.0,0.0,0.0,0.0,0.0,0.0,0.0,0.0,0.2248677248677249,3.7698412698412707,15.27777777777778,9.854497354497356,0.8730158730158732,0.92525964986886,0.022817115447069623,0.0,0.0,0.0,0.0,0.0,0.0,0.0,0.0,0.0,0.0,0.0,0.0,0.0,0.0,0.0,0.0,0.0,0.0,0.0,0.0,0.0,0.0,0.0,0.0,0.0,0.13056092843326889,4.047388781431335,15.145067698259192,9.647001934235979,1.0299806576402324,0.4094,0.01023,0.0,0.0,0.0,0.0,0.0,0.0,0.0,0.0,0.0,0.0,0.0,5.582010582010574,24.140211640211646,0.27777777777777785,0.0,0.0,0.0,0.0,0.0,0.0,0.0,0.0,0.0,0.0,0.0,0.0,0.0,0.0,0.0,0.0,0.4097,0.010185,0.0,0.0,0.0,0.0,0.0,0.0,0.0,0.0,0.0,0.0,0.0,5.062862669245641,24.69052224371374,0.24661508704061902,0.0,0.0,0.0,0.0,0.0,0.0,0.0,0.0,0.0,0.0,0.0,0.0,0.0,0.0,0.0,0.0
41300,4652,2375,0.5105331040412726,1126,988,0.4544282029234738,1342,0.5769561478933792,0.38999999999999996,2.928414580588494,3.0939988647778045,6.514150943396227,2.2461961702125945,8295.17149908676,432.971126845,7853.0,8736.359139108657,8719.09760579015,5.590243328124696,7853.0,0.0,27.427773000859844,20.519273135737013,32.267468646019964,18.82743625923207,0.14122957867583835,0.09931212381771282,0.09458297506448839,0.09221840068787618,0.07846087704213242,0.07717110920034394,0.0709372312983663,0.0616938950988822,0.06319862424763542,0.05331040412725709,0.04600171969045572,0.03611349957007739,0.030954428202923472,0.022570937231298365,0.015047291487532245,0.010318142734307825,0.006878761822871883,0.9250502598921184,0.023058351774622905,0.0,0.0,0.0,0.0,0.0,0.0,0.0,0.0,0.0,0.0,0.0,0.0,0.0,0.0,0.0,0.0,0.0,0.0,0.0,0.0,0.0,0.0,0.0,0.0,0.0,0.1741186586414446,4.140154772141015,14.580825451418749,10.131126397248497,0.9737747205503011,4.313087248322148,2.9250646523753367,nan,nan,nan,4.249832551908908,2.9442022969781014,4.376597175521184,2.9043373151003697,1.0298281454772462,0.4102,0.0103,0.0,0.0,0.0,0.0,0.0,0.0,0.0,0.0,0.0,0.0,0.006448839208942392,5.197764402407559,24.42820292347378,0.36758383490971636,0.0,0.0,0.0,0.0,0.0,0.0,0.0,0.0,0.0,0.0,0.0,0.0,0.0,0.0,0.0,0.0,nan,nan,4.313087248322148,2.9250646523753367,nan,0.4102,0.04977,0.0,0.0,0.0,0.0,0.0,0.0,0.0,0.0,0.0,0.0,0.0,0.0,0.0,0.0,0.0,0.0,0.0,0.0005696474634565779,0.0,0.0,1.0748065348237317e-05,0.0,0.0,0.00017196904557179707,0.0023323301805674977,0.006029664660361135,0.003815563198624248,0.0022248495270851248,1.0748065348237317e-05,0.0020851246775580395,0.01113499570077386,0.006180137575236457,0.014972055030094583,0.003783319002579536,0.017895528804815132,0.028514617368873604,0.047388220120378334,0.06462811693895099,0.07814918314703354,0.09738822012037833,0.08535038693035253,0.10850171969045572,0.07581685296646604,0.07195829750644885,0.0798366294067068,0.03294282029234738,0.016638005159071368,0.037242046431642306,0.023366294067067927,0.03680137575236458,0.010586844368013758,0.002719260533104041,0.011253224419604472,0.015498710232158212,0.0012252794496990542,0.002719260533104041,3.224419604471195e-05,0.00021496130696474635,0.0,1.0748065348237317e-05,0.0,0.0,0.0,0.0,0.0,0.0,0.0,0.0,0.0,0.0,0.0,0.0,0.0,0.0,0.0,0.0,0.0,0.0,0.0,0.0,0.0,0.0,0.0,0.0,0.0,0.0,0.0,0.0,0.0,0.0,0.0,0.0,0.0,0.0,0.0,0.0,0.0,0.0,0.0,0.0,0.0,nan,nan,4.313087248322148,2.9250646523753367,nan,0.9250324534616973,0.023372099406189777,0.0,0.0,0.0,0.0,0.0,0.0,0.0,0.0,0.0,0.0,0.0,0.0,0.0,0.0,0.0,0.0,0.0,0.0,0.0,0.0,0.0,0.0,0.0,0.0,0.0,0.17684210526315794,4.206315789473685,14.58947368421053,9.953684210526317,1.073684210526316,0.9250688326950391,0.02272647129056362,0.0,0.0,0.0,0.0,0.0,0.0,0.0,0.0,0.0,0.0,0.0,0.0,0.0,0.0,0.0,0.0,0.0,0.0,0.0,0.0,0.0,0.0,0.0,0.0,0.0,0.17127799736495394,4.071146245059289,14.571805006587619,10.31620553359684,0.8695652173913045,0.41,0.010376,0.0,0.0,0.0,0.0,0.0,0.0,0.0,0.0,0.0,0.0,0.012631578947368424,5.267368421052624,24.35368421052632,0.3663157894736843,0.0,0.0,0.0,0.0,0.0,0.0,0.0,0.0,0.0,0.0,0.0,0.0,0.0,0.0,0.0,0.0,0.4102,0.01022,0.0,0.0,0.0,0.0,0.0,0.0,0.0,0.0,0.0,0.0,0.0,5.125164690382075,24.50592885375495,0.3689064558629777,0.0,0.0,0.0,0.0,0.0,0.0,0.0,0.0,0.0,0.0,0.0,0.0,0.0,0.0,0.0,0.0
41400,4497,2320,0.5158994885479208,1065,911,0.43940404714253944,1238,0.5505892817433845,0.414,2.919154800183739,3.0938298015548096,6.584615384615384,2.1507548022943883,8299.678665886462,432.7126605640781,7853.0,8738.56988581419,8718.82498297044,5.660297337793072,7853.0,0.0,26.928396708917056,20.51885861248703,31.866737739872068,18.889303902939787,0.14543028685790527,0.11051812319323993,0.09762063597954192,0.08272181454302868,0.08094285078941517,0.0733822548365577,0.0733822548365577,0.06604402935290193,0.052924171670002226,0.04981098510117856,0.044474093840338,0.038914832110295755,0.030687124749833223,0.02156993551256393,0.01623304425172337,0.010229041583277742,0.005114520791638871,0.9239247885708918,0.023443989681500594,0.0,0.0,0.0,0.0,0.0,0.0,0.0,0.0,0.0,0.0,0.0,0.0,0.0,0.0,0.0,0.0,0.0,0.0,0.0,0.0,0.0,0.0,0.0,0.0,0.006671114076050702,0.20013342228152106,4.46297531687792,14.949966644429622,9.41294196130754,0.9673115410273517,4.308075418000712,2.8510520122697094,nan,nan,nan,4.197340797760671,2.8638757639263406,4.422575976845152,2.8331835133299013,1.0536613989516042,0.4094,0.0101,0.0,0.0,0.0,0.0,0.0,0.0,0.0,0.0,0.0,0.0,0.0,5.283522348232148,24.476317545030028,0.24016010673782526,0.0,0.0,0.0,0.0,0.0,0.0,0.0,0.0,0.0,0.0,0.0,0.0,0.0,0.0,0.0,0.0,nan,nan,4.308075418000712,2.8510520122697094,nan,0.4094,0.04968,0.0,0.0,0.0,0.0,0.0,0.0,0.0,0.0,0.0,0.0,0.0,0.0,0.0,0.0,0.0,0.0,3.33555703802535e-05,0.0001890148988214365,0.0,0.0,0.0,0.0,0.0,0.000355792750722704,0.0016344229486324217,0.005548143206582166,0.0037024683122081387,0.0020569268401156326,6.6711140760507e-05,0.0025461418723593506,0.01289748721369802,0.00723815877251501,0.015432510562597286,0.003991549922170335,0.017745163442294862,0.031209695352457194,0.049466310873915946,0.06519902156993551,0.07937513898154325,0.09265065599288415,0.08621303090949523,0.10521458750277964,0.07679564153880365,0.07292639537469424,0.07691794529686458,0.03361129641983544,0.01627751834556371,0.039092728485657105,0.02193684678674672,0.03722481654436291,0.009039359573048699,0.0024794307315988435,0.012363798087613965,0.014342895263509006,0.0007338225483655771,0.0034689793195463643,2.2237046920169e-05,0.0,0.0,0.0,0.0,0.0,0.0,0.0,0.0,0.0,0.0,0.0,0.0,0.0,0.0,0.0,0.0,0.0,0.0,0.0,0.0,0.0,0.0,0.0,0.0,0.0,0.0,0.0,0.0,0.0,0.0,0.0,0.0,0.0,0.0,0.0,0.0,0.0,0.0,0.0,0.0,0.0,0.0,0.0,0.0,nan,nan,4.308075418000712,2.8510520122697094,nan,0.924140694018068,0.0236445488848659,0.0,0.0,0.0,0.0,0.0,0.0,0.0,0.0,0.0,0.0,0.0,0.0,0.0,0.0,0.0,0.0,0.0,0.0,0.0,0.0,0.0,0.0,0.0,0.0,0.012931034482758624,0.15517241379310348,4.538793103448277,14.793103448275865,9.439655172413795,1.060344827586207,0.9236947010020132,0.02322614145553078,0.0,0.0,0.0,0.0,0.0,0.0,0.0,0.0,0.0,0.0,0.0,0.0,0.0,0.0,0.0,0.0,0.0,0.0,0.0,0.0,0.0,0.0,0.0,0.0,0.0,0.24804777216352783,4.382177308222325,15.117133670188336,9.38447404685347,0.8681672025723475,0.4097,0.01003,0.0,0.0,0.0,0.0,0.0,0.0,0.0,0.0,0.0,0.0,0.0,5.081896551724131,24.62068965517242,0.29741379310344834,0.0,0.0,0.0,0.0,0.0,0.0,0.0,0.0,0.0,0.0,0.0,0.0,0.0,0.0,0.0,0.0,0.4094,0.01018,0.0,0.0,0.0,0.0,0.0,0.0,0.0,0.0,0.0,0.0,0.0,5.498392282958192,24.322462103812594,0.17914561322921457,0.0,0.0,0.0,0.0,0.0,0.0,0.0,0.0,0.0,0.0,0.0,0.0,0.0,0.0,0.0,0.0
41500,4678,2431,0.5196665241556221,1182,953,0.4563916203505772,1300,0.5557930739632322,0.40599999999999997,2.9523809523809526,3.0958508174477255,6.607717041800643,2.1096482380774773,8302.946162040944,432.6005038025715,7853.0,8737.057970070839,8718.836341434606,5.373630587186086,7853.0,0.0,28.069687900812312,20.744332643916433,32.78778703002776,19.020186156456415,0.13467293715262932,0.09683625480974775,0.0946985891406584,0.08550662676357418,0.08507909362975631,0.07759726378794357,0.07161179991449337,0.06263360410431809,0.0609234715690466,0.05087644292432664,0.04360837964942283,0.03976058144506199,0.034202650705429674,0.026507054296707994,0.01966652415562206,0.009619495510902095,0.006199230440359128,0.9243436319775029,0.022522871918367042,0.0,0.0,0.0,0.0,0.0,0.0,0.0,0.0,0.0,0.0,0.0,0.0,0.0,0.0,0.0,0.0,0.0,0.0,0.0,0.0,0.0,0.0,0.0,0.0,0.0,0.15391192817443355,4.001710132535273,15.551517742625057,9.305258657545961,0.987601539119282,4.186601307189543,2.8839453421431,nan,nan,nan,4.206671026814912,2.8492414002532773,4.166557805355977,2.9180543162484556,0.9904643787918669,0.4097,0.010124,0.0,0.0,0.0,0.0,0.0,0.0,0.0,0.0,0.0,0.0,0.0,5.091919623770835,24.52971355280035,0.37836682342881583,0.0,0.0,0.0,0.0,0.0,0.0,0.0,0.0,0.0,0.0,0.0,0.0,0.0,0.0,0.0,0.0,nan,nan,4.186601307189543,2.8839453421431,nan,0.4097,0.04968,0.0,0.0,0.0,0.0,0.0,0.0,0.0,0.0,0.0,0.0,0.0,0.0,0.0,0.0,0.0,0.0,0.0,8.550662676357418e-05,0.0,3.206498503634031e-05,0.0,0.0,0.0,0.0005557930739632322,0.0015391192817443351,0.006509191962377084,0.0033347584437793927,0.0022873022659256094,0.00012825994014536125,0.00268277041470714,0.012248824283882001,0.008080376229157759,0.014514749893116716,0.004179136383069688,0.017261650277896536,0.031241983753740914,0.046440786660966224,0.06390551517742625,0.07760795211628901,0.09148140230867892,0.08927960666951688,0.1077917913638307,0.07644292432663531,0.07455109020949123,0.07711628901239846,0.03482257374946558,0.016406584010260794,0.03778324070115434,0.023332620778110304,0.03661821291150064,0.008230012825994015,0.0026079521162890125,0.01212056434373664,0.014429243266353142,0.0006199230440359128,0.0036874732791791365,4.275331338178709e-05,0.0,0.0,0.0,0.0,0.0,0.0,0.0,0.0,0.0,0.0,0.0,0.0,0.0,0.0,0.0,0.0,0.0,0.0,0.0,0.0,0.0,0.0,0.0,0.0,0.0,0.0,0.0,0.0,0.0,0.0,0.0,0.0,0.0,0.0,0.0,0.0,0.0,0.0,0.0,0.0,0.0,0.0,0.0,0.0,nan,nan,4.186601307189543,2.8839453421431,nan,0.9242382721859749,0.022111402100631075,0.0,0.0,0.0,0.0,0.0,0.0,0.0,0.0,0.0,0.0,0.0,0.0,0.0,0.0,0.0,0.0,0.0,0.0,0.0,0.0,0.0,0.0,0.0,0.0,0.0,0.14808720691073635,4.060057589469355,15.697243932538052,9.156725627313865,0.9378856437679969,0.9244576193621066,0.02295918816138335,0.0,0.0,0.0,0.0,0.0,0.0,0.0,0.0,0.0,0.0,0.0,0.0,0.0,0.0,0.0,0.0,0.0,0.0,0.0,0.0,0.0,0.0,0.0,0.0,0.0,0.16021361815754342,3.9385847797062756,15.39385847797063,9.465954606141525,1.0413885180240323,0.4097,0.01013,0.0,0.0,0.0,0.0,0.0,0.0,0.0,0.0,0.0,0.0,0.0,5.257095845331132,24.45907034142329,0.283833813245578,0.0,0.0,0.0,0.0,0.0,0.0,0.0,0.0,0.0,0.0,0.0,0.0,0.0,0.0,0.0,0.0,0.41,0.01011,0.0,0.0,0.0,0.0,0.0,0.0,0.0,0.0,0.0,0.0,0.0,4.91321762349799,24.60614152202938,0.4806408544726303,0.0,0.0,0.0,0.0,0.0,0.0,0.0,0.0,0.0,0.0,0.0,0.0,0.0,0.0,0.0,0.0
41600,4325,2198,0.5082080924855491,1057,900,0.452485549132948,1232,0.5697109826589596,0.418,2.989656793606018,3.1137178059683244,6.654545454545454,2.088457060262907,8293.144746596707,432.996437417969,7853.0,8740.165082478523,8719.071896738284,5.66634066851241,7853.0,0.0,27.96023121387283,20.800506662175025,33.101939058171745,18.91655745172839,0.14497109826589596,0.09109826589595375,0.08947976878612716,0.09017341040462427,0.0823121387283237,0.07630057803468208,0.07121387283236995,0.06080924855491329,0.057803468208092484,0.05341040462427746,0.05040462427745665,0.0446242774566474,0.028670520231213872,0.024739884393063585,0.015260115606936415,0.012254335260115608,0.006473988439306359,0.9245056172878067,0.023113022203045876,0.0,0.0,0.0,0.0,0.0,0.0,0.0,0.0,0.0,0.0,0.0,0.0,0.0,0.0,0.0,0.0,0.0,0.0,0.0,0.0,0.0,0.0,0.0,0.0,0.0069364161849711,0.1526011560693642,4.147976878612718,15.169942196531796,9.544508670520234,0.978034682080925,4.215302491103203,2.834632162952799,nan,nan,nan,4.243223965763195,2.8550404195387933,4.1875,2.813888546122607,0.9868675407631535,0.4102,0.01043,0.0,0.0,0.0,0.0,0.0,0.0,0.0,0.0,0.0,0.0,0.0,4.869364161849704,24.742196531791915,0.3884393063583816,0.0,0.0,0.0,0.0,0.0,0.0,0.0,0.0,0.0,0.0,0.0,0.0,0.0,0.0,0.0,0.0,nan,nan,4.215302491103203,2.834632162952799,nan,0.4102,0.05008,0.0,0.0,0.0,0.0,0.0,0.0,0.0,0.0,0.0,0.0,0.0,0.0,0.0,0.0,0.0,0.0,0.0,0.0,0.0,2.3121387283236996e-05,0.0,4.624277456647399e-05,0.0,0.0008786127167630058,0.002254335260115607,0.006404624277456647,0.002416184971098266,0.002485549132947977,0.00011560693641618497,0.0026127167630057803,0.013190751445086706,0.008531791907514451,0.014115606936416185,0.0032369942196531793,0.016508670520231215,0.03206936416184971,0.04313294797687861,0.06442774566473988,0.07406936416184971,0.09086705202312138,0.09211560693641618,0.11203468208092486,0.0798150289017341,0.0708092485549133,0.0741271676300578,0.03512138728323699,0.016670520231213872,0.037052023121387286,0.023930635838150287,0.035838150289017344,0.008763005780346821,0.0035953757225433525,0.012439306358381502,0.014959537572254336,0.0012254335260115606,0.004046242774566474,2.3121387283236996e-05,0.0,4.624277456647399e-05,0.0,0.0,0.0,0.0,0.0,0.0,0.0,0.0,0.0,0.0,0.0,0.0,0.0,0.0,0.0,0.0,0.0,0.0,0.0,0.0,0.0,0.0,0.0,0.0,0.0,0.0,0.0,0.0,0.0,0.0,0.0,0.0,0.0,0.0,0.0,0.0,0.0,0.0,0.0,0.0,0.0,0.0,nan,nan,4.215302491103203,2.834632162952799,nan,0.9246356300162227,0.023145423876156826,0.0,0.0,0.0,0.0,0.0,0.0,0.0,0.0,0.0,0.0,0.0,0.0,0.0,0.0,0.0,0.0,0.0,0.0,0.0,0.0,0.0,0.0,0.0,0.0,0.0,0.17743403093721571,4.067333939945406,15.09554140127389,9.595086442220202,1.0646041856232942,0.9243712646892837,0.023078721671096057,0.0,0.0,0.0,0.0,0.0,0.0,0.0,0.0,0.0,0.0,0.0,0.0,0.0,0.0,0.0,0.0,0.0,0.0,0.0,0.0,0.0,0.0,0.0,0.0,0.014104372355430187,0.12693935119887167,4.2313117066290555,15.246826516220032,9.492242595204516,0.8885754583921017,0.4102,0.01045,0.0,0.0,0.0,0.0,0.0,0.0,0.0,0.0,0.0,0.0,0.0,4.736123748862596,24.86806187443131,0.39581437670609654,0.0,0.0,0.0,0.0,0.0,0.0,0.0,0.0,0.0,0.0,0.0,0.0,0.0,0.0,0.0,0.0,0.41,0.01041,0.0,0.0,0.0,0.0,0.0,0.0,0.0,0.0,0.0,0.0,0.0,5.007052186177709,24.612129760225677,0.3808180535966151,0.0,0.0,0.0,0.0,0.0,0.0,0.0,0.0,0.0,0.0,0.0,0.0,0.0,0.0,0.0,0.0
41700,4353,2262,0.5196416264645073,1048,915,0.4509533654950609,1257,0.5775327360441075,0.41,3.0999521759923483,3.1024365237875293,6.708609271523179,2.0290584511848433,8303.177408948657,432.84582208399314,7853.0,8737.410026037693,8719.322838706235,5.58940921617718,7853.0,0.0,28.07190443372387,20.828699198331268,32.817218902770236,19.13737174670072,0.13461980243510221,0.10176889501493223,0.09120147025040203,0.09097174362508614,0.07833677923271307,0.07672869285550195,0.06639099471628762,0.06845853434413049,0.06064782908339077,0.04939122444291293,0.04571559843785895,0.04135079255685734,0.033769813921433495,0.025499655410062026,0.016540317022742935,0.010797151389846084,0.00781070526073972,0.9251063694056768,0.023143552813366317,0.0,0.0,0.0,0.0,0.0,0.0,0.0,0.0,0.0,0.0,0.0,0.0,0.0,0.0,0.0,0.0,0.0,0.0,0.0,0.0,0.0,0.0,0.0,0.0,0.0,0.19986216402481052,4.0317022742935915,14.631288766368025,10.13094417643005,1.006202618883529,4.40254686947294,2.9254322941619124,nan,nan,nan,4.465183058147883,3.0001868066174984,4.341939986043266,2.8506006769988095,0.9723990997682104,0.4106,0.01068,0.0,0.0,0.0,0.0,0.0,0.0,0.0,0.0,0.0,0.0,0.0,4.803583735354921,24.63128876636803,0.5651274982770504,0.0,0.0,0.0,0.0,0.0,0.0,0.0,0.0,0.0,0.0,0.0,0.0,0.0,0.0,0.0,0.0,nan,nan,4.40254686947294,2.9254322941619124,nan,0.4106,0.0503,0.0,0.0,0.0,0.0,0.0,0.0,0.0,0.0,0.0,0.0,0.0,0.0,0.0,0.0,0.0,0.0,0.0,0.0,0.0,0.0,0.0,0.0002182402940500804,0.0,0.0008729611762003216,0.002412129565816678,0.006949230415805192,0.002653342522398346,0.002377670572019297,0.00013783597518952445,0.002492533884677234,0.01162416724098323,0.008086377211118769,0.012922122674017919,0.0025959108660693776,0.01677004364805881,0.031725246956122215,0.04262577532736044,0.06683896163565357,0.07423615897082472,0.0897771651734436,0.08973121984838042,0.10953365495060878,0.08347116930852286,0.07191592005513439,0.07164024810475535,0.03697450034458994,0.01748219618653802,0.03450493912244429,0.025407764759935676,0.035975189524465885,0.010142430507695841,0.003698598667585573,0.012474155754651965,0.016172754422237538,0.0017803813461980244,0.0037675166551803356,0.0,0.0,0.0,1.1486331265793706e-05,0.0,0.0,0.0,0.0,0.0,0.0,0.0,0.0,0.0,0.0,0.0,0.0,0.0,0.0,0.0,0.0,0.0,0.0,0.0,0.0,0.0,0.0,0.0,0.0,0.0,0.0,0.0,0.0,0.0,0.0,0.0,0.0,0.0,0.0,0.0,0.0,0.0,0.0,0.0,0.0,0.0,nan,nan,4.40254686947294,2.9254322941619124,nan,0.9253819151118622,0.023020238722001075,0.0,0.0,0.0,0.0,0.0,0.0,0.0,0.0,0.0,0.0,0.0,0.0,0.0,0.0,0.0,0.0,0.0,0.0,0.0,0.0,0.0,0.0,0.0,0.0,0.0,0.13262599469496023,3.9920424403183032,14.70822281167109,10.119363395225466,1.0477453580901859,0.924808289832558,0.023272542535225076,0.0,0.0,0.0,0.0,0.0,0.0,0.0,0.0,0.0,0.0,0.0,0.0,0.0,0.0,0.0,0.0,0.0,0.0,0.0,0.0,0.0,0.0,0.0,0.0,0.0,0.272596843615495,4.074605451936873,14.548063127690105,10.143472022955525,0.9612625538020089,0.4106,0.010704,0.0,0.0,0.0,0.0,0.0,0.0,0.0,0.0,0.0,0.0,0.0,4.814323607427048,24.65517241379311,0.5305039787798409,0.0,0.0,0.0,0.0,0.0,0.0,0.0,0.0,0.0,0.0,0.0,0.0,0.0,0.0,0.0,0.0,0.4106,0.01065,0.0,0.0,0.0,0.0,0.0,0.0,0.0,0.0,0.0,0.0,0.0,4.791965566714484,24.605451936872317,0.6025824964131995,0.0,0.0,0.0,0.0,0.0,0.0,0.0,0.0,0.0,0.0,0.0,0.0,0.0,0.0,0.0,0.0
41800,4306,2203,0.511611704598235,1028,890,0.4454249883882954,1221,0.5671156525777984,0.414,2.9495958155016644,3.0885379463355975,6.569023569023569,2.0920202862860533,8296.29064372239,433.13142798335144,7853.0,8736.156970316171,8719.459152005722,5.625999426906738,7853.0,0.0,28.185787273571762,21.00953806672866,33.11568194367753,19.265004545251152,0.13701811425917323,0.09962842545285648,0.09103576405016256,0.08569437993497446,0.08430097538318625,0.08035299581978635,0.06920575940548072,0.058987459359033906,0.0548072457036693,0.046911286576869486,0.051323734324198796,0.04249883882954018,0.03228053878309336,0.028564793311658152,0.019739897816999537,0.010218300046446818,0.0074314909428704135,0.9265976791541298,0.023212225521647548,0.0,0.0,0.0,0.0,0.0,0.0,0.0,0.0,0.0,0.0,0.0,0.0,0.0,0.0,0.0,0.0,0.0,0.0,0.0,0.0,0.0,0.0,0.0,0.0,0.0,0.15327450069670231,3.6646539712029735,14.56107756618672,10.199721319089644,1.4212726428239668,4.296349319971367,2.8614275513690033,nan,nan,nan,4.3982808022922635,2.8198736831233857,4.194563662374821,2.898753948156981,0.9536825525529724,0.4102,0.01036,0.0,0.0,0.0,0.0,0.0,0.0,0.0,0.0,0.0,0.0,0.0,4.9396191360891715,24.628425452856487,0.4319554110543429,0.0,0.0,0.0,0.0,0.0,0.0,0.0,0.0,0.0,0.0,0.0,0.0,0.0,0.0,0.0,0.0,nan,nan,4.296349319971367,2.8614275513690033,nan,0.4102,0.05124,0.0,0.0,0.0,0.0,0.0,0.0,0.0,0.0,0.0,0.0,0.0,0.0,0.0,0.0,0.0,0.0,0.0,0.0,0.0,0.0,0.0,0.0001045053413841152,3.4835113794705065e-05,0.0013353460287970273,0.00272875058058523,0.009405480724570366,0.0030538783093358103,0.002380399442638179,5.8058522991175105e-05,0.00282164421737111,0.011437529029261496,0.00858104969809568,0.012830933581049699,0.0034254528564793313,0.016523455643288436,0.030724570366929865,0.04215048769159312,0.0639572689270785,0.07335113794705063,0.09292847189967487,0.08629818857408268,0.10903390617742685,0.08324431026474687,0.07336274965164886,0.07332791453785416,0.03614723641430562,0.016384115188109616,0.03499767765908035,0.027124941941477007,0.03404551788202508,0.009800278680910358,0.0035996284254528567,0.012552252670692057,0.015919647004180214,0.002217835578262889,0.0041105434277751976,0.0,0.0,0.0,0.0,0.0,0.0,0.0,0.0,0.0,0.0,0.0,0.0,0.0,0.0,0.0,0.0,0.0,0.0,0.0,0.0,0.0,0.0,0.0,0.0,0.0,0.0,0.0,0.0,0.0,0.0,0.0,0.0,0.0,0.0,0.0,0.0,0.0,0.0,0.0,0.0,0.0,0.0,0.0,0.0,0.0,nan,nan,4.296349319971367,2.8614275513690033,nan,0.9264801894866278,0.02321549772522649,0.0,0.0,0.0,0.0,0.0,0.0,0.0,0.0,0.0,0.0,0.0,0.0,0.0,0.0,0.0,0.0,0.0,0.0,0.0,0.0,0.0,0.0,0.0,0.0,0.0,0.13617793917385387,3.5406264185202008,14.884248751702227,9.940989559691332,1.4979573309123926,0.9267207555866105,0.023208159355639944,0.0,0.0,0.0,0.0,0.0,0.0,0.0,0.0,0.0,0.0,0.0,0.0,0.0,0.0,0.0,0.0,0.0,0.0,0.0,0.0,0.0,0.0,0.0,0.0,0.0,0.1711840228245364,3.794579172610557,14.2225392296719,10.470756062767476,1.3409415121255353,0.4102,0.0103,0.0,0.0,0.0,0.0,0.0,0.0,0.0,0.0,0.0,0.0,0.0,5.05220154334997,24.580118020880622,0.36768043576940546,0.0,0.0,0.0,0.0,0.0,0.0,0.0,0.0,0.0,0.0,0.0,0.0,0.0,0.0,0.0,0.0,0.4102,0.01041,0.0,0.0,0.0,0.0,0.0,0.0,0.0,0.0,0.0,0.0,0.0,4.821683309557768,24.679029957204,0.4992867332382312,0.0,0.0,0.0,0.0,0.0,0.0,0.0,0.0,0.0,0.0,0.0,0.0,0.0,0.0,0.0,0.0
41900,4311,2210,0.5126420784040826,996,900,0.4398051496172582,1226,0.5687775458130364,0.40599999999999997,2.954783436458829,3.0771999692680363,6.620629370629371,2.0983995622315903,8297.215787142488,433.1416076972838,7853.0,8737.414910936355,8719.522288855775,5.662489163628204,7853.0,0.0,27.826258408721873,20.946369022198912,32.84423503325942,19.214872491335584,0.1421943864532591,0.10345627464625377,0.09672929714683368,0.07956390628624449,0.0848990953375087,0.07330085826954302,0.05961493852934354,0.06796566921827882,0.05961493852934354,0.04871259568545581,0.05080027835768963,0.03688239387613083,0.03363488749710044,0.029691486893992113,0.01646949663651125,0.009278589654372536,0.0071909069821387145,0.9263949913952031,0.023225662984986996,0.0,0.0,0.0,0.0,0.0,0.0,0.0,0.0,0.0,0.0,0.0,0.0,0.0,0.0,0.0,0.0,0.0,0.0,0.0,0.0,0.0,0.0,0.0,0.0,0.0,0.1878914405010439,3.7508698677800982,14.551148225469731,10.313152400835074,1.1969380654140573,4.37888198757764,2.847230665425925,nan,nan,nan,4.43036109064112,2.89876719191365,4.328260869565217,2.7947022638451617,0.9769544244843646,0.41,0.01037,0.0,0.0,0.0,0.0,0.0,0.0,0.0,0.0,0.0,0.0,0.0,5.017397355601941,24.551148225469735,0.431454418928323,0.0,0.0,0.0,0.0,0.0,0.0,0.0,0.0,0.0,0.0,0.0,0.0,0.0,0.0,0.0,0.0,nan,nan,4.37888198757764,2.847230665425925,nan,0.41,0.05023,0.0,0.0,0.0,0.0,0.0,0.0,0.0,0.0,0.0,0.0,0.0,0.0,0.0,0.0,0.0,0.0,0.0,0.0,0.0,0.0,0.0,0.00010438413361169103,2.319647413593134e-05,0.0014265831593597773,0.002447228021340756,0.00830433774066342,0.002458826258408722,0.0023776385989329623,0.00020876826722338206,0.002876362792855486,0.011992577128276501,0.00816515889584783,0.012305729529111575,0.004244954766875435,0.014242635119461841,0.03015541637671074,0.042751101832521454,0.06467176989097657,0.07153792623521225,0.096961261888193,0.09191602876362792,0.10753885409417768,0.083449315704013,0.07548132683832058,0.07417072604964045,0.03469032707028532,0.015738807701229412,0.0329737879842264,0.028589654372535373,0.033310136859197405,0.010600788680120621,0.0028415680816515887,0.011899791231732777,0.01307121317559731,0.0015309672929714683,0.004940848990953375,0.0,0.0,0.0,0.0,0.0,0.0,0.0,0.0,0.0,0.0,0.0,0.0,0.0,0.0,0.0,0.0,0.0,0.0,0.0,0.0,0.0,0.0,0.0,0.0,0.0,0.0,0.0,0.0,0.0,0.0,0.0,0.0,0.0,0.0,0.0,0.0,0.0,0.0,0.0,0.0,0.0,0.0,0.0,0.0,0.0,nan,nan,4.37888198757764,2.847230665425925,nan,0.9267455231819757,0.02342023270536568,0.0,0.0,0.0,0.0,0.0,0.0,0.0,0.0,0.0,0.0,0.0,0.0,0.0,0.0,0.0,0.0,0.0,0.0,0.0,0.0,0.0,0.0,0.0,0.0,0.0,0.16289592760181,3.8009049773755663,14.212669683257921,10.574660633484164,1.2488687782805432,0.9260262739993118,0.023013463133795077,0.0,0.0,0.0,0.0,0.0,0.0,0.0,0.0,0.0,0.0,0.0,0.0,0.0,0.0,0.0,0.0,0.0,0.0,0.0,0.0,0.0,0.0,0.0,0.0,0.0,0.21418372203712524,3.698238933841029,14.907187053783916,10.038077106139935,1.1423131841980012,0.4102,0.0104,0.0,0.0,0.0,0.0,0.0,0.0,0.0,0.0,0.0,0.0,0.0,4.873303167420807,24.624434389140276,0.5022624434389141,0.0,0.0,0.0,0.0,0.0,0.0,0.0,0.0,0.0,0.0,0.0,0.0,0.0,0.0,0.0,0.0,0.41,0.01034,0.0,0.0,0.0,0.0,0.0,0.0,0.0,0.0,0.0,0.0,0.0,5.1689671584959465,24.474059971442177,0.35697287006187534,0.0,0.0,0.0,0.0,0.0,0.0,0.0,0.0,0.0,0.0,0.0,0.0,0.0,0.0,0.0,0.0
42000,4414,2229,0.5049841413683733,1022,963,0.4497054825555052,1248,0.5654734934299954,0.40199999999999997,2.9391304347826086,3.116421725266729,6.611650485436893,2.2283827114989765,8290.567399027213,433.24521487889956,7853.0,8739.41435276866,8719.497307898662,5.5708075315495,7853.0,0.0,27.611463525147258,20.720487880868333,32.572085474709226,18.98729725861941,0.1431807884005437,0.09651110104213866,0.09583144540099683,0.09311282283642955,0.08155867693701857,0.07589487992750339,0.06479383778885364,0.061169007702763935,0.06094245582238333,0.04961486180335297,0.044404168554599006,0.042138649750792935,0.03194381513366561,0.025373810602628003,0.01812415043044857,0.009968282736746714,0.005437245129134572,0.9261746590203379,0.022911011522079628,0.0,0.0,0.0,0.0,0.0,0.0,0.0,0.0,0.0,0.0,0.0,0.0,0.0,0.0,0.0,0.0,0.0,0.0,0.0,0.0,0.0,0.0,0.0,0.0,0.0,0.14952424105120074,3.6361576801087456,15.01359311282284,10.079293158133215,1.1214318078840055,4.228039353478566,2.8893267166368855,nan,nan,nan,4.304256803907886,2.8784814211736687,4.150743099787686,2.8982377103546955,0.9643344458488576,0.411,0.01059,0.0,0.0,0.0,0.0,0.0,0.0,0.0,0.0,0.0,0.0,0.006796556411418217,4.560489352061616,24.895786135024927,0.5369279565020391,0.0,0.0,0.0,0.0,0.0,0.0,0.0,0.0,0.0,0.0,0.0,0.0,0.0,0.0,0.0,0.0,nan,nan,4.228039353478566,2.8893267166368855,nan,0.411,0.05032,0.0,0.0,0.0,0.0,0.0,0.0,0.0,0.0,0.0,0.0,0.0,0.0,0.0,0.0,0.0,0.0,0.0,1.1327594019030359e-05,2.2655188038060717e-05,0.0,0.0,0.00016991391028545538,0.0,0.0012913457181694607,0.002152242863615768,0.007974626189397371,0.0023561395559583143,0.0025487086542818303,0.00041912097870412326,0.002310829179882193,0.012075215224286362,0.009798368826461259,0.011837335749886725,0.004485727231536021,0.012664250113275941,0.028251019483461714,0.04286361576801088,0.06452197553239691,0.0702990484821024,0.09610330765745356,0.08743769823289534,0.10918667874943362,0.08432260987766199,0.07427503398278205,0.07638196647032171,0.03547802446760308,0.016436338921613048,0.033971454463072044,0.028330312641594926,0.03546669687358405,0.011837335749886725,0.0031490711372904397,0.011712732215677391,0.013355233348436793,0.0015745355686452198,0.0048708654281830535,1.1327594019030359e-05,0.0,4.5310376076121435e-05,0.0,0.0,0.0,0.0,0.0,0.0,0.0,0.0,0.0,0.0,0.0,0.0,0.0,0.0,0.0,0.0,0.0,0.0,0.0,0.0,0.0,0.0,0.0,0.0,0.0,0.0,0.0,0.0,0.0,0.0,0.0,0.0,0.0,0.0,0.0,0.0,0.0,0.0,0.0,0.0,0.0,0.0,nan,nan,4.228039353478566,2.8893267166368855,nan,0.925822305914638,0.02260518775334169,0.0,0.0,0.0,0.0,0.0,0.0,0.0,0.0,0.0,0.0,0.0,0.0,0.0,0.0,0.0,0.0,0.0,0.0,0.0,0.0,0.0,0.0,0.0,0.0,0.0,0.10767160161507405,3.768506056527592,15.27590847913863,9.798115746971737,1.049798115746972,0.9265341075661526,0.023213333203427503,0.0,0.0,0.0,0.0,0.0,0.0,0.0,0.0,0.0,0.0,0.0,0.0,0.0,0.0,0.0,0.0,0.0,0.0,0.0,0.0,0.0,0.0,0.0,0.0,0.0,0.19221967963386732,3.5011441647597263,14.745995423340965,10.36613272311213,1.1945080091533182,0.411,0.01052,0.0,0.0,0.0,0.0,0.0,0.0,0.0,0.0,0.0,0.0,0.0,4.414535666218028,25.006729475100947,0.578734858681023,0.0,0.0,0.0,0.0,0.0,0.0,0.0,0.0,0.0,0.0,0.0,0.0,0.0,0.0,0.0,0.0,0.4106,0.01065,0.0,0.0,0.0,0.0,0.0,0.0,0.0,0.0,0.0,0.0,0.013729977116704808,4.709382151029741,24.78260869565218,0.4942791762013731,0.0,0.0,0.0,0.0,0.0,0.0,0.0,0.0,0.0,0.0,0.0,0.0,0.0,0.0,0.0,0.0
42100,4362,2249,0.5155891792755617,1038,890,0.4419990829894544,1235,0.5662540119211371,0.414,2.9597728348319925,3.0760652344401502,6.485809682804675,2.1734585742843016,8299.759883252376,433.05971168539287,7853.0,8739.358532899618,8719.503606379221,5.580617634030597,7853.0,0.0,28.233837689133424,21.222600727760735,33.44529961517317,19.384868354387596,0.14419990829894544,0.0921595598349381,0.09559834938101788,0.08276020174232003,0.08207244383310408,0.07634112792297111,0.06327372764786796,0.0662540119211371,0.0614397065566254,0.04745529573590096,0.048601558917927556,0.03782668500687758,0.033929390187987164,0.028427326914259515,0.020861989912884,0.009857863365428703,0.008940852819807428,0.9260024212468168,0.02306701135713209,0.0,0.0,0.0,0.0,0.0,0.0,0.0,0.0,0.0,0.0,0.0,0.0,0.0,0.0,0.0,0.0,0.0,0.0,0.0,0.0,0.0,0.0,0.0,0.0,0.0,0.1581843191196699,3.6451169188445673,15.226960110041269,9.793672627235216,1.176066024759285,4.292422625400214,2.872335732203324,nan,nan,nan,4.322190611664296,2.8687564592124524,4.262633451957296,2.875604625418443,0.9862206077755401,0.4104,0.01034,0.0,0.0,0.0,0.0,0.0,0.0,0.0,0.0,0.0,0.0,0.006877579092159561,4.601100412654739,25.027510316368645,0.36451169188445676,0.0,0.0,0.0,0.0,0.0,0.0,0.0,0.0,0.0,0.0,0.0,0.0,0.0,0.0,0.0,0.0,nan,nan,4.292422625400214,2.872335732203324,nan,0.4104,0.0502,0.0,0.0,0.0,0.0,0.0,0.0,0.0,0.0,0.0,0.0,0.0,0.0,0.0,0.0,0.0,0.0,0.0,0.0,0.0,0.0,0.0,0.0002063273727647868,0.0,0.0010430994956442,0.002602017423200367,0.0075882622650160474,0.002407152682255846,0.002716643741403026,0.00046996790463090324,0.0029917469050894084,0.012150389729481889,0.01045392022008253,0.011027051811095827,0.004573590096286107,0.012620357634112792,0.026513067400275103,0.04501375515818432,0.06479825767996332,0.07002521779000459,0.09773039889958735,0.08599266391563502,0.11068317285648785,0.08443374598807886,0.07333791838606143,0.07855341586428244,0.035671710224667585,0.01468363136176066,0.03441082072443833,0.027166437414030263,0.03481201283814764,0.01104997707473636,0.00307198532783127,0.011348005502063274,0.012815222375057313,0.00239569005043558,0.004550664832645575,8.023842274186154e-05,0.0,1.1462631820265933e-05,0.0,0.0,0.0,0.0,0.0,0.0,0.0,0.0,0.0,0.0,0.0,0.0,0.0,0.0,0.0,0.0,0.0,0.0,0.0,0.0,0.0,0.0,0.0,0.0,0.0,0.0,0.0,0.0,0.0,0.0,0.0,0.0,0.0,0.0,0.0,0.0,0.0,0.0,0.0,0.0,0.0,0.0,nan,nan,4.292422625400214,2.872335732203324,nan,0.9263310448600749,0.023072944482930482,0.0,0.0,0.0,0.0,0.0,0.0,0.0,0.0,0.0,0.0,0.0,0.0,0.0,0.0,0.0,0.0,0.0,0.0,0.0,0.0,0.0,0.0,0.0,0.0,0.0,0.16007114273010228,3.5749221876389514,15.180080035571368,9.884393063583817,1.2005335704757671,0.9256526462793688,0.023055549270837174,0.0,0.0,0.0,0.0,0.0,0.0,0.0,0.0,0.0,0.0,0.0,0.0,0.0,0.0,0.0,0.0,0.0,0.0,0.0,0.0,0.0,0.0,0.0,0.0,0.0,0.1561760530052059,3.719829626123995,15.276857548509232,9.697113109323238,1.1500236630383343,0.4104,0.01028,0.0,0.0,0.0,0.0,0.0,0.0,0.0,0.0,0.0,0.0,0.0,4.548688305913733,25.117830146731887,0.3334815473543798,0.0,0.0,0.0,0.0,0.0,0.0,0.0,0.0,0.0,0.0,0.0,0.0,0.0,0.0,0.0,0.0,0.4106,0.01039,0.0,0.0,0.0,0.0,0.0,0.0,0.0,0.0,0.0,0.0,0.014197823000473264,4.656885944155222,24.931377188831053,0.3975390440132514,0.0,0.0,0.0,0.0,0.0,0.0,0.0,0.0,0.0,0.0,0.0,0.0,0.0,0.0,0.0,0.0
42200,4249,2221,0.5227112261708637,1040,856,0.44622264062132266,1202,0.5657801835726053,0.40199999999999997,2.997534516765286,3.108094324766999,6.637305699481865,2.082012028758474,8305.91053954936,432.8038046315842,7853.0,8738.92991604805,8719.464152429187,5.591647440995311,7853.0,0.0,27.90797834784655,20.802770034867002,32.793064876957494,19.05159652050534,0.14050364791715697,0.10190633090138856,0.08849140974346906,0.08472581783949165,0.08260767239350435,0.0797834784655213,0.07013414921157919,0.057660626029654036,0.060014120969639914,0.05201223817368793,0.04942339373970346,0.04118616144975288,0.030595434219816427,0.02800658978583196,0.016474464579901153,0.010120028241939279,0.0063544363379618735,0.9264297918533825,0.023117540447596525,0.0,0.0,0.0,0.0,0.0,0.0,0.0,0.0,0.0,0.0,0.0,0.0,0.0,0.0,0.0,0.0,0.0,0.0,0.0,0.0,0.0,0.0,0.0,0.0,0.0,0.17651212049894097,3.473758531419158,15.003530242409981,10.089432807719465,1.2567662979524596,4.283375773008367,2.8907757283619575,nan,nan,nan,4.23021582733813,2.909217667248869,4.337748344370861,2.8707724473381226,1.0254201018155606,0.4102,0.01019,0.0,0.0,0.0,0.0,0.0,0.0,0.0,0.0,0.0,0.0,0.0,4.525770769592839,25.170628383148983,0.30360084725817843,0.0,0.0,0.0,0.0,0.0,0.0,0.0,0.0,0.0,0.0,0.0,0.0,0.0,0.0,0.0,0.0,nan,nan,4.283375773008367,2.8907757283619575,nan,0.4102,0.04987,0.0,0.0,0.0,0.0,0.0,0.0,0.0,0.0,0.0,0.0,0.0,0.0,0.0,0.0,0.0,0.0,0.0,0.0,0.0,0.0,0.0,9.413979759943516e-05,3.530242409978819e-05,0.001070840197693575,0.0018239585784890562,0.0076017886561543895,0.0026712167568839727,0.0022711226170863733,0.00014120969639915275,0.0035302424099788185,0.011049658743233702,0.012344080960225936,0.01110849611673335,0.005318898564368087,0.012850082372322899,0.028253706754530476,0.04446928689103318,0.06346199105671922,0.07184043304306896,0.10122381736879266,0.08461991056719229,0.10775476582725348,0.08321958107790069,0.07568839726994588,0.07642974817604142,0.035114144504589315,0.015686043775005883,0.033396093198399625,0.029830548364321016,0.033890327135796657,0.010720169451635678,0.002176982819486938,0.012002824193927984,0.012214638738526712,0.002353494939985879,0.003577312308778536,0.00010590727229936456,5.8837373499646975e-05,0.0,0.0,0.0,0.0,0.0,0.0,0.0,0.0,0.0,0.0,0.0,0.0,0.0,0.0,0.0,0.0,0.0,0.0,0.0,0.0,0.0,0.0,0.0,0.0,0.0,0.0,0.0,0.0,0.0,0.0,0.0,0.0,0.0,0.0,0.0,0.0,0.0,0.0,0.0,0.0,0.0,0.0,0.0,nan,nan,4.283375773008367,2.8907757283619575,nan,0.9262727013529555,0.023437872912147262,0.0,0.0,0.0,0.0,0.0,0.0,0.0,0.0,0.0,0.0,0.0,0.0,0.0,0.0,0.0,0.0,0.0,0.0,0.0,0.0,0.0,0.0,0.0,0.0,0.0,0.18910400720396223,3.6064835659612795,14.885186852769026,10.144079243583972,1.175146330481765,0.9266018322880216,0.022760307269380272,0.0,0.0,0.0,0.0,0.0,0.0,0.0,0.0,0.0,0.0,0.0,0.0,0.0,0.0,0.0,0.0,0.0,0.0,0.0,0.0,0.0,0.0,0.0,0.0,0.0,0.1627218934911243,3.328402366863906,15.13313609467456,10.02958579881657,1.3461538461538465,0.4104,0.01013,0.0,0.0,0.0,0.0,0.0,0.0,0.0,0.0,0.0,0.0,0.0,4.335884736605126,25.33993696533094,0.3241782980639352,0.0,0.0,0.0,0.0,0.0,0.0,0.0,0.0,0.0,0.0,0.0,0.0,0.0,0.0,0.0,0.0,0.41,0.01025,0.0,0.0,0.0,0.0,0.0,0.0,0.0,0.0,0.0,0.0,0.0,4.733727810650881,24.985207100591722,0.2810650887573965,0.0,0.0,0.0,0.0,0.0,0.0,0.0,0.0,0.0,0.0,0.0,0.0,0.0,0.0,0.0,0.0
42300,4045,2118,0.5236093943139679,1008,803,0.4477132262051916,1103,0.5453646477132262,0.446,3.06850025947068,3.2179889710863123,6.866171003717472,2.2170194635168965,8306.615098128406,432.6969443943143,7853.0,8737.130134546756,8719.32345228017,5.511436101444616,7853.0,0.0,28.249938195302843,21.098815791610054,33.14017595307918,19.368997478242107,0.13819530284301607,0.09641532756489493,0.09592088998763906,0.08899876390605686,0.07762669962917182,0.07935723114956737,0.06600741656365884,0.05611866501854141,0.06032138442521632,0.05562422744128554,0.04351050679851669,0.04227441285537701,0.035105067985166875,0.027194066749072928,0.017552533992583438,0.011124845488257108,0.00865265760197775,0.9266856458484758,0.023031447793476156,0.0,0.0,0.0,0.0,0.0,0.0,0.0,0.0,0.0,0.0,0.0,0.0,0.0,0.0,0.0,0.0,0.0,0.0,0.0,0.0,0.0,0.0,0.0,0.0,0.007416563658838074,0.14833127317676145,3.4783683559950567,14.699629171817062,10.479604449938197,1.1866501854140916,4.322777565814574,3.004316504152578,nan,nan,nan,4.250385208012327,3.006877684731592,4.397125567322239,2.998803225377654,1.0345240142077698,0.4102,0.01009,0.0,0.0,0.0,0.0,0.0,0.0,0.0,0.0,0.0,0.0,0.0,4.605686032138436,25.075401730531528,0.31891223733003715,0.0,0.0,0.0,0.0,0.0,0.0,0.0,0.0,0.0,0.0,0.0,0.0,0.0,0.0,0.0,0.0,nan,nan,4.322777565814574,3.004316504152578,nan,0.4102,0.0497,0.0,0.0,0.0,0.0,0.0,0.0,0.0,0.0,0.0,0.0,0.0,0.0,0.0,0.0,0.0,0.0,0.0,0.0,0.0,0.0,0.0,9.888751545117429e-05,0.0,0.0012608158220024721,0.001977750309023486,0.007935723114956737,0.00242274412855377,0.00207663782447466,0.00018541409147095178,0.0035105067985166873,0.010086526576019777,0.013250927070457354,0.011779975278121137,0.004944375772558714,0.012496909765142152,0.027775030902348577,0.045092707045735474,0.06081582200247219,0.07095179233621755,0.10253399258343635,0.08771322620519159,0.10489493201483313,0.08121137206427688,0.07936959208899877,0.07799752781211372,0.03603213844252163,0.016909765142150802,0.0323114956736712,0.03003708281829419,0.03212608158220025,0.009592088998763905,0.002533992583436341,0.01196538936959209,0.012447466007416563,0.001977750309023486,0.0034610630407911,0.00019777503090234857,1.2360939431396786e-05,1.2360939431396786e-05,0.0,0.0,0.0,0.0,0.0,0.0,0.0,0.0,0.0,0.0,0.0,0.0,0.0,0.0,0.0,0.0,0.0,0.0,0.0,0.0,0.0,0.0,0.0,0.0,0.0,0.0,0.0,0.0,0.0,0.0,0.0,0.0,0.0,0.0,0.0,0.0,0.0,0.0,0.0,0.0,0.0,0.0,nan,nan,4.322777565814574,3.004316504152578,nan,0.925946518201891,0.022643888648167326,0.0,0.0,0.0,0.0,0.0,0.0,0.0,0.0,0.0,0.0,0.0,0.0,0.0,0.0,0.0,0.0,0.0,0.0,0.0,0.0,0.0,0.0,0.0,0.0,0.014164305949008502,0.21246458923512754,3.441926345609066,15.084985835694054,10.269121813031163,0.9773371104815867,0.9274980342010791,0.023423142852926623,0.0,0.0,0.0,0.0,0.0,0.0,0.0,0.0,0.0,0.0,0.0,0.0,0.0,0.0,0.0,0.0,0.0,0.0,0.0,0.0,0.0,0.0,0.0,0.0,0.0,0.07784120394395434,3.518422418266737,14.276076803321228,10.710949662688119,1.416709911779969,0.4102,0.01014,0.0,0.0,0.0,0.0,0.0,0.0,0.0,0.0,0.0,0.0,0.0,4.759206798866849,24.85835694050992,0.38243626062322955,0.0,0.0,0.0,0.0,0.0,0.0,0.0,0.0,0.0,0.0,0.0,0.0,0.0,0.0,0.0,0.0,0.4102,0.01005,0.0,0.0,0.0,0.0,0.0,0.0,0.0,0.0,0.0,0.0,0.0,4.436948624805391,25.313959522573953,0.24909185262065392,0.0,0.0,0.0,0.0,0.0,0.0,0.0,0.0,0.0,0.0,0.0,0.0,0.0,0.0,0.0,0.0
42400,4264,2224,0.5215759849906192,1046,831,0.4401969981238274,1162,0.5450281425891182,0.43,3.0294117647058822,3.232057204262681,7.017636684303351,2.094682792701679,8305.086608337677,432.99973435354275,7853.0,8738.364812487363,8719.770367784107,5.503125273706131,7853.0,0.0,27.18855534709193,20.540357483019587,32.06101315421215,18.878036668015923,0.14118198874296436,0.10600375234521577,0.10107879924953096,0.08888367729831144,0.07786116322701689,0.0698874296435272,0.075046904315197,0.057692307692307696,0.055347091932457786,0.05722326454033771,0.0476078799249531,0.0375234521575985,0.03400562851782364,0.020403377110694183,0.01477485928705441,0.009615384615384616,0.005863039399624765,0.927091906542626,0.022856728072598472,0.0,0.0,0.0,0.0,0.0,0.0,0.0,0.0,0.0,0.0,0.0,0.0,0.0,0.0,0.0,0.0,0.0,0.0,0.0,0.0,0.0,0.0,0.0,0.0,0.0,0.1055347091932458,3.475609756097562,14.514540337711074,10.673076923076925,1.2312382739212009,4.347211895910781,3.023065241314085,nan,nan,nan,4.450153374233129,3.0670873017169957,4.25036075036075,2.977806898489765,0.9551043285318659,0.4104,0.01044,0.0,0.0,0.0,0.0,0.0,0.0,0.0,0.0,0.0,0.0,0.0,4.720919324577855,24.84287054409006,0.43621013133208264,0.0,0.0,0.0,0.0,0.0,0.0,0.0,0.0,0.0,0.0,0.0,0.0,0.0,0.0,0.0,0.0,nan,nan,4.347211895910781,3.023065241314085,nan,0.4104,0.04993,0.0,0.0,0.0,0.0,0.0,0.0,0.0,0.0,0.0,0.0,0.0,0.0,0.0,0.0,0.0,0.0,0.0,0.0,0.0,0.0,0.0,0.00011726078799249531,0.0,0.0011843339587242025,0.002650093808630394,0.006871482176360225,0.0024507504690431518,0.002392120075046904,0.0001876172607879925,0.002908067542213884,0.010401031894934335,0.01352016885553471,0.013965759849906192,0.0049953095684803,0.012441369606003753,0.026864446529080675,0.04424249530956848,0.05844277673545966,0.07076688555347092,0.10160647279549719,0.0889423076923077,0.10345919324577861,0.08198874296435273,0.07835365853658537,0.07731003752345215,0.03984521575984991,0.015619136960600376,0.03242260787992495,0.03076923076923077,0.03150797373358349,0.010330675422138837,0.0032012195121951218,0.012124765478424015,0.012183395872420262,0.0014657598499061913,0.004233114446529081,0.00023452157598499062,0.0,0.0,0.0,0.0,0.0,0.0,0.0,0.0,0.0,0.0,0.0,0.0,0.0,0.0,0.0,0.0,0.0,0.0,0.0,0.0,0.0,0.0,0.0,0.0,0.0,0.0,0.0,0.0,0.0,0.0,0.0,0.0,0.0,0.0,0.0,0.0,0.0,0.0,0.0,0.0,0.0,0.0,0.0,0.0,nan,nan,4.347211895910781,3.023065241314085,nan,0.9274987197286791,0.02266819881480934,0.0,0.0,0.0,0.0,0.0,0.0,0.0,0.0,0.0,0.0,0.0,0.0,0.0,0.0,0.0,0.0,0.0,0.0,0.0,0.0,0.0,0.0,0.0,0.0,0.0,0.08093525179856116,3.43974820143885,14.325539568345327,10.953237410071944,1.200539568345324,0.9266484004025366,0.023052327652074937,0.0,0.0,0.0,0.0,0.0,0.0,0.0,0.0,0.0,0.0,0.0,0.0,0.0,0.0,0.0,0.0,0.0,0.0,0.0,0.0,0.0,0.0,0.0,0.0,0.0,0.13235294117647062,3.514705882352942,14.720588235294121,10.36764705882353,1.2647058823529413,0.4104,0.0105,0.0,0.0,0.0,0.0,0.0,0.0,0.0,0.0,0.0,0.0,0.0,4.518884892086325,24.99550359712231,0.485611510791367,0.0,0.0,0.0,0.0,0.0,0.0,0.0,0.0,0.0,0.0,0.0,0.0,0.0,0.0,0.0,0.0,0.4102,0.01037,0.0,0.0,0.0,0.0,0.0,0.0,0.0,0.0,0.0,0.0,0.0,4.941176470588228,24.6764705882353,0.3823529411764707,0.0,0.0,0.0,0.0,0.0,0.0,0.0,0.0,0.0,0.0,0.0,0.0,0.0,0.0,0.0,0.0
42500,4575,2311,0.5051366120218579,1081,944,0.4426229508196721,1293,0.5652459016393443,0.41,2.864840989399293,3.113052521151966,6.733668341708543,2.1573967136621004,8290.58342746726,433.12823060685554,7853.0,8738.02045353651,8719.267494877851,5.45305223424821,7853.0,0.0,27.410273224043717,20.71649334821557,32.43728724797067,18.98882494295774,0.14382513661202187,0.10710382513661203,0.09377049180327869,0.08437158469945355,0.08065573770491803,0.07693989071038251,0.07147540983606557,0.05792349726775956,0.052240437158469946,0.05792349726775956,0.046338797814207654,0.04021857923497268,0.031475409836065574,0.023387978142076504,0.01726775956284153,0.008524590163934427,0.006557377049180328,0.9256783326076028,0.022612363940137215,0.0,0.0,0.0,0.0,0.0,0.0,0.0,0.0,0.0,0.0,0.0,0.0,0.0,0.0,0.0,0.0,0.0,0.0,0.0,0.0,0.0,0.0,0.0,0.0,0.0,0.10491803278688527,3.7049180327868863,15.226229508196724,9.908196721311477,1.055737704918033,4.290589451913133,2.9331300123063864,nan,nan,nan,4.275172413793103,2.875485710922897,4.308275862068966,2.989314382199413,1.007743184384578,0.4106,0.01009,0.0,0.0,0.0,0.0,0.0,0.0,0.0,0.0,0.0,0.0,0.0,4.3540983606557315,25.239344262295088,0.40655737704918044,0.0,0.0,0.0,0.0,0.0,0.0,0.0,0.0,0.0,0.0,0.0,0.0,0.0,0.0,0.0,0.0,nan,nan,4.290589451913133,2.9331300123063864,nan,0.4106,0.0499,0.0,0.0,0.0,0.0,0.0,0.0,0.0,0.0,0.0,0.0,0.0,0.0,0.0,0.0,0.0,0.0,0.0,0.0,0.0,0.0,0.0,0.00014207650273224043,0.0,0.0008415300546448087,0.002010928961748634,0.007912568306010928,0.001628415300546448,0.0017923497267759562,0.0002185792349726776,0.002918032786885246,0.009846994535519125,0.013147540983606557,0.01444808743169399,0.006043715846994535,0.013114754098360656,0.027792349726775956,0.04715846994535519,0.05893989071038251,0.07018579234972677,0.0986120218579235,0.08792349726775957,0.09753005464480874,0.08236065573770492,0.07918032786885246,0.07827322404371585,0.04053551912568306,0.017584699453551914,0.030404371584699455,0.030939890710382514,0.034972677595628415,0.011366120218579235,0.002819672131147541,0.011256830601092897,0.0126775956284153,0.0007650273224043716,0.004568306010928962,6.557377049180328e-05,2.185792349726776e-05,0.0,0.0,0.0,0.0,0.0,0.0,0.0,0.0,0.0,0.0,0.0,0.0,0.0,0.0,0.0,0.0,0.0,0.0,0.0,0.0,0.0,0.0,0.0,0.0,0.0,0.0,0.0,0.0,0.0,0.0,0.0,0.0,0.0,0.0,0.0,0.0,0.0,0.0,0.0,0.0,0.0,0.0,0.0,nan,nan,4.290589451913133,2.9331300123063864,nan,0.9251481179600926,0.022425703373768778,0.0,0.0,0.0,0.0,0.0,0.0,0.0,0.0,0.0,0.0,0.0,0.0,0.0,0.0,0.0,0.0,0.0,0.0,0.0,0.0,0.0,0.0,0.0,0.0,0.0,0.16875811337083518,3.725659887494592,15.460839463435745,9.632193855473822,1.012548680225011,0.9262195543613113,0.022788604013066757,0.0,0.0,0.0,0.0,0.0,0.0,0.0,0.0,0.0,0.0,0.0,0.0,0.0,0.0,0.0,0.0,0.0,0.0,0.0,0.0,0.0,0.0,0.0,0.0,0.0,0.03975265017667845,3.68374558303887,14.986749116607777,10.18992932862191,1.0998233215547706,0.4106,0.0101,0.0,0.0,0.0,0.0,0.0,0.0,0.0,0.0,0.0,0.0,0.0,4.491562094331452,25.131977498918225,0.37646040675032466,0.0,0.0,0.0,0.0,0.0,0.0,0.0,0.0,0.0,0.0,0.0,0.0,0.0,0.0,0.0,0.0,0.411,0.010086,0.0,0.0,0.0,0.0,0.0,0.0,0.0,0.0,0.0,0.0,0.0,4.213780918727909,25.34893992932863,0.437279151943463,0.0,0.0,0.0,0.0,0.0,0.0,0.0,0.0,0.0,0.0,0.0,0.0,0.0,0.0,0.0,0.0
42600,4525,2355,0.5204419889502763,1095,921,0.445524861878453,1252,0.5533701657458564,0.418,2.9170506912442398,3.04899085249998,6.352180936995153,2.2404796090142876,8303.974119608765,432.91803900605004,7853.0,8736.458791041374,8719.521397549748,5.708675520402576,7853.0,0.0,28.173259668508287,20.999006366494726,33.08608923884515,19.24508160727765,0.13790055248618785,0.10165745856353592,0.09082872928176795,0.0881767955801105,0.07668508287292818,0.07093922651933701,0.07138121546961326,0.06718232044198895,0.06077348066298342,0.052154696132596684,0.041988950276243095,0.04154696132596685,0.035138121546961325,0.027182320441988952,0.017900552486187844,0.012375690607734807,0.0061878453038674034,0.9266350896582419,0.02314388546933321,0.0,0.0,0.0,0.0,0.0,0.0,0.0,0.0,0.0,0.0,0.0,0.0,0.0,0.0,0.0,0.0,0.0,0.0,0.0,0.0,0.0,0.0,0.0,0.0,0.0,0.1790055248618785,3.553591160220995,14.605524861878456,10.422099447513814,1.239779005524862,4.163654960790999,2.875377537512647,nan,nan,nan,4.170124481327801,2.8619878883917518,4.155450874831764,2.8883544482136165,0.9964812545616467,0.411,0.0102,0.0,0.0,0.0,0.0,0.0,0.0,0.0,0.0,0.0,0.0,0.006629834254143648,4.355801104972369,25.166850828729288,0.470718232044199,0.0,0.0,0.0,0.0,0.0,0.0,0.0,0.0,0.0,0.0,0.0,0.0,0.0,0.0,0.0,0.0,nan,nan,4.163654960790999,2.875377537512647,nan,0.411,0.0502,0.0,0.0,0.0,0.0,0.0,0.0,0.0,0.0,0.0,0.0,0.0,0.0,0.0,0.0,0.0,0.0,0.0,0.0,0.0,1.1049723756906077e-05,0.0,0.00015469613259668508,0.0,0.0007955801104972376,0.002143646408839779,0.007149171270718232,0.0018232044198895029,0.0017348066298342542,0.00035359116022099445,0.003248618784530387,0.009911602209944751,0.01261878453038674,0.013348066298342542,0.005790055248618785,0.013779005524861878,0.027922651933701657,0.04805524861878453,0.060143646408839777,0.07379005524861879,0.09711602209944752,0.08839779005524862,0.09629834254143646,0.08151381215469614,0.07676243093922652,0.07811049723756906,0.039049723756906074,0.01656353591160221,0.029535911602209943,0.02914917127071823,0.03643093922651934,0.013624309392265194,0.0023535911602209944,0.013149171270718232,0.013049723756906077,0.0006629834254143647,0.0054033149171270715,5.524861878453039e-05,0.0,0.0,0.0,0.0,0.0,0.0,0.0,0.0,0.0,0.0,0.0,0.0,0.0,0.0,0.0,0.0,0.0,0.0,0.0,0.0,0.0,0.0,0.0,0.0,0.0,0.0,0.0,0.0,0.0,0.0,0.0,0.0,0.0,0.0,0.0,0.0,0.0,0.0,0.0,0.0,0.0,0.0,0.0,0.0,nan,nan,4.163654960790999,2.875377537512647,nan,0.9258793546136018,0.02334519101002993,0.0,0.0,0.0,0.0,0.0,0.0,0.0,0.0,0.0,0.0,0.0,0.0,0.0,0.0,0.0,0.0,0.0,0.0,0.0,0.0,0.0,0.0,0.0,0.0,0.0,0.19108280254777074,3.783439490445861,14.573248407643316,10.24203821656051,1.210191082802548,0.9274552537274251,0.022895208776091636,0.0,0.0,0.0,0.0,0.0,0.0,0.0,0.0,0.0,0.0,0.0,0.0,0.0,0.0,0.0,0.0,0.0,0.0,0.0,0.0,0.0,0.0,0.0,0.0,0.0,0.16589861751152077,3.3041474654377887,14.640552995391708,10.61751152073733,1.2718894009216593,0.4111,0.01029,0.0,0.0,0.0,0.0,0.0,0.0,0.0,0.0,0.0,0.0,0.012738853503184716,4.318471337579612,25.22292993630574,0.4458598726114651,0.0,0.0,0.0,0.0,0.0,0.0,0.0,0.0,0.0,0.0,0.0,0.0,0.0,0.0,0.0,0.0,0.411,0.01011,0.0,0.0,0.0,0.0,0.0,0.0,0.0,0.0,0.0,0.0,0.0,4.396313364055293,25.105990783410146,0.49769585253456233,0.0,0.0,0.0,0.0,0.0,0.0,0.0,0.0,0.0,0.0,0.0,0.0,0.0,0.0,0.0,0.0
42700,4625,2369,0.5122162162162163,1116,957,0.4482162162162162,1312,0.5673513513513514,0.40199999999999997,2.986258865248227,3.1326023855635476,6.75,2.1437648770565456,8296.905847350585,433.20874239890543,7853.0,8738.061183029413,8719.637629377989,5.710724665760729,7853.0,0.0,27.784,20.714278746796857,32.7159793814433,18.970167907337157,0.14075675675675675,0.10183783783783784,0.0934054054054054,0.08475675675675676,0.07762162162162162,0.07913513513513513,0.06724324324324324,0.06464864864864865,0.05881081081081081,0.055135135135135134,0.050594594594594595,0.03805405405405406,0.027891891891891892,0.025945945945945945,0.017945945945945944,0.008864864864864866,0.0073513513513513516,0.9263289121034983,0.023286343477725364,0.0,0.0,0.0,0.0,0.0,0.0,0.0,0.0,0.0,0.0,0.0,0.0,0.0,0.0,0.0,0.0,0.0,0.0,0.0,0.0,0.0,0.0,0.0,0.0,0.0,0.18810810810810816,3.574054054054055,14.931891891891896,9.950270270270272,1.355675675675676,4.3297333783327705,2.884013361792662,nan,nan,nan,4.260190217391305,2.8522668267141253,4.397986577181208,2.9143240274088567,1.0323451190576842,0.4106,0.01038,0.0,0.0,0.0,0.0,0.0,0.0,0.0,0.0,0.0,0.0,0.0,4.631351351351345,24.882162162162167,0.48648648648648657,0.0,0.0,0.0,0.0,0.0,0.0,0.0,0.0,0.0,0.0,0.0,0.0,0.0,0.0,0.0,0.0,nan,nan,4.3297333783327705,2.884013361792662,nan,0.4106,0.05014,0.0,0.0,0.0,0.0,0.0,0.0,0.0,0.0,0.0,0.0,0.0,0.0,0.0,0.0,0.0,0.0,0.0,0.0,0.0,0.0,1.081081081081081e-05,3.243243243243243e-05,0.0,0.0006162162162162162,0.002064864864864865,0.0069405405405405405,0.0018486486486486487,0.002010810810810811,0.00034594594594594593,0.0032756756756756756,0.00957837837837838,0.01361081081081081,0.015005405405405405,0.006032432432432433,0.012908108108108107,0.028410810810810812,0.04747027027027027,0.06048648648648649,0.07393513513513514,0.09527567567567567,0.09224864864864865,0.0942918918918919,0.08474594594594595,0.0737945945945946,0.07838918918918919,0.03968648648648648,0.0176972972972973,0.026854054054054055,0.028324324324324326,0.0356,0.013956756756756757,0.0026486486486486487,0.012583783783783784,0.012713513513513514,0.0008648648648648649,0.005708108108108108,3.243243243243243e-05,0.0,0.0,0.0,0.0,0.0,0.0,0.0,0.0,0.0,0.0,0.0,0.0,0.0,0.0,0.0,0.0,0.0,0.0,0.0,0.0,0.0,0.0,0.0,0.0,0.0,0.0,0.0,0.0,0.0,0.0,0.0,0.0,0.0,0.0,0.0,0.0,0.0,0.0,0.0,0.0,0.0,0.0,0.0,0.0,nan,nan,4.3297333783327705,2.884013361792662,nan,0.9264079227936625,0.02340338946520606,0.0,0.0,0.0,0.0,0.0,0.0,0.0,0.0,0.0,0.0,0.0,0.0,0.0,0.0,0.0,0.0,0.0,0.0,0.0,0.0,0.0,0.0,0.0,0.0,0.0,0.16462642465175184,3.6091177712114826,14.84170536091178,9.902912621359224,1.4816378218657664,0.9262459438743321,0.0231625080851353,0.0,0.0,0.0,0.0,0.0,0.0,0.0,0.0,0.0,0.0,0.0,0.0,0.0,0.0,0.0,0.0,0.0,0.0,0.0,0.0,0.0,0.0,0.0,0.0,0.0,0.21276595744680857,3.5372340425531923,15.026595744680854,10.000000000000002,1.223404255319149,0.411,0.01038,0.0,0.0,0.0,0.0,0.0,0.0,0.0,0.0,0.0,0.0,0.0,4.394259181089061,25.01055297593922,0.5951878429717181,0.0,0.0,0.0,0.0,0.0,0.0,0.0,0.0,0.0,0.0,0.0,0.0,0.0,0.0,0.0,0.0,0.4102,0.01037,0.0,0.0,0.0,0.0,0.0,0.0,0.0,0.0,0.0,0.0,0.0,4.880319148936163,24.74734042553192,0.372340425531915,0.0,0.0,0.0,0.0,0.0,0.0,0.0,0.0,0.0,0.0,0.0,0.0,0.0,0.0,0.0,0.0
42800,4424,2269,0.5128842676311031,1035,874,0.4315099457504521,1250,0.5650994575045208,0.422,2.966125290023202,3.0748230776388366,6.431309904153355,2.159586076582797,8297.659827184001,433.36459696423503,7853.0,8738.649364435672,8719.978878564132,5.6818226926280255,7853.0,0.0,28.231464737793853,21.203978886976692,33.39745670995671,19.375079500556584,0.14534358047016274,0.10013562386980109,0.08883363471971067,0.08318264014466546,0.07662748643761302,0.07956600361663653,0.06238698010849909,0.06035262206148282,0.0544755877034358,0.05402350813743219,0.055831826401446655,0.04272151898734177,0.02961121157323689,0.029159132007233274,0.019665461121157322,0.012206148282097649,0.005877034358047016,0.9284948352960092,0.023233878511165547,0.0,0.0,0.0,0.0,0.0,0.0,0.0,0.0,0.0,0.0,0.0,0.0,0.0,0.0,0.0,0.0,0.0,0.0,0.0,0.0,0.0,0.0,0.0,0.0,0.0,0.10171790235081377,3.1193490054249557,14.267631103074145,10.883815551537072,1.6274864376130203,4.305915295764788,2.8673038873835264,nan,nan,nan,4.251235003528581,2.904570211726852,4.3597222222222225,2.8291223473319143,1.0255189888593774,0.4102,0.01011,0.0,0.0,0.0,0.0,0.0,0.0,0.0,0.0,0.0,0.0,0.0,4.651898734177209,24.907323688969264,0.4407775768535263,0.0,0.0,0.0,0.0,0.0,0.0,0.0,0.0,0.0,0.0,0.0,0.0,0.0,0.0,0.0,0.0,nan,nan,4.305915295764788,2.8673038873835264,nan,0.4102,0.05005,0.0,0.0,0.0,0.0,0.0,0.0,0.0,0.0,0.0,0.0,0.0,0.0,0.0,0.0,0.0,0.0,0.0,0.0,0.0,0.0,2.2603978300180832e-05,3.390596745027125e-05,0.0,0.0006555153707052441,0.002113471971066908,0.006769891500904159,0.0016161844484629294,0.0022943037974683545,0.0006442133815551537,0.003831374321880651,0.010013562386980108,0.013144213381555154,0.01550632911392405,0.005673598553345389,0.01253390596745027,0.02905741410488246,0.04751356238698011,0.06086121157323689,0.0741749547920434,0.09347875226039783,0.09421338155515371,0.09359177215189873,0.08401898734177216,0.07913652802893309,0.07729430379746835,0.03686708860759494,0.01849005424954792,0.026548372513562388,0.027362115732368898,0.03367992766726944,0.014489150090415914,0.00299502712477396,0.01169755877034358,0.013539783001808319,0.0011754068716094033,0.004871157323688969,9.041591320072333e-05,0.0,0.0,0.0,0.0,0.0,0.0,0.0,0.0,0.0,0.0,0.0,0.0,0.0,0.0,0.0,0.0,0.0,0.0,0.0,0.0,0.0,0.0,0.0,0.0,0.0,0.0,0.0,0.0,0.0,0.0,0.0,0.0,0.0,0.0,0.0,0.0,0.0,0.0,0.0,0.0,0.0,0.0,0.0,0.0,nan,nan,4.305915295764788,2.8673038873835264,nan,0.9287794903544615,0.02337387100967239,0.0,0.0,0.0,0.0,0.0,0.0,0.0,0.0,0.0,0.0,0.0,0.0,0.0,0.0,0.0,0.0,0.0,0.0,0.0,0.0,0.0,0.0,0.0,0.0,0.0,0.10577346848832087,3.1732040546496263,13.948876156897315,11.066549140590572,1.705597179374174,0.9281951219189195,0.023081769263156828,0.0,0.0,0.0,0.0,0.0,0.0,0.0,0.0,0.0,0.0,0.0,0.0,0.0,0.0,0.0,0.0,0.0,0.0,0.0,0.0,0.0,0.0,0.0,0.0,0.0,0.09744779582366592,3.062645011600929,14.603248259860793,10.69141531322506,1.5452436194895596,0.4102,0.01012,0.0,0.0,0.0,0.0,0.0,0.0,0.0,0.0,0.0,0.0,0.0,4.852357866901712,24.764213309828126,0.38342882327016314,0.0,0.0,0.0,0.0,0.0,0.0,0.0,0.0,0.0,0.0,0.0,0.0,0.0,0.0,0.0,0.0,0.4104,0.0101,0.0,0.0,0.0,0.0,0.0,0.0,0.0,0.0,0.0,0.0,0.0,4.440835266821339,25.058004640371237,0.5011600928074247,0.0,0.0,0.0,0.0,0.0,0.0,0.0,0.0,0.0,0.0,0.0,0.0,0.0,0.0,0.0,0.0
42900,4351,2231,0.5127556883475063,999,899,0.4362215582624684,1235,0.5676855895196506,0.438,3.008018867924528,3.16293866218997,6.807228915662651,2.24429268057127,8297.576336739528,433.3955758469567,7853.0,8739.928019666671,8720.033456366511,5.806282622222484,7853.0,0.0,27.241094001378993,20.66472957928122,32.20990371389271,18.98661545116958,0.14203631349115145,0.10319466789243852,0.10204550678005056,0.0850379223167088,0.08457825787175362,0.07630429786256034,0.07101815674557573,0.05814755228683061,0.0530912433923236,0.05102275339002528,0.045966444495518274,0.0372328200413698,0.03424500114916111,0.02344288669271432,0.016318087795908987,0.010342450011491611,0.0059756377844173755,0.9289181075461074,0.02341682249287756,0.0,0.0,0.0,0.0,0.0,0.0,0.0,0.0,0.0,0.0,0.0,0.0,0.0,0.0,0.0,0.0,0.0,0.0,0.0,0.0,0.0,0.0,0.0,0.0,0.0,0.15168926683521033,3.157894736842106,13.762353481958174,11.383589979315103,1.5444725350494144,4.3934306569343065,2.9336881543199813,nan,nan,nan,4.42511013215859,2.913443098015573,4.364560639070443,2.952909346509793,0.9863168392921758,0.4106,0.0103,0.0,0.0,0.0,0.0,0.0,0.0,0.0,0.0,0.0,0.0,0.0,4.5989427717765965,25.001149161112394,0.39990806711100907,0.0,0.0,0.0,0.0,0.0,0.0,0.0,0.0,0.0,0.0,0.0,0.0,0.0,0.0,0.0,0.0,nan,nan,4.3934306569343065,2.9336881543199813,nan,0.4106,0.05023,0.0,0.0,0.0,0.0,0.0,0.0,0.0,0.0,0.0,0.0,0.0,0.0,0.0,0.0,0.0,0.0,0.0,0.0,0.0,0.0,2.2983222247759137e-05,1.1491611123879568e-05,0.0,0.0005630889450700988,0.002907377614341531,0.0070903240634336935,0.0011606527235118365,0.0032291427258101585,0.001034245001149161,0.003585382670650425,0.009457595954952885,0.01299701218110779,0.014916111238795679,0.006067570673408412,0.012721213514134681,0.026763962307515515,0.04601241094001379,0.05690645828545162,0.07398299241553666,0.09349574810388417,0.09435761893817514,0.09756377844173753,0.08433693403815215,0.08114226614571363,0.07720064353022293,0.037968283153298095,0.017168467019076074,0.02628131464031257,0.028292346586991497,0.03467019076074466,0.013491151459434613,0.0029993105033325673,0.011284762123649737,0.01384739140427488,0.0012181107791312343,0.005182716616869685,5.745805561939784e-05,1.1491611123879568e-05,0.0,0.0,0.0,0.0,0.0,0.0,0.0,0.0,0.0,0.0,0.0,0.0,0.0,0.0,0.0,0.0,0.0,0.0,0.0,0.0,0.0,0.0,0.0,0.0,0.0,0.0,0.0,0.0,0.0,0.0,0.0,0.0,0.0,0.0,0.0,0.0,0.0,0.0,0.0,0.0,0.0,0.0,0.0,nan,nan,4.3934306569343065,2.9336881543199813,nan,0.9286155257455868,0.023699394090975472,0.0,0.0,0.0,0.0,0.0,0.0,0.0,0.0,0.0,0.0,0.0,0.0,0.0,0.0,0.0,0.0,0.0,0.0,0.0,0.0,0.0,0.0,0.0,0.0,0.0,0.1479157328552219,3.321380546839983,13.621694307485436,11.429852084267148,1.479157328552219,0.929236532072976,0.02311144828700638,0.0,0.0,0.0,0.0,0.0,0.0,0.0,0.0,0.0,0.0,0.0,0.0,0.0,0.0,0.0,0.0,0.0,0.0,0.0,0.0,0.0,0.0,0.0,0.0,0.0,0.1556603773584906,2.9858490566037745,13.91037735849057,11.33490566037736,1.6132075471698117,0.4106,0.01027,0.0,0.0,0.0,0.0,0.0,0.0,0.0,0.0,0.0,0.0,0.0,4.50470640968175,25.078440161362625,0.4168534289556254,0.0,0.0,0.0,0.0,0.0,0.0,0.0,0.0,0.0,0.0,0.0,0.0,0.0,0.0,0.0,0.0,0.4106,0.01034,0.0,0.0,0.0,0.0,0.0,0.0,0.0,0.0,0.0,0.0,0.0,4.698113207547163,24.919811320754725,0.3820754716981133,0.0,0.0,0.0,0.0,0.0,0.0,0.0,0.0,0.0,0.0,0.0,0.0,0.0,0.0,0.0,0.0
43000,4521,2300,0.5087370050873701,1089,948,0.45056403450564037,1292,0.5715549657155496,0.418,2.941467807294012,3.088692746018989,6.617741935483871,2.1561632736031293,8294.05146510912,433.4291839444849,7853.0,8740.199131542444,8719.95377119927,5.611817928392799,7853.0,0.0,27.654943596549437,20.90230544530177,32.60606860158311,19.207977539730663,0.13979208139792082,0.10617120106171202,0.09378456093784561,0.0869276708692767,0.08250387082503871,0.07210794072107941,0.07078080070780801,0.06060606060606061,0.06082725060827251,0.050210130502101304,0.04445919044459191,0.0378234903782349,0.034505640345056404,0.0203494802034948,0.019907100199071003,0.0115018801150188,0.0077416500774165,0.9291280158534827,0.023247692564616233,0.0,0.0,0.0,0.0,0.0,0.0,0.0,0.0,0.0,0.0,0.0,0.0,0.0,0.0,0.0,0.0,0.0,0.0,0.0,0.0,0.0,0.0,0.0,0.0,0.0,0.09289980092899804,3.224950232249503,13.848706038487064,11.31386861313869,1.5195753151957536,4.314629948364888,2.8583560039830322,nan,nan,nan,4.320381731424677,2.878761353420207,4.308281141266527,2.8383043854675485,0.9971991849539279,0.4102,0.01002,0.0,0.0,0.0,0.0,0.0,0.0,0.0,0.0,0.0,0.0,0.0,4.671532846715322,24.963503649635044,0.36496350364963515,0.0,0.0,0.0,0.0,0.0,0.0,0.0,0.0,0.0,0.0,0.0,0.0,0.0,0.0,0.0,0.0,nan,nan,4.314629948364888,2.8583560039830322,nan,0.4102,0.05,0.0,0.0,0.0,0.0,0.0,0.0,0.0,0.0,0.0,0.0,0.0,0.0,0.0,0.0,0.0,0.0,0.0,0.0,0.0,0.0,0.0,2.2119000221190002e-05,0.0,0.00045343950453439504,0.0029307675293076753,0.00829462508294625,0.0009953550099535502,0.0025105065251050654,0.000873700508737005,0.00395930103959301,0.00889183808891838,0.013304578633045787,0.015350586153505862,0.00634815306348153,0.011833665118336651,0.027858880778588807,0.045520902455209025,0.054921477549214774,0.07372262773722628,0.09805352798053528,0.09267861092678611,0.09484627294846273,0.08994691439946914,0.08074541030745411,0.07824596328245963,0.03586595885865959,0.018712674187126743,0.026620216766202166,0.028102189781021896,0.03209466932094669,0.013968148639681486,0.0037602300376023004,0.00838310108383101,0.014012386640123867,0.00103959301039593,0.005076310550763106,2.2119000221190002e-05,2.2119000221190002e-05,0.0,1.1059500110595001e-05,0.0,0.0,0.0,0.0,0.0,0.0,0.0,0.0,0.0,0.0,0.0,0.0,0.0,0.0,0.0,0.0,0.0,0.0,0.0,0.0,0.0,0.0,0.0,0.0,0.0,0.0,0.0,0.0,0.0,0.0,0.0,0.0,0.0,0.0,0.0,0.0,0.0,0.0,0.0,0.0,0.0,nan,nan,4.314629948364888,2.8583560039830322,nan,0.9288321247308151,0.023003766394024745,0.0,0.0,0.0,0.0,0.0,0.0,0.0,0.0,0.0,0.0,0.0,0.0,0.0,0.0,0.0,0.0,0.0,0.0,0.0,0.0,0.0,0.0,0.0,0.0,0.0,0.09130434782608698,3.2086956521739136,14.20434782608696,11.021739130434785,1.4739130434782612,0.9294344316941562,0.023493698903665115,0.0,0.0,0.0,0.0,0.0,0.0,0.0,0.0,0.0,0.0,0.0,0.0,0.0,0.0,0.0,0.0,0.0,0.0,0.0,0.0,0.0,0.0,0.0,0.0,0.0,0.09455200360198111,3.2417829806393526,13.480414227825307,11.61638901395768,1.566861773975687,0.41,0.0101,0.0,0.0,0.0,0.0,0.0,0.0,0.0,0.0,0.0,0.0,0.0,4.721739130434775,24.847826086956527,0.4304347826086958,0.0,0.0,0.0,0.0,0.0,0.0,0.0,0.0,0.0,0.0,0.0,0.0,0.0,0.0,0.0,0.0,0.4104,0.009926,0.0,0.0,0.0,0.0,0.0,0.0,0.0,0.0,0.0,0.0,0.0,4.61954074741107,25.08329581269699,0.2971634398919406,0.0,0.0,0.0,0.0,0.0,0.0,0.0,0.0,0.0,0.0,0.0,0.0,0.0,0.0,0.0,0.0
43100,4486,2319,0.516941596076683,1080,919,0.44560855996433346,1243,0.5541685242978154,0.426,2.985694508537148,3.1539894624419054,6.786310517529215,2.142910720102477,8301.098750983552,433.1832976711953,7853.0,8738.428883874416,8719.826648086339,5.61903568754504,7853.0,0.0,28.000668747213552,20.955502385967133,32.90803074476544,19.234606139157123,0.13575568435131521,0.10320998662505573,0.09184128399465002,0.0925100312082033,0.07735176103432902,0.07423094070441373,0.07066428889879625,0.0637539010254124,0.05550601872492198,0.05260811413285778,0.047481052162282655,0.03388319215336603,0.03522068658047258,0.029424877396344182,0.018056174765938474,0.013152028533214444,0.005349977708426215,0.9284019817797882,0.023671034904972077,0.0,0.0,0.0,0.0,0.0,0.0,0.0,0.0,0.0,0.0,0.0,0.0,0.0,0.0,0.0,0.0,0.0,0.0,0.0,0.0,0.0,0.0,0.0,0.0,0.01337494427106554,0.14712438698172092,3.383860900579582,13.749442710655375,11.22157824342399,1.484618814088275,4.264818024263431,2.905065141510065,nan,nan,nan,4.2952836637047165,2.900542935632703,4.233473980309423,2.9093774664506196,0.9856098716092753,0.4094,0.01008,0.0,0.0,0.0,0.0,0.0,0.0,0.0,0.0,0.0,0.0,0.0,5.309852875613011,24.489522960321004,0.2006241640659831,0.0,0.0,0.0,0.0,0.0,0.0,0.0,0.0,0.0,0.0,0.0,0.0,0.0,0.0,0.0,0.0,nan,nan,4.264818024263431,2.905065141510065,nan,0.4094,0.0499,0.0,0.0,0.0,0.0,0.0,0.0,0.0,0.0,0.0,0.0,0.0,0.0,0.0,0.0,0.0,0.0,0.0,0.0,0.0,0.0,0.0,0.0,0.0,0.00041239411502452073,0.002574676772180116,0.007813196611680784,0.0008024966562639323,0.0022960320998662506,0.0009473918858671422,0.0043580026749888544,0.0089389210878288,0.014244315648684797,0.01647347302719572,0.006654034774855105,0.013352652697280427,0.030606330806954973,0.04790459206419973,0.05595185020062417,0.07205751226036558,0.09884083816317432,0.090715559518502,0.09232055283102987,0.0871043245653143,0.0865916183682568,0.07734061524743648,0.03380517164511815,0.01879179670084708,0.025691038787338385,0.02820998662505573,0.03149799375835934,0.01347525635309853,0.0028756130182790904,0.007099866250557289,0.012594739188586715,0.00130405706642889,0.006107891217119929,4.458314757021846e-05,0.00020062416406598307,0.0,0.0,0.0,0.0,0.0,0.0,0.0,0.0,0.0,0.0,0.0,0.0,0.0,0.0,0.0,0.0,0.0,0.0,0.0,0.0,0.0,0.0,0.0,0.0,0.0,0.0,0.0,0.0,0.0,0.0,0.0,0.0,0.0,0.0,0.0,0.0,0.0,0.0,0.0,0.0,0.0,0.0,0.0,nan,nan,4.264818024263431,2.905065141510065,nan,0.928898459007227,0.02346726193284871,0.0,0.0,0.0,0.0,0.0,0.0,0.0,0.0,0.0,0.0,0.0,0.0,0.0,0.0,0.0,0.0,0.0,0.0,0.0,0.0,0.0,0.0,0.0,0.0,0.012936610608020701,0.11642949547218631,3.2212160413971547,13.66106080206986,11.526520051746445,1.4618369987063393,0.9278706801229212,0.023875742995153378,0.0,0.0,0.0,0.0,0.0,0.0,0.0,0.0,0.0,0.0,0.0,0.0,0.0,0.0,0.0,0.0,0.0,0.0,0.0,0.0,0.0,0.0,0.0,0.0,0.013844023996308264,0.17997231195200744,3.5579141670512238,13.844023996308264,10.895246885094602,1.5089986155976007,0.4094,0.00987,0.0,0.0,0.0,0.0,0.0,0.0,0.0,0.0,0.0,0.0,0.0,5.252263906856395,24.566623544631312,0.18111254851228983,0.0,0.0,0.0,0.0,0.0,0.0,0.0,0.0,0.0,0.0,0.0,0.0,0.0,0.0,0.0,0.0,0.4094,0.01029,0.0,0.0,0.0,0.0,0.0,0.0,0.0,0.0,0.0,0.0,0.0,5.371481310567598,24.40701430549147,0.22150438394093222,0.0,0.0,0.0,0.0,0.0,0.0,0.0,0.0,0.0,0.0,0.0,0.0,0.0,0.0,0.0,0.0
43200,4593,2367,0.5153494448073155,1071,907,0.4306553450903549,1273,0.5543217940344002,0.438,3.119496855345912,3.175618441687678,6.648648648648648,2.235323768053232,8299.459426160056,432.97668202469555,7853.0,8741.755156600475,8719.323677377752,5.650561613225919,7853.0,0.0,27.943174395819725,20.976779841389156,32.93350649350649,19.24556941869889,0.14021336816895275,0.10015240583496625,0.09209666884389288,0.0886131069018071,0.08425865447419988,0.07576747224036577,0.06705856738515131,0.05682560418027433,0.05704332680165469,0.051382538645765294,0.04615719573263662,0.043979969518833005,0.03352928369257566,0.0276507729153059,0.018941868060091443,0.009362072719355541,0.006967123884171565,0.9267214244418536,0.02312446379175197,0.0,0.0,0.0,0.0,0.0,0.0,0.0,0.0,0.0,0.0,0.0,0.0,0.0,0.0,0.0,0.0,0.0,0.0,0.0,0.0,0.0,0.0,0.0,0.0,0.0065316786414108445,0.09144350097975182,3.6642717178314834,14.794252122795562,10.052253429131289,1.39124755062051,4.4186046511627906,2.8757695637483502,nan,nan,nan,4.427491408934708,2.8818784852727712,4.407356948228883,2.869125385935127,0.9954523998250582,0.4092,0.01047,0.0,0.0,0.0,0.0,0.0,0.0,0.0,0.0,0.0,0.0,0.0,5.558458523840619,24.088830829523193,0.3527106466361856,0.0,0.0,0.0,0.0,0.0,0.0,0.0,0.0,0.0,0.0,0.0,0.0,0.0,0.0,0.0,0.0,nan,nan,4.4186046511627906,2.8757695637483502,nan,0.4092,0.0502,0.0,0.0,0.0,0.0,0.0,0.0,0.0,0.0,0.0,0.0,0.0,0.0,0.0,0.0,0.0,0.0,0.0,0.0,0.0,0.0,0.0,0.0,0.0,0.0005987372087959939,0.0021989984759416504,0.007968647942521228,0.00062050947093403,0.0024167210973220117,0.0010232963204876986,0.002917483126496843,0.009329414326148486,0.01484868277814065,0.016623122142390593,0.00795776181145221,0.014239059438275636,0.0324733289788809,0.047757456999782275,0.05802307859786632,0.06917047681254082,0.10177443936424994,0.08803614195514914,0.089157413455258,0.08663183104724581,0.08724145438711083,0.07828216851730894,0.033104724580883954,0.017461354234704986,0.02410189418680601,0.027498367080339647,0.033964728935336384,0.013183104724580884,0.0032658393207054214,0.006651426083170041,0.012715001088613107,0.0014805138253864577,0.006673198345308077,9.797517962116264e-05,0.0005116481602438493,0.0,0.0,0.0,0.0,0.0,0.0,0.0,0.0,0.0,0.0,0.0,0.0,0.0,0.0,0.0,0.0,0.0,0.0,0.0,0.0,0.0,0.0,0.0,0.0,0.0,0.0,0.0,0.0,0.0,0.0,0.0,0.0,0.0,0.0,0.0,0.0,0.0,0.0,0.0,0.0,0.0,0.0,0.0,nan,nan,4.4186046511627906,2.8757695637483502,nan,0.9268177352376663,0.0230872278913582,0.0,0.0,0.0,0.0,0.0,0.0,0.0,0.0,0.0,0.0,0.0,0.0,0.0,0.0,0.0,0.0,0.0,0.0,0.0,0.0,0.0,0.0,0.0,0.0,0.012674271229404312,0.08871989860583018,3.4727503168567817,14.803548795944236,10.228136882129279,1.3941698352344745,0.9266190130969799,0.023163553343128685,0.0,0.0,0.0,0.0,0.0,0.0,0.0,0.0,0.0,0.0,0.0,0.0,0.0,0.0,0.0,0.0,0.0,0.0,0.0,0.0,0.0,0.0,0.0,0.0,0.0,0.09433962264150945,3.8679245283018875,14.78436657681941,9.86522911051213,1.3881401617250677,0.4092,0.01031,0.0,0.0,0.0,0.0,0.0,0.0,0.0,0.0,0.0,0.0,0.0,5.525982256020271,24.15716096324462,0.31685678073510776,0.0,0.0,0.0,0.0,0.0,0.0,0.0,0.0,0.0,0.0,0.0,0.0,0.0,0.0,0.0,0.0,0.4094,0.010635,0.0,0.0,0.0,0.0,0.0,0.0,0.0,0.0,0.0,0.0,0.0,5.592991913746623,24.016172506738553,0.3908355795148249,0.0,0.0,0.0,0.0,0.0,0.0,0.0,0.0,0.0,0.0,0.0,0.0,0.0,0.0,0.0,0.0
43300,4572,2367,0.5177165354330708,1134,890,0.4426946631671041,1255,0.5489938757655293,0.434,3.093877551020408,3.2189607868634442,6.771956856702619,2.1665084898655387,8301.454505225032,432.8556018812763,7853.0,8741.660151922702,8719.216306670405,5.698220767154421,7853.0,0.0,28.2169728783902,21.00252433951239,33.272703549060545,19.176291963884516,0.13867016622922135,0.10083114610673666,0.08902012248468942,0.08508311461067367,0.0789588801399825,0.0726159230096238,0.07349081364829396,0.06277340332458442,0.05774278215223097,0.05468066491688539,0.048775153105861765,0.04265091863517061,0.0310586176727909,0.024715660542432197,0.021434820647419073,0.010061242344706912,0.0074365704286964126,0.9264511114682217,0.023460641597343464,0.0,0.0,0.0,0.0,0.0,0.0,0.0,0.0,0.0,0.0,0.0,0.0,0.0,0.0,0.0,0.0,0.0,0.0,0.0,0.0,0.0,0.0,0.0,0.0,0.006561679790026248,0.13779527559055121,3.772965879265093,14.606299212598428,10.104986876640421,1.371391076115486,4.302231237322515,2.9722519579889806,nan,nan,nan,4.2594594594594595,2.969025635007121,4.345060893098782,2.9748629952783263,1.0200967832782672,0.4092,0.01063,0.0,0.0,0.0,0.0,0.0,0.0,0.0,0.0,0.0,0.0,0.0,5.9186351706036655,23.759842519685044,0.32152230971128615,0.0,0.0,0.0,0.0,0.0,0.0,0.0,0.0,0.0,0.0,0.0,0.0,0.0,0.0,0.0,0.0,nan,nan,4.302231237322515,2.9722519579889806,nan,0.4092,0.05057,0.0,0.0,0.0,0.0,0.0,0.0,0.0,0.0,0.0,0.0,0.0,0.0,0.0,0.0,0.0,0.0,0.0,0.0,0.0,0.0,0.0,0.0,0.0,0.0006014873140857392,0.002012248468941382,0.008727034120734908,0.0007327209098862642,0.002230971128608924,0.0010717410323709535,0.002985564304461942,0.00939413823272091,0.014566929133858268,0.01710411198600175,0.008398950131233596,0.01504811898512686,0.031878827646544185,0.04800962379702537,0.06033464566929134,0.06824146981627296,0.10125765529308836,0.08581583552055994,0.08903105861767278,0.08676727909011374,0.09082458442694663,0.07450787401574803,0.03213035870516186,0.019411636045494313,0.021806649168853894,0.025765529308836396,0.03513779527559055,0.013648293963254593,0.003083989501312336,0.0068241469816272965,0.013353018372703413,0.0016294838145231845,0.007239720034995625,0.000142169728783902,0.000284339457567804,0.0,0.0,0.0,0.0,0.0,0.0,0.0,0.0,0.0,0.0,0.0,0.0,0.0,0.0,0.0,0.0,0.0,0.0,0.0,0.0,0.0,0.0,0.0,0.0,0.0,0.0,0.0,0.0,0.0,0.0,0.0,0.0,0.0,0.0,0.0,0.0,0.0,0.0,0.0,0.0,0.0,0.0,0.0,nan,nan,4.302231237322515,2.9722519579889806,nan,0.9264083425858679,0.02343777924606281,0.0,0.0,0.0,0.0,0.0,0.0,0.0,0.0,0.0,0.0,0.0,0.0,0.0,0.0,0.0,0.0,0.0,0.0,0.0,0.0,0.0,0.0,0.0,0.0,0.012674271229404312,0.16476552598225608,3.7896070975918894,14.537389100126745,10.152091254752854,1.343472750316857,0.926497022554177,0.023485072182454866,0.0,0.0,0.0,0.0,0.0,0.0,0.0,0.0,0.0,0.0,0.0,0.0,0.0,0.0,0.0,0.0,0.0,0.0,0.0,0.0,0.0,0.0,0.0,0.0,0.0,0.10884353741496601,3.755102040816327,14.68027210884354,10.054421768707485,1.4013605442176875,0.4092,0.01067,0.0,0.0,0.0,0.0,0.0,0.0,0.0,0.0,0.0,0.0,0.0,5.906210392902399,23.77693282636249,0.31685678073510776,0.0,0.0,0.0,0.0,0.0,0.0,0.0,0.0,0.0,0.0,0.0,0.0,0.0,0.0,0.0,0.0,0.409,0.01058,0.0,0.0,0.0,0.0,0.0,0.0,0.0,0.0,0.0,0.0,0.0,5.931972789115638,23.74149659863946,0.326530612244898,0.0,0.0,0.0,0.0,0.0,0.0,0.0,0.0,0.0,0.0,0.0,0.0,0.0,0.0,0.0,0.0
43400,4756,2498,0.5252312867956266,1193,951,0.4507989907485282,1320,0.5550883095037847,0.414,2.987156775907883,3.1543288929050015,6.665079365079365,2.155955850341518,8307.986904461663,432.5966162367431,7853.0,8740.113249742984,8719.260095123967,5.504883219624848,7853.0,0.0,27.637089991589573,20.65115160265575,32.464535464535466,18.936786662997267,0.13940285954583684,0.10008410428931876,0.08767872161480235,0.09545836837678721,0.08200168208578637,0.07632464255677039,0.07464255677039529,0.06223717409587889,0.05298570227081581,0.05445752733389403,0.04520605550883095,0.04184188393608074,0.03259041211101766,0.02039529015979815,0.018292682926829267,0.009671993271656855,0.00672834314550042,0.9272851515608339,0.02295865524380784,0.0,0.0,0.0,0.0,0.0,0.0,0.0,0.0,0.0,0.0,0.0,0.0,0.0,0.0,0.0,0.0,0.0,0.0,0.0,0.0,0.0,0.0,0.0,0.0,0.0,0.15769554247266612,3.3368376787216154,14.507989907485285,10.710681244743485,1.2867956265769556,4.165095872603185,2.9408717165615847,nan,nan,nan,4.181878306878307,2.93795895498382,4.148881789137381,2.9435922223245705,0.9921096418117538,0.4087,0.01042,0.0,0.0,0.0,0.0,0.0,0.0,0.0,0.0,0.0,0.0,0.0,6.150126156433969,23.584945332211948,0.26492851135407913,0.0,0.0,0.0,0.0,0.0,0.0,0.0,0.0,0.0,0.0,0.0,0.0,0.0,0.0,0.0,0.0,nan,nan,4.165095872603185,2.9408717165615847,nan,0.4087,0.05112,0.0,0.0,0.0,0.0,0.0,0.0,0.0,0.0,0.0,0.0,0.0,0.0,0.0,0.0,0.0,0.0,0.0,0.0,0.0,0.0,0.0,0.0,0.0,0.0008830950378469302,0.001471825063078217,0.009409167367535744,0.0008410428931875525,0.0021656854499579477,0.0017346509671993273,0.002659798149705635,0.0097771236333053,0.01409798149705635,0.01868166526492851,0.008368376787216148,0.01479184188393608,0.03234861227922624,0.05105130361648444,0.06257359125315391,0.06627417998317914,0.10335365853658536,0.08361017661900758,0.08632253994953742,0.08528174936921783,0.08912952060555088,0.07335996635828428,0.033610176619007566,0.018187552565180825,0.019911690496215308,0.02521026072329689,0.0375946173254836,0.013362068965517242,0.003048780487804878,0.008126576955424727,0.01392977291841884,0.0016400336417157276,0.006812447434819176,0.00017872161480235493,0.00018923465096719932,0.0,0.0,1.0513036164844407e-05,0.0,0.0,0.0,0.0,0.0,0.0,0.0,0.0,0.0,0.0,0.0,0.0,0.0,0.0,0.0,0.0,0.0,0.0,0.0,0.0,0.0,0.0,0.0,0.0,0.0,0.0,0.0,0.0,0.0,0.0,0.0,0.0,0.0,0.0,0.0,0.0,0.0,0.0,0.0,0.0,nan,nan,4.165095872603185,2.9408717165615847,nan,0.9273869172394801,0.022502676646724968,0.0,0.0,0.0,0.0,0.0,0.0,0.0,0.0,0.0,0.0,0.0,0.0,0.0,0.0,0.0,0.0,0.0,0.0,0.0,0.0,0.0,0.0,0.0,0.0,0.0,0.14411529223378705,3.194555644515613,14.747798238590876,10.724579663730987,1.188951160928743,0.9271725693352989,0.023452258198565484,0.0,0.0,0.0,0.0,0.0,0.0,0.0,0.0,0.0,0.0,0.0,0.0,0.0,0.0,0.0,0.0,0.0,0.0,0.0,0.0,0.0,0.0,0.0,0.0,0.0,0.1727192205491586,3.494242692648362,14.242692648361386,10.695305580159435,1.3950398582816657,0.4082,0.01049,0.0,0.0,0.0,0.0,0.0,0.0,0.0,0.0,0.0,0.0,0.0,6.653322658126491,23.094475580464376,0.25220176140912737,0.0,0.0,0.0,0.0,0.0,0.0,0.0,0.0,0.0,0.0,0.0,0.0,0.0,0.0,0.0,0.0,0.4092,0.01033,0.0,0.0,0.0,0.0,0.0,0.0,0.0,0.0,0.0,0.0,0.0,5.593445527015049,24.127546501328617,0.27900797165633306,0.0,0.0,0.0,0.0,0.0,0.0,0.0,0.0,0.0,0.0,0.0,0.0,0.0,0.0,0.0,0.0
43500,4843,2498,0.5157959942184597,1168,1019,0.45157959942184595,1371,0.5661779888498865,0.40199999999999997,2.955650319829424,3.115090694587606,6.606980273141123,2.1672160315437403,8299.8615029795,432.979131063841,7853.0,8738.852576220035,8719.353186120781,5.611855118784092,7853.0,0.0,27.902539748090028,20.888156780678813,32.92971639950678,19.109283798541053,0.1414412554201941,0.09911212058641337,0.09250464588065249,0.0844517860830064,0.08135453231468098,0.0807350815610159,0.06462936196572372,0.06380342762750361,0.060912657443733226,0.05244683047697708,0.04439397067933099,0.03943836465001033,0.034689242205244684,0.02415857939293826,0.017138137518067312,0.01176956431963659,0.007020441874870948,0.9267586199503262,0.023329174827217147,0.0,0.0,0.0,0.0,0.0,0.0,0.0,0.0,0.0,0.0,0.0,0.0,0.0,0.0,0.0,0.0,0.0,0.0,0.0,0.0,0.0,0.0,0.0,0.0,0.0,0.12389015073301675,3.933512285773282,14.179227751393768,10.450134214329964,1.3132355977699777,4.2131461391193366,2.925124882332274,nan,nan,nan,4.138695376820773,2.948215259914773,4.287001287001287,2.8996513155217642,1.0358339758492778,0.409,0.010345,0.0,0.0,0.0,0.0,0.0,0.0,0.0,0.0,0.0,0.0,0.0,5.661779888498856,24.152384885401617,0.18583522609952513,0.0,0.0,0.0,0.0,0.0,0.0,0.0,0.0,0.0,0.0,0.0,0.0,0.0,0.0,0.0,0.0,nan,nan,4.2131461391193366,2.925124882332274,nan,0.409,0.0514,0.0,0.0,0.0,0.0,0.0,0.0,0.0,0.0,0.0,0.0,0.0,0.0,0.0,0.0,0.0,0.0,0.0,0.0,0.0,0.0,0.0,0.0,0.0,0.0010530662812306421,0.0008465826966756142,0.009725376832541812,0.0010840388189138964,0.0019306215155895107,0.0021371051001445383,0.002250671071649804,0.009684080115630808,0.014061532108197399,0.021020028907701837,0.006648771422671898,0.015011356597150527,0.032768944868882925,0.05024778030146603,0.060644228783811684,0.0647635762956845,0.10501755110468718,0.08416270906462936,0.08799297955812513,0.08383233532934131,0.08822011150113566,0.07211439190584348,0.033088994424943216,0.01770596737559364,0.02014247367334297,0.028009498244889533,0.03828205657650217,0.012936196572372497,0.003117902126780921,0.008476151145983895,0.013576295684493082,0.002281643609333058,0.006793309931860417,0.00027875283914928766,7.226925459425976e-05,0.0,0.0,2.0648358455502788e-05,0.0,0.0,0.0,0.0,0.0,0.0,0.0,0.0,0.0,0.0,0.0,0.0,0.0,0.0,0.0,0.0,0.0,0.0,0.0,0.0,0.0,0.0,0.0,0.0,0.0,0.0,0.0,0.0,0.0,0.0,0.0,0.0,0.0,0.0,0.0,0.0,0.0,0.0,0.0,0.0,nan,nan,4.2131461391193366,2.925124882332274,nan,0.9269156838961846,0.023029660529762908,0.0,0.0,0.0,0.0,0.0,0.0,0.0,0.0,0.0,0.0,0.0,0.0,0.0,0.0,0.0,0.0,0.0,0.0,0.0,0.0,0.0,0.0,0.0,0.0,0.0,0.13210568454763813,3.7590072057646124,14.183346677341877,10.664531625300244,1.261008807045637,0.9265913083355055,0.02364291011494359,0.0,0.0,0.0,0.0,0.0,0.0,0.0,0.0,0.0,0.0,0.0,0.0,0.0,0.0,0.0,0.0,0.0,0.0,0.0,0.0,0.0,0.0,0.0,0.0,0.0,0.11513859275053308,4.119402985074627,14.17484008528785,10.22174840085288,1.3688699360341154,0.4092,0.01033,0.0,0.0,0.0,0.0,0.0,0.0,0.0,0.0,0.0,0.0,0.0,5.236188951160922,24.571657325860695,0.19215372297838276,0.0,0.0,0.0,0.0,0.0,0.0,0.0,0.0,0.0,0.0,0.0,0.0,0.0,0.0,0.0,0.0,0.4087,0.01036,0.0,0.0,0.0,0.0,0.0,0.0,0.0,0.0,0.0,0.0,0.0,6.115138592750524,23.705756929637534,0.17910447761194034,0.0,0.0,0.0,0.0,0.0,0.0,0.0,0.0,0.0,0.0,0.0,0.0,0.0,0.0,0.0,0.0
43600,4758,2408,0.5060949978982766,1183,984,0.45544346364018495,1368,0.575031525851198,0.414,2.9191489361702128,3.0709786573644937,6.3993993993994,2.233299636615415,8291.453058365028,433.15851344656545,7853.0,8736.92294883132,8719.345370307643,5.552839950640593,7853.0,0.0,28.246321984026903,20.894555579016842,33.24274274274274,19.061688877634968,0.13934426229508196,0.10130306851618327,0.08364859184531316,0.08490962589323245,0.08007566204287515,0.07545187053383774,0.07608238755779739,0.06137032366540563,0.061580496006725514,0.05275325767129046,0.0451870533837747,0.04224464060529634,0.033417402269861285,0.02669188734762505,0.019335855401429174,0.009667927700714587,0.0069356872635561164,0.9274158057869859,0.022903249522622397,0.0,0.0,0.0,0.0,0.0,0.0,0.0,0.0,0.0,0.0,0.0,0.0,0.0,0.0,0.0,0.0,0.0,0.0,0.0,0.0,0.0,0.0,0.0,0.0,0.006305170239596471,0.11979823455233293,3.310214375788147,14.476670870113496,10.819672131147543,1.2673392181588905,4.235691318327974,2.8849447471493614,nan,nan,nan,4.19140625,2.899547217088834,4.278907242693774,2.8699644836688494,1.020876285302522,0.4087,0.0105,0.0,0.0,0.0,0.0,0.0,0.0,0.0,0.0,0.0,0.0,0.0,6.2168978562421096,23.436317780580083,0.3467843631778059,0.0,0.0,0.0,0.0,0.0,0.0,0.0,0.0,0.0,0.0,0.0,0.0,0.0,0.0,0.0,0.0,nan,nan,4.235691318327974,2.8849447471493614,nan,0.4087,0.05084,0.0,0.0,0.0,0.0,0.0,0.0,0.0,0.0,0.0,0.0,0.0,0.0,0.0,0.0,0.0,0.0,0.0,0.0,0.0,0.0,0.0,0.0,0.0,0.0013240857503152585,0.0007145859604875998,0.008795712484237075,0.0010718789407313997,0.0016603614964270702,0.0022173182009247584,0.0023118957545187053,0.008722152164775116,0.01348255569567045,0.019188734762505256,0.006746532156368222,0.016225304749894913,0.03314417822614544,0.05108238755779739,0.06462799495586381,0.06677175283732661,0.10581126523749475,0.08688524590163935,0.08584489281210593,0.08103194619588062,0.08737915090374107,0.07211013030685162,0.035130306851618325,0.01690836485918453,0.018379571248423706,0.027490542244640606,0.03720050441361917,0.013398486759142497,0.003015973097940311,0.009110970996216898,0.013188314417822615,0.002343421605716688,0.006420765027322404,0.0002627154266498529,0.0,0.0,0.0,0.0,0.0,0.0,0.0,0.0,0.0,0.0,0.0,0.0,0.0,0.0,0.0,0.0,0.0,0.0,0.0,0.0,0.0,0.0,0.0,0.0,0.0,0.0,0.0,0.0,0.0,0.0,0.0,0.0,0.0,0.0,0.0,0.0,0.0,0.0,0.0,0.0,0.0,0.0,0.0,0.0,nan,nan,4.235691318327974,2.8849447471493614,nan,0.9273359395340828,0.022894925733856937,0.0,0.0,0.0,0.0,0.0,0.0,0.0,0.0,0.0,0.0,0.0,0.0,0.0,0.0,0.0,0.0,0.0,0.0,0.0,0.0,0.0,0.0,0.0,0.0,0.0,0.12458471760797345,3.3139534883720936,14.426910299003325,10.93853820598007,1.1960132890365451,0.9274976432069819,0.022911486820262335,0.0,0.0,0.0,0.0,0.0,0.0,0.0,0.0,0.0,0.0,0.0,0.0,0.0,0.0,0.0,0.0,0.0,0.0,0.0,0.0,0.0,0.0,0.0,0.0,0.012765957446808513,0.11489361702127662,3.306382978723405,14.527659574468089,10.697872340425535,1.340425531914894,0.4087,0.01034,0.0,0.0,0.0,0.0,0.0,0.0,0.0,0.0,0.0,0.0,0.0,6.166943521594676,23.546511627906984,0.28654485049833894,0.0,0.0,0.0,0.0,0.0,0.0,0.0,0.0,0.0,0.0,0.0,0.0,0.0,0.0,0.0,0.0,0.409,0.01066,0.0,0.0,0.0,0.0,0.0,0.0,0.0,0.0,0.0,0.0,0.0,6.268085106382969,23.323404255319154,0.40851063829787243,0.0,0.0,0.0,0.0,0.0,0.0,0.0,0.0,0.0,0.0,0.0,0.0,0.0,0.0,0.0,0.0
43700,4501,2326,0.5167740502110643,1094,909,0.4450122195067763,1251,0.5558764718951344,0.418,2.942528735632184,3.0185492512973178,6.3493589743589745,2.092354727820989,8300.752824328052,432.9948973698048,7853.0,8741.180296444893,8719.43828989706,5.732404661104355,7853.0,0.0,28.047544990002223,20.864092040502214,33.038125496425735,19.06072476243471,0.13974672295045545,0.09842257276160853,0.09309042435014442,0.0806487447233948,0.08442568318151522,0.07887136191957343,0.06598533659186848,0.06443012663852478,0.060208842479449014,0.049322372806043104,0.050211064207953786,0.03843590313263719,0.033325927571650746,0.02866029771161964,0.019995556542990445,0.007776049766718507,0.006443012663852477,0.9279268246257446,0.023474999108623763,0.0,0.0,0.0,0.0,0.0,0.0,0.0,0.0,0.0,0.0,0.0,0.0,0.0,0.0,0.0,0.0,0.0,0.0,0.0,0.0,0.0,0.0,0.0,0.0,0.0,0.133303710286603,3.459231281937348,14.15685403243724,10.844256831815153,1.4063541435236617,4.154031702274294,2.791524278553644,nan,nan,nan,4.17319587628866,2.8089638841619076,4.134761575673808,2.7737441971604015,0.9907901997044452,0.4082,0.01049,0.0,0.0,0.0,0.0,0.0,0.0,0.0,0.0,0.0,0.0,0.0,6.605198844701168,23.028215952010672,0.3665852032881583,0.0,0.0,0.0,0.0,0.0,0.0,0.0,0.0,0.0,0.0,0.0,0.0,0.0,0.0,0.0,0.0,nan,nan,4.154031702274294,2.791524278553644,nan,0.4082,0.05096,0.0,0.0,0.0,0.0,0.0,0.0,0.0,0.0,0.0,0.0,0.0,0.0,0.0,0.0,0.0,0.0,0.0,0.0,0.0,0.0,0.0,0.0,0.0,0.0017107309486780716,0.0005221061986225283,0.009086869584536769,0.0016329704510108865,0.0015552099533437014,0.0018662519440124418,0.0022439457898244834,0.008764718951344145,0.013852477227282826,0.017951566318595867,0.007098422572761608,0.01504110197733837,0.03586980670962008,0.05097756054210176,0.06474116862919352,0.0734170184403466,0.10640968673628083,0.08823594756720729,0.08452566096423017,0.07620528771384137,0.08441457453899133,0.07089535658742502,0.03743612530548767,0.01631859586758498,0.018751388580315484,0.02639413463674739,0.03526994001333037,0.013508109309042435,0.0027216174183514776,0.009786714063541434,0.014074650077760497,0.0025549877804932238,0.00598755832037325,0.00011108642523883582,6.665185514330149e-05,0.0,0.0,0.0,0.0,0.0,0.0,0.0,0.0,0.0,0.0,0.0,0.0,0.0,0.0,0.0,0.0,0.0,0.0,0.0,0.0,0.0,0.0,0.0,0.0,0.0,0.0,0.0,0.0,0.0,0.0,0.0,0.0,0.0,0.0,0.0,0.0,0.0,0.0,0.0,0.0,0.0,0.0,0.0,nan,nan,4.154031702274294,2.791524278553644,nan,0.9283332978971847,0.02342703301846795,0.0,0.0,0.0,0.0,0.0,0.0,0.0,0.0,0.0,0.0,0.0,0.0,0.0,0.0,0.0,0.0,0.0,0.0,0.0,0.0,0.0,0.0,0.0,0.0,0.0,0.14187446259673261,3.3018056749785045,14.406706792777303,10.627687016337063,1.5219260533104044,0.927492131830632,0.023518414657130934,0.0,0.0,0.0,0.0,0.0,0.0,0.0,0.0,0.0,0.0,0.0,0.0,0.0,0.0,0.0,0.0,0.0,0.0,0.0,0.0,0.0,0.0,0.0,0.0,0.0,0.12413793103448278,3.6275862068965528,13.889655172413796,11.075862068965519,1.2827586206896553,0.4082,0.01051,0.0,0.0,0.0,0.0,0.0,0.0,0.0,0.0,0.0,0.0,0.0,6.642304385210653,22.9707652622528,0.3869303525365435,0.0,0.0,0.0,0.0,0.0,0.0,0.0,0.0,0.0,0.0,0.0,0.0,0.0,0.0,0.0,0.0,0.4084,0.01047,0.0,0.0,0.0,0.0,0.0,0.0,0.0,0.0,0.0,0.0,0.0,6.565517241379301,23.0896551724138,0.34482758620689663,0.0,0.0,0.0,0.0,0.0,0.0,0.0,0.0,0.0,0.0,0.0,0.0,0.0,0.0,0.0,0.0
43800,4409,2287,0.5187117260149694,1086,911,0.4529371739623497,1232,0.5588568836470855,0.446,3.0551366635249764,3.160082454152755,6.650847457627119,2.2078728839419353,8302.458395768856,432.9598782579153,7853.0,8738.29773094654,8719.489753801872,5.555797263995099,7853.0,0.0,27.74007711499206,20.821123755933986,32.92802617230098,18.98176102502327,0.14583805851667045,0.10297119528237696,0.08777500567022001,0.08641415286913132,0.0809707416647766,0.07144477205715581,0.06690859605352688,0.06690859605352688,0.060104332048083464,0.04989793603991835,0.04649580403719664,0.04264005443411204,0.03538217282830574,0.02381492401905194,0.01678385121342708,0.010206396008165117,0.005443411204354729,0.927884410043562,0.02317137426202744,0.0,0.0,0.0,0.0,0.0,0.0,0.0,0.0,0.0,0.0,0.0,0.0,0.0,0.0,0.0,0.0,0.0,0.0,0.0,0.0,0.0,0.0,0.0,0.0,0.0,0.09525969607620778,3.225221138580178,14.533907915627129,10.64867316851894,1.4969380811975508,4.273876404494382,2.9596049361329593,nan,nan,nan,4.260196905766526,2.9457981165562925,4.289824561403509,2.973013410859615,1.0069545272888394,0.4084,0.01028,0.0,0.0,0.0,0.0,0.0,0.0,0.0,0.0,0.0,0.0,0.0,6.3755953731004675,23.38625538670901,0.23814924019051945,0.0,0.0,0.0,0.0,0.0,0.0,0.0,0.0,0.0,0.0,0.0,0.0,0.0,0.0,0.0,0.0,nan,nan,4.273876404494382,2.9596049361329593,nan,0.4084,0.052,0.0,0.0,0.0,0.0,0.0,0.0,0.0,0.0,0.0,0.0,0.0,0.0,0.0,0.0,0.0,0.0,0.0,0.0,0.0,0.0,0.0,0.0,1.1340440009072351e-05,0.0023021093218416875,0.0007144477205715581,0.010331140848264912,0.0018144704014515763,0.001644363801315491,0.0024155137219324108,0.0024155137219324108,0.00901564980721252,0.012837378090269903,0.01798593785438875,0.007076434565661148,0.012599228850079382,0.036368791109095036,0.0519278748015423,0.06593331821274666,0.07134270809707417,0.10743932864595146,0.08672034474937627,0.08360172374688138,0.07416647765933318,0.08255840326604673,0.07073032433658426,0.0359718757087775,0.018201406214561126,0.019414833295531866,0.02676343842141075,0.03532547062826038,0.015298253572238603,0.0026083012020866408,0.00987752324790202,0.015921977772737583,0.0026083012020866408,0.00593105012474484,0.00012474484009979586,0.0,0.0,0.0,0.0,0.0,0.0,0.0,0.0,0.0,0.0,0.0,0.0,0.0,0.0,0.0,0.0,0.0,0.0,0.0,0.0,0.0,0.0,0.0,0.0,0.0,0.0,0.0,0.0,0.0,0.0,0.0,0.0,0.0,0.0,0.0,0.0,0.0,0.0,0.0,0.0,0.0,0.0,0.0,0.0,nan,nan,4.273876404494382,2.9596049361329593,nan,0.92848784406476,0.0232734620322534,0.0,0.0,0.0,0.0,0.0,0.0,0.0,0.0,0.0,0.0,0.0,0.0,0.0,0.0,0.0,0.0,0.0,0.0,0.0,0.0,0.0,0.0,0.0,0.0,0.0,0.10494097070397904,3.135111499781374,14.285089637079146,10.887625710537826,1.587232181897683,0.9272340549038447,0.023043156187271787,0.0,0.0,0.0,0.0,0.0,0.0,0.0,0.0,0.0,0.0,0.0,0.0,0.0,0.0,0.0,0.0,0.0,0.0,0.0,0.0,0.0,0.0,0.0,0.0,0.0,0.08482563619227146,3.3223374175306324,14.80207351555137,10.391140433553254,1.399622997172479,0.4082,0.01021,0.0,0.0,0.0,0.0,0.0,0.0,0.0,0.0,0.0,0.0,0.0,6.3358111062527245,23.493659816353308,0.17052907739396594,0.0,0.0,0.0,0.0,0.0,0.0,0.0,0.0,0.0,0.0,0.0,0.0,0.0,0.0,0.0,0.0,0.4087,0.01035,0.0,0.0,0.0,0.0,0.0,0.0,0.0,0.0,0.0,0.0,0.0,6.41847313854853,23.270499528746473,0.31102733270499533,0.0,0.0,0.0,0.0,0.0,0.0,0.0,0.0,0.0,0.0,0.0,0.0,0.0,0.0,0.0,0.0
43900,4649,2377,0.5112927511292751,1116,946,0.44353624435362443,1314,0.5652828565282857,0.442,3.0453345070422535,3.2267812627574406,6.816770186335404,2.1627776029005013,8296.041641002917,433.16497329355786,7853.0,8739.413917088508,8719.512658402424,5.697892991666448,7853.0,0.0,27.645945364594535,20.834355913603904,32.673957797220794,19.095110327710916,0.1415358141535814,0.10238761023876103,0.09356850935685093,0.0905571090557109,0.07937190793719079,0.07463970746397075,0.0688320068832007,0.0600129060012906,0.05893740589374059,0.05162400516240052,0.04495590449559045,0.04194450419445042,0.032480103248010324,0.02323080232308023,0.01914390191439019,0.010755001075500108,0.00602280060228006,0.9276461620360555,0.02330113866445365,0.0,0.0,0.0,0.0,0.0,0.0,0.0,0.0,0.0,0.0,0.0,0.0,0.0,0.0,0.0,0.0,0.0,0.0,0.0,0.0,0.0,0.0,0.0,0.0,0.0,0.12260701226070125,3.3491073349107343,14.241772424177245,10.899118089911813,1.3873951387395143,4.35898293743727,2.995469496907273,nan,nan,nan,4.3628318584070795,2.9914344043314722,4.355497037524687,3.000332612649541,0.9983187935908512,0.4087,0.01066,0.0,0.0,0.0,0.0,0.0,0.0,0.0,0.0,0.0,0.0,0.0,6.485265648526555,23.198537319853738,0.3161970316197032,0.0,0.0,0.0,0.0,0.0,0.0,0.0,0.0,0.0,0.0,0.0,0.0,0.0,0.0,0.0,0.0,nan,nan,4.35898293743727,2.995469496907273,nan,0.4087,0.05176,0.0,0.0,0.0,0.0,0.0,0.0,0.0,0.0,0.0,0.0,0.0,0.0,0.0,0.0,0.0,0.0,0.0,0.0,0.0,0.0,0.0,0.0,0.00017208001720800173,0.0022477952247795226,0.0013336201333620133,0.010733491073349108,0.0022155302215530223,0.0011615401161540115,0.002807055280705528,0.002129490212949021,0.008292105829210583,0.009840825984082598,0.017509141750914173,0.00601204560120456,0.011895031189503118,0.036814368681436865,0.05282856528285653,0.06690686169068617,0.07372553237255323,0.10710905571090557,0.08594321359432136,0.08272746827274682,0.07506990750699075,0.08135082813508282,0.07320929232092924,0.03611529361152936,0.017541406754140676,0.019724671972467196,0.025510862551086255,0.03752419875241988,0.016734781673478166,0.0027747902774790277,0.009141750914175092,0.015487201548720155,0.0019896751989675198,0.005388255538825554,3.226500322650032e-05,0.0,0.0,0.0,0.0,0.0,0.0,0.0,0.0,0.0,0.0,0.0,0.0,0.0,0.0,0.0,0.0,0.0,0.0,0.0,0.0,0.0,0.0,0.0,0.0,0.0,0.0,0.0,0.0,0.0,0.0,0.0,0.0,0.0,0.0,0.0,0.0,0.0,0.0,0.0,0.0,0.0,0.0,0.0,0.0,nan,nan,4.35898293743727,2.995469496907273,nan,0.9282311216140927,0.023452959288966617,0.0,0.0,0.0,0.0,0.0,0.0,0.0,0.0,0.0,0.0,0.0,0.0,0.0,0.0,0.0,0.0,0.0,0.0,0.0,0.0,0.0,0.0,0.0,0.0,0.0,0.11358855700462771,3.2940681531342038,14.110222970130419,11.018090029448889,1.4640302902818683,0.9270341686747023,0.023125402828150454,0.0,0.0,0.0,0.0,0.0,0.0,0.0,0.0,0.0,0.0,0.0,0.0,0.0,0.0,0.0,0.0,0.0,0.0,0.0,0.0,0.0,0.0,0.0,0.0,0.0,0.13204225352112678,3.4066901408450714,14.379401408450708,10.774647887323946,1.3072183098591552,0.4087,0.01048,0.0,0.0,0.0,0.0,0.0,0.0,0.0,0.0,0.0,0.0,0.0,6.297854438367681,23.4118636937316,0.29028186790071525,0.0,0.0,0.0,0.0,0.0,0.0,0.0,0.0,0.0,0.0,0.0,0.0,0.0,0.0,0.0,0.0,0.4084,0.01083,0.0,0.0,0.0,0.0,0.0,0.0,0.0,0.0,0.0,0.0,0.0,6.681338028169004,22.975352112676063,0.3433098591549297,0.0,0.0,0.0,0.0,0.0,0.0,0.0,0.0,0.0,0.0,0.0,0.0,0.0,0.0,0.0,0.0
44000,4821,2520,0.522713130056005,1242,996,0.4642190416925949,1379,0.572080481227961,0.37399999999999994,2.8870056497175143,2.91742218827735,6.161961367013373,2.076310238507547,8305.753949921753,432.65266319545077,7853.0,8739.438552820682,8719.161425624112,5.611455739842926,7853.0,0.0,28.869321717486,20.759074072152863,33.592439024390245,18.89435304470596,0.12860402406139804,0.09251192698610247,0.09002281684297864,0.08131093134204521,0.07965152457996266,0.07819954366314043,0.07239161999585149,0.07135449076954989,0.06388716034017838,0.056004978220286245,0.05164903546981954,0.03712922630159718,0.03277328355113047,0.028209914955403443,0.019912881144990666,0.009749014727235014,0.006637627048330222,0.9267918185509233,0.023159244727143695,0.0,0.0,0.0,0.0,0.0,0.0,0.0,0.0,0.0,0.0,0.0,0.0,0.0,0.0,0.0,0.0,0.0,0.0,0.0,0.0,0.0,0.0,0.0,0.0,0.0,0.09956440572495336,3.6776602364654645,14.785314250155572,10.043559427504668,1.393901680149347,4.023017107309487,2.7465401243110814,nan,nan,nan,4.024133663366337,2.740652293165825,4.02377972465582,2.7522997973071983,0.9999120459855151,0.4087,0.01037,0.0,0.0,0.0,0.0,0.0,0.0,0.0,0.0,0.0,0.0,0.0,6.110765401369002,23.65899191039204,0.23024268823895463,0.0,0.0,0.0,0.0,0.0,0.0,0.0,0.0,0.0,0.0,0.0,0.0,0.0,0.0,0.0,0.0,nan,nan,4.023017107309487,2.7465401243110814,nan,0.4087,0.05148,0.0,0.0,0.0,0.0,0.0,0.0,0.0,0.0,0.0,0.0,0.0,0.0,0.0,0.0,0.0,0.0,0.0,0.0,0.0,3.111387678904791e-05,0.0,0.0,0.00012445550715619165,0.0024994814353868494,0.0013897531632441403,0.01081725783032566,0.0024061398050197053,0.0009437875959344534,0.0027380211574362166,0.0020431445758141466,0.008099979257415475,0.007923667288944202,0.01768305330844223,0.005756067205973864,0.011076540136901058,0.034505289359054135,0.052177971375233355,0.06850238539722049,0.0744866210329807,0.1107757726612736,0.08641360713544907,0.08028417340800664,0.07800248911014313,0.08392449699232524,0.07047293092719353,0.03788633063679735,0.017226716448869528,0.017527483924496993,0.024133997096038168,0.03875751918689069,0.017050404480398258,0.0024061398050197053,0.009251192698610246,0.015131715411740302,0.002271313005600498,0.005216760008297034,3.111387678904791e-05,0.0,3.111387678904791e-05,0.0,0.0,0.0,0.0,0.0,0.0,0.0,0.0,0.0,0.0,0.0,0.0,0.0,0.0,0.0,0.0,0.0,0.0,0.0,0.0,0.0,0.0,0.0,0.0,0.0,0.0,0.0,0.0,0.0,0.0,0.0,0.0,0.0,0.0,0.0,0.0,0.0,0.0,0.0,0.0,0.0,0.0,nan,nan,4.023017107309487,2.7465401243110814,nan,0.9264463233332786,0.022988212784923637,0.0,0.0,0.0,0.0,0.0,0.0,0.0,0.0,0.0,0.0,0.0,0.0,0.0,0.0,0.0,0.0,0.0,0.0,0.0,0.0,0.0,0.0,0.0,0.0,0.0,0.09523809523809526,3.690476190476191,14.97619047619048,9.821428571428575,1.416666666666667,0.9271701966250062,0.023339250256047626,0.0,0.0,0.0,0.0,0.0,0.0,0.0,0.0,0.0,0.0,0.0,0.0,0.0,0.0,0.0,0.0,0.0,0.0,0.0,0.0,0.0,0.0,0.0,0.0,0.0,0.10430247718383313,3.663624511082139,14.576271186440682,10.286831812255542,1.36897001303781,0.409,0.010414,0.0,0.0,0.0,0.0,0.0,0.0,0.0,0.0,0.0,0.0,0.0,5.988095238095229,23.750000000000007,0.261904761904762,0.0,0.0,0.0,0.0,0.0,0.0,0.0,0.0,0.0,0.0,0.0,0.0,0.0,0.0,0.0,0.0,0.4087,0.010315,0.0,0.0,0.0,0.0,0.0,0.0,0.0,0.0,0.0,0.0,0.0,6.245110821381999,23.55932203389831,0.19556714471968714,0.0,0.0,0.0,0.0,0.0,0.0,0.0,0.0,0.0,0.0,0.0,0.0,0.0,0.0,0.0,0.0
44100,4529,2367,0.5226319275778317,1122,903,0.4471185692205785,1266,0.5590638109958048,0.418,3.011100832562442,3.0975306912099003,6.56,2.049780476051033,8305.766442666798,432.7363026133072,7853.0,8739.797632479667,8719.319906564398,5.7992675768832465,7853.0,0.0,27.71583130933981,20.82044952265114,32.63578947368421,19.12221037536951,0.14020755133583573,0.10554206226540075,0.09163170677853831,0.085449326562155,0.08213733716052109,0.07463016118348421,0.07065577390152351,0.06403179509825568,0.059836608522852726,0.04769264738352837,0.04592625303599029,0.03422389048355045,0.036431883417973064,0.027379112386840362,0.01788474276882314,0.010377566791786266,0.005961580922941047,0.9267651556895832,0.023462053533960733,0.0,0.0,0.0,0.0,0.0,0.0,0.0,0.0,0.0,0.0,0.0,0.0,0.0,0.0,0.0,0.0,0.0,0.0,0.0,0.0,0.0,0.0,0.0,0.0,0.0,0.16559947008169576,3.676308235813646,14.526385515566353,10.280415102671673,1.3512916758666373,4.311531841652323,2.890370009087697,nan,nan,nan,4.351446718419195,2.944197495924592,4.273521505376344,2.837640237085899,0.9820921137071488,0.4087,0.01053,0.0,0.0,0.0,0.0,0.0,0.0,0.0,0.0,0.0,0.0,0.006623978803267831,6.034444689776984,23.63435637005962,0.3245749613601237,0.0,0.0,0.0,0.0,0.0,0.0,0.0,0.0,0.0,0.0,0.0,0.0,0.0,0.0,0.0,0.0,nan,nan,4.311531841652323,2.890370009087697,nan,0.4087,0.05133,0.0,0.0,0.0,0.0,0.0,0.0,0.0,0.0,0.0,0.0,0.0,0.0,0.0,0.0,0.0,0.0,0.0,0.0,0.0,0.0,5.5199823360565245e-05,0.0,9.935968204901744e-05,0.001589754912784279,0.0011702362552439831,0.011271803930227423,0.0029476705674541842,0.0005078383749172003,0.002748951203356149,0.0025281519099138883,0.008798851843674101,0.006557739015235152,0.018458820931773017,0.005553102230072863,0.010200927357032458,0.03461028924707441,0.05079487745639214,0.06813866195628174,0.07469640097151689,0.11557739015235151,0.08480900861117245,0.08284389489953632,0.0768271141532347,0.08299845440494591,0.0723338485316847,0.035073967763303154,0.018193861779642304,0.016637226760874365,0.022786487083241335,0.03969971296091852,0.015897549127842792,0.0021638330757341576,0.010035327886950761,0.015003311989401634,0.002737911238684036,0.005608302053433429,4.41598586884522e-05,0.0,0.0,0.0,0.0,0.0,0.0,0.0,0.0,0.0,0.0,0.0,0.0,0.0,0.0,0.0,0.0,0.0,0.0,0.0,0.0,0.0,0.0,0.0,0.0,0.0,0.0,0.0,0.0,0.0,0.0,0.0,0.0,0.0,0.0,0.0,0.0,0.0,0.0,0.0,0.0,0.0,0.0,0.0,0.0,nan,nan,4.311531841652323,2.890370009087697,nan,0.9271976038479935,0.023832283463613962,0.0,0.0,0.0,0.0,0.0,0.0,0.0,0.0,0.0,0.0,0.0,0.0,0.0,0.0,0.0,0.0,0.0,0.0,0.0,0.0,0.0,0.0,0.0,0.0,0.0,0.2534854245880862,3.574144486692016,14.37262357414449,10.392902408111537,1.4068441064638788,0.9262917029648109,0.023040594725005314,0.0,0.0,0.0,0.0,0.0,0.0,0.0,0.0,0.0,0.0,0.0,0.0,0.0,0.0,0.0,0.0,0.0,0.0,0.0,0.0,0.0,0.0,0.0,0.0,0.0,0.06938020351526365,3.7881591119333957,14.694727104532843,10.1572617946346,1.290471785383904,0.4087,0.010605,0.0,0.0,0.0,0.0,0.0,0.0,0.0,0.0,0.0,0.0,0.012674271229404312,6.032953105196443,23.650190114068447,0.30418250950570347,0.0,0.0,0.0,0.0,0.0,0.0,0.0,0.0,0.0,0.0,0.0,0.0,0.0,0.0,0.0,0.0,0.4087,0.01045,0.0,0.0,0.0,0.0,0.0,0.0,0.0,0.0,0.0,0.0,0.0,6.036077705827928,23.61702127659575,0.34690101757631825,0.0,0.0,0.0,0.0,0.0,0.0,0.0,0.0,0.0,0.0,0.0,0.0,0.0,0.0,0.0,0.0
44200,4517,2351,0.5204781934912552,1126,935,0.45627628957272526,1263,0.5592207217179544,0.418,2.945060018467221,3.0796192206100543,6.582637729549249,2.0952523773649823,8303.80393792019,432.7233393315397,7853.0,8737.044133925438,8719.13415039791,5.713928246960141,7853.0,0.0,28.3427053353996,20.81244184848179,33.311134509081334,18.94998500861852,0.1365950852335621,0.09475315474872703,0.08877573610803631,0.09032543723710428,0.08324108921850785,0.07195040956386982,0.06730130617666592,0.062209431038299755,0.06088111578481293,0.056453398273190174,0.053353996015054236,0.037856984724374584,0.03520035421740093,0.029222935576710206,0.016382554793004208,0.009076820898826655,0.006420190391853,0.9256431633243261,0.023337043075125175,0.0,0.0,0.0,0.0,0.0,0.0,0.0,0.0,0.0,0.0,0.0,0.0,0.0,0.0,0.0,0.0,0.0,0.0,0.0,0.0,0.0,0.0,0.0,0.0,0.0,0.11290679654638036,3.9915873367279175,14.757582466238658,9.975647553686077,1.1622758468009744,4.191245791245791,2.9160748254113975,nan,nan,nan,4.2422646477946016,2.929144218415826,4.140689655172414,2.900332835875652,0.9760564224405489,0.4092,0.0103,0.0,0.0,0.0,0.0,0.0,0.0,0.0,0.0,0.0,0.0,0.0,5.764888200132823,23.949524020367505,0.28558777949966796,0.0,0.0,0.0,0.0,0.0,0.0,0.0,0.0,0.0,0.0,0.0,0.0,0.0,0.0,0.0,0.0,nan,nan,4.191245791245791,2.9160748254113975,nan,0.4092,0.05115,0.0,0.0,0.0,0.0,0.0,0.0,0.0,0.0,0.0,0.0,0.0,0.0,0.0,0.0,0.0,0.0,0.0,0.0,0.0,0.0,0.0,0.0,0.00015497011290679656,0.001184414434359088,0.0016825326544166483,0.009785255700686297,0.003508966127961036,0.0005645339827319017,0.0025902147442993136,0.002678769094531769,0.008158069515164932,0.007648882001328315,0.01812043391631614,0.005501439008191277,0.008977197254815142,0.0339495240203675,0.04945760460482621,0.0649988930706221,0.07405357538189064,0.12040070843480186,0.08489041399158734,0.08424839495240204,0.07747398715961921,0.08624086783263228,0.06992472880230241,0.03411556342705335,0.01686960371928271,0.017666592871374807,0.023533318574274962,0.03974983396059331,0.014168696037192827,0.002523798981624972,0.009818463582023467,0.01659287137480629,0.0025902147442993136,0.0061434580473765776,1.1069293779056897e-05,1.1069293779056897e-05,0.0,1.1069293779056897e-05,0.0,0.0,0.0,0.0,0.0,0.0,0.0,0.0,0.0,0.0,0.0,0.0,0.0,0.0,0.0,0.0,0.0,0.0,0.0,0.0,0.0,0.0,0.0,0.0,0.0,0.0,0.0,0.0,0.0,0.0,0.0,0.0,0.0,0.0,0.0,0.0,0.0,0.0,0.0,0.0,0.0,nan,nan,4.191245791245791,2.9160748254113975,nan,0.925657489106078,0.02328883210914999,0.0,0.0,0.0,0.0,0.0,0.0,0.0,0.0,0.0,0.0,0.0,0.0,0.0,0.0,0.0,0.0,0.0,0.0,0.0,0.0,0.0,0.0,0.0,0.0,0.0,0.06380263717566995,3.9940450871969384,14.942577626541901,9.736282433007233,1.2632922160782647,0.9256276139647236,0.023389249384011733,0.0,0.0,0.0,0.0,0.0,0.0,0.0,0.0,0.0,0.0,0.0,0.0,0.0,0.0,0.0,0.0,0.0,0.0,0.0,0.0,0.0,0.0,0.0,0.0,0.0,0.1662049861495845,3.9889196675900287,14.556786703601112,10.235457063711912,1.0526315789473686,0.4094,0.010315,0.0,0.0,0.0,0.0,0.0,0.0,0.0,0.0,0.0,0.0,0.0,5.652913653764347,24.09187579753297,0.2552105487026798,0.0,0.0,0.0,0.0,0.0,0.0,0.0,0.0,0.0,0.0,0.0,0.0,0.0,0.0,0.0,0.0,0.409,0.01027,0.0,0.0,0.0,0.0,0.0,0.0,0.0,0.0,0.0,0.0,0.0,5.8864265927977755,23.79501385041552,0.31855955678670367,0.0,0.0,0.0,0.0,0.0,0.0,0.0,0.0,0.0,0.0,0.0,0.0,0.0,0.0,0.0,0.0
44300,4525,2368,0.5233149171270718,1147,874,0.44662983425414365,1225,0.5414364640883977,0.418,3.0917941585535464,3.183742950240564,6.705426356589148,2.152348999016864,8306.230532172356,432.58599335259333,7853.0,8740.589434945583,8719.076080270228,5.603926138195822,7853.0,0.0,28.26696132596685,20.896628032822683,32.97498045347928,19.199402180198792,0.13370165745856355,0.10276243093922652,0.09657458563535912,0.07580110497237569,0.08,0.07977900552486188,0.06651933701657459,0.06718232044198895,0.06011049723756906,0.055248618784530384,0.04685082872928177,0.04243093922651934,0.03248618784530387,0.02298342541436464,0.016574585635359115,0.012817679558011049,0.008176795580110497,0.9257561080363574,0.023057479238636318,0.0,0.0,0.0,0.0,0.0,0.0,0.0,0.0,0.0,0.0,0.0,0.0,0.0,0.0,0.0,0.0,0.0,0.0,0.0,0.0,0.0,0.0,0.0,0.0,0.0,0.08618784530386743,3.765745856353592,15.17569060773481,9.792265193370167,1.1801104972375693,4.254514480408859,2.965381043002598,nan,nan,nan,4.264367816091954,2.9982677198256513,4.2445054945054945,2.931563271874373,0.9953422588193478,0.409,0.010414,0.0,0.0,0.0,0.0,0.0,0.0,0.0,0.0,0.0,0.0,0.0,5.734806629834246,23.893922651933707,0.3712707182320443,0.0,0.0,0.0,0.0,0.0,0.0,0.0,0.0,0.0,0.0,0.0,0.0,0.0,0.0,0.0,0.0,nan,nan,4.254514480408859,2.965381043002598,nan,0.409,0.05133,0.0,0.0,0.0,0.0,0.0,0.0,0.0,0.0,0.0,0.0,0.0,0.0,0.0,0.0,0.0,0.0,0.0,0.0,0.0,1.1049723756906077e-05,0.0,1.1049723756906077e-05,0.0,0.0015359116022099447,0.001701657458563536,0.01056353591160221,0.0033922651933701656,0.0007292817679558011,0.0032154696132596686,0.0029171270718232043,0.006994475138121547,0.0066298342541436465,0.019911602209944753,0.0066187845303867406,0.008397790055248619,0.034,0.04948066298342541,0.06351381215469613,0.07408839779005524,0.12034254143646408,0.08567955801104972,0.08194475138121547,0.07877348066298342,0.09011049723756906,0.06779005524861878,0.032839779005524865,0.017027624309392267,0.01751381215469613,0.02330386740331492,0.04116022099447514,0.013790055248618784,0.002453038674033149,0.01025414364640884,0.014751381215469614,0.0022541436464088398,0.006287292817679558,1.1049723756906077e-05,0.0,0.0,0.0,0.0,0.0,0.0,0.0,0.0,0.0,0.0,0.0,0.0,0.0,0.0,0.0,0.0,0.0,0.0,0.0,0.0,0.0,0.0,0.0,0.0,0.0,0.0,0.0,0.0,0.0,0.0,0.0,0.0,0.0,0.0,0.0,0.0,0.0,0.0,0.0,0.0,0.0,0.0,0.0,0.0,nan,nan,4.254514480408859,2.965381043002598,nan,0.9260118099533625,0.0228303245709697,0.0,0.0,0.0,0.0,0.0,0.0,0.0,0.0,0.0,0.0,0.0,0.0,0.0,0.0,0.0,0.0,0.0,0.0,0.0,0.0,0.0,0.0,0.0,0.0,0.0,0.13935810810810814,3.6106418918918926,15.215371621621625,9.983108108108109,1.0515202702702704,0.9254753930899188,0.023301073960792965,0.0,0.0,0.0,0.0,0.0,0.0,0.0,0.0,0.0,0.0,0.0,0.0,0.0,0.0,0.0,0.0,0.0,0.0,0.0,0.0,0.0,0.0,0.0,0.0,0.0,0.027816411682892915,3.936022253129347,15.132127955493745,9.582753824756608,1.3212795549374132,0.409,0.01035,0.0,0.0,0.0,0.0,0.0,0.0,0.0,0.0,0.0,0.0,0.0,5.561655405405398,24.08361486486487,0.3547297297297298,0.0,0.0,0.0,0.0,0.0,0.0,0.0,0.0,0.0,0.0,0.0,0.0,0.0,0.0,0.0,0.0,0.409,0.010475,0.0,0.0,0.0,0.0,0.0,0.0,0.0,0.0,0.0,0.0,0.0,5.92489568845618,23.685674547983318,0.3894297635605008,0.0,0.0,0.0,0.0,0.0,0.0,0.0,0.0,0.0,0.0,0.0,0.0,0.0,0.0,0.0,0.0
44400,4581,2379,0.5193189259986902,1108,941,0.4472822527832351,1325,0.5784763152150185,0.41,2.9986376021798367,3.0917689730550584,6.547880690737833,2.135073643828757,8302.709225839903,432.67520663141426,7853.0,8736.580279791355,8718.9596315984,5.582929476743142,7853.0,0.0,28.128792839991267,20.851529772927826,32.89651612903226,19.12969320339956,0.1359965073128138,0.09910499890853526,0.09255621043440297,0.0870988867059594,0.08273302772320454,0.07618423924907225,0.06963545077493997,0.06548788474132286,0.052608600742196025,0.05326347958960925,0.04824274175944117,0.04103907443789566,0.034053700065487885,0.02619515389652914,0.019428072473259114,0.010478061558611657,0.005893909626719057,0.9254884499047318,0.022853141706827555,0.0,0.0,0.0,0.0,0.0,0.0,0.0,0.0,0.0,0.0,0.0,0.0,0.0,0.0,0.0,0.0,0.0,0.0,0.0,0.0,0.0,0.0,0.0,0.0,0.0,0.137524557956778,3.7524557956778004,15.278323510150626,9.705304518664049,1.1263916175507533,4.219389466621939,2.876090245205693,nan,nan,nan,4.273458445040214,2.8764119920493116,4.165211551376763,2.874747976615331,0.9746699552468838,0.4087,0.01018,0.0,0.0,0.0,0.0,0.0,0.0,0.0,0.0,0.0,0.0,0.006548788474132287,5.887360838244916,23.82449246889326,0.28159790438768834,0.0,0.0,0.0,0.0,0.0,0.0,0.0,0.0,0.0,0.0,0.0,0.0,0.0,0.0,0.0,0.0,nan,nan,4.219389466621939,2.876090245205693,nan,0.4087,0.0514,0.0,0.0,0.0,0.0,0.0,0.0,0.0,0.0,0.0,0.0,0.0,0.0,0.0,0.0,0.0,0.0,0.0,0.0,0.0,0.0,0.0,0.0,0.0,0.0012006112202575857,0.0023357345557738487,0.01084915957214582,0.003689150840427854,0.0011896965728006984,0.0030779305828421743,0.0017354289456450558,0.00733464309102816,0.006756166775813141,0.02081423270028378,0.007465618860510805,0.008109583060467147,0.03387906570617769,0.050545732372844356,0.05962671905697446,0.07379393145601397,0.12233136869679109,0.08236192970967038,0.08161973368260206,0.08313686967910937,0.09018773193625845,0.06474568871425453,0.032994979262169835,0.017528923815760752,0.01847849814450993,0.024492468893254748,0.041683038637852,0.013119406243178346,0.0027395765116786726,0.010368915084042786,0.014756603361711416,0.0011023793931456015,0.0058611656843483954,5.457323728443571e-05,1.0914647456887143e-05,2.1829294913774286e-05,0.0,0.0,0.0,0.0,0.0,0.0,0.0,0.0,0.0,0.0,0.0,0.0,0.0,0.0,0.0,0.0,0.0,0.0,0.0,0.0,0.0,0.0,0.0,0.0,0.0,0.0,0.0,0.0,0.0,0.0,0.0,0.0,0.0,0.0,0.0,0.0,0.0,0.0,0.0,0.0,0.0,0.0,nan,nan,4.219389466621939,2.876090245205693,nan,0.9257972706962704,0.023037554084680438,0.0,0.0,0.0,0.0,0.0,0.0,0.0,0.0,0.0,0.0,0.0,0.0,0.0,0.0,0.0,0.0,0.0,0.0,0.0,0.0,0.0,0.0,0.0,0.0,0.0,0.13871374527112235,3.5939470365699884,15.39722572509458,9.646910466582598,1.2232030264817153,0.9251548056435737,0.02264748695672258,0.0,0.0,0.0,0.0,0.0,0.0,0.0,0.0,0.0,0.0,0.0,0.0,0.0,0.0,0.0,0.0,0.0,0.0,0.0,0.0,0.0,0.0,0.0,0.0,0.0,0.1362397820163488,3.9237057220708453,15.149863760217986,9.768392370572208,1.021798365122616,0.4084,0.010254,0.0,0.0,0.0,0.0,0.0,0.0,0.0,0.0,0.0,0.0,0.0,6.103404791929373,23.644388398486765,0.2522068095838588,0.0,0.0,0.0,0.0,0.0,0.0,0.0,0.0,0.0,0.0,0.0,0.0,0.0,0.0,0.0,0.0,0.4087,0.01009,0.0,0.0,0.0,0.0,0.0,0.0,0.0,0.0,0.0,0.0,0.01362397820163488,5.653950953678466,24.019073569482295,0.31335149863760225,0.0,0.0,0.0,0.0,0.0,0.0,0.0,0.0,0.0,0.0,0.0,0.0,0.0,0.0,0.0,0.0
44500,4209,2198,0.5222143026847232,1075,827,0.4518888096935139,1117,0.5307674031836541,0.45,3.036797613127797,3.1648929645707966,6.772646536412078,2.152654916893765,8305.202954600973,432.5579561610878,7853.0,8740.630283260345,8718.93368331005,5.557241057311021,7853.0,0.0,28.0368258493704,20.941315076156883,33.12585227272727,19.119965524550373,0.14421477785697315,0.09859824186267523,0.08909479686386315,0.08410548823948681,0.07864100736516988,0.07270135424091233,0.07151342361606082,0.06652411499168448,0.060109289617486336,0.056783083867902116,0.04442860536944643,0.039201710620099785,0.034449988120693754,0.021145165122356854,0.021145165122356854,0.009978617248752673,0.007365169874079354,0.9252381722132365,0.022920634833752042,0.0,0.0,0.0,0.0,0.0,0.0,0.0,0.0,0.0,0.0,0.0,0.0,0.0,0.0,0.0,0.0,0.0,0.0,0.0,0.0,0.0,0.0,0.0,0.0,0.0,0.23521026372059878,3.7704918032786896,14.932287954383467,10.057020669992875,1.0049893086243766,4.213441654357459,2.8746993114726984,nan,nan,nan,4.220836390315481,2.847625601709115,4.209077380952381,2.9006681875885736,0.9972140570551183,0.409,0.01081,0.0,0.0,0.0,0.0,0.0,0.0,0.0,0.0,0.0,0.0,0.0,5.994297933000704,23.67070563079117,0.3349964362081255,0.0,0.0,0.0,0.0,0.0,0.0,0.0,0.0,0.0,0.0,0.0,0.0,0.0,0.0,0.0,0.0,nan,nan,4.213441654357459,2.8746993114726984,nan,0.409,0.05185,0.0,0.0,0.0,0.0,0.0,0.0,0.0,0.0,0.0,0.0,0.0,0.0,0.0,0.0,0.0,0.0,0.0,0.0,0.0,0.0,0.0,0.0,0.0,0.002043240674744595,0.0025184129246851985,0.010679496317415063,0.0034925160370634354,0.001092896174863388,0.002767878355904015,0.0017937752435257782,0.006949394155381326,0.005951532430506059,0.021644095984794488,0.008683772867664528,0.007222618199097173,0.03416488477072939,0.051104775481111905,0.05577334283677833,0.0744119743406985,0.11942266571632217,0.081503920171062,0.08480636730814921,0.08240674744594916,0.09024708956996912,0.06493228795438347,0.03376098835827988,0.016512235685435972,0.018317890235210264,0.025089094796863862,0.04359705393205037,0.012615823235923022,0.0024114991684485625,0.010893323829888335,0.015431218816821097,0.0011641720123544785,0.006545497742931812,3.563791874554526e-05,0.0,1.1879306248515087e-05,0.0,0.0,0.0,0.0,0.0,0.0,0.0,0.0,0.0,0.0,0.0,0.0,0.0,0.0,0.0,0.0,0.0,0.0,0.0,0.0,0.0,0.0,0.0,0.0,0.0,0.0,0.0,0.0,0.0,0.0,0.0,0.0,0.0,0.0,0.0,0.0,0.0,0.0,0.0,0.0,0.0,0.0,nan,nan,4.213441654357459,2.8746993114726984,nan,0.9250592800896205,0.022463474382530133,0.0,0.0,0.0,0.0,0.0,0.0,0.0,0.0,0.0,0.0,0.0,0.0,0.0,0.0,0.0,0.0,0.0,0.0,0.0,0.0,0.0,0.0,0.0,0.0,0.0,0.2320291173794359,3.6851683348498643,15.272975432211105,9.854413102820748,0.9554140127388537,0.9254336992583424,0.02340853310028541,0.0,0.0,0.0,0.0,0.0,0.0,0.0,0.0,0.0,0.0,0.0,0.0,0.0,0.0,0.0,0.0,0.0,0.0,0.0,0.0,0.0,0.0,0.0,0.0,0.0,0.23868722028841377,3.863749378418698,14.559920437593242,10.278468423669818,1.059174540029836,0.4092,0.0106,0.0,0.0,0.0,0.0,0.0,0.0,0.0,0.0,0.0,0.0,0.0,5.868971792538663,23.871701546860788,0.259326660600546,0.0,0.0,0.0,0.0,0.0,0.0,0.0,0.0,0.0,0.0,0.0,0.0,0.0,0.0,0.0,0.0,0.409,0.011024,0.0,0.0,0.0,0.0,0.0,0.0,0.0,0.0,0.0,0.0,0.0,6.131277971158618,23.45101939333665,0.41770263550472414,0.0,0.0,0.0,0.0,0.0,0.0,0.0,0.0,0.0,0.0,0.0,0.0,0.0,0.0,0.0,0.0
44600,4583,2352,0.5132009600698233,1095,954,0.4470870608771547,1309,0.5712415448396247,0.422,2.994173016584491,3.105995723577102,6.6590538336052205,2.1492979434295494,8297.332560619221,432.7712334352281,7853.0,8735.975476527214,8718.806175730393,5.668454505913579,7853.0,0.0,27.627318350425487,20.78001870399879,32.774311926605506,18.973518709157894,0.14401047348898102,0.10320750600043639,0.09098843552258346,0.08204233035129828,0.0822605280384028,0.07549639973816277,0.07287802749290857,0.06458651538293694,0.05564041021165176,0.04953087497272529,0.04625790966615754,0.04276674667248527,0.03251145537857299,0.025965524765437488,0.01723761728125682,0.006764128300240017,0.0078551167357626,0.9243735478690637,0.023063349114929407,0.0,0.0,0.0,0.0,0.0,0.0,0.0,0.0,0.0,0.0,0.0,0.0,0.0,0.0,0.0,0.0,0.0,0.0,0.0,0.0,0.0,0.0,0.0,0.0,0.0,0.16364826532838755,4.215579314859263,15.127645646956145,9.51778311149902,0.9753436613571899,4.365030674846626,2.903471592671022,nan,nan,nan,4.48542372881356,2.92857767411678,4.243317340644277,2.8727433070746518,0.9460237420571806,0.4094,0.01065,0.0,0.0,0.0,0.0,0.0,0.0,0.0,0.0,0.0,0.0,0.0,5.747327078332962,23.892646737944585,0.36002618372245265,0.0,0.0,0.0,0.0,0.0,0.0,0.0,0.0,0.0,0.0,0.0,0.0,0.0,0.0,0.0,0.0,nan,nan,4.365030674846626,2.903471592671022,nan,0.4094,0.05212,0.0,0.0,0.0,0.0,0.0,0.0,0.0,0.0,0.0,0.0,0.0,0.0,0.0,0.0,0.0,0.0,0.0,0.0,0.0,0.0,0.0,0.0,0.0,0.0025310931704123937,0.001843770456033166,0.010364390137464543,0.004396683395156011,0.0006655029456687759,0.0032947850752782022,0.0014946541566659393,0.006556840497490727,0.007080514946541567,0.02150338206415012,0.008018765001090989,0.00555313113680995,0.03274056295003273,0.05292384900720053,0.056589570150556406,0.07497272528911193,0.11711760855334934,0.07834387955487672,0.08619899629063932,0.08326423739908358,0.09056295003272966,0.06373554440322933,0.033700632773292605,0.017117608553349335,0.019081387737289984,0.025943704996727036,0.04348679903993018,0.012131791403011127,0.0028038402792930394,0.011531747763473708,0.0170194195941523,0.0011564477416539385,0.006174994545057822,5.4549421776129175e-05,3.27296530656775e-05,0.0,1.0909884355225835e-05,0.0,0.0,0.0,0.0,0.0,0.0,0.0,0.0,0.0,0.0,0.0,0.0,0.0,0.0,0.0,0.0,0.0,0.0,0.0,0.0,0.0,0.0,0.0,0.0,0.0,0.0,0.0,0.0,0.0,0.0,0.0,0.0,0.0,0.0,0.0,0.0,0.0,0.0,0.0,0.0,0.0,nan,nan,4.365030674846626,2.903471592671022,nan,0.9241841267921082,0.023077694511064967,0.0,0.0,0.0,0.0,0.0,0.0,0.0,0.0,0.0,0.0,0.0,0.0,0.0,0.0,0.0,0.0,0.0,0.0,0.0,0.0,0.0,0.0,0.0,0.0,0.0,0.15306122448979595,4.41326530612245,15.102040816326534,9.336734693877553,0.9948979591836736,0.9245732423437384,0.02304653026685026,0.0,0.0,0.0,0.0,0.0,0.0,0.0,0.0,0.0,0.0,0.0,0.0,0.0,0.0,0.0,0.0,0.0,0.0,0.0,0.0,0.0,0.0,0.0,0.0,0.0,0.17480950246526228,4.007171671896011,15.154639175257735,9.708650829224565,0.9547288211564323,0.4094,0.01062,0.0,0.0,0.0,0.0,0.0,0.0,0.0,0.0,0.0,0.0,0.0,5.612244897959176,24.068877551020414,0.3188775510204082,0.0,0.0,0.0,0.0,0.0,0.0,0.0,0.0,0.0,0.0,0.0,0.0,0.0,0.0,0.0,0.0,0.4094,0.01067,0.0,0.0,0.0,0.0,0.0,0.0,0.0,0.0,0.0,0.0,0.0,5.889735544598826,23.706857911250566,0.40340654415060523,0.0,0.0,0.0,0.0,0.0,0.0,0.0,0.0,0.0,0.0,0.0,0.0,0.0,0.0,0.0,0.0
44700,4671,2426,0.5193748661956754,1121,968,0.44722757439520444,1311,0.5613359023763648,0.426,3.020935412026726,3.156074923787283,6.582792207792208,2.2504608465284313,8302.74453947228,432.6611587762364,7853.0,8737.629476809501,8718.934354441475,5.65032424967141,7853.0,0.0,27.81609933633055,20.824325756411493,32.85648503453569,19.021715371992922,0.1423678013273389,0.09826589595375723,0.09548276600299721,0.08756154998929565,0.07856989937914793,0.072147291800471,0.07064868336544637,0.06122885891672019,0.06165703275529865,0.05159494754870477,0.045386426889317065,0.04110468850353243,0.037037037037037035,0.02569043031470777,0.014771997430956968,0.010276172125883108,0.0062085206593877115,0.924829394193105,0.023147554849082628,0.0,0.0,0.0,0.0,0.0,0.0,0.0,0.0,0.0,0.0,0.0,0.0,0.0,0.0,0.0,0.0,0.0,0.0,0.0,0.0,0.0,0.0,0.0,0.0,0.0,0.22479126525369306,4.071933204881183,14.938985228002572,9.717405266538217,1.046885035324342,4.313,2.915767080318088,nan,nan,nan,4.308201058201059,2.9157456943781286,4.318090114324143,2.91674932323807,1.0022954026493864,0.4097,0.010376,0.0,0.0,0.0,0.0,0.0,0.0,0.0,0.0,0.0,0.0,0.0,5.407835581245978,24.309569685292235,0.28259473346178554,0.0,0.0,0.0,0.0,0.0,0.0,0.0,0.0,0.0,0.0,0.0,0.0,0.0,0.0,0.0,0.0,nan,nan,4.313,2.915767080318088,nan,0.4097,0.05182,0.0,0.0,0.0,0.0,0.0,0.0,0.0,0.0,0.0,0.0,0.0,0.0,0.0,0.0,0.0,0.0,0.0,0.0,0.0,6.422607578676943e-05,0.0,0.0,1.0704345964461572e-05,0.0027617212588310854,0.0015093127809890816,0.011132519803040034,0.0030828516377649326,0.000824234639263541,0.0046349818026118605,0.0017876257760650824,0.006636694497966175,0.006422607578676943,0.02070220509526868,0.008081781203168487,0.005095268679083708,0.031235281524298865,0.04929351316634554,0.0551809034467994,0.07461999571826161,0.11870049239991437,0.07748876043673732,0.09216441875401413,0.08238064654249626,0.09241061871119674,0.06488974523656604,0.03420038535645472,0.015767501605651893,0.01866837936202098,0.0275208734746307,0.04291372297152644,0.011603511025476344,0.0037893384714193963,0.01206379790194819,0.016238492828088202,0.0009205737529436952,0.005191607792763862,0.0,0.0,1.0704345964461572e-05,0.0,0.0,0.0,0.0,0.0,0.0,0.0,0.0,0.0,0.0,0.0,0.0,0.0,0.0,0.0,0.0,0.0,0.0,0.0,0.0,0.0,0.0,0.0,0.0,0.0,0.0,0.0,0.0,0.0,0.0,0.0,0.0,0.0,0.0,0.0,0.0,0.0,0.0,0.0,0.0,0.0,0.0,nan,nan,4.313,2.915767080318088,nan,0.92463339075311,0.02315034366655576,0.0,0.0,0.0,0.0,0.0,0.0,0.0,0.0,0.0,0.0,0.0,0.0,0.0,0.0,0.0,0.0,0.0,0.0,0.0,0.0,0.0,0.0,0.0,0.0,0.0,0.24732069249793903,4.192085737840067,14.591920857378403,10.053586150041221,0.9150865622423745,0.9250412001376163,0.023142674711925375,0.0,0.0,0.0,0.0,0.0,0.0,0.0,0.0,0.0,0.0,0.0,0.0,0.0,0.0,0.0,0.0,0.0,0.0,0.0,0.0,0.0,0.0,0.0,0.0,0.0,0.20044543429844103,3.9420935412026736,15.314031180400894,9.35412026726058,1.1893095768374167,0.4097,0.01023,0.0,0.0,0.0,0.0,0.0,0.0,0.0,0.0,0.0,0.0,0.0,5.169002473206917,24.608408903544937,0.22258862324814513,0.0,0.0,0.0,0.0,0.0,0.0,0.0,0.0,0.0,0.0,0.0,0.0,0.0,0.0,0.0,0.0,0.4097,0.01053,0.0,0.0,0.0,0.0,0.0,0.0,0.0,0.0,0.0,0.0,0.0,5.665924276169257,23.986636971046778,0.34743875278396447,0.0,0.0,0.0,0.0,0.0,0.0,0.0,0.0,0.0,0.0,0.0,0.0,0.0,0.0,0.0,0.0
44800,4733,2418,0.510881047961124,1173,1013,0.4618635115148954,1373,0.5801817029368266,0.422,2.9593952483801296,3.162836517978611,6.844006568144499,2.1724429598380626,8295.281759439675,432.77760900009156,7853.0,8738.30130880475,8718.723559730344,5.574279612337009,7853.0,0.0,27.424466511726177,20.48854114757289,32.576981707317074,18.614706153975472,0.149165434185506,0.09423198816818086,0.09338685822945278,0.08430171138812592,0.08324529896471583,0.07817451933234734,0.06718783012888231,0.06465244031269808,0.0595816606803296,0.05345446862455103,0.04965138390027467,0.03803084724276357,0.03063596027889288,0.024508768223114305,0.01817029368265371,0.007394886963870695,0.0042256496936403974,0.9232077883812683,0.023087782022600947,0.0,0.0,0.0,0.0,0.0,0.0,0.0,0.0,0.0,0.0,0.0,0.0,0.0,0.0,0.0,0.0,0.0,0.0,0.0,0.0,0.0,0.0,0.0,0.0,0.0,0.1901542362138179,4.582717092753011,15.313754489752803,9.083034016480035,0.8303401648003382,4.266819072501633,2.959613238550733,nan,nan,nan,4.33289124668435,3.0319790477066957,4.202702702702703,2.8862105754114493,0.969953424498879,0.4102,0.01042,0.0,0.0,0.0,0.0,0.0,0.0,0.0,0.0,0.0,0.0,0.0,4.982040988802021,24.60595816606804,0.41200084512993884,0.0,0.0,0.0,0.0,0.0,0.0,0.0,0.0,0.0,0.0,0.0,0.0,0.0,0.0,0.0,0.0,nan,nan,4.266819072501633,2.959613238550733,nan,0.4102,0.05222,0.0,0.0,0.0,0.0,0.0,0.0,0.0,0.0,0.0,0.0,0.0,0.0,0.0,0.0,0.0,0.0,0.0,0.0,0.0,0.0,0.0,0.0,4.225649693640397e-05,0.003021339530952884,0.0009718994295372914,0.011863511514895415,0.0036868793577012468,0.0006127192055778576,0.004595394041833932,0.0019332347348404817,0.00669765476442003,0.005113036129304881,0.020251426156771602,0.008324529896471582,0.004553137544897528,0.03214663004436932,0.04809845763786182,0.05403549545742658,0.07380097189942954,0.11549757025142615,0.07776251848721741,0.09580604267906191,0.07962180435241918,0.09499260511303613,0.0649165434185506,0.034629199239383054,0.016406084935558844,0.017272343122755125,0.02597718149165434,0.04506655398267484,0.011620536657511091,0.0038453412212127616,0.01211705049651384,0.017377984365096133,0.001447285020071836,0.005884217198394253,0.0,0.0,1.0564124234100992e-05,0.0,0.0,0.0,0.0,0.0,0.0,0.0,0.0,0.0,0.0,0.0,0.0,0.0,0.0,0.0,0.0,0.0,0.0,0.0,0.0,0.0,0.0,0.0,0.0,0.0,0.0,0.0,0.0,0.0,0.0,0.0,0.0,0.0,0.0,0.0,0.0,0.0,0.0,0.0,0.0,0.0,0.0,nan,nan,4.266819072501633,2.959613238550733,nan,0.9232863291075054,0.023378671199135708,0.0,0.0,0.0,0.0,0.0,0.0,0.0,0.0,0.0,0.0,0.0,0.0,0.0,0.0,0.0,0.0,0.0,0.0,0.0,0.0,0.0,0.0,0.0,0.0,0.0,0.1861042183622829,4.56575682382134,15.297766749379656,8.995037220843674,0.9553349875930522,0.923125753186434,0.02277969559781816,0.0,0.0,0.0,0.0,0.0,0.0,0.0,0.0,0.0,0.0,0.0,0.0,0.0,0.0,0.0,0.0,0.0,0.0,0.0,0.0,0.0,0.0,0.0,0.0,0.0,0.19438444924406054,4.600431965442765,15.330453563714906,9.174946004319656,0.6997840172786179,0.41,0.01057,0.0,0.0,0.0,0.0,0.0,0.0,0.0,0.0,0.0,0.0,0.0,5.099255583126543,24.466501240694797,0.43424317617866015,0.0,0.0,0.0,0.0,0.0,0.0,0.0,0.0,0.0,0.0,0.0,0.0,0.0,0.0,0.0,0.0,0.4104,0.01027,0.0,0.0,0.0,0.0,0.0,0.0,0.0,0.0,0.0,0.0,0.0,4.859611231101505,24.751619870410373,0.3887688984881211,0.0,0.0,0.0,0.0,0.0,0.0,0.0,0.0,0.0,0.0,0.0,0.0,0.0,0.0,0.0,0.0
44900,4720,2414,0.5114406779661017,1123,976,0.4447033898305085,1336,0.5661016949152542,0.40599999999999997,2.952298352124892,3.075287787796179,6.509174311926605,2.2125044114845496,8295.90056036263,432.8979746332433,7853.0,8741.769071960449,8718.986182647728,5.557674578044071,7853.0,0.0,28.329872881355932,21.145828353684845,33.03821178821179,19.503958162770083,0.1326271186440678,0.09872881355932203,0.09427966101694915,0.09088983050847457,0.07860169491525423,0.07860169491525423,0.06970338983050847,0.06694915254237288,0.054872881355932206,0.04406779661016949,0.049364406779661016,0.03983050847457627,0.03453389830508474,0.023940677966101696,0.020127118644067795,0.012923728813559321,0.009957627118644067,0.9240230381741362,0.02273047888371474,0.0,0.0,0.0,0.0,0.0,0.0,0.0,0.0,0.0,0.0,0.0,0.0,0.0,0.0,0.0,0.0,0.0,0.0,0.0,0.0,0.0,0.0,0.0,0.0,0.0,0.19067796610169496,4.118644067796611,15.527542372881358,9.286016949152543,0.8771186440677968,4.269318552331268,2.9048346238030014,nan,nan,nan,4.290448343079922,2.9183350383616826,4.24803664921466,2.89101719788164,0.9901148573589824,0.4106,0.010475,0.0,0.0,0.0,0.0,0.0,0.0,0.0,0.0,0.0,0.0,0.0,4.639830508474569,24.921610169491533,0.4385593220338984,0.0,0.0,0.0,0.0,0.0,0.0,0.0,0.0,0.0,0.0,0.0,0.0,0.0,0.0,0.0,0.0,nan,nan,4.269318552331268,2.9048346238030014,nan,0.4106,0.0516,0.0,0.0,0.0,0.0,0.0,0.0,0.0,0.0,0.0,0.0,0.0,0.0,0.0,0.0,0.0,0.0,0.0,0.0,0.0,0.0,0.0,4.2372881355932206e-05,5.296610169491525e-05,0.0022033898305084745,0.0008792372881355932,0.010985169491525424,0.004322033898305085,0.00026483050847457627,0.004014830508474576,0.002468220338983051,0.005995762711864407,0.005286016949152542,0.01847457627118644,0.00913135593220339,0.0038665254237288138,0.03198093220338983,0.04677966101694915,0.05471398305084746,0.07609110169491526,0.11620762711864407,0.07896186440677966,0.09354872881355933,0.08006355932203389,0.09676906779661017,0.065,0.03518008474576271,0.016016949152542374,0.018273305084745763,0.026271186440677965,0.04471398305084746,0.011154661016949152,0.0038771186440677966,0.011059322033898306,0.01763771186440678,0.0015148305084745762,0.006197033898305085,0.0,0.0,0.0,0.0,0.0,0.0,0.0,0.0,0.0,0.0,0.0,0.0,0.0,0.0,0.0,0.0,0.0,0.0,0.0,0.0,0.0,0.0,0.0,0.0,0.0,0.0,0.0,0.0,0.0,0.0,0.0,0.0,0.0,0.0,0.0,0.0,0.0,0.0,0.0,0.0,0.0,0.0,0.0,0.0,0.0,nan,nan,4.269318552331268,2.9048346238030014,nan,0.9237392284994591,0.022645376869388768,0.0,0.0,0.0,0.0,0.0,0.0,0.0,0.0,0.0,0.0,0.0,0.0,0.0,0.0,0.0,0.0,0.0,0.0,0.0,0.0,0.0,0.0,0.0,0.0,0.0,0.23612261806130908,4.051367025683514,15.62137531068766,9.146644573322288,0.9444904722452363,0.9243201398890843,0.022815444585995485,0.0,0.0,0.0,0.0,0.0,0.0,0.0,0.0,0.0,0.0,0.0,0.0,0.0,0.0,0.0,0.0,0.0,0.0,0.0,0.0,0.0,0.0,0.0,0.0,0.0,0.14310494362532528,4.189071986123158,15.42931483087598,9.431916738941892,0.8065915004336516,0.4106,0.01036,0.0,0.0,0.0,0.0,0.0,0.0,0.0,0.0,0.0,0.0,0.0,4.399337199668594,25.14084507042254,0.45981772990886505,0.0,0.0,0.0,0.0,0.0,0.0,0.0,0.0,0.0,0.0,0.0,0.0,0.0,0.0,0.0,0.0,0.4106,0.0106,0.0,0.0,0.0,0.0,0.0,0.0,0.0,0.0,0.0,0.0,0.0,4.891587163920201,24.692107545533396,0.4163052905464008,0.0,0.0,0.0,0.0,0.0,0.0,0.0,0.0,0.0,0.0,0.0,0.0,0.0,0.0,0.0,0.0
45000,4825,2460,0.5098445595854922,1134,963,0.4346113989637306,1337,0.5541968911917099,0.422,3.052431289640592,3.181573434990066,6.796101949025488,2.1384850334949643,8294.5586484824,432.96738170342104,7853.0,8738.580500566959,8719.065235336415,5.636678666050037,7853.0,0.0,27.917305699481865,20.9227743876746,32.868791697553746,19.21534248466355,0.1372020725388601,0.10839378238341969,0.09264248704663212,0.0855958549222798,0.07544041450777202,0.07419689119170984,0.06715025906735751,0.06466321243523317,0.06031088082901554,0.04870466321243523,0.049740932642487044,0.04393782383419689,0.03233160621761658,0.02383419689119171,0.019067357512953367,0.010155440414507772,0.006632124352331606,0.9243306998514759,0.023115532747504705,0.0,0.0,0.0,0.0,0.0,0.0,0.0,0.0,0.0,0.0,0.0,0.0,0.0,0.0,0.0,0.0,0.0,0.0,0.0,0.0,0.0,0.0,0.0,0.0,0.0,0.21139896373057,4.240414507772021,14.972020725388605,9.705699481865286,0.8704663212435235,4.434895833333333,2.914078790541299,nan,nan,nan,4.47522816166884,2.892304074936228,4.396877033181522,2.9347607118396373,0.982492260582732,0.4104,0.010635,0.0,0.0,0.0,0.0,0.0,0.0,0.0,0.0,0.0,0.0,0.0,4.84352331606217,24.67150259067358,0.4849740932642488,0.0,0.0,0.0,0.0,0.0,0.0,0.0,0.0,0.0,0.0,0.0,0.0,0.0,0.0,0.0,0.0,nan,nan,4.434895833333333,2.914078790541299,nan,0.4104,0.05188,0.0,0.0,0.0,0.0,0.0,0.0,0.0,0.0,0.0,0.0,0.0,0.0,0.0,0.0,0.0,0.0,0.0,0.0,0.0,0.0,0.0,7.253886010362694e-05,0.00011398963730569949,0.002487046632124352,0.0008911917098445596,0.011533678756476684,0.004476683937823835,0.00036269430051813473,0.003958549222797927,0.002466321243523316,0.006466321243523316,0.005564766839378238,0.01744041450777202,0.009699481865284973,0.0041968911917098445,0.034963730569948184,0.04566839378238342,0.05555440414507772,0.07618652849740933,0.11244559585492228,0.07435233160621761,0.09296373056994818,0.0799481865284974,0.09839378238341968,0.06355440414507772,0.03637305699481865,0.01793782383419689,0.018590673575129533,0.029305699481865285,0.04465284974093264,0.011233160621761658,0.004290155440414508,0.010974093264248705,0.016683937823834198,0.0015647668393782383,0.004559585492227979,3.108808290155441e-05,0.0,4.145077720207254e-05,0.0,0.0,0.0,0.0,0.0,0.0,0.0,0.0,0.0,0.0,0.0,0.0,0.0,0.0,0.0,0.0,0.0,0.0,0.0,0.0,0.0,0.0,0.0,0.0,0.0,0.0,0.0,0.0,0.0,0.0,0.0,0.0,0.0,0.0,0.0,0.0,0.0,0.0,0.0,0.0,0.0,0.0,nan,nan,4.434895833333333,2.914078790541299,nan,0.9244930022373432,0.023152005600101975,0.0,0.0,0.0,0.0,0.0,0.0,0.0,0.0,0.0,0.0,0.0,0.0,0.0,0.0,0.0,0.0,0.0,0.0,0.0,0.0,0.0,0.0,0.0,0.0,0.0,0.23170731707317077,4.243902439024391,14.82926829268293,9.878048780487806,0.8170731707317075,0.9241618779194531,0.023076322459820924,0.0,0.0,0.0,0.0,0.0,0.0,0.0,0.0,0.0,0.0,0.0,0.0,0.0,0.0,0.0,0.0,0.0,0.0,0.0,0.0,0.0,0.0,0.0,0.0,0.0,0.19027484143763218,4.23678646934461,15.12050739957717,9.526427061310784,0.9260042283298099,0.4104,0.01058,0.0,0.0,0.0,0.0,0.0,0.0,0.0,0.0,0.0,0.0,0.0,4.8414634146341395,24.670731707317078,0.4878048780487806,0.0,0.0,0.0,0.0,0.0,0.0,0.0,0.0,0.0,0.0,0.0,0.0,0.0,0.0,0.0,0.0,0.4106,0.0107,0.0,0.0,0.0,0.0,0.0,0.0,0.0,0.0,0.0,0.0,0.0,4.845665961945024,24.672304439746306,0.48202959830866815,0.0,0.0,0.0,0.0,0.0,0.0,0.0,0.0,0.0,0.0,0.0,0.0,0.0,0.0,0.0,0.0
45100,4831,2546,0.5270130407783068,1199,974,0.44980335334299315,1354,0.560546470709998,0.438,3.009628008752735,3.113167361604565,6.629969418960244,2.111006759901352,8309.408520541065,432.401724451989,7853.0,8737.930743032693,8719.028893453997,5.683376197315925,7853.0,0.0,28.10763817015111,20.913024429750024,33.00147528891075,19.16909337779299,0.13641068101842269,0.09935831090871455,0.09252742703374042,0.0904574622231422,0.08031463465121093,0.07658869799213414,0.06934382115504037,0.058787000620989446,0.056717035810391225,0.05444007451873318,0.047609190643759056,0.04305526806044297,0.03270544400745187,0.023390602359759885,0.021113641068101843,0.011798799420409853,0.005381908507555371,0.9241121388621716,0.02314540693927603,0.0,0.0,0.0,0.0,0.0,0.0,0.0,0.0,0.0,0.0,0.0,0.0,0.0,0.0,0.0,0.0,0.0,0.0,0.0,0.0,0.0,0.0,0.0,0.0,0.006209894431794661,0.2235561995446078,4.179258952597807,15.183191885737946,9.395570275305321,1.0122127923825297,4.246744998412194,2.9109401038873552,nan,nan,nan,4.199620972836387,2.89628247277212,4.294380587484036,2.9249106861269856,1.0225638492760571,0.4102,0.01054,0.0,0.0,0.0,0.0,0.0,0.0,0.0,0.0,0.0,0.0,0.0,5.023804595321872,24.535292900020707,0.4409025046574209,0.0,0.0,0.0,0.0,0.0,0.0,0.0,0.0,0.0,0.0,0.0,0.0,0.0,0.0,0.0,0.0,nan,nan,4.246744998412194,2.9109401038873552,nan,0.4102,0.0522,0.0,0.0,0.0,0.0,0.0,0.0,0.0,0.0,0.0,0.0,0.0,0.0,0.0,0.0,0.0,0.0,0.0,0.0,0.0,0.0,2.0699648105982198e-05,0.0001448975367418754,0.00010349824052991099,0.00282550196646657,0.0009728834609811633,0.010774166839163735,0.005609604636721176,0.00041399296211964395,0.004388325398468226,0.0026909542537776857,0.005878700062098945,0.00583730076588698,0.017667149658455807,0.010060028979507349,0.005309459739184434,0.03528255019664666,0.044587042020285655,0.053912233492030635,0.07740633409232044,0.10901469675015525,0.07328710411922998,0.09288967087559512,0.08249844752639206,0.10160422272821362,0.060805216311322706,0.03633823225005175,0.01826743945352929,0.019343821155040363,0.028399917201407575,0.045911819499068515,0.009925481266818465,0.004077830676878493,0.01045332229352101,0.016601117780997723,0.001676671496584558,0.0048540674808528255,1.0349824052991099e-05,0.0,0.0001552473607948665,0.0,0.0,0.0,0.0,0.0,0.0,0.0,0.0,0.0,0.0,0.0,0.0,0.0,0.0,0.0,0.0,0.0,0.0,0.0,0.0,0.0,0.0,0.0,0.0,0.0,0.0,0.0,0.0,0.0,0.0,0.0,0.0,0.0,0.0,0.0,0.0,0.0,0.0,0.0,0.0,0.0,0.0,nan,nan,4.246744998412194,2.9109401038873552,nan,0.9246135653469942,0.022987938823553242,0.0,0.0,0.0,0.0,0.0,0.0,0.0,0.0,0.0,0.0,0.0,0.0,0.0,0.0,0.0,0.0,0.0,0.0,0.0,0.0,0.0,0.0,0.0,0.0,0.0,0.16496465043205033,4.206598586017282,15.000000000000004,9.591516103692067,1.0369206598586018,0.9235534378423211,0.023306906209070853,0.0,0.0,0.0,0.0,0.0,0.0,0.0,0.0,0.0,0.0,0.0,0.0,0.0,0.0,0.0,0.0,0.0,0.0,0.0,0.0,0.0,0.0,0.0,0.0,0.013129102844638953,0.2888402625820569,4.1487964989059085,15.387308533916853,9.177242888402628,0.9846827133479215,0.4102,0.01047,0.0,0.0,0.0,0.0,0.0,0.0,0.0,0.0,0.0,0.0,0.0,5.066771406127251,24.485467399842896,0.4477611940298508,0.0,0.0,0.0,0.0,0.0,0.0,0.0,0.0,0.0,0.0,0.0,0.0,0.0,0.0,0.0,0.0,0.4104,0.010605,0.0,0.0,0.0,0.0,0.0,0.0,0.0,0.0,0.0,0.0,0.0,4.975929978118155,24.59080962800876,0.43326039387308546,0.0,0.0,0.0,0.0,0.0,0.0,0.0,0.0,0.0,0.0,0.0,0.0,0.0,0.0,0.0,0.0
45200,4814,2493,0.5178645616950561,1192,980,0.4511840465309514,1343,0.5579559617781471,0.40599999999999997,3.005170185264972,3.070192616884555,6.413489736070381,2.1331745973543463,8301.545780916136,432.8152289583818,7853.0,8738.069078081846,8719.144961624661,5.673918801645364,7853.0,0.0,28.15828832571666,20.83432871665163,33.20123915737299,18.976308151985492,0.14167012879102617,0.09513917739925218,0.08745326132114666,0.08766098878271708,0.08309098462816784,0.07332779393435812,0.07125051931865392,0.0666805151641047,0.056709597008724556,0.05525550477773162,0.04528458662235148,0.04258412962193602,0.0338595762359784,0.02658911508101371,0.01641046946406315,0.008932280847528043,0.008101371001246365,0.9250110513103122,0.023340981361488003,0.0,0.0,0.0,0.0,0.0,0.0,0.0,0.0,0.0,0.0,0.0,0.0,0.0,0.0,0.0,0.0,0.0,0.0,0.0,0.0,0.0,0.0,0.0,0.0,0.00623182384711259,0.1994183631076029,4.01952638138762,15.081013710012467,9.665558786871626,1.0282509347735773,4.161998726925525,2.8611259289232405,nan,nan,nan,4.116338207247298,2.869010398428303,4.207775653282345,2.852465879108569,1.0222132977008693,0.41,0.01038,0.0,0.0,0.0,0.0,0.0,0.0,0.0,0.0,0.0,0.0,0.0,5.12255920232654,24.559617781470717,0.31782301620274206,0.0,0.0,0.0,0.0,0.0,0.0,0.0,0.0,0.0,0.0,0.0,0.0,0.0,0.0,0.0,0.0,nan,nan,4.161998726925525,2.8611259289232405,nan,0.41,0.05243,0.0,0.0,0.0,0.0,0.0,0.0,0.0,0.0,0.0,0.0,0.0,0.0,0.0,0.0,0.0,0.0,0.0,0.0,0.0,0.0,9.347735770668883e-05,0.0001038637307852098,0.00016618196925633567,0.00264852513502285,0.0010178645616950562,0.00943082675529705,0.006211051100955546,0.0006127960116327378,0.0043415039468217695,0.004299958454507686,0.00572289156626506,0.007010801828001662,0.019765267968425426,0.008049439135853759,0.005151641046946406,0.03720398836726215,0.043601994183631074,0.05659534690486082,0.07504154549231408,0.106439551308683,0.07586206896551724,0.09314499376817616,0.08308059825508932,0.09832779393435812,0.060988782717075196,0.03591607810552555,0.01695056086414624,0.01963024511840465,0.027274615704196096,0.04577274615704196,0.011362692147901953,0.0039260490236809305,0.010718737017033651,0.016773992521811384,0.0013502285002077274,0.005172413793103448,6.231823847112588e-05,0.00013502285002077276,4.154549231408392e-05,0.0,0.0,0.0,0.0,0.0,0.0,0.0,0.0,0.0,0.0,0.0,0.0,0.0,0.0,0.0,0.0,0.0,0.0,0.0,0.0,0.0,0.0,0.0,0.0,0.0,0.0,0.0,0.0,0.0,0.0,0.0,0.0,0.0,0.0,0.0,0.0,0.0,0.0,0.0,0.0,0.0,0.0,nan,nan,4.161998726925525,2.8611259289232405,nan,0.9251314612980401,0.02327591212505642,0.0,0.0,0.0,0.0,0.0,0.0,0.0,0.0,0.0,0.0,0.0,0.0,0.0,0.0,0.0,0.0,0.0,0.0,0.0,0.0,0.0,0.0,0.0,0.0,0.01203369434416366,0.1564380264741276,3.995186522262335,15.222623345367031,9.614921780986764,0.9987966305655838,0.9248817182213825,0.023409981292932397,0.0,0.0,0.0,0.0,0.0,0.0,0.0,0.0,0.0,0.0,0.0,0.0,0.0,0.0,0.0,0.0,0.0,0.0,0.0,0.0,0.0,0.0,0.0,0.0,0.0,0.2455838000861698,4.045669969840587,14.928909952606638,9.719948298147353,1.059887979319259,0.4102,0.01036,0.0,0.0,0.0,0.0,0.0,0.0,0.0,0.0,0.0,0.0,0.0,5.018050541516238,24.65703971119134,0.32490974729241884,0.0,0.0,0.0,0.0,0.0,0.0,0.0,0.0,0.0,0.0,0.0,0.0,0.0,0.0,0.0,0.0,0.41,0.01041,0.0,0.0,0.0,0.0,0.0,0.0,0.0,0.0,0.0,0.0,0.0,5.234812580784137,24.45497630331754,0.31021111589831973,0.0,0.0,0.0,0.0,0.0,0.0,0.0,0.0,0.0,0.0,0.0,0.0,0.0,0.0,0.0,0.0
45300,4720,2503,0.5302966101694915,1202,931,0.45190677966101694,1281,0.5427966101694915,0.434,3.059088858818223,3.1295339222980276,6.657276995305164,2.0714708895560894,8312.283245304337,432.2677453724644,7853.0,8738.264381611347,8719.087462179972,5.669053156575631,7853.0,0.0,28.161228813559323,20.909988210532152,33.039949748743716,19.134518835151074,0.1385593220338983,0.09576271186440678,0.09216101694915255,0.08792372881355932,0.08114406779661017,0.075,0.07351694915254238,0.06419491525423729,0.05423728813559322,0.053389830508474574,0.046610169491525424,0.042584745762711866,0.03305084745762712,0.025423728813559324,0.017372881355932204,0.012076271186440678,0.0069915254237288135,0.9257806535494529,0.023460146332097545,0.0,0.0,0.0,0.0,0.0,0.0,0.0,0.0,0.0,0.0,0.0,0.0,0.0,0.0,0.0,0.0,0.0,0.0,0.0,0.0,0.0,0.0,0.0,0.0,0.0,0.17161016949152547,3.966101694915255,14.625000000000004,10.086864406779663,1.1504237288135595,4.1345276872964165,2.8894641853723284,nan,nan,nan,4.123197903014416,2.895836799525219,4.145725388601036,2.883108276481306,1.005463595518942,0.4097,0.01016,0.0,0.0,0.0,0.0,0.0,0.0,0.0,0.0,0.0,0.0,0.0,5.1673728813559245,24.546610169491533,0.28601694915254244,0.0,0.0,0.0,0.0,0.0,0.0,0.0,0.0,0.0,0.0,0.0,0.0,0.0,0.0,0.0,0.0,nan,nan,4.1345276872964165,2.8894641853723284,nan,0.4097,0.05212,0.0,0.0,0.0,0.0,0.0,0.0,0.0,0.0,0.0,0.0,0.0,0.0,0.0,0.0,0.0,0.0,0.0,0.0,0.0,0.0,0.0001059322033898305,8.474576271186441e-05,0.0003177966101694915,0.003103813559322034,0.0011440677966101695,0.008177966101694915,0.006101694915254237,0.0005190677966101694,0.004375,0.00413135593220339,0.006080508474576272,0.00788135593220339,0.01958686440677966,0.008283898305084745,0.006959745762711865,0.03481991525423729,0.04272245762711865,0.05606991525423729,0.07879237288135593,0.10564618644067797,0.07510593220338983,0.09835805084745762,0.08246822033898304,0.0971927966101695,0.05911016949152542,0.035921610169491525,0.017182203389830508,0.018252118644067797,0.025879237288135595,0.04766949152542373,0.010879237288135593,0.004088983050847457,0.011197033898305085,0.01666313559322034,0.0010911016949152542,0.0038347457627118642,4.2372881355932206e-05,0.00015889830508474575,0.0,0.0,0.0,0.0,0.0,0.0,0.0,0.0,0.0,0.0,0.0,0.0,0.0,0.0,0.0,0.0,0.0,0.0,0.0,0.0,0.0,0.0,0.0,0.0,0.0,0.0,0.0,0.0,0.0,0.0,0.0,0.0,0.0,0.0,0.0,0.0,0.0,0.0,0.0,0.0,0.0,0.0,0.0,nan,nan,4.1345276872964165,2.8894641853723284,nan,0.9253652396556429,0.023276163846818528,0.0,0.0,0.0,0.0,0.0,0.0,0.0,0.0,0.0,0.0,0.0,0.0,0.0,0.0,0.0,0.0,0.0,0.0,0.0,0.0,0.0,0.0,0.0,0.0,0.0,0.15581302437075514,4.039153016380344,14.694366759888137,10.043947263284062,1.0667199360767081,0.9262496571472006,0.023657379145828664,0.0,0.0,0.0,0.0,0.0,0.0,0.0,0.0,0.0,0.0,0.0,0.0,0.0,0.0,0.0,0.0,0.0,0.0,0.0,0.0,0.0,0.0,0.0,0.0,0.0,0.18944519621109612,3.88362652232747,14.546684709066309,10.135317997293642,1.2449255751014887,0.4097,0.01027,0.0,0.0,0.0,0.0,0.0,0.0,0.0,0.0,0.0,0.0,0.0,5.261685976827799,24.390731122652824,0.34758290051937685,0.0,0.0,0.0,0.0,0.0,0.0,0.0,0.0,0.0,0.0,0.0,0.0,0.0,0.0,0.0,0.0,0.4097,0.01004,0.0,0.0,0.0,0.0,0.0,0.0,0.0,0.0,0.0,0.0,0.0,5.060893098782131,24.722598105548045,0.21650879566982414,0.0,0.0,0.0,0.0,0.0,0.0,0.0,0.0,0.0,0.0,0.0,0.0,0.0,0.0,0.0,0.0
45400,4896,2534,0.5175653594771242,1165,1020,0.4462826797385621,1381,0.5641339869281046,0.43,2.969093988145639,3.126377350055922,6.69620253164557,2.1952447479232764,8301.277447072067,432.8154226490699,7853.0,8736.605998122692,8719.127222125031,5.656439417997673,7853.0,0.0,27.52573529411765,20.894463047914147,32.83024919812485,19.0612865597183,0.15236928104575165,0.1031454248366013,0.0857843137254902,0.0857843137254902,0.07741013071895425,0.07802287581699346,0.06413398692810457,0.0676062091503268,0.06066176470588235,0.04840686274509804,0.04330065359477124,0.042279411764705885,0.030841503267973858,0.026552287581699346,0.017565359477124183,0.010008169934640522,0.006127450980392157,0.9258502700238251,0.022997728736559864,0.0,0.0,0.0,0.0,0.0,0.0,0.0,0.0,0.0,0.0,0.0,0.0,0.0,0.0,0.0,0.0,0.0,0.0,0.0,0.0,0.0,0.0,0.0,0.0,0.0061274509803921585,0.16544117647058829,3.725490196078432,14.675245098039218,10.355392156862749,1.0723039215686276,4.28512,2.9112173717536107,nan,nan,nan,4.314613911933631,2.902576297862255,4.2554557124518615,2.91958204607727,0.986288877593857,0.4097,0.010376,0.0,0.0,0.0,0.0,0.0,0.0,0.0,0.0,0.0,0.0,0.0,5.269607843137248,24.41176470588236,0.31862745098039225,0.0,0.0,0.0,0.0,0.0,0.0,0.0,0.0,0.0,0.0,0.0,0.0,0.0,0.0,0.0,0.0,nan,nan,4.28512,2.9112173717536107,nan,0.4097,0.05197,0.0,0.0,0.0,0.0,0.0,0.0,0.0,0.0,0.0,0.0,0.0,0.0,0.0,0.0,0.0,0.0,0.0,0.0,0.0,0.0,0.00011233660130718954,3.0637254901960784e-05,0.0002553104575163399,0.002675653594771242,0.0012561274509803922,0.008282271241830065,0.006066176470588235,0.00045955882352941176,0.003604983660130719,0.004217728758169934,0.0053104575163398695,0.007975898692810457,0.020189950980392158,0.008445669934640522,0.009109477124183007,0.035498366013071894,0.04249387254901961,0.056147875816993466,0.07934027777777777,0.10590277777777778,0.07210988562091503,0.09794730392156863,0.08218954248366013,0.09513888888888888,0.05938521241830065,0.03641748366013072,0.016983251633986927,0.018739787581699346,0.026991421568627452,0.050408496732026145,0.011437908496732025,0.0033292483660130718,0.01079452614379085,0.016125408496732028,0.0005514705882352941,0.0038705065359477125,7.148692810457517e-05,0.00011233660130718954,2.0424836601307188e-05,0.0,0.0,0.0,0.0,0.0,0.0,0.0,0.0,0.0,0.0,0.0,0.0,0.0,0.0,0.0,0.0,0.0,0.0,0.0,0.0,0.0,0.0,0.0,0.0,0.0,0.0,0.0,0.0,0.0,0.0,0.0,0.0,0.0,0.0,0.0,0.0,0.0,0.0,0.0,0.0,0.0,0.0,nan,nan,4.28512,2.9112173717536107,nan,0.9255770459924049,0.02314731473917487,0.0,0.0,0.0,0.0,0.0,0.0,0.0,0.0,0.0,0.0,0.0,0.0,0.0,0.0,0.0,0.0,0.0,0.0,0.0,0.0,0.0,0.0,0.0,0.0,0.011838989739542229,0.15390686661404898,3.93054459352802,14.56195737963694,10.228887134964486,1.1128650355169694,0.9261433901320465,0.02283252546004836,0.0,0.0,0.0,0.0,0.0,0.0,0.0,0.0,0.0,0.0,0.0,0.0,0.0,0.0,0.0,0.0,0.0,0.0,0.0,0.0,0.0,0.0,0.0,0.0,0.0,0.1778154106689247,3.505503810330229,14.796782387806946,10.491109229466558,1.02878916172735,0.4094,0.01064,0.0,0.0,0.0,0.0,0.0,0.0,0.0,0.0,0.0,0.0,0.0,5.457774269928958,24.10418310970798,0.43804262036306246,0.0,0.0,0.0,0.0,0.0,0.0,0.0,0.0,0.0,0.0,0.0,0.0,0.0,0.0,0.0,0.0,0.41,0.010086,0.0,0.0,0.0,0.0,0.0,0.0,0.0,0.0,0.0,0.0,0.0,5.067739204064345,24.741744284504662,0.19051651143099074,0.0,0.0,0.0,0.0,0.0,0.0,0.0,0.0,0.0,0.0,0.0,0.0,0.0,0.0,0.0,0.0
45500,4981,2604,0.5227865890383457,1232,1016,0.45131499698855654,1407,0.5649467978317607,0.39399999999999996,2.9726546066470343,3.049391654292241,6.455732946298984,2.133736154736382,8305.909001198352,432.73689688704025,7853.0,8737.705786848068,8719.336303751534,5.579583067682951,7853.0,0.0,28.44087532623971,20.81657562799522,33.267632391355974,19.00698779309178,0.13431037944187915,0.09757076892190324,0.09094559325436659,0.08693033527404136,0.07869905641437462,0.0724754065448705,0.07086930335274041,0.06564946797831761,0.059626581007829756,0.05259987954226059,0.05139530214816302,0.04195944589439871,0.03613732182292712,0.0289098574583417,0.01586026902228468,0.011041959445894398,0.005019072475406545,0.9260790870386394,0.0229499114440194,0.0,0.0,0.0,0.0,0.0,0.0,0.0,0.0,0.0,0.0,0.0,0.0,0.0,0.0,0.0,0.0,0.0,0.0,0.0,0.0,0.0,0.0,0.0,0.0,0.0,0.18068660911463566,3.698052599879543,14.65970688616744,10.329251154386672,1.1323027504517167,4.177300613496932,2.8771108679439763,nan,nan,nan,4.092269326683292,2.8934038126787174,4.261631419939577,2.858570998624829,1.0413858619108898,0.41,0.01035,0.0,0.0,0.0,0.0,0.0,0.0,0.0,0.0,0.0,0.0,0.0,5.324232081911255,24.302348925918498,0.37341899217024704,0.0,0.0,0.0,0.0,0.0,0.0,0.0,0.0,0.0,0.0,0.0,0.0,0.0,0.0,0.0,0.0,nan,nan,4.177300613496932,2.8771108679439763,nan,0.41,0.05197,0.0,0.0,0.0,0.0,0.0,0.0,0.0,0.0,0.0,0.0,0.0,0.0,0.0,0.0,0.0,2.007628990162618e-05,0.0,0.0,0.0,2.007628990162618e-05,0.00013049588436057016,1.003814495081309e-05,0.0001907247540654487,0.0033125878337683197,0.001114234089540253,0.008452118048584622,0.005581208592652078,0.0005420598273439068,0.0029612527604898613,0.004085524994980928,0.004788195141537843,0.008000401525798033,0.020568159004216022,0.007869905641437462,0.009696848022485445,0.03407950210801044,0.040895402529612525,0.05635414575386469,0.08046576992571773,0.10746837984340493,0.07445292110018069,0.09633607709295322,0.08161011845011042,0.09456936358161012,0.058602690222846816,0.037512547681188516,0.01757679180887372,0.020116442481429433,0.026028909857458343,0.04779160811082112,0.012939168841598073,0.003101786789801245,0.01069062437261594,0.017396105199759083,0.0005721742621963461,0.00396506725557117,3.0114434852439268e-05,9.034330455731781e-05,0.0,0.0,1.003814495081309e-05,0.0,0.0,0.0,0.0,0.0,0.0,0.0,0.0,0.0,0.0,0.0,0.0,0.0,0.0,0.0,0.0,0.0,0.0,0.0,0.0,0.0,0.0,0.0,0.0,0.0,0.0,0.0,0.0,0.0,0.0,0.0,0.0,0.0,0.0,0.0,0.0,0.0,0.0,0.0,0.0,nan,nan,4.177300613496932,2.8771108679439763,nan,0.9261018878303915,0.023065642645812477,0.0,0.0,0.0,0.0,0.0,0.0,0.0,0.0,0.0,0.0,0.0,0.0,0.0,0.0,0.0,0.0,0.0,0.0,0.0,0.0,0.0,0.0,0.0,0.0,0.0,0.19585253456221202,3.629032258064517,14.758064516129036,10.264976958525349,1.1520737327188941,0.926054108804848,0.022822428337923892,0.0,0.0,0.0,0.0,0.0,0.0,0.0,0.0,0.0,0.0,0.0,0.0,0.0,0.0,0.0,0.0,0.0,0.0,0.0,0.0,0.0,0.0,0.0,0.0,0.0,0.16407236011779558,3.7736642827092983,14.551956247370638,10.399663441312581,1.110643668489693,0.41,0.01034,0.0,0.0,0.0,0.0,0.0,0.0,0.0,0.0,0.0,0.0,0.0,5.264976958525338,24.354838709677423,0.3801843317972351,0.0,0.0,0.0,0.0,0.0,0.0,0.0,0.0,0.0,0.0,0.0,0.0,0.0,0.0,0.0,0.0,0.41,0.01037,0.0,0.0,0.0,0.0,0.0,0.0,0.0,0.0,0.0,0.0,0.0,5.389145982330661,24.24484644509887,0.36600757257046707,0.0,0.0,0.0,0.0,0.0,0.0,0.0,0.0,0.0,0.0,0.0,0.0,0.0,0.0,0.0,0.0
45600,5059,2566,0.5072148645977466,1240,1067,0.4560189760822297,1482,0.5858865388416683,0.36599999999999994,2.874849578820698,3.0528801883272147,6.438122332859175,2.189155452515077,8292.488837761954,433.2103539866863,7853.0,8737.198800379037,8719.474680529122,5.5634004673630555,7853.0,0.0,28.0213480925084,20.570128888555818,32.64586728754365,18.873627676911898,0.13065823285234235,0.09804309152006326,0.09824075904328919,0.08974105554457402,0.07985767938327733,0.07629966396521051,0.06779996046649535,0.06562561771101008,0.06305593990907293,0.05455623641035778,0.04526586281873888,0.0401265072148646,0.03399881399486064,0.022929432694208343,0.01699940699743032,0.00948804111484483,0.007313698359359557,0.926202252533719,0.023065441714256545,0.0,0.0,0.0,0.0,0.0,0.0,0.0,0.0,0.0,0.0,0.0,0.0,0.0,0.0,0.0,0.0,0.0,0.0,0.0,0.0,0.0,0.0,0.0,0.0,0.0,0.12453053963233843,3.7121960861830408,14.914014627396721,10.098833761612969,1.150424985174936,4.151956323930846,2.850371785407512,nan,nan,nan,4.154601226993865,2.8583147991931956,4.148259303721488,2.843072492158218,0.9984735181727741,0.4106,0.01036,0.0,0.0,0.0,0.0,0.0,0.0,0.0,0.0,0.0,0.0,0.0,4.832970942874079,24.740067206957903,0.42696185016801746,0.0,0.0,0.0,0.0,0.0,0.0,0.0,0.0,0.0,0.0,0.0,0.0,0.0,0.0,0.0,0.0,nan,nan,4.151956323930846,2.850371785407512,nan,0.4106,0.0514,0.0,0.0,0.0,0.0,0.0,0.0,0.0,0.0,0.0,0.0,0.0,0.0,0.0,0.0,0.0,0.0,0.0,0.0,0.0,0.0,0.00024708440403241745,0.0,8.895038545167029e-05,0.002856295710614746,0.00101798774461356,0.007471832377940304,0.005880608815971536,0.0006424194504842855,0.0025400276734532518,0.003182447123937537,0.0036271990511958885,0.00709626408381103,0.020676022929432693,0.007590432891875865,0.009685708638070766,0.033791263095473416,0.04008697371021941,0.0601897608222969,0.08467088357382882,0.10508005534690651,0.07419450484285432,0.09484087764380313,0.07808855505040521,0.09558213085590038,0.05829215259932793,0.03841668313896027,0.01835342953152797,0.01972721881794821,0.027762403637082426,0.04980233247677407,0.014479146076299665,0.0036074322988732953,0.009201423206167226,0.016841272978849575,0.00035580154180668116,0.0038841668313896027,9.8833761612967e-05,3.953350464518679e-05,0.0,0.0,9.883376161296698e-06,0.0,0.0,0.0,0.0,0.0,0.0,0.0,0.0,0.0,0.0,0.0,0.0,0.0,0.0,0.0,0.0,0.0,0.0,0.0,0.0,0.0,0.0,0.0,0.0,0.0,0.0,0.0,0.0,0.0,0.0,0.0,0.0,0.0,0.0,0.0,0.0,0.0,0.0,0.0,0.0,nan,nan,4.151956323930846,2.850371785407512,nan,0.9260057574914753,0.022951063923851402,0.0,0.0,0.0,0.0,0.0,0.0,0.0,0.0,0.0,0.0,0.0,0.0,0.0,0.0,0.0,0.0,0.0,0.0,0.0,0.0,0.0,0.0,0.0,0.0,0.0,0.12860483242400625,3.6126266562743576,15.175370226032738,9.93764614185503,1.145752143413874,0.9264045013417406,0.02318083995780692,0.0,0.0,0.0,0.0,0.0,0.0,0.0,0.0,0.0,0.0,0.0,0.0,0.0,0.0,0.0,0.0,0.0,0.0,0.0,0.0,0.0,0.0,0.0,0.0,0.0,0.1203369434416366,3.8146811070998803,14.645006016847175,10.264741275571604,1.1552346570397114,0.4106,0.0104,0.0,0.0,0.0,0.0,0.0,0.0,0.0,0.0,0.0,0.0,0.0,4.863600935307865,24.703819173811386,0.43257989088074833,0.0,0.0,0.0,0.0,0.0,0.0,0.0,0.0,0.0,0.0,0.0,0.0,0.0,0.0,0.0,0.0,0.4104,0.01032,0.0,0.0,0.0,0.0,0.0,0.0,0.0,0.0,0.0,0.0,0.0,4.801444043321293,24.777376654632977,0.4211793020457281,0.0,0.0,0.0,0.0,0.0,0.0,0.0,0.0,0.0,0.0,0.0,0.0,0.0,0.0,0.0,0.0
45700,4238,2205,0.5202925908447381,1014,874,0.44549315714959886,1176,0.5549787635677206,0.422,2.957697983275947,3.0782835836274995,6.504520795660036,2.2670845040054677,8303.771162853862,432.8521703632537,7853.0,8737.8729295969,8719.380130691457,5.62521880863712,7853.0,0.0,27.96271826333176,21.155953142017516,32.969040247678016,19.44714773077842,0.14016045304388863,0.10429447852760736,0.08895705521472393,0.08683341198678622,0.08187824445493157,0.07550731477111845,0.06984426616328457,0.06724870221802737,0.052383199622463426,0.05167531854648419,0.04105710240679566,0.03728173666823974,0.03893345917885795,0.025719679093912224,0.01651722510618216,0.012269938650306749,0.009438414346389807,0.9265033013418971,0.022911434061443883,0.0,0.0,0.0,0.0,0.0,0.0,0.0,0.0,0.0,0.0,0.0,0.0,0.0,0.0,0.0,0.0,0.0,0.0,0.0,0.0,0.0,0.0,0.0,0.0,0.0,0.10618216139688536,3.6101934874941017,15.219443133553566,9.66965549787636,1.3945257196790941,4.231362467866324,2.8678983339594457,nan,nan,nan,4.241379310344827,2.847246575990138,4.221323529411765,2.888412654042805,0.9952714012434243,0.4104,0.0103,0.0,0.0,0.0,0.0,0.0,0.0,0.0,0.0,0.0,0.0,0.0,4.587069372345439,24.96696554978764,0.44596507786691847,0.0,0.0,0.0,0.0,0.0,0.0,0.0,0.0,0.0,0.0,0.0,0.0,0.0,0.0,0.0,0.0,nan,nan,4.231362467866324,2.8678983339594457,nan,0.4104,0.05124,0.0,0.0,0.0,0.0,0.0,0.0,0.0,0.0,0.0,0.0,0.0,0.0,0.0,0.0,0.0,0.0,0.0,0.0,2.3596035865974516e-05,1.1798017932987258e-05,0.0007904672015101463,0.0,0.0,0.002229825389334592,0.0015219443133553563,0.006819254365266635,0.005486078338839075,0.0008730533270410571,0.0023124115148655026,0.0031264747522416233,0.002878716375648891,0.007255781028787164,0.021153846153846155,0.007208588957055215,0.01002831524303917,0.03415526191599811,0.042272298253893344,0.06116092496460595,0.08769466729589429,0.10279613025011798,0.0716611609249646,0.0975932043416706,0.07770174610665408,0.09399480887210948,0.05589900896649363,0.03782444549315715,0.020764511562057573,0.020221802737140162,0.026651722510618217,0.05140396413402548,0.014582350165172252,0.0032680509674374706,0.007881075979235489,0.015856536101934875,0.0006606890042472864,0.004034922133081642,0.00011798017932987259,8.25861255309108e-05,0.0,0.0,0.0,0.0,0.0,0.0,0.0,0.0,0.0,0.0,0.0,0.0,0.0,0.0,0.0,0.0,0.0,0.0,0.0,0.0,0.0,0.0,0.0,0.0,0.0,0.0,0.0,0.0,0.0,0.0,0.0,0.0,0.0,0.0,0.0,0.0,0.0,0.0,0.0,0.0,0.0,0.0,0.0,nan,nan,4.231362467866324,2.8678983339594457,nan,0.9260533160363195,0.023018502288774913,0.0,0.0,0.0,0.0,0.0,0.0,0.0,0.0,0.0,0.0,0.0,0.0,0.0,0.0,0.0,0.0,0.0,0.0,0.0,0.0,0.0,0.0,0.0,0.0,0.0,0.10884353741496601,3.6870748299319738,15.455782312925173,9.210884353741498,1.537414965986395,0.9269913572193189,0.022784694543901286,0.0,0.0,0.0,0.0,0.0,0.0,0.0,0.0,0.0,0.0,0.0,0.0,0.0,0.0,0.0,0.0,0.0,0.0,0.0,0.0,0.0,0.0,0.0,0.0,0.0,0.103295622233153,3.526807673389081,14.963108706345306,10.167240531234631,1.239547466797836,0.4102,0.010284,0.0,0.0,0.0,0.0,0.0,0.0,0.0,0.0,0.0,0.0,0.0,4.66666666666666,24.911564625850346,0.4217687074829933,0.0,0.0,0.0,0.0,0.0,0.0,0.0,0.0,0.0,0.0,0.0,0.0,0.0,0.0,0.0,0.0,0.4104,0.010315,0.0,0.0,0.0,0.0,0.0,0.0,0.0,0.0,0.0,0.0,0.0,4.500737825873088,25.027053615346784,0.472208558780128,0.0,0.0,0.0,0.0,0.0,0.0,0.0,0.0,0.0,0.0,0.0,0.0,0.0,0.0,0.0,0.0
45800,4059,2122,0.5227888642522789,982,828,0.4459226410445923,1129,0.5562946538556295,0.426,2.9328859060402683,3.0997256334182928,6.561904761904762,2.198370866601034,8306.191787365582,433.0058898617684,7853.0,8737.80638935566,8719.873451892978,5.697028861123905,7853.0,0.0,28.19241192411924,20.99415518497555,33.02625437572929,19.261418116551383,0.1359940872135994,0.09608277900960828,0.09608277900960828,0.09090909090909091,0.07760532150776053,0.07489529440748953,0.07218526730721853,0.06282335550628233,0.05395417590539542,0.051983247105198326,0.04927322000492732,0.04114313870411431,0.031534860803153486,0.02537570830253757,0.023651145602365115,0.009608277900960829,0.006898250800689825,0.9269986293914431,0.023775576346827004,0.0,0.0,0.0,0.0,0.0,0.0,0.0,0.0,0.0,0.0,0.0,0.0,0.0,0.0,0.0,0.0,0.0,0.0,0.0,0.0,0.0,0.0,0.0,0.0,0.0,0.16999260901699928,3.444198078344421,14.575018477457505,10.399113082039912,1.411677753141168,4.161485974222896,2.9153593790369974,nan,nan,nan,4.157616892911011,2.9377731982815103,4.16323417238749,2.892567593386628,1.00135108155012,0.4106,0.010315,0.0,0.0,0.0,0.0,0.0,0.0,0.0,0.0,0.0,0.0,0.0,4.427198817442713,25.1589061345159,0.4138950480413896,0.0,0.0,0.0,0.0,0.0,0.0,0.0,0.0,0.0,0.0,0.0,0.0,0.0,0.0,0.0,0.0,nan,nan,4.161485974222896,2.9153593790369974,nan,0.4106,0.0507,0.0,0.0,0.0,0.0,0.0,0.0,0.0,0.0,0.0,0.0,0.0,0.0,0.0,0.0,0.0,0.0,0.0,0.0,8.622813500862281e-05,0.0,0.001231830500123183,0.0,0.0,0.001170238975117024,0.001305740330130574,0.006331608770633161,0.005161369795516137,0.001305740330130574,0.002426706085242671,0.001983247105198325,0.0021557033752155706,0.007588075880758808,0.02145848731214585,0.007230845035723085,0.009940872135994087,0.033284060113328406,0.04166050751416605,0.06205962059620596,0.08710273466371027,0.10168760778516876,0.07091648189209165,0.10258684405025868,0.07870165065287016,0.09368070953436806,0.05608524267060853,0.037595466863759544,0.02012811037201281,0.019204237496920424,0.03022912047302291,0.04933481152993348,0.014474008376447401,0.004471544715447155,0.0077358955407735895,0.014917467356491746,0.0005296871150529687,0.003941857600394186,0.00011086474501108647,0.00018477457501847746,0.0,0.0,0.0,0.0,0.0,0.0,0.0,0.0,0.0,0.0,0.0,0.0,0.0,0.0,0.0,0.0,0.0,0.0,0.0,0.0,0.0,0.0,0.0,0.0,0.0,0.0,0.0,0.0,0.0,0.0,0.0,0.0,0.0,0.0,0.0,0.0,0.0,0.0,0.0,0.0,0.0,0.0,0.0,nan,nan,4.161485974222896,2.9153593790369974,nan,0.9274401621757871,0.023406431216390782,0.0,0.0,0.0,0.0,0.0,0.0,0.0,0.0,0.0,0.0,0.0,0.0,0.0,0.0,0.0,0.0,0.0,0.0,0.0,0.0,0.0,0.0,0.0,0.0,0.0,0.11310084825636195,3.2092365692742706,14.787935909519325,10.447690857681435,1.4420358152686148,0.9265149264650734,0.024164249882812305,0.0,0.0,0.0,0.0,0.0,0.0,0.0,0.0,0.0,0.0,0.0,0.0,0.0,0.0,0.0,0.0,0.0,0.0,0.0,0.0,0.0,0.0,0.0,0.0,0.0,0.23231801755291695,3.70160041300981,14.341765616933406,10.345895715023234,1.3784202374806405,0.4111,0.01039,0.0,0.0,0.0,0.0,0.0,0.0,0.0,0.0,0.0,0.0,0.0,4.184731385485385,25.306314797360987,0.5089538171536288,0.0,0.0,0.0,0.0,0.0,0.0,0.0,0.0,0.0,0.0,0.0,0.0,0.0,0.0,0.0,0.0,0.4104,0.01022,0.0,0.0,0.0,0.0,0.0,0.0,0.0,0.0,0.0,0.0,0.0,4.692823954568914,24.99741868869386,0.30975735673722254,0.0,0.0,0.0,0.0,0.0,0.0,0.0,0.0,0.0,0.0,0.0,0.0,0.0,0.0,0.0,0.0
45900,4088,2115,0.5173679060665362,959,825,0.436399217221135,1132,0.5538160469667319,0.434,2.973137354282818,3.1471413814280575,6.783985102420856,2.1786770420164037,8301.579958924376,433.27864737932066,7853.0,8738.668534362316,8720.04249271057,5.643904039250479,7853.0,0.0,27.916829745596868,21.05675469594545,32.85810023310023,19.374678693580023,0.14065557729941291,0.10445205479452055,0.09907045009784736,0.08268101761252446,0.07289628180039139,0.07142857142857142,0.07216242661448141,0.06360078277886497,0.05185909980430528,0.05503913894324853,0.049902152641878667,0.03962818003913894,0.0337573385518591,0.026174168297455967,0.018590998043052837,0.010518590998043052,0.007583170254403131,0.9283714345610772,0.023005452790176486,0.0,0.0,0.0,0.0,0.0,0.0,0.0,0.0,0.0,0.0,0.0,0.0,0.0,0.0,0.0,0.0,0.0,0.0,0.0,0.0,0.0,0.0,0.0,0.0,0.007338551859099806,0.09540117416829748,3.074853228962819,14.36888454011742,10.90508806262231,1.548434442270059,4.405082787832114,2.985386878139603,nan,nan,nan,4.353566009104704,2.995854272536309,4.458170445660673,2.9736281741755906,1.024027299996648,0.4104,0.01012,0.0,0.0,0.0,0.0,0.0,0.0,0.0,0.0,0.0,0.0,0.0,4.454500978473575,25.149217221135036,0.39628180039138955,0.0,0.0,0.0,0.0,0.0,0.0,0.0,0.0,0.0,0.0,0.0,0.0,0.0,0.0,0.0,0.0,nan,nan,4.405082787832114,2.985386878139603,nan,0.4104,0.0504,0.0,0.0,0.0,0.0,0.0,0.0,0.0,0.0,0.0,0.0,0.0,0.0,0.0,0.0,0.0,0.0,0.0,0.0,0.0001834637964774951,0.0,0.0008683953033268102,0.0,0.0,0.0016389432485322897,0.0010640900195694717,0.006054305283757338,0.0047700587084148725,0.0011986301369863014,0.002226027397260274,0.002152641878669276,0.0018468688845401174,0.008109099804305284,0.021905577299412917,0.0074853228962818005,0.009454500978473581,0.03582436399217221,0.04208659491193738,0.06148483365949119,0.08631360078277886,0.10121086105675146,0.06879892367906067,0.10355919765166341,0.08166585127201566,0.09322407045009785,0.056837084148727984,0.03736545988258317,0.019667318982387477,0.021453033268101763,0.028791585127201567,0.047003424657534244,0.013197162426614482,0.004672211350293542,0.009258806262230919,0.014114481409001957,0.0004403131115459883,0.0035469667318982386,0.00019569471624266145,0.0003302348336594912,0.0,0.0,0.0,0.0,0.0,0.0,0.0,0.0,0.0,0.0,0.0,0.0,0.0,0.0,0.0,0.0,0.0,0.0,0.0,0.0,0.0,0.0,0.0,0.0,0.0,0.0,0.0,0.0,0.0,0.0,0.0,0.0,0.0,0.0,0.0,0.0,0.0,0.0,0.0,0.0,0.0,0.0,0.0,nan,nan,4.405082787832114,2.985386878139603,nan,0.9285735783847511,0.023206089067633537,0.0,0.0,0.0,0.0,0.0,0.0,0.0,0.0,0.0,0.0,0.0,0.0,0.0,0.0,0.0,0.0,0.0,0.0,0.0,0.0,0.0,0.0,0.0,0.0,0.01418439716312057,0.07092198581560286,3.148936170212767,14.283687943262414,10.851063829787236,1.6312056737588656,0.9281547421195817,0.02278642331762506,0.0,0.0,0.0,0.0,0.0,0.0,0.0,0.0,0.0,0.0,0.0,0.0,0.0,0.0,0.0,0.0,0.0,0.0,0.0,0.0,0.0,0.0,0.0,0.0,0.0,0.12164216928535228,2.9954384186518,14.460212873796253,10.963000506842373,1.4597060314242274,0.4106,0.01012,0.0,0.0,0.0,0.0,0.0,0.0,0.0,0.0,0.0,0.0,0.0,4.354609929078008,25.276595744680858,0.36879432624113484,0.0,0.0,0.0,0.0,0.0,0.0,0.0,0.0,0.0,0.0,0.0,0.0,0.0,0.0,0.0,0.0,0.4104,0.01011,0.0,0.0,0.0,0.0,0.0,0.0,0.0,0.0,0.0,0.0,0.0,4.561581348200703,25.012671059300565,0.425747592498733,0.0,0.0,0.0,0.0,0.0,0.0,0.0,0.0,0.0,0.0,0.0,0.0,0.0,0.0,0.0,0.0
46000,4391,2220,0.50557959462537,1057,947,0.4563880664996584,1267,0.5770895012525621,0.40199999999999997,3.026255181943805,3.1410495517889774,6.687296416938111,2.1293516133425427,8291.346952942064,433.5014782378017,7853.0,8741.041670942306,8720.018680346213,5.727664337900164,7853.0,0.0,27.443406968799817,20.526045280910857,32.520765027322405,18.708122062588814,0.14598041448417218,0.09815531769528581,0.08745160555682077,0.09132316101115918,0.08699612844454566,0.0724208608517422,0.06968799817809156,0.067410612616716,0.0585288089273514,0.051924390799362334,0.04668640400819859,0.03757686176269642,0.029833750854019587,0.025962195399681167,0.013664313368253245,0.011614666363015258,0.004782509678888636,0.9281885813971745,0.023388882852204675,0.0,0.0,0.0,0.0,0.0,0.0,0.0,0.0,0.0,0.0,0.0,0.0,0.0,0.0,0.0,0.0,0.0,0.0,0.0,0.0,0.0,0.0,0.0,0.0,0.0,0.18446823047141886,3.23844226827602,14.094739239353226,11.033933044864497,1.4484172170348444,4.347241867043847,2.877202033929196,nan,nan,nan,4.462250712250713,2.921211268664885,4.2354181307097685,2.828940752453831,0.9491663296913829,0.4111,0.01008,0.0,0.0,0.0,0.0,0.0,0.0,0.0,0.0,0.0,0.0,0.0,4.058301070371208,25.56593031200183,0.37576861762696434,0.0,0.0,0.0,0.0,0.0,0.0,0.0,0.0,0.0,0.0,0.0,0.0,0.0,0.0,0.0,0.0,nan,nan,4.347241867043847,2.877202033929196,nan,0.4111,0.05038,0.0,0.0,0.0,0.0,0.0,0.0,0.0,0.0,0.0,0.0,0.0,0.0,0.0,0.0,0.0,0.0,0.0,0.0,0.00034160783420633114,0.0,0.0008426326577089501,0.0,2.2773855613755407e-05,0.0017763607378729219,0.0008654065133227055,0.0054543384194944205,0.0051582782965156,0.0011842404919152813,0.002402641767251196,0.0021293554998861306,0.0020496470052379866,0.007276246868594853,0.022261443862445912,0.006513322705534047,0.009291733090412207,0.033853336369847414,0.044181279890685494,0.05799362332042815,0.08525392849009338,0.10043270325666136,0.07098610794807561,0.10215212935549989,0.08277157822819403,0.09574128900022774,0.05698018674561603,0.03740605784559326,0.019073104076520155,0.020929173309041222,0.027658847642905944,0.05161694374857664,0.013265770895012526,0.004645866545206104,0.009542245502163517,0.013470735595536324,0.0003188339785925757,0.0038260077431109085,0.00013664313368253245,0.00019357777271692097,0.0,0.0,0.0,0.0,0.0,0.0,0.0,0.0,0.0,0.0,0.0,0.0,0.0,0.0,0.0,0.0,0.0,0.0,0.0,0.0,0.0,0.0,0.0,0.0,0.0,0.0,0.0,0.0,0.0,0.0,0.0,0.0,0.0,0.0,0.0,0.0,0.0,0.0,0.0,0.0,0.0,0.0,0.0,nan,nan,4.347241867043847,2.877202033929196,nan,0.9279594365272436,0.023626004036132502,0.0,0.0,0.0,0.0,0.0,0.0,0.0,0.0,0.0,0.0,0.0,0.0,0.0,0.0,0.0,0.0,0.0,0.0,0.0,0.0,0.0,0.0,0.0,0.0,0.0,0.20270270270270274,3.2972972972972983,14.094594594594598,10.837837837837839,1.567567567567568,0.9284228981227602,0.023141551383931803,0.0,0.0,0.0,0.0,0.0,0.0,0.0,0.0,0.0,0.0,0.0,0.0,0.0,0.0,0.0,0.0,0.0,0.0,0.0,0.0,0.0,0.0,0.0,0.0,0.0,0.16582220175034548,3.178258866881622,14.094887148779367,11.234454168585907,1.3265776140027639,0.4111,0.01005,0.0,0.0,0.0,0.0,0.0,0.0,0.0,0.0,0.0,0.0,0.0,3.918918918918913,25.689189189189197,0.391891891891892,0.0,0.0,0.0,0.0,0.0,0.0,0.0,0.0,0.0,0.0,0.0,0.0,0.0,0.0,0.0,0.0,0.411,0.01012,0.0,0.0,0.0,0.0,0.0,0.0,0.0,0.0,0.0,0.0,0.0,4.200829111008746,25.439889451865508,0.3592814371257486,0.0,0.0,0.0,0.0,0.0,0.0,0.0,0.0,0.0,0.0,0.0,0.0,0.0,0.0,0.0,0.0
46100,4044,2106,0.5207715133531158,1001,831,0.4530168150346192,1127,0.5573689416419386,0.414,2.9690402476780187,3.0494837417601333,6.439716312056738,2.180242664372367,8304.467193512066,433.10367145403916,7853.0,8738.853262746334,8719.91991004881,5.458808187937488,7853.0,0.0,28.55242334322453,21.16505180634321,33.60300176574456,19.30898238845258,0.1394658753709199,0.09396636993076163,0.09025717111770525,0.08580613254203759,0.07863501483679525,0.07467853610286845,0.0712166172106825,0.059594460929772504,0.0625618199802176,0.05588526211671612,0.046241345202769533,0.040059347181008904,0.033630069238377844,0.02744807121661721,0.020276953511374877,0.013353115727002967,0.006923837784371909,0.9274830371436215,0.022765825548762084,0.0,0.0,0.0,0.0,0.0,0.0,0.0,0.0,0.0,0.0,0.0,0.0,0.0,0.0,0.0,0.0,0.0,0.0,0.0,0.0,0.0,0.0,0.0,0.0,0.0,0.1335311572700297,3.3086053412462917,14.577151335311576,10.77151335311573,1.20919881305638,4.093032015065913,2.8052963825061275,nan,nan,nan,4.0441400304414,2.801858466489024,4.140939597315437,2.8078353160218668,1.0239357604201136,0.4111,0.010056,0.0,0.0,0.0,0.0,0.0,0.0,0.0,0.0,0.0,0.0,0.0,4.176557863501477,25.504451038575674,0.31899109792284874,0.0,0.0,0.0,0.0,0.0,0.0,0.0,0.0,0.0,0.0,0.0,0.0,0.0,0.0,0.0,0.0,nan,nan,4.093032015065913,2.8052963825061275,nan,0.4111,0.0501,0.0,0.0,0.0,0.0,0.0,0.0,0.0,0.0,0.0,0.0,0.0,0.0,0.0,0.0,0.0,0.0,0.0,2.472799208704253e-05,0.00011127596439169139,0.0,0.0008036597428288823,1.2363996043521266e-05,0.0,0.0008902077151335311,0.0012858555885262117,0.004957962413452028,0.005155786350148368,0.000741839762611276,0.002781899109792285,0.001533135509396637,0.0027695351137487635,0.007084569732937685,0.02245301681503462,0.007331849653808111,0.01006429277942631,0.03515084075173096,0.04389218595450049,0.05508160237388724,0.08369188921859545,0.10323936696340257,0.07376360039564787,0.10014836795252226,0.08204747774480713,0.09603115727002967,0.05665182987141444,0.03847675568743818,0.018150346191889218,0.019658753709198812,0.02784371909000989,0.05127349159248269,0.015108803165182988,0.0037833827893175073,0.009693372898120672,0.013414935707220573,0.0002472799208704253,0.004290306627101879,9.891196834817012e-05,0.00025964391691394656,0.0,0.0,0.0,0.0,0.0,0.0,0.0,0.0,0.0,0.0,0.0,0.0,0.0,0.0,0.0,0.0,0.0,0.0,0.0,0.0,0.0,0.0,0.0,0.0,0.0,0.0,0.0,0.0,0.0,0.0,0.0,0.0,0.0,0.0,0.0,0.0,0.0,0.0,0.0,0.0,0.0,0.0,0.0,nan,nan,4.093032015065913,2.8052963825061275,nan,0.92731709386322,0.022560756089817047,0.0,0.0,0.0,0.0,0.0,0.0,0.0,0.0,0.0,0.0,0.0,0.0,0.0,0.0,0.0,0.0,0.0,0.0,0.0,0.0,0.0,0.0,0.0,0.0,0.0,0.14245014245014248,3.3903133903133913,14.515669515669519,10.854700854700857,1.096866096866097,0.9276633656000328,0.022985239498720614,0.0,0.0,0.0,0.0,0.0,0.0,0.0,0.0,0.0,0.0,0.0,0.0,0.0,0.0,0.0,0.0,0.0,0.0,0.0,0.0,0.0,0.0,0.0,0.0,0.0,0.12383900928792572,3.219814241486069,14.643962848297218,10.681114551083594,1.3312693498452015,0.4114,0.01003,0.0,0.0,0.0,0.0,0.0,0.0,0.0,0.0,0.0,0.0,0.0,4.088319088319082,25.626780626780633,0.28490028490028496,0.0,0.0,0.0,0.0,0.0,0.0,0.0,0.0,0.0,0.0,0.0,0.0,0.0,0.0,0.0,0.0,0.4111,0.01006,0.0,0.0,0.0,0.0,0.0,0.0,0.0,0.0,0.0,0.0,0.0,4.27244582043343,25.371517027863785,0.35603715170278644,0.0,0.0,0.0,0.0,0.0,0.0,0.0,0.0,0.0,0.0,0.0,0.0,0.0,0.0,0.0,0.0
46200,4139,2120,0.5122010147378594,975,879,0.4479342836433921,1182,0.5711524522831601,0.418,2.945022288261516,3.119773289187406,6.676136363636363,2.240983329798609,8297.00669931297,433.3196516349981,7853.0,8743.651210212707,8719.860249271875,5.608510562399679,7853.0,0.0,27.435129258274944,20.660273550135496,32.489287782281416,18.88177572273137,0.1437545300797294,0.10244020294757188,0.09229282435370863,0.08987678183136023,0.08093742449867118,0.07175646291374728,0.06740758637352018,0.06716598212128533,0.0589514375453008,0.05460256100507369,0.04276395264556656,0.042280744141096886,0.02899251026818072,0.02536844648465813,0.015462672143029717,0.009664170089393574,0.006281710558105823,0.9272596723188321,0.02286824394744453,0.0,0.0,0.0,0.0,0.0,0.0,0.0,0.0,0.0,0.0,0.0,0.0,0.0,0.0,0.0,0.0,0.0,0.0,0.0,0.0,0.0,0.0,0.0,0.0,0.0,0.13771442377385845,3.3848755738101,14.648465812998312,10.538777482483694,1.2901667069340423,4.307663125948407,2.8868051295795603,nan,nan,nan,4.297727272727273,2.893041963817275,4.314828897338403,2.8798052369323592,1.0039792251871482,0.4111,0.0103,0.0,0.0,0.0,0.0,0.0,0.0,0.0,0.0,0.0,0.0,0.0,4.319884029958921,25.18724329548201,0.49287267455907235,0.0,0.0,0.0,0.0,0.0,0.0,0.0,0.0,0.0,0.0,0.0,0.0,0.0,0.0,0.0,0.0,nan,nan,4.307663125948407,2.8868051295795603,nan,0.4111,0.05005,0.0,0.0,0.0,0.0,0.0,0.0,0.0,0.0,0.0,0.0,0.0,0.0,0.0,0.0,0.0,0.0,0.0,0.0,0.0001087219135056777,0.0,0.000724812756704518,0.0,3.62406378352259e-05,0.000688572118869292,0.0008818555206571636,0.0052428122734960135,0.005460256100507369,0.0008456148828219377,0.0022710799710074898,0.0017274704034791013,0.002959652089876782,0.00712732544092776,0.024027542884754772,0.0073447692679391155,0.010775549649673834,0.03343802850930176,0.044129016670693404,0.05202947571877265,0.08694129016670693,0.10372070548441653,0.07460739309011839,0.09865909640009664,0.08273737617782073,0.09714906982362889,0.055230732060884274,0.036868808891036484,0.017769992751872434,0.018688088910364824,0.02885962792945156,0.0524764435854071,0.016018361923169848,0.003309978255617299,0.008697753080454215,0.013034549408069583,0.000374486590964001,0.004820004832085045,1.2080212611741966e-05,0.00020536361439961343,0.0,0.0,0.0,0.0,0.0,0.0,0.0,0.0,0.0,0.0,0.0,0.0,0.0,0.0,0.0,0.0,0.0,0.0,0.0,0.0,0.0,0.0,0.0,0.0,0.0,0.0,0.0,0.0,0.0,0.0,0.0,0.0,0.0,0.0,0.0,0.0,0.0,0.0,0.0,0.0,0.0,0.0,0.0,nan,nan,4.307663125948407,2.8868051295795603,nan,0.9271941217611421,0.022937287377069106,0.0,0.0,0.0,0.0,0.0,0.0,0.0,0.0,0.0,0.0,0.0,0.0,0.0,0.0,0.0,0.0,0.0,0.0,0.0,0.0,0.0,0.0,0.0,0.0,0.0,0.14150943396226418,3.3396226415094348,14.844339622641513,10.287735849056606,1.386792452830189,0.9273285020277487,0.022795318686906416,0.0,0.0,0.0,0.0,0.0,0.0,0.0,0.0,0.0,0.0,0.0,0.0,0.0,0.0,0.0,0.0,0.0,0.0,0.0,0.0,0.0,0.0,0.0,0.0,0.0,0.13372956909361072,3.4323922734026753,14.44279346210996,10.802377414561667,1.1887072808320953,0.4111,0.01027,0.0,0.0,0.0,0.0,0.0,0.0,0.0,0.0,0.0,0.0,0.0,4.188679245283013,25.40094339622642,0.41037735849056617,0.0,0.0,0.0,0.0,0.0,0.0,0.0,0.0,0.0,0.0,0.0,0.0,0.0,0.0,0.0,0.0,0.411,0.01034,0.0,0.0,0.0,0.0,0.0,0.0,0.0,0.0,0.0,0.0,0.0,4.4576523031203505,24.962852897474004,0.5794947994056465,0.0,0.0,0.0,0.0,0.0,0.0,0.0,0.0,0.0,0.0,0.0,0.0,0.0,0.0,0.0,0.0
46300,4276,2203,0.5152011225444341,1037,881,0.44855004677268473,1198,0.5603367633302152,0.422,3.0004823926676316,3.1049343358454267,6.582064297800338,2.127799194101126,8299.734427446167,433.3717799697969,7853.0,8739.651138329506,8720.106859627691,5.61819533060463,7853.0,0.0,27.84377923292797,20.88264933274165,32.88181056160939,19.096796167951595,0.1442937324602432,0.09985968194574368,0.08863423760523854,0.08840037418147802,0.08372310570626754,0.06828811973807297,0.06898971000935454,0.06758652946679139,0.05869971936389149,0.053086997193638914,0.04326473339569691,0.039990645463049576,0.03274087932647334,0.02736202057998129,0.01824134705332086,0.011225444340505144,0.005612722170252572,0.9282449237981392,0.023390448345822233,0.0,0.0,0.0,0.0,0.0,0.0,0.0,0.0,0.0,0.0,0.0,0.0,0.0,0.0,0.0,0.0,0.0,0.0,0.0,0.0,0.0,0.0,0.0,0.0,0.0,0.14031805425631433,3.3115060804490186,14.115996258185223,10.993919550982229,1.438260056127222,4.290065264684554,2.8749592668711617,nan,nan,nan,4.251256281407035,2.8395803029403415,4.329670329670329,2.9100870865017825,1.0184449120619332,0.4114,0.010315,0.0,0.0,0.0,0.0,0.0,0.0,0.0,0.0,0.0,0.0,0.0,3.8657623947614534,25.650140318054262,0.48409728718428446,0.0,0.0,0.0,0.0,0.0,0.0,0.0,0.0,0.0,0.0,0.0,0.0,0.0,0.0,0.0,0.0,nan,nan,4.290065264684554,2.8749592668711617,nan,0.4114,0.05048,0.0,0.0,0.0,0.0,0.0,0.0,0.0,0.0,0.0,0.0,0.0,0.0,0.0,0.0,0.0,0.0,0.0,0.0,3.507951356407858e-05,0.0,0.00042095416276894293,0.0,5.8465855940130964e-05,0.0008185219831618335,0.001028999064546305,0.005285313376987839,0.005565949485500468,0.0005729653882132834,0.0036716557530402246,0.001461646398503274,0.002362020579981291,0.00730823199251637,0.024824602432179606,0.0078578110383536,0.010360149672591207,0.0330799812909261,0.04445743685687559,0.052338634237605236,0.08398035547240412,0.10354303086997194,0.07398269410664172,0.09590739008419083,0.08355940130963517,0.09870205799812909,0.053952291861552856,0.035395229186155286,0.017528063610851262,0.02029934518241347,0.029583723105706266,0.05394059869036483,0.017340972871842844,0.002782974742750234,0.009693638914873714,0.012043966323666978,0.0007951356407857811,0.005226847521047708,2.3386342376052384e-05,0.00021047708138447147,0.0,0.0,0.0,0.0,0.0,0.0,0.0,0.0,0.0,0.0,0.0,0.0,0.0,0.0,0.0,0.0,0.0,0.0,0.0,0.0,0.0,0.0,0.0,0.0,0.0,0.0,0.0,0.0,0.0,0.0,0.0,0.0,0.0,0.0,0.0,0.0,0.0,0.0,0.0,0.0,0.0,0.0,0.0,nan,nan,4.290065264684554,2.8749592668711617,nan,0.9281274082982102,0.02339424164703968,0.0,0.0,0.0,0.0,0.0,0.0,0.0,0.0,0.0,0.0,0.0,0.0,0.0,0.0,0.0,0.0,0.0,0.0,0.0,0.0,0.0,0.0,0.0,0.0,0.0,0.14979573309123925,3.132092600998639,14.40762596459374,10.79891057648661,1.511575124829778,0.928369808818083,0.02338576926194275,0.0,0.0,0.0,0.0,0.0,0.0,0.0,0.0,0.0,0.0,0.0,0.0,0.0,0.0,0.0,0.0,0.0,0.0,0.0,0.0,0.0,0.0,0.0,0.0,0.0,0.13024602026049206,3.5021707670043423,13.80607814761216,11.201157742402318,1.3603473227206948,0.4114,0.01036,0.0,0.0,0.0,0.0,0.0,0.0,0.0,0.0,0.0,0.0,0.0,3.8129822968679017,25.65592374035407,0.5310939627780301,0.0,0.0,0.0,0.0,0.0,0.0,0.0,0.0,0.0,0.0,0.0,0.0,0.0,0.0,0.0,0.0,0.4114,0.01026,0.0,0.0,0.0,0.0,0.0,0.0,0.0,0.0,0.0,0.0,0.0,3.9218523878436993,25.643994211287996,0.4341534008683069,0.0,0.0,0.0,0.0,0.0,0.0,0.0,0.0,0.0,0.0,0.0,0.0,0.0,0.0,0.0,0.0
46400,4472,2304,0.5152057245080501,1066,911,0.4420840787119857,1240,0.554561717352415,0.41,2.9792435424354244,3.1217651862298124,6.699145299145299,2.131188654589795,8299.654825432712,433.2898114220963,7853.0,8743.24491866827,8719.944609086406,5.502780187542037,7853.0,0.0,27.38886404293381,20.655853977496434,32.40793352988475,18.94002387008212,0.1426654740608229,0.10934704830053667,0.09414132379248659,0.08474955277280859,0.08050089445438283,0.07222719141323793,0.06999105545617174,0.06328264758497316,0.05433810375670841,0.051207513416815745,0.04606440071556351,0.04226296958855098,0.030858676207513418,0.030635062611806797,0.013640429338103756,0.009615384615384616,0.004472271914132379,0.9266567445611698,0.022847056495513583,0.0,0.0,0.0,0.0,0.0,0.0,0.0,0.0,0.0,0.0,0.0,0.0,0.0,0.0,0.0,0.0,0.0,0.0,0.0,0.0,0.0,0.0,0.0,0.0,0.0,0.14758497316636854,3.696332737030412,14.463327370304118,10.45840787119857,1.234347048300537,4.4172279333569655,2.896778070757676,nan,nan,nan,4.460070671378092,2.8618971188148024,4.374110953058321,2.9308310637994,0.9807268259511209,0.412,0.01004,0.0,0.0,0.0,0.0,0.0,0.0,0.0,0.0,0.0,0.0,0.0,3.394454382826471,26.04874776386405,0.5567978533094813,0.0,0.0,0.0,0.0,0.0,0.0,0.0,0.0,0.0,0.0,0.0,0.0,0.0,0.0,0.0,0.0,nan,nan,4.4172279333569655,2.896778070757676,nan,0.412,0.0506,0.0,0.0,0.0,0.0,0.0,0.0,0.0,0.0,0.0,0.0,0.0,0.0,0.0,0.0,0.0,0.0,0.0,0.0,1.1180679785330948e-05,0.0,0.00017889087656529517,0.0,0.00010062611806797854,0.0009391771019677997,0.0008050089445438283,0.005836314847942755,0.003957960644007156,0.00043604651162790697,0.003991502683363148,0.0015652951699463328,0.0018448121645796064,0.009045169946332737,0.023870751341681574,0.008698568872987478,0.009816636851520573,0.03442531305903399,0.04258720930232558,0.049139087656529516,0.08070214669051878,0.10559033989266547,0.06947674418604652,0.10026833631484794,0.08501788908765653,0.0978644901610018,0.05069320214669052,0.037645348837209304,0.019733899821109124,0.021679338103756707,0.029047406082289805,0.054304561717352415,0.017005813953488373,0.003164132379248658,0.010822898032200358,0.012242844364937389,0.0008720930232558139,0.00636180679785331,0.00011180679785330948,0.00012298747763864044,0.0,0.0,2.2361359570661896e-05,0.0,0.0,0.0,0.0,0.0,0.0,0.0,0.0,0.0,0.0,0.0,0.0,0.0,0.0,0.0,0.0,0.0,0.0,0.0,0.0,0.0,0.0,0.0,0.0,0.0,0.0,0.0,0.0,0.0,0.0,0.0,0.0,0.0,0.0,0.0,0.0,0.0,0.0,0.0,0.0,nan,nan,4.4172279333569655,2.896778070757676,nan,0.9267652376244465,0.022770340605428346,0.0,0.0,0.0,0.0,0.0,0.0,0.0,0.0,0.0,0.0,0.0,0.0,0.0,0.0,0.0,0.0,0.0,0.0,0.0,0.0,0.0,0.0,0.0,0.0,0.0,0.16927083333333337,3.606770833333334,14.687500000000004,10.299479166666668,1.236979166666667,0.9265414456599753,0.022927740786293407,0.0,0.0,0.0,0.0,0.0,0.0,0.0,0.0,0.0,0.0,0.0,0.0,0.0,0.0,0.0,0.0,0.0,0.0,0.0,0.0,0.0,0.0,0.0,0.0,0.0,0.1245387453874539,3.791512915129152,14.225092250922513,10.627306273062732,1.2315498154981552,0.412,0.0103,0.0,0.0,0.0,0.0,0.0,0.0,0.0,0.0,0.0,0.0,0.0,3.776041666666661,25.61197916666667,0.6119791666666667,0.0,0.0,0.0,0.0,0.0,0.0,0.0,0.0,0.0,0.0,0.0,0.0,0.0,0.0,0.0,0.0,0.4124,0.00975,0.0,0.0,0.0,0.0,0.0,0.0,0.0,0.0,0.0,0.0,0.0,2.988929889298889,26.5129151291513,0.4981549815498156,0.0,0.0,0.0,0.0,0.0,0.0,0.0,0.0,0.0,0.0,0.0,0.0,0.0,0.0,0.0,0.0
46500,4214,2229,0.5289511153298528,1023,828,0.439250118652112,1154,0.5476981490270527,0.43,2.9778337531486145,3.0952164836525293,6.613718411552346,2.109517601909429,8311.514521615882,432.71084537674733,7853.0,8737.049375289678,8719.837233777178,5.632780466039936,7853.0,0.0,28.399620313241577,21.30505397699393,33.10430648769575,19.70034247820109,0.13004271476032273,0.10631229235880399,0.09397247271001424,0.0889890840056953,0.08068343616516374,0.07166587565258661,0.07214048410061699,0.05932605600379687,0.05173232083531087,0.05149501661129568,0.04983388704318937,0.041765543426673,0.03013763644992881,0.024679639297579496,0.02539155196962506,0.013289036544850499,0.00854295206454675,0.9258540954332981,0.023128614884793192,0.0,0.0,0.0,0.0,0.0,0.0,0.0,0.0,0.0,0.0,0.0,0.0,0.0,0.0,0.0,0.0,0.0,0.0,0.0,0.0,0.0,0.0,0.0,0.0,0.0,0.16373991457047937,3.7944945420028486,14.765068818224968,10.215946843853823,1.0607498813478882,4.2548659566654425,2.9196060577004084,nan,nan,nan,4.2025222551928785,2.894498955264445,4.306181818181818,2.9431087404054987,1.0246660354649761,0.4124,0.01021,0.0,0.0,0.0,0.0,0.0,0.0,0.0,0.0,0.0,0.0,0.0,3.552444233507351,25.671570953962988,0.7759848125296632,0.0,0.0,0.0,0.0,0.0,0.0,0.0,0.0,0.0,0.0,0.0,0.0,0.0,0.0,0.0,0.0,nan,nan,4.2548659566654425,2.9196060577004084,nan,0.4124,0.0511,0.0,0.0,0.0,0.0,0.0,0.0,0.0,0.0,0.0,0.0,0.0,0.0,0.0,0.0,0.0,0.0,0.0,0.0,2.3730422401518746e-05,0.0,5.932605600379687e-05,0.0,8.305647840531562e-05,0.0011390602752728999,0.0010085429520645468,0.006644518272425249,0.0041765543426673,0.0006288561936402468,0.004651162790697674,0.0015780730897009968,0.002349311817750356,0.007593735168485999,0.02458471760797342,0.007807308970099668,0.007854769814902705,0.034800664451827244,0.042821547223540576,0.04888467014712862,0.0794969150450878,0.10296630280018984,0.07367109634551496,0.09632178452776459,0.08507356430944471,0.10079496915045087,0.0503796867584243,0.03910773611770289,0.01945894636924537,0.01948267679164689,0.03087327954437589,0.05354769814902705,0.016563834836260085,0.0033222591362126247,0.011782154722354058,0.01287375415282392,0.0014831514000949216,0.005671570953962981,0.00020170859041290936,0.00021357380161366872,2.3730422401518746e-05,0.0,0.0,0.0,0.0,0.0,0.0,0.0,0.0,0.0,0.0,0.0,0.0,0.0,0.0,0.0,0.0,0.0,0.0,0.0,0.0,0.0,0.0,0.0,0.0,0.0,0.0,0.0,0.0,0.0,0.0,0.0,0.0,0.0,0.0,0.0,0.0,0.0,0.0,0.0,0.0,0.0,0.0,nan,nan,4.2548659566654425,2.9196060577004084,nan,0.9258568854329831,0.023496005788992743,0.0,0.0,0.0,0.0,0.0,0.0,0.0,0.0,0.0,0.0,0.0,0.0,0.0,0.0,0.0,0.0,0.0,0.0,0.0,0.0,0.0,0.0,0.0,0.0,0.0,0.1480484522207268,3.9703903095558553,14.54912516823688,10.12113055181696,1.2113055181695829,0.9258509624815108,0.022708979725653503,0.0,0.0,0.0,0.0,0.0,0.0,0.0,0.0,0.0,0.0,0.0,0.0,0.0,0.0,0.0,0.0,0.0,0.0,0.0,0.0,0.0,0.0,0.0,0.0,0.0,0.18136020151133503,3.596977329974812,15.007556675062975,10.322418136020152,0.8916876574307308,0.4124,0.01019,0.0,0.0,0.0,0.0,0.0,0.0,0.0,0.0,0.0,0.0,0.0,3.5935397039030903,25.545087483176317,0.8613728129205924,0.0,0.0,0.0,0.0,0.0,0.0,0.0,0.0,0.0,0.0,0.0,0.0,0.0,0.0,0.0,0.0,0.4124,0.01022,0.0,0.0,0.0,0.0,0.0,0.0,0.0,0.0,0.0,0.0,0.0,3.5062972292191383,25.813602015113357,0.6801007556675064,0.0,0.0,0.0,0.0,0.0,0.0,0.0,0.0,0.0,0.0,0.0,0.0,0.0,0.0,0.0,0.0
46600,4330,2230,0.5150115473441108,1034,894,0.44526558891454965,1198,0.5533487297921478,0.434,2.9566666666666666,3.1566299590564455,6.820284697508897,2.209188493078598,8299.481619299264,433.2898908848751,7853.0,8740.675145113468,8719.935162137135,5.459569397224507,7853.0,0.0,27.709006928406467,20.901757159687282,32.72024302678818,19.194534615965143,0.14226327944572748,0.09584295612009237,0.09607390300230947,0.09260969976905312,0.08683602771362586,0.06905311778290993,0.0720554272517321,0.06327944572748267,0.05288683602771362,0.04803695150115474,0.046651270207852195,0.03810623556581986,0.03233256351039261,0.02678983833718245,0.016859122401847577,0.014087759815242495,0.0062355658198614316,0.9258899070649445,0.022922358981626284,0.0,0.0,0.0,0.0,0.0,0.0,0.0,0.0,0.0,0.0,0.0,0.0,0.0,0.0,0.0,0.0,0.0,0.0,0.0,0.0,0.0,0.0,0.0,0.0,0.0,0.2009237875288684,3.5889145496535804,15.22170900692841,9.845265588914552,1.143187066974596,4.242347857400072,2.917784730248976,nan,nan,nan,4.222063037249284,2.9809760303376325,4.2628530050687905,2.8523380349925804,1.0096611460936598,0.412,0.01042,0.0,0.0,0.0,0.0,0.0,0.0,0.0,0.0,0.0,0.0,0.0,3.623556581986138,25.77367205542726,0.6027713625866051,0.0,0.0,0.0,0.0,0.0,0.0,0.0,0.0,0.0,0.0,0.0,0.0,0.0,0.0,0.0,0.0,nan,nan,4.242347857400072,2.917784730248976,nan,0.412,0.05063,0.0,0.0,0.0,0.0,0.0,0.0,0.0,0.0,0.0,0.0,0.0,0.0,0.0,0.0,0.0,0.0,0.0,0.0,0.0,0.0,4.618937644341802e-05,0.0,0.00012702078521939953,0.0010854503464203234,0.0014549653579676673,0.0057274826789838335,0.004272517321016166,0.0006928406466512702,0.005023094688221709,0.001420323325635104,0.0022286374133949193,0.007459584295612009,0.022806004618937645,0.007967667436489608,0.007655889145496536,0.03431870669745959,0.04338337182448037,0.04981524249422633,0.07829099307159354,0.10690531177829099,0.07568129330254042,0.09841801385681294,0.08399538106235566,0.09954965357967667,0.0478175519630485,0.03935334872979215,0.01933025404157044,0.019526558891454965,0.03113163972286374,0.053868360277136255,0.017043879907621247,0.0038452655889145496,0.011454965357967667,0.011651270207852194,0.0015473441108545035,0.0043302540415704385,0.00024249422632794459,0.00046189376443418013,6.928406466512702e-05,0.0,0.0,0.0,0.0,0.0,0.0,0.0,0.0,0.0,0.0,0.0,0.0,0.0,0.0,0.0,0.0,0.0,0.0,0.0,0.0,0.0,0.0,0.0,0.0,0.0,0.0,0.0,0.0,0.0,0.0,0.0,0.0,0.0,0.0,0.0,0.0,0.0,0.0,0.0,0.0,0.0,0.0,nan,nan,4.242347857400072,2.917784730248976,nan,0.926612162296013,0.02242356507356212,0.0,0.0,0.0,0.0,0.0,0.0,0.0,0.0,0.0,0.0,0.0,0.0,0.0,0.0,0.0,0.0,0.0,0.0,0.0,0.0,0.0,0.0,0.0,0.0,0.0,0.16143497757847536,3.309417040358745,15.282511210762335,10.103139013452916,1.1434977578475338,0.9251229407957622,0.02341603740942447,0.0,0.0,0.0,0.0,0.0,0.0,0.0,0.0,0.0,0.0,0.0,0.0,0.0,0.0,0.0,0.0,0.0,0.0,0.0,0.0,0.0,0.0,0.0,0.0,0.0,0.2428571428571429,3.8857142857142866,15.15714285714286,9.571428571428573,1.142857142857143,0.412,0.01048,0.0,0.0,0.0,0.0,0.0,0.0,0.0,0.0,0.0,0.0,0.0,3.7802690582959584,25.65470852017938,0.5650224215246638,0.0,0.0,0.0,0.0,0.0,0.0,0.0,0.0,0.0,0.0,0.0,0.0,0.0,0.0,0.0,0.0,0.4124,0.01035,0.0,0.0,0.0,0.0,0.0,0.0,0.0,0.0,0.0,0.0,0.0,3.457142857142852,25.900000000000006,0.642857142857143,0.0,0.0,0.0,0.0,0.0,0.0,0.0,0.0,0.0,0.0,0.0,0.0,0.0,0.0,0.0,0.0
46700,4209,2252,0.5350439534331195,1089,831,0.45616535994297935,1140,0.5416963649322879,0.434,2.9867143587123146,3.1307444553695274,6.6938775510204085,2.075785742514901,8316.726432367359,432.30727733476544,7853.0,8738.32029389739,8719.70717310578,5.596969194202675,7853.0,0.0,27.791636968401047,20.70469297400584,32.638159751622915,18.979571595866567,0.1368496079828938,0.10239961986220004,0.08885721073889286,0.09099548586362556,0.08267997148966501,0.07412687099073414,0.07483962936564505,0.06438583986695177,0.05773342836778332,0.0548823948681397,0.04324067474459491,0.03682584937039677,0.031598954621050133,0.026372059871703494,0.015443098123069612,0.011879306248515086,0.00688999762413875,0.9262692517071899,0.02315293652175562,0.0,0.0,0.0,0.0,0.0,0.0,0.0,0.0,0.0,0.0,0.0,0.0,0.0,0.0,0.0,0.0,0.0,0.0,0.0,0.0,0.0,0.0,0.0,0.0,0.0,0.14255167498218108,3.5352815395580905,14.953670705630795,10.128296507483965,1.2401995723449752,4.215333822450477,2.982007616133549,nan,nan,nan,4.224981738495252,2.973305340701763,4.204277286135693,2.9914350686117306,0.9950995167219508,0.4116,0.010124,0.0,0.0,0.0,0.0,0.0,0.0,0.0,0.0,0.0,0.0,0.0,3.749109052031356,25.85174625801854,0.39914468995010705,0.0,0.0,0.0,0.0,0.0,0.0,0.0,0.0,0.0,0.0,0.0,0.0,0.0,0.0,0.0,0.0,nan,nan,4.215333822450477,2.982007616133549,nan,0.4116,0.05023,0.0,0.0,0.0,0.0,0.0,0.0,0.0,0.0,0.0,0.0,0.0,0.0,0.0,0.0,0.0,0.0,0.0,0.0,0.0,0.0,0.0,2.3758612497030174e-05,0.0001900688999762414,0.0009384651936326919,0.0008553100498930863,0.005642670468044666,0.004537894986932763,0.000831551437396056,0.005250653361843668,0.001651223568543597,0.0023996198622000474,0.008624376336421952,0.021572820147303398,0.008660014255167499,0.008873841767640769,0.033214540270848185,0.04148253741981468,0.05200760275599905,0.0770848182466144,0.11014492753623188,0.07556426704680447,0.0983487764314564,0.08752672843905916,0.1010216203373723,0.045224518888096935,0.038679021145165124,0.02017106200997862,0.019280114041339984,0.02966262770254217,0.052150154430981234,0.015597529104300309,0.004050843430743645,0.011522927061059634,0.010655737704918032,0.0015324305060584462,0.004514136374435733,0.0003444998812069375,0.00015443098123069614,1.1879306248515087e-05,0.0,0.0,0.0,0.0,0.0,0.0,0.0,0.0,0.0,0.0,0.0,0.0,0.0,0.0,0.0,0.0,0.0,0.0,0.0,0.0,0.0,0.0,0.0,0.0,0.0,0.0,0.0,0.0,0.0,0.0,0.0,0.0,0.0,0.0,0.0,0.0,0.0,0.0,0.0,0.0,0.0,0.0,nan,nan,4.215333822450477,2.982007616133549,nan,0.9263625483476883,0.023234033781028778,0.0,0.0,0.0,0.0,0.0,0.0,0.0,0.0,0.0,0.0,0.0,0.0,0.0,0.0,0.0,0.0,0.0,0.0,0.0,0.0,0.0,0.0,0.0,0.0,0.0,0.14653641207815277,3.570159857904086,14.90674955595027,10.044404973357018,1.3321492007104798,0.9261618914443374,0.023058794529405097,0.0,0.0,0.0,0.0,0.0,0.0,0.0,0.0,0.0,0.0,0.0,0.0,0.0,0.0,0.0,0.0,0.0,0.0,0.0,0.0,0.0,0.0,0.0,0.0,0.0,0.13796627491057745,3.4951456310679623,15.00766479305059,10.224833929483905,1.1343893714869702,0.4114,0.01017,0.0,0.0,0.0,0.0,0.0,0.0,0.0,0.0,0.0,0.0,0.0,3.9831261101243283,25.67051509769095,0.3463587921847248,0.0,0.0,0.0,0.0,0.0,0.0,0.0,0.0,0.0,0.0,0.0,0.0,0.0,0.0,0.0,0.0,0.4119,0.01006,0.0,0.0,0.0,0.0,0.0,0.0,0.0,0.0,0.0,0.0,0.0,3.479816044966781,26.060296371997964,0.4598875830352582,0.0,0.0,0.0,0.0,0.0,0.0,0.0,0.0,0.0,0.0,0.0,0.0,0.0,0.0,0.0,0.0
46800,4298,2190,0.5095393206142392,1050,870,0.4467194043741275,1190,0.5537459283387622,0.434,2.9388045540796965,3.1619105406863963,6.830935251798561,2.1137218333104824,8294.70391970502,433.37490008946077,7853.0,8744.506093883514,8719.869153832042,5.716959292861784,7853.0,0.0,26.936947417403445,20.428335009916136,31.93521362747836,18.721111746106683,0.14611447184737086,0.10167519776640298,0.09841786877617496,0.0893438808748255,0.08399255467659376,0.07654723127035831,0.07422056770590972,0.05560725919032108,0.05816658911121452,0.049092601209865055,0.0460679385760819,0.04025127966496045,0.028152629129827828,0.022103303862261517,0.014192647743136343,0.010469986040018614,0.005583992554676594,0.9259204757302347,0.023439222615571662,0.0,0.0,0.0,0.0,0.0,0.0,0.0,0.0,0.0,0.0,0.0,0.0,0.0,0.0,0.0,0.0,0.0,0.0,0.0,0.0,0.0,0.0,0.0,0.0,0.0,0.19543973941368084,3.7203350395532815,14.846440204746397,9.995346672871104,1.2424383434155424,4.298342541436464,2.9424399830644092,nan,nan,nan,4.277572168763879,2.937910459121097,4.318914956011731,2.946775163915261,1.009665012211775,0.4124,0.01005,0.0,0.0,0.0,0.0,0.0,0.0,0.0,0.0,0.0,0.0,0.0,3.3085155886458772,26.167985109353193,0.5234993020009308,0.0,0.0,0.0,0.0,0.0,0.0,0.0,0.0,0.0,0.0,0.0,0.0,0.0,0.0,0.0,0.0,nan,nan,4.298342541436464,2.9424399830644092,nan,0.4124,0.04987,0.0,0.0,0.0,0.0,0.0,0.0,0.0,0.0,0.0,0.0,0.0,0.0,0.0,0.0,0.0,0.0,0.0,0.0,0.0,0.0,6.979990693345743e-05,0.00012796649604467195,0.00011633317822242904,0.000965565379246161,0.0006281991624011168,0.004920893438808748,0.004013494648673802,0.0008026989297347603,0.0047580269892973474,0.0012331316891577477,0.0022103303862261517,0.008341088878548161,0.021870637505816658,0.007270823638901815,0.010586319218241042,0.0336784550953932,0.039157747789669614,0.05200093066542578,0.07659376454164728,0.10836435551419264,0.07916472778036296,0.09611447184737087,0.09214751046998604,0.0982666356444858,0.044125174499767335,0.039925546765937646,0.02124243834341554,0.020812005583992554,0.02916472778036296,0.05215216379711494,0.015460679385760819,0.004548627268496975,0.011505351326198232,0.010237319683573755,0.0016286644951140066,0.0054094927873429505,0.0003024662633783155,4.653327128897162e-05,3.489995346672871e-05,0.0,0.0,0.0,0.0,0.0,0.0,0.0,0.0,0.0,0.0,0.0,0.0,0.0,0.0,0.0,0.0,0.0,0.0,0.0,0.0,0.0,0.0,0.0,0.0,0.0,0.0,0.0,0.0,0.0,0.0,0.0,0.0,0.0,0.0,0.0,0.0,0.0,0.0,0.0,0.0,0.0,0.0,nan,nan,4.298342541436464,2.9424399830644092,nan,0.9262022628903933,0.023385637923564528,0.0,0.0,0.0,0.0,0.0,0.0,0.0,0.0,0.0,0.0,0.0,0.0,0.0,0.0,0.0,0.0,0.0,0.0,0.0,0.0,0.0,0.0,0.0,0.0,0.0,0.17808219178082196,3.643835616438357,14.671232876712333,10.205479452054796,1.301369863013699,0.9256277272099562,0.023491182611309232,0.0,0.0,0.0,0.0,0.0,0.0,0.0,0.0,0.0,0.0,0.0,0.0,0.0,0.0,0.0,0.0,0.0,0.0,0.0,0.0,0.0,0.0,0.0,0.0,0.0,0.213472485768501,3.7998102466793178,15.028462998102471,9.777039848197346,1.181214421252372,0.4124,0.009926,0.0,0.0,0.0,0.0,0.0,0.0,0.0,0.0,0.0,0.0,0.0,3.1917808219178037,26.35616438356165,0.45205479452054803,0.0,0.0,0.0,0.0,0.0,0.0,0.0,0.0,0.0,0.0,0.0,0.0,0.0,0.0,0.0,0.0,0.4124,0.01017,0.0,0.0,0.0,0.0,0.0,0.0,0.0,0.0,0.0,0.0,0.0,3.429791271347244,25.972485768500956,0.5977229601518028,0.0,0.0,0.0,0.0,0.0,0.0,0.0,0.0,0.0,0.0,0.0,0.0,0.0,0.0,0.0,0.0
46900,4378,2140,0.488807674737323,1019,943,0.4481498401096391,1255,0.5733211512105985,0.434,2.8945487042001785,3.127404418645268,6.674536256323777,2.2783479331161693,8276.908335071877,433.5242460939144,7853.0,8742.545823657512,8720.229294833956,5.689336593323286,7853.0,0.0,27.76313385107355,20.81011944272663,32.66757270997554,19.081137761476338,0.14001827318410234,0.09913202375513934,0.09365006852444038,0.08999543170397442,0.0838282320694381,0.07263590680676107,0.07058017359524897,0.06395614435815442,0.05619004111466423,0.054362722704431245,0.04431247144814984,0.03928734582000914,0.028780264961169484,0.027409776153494745,0.016902695294655094,0.011420740063956145,0.007537688442211055,0.9271117658471343,0.02357147758362408,0.0,0.0,0.0,0.0,0.0,0.0,0.0,0.0,0.0,0.0,0.0,0.0,0.0,0.0,0.0,0.0,0.0,0.0,0.0,0.0,0.0,0.0,0.0,0.0,0.0,0.1164915486523527,3.5906806761078127,14.403837368661492,10.436272270443126,1.452718136135222,4.354233085370174,2.9147630697825875,nan,nan,nan,4.384176764076978,2.984150186181444,4.324647887323944,2.844235252540006,0.9864218803309207,0.4128,0.010025,0.0,0.0,0.0,0.0,0.0,0.0,0.0,0.0,0.0,0.0,0.0,3.0219278209227918,26.26541799908635,0.7126541799908637,0.0,0.0,0.0,0.0,0.0,0.0,0.0,0.0,0.0,0.0,0.0,0.0,0.0,0.0,0.0,0.0,nan,nan,4.354233085370174,2.9147630697825875,nan,0.4128,0.04987,0.0,0.0,0.0,0.0,0.0,0.0,0.0,0.0,0.0,0.0,0.0,0.0,0.0,0.0,0.0,0.0,0.0,0.0,0.0,0.0,3.426222019186843e-05,6.852444038373687e-05,0.0001256281407035176,0.0009022384650525354,0.00034262220191868436,0.005139333028780265,0.004408405664687072,0.0006395614435815441,0.00488807674737323,0.0006509821836455002,0.0031863864778437644,0.007126541799908634,0.02152809502055733,0.00693238921882138,0.010495660118775696,0.03126998629511192,0.03862494289629968,0.05087939698492462,0.07654179990863408,0.10607583371402467,0.08088168113293741,0.10105070808588397,0.09309045226130654,0.09613978985838283,0.045740063956144356,0.038442211055276385,0.023069894929191412,0.019301050708085885,0.02979671082686158,0.05107354956601188,0.01587482868889904,0.0046596619460941065,0.010507080858839652,0.011489264504339881,0.0020214709913202377,0.006292827775239836,0.0005824577432617633,0.0001256281407035176,0.0,0.0,0.0,0.0,0.0,0.0,0.0,0.0,0.0,0.0,0.0,0.0,0.0,0.0,0.0,0.0,0.0,0.0,0.0,0.0,0.0,0.0,0.0,0.0,0.0,0.0,0.0,0.0,0.0,0.0,0.0,0.0,0.0,0.0,0.0,0.0,0.0,0.0,0.0,0.0,0.0,0.0,0.0,nan,nan,4.354233085370174,2.9147630697825875,nan,0.9272271013148478,0.023614828270829374,0.0,0.0,0.0,0.0,0.0,0.0,0.0,0.0,0.0,0.0,0.0,0.0,0.0,0.0,0.0,0.0,0.0,0.0,0.0,0.0,0.0,0.0,0.0,0.0,0.0,0.1121495327102804,3.616822429906543,14.341121495327107,10.500000000000002,1.429906542056075,0.9270014808154511,0.02352942173745054,0.0,0.0,0.0,0.0,0.0,0.0,0.0,0.0,0.0,0.0,0.0,0.0,0.0,0.0,0.0,0.0,0.0,0.0,0.0,0.0,0.0,0.0,0.0,0.0,0.0,0.12064343163538876,3.565683646112601,14.463806970509387,10.375335120643433,1.474530831099196,0.4128,0.00991,0.0,0.0,0.0,0.0,0.0,0.0,0.0,0.0,0.0,0.0,0.0,2.7476635514018652,26.635514018691595,0.6168224299065421,0.0,0.0,0.0,0.0,0.0,0.0,0.0,0.0,0.0,0.0,0.0,0.0,0.0,0.0,0.0,0.0,0.4128,0.01014,0.0,0.0,0.0,0.0,0.0,0.0,0.0,0.0,0.0,0.0,0.0,3.284182305630022,25.911528150134053,0.8042895442359251,0.0,0.0,0.0,0.0,0.0,0.0,0.0,0.0,0.0,0.0,0.0,0.0,0.0,0.0,0.0,0.0
47000,4584,2389,0.5211605584642234,1115,938,0.4478621291448517,1285,0.5606457242582897,0.43,2.9763097949886106,3.1155987961335745,6.6118421052631575,2.0408632787224312,8304.919951720298,433.2005796505743,7853.0,8743.006429994106,8720.141506356567,5.512576097039763,7853.0,0.0,27.98865619546248,20.86759875023528,32.8975622406639,19.11364880970703,0.1380890052356021,0.09729493891797557,0.09511343804537521,0.09380453752181502,0.07678883071553229,0.07111692844677138,0.07286212914485166,0.060209424083769635,0.06086387434554974,0.0506108202443281,0.049956369982547995,0.036212914485165795,0.036212914485165795,0.025959860383944152,0.015052356020942409,0.013525305410122163,0.0063263525305410125,0.9266270662269459,0.02294189465823226,0.0,0.0,0.0,0.0,0.0,0.0,0.0,0.0,0.0,0.0,0.0,0.0,0.0,0.0,0.0,0.0,0.0,0.0,0.0,0.0,0.0,0.0,0.0,0.0,0.0,0.18979057591623041,3.4751308900523568,14.698952879581155,10.405759162303667,1.230366492146597,4.302097428958051,2.9154310996140707,nan,nan,nan,4.3187114461960245,2.9336738409868444,4.285905143620575,2.897449250058908,0.9924036826761495,0.4128,0.01036,0.0,0.0,0.0,0.0,0.0,0.0,0.0,0.0,0.0,0.0,0.0,3.304973821989524,25.95549738219896,0.7395287958115185,0.0,0.0,0.0,0.0,0.0,0.0,0.0,0.0,0.0,0.0,0.0,0.0,0.0,0.0,0.0,0.0,nan,nan,4.302097428958051,2.9154310996140707,nan,0.4128,0.05115,0.0,0.0,0.0,0.0,0.0,0.0,0.0,0.0,0.0,0.0,0.0,0.0,0.0,0.0,0.0,0.0,0.0,0.0,0.0,0.0,0.0,0.00010907504363001745,9.816753926701571e-05,0.0007635253054101221,0.00034904013961605586,0.005759162303664921,0.005584642233856894,0.0011016579406631763,0.005071989528795812,0.0009162303664921466,0.0031958987783595114,0.007395287958115183,0.02194589877835951,0.008104275741710297,0.010809336823734729,0.031337260034904016,0.03781631762652705,0.04989092495636998,0.07630890052356021,0.10447207678883072,0.0787630890052356,0.10077443280977312,0.09510253054101221,0.08958333333333333,0.04600785340314136,0.03681282722513089,0.024421902268760908,0.02032068062827225,0.03128272251308901,0.04953097731239092,0.016034031413612565,0.005617364746945899,0.012085514834205934,0.011409249563699826,0.003119546247818499,0.007264397905759163,0.0007744328097731239,6.544502617801048e-05,0.0,0.0,0.0,0.0,0.0,0.0,0.0,0.0,0.0,0.0,0.0,0.0,0.0,0.0,0.0,0.0,0.0,0.0,0.0,0.0,0.0,0.0,0.0,0.0,0.0,0.0,0.0,0.0,0.0,0.0,0.0,0.0,0.0,0.0,0.0,0.0,0.0,0.0,0.0,0.0,0.0,0.0,0.0,nan,nan,4.302097428958051,2.9154310996140707,nan,0.9266764447747937,0.022819837874905744,0.0,0.0,0.0,0.0,0.0,0.0,0.0,0.0,0.0,0.0,0.0,0.0,0.0,0.0,0.0,0.0,0.0,0.0,0.0,0.0,0.0,0.0,0.0,0.0,0.0,0.20092088740058606,3.453327752197573,14.6044370029301,10.560904143993305,1.180410213478443,0.9265733234703134,0.02307388529273565,0.0,0.0,0.0,0.0,0.0,0.0,0.0,0.0,0.0,0.0,0.0,0.0,0.0,0.0,0.0,0.0,0.0,0.0,0.0,0.0,0.0,0.0,0.0,0.0,0.0,0.17767653758542146,3.498861047835992,14.801822323462417,10.236902050113898,1.2847380410022782,0.413,0.010414,0.0,0.0,0.0,0.0,0.0,0.0,0.0,0.0,0.0,0.0,0.0,3.202176642946835,26.019254918375896,0.778568438677271,0.0,0.0,0.0,0.0,0.0,0.0,0.0,0.0,0.0,0.0,0.0,0.0,0.0,0.0,0.0,0.0,0.4128,0.0103,0.0,0.0,0.0,0.0,0.0,0.0,0.0,0.0,0.0,0.0,0.0,3.4168564920273297,25.886104783599095,0.6970387243735764,0.0,0.0,0.0,0.0,0.0,0.0,0.0,0.0,0.0,0.0,0.0,0.0,0.0,0.0,0.0,0.0
47100,4863,2494,0.5128521488792926,1193,1021,0.4552745219000617,1385,0.5696072383302488,0.40599999999999997,2.972140143520473,3.116572976993388,6.6008968609865475,2.2055912988140385,8297.692703742954,433.4240203234633,7853.0,8737.924009793996,8720.097280794706,5.611288770666014,7853.0,0.0,28.07382274316266,20.91899762846699,33.107458292443575,19.103412427003963,0.1420933580094592,0.09479745013366235,0.08945095619987661,0.08718897799712112,0.07772979642196175,0.08184248406333539,0.0725889368702447,0.06230721776681061,0.060250873946123794,0.05346493933785729,0.043388854616491876,0.037425457536500104,0.03249023236685174,0.02734937281513469,0.016656384947563233,0.015011309891013777,0.005963397079991775,0.9259509786200479,0.023180838122578047,0.0,0.0,0.0,0.0,0.0,0.0,0.0,0.0,0.0,0.0,0.0,0.0,0.0,0.0,0.0,0.0,0.0,0.0,0.0,0.0,0.0,0.0,0.0,0.0,0.0,0.12338062924120916,3.966687230104874,14.521900061690317,10.2344231955583,1.1536088834053055,4.26591052299937,2.9505252231056933,nan,nan,nan,4.199363057324841,2.9510442244544888,4.333749220212102,2.9474969203652104,1.0320015585822842,0.4133,0.01032,0.0,0.0,0.0,0.0,0.0,0.0,0.0,0.0,0.0,0.0,0.0,2.9487970388648943,26.206045650832824,0.8451573103022827,0.0,0.0,0.0,0.0,0.0,0.0,0.0,0.0,0.0,0.0,0.0,0.0,0.0,0.0,0.0,0.0,nan,nan,4.26591052299937,2.9505252231056933,nan,0.4133,0.0513,0.0,0.0,0.0,0.0,0.0,0.0,0.0,0.0,0.0,0.0,0.0,0.0,0.0,0.0,0.0,0.0,0.0,0.0,0.0,0.0,1.0281719103434094e-05,0.00021591610117211598,6.169031462060457e-05,0.0009253547193090684,0.00019535266296524779,0.006261566933991363,0.00595311536088834,0.0007916923709644253,0.005151141270820481,0.0009356364384125026,0.0034340941805469875,0.0076598807320584,0.022095414353279868,0.0064157927205428745,0.011217355541846597,0.028614024264857083,0.03897799712111865,0.04590787579683323,0.07679415998354924,0.1067859346082665,0.07675303310713551,0.10071972033724039,0.09512646514497224,0.09075673452601275,0.04805675508945095,0.03897799712111865,0.02503598601686202,0.019730618959490027,0.03104050997326753,0.04869422167386387,0.01564877647542669,0.006292412091301666,0.01072383302488176,0.01190623072177668,0.0035574748097881967,0.007248611967921036,0.0011309891013777504,0.00013366234834464322,6.169031462060457e-05,0.0,0.0,0.0,0.0,0.0,0.0,0.0,0.0,0.0,0.0,0.0,0.0,0.0,0.0,0.0,0.0,0.0,0.0,0.0,0.0,0.0,0.0,0.0,0.0,0.0,0.0,0.0,0.0,0.0,0.0,0.0,0.0,0.0,0.0,0.0,0.0,0.0,0.0,0.0,0.0,0.0,0.0,nan,nan,4.26591052299937,2.9505252231056933,nan,0.9262238083931572,0.0233769073536643,0.0,0.0,0.0,0.0,0.0,0.0,0.0,0.0,0.0,0.0,0.0,0.0,0.0,0.0,0.0,0.0,0.0,0.0,0.0,0.0,0.0,0.0,0.0,0.0,0.0,0.08420208500400965,3.993584603047314,14.422614274258223,10.224538893344029,1.2750601443464318,0.925663753016783,0.022969113741690313,0.0,0.0,0.0,0.0,0.0,0.0,0.0,0.0,0.0,0.0,0.0,0.0,0.0,0.0,0.0,0.0,0.0,0.0,0.0,0.0,0.0,0.0,0.0,0.0,0.0,0.16462642465175184,3.938370620514986,14.626424651751798,10.244829041789787,1.0257492612916845,0.4133,0.01027,0.0,0.0,0.0,0.0,0.0,0.0,0.0,0.0,0.0,0.0,0.0,2.8869286287088975,26.331194867682445,0.781876503608661,0.0,0.0,0.0,0.0,0.0,0.0,0.0,0.0,0.0,0.0,0.0,0.0,0.0,0.0,0.0,0.0,0.413,0.01038,0.0,0.0,0.0,0.0,0.0,0.0,0.0,0.0,0.0,0.0,0.0,3.0139299282397594,26.07429295061208,0.911777121148164,0.0,0.0,0.0,0.0,0.0,0.0,0.0,0.0,0.0,0.0,0.0,0.0,0.0,0.0,0.0,0.0
47200,4918,2527,0.513826758845059,1227,978,0.4483529890199268,1370,0.5571370475803172,0.422,3.042659974905897,3.198549485826814,6.765051395007342,2.2813835817952954,8298.615581279466,433.4771198585654,7853.0,8739.668011033535,8720.248685687538,5.603287777120764,7853.0,0.0,27.984953233021553,20.8231719716182,33.05517744287798,18.986539731793876,0.14253761691744612,0.09760065067100447,0.09109394062627084,0.08031720211468077,0.08723058153721025,0.07259048393655958,0.0719804798698658,0.06018706791378609,0.06120374135827572,0.053883692557950384,0.04798698657991053,0.04026026840178935,0.03456689711264742,0.023993493289955266,0.01931679544530297,0.008946726311508743,0.0063033753558357055,0.9270754047480478,0.023060973960503498,0.0,0.0,0.0,0.0,0.0,0.0,0.0,0.0,0.0,0.0,0.0,0.0,0.0,0.0,0.0,0.0,0.0,0.0,0.0,0.0,0.0,0.0,0.0,0.0,0.0,0.10370069133794228,3.562423749491664,14.591297275315172,10.492069947132984,1.2505083367222452,4.337011349306431,2.9411383382911067,nan,nan,nan,4.333333333333333,2.911809141862234,4.340750158931977,2.970650877114559,1.0017115751381485,0.4136,0.010376,0.0,0.0,0.0,0.0,0.0,0.0,0.0,0.0,0.0,0.0,0.0,2.9646197641317564,26.150874339162268,0.8845058967059782,0.0,0.0,0.0,0.0,0.0,0.0,0.0,0.0,0.0,0.0,0.0,0.0,0.0,0.0,0.0,0.0,nan,nan,4.337011349306431,2.9411383382911067,nan,0.4136,0.05133,0.0,0.0,0.0,0.0,0.0,0.0,0.0,0.0,0.0,0.0,0.0,0.0,0.0,0.0,0.0,0.0,0.0,0.0,0.0,0.0,0.0,0.00016266775111834078,0.0001321675477836519,0.0010166734444896298,0.0001321675477836519,0.0065067100447336315,0.005754371695811306,0.0009455063033753558,0.0058967059780398534,0.0007116714111427409,0.002816185441236275,0.007930052867019113,0.021716144774298497,0.005723871492476616,0.01090890605937373,0.028944692964619764,0.03725091500610004,0.04467263115087434,0.07492883285888573,0.10661854412362749,0.07592517283448556,0.10535786905246035,0.09238511590077267,0.09126677511183408,0.04995933306222042,0.04077877185847906,0.02730784871899146,0.018920292801952013,0.029910532736884914,0.04765148434322895,0.016276941846278974,0.006821878812525417,0.010146400976006506,0.011752745018300122,0.0035278568523790157,0.007940219601464009,0.0010166734444896298,0.00016266775111834078,0.0001220008133387556,0.0,0.0,0.0,0.0,0.0,0.0,0.0,0.0,0.0,0.0,0.0,0.0,0.0,0.0,0.0,0.0,0.0,0.0,0.0,0.0,0.0,0.0,0.0,0.0,0.0,0.0,0.0,0.0,0.0,0.0,0.0,0.0,0.0,0.0,0.0,0.0,0.0,0.0,0.0,0.0,0.0,0.0,nan,nan,4.337011349306431,2.9411383382911067,nan,0.926685474090629,0.022996320997061205,0.0,0.0,0.0,0.0,0.0,0.0,0.0,0.0,0.0,0.0,0.0,0.0,0.0,0.0,0.0,0.0,0.0,0.0,0.0,0.0,0.0,0.0,0.0,0.0,0.0,0.08310249307479227,3.561535417491097,14.922833399287695,10.162247724574597,1.2702809655718246,0.9274875146482141,0.02312196154192263,0.0,0.0,0.0,0.0,0.0,0.0,0.0,0.0,0.0,0.0,0.0,0.0,0.0,0.0,0.0,0.0,0.0,0.0,0.0,0.0,0.0,0.0,0.0,0.0,0.0,0.12547051442910917,3.563362609786701,14.240903387703893,10.840652446675035,1.2296110414052699,0.4136,0.010315,0.0,0.0,0.0,0.0,0.0,0.0,0.0,0.0,0.0,0.0,0.0,2.9204590423426944,26.307874950534234,0.771666007123071,0.0,0.0,0.0,0.0,0.0,0.0,0.0,0.0,0.0,0.0,0.0,0.0,0.0,0.0,0.0,0.0,0.4136,0.010445,0.0,0.0,0.0,0.0,0.0,0.0,0.0,0.0,0.0,0.0,0.0,3.0112923462986156,25.984943538268514,1.0037641154328734,0.0,0.0,0.0,0.0,0.0,0.0,0.0,0.0,0.0,0.0,0.0,0.0,0.0,0.0,0.0,0.0
47300,4841,2473,0.5108448667630655,1188,980,0.44784135509192313,1342,0.5544309027060524,0.438,3.0603885135135136,3.1427445159128817,6.7373887240356085,2.0673087065222657,8296.135429119315,433.64437261124556,7853.0,8740.201349550485,8720.455969416334,5.592495791422004,7853.0,0.0,28.284858500309852,21.047620042813726,33.24165029469548,19.2709471677483,0.13571576120636233,0.09977277422020243,0.09522825862425119,0.08304069407147284,0.07973559181987193,0.07415823177029539,0.07167940508159472,0.06300351167114232,0.06093782276389176,0.051435653790539146,0.043172898161536875,0.04152034703573642,0.03759553811196034,0.024375129105556705,0.020243751291055566,0.01094815120842801,0.007436480066102045,0.9268178908668798,0.023210173582241995,0.0,0.0,0.0,0.0,0.0,0.0,0.0,0.0,0.0,0.0,0.0,0.0,0.0,0.0,0.0,0.0,0.0,0.0,0.0,0.0,0.0,0.0,0.0,0.0,0.0,0.17971493493079946,3.5695104317289825,14.35240652757695,10.665151828134686,1.2332162776285893,4.339923469387755,2.871373132773317,nan,nan,nan,4.3312382149591455,2.8895917885421354,4.348867313915858,2.8524627998390444,1.004070221512136,0.4138,0.01028,0.0,0.0,0.0,0.0,0.0,0.0,0.0,0.0,0.0,0.0,0.0,2.621359223300967,26.461474901879782,0.9171658748192524,0.0,0.0,0.0,0.0,0.0,0.0,0.0,0.0,0.0,0.0,0.0,0.0,0.0,0.0,0.0,0.0,nan,nan,4.339923469387755,2.871373132773317,nan,0.4138,0.05148,0.0,0.0,0.0,0.0,0.0,0.0,0.0,0.0,0.0,0.0,0.0,0.0,0.0,0.0,0.0,0.0,0.0,0.0,0.0,0.0,0.0,8.262755629002272e-05,0.00021689733526130965,0.001425325346002892,0.00016525511258004544,0.005814914273910349,0.0051952076017351785,0.0006920057839289403,0.00690972939475315,0.0007539764511464574,0.00250981202230944,0.008190456517248503,0.02269159264614749,0.006703160504028093,0.01080355298492047,0.02857880603181161,0.035798388762652344,0.04397851683536459,0.07545961578186325,0.10535013426977897,0.07680231357157612,0.10351167114232597,0.09225366659781037,0.09154100392480892,0.050898574674653994,0.04298698615988432,0.027432348688287544,0.017992150382152447,0.03169799628175997,0.045868622185498864,0.014625077463334022,0.0066205329477380705,0.010493699648832885,0.012383804998967156,0.0036665978103697584,0.007849617847552158,0.001363354678785375,0.00026853955794257385,0.00040280933691386075,0.0,1.032844453625284e-05,1.032844453625284e-05,0.0,0.0,0.0,0.0,0.0,0.0,0.0,0.0,0.0,0.0,0.0,0.0,0.0,0.0,0.0,0.0,0.0,0.0,0.0,0.0,0.0,0.0,0.0,0.0,0.0,0.0,0.0,0.0,0.0,0.0,0.0,0.0,0.0,0.0,0.0,0.0,0.0,0.0,0.0,nan,nan,4.339923469387755,2.871373132773317,nan,0.9271894771224615,0.0229260842245031,0.0,0.0,0.0,0.0,0.0,0.0,0.0,0.0,0.0,0.0,0.0,0.0,0.0,0.0,0.0,0.0,0.0,0.0,0.0,0.0,0.0,0.0,0.0,0.0,0.0,0.16983420946219172,3.4088152042054194,14.605742013748486,10.529720986655887,1.285887585928023,0.9264298280247966,0.023496922315733082,0.0,0.0,0.0,0.0,0.0,0.0,0.0,0.0,0.0,0.0,0.0,0.0,0.0,0.0,0.0,0.0,0.0,0.0,0.0,0.0,0.0,0.0,0.0,0.0,0.0,0.19003378378378383,3.737331081081082,14.08783783783784,10.80658783783784,1.1782094594594597,0.4138,0.01026,0.0,0.0,0.0,0.0,0.0,0.0,0.0,0.0,0.0,0.0,0.0,2.523251112009701,26.518398706025078,0.9583501819652246,0.0,0.0,0.0,0.0,0.0,0.0,0.0,0.0,0.0,0.0,0.0,0.0,0.0,0.0,0.0,0.0,0.4136,0.01029,0.0,0.0,0.0,0.0,0.0,0.0,0.0,0.0,0.0,0.0,0.0,2.7238175675675635,26.40202702702703,0.8741554054054056,0.0,0.0,0.0,0.0,0.0,0.0,0.0,0.0,0.0,0.0,0.0,0.0,0.0,0.0,0.0,0.0
47400,4827,2540,0.5262067536772322,1182,961,0.44396105241350736,1317,0.545680546923555,0.43,2.9842588543944033,3.1026339233378306,6.58179012345679,2.0516724296097983,8309.308815927265,433.0057075684947,7853.0,8740.154916608333,8720.166399401929,5.515113715946077,7853.0,0.0,28.62792624818728,21.230998185022067,33.687869822485204,19.378858292396423,0.1379738968303294,0.09550445411228506,0.09136109384711001,0.08224570126372488,0.08286720530350114,0.07561632483944479,0.06836544437538844,0.059871555831779576,0.055728195566604515,0.04951315516884193,0.05303501139424073,0.04454112285063186,0.0364615703335405,0.028589185829707892,0.019473793246322767,0.012637248808783924,0.006215040397762586,0.9265317247598986,0.023161322708685386,0.0,0.0,0.0,0.0,0.0,0.0,0.0,0.0,0.0,0.0,0.0,0.0,0.0,0.0,0.0,0.0,0.0,0.0,0.0,0.0,0.0,0.0,0.0,0.0,0.0,0.16780609073958985,3.523927905531387,14.829086389061532,10.30453697949037,1.1746426351771289,4.195686647637171,2.9099096487319023,nan,nan,nan,4.133672819859962,2.8922875019891396,4.2572692793931735,2.9260039286883623,1.029899913447286,0.4133,0.01041,0.0,0.0,0.0,0.0,0.0,0.0,0.0,0.0,0.0,0.0,0.0,3.0142945929148492,26.190180236171543,0.7955251709136111,0.0,0.0,0.0,0.0,0.0,0.0,0.0,0.0,0.0,0.0,0.0,0.0,0.0,0.0,0.0,0.0,nan,nan,4.195686647637171,2.9099096487319023,nan,0.4133,0.05215,0.0,0.0,0.0,0.0,0.0,0.0,0.0,0.0,0.0,0.0,0.0,0.0,0.0,0.0,0.0,0.0,0.0,0.0,0.0,0.0,0.0,8.286720530350113e-05,0.00037290242386575515,0.0021338305365651545,0.00010358400662937643,0.006163248394447898,0.005717837165941579,0.00040397762585456807,0.0074994820799668535,0.0006215040397762585,0.002838201781644914,0.008991091775429874,0.0237207375181272,0.007717008493888544,0.011404599129894345,0.02728402734617775,0.03529107105862855,0.04172363787031282,0.0717112077895173,0.10819349492438368,0.07685933291899731,0.1037704578413093,0.09396105241350736,0.09311166355914646,0.04773151025481666,0.043132380360472344,0.028154133001864513,0.016076237828879222,0.03320903252537808,0.04538015330432981,0.01260617360679511,0.006463642013673089,0.010917754298736275,0.012492231199502797,0.0045680546923555,0.007209446861404599,0.0015537600994406464,0.00014501760928112699,0.0006836544437538845,0.0,0.0,0.0,0.0,0.0,0.0,0.0,0.0,0.0,0.0,0.0,0.0,0.0,0.0,0.0,0.0,0.0,0.0,0.0,0.0,0.0,0.0,0.0,0.0,0.0,0.0,0.0,0.0,0.0,0.0,0.0,0.0,0.0,0.0,0.0,0.0,0.0,0.0,0.0,0.0,0.0,0.0,nan,nan,4.195686647637171,2.9099096487319023,nan,0.9264639036627267,0.022937505304731896,0.0,0.0,0.0,0.0,0.0,0.0,0.0,0.0,0.0,0.0,0.0,0.0,0.0,0.0,0.0,0.0,0.0,0.0,0.0,0.0,0.0,0.0,0.0,0.0,0.0,0.1299212598425197,3.531496062992127,14.822834645669294,10.464566929133861,1.0511811023622049,0.9266070485844797,0.023407161468235793,0.0,0.0,0.0,0.0,0.0,0.0,0.0,0.0,0.0,0.0,0.0,0.0,0.0,0.0,0.0,0.0,0.0,0.0,0.0,0.0,0.0,0.0,0.0,0.0,0.0,0.20988194140795807,3.515522518583298,14.836029733275035,10.126803672933976,1.3117621337997378,0.4133,0.01058,0.0,0.0,0.0,0.0,0.0,0.0,0.0,0.0,0.0,0.0,0.0,3.0826771653543266,26.078740157480322,0.8385826771653545,0.0,0.0,0.0,0.0,0.0,0.0,0.0,0.0,0.0,0.0,0.0,0.0,0.0,0.0,0.0,0.0,0.413,0.010216,0.0,0.0,0.0,0.0,0.0,0.0,0.0,0.0,0.0,0.0,0.0,2.938347179711408,26.313948404022742,0.7477044162658507,0.0,0.0,0.0,0.0,0.0,0.0,0.0,0.0,0.0,0.0,0.0,0.0,0.0,0.0,0.0,0.0
47500,4737,2450,0.5172049820561537,1161,950,0.4456407008655267,1310,0.5530926746886214,0.45,3.0362920857017928,3.2633961078797475,6.795886075949367,2.3662544856415546,8301.434583165492,433.2786712530705,7853.0,8738.507187479734,8720.034538961198,5.511381943184199,7853.0,0.0,27.602279924002534,20.791599890415572,32.54621002266432,19.077135835204743,0.14312856238125396,0.10491872493139118,0.08993033565547814,0.08866371120962635,0.07958623601435508,0.07536415452818239,0.06903103229892336,0.06143128562381254,0.06206459784673844,0.0506649778340722,0.04644289634789951,0.035676588558159174,0.030610090774751953,0.025754697065653368,0.021954823728097952,0.009921891492505806,0.004855393709098586,0.9268914238672255,0.02321264225298445,0.0,0.0,0.0,0.0,0.0,0.0,0.0,0.0,0.0,0.0,0.0,0.0,0.0,0.0,0.0,0.0,0.0,0.0,0.0,0.0,0.0,0.0,0.0,0.0,0.0,0.13299556681443955,3.635212159594681,14.43951868271058,10.531982267257762,1.2602913236225461,4.42691798941799,3.0305896842931586,nan,nan,nan,4.482577251808021,3.0798904811993006,4.3675099866844205,2.9774043073938103,0.9743301099658264,0.4126,0.01037,0.0,0.0,0.0,0.0,0.0,0.0,0.0,0.0,0.0,0.0,0.0,3.331222292590242,25.991133628879044,0.6776440785307158,0.0,0.0,0.0,0.0,0.0,0.0,0.0,0.0,0.0,0.0,0.0,0.0,0.0,0.0,0.0,0.0,nan,nan,4.42691798941799,3.0305896842931586,nan,0.4126,0.05246,0.0,0.0,0.0,0.0,0.0,0.0,0.0,0.0,0.0,0.0,0.0,0.0,0.0,0.0,0.0,0.0,0.0,0.0,0.0,0.0,0.0,5.277601857715854e-05,0.0005172049820561537,0.0025015832805573147,0.00017943846316233902,0.005868693265780029,0.006248680599535571,0.0004010977411864049,0.007283090563647878,0.0006438674266413341,0.0038948701709943002,0.00877137428752375,0.025279712898458942,0.007779185138273169,0.012497361199071142,0.026989655900358876,0.03424108085286046,0.04035254380409542,0.07126873548659489,0.1078214059531349,0.08235169938779818,0.10230103440996412,0.09396242347477306,0.09321300401097742,0.04797340088663711,0.04159805784251636,0.028192949123918093,0.015547815072830906,0.030187882626134685,0.04461684610512983,0.013573991978045177,0.006618112729575681,0.009753008233058897,0.012792906903103229,0.004580958412497361,0.007240869748786152,0.0017416086130462318,0.00017943846316233902,0.0009816339455351489,0.0,0.0,0.0,0.0,0.0,0.0,0.0,0.0,0.0,0.0,0.0,0.0,0.0,0.0,0.0,0.0,0.0,0.0,0.0,0.0,0.0,0.0,0.0,0.0,0.0,0.0,0.0,0.0,0.0,0.0,0.0,0.0,0.0,0.0,0.0,0.0,0.0,0.0,0.0,0.0,0.0,0.0,nan,nan,4.42691798941799,3.0305896842931586,nan,0.926582431282316,0.0228730366125765,0.0,0.0,0.0,0.0,0.0,0.0,0.0,0.0,0.0,0.0,0.0,0.0,0.0,0.0,0.0,0.0,0.0,0.0,0.0,0.0,0.0,0.0,0.0,0.0,0.0,0.13469387755102044,3.6367346938775515,14.559183673469391,10.493877551020411,1.1755102040816328,0.927222439098108,0.02356653020474054,0.0,0.0,0.0,0.0,0.0,0.0,0.0,0.0,0.0,0.0,0.0,0.0,0.0,0.0,0.0,0.0,0.0,0.0,0.0,0.0,0.0,0.0,0.0,0.0,0.0,0.1311762133799738,3.6335811106252742,14.31132487975514,10.572802798425887,1.3511149978137302,0.4126,0.01028,0.0,0.0,0.0,0.0,0.0,0.0,0.0,0.0,0.0,0.0,0.0,3.4163265306122397,25.934693877551027,0.6489795918367349,0.0,0.0,0.0,0.0,0.0,0.0,0.0,0.0,0.0,0.0,0.0,0.0,0.0,0.0,0.0,0.0,0.4126,0.01047,0.0,0.0,0.0,0.0,0.0,0.0,0.0,0.0,0.0,0.0,0.0,3.240052470485347,26.051595977262796,0.7083515522518585,0.0,0.0,0.0,0.0,0.0,0.0,0.0,0.0,0.0,0.0,0.0,0.0,0.0,0.0,0.0,0.0
47600,4840,2479,0.5121900826446281,1189,1016,0.4555785123966942,1413,0.5838842975206612,0.37399999999999994,2.9055484963998306,2.9385876650065947,6.255681818181818,1.983589374808012,8297.229894138247,433.5477351838523,7853.0,8737.533297115564,8720.314516994396,5.727405476208285,7853.0,0.0,29.052685950413224,20.892540708312147,33.54613346181643,19.146400654437663,0.125,0.09504132231404959,0.08801652892561984,0.08739669421487603,0.07830578512396694,0.08099173553719008,0.07066115702479339,0.06756198347107438,0.05867768595041322,0.05371900826446281,0.045454545454545456,0.043801652892561986,0.039049586776859505,0.02975206611570248,0.02066115702479339,0.010743801652892562,0.005165289256198347,0.9268497782921002,0.023190204293478185,0.0,0.0,0.0,0.0,0.0,0.0,0.0,0.0,0.0,0.0,0.0,0.0,0.0,0.0,0.0,0.0,0.0,0.0,0.0,0.0,0.0,0.0,0.0,0.0,0.0,0.14876033057851243,3.353305785123968,14.795454545454549,10.35123966942149,1.3512396694214879,4.049367479173095,2.772907518682917,nan,nan,nan,4.011685116851169,2.7897609731072777,4.087306501547988,2.755314570015738,1.0188502792452903,0.413,0.010605,0.0,0.0,0.0,0.0,0.0,0.0,0.0,0.0,0.0,0.0,0.006198347107438018,3.260330578512392,25.940082644628106,0.7933884297520662,0.0,0.0,0.0,0.0,0.0,0.0,0.0,0.0,0.0,0.0,0.0,0.0,0.0,0.0,0.0,0.0,nan,nan,4.049367479173095,2.772907518682917,nan,0.413,0.05276,0.0,0.0,0.0,0.0,0.0,0.0,0.0,0.0,0.0,0.0,0.0,0.0,0.0,0.0,0.0,0.0,0.0,0.0,0.0,0.0,0.0,0.0,0.00041322314049586776,0.0025619834710743803,0.00021694214876033058,0.0050309917355371905,0.006683884297520661,0.00045454545454545455,0.006973140495867769,0.0005371900826446281,0.0039049586776859504,0.008760330578512396,0.02450413223140496,0.0077995867768595045,0.012799586776859504,0.028140495867768595,0.036208677685950416,0.03816115702479339,0.07164256198347108,0.10708677685950413,0.08393595041322315,0.0984090909090909,0.09545454545454546,0.09198347107438017,0.049948347107438014,0.039793388429752066,0.02867768595041322,0.014390495867768595,0.030320247933884298,0.04395661157024793,0.01265495867768595,0.006673553719008265,0.011559917355371901,0.014039256198347108,0.0046487603305785125,0.008347107438016529,0.0022727272727272726,0.00013429752066115703,0.0009090909090909091,1.0330578512396695e-05,0.0,0.0,0.0,0.0,0.0,0.0,0.0,0.0,0.0,0.0,0.0,0.0,0.0,0.0,0.0,0.0,0.0,0.0,0.0,0.0,0.0,0.0,0.0,0.0,0.0,0.0,0.0,0.0,0.0,0.0,0.0,0.0,0.0,0.0,0.0,0.0,0.0,0.0,0.0,0.0,0.0,nan,nan,4.049367479173095,2.772907518682917,nan,0.9273108355746051,0.02343239371624144,0.0,0.0,0.0,0.0,0.0,0.0,0.0,0.0,0.0,0.0,0.0,0.0,0.0,0.0,0.0,0.0,0.0,0.0,0.0,0.0,0.0,0.0,0.0,0.0,0.0,0.14521984671238405,3.412666397741025,14.534086325131105,10.359015732150063,1.54901169826543,0.9263656779094956,0.022923180146014722,0.0,0.0,0.0,0.0,0.0,0.0,0.0,0.0,0.0,0.0,0.0,0.0,0.0,0.0,0.0,0.0,0.0,0.0,0.0,0.0,0.0,0.0,0.0,0.0,0.0,0.15247776365946636,3.290978398983482,15.069885641677258,10.3430749682338,1.1435832274459976,0.413,0.01079,0.0,0.0,0.0,0.0,0.0,0.0,0.0,0.0,0.0,0.0,0.0,3.5578862444534036,25.607099636950387,0.8350141185962083,0.0,0.0,0.0,0.0,0.0,0.0,0.0,0.0,0.0,0.0,0.0,0.0,0.0,0.0,0.0,0.0,0.413,0.01041,0.0,0.0,0.0,0.0,0.0,0.0,0.0,0.0,0.0,0.0,0.01270648030495553,2.9479034307496783,26.289707750952992,0.7496823379923763,0.0,0.0,0.0,0.0,0.0,0.0,0.0,0.0,0.0,0.0,0.0,0.0,0.0,0.0,0.0,0.0
47700,4368,2302,0.527014652014652,1089,861,0.44642857142857145,1183,0.5416666666666666,0.438,3.0832526621490803,3.20422039441238,6.788494077834179,2.2290808921857006,8309.87317407605,432.8408449191316,7853.0,8746.409197592735,8719.90791675247,5.733185243706804,7853.0,0.0,28.05540293040293,20.877940847501847,32.97767492512932,19.117831205689072,0.1391941391941392,0.10302197802197802,0.08997252747252747,0.08836996336996338,0.07097069597069597,0.07463369963369963,0.07326007326007326,0.06707875457875458,0.05837912087912088,0.0521978021978022,0.045558608058608056,0.044642857142857144,0.0277014652014652,0.026327838827838828,0.022435897435897436,0.012362637362637362,0.003891941391941392,0.9260708202126917,0.02319411084574498,0.0,0.0,0.0,0.0,0.0,0.0,0.0,0.0,0.0,0.0,0.0,0.0,0.0,0.0,0.0,0.0,0.0,0.0,0.0,0.0,0.0,0.0,0.0,0.0,0.0,0.12362637362637366,3.942307692307693,14.848901098901102,9.855769230769232,1.2293956043956047,4.291770573566085,2.9771747701090563,nan,nan,nan,4.33635729239358,2.8848420886643287,4.245269286754003,3.069825944926288,0.9789943495201942,0.4128,0.01071,0.0,0.0,0.0,0.0,0.0,0.0,0.0,0.0,0.0,0.0,0.0,3.619505494505489,25.542582417582423,0.8379120879120882,0.0,0.0,0.0,0.0,0.0,0.0,0.0,0.0,0.0,0.0,0.0,0.0,0.0,0.0,0.0,0.0,nan,nan,4.291770573566085,2.9771747701090563,nan,0.4128,0.053,0.0,0.0,0.0,0.0,0.0,0.0,0.0,0.0,0.0,0.0,0.0,0.0,0.0,0.0,0.0,0.0,0.0,0.0,0.0,0.0,6.868131868131868e-05,0.0,0.000434981684981685,0.0028273809523809523,0.0001945970695970696,0.004887820512820513,0.00747481684981685,0.0004120879120879121,0.006593406593406593,0.0005723443223443224,0.0038118131868131867,0.008333333333333333,0.025961538461538463,0.007520604395604396,0.01179029304029304,0.028468406593406593,0.038198260073260076,0.038049450549450546,0.0690018315018315,0.10856227106227107,0.08331043956043956,0.09848901098901099,0.09277701465201466,0.09447115384615384,0.05184294871794872,0.041025641025641026,0.026488095238095238,0.014903846153846155,0.029235347985347986,0.04391025641025641,0.01195054945054945,0.006272893772893773,0.010302197802197802,0.01407967032967033,0.004727564102564102,0.009134615384615385,0.0026442307692307694,0.0001945970695970696,0.001076007326007326,0.0,0.0,0.0,0.0,0.0,0.0,0.0,0.0,0.0,0.0,0.0,0.0,0.0,0.0,0.0,0.0,0.0,0.0,0.0,0.0,0.0,0.0,0.0,0.0,0.0,0.0,0.0,0.0,0.0,0.0,0.0,0.0,0.0,0.0,0.0,0.0,0.0,0.0,0.0,0.0,0.0,0.0,nan,nan,4.291770573566085,2.9771747701090563,nan,0.9259509764009719,0.02342434499140488,0.0,0.0,0.0,0.0,0.0,0.0,0.0,0.0,0.0,0.0,0.0,0.0,0.0,0.0,0.0,0.0,0.0,0.0,0.0,0.0,0.0,0.0,0.0,0.0,0.0,0.13032145960034755,4.0660295395308435,14.947871416159865,9.53953084274544,1.3162467419635102,0.9262043538305905,0.022934117162018684,0.0,0.0,0.0,0.0,0.0,0.0,0.0,0.0,0.0,0.0,0.0,0.0,0.0,0.0,0.0,0.0,0.0,0.0,0.0,0.0,0.0,0.0,0.0,0.0,0.0,0.11616650532429819,3.804453049370766,14.738625363020333,10.208131655372704,1.1326234269119073,0.4126,0.01042,0.0,0.0,0.0,0.0,0.0,0.0,0.0,0.0,0.0,0.0,0.0,3.6880973066898295,25.634231103388363,0.6776715899218073,0.0,0.0,0.0,0.0,0.0,0.0,0.0,0.0,0.0,0.0,0.0,0.0,0.0,0.0,0.0,0.0,0.4133,0.01101,0.0,0.0,0.0,0.0,0.0,0.0,0.0,0.0,0.0,0.0,0.0,3.543078412391089,25.440464666021303,1.0164569215876091,0.0,0.0,0.0,0.0,0.0,0.0,0.0,0.0,0.0,0.0,0.0,0.0,0.0,0.0,0.0,0.0
47800,4748,2435,0.5128475147430497,1113,1004,0.4458719460825611,1353,0.5699241786015165,0.40599999999999997,2.9749243406830956,3.1624516703223753,6.8,2.2840557281085965,8297.688923865362,433.42454295988216,7853.0,8737.619310939312,8720.097745590447,5.639412496135995,7853.0,0.0,27.400589721988204,20.87652792862931,32.68117048346056,19.079914346096945,0.15058972198820555,0.10278011794439765,0.09077506318449874,0.08635214827295704,0.08298230834035383,0.07224094355518113,0.06802864363942712,0.05918281381634372,0.061920808761583825,0.050968828980623423,0.04275484414490312,0.041069924178601516,0.03243470935130581,0.02253580454928391,0.019165964616680707,0.009477674810446503,0.006739679865206402,0.9264923460662314,0.023088078458736252,0.0,0.0,0.0,0.0,0.0,0.0,0.0,0.0,0.0,0.0,0.0,0.0,0.0,0.0,0.0,0.0,0.0,0.0,0.0,0.0,0.0,0.0,0.0,0.0,0.0,0.15164279696714408,3.6141533277169344,14.696714406065714,10.368576242628478,1.1689132266217357,4.368787276341949,2.944625894269185,nan,nan,nan,4.306719893546241,2.859960839017793,4.43036303630363,3.0250225212952144,1.0287093532464633,0.413,0.0106,0.0,0.0,0.0,0.0,0.0,0.0,0.0,0.0,0.0,0.0,0.0,3.2287278854254375,25.911962931760748,0.8593091828138165,0.0,0.0,0.0,0.0,0.0,0.0,0.0,0.0,0.0,0.0,0.0,0.0,0.0,0.0,0.0,0.0,nan,nan,4.368787276341949,2.944625894269185,nan,0.413,0.05328,0.0,0.0,0.0,0.0,0.0,0.0,0.0,0.0,0.0,0.0,0.0,0.0,0.0,0.0,0.0,0.0,0.0,0.0,0.0,2.106149957877001e-05,0.0,0.0,0.00035804549283909015,0.002811710193765796,0.00034751474304970515,0.006160488626790228,0.007645324347093513,0.0004738837405223252,0.005160067396798652,0.0007582139848357203,0.0034856781802864363,0.010172704296545914,0.02723251895534962,0.006055181128896378,0.01100463352990733,0.027685341196293175,0.03639427127211457,0.03695240101095198,0.06930286436394271,0.11069924178601516,0.08484625105307497,0.09447135636057287,0.09519797809604044,0.0929759898904802,0.05127422072451559,0.04181760741364785,0.025610783487784332,0.015690817186183655,0.03247683235046335,0.04205981465880371,0.012826453243470936,0.006592249368155012,0.010467565290648694,0.012952822240943556,0.0044755686604886265,0.009456613310867733,0.002632687447346251,0.00042122999157540015,0.0010320134793597303,0.0,0.0,0.0,0.0,0.0,0.0,0.0,0.0,0.0,0.0,0.0,0.0,0.0,0.0,0.0,0.0,0.0,0.0,0.0,0.0,0.0,0.0,0.0,0.0,0.0,0.0,0.0,0.0,0.0,0.0,0.0,0.0,0.0,0.0,0.0,0.0,0.0,0.0,0.0,0.0,0.0,0.0,nan,nan,4.368787276341949,2.944625894269185,nan,0.9264110805807172,0.022976705264861376,0.0,0.0,0.0,0.0,0.0,0.0,0.0,0.0,0.0,0.0,0.0,0.0,0.0,0.0,0.0,0.0,0.0,0.0,0.0,0.0,0.0,0.0,0.0,0.0,0.0,0.12320328542094458,3.819301848049282,14.599589322381933,10.373716632443536,1.0841889117043122,0.9265778979284136,0.02320444098187783,0.0,0.0,0.0,0.0,0.0,0.0,0.0,0.0,0.0,0.0,0.0,0.0,0.0,0.0,0.0,0.0,0.0,0.0,0.0,0.0,0.0,0.0,0.0,0.0,0.0,0.18158236057068747,3.398184176394294,14.798962386511027,10.363164721141377,1.2581063553826202,0.413,0.01045,0.0,0.0,0.0,0.0,0.0,0.0,0.0,0.0,0.0,0.0,0.0,3.1293634496919873,25.94661190965093,0.9240246406570843,0.0,0.0,0.0,0.0,0.0,0.0,0.0,0.0,0.0,0.0,0.0,0.0,0.0,0.0,0.0,0.0,0.4128,0.01075,0.0,0.0,0.0,0.0,0.0,0.0,0.0,0.0,0.0,0.0,0.0,3.3333333333333286,25.875486381322965,0.7911802853437097,0.0,0.0,0.0,0.0,0.0,0.0,0.0,0.0,0.0,0.0,0.0,0.0,0.0,0.0,0.0,0.0
47900,4712,2468,0.5237691001697793,1161,946,0.44715619694397285,1308,0.5551782682512734,0.422,3.019607843137255,3.130490702545907,6.617647058823529,2.0776560171470457,8307.098039868342,433.0207943113363,7853.0,8738.860061997175,8719.981346782668,5.7815942681146755,7853.0,0.0,28.195246179966045,20.936116213879288,33.25576095213978,19.08541715542368,0.13964346349745332,0.09804753820033955,0.08764855687606112,0.0884974533106961,0.0768251273344652,0.07640067911714771,0.07067062818336163,0.0651528013582343,0.058149405772495756,0.054541595925297115,0.05178268251273345,0.039261460101867575,0.03480475382003396,0.023132427843803056,0.017826825127334467,0.009550084889643463,0.008064516129032258,0.9257744744116463,0.023369501717423583,0.0,0.0,0.0,0.0,0.0,0.0,0.0,0.0,0.0,0.0,0.0,0.0,0.0,0.0,0.0,0.0,0.0,0.0,0.0,0.0,0.0,0.0,0.0,0.0,0.0,0.12733446519524622,3.9919354838709684,14.649830220713076,9.944821731748728,1.2860780984719866,4.26983606557377,2.8994586785921284,nan,nan,nan,4.3068331143232585,2.8797298903771447,4.232984293193717,2.9185112382721496,0.9828531036217908,0.4133,0.01065,0.0,0.0,0.0,0.0,0.0,0.0,0.0,0.0,0.0,0.0,0.0,3.119694397283527,25.98259762308999,0.8977079796264857,0.0,0.0,0.0,0.0,0.0,0.0,0.0,0.0,0.0,0.0,0.0,0.0,0.0,0.0,0.0,0.0,nan,nan,4.26983606557377,2.8994586785921284,nan,0.4133,0.05353,0.0,0.0,0.0,0.0,0.0,0.0,0.0,0.0,0.0,0.0,0.0,0.0,0.0,0.0,0.0,0.0,0.0,7.427843803056027e-05,0.0,0.0,0.0,0.0,0.0004456706281833616,0.0028119694397283532,0.0005517826825127334,0.00651528013582343,0.009115025466893039,0.00048811544991511033,0.004976655348047538,0.0008701188455008489,0.0036396434634974532,0.009051358234295415,0.026029286926994907,0.004955432937181664,0.010070033955857385,0.02737691001697793,0.03561120543293718,0.036799660441426144,0.06723259762308999,0.11380517826825128,0.08601443123938879,0.09190365025466893,0.09471561969439728,0.0948641765704584,0.053554753820033954,0.03818972835314092,0.027663412563667233,0.01796477079796265,0.032809847198641766,0.04120331069609508,0.012892614601018676,0.006483446519524618,0.009359083191850593,0.013338285229202038,0.004106536502546689,0.01057937181663837,0.0024511884550084888,0.0006048387096774194,0.0008807300509337861,0.0,0.0,0.0,0.0,0.0,0.0,0.0,0.0,0.0,0.0,0.0,0.0,0.0,0.0,0.0,0.0,0.0,0.0,0.0,0.0,0.0,0.0,0.0,0.0,0.0,0.0,0.0,0.0,0.0,0.0,0.0,0.0,0.0,0.0,0.0,0.0,0.0,0.0,0.0,0.0,0.0,0.0,nan,nan,4.26983606557377,2.8994586785921284,nan,0.9257466840396245,0.023526778685897098,0.0,0.0,0.0,0.0,0.0,0.0,0.0,0.0,0.0,0.0,0.0,0.0,0.0,0.0,0.0,0.0,0.0,0.0,0.0,0.0,0.0,0.0,0.0,0.0,0.0,0.09724473257698543,4.3273905996758515,14.355753646677474,9.94327390599676,1.276337115072934,0.9258050388671497,0.023195255255839622,0.0,0.0,0.0,0.0,0.0,0.0,0.0,0.0,0.0,0.0,0.0,0.0,0.0,0.0,0.0,0.0,0.0,0.0,0.0,0.0,0.0,0.0,0.0,0.0,0.0,0.16042780748663105,3.622994652406418,14.973262032085564,9.946524064171125,1.2967914438502677,0.4133,0.01072,0.0,0.0,0.0,0.0,0.0,0.0,0.0,0.0,0.0,0.0,0.0,3.2455429497568833,25.76985413290114,0.9846029173419775,0.0,0.0,0.0,0.0,0.0,0.0,0.0,0.0,0.0,0.0,0.0,0.0,0.0,0.0,0.0,0.0,0.4133,0.010574,0.0,0.0,0.0,0.0,0.0,0.0,0.0,0.0,0.0,0.0,0.0,2.9812834224598888,26.216577540106957,0.8021390374331553,0.0,0.0,0.0,0.0,0.0,0.0,0.0,0.0,0.0,0.0,0.0,0.0,0.0,0.0,0.0,0.0
48000,4640,2367,0.5101293103448276,1112,960,0.44655172413793104,1321,0.569396551724138,0.414,3.0523537175538937,3.1805038730934547,6.7473363774733635,2.1903544741586085,8295.244131654852,433.392616223957,7853.0,8739.126817071437,8719.92554747719,5.6519468081030935,7853.0,0.0,28.095474137931035,21.074205434345238,33.12982005141388,19.296705373481775,0.14396551724137932,0.09094827586206897,0.09849137931034482,0.08685344827586207,0.0790948275862069,0.07629310344827586,0.06508620689655173,0.0627155172413793,0.05862068965517241,0.05560344827586207,0.04396551724137931,0.041594827586206896,0.02995689655172414,0.028232758620689656,0.01896551724137931,0.010129310344827586,0.009482758620689655,0.9257322726835464,0.023322130974213838,0.0,0.0,0.0,0.0,0.0,0.0,0.0,0.0,0.0,0.0,0.0,0.0,0.0,0.0,0.0,0.0,0.0,0.0,0.0,0.0,0.0,0.0,0.0,0.0,0.0,0.19396551724137936,3.8469827586206904,14.877155172413795,9.77586206896552,1.306034482758621,4.3832275309054465,2.9495953853940837,nan,nan,nan,4.375749500333111,2.9336519866125417,4.390750670241287,2.9655294387417213,1.003428251527432,0.413,0.010864,0.0,0.0,0.0,0.0,0.0,0.0,0.0,0.0,0.0,0.0,0.0,3.413793103448271,25.609913793103456,0.976293103448276,0.0,0.0,0.0,0.0,0.0,0.0,0.0,0.0,0.0,0.0,0.0,0.0,0.0,0.0,0.0,0.0,nan,nan,4.3832275309054465,2.9495953853940837,nan,0.413,0.05426,0.0,0.0,0.0,0.0,0.0,0.0,0.0,0.0,0.0,0.0,0.0,0.0,0.0,0.0,0.0,0.0,0.0,0.00016163793103448276,0.0,0.0,0.0,0.0,0.00047413793103448276,0.0030926724137931034,0.0005387931034482759,0.007510775862068966,0.009752155172413794,0.000603448275862069,0.004903017241379311,0.0011853448275862069,0.003879310344827586,0.008954741379310344,0.028254310344827588,0.005,0.00927801724137931,0.026034482758620688,0.034676724137931034,0.03482758620689655,0.065625,0.1140948275862069,0.0859698275862069,0.09415948275862068,0.09686422413793104,0.0924676724137931,0.05107758620689655,0.03816810344827586,0.028620689655172414,0.01845905172413793,0.03227370689655172,0.04214439655172414,0.012478448275862069,0.007316810344827587,0.00884698275862069,0.012855603448275863,0.0047413793103448275,0.010560344827586207,0.0021767241379310343,0.0009375,0.0010237068965517242,1.0775862068965516e-05,0.0,0.0,0.0,0.0,0.0,0.0,0.0,0.0,0.0,0.0,0.0,0.0,0.0,0.0,0.0,0.0,0.0,0.0,0.0,0.0,0.0,0.0,0.0,0.0,0.0,0.0,0.0,0.0,0.0,0.0,0.0,0.0,0.0,0.0,0.0,0.0,0.0,0.0,0.0,0.0,0.0,nan,nan,4.3832275309054465,2.9495953853940837,nan,0.9257728050013962,0.023253286371460492,0.0,0.0,0.0,0.0,0.0,0.0,0.0,0.0,0.0,0.0,0.0,0.0,0.0,0.0,0.0,0.0,0.0,0.0,0.0,0.0,0.0,0.0,0.0,0.0,0.0,0.16476552598225608,3.7896070975918894,15.031685678073513,9.619771863117872,1.3941698352344745,0.9256900641501763,0.023393532662668297,0.0,0.0,0.0,0.0,0.0,0.0,0.0,0.0,0.0,0.0,0.0,0.0,0.0,0.0,0.0,0.0,0.0,0.0,0.0,0.0,0.0,0.0,0.0,0.0,0.0,0.22437307523097233,3.90673119225693,14.716234051913773,9.938407391113069,1.214254289485262,0.4128,0.01099,0.0,0.0,0.0,0.0,0.0,0.0,0.0,0.0,0.0,0.0,0.0,3.57414448669201,25.462610899873262,0.9632446134347277,0.0,0.0,0.0,0.0,0.0,0.0,0.0,0.0,0.0,0.0,0.0,0.0,0.0,0.0,0.0,0.0,0.413,0.01073,0.0,0.0,0.0,0.0,0.0,0.0,0.0,0.0,0.0,0.0,0.0,3.246810382754065,25.763308402991647,0.9898812142542897,0.0,0.0,0.0,0.0,0.0,0.0,0.0,0.0,0.0,0.0,0.0,0.0,0.0,0.0,0.0,0.0
48100,4574,2334,0.5102754700480979,1056,937,0.43572365544381286,1311,0.5732400524704854,0.438,3.0357142857142856,3.192845158175014,6.788216560509555,2.2448925763198995,8295.41441768492,433.43143276917664,7853.0,8737.98136114478,8720.01094536882,5.4544765630313865,7853.0,0.0,27.916921731526017,20.937151828392818,32.6745148771022,19.291892402635767,0.13533012680367293,0.10515959772627897,0.09881941407958024,0.08876257105378224,0.08067337122868387,0.07105378224748579,0.0644949715784871,0.06362046348928728,0.052907739396589416,0.05356362046348929,0.04962833406209007,0.04219501530389156,0.031919545255793616,0.026235242675994752,0.019676432006996064,0.009619588981198076,0.006340183646698732,0.9262214111718852,0.02235085925283353,0.0,0.0,0.0,0.0,0.0,0.0,0.0,0.0,0.0,0.0,0.0,0.0,0.0,0.0,0.0,0.0,0.0,0.0,0.0,0.0,0.0,0.0,0.0,0.0,0.0,0.1311762133799738,3.384346305203324,15.327940533449938,10.015303891560999,1.141233056405772,4.436195689360246,2.9739920940937887,nan,nan,nan,4.437543133195307,3.006847218547953,4.434871099050204,2.9413359218379287,0.9993978573131796,0.413,0.01052,0.0,0.0,0.0,0.0,0.0,0.0,0.0,0.0,0.0,0.0,0.0,3.1679055531263622,25.920419763882823,0.9116746829908179,0.0,0.0,0.0,0.0,0.0,0.0,0.0,0.0,0.0,0.0,0.0,0.0,0.0,0.0,0.0,0.0,nan,nan,4.436195689360246,2.9739920940937887,nan,0.413,0.05414,0.0,0.0,0.0,0.0,0.0,0.0,0.0,0.0,0.0,0.0,0.0,0.0,0.0,0.0,0.0,0.0,0.0,0.00022955837341495408,0.0,0.0,0.0,0.0,0.0005684302579798863,0.002710975076519458,0.0005793616090948841,0.007160034980323568,0.009379099256668124,0.00047004809794490597,0.004689549628334062,0.0013664188893747267,0.0037603847835592477,0.008482728465238303,0.02839965019676432,0.005443812855268911,0.01014429383471797,0.025644949715784873,0.03511149978137298,0.03545037166593791,0.06792741582859642,0.1109860078705728,0.08866418889374726,0.09406427634455619,0.09327721906427634,0.09327721906427634,0.05291867074770441,0.03694796676869261,0.02810450371665938,0.02155662439877569,0.033034543069523394,0.039986882378662006,0.011630957586357673,0.00644949715784871,0.010024048972452996,0.011018801923917796,0.005378224748578925,0.009466550065588107,0.002754700480979449,0.0013773502404897245,0.0015522518583296896,1.0931351114997814e-05,0.0,0.0,0.0,0.0,0.0,0.0,0.0,0.0,0.0,0.0,0.0,0.0,0.0,0.0,0.0,0.0,0.0,0.0,0.0,0.0,0.0,0.0,0.0,0.0,0.0,0.0,0.0,0.0,0.0,0.0,0.0,0.0,0.0,0.0,0.0,0.0,0.0,0.0,0.0,0.0,0.0,nan,nan,4.436195689360246,2.9739920940937887,nan,0.9259805635907452,0.022581798409649353,0.0,0.0,0.0,0.0,0.0,0.0,0.0,0.0,0.0,0.0,0.0,0.0,0.0,0.0,0.0,0.0,0.0,0.0,0.0,0.0,0.0,0.0,0.0,0.0,0.0,0.20565552699228798,3.3547557840616973,15.411311053984578,9.845758354755786,1.1825192802056557,0.9264723657497338,0.022104871138199148,0.0,0.0,0.0,0.0,0.0,0.0,0.0,0.0,0.0,0.0,0.0,0.0,0.0,0.0,0.0,0.0,0.0,0.0,0.0,0.0,0.0,0.0,0.0,0.0,0.0,0.05357142857142858,3.415178571428572,15.241071428571432,10.191964285714286,1.0982142857142858,0.413,0.01044,0.0,0.0,0.0,0.0,0.0,0.0,0.0,0.0,0.0,0.0,0.0,3.0848329048843146,26.053984575835482,0.8611825192802058,0.0,0.0,0.0,0.0,0.0,0.0,0.0,0.0,0.0,0.0,0.0,0.0,0.0,0.0,0.0,0.0,0.413,0.01061,0.0,0.0,0.0,0.0,0.0,0.0,0.0,0.0,0.0,0.0,0.0,3.2544642857142807,25.781250000000007,0.9642857142857145,0.0,0.0,0.0,0.0,0.0,0.0,0.0,0.0,0.0,0.0,0.0,0.0,0.0,0.0,0.0,0.0
48200,4848,2500,0.5156765676567657,1187,995,0.4500825082508251,1388,0.5726072607260726,0.414,2.9978705281090288,3.1018341933660505,6.563944530046225,2.171249419128623,8299.914648495436,433.13432299323875,7853.0,8740.687951469421,8719.65688636235,5.637178942170387,7853.0,0.0,27.961633663366335,20.72016555671022,32.70512195121951,19.00657455210276,0.13572607260726072,0.0983910891089109,0.09467821782178218,0.09096534653465346,0.07755775577557755,0.07982673267326733,0.0655940594059406,0.06621287128712872,0.05693069306930693,0.056518151815181515,0.04352310231023102,0.041047854785478545,0.03506600660066007,0.024752475247524754,0.01547029702970297,0.01216996699669967,0.005569306930693069,0.924370014787999,0.022936584146593178,0.0,0.0,0.0,0.0,0.0,0.0,0.0,0.0,0.0,0.0,0.0,0.0,0.0,0.0,0.0,0.0,0.0,0.0,0.0,0.0,0.0,0.0,0.0,0.0,0.0,0.15470297029702973,4.1584158415841594,15.055693069306933,9.721534653465348,0.9096534653465348,4.326315789473684,2.893162976524129,nan,nan,nan,4.321451717433571,2.8741771566888015,4.331030150753769,2.9114385302928594,1.0022164850949409,0.413,0.0107,0.0,0.0,0.0,0.0,0.0,0.0,0.0,0.0,0.0,0.0,0.0,3.2673267326732622,25.767326732673272,0.9653465346534655,0.0,0.0,0.0,0.0,0.0,0.0,0.0,0.0,0.0,0.0,0.0,0.0,0.0,0.0,0.0,0.0,nan,nan,4.326315789473684,2.893162976524129,nan,0.413,0.05423,0.0,0.0,0.0,0.0,0.0,0.0,0.0,0.0,0.0,0.0,0.0,0.0,0.0,0.0,0.0,0.0,0.0,0.0001547029702970297,0.0,0.0,0.0,0.0,0.0007116336633663366,0.002299917491749175,0.00041254125412541255,0.006899752475247525,0.009674092409240925,0.0003094059405940594,0.0037953795379537954,0.0018461221122112212,0.004063531353135314,0.008859323432343235,0.029362623762376236,0.00625,0.010798267326732672,0.026763613861386138,0.034168729372937294,0.03391089108910891,0.06941006600660066,0.11045792079207921,0.09090346534653465,0.0925226897689769,0.09414191419141914,0.09014026402640264,0.05314562706270627,0.035829207920792076,0.027743399339933993,0.020957095709570956,0.03391089108910891,0.0402743399339934,0.011891501650165016,0.0065181518151815184,0.009292491749174918,0.011365511551155116,0.0053733498349834985,0.010024752475247525,0.0022483498349834983,0.0012582508250825082,0.002299917491749175,1.0313531353135314e-05,0.0,0.0,0.0,0.0,0.0,0.0,0.0,0.0,0.0,0.0,0.0,0.0,0.0,0.0,0.0,0.0,0.0,0.0,0.0,0.0,0.0,0.0,0.0,0.0,0.0,0.0,0.0,0.0,0.0,0.0,0.0,0.0,0.0,0.0,0.0,0.0,0.0,0.0,0.0,0.0,0.0,nan,nan,4.326315789473684,2.893162976524129,nan,0.9243636275529862,0.022819480144258972,0.0,0.0,0.0,0.0,0.0,0.0,0.0,0.0,0.0,0.0,0.0,0.0,0.0,0.0,0.0,0.0,0.0,0.0,0.0,0.0,0.0,0.0,0.0,0.0,0.0,0.13200000000000003,4.152000000000001,14.940000000000003,9.936000000000003,0.8400000000000002,0.9243768155067092,0.023060613396240215,0.0,0.0,0.0,0.0,0.0,0.0,0.0,0.0,0.0,0.0,0.0,0.0,0.0,0.0,0.0,0.0,0.0,0.0,0.0,0.0,0.0,0.0,0.0,0.0,0.0,0.17887563884156735,4.165247018739353,15.17887563884157,9.493185689948895,0.9838160136286203,0.413,0.010635,0.0,0.0,0.0,0.0,0.0,0.0,0.0,0.0,0.0,0.0,0.0,3.2399999999999953,25.836000000000006,0.9240000000000002,0.0,0.0,0.0,0.0,0.0,0.0,0.0,0.0,0.0,0.0,0.0,0.0,0.0,0.0,0.0,0.0,0.413,0.01076,0.0,0.0,0.0,0.0,0.0,0.0,0.0,0.0,0.0,0.0,0.0,3.296422487223164,25.694207836456567,1.0093696763202729,0.0,0.0,0.0,0.0,0.0,0.0,0.0,0.0,0.0,0.0,0.0,0.0,0.0,0.0,0.0,0.0
48300,4786,2455,0.5129544504805683,1203,950,0.4498537400752194,1356,0.5666527371500208,0.41,3.004719004719005,3.0449899840526133,6.357243319268636,2.134460473898591,8297.66913798345,433.31307435685045,7853.0,8740.465807402134,8719.878409119669,5.72080341488427,7853.0,0.0,28.720434600919347,20.89963650391622,33.451660516605166,19.107894283095444,0.130171333054743,0.09757626410363561,0.09214375261178437,0.0783535311324697,0.0812787296280819,0.07898035938152946,0.0725031341412453,0.06226493940660259,0.05829502716255746,0.05725031341412453,0.05139991642290013,0.042833263685750106,0.036147095695779355,0.024446301713330548,0.0177601337233598,0.012536564981195153,0.00605933974091099,0.9248447268018153,0.023078106343285224,0.0,0.0,0.0,0.0,0.0,0.0,0.0,0.0,0.0,0.0,0.0,0.0,0.0,0.0,0.0,0.0,0.0,0.0,0.0,0.0,0.0,0.0,0.0,0.0,0.0,0.16924362724613462,4.0681153363978275,15.068951107396577,9.565399080651902,1.128290848307564,4.223866498740554,2.8635988986243524,nan,nan,nan,4.202898550724638,2.82872415043614,4.244808055380743,2.897859463316996,1.009971571797487,0.4136,0.0107,0.0,0.0,0.0,0.0,0.0,0.0,0.0,0.0,0.0,0.0,0.0,3.083994985374003,25.90054325114919,1.0154617634768075,0.0,0.0,0.0,0.0,0.0,0.0,0.0,0.0,0.0,0.0,0.0,0.0,0.0,0.0,0.0,0.0,nan,nan,4.223866498740554,2.8635988986243524,nan,0.4136,0.05475,0.0,0.0,0.0,0.0,0.0,0.0,0.0,0.0,0.0,0.0,0.0,0.0,0.0,0.0,0.0,0.0,0.0,5.223568742164647e-05,0.0,0.0,0.0,0.0,0.0007730881738403678,0.0019013790221479314,0.0005014625992478062,0.008378604262432093,0.009256163811115754,0.0003447555369828667,0.0032908483075637274,0.0013058921855411618,0.004387797743418303,0.008775595486836606,0.029262432093606353,0.006539908065190138,0.009757626410363561,0.025689511073965735,0.03210405348934392,0.03570831592143753,0.0686167989970748,0.1138737985791893,0.0909423318010865,0.09527789385708316,0.08775595486836607,0.09086920183869619,0.05269536147095696,0.032929377350605936,0.02675511909736732,0.02176138737985792,0.03490388633514417,0.04218554116172169,0.011230672795653991,0.0071040534893439195,0.009287505223568741,0.013142498955286252,0.005683242791475136,0.01064563309653155,0.002173004596740493,0.0011282908483075636,0.0030087755954868365,0.0,0.0,0.0,0.0,0.0,0.0,0.0,0.0,0.0,0.0,0.0,0.0,0.0,0.0,0.0,0.0,0.0,0.0,0.0,0.0,0.0,0.0,0.0,0.0,0.0,0.0,0.0,0.0,0.0,0.0,0.0,0.0,0.0,0.0,0.0,0.0,0.0,0.0,0.0,0.0,0.0,0.0,nan,nan,4.223866498740554,2.8635988986243524,nan,0.9248409426382262,0.023414316981710842,0.0,0.0,0.0,0.0,0.0,0.0,0.0,0.0,0.0,0.0,0.0,0.0,0.0,0.0,0.0,0.0,0.0,0.0,0.0,0.0,0.0,0.0,0.0,0.0,0.0,0.17107942973523427,4.191446028513239,14.810590631364565,9.653767820773933,1.1731160896130348,0.9248487122679718,0.022718630976226336,0.0,0.0,0.0,0.0,0.0,0.0,0.0,0.0,0.0,0.0,0.0,0.0,0.0,0.0,0.0,0.0,0.0,0.0,0.0,0.0,0.0,0.0,0.0,0.0,0.0,0.16731016731016735,3.938223938223939,15.341055341055345,9.472329472329474,1.0810810810810814,0.4136,0.010544,0.0,0.0,0.0,0.0,0.0,0.0,0.0,0.0,0.0,0.0,0.0,2.883910386965373,26.138492871690435,0.9775967413441957,0.0,0.0,0.0,0.0,0.0,0.0,0.0,0.0,0.0,0.0,0.0,0.0,0.0,0.0,0.0,0.0,0.4136,0.01086,0.0,0.0,0.0,0.0,0.0,0.0,0.0,0.0,0.0,0.0,0.0,3.29472329472329,25.649935649935657,1.0553410553410556,0.0,0.0,0.0,0.0,0.0,0.0,0.0,0.0,0.0,0.0,0.0,0.0,0.0,0.0,0.0,0.0
48400,4712,2436,0.5169779286926995,1155,953,0.4473684210526316,1335,0.5666383701188455,0.40199999999999997,2.976713532513181,3.118187887502558,6.616564417177914,2.134345600308429,8301.178521014597,433.2287759757863,7853.0,8747.046320402622,8719.920029154671,5.601744068180163,7853.0,0.0,28.127334465195247,20.88909594088963,32.94669348755343,19.170717097189087,0.1366723259762309,0.10229202037351443,0.09125636672325976,0.08552631578947369,0.08425297113752123,0.07215619694397284,0.06769949066213922,0.0617572156196944,0.056239388794567066,0.05963497453310696,0.04562818336162988,0.04095925297113752,0.03438030560271647,0.026528013582342955,0.019524617996604415,0.009974533106960951,0.0055178268251273345,0.9249040973965704,0.02318144177754231,0.0,0.0,0.0,0.0,0.0,0.0,0.0,0.0,0.0,0.0,0.0,0.0,0.0,0.0,0.0,0.0,0.0,0.0,0.0,0.0,0.0,0.0,0.0,0.0,0.0,0.2355687606112055,4.0556027164685915,15.063667232597625,9.5946519524618,1.0505093378607813,4.2,2.8863727307788243,nan,nan,nan,4.260526315789473,2.8844902380694593,4.139869281045752,2.88698544337044,0.9716802512645991,0.4138,0.01087,0.0,0.0,0.0,0.0,0.0,0.0,0.0,0.0,0.0,0.0,0.0,3.1578947368421004,25.645161290322587,1.1969439728353142,0.0,0.0,0.0,0.0,0.0,0.0,0.0,0.0,0.0,0.0,0.0,0.0,0.0,0.0,0.0,0.0,nan,nan,4.2,2.8863727307788243,nan,0.4138,0.0549,0.0,0.0,0.0,0.0,0.0,0.0,0.0,0.0,0.0,0.0,0.0,0.0,0.0,0.0,0.0,0.0,0.0,1.0611205432937182e-05,0.0,0.0,0.0,0.0,0.001177843803056027,0.0015386247877758913,0.0005411714770797963,0.008128183361629881,0.008828522920203734,0.0004775042444821732,0.0031090831918505943,0.0014855687606112054,0.005560271646859083,0.008213073005093378,0.030210101867572156,0.0071731748726655345,0.009698641765704584,0.024533106960950762,0.03326612903225806,0.03450764006791172,0.06851655348047538,0.11353989813242785,0.09028013582342954,0.09433361629881154,0.08716044142614601,0.09025891341256367,0.052429966044142615,0.032364176570458404,0.025275891341256365,0.023355263157894737,0.03676782682512733,0.04415322580645161,0.011343378607809847,0.008149405772495755,0.008839134125636673,0.012340831918505941,0.005454159592529711,0.010112478777589135,0.0017826825127334465,0.001400679117147708,0.0036608658743633275,2.1222410865874364e-05,0.0,0.0,0.0,0.0,0.0,0.0,0.0,0.0,0.0,0.0,0.0,0.0,0.0,0.0,0.0,0.0,0.0,0.0,0.0,0.0,0.0,0.0,0.0,0.0,0.0,0.0,0.0,0.0,0.0,0.0,0.0,0.0,0.0,0.0,0.0,0.0,0.0,0.0,0.0,0.0,0.0,nan,nan,4.2,2.8863727307788243,nan,0.9249123817643117,0.022952510573517496,0.0,0.0,0.0,0.0,0.0,0.0,0.0,0.0,0.0,0.0,0.0,0.0,0.0,0.0,0.0,0.0,0.0,0.0,0.0,0.0,0.0,0.0,0.0,0.0,0.0,0.23399014778325128,3.9532019704433505,15.209359605911333,9.618226600985222,0.9852216748768475,0.9248952306479687,0.023423984558876544,0.0,0.0,0.0,0.0,0.0,0.0,0.0,0.0,0.0,0.0,0.0,0.0,0.0,0.0,0.0,0.0,0.0,0.0,0.0,0.0,0.0,0.0,0.0,0.0,0.0,0.2372583479789104,4.1652021089630935,14.907732864674871,9.569420035149387,1.1203866432337437,0.4138,0.01099,0.0,0.0,0.0,0.0,0.0,0.0,0.0,0.0,0.0,0.0,0.0,3.238916256157631,25.529556650246313,1.2315270935960594,0.0,0.0,0.0,0.0,0.0,0.0,0.0,0.0,0.0,0.0,0.0,0.0,0.0,0.0,0.0,0.0,0.4138,0.01075,0.0,0.0,0.0,0.0,0.0,0.0,0.0,0.0,0.0,0.0,0.0,3.0711775043936687,25.768892794376104,1.1599297012302288,0.0,0.0,0.0,0.0,0.0,0.0,0.0,0.0,0.0,0.0,0.0,0.0,0.0,0.0,0.0,0.0
48500,4648,2434,0.5236660929432013,1131,969,0.45180722891566266,1293,0.556368330464716,0.426,2.982836495031617,3.1051540761871106,6.63047285464098,2.1555247195726377,8306.839587372546,432.86292799518327,7853.0,8741.857475423813,8719.658341046672,5.667695296852501,7853.0,0.0,27.74634251290878,20.67409565202271,32.46702317290553,19.016628427133142,0.13489672977624784,0.10499139414802065,0.09337349397590361,0.08799483648881239,0.08455249569707401,0.07185886402753873,0.06712564543889846,0.07035283993115318,0.06110154905335628,0.048838209982788296,0.043029259896729774,0.041523235800344234,0.03356282271944923,0.023881239242685027,0.016351118760757316,0.008175559380378658,0.008390705679862307,0.9237433470875384,0.022931750538159604,0.0,0.0,0.0,0.0,0.0,0.0,0.0,0.0,0.0,0.0,0.0,0.0,0.0,0.0,0.0,0.0,0.0,0.0,0.0,0.0,0.0,0.0,0.0,0.0,0.006454388984509468,0.14845094664371775,4.388984509466438,15.180722891566267,9.32659208261618,0.9487951807228917,4.318699731903485,2.9148963668388137,nan,nan,nan,4.293961512939615,2.9256179253905983,4.343940419769804,2.9036990238011806,1.011639346715051,0.414,0.010994,0.0,0.0,0.0,0.0,0.0,0.0,0.0,0.0,0.0,0.0,0.0,3.0529259896729735,25.791738382099833,1.1553356282271947,0.0,0.0,0.0,0.0,0.0,0.0,0.0,0.0,0.0,0.0,0.0,0.0,0.0,0.0,0.0,0.0,nan,nan,4.318699731903485,2.9148963668388137,nan,0.414,0.0548,0.0,0.0,0.0,0.0,0.0,0.0,0.0,0.0,0.0,0.0,0.0,0.0,0.0,0.0,0.0,0.0,0.0,3.227194492254733e-05,0.0,0.0,0.0,5.378657487091222e-05,0.001376936316695353,0.0018932874354561102,0.0006024096385542169,0.008003442340791738,0.007540877796901893,0.000677710843373494,0.002732358003442341,0.0018932874354561102,0.004453528399311532,0.008304647160068847,0.02961488812392427,0.007121342512908778,0.009391135972461273,0.02557013769363167,0.0338855421686747,0.035509896729776246,0.0662327882960413,0.11812607573149742,0.08671471600688468,0.09279259896729776,0.08818846815834767,0.09000645438898451,0.052302065404475045,0.03155120481927711,0.02601118760757315,0.023149741824440618,0.038134681583476764,0.046374784853700515,0.012123493975903614,0.007003012048192771,0.00818631669535284,0.01153184165232358,0.0051635111876075735,0.011144578313253013,0.001861015490533563,0.0011510327022375216,0.0035068846815834768,4.302925989672978e-05,3.227194492254733e-05,0.0,1.0757314974182445e-05,0.0,0.0,0.0,0.0,0.0,0.0,0.0,0.0,0.0,0.0,0.0,0.0,0.0,0.0,0.0,0.0,0.0,0.0,0.0,0.0,0.0,0.0,0.0,0.0,0.0,0.0,0.0,0.0,0.0,0.0,0.0,0.0,0.0,0.0,0.0,0.0,0.0,0.0,nan,nan,4.318699731903485,2.9148963668388137,nan,0.9236297950993431,0.023106434127884677,0.0,0.0,0.0,0.0,0.0,0.0,0.0,0.0,0.0,0.0,0.0,0.0,0.0,0.0,0.0,0.0,0.0,0.0,0.0,0.0,0.0,0.0,0.0,0.0,0.012325390304026297,0.13557929334428925,4.461791290057519,15.221857025472476,9.219391947411669,0.9490550534100248,0.923868182471128,0.02273750606411731,0.0,0.0,0.0,0.0,0.0,0.0,0.0,0.0,0.0,0.0,0.0,0.0,0.0,0.0,0.0,0.0,0.0,0.0,0.0,0.0,0.0,0.0,0.0,0.0,0.0,0.1626016260162602,4.308943089430895,15.135501355013554,9.444444444444446,0.9485094850948511,0.4138,0.011116,0.0,0.0,0.0,0.0,0.0,0.0,0.0,0.0,0.0,0.0,0.0,3.266228430566963,25.612161051766645,1.1216105176663929,0.0,0.0,0.0,0.0,0.0,0.0,0.0,0.0,0.0,0.0,0.0,0.0,0.0,0.0,0.0,0.0,0.4143,0.01084,0.0,0.0,0.0,0.0,0.0,0.0,0.0,0.0,0.0,0.0,0.0,2.8184281842818386,25.989159891598923,1.1924119241192415,0.0,0.0,0.0,0.0,0.0,0.0,0.0,0.0,0.0,0.0,0.0,0.0,0.0,0.0,0.0,0.0
48600,4968,2587,0.5207326892109501,1227,1026,0.4535024154589372,1383,0.5567632850241546,0.39799999999999996,2.9630407391852165,3.096294922140878,6.605222734254992,2.2002451485755654,8304.369709314058,433.0459189532743,7853.0,8737.37375896573,8719.797338953322,5.767135279077948,7853.0,0.0,27.85648148148148,20.635498700579973,32.748862820205886,18.85596500080699,0.13969404186795492,0.09681964573268921,0.09319645732689211,0.089573268921095,0.07749597423510467,0.07648953301127215,0.07226247987117553,0.06642512077294686,0.058574879227053143,0.05032206119162641,0.04830917874396135,0.04186795491143317,0.0322061191626409,0.022342995169082124,0.01892109500805153,0.0106682769726248,0.004830917874396135,0.9238310581172146,0.02325295912989323,0.0,0.0,0.0,0.0,0.0,0.0,0.0,0.0,0.0,0.0,0.0,0.0,0.0,0.0,0.0,0.0,0.0,0.0,0.0,0.0,0.0,0.0,0.0,0.0,0.0,0.2234299516908213,4.341787439613527,15.132850241545897,9.329710144927537,0.9722222222222224,4.224960998439937,2.887965406172039,nan,nan,nan,4.263060848186847,2.8642091209856817,4.185678073510773,2.9117345215947714,0.98184807174193,0.4143,0.01102,0.0,0.0,0.0,0.0,0.0,0.0,0.0,0.0,0.0,0.0,0.0,3.001207729468595,25.70652173913044,1.2922705314009666,0.0,0.0,0.0,0.0,0.0,0.0,0.0,0.0,0.0,0.0,0.0,0.0,0.0,0.0,0.0,0.0,nan,nan,4.224960998439937,2.887965406172039,nan,0.4143,0.0553,0.0,0.0,0.0,0.0,0.0,0.0,0.0,0.0,0.0,0.0,0.0,0.0,0.0,0.0,0.0,0.0,0.0,0.0,0.0,0.0,0.0,9.057971014492754e-05,0.001570048309178744,0.0018015297906602255,0.0008353462157809984,0.009188808373590983,0.006149355877616747,0.00041264090177133656,0.0034017713365539454,0.001932367149758454,0.0040559581320450885,0.00821256038647343,0.02839170692431562,0.008252818035426731,0.010014090177133655,0.02553341384863124,0.034400161030595816,0.03415861513687601,0.06582125603864734,0.120823268921095,0.08517512077294687,0.09009661835748792,0.08655394524959742,0.08744967793880837,0.053160225442834136,0.033091787439613524,0.026841787439613525,0.021225845410628018,0.03744967793880837,0.049667874396135264,0.012661030595813205,0.0072665056360708535,0.009309581320450885,0.011533816425120772,0.005676328502415459,0.011161433172302738,0.0021638486312399357,0.0010970209339774557,0.003371578099838969,0.0,0.0,0.0,0.0,0.0,0.0,0.0,0.0,0.0,0.0,0.0,0.0,0.0,0.0,0.0,0.0,0.0,0.0,0.0,0.0,0.0,0.0,0.0,0.0,0.0,0.0,0.0,0.0,0.0,0.0,0.0,0.0,0.0,0.0,0.0,0.0,0.0,0.0,0.0,0.0,0.0,0.0,nan,nan,4.224960998439937,2.887965406172039,nan,0.9239462096349217,0.023450877699326644,0.0,0.0,0.0,0.0,0.0,0.0,0.0,0.0,0.0,0.0,0.0,0.0,0.0,0.0,0.0,0.0,0.0,0.0,0.0,0.0,0.0,0.0,0.0,0.0,0.0,0.18554310011596448,4.302280633938926,15.19134132199459,9.18438345574024,1.1364514882102823,0.9237059438894497,0.023035337083296328,0.0,0.0,0.0,0.0,0.0,0.0,0.0,0.0,0.0,0.0,0.0,0.0,0.0,0.0,0.0,0.0,0.0,0.0,0.0,0.0,0.0,0.0,0.0,0.0,0.0,0.2645947081058379,4.384712305753886,15.069298614027723,9.487610247795045,0.7937841243175139,0.4143,0.01099,0.0,0.0,0.0,0.0,0.0,0.0,0.0,0.0,0.0,0.0,0.0,3.142636258214143,25.616544259760346,1.2408194820255125,0.0,0.0,0.0,0.0,0.0,0.0,0.0,0.0,0.0,0.0,0.0,0.0,0.0,0.0,0.0,0.0,0.4146,0.01103,0.0,0.0,0.0,0.0,0.0,0.0,0.0,0.0,0.0,0.0,0.0,2.8475430491390132,25.80428391432172,1.3481730365392697,0.0,0.0,0.0,0.0,0.0,0.0,0.0,0.0,0.0,0.0,0.0,0.0,0.0,0.0,0.0,0.0
48700,4938,2554,0.5172134467395707,1201,978,0.4412717699473471,1373,0.5560955852571892,0.40199999999999997,3.0281040268456376,3.1274062568234853,6.634615384615385,2.1061862951930848,8301.361260931735,433.2009235057531,7853.0,8739.543828988075,8719.878585153057,5.576664312396368,7853.0,0.0,27.618063993519645,20.831731823539716,32.725637910085055,19.06843367630587,0.14540299716484406,0.09983799108950993,0.0911300121506683,0.08910490076954232,0.08748481166464156,0.07087889833940866,0.06601863102470636,0.06581611988659376,0.054475496152288375,0.05184285135682463,0.04414742810854597,0.04070473876063183,0.03219927095990279,0.026933981368975294,0.018023491292021063,0.010328068043742407,0.005670311867152693,0.9237448846994503,0.02321955182051247,0.0,0.0,0.0,0.0,0.0,0.0,0.0,0.0,0.0,0.0,0.0,0.0,0.0,0.0,0.0,0.0,0.0,0.0,0.0,0.0,0.0,0.0,0.0,0.0,0.0,0.20656136087484817,4.39854191980559,15.036452004860271,9.520048602673148,0.8383961117861484,4.3844931680966,2.9355303072007546,nan,nan,nan,4.429385687143762,2.9615304766029915,4.339285714285714,2.9084127623015217,0.9796585849095142,0.4148,0.01078,0.0,0.0,0.0,0.0,0.0,0.0,0.0,0.0,0.0,0.0,0.0,2.679222357229644,26.038882138517625,1.2818955042527342,0.0,0.0,0.0,0.0,0.0,0.0,0.0,0.0,0.0,0.0,0.0,0.0,0.0,0.0,0.0,0.0,nan,nan,4.3844931680966,2.9355303072007546,nan,0.4148,0.05518,0.0,0.0,0.0,0.0,0.0,0.0,0.0,0.0,0.0,0.0,0.0,0.0,0.0,0.0,0.0,0.0,0.0,0.0,1.012555690562981e-05,0.0,0.0,0.00012150668286755772,0.0014175779667881733,0.0015593357634669906,0.0006885378695828271,0.008819360064803564,0.006429728635074929,0.00034426893479141355,0.0036249493722154717,0.001802349129202106,0.004465370595382746,0.007594167679222357,0.02769339813689753,0.00745240988254354,0.008738355609558525,0.02399756986634265,0.03800121506682867,0.03383961117861482,0.06580599432968813,0.1208890238963143,0.08567233697853383,0.09090724989874444,0.08537869582827055,0.08798096395301741,0.053017415957877685,0.031541109761036856,0.02702511138112596,0.022063588497367354,0.03797083839611179,0.04891656541109761,0.013213851761846902,0.00793843661401377,0.009426893479141352,0.011796273795058728,0.005275415147833131,0.011765897124341838,0.002409882543539895,0.0010834345889023896,0.0033211826650465775,0.0,0.0,0.0,0.0,0.0,0.0,0.0,0.0,0.0,0.0,0.0,0.0,0.0,0.0,0.0,0.0,0.0,0.0,0.0,0.0,0.0,0.0,0.0,0.0,0.0,0.0,0.0,0.0,0.0,0.0,0.0,0.0,0.0,0.0,0.0,0.0,0.0,0.0,0.0,0.0,0.0,0.0,nan,nan,4.3844931680966,2.9355303072007546,nan,0.9238273675729263,0.022908124817917142,0.0,0.0,0.0,0.0,0.0,0.0,0.0,0.0,0.0,0.0,0.0,0.0,0.0,0.0,0.0,0.0,0.0,0.0,0.0,0.0,0.0,0.0,0.0,0.0,0.0,0.16444792482380585,4.158183241973376,15.375880971025845,9.455755677368835,0.8457321848081443,0.9236565200774461,0.02354829659634398,0.0,0.0,0.0,0.0,0.0,0.0,0.0,0.0,0.0,0.0,0.0,0.0,0.0,0.0,0.0,0.0,0.0,0.0,0.0,0.0,0.0,0.0,0.0,0.0,0.0,0.2516778523489933,4.656040268456376,14.672818791946312,9.588926174496645,0.8305369127516781,0.4148,0.01087,0.0,0.0,0.0,0.0,0.0,0.0,0.0,0.0,0.0,0.0,0.0,2.7486296006264643,26.04150352388411,1.2098668754894286,0.0,0.0,0.0,0.0,0.0,0.0,0.0,0.0,0.0,0.0,0.0,0.0,0.0,0.0,0.0,0.0,0.415,0.01067,0.0,0.0,0.0,0.0,0.0,0.0,0.0,0.0,0.0,0.0,0.0,2.6048657718120767,26.03607382550336,1.359060402684564,0.0,0.0,0.0,0.0,0.0,0.0,0.0,0.0,0.0,0.0,0.0,0.0,0.0,0.0,0.0,0.0
48800,4760,2508,0.526890756302521,1167,945,0.4436974789915966,1312,0.5512605042016807,0.43,3.0546181172291296,3.1197447443334365,6.527355623100304,2.2052740040191665,8309.719245631752,432.8028559261382,7853.0,8737.910424494743,8719.819620895987,5.775975634673825,7853.0,0.0,28.236764705882354,21.013631860929074,33.265214124718256,19.205768463131978,0.13970588235294118,0.10189075630252101,0.09327731092436975,0.08361344537815125,0.07289915966386555,0.07163865546218487,0.07058823529411765,0.06533613445378152,0.059243697478991594,0.05483193277310924,0.05021008403361345,0.04138655462184874,0.03130252100840336,0.026680672268907562,0.01995798319327731,0.01050420168067227,0.006932773109243697,0.9231953677259573,0.023423151942160228,0.0,0.0,0.0,0.0,0.0,0.0,0.0,0.0,0.0,0.0,0.0,0.0,0.0,0.0,0.0,0.0,0.0,0.0,0.0,0.0,0.0,0.0,0.0,0.0,0.0,0.20168067226890762,4.600840336134454,15.16386554621849,8.968487394957984,1.0651260504201683,4.2211726384364825,2.835720486408412,nan,nan,nan,4.2315175097276265,2.8261733269242213,4.210732984293194,2.845284513954945,0.9950881627249203,0.4143,0.01103,0.0,0.0,0.0,0.0,0.0,0.0,0.0,0.0,0.0,0.0,0.0,3.0252100840336094,25.78361344537816,1.1911764705882355,0.0,0.0,0.0,0.0,0.0,0.0,0.0,0.0,0.0,0.0,0.0,0.0,0.0,0.0,0.0,0.0,nan,nan,4.2211726384364825,2.835720486408412,nan,0.4143,0.055,0.0,0.0,0.0,0.0,0.0,0.0,0.0,0.0,0.0,0.0,0.0,0.0,0.0,0.0,0.0,0.0,0.0,0.0,0.0,0.0,0.0,0.0002100840336134454,0.0013130252100840337,0.0017857142857142857,0.0007773109243697479,0.009359243697478991,0.006197478991596638,0.00023109243697478992,0.0027205882352941174,0.0020903361344537814,0.005063025210084034,0.006281512605042017,0.027436974789915965,0.007909663865546219,0.008035714285714285,0.023876050420168066,0.0403781512605042,0.03694327731092437,0.06603991596638656,0.12097689075630252,0.08357142857142857,0.08965336134453782,0.08502100840336134,0.08824579831932773,0.05659663865546218,0.03398109243697479,0.025336134453781512,0.022121848739495797,0.03596638655462185,0.04639705882352941,0.013676470588235293,0.007605042016806723,0.008497899159663865,0.011470588235294118,0.005892857142857143,0.011659663865546219,0.0025,0.0009138655462184874,0.003266806722689076,0.0,0.0,0.0,0.0,0.0,0.0,0.0,0.0,0.0,0.0,0.0,0.0,0.0,0.0,0.0,0.0,0.0,0.0,0.0,0.0,0.0,0.0,0.0,0.0,0.0,0.0,0.0,0.0,0.0,0.0,0.0,0.0,0.0,0.0,0.0,0.0,0.0,0.0,0.0,0.0,0.0,0.0,nan,nan,4.2211726384364825,2.835720486408412,nan,0.9237817000876963,0.02344830821942701,0.0,0.0,0.0,0.0,0.0,0.0,0.0,0.0,0.0,0.0,0.0,0.0,0.0,0.0,0.0,0.0,0.0,0.0,0.0,0.0,0.0,0.0,0.0,0.0,0.0,0.15550239234449764,4.437799043062202,15.143540669856462,9.126794258373208,1.1363636363636365,0.9225423830175908,0.0233778023523685,0.0,0.0,0.0,0.0,0.0,0.0,0.0,0.0,0.0,0.0,0.0,0.0,0.0,0.0,0.0,0.0,0.0,0.0,0.0,0.0,0.0,0.0,0.0,0.0,0.0,0.25310834813499117,4.782415630550623,15.18650088809947,8.792184724689166,0.9857904085257551,0.4146,0.01113,0.0,0.0,0.0,0.0,0.0,0.0,0.0,0.0,0.0,0.0,0.0,3.1459330143540623,25.550239234449766,1.3038277511961727,0.0,0.0,0.0,0.0,0.0,0.0,0.0,0.0,0.0,0.0,0.0,0.0,0.0,0.0,0.0,0.0,0.4143,0.01093,0.0,0.0,0.0,0.0,0.0,0.0,0.0,0.0,0.0,0.0,0.0,2.8907637655417364,26.04351687388988,1.065719360568384,0.0,0.0,0.0,0.0,0.0,0.0,0.0,0.0,0.0,0.0,0.0,0.0,0.0,0.0,0.0,0.0
48900,4731,2530,0.5347706615937434,1194,952,0.45360388924117523,1267,0.5356161488057493,0.422,2.9404815992730575,3.1116730796492273,6.614334470989761,2.2447662262056283,8316.32628692993,432.17279169158695,7853.0,8739.91776137948,8719.401843266995,5.772744733053044,7853.0,0.0,28.270555907841892,20.81531804517796,32.91169154228856,19.131540279263785,0.1304164024519129,0.10293806806172057,0.09215810610864511,0.0870851828366096,0.08158951595857113,0.07292327203551047,0.07524836186852674,0.06235468188543648,0.05728175861340097,0.04924963009934475,0.04819277108433735,0.045867681251321075,0.03487634749524413,0.0217712957091524,0.022828154724159798,0.008877615726062143,0.0063411540900443885,0.9223135402101312,0.023316629125578903,0.0,0.0,0.0,0.0,0.0,0.0,0.0,0.0,0.0,0.0,0.0,0.0,0.0,0.0,0.0,0.0,0.0,0.0,0.0,0.0,0.0,0.0,0.0,0.0,0.0,0.2409638554216868,4.819277108433735,15.364616360177555,8.66835764109068,0.9067850348763477,4.116331821127673,2.954572720358776,nan,nan,nan,4.052015604681404,2.9679517869904046,4.180349062702004,2.9407731099984695,1.0316715113022596,0.414,0.01108,0.0,0.0,0.0,0.0,0.0,0.0,0.0,0.0,0.0,0.0,0.0,2.961318960050725,25.859226379201022,1.1794546607482563,0.0,0.0,0.0,0.0,0.0,0.0,0.0,0.0,0.0,0.0,0.0,0.0,0.0,0.0,0.0,0.0,nan,nan,4.116331821127673,2.954572720358776,nan,0.414,0.05518,0.0,0.0,0.0,0.0,0.0,0.0,0.0,0.0,0.0,0.0,0.0,0.0,0.0,0.0,0.0,0.0,0.0,0.0,0.0,2.113718030014796e-05,0.0,0.0001479602621010357,0.0016381314732614668,0.00196575776791376,0.001077996195307546,0.00854998943140985,0.006679348974846755,0.0003170577045022194,0.0033396744874233776,0.002113718030014796,0.005168040583386177,0.0061403508771929825,0.02647431832593532,0.008010991333756077,0.008972733037412809,0.023081800887761572,0.03999154512787994,0.03654618473895582,0.07040794757979285,0.1197421264003382,0.08446417247939125,0.09276051574719932,0.08467554428239273,0.08496089621644473,0.05433312196153033,0.033037412809131264,0.024054111181568378,0.02373705347706616,0.035478757133798354,0.04772775311773409,0.012777425491439441,0.007017543859649123,0.008507715070809553,0.0111287254280279,0.006224899598393574,0.01264003381948848,0.0022616782921158316,0.0008983301627562883,0.0029274994715704924,0.0,0.0,0.0,0.0,0.0,0.0,0.0,0.0,0.0,0.0,0.0,0.0,0.0,0.0,0.0,0.0,0.0,0.0,0.0,0.0,0.0,0.0,0.0,0.0,0.0,0.0,0.0,0.0,0.0,0.0,0.0,0.0,0.0,0.0,0.0,0.0,0.0,0.0,0.0,0.0,0.0,0.0,nan,nan,4.116331821127673,2.954572720358776,nan,0.9222751895429588,0.023344326950846313,0.0,0.0,0.0,0.0,0.0,0.0,0.0,0.0,0.0,0.0,0.0,0.0,0.0,0.0,0.0,0.0,0.0,0.0,0.0,0.0,0.0,0.0,0.0,0.0,0.0,0.22529644268774707,4.909090909090911,15.272727272727275,8.679841897233203,0.9130434782608697,0.9223576234395479,0.02328467236268147,0.0,0.0,0.0,0.0,0.0,0.0,0.0,0.0,0.0,0.0,0.0,0.0,0.0,0.0,0.0,0.0,0.0,0.0,0.0,0.0,0.0,0.0,0.0,0.0,0.0,0.25897319400272606,4.716038164470696,15.470240799636532,8.655156746933214,0.899591094956838,0.414,0.011185,0.0,0.0,0.0,0.0,0.0,0.0,0.0,0.0,0.0,0.0,0.0,3.0948616600790473,25.69565217391305,1.2094861660079053,0.0,0.0,0.0,0.0,0.0,0.0,0.0,0.0,0.0,0.0,0.0,0.0,0.0,0.0,0.0,0.0,0.414,0.01095,0.0,0.0,0.0,0.0,0.0,0.0,0.0,0.0,0.0,0.0,0.0,2.8078146297137625,26.047251249432083,1.1449341208541575,0.0,0.0,0.0,0.0,0.0,0.0,0.0,0.0,0.0,0.0,0.0,0.0,0.0,0.0,0.0,0.0
49000,4783,2505,0.5237298766464562,1131,941,0.4332009199247334,1291,0.539828559481497,0.438,3.06540825285338,3.214817958840477,6.721792890262751,2.3311355102175777,8306.707532845086,432.68219690216085,7853.0,8738.782339298725,8719.300650538144,5.743720460554229,7853.0,0.0,27.36274304829605,20.911058033213198,32.409375783404364,19.242006732665647,0.144051850303157,0.11227263223918044,0.09199247334309012,0.08655655446372569,0.07840267614467906,0.0725486096592097,0.06439473134016307,0.06355843612795317,0.05874973865774619,0.051223081747856995,0.047459753292912396,0.041605686807443025,0.027388668199874556,0.02278904453272005,0.01777127325946059,0.011708132970938742,0.0075266569098891905,0.9219709023157224,0.02310162536340832,0.0,0.0,0.0,0.0,0.0,0.0,0.0,0.0,0.0,0.0,0.0,0.0,0.0,0.0,0.0,0.0,0.0,0.0,0.0,0.0,0.0,0.0,0.0,0.0,0.0,0.2759774200292704,4.860965920970103,15.636629730294796,8.429855739075895,0.7965711896299396,4.430050083472454,2.974914344384254,nan,nan,nan,4.418729096989966,2.9547168328053135,4.437625083388926,2.992420706494049,1.004276339640697,0.4138,0.011375,0.0,0.0,0.0,0.0,0.0,0.0,0.0,0.0,0.0,0.0,0.0,3.2740957558017936,25.402467070876025,1.323437173322183,0.0,0.0,0.0,0.0,0.0,0.0,0.0,0.0,0.0,0.0,0.0,0.0,0.0,0.0,0.0,0.0,nan,nan,4.430050083472454,2.974914344384254,nan,0.4138,0.05515,0.0,0.0,0.0,0.0,0.0,0.0,0.0,0.0,0.0,0.0,0.0,0.0,0.0,0.0,0.0,0.0,0.0,0.0,0.0,0.0,0.0,2.090738030524775e-05,0.0011499059167886265,0.0019862011289985366,0.0012962575789253607,0.008655655446372569,0.006533556345389923,9.408321137361489e-05,0.0034183566799080075,0.0026552372987664647,0.004265105582270542,0.006763537528747648,0.024743884591260715,0.008457035333472716,0.009042441982019653,0.02354171022370897,0.040497595651264894,0.03753920133807234,0.07752456617185867,0.12090738030524775,0.08474806606732177,0.08781099728204056,0.08255279113527075,0.08200919924733431,0.054181476061049554,0.033556345389922644,0.024482542337445116,0.0243884591260715,0.03388040978465398,0.048181057913443445,0.014133389086347481,0.006063140288521849,0.008195693079657118,0.011039096801170814,0.005749529583943132,0.013568889818105792,0.0021743675517457662,0.0010244616349571398,0.0031674681162450345,0.0,0.0,0.0,0.0,0.0,0.0,0.0,0.0,0.0,0.0,0.0,0.0,0.0,0.0,0.0,0.0,0.0,0.0,0.0,0.0,0.0,0.0,0.0,0.0,0.0,0.0,0.0,0.0,0.0,0.0,0.0,0.0,0.0,0.0,0.0,0.0,0.0,0.0,0.0,0.0,0.0,0.0,nan,nan,4.430050083472454,2.974914344384254,nan,0.9221120601404689,0.02329123466870298,0.0,0.0,0.0,0.0,0.0,0.0,0.0,0.0,0.0,0.0,0.0,0.0,0.0,0.0,0.0,0.0,0.0,0.0,0.0,0.0,0.0,0.0,0.0,0.0,0.0,0.27544910179640725,4.814371257485031,15.604790419161679,8.467065868263475,0.8383233532934133,0.9218156782810473,0.022890303805173817,0.0,0.0,0.0,0.0,0.0,0.0,0.0,0.0,0.0,0.0,0.0,0.0,0.0,0.0,0.0,0.0,0.0,0.0,0.0,0.0,0.0,0.0,0.0,0.0,0.0,0.27655838454784903,4.912203687445128,15.67164179104478,8.388937664618087,0.7506584723441617,0.4138,0.01138,0.0,0.0,0.0,0.0,0.0,0.0,0.0,0.0,0.0,0.0,0.0,3.329341317365264,25.437125748503,1.233532934131737,0.0,0.0,0.0,0.0,0.0,0.0,0.0,0.0,0.0,0.0,0.0,0.0,0.0,0.0,0.0,0.0,0.414,0.01136,0.0,0.0,0.0,0.0,0.0,0.0,0.0,0.0,0.0,0.0,0.0,3.213345039508336,25.36435469710273,1.4223002633889381,0.0,0.0,0.0,0.0,0.0,0.0,0.0,0.0,0.0,0.0,0.0,0.0,0.0,0.0,0.0,0.0
49100,4989,2574,0.5159350571256764,1236,1051,0.4584084986971337,1415,0.5672479454800561,0.38599999999999995,2.9184265010351966,3.0738952985926025,6.566517189835576,2.2324853883165305,8300.04018639151,433.03180932283595,7853.0,8738.080815041065,8719.466002294963,5.629900954112852,7853.0,0.0,27.636199639206254,20.432714731476267,32.40099833610649,18.699330654169152,0.13569853678091803,0.09941872118661055,0.09200240529164161,0.08919623170976147,0.08999799559029865,0.07696933253156946,0.06794948887552615,0.05993185007015434,0.061134495890960115,0.054119061936259774,0.0485067147724995,0.038685107235919024,0.03146923231108439,0.024052916416115455,0.017037482461415114,0.009821607536580478,0.004008819402685909,0.9223489416317032,0.02319864425771897,0.0,0.0,0.0,0.0,0.0,0.0,0.0,0.0,0.0,0.0,0.0,0.0,0.0,0.0,0.0,0.0,0.0,0.0,0.0,0.0,0.0,0.0,0.0,0.0,0.0,0.1563439567047505,4.918821407095611,15.321707757065548,8.73722188815394,0.8659049909801565,4.173118612573552,2.8786882946564942,nan,nan,nan,4.215459525258673,2.8833823345496867,4.126182965299685,2.871458966699424,0.9788216303764629,0.414,0.011215,0.0,0.0,0.0,0.0,0.0,0.0,0.0,0.0,0.0,0.0,0.0,3.1990378833433506,25.568250150330734,1.2327119663259174,0.0,0.0,0.0,0.0,0.0,0.0,0.0,0.0,0.0,0.0,0.0,0.0,0.0,0.0,0.0,0.0,nan,nan,4.173118612573552,2.8786882946564942,nan,0.414,0.05444,0.0,0.0,0.0,0.0,0.0,0.0,0.0,0.0,0.0,0.0,0.0,0.0,0.0,0.0,0.0,0.0,0.0,0.0,0.0,0.0,0.0,0.0,0.0009520946081379034,0.0017538584886750853,0.0008117859290438966,0.00837843255161355,0.005632391260773702,0.0001503307276007216,0.003487672880336741,0.0027059530968129887,0.0036680697534576066,0.007235919021848065,0.021918220084185206,0.009140108238123872,0.009771497294046904,0.023060733613950692,0.04153136901182602,0.03665063138905592,0.08050711565443977,0.12350170374824614,0.08699138103828423,0.08821407095610342,0.08407496492283023,0.08033674082982561,0.051503307276007215,0.03267187813189016,0.02373221086390058,0.023962717979555022,0.0346662657847264,0.048175987171777915,0.014712367207857286,0.006123471637602726,0.007797153738224093,0.01037282020444979,0.00615353778312287,0.013660052114652235,0.0019542994588093807,0.0009320505111244738,0.0031068350370815796,0.0,0.0,0.0,0.0,0.0,0.0,0.0,0.0,0.0,0.0,0.0,0.0,0.0,0.0,0.0,0.0,0.0,0.0,0.0,0.0,0.0,0.0,0.0,0.0,0.0,0.0,0.0,0.0,0.0,0.0,0.0,0.0,0.0,0.0,0.0,0.0,0.0,0.0,0.0,0.0,0.0,0.0,nan,nan,4.173118612573552,2.8786882946564942,nan,0.9224459005124641,0.023021451821687116,0.0,0.0,0.0,0.0,0.0,0.0,0.0,0.0,0.0,0.0,0.0,0.0,0.0,0.0,0.0,0.0,0.0,0.0,0.0,0.0,0.0,0.0,0.0,0.0,0.0,0.13986013986013987,4.930069930069932,15.163170163170166,8.881118881118882,0.885780885780886,0.9222455991227682,0.02338558219875789,0.0,0.0,0.0,0.0,0.0,0.0,0.0,0.0,0.0,0.0,0.0,0.0,0.0,0.0,0.0,0.0,0.0,0.0,0.0,0.0,0.0,0.0,0.0,0.0,0.0,0.17391304347826092,4.906832298136647,15.490683229813667,8.58385093167702,0.8447204968944101,0.4143,0.01113,0.0,0.0,0.0,0.0,0.0,0.0,0.0,0.0,0.0,0.0,0.0,3.088578088578084,25.757575757575765,1.153846153846154,0.0,0.0,0.0,0.0,0.0,0.0,0.0,0.0,0.0,0.0,0.0,0.0,0.0,0.0,0.0,0.0,0.414,0.01131,0.0,0.0,0.0,0.0,0.0,0.0,0.0,0.0,0.0,0.0,0.0,3.3167701863353987,25.3664596273292,1.3167701863354042,0.0,0.0,0.0,0.0,0.0,0.0,0.0,0.0,0.0,0.0,0.0,0.0,0.0,0.0,0.0,0.0
49200,4630,2446,0.5282937365010799,1130,938,0.44665226781857453,1281,0.5533477321814255,0.414,2.9922161172161172,3.089245470930883,6.559210526315789,2.211612749935818,8310.782726727852,432.58930420883445,7853.0,8736.704897516966,8719.53067242435,5.461336120341354,7853.0,0.0,27.860043196544275,20.978798862804226,32.8687806135602,19.236337004184744,0.14125269978401728,0.1060475161987041,0.09200863930885529,0.08099352051835854,0.07861771058315335,0.07667386609071274,0.07451403887688984,0.06090712742980561,0.057667386609071274,0.04859611231101512,0.049244060475161985,0.04038876889848812,0.029805615550755938,0.02678185745140389,0.01749460043196544,0.011447084233261339,0.00755939524838013,0.9225262297409914,0.02255292921813567,0.0,0.0,0.0,0.0,0.0,0.0,0.0,0.0,0.0,0.0,0.0,0.0,0.0,0.0,0.0,0.0,0.0,0.0,0.0,0.0,0.0,0.0,0.0,0.0,0.0,0.18142548596112315,4.555075593952485,16.030237580993525,8.455723542116631,0.7775377969762421,4.249664429530202,2.856891448139544,nan,nan,nan,4.238985313751669,2.830838574432895,4.2604588394062075,2.882946143605407,1.0050657230599211,0.4143,0.010895,0.0,0.0,0.0,0.0,0.0,0.0,0.0,0.0,0.0,0.0,0.0,3.1036717062634946,25.79481641468683,1.1015118790496763,0.0,0.0,0.0,0.0,0.0,0.0,0.0,0.0,0.0,0.0,0.0,0.0,0.0,0.0,0.0,0.0,nan,nan,4.249664429530202,2.856891448139544,nan,0.4143,0.05478,0.0,0.0,0.0,0.0,0.0,0.0,0.0,0.0,0.0,0.0,0.0,0.0,0.0,0.0,0.0,0.0,0.0,0.0,0.0,0.0,0.0,0.0,0.0006479481641468683,0.0018034557235421167,0.000755939524838013,0.0082829373650108,0.00652267818574514,0.00035637149028077753,0.0041792656587473,0.0029265658747300214,0.004470842332613391,0.006414686825053996,0.020043196544276456,0.0091792656587473,0.008639308855291577,0.024265658747300217,0.0399244060475162,0.03831533477321814,0.08404967602591792,0.12077753779697624,0.09034557235421166,0.08534557235421167,0.08129589632829373,0.07898488120950324,0.04838012958963283,0.035172786177105834,0.023153347732181424,0.024071274298056156,0.038801295896328296,0.046879049676025915,0.014514038876889849,0.006717062634989201,0.007656587473002159,0.011673866090712743,0.006069114470842333,0.01357451403887689,0.002127429805615551,0.0008963282937365011,0.002775377969762419,1.0799136069114471e-05,0.0,0.0,0.0,0.0,0.0,0.0,0.0,0.0,0.0,0.0,0.0,0.0,0.0,0.0,0.0,0.0,0.0,0.0,0.0,0.0,0.0,0.0,0.0,0.0,0.0,0.0,0.0,0.0,0.0,0.0,0.0,0.0,0.0,0.0,0.0,0.0,0.0,0.0,0.0,0.0,0.0,nan,nan,4.249664429530202,2.856891448139544,nan,0.9225397807403558,0.02252188632320122,0.0,0.0,0.0,0.0,0.0,0.0,0.0,0.0,0.0,0.0,0.0,0.0,0.0,0.0,0.0,0.0,0.0,0.0,0.0,0.0,0.0,0.0,0.0,0.0,0.0,0.19623875715453806,4.56255110384301,16.00572363041701,8.475061324611612,0.7604251839738351,0.9225110531180769,0.022587635825156004,0.0,0.0,0.0,0.0,0.0,0.0,0.0,0.0,0.0,0.0,0.0,0.0,0.0,0.0,0.0,0.0,0.0,0.0,0.0,0.0,0.0,0.0,0.0,0.0,0.0,0.16483516483516486,4.546703296703297,16.05769230769231,8.434065934065936,0.7967032967032969,0.4143,0.0108,0.0,0.0,0.0,0.0,0.0,0.0,0.0,0.0,0.0,0.0,0.0,3.0171708912510176,25.842191332788232,1.1406377759607524,0.0,0.0,0.0,0.0,0.0,0.0,0.0,0.0,0.0,0.0,0.0,0.0,0.0,0.0,0.0,0.0,0.414,0.01099,0.0,0.0,0.0,0.0,0.0,0.0,0.0,0.0,0.0,0.0,0.0,3.200549450549446,25.741758241758248,1.057692307692308,0.0,0.0,0.0,0.0,0.0,0.0,0.0,0.0,0.0,0.0,0.0,0.0,0.0,0.0,0.0,0.0
49300,4526,2368,0.5231992929739284,1066,920,0.43879805567830316,1259,0.5563411400795404,0.462,3.052363299351251,3.1535527243935215,6.666666666666667,2.168460795638746,8306.18767891816,432.6455861649265,7853.0,8739.508446478843,8719.185572121447,5.640652127371839,7853.0,0.0,27.653557224922668,21.018923242521403,32.791777188328915,19.27893495284094,0.14317277949624393,0.10097216084843129,0.09920459566946531,0.0830755634114008,0.08550596553247901,0.07114449845338047,0.0656208572691118,0.06208572691117985,0.05700397702165267,0.054352629253203714,0.04286345558992488,0.03667697746354397,0.034025629695095004,0.026513477684489615,0.020326999558108707,0.01171011931064958,0.0057445868316394165,0.9216336003721577,0.023000840177730825,0.0,0.0,0.0,0.0,0.0,0.0,0.0,0.0,0.0,0.0,0.0,0.0,0.0,0.0,0.0,0.0,0.0,0.0,0.0,0.0,0.0,0.0,0.0,0.0,0.0,0.23199292973928418,4.885108263367212,15.742377375165713,8.365002209456476,0.7755192222713214,4.3753472222222225,2.9225684131319714,nan,nan,nan,4.396739130434782,2.929690630905699,4.352982954545454,2.9149360022883393,0.9900480391055174,0.414,0.01105,0.0,0.0,0.0,0.0,0.0,0.0,0.0,0.0,0.0,0.0,0.0,3.102076889085281,25.718073353954935,1.179849756959788,0.0,0.0,0.0,0.0,0.0,0.0,0.0,0.0,0.0,0.0,0.0,0.0,0.0,0.0,0.0,0.0,nan,nan,4.3753472222222225,2.9225684131319714,nan,0.414,0.0549,0.0,0.0,0.0,0.0,0.0,0.0,0.0,0.0,0.0,0.0,0.0,0.0,0.0,0.0,0.0,0.0,0.0,0.0,0.0,0.0,0.0,0.0,0.0003203711886875829,0.0019001325673884224,0.0005744586831639417,0.00821917808219178,0.007445868316394167,0.00028722934158197084,0.004209014582412726,0.0030821917808219177,0.00564516129032258,0.006064958020326999,0.02063632346442775,0.008108705258506408,0.009169244365885992,0.02479010163499779,0.03972602739726028,0.03864339372514362,0.0857711003093239,0.11808440123729562,0.08867653557224922,0.08684268669907202,0.08125276182059213,0.07907644719399028,0.045702607158638976,0.03577110030932391,0.022536456031816175,0.025972160848431285,0.037571807335395495,0.04845338046840477,0.014405656208572691,0.0076557666813963764,0.007048166151126823,0.011931064958020326,0.005214317277949625,0.013323022536456031,0.002397260273972603,0.0008616880247459125,0.002529827662395051,9.942554131683606e-05,0.0,0.0,0.0,0.0,0.0,0.0,0.0,0.0,0.0,0.0,0.0,0.0,0.0,0.0,0.0,0.0,0.0,0.0,0.0,0.0,0.0,0.0,0.0,0.0,0.0,0.0,0.0,0.0,0.0,0.0,0.0,0.0,0.0,0.0,0.0,0.0,0.0,0.0,0.0,0.0,0.0,nan,nan,4.3753472222222225,2.9225684131319714,nan,0.9214040437159506,0.023248871481513476,0.0,0.0,0.0,0.0,0.0,0.0,0.0,0.0,0.0,0.0,0.0,0.0,0.0,0.0,0.0,0.0,0.0,0.0,0.0,0.0,0.0,0.0,0.0,0.0,0.0,0.2533783783783784,5.042229729729731,15.760135135135139,8.146114864864867,0.7981418918918921,0.9218854957205814,0.022722889137774017,0.0,0.0,0.0,0.0,0.0,0.0,0.0,0.0,0.0,0.0,0.0,0.0,0.0,0.0,0.0,0.0,0.0,0.0,0.0,0.0,0.0,0.0,0.0,0.0,0.0,0.2085264133456905,4.712696941612605,15.722891566265064,8.60518999073216,0.7506950880444858,0.414,0.01105,0.0,0.0,0.0,0.0,0.0,0.0,0.0,0.0,0.0,0.0,0.0,3.053209459459455,25.679898648648656,1.266891891891892,0.0,0.0,0.0,0.0,0.0,0.0,0.0,0.0,0.0,0.0,0.0,0.0,0.0,0.0,0.0,0.0,0.414,0.01105,0.0,0.0,0.0,0.0,0.0,0.0,0.0,0.0,0.0,0.0,0.0,3.1556997219647775,25.759962928637634,1.0843373493975905,0.0,0.0,0.0,0.0,0.0,0.0,0.0,0.0,0.0,0.0,0.0,0.0,0.0,0.0,0.0,0.0
49400,4910,2521,0.5134419551934827,1191,1032,0.4527494908350306,1398,0.5694501018329939,0.418,3.022185014650481,3.1519243521857967,6.7075332348596755,2.2331236710348605,8297.619423111682,432.84215807413756,7853.0,8736.89905243516,8718.958495628069,5.719906424409661,7853.0,0.0,28.09470468431772,21.13193432061323,33.195911413969334,19.32552972434999,0.1425661914460285,0.09511201629327902,0.08879837067209775,0.09429735234215886,0.07739307535641547,0.07576374745417515,0.06741344195519348,0.06822810590631365,0.0604887983706721,0.05132382892057027,0.043177189409368634,0.03177189409368635,0.03360488798370672,0.02790224032586558,0.021995926680244398,0.010997963340122199,0.009164969450101833,0.9205193429396255,0.023192589352034353,0.0,0.0,0.0,0.0,0.0,0.0,0.0,0.0,0.0,0.0,0.0,0.0,0.0,0.0,0.0,0.0,0.0,0.0,0.0,0.0,0.0,0.0,0.0,0.0,0.01832993890020367,0.32382892057026486,5.224032586558046,15.592668024439922,8.236252545824849,0.604887983706721,4.363921077356718,2.9807359207982436,nan,nan,nan,4.3602015113350125,2.9821007522249965,4.367601246105919,2.9793803600903166,1.0016971084367707,0.414,0.010826,0.0,0.0,0.0,0.0,0.0,0.0,0.0,0.0,0.0,0.0,0.0,2.945010183299385,26.059063136456217,0.9959266802443993,0.0,0.0,0.0,0.0,0.0,0.0,0.0,0.0,0.0,0.0,0.0,0.0,0.0,0.0,0.0,0.0,nan,nan,4.363921077356718,2.9807359207982436,nan,0.414,0.05402,0.0,0.0,0.0,0.0,0.0,0.0,0.0,0.0,0.0,0.0,0.0,0.0,0.0,0.0,0.0,0.0,0.0,0.0,0.0,0.0,0.0,0.0,0.0002240325865580448,0.0014562118126272912,0.0007433808553971487,0.008380855397148676,0.006904276985743381,0.00016293279022403258,0.0034012219959266804,0.0029124236252545824,0.005274949083503055,0.006069246435845214,0.01925661914460285,0.007026476578411405,0.008696537678207739,0.024063136456211814,0.03728105906313646,0.04068228105906314,0.08763747454175153,0.12058044806517311,0.0930448065173116,0.0879735234215886,0.08328920570264765,0.07829938900203666,0.04736252545824847,0.03513238289205703,0.02209775967413442,0.025723014256619145,0.037240325865580445,0.04473523421588595,0.012474541751527495,0.0073930753564154785,0.007678207739307536,0.01159877800407332,0.005539714867617108,0.013981670061099797,0.0028309572301425663,0.0004887983706720978,0.00225050916496945,0.0001120162932790224,0.0,0.0,0.0,0.0,0.0,0.0,0.0,0.0,0.0,0.0,0.0,0.0,0.0,0.0,0.0,0.0,0.0,0.0,0.0,0.0,0.0,0.0,0.0,0.0,0.0,0.0,0.0,0.0,0.0,0.0,0.0,0.0,0.0,0.0,0.0,0.0,0.0,0.0,0.0,0.0,0.0,nan,nan,4.363921077356718,2.9807359207982436,nan,0.920339759334313,0.023690696998145595,0.0,0.0,0.0,0.0,0.0,0.0,0.0,0.0,0.0,0.0,0.0,0.0,0.0,0.0,0.0,0.0,0.0,0.0,0.0,0.0,0.0,0.0,0.0,0.0,0.011900039666798892,0.41650138833796124,5.3907179690598985,15.279650932169776,8.246727489091631,0.6545021816739391,0.9207088491217069,0.022653542943078857,0.0,0.0,0.0,0.0,0.0,0.0,0.0,0.0,0.0,0.0,0.0,0.0,0.0,0.0,0.0,0.0,0.0,0.0,0.0,0.0,0.0,0.0,0.0,0.0,0.025115110925073257,0.22603599832565932,5.048137295939725,15.922980326496445,8.225198827961492,0.5525324403516116,0.414,0.01078,0.0,0.0,0.0,0.0,0.0,0.0,0.0,0.0,0.0,0.0,0.0,2.986909956366517,26.025386751289176,0.987703292344308,0.0,0.0,0.0,0.0,0.0,0.0,0.0,0.0,0.0,0.0,0.0,0.0,0.0,0.0,0.0,0.0,0.414,0.01087,0.0,0.0,0.0,0.0,0.0,0.0,0.0,0.0,0.0,0.0,0.0,2.9007953118459566,26.094600251151114,1.0046044370029303,0.0,0.0,0.0,0.0,0.0,0.0,0.0,0.0,0.0,0.0,0.0,0.0,0.0,0.0,0.0,0.0
49500,4981,2633,0.5286087131098173,1224,993,0.4450913471190524,1375,0.5520979722947199,0.40199999999999997,3.0353492333901193,3.098748580572474,6.580882352941177,2.1114364606437106,8310.93009144634,432.45583667863843,7853.0,8736.492615664005,8719.293120202892,5.558362726876505,7853.0,0.0,28.184099578397912,20.809014717006516,32.92741935483871,19.092006026064517,0.13230275045171652,0.09977916081108211,0.09917687211403332,0.08351736599076491,0.07970287090945594,0.07548685003011443,0.06785785986749648,0.06524794218028508,0.05942581810881349,0.05420598273439069,0.04738004416783778,0.03975105400521983,0.03453121863079703,0.027705280064244126,0.0178678980124473,0.00903433045573178,0.007026701465569163,0.9212778584589993,0.02296605194760443,0.0,0.0,0.0,0.0,0.0,0.0,0.0,0.0,0.0,0.0,0.0,0.0,0.0,0.0,0.0,0.0,0.0,0.0,0.0,0.0,0.0,0.0,0.0,0.0,0.0,0.24693836579000206,5.041156394298335,15.448705079301348,8.552499498092754,0.7107006625175669,4.266169154228856,2.8910652809905617,nan,nan,nan,4.259353202282815,2.90768170508333,4.271062271062271,2.8750588836830633,1.002749025080423,0.4148,0.01078,0.0,0.0,0.0,0.0,0.0,0.0,0.0,0.0,0.0,0.0,0.0,2.4754065448705043,26.097169243123876,1.4274242120056218,0.0,0.0,0.0,0.0,0.0,0.0,0.0,0.0,0.0,0.0,0.0,0.0,0.0,0.0,0.0,0.0,nan,nan,4.266169154228856,2.8910652809905617,nan,0.4148,0.0541,0.0,0.0,0.0,0.0,0.0,0.0,0.0,0.0,0.0,0.0,0.0,0.0,0.0,0.0,0.0,0.0,0.0,0.0,0.0,0.0,0.0,0.0,0.00011041959445894399,0.0012547681188516363,0.0006223649869504115,0.008120859265207789,0.0065950612326842,0.00017064846416382253,0.0034330455731780766,0.002800642441276852,0.005420598273439069,0.005952619955832162,0.019092551696446497,0.00646456534832363,0.008843605701666332,0.023900823127885967,0.037733386870106404,0.0410258984139731,0.08508331660309175,0.12059827343906845,0.09269223047580807,0.08721140333266413,0.08399919694840394,0.07733386870106404,0.04805259987954226,0.03679983938968079,0.021260791005822125,0.025657498494278258,0.03629793214214013,0.045141537843806465,0.014113631800843204,0.007297731379241116,0.008502308773338687,0.012206384260188717,0.005249949809275246,0.01513752258582614,0.00302148163019474,0.0006725557117044771,0.0020678578598674964,6.0228869704878535e-05,0.0,0.0,0.0,0.0,0.0,0.0,0.0,0.0,0.0,0.0,0.0,0.0,0.0,0.0,0.0,0.0,0.0,0.0,0.0,0.0,0.0,0.0,0.0,0.0,0.0,0.0,0.0,0.0,0.0,0.0,0.0,0.0,0.0,0.0,0.0,0.0,0.0,0.0,0.0,0.0,0.0,nan,nan,4.266169154228856,2.8910652809905617,nan,0.9211595019957343,0.022968089381026912,0.0,0.0,0.0,0.0,0.0,0.0,0.0,0.0,0.0,0.0,0.0,0.0,0.0,0.0,0.0,0.0,0.0,0.0,0.0,0.0,0.0,0.0,0.0,0.0,0.0,0.2392707937713635,5.115837447778201,15.57538928978352,8.363083934675277,0.7064185339916447,0.9214105810176778,0.02296304140968608,0.0,0.0,0.0,0.0,0.0,0.0,0.0,0.0,0.0,0.0,0.0,0.0,0.0,0.0,0.0,0.0,0.0,0.0,0.0,0.0,0.0,0.0,0.0,0.0,0.0,0.25553662691652473,4.95741056218058,15.306643952299833,8.764906303236799,0.7155025553662694,0.4148,0.01068,0.0,0.0,0.0,0.0,0.0,0.0,0.0,0.0,0.0,0.0,0.0,2.324344853778956,26.319787314849986,1.35586783137106,0.0,0.0,0.0,0.0,0.0,0.0,0.0,0.0,0.0,0.0,0.0,0.0,0.0,0.0,0.0,0.0,0.4148,0.01089,0.0,0.0,0.0,0.0,0.0,0.0,0.0,0.0,0.0,0.0,0.0,2.6448040885860267,25.84752981260648,1.5076660988074961,0.0,0.0,0.0,0.0,0.0,0.0,0.0,0.0,0.0,0.0,0.0,0.0,0.0,0.0,0.0,0.0
49600,4683,2380,0.5082212257100149,1115,927,0.4360452701259876,1281,0.547085201793722,0.426,2.952670429874077,3.133021434232886,6.637362637362638,2.1000227139501106,8293.371121846163,433.20739391878124,7853.0,8736.102615916729,8719.494942691419,5.614614823557851,7853.0,0.0,28.0832799487508,21.08880950043483,33.020071138211385,19.384084641615484,0.13730514627375615,0.10164424514200299,0.09587871022848601,0.089259021994448,0.07452487721546018,0.07943625880845612,0.07004057228272476,0.056587657484518473,0.05680119581464873,0.049967969250480464,0.047619047619047616,0.043348281016442454,0.0343796711509716,0.026051676275891524,0.017723681400811445,0.012812299807815503,0.00661968823403801,0.9217648155002444,0.022913018603986268,0.0,0.0,0.0,0.0,0.0,0.0,0.0,0.0,0.0,0.0,0.0,0.0,0.0,0.0,0.0,0.0,0.0,0.0,0.0,0.0,0.0,0.0,0.0,0.0,0.0,0.23702754644458685,4.990390775144139,15.541319666880208,8.49455477258168,0.7367072389493916,4.331105913798864,2.923622582942708,nan,nan,nan,4.317938420348059,2.948461724309018,4.34712950600801,2.897387601121408,1.0067604219463597,0.4148,0.01105,0.0,0.0,0.0,0.0,0.0,0.0,0.0,0.0,0.0,0.0,0.0,2.690582959641252,25.848814862267783,1.4606021780909677,0.0,0.0,0.0,0.0,0.0,0.0,0.0,0.0,0.0,0.0,0.0,0.0,0.0,0.0,0.0,0.0,nan,nan,4.331105913798864,2.923622582942708,nan,0.4148,0.05392,0.0,0.0,0.0,0.0,0.0,0.0,0.0,0.0,0.0,0.0,0.0,0.0,0.0,0.0,0.0,0.0,0.0,0.0,0.0,0.0,1.0676916506512919e-05,0.0,0.00018150758061071963,0.0010890454836643177,0.0004484304932735426,0.00786888746530002,0.006822549647661756,4.2707666026051675e-05,0.003469997864616699,0.00197522955370489,0.005786888746530002,0.006203288490284006,0.01989109545163357,0.00705744181080504,0.009854793935511424,0.023136878069613495,0.03591714712790946,0.03919496049540892,0.0831411488362161,0.12119367926542815,0.09639120222079864,0.08750800768737989,0.08702754644458681,0.07525090753790305,0.04624172538970745,0.03879991458466795,0.020456972026478754,0.02625453768951527,0.036344223788169976,0.04448003416613282,0.01411488362161008,0.007196241725389707,0.008306641042067051,0.013111253469997865,0.005018150758061072,0.014915652359598549,0.002647875293615204,0.0004484304932735426,0.002114029468289558,8.541533205210335e-05,0.0,0.0,0.0,0.0,0.0,0.0,0.0,0.0,0.0,0.0,0.0,0.0,0.0,0.0,0.0,0.0,0.0,0.0,0.0,0.0,0.0,0.0,0.0,0.0,0.0,0.0,0.0,0.0,0.0,0.0,0.0,0.0,0.0,0.0,0.0,0.0,0.0,0.0,0.0,0.0,0.0,nan,nan,4.331105913798864,2.923622582942708,nan,0.9219997037859524,0.022732620611545476,0.0,0.0,0.0,0.0,0.0,0.0,0.0,0.0,0.0,0.0,0.0,0.0,0.0,0.0,0.0,0.0,0.0,0.0,0.0,0.0,0.0,0.0,0.0,0.0,0.0,0.2521008403361345,4.739495798319329,15.579831932773113,8.785714285714286,0.6428571428571429,0.9215220738068074,0.023095457912497327,0.0,0.0,0.0,0.0,0.0,0.0,0.0,0.0,0.0,0.0,0.0,0.0,0.0,0.0,0.0,0.0,0.0,0.0,0.0,0.0,0.0,0.0,0.0,0.0,0.0,0.22145028224055585,5.2496743378202355,15.50151975683891,8.193660442900565,0.8336951801997396,0.4148,0.011086,0.0,0.0,0.0,0.0,0.0,0.0,0.0,0.0,0.0,0.0,0.0,2.684873949579828,25.789915966386562,1.5252100840336138,0.0,0.0,0.0,0.0,0.0,0.0,0.0,0.0,0.0,0.0,0.0,0.0,0.0,0.0,0.0,0.0,0.4148,0.01102,0.0,0.0,0.0,0.0,0.0,0.0,0.0,0.0,0.0,0.0,0.0,2.6964828484585284,25.909683022145035,1.3938341293964398,0.0,0.0,0.0,0.0,0.0,0.0,0.0,0.0,0.0,0.0,0.0,0.0,0.0,0.0,0.0,0.0
49700,4769,2491,0.5223317257286643,1211,948,0.4527154539735794,1318,0.5527364227301321,0.418,3.009657594381036,3.098881636675197,6.609448818897638,2.057114907690741,8305.543186683946,432.7823065335692,7853.0,8741.326104068756,8719.390388316233,5.670174089470613,7853.0,0.0,28.032920947787797,20.892769752541945,33.06408010012515,19.091975494535575,0.14153910673097087,0.10358565737051793,0.0891172153491298,0.08156846299014468,0.07653596141748795,0.07422939819668693,0.07653596141748795,0.0662612707066471,0.05263157894736842,0.054728454602642064,0.04801845250576641,0.0398406374501992,0.03417907318096037,0.0257915705598658,0.019081568462990146,0.011113440972950304,0.005242189138184106,0.922121763541829,0.023086384519467366,0.0,0.0,0.0,0.0,0.0,0.0,0.0,0.0,0.0,0.0,0.0,0.0,0.0,0.0,0.0,0.0,0.0,0.0,0.0,0.0,0.0,0.0,0.0,0.0,0.0,0.21388131683791156,4.931851541203607,15.563011113440975,8.391696372405118,0.8995596561123927,4.2794165316045385,2.8775745543715416,nan,nan,nan,4.244401791426744,2.886932913648092,4.315374507227332,2.8674873547502093,1.0167214885131626,0.4146,0.0109,0.0,0.0,0.0,0.0,0.0,0.0,0.0,0.0,0.0,0.0,0.0,2.830782134619413,26.005451876703717,1.1637659886768716,0.0,0.0,0.0,0.0,0.0,0.0,0.0,0.0,0.0,0.0,0.0,0.0,0.0,0.0,0.0,0.0,nan,nan,4.2794165316045385,2.8775745543715416,nan,0.4146,0.05405,0.0,0.0,0.0,0.0,0.0,0.0,0.0,0.0,0.0,0.0,0.0,0.0,0.0,0.0,0.0,0.0,0.0,0.0,0.0,0.0,0.0,0.0,0.00022017194380373245,0.001132312853847767,0.0006395470748584609,0.008691549591109246,0.007181799119312225,0.00013629691759278674,0.003617110505347033,0.0019500943594044874,0.005399454812329629,0.006049486265464458,0.020622772069616272,0.006657580205493814,0.010222268819459005,0.0223946319983225,0.037901027469071084,0.03770182428182009,0.08302579157055986,0.11673306772908366,0.09730551478297338,0.08768085552526735,0.0859823862444957,0.0774376179492556,0.046099811281191026,0.03997693436779199,0.021241350387921996,0.026892430278884463,0.03580415181379744,0.04669742084294402,0.013147410358565738,0.006405955126860977,0.008125393164185363,0.012455441392325435,0.005913189347871671,0.013975676242398826,0.002275110085971902,0.00034598448312015095,0.0019081568462990144,1.0484378276368211e-05,4.1937513105472846e-05,0.0,0.0,0.0,0.0,0.0,0.0,0.0,0.0,0.0,0.0,0.0,0.0,0.0,0.0,0.0,0.0,0.0,0.0,0.0,0.0,0.0,0.0,0.0,0.0,0.0,0.0,0.0,0.0,0.0,0.0,0.0,0.0,0.0,0.0,0.0,0.0,0.0,0.0,0.0,0.0,nan,nan,4.2794165316045385,2.8775745543715416,nan,0.9217549965880282,0.023359903218919037,0.0,0.0,0.0,0.0,0.0,0.0,0.0,0.0,0.0,0.0,0.0,0.0,0.0,0.0,0.0,0.0,0.0,0.0,0.0,0.0,0.0,0.0,0.0,0.0,0.0,0.26495383380168613,4.973906061822563,15.72862304295464,8.153352067442796,0.8791649939783222,0.9225228243328376,0.022776773696809416,0.0,0.0,0.0,0.0,0.0,0.0,0.0,0.0,0.0,0.0,0.0,0.0,0.0,0.0,0.0,0.0,0.0,0.0,0.0,0.0,0.0,0.0,0.0,0.0,0.0,0.15803336259877088,4.8858647936786666,15.3819139596137,8.652326602282706,0.9218612818261634,0.4146,0.01093,0.0,0.0,0.0,0.0,0.0,0.0,0.0,0.0,0.0,0.0,0.0,2.6615816940987513,26.08590927338419,1.2525090325170618,0.0,0.0,0.0,0.0,0.0,0.0,0.0,0.0,0.0,0.0,0.0,0.0,0.0,0.0,0.0,0.0,0.4146,0.01087,0.0,0.0,0.0,0.0,0.0,0.0,0.0,0.0,0.0,0.0,0.0,3.015803336259873,25.917471466198425,1.0667251975417034,0.0,0.0,0.0,0.0,0.0,0.0,0.0,0.0,0.0,0.0,0.0,0.0,0.0,0.0,0.0,0.0
49800,4679,2379,0.5084419747809361,1092,942,0.4347082709980765,1325,0.5663603334045736,0.422,2.973478260869565,3.1095492595155165,6.5212765957446805,2.207407440964374,8293.744316586703,433.38337223951885,7853.0,8739.279701197147,8719.85273531281,5.659181027055646,7853.0,0.0,27.855952126522762,20.862831268010517,32.68044636063911,19.181748569082224,0.1369950844197478,0.10151741825176319,0.09959393032699294,0.08976276982261167,0.07587091258815987,0.07373370378285958,0.06903184441119897,0.06069673007052789,0.057277195982047446,0.05043812780508656,0.05043812780508656,0.038042316734344946,0.03483650352639453,0.028638597991023723,0.01709767044240222,0.011113485787561444,0.004915580252190639,0.9235481812699683,0.02278928333298922,0.0,0.0,0.0,0.0,0.0,0.0,0.0,0.0,0.0,0.0,0.0,0.0,0.0,0.0,0.0,0.0,0.0,0.0,0.0,0.0,0.0,0.0,0.0,0.0,0.0,0.1987604188929259,4.315024577901262,15.298140628339391,9.348151314383417,0.8399230604830094,4.327874331550802,2.8502835069110124,nan,nan,nan,4.346693386773547,2.8781843777169582,4.309030100334448,2.821943173301238,0.9913351867528307,0.4146,0.010895,0.0,0.0,0.0,0.0,0.0,0.0,0.0,0.0,0.0,0.0,0.0,2.7185296003419497,25.870912588159868,1.4105578114981838,0.0,0.0,0.0,0.0,0.0,0.0,0.0,0.0,0.0,0.0,0.0,0.0,0.0,0.0,0.0,0.0,nan,nan,4.327874331550802,2.8502835069110124,nan,0.4146,0.0535,0.0,0.0,0.0,0.0,0.0,0.0,0.0,0.0,0.0,0.0,0.0,0.0,0.0,0.0,0.0,0.0,0.0,0.0,0.0,0.0,0.0,2.1372088053002777e-05,0.0002030348365035264,0.0009831160504381279,0.0005877324214575764,0.009478521051506733,0.006219277623423809,0.00038469758495405,0.0031416969437914086,0.0019876041889292585,0.005481940585595212,0.005941440478734772,0.018294507373370378,0.006678777516563368,0.010354776661679846,0.02215216926693738,0.03982688608677068,0.03736909596067536,0.08160931823039111,0.11840136781363539,0.09625988459072451,0.08740115409275487,0.08568070100448814,0.07953622568924984,0.04708270998076512,0.04060696730070528,0.02262235520410344,0.027527249412267578,0.03398162000427442,0.046366745030989524,0.014137636247061339,0.006465056636033341,0.008805300277837144,0.012833938875828168,0.005214789484932678,0.0115409275486215,0.002276127377644796,0.00041675571703355416,0.0020410344090617655,0.0,8.548835221201111e-05,0.0,0.0,0.0,0.0,0.0,0.0,0.0,0.0,0.0,0.0,0.0,0.0,0.0,0.0,0.0,0.0,0.0,0.0,0.0,0.0,0.0,0.0,0.0,0.0,0.0,0.0,0.0,0.0,0.0,0.0,0.0,0.0,0.0,0.0,0.0,0.0,0.0,0.0,0.0,0.0,nan,nan,4.327874331550802,2.8502835069110124,nan,0.9238270944334369,0.022760073076708114,0.0,0.0,0.0,0.0,0.0,0.0,0.0,0.0,0.0,0.0,0.0,0.0,0.0,0.0,0.0,0.0,0.0,0.0,0.0,0.0,0.0,0.0,0.0,0.0,0.0,0.13871374527112235,4.2875157629256,15.283732660781844,9.445145018915513,0.844892812105927,0.9232596880456676,0.02281587058118479,0.0,0.0,0.0,0.0,0.0,0.0,0.0,0.0,0.0,0.0,0.0,0.0,0.0,0.0,0.0,0.0,0.0,0.0,0.0,0.0,0.0,0.0,0.0,0.0,0.0,0.26086956521739135,4.343478260869566,15.313043478260873,9.247826086956524,0.8347826086956524,0.4146,0.01093,0.0,0.0,0.0,0.0,0.0,0.0,0.0,0.0,0.0,0.0,0.0,2.749054224464057,25.762925598991178,1.4880201765447671,0.0,0.0,0.0,0.0,0.0,0.0,0.0,0.0,0.0,0.0,0.0,0.0,0.0,0.0,0.0,0.0,0.4146,0.010864,0.0,0.0,0.0,0.0,0.0,0.0,0.0,0.0,0.0,0.0,0.0,2.6869565217391265,25.982608695652182,1.3304347826086957,0.0,0.0,0.0,0.0,0.0,0.0,0.0,0.0,0.0,0.0,0.0,0.0,0.0,0.0,0.0,0.0
49900,4760,2486,0.5222689075630252,1178,970,0.4512605042016807,1332,0.5596638655462185,0.41,3.0,3.071702492190236,6.533333333333333,2.148925577341129,8305.609698268809,432.9004468983359,7853.0,8738.653826856613,8719.621948414933,5.677919405776325,7853.0,0.0,28.10567226890756,20.82057122926171,32.9012928891099,19.0819102079621,0.13445378151260504,0.09516806722689075,0.09789915966386555,0.08529411764705883,0.08151260504201681,0.08298319327731092,0.0634453781512605,0.06239495798319328,0.06260504201680672,0.052941176470588235,0.044747899159663866,0.04411764705882353,0.031512605042016806,0.02457983193277311,0.01953781512605042,0.008613445378151261,0.00819327731092437,0.923520477854905,0.022925285190213383,0.0,0.0,0.0,0.0,0.0,0.0,0.0,0.0,0.0,0.0,0.0,0.0,0.0,0.0,0.0,0.0,0.0,0.0,0.0,0.0,0.0,0.0,0.0,0.0,0.006302521008403363,0.19537815126050426,4.279411764705883,15.422268907563028,9.226890756302522,0.8697478991596641,4.18249354005168,2.828192506182253,nan,nan,nan,4.180296200901481,2.7752838230736017,4.184705119896306,2.8804612578921227,1.0010546905728535,0.4143,0.01142,0.0,0.0,0.0,0.0,0.0,0.0,0.0,0.0,0.0,0.0,0.0,3.0882352941176423,25.348739495798327,1.563025210084034,0.0,0.0,0.0,0.0,0.0,0.0,0.0,0.0,0.0,0.0,0.0,0.0,0.0,0.0,0.0,0.0,nan,nan,4.18249354005168,2.828192506182253,nan,0.4143,0.0538,0.0,0.0,0.0,0.0,0.0,0.0,0.0,0.0,0.0,0.0,0.0,0.0,0.0,0.0,0.0,0.0,0.0,0.0,0.0,0.0,0.0,4.201680672268908e-05,0.00028361344537815124,0.0010819327731092438,0.0005777310924369748,0.00976890756302521,0.0070903361344537815,0.000273109243697479,0.0028361344537815125,0.002689075630252101,0.005052521008403361,0.005262605042016807,0.01841386554621849,0.00648109243697479,0.011554621848739496,0.02202731092436975,0.03992647058823529,0.035472689075630254,0.08153361344537816,0.12095588235294118,0.09733193277310924,0.08493697478991596,0.08535714285714285,0.08247899159663866,0.04554621848739496,0.0383718487394958,0.020903361344537814,0.031008403361344538,0.03289915966386554,0.04617647058823529,0.013077731092436975,0.006491596638655462,0.008298319327731092,0.013235294117647059,0.0053991596638655465,0.012731092436974789,0.0019642857142857144,0.00046218487394957984,0.0017436974789915966,0.0,0.00018907563025210084,7.352941176470588e-05,0.0,0.0,0.0,0.0,0.0,0.0,0.0,0.0,0.0,0.0,0.0,0.0,0.0,0.0,0.0,0.0,0.0,0.0,0.0,0.0,0.0,0.0,0.0,0.0,0.0,0.0,0.0,0.0,0.0,0.0,0.0,0.0,0.0,0.0,0.0,0.0,0.0,0.0,0.0,nan,nan,4.18249354005168,2.828192506182253,nan,0.9229722097576,0.0232574396122844,0.0,0.0,0.0,0.0,0.0,0.0,0.0,0.0,0.0,0.0,0.0,0.0,0.0,0.0,0.0,0.0,0.0,0.0,0.0,0.0,0.0,0.0,0.0,0.0,0.012067578439259858,0.1448109412711183,4.597747385358006,15.482703137570397,8.785197103781176,0.9774738535800485,0.924119859776585,0.022541316038999188,0.0,0.0,0.0,0.0,0.0,0.0,0.0,0.0,0.0,0.0,0.0,0.0,0.0,0.0,0.0,0.0,0.0,0.0,0.0,0.0,0.0,0.0,0.0,0.0,0.0,0.2506596306068602,3.931398416886544,15.35620052770449,9.709762532981532,0.7519788918205806,0.4143,0.011475,0.0,0.0,0.0,0.0,0.0,0.0,0.0,0.0,0.0,0.0,0.0,3.2099758648431167,25.148833467417543,1.6411906677393406,0.0,0.0,0.0,0.0,0.0,0.0,0.0,0.0,0.0,0.0,0.0,0.0,0.0,0.0,0.0,0.0,0.4146,0.01136,0.0,0.0,0.0,0.0,0.0,0.0,0.0,0.0,0.0,0.0,0.0,2.9551451187335047,25.567282321899743,1.477572559366755,0.0,0.0,0.0,0.0,0.0,0.0,0.0,0.0,0.0,0.0,0.0,0.0,0.0,0.0,0.0,0.0
50000,4702,2424,0.515525308379413,1168,955,0.45150999574649087,1323,0.5627392598894088,0.40599999999999997,2.970149253731343,3.0910935915011617,6.4796992481203,2.140892913234869,8299.756169846994,433.1121540129184,7853.0,8739.056474530697,8719.603758506835,5.680894824498761,7853.0,0.0,28.0761378136963,20.878762992085733,33.08597514582805,19.07192264646668,0.1401531263292216,0.0969800085070183,0.09464057847724372,0.08209272649936197,0.07805189281156955,0.07762654189706508,0.07103360272224585,0.06720544449170565,0.0591237771161208,0.05019140791152701,0.04444917056571672,0.04487452148022118,0.03253934495959166,0.026159081242024672,0.016801361122926413,0.010421097405359422,0.0076563164610803916,0.922595790260551,0.023259883652507626,0.0,0.0,0.0,0.0,0.0,0.0,0.0,0.0,0.0,0.0,0.0,0.0,0.0,0.0,0.0,0.0,0.0,0.0,0.0,0.0,0.0,0.0,0.0,0.0,0.0,0.35729476818375167,4.389621437686092,15.612505316886434,8.83028498511272,0.8102934921310083,4.208047105004907,2.8514458132292164,nan,nan,nan,4.120822622107969,2.869403051755086,4.298467688207862,2.8298737651652837,1.0431091270822572,0.4148,0.011154,0.0,0.0,0.0,0.0,0.0,0.0,0.0,0.0,0.0,0.0,0.006380263717566994,2.794555508294339,25.929391748192266,1.2696724797958319,0.0,0.0,0.0,0.0,0.0,0.0,0.0,0.0,0.0,0.0,0.0,0.0,0.0,0.0,0.0,0.0,nan,nan,4.208047105004907,2.8514458132292164,nan,0.4148,0.05338,0.0,0.0,0.0,0.0,0.0,0.0,0.0,0.0,0.0,0.0,0.0,0.0,0.0,0.0,0.0,0.0,0.0,0.0,0.0,0.0,0.0,0.0,0.0003509145044661846,0.0009676733304976605,0.000988940876222884,0.009549128030625267,0.0060293492131008085,0.00017014036580178648,0.001999149298170991,0.0019885155253083794,0.0043917481922586135,0.006156954487452148,0.019140791152700978,0.005561463207145895,0.010803913228413441,0.02057635048915355,0.03939812845597618,0.037749893662271376,0.08208209272649936,0.12020416843896214,0.10124415142492556,0.0876860910250957,0.08790940025521055,0.07867928541046364,0.04311994895789026,0.04001488728200766,0.021512122501063376,0.030954912803062527,0.02987026797107614,0.04545937898766483,0.01374946831135687,0.0060718843045512545,0.008219906422798809,0.014706507868991919,0.005678434708634624,0.011920459378987665,0.0019885155253083794,0.0006273925988940876,0.002190557209698001,0.0,0.00014887282007656317,0.00012760527435133986,1.0633772862611655e-05,0.0,0.0,0.0,0.0,0.0,0.0,0.0,0.0,0.0,0.0,0.0,0.0,0.0,0.0,0.0,0.0,0.0,0.0,0.0,0.0,0.0,0.0,0.0,0.0,0.0,0.0,0.0,0.0,0.0,0.0,0.0,0.0,0.0,0.0,0.0,0.0,0.0,0.0,nan,nan,4.208047105004907,2.8514458132292164,nan,0.9224704982522297,0.023166214899027256,0.0,0.0,0.0,0.0,0.0,0.0,0.0,0.0,0.0,0.0,0.0,0.0,0.0,0.0,0.0,0.0,0.0,0.0,0.0,0.0,0.0,0.0,0.0,0.0,0.0,0.33415841584158423,4.36881188118812,15.742574257425746,8.787128712871288,0.7673267326732676,0.9227291123975883,0.02335840524465221,0.0,0.0,0.0,0.0,0.0,0.0,0.0,0.0,0.0,0.0,0.0,0.0,0.0,0.0,0.0,0.0,0.0,0.0,0.0,0.0,0.0,0.0,0.0,0.0,0.0,0.38191395961369634,4.411764705882354,15.474100087796316,8.876207199297632,0.856014047410009,0.4148,0.01116,0.0,0.0,0.0,0.0,0.0,0.0,0.0,0.0,0.0,0.0,0.012376237623762379,2.8589108910891046,25.84158415841585,1.2871287128712876,0.0,0.0,0.0,0.0,0.0,0.0,0.0,0.0,0.0,0.0,0.0,0.0,0.0,0.0,0.0,0.0,0.4146,0.01114,0.0,0.0,0.0,0.0,0.0,0.0,0.0,0.0,0.0,0.0,0.0,2.7260755048287932,26.022827041264275,1.2510974539069362,0.0,0.0,0.0,0.0,0.0,0.0,0.0,0.0,0.0,0.0,0.0,0.0,0.0,0.0,0.0,0.0
50100,4828,2461,0.5097348798674399,1112,1026,0.44283347141673574,1382,0.5724937862468932,0.422,2.971271651880017,3.1654855026356756,6.782539682539682,2.23933377865713,8294.853467767123,433.35189411104733,7853.0,8741.802817368507,8719.829964396453,5.693816652147103,7853.0,0.0,27.143123446561724,20.688401655741025,32.460978670012544,18.866314222499305,0.15410107705053852,0.09776304888152444,0.09672742336371168,0.08657829328914664,0.08305716652858326,0.07270091135045567,0.06234465617232809,0.0635874067937034,0.05944490472245236,0.05530240265120132,0.04308202154101077,0.037282518641259324,0.030861640430820216,0.024233637116818557,0.01946975973487987,0.009113504556752278,0.004349627174813587,0.9227917388933399,0.023060878390533175,0.0,0.0,0.0,0.0,0.0,0.0,0.0,0.0,0.0,0.0,0.0,0.0,0.0,0.0,0.0,0.0,0.0,0.0,0.0,0.0,0.0,0.0,0.0,0.0,0.0,0.21126760563380287,4.548467274233638,15.478458989229498,8.978873239436622,0.782932891466446,4.443968358602505,2.9383342864105155,nan,nan,nan,4.417275747508306,2.8893148126768757,4.4702419882276,2.985565449505253,1.0119907028102493,0.4148,0.01118,0.0,0.0,0.0,0.0,0.0,0.0,0.0,0.0,0.0,0.0,0.0,2.889395194697593,25.550952775476393,1.5596520298260153,0.0,0.0,0.0,0.0,0.0,0.0,0.0,0.0,0.0,0.0,0.0,0.0,0.0,0.0,0.0,0.0,nan,nan,4.443968358602505,2.9383342864105155,nan,0.4148,0.05402,0.0,0.0,0.0,0.0,0.0,0.0,0.0,0.0,0.0,0.0,0.0,0.0,0.0,0.0,0.0,0.0,0.0,0.0,0.0,0.0,0.0,0.0,0.0005385252692626346,0.000932062966031483,0.0006938690969345484,0.01056338028169014,0.005820215410107705,8.285004142502072e-05,0.002899751449875725,0.0019573322286661143,0.004867439933719967,0.005447390223695112,0.018879453189726596,0.005913421706710853,0.009558823529411765,0.019107290803645403,0.04175642087821044,0.039291632145816074,0.0845381110190555,0.11620753935376968,0.09930613090306545,0.08367854183927093,0.08977837613918807,0.0805923777961889,0.04341342170671085,0.037727837613918805,0.02266984258492129,0.029826014913007456,0.029691383595691796,0.04682062966031483,0.014333057166528584,0.0061412593206296604,0.007787903893951947,0.014436619718309859,0.005903065451532726,0.013680613090306545,0.0017502071251035626,0.0007870753935376967,0.002216238608119304,8.285004142502072e-05,0.0002899751449875725,3.106876553438277e-05,0.0,0.0,0.0,0.0,0.0,0.0,0.0,0.0,0.0,0.0,0.0,0.0,0.0,0.0,0.0,0.0,0.0,0.0,0.0,0.0,0.0,0.0,0.0,0.0,0.0,0.0,0.0,0.0,0.0,0.0,0.0,0.0,0.0,0.0,0.0,0.0,0.0,0.0,0.0,nan,nan,4.443968358602505,2.9383342864105155,nan,0.923175326235553,0.023204113172764697,0.0,0.0,0.0,0.0,0.0,0.0,0.0,0.0,0.0,0.0,0.0,0.0,0.0,0.0,0.0,0.0,0.0,0.0,0.0,0.0,0.0,0.0,0.0,0.0,0.0,0.19504266558309635,4.425030475416498,15.383990247866723,9.130434782608697,0.86550182852499,0.9223929182557451,0.02290419501357669,0.0,0.0,0.0,0.0,0.0,0.0,0.0,0.0,0.0,0.0,0.0,0.0,0.0,0.0,0.0,0.0,0.0,0.0,0.0,0.0,0.0,0.0,0.0,0.0,0.0,0.2281368821292776,4.676806083650191,15.576679340937899,8.8212927756654,0.6970849176172372,0.415,0.01122,0.0,0.0,0.0,0.0,0.0,0.0,0.0,0.0,0.0,0.0,0.0,2.7793579845591183,25.623730190979284,1.5969118244616014,0.0,0.0,0.0,0.0,0.0,0.0,0.0,0.0,0.0,0.0,0.0,0.0,0.0,0.0,0.0,0.0,0.4146,0.011116,0.0,0.0,0.0,0.0,0.0,0.0,0.0,0.0,0.0,0.0,0.0,3.003802281368817,25.47528517110267,1.5209125475285175,0.0,0.0,0.0,0.0,0.0,0.0,0.0,0.0,0.0,0.0,0.0,0.0,0.0,0.0,0.0,0.0
50200,4704,2391,0.5082908163265306,1104,970,0.4409013605442177,1322,0.5620748299319728,0.41,2.9563337656722872,3.066251431760375,6.37240356083086,2.122203765499878,8293.476948637344,433.2513787219223,7853.0,8741.354066812992,8719.584511246363,5.645172037200653,7853.0,0.0,28.446641156462587,21.36022138452036,33.442871587462086,19.619665292063218,0.13839285714285715,0.10204081632653061,0.0935374149659864,0.08269557823129252,0.0784438775510204,0.07142857142857142,0.06909013605442177,0.05931122448979592,0.06207482993197279,0.050170068027210885,0.046130952380952384,0.042091836734693876,0.035076530612244895,0.0274234693877551,0.022108843537414966,0.011267006802721089,0.008715986394557822,0.9228021010224309,0.02286539100602064,0.0,0.0,0.0,0.0,0.0,0.0,0.0,0.0,0.0,0.0,0.0,0.0,0.0,0.0,0.0,0.0,0.0,0.0,0.0,0.0,0.0,0.0,0.0,0.0,0.0,0.21045918367346944,4.610969387755103,15.440051020408166,8.973214285714286,0.7653061224489798,4.174712643678161,2.8325490776034674,nan,nan,nan,4.278916060806345,2.866989391460435,4.0718015665796345,2.7943085838771746,0.9515965045157534,0.4148,0.01096,0.0,0.0,0.0,0.0,0.0,0.0,0.0,0.0,0.0,0.0,0.0,2.825255102040812,25.727040816326536,1.4477040816326534,0.0,0.0,0.0,0.0,0.0,0.0,0.0,0.0,0.0,0.0,0.0,0.0,0.0,0.0,0.0,0.0,nan,nan,4.174712643678161,2.8325490776034674,nan,0.4148,0.05377,0.0,0.0,0.0,0.0,0.0,0.0,0.0,0.0,0.0,0.0,0.0,0.0,0.0,0.0,0.0,0.0,0.0,0.0,0.0,0.0,0.0,0.0,0.0004145408163265306,0.0013499149659863946,0.0005527210884353742,0.010703656462585033,0.005505952380952381,0.00011692176870748299,0.0029017857142857144,0.002317176870748299,0.004581207482993197,0.005739795918367347,0.017442602040816328,0.00504889455782313,0.008099489795918367,0.01916454081632653,0.045089285714285714,0.04098639455782313,0.08253613945578231,0.11595450680272108,0.10305059523809523,0.08161139455782312,0.09115646258503401,0.07873086734693878,0.0453656462585034,0.03843537414965986,0.021215986394557823,0.031366921768707486,0.026668792517006802,0.045769557823129255,0.014891581632653061,0.007291666666666667,0.00703656462585034,0.014540816326530611,0.006069302721088435,0.013095238095238096,0.0018601190476190475,0.0005952380952380953,0.0021789965986394556,0.00018069727891156462,0.0003826530612244898,0.0,0.0,0.0,0.0,0.0,0.0,0.0,0.0,0.0,0.0,0.0,0.0,0.0,0.0,0.0,0.0,0.0,0.0,0.0,0.0,0.0,0.0,0.0,0.0,0.0,0.0,0.0,0.0,0.0,0.0,0.0,0.0,0.0,0.0,0.0,0.0,0.0,0.0,0.0,0.0,nan,nan,4.174712643678161,2.8325490776034674,nan,0.9225093468818042,0.022852790244850454,0.0,0.0,0.0,0.0,0.0,0.0,0.0,0.0,0.0,0.0,0.0,0.0,0.0,0.0,0.0,0.0,0.0,0.0,0.0,0.0,0.0,0.0,0.0,0.0,0.0,0.2885821831869511,4.579673776662485,15.43287327478043,9.02132998745295,0.6775407779171897,0.9231047275465286,0.0228744713318901,0.0,0.0,0.0,0.0,0.0,0.0,0.0,0.0,0.0,0.0,0.0,0.0,0.0,0.0,0.0,0.0,0.0,0.0,0.0,0.0,0.0,0.0,0.0,0.0,0.0,0.1297016861219196,4.6433203631647215,15.447470817120626,8.92347600518807,0.8560311284046694,0.4146,0.01104,0.0,0.0,0.0,0.0,0.0,0.0,0.0,0.0,0.0,0.0,0.0,2.973651191969883,25.53324968632372,1.4930991217063994,0.0,0.0,0.0,0.0,0.0,0.0,0.0,0.0,0.0,0.0,0.0,0.0,0.0,0.0,0.0,0.0,0.4148,0.01089,0.0,0.0,0.0,0.0,0.0,0.0,0.0,0.0,0.0,0.0,0.0,2.6718547341115397,25.927367055771732,1.4007782101167319,0.0,0.0,0.0,0.0,0.0,0.0,0.0,0.0,0.0,0.0,0.0,0.0,0.0,0.0,0.0,0.0
50300,4908,2536,0.5167074164629177,1261,1008,0.46230643846780767,1358,0.5533822330888346,0.41,2.90893760539629,3.053923092923218,6.573643410852713,2.114458142689343,8300.819563557892,433.11682164869325,7853.0,8738.266493999958,8719.679186885696,5.676125125095865,7853.0,0.0,27.996943765281173,20.69529470515624,32.71102021174206,18.97904177703329,0.13590057049714752,0.10004074979625102,0.0910757946210269,0.08577832110839446,0.08007334963325183,0.07925835370823146,0.07253463732681337,0.07008964955175224,0.06051344743276284,0.045639771801140996,0.04645476772616137,0.037489812550937245,0.034229828850855744,0.02628361858190709,0.01752241238793806,0.011613691931540342,0.005501222493887531,0.9228070531322787,0.022930948741672643,0.0,0.0,0.0,0.0,0.0,0.0,0.0,0.0,0.0,0.0,0.0,0.0,0.0,0.0,0.0,0.0,0.0,0.0,0.0,0.0,0.0,0.0,0.0,0.0,0.0,0.1528117359413203,4.676039119804401,15.531784841075797,8.740831295843522,0.8985330073349636,4.141477095668432,2.8947341214189675,nan,nan,nan,4.063243581715717,2.8791797254079494,4.2189826302729525,2.9079871112851454,1.0383287502767613,0.4148,0.01095,0.0,0.0,0.0,0.0,0.0,0.0,0.0,0.0,0.0,0.0,0.0,2.720048899755497,25.89853300733497,1.3814180929095359,0.0,0.0,0.0,0.0,0.0,0.0,0.0,0.0,0.0,0.0,0.0,0.0,0.0,0.0,0.0,0.0,nan,nan,4.141477095668432,2.8947341214189675,nan,0.4148,0.05405,0.0,0.0,0.0,0.0,0.0,0.0,0.0,0.0,0.0,0.0,0.0,0.0,0.0,0.0,0.0,0.0,0.0,0.0,0.0,0.0,1.0187449062754686e-05,0.0,0.00033618581907090465,0.0012224938875305623,0.0005603096984515077,0.011022819885900571,0.005002037489812551,0.00019356153219233902,0.0022616136919315403,0.002037489812550937,0.00437041564792176,0.006255093724531377,0.017777098614506926,0.005175224123879381,0.008516707416462918,0.019488590057049716,0.048533007334963324,0.041126731866340666,0.08132640586797066,0.11829665851670741,0.09846169519152405,0.07791361043194785,0.09131010594947025,0.08051140994295028,0.04787082314588427,0.036185819070904644,0.02210676446617767,0.029767726161369194,0.026792991035044823,0.04464140179299104,0.01460880195599022,0.007477587612061939,0.008119396903015485,0.01627954360228199,0.005806845965770171,0.013029747351263244,0.0019661776691116545,0.0007640586797066015,0.0023329258353708233,0.0002139364303178484,0.00032599837000814997,0.0,0.0,0.0,0.0,0.0,0.0,0.0,0.0,0.0,0.0,0.0,0.0,0.0,0.0,0.0,0.0,0.0,0.0,0.0,0.0,0.0,0.0,0.0,0.0,0.0,0.0,0.0,0.0,0.0,0.0,0.0,0.0,0.0,0.0,0.0,0.0,0.0,0.0,0.0,0.0,nan,nan,4.141477095668432,2.8947341214189675,nan,0.9226392395676875,0.02330494000946916,0.0,0.0,0.0,0.0,0.0,0.0,0.0,0.0,0.0,0.0,0.0,0.0,0.0,0.0,0.0,0.0,0.0,0.0,0.0,0.0,0.0,0.0,0.0,0.0,0.0,0.18927444794952686,4.8383280757097795,15.094637223974766,8.966876971608833,0.910883280757098,0.922986469321066,0.02252284922349106,0.0,0.0,0.0,0.0,0.0,0.0,0.0,0.0,0.0,0.0,0.0,0.0,0.0,0.0,0.0,0.0,0.0,0.0,0.0,0.0,0.0,0.0,0.0,0.0,0.0,0.11382799325463747,4.502529510961215,15.999156829679599,8.499156829679597,0.8853288364249581,0.415,0.01106,0.0,0.0,0.0,0.0,0.0,0.0,0.0,0.0,0.0,0.0,0.0,2.720820189274444,25.847791798107263,1.431388012618297,0.0,0.0,0.0,0.0,0.0,0.0,0.0,0.0,0.0,0.0,0.0,0.0,0.0,0.0,0.0,0.0,0.4148,0.010826,0.0,0.0,0.0,0.0,0.0,0.0,0.0,0.0,0.0,0.0,0.0,2.719224283305224,25.952782462057343,1.3279932546374371,0.0,0.0,0.0,0.0,0.0,0.0,0.0,0.0,0.0,0.0,0.0,0.0,0.0,0.0,0.0,0.0
50400,4813,2531,0.5258674423436526,1171,991,0.4492000831082485,1339,0.5564097236650738,0.426,3.0157756354075373,3.1316030731367936,6.659810126582278,2.2161158778821224,8309.081862090836,433.085299413026,7853.0,8737.34975695014,8720.294350945547,5.570674401569118,7853.0,0.0,27.74922086017037,20.868401836670472,32.77979145978153,19.094260479874404,0.14336172865156868,0.10367753999584459,0.08830251402451693,0.08934136713068772,0.07874506544774569,0.07500519426553086,0.07001869935591107,0.060876792021608145,0.062331186370247246,0.052565967172241844,0.041761894868065655,0.036359858715977564,0.03719094120091419,0.024724703926864742,0.018491585289840018,0.011011842925410346,0.006233118637024725,0.9245254097201833,0.022780265525916468,0.0,0.0,0.0,0.0,0.0,0.0,0.0,0.0,0.0,0.0,0.0,0.0,0.0,0.0,0.0,0.0,0.0,0.0,0.0,0.0,0.0,0.0,0.0,0.0,0.0,0.20569291502181597,3.9829628090587996,15.134012050696034,9.698732599210473,0.978599626012882,4.295315024232633,2.9121816496457704,nan,nan,nan,4.258777633289987,2.9009444789462724,4.331406551059731,2.92279089705512,1.0170539351953993,0.4158,0.011116,0.0,0.0,0.0,0.0,0.0,0.0,0.0,0.0,0.0,0.0,0.0,2.4059837938915405,25.99833783503013,1.59567837107833,0.0,0.0,0.0,0.0,0.0,0.0,0.0,0.0,0.0,0.0,0.0,0.0,0.0,0.0,0.0,0.0,nan,nan,4.295315024232633,2.9121816496457704,nan,0.4158,0.05374,0.0,0.0,0.0,0.0,0.0,0.0,0.0,0.0,0.0,0.0,0.0,0.0,0.0,0.0,0.0,0.0,0.0,0.0,0.0,0.0,0.0,0.0,1.0388531061707875e-05,0.001153126947849574,0.0006337003947641804,0.010762518179929358,0.0050280490338666115,7.271971743195512e-05,0.002088094743403283,0.001734884687305215,0.0036671514647828797,0.0052462081861624765,0.01671514647828797,0.004332017452732184,0.008154996883440681,0.01759817161853314,0.049626012881778515,0.043226677747766465,0.07956575940162061,0.12027841263245377,0.09888842717639726,0.07790359443174735,0.09046332848535217,0.08122792437149387,0.04836900062331186,0.03690006233118637,0.021535424890920425,0.030801994597963848,0.026760856014959485,0.04281113650529815,0.014003739871182214,0.007884895075836276,0.009547060045709536,0.01919800540203615,0.0057448576771244545,0.012061084562642842,0.0018803241221691254,0.0005609806773322252,0.003085393725327239,0.00014543943486391024,0.0003220444629129441,0.0,0.0,0.0,0.0,1.0388531061707875e-05,0.0,0.0,0.0,0.0,0.0,0.0,0.0,0.0,0.0,0.0,0.0,0.0,0.0,0.0,0.0,0.0,0.0,0.0,0.0,0.0,0.0,0.0,0.0,0.0,0.0,0.0,0.0,0.0,0.0,0.0,0.0,0.0,0.0,0.0,0.0,nan,nan,4.295315024232633,2.9121816496457704,nan,0.9246703918062148,0.022489492002164196,0.0,0.0,0.0,0.0,0.0,0.0,0.0,0.0,0.0,0.0,0.0,0.0,0.0,0.0,0.0,0.0,0.0,0.0,0.0,0.0,0.0,0.0,0.0,0.0,0.0,0.18964836033188467,3.792967206637693,15.574871592256029,9.411299881469777,1.0312129593046229,0.9243646079411536,0.023097421478694657,0.0,0.0,0.0,0.0,0.0,0.0,0.0,0.0,0.0,0.0,0.0,0.0,0.0,0.0,0.0,0.0,0.0,0.0,0.0,0.0,0.0,0.0,0.0,0.0,0.0,0.2234881682734444,4.193689745836986,14.645048203330415,10.017528483786155,0.9202453987730064,0.4158,0.01108,0.0,0.0,0.0,0.0,0.0,0.0,0.0,0.0,0.0,0.0,0.0,2.465428684314497,25.875148162781514,1.659423152903991,0.0,0.0,0.0,0.0,0.0,0.0,0.0,0.0,0.0,0.0,0.0,0.0,0.0,0.0,0.0,0.0,0.4158,0.011154,0.0,0.0,0.0,0.0,0.0,0.0,0.0,0.0,0.0,0.0,0.0,2.3400525854513554,26.13496932515338,1.5249780893952678,0.0,0.0,0.0,0.0,0.0,0.0,0.0,0.0,0.0,0.0,0.0,0.0,0.0,0.0,0.0,0.0
50500,4947,2557,0.5168789165150597,1240,1014,0.45562967455023246,1408,0.5692338791186577,0.414,2.992468619246862,3.0715228961762455,6.61631419939577,2.072166214305151,8301.05275312978,433.19329859918776,7853.0,8741.2733471632,8719.84277267619,5.635023633024881,7853.0,0.0,28.11724277339802,20.82146619370294,33.24691656590085,18.91431003520646,0.14473418233272692,0.09177279159086314,0.08368708308065494,0.09298564786739438,0.0784313725490196,0.07701637355973318,0.07095209217707701,0.06488781079442087,0.06347281180513442,0.056397816858702245,0.044269254093389936,0.038811400848999394,0.03173640590256721,0.025065696381645443,0.017788558722458055,0.009904992925005053,0.008085708510208208,0.9229124487229543,0.023347878990355328,0.0,0.0,0.0,0.0,0.0,0.0,0.0,0.0,0.0,0.0,0.0,0.0,0.0,0.0,0.0,0.0,0.0,0.0,0.0,0.0,0.0,0.0,0.0,0.0,0.006064281382656156,0.21224984839296548,4.687689508793209,15.245603395997577,8.975136446331112,0.8732565191024866,4.280794291033199,2.8786007502663065,nan,nan,nan,4.2450495049504955,2.845545458773291,4.316739265712508,2.9110201653512684,1.0168878503486023,0.4158,0.01084,0.0,0.0,0.0,0.0,0.0,0.0,0.0,0.0,0.0,0.0,0.0,2.104305639781683,26.27046694966647,1.62522741055185,0.0,0.0,0.0,0.0,0.0,0.0,0.0,0.0,0.0,0.0,0.0,0.0,0.0,0.0,0.0,0.0,nan,nan,4.280794291033199,2.8786007502663065,nan,0.4158,0.05402,0.0,0.0,0.0,0.0,0.0,0.0,0.0,0.0,0.0,0.0,0.0,0.0,0.0,0.0,0.0,0.0,0.0,0.0,0.0,0.0,0.0,0.0,0.0,0.0011117849201536284,0.0006670709520921771,0.010187992722862341,0.0047200323428340405,0.00013139276329088336,0.0022437841115827773,0.0017485344653325248,0.0043966040024257125,0.00584192439862543,0.016282595512431778,0.004649282393369719,0.008661815241560542,0.0179805942995755,0.04966646452395391,0.04436021831412978,0.07957347887608651,0.11908227208409136,0.09747321609055994,0.07714776632302406,0.08968061451384678,0.07966444309682635,0.04925207196280574,0.03704265211239135,0.02078027087123509,0.029876692945219326,0.026430159692743076,0.04454214675560946,0.015009096422073985,0.007934101475641803,0.00974327875480089,0.0194562361026885,0.005902567212451991,0.013199919142914898,0.0014251061249241964,0.0007984637153830604,0.003001819284414797,2.0214271275520517e-05,0.00031332120477056805,0.0,0.0,0.0,0.0,0.0,0.0,0.0,0.0,0.0,0.0,0.0,0.0,0.0,0.0,0.0,0.0,0.0,0.0,0.0,0.0,0.0,0.0,0.0,0.0,0.0,0.0,0.0,0.0,0.0,0.0,0.0,0.0,0.0,0.0,0.0,0.0,0.0,0.0,0.0,0.0,nan,nan,4.280794291033199,2.8786007502663065,nan,0.9225415699315062,0.023104046658685908,0.0,0.0,0.0,0.0,0.0,0.0,0.0,0.0,0.0,0.0,0.0,0.0,0.0,0.0,0.0,0.0,0.0,0.0,0.0,0.0,0.0,0.0,0.0,0.0,0.01173249902229175,0.2111849824012515,4.681267109894408,15.55729370355886,8.71724677356277,0.8212749315604225,0.9233092424759805,0.02359950760036419,0.0,0.0,0.0,0.0,0.0,0.0,0.0,0.0,0.0,0.0,0.0,0.0,0.0,0.0,0.0,0.0,0.0,0.0,0.0,0.0,0.0,0.0,0.0,0.0,0.0,0.2133891213389122,4.6945606694560675,14.912133891213392,9.251046025104603,0.9288702928870295,0.4158,0.010735,0.0,0.0,0.0,0.0,0.0,0.0,0.0,0.0,0.0,0.0,0.0,2.02972233085647,26.503715291357064,1.466562377786469,0.0,0.0,0.0,0.0,0.0,0.0,0.0,0.0,0.0,0.0,0.0,0.0,0.0,0.0,0.0,0.0,0.416,0.010956,0.0,0.0,0.0,0.0,0.0,0.0,0.0,0.0,0.0,0.0,0.0,2.184100418410039,26.020920502092057,1.7949790794979084,0.0,0.0,0.0,0.0,0.0,0.0,0.0,0.0,0.0,0.0,0.0,0.0,0.0,0.0,0.0,0.0
50600,5156,2641,0.5122187742435997,1240,1105,0.4548099301784329,1478,0.5733126454615981,0.37799999999999995,2.926838966202783,3.099447675402374,6.6992481203007515,2.1687630735659864,8297.05996027476,433.3565033532706,7853.0,8739.446540290117,8719.934174621982,5.650150394084634,7853.0,0.0,27.40632273079907,20.606869885494284,32.46454312950477,18.819446098636536,0.14681923972071373,0.09930178432893716,0.0899922420480993,0.08727695888285493,0.08514352211016292,0.07505818463925523,0.07525213343677269,0.06380915438324282,0.055857253685027156,0.04829325058184639,0.04325058184639255,0.041505042668735455,0.03238944918541505,0.02230411171450737,0.018231186966640806,0.01008533747090768,0.005430566330488751,0.9230139537940569,0.023401299442263174,0.0,0.0,0.0,0.0,0.0,0.0,0.0,0.0,0.0,0.0,0.0,0.0,0.0,0.0,0.0,0.0,0.0,0.0,0.0,0.0,0.0,0.0,0.0,0.0,0.0,0.2327385570209465,4.730411171450737,15.256012412723043,8.867339022498061,0.9134988363072151,4.2960725075528705,2.922040886672043,nan,nan,nan,4.3206487835308796,2.8913779506819988,4.272993555946104,2.9503591674087777,0.9889703537657529,0.416,0.010605,0.0,0.0,0.0,0.0,0.0,0.0,0.0,0.0,0.0,0.0,0.0,1.9782777346780422,26.485647788983712,1.536074476338247,0.0,0.0,0.0,0.0,0.0,0.0,0.0,0.0,0.0,0.0,0.0,0.0,0.0,0.0,0.0,0.0,nan,nan,4.2960725075528705,2.922040886672043,nan,0.416,0.0534,0.0,0.0,0.0,0.0,0.0,0.0,0.0,0.0,0.0,0.0,0.0,0.0,0.0,0.0,0.0,0.0,0.0,0.0,0.0,0.0,0.0,0.0,0.0,0.0011442979053529869,0.0004072924747866563,0.008873157486423585,0.00430566330488751,0.00010667183863460047,0.0022595034910783554,0.0015515903801396431,0.00574088440651668,0.005915438324282389,0.016747478665632275,0.003568657874321179,0.007728859581070597,0.018997284716834754,0.05230799069045772,0.04376454615981381,0.07752133436772692,0.11932699767261443,0.09689681923972071,0.07600853374709077,0.09010861132660977,0.08209852598913887,0.04958301008533747,0.035754460822342904,0.020044608223429013,0.0339022498060512,0.026920093095422808,0.04587858805275407,0.01400310318076028,0.007127618308766486,0.008553141970519783,0.0185899922420481,0.005091155934833204,0.013382467028704423,0.0013770364623739333,0.0010376260667183863,0.002938324282389449,0.0,0.00043638479441427465,0.0,0.0,0.0,0.0,0.0,0.0,0.0,0.0,0.0,0.0,0.0,0.0,0.0,0.0,0.0,0.0,0.0,0.0,0.0,0.0,0.0,0.0,0.0,0.0,0.0,0.0,0.0,0.0,0.0,0.0,0.0,0.0,0.0,0.0,0.0,0.0,0.0,0.0,0.0,0.0,nan,nan,4.2960725075528705,2.922040886672043,nan,0.9229897252992444,0.023216123183123914,0.0,0.0,0.0,0.0,0.0,0.0,0.0,0.0,0.0,0.0,0.0,0.0,0.0,0.0,0.0,0.0,0.0,0.0,0.0,0.0,0.0,0.0,0.0,0.0,0.0,0.23854600530102238,4.645967436577055,15.550927678909506,8.735327527451725,0.8292313517606968,0.9230393961220091,0.023594161817484267,0.0,0.0,0.0,0.0,0.0,0.0,0.0,0.0,0.0,0.0,0.0,0.0,0.0,0.0,0.0,0.0,0.0,0.0,0.0,0.0,0.0,0.0,0.0,0.0,0.0,0.22664015904572568,4.819085487077536,14.946322067594437,9.005964214711732,1.0019880715705767,0.4158,0.01046,0.0,0.0,0.0,0.0,0.0,0.0,0.0,0.0,0.0,0.0,0.0,2.0106020446800428,26.69443392654298,1.2949640287769788,0.0,0.0,0.0,0.0,0.0,0.0,0.0,0.0,0.0,0.0,0.0,0.0,0.0,0.0,0.0,0.0,0.4163,0.01074,0.0,0.0,0.0,0.0,0.0,0.0,0.0,0.0,0.0,0.0,0.0,1.944333996023854,26.266401590457264,1.789264413518887,0.0,0.0,0.0,0.0,0.0,0.0,0.0,0.0,0.0,0.0,0.0,0.0,0.0,0.0,0.0,0.0
50700,4572,2346,0.5131233595800525,1070,944,0.4405074365704287,1309,0.5726159230096238,0.39799999999999996,2.983378256963163,3.055225811603232,6.47196261682243,1.9906304387740676,8298.033460439465,433.5207510340679,7853.0,8740.022139781713,8720.303061009898,5.608423886826447,7853.0,0.0,27.838363954505688,21.026644092740888,32.95283018867924,19.25869014440189,0.14435695538057744,0.09908136482939632,0.09273840769903761,0.09142607174103237,0.08005249343832022,0.06955380577427822,0.0688976377952756,0.0621172353455818,0.0568678915135608,0.05402449693788276,0.047244094488188976,0.03740157480314961,0.033027121609798774,0.024278215223097113,0.018810148731408575,0.013560804899387576,0.006561679790026247,0.9234731422634576,0.022724339651567345,0.0,0.0,0.0,0.0,0.0,0.0,0.0,0.0,0.0,0.0,0.0,0.0,0.0,0.0,0.0,0.0,0.0,0.0,0.0,0.0,0.0,0.0,0.0,0.0,0.0,0.15748031496062995,4.370078740157481,15.715223097112863,8.897637795275593,0.8595800524934385,4.266871165644171,2.794363293462194,nan,nan,nan,4.266117969821673,2.7791041558864906,4.267615176151762,2.8093547761745348,1.000350952866442,0.4165,0.01052,0.0,0.0,0.0,0.0,0.0,0.0,0.0,0.0,0.0,0.0,0.0,1.7060367454068217,26.63385826771654,1.6601049868766409,0.0,0.0,0.0,0.0,0.0,0.0,0.0,0.0,0.0,0.0,0.0,0.0,0.0,0.0,0.0,0.0,nan,nan,4.266871165644171,2.794363293462194,nan,0.4165,0.0533,0.0,0.0,0.0,0.0,0.0,0.0,0.0,0.0,0.0,0.0,0.0,0.0,0.0,0.0,0.0,0.0,0.0,0.0,0.0,0.0,0.0,0.0,0.0,0.0005905511811023622,0.0006780402449693789,0.008617672790901138,0.004254155730533683,0.00027340332458442696,0.0025918635170603674,0.002230971128608924,0.0046150481189851265,0.004800962379702537,0.017377515310586178,0.002810586176727909,0.007174103237095363,0.017607174103237096,0.0527668416447944,0.04359142607174103,0.0777668416447944,0.11729002624671916,0.09910323709536308,0.07699037620297462,0.0865923009623797,0.08227252843394575,0.049157917760279966,0.038003062117235344,0.020680227471566053,0.03304899387576553,0.0255249343832021,0.049650043744531934,0.015321522309711287,0.008191163604549431,0.008256780402449693,0.01792432195975503,0.004254155730533683,0.01433727034120735,0.001126421697287839,0.0010717410323709535,0.0031933508311461065,0.0,0.00026246719160104987,0.0,0.0,0.0,0.0,0.0,0.0,0.0,0.0,0.0,0.0,0.0,0.0,0.0,0.0,0.0,0.0,0.0,0.0,0.0,0.0,0.0,0.0,0.0,0.0,0.0,0.0,0.0,0.0,0.0,0.0,0.0,0.0,0.0,0.0,0.0,0.0,0.0,0.0,0.0,0.0,nan,nan,4.266871165644171,2.794363293462194,nan,0.923812848248242,0.023239769444460524,0.0,0.0,0.0,0.0,0.0,0.0,0.0,0.0,0.0,0.0,0.0,0.0,0.0,0.0,0.0,0.0,0.0,0.0,0.0,0.0,0.0,0.0,0.0,0.0,0.0,0.21739130434782614,4.360613810741689,15.319693094629159,9.168797953964196,0.9335038363171357,0.9231151232875796,0.02216252208376208,0.0,0.0,0.0,0.0,0.0,0.0,0.0,0.0,0.0,0.0,0.0,0.0,0.0,0.0,0.0,0.0,0.0,0.0,0.0,0.0,0.0,0.0,0.0,0.0,0.0,0.09433962264150945,4.380053908355796,16.132075471698116,8.611859838274935,0.7816711590296498,0.4165,0.010574,0.0,0.0,0.0,0.0,0.0,0.0,0.0,0.0,0.0,0.0,0.0,1.790281329923271,26.496163682864456,1.7135549872122766,0.0,0.0,0.0,0.0,0.0,0.0,0.0,0.0,0.0,0.0,0.0,0.0,0.0,0.0,0.0,0.0,0.4165,0.01046,0.0,0.0,0.0,0.0,0.0,0.0,0.0,0.0,0.0,0.0,0.0,1.6172506738544452,26.778975741239897,1.6037735849056607,0.0,0.0,0.0,0.0,0.0,0.0,0.0,0.0,0.0,0.0,0.0,0.0,0.0,0.0,0.0,0.0
50800,4491,2363,0.5261634379870853,1128,884,0.4480071253618348,1206,0.5370741482965932,0.422,3.0281954887218046,3.187315398655421,6.816949152542373,2.1073843167375723,8309.340254901057,433.07330923800725,7853.0,8740.78858038187,8720.29753904386,5.538383509454885,7853.0,0.0,27.692718770875082,20.7306310322069,32.56147323794383,19.03486911535472,0.1387218882208862,0.10242707637497217,0.0944110443108439,0.08750835003340013,0.08149632598530394,0.07726564239590292,0.06791360498775328,0.06212424849699399,0.05989757292362503,0.053440213760855046,0.0447561790247161,0.03963482520596749,0.03206412825651302,0.025829436651079937,0.01558672901358272,0.008684034736138945,0.008238699621465152,0.9238505897928627,0.02298095568310763,0.0,0.0,0.0,0.0,0.0,0.0,0.0,0.0,0.0,0.0,0.0,0.0,0.0,0.0,0.0,0.0,0.0,0.0,0.0,0.0,0.0,0.0,0.0,0.0,0.0,0.15364061456245828,4.321977287909152,15.223780895123584,9.251837007348032,1.0487641950567805,4.287156282631396,2.973961489807379,nan,nan,nan,4.3356692361597755,2.9884400540194447,4.239280774550484,2.958824022033893,0.9777684928533281,0.4165,0.01095,0.0,0.0,0.0,0.0,0.0,0.0,0.0,0.0,0.0,0.0,0.0,1.9372077488309924,26.038744154976627,2.0240480961923852,0.0,0.0,0.0,0.0,0.0,0.0,0.0,0.0,0.0,0.0,0.0,0.0,0.0,0.0,0.0,0.0,nan,nan,4.287156282631396,2.973961489807379,nan,0.4165,0.05325,0.0,0.0,0.0,0.0,0.0,0.0,0.0,0.0,0.0,0.0,0.0,0.0,0.0,0.0,0.0,0.0,0.0,0.0,0.0,0.0,0.0,0.0,1.11333778668448e-05,0.0004342017368069472,0.0005121353818748609,0.009051436205744823,0.0047205522155421955,0.00027833444667112,0.0031952794477844576,0.002794477844578045,0.0037742150968603874,0.004397684257403696,0.017523936762413716,0.0026163437987085283,0.006824760632375863,0.018503674014696058,0.05250501002004008,0.041750167000668005,0.07776664439991093,0.11781340458695168,0.09613671788020485,0.07899131596526386,0.08727454909819639,0.07828991315965264,0.05143620574482298,0.04140503228679581,0.02137608550434202,0.0320084613671788,0.025807169895346246,0.05011133377866845,0.01625473168559341,0.008695168114005789,0.008461367178802049,0.015486528612781119,0.004520151413938989,0.013794255177020709,0.0013805388554887553,0.0007570696949454464,0.0031507459363170785,0.0,0.0001892674237363616,0.0,0.0,0.0,0.0,0.0,0.0,0.0,0.0,0.0,0.0,0.0,0.0,0.0,0.0,0.0,0.0,0.0,0.0,0.0,0.0,0.0,0.0,0.0,0.0,0.0,0.0,0.0,0.0,0.0,0.0,0.0,0.0,0.0,0.0,0.0,0.0,0.0,0.0,0.0,0.0,nan,nan,4.287156282631396,2.973961489807379,nan,0.9238591532408561,0.022657983466818233,0.0,0.0,0.0,0.0,0.0,0.0,0.0,0.0,0.0,0.0,0.0,0.0,0.0,0.0,0.0,0.0,0.0,0.0,0.0,0.0,0.0,0.0,0.0,0.0,0.0,0.13965298349555652,4.265763859500636,15.272958104104955,9.344054168429963,0.9775708844688956,0.9238410806633476,0.02333435334887984,0.0,0.0,0.0,0.0,0.0,0.0,0.0,0.0,0.0,0.0,0.0,0.0,0.0,0.0,0.0,0.0,0.0,0.0,0.0,0.0,0.0,0.0,0.0,0.0,0.0,0.16917293233082709,4.384398496240602,15.16917293233083,9.149436090225565,1.1278195488721807,0.4165,0.010956,0.0,0.0,0.0,0.0,0.0,0.0,0.0,0.0,0.0,0.0,0.0,1.866271688531525,26.06432501057978,2.0694033008887014,0.0,0.0,0.0,0.0,0.0,0.0,0.0,0.0,0.0,0.0,0.0,0.0,0.0,0.0,0.0,0.0,0.4165,0.01093,0.0,0.0,0.0,0.0,0.0,0.0,0.0,0.0,0.0,0.0,0.0,2.0159774436090196,26.010338345864668,1.9736842105263162,0.0,0.0,0.0,0.0,0.0,0.0,0.0,0.0,0.0,0.0,0.0,0.0,0.0,0.0,0.0,0.0
50900,4655,2401,0.5157894736842106,1144,940,0.4476906552094522,1311,0.563265306122449,0.40199999999999997,2.992014196983141,3.125293686682093,6.570552147239264,2.1463889639820595,8300.238407434947,433.350012780955,7853.0,8743.109514558315,8720.094871557547,5.621088427566494,7853.0,0.0,27.480128893662727,20.619565192473708,32.46120246659815,18.88204543115081,0.14221267454350162,0.09903329752953813,0.09946294307196563,0.08592910848549946,0.07776584317937701,0.07905477980665951,0.06723952738990333,0.0653061224489796,0.05735767991407089,0.05671321160042964,0.04382384532760473,0.03845327604726101,0.031364124597207305,0.023630504833512353,0.016970998925886143,0.00816326530612245,0.007518796992481203,0.9232869786811566,0.022861263147339543,0.0,0.0,0.0,0.0,0.0,0.0,0.0,0.0,0.0,0.0,0.0,0.0,0.0,0.0,0.0,0.0,0.0,0.0,0.0,0.0,0.0,0.0,0.0,0.0,0.0,0.18045112781954892,4.595059076262085,15.203007518796996,9.203007518796994,0.8184747583243825,4.263739946380697,2.914293876911665,nan,nan,nan,4.188502673796791,2.852764191694664,4.339381720430108,2.972952922616832,1.0360221917911652,0.4163,0.01104,0.0,0.0,0.0,0.0,0.0,0.0,0.0,0.0,0.0,0.0,0.0,2.146079484425346,26.017185821697105,1.8367346938775515,0.0,0.0,0.0,0.0,0.0,0.0,0.0,0.0,0.0,0.0,0.0,0.0,0.0,0.0,0.0,0.0,nan,nan,4.263739946380697,2.914293876911665,nan,0.4163,0.05365,0.0,0.0,0.0,0.0,0.0,0.0,0.0,0.0,0.0,0.0,0.0,0.0,0.0,0.0,0.0,0.0,0.0,0.0,0.0,0.0,0.0,0.0,3.22234156820623e-05,0.00027926960257787324,0.0007089151450053705,0.00945220193340494,0.0055531686358754025,0.0002900107411385607,0.004339419978517723,0.0028678839957035447,0.003630504833512352,0.004715359828141783,0.01899033297529538,0.0020408163265306124,0.007035445757250268,0.01832438238453276,0.05073039742212675,0.03987110633727175,0.07448979591836735,0.11861439312567132,0.09586466165413533,0.07946294307196562,0.08679914070891515,0.08141783029001073,0.05400644468313641,0.03937701396348013,0.020472610096670247,0.03352309344790548,0.02489795918367347,0.05033297529538131,0.016498388829215897,0.008345864661654136,0.007969924812030075,0.014758324382384534,0.00476906552094522,0.01397422126745435,0.0015896885069817401,0.0006122448979591836,0.0031901181525241674,0.0,0.00013963480128893662,3.22234156820623e-05,0.0,0.0,0.0,0.0,0.0,0.0,0.0,0.0,0.0,0.0,0.0,0.0,0.0,0.0,0.0,0.0,0.0,0.0,0.0,0.0,0.0,0.0,0.0,0.0,0.0,0.0,0.0,0.0,0.0,0.0,0.0,0.0,0.0,0.0,0.0,0.0,0.0,0.0,0.0,nan,nan,4.263739946380697,2.914293876911665,nan,0.9231114630796471,0.022651317031760695,0.0,0.0,0.0,0.0,0.0,0.0,0.0,0.0,0.0,0.0,0.0,0.0,0.0,0.0,0.0,0.0,0.0,0.0,0.0,0.0,0.0,0.0,0.0,0.0,0.0,0.17492711370262395,4.548104956268222,15.3436068304873,9.158683881715953,0.774677217825906,0.9234739409523298,0.023081333084366024,0.0,0.0,0.0,0.0,0.0,0.0,0.0,0.0,0.0,0.0,0.0,0.0,0.0,0.0,0.0,0.0,0.0,0.0,0.0,0.0,0.0,0.0,0.0,0.0,0.0,0.18633540372670812,4.645075421472938,15.053238686779062,9.250221827861582,0.8651286601597162,0.4163,0.010956,0.0,0.0,0.0,0.0,0.0,0.0,0.0,0.0,0.0,0.0,0.0,1.99916701374427,26.264056643065395,1.7367763431903378,0.0,0.0,0.0,0.0,0.0,0.0,0.0,0.0,0.0,0.0,0.0,0.0,0.0,0.0,0.0,0.0,0.4163,0.01113,0.0,0.0,0.0,0.0,0.0,0.0,0.0,0.0,0.0,0.0,0.0,2.302573203194318,25.754214729370016,1.9432120674356703,0.0,0.0,0.0,0.0,0.0,0.0,0.0,0.0,0.0,0.0,0.0,0.0,0.0,0.0,0.0,0.0
51000,4450,2334,0.5244943820224719,1068,942,0.451685393258427,1252,0.5626966292134832,0.414,2.984877126654064,3.0351996153678233,6.441368078175896,2.139815378659213,8307.869879414447,433.1262294889457,7853.0,8743.353204989433,8720.25405458196,5.725001541809276,7853.0,0.0,28.73932584269663,21.18549226927662,33.51271186440678,19.440569678521577,0.13101123595505618,0.1,0.08808988764044944,0.08561797752808989,0.08247191011235955,0.07573033707865169,0.07078651685393259,0.06179775280898876,0.05348314606741573,0.05640449438202247,0.048314606741573035,0.04359550561797753,0.03550561797752809,0.026741573033707864,0.02,0.01146067415730337,0.008988764044943821,0.9239849547053991,0.02313628394423318,0.0,0.0,0.0,0.0,0.0,0.0,0.0,0.0,0.0,0.0,0.0,0.0,0.0,0.0,0.0,0.0,0.0,0.0,0.0,0.0,0.0,0.0,0.0,0.0,0.0,0.16853932584269665,4.483146067415731,15.060674157303374,9.229213483146069,1.058426966292135,4.155972696245734,2.8400908795376005,nan,nan,nan,4.155888359428182,2.8494444976750817,4.15605749486653,2.8306548789851202,1.000040697781971,0.4165,0.01099,0.0,0.0,0.0,0.0,0.0,0.0,0.0,0.0,0.0,0.0,0.0,2.1235955056179745,25.961797752808994,1.9146067415730341,0.0,0.0,0.0,0.0,0.0,0.0,0.0,0.0,0.0,0.0,0.0,0.0,0.0,0.0,0.0,0.0,nan,nan,4.155972696245734,2.8400908795376005,nan,0.4165,0.0529,0.0,0.0,0.0,0.0,0.0,0.0,0.0,0.0,0.0,0.0,0.0,0.0,0.0,0.0,0.0,0.0,0.0,0.0,0.0,0.0,1.1235955056179776e-05,0.0,4.4943820224719104e-05,0.00021348314606741572,0.0004943820224719101,0.009528089887640449,0.00452808988764045,0.00011235955056179776,0.0043370786516853934,0.002460674157303371,0.0030337078651685393,0.0046404494382022475,0.018224719101123596,0.002640449438202247,0.006775280898876405,0.018842696629213482,0.0518876404494382,0.0421685393258427,0.07313483146067416,0.11638202247191011,0.09591011235955056,0.07842696629213483,0.0861123595505618,0.08261797752808989,0.05834831460674157,0.040797752808988764,0.019258426966292135,0.035629213483146065,0.02447191011235955,0.04889887640449438,0.01649438202247191,0.00903370786516854,0.007157303370786517,0.014887640449438203,0.004707865168539326,0.012876404494382022,0.0013595505617977528,0.0003146067415730337,0.0031685393258426967,0.0,6.741573033707865e-05,0.0,0.0,0.0,0.0,0.0,0.0,0.0,0.0,0.0,0.0,0.0,0.0,0.0,0.0,0.0,0.0,0.0,0.0,0.0,0.0,0.0,0.0,0.0,0.0,0.0,0.0,0.0,0.0,0.0,0.0,0.0,0.0,0.0,0.0,0.0,0.0,0.0,0.0,0.0,0.0,nan,nan,4.155972696245734,2.8400908795376005,nan,0.9239392640402712,0.023172871828368146,0.0,0.0,0.0,0.0,0.0,0.0,0.0,0.0,0.0,0.0,0.0,0.0,0.0,0.0,0.0,0.0,0.0,0.0,0.0,0.0,0.0,0.0,0.0,0.0,0.0,0.12853470437017997,4.640102827763497,15.089974293059129,9.035989717223652,1.1053984575835478,0.9240353526318682,0.023095754543936538,0.0,0.0,0.0,0.0,0.0,0.0,0.0,0.0,0.0,0.0,0.0,0.0,0.0,0.0,0.0,0.0,0.0,0.0,0.0,0.0,0.0,0.0,0.0,0.0,0.0,0.21266540642722123,4.310018903591684,15.028355387523632,9.442344045368621,1.006616257088847,0.4163,0.01098,0.0,0.0,0.0,0.0,0.0,0.0,0.0,0.0,0.0,0.0,0.0,2.275064267352182,25.912596401028285,1.8123393316195378,0.0,0.0,0.0,0.0,0.0,0.0,0.0,0.0,0.0,0.0,0.0,0.0,0.0,0.0,0.0,0.0,0.4165,0.010994,0.0,0.0,0.0,0.0,0.0,0.0,0.0,0.0,0.0,0.0,0.0,1.9565217391304317,26.016068052930063,2.027410207939509,0.0,0.0,0.0,0.0,0.0,0.0,0.0,0.0,0.0,0.0,0.0,0.0,0.0,0.0,0.0,0.0
51100,4423,2295,0.5188785891928556,1063,915,0.44720777752656565,1222,0.5525661315848971,0.426,3.06203007518797,3.1542288738405095,6.716216216216216,2.137315000815277,8303.131553493742,433.4636904166915,7853.0,8740.489109688997,8720.508436210377,5.599013494171998,7853.0,0.0,27.75288265882885,20.899828379792815,32.7010781671159,19.18937750632217,0.13836762378476147,0.10535835405833145,0.09473208229708342,0.08636671942120733,0.0816188107619263,0.07189690255482704,0.06556635767578567,0.06556635767578567,0.06307935790187655,0.05245308614062853,0.04386163237621524,0.03798326927424825,0.030748360841058104,0.023287361519330772,0.018991634637124125,0.013113271535157133,0.007008817544652951,0.925095430049534,0.02304508842061642,0.0,0.0,0.0,0.0,0.0,0.0,0.0,0.0,0.0,0.0,0.0,0.0,0.0,0.0,0.0,0.0,0.0,0.0,0.0,0.0,0.0,0.0,0.0,0.0,0.0,0.15600271309066246,3.9950260004521825,14.921998643454671,9.977390911146282,0.9495817318562064,4.3793470546486875,2.958038571848076,nan,nan,nan,4.358156028368795,2.944176991971154,4.395877754086709,2.967544900588776,1.0086554325894646,0.416,0.01131,0.0,0.0,0.0,0.0,0.0,0.0,0.0,0.0,0.0,0.0,0.0,2.448564322857785,25.652272213429807,1.8991634637124128,0.0,0.0,0.0,0.0,0.0,0.0,0.0,0.0,0.0,0.0,0.0,0.0,0.0,0.0,0.0,0.0,nan,nan,4.3793470546486875,2.958038571848076,nan,0.416,0.0532,0.0,0.0,0.0,0.0,0.0,0.0,0.0,0.0,0.0,0.0,0.0,0.0,0.0,0.0,0.0,0.0,0.0,0.0,0.0,0.0,0.0,0.0,4.521817770743839e-05,7.913181098801718e-05,0.0005765317657698395,0.00902102645263396,0.005132263169794257,9.043635541487678e-05,0.004555731404024418,0.003052226995252091,0.0032104906172281257,0.003945286004974,0.020924711734117116,0.0026339588514582863,0.007065340266787248,0.01827944833823197,0.05162785439746778,0.0416346371241239,0.07536739769387293,0.11902554827040471,0.09262943703368755,0.07673524756952295,0.086231064888085,0.08182229256160976,0.061643680759665385,0.03997286909337554,0.017533348406059236,0.033495365136784985,0.023513452407867962,0.04885824101288718,0.016357675785665837,0.009993217273343884,0.00674881302283518,0.016233325796970382,0.00392267691612028,0.01267239430250961,0.00140176350893059,0.0004408772326475243,0.0033800587836310195,0.0,0.00014695907754917476,0.0,0.0,0.0,0.0,0.0,0.0,0.0,0.0,0.0,0.0,0.0,0.0,0.0,0.0,0.0,0.0,0.0,0.0,0.0,0.0,0.0,0.0,0.0,0.0,0.0,0.0,0.0,0.0,0.0,0.0,0.0,0.0,0.0,0.0,0.0,0.0,0.0,0.0,0.0,0.0,nan,nan,4.3793470546486875,2.958038571848076,nan,0.9254548929355763,0.022738857324650575,0.0,0.0,0.0,0.0,0.0,0.0,0.0,0.0,0.0,0.0,0.0,0.0,0.0,0.0,0.0,0.0,0.0,0.0,0.0,0.0,0.0,0.0,0.0,0.0,0.0,0.11764705882352944,3.529411764705883,15.607843137254905,9.686274509803923,1.058823529411765,0.9247077574351228,0.023364657384651284,0.0,0.0,0.0,0.0,0.0,0.0,0.0,0.0,0.0,0.0,0.0,0.0,0.0,0.0,0.0,0.0,0.0,0.0,0.0,0.0,0.0,0.0,0.0,0.0,0.0,0.19736842105263164,4.497180451127821,14.182330827067673,10.291353383458649,0.8317669172932333,0.4158,0.01123,0.0,0.0,0.0,0.0,0.0,0.0,0.0,0.0,0.0,0.0,0.0,2.4836601307189508,25.660130718954253,1.8562091503267977,0.0,0.0,0.0,0.0,0.0,0.0,0.0,0.0,0.0,0.0,0.0,0.0,0.0,0.0,0.0,0.0,0.416,0.01139,0.0,0.0,0.0,0.0,0.0,0.0,0.0,0.0,0.0,0.0,0.0,2.4107142857142825,25.64379699248121,1.9454887218045116,0.0,0.0,0.0,0.0,0.0,0.0,0.0,0.0,0.0,0.0,0.0,0.0,0.0,0.0,0.0,0.0
51200,4366,2271,0.5201557489693083,1086,867,0.4473202015574897,1191,0.5455794777828676,0.418,3.0009546539379475,3.2012824168608125,6.798646362098139,2.180919766342746,8304.12467256111,433.31095076210124,7853.0,8739.495283657312,8720.287679613302,5.713458753071696,7853.0,0.0,27.91433806688044,20.822065153580862,32.794445956983395,19.097952094834323,0.13994502977553824,0.09825927622537792,0.09573980760421438,0.08886852954649564,0.07993586807146129,0.06917086578103528,0.07237746220797069,0.06298671552908841,0.06000916170407696,0.054741181859825926,0.0423728813559322,0.04031149793861658,0.03573064590013743,0.02588181401740724,0.01580393953275309,0.011910215300045808,0.005955107650022904,0.9244773388455015,0.023421477765042636,0.0,0.0,0.0,0.0,0.0,0.0,0.0,0.0,0.0,0.0,0.0,0.0,0.0,0.0,0.0,0.0,0.0,0.0,0.0,0.0,0.0,0.0,0.0,0.0,0.0,0.19239578561612466,4.4594594594594605,14.986257443884567,9.234997709573982,1.126889601465873,4.3267786914551305,2.9861630771766356,nan,nan,nan,4.25177304964539,2.946042009707537,4.403028118240807,3.024498299771927,1.0355745866087638,0.4155,0.01129,0.0,0.0,0.0,0.0,0.0,0.0,0.0,0.0,0.0,0.0,0.0,2.508016491067335,25.726065048098953,1.7659184608337155,0.0,0.0,0.0,0.0,0.0,0.0,0.0,0.0,0.0,0.0,0.0,0.0,0.0,0.0,0.0,0.0,nan,nan,4.3267786914551305,2.9861630771766356,nan,0.4155,0.05353,0.0,0.0,0.0,0.0,0.0,0.0,0.0,0.0,0.0,0.0,0.0,0.0,0.0,0.0,0.0,0.0,0.0,0.0,0.0,0.0,0.0,1.1452130096197893e-05,0.0001488776912505726,0.00010306917086578104,0.00037792029317453046,0.00874942739349519,0.0057260650480989465,0.00019468621163536417,0.004374713696747595,0.0035959688502061383,0.0030462666055886393,0.003527256069628951,0.022354557947778287,0.0030119102153000456,0.006962895098488319,0.016880439761795693,0.05336692624828218,0.04539624370132845,0.07423270728355474,0.12183921209344938,0.0913307375171782,0.07383188273018781,0.08469995419147962,0.08054283096655979,0.06321575813101236,0.03783783783783784,0.018884562528630324,0.035616124599175444,0.022159871736142922,0.049049473202015574,0.015563444800732936,0.008234081539166285,0.004809894640403115,0.016067338524965644,0.004706825469537334,0.01337608795235914,0.0013284470911589556,0.0004809894640403115,0.00413421896472744,2.2904260192395786e-05,0.00020613834173156207,0.0,0.0,0.0,0.0,0.0,0.0,0.0,0.0,0.0,0.0,0.0,0.0,0.0,0.0,0.0,0.0,0.0,0.0,0.0,0.0,0.0,0.0,0.0,0.0,0.0,0.0,0.0,0.0,0.0,0.0,0.0,0.0,0.0,0.0,0.0,0.0,0.0,0.0,0.0,0.0,nan,nan,4.3267786914551305,2.9861630771766356,nan,0.9247193833060959,0.023498312255806533,0.0,0.0,0.0,0.0,0.0,0.0,0.0,0.0,0.0,0.0,0.0,0.0,0.0,0.0,0.0,0.0,0.0,0.0,0.0,0.0,0.0,0.0,0.0,0.0,0.0,0.1981505944517834,4.3725231175693535,14.966974900924706,9.286657859973582,1.1756935270805815,0.9242149603395303,0.023335067033944404,0.0,0.0,0.0,0.0,0.0,0.0,0.0,0.0,0.0,0.0,0.0,0.0,0.0,0.0,0.0,0.0,0.0,0.0,0.0,0.0,0.0,0.0,0.0,0.0,0.0,0.1861575178997614,4.553699284009547,15.00715990453461,9.178997613365157,1.073985680190931,0.4155,0.01127,0.0,0.0,0.0,0.0,0.0,0.0,0.0,0.0,0.0,0.0,0.0,2.430647291941872,25.838837516512555,1.730515191545575,0.0,0.0,0.0,0.0,0.0,0.0,0.0,0.0,0.0,0.0,0.0,0.0,0.0,0.0,0.0,0.0,0.4155,0.0113,0.0,0.0,0.0,0.0,0.0,0.0,0.0,0.0,0.0,0.0,0.0,2.5918854415274426,25.6038186157518,1.804295942720764,0.0,0.0,0.0,0.0,0.0,0.0,0.0,0.0,0.0,0.0,0.0,0.0,0.0,0.0,0.0,0.0
51300,4335,2291,0.5284890426758939,1092,843,0.4463667820069204,1162,0.5361014994232988,0.422,3.0406066536203524,3.1918154297588277,6.709507042253521,2.3016637667176387,8311.364500880502,432.9705217568619,7853.0,8738.942339533567,8720.31126639763,5.63691636916537,7853.0,0.0,27.580622837370242,20.67648075373269,32.774784782005,18.832549287113068,0.14579008073817762,0.09527104959630911,0.09896193771626298,0.08281430219146482,0.08327566320645906,0.07012687427912341,0.06643598615916955,0.06828143021914648,0.05859284890426759,0.05836216839677047,0.04452133794694348,0.0405997693194925,0.032525951557093424,0.02191464821222607,0.01660899653979239,0.008996539792387544,0.006920415224913495,0.9249432792988066,0.023174060166101167,0.0,0.0,0.0,0.0,0.0,0.0,0.0,0.0,0.0,0.0,0.0,0.0,0.0,0.0,0.0,0.0,0.0,0.0,0.0,0.0,0.0,0.0,0.0,0.0,0.006920415224913497,0.1591695501730104,4.145328719723184,14.927335640138411,9.619377162629759,1.1418685121107268,4.354803493449782,3.001156169369177,nan,nan,nan,4.328509406657019,2.9969662336965532,4.381684981684982,3.0062379742639003,1.012284962335113,0.4155,0.01129,0.0,0.0,0.0,0.0,0.0,0.0,0.0,0.0,0.0,0.0,0.0,2.698961937716259,25.474048442906582,1.826989619377163,0.0,0.0,0.0,0.0,0.0,0.0,0.0,0.0,0.0,0.0,0.0,0.0,0.0,0.0,0.0,0.0,nan,nan,4.354803493449782,3.001156169369177,nan,0.4155,0.05392,0.0,0.0,0.0,0.0,0.0,0.0,0.0,0.0,0.0,0.0,0.0,0.0,0.0,0.0,0.0,0.0,0.0,0.0,0.0,0.0,0.0,0.0,0.00031141868512110725,3.460207612456748e-05,0.00010380622837370242,0.009826989619377162,0.005236447520184545,0.0001845444059976932,0.004452133794694348,0.004071510957324106,0.002629757785467128,0.003990772779700115,0.02126874279123414,0.0033679354094579006,0.007497116493656286,0.017393310265282583,0.05335640138408305,0.04850057670126874,0.07158016147635525,0.12126874279123415,0.09001153402537486,0.07448673587081892,0.08777393310265283,0.07755478662053057,0.06346020761245674,0.03708189158016147,0.020599769319492502,0.03480968858131488,0.019457900807381776,0.04899653979238754,0.016136101499423298,0.00845444059976932,0.0046482122260668975,0.016170703575547868,0.0044636678200692045,0.013333333333333334,0.0016955017301038063,0.0004382929642445213,0.004994232987312572,1.1534025374855825e-05,0.00034602076124567473,0.0,0.0,0.0,0.0,0.0,0.0,0.0,0.0,0.0,0.0,0.0,0.0,0.0,0.0,0.0,0.0,0.0,0.0,0.0,0.0,0.0,0.0,0.0,0.0,0.0,0.0,0.0,0.0,0.0,0.0,0.0,0.0,0.0,0.0,0.0,0.0,0.0,0.0,0.0,0.0,nan,nan,4.354803493449782,3.001156169369177,nan,0.9248722957399202,0.02266997783276042,0.0,0.0,0.0,0.0,0.0,0.0,0.0,0.0,0.0,0.0,0.0,0.0,0.0,0.0,0.0,0.0,0.0,0.0,0.0,0.0,0.0,0.0,0.0,0.0,0.013094718463553036,0.20951549541684858,3.9022261021388047,15.202968136185076,9.74247053688346,0.9297250109122656,0.9250228406165211,0.02372607854465542,0.0,0.0,0.0,0.0,0.0,0.0,0.0,0.0,0.0,0.0,0.0,0.0,0.0,0.0,0.0,0.0,0.0,0.0,0.0,0.0,0.0,0.0,0.0,0.0,0.0,0.10273972602739728,4.417808219178083,14.618395303326814,9.48140900195695,1.3796477495107635,0.4155,0.011345,0.0,0.0,0.0,0.0,0.0,0.0,0.0,0.0,0.0,0.0,0.0,2.645133129637709,25.48232213007421,1.8725447402880842,0.0,0.0,0.0,0.0,0.0,0.0,0.0,0.0,0.0,0.0,0.0,0.0,0.0,0.0,0.0,0.0,0.4153,0.01122,0.0,0.0,0.0,0.0,0.0,0.0,0.0,0.0,0.0,0.0,0.0,2.7592954990215226,25.46477495107633,1.775929549902153,0.0,0.0,0.0,0.0,0.0,0.0,0.0,0.0,0.0,0.0,0.0,0.0,0.0,0.0,0.0,0.0
51400,4342,2278,0.5246430216490097,1068,879,0.4484108705665592,1179,0.5430677107323814,0.422,3.0314922480620154,3.1529911512010798,6.810469314079422,2.1609845655116726,8308.07704406426,433.1939522179269,7853.0,8739.523074769973,8720.403215683496,5.662964959916547,7853.0,0.0,27.53431598341778,20.566070109101783,32.382739726027395,18.84308901037209,0.13933671119299862,0.10340856748042376,0.0951174573929065,0.0847535697835099,0.0852141870105942,0.06955320128972824,0.07323813910640257,0.06402579456471671,0.05665591893136803,0.0525103638876094,0.04928604329801935,0.04007369875633349,0.030170428374021188,0.02233993551358821,0.020727775218793182,0.010824504836480885,0.0027637033625057578,0.9254133169522543,0.02292930948781998,0.0,0.0,0.0,0.0,0.0,0.0,0.0,0.0,0.0,0.0,0.0,0.0,0.0,0.0,0.0,0.0,0.0,0.0,0.0,0.0,0.0,0.0,0.0,0.0,0.0,0.1520036849378167,3.94518654997697,14.751266697374485,10.025333947489639,1.1262091202210964,4.341657618530583,2.9143569392239392,nan,nan,nan,4.325090909090909,2.800478447906729,4.35806916426513,3.02285239760308,1.0076248698275692,0.4155,0.01087,0.0,0.0,0.0,0.0,0.0,0.0,0.0,0.0,0.0,0.0,0.0,2.473514509442649,26.144633809304473,1.3818516812528792,0.0,0.0,0.0,0.0,0.0,0.0,0.0,0.0,0.0,0.0,0.0,0.0,0.0,0.0,0.0,0.0,nan,nan,4.341657618530583,2.9143569392239392,nan,0.4155,0.05426,0.0,0.0,0.0,0.0,0.0,0.0,0.0,0.0,0.0,0.0,0.0,0.0,0.0,0.0,0.0,0.0,0.0,0.0,0.0,0.0,1.1515430677107323e-05,3.4546292031321974e-05,0.00021879318286503914,0.00012666973744818055,9.212344541685859e-05,0.00941962229387379,0.005101335789958544,0.0002878857669276831,0.005262551819438047,0.004398894518654998,0.0032934131736526945,0.0032473514509442653,0.02026715799170889,0.00438737908797789,0.007323813910640258,0.01631736526946108,0.05232611699677568,0.04913634269921695,0.07586365730078305,0.12347996315062183,0.08861123906034085,0.0739175495163519,0.08745969599263012,0.0745393827729157,0.06258636573007831,0.033348687240902807,0.022835099032703823,0.03410870566559189,0.016893136803316444,0.05137033625057577,0.01721556886227545,0.009315983417779825,0.003938277291570705,0.01677798249654537,0.004652233993551359,0.014060340856748042,0.0017157991708889912,0.0004491017964071856,0.005066789497927222,3.4546292031321974e-05,0.0005066789497927222,0.0,0.0,0.0,0.0,0.0,0.0,0.0,0.0,0.0,0.0,0.0,0.0,0.0,0.0,0.0,0.0,0.0,0.0,0.0,0.0,0.0,0.0,0.0,0.0,0.0,0.0,0.0,0.0,0.0,0.0,0.0,0.0,0.0,0.0,0.0,0.0,0.0,0.0,0.0,0.0,nan,nan,4.341657618530583,2.9143569392239392,nan,0.9250234265250005,0.023204389911139357,0.0,0.0,0.0,0.0,0.0,0.0,0.0,0.0,0.0,0.0,0.0,0.0,0.0,0.0,0.0,0.0,0.0,0.0,0.0,0.0,0.0,0.0,0.0,0.0,0.0,0.1712028094820018,4.108867427568043,14.710272168568924,9.784899034240564,1.2247585601404742,0.9258436320652795,0.022614022926712288,0.0,0.0,0.0,0.0,0.0,0.0,0.0,0.0,0.0,0.0,0.0,0.0,0.0,0.0,0.0,0.0,0.0,0.0,0.0,0.0,0.0,0.0,0.0,0.0,0.0,0.13081395348837213,3.764534883720931,14.79651162790698,10.290697674418606,1.0174418604651165,0.4158,0.01078,0.0,0.0,0.0,0.0,0.0,0.0,0.0,0.0,0.0,0.0,0.0,2.2914837576821743,26.14135206321335,1.567164179104478,0.0,0.0,0.0,0.0,0.0,0.0,0.0,0.0,0.0,0.0,0.0,0.0,0.0,0.0,0.0,0.0,0.415,0.01096,0.0,0.0,0.0,0.0,0.0,0.0,0.0,0.0,0.0,0.0,0.0,2.6744186046511587,26.148255813953494,1.1773255813953492,0.0,0.0,0.0,0.0,0.0,0.0,0.0,0.0,0.0,0.0,0.0,0.0,0.0,0.0,0.0,0.0
51500,4257,2223,0.5221987315010571,1040,846,0.44303500117453604,1186,0.5571999060371153,0.422,3.016715830875123,3.1547619467846,6.743589743589744,2.1529302081726494,8305.97841250569,433.31421931383227,7853.0,8738.074451470375,8720.444490344906,5.710144682512126,7853.0,0.0,28.47051914493775,21.073239122879656,33.28436545404055,19.3398464611991,0.1343669250645995,0.1019497298567066,0.08902983321587973,0.08949964763918253,0.07798919426826403,0.07211651397697909,0.06436457599248296,0.06295513272257458,0.06506929762743716,0.053558844256518676,0.04792107117688513,0.04181348367394879,0.03758515386422363,0.02466525722339676,0.01855766972046042,0.0103359173126615,0.00822175240779892,0.9256734765833299,0.02287116549864563,0.0,0.0,0.0,0.0,0.0,0.0,0.0,0.0,0.0,0.0,0.0,0.0,0.0,0.0,0.0,0.0,0.0,0.0,0.0,0.0,0.0,0.0,0.0,0.0,0.0,0.16208597603946442,3.7420718816067664,15.031712473572941,9.943622269203667,1.1205073995771673,4.299383834722725,2.9589868367165675,nan,nan,nan,4.317196531791907,2.9828205997279458,4.28311499272198,2.9351144521191475,0.9921056317869824,0.4153,0.01087,0.0,0.0,0.0,0.0,0.0,0.0,0.0,0.0,0.0,0.0,0.0,2.3326286116983757,26.236786469344615,1.4305849189570121,0.0,0.0,0.0,0.0,0.0,0.0,0.0,0.0,0.0,0.0,0.0,0.0,0.0,0.0,0.0,0.0,nan,nan,4.299383834722725,2.9589868367165675,nan,0.4153,0.05408,0.0,0.0,0.0,0.0,0.0,0.0,0.0,0.0,0.0,0.0,0.0,0.0,0.0,0.0,0.0,0.0,0.0,0.0,0.0,0.0,0.0,1.1745360582569884e-05,0.0004345783415550857,4.698144233027954e-05,7.047216349541931e-05,0.007869391590321823,0.005755226685459244,9.396288466055907e-05,0.005367629786234437,0.004874324641766502,0.0028306319003993424,0.0037232793046746535,0.019015738783180643,0.005402865867982147,0.006929762743716232,0.0161851068827813,0.05283063190039934,0.05096311956777073,0.07875264270613108,0.12211651397697909,0.09023960535588442,0.07573408503641062,0.08548273431994362,0.0746887479445619,0.06232088325111581,0.034496124031007755,0.02243363871270848,0.030937279774489075,0.017524077989194267,0.05014094432699084,0.01629081512802443,0.00819826168663378,0.003770260747004933,0.01622034296452901,0.005614282358468405,0.013847780126849894,0.0018205308902983321,0.00048155978388536526,0.005837444209537233,5.872680291284943e-05,0.0005637773079633545,2.349072116513977e-05,0.0,0.0,0.0,0.0,0.0,0.0,0.0,0.0,0.0,0.0,0.0,0.0,0.0,0.0,0.0,0.0,0.0,0.0,0.0,0.0,0.0,0.0,0.0,0.0,0.0,0.0,0.0,0.0,0.0,0.0,0.0,0.0,0.0,0.0,0.0,0.0,0.0,0.0,0.0,nan,nan,4.299383834722725,2.9589868367165675,nan,0.9258456729416155,0.023204537234480113,0.0,0.0,0.0,0.0,0.0,0.0,0.0,0.0,0.0,0.0,0.0,0.0,0.0,0.0,0.0,0.0,0.0,0.0,0.0,0.0,0.0,0.0,0.0,0.0,0.0,0.18893387314439952,3.7246963562753046,14.858299595141704,10.026990553306344,1.201079622132254,0.9254852796784779,0.022499661362307855,0.0,0.0,0.0,0.0,0.0,0.0,0.0,0.0,0.0,0.0,0.0,0.0,0.0,0.0,0.0,0.0,0.0,0.0,0.0,0.0,0.0,0.0,0.0,0.0,0.0,0.13274336283185845,3.7610619469026556,15.221238938053101,9.852507374631271,1.032448377581121,0.4153,0.0108,0.0,0.0,0.0,0.0,0.0,0.0,0.0,0.0,0.0,0.0,0.0,2.36167341430499,26.35627530364373,1.2820512820512822,0.0,0.0,0.0,0.0,0.0,0.0,0.0,0.0,0.0,0.0,0.0,0.0,0.0,0.0,0.0,0.0,0.4153,0.010956,0.0,0.0,0.0,0.0,0.0,0.0,0.0,0.0,0.0,0.0,0.0,2.3008849557522093,26.106194690265493,1.5929203539823014,0.0,0.0,0.0,0.0,0.0,0.0,0.0,0.0,0.0,0.0,0.0,0.0,0.0,0.0,0.0,0.0
51600,4386,2276,0.5189238486092111,1085,890,0.45029639762881896,1231,0.5613315093479252,0.40199999999999997,3.0099526066350712,3.1366047840321842,6.658206429780034,2.097035898134213,8302.99113619913,433.28975273405115,7853.0,8738.42972882986,8720.162180742262,5.679282770988718,7853.0,0.0,27.72594619243046,20.79936174506614,32.53315290933694,19.137701200628786,0.13839489284085726,0.10100319197446421,0.09416324669402645,0.09051527587779298,0.08253533971728226,0.07501139990880074,0.06976744186046512,0.0647514819881441,0.05791153670770634,0.04879160966712266,0.045371637026903784,0.03670770633834929,0.03397172822617419,0.02416780665754674,0.019151846785225718,0.011171910624715002,0.0066119471044231645,0.9250650077963114,0.022881869739262716,0.0,0.0,0.0,0.0,0.0,0.0,0.0,0.0,0.0,0.0,0.0,0.0,0.0,0.0,0.0,0.0,0.0,0.0,0.0,0.0,0.0,0.0,0.0,0.0,0.0,0.19835841313269498,3.850889192886458,15.369357045143643,9.521203830369359,1.0601915184678525,4.228206945428774,2.9363091914880086,nan,nan,nan,4.285514345696291,2.9057398551208,4.169418521177315,2.9661910707262447,0.9729097104445432,0.4146,0.01078,0.0,0.0,0.0,0.0,0.0,0.0,0.0,0.0,0.0,0.0,0.0,2.777017783857725,26.02599179206567,1.1969904240766076,0.0,0.0,0.0,0.0,0.0,0.0,0.0,0.0,0.0,0.0,0.0,0.0,0.0,0.0,0.0,0.0,nan,nan,4.228206945428774,2.9363091914880086,nan,0.4146,0.05386,0.0,0.0,0.0,0.0,0.0,0.0,0.0,0.0,0.0,0.0,0.0,0.0,0.0,0.0,0.0,0.0,0.0,0.0,0.0,0.0,0.0,0.0,0.0003533971728226174,0.0,1.1399908800729594e-05,0.0075125398996808024,0.00616735066119471,9.119927040583675e-05,0.005597355221158231,0.005722754217966256,0.0028727770177838577,0.004081167350661195,0.02079343365253078,0.005551755585955312,0.006577747378020976,0.01663246694026448,0.051196990424076605,0.05041039671682627,0.07724578203374373,0.12332421340629275,0.08914728682170543,0.079890560875513,0.08504331965344278,0.08105335157318741,0.06174190606475148,0.033230734154126765,0.0211468308253534,0.029115367077063383,0.01605107159142727,0.050433196534427724,0.016153670770633836,0.006486548107615139,0.0035567715458276333,0.014261285909712722,0.006121751025991792,0.013292293661650707,0.0017555859553123575,0.0004103967168262654,0.006475148198814409,4.5599635202918376e-05,0.000364797081623347,7.979936160510716e-05,0.0,0.0,0.0,0.0,0.0,0.0,0.0,0.0,0.0,0.0,0.0,0.0,0.0,0.0,0.0,0.0,0.0,0.0,0.0,0.0,0.0,0.0,0.0,0.0,0.0,0.0,0.0,0.0,0.0,0.0,0.0,0.0,0.0,0.0,0.0,0.0,0.0,0.0,0.0,nan,nan,4.228206945428774,2.9363091914880086,nan,0.9252628463276241,0.02313925125405485,0.0,0.0,0.0,0.0,0.0,0.0,0.0,0.0,0.0,0.0,0.0,0.0,0.0,0.0,0.0,0.0,0.0,0.0,0.0,0.0,0.0,0.0,0.0,0.0,0.0,0.21089630931458705,3.7697715289982434,15.355887521968368,9.569420035149387,1.0940246045694202,0.9248516047170376,0.022599011843502985,0.0,0.0,0.0,0.0,0.0,0.0,0.0,0.0,0.0,0.0,0.0,0.0,0.0,0.0,0.0,0.0,0.0,0.0,0.0,0.0,0.0,0.0,0.0,0.0,0.0,0.18483412322274886,3.938388625592418,15.383886255924175,9.46919431279621,1.023696682464455,0.4146,0.010765,0.0,0.0,0.0,0.0,0.0,0.0,0.0,0.0,0.0,0.0,0.0,2.662565905096657,26.085237258347984,1.2521968365553604,0.0,0.0,0.0,0.0,0.0,0.0,0.0,0.0,0.0,0.0,0.0,0.0,0.0,0.0,0.0,0.0,0.4146,0.0108,0.0,0.0,0.0,0.0,0.0,0.0,0.0,0.0,0.0,0.0,0.0,2.900473933649285,25.962085308056878,1.137440758293839,0.0,0.0,0.0,0.0,0.0,0.0,0.0,0.0,0.0,0.0,0.0,0.0,0.0,0.0,0.0,0.0
51700,4133,2162,0.5231067021533995,1011,837,0.4471328332930075,1176,0.5690781514638277,0.426,2.9512937595129376,3.061630120686875,6.5177304964539005,2.212481796629632,8306.641945444168,433.15931724766864,7853.0,8739.25175165534,8720.20728978758,5.600361163972847,7853.0,0.0,28.323735785143963,21.102051996912436,33.40577200577201,19.25484504204176,0.14178562787321558,0.09968545850471812,0.08686184369707234,0.08226469876602951,0.08129687878054682,0.0796031938059521,0.06460198403097024,0.06290829905637552,0.05443987418340189,0.06024679409629809,0.04597144931042826,0.04210016936849746,0.03266392451004113,0.026373094604403582,0.019598354706024678,0.014033389789499154,0.005564964916525526,0.9256615589555113,0.022774639142642404,0.0,0.0,0.0,0.0,0.0,0.0,0.0,0.0,0.0,0.0,0.0,0.0,0.0,0.0,0.0,0.0,0.0,0.0,0.0,0.0,0.0,0.0,0.0,0.0,0.0,0.17420759738688607,3.745463343818051,15.257682071134772,9.76288410355674,1.059762884103557,4.182727946627131,2.801495095007474,nan,nan,nan,4.157261098570354,2.8305721636824583,4.207602339181286,2.7737597902539464,1.0121092323569103,0.4136,0.01106,0.0,0.0,0.0,0.0,0.0,0.0,0.0,0.0,0.0,0.0,0.0,3.5785143963222787,25.26010162109848,1.1613839825792405,0.0,0.0,0.0,0.0,0.0,0.0,0.0,0.0,0.0,0.0,0.0,0.0,0.0,0.0,0.0,0.0,nan,nan,4.182727946627131,2.801495095007474,nan,0.4136,0.0543,0.0,0.0,0.0,0.0,0.0,0.0,0.0,0.0,0.0,0.0,0.0,0.0,0.0,0.0,0.0,0.0,0.0,0.0,0.0,6.048874909266876e-05,0.0,0.0,0.00044761674328574883,2.4195499637067506e-05,0.0,0.007899830631502541,0.006556980401645294,0.00010887974836680377,0.0074038228889426565,0.006496491652552625,0.002734091458988628,0.003338978949915316,0.023094604403580934,0.005722235664166465,0.005927897411081539,0.015243164771352529,0.05033873699491895,0.0518267602225986,0.08031696104524559,0.12371158964432616,0.09220904911686427,0.07839341882409871,0.0820832325187515,0.07873215581901766,0.06121461408178079,0.033873699491894504,0.020227437696588434,0.02668763609968546,0.016501330752480038,0.0520082264698766,0.015110089523348658,0.006847326397290104,0.0036414226953786597,0.013984998790225018,0.005347205419791919,0.013561577546576336,0.0013549479796757804,0.0005202032421969514,0.006121461408178079,4.839099927413501e-05,0.00021775949673360755,6.048874909266876e-05,0.0,0.0,0.0,0.0,0.0,0.0,0.0,0.0,0.0,0.0,0.0,0.0,0.0,0.0,0.0,0.0,0.0,0.0,0.0,0.0,0.0,0.0,0.0,0.0,0.0,0.0,0.0,0.0,0.0,0.0,0.0,0.0,0.0,0.0,0.0,0.0,0.0,0.0,0.0,nan,nan,4.182727946627131,2.801495095007474,nan,0.9264046675236991,0.022999795281218118,0.0,0.0,0.0,0.0,0.0,0.0,0.0,0.0,0.0,0.0,0.0,0.0,0.0,0.0,0.0,0.0,0.0,0.0,0.0,0.0,0.0,0.0,0.0,0.0,0.0,0.16651248843663277,3.6216466234967633,15.111008325624425,9.90749306197965,1.193339500462535,0.924846439359153,0.022496864412307954,0.0,0.0,0.0,0.0,0.0,0.0,0.0,0.0,0.0,0.0,0.0,0.0,0.0,0.0,0.0,0.0,0.0,0.0,0.0,0.0,0.0,0.0,0.0,0.0,0.0,0.18264840182648404,3.8812785388127864,15.418569254185696,9.60426179604262,0.9132420091324204,0.4136,0.01121,0.0,0.0,0.0,0.0,0.0,0.0,0.0,0.0,0.0,0.0,0.0,3.663274745605915,25.018501387604076,1.3182238667900095,0.0,0.0,0.0,0.0,0.0,0.0,0.0,0.0,0.0,0.0,0.0,0.0,0.0,0.0,0.0,0.0,0.4133,0.01089,0.0,0.0,0.0,0.0,0.0,0.0,0.0,0.0,0.0,0.0,0.0,3.4855403348553984,25.52511415525115,0.9893455098934554,0.0,0.0,0.0,0.0,0.0,0.0,0.0,0.0,0.0,0.0,0.0,0.0,0.0,0.0,0.0,0.0
51800,4394,2238,0.5093309057806099,1058,897,0.4449248975876195,1260,0.5735093309057806,0.39399999999999996,2.967996289424861,3.057032992319061,6.487138263665595,2.122228514638083,8294.77759490228,433.6285170645967,7853.0,8740.641426110267,8720.368521894823,5.803516221710216,7853.0,0.0,27.996813837050524,20.819028375769307,33.011403746945426,19.00216145187787,0.14110150204824762,0.09626763768775604,0.09376422394173874,0.08170232134729176,0.08033682294037324,0.08534365043240782,0.06599908966772872,0.0650887573964497,0.05848884842967683,0.049840691852526174,0.045744196631770595,0.040282203004096497,0.03482020937642239,0.02480655439235321,0.020254893035958125,0.010923987255348202,0.005234410559854347,0.926491309457548,0.02311119227908047,0.0,0.0,0.0,0.0,0.0,0.0,0.0,0.0,0.0,0.0,0.0,0.0,0.0,0.0,0.0,0.0,0.0,0.0,0.0,0.0,0.0,0.0,0.0,0.0,0.006827492034592628,0.10241238051888941,3.6049157942649077,14.856622667273559,10.200273099681386,1.228948566226673,4.249912372940764,2.810825579962592,nan,nan,nan,4.223702664796634,2.786165840562065,4.276103714085494,2.835011748905689,1.0124064247527667,0.414,0.01127,0.0,0.0,0.0,0.0,0.0,0.0,0.0,0.0,0.0,0.0,0.0,3.167956304050974,25.527992717341835,1.3040509786071919,0.0,0.0,0.0,0.0,0.0,0.0,0.0,0.0,0.0,0.0,0.0,0.0,0.0,0.0,0.0,0.0,nan,nan,4.249912372940764,2.810825579962592,nan,0.414,0.05447,0.0,0.0,0.0,0.0,0.0,0.0,0.0,0.0,0.0,0.0,0.0,0.0,0.0,0.0,0.0,0.0,0.0,0.0,0.0,1.137915339098771e-05,0.0,1.137915339098771e-05,0.00027309968138370506,7.965407373691397e-05,0.0,0.007521620391442877,0.006838871187983614,0.0002162039144287665,0.00770368684569868,0.00621301775147929,0.0029813381884387802,0.0026399635867091487,0.023736913973600365,0.005894401456531634,0.005484751934456076,0.013381884387801548,0.05088757396449704,0.04802002730996814,0.08132680928538917,0.12377105143377333,0.0900091033227128,0.07922166590805645,0.08298816568047337,0.08165680473372781,0.06187983614019117,0.03401228948566227,0.020141101502048248,0.02728720983158853,0.01809285389167046,0.05050068274920346,0.014132908511606736,0.00661128812016386,0.0033909877105143377,0.013825671370050068,0.005917159763313609,0.01341602184797451,0.0015020482476103777,0.00027309968138370506,0.007487482931269914,0.0001024123805188894,0.00028447883477469274,0.0002275830678197542,4.551661356395084e-05,0.0,0.0,0.0,0.0,0.0,0.0,0.0,0.0,0.0,0.0,0.0,0.0,0.0,0.0,0.0,0.0,0.0,0.0,0.0,0.0,0.0,0.0,0.0,0.0,0.0,0.0,0.0,0.0,0.0,0.0,0.0,0.0,0.0,0.0,0.0,0.0,0.0,0.0,nan,nan,4.249912372940764,2.810825579962592,nan,0.9265380714012108,0.02343125212370152,0.0,0.0,0.0,0.0,0.0,0.0,0.0,0.0,0.0,0.0,0.0,0.0,0.0,0.0,0.0,0.0,0.0,0.0,0.0,0.0,0.0,0.0,0.0,0.0,0.0,0.0804289544235925,3.6327077747989285,14.812332439678288,10.201072386058982,1.2734584450402147,0.9264427689984026,0.022774100543856295,0.0,0.0,0.0,0.0,0.0,0.0,0.0,0.0,0.0,0.0,0.0,0.0,0.0,0.0,0.0,0.0,0.0,0.0,0.0,0.0,0.0,0.0,0.0,0.0,0.013914656771799632,0.12523191094619668,3.5760667903525056,14.902597402597406,10.19944341372913,1.1827458256029686,0.414,0.011314,0.0,0.0,0.0,0.0,0.0,0.0,0.0,0.0,0.0,0.0,0.0,3.0294906166219793,25.616621983914214,1.3538873994638072,0.0,0.0,0.0,0.0,0.0,0.0,0.0,0.0,0.0,0.0,0.0,0.0,0.0,0.0,0.0,0.0,0.414,0.01121,0.0,0.0,0.0,0.0,0.0,0.0,0.0,0.0,0.0,0.0,0.0,3.311688311688307,25.435992578849728,1.2523191094619668,0.0,0.0,0.0,0.0,0.0,0.0,0.0,0.0,0.0,0.0,0.0,0.0,0.0,0.0,0.0,0.0
51900,4270,2168,0.507728337236534,1007,894,0.4451990632318501,1231,0.5765807962529274,0.39799999999999996,2.949096098953378,3.0811690790533657,6.566326530612245,2.146193143457508,8293.314993338176,433.57983584482633,7853.0,8738.067863458395,8720.225563447419,5.674567747704167,7853.0,0.0,27.830444964871194,20.852258495072707,32.857542681220266,19.08386259921657,0.14098360655737704,0.10608899297423888,0.09110070257611241,0.08220140515222482,0.07634660421545668,0.07704918032786885,0.0702576112412178,0.06814988290398126,0.053629976580796254,0.05550351288056206,0.048946135831381736,0.03793911007025761,0.02810304449648712,0.027868852459016394,0.020843091334894613,0.008899297423887589,0.006088992974238876,0.9259534475954132,0.023348250612793123,0.0,0.0,0.0,0.0,0.0,0.0,0.0,0.0,0.0,0.0,0.0,0.0,0.0,0.0,0.0,0.0,0.0,0.0,0.0,0.0,0.0,0.0,0.0,0.0,0.007025761124121782,0.11943793911007028,3.8360655737704925,14.578454332552697,10.222482435597191,1.2365339578454335,4.290829375228352,2.81979146411623,nan,nan,nan,4.372634643377001,2.810255063948392,4.2083639031548055,2.8269773466015105,0.9624320910344046,0.4146,0.01096,0.0,0.0,0.0,0.0,0.0,0.0,0.0,0.0,0.0,0.0,0.0,2.7681498829039772,25.91100702576113,1.3208430913348947,0.0,0.0,0.0,0.0,0.0,0.0,0.0,0.0,0.0,0.0,0.0,0.0,0.0,0.0,0.0,0.0,nan,nan,4.290829375228352,2.81979146411623,nan,0.4146,0.0546,0.0,0.0,0.0,0.0,0.0,0.0,0.0,0.0,0.0,0.0,0.0,0.0,0.0,0.0,0.0,0.0,0.0,0.0,0.0,0.0,0.0,1.17096018735363e-05,0.0003278688524590164,0.0001053864168618267,0.0,0.00680327868852459,0.007833723653395784,0.0004098360655737705,0.007716627634660422,0.006651053864168618,0.002587822014051522,0.0021662763466042153,0.02281030444964871,0.006510538641686183,0.00648711943793911,0.014145199063231851,0.04768149882903981,0.050046838407494146,0.08002341920374707,0.11928571428571429,0.08818501170960187,0.07690866510538642,0.0848711943793911,0.08430913348946135,0.06418032786885246,0.0348711943793911,0.02007025761124122,0.028934426229508196,0.01901639344262295,0.049637002341920373,0.014754098360655738,0.005831381733021077,0.0029391100702576113,0.014355971896955503,0.006370023419203747,0.013442622950819673,0.0010304449648711944,0.0001639344262295082,0.007775175644028103,0.0001990632318501171,0.0003044496487119438,0.0002107728337236534,3.51288056206089e-05,0.0,0.0,0.0,0.0,0.0,0.0,0.0,0.0,0.0,0.0,0.0,0.0,0.0,0.0,0.0,0.0,0.0,0.0,0.0,0.0,0.0,0.0,0.0,0.0,0.0,0.0,0.0,0.0,0.0,0.0,0.0,0.0,0.0,0.0,0.0,0.0,0.0,0.0,nan,nan,4.290829375228352,2.81979146411623,nan,0.9254915098972426,0.023556613433220956,0.0,0.0,0.0,0.0,0.0,0.0,0.0,0.0,0.0,0.0,0.0,0.0,0.0,0.0,0.0,0.0,0.0,0.0,0.0,0.0,0.0,0.0,0.0,0.0,0.013837638376383767,0.1660516605166052,4.04059040590406,14.335793357933582,10.226014760147603,1.2177121771217714,0.9264298895219754,0.023121713325813472,0.0,0.0,0.0,0.0,0.0,0.0,0.0,0.0,0.0,0.0,0.0,0.0,0.0,0.0,0.0,0.0,0.0,0.0,0.0,0.0,0.0,0.0,0.0,0.0,0.0,0.07136060894386301,3.6251189343482406,14.828734538534732,10.218839200761181,1.2559467174119887,0.4146,0.010826,0.0,0.0,0.0,0.0,0.0,0.0,0.0,0.0,0.0,0.0,0.0,2.5876383763837603,26.208487084870857,1.2038745387453877,0.0,0.0,0.0,0.0,0.0,0.0,0.0,0.0,0.0,0.0,0.0,0.0,0.0,0.0,0.0,0.0,0.4143,0.01111,0.0,0.0,0.0,0.0,0.0,0.0,0.0,0.0,0.0,0.0,0.0,2.9543292102759233,25.604186489058048,1.4414843006660325,0.0,0.0,0.0,0.0,0.0,0.0,0.0,0.0,0.0,0.0,0.0,0.0,0.0,0.0,0.0,0.0
52000,4222,2214,0.5243960208432022,1017,868,0.4464708668877309,1183,0.5603979156797726,0.40599999999999997,2.9322709163346614,3.0554950861398975,6.4902309058614565,2.155869459424335,8307.872309376007,433.2135563989132,7853.0,8738.832693362236,8720.421359614053,5.667894205777173,7853.0,0.0,28.009237328280435,21.034296956333673,32.9867381489842,19.292760375445138,0.14092846991946945,0.09995262908574136,0.09237328280435812,0.08621506395073425,0.08147797252486973,0.07342491710090004,0.07034580767408811,0.06560871624822359,0.052344860255802934,0.05329227854097584,0.04334438654666035,0.045476077688299386,0.031975367124585506,0.02771198484130744,0.01752723827569872,0.007342491710090005,0.010658455708195168,0.926483781571526,0.02334756158185764,0.0,0.0,0.0,0.0,0.0,0.0,0.0,0.0,0.0,0.0,0.0,0.0,0.0,0.0,0.0,0.0,0.0,0.0,0.0,0.0,0.0,0.0,0.0,0.0,0.0,0.1776409284699195,3.659403126480342,14.658929417337758,10.161061108479396,1.3429654192325915,4.197074954296161,2.8712007947063927,nan,nan,nan,4.194748358862144,2.8945737846419717,4.19941348973607,2.8475126166100666,1.0011121360508004,0.4143,0.01093,0.0,0.0,0.0,0.0,0.0,0.0,0.0,0.0,0.0,0.0,0.0,2.948839412600659,25.772145902415925,1.2790146849834203,0.0,0.0,0.0,0.0,0.0,0.0,0.0,0.0,0.0,0.0,0.0,0.0,0.0,0.0,0.0,0.0,nan,nan,4.197074954296161,2.8712007947063927,nan,0.4143,0.05447,0.0,0.0,0.0,0.0,0.0,0.0,0.0,0.0,0.0,0.0,0.0,0.0,0.0,0.0,0.0,0.0,0.0,0.0,0.0,0.0,0.0,3.5528185693983894e-05,0.00034343912837517764,4.737091425864519e-05,2.3685457129322596e-05,0.0065490288962576975,0.008455708195168167,0.00023685457129322596,0.007875414495499763,0.006442444339175746,0.0023567029843675983,0.0022738038844149692,0.024680246328754145,0.006466129796305069,0.00721222169587873,0.012861203221222169,0.04540502131691142,0.04846044528659403,0.07860018948365703,0.12094978683088584,0.08899810516342965,0.07822122216958788,0.08610847939365229,0.08434391283751777,0.06327569872098532,0.035350544765513976,0.021577451444812885,0.03144244433917574,0.018664140217906206,0.047477498815727145,0.012576977735670299,0.006560871624822359,0.002700142112742776,0.01322832780672667,0.007188536238749408,0.01378493604926575,0.000793462813832307,1.1842728564661298e-05,0.007603031738512553,0.00017764092846991948,0.00034343912837517764,0.00026054002842254857,3.5528185693983894e-05,0.0,0.0,0.0,0.0,0.0,0.0,0.0,0.0,0.0,0.0,0.0,0.0,0.0,0.0,0.0,0.0,0.0,0.0,0.0,0.0,0.0,0.0,0.0,0.0,0.0,0.0,0.0,0.0,0.0,0.0,0.0,0.0,0.0,0.0,0.0,0.0,0.0,0.0,nan,nan,4.197074954296161,2.8712007947063927,nan,0.9264177090968758,0.02327778956253076,0.0,0.0,0.0,0.0,0.0,0.0,0.0,0.0,0.0,0.0,0.0,0.0,0.0,0.0,0.0,0.0,0.0,0.0,0.0,0.0,0.0,0.0,0.0,0.0,0.0,0.20325203252032525,3.6314363143631443,14.796747967479678,10.081300813008133,1.2872628726287265,0.9265566323976593,0.023424034558792748,0.0,0.0,0.0,0.0,0.0,0.0,0.0,0.0,0.0,0.0,0.0,0.0,0.0,0.0,0.0,0.0,0.0,0.0,0.0,0.0,0.0,0.0,0.0,0.0,0.0,0.14940239043824705,3.690239043824702,14.506972111553788,10.249003984063746,1.4043824701195222,0.4146,0.01095,0.0,0.0,0.0,0.0,0.0,0.0,0.0,0.0,0.0,0.0,0.0,2.886178861788614,25.840108401084017,1.2737127371273715,0.0,0.0,0.0,0.0,0.0,0.0,0.0,0.0,0.0,0.0,0.0,0.0,0.0,0.0,0.0,0.0,0.414,0.01092,0.0,0.0,0.0,0.0,0.0,0.0,0.0,0.0,0.0,0.0,0.0,3.017928286852585,25.697211155378493,1.2848605577689245,0.0,0.0,0.0,0.0,0.0,0.0,0.0,0.0,0.0,0.0,0.0,0.0,0.0,0.0,0.0,0.0
52100,4267,2181,0.5111319428169674,1040,884,0.45090227325990156,1220,0.5718303257558003,0.40199999999999997,2.9832214765100673,3.139945583958341,6.7495652173913046,2.1394584407414263,8296.202041047494,433.46118890231423,7853.0,8739.229994052648,8720.09908718462,5.6930565469945575,7853.0,0.0,27.78251699086009,20.78002105017978,32.8513740886147,18.96535221089144,0.1457698617295524,0.09819545348019686,0.08788375908132177,0.08647761893602063,0.07780642137333021,0.08296226857276776,0.06538551675650339,0.0644480899929693,0.06304194984766816,0.053433325521443635,0.04710569486758847,0.037965783923131005,0.029997656433091165,0.024607452542770095,0.014295758143895007,0.014061401453011484,0.0065619873447386925,0.9253646508575128,0.02324978639548912,0.0,0.0,0.0,0.0,0.0,0.0,0.0,0.0,0.0,0.0,0.0,0.0,0.0,0.0,0.0,0.0,0.0,0.0,0.0,0.0,0.0,0.0,0.0,0.0,0.0,0.1265526130771034,4.134052027185377,14.708225919850015,9.871103820014064,1.1600656198734476,4.312340735347652,2.8658904142387955,nan,nan,nan,4.347322720694645,2.8905861846071144,4.276923076923077,2.84022945429717,0.9838062071084708,0.4146,0.01101,0.0,0.0,0.0,0.0,0.0,0.0,0.0,0.0,0.0,0.0,0.0,3.051324115303488,25.626904148113436,1.3217717365830797,0.0,0.0,0.0,0.0,0.0,0.0,0.0,0.0,0.0,0.0,0.0,0.0,0.0,0.0,0.0,0.0,nan,nan,4.312340735347652,2.8658904142387955,nan,0.4146,0.05453,0.0,0.0,0.0,0.0,0.0,0.0,0.0,0.0,0.0,0.0,0.0,0.0,0.0,0.0,0.0,0.0,0.0,0.0,0.0,0.0,0.0,2.3435669088352474e-05,0.0003515350363252871,0.0,0.0,0.005940942113897352,0.008647761893602062,0.00036325287086946335,0.00824935551910007,0.007112725568314975,0.0028943051324115303,0.0025076165924537144,0.023177876728380595,0.005507382235762831,0.006503398172017811,0.014741035856573706,0.04550035153503632,0.04724630888211859,0.08087649402390439,0.12098664166861964,0.08849308647761893,0.07446683852823999,0.08869228966486993,0.08500117178345441,0.06438950082024841,0.032821654558237635,0.021220998359503165,0.029927349425826106,0.020131239746894774,0.04833606749472697,0.01161237403327865,0.008272791188188423,0.003128661823295055,0.013780173423951254,0.006491680337473635,0.01251464729318022,0.0011600656198734473,5.858917272088118e-05,0.008167330677290837,0.00010546051089758613,0.00031638153269275836,0.00028122802906022966,0.0,0.0,0.0,0.0,0.0,0.0,0.0,0.0,0.0,0.0,0.0,0.0,0.0,0.0,0.0,0.0,0.0,0.0,0.0,0.0,0.0,0.0,0.0,0.0,0.0,0.0,0.0,0.0,0.0,0.0,0.0,0.0,0.0,0.0,0.0,0.0,0.0,0.0,0.0,nan,nan,4.312340735347652,2.8658904142387955,nan,0.9249682207820286,0.023281376225864212,0.0,0.0,0.0,0.0,0.0,0.0,0.0,0.0,0.0,0.0,0.0,0.0,0.0,0.0,0.0,0.0,0.0,0.0,0.0,0.0,0.0,0.0,0.0,0.0,0.0,0.15130674002751035,4.181568088033013,14.649243466299867,9.986244841815683,1.0316368638239342,0.9257791350351884,0.02320947225798707,0.0,0.0,0.0,0.0,0.0,0.0,0.0,0.0,0.0,0.0,0.0,0.0,0.0,0.0,0.0,0.0,0.0,0.0,0.0,0.0,0.0,0.0,0.0,0.0,0.0,0.10067114093959734,4.084372003835092,14.76989453499521,9.750719079578142,1.2943432406519657,0.4146,0.01102,0.0,0.0,0.0,0.0,0.0,0.0,0.0,0.0,0.0,0.0,0.0,3.136176066024755,25.41953232462174,1.444291609353508,0.0,0.0,0.0,0.0,0.0,0.0,0.0,0.0,0.0,0.0,0.0,0.0,0.0,0.0,0.0,0.0,0.4143,0.010994,0.0,0.0,0.0,0.0,0.0,0.0,0.0,0.0,0.0,0.0,0.0,2.9626078619367164,25.843720038350916,1.1936720997123684,0.0,0.0,0.0,0.0,0.0,0.0,0.0,0.0,0.0,0.0,0.0,0.0,0.0,0.0,0.0,0.0
52200,4458,2325,0.5215343203230148,1087,906,0.44706146253925527,1247,0.5594436967249888,0.422,2.9760900140646975,3.123927333255153,6.587354409317804,2.0629300412906058,8305.190577630152,433.1362173455454,7853.0,8738.404393368959,8720.038965623751,5.616285402923557,7853.0,0.0,27.837595334230596,20.914524174590372,32.852933297615856,19.159727751916584,0.1417676087931808,0.10363391655450875,0.08995065051592642,0.08793180798564379,0.07828622700762673,0.07492148945715567,0.0677433826828174,0.06056527590847914,0.062135486765365636,0.05518169582772544,0.04531179901301032,0.038582323912068194,0.029161058770749215,0.02826379542395693,0.02041274113952445,0.00986989681471512,0.006280843427545985,0.9250221561294545,0.023125221023640542,0.0,0.0,0.0,0.0,0.0,0.0,0.0,0.0,0.0,0.0,0.0,0.0,0.0,0.0,0.0,0.0,0.0,0.0,0.0,0.0,0.0,0.0,0.0,0.0,0.0,0.20861372812920598,3.9232839838492604,15.195154777927325,9.508748317631227,1.1641991924629882,4.293175487465181,2.9385030581379428,nan,nan,nan,4.222600408441116,2.9294181304499163,4.367070563079116,2.9461741333879,1.0342135510500114,0.414,0.01103,0.0,0.0,0.0,0.0,0.0,0.0,0.0,0.0,0.0,0.0,0.0,3.0349932705248945,25.787348586810236,1.1776581426648725,0.0,0.0,0.0,0.0,0.0,0.0,0.0,0.0,0.0,0.0,0.0,0.0,0.0,0.0,0.0,0.0,nan,nan,4.293175487465181,2.9385030581379428,nan,0.414,0.05457,0.0,0.0,0.0,0.0,0.0,0.0,0.0,0.0,0.0,0.0,0.0,0.0,0.0,0.0,0.0,0.0,0.0,0.0,0.0,0.0,0.0,3.364737550471063e-05,0.0001794526693584567,1.1215791834903545e-05,0.0,0.005551816958277255,0.009836249439210408,0.0003813369223867205,0.007581875280394796,0.007480933153880664,0.0022992373261552265,0.0017272319425751458,0.022992373261552266,0.007077164647824137,0.006583669807088381,0.01667788245850157,0.04632122027815164,0.04812696276357111,0.07865634813817855,0.12791610587707491,0.0873149394347241,0.07305966801256168,0.08835800807537011,0.08078734858681023,0.06408703454463885,0.0322790489008524,0.02051368326603858,0.03111260655002243,0.02006505159264244,0.04773441004934948,0.011238223418573352,0.0076603858232391206,0.0032077164647824137,0.013638402871242709,0.006527590847913863,0.0129766711529834,0.0018057424854194706,0.00012337371018393897,0.007436069986541049,0.00011215791834903544,0.0001794526693584567,0.0003476895468820099,0.0,0.0,0.0,0.0,0.0,0.0,0.0,0.0,0.0,0.0,0.0,0.0,0.0,0.0,0.0,0.0,0.0,0.0,0.0,0.0,0.0,0.0,0.0,0.0,0.0,0.0,0.0,0.0,0.0,0.0,0.0,0.0,0.0,0.0,0.0,0.0,0.0,0.0,0.0,nan,nan,4.293175487465181,2.9385030581379428,nan,0.9251000324115958,0.02273496546789681,0.0,0.0,0.0,0.0,0.0,0.0,0.0,0.0,0.0,0.0,0.0,0.0,0.0,0.0,0.0,0.0,0.0,0.0,0.0,0.0,0.0,0.0,0.0,0.0,0.0,0.1548387096774194,4.012903225806452,15.032258064516132,9.729032258064517,1.0709677419354842,0.9249372698866142,0.02354294422344606,0.0,0.0,0.0,0.0,0.0,0.0,0.0,0.0,0.0,0.0,0.0,0.0,0.0,0.0,0.0,0.0,0.0,0.0,0.0,0.0,0.0,0.0,0.0,0.0,0.0,0.26722925457102675,3.8255977496483835,15.372714486638541,9.26863572433193,1.2658227848101269,0.414,0.011185,0.0,0.0,0.0,0.0,0.0,0.0,0.0,0.0,0.0,0.0,0.0,3.096774193548383,25.63870967741936,1.2645161290322582,0.0,0.0,0.0,0.0,0.0,0.0,0.0,0.0,0.0,0.0,0.0,0.0,0.0,0.0,0.0,0.0,0.4138,0.01086,0.0,0.0,0.0,0.0,0.0,0.0,0.0,0.0,0.0,0.0,0.0,2.9676511954992923,25.9493670886076,1.0829817158931085,0.0,0.0,0.0,0.0,0.0,0.0,0.0,0.0,0.0,0.0,0.0,0.0,0.0,0.0,0.0,0.0
52300,4720,2448,0.5186440677966102,1163,973,0.45254237288135596,1342,0.5686440677966101,0.38999999999999996,2.925176056338028,3.077296457953137,6.56687898089172,2.2239973346634305,8302.69948926853,433.25140829884333,7853.0,8744.277718269825,8720.067642707296,5.646746762854381,7853.0,0.0,27.7635593220339,20.557639782643378,32.58274647887324,18.808408531586583,0.13665254237288135,0.10254237288135593,0.09322033898305085,0.08114406779661017,0.08389830508474576,0.08305084745762711,0.06610169491525424,0.06673728813559322,0.054872881355932206,0.05402542372881356,0.04957627118644068,0.03983050847457627,0.03283898305084746,0.024152542372881357,0.015254237288135594,0.01059322033898305,0.005508474576271186,0.9244833822725183,0.022937087989031584,0.0,0.0,0.0,0.0,0.0,0.0,0.0,0.0,0.0,0.0,0.0,0.0,0.0,0.0,0.0,0.0,0.0,0.0,0.0,0.0,0.0,0.0,0.0,0.0,0.0,0.2224576271186441,3.8644067796610178,15.527542372881358,9.381355932203391,1.0042372881355934,4.190694626474443,2.8491460015593786,nan,nan,nan,4.2026143790849675,2.829719672769709,4.178712220762155,2.868491922703079,0.9943125501969047,0.4143,0.01106,0.0,0.0,0.0,0.0,0.0,0.0,0.0,0.0,0.0,0.0,0.0,2.891949152542369,25.70338983050848,1.404661016949153,0.0,0.0,0.0,0.0,0.0,0.0,0.0,0.0,0.0,0.0,0.0,0.0,0.0,0.0,0.0,0.0,nan,nan,4.190694626474443,2.8491460015593786,nan,0.4143,0.0542,0.0,0.0,0.0,0.0,0.0,0.0,0.0,0.0,0.0,0.0,0.0,0.0,0.0,0.0,0.0,0.0,0.0,0.0,0.0,0.0,0.0,0.0,0.00015889830508474575,0.0,0.0,0.005900423728813559,0.009417372881355933,0.00019067796610169492,0.006345338983050847,0.007542372881355932,0.0019173728813559321,0.0017796610169491525,0.022108050847457626,0.007182203389830509,0.0061652542372881355,0.01760593220338983,0.04782838983050847,0.04836864406779661,0.07858050847457627,0.1288135593220339,0.0849364406779661,0.07041313559322034,0.09108050847457627,0.0785593220338983,0.06682203389830509,0.03204449152542373,0.02048728813559322,0.03439618644067797,0.01986228813559322,0.047627118644067795,0.01170550847457627,0.007288135593220339,0.002711864406779661,0.013379237288135594,0.005476694915254238,0.012786016949152542,0.0019385593220338983,0.00033898305084745765,0.0075,0.0002754237288135593,0.00030720338983050846,0.00015889830508474575,0.0,0.0,0.0,0.0,0.0,0.0,0.0,0.0,0.0,0.0,0.0,0.0,0.0,0.0,0.0,0.0,0.0,0.0,0.0,0.0,0.0,0.0,0.0,0.0,0.0,0.0,0.0,0.0,0.0,0.0,0.0,0.0,0.0,0.0,0.0,0.0,0.0,0.0,0.0,nan,nan,4.190694626474443,2.8491460015593786,nan,0.9249309159425738,0.022679157151372666,0.0,0.0,0.0,0.0,0.0,0.0,0.0,0.0,0.0,0.0,0.0,0.0,0.0,0.0,0.0,0.0,0.0,0.0,0.0,0.0,0.0,0.0,0.0,0.0,0.0,0.24509803921568632,3.6642156862745106,15.625000000000004,9.411764705882355,1.0539215686274512,0.9240011805012612,0.023202132653803116,0.0,0.0,0.0,0.0,0.0,0.0,0.0,0.0,0.0,0.0,0.0,0.0,0.0,0.0,0.0,0.0,0.0,0.0,0.0,0.0,0.0,0.0,0.0,0.0,0.0,0.19806338028169018,4.080105633802818,15.42253521126761,9.348591549295776,0.9507042253521129,0.4143,0.011116,0.0,0.0,0.0,0.0,0.0,0.0,0.0,0.0,0.0,0.0,0.0,2.9044117647058783,25.69852941176471,1.3970588235294121,0.0,0.0,0.0,0.0,0.0,0.0,0.0,0.0,0.0,0.0,0.0,0.0,0.0,0.0,0.0,0.0,0.414,0.011,0.0,0.0,0.0,0.0,0.0,0.0,0.0,0.0,0.0,0.0,0.0,2.8785211267605595,25.708626760563387,1.4128521126760567,0.0,0.0,0.0,0.0,0.0,0.0,0.0,0.0,0.0,0.0,0.0,0.0,0.0,0.0,0.0,0.0
52400,4568,2328,0.5096322241681261,1128,914,0.44702276707530647,1292,0.5656742556917689,0.41,3.0200892857142856,3.1522452303125243,6.701996927803379,2.141746349475071,8294.891955731346,433.47827192029786,7853.0,8739.59447350502,8720.080091830232,5.637218715510197,7853.0,0.0,27.94614711033275,20.827773204158376,32.951933124346915,19.03588671959831,0.14119964973730298,0.0989492119089317,0.09369527145359019,0.08537653239929947,0.07793345008756568,0.0803415061295972,0.06567425569176882,0.06063922942206655,0.06348511383537653,0.04969352014010508,0.04706654991243433,0.04268826619964974,0.03590192644483362,0.023423817863397547,0.016856392294220666,0.01138353765323993,0.005691768826619965,0.9245114730322006,0.022854076677041264,0.0,0.0,0.0,0.0,0.0,0.0,0.0,0.0,0.0,0.0,0.0,0.0,0.0,0.0,0.0,0.0,0.0,0.0,0.0,0.0,0.0,0.0,0.0,0.0,0.013134851138353769,0.1247810858143608,4.2622591943957975,15.078809106830127,9.48336252189142,1.0376532399299476,4.303450608930988,2.9084360525749506,nan,nan,nan,4.284666666666666,2.9037271833895755,4.322802197802198,2.913152601865102,1.008900466267823,0.4148,0.01103,0.0,0.0,0.0,0.0,0.0,0.0,0.0,0.0,0.0,0.0,0.0,2.6663747810858105,25.92162872154116,1.4119964973730301,0.0,0.0,0.0,0.0,0.0,0.0,0.0,0.0,0.0,0.0,0.0,0.0,0.0,0.0,0.0,0.0,nan,nan,4.303450608930988,2.9084360525749506,nan,0.4148,0.0548,0.0,0.0,0.0,0.0,0.0,0.0,0.0,0.0,0.0,0.0,0.0,0.0,0.0,0.0,0.0,0.0,0.0,0.0,0.0,0.0,0.0,4.3782837127845886e-05,0.00024080560420315238,1.0945709281961472e-05,0.0,0.006042031523642732,0.00989492119089317,0.0002517513134851138,0.005407180385288967,0.008767513134851138,0.002112521891418564,0.002167250437828371,0.020293345008756566,0.006830122591943958,0.006315674255691768,0.017283274956217162,0.0480407180385289,0.04779991243432574,0.07825087565674256,0.12855735551663747,0.08339535901926445,0.07167250437828371,0.08845227670753064,0.07705779334500876,0.06402145359019265,0.03457749562171629,0.021103327495621715,0.03457749562171629,0.019899299474605954,0.049912434325744305,0.012970665499124344,0.0067972854640980735,0.00364492119089317,0.013901050788091068,0.004772329246935201,0.014141856392294221,0.001904553415061296,0.00040499124343257444,0.00736646234676007,0.00021891418563922942,0.000558231173380035,0.0003393169877408056,0.0,0.0,0.0,0.0,0.0,0.0,0.0,0.0,0.0,0.0,0.0,0.0,0.0,0.0,0.0,0.0,0.0,0.0,0.0,0.0,0.0,0.0,0.0,0.0,0.0,0.0,0.0,0.0,0.0,0.0,0.0,0.0,0.0,0.0,0.0,0.0,0.0,0.0,0.0,nan,nan,4.303450608930988,2.9084360525749506,nan,0.9247279810844008,0.02302626407691792,0.0,0.0,0.0,0.0,0.0,0.0,0.0,0.0,0.0,0.0,0.0,0.0,0.0,0.0,0.0,0.0,0.0,0.0,0.0,0.0,0.0,0.0,0.0,0.0,0.012886597938144333,0.1288659793814433,4.201030927835053,15.193298969072169,9.34278350515464,1.121134020618557,0.9242864593065211,0.02267154820310653,0.0,0.0,0.0,0.0,0.0,0.0,0.0,0.0,0.0,0.0,0.0,0.0,0.0,0.0,0.0,0.0,0.0,0.0,0.0,0.0,0.0,0.0,0.0,0.0,0.013392857142857146,0.12053571428571432,4.325892857142858,14.959821428571432,9.629464285714286,0.9508928571428573,0.4148,0.01098,0.0,0.0,0.0,0.0,0.0,0.0,0.0,0.0,0.0,0.0,0.0,2.6675257731958726,26.018041237113408,1.3144329896907219,0.0,0.0,0.0,0.0,0.0,0.0,0.0,0.0,0.0,0.0,0.0,0.0,0.0,0.0,0.0,0.0,0.415,0.01108,0.0,0.0,0.0,0.0,0.0,0.0,0.0,0.0,0.0,0.0,0.0,2.6651785714285676,25.821428571428577,1.5133928571428577,0.0,0.0,0.0,0.0,0.0,0.0,0.0,0.0,0.0,0.0,0.0,0.0,0.0,0.0,0.0,0.0
52500,4334,2224,0.5131518227964929,1092,863,0.45108444854637747,1205,0.5560682971850485,0.422,2.966350710900474,3.1253899017785454,6.642978003384095,2.12696345389457,8297.732088183797,433.2029209680266,7853.0,8739.04023554325,8719.667657458891,5.667708110126177,7853.0,0.0,28.44254730041532,20.879558776070628,33.334245076586434,19.059273205146823,0.13567143516382096,0.09944623904014767,0.09160129210890632,0.08260267651130596,0.07568066451315182,0.0747577295800646,0.07106598984771574,0.06622058144900785,0.05652976465159206,0.0583756345177665,0.049838486386709735,0.0422242731887402,0.03299492385786802,0.029995385325334564,0.01799723119520074,0.00899861559760037,0.005999077065066913,0.9236946128786683,0.023085197259149058,0.0,0.0,0.0,0.0,0.0,0.0,0.0,0.0,0.0,0.0,0.0,0.0,0.0,0.0,0.0,0.0,0.0,0.0,0.0,0.0,0.0,0.0,0.0,0.0,0.0,0.14536225196123675,4.319335486848178,15.671435163820954,8.915551453622522,0.9483156437471161,4.182712579058327,2.8893259261305717,nan,nan,nan,4.130886426592798,2.8736387196821047,4.236091298145507,2.9044279467390375,1.0254678683188787,0.414,0.01108,0.0,0.0,0.0,0.0,0.0,0.0,0.0,0.0,0.0,0.0,0.0,2.934933087217347,25.791416705122295,1.2736502076603602,0.0,0.0,0.0,0.0,0.0,0.0,0.0,0.0,0.0,0.0,0.0,0.0,0.0,0.0,0.0,0.0,nan,nan,4.182712579058327,2.8893259261305717,nan,0.414,0.05527,0.0,0.0,0.0,0.0,0.0,0.0,0.0,0.0,0.0,0.0,0.0,0.0,0.0,0.0,0.0,0.0,0.0,0.0,0.0,0.0,0.0,9.229349330872173e-05,0.0003576372865712967,3.461005999077065e-05,5.7683433317951084e-05,0.006149053991693586,0.011282879556991232,0.0002538071065989848,0.007060452238117213,0.00904476234425473,0.002295800646054453,0.0024688509460083063,0.01970466082141209,0.006795108444854638,0.004418550992155053,0.01753576372865713,0.050323027226580525,0.047000461467466545,0.0793724042455007,0.12873788647900322,0.0844485463774804,0.06997000461467466,0.08649053991693585,0.07413474850023073,0.06466312874942316,0.03610982925703738,0.020996769727734194,0.03486386709736963,0.020904476234425474,0.049792339640055375,0.011571296723580987,0.006852791878172589,0.0036571296723580987,0.01387863405629903,0.005145362251961237,0.012528841716658976,0.0022150438394093214,0.000265343793262575,0.007868020304568528,6.92201199815413e-05,0.00034610059990770653,0.00024227041993539456,0.0,0.0,0.0,0.0,0.0,0.0,0.0,0.0,0.0,0.0,0.0,0.0,0.0,0.0,0.0,0.0,0.0,0.0,0.0,0.0,0.0,0.0,0.0,0.0,0.0,0.0,0.0,0.0,0.0,0.0,0.0,0.0,0.0,0.0,0.0,0.0,0.0,0.0,0.0,nan,nan,4.182712579058327,2.8893259261305717,nan,0.9233885563963609,0.023193162542059647,0.0,0.0,0.0,0.0,0.0,0.0,0.0,0.0,0.0,0.0,0.0,0.0,0.0,0.0,0.0,0.0,0.0,0.0,0.0,0.0,0.0,0.0,0.0,0.0,0.0,0.13489208633093527,4.464928057553958,15.6339928057554,8.875899280575542,0.8902877697841729,0.9240172051140483,0.022966434820745552,0.0,0.0,0.0,0.0,0.0,0.0,0.0,0.0,0.0,0.0,0.0,0.0,0.0,0.0,0.0,0.0,0.0,0.0,0.0,0.0,0.0,0.0,0.0,0.0,0.0,0.15639810426540288,4.165876777251186,15.710900473933652,8.957345971563983,1.0094786729857823,0.414,0.01113,0.0,0.0,0.0,0.0,0.0,0.0,0.0,0.0,0.0,0.0,0.0,2.805755395683449,25.80485611510792,1.3893884892086334,0.0,0.0,0.0,0.0,0.0,0.0,0.0,0.0,0.0,0.0,0.0,0.0,0.0,0.0,0.0,0.0,0.414,0.01102,0.0,0.0,0.0,0.0,0.0,0.0,0.0,0.0,0.0,0.0,0.0,3.0710900473933607,25.77725118483413,1.151658767772512,0.0,0.0,0.0,0.0,0.0,0.0,0.0,0.0,0.0,0.0,0.0,0.0,0.0,0.0,0.0,0.0
52600,4526,2317,0.5119310649580203,1109,952,0.45536897923110914,1290,0.5700397702165267,0.40199999999999997,2.9823449524671797,3.157142229757213,6.815,2.20471653506749,8296.761734677593,433.3159132488462,7853.0,8738.025232815742,8719.83884814449,5.8042990928987965,7853.0,0.0,27.807335395492707,20.649495839023487,32.66054564533054,18.878100330944566,0.13941670349094124,0.10097216084843129,0.09191338930623066,0.08661069376933274,0.07998232434821034,0.07291206363234644,0.06959787892178525,0.06584180291648255,0.06164383561643835,0.058329650905877155,0.04242156429518339,0.04220061864781264,0.03093239063190455,0.02562969509500663,0.015687140963323024,0.008837825894829872,0.007070260715863898,0.9238563899545084,0.023280831487828266,0.0,0.0,0.0,0.0,0.0,0.0,0.0,0.0,0.0,0.0,0.0,0.0,0.0,0.0,0.0,0.0,0.0,0.0,0.0,0.0,0.0,0.0,0.0,0.0,0.0,0.23199292973928418,4.414494034467522,15.15908086610694,9.20680512593902,0.9876270437472384,4.256497948016416,2.9004001409746842,nan,nan,nan,4.262793914246196,2.949803462120121,4.2503382949932345,2.8512247007587543,0.9970780620636303,0.4146,0.011154,0.0,0.0,0.0,0.0,0.0,0.0,0.0,0.0,0.0,0.0,0.0,2.8634555899248744,25.76447193990279,1.372072470172338,0.0,0.0,0.0,0.0,0.0,0.0,0.0,0.0,0.0,0.0,0.0,0.0,0.0,0.0,0.0,0.0,nan,nan,4.256497948016416,2.9004001409746842,nan,0.4146,0.05508,0.0,0.0,0.0,0.0,0.0,0.0,0.0,0.0,0.0,0.0,0.0,0.0,0.0,0.0,0.0,0.0,0.0,0.0,0.0,0.0,0.0,0.0001104728236853734,0.0004308440123729562,0.0,1.104728236853734e-05,0.005468404772425983,0.010097216084843128,0.00017675651789659743,0.0064516129032258064,0.008837825894829872,0.0027507733097657974,0.0026182059213433495,0.01977463543968184,0.00705921343349536,0.004496243923994697,0.016891294741493593,0.05191117984975696,0.046818382677861245,0.08292090145824127,0.1265687140963323,0.08371630578877597,0.06878038002651347,0.08935041979673,0.07389527176314627,0.06454927087936367,0.034577993813521876,0.021376491383119752,0.03583738400353513,0.020039770216526736,0.046509058771542204,0.012571807335395493,0.006981882456915599,0.003844454264250994,0.015234202386212991,0.005335837384003535,0.012969509500662836,0.0020326999558108703,0.00014361467079098542,0.00809765797613787,3.314184710561202e-05,0.00039770216526734424,0.0003314184710561202,0.0,0.0,0.0,0.0,0.0,0.0,0.0,0.0,0.0,0.0,0.0,0.0,0.0,0.0,0.0,0.0,0.0,0.0,0.0,0.0,0.0,0.0,0.0,0.0,0.0,0.0,0.0,0.0,0.0,0.0,0.0,0.0,0.0,0.0,0.0,0.0,0.0,0.0,0.0,nan,nan,4.256497948016416,2.9004001409746842,nan,0.9235726503858702,0.023700386540278992,0.0,0.0,0.0,0.0,0.0,0.0,0.0,0.0,0.0,0.0,0.0,0.0,0.0,0.0,0.0,0.0,0.0,0.0,0.0,0.0,0.0,0.0,0.0,0.0,0.0,0.246007768666379,4.596460940871818,14.928787224859736,9.231765213638328,0.9969788519637465,0.924154001806267,0.022828692288683453,0.0,0.0,0.0,0.0,0.0,0.0,0.0,0.0,0.0,0.0,0.0,0.0,0.0,0.0,0.0,0.0,0.0,0.0,0.0,0.0,0.0,0.0,0.0,0.0,0.0,0.21729289271163427,4.223630602082391,15.400633770937079,9.180624717066548,0.9778180172023542,0.4148,0.01124,0.0,0.0,0.0,0.0,0.0,0.0,0.0,0.0,0.0,0.0,0.0,2.835563228312469,25.68839015968926,1.476046611998274,0.0,0.0,0.0,0.0,0.0,0.0,0.0,0.0,0.0,0.0,0.0,0.0,0.0,0.0,0.0,0.0,0.4143,0.01105,0.0,0.0,0.0,0.0,0.0,0.0,0.0,0.0,0.0,0.0,0.0,2.8927116342236263,25.844273426890002,1.263014938886374,0.0,0.0,0.0,0.0,0.0,0.0,0.0,0.0,0.0,0.0,0.0,0.0,0.0,0.0,0.0,0.0
52700,4416,2299,0.5206068840579711,1107,884,0.45086050724637683,1253,0.5674818840579711,0.414,3.1133679735474726,3.123107206563445,6.585253456221198,2.128736322454524,8304.400291093789,433.1836717425111,7853.0,8739.380911016464,8720.065543919169,5.659896063339233,7853.0,0.0,28.46875,20.94219576101256,33.38651625033575,19.11788782797127,0.13541666666666666,0.10099637681159421,0.08333333333333333,0.08446557971014493,0.08605072463768115,0.07518115942028986,0.07178442028985507,0.06136775362318841,0.058650362318840576,0.05276268115942029,0.04913949275362319,0.042798913043478264,0.036231884057971016,0.026947463768115944,0.01585144927536232,0.013134057971014492,0.00588768115942029,0.9245795040539857,0.022681490523553977,0.0,0.0,0.0,0.0,0.0,0.0,0.0,0.0,0.0,0.0,0.0,0.0,0.0,0.0,0.0,0.0,0.0,0.0,0.0,0.0,0.0,0.0,0.0,0.0,0.0,0.19701086956521743,4.048913043478262,15.156250000000004,9.680706521739133,0.9171195652173915,4.323277339732602,2.9183935186559986,nan,nan,nan,4.255378209576683,2.8838275536838855,4.389566395663957,2.9502422070535097,1.0315337860651927,0.4143,0.011444,0.0,0.0,0.0,0.0,0.0,0.0,0.0,0.0,0.0,0.0,0.0,3.0842391304347783,25.482336956521745,1.4334239130434787,0.0,0.0,0.0,0.0,0.0,0.0,0.0,0.0,0.0,0.0,0.0,0.0,0.0,0.0,0.0,0.0,nan,nan,4.323277339732602,2.9183935186559986,nan,0.4143,0.055,0.0,0.0,0.0,0.0,0.0,0.0,0.0,0.0,0.0,0.0,0.0,0.0,0.0,0.0,0.0,0.0,0.0,0.0,0.0,0.0,0.0,2.2644927536231884e-05,0.0003283514492753623,0.0,5.661231884057971e-05,0.005740489130434782,0.00948822463768116,0.00014719202898550725,0.007155797101449275,0.008933423913043479,0.0030570652173913045,0.0024456521739130437,0.018399003623188404,0.008186141304347826,0.005627264492753623,0.016700634057971016,0.05186820652173913,0.046908967391304346,0.08072916666666667,0.12658514492753623,0.0855185688405797,0.06689311594202899,0.08988903985507246,0.07416213768115942,0.06546648550724637,0.035326086956521736,0.02036911231884058,0.03612998188405797,0.021750452898550723,0.04533514492753623,0.011809329710144928,0.007993659420289855,0.004064764492753623,0.014526721014492754,0.0049479166666666664,0.011786684782608695,0.0019021739130434783,0.00014719202898550725,0.008797554347826086,0.0001358695652173913,0.00044157608695652174,0.00022644927536231884,0.0,0.0,0.0,0.0,0.0,0.0,0.0,0.0,0.0,0.0,0.0,0.0,0.0,0.0,0.0,0.0,0.0,0.0,0.0,0.0,0.0,0.0,0.0,0.0,0.0,0.0,0.0,0.0,0.0,0.0,0.0,0.0,0.0,0.0,0.0,0.0,0.0,0.0,0.0,nan,nan,4.323277339732602,2.9183935186559986,nan,0.925137961647105,0.02253476436791361,0.0,0.0,0.0,0.0,0.0,0.0,0.0,0.0,0.0,0.0,0.0,0.0,0.0,0.0,0.0,0.0,0.0,0.0,0.0,0.0,0.0,0.0,0.0,0.0,0.0,0.1696389734667247,3.875598086124403,15.137016093953896,9.917355371900827,0.9003914745541541,0.9239730354632529,0.022824291735021703,0.0,0.0,0.0,0.0,0.0,0.0,0.0,0.0,0.0,0.0,0.0,0.0,0.0,0.0,0.0,0.0,0.0,0.0,0.0,0.0,0.0,0.0,0.0,0.0,0.0,0.22673594709494574,4.237128011336798,15.17713745866793,9.423712801133682,0.9352857817666511,0.4143,0.01142,0.0,0.0,0.0,0.0,0.0,0.0,0.0,0.0,0.0,0.0,0.0,3.079599826011305,25.589386689865165,1.3310134841235322,0.0,0.0,0.0,0.0,0.0,0.0,0.0,0.0,0.0,0.0,0.0,0.0,0.0,0.0,0.0,0.0,0.4146,0.011475,0.0,0.0,0.0,0.0,0.0,0.0,0.0,0.0,0.0,0.0,0.0,3.0892772791686305,25.366084081247056,1.544638639584318,0.0,0.0,0.0,0.0,0.0,0.0,0.0,0.0,0.0,0.0,0.0,0.0,0.0,0.0,0.0,0.0
52800,4207,2181,0.5184216781554551,1038,838,0.4459234608985025,1155,0.5490848585690515,0.442,3.019249753208292,3.1635455370622645,6.774647887323944,2.0925567830052234,8302.4428914099,433.19810612428705,7853.0,8739.093678975105,8719.944632811303,5.7949460426146455,7853.0,0.0,27.956263370572856,21.092831098751144,32.94474355341457,19.374844307771536,0.142144045638222,0.09888281435702401,0.09151414309484193,0.08557166627050154,0.0879486570002377,0.07844069408129309,0.06227715711908723,0.06227715711908723,0.058711671024483006,0.04658901830282862,0.043736629427145235,0.040646541478488236,0.03446636558117423,0.028048490610886618,0.01949132398383646,0.01188495364868077,0.0073686712621820775,0.9241198439169644,0.023407873773099733,0.0,0.0,0.0,0.0,0.0,0.0,0.0,0.0,0.0,0.0,0.0,0.0,0.0,0.0,0.0,0.0,0.0,0.0,0.0,0.0,0.0,0.0,0.0,0.0,0.0,0.21392916567625392,4.335631091038746,15.096268124554317,9.33444259567388,1.0197290230568103,4.278023598820059,2.914740422071349,nan,nan,nan,4.269865067466267,2.894036749495485,4.283950617283951,2.934775753081127,1.0032988278540715,0.4146,0.01139,0.0,0.0,0.0,0.0,0.0,0.0,0.0,0.0,0.0,0.0,0.0,3.0021392916567584,25.45043974328501,1.5474209650582367,0.0,0.0,0.0,0.0,0.0,0.0,0.0,0.0,0.0,0.0,0.0,0.0,0.0,0.0,0.0,0.0,nan,nan,4.278023598820059,2.914740422071349,nan,0.4146,0.05524,0.0,0.0,0.0,0.0,0.0,0.0,0.0,0.0,0.0,0.0,0.0,0.0,0.0,0.0,0.0,0.0,0.0,0.0,0.0,0.0,8.319467554076539e-05,0.0,0.00034466365581174236,0.0,0.00014261944378416924,0.00493225576420252,0.009900166389351081,2.376990729736154e-05,0.007737104825291182,0.008699786070834324,0.0030663180413596385,0.002067981934870454,0.015521749465177086,0.008046113620156881,0.005918706917043023,0.01898027097694319,0.05608509626812455,0.04516282386498693,0.08445448062752556,0.12242690753506061,0.08459710007130972,0.06583075826004278,0.09253624910862848,0.07278345614452103,0.06312098882814357,0.03649869265509865,0.020786783931542666,0.03251723318279059,0.024126455906821963,0.04524601854052769,0.011516520085571667,0.008271927739481816,0.003304017114333254,0.015331590206798194,0.0046351319229855,0.012562396006655574,0.0016995483717613502,3.565486094604231e-05,0.01018540527691942,0.00022581411932493463,0.0003565486094604231,0.00021392916567625388,2.376990729736154e-05,0.0,0.0,0.0,0.0,0.0,0.0,0.0,0.0,0.0,0.0,0.0,0.0,0.0,0.0,0.0,0.0,0.0,0.0,0.0,0.0,0.0,0.0,0.0,0.0,0.0,0.0,0.0,0.0,0.0,0.0,0.0,0.0,0.0,0.0,0.0,0.0,0.0,0.0,nan,nan,4.278023598820059,2.914740422071349,nan,0.9241709119406712,0.023610971045094277,0.0,0.0,0.0,0.0,0.0,0.0,0.0,0.0,0.0,0.0,0.0,0.0,0.0,0.0,0.0,0.0,0.0,0.0,0.0,0.0,0.0,0.0,0.0,0.0,0.0,0.26134800550206333,4.374140302613481,15.04814305364512,9.24346629986245,1.0729023383768916,0.9240648689121743,0.023187124549337607,0.0,0.0,0.0,0.0,0.0,0.0,0.0,0.0,0.0,0.0,0.0,0.0,0.0,0.0,0.0,0.0,0.0,0.0,0.0,0.0,0.0,0.0,0.0,0.0,0.0,0.1628825271470879,4.294175715695953,15.148075024679175,9.432379072063181,0.9624876604146103,0.4146,0.011475,0.0,0.0,0.0,0.0,0.0,0.0,0.0,0.0,0.0,0.0,0.0,2.8748280605226917,25.41953232462174,1.7056396148555713,0.0,0.0,0.0,0.0,0.0,0.0,0.0,0.0,0.0,0.0,0.0,0.0,0.0,0.0,0.0,0.0,0.4146,0.01129,0.0,0.0,0.0,0.0,0.0,0.0,0.0,0.0,0.0,0.0,0.0,3.139190523198416,25.483711747285298,1.3770977295162885,0.0,0.0,0.0,0.0,0.0,0.0,0.0,0.0,0.0,0.0,0.0,0.0,0.0,0.0,0.0,0.0
52900,4466,2301,0.5152261531571877,1052,913,0.4399910434393193,1241,0.5557545902373489,0.422,2.903002309468822,3.1514233365550943,6.721739130434782,2.287766429575995,8299.79521081346,433.40965091533513,7853.0,8740.38756980896,8720.182708167278,5.711107662849911,7853.0,0.0,27.52127183161666,20.855646992098396,32.694773706896555,19.081997367883933,0.14576802507836992,0.10165696372592924,0.09762651141961487,0.08866995073891626,0.06874160322436185,0.08284818629646216,0.06336766681594268,0.06605463502015226,0.05329153605015674,0.05284370801612181,0.048813255709807435,0.03918495297805643,0.03381101656963726,0.02373488580385132,0.01567398119122257,0.01186744290192566,0.006045678459471563,0.9248926729110661,0.022866762287174606,0.0,0.0,0.0,0.0,0.0,0.0,0.0,0.0,0.0,0.0,0.0,0.0,0.0,0.0,0.0,0.0,0.0,0.0,0.0,0.0,0.0,0.0,0.0,0.0,0.0,0.2082400358262428,3.889386475593373,15.208240035826247,9.679802955665027,1.014330497089118,4.335807705903146,2.9777650549198595,nan,nan,nan,4.355308813324081,2.972471649695407,4.315561959654179,2.983115775062881,0.9908739298696099,0.415,0.011665,0.0,0.0,0.0,0.0,0.0,0.0,0.0,0.0,0.0,0.0,0.0,2.948947604120014,25.230631437527997,1.8204209583519932,0.0,0.0,0.0,0.0,0.0,0.0,0.0,0.0,0.0,0.0,0.0,0.0,0.0,0.0,0.0,0.0,nan,nan,4.335807705903146,2.9777650549198595,nan,0.415,0.0552,0.0,0.0,0.0,0.0,0.0,0.0,0.0,0.0,0.0,0.0,0.0,0.0,0.0,0.0,0.0,0.0,0.0,0.0,0.0,0.0,2.239140170174653e-05,3.358710255261979e-05,0.0002239140170174653,2.239140170174653e-05,0.0002463054187192118,0.005597850425436633,0.010266457680250784,0.00011195700850873264,0.006258396775638155,0.008452754142409315,0.0023063143752798925,0.00219435736677116,0.014050604567845947,0.006818181818181818,0.005665024630541872,0.01971562919838782,0.059068517689207345,0.045085087326466634,0.08373264666368115,0.1185064935064935,0.08704657411553963,0.06305418719211822,0.09797357814599193,0.07412673533363189,0.060288849081952534,0.03702418271383789,0.021350201522615315,0.0345051500223914,0.021641289744738022,0.045387371249440214,0.011654724585759068,0.008755038065382893,0.0034594715629198388,0.014252127183161666,0.00483654276757725,0.012572772055530677,0.0015897895208240036,0.0001231527093596059,0.010602328705776981,0.0004590237348858039,0.0006941334527541424,0.00015673981191222572,6.717420510523959e-05,0.0,0.0,0.0,0.0,0.0,0.0,0.0,0.0,0.0,0.0,0.0,0.0,0.0,0.0,0.0,0.0,0.0,0.0,0.0,0.0,0.0,0.0,0.0,0.0,0.0,0.0,0.0,0.0,0.0,0.0,0.0,0.0,0.0,0.0,0.0,0.0,0.0,0.0,nan,nan,4.335807705903146,2.9777650549198595,nan,0.9247699842303797,0.02321607369508548,0.0,0.0,0.0,0.0,0.0,0.0,0.0,0.0,0.0,0.0,0.0,0.0,0.0,0.0,0.0,0.0,0.0,0.0,0.0,0.0,0.0,0.0,0.0,0.0,0.0,0.18252933507170802,4.09387222946545,15.03259452411995,9.661016949152543,1.0299869621903521,0.9250230685943269,0.022488827572500203,0.0,0.0,0.0,0.0,0.0,0.0,0.0,0.0,0.0,0.0,0.0,0.0,0.0,0.0,0.0,0.0,0.0,0.0,0.0,0.0,0.0,0.0,0.0,0.0,0.0,0.23556581986143194,3.672055427251733,15.394919168591228,9.699769053117784,0.9976905311778294,0.415,0.011665,0.0,0.0,0.0,0.0,0.0,0.0,0.0,0.0,0.0,0.0,0.0,2.920469361147323,25.306388526727517,1.7731421121251634,0.0,0.0,0.0,0.0,0.0,0.0,0.0,0.0,0.0,0.0,0.0,0.0,0.0,0.0,0.0,0.0,0.4148,0.01165,0.0,0.0,0.0,0.0,0.0,0.0,0.0,0.0,0.0,0.0,0.0,2.979214780600458,25.150115473441115,1.87066974595843,0.0,0.0,0.0,0.0,0.0,0.0,0.0,0.0,0.0,0.0,0.0,0.0,0.0,0.0,0.0,0.0
53000,4464,2277,0.5100806451612904,1073,895,0.44086021505376344,1233,0.5524193548387096,0.426,2.9670781893004117,3.1041684461290324,6.568144499178982,2.220009764651106,8295.388693647557,433.5774075936645,7853.0,8739.24606140852,8720.291668178608,5.789416117115117,7853.0,0.0,28.149193548387096,21.132765571776044,33.20053475935829,19.36764764020406,0.14157706093189965,0.09699820788530467,0.1003584229390681,0.08243727598566308,0.07594086021505377,0.07302867383512544,0.06877240143369176,0.06317204301075269,0.05824372759856631,0.05264336917562724,0.04659498207885305,0.041666666666666664,0.037410394265232974,0.021729390681003585,0.01904121863799283,0.012768817204301076,0.0076164874551971325,0.9251888580353242,0.023271995450512475,0.0,0.0,0.0,0.0,0.0,0.0,0.0,0.0,0.0,0.0,0.0,0.0,0.0,0.0,0.0,0.0,0.0,0.0,0.0,0.0,0.0,0.0,0.0,0.0,0.0,0.2083333333333334,3.904569892473119,14.81182795698925,9.845430107526884,1.2298387096774195,4.315092366678285,2.8971661073625623,nan,nan,nan,4.291193181818182,2.8735928863214335,4.338124572210814,2.919518968437957,1.0109366762119871,0.4153,0.01172,0.0,0.0,0.0,0.0,0.0,0.0,0.0,0.0,0.0,0.0,0.0067204301075268836,2.9301075268817165,25.369623655913983,1.6935483870967747,0.0,0.0,0.0,0.0,0.0,0.0,0.0,0.0,0.0,0.0,0.0,0.0,0.0,0.0,0.0,0.0,nan,nan,4.315092366678285,2.8971661073625623,nan,0.4153,0.0557,0.0,0.0,0.0,0.0,0.0,0.0,0.0,0.0,0.0,0.0,0.0,0.0,0.0,0.0,0.0,0.0,0.0,0.0,0.0,0.0,2.2401433691756272e-05,0.0,0.0001568100358422939,3.360215053763441e-05,0.000246415770609319,0.006350806451612903,0.01117831541218638,7.840501792114695e-05,0.0058803763440860215,0.009330197132616487,0.0020385304659498206,0.0018481182795698926,0.013418458781362008,0.006720430107526882,0.005275537634408602,0.019623655913978494,0.05982302867383513,0.041834677419354836,0.085293458781362,0.11746191756272402,0.08435259856630824,0.0634744623655914,0.09905913978494624,0.0752576164874552,0.06064068100358423,0.03655913978494624,0.019982078853046596,0.03424059139784946,0.02277105734767025,0.04672939068100358,0.012007168458781362,0.008792562724014337,0.004065860215053763,0.013967293906810035,0.004077060931899641,0.013384856630824372,0.0010416666666666667,0.00020161290322580645,0.01153673835125448,0.0003136200716845878,0.0008736559139784947,2.2401433691756272e-05,3.360215053763441e-05,0.0,0.0,0.0,0.0,0.0,0.0,0.0,0.0,0.0,0.0,0.0,0.0,0.0,0.0,0.0,0.0,0.0,0.0,0.0,0.0,0.0,0.0,0.0,0.0,0.0,0.0,0.0,0.0,0.0,0.0,0.0,0.0,0.0,0.0,0.0,0.0,0.0,0.0,nan,nan,4.315092366678285,2.8971661073625623,nan,0.9253542115408755,0.023243046783659023,0.0,0.0,0.0,0.0,0.0,0.0,0.0,0.0,0.0,0.0,0.0,0.0,0.0,0.0,0.0,0.0,0.0,0.0,0.0,0.0,0.0,0.0,0.0,0.0,0.0,0.25032938076416344,3.6495388669301723,14.835309617918316,10.065876152832676,1.1989459815546775,0.9250166998587627,0.02330085038858347,0.0,0.0,0.0,0.0,0.0,0.0,0.0,0.0,0.0,0.0,0.0,0.0,0.0,0.0,0.0,0.0,0.0,0.0,0.0,0.0,0.0,0.0,0.0,0.0,0.0,0.16460905349794241,4.170096021947875,14.78737997256516,9.615912208504803,1.2620027434842251,0.415,0.01192,0.0,0.0,0.0,0.0,0.0,0.0,0.0,0.0,0.0,0.0,0.0,3.1225296442687704,25.07246376811595,1.8050065876152837,0.0,0.0,0.0,0.0,0.0,0.0,0.0,0.0,0.0,0.0,0.0,0.0,0.0,0.0,0.0,0.0,0.4153,0.011505,0.0,0.0,0.0,0.0,0.0,0.0,0.0,0.0,0.0,0.0,0.013717421124828535,2.729766803840874,25.67901234567902,1.5775034293552817,0.0,0.0,0.0,0.0,0.0,0.0,0.0,0.0,0.0,0.0,0.0,0.0,0.0,0.0,0.0,0.0
53100,4434,2260,0.5096977898060442,1102,885,0.448128101037438,1242,0.5602165087956699,0.414,2.998160073597056,3.1493046676591687,6.621359223300971,2.157772905805849,8295.071364516953,433.5984277677244,7853.0,8740.38020285368,8720.320544366446,5.79409986237844,7853.0,0.0,28.475642760487144,20.983367929954355,33.225737835682,19.23200650140444,0.13261163734776726,0.10193955796120883,0.09111411817771764,0.08525033829499323,0.08006314839873703,0.07149300857013983,0.07036535859269283,0.06517816869643663,0.05953991880920163,0.04848894903022102,0.04961659900766802,0.04555705908885882,0.03563373928732522,0.02819124943617501,0.019846639603067207,0.008795669824086604,0.006314839873703203,0.9251053764925489,0.023279311121107045,0.0,0.0,0.0,0.0,0.0,0.0,0.0,0.0,0.0,0.0,0.0,0.0,0.0,0.0,0.0,0.0,0.0,0.0,0.0,0.0,0.0,0.0,0.0,0.0,0.0,0.1556156968876861,4.012178619756429,14.898511502029773,9.864682002706362,1.0690121786197566,4.2676733013040495,2.9214854361080604,nan,nan,nan,4.268626110731374,2.92296045799759,4.26671261199173,2.919997146411472,0.9995517295987032,0.4153,0.011505,0.0,0.0,0.0,0.0,0.0,0.0,0.0,0.0,0.0,0.0,0.0,2.8687415426251652,25.460081190798384,1.671177266576455,0.0,0.0,0.0,0.0,0.0,0.0,0.0,0.0,0.0,0.0,0.0,0.0,0.0,0.0,0.0,0.0,nan,nan,4.2676733013040495,2.9214854361080604,nan,0.4153,0.05618,0.0,0.0,0.0,0.0,0.0,0.0,0.0,0.0,0.0,0.0,0.0,0.0,0.0,0.0,0.0,0.0,0.0,0.0,0.0,0.0,0.0,0.0,0.00011276499774470004,9.021199819576004e-05,0.0002931889941362201,0.007126747857465043,0.011806495263870094,0.00014659449706811006,0.006111862877762743,0.008682904826341903,0.002751465944970681,0.0016463689670726206,0.014591790708164186,0.007092918358141633,0.004578258908434822,0.01818899413622012,0.060678845286423096,0.04156517816869644,0.08765223274695534,0.11303563373928732,0.08337843933243122,0.062437979251240415,0.09618854307622914,0.0761614794767704,0.05923545331529093,0.038137122237257556,0.021211096075778077,0.035408209291835815,0.02223725755525485,0.04871447902571042,0.012291384754172305,0.009382047812359044,0.004758682904826342,0.012381596752368065,0.004544429409111411,0.013960306720793866,0.0012178619756427606,0.00027063599458728013,0.010769057284618855,0.0005299954894000902,0.0006314839873703202,0.0,0.0,0.0,0.0,0.0,0.0,0.0,0.0,0.0,0.0,0.0,0.0,0.0,0.0,0.0,0.0,0.0,0.0,0.0,0.0,0.0,0.0,0.0,0.0,0.0,0.0,0.0,0.0,0.0,0.0,0.0,0.0,0.0,0.0,0.0,0.0,0.0,0.0,0.0,0.0,nan,nan,4.2676733013040495,2.9214854361080604,nan,0.9252863626037023,0.023586019032200357,0.0,0.0,0.0,0.0,0.0,0.0,0.0,0.0,0.0,0.0,0.0,0.0,0.0,0.0,0.0,0.0,0.0,0.0,0.0,0.0,0.0,0.0,0.0,0.0,0.0,0.13274336283185842,4.02212389380531,15.013274336283189,9.570796460176993,1.2610619469026552,0.9249172308572192,0.022954613846064106,0.0,0.0,0.0,0.0,0.0,0.0,0.0,0.0,0.0,0.0,0.0,0.0,0.0,0.0,0.0,0.0,0.0,0.0,0.0,0.0,0.0,0.0,0.0,0.0,0.0,0.17939282428702857,4.001839926402945,14.779208831646738,10.170193192272311,0.8693652253909846,0.4153,0.01137,0.0,0.0,0.0,0.0,0.0,0.0,0.0,0.0,0.0,0.0,0.0,2.7610619469026507,25.61946902654868,1.6194690265486729,0.0,0.0,0.0,0.0,0.0,0.0,0.0,0.0,0.0,0.0,0.0,0.0,0.0,0.0,0.0,0.0,0.4153,0.01164,0.0,0.0,0.0,0.0,0.0,0.0,0.0,0.0,0.0,0.0,0.0,2.980680772769085,25.294388224471028,1.72493100275989,0.0,0.0,0.0,0.0,0.0,0.0,0.0,0.0,0.0,0.0,0.0,0.0,0.0,0.0,0.0,0.0
53200,4457,2314,0.5191833071572807,1090,922,0.45142472515144716,1233,0.5532869643257796,0.442,2.939337377508166,3.0960750565059727,6.583190394511149,2.124639114090236,8303.326435290599,433.387851570991,7853.0,8739.558206433057,8720.37464221703,5.755360725499701,7853.0,0.0,27.82095579986538,21.02919070552835,32.87982832618026,19.277704014574258,0.14359434597262732,0.10388153466457259,0.09109266322638546,0.08481041059008301,0.07785505945703387,0.07695759479470496,0.06641238501234013,0.06394435719093561,0.06371999102535338,0.046892528606686114,0.04554633161319273,0.037693515817814674,0.03387929100291676,0.027148306035449855,0.017949293246578416,0.01099394211352928,0.007628449629795826,0.9252560319642676,0.022878811773749865,0.0,0.0,0.0,0.0,0.0,0.0,0.0,0.0,0.0,0.0,0.0,0.0,0.0,0.0,0.0,0.0,0.0,0.0,0.0,0.0,0.0,0.0,0.0,0.0,0.0,0.20192954902400723,3.803006506618803,15.38703163562935,9.457033879291005,1.1509984294368412,4.2572425828970335,2.897276341272617,nan,nan,nan,4.175207756232687,2.8866720716697496,4.340140845070422,2.9066112076707182,1.0395029657126704,0.415,0.011505,0.0,0.0,0.0,0.0,0.0,0.0,0.0,0.0,0.0,0.0,0.0,2.8270136863360964,25.38254431231771,1.7904420013461975,0.0,0.0,0.0,0.0,0.0,0.0,0.0,0.0,0.0,0.0,0.0,0.0,0.0,0.0,0.0,0.0,nan,nan,4.2572425828970335,2.897276341272617,nan,0.415,0.0563,0.0,0.0,0.0,0.0,0.0,0.0,0.0,0.0,0.0,0.0,0.0,0.0,0.0,0.0,0.0,0.0,0.0,0.0,0.0,0.0,0.0,0.0,0.00014583800762844962,7.852815795378057e-05,0.00017949293246578415,0.007033879291002917,0.01143145613641463,0.00031411263181512227,0.005283823199461521,0.009378505721337223,0.003500112183082791,0.0018734574826116221,0.014527709221449405,0.006641238501234014,0.004913619026250841,0.018252187570114427,0.06280008974646624,0.043426071348440655,0.08721112856181287,0.1080884002692394,0.08671752299753198,0.05941216064617456,0.09749831725375813,0.07678932017051829,0.0605227731658066,0.03762620596814,0.01923939869867624,0.03415974870989455,0.023513574153017726,0.04911375364595019,0.012901054520978237,0.008783935382544312,0.0038590980480143595,0.011678258918555081,0.004913619026250841,0.013675117792236931,0.0012003589858649315,0.00019071124074489568,0.011644603993717747,0.0005833520305137985,0.0008974646623289208,0.0,0.0,0.0,0.0,0.0,0.0,0.0,0.0,0.0,0.0,0.0,0.0,0.0,0.0,0.0,0.0,0.0,0.0,0.0,0.0,0.0,0.0,0.0,0.0,0.0,0.0,0.0,0.0,0.0,0.0,0.0,0.0,0.0,0.0,0.0,0.0,0.0,0.0,0.0,0.0,nan,nan,4.2572425828970335,2.897276341272617,nan,0.925630283592689,0.02321339437655963,0.0,0.0,0.0,0.0,0.0,0.0,0.0,0.0,0.0,0.0,0.0,0.0,0.0,0.0,0.0,0.0,0.0,0.0,0.0,0.0,0.0,0.0,0.0,0.0,0.0,0.20743301642178053,3.8893690579083846,14.740708729472777,9.91789109766638,1.244598098530683,0.9248519170467842,0.02250496084614946,0.0,0.0,0.0,0.0,0.0,0.0,0.0,0.0,0.0,0.0,0.0,0.0,0.0,0.0,0.0,0.0,0.0,0.0,0.0,0.0,0.0,0.0,0.0,0.0,0.0,0.19598693420438643,3.7097526831544574,16.084927671488572,8.959402706486236,1.0499300046663558,0.415,0.01143,0.0,0.0,0.0,0.0,0.0,0.0,0.0,0.0,0.0,0.0,0.0,2.6577355229040585,25.47536732929992,1.8668971477960246,0.0,0.0,0.0,0.0,0.0,0.0,0.0,0.0,0.0,0.0,0.0,0.0,0.0,0.0,0.0,0.0,0.415,0.0116,0.0,0.0,0.0,0.0,0.0,0.0,0.0,0.0,0.0,0.0,0.0,3.009799346710215,25.28231451236585,1.7078861409239388,0.0,0.0,0.0,0.0,0.0,0.0,0.0,0.0,0.0,0.0,0.0,0.0,0.0,0.0,0.0,0.0
53300,4577,2372,0.5182433908673804,1079,953,0.443958925060083,1277,0.5580074284465807,0.41,2.9605442176870747,3.089119765939305,6.631051752921536,2.1463415460685806,8302.577995354926,433.48248852603865,7853.0,8739.582010412216,8720.503577040261,5.714353911850467,7853.0,0.0,27.714223290364867,20.958192640897046,32.795811518324605,19.222578435882035,0.14092200131090235,0.1050906707450295,0.09525890321171072,0.0845532007865414,0.07909110771247542,0.07712475420581166,0.06904085645619401,0.061175442429539,0.05767970286213677,0.05527638190954774,0.03801616779549923,0.035394363119947564,0.034301944505134366,0.03102468866069478,0.019882018789600175,0.011142669871094604,0.005025125628140704,0.9269092198878832,0.023546888752253622,0.0,0.0,0.0,0.0,0.0,0.0,0.0,0.0,0.0,0.0,0.0,0.0,0.0,0.0,0.0,0.0,0.0,0.0,0.0,0.0,0.0,0.0,0.0,0.0,0.0,0.1704173039108587,3.5918724055057907,14.39370766877868,10.513436748962205,1.3305658728424734,4.301445285615967,2.845042169260909,nan,nan,nan,4.2297205180640765,2.8616811388229046,4.374565670604587,2.8261054837676536,1.0342446154354437,0.4148,0.01104,0.0,0.0,0.0,0.0,0.0,0.0,0.0,0.0,0.0,0.0,0.0,2.8118855145291635,25.82477605418397,1.3633384312868695,0.0,0.0,0.0,0.0,0.0,0.0,0.0,0.0,0.0,0.0,0.0,0.0,0.0,0.0,0.0,0.0,nan,nan,4.301445285615967,2.845042169260909,nan,0.4148,0.05566,0.0,0.0,0.0,0.0,0.0,0.0,0.0,0.0,0.0,0.0,0.0,0.0,0.0,0.0,0.0,0.0,0.0,0.0,0.0,0.0,0.0,0.0,0.00022940790911077125,9.831767533318767e-05,6.554511688879179e-05,0.007636006117544243,0.01050906707450295,0.000305877212147695,0.004599082368363557,0.008477168450950404,0.00356128468429102,0.002468866069477824,0.012999781516277037,0.0071553419270264365,0.006259558662879615,0.014583788507756172,0.0641468210618309,0.04348918505571335,0.091555604107494,0.11311994756390649,0.08621367708105745,0.05699147913480446,0.09830675114703954,0.07688442211055277,0.06084771684509504,0.03655232685164955,0.017587939698492462,0.0321935765785449,0.025169324885296045,0.05001092418614813,0.013917413152720123,0.008826742407690626,0.0034301944505134366,0.011361153594057243,0.004369674459252786,0.011765348481538125,0.0011470395455538563,0.00013109023377758358,0.011372077780205376,0.00041511907362901465,0.001234433034738912,0.0,0.0,0.0,1.0924186148131964e-05,0.0,0.0,0.0,0.0,0.0,0.0,0.0,0.0,0.0,0.0,0.0,0.0,0.0,0.0,0.0,0.0,0.0,0.0,0.0,0.0,0.0,0.0,0.0,0.0,0.0,0.0,0.0,0.0,0.0,0.0,0.0,0.0,0.0,0.0,0.0,0.0,nan,nan,4.301445285615967,2.845042169260909,nan,0.9267161275695186,0.02334299260178005,0.0,0.0,0.0,0.0,0.0,0.0,0.0,0.0,0.0,0.0,0.0,0.0,0.0,0.0,0.0,0.0,0.0,0.0,0.0,0.0,0.0,0.0,0.0,0.0,0.0,0.2150084317032041,3.478077571669478,14.557335581787525,10.548060708263073,1.2015177065767286,0.9271169364317204,0.023762522538632036,0.0,0.0,0.0,0.0,0.0,0.0,0.0,0.0,0.0,0.0,0.0,0.0,0.0,0.0,0.0,0.0,0.0,0.0,0.0,0.0,0.0,0.0,0.0,0.0,0.0,0.12244897959183676,3.7142857142857153,14.217687074829936,10.476190476190478,1.4693877551020413,0.4146,0.01113,0.0,0.0,0.0,0.0,0.0,0.0,0.0,0.0,0.0,0.0,0.0,2.959527824620569,25.813659359190563,1.2268128161888703,0.0,0.0,0.0,0.0,0.0,0.0,0.0,0.0,0.0,0.0,0.0,0.0,0.0,0.0,0.0,0.0,0.415,0.01094,0.0,0.0,0.0,0.0,0.0,0.0,0.0,0.0,0.0,0.0,0.0,2.653061224489792,25.836734693877556,1.5102040816326534,0.0,0.0,0.0,0.0,0.0,0.0,0.0,0.0,0.0,0.0,0.0,0.0,0.0,0.0,0.0,0.0
53400,4387,2274,0.5183496694780032,1066,868,0.44084795988146797,1195,0.5447914292227034,0.43,2.911026975863701,3.1427071409702694,6.710017574692443,2.169914473472799,8302.613210513086,433.4251245797184,7853.0,8739.984182798862,8720.39364754657,5.849309271936487,7853.0,0.0,27.532482334169135,20.752968217249403,32.39392295170917,19.081443118372487,0.14018691588785046,0.1000683838614087,0.09801686801914748,0.09003875085479826,0.08228857989514475,0.07317073170731707,0.07134716206975154,0.06336904490540232,0.056074766355140186,0.053111465694096194,0.038750854798267606,0.04353772509687714,0.03191246865739685,0.02279462046956918,0.016868019147481195,0.012309095053567358,0.006154547526783679,0.9264286683691045,0.023501352131549958,0.0,0.0,0.0,0.0,0.0,0.0,0.0,0.0,0.0,0.0,0.0,0.0,0.0,0.0,0.0,0.0,0.0,0.0,0.0,0.0,0.0,0.0,0.0,0.0,0.0,0.1709596535217689,3.665374971506725,14.456348301800778,10.387508547982678,1.3198085251880558,4.20043026174256,2.897988291235307,nan,nan,nan,4.240143369175628,2.8774929315018536,4.162957645369706,2.917630716558572,0.9817964353830497,0.4143,0.011375,0.0,0.0,0.0,0.0,0.0,0.0,0.0,0.0,0.0,0.0,0.0,3.2619101891953455,25.267836790517446,1.4702530202872126,0.0,0.0,0.0,0.0,0.0,0.0,0.0,0.0,0.0,0.0,0.0,0.0,0.0,0.0,0.0,0.0,nan,nan,4.20043026174256,2.897988291235307,nan,0.4143,0.05573,0.0,0.0,0.0,0.0,0.0,0.0,0.0,0.0,0.0,0.0,0.0,0.0,0.0,0.0,0.0,0.0,0.0,0.0,0.0,0.0,0.0,9.117848187827673e-05,0.0002963300661043994,0.00011397310234784591,4.5589240939138365e-05,0.0071233188967403695,0.010542511967175747,0.00046728971962616824,0.004707089126966036,0.008377023022566675,0.0035217688625484387,0.0024960109414178255,0.014292227034419878,0.006770002279462047,0.006428082972418509,0.016925005698655116,0.06674264873489856,0.044369728744016415,0.09301344882607705,0.11093002051515842,0.08500113973102348,0.05614315021654889,0.10084340095737405,0.07146113517209939,0.06048552541600182,0.03847731935263278,0.017141554593116025,0.030567586049692272,0.026248005470708914,0.04847276042853887,0.013198085251880556,0.008559379986323227,0.003282425347617962,0.014155459311602461,0.004399361750626852,0.010485525416001824,0.0011055390927741052,0.00010257579211306131,0.011078185548210622,0.0004900843400957374,0.0010485525416001824,0.0,0.0,0.0,0.0,0.0,0.0,0.0,0.0,0.0,0.0,0.0,0.0,0.0,0.0,0.0,0.0,0.0,0.0,0.0,0.0,0.0,0.0,0.0,0.0,0.0,0.0,0.0,0.0,0.0,0.0,0.0,0.0,0.0,0.0,0.0,0.0,0.0,0.0,0.0,0.0,nan,nan,4.20043026174256,2.897988291235307,nan,0.9266952704523568,0.02349505676469945,0.0,0.0,0.0,0.0,0.0,0.0,0.0,0.0,0.0,0.0,0.0,0.0,0.0,0.0,0.0,0.0,0.0,0.0,0.0,0.0,0.0,0.0,0.0,0.0,0.0,0.1319261213720317,3.7071240105540904,14.340369393139845,10.527704485488128,1.2928759894459105,0.9261417525445349,0.023504747214526504,0.0,0.0,0.0,0.0,0.0,0.0,0.0,0.0,0.0,0.0,0.0,0.0,0.0,0.0,0.0,0.0,0.0,0.0,0.0,0.0,0.0,0.0,0.0,0.0,0.0,0.21296734500709896,3.620444865120682,14.581164221486043,10.236630383341224,1.34879318504496,0.414,0.01127,0.0,0.0,0.0,0.0,0.0,0.0,0.0,0.0,0.0,0.0,0.0,3.2453825857519742,25.26385224274407,1.4907651715039583,0.0,0.0,0.0,0.0,0.0,0.0,0.0,0.0,0.0,0.0,0.0,0.0,0.0,0.0,0.0,0.0,0.4143,0.01148,0.0,0.0,0.0,0.0,0.0,0.0,0.0,0.0,0.0,0.0,0.0,3.2796971131093184,25.27212494084241,1.4481779460482729,0.0,0.0,0.0,0.0,0.0,0.0,0.0,0.0,0.0,0.0,0.0,0.0,0.0,0.0,0.0,0.0
53500,4517,2342,0.518485720611025,1111,879,0.4405578924064645,1260,0.5578924064644676,0.41,2.9577011494252874,3.0878410793591677,6.4609375,2.1618219448173224,8302.58416842035,433.27830624462473,7853.0,8739.0252771914,8720.110029357269,5.738457302800687,7853.0,0.0,28.405800309940226,21.028066509904832,33.25366876310272,19.27189087621631,0.1365950852335621,0.10139473101616117,0.09143236661500996,0.08213415984060217,0.07837059995572282,0.07593535532433031,0.06730130617666592,0.0659729909231791,0.05446092539295993,0.056232012397609034,0.04826212087668807,0.04361301748948417,0.03365065308833296,0.028337392074385653,0.019260571175559,0.010405136152313482,0.006641576267434138,0.9258452597143694,0.02304313460431971,0.0,0.0,0.0,0.0,0.0,0.0,0.0,0.0,0.0,0.0,0.0,0.0,0.0,0.0,0.0,0.0,0.0,0.0,0.0,0.0,0.0,0.0,0.0,0.0,0.0,0.21917201682532658,3.81890635377463,14.797431923843263,9.935798096081472,1.2286916094753157,4.177030241250424,2.8783683156408943,nan,nan,nan,4.154939106901218,2.9081006436386523,4.1993174061433445,2.847883989925231,1.010680854303837,0.4136,0.01122,0.0,0.0,0.0,0.0,0.0,0.0,0.0,0.0,0.0,0.0,0.0,3.6727916758910726,25.277839273854333,1.049369050254594,0.0,0.0,0.0,0.0,0.0,0.0,0.0,0.0,0.0,0.0,0.0,0.0,0.0,0.0,0.0,0.0,nan,nan,4.177030241250424,2.8783683156408943,nan,0.4136,0.0558,0.0,0.0,0.0,0.0,0.0,0.0,0.0,0.0,0.0,0.0,0.0,0.0,0.0,0.0,0.0,0.0,0.0,0.0,0.0,0.0,0.0,0.00012176223156962585,0.00015497011290679656,0.0002435244631392517,1.1069293779056897e-05,0.007183971662607926,0.011456719061323888,0.0002878016382554793,0.004793004206331636,0.00820234669028116,0.003641797653309719,0.0033982731901704673,0.014788576488820013,0.006862962143015275,0.007150763781270755,0.016050475979632498,0.06881779942439673,0.04557228248837724,0.09464246181093647,0.10749391188842151,0.08949524020367501,0.05512508301970334,0.10054239539517379,0.0671795439450963,0.06089218507859199,0.03992694266105822,0.015386318352889086,0.031536417976533095,0.025547930042063318,0.04677883551029444,0.012508301970334293,0.008545494797431923,0.0033982731901704673,0.015043170245738322,0.004117777285809165,0.009851671463360637,0.0010183750276732345,0.00021031658180208104,0.010615452734115563,0.0002656630506973655,0.0011401372592428603,0.0,0.0,0.0,0.0,0.0,0.0,0.0,0.0,0.0,0.0,0.0,0.0,0.0,0.0,0.0,0.0,0.0,0.0,0.0,0.0,0.0,0.0,0.0,0.0,0.0,0.0,0.0,0.0,0.0,0.0,0.0,0.0,0.0,0.0,0.0,0.0,0.0,0.0,0.0,0.0,nan,nan,4.177030241250424,2.8783683156408943,nan,0.9262323474191785,0.023072150917295656,0.0,0.0,0.0,0.0,0.0,0.0,0.0,0.0,0.0,0.0,0.0,0.0,0.0,0.0,0.0,0.0,0.0,0.0,0.0,0.0,0.0,0.0,0.0,0.0,0.0,0.28181041844577287,3.561058923996585,14.846285226302308,10.093936806148593,1.2169086251067465,0.9254284507926853,0.023004567903329914,0.0,0.0,0.0,0.0,0.0,0.0,0.0,0.0,0.0,0.0,0.0,0.0,0.0,0.0,0.0,0.0,0.0,0.0,0.0,0.0,0.0,0.0,0.0,0.0,0.0,0.1517241379310345,4.096551724137932,14.7448275862069,9.765517241379312,1.2413793103448278,0.4133,0.01127,0.0,0.0,0.0,0.0,0.0,0.0,0.0,0.0,0.0,0.0,0.0,3.6635354397950417,25.2604611443211,1.07600341588386,0.0,0.0,0.0,0.0,0.0,0.0,0.0,0.0,0.0,0.0,0.0,0.0,0.0,0.0,0.0,0.0,0.4136,0.01117,0.0,0.0,0.0,0.0,0.0,0.0,0.0,0.0,0.0,0.0,0.0,3.6827586206896497,25.296551724137938,1.020689655172414,0.0,0.0,0.0,0.0,0.0,0.0,0.0,0.0,0.0,0.0,0.0,0.0,0.0,0.0,0.0,0.0
53600,4493,2305,0.5130202537280214,1072,936,0.446917427108836,1286,0.5724460271533497,0.41,3.0351919561243146,3.1143861963430064,6.561708860759493,2.1211686810496215,8297.861360916775,433.4419177230168,7853.0,8736.89367904663,8720.141906550572,5.513973792849632,7853.0,0.0,28.37703093701313,20.932401612245357,33.06132075471698,19.228241609789855,0.1339862007567327,0.1003783663476519,0.09414645003338526,0.07923436456710438,0.08146004896505675,0.07789895392833296,0.06899621633652347,0.0661028266191854,0.06120632094369018,0.04896505675495215,0.04740707767638549,0.0420654351212998,0.03271756064989984,0.02915646561317605,0.018473180503004675,0.0120186957489428,0.005786779434676163,0.9261080383617682,0.02268886278827896,0.0,0.0,0.0,0.0,0.0,0.0,0.0,0.0,0.0,0.0,0.0,0.0,0.0,0.0,0.0,0.0,0.0,0.0,0.0,0.0,0.0,0.0,0.0,0.0,0.0,0.14021811707099935,3.6590251502336977,14.816381037168933,10.342755397284666,1.0416202982417095,4.311475409836065,2.899378962745971,nan,nan,nan,4.283866575901974,2.912453909082781,4.339273474982865,2.885887719577676,1.012933852653715,0.4136,0.011246,0.0,0.0,0.0,0.0,0.0,0.0,0.0,0.0,0.0,0.0,0.0,3.485421767193407,25.339416870687742,1.1751613621188517,0.0,0.0,0.0,0.0,0.0,0.0,0.0,0.0,0.0,0.0,0.0,0.0,0.0,0.0,0.0,0.0,nan,nan,4.311475409836065,2.899378962745971,nan,0.4136,0.05496,0.0,0.0,0.0,0.0,0.0,0.0,0.0,0.0,0.0,0.0,0.0,0.0,0.0,0.0,0.0,0.0,0.0,0.0,0.0,0.0,0.0,2.2256843979523704e-05,6.677053193857111e-05,0.0004451368795904741,0.0,0.005864678388604496,0.011662586245270421,0.0004340084576007122,0.0048853772535054525,0.0071555753394168704,0.0037947918985087913,0.003449810816826174,0.014344535944803028,0.006298686846205208,0.007066547963498776,0.015657689739594926,0.06766080569775205,0.044702871132873356,0.0978410861339862,0.10722234587135544,0.08714667260182506,0.0591030491876252,0.10153572223458714,0.06543512129979968,0.0646450033385266,0.03938348542176719,0.015001112842198976,0.03251724905408413,0.027487202314711773,0.04514800801246383,0.01195192521700423,0.008891609169819719,0.004384598263966169,0.012452704206543512,0.004050745604273314,0.009470287113287335,0.0014800801246383263,0.00014466948586690408,0.009503672379256622,0.0005230358335188071,0.0010683285110171378,0.00010015579790785667,0.0,0.0,0.0,0.0,0.0,0.0,0.0,0.0,0.0,0.0,0.0,0.0,0.0,0.0,0.0,0.0,0.0,0.0,0.0,0.0,0.0,0.0,0.0,0.0,0.0,0.0,0.0,0.0,0.0,0.0,0.0,0.0,0.0,0.0,0.0,0.0,0.0,0.0,0.0,nan,nan,4.311475409836065,2.899378962745971,nan,0.926032515616841,0.022372489136613702,0.0,0.0,0.0,0.0,0.0,0.0,0.0,0.0,0.0,0.0,0.0,0.0,0.0,0.0,0.0,0.0,0.0,0.0,0.0,0.0,0.0,0.0,0.0,0.0,0.0,0.10412147505422996,3.6182212581344912,14.993492407809114,10.26898047722343,1.015184381778742,0.9261875995715749,0.02301718294051175,0.0,0.0,0.0,0.0,0.0,0.0,0.0,0.0,0.0,0.0,0.0,0.0,0.0,0.0,0.0,0.0,0.0,0.0,0.0,0.0,0.0,0.0,0.0,0.0,0.0,0.1782449725776966,3.7020109689213903,14.629798903107865,10.420475319926876,1.0694698354661794,0.4136,0.01126,0.0,0.0,0.0,0.0,0.0,0.0,0.0,0.0,0.0,0.0,0.0,3.501084598698476,25.353579175704997,1.1453362255965296,0.0,0.0,0.0,0.0,0.0,0.0,0.0,0.0,0.0,0.0,0.0,0.0,0.0,0.0,0.0,0.0,0.4136,0.01124,0.0,0.0,0.0,0.0,0.0,0.0,0.0,0.0,0.0,0.0,0.0,3.468921389396704,25.32449725776966,1.2065813528336382,0.0,0.0,0.0,0.0,0.0,0.0,0.0,0.0,0.0,0.0,0.0,0.0,0.0,0.0,0.0,0.0
53700,4338,2225,0.5129091747349008,1064,867,0.44513600737667125,1211,0.5583218072844629,0.426,2.9706578324656885,3.119043744268751,6.598305084745762,2.136763870699495,8297.783092425654,433.4628244473617,7853.0,8742.671352350711,8720.177103344939,5.638330690245742,7853.0,0.0,28.304057169202398,21.057463524293542,33.06726579520697,19.377080219682952,0.1330106039649608,0.09935454126325495,0.0975103734439834,0.08921161825726141,0.07676348547717843,0.07100046104195482,0.07422775472568004,0.06592899953895805,0.056708160442600276,0.051175656984785614,0.04149377593360996,0.04333794375288151,0.03296449976947902,0.026740433379437527,0.021438450899031812,0.011065006915629323,0.008068234209313048,0.9269739378702261,0.02313235560452549,0.0,0.0,0.0,0.0,0.0,0.0,0.0,0.0,0.0,0.0,0.0,0.0,0.0,0.0,0.0,0.0,0.0,0.0,0.0,0.0,0.0,0.0,0.0,0.0,0.0,0.0968188105117566,3.5892116182572624,14.47441217150761,10.518672199170126,1.3208852005532505,4.322419928825623,2.9018271054007387,nan,nan,nan,4.297857142857143,2.824483969484966,4.346808510638298,2.9764335169901446,1.0113897149565594,0.4133,0.01117,0.0,0.0,0.0,0.0,0.0,0.0,0.0,0.0,0.0,0.0,0.0,3.4439834024896214,25.338865836791154,1.2171507607192256,0.0,0.0,0.0,0.0,0.0,0.0,0.0,0.0,0.0,0.0,0.0,0.0,0.0,0.0,0.0,0.0,nan,nan,4.322419928825623,2.9018271054007387,nan,0.4133,0.05463,0.0,0.0,0.0,0.0,0.0,0.0,0.0,0.0,0.0,0.0,0.0,0.0,0.0,0.0,0.0,0.0,0.0,0.0,0.0,0.0,0.0,0.0,0.0001152604887044721,0.00027662517289073305,2.305209774089442e-05,0.005359612724757953,0.011975564776394653,0.0002996772706316275,0.004368372521899493,0.0066620562471184875,0.003872752420470263,0.0037459658828953436,0.013785154449054864,0.006881051175656985,0.008298755186721992,0.015295066851083448,0.06830336560627016,0.044778699861687414,0.09715306592899954,0.11421161825726141,0.08252650991240203,0.060269709543568466,0.1034923928077455,0.06297833102812356,0.06526048870447211,0.037540341171046564,0.015548639926233288,0.03426694329183956,0.026417704011065007,0.04362609497464269,0.010972798524665744,0.00967035500230521,0.0036998616874135545,0.011629783310281236,0.0039764868603042874,0.009313047487321346,0.0014177040110650069,0.0001959428307976026,0.010258183494698018,0.00049562010142923,0.0009336099585062241,0.0001037344398340249,0.0,0.0,0.0,0.0,0.0,0.0,0.0,0.0,0.0,0.0,0.0,0.0,0.0,0.0,0.0,0.0,0.0,0.0,0.0,0.0,0.0,0.0,0.0,0.0,0.0,0.0,0.0,0.0,0.0,0.0,0.0,0.0,0.0,0.0,0.0,0.0,0.0,0.0,0.0,nan,nan,4.322419928825623,2.9018271054007387,nan,0.9265972618574507,0.023061016192434454,0.0,0.0,0.0,0.0,0.0,0.0,0.0,0.0,0.0,0.0,0.0,0.0,0.0,0.0,0.0,0.0,0.0,0.0,0.0,0.0,0.0,0.0,0.0,0.0,0.0,0.053932584269662937,3.734831460674158,14.373033707865172,10.692134831460676,1.1460674157303372,0.9273705796726045,0.023200629892471677,0.0,0.0,0.0,0.0,0.0,0.0,0.0,0.0,0.0,0.0,0.0,0.0,0.0,0.0,0.0,0.0,0.0,0.0,0.0,0.0,0.0,0.0,0.0,0.0,0.0,0.14197823000473264,3.43587316611453,14.581164221486043,10.336015144344536,1.504969238050166,0.4133,0.01126,0.0,0.0,0.0,0.0,0.0,0.0,0.0,0.0,0.0,0.0,0.0,3.680898876404489,25.240449438202255,1.0786516853932586,0.0,0.0,0.0,0.0,0.0,0.0,0.0,0.0,0.0,0.0,0.0,0.0,0.0,0.0,0.0,0.0,0.4136,0.01106,0.0,0.0,0.0,0.0,0.0,0.0,0.0,0.0,0.0,0.0,0.0,3.194510175106479,25.44249881684809,1.3629910080454333,0.0,0.0,0.0,0.0,0.0,0.0,0.0,0.0,0.0,0.0,0.0,0.0,0.0,0.0,0.0,0.0
53800,4559,2361,0.5178767273524896,1092,917,0.44066681289756526,1274,0.5588944944066682,0.39799999999999996,2.9708826205641494,3.0749018114416806,6.4929356357927785,2.1186242279109235,8302.174677368796,433.4114546498228,7853.0,8741.130153620243,8720.338989463926,5.67338448646072,7853.0,0.0,28.342618995393728,21.022256190701494,33.33028959039917,19.2050319343367,0.1392849309059004,0.09826716385172186,0.09585435402500549,0.08093880236894056,0.0737003728887914,0.07567449001974118,0.06975213862689186,0.06317174819039263,0.05790743584119325,0.05637201140601009,0.05242377714411055,0.04101776705417855,0.033559991226146085,0.026321561745996928,0.017986400526431235,0.009870585654748848,0.007896468523799079,0.9266863788238453,0.02297483401267493,0.0,0.0,0.0,0.0,0.0,0.0,0.0,0.0,0.0,0.0,0.0,0.0,0.0,0.0,0.0,0.0,0.0,0.0,0.0,0.0,0.0,0.0,0.0,0.0,0.0,0.11186663742048697,3.6718578635665726,14.69401184470279,10.2983110331213,1.2239526211888574,4.260306643952299,2.808185026448001,nan,nan,nan,4.268194070080862,2.8226150107170027,4.248275862068965,2.7902070976968805,0.9953333405920973,0.4138,0.01128,0.0,0.0,0.0,0.0,0.0,0.0,0.0,0.0,0.0,0.0,0.0,3.3494187321781044,25.27527966659356,1.3753016012283399,0.0,0.0,0.0,0.0,0.0,0.0,0.0,0.0,0.0,0.0,0.0,0.0,0.0,0.0,0.0,0.0,nan,nan,4.260306643952299,2.808185026448001,nan,0.4138,0.05466,0.0,0.0,0.0,0.0,0.0,0.0,0.0,0.0,0.0,0.0,0.0,0.0,0.0,0.0,0.0,0.0,0.0,0.0,0.0,0.0,0.0,0.0,0.00014257512612415003,0.00036192147400745776,0.0,0.005637201140601009,0.010473788111427944,0.0002741829348541347,0.004014038166264532,0.007337135336696644,0.004057907435841193,0.004068874753235359,0.014597499451634131,0.006097828471155955,0.008214520728229875,0.014937486290853258,0.07069532792279008,0.04545953059881553,0.09148936170212765,0.11526650581267822,0.07713314323316517,0.0645426628646633,0.1039921035314762,0.0639394604079842,0.06432331651678,0.038955911384075455,0.015979381443298968,0.03395481465233604,0.027023470059223512,0.04495503399868392,0.009958324193902171,0.009179644658916429,0.003915332309717043,0.011855670103092783,0.0036850186444395703,0.009245448563281421,0.0016670322439131388,0.00019741171309497696,0.01119763105944286,0.0002522483000658039,0.0008664180741390655,2.1934634788330774e-05,3.290195218249616e-05,0.0,0.0,0.0,0.0,0.0,0.0,0.0,0.0,0.0,0.0,0.0,0.0,0.0,0.0,0.0,0.0,0.0,0.0,0.0,0.0,0.0,0.0,0.0,0.0,0.0,0.0,0.0,0.0,0.0,0.0,0.0,0.0,0.0,0.0,0.0,0.0,0.0,0.0,nan,nan,4.260306643952299,2.808185026448001,nan,0.9266603219716137,0.023217922099074785,0.0,0.0,0.0,0.0,0.0,0.0,0.0,0.0,0.0,0.0,0.0,0.0,0.0,0.0,0.0,0.0,0.0,0.0,0.0,0.0,0.0,0.0,0.0,0.0,0.0,0.13977128335451083,3.811944091486659,14.587039390088949,10.254129606099113,1.2071156289707752,0.9267143680086127,0.022710787292569687,0.0,0.0,0.0,0.0,0.0,0.0,0.0,0.0,0.0,0.0,0.0,0.0,0.0,0.0,0.0,0.0,0.0,0.0,0.0,0.0,0.0,0.0,0.0,0.0,0.0,0.08189262966333032,3.521383075523204,14.808917197452233,10.34576888080073,1.2420382165605097,0.4138,0.01117,0.0,0.0,0.0,0.0,0.0,0.0,0.0,0.0,0.0,0.0,0.0,3.1893265565438327,25.374841168996195,1.435832274459975,0.0,0.0,0.0,0.0,0.0,0.0,0.0,0.0,0.0,0.0,0.0,0.0,0.0,0.0,0.0,0.0,0.4136,0.011375,0.0,0.0,0.0,0.0,0.0,0.0,0.0,0.0,0.0,0.0,0.0,3.521383075523198,25.16833484986352,1.310282074613285,0.0,0.0,0.0,0.0,0.0,0.0,0.0,0.0,0.0,0.0,0.0,0.0,0.0,0.0,0.0,0.0
53900,4490,2270,0.5055679287305123,1016,947,0.43719376391982184,1262,0.5621380846325167,0.418,2.97972972972973,3.1394100436944323,6.712871287128713,2.099048819615534,8291.40615435651,433.5691187088975,7853.0,8738.37278675437,8720.155785489305,5.5732903614362055,7853.0,0.0,27.402227171492203,20.810244488311888,32.556181281845,19.08024915339997,0.14498886414253898,0.1022271714922049,0.09732739420935412,0.09086859688195992,0.07394209354120267,0.07728285077951003,0.06748329621380847,0.06258351893095769,0.05612472160356347,0.052338530066815145,0.043875278396436526,0.039866369710467704,0.032071269487750555,0.026726057906458798,0.016258351893095768,0.008908685968819599,0.0071269487750556795,0.9254179195731148,0.022906846455538914,0.0,0.0,0.0,0.0,0.0,0.0,0.0,0.0,0.0,0.0,0.0,0.0,0.0,0.0,0.0,0.0,0.0,0.0,0.0,0.0,0.0,0.0,0.0,0.0,0.0,0.1670378619153675,3.8752783964365265,15.086859688195995,9.80846325167038,1.0623608017817374,4.426647767540751,2.8870980680238922,nan,nan,nan,4.377730796335448,2.86918653198,4.4761225944404845,2.9042635980538307,1.022475525033974,0.4138,0.01141,0.0,0.0,0.0,0.0,0.0,0.0,0.0,0.0,0.0,0.0,0.0,3.3207126948775008,25.22939866369711,1.4498886414253902,0.0,0.0,0.0,0.0,0.0,0.0,0.0,0.0,0.0,0.0,0.0,0.0,0.0,0.0,0.0,0.0,nan,nan,4.426647767540751,2.8870980680238922,nan,0.4138,0.05475,0.0,0.0,0.0,0.0,0.0,0.0,0.0,0.0,0.0,0.0,0.0,0.0,0.0,0.0,0.0,0.0,0.0,0.0,0.0,0.0,0.0,0.0,5.5679287305122496e-05,0.00011135857461024499,1.1135857461024499e-05,0.0061915367483296214,0.010723830734966593,0.00027839643652561246,0.004320712694877505,0.0068596881959910915,0.0042650334075723835,0.0037639198218262808,0.014265033407572384,0.006670378619153675,0.007628062360801781,0.014766146993318486,0.07183741648106905,0.04370824053452116,0.09121380846325167,0.11511135857461025,0.0779510022271715,0.06394209354120267,0.10046770601336302,0.06665924276169265,0.06570155902004454,0.03961024498886414,0.016648106904231626,0.03462138084632517,0.028084632516703786,0.04304008908685969,0.010334075723830735,0.008908685968819599,0.00344097995545657,0.010534521158129176,0.004031180400890869,0.00868596881959911,0.0018596881959910914,0.0005567928730512249,0.012405345211581292,0.00022271714922048998,0.0004899777282850779,0.0,2.2271714922048998e-05,0.0,0.0,0.0,0.0,0.0,0.0,0.0,0.0,0.0,0.0,0.0,0.0,0.0,0.0,0.0,0.0,0.0,0.0,0.0,0.0,0.0,0.0,0.0,0.0,0.0,0.0,0.0,0.0,0.0,0.0,0.0,0.0,0.0,0.0,0.0,0.0,0.0,0.0,nan,nan,4.426647767540751,2.8870980680238922,nan,0.9254604480077516,0.02257882580588092,0.0,0.0,0.0,0.0,0.0,0.0,0.0,0.0,0.0,0.0,0.0,0.0,0.0,0.0,0.0,0.0,0.0,0.0,0.0,0.0,0.0,0.0,0.0,0.0,0.0,0.10572687224669607,3.964757709251102,14.947136563876656,9.84581497797357,1.1365638766519826,0.925374433290851,0.023237387014870135,0.0,0.0,0.0,0.0,0.0,0.0,0.0,0.0,0.0,0.0,0.0,0.0,0.0,0.0,0.0,0.0,0.0,0.0,0.0,0.0,0.0,0.0,0.0,0.0,0.0,0.22972972972972977,3.7837837837837847,15.229729729729733,9.770270270270272,0.9864864864864867,0.4143,0.01152,0.0,0.0,0.0,0.0,0.0,0.0,0.0,0.0,0.0,0.0,0.0,3.0925110132158546,25.189427312775337,1.718061674008811,0.0,0.0,0.0,0.0,0.0,0.0,0.0,0.0,0.0,0.0,0.0,0.0,0.0,0.0,0.0,0.0,0.4133,0.01128,0.0,0.0,0.0,0.0,0.0,0.0,0.0,0.0,0.0,0.0,0.0,3.5540540540540486,25.270270270270277,1.1756756756756759,0.0,0.0,0.0,0.0,0.0,0.0,0.0,0.0,0.0,0.0,0.0,0.0,0.0,0.0,0.0,0.0
54000,4490,2365,0.5267260579064588,1162,890,0.4570155902004454,1214,0.5407572383073497,0.438,2.970823529411765,3.1277273131346854,6.639931740614334,2.1516822521255285,8309.740149253075,432.96526915658353,7853.0,8740.378394120931,8720.130346784908,5.721757071199988,7853.0,0.0,28.13184855233853,20.73674178980974,32.84117801735472,19.030250297350978,0.13140311804008908,0.10734966592427617,0.09175946547884187,0.07951002227171493,0.08040089086859688,0.07683741648106904,0.07015590200445435,0.0645879732739421,0.06481069042316258,0.05256124721603563,0.049888641425389756,0.039866369710467704,0.031403118040089086,0.026503340757238307,0.015144766146993319,0.01091314031180401,0.0069042316258351895,0.9244119568232173,0.023276114917670315,0.0,0.0,0.0,0.0,0.0,0.0,0.0,0.0,0.0,0.0,0.0,0.0,0.0,0.0,0.0,0.0,0.0,0.0,0.0,0.0,0.0,0.0,0.0,0.0,0.0,0.2538975501113586,4.089086859688197,15.013363028953233,9.614699331848554,1.0289532293986638,4.188336192109777,2.9323769873714696,nan,nan,nan,4.199042407660738,2.8895631168758924,4.177563661390227,2.9747953107143097,0.9948848465470781,0.4143,0.01127,0.0,0.0,0.0,0.0,0.0,0.0,0.0,0.0,0.0,0.0,0.0,3.0133630289532247,25.563474387527847,1.4231625835189314,0.0,0.0,0.0,0.0,0.0,0.0,0.0,0.0,0.0,0.0,0.0,0.0,0.0,0.0,0.0,0.0,nan,nan,4.188336192109777,2.9323769873714696,nan,0.4143,0.0559,0.0,0.0,0.0,0.0,0.0,0.0,0.0,0.0,0.0,0.0,0.0,0.0,0.0,0.0,0.0,0.0,0.0,0.0,0.0,0.0,0.0,0.0,0.00010022271714922049,0.00015590200445434298,5.5679287305122496e-05,0.007249443207126949,0.010645879732739422,0.00016703786191536748,0.004409799554565701,0.006982182628062361,0.004031180400890869,0.003641425389755011,0.01465478841870824,0.0071714922048997775,0.008040089086859688,0.014064587973273942,0.07067928730512249,0.044053452115812915,0.0922271714922049,0.11086859688195991,0.07692650334075724,0.061358574610244986,0.10081291759465479,0.06543429844097995,0.06734966592427617,0.03964365256124722,0.018685968819599108,0.03461024498886414,0.027683741648106903,0.04210467706013363,0.010478841870824053,0.008608017817371938,0.0035634743875278397,0.01301781737193764,0.004342984409799555,0.008162583518930958,0.0021937639198218264,0.0008351893095768374,0.014265033407572384,0.00036748329621380846,0.00031180400890868596,3.3407572383073495e-05,1.1135857461024499e-05,0.0,0.0,0.0,0.0,0.0,0.0,0.0,0.0,0.0,0.0,0.0,0.0,0.0,0.0,0.0,0.0,0.0,0.0,0.0,0.0,0.0,0.0,0.0,0.0,0.0,0.0,0.0,0.0,0.0,0.0,0.0,0.0,0.0,0.0,0.0,0.0,0.0,0.0,nan,nan,4.188336192109777,2.9323769873714696,nan,0.925039042478888,0.023112687370443027,0.0,0.0,0.0,0.0,0.0,0.0,0.0,0.0,0.0,0.0,0.0,0.0,0.0,0.0,0.0,0.0,0.0,0.0,0.0,0.0,0.0,0.0,0.0,0.0,0.0,0.21564482029598314,4.046511627906978,14.84143763213531,9.792811839323468,1.1035940803382667,0.9237140473758473,0.02343694173325037,0.0,0.0,0.0,0.0,0.0,0.0,0.0,0.0,0.0,0.0,0.0,0.0,0.0,0.0,0.0,0.0,0.0,0.0,0.0,0.0,0.0,0.0,0.0,0.0,0.0,0.29647058823529415,4.136470588235295,15.204705882352945,9.416470588235295,0.9458823529411767,0.4146,0.01132,0.0,0.0,0.0,0.0,0.0,0.0,0.0,0.0,0.0,0.0,0.0,2.9809725158562324,25.408033826638484,1.610993657505286,0.0,0.0,0.0,0.0,0.0,0.0,0.0,0.0,0.0,0.0,0.0,0.0,0.0,0.0,0.0,0.0,0.414,0.0112,0.0,0.0,0.0,0.0,0.0,0.0,0.0,0.0,0.0,0.0,0.0,3.0494117647058783,25.7364705882353,1.2141176470588237,0.0,0.0,0.0,0.0,0.0,0.0,0.0,0.0,0.0,0.0,0.0,0.0,0.0,0.0,0.0,0.0
54100,4864,2554,0.5250822368421053,1236,991,0.45785361842105265,1368,0.5625,0.41,3.0432900432900434,3.1371031247700465,6.650887573964497,2.1385478218120246,8308.185777099847,432.91681261817985,7853.0,8739.440427565574,8719.884737593442,5.765686709355999,7853.0,0.0,28.09971217105263,20.569325972665855,32.805191654536635,18.803270236613606,0.13486842105263158,0.09251644736842106,0.09375,0.09745065789473684,0.07627467105263158,0.06928453947368421,0.07648026315789473,0.06722861842105263,0.059004934210526314,0.05633223684210526,0.04749177631578947,0.03926809210526316,0.029605263157894735,0.02816611842105263,0.016036184210526317,0.010074013157894737,0.006167763157894737,0.9236193100529674,0.02287569121638485,0.0,0.0,0.0,0.0,0.0,0.0,0.0,0.0,0.0,0.0,0.0,0.0,0.0,0.0,0.0,0.0,0.0,0.0,0.0,0.0,0.0,0.0,0.0,0.0,0.0,0.20353618421052636,4.2865953947368425,15.394736842105265,9.214638157894738,0.9004934210526317,4.252840909090909,2.948124426869776,nan,nan,nan,4.215286624203822,2.9257513729280746,4.28973717146433,2.969478836716916,1.017662036748111,0.4146,0.0117,0.0,0.0,0.0,0.0,0.0,0.0,0.0,0.0,0.0,0.0,0.0,3.281249999999995,24.973273026315795,1.7454769736842108,0.0,0.0,0.0,0.0,0.0,0.0,0.0,0.0,0.0,0.0,0.0,0.0,0.0,0.0,0.0,0.0,nan,nan,4.252840909090909,2.948124426869776,nan,0.4148,0.05582,0.0,0.0,0.0,0.0,0.0,0.0,0.0,0.0,0.0,0.0,0.0,0.0,0.0,0.0,0.0,0.0,0.0,0.0,0.0,0.0,0.0,0.0,5.139802631578947e-05,0.0002467105263157895,6.167763157894737e-05,0.0066097861842105265,0.010197368421052632,2.055921052631579e-05,0.0051089638157894735,0.007010690789473684,0.00502672697368421,0.00390625,0.014000822368421052,0.007534950657894736,0.0078022203947368425,0.0150390625,0.06921258223684211,0.04230057565789474,0.08986430921052632,0.10760690789473684,0.07878289473684211,0.06766036184210526,0.10114103618421053,0.06511101973684211,0.0625719572368421,0.039442845394736845,0.020980674342105262,0.0340563322368421,0.02872121710526316,0.042012746710526315,0.01045435855263158,0.00981702302631579,0.0046566611842105265,0.01264391447368421,0.004204358552631579,0.009169407894736843,0.002271792763157895,0.0009046052631578947,0.01322985197368421,0.0003700657894736842,0.0001850328947368421,1.0279605263157895e-05,0.0,0.0,0.0,0.0,0.0,0.0,0.0,0.0,0.0,0.0,0.0,0.0,0.0,0.0,0.0,0.0,0.0,0.0,0.0,0.0,0.0,0.0,0.0,0.0,0.0,0.0,0.0,0.0,0.0,0.0,0.0,0.0,0.0,0.0,0.0,0.0,0.0,0.0,0.0,nan,nan,4.252840909090909,2.948124426869776,nan,0.9236037286819662,0.02295567511363963,0.0,0.0,0.0,0.0,0.0,0.0,0.0,0.0,0.0,0.0,0.0,0.0,0.0,0.0,0.0,0.0,0.0,0.0,0.0,0.0,0.0,0.0,0.0,0.0,0.0,0.24667188723570874,4.252153484729837,15.481597494126863,9.103367267032107,0.9162098668754896,0.9236365372484381,0.02278691960579367,0.0,0.0,0.0,0.0,0.0,0.0,0.0,0.0,0.0,0.0,0.0,0.0,0.0,0.0,0.0,0.0,0.0,0.0,0.0,0.0,0.0,0.0,0.0,0.0,0.0,0.15584415584415587,4.324675324675326,15.298701298701301,9.337662337662339,0.8831168831168833,0.415,0.0116,0.0,0.0,0.0,0.0,0.0,0.0,0.0,0.0,0.0,0.0,0.0,3.0305403288958455,25.195771339075964,1.7736883320281915,0.0,0.0,0.0,0.0,0.0,0.0,0.0,0.0,0.0,0.0,0.0,0.0,0.0,0.0,0.0,0.0,0.4143,0.01182,0.0,0.0,0.0,0.0,0.0,0.0,0.0,0.0,0.0,0.0,0.0,3.5584415584415527,24.727272727272734,1.7142857142857146,0.0,0.0,0.0,0.0,0.0,0.0,0.0,0.0,0.0,0.0,0.0,0.0,0.0,0.0,0.0,0.0
54200,4549,2390,0.5253901956473951,1090,925,0.44295449549351507,1237,0.5438557924818641,0.434,2.996294580824456,3.1387528578795374,6.703508771929824,2.197643467745977,8308.576350466836,433.0194109233047,7853.0,8744.410825157165,8720.12000764587,5.561906206556388,7853.0,0.0,27.56210156078259,20.790234077524445,32.495018353434716,19.087229766374072,0.14112991866344252,0.10771598153440316,0.0965047263134755,0.08243570015387998,0.07715981534403166,0.07628050120905694,0.07188393053418334,0.06111233238074302,0.052539019564739504,0.05649593317212574,0.046603649153660144,0.03627170806770719,0.033413937129039346,0.03011650912288415,0.016267311497032314,0.009232798417234556,0.0048362277423609585,0.9242503580011413,0.02300957252556102,0.0,0.0,0.0,0.0,0.0,0.0,0.0,0.0,0.0,0.0,0.0,0.0,0.0,0.0,0.0,0.0,0.0,0.0,0.0,0.0,0.0,0.0,0.0,0.0,0.0,0.1384919762585184,4.167948999780172,15.379204220707852,9.199824137173007,1.1145306660804575,4.3440972222222225,2.9178568793423736,nan,nan,nan,4.307113543091655,2.94373898168746,4.383203952011291,2.891220040005659,1.0176662184914256,0.4153,0.01159,0.0,0.0,0.0,0.0,0.0,0.0,0.0,0.0,0.0,0.0,0.0,2.862167509342709,25.27808309518576,1.8597493954715325,0.0,0.0,0.0,0.0,0.0,0.0,0.0,0.0,0.0,0.0,0.0,0.0,0.0,0.0,0.0,0.0,nan,nan,4.3440972222222225,2.9178568793423736,nan,0.4153,0.05606,0.0,0.0,0.0,0.0,0.0,0.0,0.0,0.0,0.0,0.0,0.0,0.0,0.0,0.0,0.0,0.0,0.0,0.0,0.0,0.0,0.0,0.0,0.00014288854693339195,0.00046163992086172787,0.00014288854693339195,0.0067927016926797095,0.009881292591778413,5.495713343591998e-05,0.005078039129479006,0.00701253022642339,0.004572433501868542,0.0048362277423609585,0.014409760386898219,0.007276324466915805,0.008408441415695756,0.01460760606726753,0.06444273466695977,0.04185535282479666,0.08615080237414817,0.10782589580127501,0.07880852934710926,0.07163112772037811,0.1004836227742361,0.06324466915805671,0.06713563420531984,0.039898878874477905,0.019509782369751594,0.03419432842382941,0.029720817762145527,0.04310837546713563,0.009628489777973181,0.009859309738404045,0.0048582105957353265,0.01336557485161574,0.004121785007693998,0.009199824137173004,0.002747856671795999,0.0010002198285337437,0.012695097823697515,0.0005275884809848319,0.0003077599472411519,0.0,0.0,0.0,0.0,0.0,0.0,0.0,0.0,0.0,0.0,0.0,0.0,0.0,0.0,0.0,0.0,0.0,0.0,0.0,0.0,0.0,0.0,0.0,0.0,0.0,0.0,0.0,0.0,0.0,0.0,0.0,0.0,0.0,0.0,0.0,0.0,0.0,0.0,0.0,0.0,nan,nan,4.3440972222222225,2.9178568793423736,nan,0.9242963361690234,0.022816831376111773,0.0,0.0,0.0,0.0,0.0,0.0,0.0,0.0,0.0,0.0,0.0,0.0,0.0,0.0,0.0,0.0,0.0,0.0,0.0,0.0,0.0,0.0,0.0,0.0,0.0,0.11297071129707115,4.117154811715482,15.364016736401677,9.389121338912135,1.0167364016736404,0.9241994604461444,0.023220964008055664,0.0,0.0,0.0,0.0,0.0,0.0,0.0,0.0,0.0,0.0,0.0,0.0,0.0,0.0,0.0,0.0,0.0,0.0,0.0,0.0,0.0,0.0,0.0,0.0,0.0,0.16674386289949053,4.224177860120427,15.396016674386294,8.990273274664197,1.2227883279295972,0.4153,0.011604,0.0,0.0,0.0,0.0,0.0,0.0,0.0,0.0,0.0,0.0,0.0,2.8995815899581547,25.167364016736407,1.9330543933054398,0.0,0.0,0.0,0.0,0.0,0.0,0.0,0.0,0.0,0.0,0.0,0.0,0.0,0.0,0.0,0.0,0.415,0.01157,0.0,0.0,0.0,0.0,0.0,0.0,0.0,0.0,0.0,0.0,0.0,2.8207503473830435,25.400648448355728,1.7786012042612325,0.0,0.0,0.0,0.0,0.0,0.0,0.0,0.0,0.0,0.0,0.0,0.0,0.0,0.0,0.0,0.0
54300,4882,2533,0.5188447357640311,1140,1000,0.4383449405981155,1354,0.5546907005325686,0.43,3.0178799489144317,3.15359937762309,6.736677115987461,2.194950658711607,8302.94401460097,433.3132147172075,7853.0,8739.359113806486,8720.203584398709,5.706558989253638,7853.0,0.0,27.446743138058174,20.85003638977927,32.551045510455104,19.125105426598164,0.14399836132732485,0.10467021712412945,0.0962720196640721,0.08787382220401475,0.07968045882834904,0.07394510446538304,0.07005325686194183,0.05919705038918476,0.061655059401884475,0.04731667349446948,0.04055714870954527,0.04137648504711184,0.0325686194182712,0.02642359688652192,0.017206063088897994,0.011675542810323639,0.005530520278574355,0.924691240155565,0.023143769361422085,0.0,0.0,0.0,0.0,0.0,0.0,0.0,0.0,0.0,0.0,0.0,0.0,0.0,0.0,0.0,0.0,0.0,0.0,0.0,0.0,0.0,0.0,0.0,0.0,0.0,0.22122081114297423,4.098730028676773,15.0368701351905,9.580090126997133,1.063088897992626,4.360401164671627,2.913423073082242,nan,nan,nan,4.330362826225334,2.869486709155892,4.391447368421052,2.9578273516158373,1.014106102570847,0.4146,0.01135,0.0,0.0,0.0,0.0,0.0,0.0,0.0,0.0,0.0,0.0,0.0,3.0479311757476397,25.464973371569034,1.4870954526833269,0.0,0.0,0.0,0.0,0.0,0.0,0.0,0.0,0.0,0.0,0.0,0.0,0.0,0.0,0.0,0.0,nan,nan,4.360401164671627,2.913423073082242,nan,0.4146,0.05612,0.0,0.0,0.0,0.0,0.0,0.0,0.0,0.0,0.0,0.0,0.0,0.0,0.0,0.0,0.0,0.0,0.0,0.0,0.0,0.0,0.0,0.0,6.145022531749283e-05,0.0005120852109791069,2.0483408439164275e-05,0.007845145432199918,0.008408439164276936,4.096681687832855e-05,0.004864809504301516,0.0077836952068824255,0.00545882834903728,0.0055919705038918474,0.015311347808275297,0.007374027038099139,0.009289225727161,0.014338385907414994,0.06356001638672674,0.04265669807455961,0.08836542400655469,0.10800901269971323,0.07678205653420729,0.07713027447767308,0.0972449815649324,0.06075378943056124,0.06527038099139697,0.03809913969684556,0.020329782875870544,0.03303973781237198,0.029588283490372798,0.045043015157722244,0.00923801720606309,0.011142974190905366,0.0047521507578861125,0.011931585415813191,0.003041786153215895,0.010804997951659156,0.0028984022941417453,0.0011368291683736174,0.011552642359688652,0.0005940188447357641,0.0001331421548545678,0.0,0.0,0.0,0.0,0.0,0.0,0.0,0.0,0.0,0.0,0.0,0.0,0.0,0.0,0.0,0.0,0.0,0.0,0.0,0.0,0.0,0.0,0.0,0.0,0.0,0.0,0.0,0.0,0.0,0.0,0.0,0.0,0.0,0.0,0.0,0.0,0.0,0.0,0.0,0.0,nan,nan,4.360401164671627,2.913423073082242,nan,0.9251911496861951,0.022949119533570175,0.0,0.0,0.0,0.0,0.0,0.0,0.0,0.0,0.0,0.0,0.0,0.0,0.0,0.0,0.0,0.0,0.0,0.0,0.0,0.0,0.0,0.0,0.0,0.0,0.0,0.2131859455191473,3.9202526648243197,15.05329648637979,9.81839715752073,0.9948677457560207,0.9241521721091256,0.02333985301958973,0.0,0.0,0.0,0.0,0.0,0.0,0.0,0.0,0.0,0.0,0.0,0.0,0.0,0.0,0.0,0.0,0.0,0.0,0.0,0.0,0.0,0.0,0.0,0.0,0.0,0.22988505747126442,4.291187739463602,15.019157088122608,9.323116219667945,1.136653895274585,0.4148,0.0114,0.0,0.0,0.0,0.0,0.0,0.0,0.0,0.0,0.0,0.0,0.0,2.9727595736281045,25.452033162258196,1.5752072641136996,0.0,0.0,0.0,0.0,0.0,0.0,0.0,0.0,0.0,0.0,0.0,0.0,0.0,0.0,0.0,0.0,0.4143,0.0113,0.0,0.0,0.0,0.0,0.0,0.0,0.0,0.0,0.0,0.0,0.0,3.128991060025538,25.47892720306514,1.3920817369093235,0.0,0.0,0.0,0.0,0.0,0.0,0.0,0.0,0.0,0.0,0.0,0.0,0.0,0.0,0.0,0.0
54400,4748,2444,0.514743049705139,1176,953,0.4483993260320135,1309,0.5513900589721988,0.41,2.8862847222222223,3.0339661797792616,6.472952086553323,1.9997204833712778,8299.399959260996,433.44455116619946,7853.0,8737.780855858326,8720.228726092966,5.615974099490157,7853.0,0.0,27.71419545071609,20.819383967448218,32.50537365658585,19.18009553157767,0.13647851727042964,0.10235888795282225,0.09877843302443134,0.08487784330244313,0.08319292333614153,0.07919123841617523,0.06823925863521482,0.06297388374052232,0.05644481887110362,0.050968828980623423,0.04443976411120472,0.03664700926705981,0.03201347935973041,0.02716933445661331,0.018744734625105307,0.009477674810446503,0.008003369839932602,0.925015600606887,0.022938405715472798,0.0,0.0,0.0,0.0,0.0,0.0,0.0,0.0,0.0,0.0,0.0,0.0,0.0,0.0,0.0,0.0,0.0,0.0,0.0,0.0,0.0,0.0,0.0,0.0,0.0,0.15164279696714408,3.9995787700084255,15.063184498736312,9.705139005897221,1.0804549283909015,4.161417322834645,2.8484571661544176,nan,nan,nan,4.1639017916390175,2.8427624089570234,4.158987670343932,2.8540131951032253,0.9988198277622798,0.4148,0.011696,0.0,0.0,0.0,0.0,0.0,0.0,0.0,0.0,0.0,0.0,0.0,3.1465880370682346,25.008424599831514,1.8449873631002531,0.0,0.0,0.0,0.0,0.0,0.0,0.0,0.0,0.0,0.0,0.0,0.0,0.0,0.0,0.0,0.0,nan,nan,4.161417322834645,2.8484571661544176,nan,0.4148,0.05658,0.0,0.0,0.0,0.0,0.0,0.0,0.0,0.0,0.0,0.0,0.0,0.0,0.0,0.0,0.0,0.0,0.0,0.0,0.0,0.0,0.0,0.0,0.00010530749789385004,0.00045282224094355517,0.0,0.006339511373209773,0.009203875315922493,0.00011583824768323504,0.0043702611625947765,0.007940185341196292,0.006529064869418702,0.0057392586352148275,0.01582771693344566,0.008224515585509688,0.009572451558550969,0.013837405223251895,0.06405855096882898,0.044387110362257794,0.08657329401853411,0.10692923336141533,0.07771693344566133,0.07545282224094356,0.10011583824768323,0.05532855939342881,0.06584877843302443,0.03676284751474305,0.017986520640269586,0.032108256107834875,0.031581718618365624,0.046598567818028645,0.009245998315080033,0.011731255265374895,0.006097304128053918,0.011899747262005055,0.0031486941870261164,0.011204717775905645,0.0029170176916596463,0.0010425442291491153,0.012299915754001686,0.0005370682392586352,0.00016849199663016007,0.0,0.0,0.0,0.0,0.0,0.0,0.0,0.0,0.0,0.0,0.0,0.0,0.0,0.0,0.0,0.0,0.0,0.0,0.0,0.0,0.0,0.0,0.0,0.0,0.0,0.0,0.0,0.0,0.0,0.0,0.0,0.0,0.0,0.0,0.0,0.0,0.0,0.0,0.0,0.0,nan,nan,4.161417322834645,2.8484571661544176,nan,0.9253631847774924,0.022586393664928886,0.0,0.0,0.0,0.0,0.0,0.0,0.0,0.0,0.0,0.0,0.0,0.0,0.0,0.0,0.0,0.0,0.0,0.0,0.0,0.0,0.0,0.0,0.0,0.0,0.0,0.07364975450081834,3.9770867430441905,14.852700490998366,10.090016366612113,1.0065466448445173,0.9246468958703594,0.023300330337700553,0.0,0.0,0.0,0.0,0.0,0.0,0.0,0.0,0.0,0.0,0.0,0.0,0.0,0.0,0.0,0.0,0.0,0.0,0.0,0.0,0.0,0.0,0.0,0.0,0.0,0.23437500000000006,4.023437500000001,15.286458333333336,9.296875000000002,1.158854166666667,0.4148,0.01168,0.0,0.0,0.0,0.0,0.0,0.0,0.0,0.0,0.0,0.0,0.0,3.2528641571194714,24.91816693944354,1.828968903436989,0.0,0.0,0.0,0.0,0.0,0.0,0.0,0.0,0.0,0.0,0.0,0.0,0.0,0.0,0.0,0.0,0.415,0.01171,0.0,0.0,0.0,0.0,0.0,0.0,0.0,0.0,0.0,0.0,0.0,3.0338541666666625,25.10416666666667,1.861979166666667,0.0,0.0,0.0,0.0,0.0,0.0,0.0,0.0,0.0,0.0,0.0,0.0,0.0,0.0,0.0,0.0
54500,4963,2499,0.5035260930888575,1194,1033,0.4487205319363288,1441,0.5806971589764256,0.38999999999999996,2.9634740259740258,3.074871490711487,6.538571428571428,2.117936519832645,8289.742527902506,433.6920112666016,7853.0,8740.3261521101,8720.368213677524,5.67389382563341,7853.0,0.0,28.071529316945394,20.90860535219948,32.94597179058092,19.154990159478626,0.13721539391497078,0.10134998992544832,0.09107394720934918,0.08382026999798509,0.08140237759419706,0.076566592786621,0.07092484384444893,0.06286520249848881,0.05782792665726375,0.051380213580495666,0.05077574047954866,0.04150715293169454,0.03344751158573443,0.02236550473503929,0.02075357646584727,0.00846262341325811,0.008261132379609107,0.9251128718926497,0.023075224925404595,0.0,0.0,0.0,0.0,0.0,0.0,0.0,0.0,0.0,0.0,0.0,0.0,0.0,0.0,0.0,0.0,0.0,0.0,0.0,0.0,0.0,0.0,0.0,0.0,0.0,0.16320773725569218,4.1285512794680645,14.652427966955473,10.070521861777154,0.985291154543623,4.232919254658385,2.841316211433702,nan,nan,nan,4.209244222361025,2.8500855467298454,4.2552533992583434,2.8329663970805985,1.010930507822022,0.4153,0.01154,0.0,0.0,0.0,0.0,0.0,0.0,0.0,0.0,0.0,0.0,0.0,2.7382631472899415,25.424138625831155,1.8375982268789042,0.0,0.0,0.0,0.0,0.0,0.0,0.0,0.0,0.0,0.0,0.0,0.0,0.0,0.0,0.0,0.0,nan,nan,4.232919254658385,2.841316211433702,nan,0.4153,0.05655,0.0,0.0,0.0,0.0,0.0,0.0,0.0,0.0,0.0,0.0,0.0,0.0,0.0,0.0,0.0,0.0,0.0,0.0,0.0,0.0,0.0,0.0,0.00016119282691920208,0.00022164013701390288,0.0,0.007404795486600846,0.00842232520652831,6.0447310094700784e-05,0.003677211364094298,0.00845254886157566,0.007163006246222043,0.006085029216199879,0.015534958694338102,0.007193229901269393,0.00840217610316341,0.011777150916784202,0.061605883538182554,0.046524279669554705,0.08532137819867015,0.10754583921015515,0.07970985291154543,0.07503526093088858,0.09976828531130365,0.055087648599637315,0.06467862180132984,0.03789038887769494,0.01985694136610921,0.03148297400765666,0.03315534958694338,0.047813822284908325,0.010447310094700785,0.011283497884344146,0.005218617771509168,0.011132379609107394,0.0035966149506346965,0.011212976022566996,0.0035160185371750957,0.0007958895829135603,0.012371549466048761,0.0001914164819665525,0.00015111827523675195,0.0,0.0,5.0372758412250656e-05,0.0,0.0,0.0,0.0,0.0,0.0,0.0,0.0,0.0,0.0,0.0,0.0,0.0,0.0,0.0,0.0,0.0,0.0,0.0,0.0,0.0,0.0,0.0,0.0,0.0,0.0,0.0,0.0,0.0,0.0,0.0,0.0,0.0,0.0,0.0,0.0,0.0,nan,nan,4.232919254658385,2.841316211433702,nan,0.9253745991118005,0.022803152473128377,0.0,0.0,0.0,0.0,0.0,0.0,0.0,0.0,0.0,0.0,0.0,0.0,0.0,0.0,0.0,0.0,0.0,0.0,0.0,0.0,0.0,0.0,0.0,0.0,0.0,0.16806722689075634,3.925570228091237,14.801920768307326,10.120048019207687,0.9843937575030014,0.9248474269573178,0.023344927016546016,0.0,0.0,0.0,0.0,0.0,0.0,0.0,0.0,0.0,0.0,0.0,0.0,0.0,0.0,0.0,0.0,0.0,0.0,0.0,0.0,0.0,0.0,0.0,0.0,0.0,0.15827922077922082,4.334415584415585,14.50081168831169,10.020292207792211,0.9862012987012989,0.4153,0.01163,0.0,0.0,0.0,0.0,0.0,0.0,0.0,0.0,0.0,0.0,0.0,2.7971188475390116,25.35414165666267,1.8487394957983196,0.0,0.0,0.0,0.0,0.0,0.0,0.0,0.0,0.0,0.0,0.0,0.0,0.0,0.0,0.0,0.0,0.4153,0.01146,0.0,0.0,0.0,0.0,0.0,0.0,0.0,0.0,0.0,0.0,0.0,2.678571428571425,25.495129870129876,1.8262987012987018,0.0,0.0,0.0,0.0,0.0,0.0,0.0,0.0,0.0,0.0,0.0,0.0,0.0,0.0,0.0,0.0
54600,4816,2562,0.5319767441860465,1195,950,0.44539036544850497,1322,0.5490033222591362,0.41,2.9889086069210293,3.061099395615436,6.4541213063763605,2.1569074466329683,8314.416907972007,432.81433608777184,7853.0,8740.615786993503,8720.362930832624,5.799214578083734,7853.0,0.0,28.13558970099668,20.87475734399145,33.16992816447857,19.04097396254848,0.14098837209302326,0.09551495016611296,0.09011627906976744,0.08430232558139535,0.08430232558139535,0.07433554817275748,0.0662375415282392,0.06935215946843853,0.0625,0.05170265780730897,0.0454734219269103,0.03903654485049834,0.03550664451827242,0.025332225913621262,0.0170265780730897,0.011212624584717609,0.0070598006644518275,0.9253190326012448,0.02316143397934878,0.0,0.0,0.0,0.0,0.0,0.0,0.0,0.0,0.0,0.0,0.0,0.0,0.0,0.0,0.0,0.0,0.0,0.0,0.0,0.0,0.0,0.0,0.0,0.0,0.0,0.14950166112956814,4.017857142857143,14.77574750830565,9.979235880398672,1.0776578073089702,4.252651880424301,2.9011029737248375,nan,nan,nan,4.24113475177305,2.9152896927754246,4.264102564102564,2.886883438845532,1.005415487522511,0.4155,0.01158,0.0,0.0,0.0,0.0,0.0,0.0,0.0,0.0,0.0,0.0,0.0,2.765780730897006,25.25332225913622,1.9808970099667778,0.0,0.0,0.0,0.0,0.0,0.0,0.0,0.0,0.0,0.0,0.0,0.0,0.0,0.0,0.0,0.0,nan,nan,4.252651880424301,2.9011029737248375,nan,0.4155,0.05658,0.0,0.0,0.0,0.0,0.0,0.0,0.0,0.0,0.0,0.0,0.0,0.0,0.0,0.0,0.0,0.0,0.0,0.0,0.0,0.0,0.0,0.0,0.0003945182724252492,0.0001245847176079734,1.0382059800664452e-05,0.007828073089700996,0.007807308970099668,5.191029900332226e-05,0.003041943521594684,0.0084406146179402,0.007257059800664452,0.007018272425249169,0.015178571428571428,0.008004568106312292,0.007942275747508306,0.011025747508305648,0.06014327242524917,0.047352574750830566,0.08546511627906976,0.1073608803986711,0.08032599667774086,0.07536337209302325,0.0971656976744186,0.055897009966777406,0.06666320598006645,0.03859011627906977,0.01951827242524917,0.030450581395348838,0.03256852159468439,0.04946013289036545,0.010371677740863788,0.011368355481727575,0.0052117940199335544,0.009904485049833886,0.0031353820598006643,0.012074335548172757,0.0037271594684385382,0.0007475083056478405,0.012375415282392027,0.0002595514950166113,0.0003426079734219269,2.0764119601328905e-05,0.0,1.0382059800664452e-05,0.0,0.0,0.0,0.0,0.0,0.0,0.0,0.0,0.0,0.0,0.0,0.0,0.0,0.0,0.0,0.0,0.0,0.0,0.0,0.0,0.0,0.0,0.0,0.0,0.0,0.0,0.0,0.0,0.0,0.0,0.0,0.0,0.0,0.0,0.0,0.0,0.0,nan,nan,4.252651880424301,2.9011029737248375,nan,0.9253682821035198,0.02339635593177007,0.0,0.0,0.0,0.0,0.0,0.0,0.0,0.0,0.0,0.0,0.0,0.0,0.0,0.0,0.0,0.0,0.0,0.0,0.0,0.0,0.0,0.0,0.0,0.0,0.0,0.12880562060889933,4.110070257611242,14.707259953161595,9.953161592505857,1.1007025761124123,0.9252630533533173,0.022891354885299784,0.0,0.0,0.0,0.0,0.0,0.0,0.0,0.0,0.0,0.0,0.0,0.0,0.0,0.0,0.0,0.0,0.0,0.0,0.0,0.0,0.0,0.0,0.0,0.0,0.0,0.17302573203194327,3.9130434782608705,14.85359361135759,10.008873114463178,1.0514640638864243,0.4153,0.01152,0.0,0.0,0.0,0.0,0.0,0.0,0.0,0.0,0.0,0.0,0.0,2.7751756440280992,25.316159250585486,1.9086651053864172,0.0,0.0,0.0,0.0,0.0,0.0,0.0,0.0,0.0,0.0,0.0,0.0,0.0,0.0,0.0,0.0,0.4155,0.01165,0.0,0.0,0.0,0.0,0.0,0.0,0.0,0.0,0.0,0.0,0.0,2.7551020408163227,25.181898846495127,2.062999112688554,0.0,0.0,0.0,0.0,0.0,0.0,0.0,0.0,0.0,0.0,0.0,0.0,0.0,0.0,0.0,0.0
54700,4846,2492,0.5142385472554685,1169,998,0.4471729261246389,1346,0.5555096987205943,0.414,2.913338997451147,3.087943581588827,6.610492845786964,2.125464784938953,8299.201412042652,433.69063969566054,7853.0,8738.52007305026,8720.693436098993,5.789206730066888,7853.0,0.0,27.506809739991745,20.782977788593236,32.55874350729656,19.054374973837,0.14300453982666117,0.099669830788279,0.09657449442839455,0.08893933140734626,0.08233594717292612,0.07490713990920346,0.06933553446141147,0.061287659925711925,0.05839867932315312,0.048287247214197276,0.048287247214197276,0.038175815105241435,0.03177878662814693,0.022905489063144862,0.019191085431283533,0.010317787866281469,0.006603384234420141,0.9259503173449293,0.023126896298643944,0.0,0.0,0.0,0.0,0.0,0.0,0.0,0.0,0.0,0.0,0.0,0.0,0.0,0.0,0.0,0.0,0.0,0.0,0.0,0.0,0.0,0.0,0.0,0.0,0.0,0.13000412711514653,3.9806025588113916,14.665703673132484,9.97317375154767,1.2505158893933142,4.242806336889751,2.871121834535663,nan,nan,nan,4.3335513407455855,2.871557006983428,4.154092071611253,2.8679220458527173,0.9585884059000311,0.4155,0.01119,0.0,0.0,0.0,0.0,0.0,0.0,0.0,0.0,0.0,0.0,0.0,2.333883615352865,25.839867932315318,1.8262484523318205,0.0,0.0,0.0,0.0,0.0,0.0,0.0,0.0,0.0,0.0,0.0,0.0,0.0,0.0,0.0,0.0,nan,nan,4.242806336889751,2.871121834535663,nan,0.4155,0.0562,0.0,0.0,0.0,0.0,0.0,0.0,0.0,0.0,0.0,0.0,0.0,0.0,0.0,0.0,0.0,0.0,0.0,0.0,0.0,0.0,0.0,0.0,0.0003611225753198514,0.0001960379694593479,0.0,0.008099463475030953,0.007955014444903014,7.222451506397028e-05,0.002775484936029715,0.008047874535699545,0.007284358233594718,0.005561287659925712,0.015115559224102352,0.00898679323153116,0.008089145687164671,0.01025588113908378,0.058594717292612467,0.04619273627734214,0.08732975650020636,0.10186751960379695,0.08125257944696657,0.07890012381345439,0.09922616591002889,0.06063763929013619,0.061349566652909616,0.03868138671068923,0.021161782913743293,0.030499380932728023,0.0334089971110194,0.05041271151465126,0.009430458109781263,0.012319438712340074,0.0044160132067684685,0.011019397441188608,0.003425505571605448,0.009863805200165084,0.003693768056128766,0.0005468427569129178,0.012381345439537762,0.00015476681799422203,0.00043334709038382173,0.0,0.0,0.0,0.0,0.0,0.0,0.0,0.0,0.0,0.0,0.0,0.0,0.0,0.0,0.0,0.0,0.0,0.0,0.0,0.0,0.0,0.0,0.0,0.0,0.0,0.0,0.0,0.0,0.0,0.0,0.0,0.0,0.0,0.0,0.0,0.0,0.0,0.0,0.0,0.0,nan,nan,4.242806336889751,2.871121834535663,nan,0.9263231145818964,0.023323872516482668,0.0,0.0,0.0,0.0,0.0,0.0,0.0,0.0,0.0,0.0,0.0,0.0,0.0,0.0,0.0,0.0,0.0,0.0,0.0,0.0,0.0,0.0,0.0,0.0,0.0,0.108346709470305,3.936597110754415,14.59069020866774,9.967897271268061,1.3964686998394866,0.9255556653846394,0.022909918637593774,0.0,0.0,0.0,0.0,0.0,0.0,0.0,0.0,0.0,0.0,0.0,0.0,0.0,0.0,0.0,0.0,0.0,0.0,0.0,0.0,0.0,0.0,0.0,0.0,0.0,0.15293118096856417,4.0271877655055235,14.745114698385729,9.978759558198812,1.0960067969413765,0.4158,0.01116,0.0,0.0,0.0,0.0,0.0,0.0,0.0,0.0,0.0,0.0,0.0,2.383627608346706,25.78651685393259,1.8298555377207066,0.0,0.0,0.0,0.0,0.0,0.0,0.0,0.0,0.0,0.0,0.0,0.0,0.0,0.0,0.0,0.0,0.4153,0.01121,0.0,0.0,0.0,0.0,0.0,0.0,0.0,0.0,0.0,0.0,0.0,2.281223449447745,25.8963466440102,1.8224299065420564,0.0,0.0,0.0,0.0,0.0,0.0,0.0,0.0,0.0,0.0,0.0,0.0,0.0,0.0,0.0,0.0
54800,4858,2504,0.5154384520378756,1199,985,0.4495677233429395,1372,0.5648414985590778,0.40599999999999997,2.9630416312659302,3.0638756769722697,6.3762662807525325,2.211720773523463,8300.18205550859,433.6002681067124,7853.0,8741.16725244522,8720.576048586554,5.665169069720498,7853.0,0.0,28.841910251132152,21.071183375641517,33.61614936954413,19.276759176233526,0.13215314944421572,0.092013174145739,0.09407163441745574,0.08563194730341704,0.08130918073281186,0.07369287772745986,0.0716344174557431,0.059283655825442566,0.06175380815150268,0.055166735282009056,0.044256895841910254,0.04405104981473858,0.03952243721696171,0.02943598188554961,0.018114450391107453,0.010909839440098806,0.00699876492383697,0.925660323991163,0.023357091125159685,0.0,0.0,0.0,0.0,0.0,0.0,0.0,0.0,0.0,0.0,0.0,0.0,0.0,0.0,0.0,0.0,0.0,0.0,0.0,0.0,0.0,0.0,0.0,0.0,0.0,0.15438452037875672,3.952243721696172,14.857966241251546,9.781803211198026,1.2536023054755046,4.186857676736219,2.8552696447627177,nan,nan,nan,4.250941028858218,2.8504796739635316,4.123685837971553,2.858577868245383,0.9700642304791404,0.4158,0.011284,0.0,0.0,0.0,0.0,0.0,0.0,0.0,0.0,0.0,0.0,0.0,2.266364759160145,25.91189790037053,1.8217373404693293,0.0,0.0,0.0,0.0,0.0,0.0,0.0,0.0,0.0,0.0,0.0,0.0,0.0,0.0,0.0,0.0,nan,nan,4.186857676736219,2.8552696447627177,nan,0.4158,0.0561,0.0,0.0,0.0,0.0,0.0,0.0,0.0,0.0,0.0,0.0,0.0,0.0,0.0,0.0,0.0,0.0,0.0,0.0,0.0,0.0,0.0,0.0,0.0004322766570605187,0.0001543845203787567,0.0,0.008408810209962947,0.006741457389872376,4.1169205434335116e-05,0.0034376286537669823,0.008974886784685056,0.006792918896665294,0.005063812268423219,0.013225607245780157,0.009798270893371758,0.008645533141210375,0.011259777686290655,0.056000411692054344,0.04602717167558666,0.0890901605599012,0.10254219843557019,0.08171058048579663,0.0781700288184438,0.09776657060518731,0.06085837793330589,0.061805269658295595,0.03824619184849733,0.020244956772334295,0.03150473445862495,0.03327501029230136,0.05233635240839852,0.009983532317826265,0.01130094689172499,0.004744750926307122,0.011784685055578427,0.004024289831206258,0.008985179086043639,0.0032009057225195555,0.0003396459448332647,0.012556607657472211,7.204610951008646e-05,0.0004528612597776863,0.0,0.0,0.0,0.0,0.0,0.0,0.0,0.0,0.0,0.0,0.0,0.0,0.0,0.0,0.0,0.0,0.0,0.0,0.0,0.0,0.0,0.0,0.0,0.0,0.0,0.0,0.0,0.0,0.0,0.0,0.0,0.0,0.0,0.0,0.0,0.0,0.0,0.0,0.0,0.0,nan,nan,4.186857676736219,2.8552696447627177,nan,0.9258673397449259,0.022941411609886553,0.0,0.0,0.0,0.0,0.0,0.0,0.0,0.0,0.0,0.0,0.0,0.0,0.0,0.0,0.0,0.0,0.0,0.0,0.0,0.0,0.0,0.0,0.0,0.0,0.0,0.08386581469648564,3.9057507987220457,15.011980830670929,9.860223642172526,1.1381789137380194,0.925440116919191,0.023789310751602545,0.0,0.0,0.0,0.0,0.0,0.0,0.0,0.0,0.0,0.0,0.0,0.0,0.0,0.0,0.0,0.0,0.0,0.0,0.0,0.0,0.0,0.0,0.0,0.0,0.0,0.22939677145284626,4.001699235344096,14.694137638062875,9.698385726423112,1.3763806287170777,0.4158,0.011345,0.0,0.0,0.0,0.0,0.0,0.0,0.0,0.0,0.0,0.0,0.0,2.228434504792329,25.974440894568694,1.797124600638978,0.0,0.0,0.0,0.0,0.0,0.0,0.0,0.0,0.0,0.0,0.0,0.0,0.0,0.0,0.0,0.0,0.4158,0.01122,0.0,0.0,0.0,0.0,0.0,0.0,0.0,0.0,0.0,0.0,0.0,2.3067119796091724,25.845369583687347,1.8479184367034838,0.0,0.0,0.0,0.0,0.0,0.0,0.0,0.0,0.0,0.0,0.0,0.0,0.0,0.0,0.0,0.0
54900,4959,2539,0.5119983867715265,1213,1040,0.4543254688445251,1423,0.5739060294414197,0.418,2.9446280991735536,3.1147861291403003,6.747320061255743,2.0837399415750415,8297.00625711016,433.4947310309798,7853.0,8738.841882252693,8720.202453331738,5.576662832008652,7853.0,0.0,27.358136721113127,20.49582976968322,32.457869249394676,18.659671325044588,0.1447872554950595,0.09639040129058278,0.09074410163339383,0.0935672514619883,0.08731599112724339,0.07622504537205081,0.0657390602944142,0.06493244605767291,0.05747126436781609,0.05041338979632991,0.04496874369832628,0.04053236539624924,0.035894333534986896,0.02218189151038516,0.014115749142972374,0.009679370840895343,0.00504133897963299,0.9239031452160493,0.023105917830153873,0.0,0.0,0.0,0.0,0.0,0.0,0.0,0.0,0.0,0.0,0.0,0.0,0.0,0.0,0.0,0.0,0.0,0.0,0.0,0.0,0.0,0.0,0.0,0.0,0.0,0.21778584392014524,4.271022383545071,15.34785238959468,9.177253478523898,0.9860859044162131,4.280986575085857,2.9282774190050054,nan,nan,nan,4.194614443084455,2.853856997038674,4.370535714285714,3.0020952239091896,1.0419397953228564,0.4163,0.011116,0.0,0.0,0.0,0.0,0.0,0.0,0.0,0.0,0.0,0.0,0.0,2.232304900181485,25.898366606170605,1.8693284936479133,0.0,0.0,0.0,0.0,0.0,0.0,0.0,0.0,0.0,0.0,0.0,0.0,0.0,0.0,0.0,0.0,nan,nan,4.280986575085857,2.9282774190050054,nan,0.4163,0.05637,0.0,0.0,0.0,0.0,0.0,0.0,0.0,0.0,0.0,0.0,0.0,0.0,0.0,0.0,0.0,0.0,0.0,0.0,0.0,0.0,0.0,0.0,0.00024198427102238354,8.066142367412785e-05,2.0165355918531963e-05,0.009276063722524703,0.006805807622504537,3.0248033877797942e-05,0.0034785238959467633,0.008207299858842509,0.005888283928211333,0.004829602742488405,0.012714256906634401,0.011484170195603952,0.009770114942528735,0.01294615849969752,0.05424480742085098,0.046400483968542044,0.08635813672111313,0.09903206291591046,0.08103448275862069,0.0770014115749143,0.10081669691470055,0.06257309941520468,0.059870941722121394,0.03787053841500303,0.019661222020568664,0.034583585400282314,0.032960274248840495,0.053065134099616856,0.009477717281710022,0.010980036297640654,0.004769106674732809,0.01342004436378302,0.003932244404113733,0.008913087315991127,0.004022988505747126,0.00034281105061504335,0.012552934059286147,5.0413389796329905e-05,0.00029239766081871346,0.0,0.0,0.0,0.0,0.0,0.0,0.0,0.0,0.0,0.0,0.0,0.0,0.0,0.0,0.0,0.0,0.0,0.0,0.0,0.0,0.0,0.0,0.0,0.0,0.0,0.0,0.0,0.0,0.0,0.0,0.0,0.0,0.0,0.0,0.0,0.0,0.0,0.0,0.0,0.0,nan,nan,4.280986575085857,2.9282774190050054,nan,0.9238743408546057,0.022944756792746664,0.0,0.0,0.0,0.0,0.0,0.0,0.0,0.0,0.0,0.0,0.0,0.0,0.0,0.0,0.0,0.0,0.0,0.0,0.0,0.0,0.0,0.0,0.0,0.0,0.0,0.17723513194170937,4.289090192989367,15.407640803465934,9.09807010634108,1.0279637652619142,0.9239333659903077,0.0232737658035004,0.0,0.0,0.0,0.0,0.0,0.0,0.0,0.0,0.0,0.0,0.0,0.0,0.0,0.0,0.0,0.0,0.0,0.0,0.0,0.0,0.0,0.0,0.0,0.0,0.0,0.2603305785123967,4.25206611570248,15.285123966942152,9.260330578512399,0.9421487603305787,0.416,0.011055,0.0,0.0,0.0,0.0,0.0,0.0,0.0,0.0,0.0,0.0,0.0,2.185899960614412,25.947223316266253,1.8668767231193386,0.0,0.0,0.0,0.0,0.0,0.0,0.0,0.0,0.0,0.0,0.0,0.0,0.0,0.0,0.0,0.0,0.4163,0.011185,0.0,0.0,0.0,0.0,0.0,0.0,0.0,0.0,0.0,0.0,0.0,2.2809917355371865,25.847107438016536,1.8719008264462813,0.0,0.0,0.0,0.0,0.0,0.0,0.0,0.0,0.0,0.0,0.0,0.0,0.0,0.0,0.0,0.0
55000,4748,2507,0.5280117944397641,1166,981,0.4521903959561921,1328,0.5593934288121314,0.41,2.966086568496207,3.027570955382077,6.408496732026144,2.065067303732149,8310.909607115927,432.95602318439484,7853.0,8741.415563726425,8720.233671554215,5.756434276863485,7853.0,0.0,27.852990732940185,20.770993214728154,32.86349924585219,18.96182346566148,0.14448188711036225,0.09456613310867734,0.09540859309182814,0.08129738837405223,0.08066554338668913,0.07582139848357203,0.07203032855939343,0.06823925863521482,0.062342038753159225,0.05328559393428812,0.041280539174389216,0.039385004212299915,0.030328559393428812,0.02379949452401011,0.019587194608256107,0.010109519797809604,0.007371524852569503,0.9233416223109221,0.02300306240389293,0.0,0.0,0.0,0.0,0.0,0.0,0.0,0.0,0.0,0.0,0.0,0.0,0.0,0.0,0.0,0.0,0.0,0.0,0.0,0.0,0.0,0.0,0.0,0.0,0.0,0.1579612468407751,4.492417860151644,15.48652064026959,8.978517270429656,0.8845829823083405,4.203206806282722,2.7836946105813856,nan,nan,nan,4.207868852459017,2.741437408508087,4.19856303069889,2.8251502782139193,0.997788471531215,0.416,0.011505,0.0,0.0,0.0,0.0,0.0,0.0,0.0,0.0,0.0,0.0,0.0,2.540016849199659,25.507582139848363,1.9524010109519803,0.0,0.0,0.0,0.0,0.0,0.0,0.0,0.0,0.0,0.0,0.0,0.0,0.0,0.0,0.0,0.0,nan,nan,4.203206806282722,2.7836946105813856,nan,0.416,0.0571,0.0,0.0,0.0,0.0,0.0,0.0,0.0,0.0,0.0,0.0,0.0,0.0,0.0,0.0,0.0,0.0,0.0,0.0,0.0,0.0,0.0,6.318449873631002e-05,0.0002422072451558551,0.00014743049705139005,5.265374894692502e-05,0.009709351305812974,0.008824768323504633,1.0530749789385004e-05,0.0035909856781802863,0.008161331086773378,0.0056866048862679024,0.005275905644481887,0.01348989048020219,0.010351727042965459,0.010867733782645324,0.013900589721988205,0.05330665543386689,0.04802021903959562,0.08477253580454928,0.09594566133108677,0.07892796967144061,0.07199873631002528,0.09997893850042124,0.06303706823925863,0.06153117101937658,0.038900589721988205,0.019429233361415332,0.037763268744734624,0.032403117101937655,0.053717354675652904,0.01146798652064027,0.010425442291491154,0.004791491154170177,0.013184498736310024,0.003401432181971356,0.010636057287278854,0.0036647009267059814,0.00012636899747262004,0.01197346251053075,4.212299915754002e-05,0.00017902274641954508,0.0,0.0,0.0,0.0,0.0,0.0,0.0,0.0,0.0,0.0,0.0,0.0,0.0,0.0,0.0,0.0,0.0,0.0,0.0,0.0,0.0,0.0,0.0,0.0,0.0,0.0,0.0,0.0,0.0,0.0,0.0,0.0,0.0,0.0,0.0,0.0,0.0,0.0,0.0,0.0,nan,nan,4.203206806282722,2.7836946105813856,nan,0.9237474909949027,0.023032474223283077,0.0,0.0,0.0,0.0,0.0,0.0,0.0,0.0,0.0,0.0,0.0,0.0,0.0,0.0,0.0,0.0,0.0,0.0,0.0,0.0,0.0,0.0,0.0,0.0,0.0,0.08376545672118071,4.427602712405266,15.532508974870366,8.974870362983648,0.9812524930195454,0.9228875782275934,0.022961614453939846,0.0,0.0,0.0,0.0,0.0,0.0,0.0,0.0,0.0,0.0,0.0,0.0,0.0,0.0,0.0,0.0,0.0,0.0,0.0,0.0,0.0,0.0,0.0,0.0,0.0,0.2409638554216868,4.564926372155289,15.435073627844716,8.982597054886213,0.776439089692102,0.4163,0.01148,0.0,0.0,0.0,0.0,0.0,0.0,0.0,0.0,0.0,0.0,0.0,2.4531312325488597,25.488631830873558,2.058236936577583,0.0,0.0,0.0,0.0,0.0,0.0,0.0,0.0,0.0,0.0,0.0,0.0,0.0,0.0,0.0,0.0,0.4158,0.011536,0.0,0.0,0.0,0.0,0.0,0.0,0.0,0.0,0.0,0.0,0.0,2.63721552878179,25.52878179384204,1.8340026773761717,0.0,0.0,0.0,0.0,0.0,0.0,0.0,0.0,0.0,0.0,0.0,0.0,0.0,0.0,0.0,0.0
55100,4622,2367,0.5121159671138036,1119,938,0.44504543487667675,1301,0.5629597576806578,0.414,2.963636363636364,3.1433608760781215,6.728155339805825,2.201180213398394,8297.386797059953,433.76560755805895,7853.0,8741.495147967338,8720.74641994554,5.791223194924145,7853.0,0.0,27.49350930333189,20.43337955023663,32.217948717948715,18.744221287897712,0.13695369969710083,0.1025530073561229,0.09606231068801385,0.09238424924275206,0.07680657723929035,0.07637386412808309,0.06923409779316313,0.06577239290350498,0.05733448723496322,0.05603634790134141,0.04565123323236694,0.04154045867589788,0.030073561228905237,0.02531371700562527,0.015144958892254435,0.006490696668109044,0.006274340112505409,0.9254509118768056,0.02287857560704352,0.0,0.0,0.0,0.0,0.0,0.0,0.0,0.0,0.0,0.0,0.0,0.0,0.0,0.0,0.0,0.0,0.0,0.0,0.0,0.0,0.0,0.0,0.0,0.0,0.0,0.14279532669839898,3.991778450887063,14.772825616616187,9.99567286888793,1.0969277369104287,4.360354223433243,2.9477018037060807,nan,nan,nan,4.386694386694387,2.9162750394110133,4.334896182183523,2.9775394874182255,0.9881919732844903,0.417,0.011505,0.0,0.0,0.0,0.0,0.0,0.0,0.0,0.0,0.0,0.0,0.0,2.115967113803545,25.57334487234964,2.31068801384682,0.0,0.0,0.0,0.0,0.0,0.0,0.0,0.0,0.0,0.0,0.0,0.0,0.0,0.0,0.0,0.0,nan,nan,4.360354223433243,2.9477018037060807,nan,0.417,0.05667,0.0,0.0,0.0,0.0,0.0,0.0,0.0,0.0,0.0,0.0,0.0,0.0,0.0,0.0,0.0,0.0,0.0,0.0,0.0,0.0,0.0,0.00018390307226308957,0.0003894418000865426,0.0003894418000865426,2.163565556036348e-05,0.008005192557334487,0.008502812635222847,1.081782778018174e-05,0.002996538295110342,0.008632626568585029,0.006003894418000866,0.0055711813067935954,0.012635222847252272,0.009617048896581567,0.010460839463435742,0.013543920380787538,0.05012981393336218,0.04702509736045002,0.08277801817395067,0.09456945045434877,0.0800951968844656,0.0725118996105582,0.09780398096062311,0.06685417568152315,0.06419299004759844,0.04001514495889225,0.018173950670705322,0.03947425356988317,0.03462786672436175,0.05600389441800087,0.01125054089138901,0.010038944180008655,0.005452185201211597,0.012905668541756815,0.003569883167459974,0.009844223279965383,0.003959324967546517,5.4089138900908696e-05,0.011412808308091734,0.0001406317611423626,0.00015144958892254436,0.0,0.0,0.0,0.0,0.0,0.0,0.0,0.0,0.0,0.0,0.0,0.0,0.0,0.0,0.0,0.0,0.0,0.0,0.0,0.0,0.0,0.0,0.0,0.0,0.0,0.0,0.0,0.0,0.0,0.0,0.0,0.0,0.0,0.0,0.0,0.0,0.0,0.0,0.0,0.0,nan,nan,4.360354223433243,2.9477018037060807,nan,0.925525677219241,0.02309406451352903,0.0,0.0,0.0,0.0,0.0,0.0,0.0,0.0,0.0,0.0,0.0,0.0,0.0,0.0,0.0,0.0,0.0,0.0,0.0,0.0,0.0,0.0,0.0,0.0,0.0,0.1140684410646388,3.9797211660329537,14.46134347275032,10.367553865652727,1.0773130544993665,0.9253724331337703,0.02264991317057996,0.0,0.0,0.0,0.0,0.0,0.0,0.0,0.0,0.0,0.0,0.0,0.0,0.0,0.0,0.0,0.0,0.0,0.0,0.0,0.0,0.0,0.0,0.0,0.0,0.0,0.17294900221729495,4.004434589800444,15.099778270509981,9.605321507760534,1.1175166297117518,0.417,0.01162,0.0,0.0,0.0,0.0,0.0,0.0,0.0,0.0,0.0,0.0,0.0,2.1546261089987295,25.525982256020285,2.319391634980989,0.0,0.0,0.0,0.0,0.0,0.0,0.0,0.0,0.0,0.0,0.0,0.0,0.0,0.0,0.0,0.0,0.4172,0.011375,0.0,0.0,0.0,0.0,0.0,0.0,0.0,0.0,0.0,0.0,0.0,2.075388026607536,25.62305986696231,2.3015521064301554,0.0,0.0,0.0,0.0,0.0,0.0,0.0,0.0,0.0,0.0,0.0,0.0,0.0,0.0,0.0,0.0
55200,4766,2437,0.5113302559798574,1160,990,0.4511120436424675,1342,0.5631556861099455,0.41,3.0107342206955776,3.060203960548331,6.367883211678832,2.2413803849762113,8296.931420264806,434.00274379513473,7853.0,8742.89192532897,8721.189228142004,5.767753283843453,7853.0,0.0,28.251783466219052,20.989485707079623,33.31622433650476,19.15096711599614,0.1405791019723038,0.09672681493915233,0.09043222828367604,0.07973143096936634,0.0828787242971045,0.07553503986571548,0.07301720520352496,0.06315568610994544,0.06420478388585817,0.051195971464540496,0.04490138480906421,0.037557700377675196,0.03587914393621486,0.028115820394460762,0.017205203524968526,0.010071338648762064,0.008812421317666807,0.9267544182993712,0.023091078357782794,0.0,0.0,0.0,0.0,0.0,0.0,0.0,0.0,0.0,0.0,0.0,0.0,0.0,0.0,0.0,0.0,0.0,0.0,0.0,0.0,0.0,0.0,0.0,0.0,0.0,0.15736466638690727,3.587914393621486,14.54678976080571,10.47419219471255,1.233738984473353,4.287096774193548,2.8153086045799407,nan,nan,nan,4.210186976144423,2.81419894407376,4.364105874757908,2.8143141777209135,1.0365586848008446,0.4172,0.01156,0.0,0.0,0.0,0.0,0.0,0.0,0.0,0.0,0.0,0.0,0.0,2.06462442299622,25.37347880822493,2.5618967687788508,0.0,0.0,0.0,0.0,0.0,0.0,0.0,0.0,0.0,0.0,0.0,0.0,0.0,0.0,0.0,0.0,nan,nan,4.287096774193548,2.8153086045799407,nan,0.4172,0.05713,0.0,0.0,0.0,0.0,0.0,0.0,0.0,0.0,0.0,0.0,0.0,0.0,0.0,0.0,0.0,0.0,0.0,0.0,0.0,8.39278220730172e-05,0.0,0.00013638271086865295,0.0003147293327738145,0.000346202266051196,0.0,0.008770457406630298,0.009011749895090222,2.09819555182543e-05,0.0022555602182123373,0.008812421317666807,0.006399496433067562,0.005423835501468737,0.012641628199748216,0.010354595048258497,0.01119387326898867,0.013166177087704574,0.048185060847671005,0.046412085606378516,0.08519723038187159,0.09043222828367604,0.07659462861938733,0.07281787662610155,0.10165757448594209,0.06542173730591691,0.06733109525807805,0.038575325220310534,0.017173730591691146,0.040914813260595886,0.03473562736047,0.053231221149811166,0.011298783046579941,0.01178136802349979,0.005948384389425095,0.013008812421317666,0.004762903902643726,0.009945446915652538,0.003556441460344104,2.09819555182543e-05,0.011875786823331935,0.0,0.00017834662190516155,1.049097775912715e-05,0.0,0.0,0.0,0.0,0.0,0.0,0.0,0.0,0.0,0.0,0.0,0.0,0.0,0.0,0.0,0.0,0.0,0.0,0.0,0.0,0.0,0.0,0.0,0.0,0.0,0.0,0.0,0.0,0.0,0.0,0.0,0.0,0.0,0.0,0.0,0.0,0.0,0.0,0.0,nan,nan,4.287096774193548,2.8153086045799407,nan,0.9268885321386241,0.022859261039120275,0.0,0.0,0.0,0.0,0.0,0.0,0.0,0.0,0.0,0.0,0.0,0.0,0.0,0.0,0.0,0.0,0.0,0.0,0.0,0.0,0.0,0.0,0.0,0.0,0.0,0.17234304472712356,3.3976200246204358,14.636848584324992,10.537546163315556,1.2556421830119,0.9266140853555073,0.02333035419699764,0.0,0.0,0.0,0.0,0.0,0.0,0.0,0.0,0.0,0.0,0.0,0.0,0.0,0.0,0.0,0.0,0.0,0.0,0.0,0.0,0.0,0.0,0.0,0.0,0.0,0.14169171318162305,3.787033061399743,14.45255474452555,10.407900386431947,1.2108200944611422,0.4175,0.01156,0.0,0.0,0.0,0.0,0.0,0.0,0.0,0.0,0.0,0.0,0.0,1.9327041444398825,25.494460402133775,2.5728354534263445,0.0,0.0,0.0,0.0,0.0,0.0,0.0,0.0,0.0,0.0,0.0,0.0,0.0,0.0,0.0,0.0,0.417,0.01154,0.0,0.0,0.0,0.0,0.0,0.0,0.0,0.0,0.0,0.0,0.0,2.2026620867325,25.246887075998288,2.5504508372692145,0.0,0.0,0.0,0.0,0.0,0.0,0.0,0.0,0.0,0.0,0.0,0.0,0.0,0.0,0.0,0.0
55300,4691,2389,0.5092730761031763,1113,982,0.446599872095502,1349,0.5751438925602217,0.426,3.0143353605560383,3.1391509787760565,6.748427672955975,2.2261130449269544,8295.008351519236,433.9049253499415,7853.0,8744.976153159141,8720.920124310063,5.764634478893144,7853.0,0.0,27.81219356214027,20.83297129380826,32.74892104595075,19.085068197605345,0.13941590279258154,0.1010445534001279,0.08974632274568323,0.08825410360264337,0.08164570454060968,0.08399062033681517,0.06693668727350245,0.06523129396717117,0.05435941163930932,0.04604561927094436,0.04903005755702409,0.0398635685354935,0.03666595608612236,0.023875506288637816,0.016627584736729907,0.009806011511404818,0.007461095715199318,0.9263874796173309,0.023315121873099576,0.0,0.0,0.0,0.0,0.0,0.0,0.0,0.0,0.0,0.0,0.0,0.0,0.0,0.0,0.0,0.0,0.0,0.0,0.0,0.0,0.0,0.0,0.0,0.0,0.0,0.19185674696226823,3.6324877424856115,14.785759965892137,10.085269665316565,1.3046258793434238,4.336640211640212,2.894719025334186,nan,nan,nan,4.344057780695994,2.9017297038839938,4.329113924050633,2.887568719921856,0.9965599314282216,0.4167,0.01134,0.0,0.0,0.0,0.0,0.0,0.0,0.0,0.0,0.0,0.0,0.0,2.142400341078658,25.7024088680452,2.155190790876146,0.0,0.0,0.0,0.0,0.0,0.0,0.0,0.0,0.0,0.0,0.0,0.0,0.0,0.0,0.0,0.0,nan,nan,4.336640211640212,2.894719025334186,nan,0.4167,0.0578,0.0,0.0,0.0,0.0,0.0,0.0,0.0,0.0,0.0,0.0,0.0,0.0,0.0,0.0,0.0,0.0,0.0,0.0,0.0,9.592837348113409e-05,0.0,0.00014922191430398636,0.0003943722020891068,0.00022383287145597954,1.0658708164570453e-05,0.00989128117672138,0.009219782562353443,7.461095715199318e-05,0.0021956938819015135,0.008622894905137497,0.006405883606906843,0.005478575996589213,0.014943508846727776,0.010115114048177361,0.012140268599445747,0.014399914730334683,0.04863568535493498,0.046845022383287145,0.08379876358985291,0.09053506714986144,0.07737156256661692,0.07219143039863568,0.10123641014709017,0.0634193135791942,0.06508207205286719,0.03619697292688126,0.016009379663184824,0.03919206992112556,0.035472180771690474,0.054860370923044126,0.011863142187166916,0.012865060754636538,0.005595821786399488,0.014751652099765509,0.005308036665956086,0.008974632274568323,0.004050309102536773,0.0,0.011149008740140695,5.329354082285227e-05,0.00014922191430398636,2.1317416329140907e-05,0.0,0.0,0.0,0.0,1.0658708164570453e-05,0.0,0.0,0.0,0.0,0.0,0.0,0.0,0.0,0.0,0.0,0.0,0.0,0.0,0.0,0.0,0.0,0.0,0.0,0.0,0.0,0.0,0.0,0.0,0.0,0.0,0.0,0.0,0.0,0.0,0.0,0.0,0.0,0.0,0.0,nan,nan,4.336640211640212,2.894719025334186,nan,0.9265690701384083,0.023258023361056777,0.0,0.0,0.0,0.0,0.0,0.0,0.0,0.0,0.0,0.0,0.0,0.0,0.0,0.0,0.0,0.0,0.0,0.0,0.0,0.0,0.0,0.0,0.0,0.0,0.0,0.1255755546253663,3.7798241942235253,14.654667224780246,10.209292591042278,1.2306404353285896,0.926199026205144,0.023372739058876053,0.0,0.0,0.0,0.0,0.0,0.0,0.0,0.0,0.0,0.0,0.0,0.0,0.0,0.0,0.0,0.0,0.0,0.0,0.0,0.0,0.0,0.0,0.0,0.0,0.0,0.2606429192006951,3.47958297132928,14.921807124239795,9.956559513466553,1.3814074717636842,0.4165,0.01143,0.0,0.0,0.0,0.0,0.0,0.0,0.0,0.0,0.0,0.0,0.0,2.1724570950188333,25.692758476349944,2.1347844286312267,0.0,0.0,0.0,0.0,0.0,0.0,0.0,0.0,0.0,0.0,0.0,0.0,0.0,0.0,0.0,0.0,0.417,0.011246,0.0,0.0,0.0,0.0,0.0,0.0,0.0,0.0,0.0,0.0,0.0,2.1112076455256266,25.71242397914857,2.176368375325804,0.0,0.0,0.0,0.0,0.0,0.0,0.0,0.0,0.0,0.0,0.0,0.0,0.0,0.0,0.0,0.0
55400,4882,2459,0.5036870135190495,1115,1046,0.44264645637034,1383,0.5665710774272839,0.41,2.9517127527858027,3.096691242885926,6.506666666666667,2.2253489114693403,8290.072054382457,433.8801044280155,7853.0,8742.231434220075,8720.74533123024,5.756554356183396,7853.0,0.0,27.704834084391642,20.80346212636687,32.66071865069665,19.085413627133924,0.13949201147070872,0.10507988529291275,0.09340434248258911,0.08500614502253175,0.07988529291274069,0.07681278164686604,0.0723064317902499,0.061859893486276116,0.055305202785743544,0.050798852929127405,0.04793117574764441,0.039737812371978695,0.03297828758705448,0.023965587873822206,0.019868906185989348,0.010241704219582138,0.005325686194182712,0.9266348083407017,0.023055945853365928,0.0,0.0,0.0,0.0,0.0,0.0,0.0,0.0,0.0,0.0,0.0,0.0,0.0,0.0,0.0,0.0,0.0,0.0,0.0,0.0,0.0,0.0,0.0,0.0,0.0,0.1474805407619828,3.6009832036050806,14.717328963539536,10.249897582957807,1.2843097091356006,4.33258785942492,2.8650575290623106,nan,nan,nan,4.343408360128618,2.813908946631022,4.3219047619047615,2.9146367669047883,0.9950491419546792,0.416,0.01196,0.0,0.0,0.0,0.0,0.0,0.0,0.0,0.0,0.0,0.0,0.0,2.6485047111839375,25.040966816878335,2.310528471937731,0.0,0.0,0.0,0.0,0.0,0.0,0.0,0.0,0.0,0.0,0.0,0.0,0.0,0.0,0.0,0.0,nan,nan,4.33258785942492,2.8650575290623106,nan,0.416,0.05795,0.0,0.0,0.0,0.0,0.0,0.0,0.0,0.0,0.0,0.0,0.0,0.0,0.0,0.0,0.0,0.0,0.0,0.0,0.0,0.0001331421548545678,0.0,0.0002662843097091356,0.00021507578861122492,0.0003994264645637034,0.0,0.009227775501843507,0.010610405571487095,6.145022531749283e-05,0.002222449815649324,0.00876689881196231,0.0077324866857845145,0.005970913560016387,0.015475215075788612,0.0090024580090127,0.012105694387546087,0.015198689061859894,0.04907824662023761,0.0439778779188857,0.08517001229004506,0.09215485456780008,0.0768332650553052,0.075686194182712,0.09991806636624334,0.062331011880376895,0.06280213027447767,0.03815034821794346,0.01653011061040557,0.0380172060630889,0.03667554281032364,0.05378943056124539,0.010333879557558377,0.011122490782466202,0.005274477673084801,0.015167963949201148,0.005018435067595248,0.008357230643179024,0.004086439983613273,1.0241704219582138e-05,0.011931585415813191,6.145022531749283e-05,9.217533797623924e-05,0.0,0.0,0.0,0.0,0.0,4.096681687832855e-05,0.0,0.0,0.0,0.0,0.0,0.0,0.0,0.0,0.0,0.0,0.0,0.0,0.0,0.0,0.0,0.0,0.0,0.0,0.0,0.0,0.0,0.0,0.0,0.0,0.0,0.0,0.0,0.0,0.0,0.0,0.0,0.0,0.0,0.0,nan,nan,4.33258785942492,2.8650575290623106,nan,0.9264496541110516,0.02333395797738173,0.0,0.0,0.0,0.0,0.0,0.0,0.0,0.0,0.0,0.0,0.0,0.0,0.0,0.0,0.0,0.0,0.0,0.0,0.0,0.0,0.0,0.0,0.0,0.0,0.0,0.20740138267588457,3.696624644164295,14.76209841398943,10.065067100447338,1.2688084587230586,0.9268227135205239,0.022768793681368443,0.0,0.0,0.0,0.0,0.0,0.0,0.0,0.0,0.0,0.0,0.0,0.0,0.0,0.0,0.0,0.0,0.0,0.0,0.0,0.0,0.0,0.0,0.0,0.0,0.0,0.08666941807676437,3.503920759389188,14.671894345852252,10.437474205530338,1.3000412711514655,0.416,0.01186,0.0,0.0,0.0,0.0,0.0,0.0,0.0,0.0,0.0,0.0,0.0,2.7206181374542457,24.924766165107773,2.3546156974379833,0.0,0.0,0.0,0.0,0.0,0.0,0.0,0.0,0.0,0.0,0.0,0.0,0.0,0.0,0.0,0.0,0.4163,0.01206,0.0,0.0,0.0,0.0,0.0,0.0,0.0,0.0,0.0,0.0,0.0,2.575319851423851,25.158893933140742,2.265786215435411,0.0,0.0,0.0,0.0,0.0,0.0,0.0,0.0,0.0,0.0,0.0,0.0,0.0,0.0,0.0,0.0
55500,4982,2526,0.5070252910477719,1144,1036,0.43757527097551185,1390,0.55800883179446,0.414,2.910830618892508,3.137424610455804,6.76783004552352,2.0903267334927147,8293.09318800895,433.9722085411217,7853.0,8742.206125164032,8720.990602795164,5.814271536179987,7853.0,0.0,27.50321156162184,20.812536408166867,32.45134228187919,19.132436468878485,0.14171015656362906,0.10397430750702528,0.0981533520674428,0.08550782818145324,0.07828181453231634,0.07808109193095142,0.06965074267362505,0.061019670814933764,0.055800883179446,0.04937775993576877,0.04275391409072662,0.041148133279807306,0.03492573263749498,0.026696105981533522,0.01846647932557206,0.010437575270975512,0.004014452027298274,0.9263429716977188,0.023246414949248444,0.0,0.0,0.0,0.0,0.0,0.0,0.0,0.0,0.0,0.0,0.0,0.0,0.0,0.0,0.0,0.0,0.0,0.0,0.0,0.0,0.0,0.0,0.0,0.0,0.0,0.15656362906463273,3.7033319951826584,14.861501405058213,9.857486953030913,1.4211160176635893,4.276440785307156,2.9111645062201075,nan,nan,nan,4.267214150347441,2.8979231474963836,4.285714285714286,2.9243833778404587,1.0043354129216453,0.4167,0.01157,0.0,0.0,0.0,0.0,0.0,0.0,0.0,0.0,0.0,0.0,0.0,2.234042553191486,25.52589321557608,2.240064231232437,0.0,0.0,0.0,0.0,0.0,0.0,0.0,0.0,0.0,0.0,0.0,0.0,0.0,0.0,0.0,0.0,nan,nan,4.276440785307156,2.9111645062201075,nan,0.4167,0.05728,0.0,0.0,0.0,0.0,0.0,0.0,0.0,0.0,0.0,0.0,0.0,0.0,0.0,0.0,0.0,0.0,0.0,0.0,0.0,1.0036130068245684e-05,1.0036130068245684e-05,0.00014050582095543959,0.00015054195102368528,0.00024086712163789642,1.0036130068245684e-05,0.007968687274187073,0.010758731433159373,0.00014050582095543959,0.0025291047771979127,0.008079084704937777,0.007547169811320755,0.006423123243677238,0.014773183460457648,0.007928542753914091,0.011872741870734645,0.01578683259735046,0.04949819349658772,0.04067643516659976,0.0866218386190285,0.09269369731031714,0.07600361300682457,0.07612404656764352,0.09739060618225612,0.06189281413087114,0.06657968687274186,0.03820754716981132,0.018044961862705742,0.0382476916900843,0.03957246085909273,0.05409474106784424,0.00976515455640305,0.011571657968687274,0.005830991569650743,0.01467282215977519,0.0051184263348052995,0.007215977519068647,0.004134885588117222,0.0,0.011561621838619028,1.0036130068245684e-05,5.0180650341228424e-05,0.0,0.0,0.0,0.0,0.0,5.0180650341228424e-05,0.0,0.0,0.0,0.0,0.0,0.0,0.0,0.0,0.0,0.0,0.0,0.0,0.0,0.0,0.0,0.0,0.0,0.0,0.0,0.0,0.0,0.0,0.0,0.0,0.0,0.0,0.0,0.0,0.0,0.0,0.0,0.0,0.0,0.0,nan,nan,4.276440785307156,2.9111645062201075,nan,0.9266478251297136,0.023497291518352035,0.0,0.0,0.0,0.0,0.0,0.0,0.0,0.0,0.0,0.0,0.0,0.0,0.0,0.0,0.0,0.0,0.0,0.0,0.0,0.0,0.0,0.0,0.0,0.0,0.0,0.16627078384798105,3.681710213776723,14.857482185273161,9.738717339667462,1.5558194774346796,0.9260294294464083,0.022981313677481942,0.0,0.0,0.0,0.0,0.0,0.0,0.0,0.0,0.0,0.0,0.0,0.0,0.0,0.0,0.0,0.0,0.0,0.0,0.0,0.0,0.0,0.0,0.0,0.0,0.0,0.1465798045602606,3.7255700325732906,14.865635179153097,9.979641693811077,1.2825732899022806,0.417,0.011536,0.0,0.0,0.0,0.0,0.0,0.0,0.0,0.0,0.0,0.0,0.0,2.19714964370546,25.546318289786228,2.256532066508314,0.0,0.0,0.0,0.0,0.0,0.0,0.0,0.0,0.0,0.0,0.0,0.0,0.0,0.0,0.0,0.0,0.4165,0.011604,0.0,0.0,0.0,0.0,0.0,0.0,0.0,0.0,0.0,0.0,0.0,2.271986970684036,25.50488599348535,2.223127035830619,0.0,0.0,0.0,0.0,0.0,0.0,0.0,0.0,0.0,0.0,0.0,0.0,0.0,0.0,0.0,0.0
55600,4411,2288,0.5187032418952618,1115,887,0.4538653366583541,1232,0.5586034912718204,0.40199999999999997,2.863871879415921,2.9346516645831255,6.068037974683544,2.0935684994403845,8303.120006476618,433.6051873888971,7853.0,8739.931637132167,8720.779435563094,5.656019453066267,7853.0,0.0,28.98571752437089,21.066003195622056,33.50172003175443,19.36774338115226,0.12446157333937882,0.09725685785536159,0.09158920879619134,0.09000226705962366,0.07798685105418272,0.07027884833371117,0.07277261391974608,0.06642484697347541,0.060077080027204716,0.05554296077986851,0.04602131036046248,0.04216730900022671,0.03808660167762412,0.029245069145318523,0.01836318295171163,0.011108592155973701,0.00861482656993879,0.9254932231682549,0.023048078962421524,0.0,0.0,0.0,0.0,0.0,0.0,0.0,0.0,0.0,0.0,0.0,0.0,0.0,0.0,0.0,0.0,0.0,0.0,0.0,0.0,0.0,0.0,0.0,0.0,0.0,0.11562004080707325,4.026297891634551,14.874178190886424,9.848107005214239,1.1357968714577196,4.073720136518771,2.786123369524195,nan,nan,nan,4.080877313228238,2.770951897598867,4.0653061224489795,2.8015703337343636,0.9961843521419318,0.4172,0.01122,0.0,0.0,0.0,0.0,0.0,0.0,0.0,0.0,0.0,0.0,0.0,1.8499206529131689,25.83767853094537,2.312400816141465,0.0,0.0,0.0,0.0,0.0,0.0,0.0,0.0,0.0,0.0,0.0,0.0,0.0,0.0,0.0,0.0,nan,nan,4.073720136518771,2.786123369524195,nan,0.4172,0.05713,0.0,0.0,0.0,0.0,0.0,0.0,0.0,0.0,0.0,0.0,0.0,0.0,0.0,0.0,0.0,0.0,0.0,0.0,0.0,0.0,2.2670596236681024e-05,0.0,0.00023804126048515076,0.00017002947177510768,1.1335298118340512e-05,0.007753343912944911,0.011210609839038767,0.00015869417365676718,0.0018476535932895036,0.007855361596009976,0.006563137610519157,0.00641577873498073,0.015098617093629562,0.00817274994332351,0.011312627522103831,0.01503060530491952,0.04924053502607119,0.037145771933801856,0.09136250283382454,0.09237134436635684,0.07488097936975742,0.07434822035819542,0.09929721151666289,0.06145998639764226,0.06858988891407844,0.03784856041713897,0.02103831330763999,0.036374971661754706,0.039684878712310134,0.05413738381319429,0.009011562004080707,0.012026751303559284,0.005792337338472002,0.015234640671049649,0.00464747222851961,0.006948537746542734,0.005520290183631829,0.0,0.010927227386080254,0.0,9.06823849467241e-05,0.0,1.1335298118340512e-05,0.0,0.0,0.0,0.00014735887553842667,0.0,0.0,0.0,0.0,0.0,0.0,0.0,0.0,0.0,0.0,0.0,0.0,0.0,0.0,0.0,0.0,0.0,0.0,0.0,0.0,0.0,0.0,0.0,0.0,0.0,0.0,0.0,0.0,0.0,0.0,0.0,0.0,0.0,0.0,nan,nan,4.073720136518771,2.786123369524195,nan,0.9255067671981309,0.022917883929415954,0.0,0.0,0.0,0.0,0.0,0.0,0.0,0.0,0.0,0.0,0.0,0.0,0.0,0.0,0.0,0.0,0.0,0.0,0.0,0.0,0.0,0.0,0.0,0.0,0.0,0.10489510489510492,4.16958041958042,14.318181818181822,10.42395104895105,0.9833916083916086,0.9254786264935698,0.02318756547907955,0.0,0.0,0.0,0.0,0.0,0.0,0.0,0.0,0.0,0.0,0.0,0.0,0.0,0.0,0.0,0.0,0.0,0.0,0.0,0.0,0.0,0.0,0.0,0.0,0.0,0.1271785209609044,3.8718794159208674,15.473386716910037,9.227508243052286,1.3000471031559118,0.417,0.01116,0.0,0.0,0.0,0.0,0.0,0.0,0.0,0.0,0.0,0.0,0.0,1.9536713286713259,25.699300699300707,2.3470279720279725,0.0,0.0,0.0,0.0,0.0,0.0,0.0,0.0,0.0,0.0,0.0,0.0,0.0,0.0,0.0,0.0,0.4175,0.01129,0.0,0.0,0.0,0.0,0.0,0.0,0.0,0.0,0.0,0.0,0.0,1.7381064531323573,25.986811116344803,2.2750824305228456,0.0,0.0,0.0,0.0,0.0,0.0,0.0,0.0,0.0,0.0,0.0,0.0,0.0,0.0,0.0,0.0
55700,4162,2201,0.5288322921672273,1051,850,0.45675156174915904,1169,0.5617491590581452,0.41,2.961754207037226,3.0561740258785597,6.533697632058288,2.1503702370282105,8311.762747659626,433.0488050408465,7853.0,8741.817102396488,8720.50138835046,5.7039643506257605,7853.0,0.0,28.741950985103315,21.061937306748572,33.455624646693046,19.315633728949024,0.13046612205670352,0.09490629505045652,0.09202306583373378,0.08793849111004325,0.07760691975012013,0.07832772705430081,0.07208073041806824,0.06439211917347429,0.056463238827486786,0.05213839500240269,0.05309947140797693,0.03988467083133109,0.032436328688130706,0.03027390677558866,0.017539644401729938,0.011292647765497358,0.00913022585295531,0.9244784694173942,0.02308957267831845,0.0,0.0,0.0,0.0,0.0,0.0,0.0,0.0,0.0,0.0,0.0,0.0,0.0,0.0,0.0,0.0,0.0,0.0,0.0,0.0,0.0,0.0,0.0,0.0,0.0,0.17299375300336378,4.440172993753004,15.021624219125425,9.363286881307065,1.0019221528111486,4.145461173897193,2.8973796722600986,nan,nan,nan,4.211968276856525,2.866870824588517,4.077433628318584,2.9266940319256562,0.9680589596846757,0.4167,0.01132,0.0,0.0,0.0,0.0,0.0,0.0,0.0,0.0,0.0,0.0,0.0,2.1407976934166237,25.682364247957718,2.1768380586256613,0.0,0.0,0.0,0.0,0.0,0.0,0.0,0.0,0.0,0.0,0.0,0.0,0.0,0.0,0.0,0.0,nan,nan,4.145461173897193,2.8973796722600986,nan,0.4167,0.0564,0.0,0.0,0.0,0.0,0.0,0.0,0.0,0.0,0.0,0.0,0.0,0.0,0.0,0.0,0.0,0.0,0.0,0.0,0.0,0.0,0.0,0.0,7.208073041806823e-05,8.409418548774628e-05,0.0,0.007148005766458434,0.011713118692936089,0.00015617491590581452,0.002126381547333013,0.007988947621335896,0.0061989428159538685,0.006439211917347429,0.01519702066314272,0.007880826525708795,0.012301777991350312,0.014800576645843345,0.04835415665545411,0.036208553580009614,0.08981259010091303,0.09291206150888996,0.07803940413262854,0.07495194617972128,0.10439692455550216,0.06210956271023546,0.06830850552618933,0.03726573762614128,0.02126381547333013,0.03672513214800577,0.0372537241710716,0.05433685728015377,0.008253243632868813,0.012385872176838059,0.005081691494473811,0.013851513695338779,0.0039043728976453627,0.006319077366650648,0.005670350792888035,0.0,0.010211436809226334,1.201345506967804e-05,0.00013214800576645845,0.0,2.402691013935608e-05,0.0,0.0,0.0,0.00010812109562710235,0.0,0.0,0.0,0.0,0.0,0.0,0.0,0.0,0.0,0.0,0.0,0.0,0.0,0.0,0.0,0.0,0.0,0.0,0.0,0.0,0.0,0.0,0.0,0.0,0.0,0.0,0.0,0.0,0.0,0.0,0.0,0.0,0.0,0.0,nan,nan,4.145461173897193,2.8973796722600986,nan,0.9243853483509876,0.023165380711596274,0.0,0.0,0.0,0.0,0.0,0.0,0.0,0.0,0.0,0.0,0.0,0.0,0.0,0.0,0.0,0.0,0.0,0.0,0.0,0.0,0.0,0.0,0.0,0.0,0.0,0.19082235347569293,4.57973648341663,14.82962289868242,9.418446160835986,0.9813721035892778,0.9245829872486848,0.023003740230675727,0.0,0.0,0.0,0.0,0.0,0.0,0.0,0.0,0.0,0.0,0.0,0.0,0.0,0.0,0.0,0.0,0.0,0.0,0.0,0.0,0.0,0.0,0.0,0.0,0.0,0.15298317185109642,4.283528811830699,15.237123916369203,9.301376848546662,1.024987251402346,0.417,0.01133,0.0,0.0,0.0,0.0,0.0,0.0,0.0,0.0,0.0,0.0,0.0,2.0717855520218054,25.720127214902323,2.208087233075875,0.0,0.0,0.0,0.0,0.0,0.0,0.0,0.0,0.0,0.0,0.0,0.0,0.0,0.0,0.0,0.0,0.4165,0.01131,0.0,0.0,0.0,0.0,0.0,0.0,0.0,0.0,0.0,0.0,0.0,2.2182559918408944,25.63997960224376,2.1417644059153496,0.0,0.0,0.0,0.0,0.0,0.0,0.0,0.0,0.0,0.0,0.0,0.0,0.0,0.0,0.0,0.0
55800,4021,2027,0.5041034568515295,927,837,0.4386968415816961,1149,0.571499626958468,0.422,3.0421263791374122,3.23878060254945,6.902826855123675,2.2750977445828586,8290.393289381678,433.8373166227068,7853.0,8742.087158077955,8720.665721067455,5.728596113789735,7853.0,0.0,27.710271076846556,21.030037764756848,32.841932597673726,19.267144377243717,0.14523750310867944,0.09848296443670729,0.09077343944292464,0.0910221337975628,0.08182044267595126,0.08007958219348421,0.06963441929868192,0.058194478985327036,0.05197712011937329,0.048744093509077345,0.04774931609052475,0.0380502362596369,0.033076349166873915,0.028351156428749066,0.020392937080328275,0.010196468540164138,0.006217358865953743,0.9255101163421096,0.02344131210524334,0.0,0.0,0.0,0.0,0.0,0.0,0.0,0.0,0.0,0.0,0.0,0.0,0.0,0.0,0.0,0.0,0.0,0.0,0.0,0.0,0.0,0.0,0.0,0.0,0.0,0.16413827406117884,3.984083561303159,14.839592141258397,9.743844814722708,1.2683412086545638,4.423032183016673,3.0122840070702472,nan,nan,nan,4.453827940015786,2.975571275493393,4.3932926829268295,3.0470223589268453,0.9864082632054391,0.4167,0.011345,0.0,0.0,0.0,0.0,0.0,0.0,0.0,0.0,0.0,0.0,0.0,2.1934842079084773,25.62049241482219,2.1860233772693363,0.0,0.0,0.0,0.0,0.0,0.0,0.0,0.0,0.0,0.0,0.0,0.0,0.0,0.0,0.0,0.0,nan,nan,4.423032183016673,3.0122840070702472,nan,0.4167,0.05676,0.0,0.0,0.0,0.0,0.0,0.0,0.0,0.0,0.0,0.0,0.0,0.0,0.0,0.0,0.0,0.0,0.0,0.0,0.0,0.0,0.0,0.0,0.0,7.460830639144492e-05,0.0001740860482467048,0.007883611042029346,0.01157672220840587,0.00031086794329768713,0.003506590400397911,0.007398657050484954,0.00460084556080577,0.007075354389455359,0.015195225068390947,0.007759263864710271,0.013292713255409103,0.01601591643869684,0.0488435712509326,0.034593384730166626,0.08807510569510073,0.09439194230290972,0.07961949763740363,0.0732653568763989,0.09847052971897538,0.06268341208654564,0.06799303655807014,0.03698085053469286,0.02320318328773937,0.03948022879880627,0.03658293956727182,0.05384232777915941,0.010544640636657547,0.011141507087789108,0.003916936085550858,0.014884357125093261,0.003531459835861726,0.007075354389455359,0.006105446406366575,0.0,0.009475254911713504,0.0,0.0002611290723700572,0.0,9.947774185525989e-05,0.0,0.0,0.0,7.460830639144492e-05,0.0,0.0,0.0,0.0,0.0,0.0,0.0,0.0,0.0,0.0,0.0,0.0,0.0,0.0,0.0,0.0,0.0,0.0,0.0,0.0,0.0,0.0,0.0,0.0,0.0,0.0,0.0,0.0,0.0,0.0,0.0,0.0,0.0,0.0,nan,nan,4.423032183016673,3.0122840070702472,nan,0.9251938818356176,0.02324341675800586,0.0,0.0,0.0,0.0,0.0,0.0,0.0,0.0,0.0,0.0,0.0,0.0,0.0,0.0,0.0,0.0,0.0,0.0,0.0,0.0,0.0,0.0,0.0,0.0,0.0,0.14800197335964482,4.0700542673902325,15.05180069067588,9.501726689689198,1.228416378885052,0.9258315844186689,0.023636448546859937,0.0,0.0,0.0,0.0,0.0,0.0,0.0,0.0,0.0,0.0,0.0,0.0,0.0,0.0,0.0,0.0,0.0,0.0,0.0,0.0,0.0,0.0,0.0,0.0,0.0,0.1805416248746239,3.896690070210633,14.623871614844537,9.98996990972919,1.3089267803410234,0.4167,0.01146,0.0,0.0,0.0,0.0,0.0,0.0,0.0,0.0,0.0,0.0,0.0,2.160828811050811,25.604341391218558,2.234829797730637,0.0,0.0,0.0,0.0,0.0,0.0,0.0,0.0,0.0,0.0,0.0,0.0,0.0,0.0,0.0,0.0,0.4165,0.011215,0.0,0.0,0.0,0.0,0.0,0.0,0.0,0.0,0.0,0.0,0.0,2.2266800401203577,25.636910732196597,2.1364092276830497,0.0,0.0,0.0,0.0,0.0,0.0,0.0,0.0,0.0,0.0,0.0,0.0,0.0,0.0,0.0,0.0
55900,4202,2214,0.5268919562113279,1043,828,0.44526415992384577,1162,0.5530699666825322,0.422,3.056338028169014,3.0963477334013008,6.523156089193825,2.1156273041045934,8310.030979431815,433.0964349339545,7853.0,8740.036886894703,8720.409293393177,5.666683247953756,7853.0,0.0,27.941218467396478,20.807545409512645,32.93927355278093,18.99545172680604,0.1418372203712518,0.09852451213707758,0.09590671108995716,0.0823417420276059,0.07734412184673965,0.07686815801999049,0.06758686339838173,0.06258924321751547,0.06163731556401714,0.05188005711565921,0.04926225606853879,0.044026653974297954,0.03284150404569253,0.024750118990956686,0.017134697762970014,0.008805330794859591,0.006663493574488339,0.9254697036992817,0.023251894113878926,0.0,0.0,0.0,0.0,0.0,0.0,0.0,0.0,0.0,0.0,0.0,0.0,0.0,0.0,0.0,0.0,0.0,0.0,0.0,0.0,0.0,0.0,0.0,0.0,0.0,0.14992860542598765,4.112327463112805,14.621608757734416,9.980961446930035,1.1351737267967636,4.258100147275405,2.873503439441146,nan,nan,nan,4.347407407407408,2.897772570623209,4.169838945827233,2.8465639512192125,0.9591553206452145,0.4158,0.01151,0.0,0.0,0.0,0.0,0.0,0.0,0.0,0.0,0.0,0.0,0.0,2.5844835792479732,25.359352689195628,2.0561637315564023,0.0,0.0,0.0,0.0,0.0,0.0,0.0,0.0,0.0,0.0,0.0,0.0,0.0,0.0,0.0,0.0,nan,nan,4.258100147275405,2.873503439441146,nan,0.4158,0.05707,0.0,0.0,0.0,0.0,0.0,0.0,0.0,0.0,0.0,0.0,0.0,0.0,0.0,0.0,0.0,0.0,0.0,0.0,0.0,0.0,0.0,0.0,0.0,0.0001427891480247501,0.00046406473108043787,0.008805330794859591,0.011732508329366969,0.00033317467872441694,0.004021894336030462,0.007258448357924798,0.00462874821513565,0.007460732984293194,0.015064255116611138,0.007984293193717278,0.013921941932413136,0.01674202760590195,0.048143741075678245,0.03479295573536411,0.08989766777724893,0.09500237981913374,0.0796049500237982,0.0743098524512137,0.09991670633031889,0.06205378391242265,0.06776534983341266,0.03420990004759638,0.021335078534031413,0.03801761066158972,0.03499524036173251,0.053653022370299855,0.009483579247977153,0.01155402189433603,0.003724416944312232,0.017420276059019513,0.004247977153736316,0.007282246549262256,0.005628272251308901,3.569728700618753e-05,0.007722513089005236,0.0,0.0002974773917182294,0.0,0.0001427891480247501,0.0,0.0,0.0,0.000202284626368396,0.0,0.0,0.0,0.0,0.0,0.0,0.0,0.0,0.0,0.0,0.0,0.0,0.0,0.0,0.0,0.0,0.0,0.0,0.0,0.0,0.0,0.0,0.0,0.0,0.0,0.0,0.0,0.0,0.0,0.0,0.0,0.0,0.0,0.0,nan,nan,4.258100147275405,2.873503439441146,nan,0.9250886726723992,0.022837591822921294,0.0,0.0,0.0,0.0,0.0,0.0,0.0,0.0,0.0,0.0,0.0,0.0,0.0,0.0,0.0,0.0,0.0,0.0,0.0,0.0,0.0,0.0,0.0,0.0,0.0,0.12195121951219515,4.13279132791328,14.783197831978324,10.02710027100271,0.9349593495934961,0.9258940511306287,0.02369756435702564,0.0,0.0,0.0,0.0,0.0,0.0,0.0,0.0,0.0,0.0,0.0,0.0,0.0,0.0,0.0,0.0,0.0,0.0,0.0,0.0,0.0,0.0,0.0,0.0,0.0,0.18108651911468815,4.0895372233400415,14.441649899396381,9.929577464788734,1.358148893360161,0.4158,0.0114,0.0,0.0,0.0,0.0,0.0,0.0,0.0,0.0,0.0,0.0,0.0,2.452574525745254,25.582655826558273,1.9647696476964773,0.0,0.0,0.0,0.0,0.0,0.0,0.0,0.0,0.0,0.0,0.0,0.0,0.0,0.0,0.0,0.0,0.416,0.01164,0.0,0.0,0.0,0.0,0.0,0.0,0.0,0.0,0.0,0.0,0.0,2.7313883299798754,25.11066398390343,2.157947686116701,0.0,0.0,0.0,0.0,0.0,0.0,0.0,0.0,0.0,0.0,0.0,0.0,0.0,0.0,0.0,0.0
56000,4264,2231,0.523217636022514,1028,869,0.4448874296435272,1192,0.5590994371482176,0.43,3.031480570585342,3.168337053867107,6.776576576576576,2.1520137209011563,8306.87037570494,433.28152431724374,7853.0,8738.842951649427,8720.46000986368,5.665919835559189,7853.0,0.0,27.653377110694183,20.87535425865611,32.7964527027027,19.08124694993568,0.14610694183864917,0.100140712945591,0.09333958724202626,0.08630393996247655,0.07973733583489681,0.07551594746716699,0.06707317073170732,0.06355534709193246,0.05675422138836773,0.054643527204502815,0.042917448405253286,0.038696060037523454,0.03353658536585366,0.024859287054409006,0.019699812382739212,0.01149155722326454,0.005628517823639775,0.9248983800606925,0.022759145822490605,0.0,0.0,0.0,0.0,0.0,0.0,0.0,0.0,0.0,0.0,0.0,0.0,0.0,0.0,0.0,0.0,0.0,0.0,0.0,0.0,0.0,0.0,0.0,0.0,0.0,0.11960600375234524,3.9399624765478434,15.32363977485929,9.56848030018762,1.0483114446529083,4.357090374724467,2.9728694947774996,nan,nan,nan,4.310218978102189,2.9803684843343707,4.404585798816568,2.964495472811358,1.0218937416390685,0.4163,0.01173,0.0,0.0,0.0,0.0,0.0,0.0,0.0,0.0,0.0,0.0,0.0,2.631332082551591,25.19465290806755,2.1740150093808635,0.0,0.0,0.0,0.0,0.0,0.0,0.0,0.0,0.0,0.0,0.0,0.0,0.0,0.0,0.0,0.0,nan,nan,4.357090374724467,2.9728694947774996,nan,0.4163,0.05652,0.0,0.0,0.0,0.0,0.0,0.0,0.0,0.0,0.0,0.0,0.0,0.0,0.0,0.0,0.0,0.0,0.0,0.0,0.0,0.0,0.0,0.0,0.0,8.208255159474672e-05,0.00039868667917448405,0.008677298311444653,0.010635553470919325,0.000598030018761726,0.004326923076923077,0.0069301125703564725,0.005065666041275798,0.008067542213883677,0.013203564727954972,0.0075046904315197,0.014458255159474671,0.015900562851782363,0.051360225140712944,0.03412288930581613,0.08397045028142588,0.09548545966228893,0.08110928705440901,0.07525797373358349,0.09912054409005629,0.060354127579737335,0.06972326454033771,0.03431050656660413,0.02353424015009381,0.04349202626641651,0.03466228893058161,0.053635084427767356,0.00872420262664165,0.010717636022514071,0.00426829268292683,0.015642589118198873,0.00401031894934334,0.007481238273921201,0.005687148217636022,4.6904315196998124e-05,0.006625234521575985,7.035647279549719e-05,0.00038696060037523455,0.0,0.00010553470919324578,0.0,0.0,0.0,0.0002462476547842402,0.0,0.0,0.0,0.0,0.0,0.0,0.0,0.0,0.0,0.0,0.0,0.0,0.0,0.0,0.0,0.0,0.0,0.0,0.0,0.0,0.0,0.0,0.0,0.0,0.0,0.0,0.0,0.0,0.0,0.0,0.0,0.0,0.0,0.0,nan,nan,4.357090374724467,2.9728694947774996,nan,0.9252900376762312,0.022700318880395774,0.0,0.0,0.0,0.0,0.0,0.0,0.0,0.0,0.0,0.0,0.0,0.0,0.0,0.0,0.0,0.0,0.0,0.0,0.0,0.0,0.0,0.0,0.0,0.0,0.0,0.10757507844016138,3.8727028238458097,15.168086060062755,9.762438368444645,1.089197669206634,0.9244685777290315,0.022815791612169553,0.0,0.0,0.0,0.0,0.0,0.0,0.0,0.0,0.0,0.0,0.0,0.0,0.0,0.0,0.0,0.0,0.0,0.0,0.0,0.0,0.0,0.0,0.0,0.0,0.0,0.132808657156911,4.013772749631088,15.49434333497295,9.355632070831286,1.003443187407772,0.4158,0.01175,0.0,0.0,0.0,0.0,0.0,0.0,0.0,0.0,0.0,0.0,0.0,2.7969520394441916,25.145674585387724,2.0573733751680865,0.0,0.0,0.0,0.0,0.0,0.0,0.0,0.0,0.0,0.0,0.0,0.0,0.0,0.0,0.0,0.0,0.4165,0.01169,0.0,0.0,0.0,0.0,0.0,0.0,0.0,0.0,0.0,0.0,0.0,2.44958189867191,25.24840137727497,2.3020167240531237,0.0,0.0,0.0,0.0,0.0,0.0,0.0,0.0,0.0,0.0,0.0,0.0,0.0,0.0,0.0,0.0
56100,4393,2271,0.516958798087867,1024,924,0.4434327338948327,1265,0.5759162303664922,0.426,3.0655042412818094,3.1806951052742045,6.88135593220339,2.113593981203595,8301.55253862623,433.60786763445776,7853.0,8740.70148395896,8720.67560642229,5.745770961834668,7853.0,0.0,27.767129524243114,20.9335434725723,32.72828447339848,19.220949516459832,0.14090598679717733,0.10220805827452766,0.09014340997040747,0.09583428181197359,0.07898930116093786,0.07420896881402231,0.07170498520373321,0.055770544047348054,0.05463236967903483,0.050990211700432504,0.04734805372183019,0.03892556339631231,0.03664921465968586,0.02754381971318006,0.018893694513999543,0.009560664693831095,0.005690871841566128,0.9254393987060814,0.023275458332861598,0.0,0.0,0.0,0.0,0.0,0.0,0.0,0.0,0.0,0.0,0.0,0.0,0.0,0.0,0.0,0.0,0.0,0.0,0.0,0.0,0.0,0.0,0.0,0.0,0.006829046209879355,0.17072615524698387,3.9540177555201463,14.921465968586391,9.765536080127477,1.1814249943091284,4.444957386363637,2.9363191772496524,nan,nan,nan,4.413496051687006,2.9075027675495293,4.4757554462403375,2.963933299922863,1.0141065934633686,0.417,0.01131,0.0,0.0,0.0,0.0,0.0,0.0,0.0,0.0,0.0,0.0,0.0,2.1170043250625965,25.684042795356255,2.198952879581152,0.0,0.0,0.0,0.0,0.0,0.0,0.0,0.0,0.0,0.0,0.0,0.0,0.0,0.0,0.0,0.0,nan,nan,4.444957386363637,2.9363191772496524,nan,0.417,0.05627,0.0,0.0,0.0,0.0,0.0,0.0,0.0,0.0,0.0,0.0,0.0,0.0,0.0,0.0,0.0,0.0,0.0,0.0,0.0,0.0,0.0,0.0,0.0,0.00011381743683132256,0.0004666514910084225,0.007762349191896199,0.011267926246300934,0.0006601411336216709,0.003926701570680628,0.005770544047348054,0.005121784657409515,0.007614386524015479,0.012633735488276805,0.0064762121557022535,0.015069428636467107,0.016753926701570682,0.047939904393353064,0.03402003186888231,0.08315501934896426,0.09631231504666515,0.08206237195538356,0.07569997723651263,0.09513999544730253,0.0627703164124744,0.07008877760072843,0.0362736171181425,0.022274072387889823,0.04260186660596403,0.03633052583655816,0.05751195083086729,0.008137946733439563,0.012679262463009332,0.00433644434327339,0.01503528340541771,0.0039039380833143637,0.006259959025722741,0.006703847029364898,5.690871841566128e-05,0.006419303437286593,0.0,0.0003073070794445709,0.0,7.96722057819258e-05,0.0,0.0,0.0,0.0002617801047120419,0.0,0.0,0.0,0.0,0.0,0.0,0.0,0.0,0.0,0.0,0.0,0.0,0.0,0.0,0.0,0.0,0.0,0.0,0.0,0.0,0.0,0.0,0.0,0.0,0.0,0.0,0.0,0.0,0.0,0.0,0.0,0.0,0.0,0.0,nan,nan,4.444957386363637,2.9363191772496524,nan,0.9254092705611981,0.02349896553802322,0.0,0.0,0.0,0.0,0.0,0.0,0.0,0.0,0.0,0.0,0.0,0.0,0.0,0.0,0.0,0.0,0.0,0.0,0.0,0.0,0.0,0.0,0.0,0.0,0.013210039630118893,0.1981505944517834,3.923381770145311,14.953764861294587,9.722589167767504,1.1889035667107004,0.9254716423521842,0.02303381108352826,0.0,0.0,0.0,0.0,0.0,0.0,0.0,0.0,0.0,0.0,0.0,0.0,0.0,0.0,0.0,0.0,0.0,0.0,0.0,0.0,0.0,0.0,0.0,0.0,0.0,0.14137606032045244,3.9868049010367588,14.886899151743641,9.811498586239399,1.1734213006597551,0.4167,0.011185,0.0,0.0,0.0,0.0,0.0,0.0,0.0,0.0,0.0,0.0,0.0,2.153236459709376,25.812417437252318,2.0343461030383096,0.0,0.0,0.0,0.0,0.0,0.0,0.0,0.0,0.0,0.0,0.0,0.0,0.0,0.0,0.0,0.0,0.4172,0.01144,0.0,0.0,0.0,0.0,0.0,0.0,0.0,0.0,0.0,0.0,0.0,2.0782280867106473,25.546654099905755,2.375117813383601,0.0,0.0,0.0,0.0,0.0,0.0,0.0,0.0,0.0,0.0,0.0,0.0,0.0,0.0,0.0,0.0
56200,4396,2263,0.5147861692447679,1065,879,0.4422202001819836,1232,0.5605095541401274,0.426,3.0693858415377404,3.2358263835036554,6.832512315270936,2.2983238899359475,8299.695162264625,433.69355274406155,7853.0,8741.520219379663,8720.729533060225,5.589134739963712,7853.0,0.0,28.1196542311192,20.939484831155315,32.99837925445705,19.217259866841463,0.13694267515923567,0.1048680618744313,0.09235668789808917,0.08303002729754322,0.08166515013648772,0.07279344858962693,0.06574158325750683,0.06119199272065514,0.06164695177434031,0.05959963603275705,0.04367606915377616,0.040036396724294813,0.03662420382165605,0.02570518653321201,0.015241128298453139,0.011828935395814377,0.007051865332120109,0.9254497930990554,0.022574138441480915,0.0,0.0,0.0,0.0,0.0,0.0,0.0,0.0,0.0,0.0,0.0,0.0,0.0,0.0,0.0,0.0,0.0,0.0,0.0,0.0,0.0,0.0,0.0,0.0,0.0,0.10919017288444043,4.033212010919018,14.952229299363061,9.922656960873523,0.9827115559599638,4.418497519489724,2.991054133532948,nan,nan,nan,4.371163454675232,2.9450105404232514,4.465165376495426,3.03504347107476,1.0215050118337838,0.417,0.01137,0.0,0.0,0.0,0.0,0.0,0.0,0.0,0.0,0.0,0.0,0.0,2.1360327570518622,25.60509554140128,2.258871701546861,0.0,0.0,0.0,0.0,0.0,0.0,0.0,0.0,0.0,0.0,0.0,0.0,0.0,0.0,0.0,0.0,nan,nan,4.418497519489724,2.991054133532948,nan,0.417,0.05573,0.0,0.0,0.0,0.0,0.0,0.0,0.0,0.0,0.0,0.0,0.0,0.0,0.0,0.0,0.0,0.0,0.0,0.0,0.0,0.0,0.0,0.0,0.0,5.6869881710646044e-05,0.0005118289353958144,0.00833712465878071,0.010361692447679708,0.0005914467697907188,0.002775250227479527,0.006085077343039126,0.004037761601455869,0.008530482256596906,0.011817561419472248,0.007575068243858053,0.013842129208371247,0.017413557779799818,0.050523202911737945,0.03436078252957234,0.08066424021838034,0.09149226569608736,0.08259781619654231,0.0792424931756142,0.09772520473157416,0.06475204731574158,0.0705641492265696,0.03636260236578708,0.02182666060054595,0.03985441310282074,0.037977707006369425,0.05657415832575068,0.009861237488626023,0.012465878070973612,0.004401728844404004,0.01509326660600546,0.0031392174704276614,0.005254777070063694,0.007085987261146497,3.4121929026387626e-05,0.005641492265696087,0.0,9.099181073703367e-05,0.0,5.6869881710646044e-05,0.0,0.0,0.0,0.0004208371246587807,0.0,0.0,0.0,0.0,0.0,0.0,0.0,0.0,0.0,0.0,0.0,0.0,0.0,0.0,0.0,0.0,0.0,0.0,0.0,0.0,0.0,0.0,0.0,0.0,0.0,0.0,0.0,0.0,0.0,0.0,0.0,0.0,0.0,0.0,nan,nan,4.418497519489724,2.991054133532948,nan,0.9256108524100842,0.02248422296603922,0.0,0.0,0.0,0.0,0.0,0.0,0.0,0.0,0.0,0.0,0.0,0.0,0.0,0.0,0.0,0.0,0.0,0.0,0.0,0.0,0.0,0.0,0.0,0.0,0.0,0.1325673884224481,3.844454264250995,14.927087936367657,10.154661953159524,0.9412284577993816,0.9252789177024974,0.022667893028219015,0.0,0.0,0.0,0.0,0.0,0.0,0.0,0.0,0.0,0.0,0.0,0.0,0.0,0.0,0.0,0.0,0.0,0.0,0.0,0.0,0.0,0.0,0.0,0.0,0.0,0.08438818565400845,4.233473980309424,14.978902953586502,9.67651195499297,1.0267229254571029,0.4167,0.01157,0.0,0.0,0.0,0.0,0.0,0.0,0.0,0.0,0.0,0.0,0.0,2.3994697304463064,25.34688466637208,2.2536456031816177,0.0,0.0,0.0,0.0,0.0,0.0,0.0,0.0,0.0,0.0,0.0,0.0,0.0,0.0,0.0,0.0,0.4172,0.01113,0.0,0.0,0.0,0.0,0.0,0.0,0.0,0.0,0.0,0.0,0.0,1.856540084388183,25.879043600562596,2.264416315049227,0.0,0.0,0.0,0.0,0.0,0.0,0.0,0.0,0.0,0.0,0.0,0.0,0.0,0.0,0.0,0.0
56300,4720,2439,0.5167372881355933,1160,971,0.4514830508474576,1343,0.5690677966101695,0.418,3.03244191144235,3.1332807374999576,6.708920187793427,2.0932334367067305,8301.469320739781,433.719740826764,7853.0,8744.515361988544,8720.886508360709,5.747932696230224,7853.0,0.0,27.513771186440678,20.65854926687862,32.658095723014256,18.82781762543556,0.1478813559322034,0.09533898305084745,0.09067796610169492,0.0913135593220339,0.08220338983050847,0.07584745762711864,0.06991525423728813,0.06186440677966102,0.05805084745762712,0.051694915254237285,0.0451271186440678,0.03961864406779661,0.03177966101694915,0.028177966101694915,0.015889830508474576,0.009533898305084746,0.005084745762711864,0.925136801322638,0.0231852169153293,0.0,0.0,0.0,0.0,0.0,0.0,0.0,0.0,0.0,0.0,0.0,0.0,0.0,0.0,0.0,0.0,0.0,0.0,0.0,0.0,0.0,0.0,0.0,0.0,0.0,0.20974576271186446,4.010593220338984,15.057203389830512,9.610169491525426,1.1122881355932206,4.30174399473511,2.9096463204392,nan,nan,nan,4.219464402351404,2.9099549805404203,4.385278514588859,2.9069514671290864,1.0392974312438923,0.4175,0.01122,0.0,0.0,0.0,0.0,0.0,0.0,0.0,0.0,0.0,0.0,0.0,1.957627118644065,25.72245762711865,2.3199152542372885,0.0,0.0,0.0,0.0,0.0,0.0,0.0,0.0,0.0,0.0,0.0,0.0,0.0,0.0,0.0,0.0,nan,nan,4.30174399473511,2.9096463204392,nan,0.4175,0.0555,0.0,0.0,0.0,0.0,0.0,0.0,0.0,0.0,0.0,0.0,0.0,0.0,0.0,0.0,0.0,0.0,0.0,0.0,0.0,0.0,0.0,1.0593220338983052e-05,5.296610169491525e-05,0.00011652542372881357,0.0008050847457627119,0.007478813559322034,0.010180084745762713,0.00048728813559322035,0.002468220338983051,0.005953389830508474,0.004639830508474576,0.007754237288135593,0.01090042372881356,0.007425847457627119,0.01288135593220339,0.016652542372881357,0.05138771186440678,0.033305084745762714,0.0836228813559322,0.0897563559322034,0.08109110169491525,0.08027542372881356,0.09788135593220339,0.06713983050847458,0.07220338983050847,0.035911016949152545,0.021620762711864406,0.03788135593220339,0.03965042372881356,0.05581567796610169,0.009904661016949153,0.013654661016949152,0.004841101694915254,0.014841101694915254,0.002849576271186441,0.004883474576271187,0.007711864406779661,0.0,0.004989406779661017,0.0,8.474576271186441e-05,0.0,0.00011652542372881357,0.0,0.0,0.0,0.0007733050847457627,0.0,0.0,0.0,0.0,0.0,0.0,0.0,0.0,0.0,0.0,0.0,0.0,0.0,0.0,0.0,0.0,0.0,0.0,0.0,0.0,0.0,0.0,0.0,0.0,0.0,0.0,0.0,0.0,0.0,0.0,0.0,0.0,0.0,0.0,nan,nan,4.30174399473511,2.9096463204392,nan,0.9254557294354863,0.02357192117420693,0.0,0.0,0.0,0.0,0.0,0.0,0.0,0.0,0.0,0.0,0.0,0.0,0.0,0.0,0.0,0.0,0.0,0.0,0.0,0.0,0.0,0.0,0.0,0.0,0.0,0.2337023370233703,4.120541205412055,14.710947109471098,9.778597785977862,1.1562115621156213,0.9247957817403333,0.022759516665553408,0.0,0.0,0.0,0.0,0.0,0.0,0.0,0.0,0.0,0.0,0.0,0.0,0.0,0.0,0.0,0.0,0.0,0.0,0.0,0.0,0.0,0.0,0.0,0.0,0.0,0.18412976764576944,3.8930293730819825,15.427444103463396,9.430074528715478,1.0653222270933802,0.4175,0.01132,0.0,0.0,0.0,0.0,0.0,0.0,0.0,0.0,0.0,0.0,0.0,2.054120541205409,25.49815498154982,2.4477244772447726,0.0,0.0,0.0,0.0,0.0,0.0,0.0,0.0,0.0,0.0,0.0,0.0,0.0,0.0,0.0,0.0,0.4175,0.011116,0.0,0.0,0.0,0.0,0.0,0.0,0.0,0.0,0.0,0.0,0.0,1.8544498027181033,25.96229723805349,2.183252959228409,0.0,0.0,0.0,0.0,0.0,0.0,0.0,0.0,0.0,0.0,0.0,0.0,0.0,0.0,0.0,0.0
56400,4698,2436,0.5185185185185185,1141,974,0.4501915708812261,1332,0.5670498084291188,0.414,2.929266136162688,3.05350768581809,6.551612903225807,2.1042768994385996,8302.984659410487,433.6356270986822,7853.0,8741.838543140888,8720.827557434513,5.7196356062138465,7853.0,0.0,27.77032779906343,20.770201579874534,32.66700456158135,19.05742943908295,0.1364410387398893,0.10280970625798212,0.09429544487015751,0.08769689229459345,0.0857811834823329,0.07151979565772669,0.06917837377607493,0.06619838229033631,0.05576841209025117,0.0519369944657301,0.04704129416773095,0.04044274159216688,0.031077054065559814,0.023414218816517667,0.019582801191996593,0.009152830991911451,0.007662835249042145,0.9252438140884771,0.023055457529540663,0.0,0.0,0.0,0.0,0.0,0.0,0.0,0.0,0.0,0.0,0.0,0.0,0.0,0.0,0.0,0.0,0.0,0.0,0.0,0.0,0.0,0.0,0.0,0.0,0.0,0.17241379310344832,3.9016602809706264,15.076628352490424,9.79565772669221,1.0536398467432952,4.172379696769941,2.84300512149153,nan,nan,nan,4.18782722513089,2.8334083025381815,4.156706507304117,2.8526236455000546,0.9925687674887779,0.4172,0.01124,0.0,0.0,0.0,0.0,0.0,0.0,0.0,0.0,0.0,0.0,0.0,2.1200510855683237,25.65134099616859,2.228607918263091,0.0,0.0,0.0,0.0,0.0,0.0,0.0,0.0,0.0,0.0,0.0,0.0,0.0,0.0,0.0,0.0,nan,nan,4.172379696769941,2.84300512149153,nan,0.4172,0.05548,0.0,0.0,0.0,0.0,0.0,0.0,0.0,0.0,0.0,0.0,0.0,0.0,0.0,0.0,0.0,0.0,0.0,0.0,0.0,0.0,0.0,4.257130693912303e-05,2.1285653469561517e-05,0.0,0.0007556406981694339,0.008695189442315879,0.009567901234567902,0.0005640698169433802,0.002405278842060451,0.0061834823329076204,0.0049382716049382715,0.008099191145168157,0.011909323116219669,0.006162196679438059,0.013867603235419327,0.015634312473392933,0.05291613452532993,0.03205619412515964,0.08457854406130268,0.08660068114091103,0.07752234993614304,0.08431247339293316,0.09715836526181354,0.06826309067688378,0.07028522775649212,0.03819710515112814,0.022818220519369943,0.04003831417624521,0.038292890591741166,0.055512984248616434,0.01052575564069817,0.014527458492975735,0.004097488292890592,0.013324819071945508,0.002628778203490847,0.0047254150702426565,0.006587909748829289,3.192848020434228e-05,0.005129842486164325,0.0,7.449978714346531e-05,0.0,5.321413367390379e-05,0.0,0.0,0.0,0.0008939974457215837,0.0,0.0,0.0,0.0,0.0,0.0,0.0,0.0,0.0,0.0,0.0,0.0,0.0,0.0,0.0,0.0,0.0,0.0,0.0,0.0,0.0,0.0,0.0,0.0,0.0,0.0,0.0,0.0,0.0,0.0,0.0,0.0,0.0,0.0,nan,nan,4.172379696769941,2.84300512149153,nan,0.9257680677574843,0.023102235402102312,0.0,0.0,0.0,0.0,0.0,0.0,0.0,0.0,0.0,0.0,0.0,0.0,0.0,0.0,0.0,0.0,0.0,0.0,0.0,0.0,0.0,0.0,0.0,0.0,0.0,0.1970443349753695,3.5344827586206904,15.35714285714286,9.76600985221675,1.1453201970443352,0.9246792332141617,0.02299161018570142,0.0,0.0,0.0,0.0,0.0,0.0,0.0,0.0,0.0,0.0,0.0,0.0,0.0,0.0,0.0,0.0,0.0,0.0,0.0,0.0,0.0,0.0,0.0,0.0,0.0,0.14588859416445626,4.297082228116712,14.774535809018571,9.827586206896553,0.9549071618037137,0.417,0.0112,0.0,0.0,0.0,0.0,0.0,0.0,0.0,0.0,0.0,0.0,0.0,2.105911330049258,25.71428571428572,2.179802955665025,0.0,0.0,0.0,0.0,0.0,0.0,0.0,0.0,0.0,0.0,0.0,0.0,0.0,0.0,0.0,0.0,0.4172,0.011284,0.0,0.0,0.0,0.0,0.0,0.0,0.0,0.0,0.0,0.0,0.0,2.135278514588856,25.58355437665783,2.281167108753316,0.0,0.0,0.0,0.0,0.0,0.0,0.0,0.0,0.0,0.0,0.0,0.0,0.0,0.0,0.0,0.0
56500,4694,2414,0.5142735406902429,1110,978,0.4448231785257776,1323,0.5636983383042181,0.40599999999999997,2.957894736842105,3.000581661063258,6.452978056426332,2.038073857757667,8299.261617604625,433.7170109225587,7853.0,8737.720269912481,8720.751463560942,5.526158118763105,7853.0,0.0,28.45504899872177,21.224317874180823,33.49771689497717,19.41830040260052,0.13932680017043034,0.09565402641670218,0.09245845760545376,0.08372390285470814,0.0783979548359608,0.07733276523221133,0.07413719642096293,0.06348530038346825,0.05262036642522369,0.04835960801022582,0.04452492543672774,0.04516403919897742,0.035577332765232214,0.02918619514273541,0.021729867916489135,0.01278227524499361,0.005538985939497231,0.9248497467321388,0.022882848753834183,0.0,0.0,0.0,0.0,0.0,0.0,0.0,0.0,0.0,0.0,0.0,0.0,0.0,0.0,0.0,0.0,0.0,0.0,0.0,0.0,0.0,0.0,0.0,0.0,0.0,0.1469961653174265,3.988069876438007,15.121431614827442,9.714529186195143,1.0289731572219858,4.200457815565729,2.7737982307545876,nan,nan,nan,4.201302931596091,2.794922967377539,4.199606040709127,2.7523427332170787,0.9995961036577005,0.4175,0.01079,0.0,0.0,0.0,0.0,0.0,0.0,0.0,0.0,0.0,0.0,0.0,1.5658287175117147,26.22922880272689,2.204942479761398,0.0,0.0,0.0,0.0,0.0,0.0,0.0,0.0,0.0,0.0,0.0,0.0,0.0,0.0,0.0,0.0,nan,nan,4.200457815565729,2.7737982307545876,nan,0.4177,0.05508,0.0,0.0,0.0,0.0,0.0,0.0,0.0,0.0,0.0,0.0,0.0,0.0,0.0,0.0,0.0,0.0,0.0,0.0,0.0,0.0,0.0,1.0651896037494674e-05,0.00011717085641244142,0.0,0.0008095440988495952,0.008233915636983382,0.009682573498082658,0.0007030251384746484,0.0021942905837239028,0.005549637835534725,0.00487856838517256,0.007829143587558585,0.01210055389859395,0.005592245419684704,0.012824882829143588,0.015455901150404771,0.05224755006391137,0.03352151682999574,0.08246697912228376,0.0844056242011078,0.07709842351938645,0.08483170004260758,0.09792288027268854,0.0712185769066894,0.07256071580741372,0.037228376651043886,0.022667234767788667,0.040434597358329785,0.039156369833830425,0.05598636557307201,0.010971452918619515,0.01563698338304218,0.003728163613123136,0.012888794205368556,0.00246058798466127,0.004804005112910098,0.005858542820622071,5.325948018747337e-05,0.00474009373668513,3.195568811248402e-05,0.00013847464848743075,3.195568811248402e-05,5.325948018747337e-05,0.0,0.0,0.0,0.0008734554750745633,0.0,0.0,0.0,0.0,0.0,0.0,0.0,0.0,0.0,0.0,0.0,0.0,0.0,0.0,0.0,0.0,0.0,0.0,0.0,0.0,0.0,0.0,0.0,0.0,0.0,0.0,0.0,0.0,0.0,0.0,0.0,0.0,0.0,0.0,nan,nan,4.200457815565729,2.7737982307545876,nan,0.9249507121389922,0.02258407491166218,0.0,0.0,0.0,0.0,0.0,0.0,0.0,0.0,0.0,0.0,0.0,0.0,0.0,0.0,0.0,0.0,0.0,0.0,0.0,0.0,0.0,0.0,0.0,0.0,0.0,0.1491300745650373,3.864954432477217,15.124275062137533,9.855012427506216,1.0066280033140018,0.9247428473934792,0.023194509072265307,0.0,0.0,0.0,0.0,0.0,0.0,0.0,0.0,0.0,0.0,0.0,0.0,0.0,0.0,0.0,0.0,0.0,0.0,0.0,0.0,0.0,0.0,0.0,0.0,0.0,0.1447368421052632,4.11842105263158,15.118421052631582,9.565789473684212,1.0526315789473686,0.4175,0.010994,0.0,0.0,0.0,0.0,0.0,0.0,0.0,0.0,0.0,0.0,0.0,1.6652858326429139,26.110190555095283,2.2245236122618066,0.0,0.0,0.0,0.0,0.0,0.0,0.0,0.0,0.0,0.0,0.0,0.0,0.0,0.0,0.0,0.0,0.4177,0.01057,0.0,0.0,0.0,0.0,0.0,0.0,0.0,0.0,0.0,0.0,0.0,1.4605263157894715,26.355263157894743,2.18421052631579,0.0,0.0,0.0,0.0,0.0,0.0,0.0,0.0,0.0,0.0,0.0,0.0,0.0,0.0,0.0,0.0
56600,4725,2430,0.5142857142857142,1145,962,0.44592592592592595,1325,0.5608465608465608,0.414,2.95119825708061,3.0486637098951763,6.453703703703703,2.147569366473047,8299.433768385441,433.8740496832809,7853.0,8740.28773304224,8721.065660749467,5.5736199859359825,7853.0,0.0,28.03851851851852,21.176491856042215,33.0453972257251,19.441546420955724,0.14455026455026454,0.09608465608465608,0.09544973544973545,0.08253968253968254,0.0838095238095238,0.07724867724867725,0.06708994708994709,0.05671957671957672,0.05904761904761905,0.050793650793650794,0.04529100529100529,0.042116402116402114,0.035555555555555556,0.02455026455026455,0.017777777777777778,0.012275132275132276,0.0091005291005291,0.9260373137741492,0.023045791608825434,0.0,0.0,0.0,0.0,0.0,0.0,0.0,0.0,0.0,0.0,0.0,0.0,0.0,0.0,0.0,0.0,0.0,0.0,0.0,0.0,0.0,0.0,0.0,0.0,0.0,0.19047619047619052,3.7587301587301596,14.66666666666667,10.304761904761905,1.0793650793650795,4.230009871668312,2.829952094661601,nan,nan,nan,4.244722955145119,2.837299594080732,4.215364412344058,2.82254320538378,0.9930835196757718,0.4172,0.0109,0.0,0.0,0.0,0.0,0.0,0.0,0.0,0.0,0.0,0.0,0.0,1.7333333333333307,26.038095238095245,2.228571428571429,0.0,0.0,0.0,0.0,0.0,0.0,0.0,0.0,0.0,0.0,0.0,0.0,0.0,0.0,0.0,0.0,nan,nan,4.230009871668312,2.829952094661601,nan,0.4172,0.05502,0.0,0.0,0.0,0.0,0.0,0.0,0.0,0.0,0.0,0.0,0.0,0.0,0.0,0.0,0.0,0.0,0.0,0.0,0.0,0.0,0.0,2.1164021164021164e-05,0.00011640211640211641,0.0,0.0009417989417989418,0.008158730158730159,0.009523809523809525,0.000708994708994709,0.0023174603174603175,0.005544973544973545,0.004656084656084656,0.008476190476190476,0.01274074074074074,0.004952380952380952,0.012529100529100529,0.015608465608465608,0.052455026455026456,0.032084656084656084,0.08521693121693122,0.08371428571428571,0.07753439153439154,0.08475132275132276,0.09906878306878307,0.07266666666666667,0.07246560846560847,0.037026455026455025,0.020095238095238097,0.040751322751322754,0.03817989417989418,0.05627513227513228,0.011544973544973545,0.015259259259259259,0.003142857142857143,0.012253968253968253,0.002783068783068783,0.005142857142857143,0.005354497354497355,2.1164021164021164e-05,0.004497354497354497,0.0,0.00021164021164021165,0.0,0.00012698412698412698,0.0,0.0,0.0,0.0010793650793650793,0.0,0.0,0.0,0.0,0.0,0.0,0.0,0.0,0.0,0.0,0.0,0.0,0.0,0.0,0.0,0.0,0.0,0.0,0.0,0.0,0.0,0.0,0.0,0.0,0.0,0.0,0.0,0.0,0.0,0.0,0.0,0.0,0.0,0.0,nan,nan,4.230009871668312,2.829952094661601,nan,0.9264384323677408,0.02272878252294733,0.0,0.0,0.0,0.0,0.0,0.0,0.0,0.0,0.0,0.0,0.0,0.0,0.0,0.0,0.0,0.0,0.0,0.0,0.0,0.0,0.0,0.0,0.0,0.0,0.0,0.16049382716049387,3.641975308641976,14.567901234567904,10.567901234567904,1.0617283950617287,0.9256125999691699,0.023369259936942843,0.0,0.0,0.0,0.0,0.0,0.0,0.0,0.0,0.0,0.0,0.0,0.0,0.0,0.0,0.0,0.0,0.0,0.0,0.0,0.0,0.0,0.0,0.0,0.0,0.0,0.22222222222222227,3.8823529411764715,14.771241830065362,10.026143790849675,1.0980392156862746,0.4175,0.01083,0.0,0.0,0.0,0.0,0.0,0.0,0.0,0.0,0.0,0.0,0.0,1.6913580246913553,26.000000000000007,2.3086419753086425,0.0,0.0,0.0,0.0,0.0,0.0,0.0,0.0,0.0,0.0,0.0,0.0,0.0,0.0,0.0,0.0,0.4172,0.01097,0.0,0.0,0.0,0.0,0.0,0.0,0.0,0.0,0.0,0.0,0.0,1.7777777777777752,26.078431372549026,2.143790849673203,0.0,0.0,0.0,0.0,0.0,0.0,0.0,0.0,0.0,0.0,0.0,0.0,0.0,0.0,0.0,0.0
56700,4726,2484,0.5256030469741854,1172,981,0.4555649597968684,1326,0.5611510791366906,0.41,2.9179304192685103,3.0782900124981927,6.5403624382207575,2.23892519528641,8309.020564996941,433.2568753931041,7853.0,8739.975231552124,8720.614005706739,5.59384421525564,7853.0,0.0,27.63732543377063,20.632796943992123,32.41325633944263,18.959288678160956,0.1379602200592467,0.09712230215827339,0.0962759204401185,0.09373677528565383,0.08548455353364368,0.07511637748624629,0.06538298772746509,0.06749894202285231,0.051206093948370716,0.05438002539145154,0.04231908590774439,0.038298772746508676,0.03618281845112146,0.026449428692340245,0.016927634363097757,0.010156580617858655,0.005501481168006771,0.9257871824404571,0.02305542634484644,0.0,0.0,0.0,0.0,0.0,0.0,0.0,0.0,0.0,0.0,0.0,0.0,0.0,0.0,0.0,0.0,0.0,0.0,0.0,0.0,0.0,0.0,0.0,0.0,0.0,0.17139229792636484,3.681760473973763,15.171392297926367,9.807448159119765,1.1680067710537454,4.1720641151455675,2.9440033069261036,nan,nan,nan,4.103947368421053,2.9235406071133068,4.239427456083279,2.96256086537338,1.033012140629462,0.4165,0.01122,0.0,0.0,0.0,0.0,0.0,0.0,0.0,0.0,0.0,0.0,0.0,2.164621244181123,25.80406263224715,2.0313161235717314,0.0,0.0,0.0,0.0,0.0,0.0,0.0,0.0,0.0,0.0,0.0,0.0,0.0,0.0,0.0,0.0,nan,nan,4.1720641151455675,2.9440033069261036,nan,0.4165,0.055,0.0,0.0,0.0,0.0,0.0,0.0,0.0,0.0,0.0,0.0,0.0,0.0,0.0,0.0,0.0,0.0,0.0,0.0,0.0,0.0,0.0,3.17393144308083e-05,0.0001269572577232332,0.0,0.0008463817181548879,0.007384680490901396,0.010336436732966569,0.0008887008040626322,0.002391028353787558,0.006443080829454084,0.005765975454930174,0.00780787134997884,0.013457469318662717,0.004813796022005924,0.01407109606432501,0.01604951333051206,0.05225349132458739,0.03289250952179433,0.08136902242911553,0.08858442657638595,0.07925306813372832,0.08145366060093102,0.0970694033008887,0.0769360981802793,0.07517985611510791,0.03505078290308929,0.0167054591620821,0.04062632247143462,0.03537875581887431,0.05725772323317816,0.010103681760473973,0.01613415150232755,0.0027401608125264495,0.01217731696995345,0.002782479898434194,0.005099449851883199,0.00496191282268303,1.0579771476936098e-05,0.004263647905205247,2.1159542953872196e-05,0.0001269572577232332,0.0,8.463817181548878e-05,0.0,0.0,0.0,0.001068556919170546,0.0,0.0,0.0,0.0,0.0,0.0,0.0,0.0,0.0,0.0,0.0,0.0,0.0,0.0,0.0,0.0,0.0,0.0,0.0,0.0,0.0,0.0,0.0,0.0,0.0,0.0,0.0,0.0,0.0,0.0,0.0,0.0,0.0,0.0,nan,nan,4.1720641151455675,2.9440033069261036,nan,0.925465616123112,0.022646436688079634,0.0,0.0,0.0,0.0,0.0,0.0,0.0,0.0,0.0,0.0,0.0,0.0,0.0,0.0,0.0,0.0,0.0,0.0,0.0,0.0,0.0,0.0,0.0,0.0,0.0,0.1207729468599034,3.8285024154589378,15.169082125603868,9.818840579710146,1.06280193236715,0.9261434584138225,0.023495112940860187,0.0,0.0,0.0,0.0,0.0,0.0,0.0,0.0,0.0,0.0,0.0,0.0,0.0,0.0,0.0,0.0,0.0,0.0,0.0,0.0,0.0,0.0,0.0,0.0,0.0,0.22747546833184662,3.519179304192686,15.173951828724357,9.794826048171277,1.2845673505798396,0.4163,0.01119,0.0,0.0,0.0,0.0,0.0,0.0,0.0,0.0,0.0,0.0,0.0,2.1739130434782576,25.809178743961358,2.016908212560387,0.0,0.0,0.0,0.0,0.0,0.0,0.0,0.0,0.0,0.0,0.0,0.0,0.0,0.0,0.0,0.0,0.4165,0.011246,0.0,0.0,0.0,0.0,0.0,0.0,0.0,0.0,0.0,0.0,0.0,2.1543264942016025,25.798394290811782,2.0472792149866197,0.0,0.0,0.0,0.0,0.0,0.0,0.0,0.0,0.0,0.0,0.0,0.0,0.0,0.0,0.0,0.0
56800,4670,2385,0.5107066381156317,1093,963,0.44025695931477515,1281,0.5486081370449679,0.43,2.965864332603939,3.1370823263146534,6.649501661129568,2.0818168857222537,8296.18534550483,433.81378732649824,7853.0,8741.268858337402,8720.788496229581,5.685409066299896,7853.0,0.0,27.826980728051392,21.00387544758385,32.70239307535642,19.34607572621257,0.13640256959314775,0.1107066381156317,0.09336188436830835,0.0860813704496788,0.07815845824411134,0.07665952890792291,0.06359743040685224,0.06659528907922913,0.05738758029978587,0.048822269807280515,0.04475374732334047,0.04197002141327623,0.033832976445396144,0.02184154175588865,0.020985010706638114,0.010920770877944325,0.007922912205567453,0.9259873750761183,0.02334498223616224,0.0,0.0,0.0,0.0,0.0,0.0,0.0,0.0,0.0,0.0,0.0,0.0,0.0,0.0,0.0,0.0,0.0,0.0,0.0,0.0,0.0,0.0,0.0,0.0,0.0,0.1605995717344754,3.7837259100642404,14.543897216274093,10.31049250535332,1.201284796573876,4.388888888888889,2.914022370343047,nan,nan,nan,4.34741144414169,2.9045698471419574,4.4294274300932095,2.92266264374703,1.0188654759286793,0.417,0.01094,0.0,0.0,0.0,0.0,0.0,0.0,0.0,0.0,0.0,0.0,0.0,1.9785867237687338,26.06852248394005,1.9528907922912209,0.0,0.0,0.0,0.0,0.0,0.0,0.0,0.0,0.0,0.0,0.0,0.0,0.0,0.0,0.0,0.0,nan,nan,4.388888888888889,2.914022370343047,nan,0.417,0.05527,0.0,0.0,0.0,0.0,0.0,0.0,0.0,0.0,0.0,0.0,0.0,0.0,0.0,0.0,0.0,0.0,0.0,0.0,0.0,0.0,0.0,0.0,7.494646680942184e-05,5.3533190578158456e-05,0.0014453961456102784,0.007205567451820129,0.009850107066381156,0.0007601713062098501,0.002751605995717345,0.007044967880085653,0.004764453961456103,0.008051391862955032,0.012473233404710921,0.005385438972162741,0.015074946466809422,0.015738758029978588,0.04892933618843683,0.033629550321199145,0.08129550321199143,0.08792291220556746,0.07860813704496789,0.08120985010706638,0.09741970021413277,0.07467880085653104,0.0781049250535332,0.035406852248394,0.017194860813704495,0.042226980728051394,0.03380085653104925,0.05626338329764454,0.011070663811563169,0.016231263383297643,0.0038865096359743043,0.01170235546038544,0.0033190578158458243,0.005706638115631692,0.004796573875802998,5.3533190578158456e-05,0.004646680942184154,0.0,0.00019271948608137046,0.0,0.00016059957173447537,0.0,0.0,0.0,0.000867237687366167,0.0,0.0,0.0,0.0,0.0,0.0,0.0,0.0,0.0,0.0,0.0,0.0,0.0,0.0,0.0,0.0,0.0,0.0,0.0,0.0,0.0,0.0,0.0,0.0,0.0,0.0,0.0,0.0,0.0,0.0,0.0,0.0,0.0,0.0,nan,nan,4.388888888888889,2.914022370343047,nan,0.9253834875874549,0.02322431052217276,0.0,0.0,0.0,0.0,0.0,0.0,0.0,0.0,0.0,0.0,0.0,0.0,0.0,0.0,0.0,0.0,0.0,0.0,0.0,0.0,0.0,0.0,0.0,0.0,0.0,0.1886792452830189,3.8742138364779883,14.553459119496859,10.37735849056604,1.0062893081761008,0.9266176909012659,0.023453694555419555,0.0,0.0,0.0,0.0,0.0,0.0,0.0,0.0,0.0,0.0,0.0,0.0,0.0,0.0,0.0,0.0,0.0,0.0,0.0,0.0,0.0,0.0,0.0,0.0,0.0,0.1312910284463895,3.6892778993435456,14.53391684901532,10.240700218818382,1.404814004376368,0.4172,0.010994,0.0,0.0,0.0,0.0,0.0,0.0,0.0,0.0,0.0,0.0,0.0,1.886792452830186,25.899371069182397,2.213836477987422,0.0,0.0,0.0,0.0,0.0,0.0,0.0,0.0,0.0,0.0,0.0,0.0,0.0,0.0,0.0,0.0,0.4165,0.01087,0.0,0.0,0.0,0.0,0.0,0.0,0.0,0.0,0.0,0.0,0.0,2.0743982494529507,26.245076586433267,1.680525164113786,0.0,0.0,0.0,0.0,0.0,0.0,0.0,0.0,0.0,0.0,0.0,0.0,0.0,0.0,0.0,0.0
56900,4981,2553,0.5125476811885163,1218,1015,0.4483035535033126,1406,0.5645452720337282,0.40599999999999997,3.0510708401976934,3.0720123654641855,6.514005602240896,2.146706142086712,8297.666930944692,433.6628811349849,7853.0,8738.51348503828,8720.56207717803,5.588524505288816,7853.0,0.0,27.617948203172055,20.625911332974525,32.62031700288185,18.859819099357985,0.14053402931138326,0.09837382051796828,0.09837382051796828,0.08552499498092753,0.07950210801043966,0.076691427424212,0.0714715920497892,0.06524794218028508,0.05922505520979723,0.04918691025898414,0.046376229672756474,0.037341899217024695,0.03593655892391086,0.02328849628588637,0.018470186709496086,0.008030515960650473,0.0064244127685203775,0.9253542047622955,0.022904586525998142,0.0,0.0,0.0,0.0,0.0,0.0,0.0,0.0,0.0,0.0,0.0,0.0,0.0,0.0,0.0,0.0,0.0,0.0,0.0,0.0,0.0,0.0,0.0,0.0,0.0,0.14454928729170852,3.830556113230276,15.069263200160613,9.919694840393499,1.0359365589239111,4.329367564182843,2.852867989907628,nan,nan,nan,4.315985130111524,2.8481659551945127,4.340721975934136,2.8570204607602894,1.0057314483430513,0.417,0.01083,0.0,0.0,0.0,0.0,0.0,0.0,0.0,0.0,0.0,0.0,0.0,1.7466372214414752,26.157398112828755,2.0959646657297735,0.0,0.0,0.0,0.0,0.0,0.0,0.0,0.0,0.0,0.0,0.0,0.0,0.0,0.0,0.0,0.0,nan,nan,4.329367564182843,2.852867989907628,nan,0.417,0.05466,0.0,0.0,0.0,0.0,0.0,0.0,0.0,0.0,0.0,0.0,0.0,0.0,0.0,0.0,0.0,0.0,0.0,0.0,0.0,0.0,0.0,0.0,1.003814495081309e-05,0.0001003814495081309,0.0012648062638024493,0.007297731379241116,0.008191126279863481,0.0007628990162617948,0.0026902228468179083,0.0077293716121260795,0.0048484240112427225,0.007398112828749247,0.012427223449106605,0.004738004416783778,0.014625577193334672,0.01582011644248143,0.048544468982132105,0.03647861875125477,0.08094760088335676,0.08758281469584421,0.08031519775145553,0.07754466974503112,0.0986247741417386,0.07712306765709696,0.07996386267817707,0.03544468982132102,0.015358361774744027,0.04388676972495483,0.03353744228066653,0.05457739409757077,0.01045974703874724,0.01695442682192331,0.0037542662116040954,0.010801043967074885,0.003272435253965067,0.006344107608913872,0.004617546677374022,0.0,0.004707889981931339,0.0,0.0004015257980325236,0.0,0.00014053402931138326,0.0,0.0,0.0,0.0007127082915077294,0.0,0.0,0.0,0.0,0.0,0.0,0.0,0.0,0.0,0.0,0.0,0.0,0.0,0.0,0.0,0.0,0.0,0.0,0.0,0.0,0.0,0.0,0.0,0.0,0.0,0.0,0.0,0.0,0.0,0.0,0.0,0.0,0.0,0.0,nan,nan,4.329367564182843,2.852867989907628,nan,0.9247959364735282,0.023148969521374418,0.0,0.0,0.0,0.0,0.0,0.0,0.0,0.0,0.0,0.0,0.0,0.0,0.0,0.0,0.0,0.0,0.0,0.0,0.0,0.0,0.0,0.0,0.0,0.0,0.0,0.18801410105757937,3.9600470035252653,15.135135135135139,9.741480611045832,0.9753231492361929,0.9259412142109046,0.02262992855551149,0.0,0.0,0.0,0.0,0.0,0.0,0.0,0.0,0.0,0.0,0.0,0.0,0.0,0.0,0.0,0.0,0.0,0.0,0.0,0.0,0.0,0.0,0.0,0.0,0.0,0.09884678747940694,3.6943986820428343,15.000000000000004,10.107084019769358,1.0996705107084022,0.4167,0.01099,0.0,0.0,0.0,0.0,0.0,0.0,0.0,0.0,0.0,0.0,0.0,1.97414806110458,25.95769682726205,2.0681551116333727,0.0,0.0,0.0,0.0,0.0,0.0,0.0,0.0,0.0,0.0,0.0,0.0,0.0,0.0,0.0,0.0,0.4175,0.01065,0.0,0.0,0.0,0.0,0.0,0.0,0.0,0.0,0.0,0.0,0.0,1.5074135090609533,26.367380560131803,2.1252059308072493,0.0,0.0,0.0,0.0,0.0,0.0,0.0,0.0,0.0,0.0,0.0,0.0,0.0,0.0,0.0,0.0
57000,4983,2522,0.5061208107565723,1165,1027,0.4398956451936584,1414,0.5675296006421834,0.39399999999999996,2.9195449004469727,3.0547004094913546,6.495626822157434,2.11667228805595,8292.118735438495,433.7938646796759,7853.0,8738.552181357145,8720.61643881444,5.577982920381634,7853.0,0.0,27.781456953642383,20.83428016289942,32.682752030578115,19.129007889392575,0.14007625928155729,0.10154525386313466,0.09432069034718041,0.08488862131246237,0.0806742925948224,0.08007224563515954,0.06783062412201485,0.06341561308448726,0.05879991972707205,0.04896648605257877,0.04314669877583785,0.04174192253662452,0.03371462974111981,0.026490066225165563,0.01645595023078467,0.011238209913706602,0.006622516556291391,0.9247307904197728,0.022713848478822064,0.0,0.0,0.0,0.0,0.0,0.0,0.0,0.0,0.0,0.0,0.0,0.0,0.0,0.0,0.0,0.0,0.0,0.0,0.0,0.0,0.0,0.0,0.0,0.0,0.0,0.19265502709211324,4.015653220951235,15.063214930764602,9.879590608067431,0.8488862131246239,4.329877474081056,2.8572503502495032,nan,nan,nan,4.260951188986232,2.7800225274153147,4.400883838383838,2.931718602851314,1.0328407069668637,0.4172,0.01078,0.0,0.0,0.0,0.0,0.0,0.0,0.0,0.0,0.0,0.0,0.0,1.5773630343166745,26.375677302829626,2.046959662853703,0.0,0.0,0.0,0.0,0.0,0.0,0.0,0.0,0.0,0.0,0.0,0.0,0.0,0.0,0.0,0.0,nan,nan,4.329877474081056,2.8572503502495032,nan,0.4172,0.05453,0.0,0.0,0.0,0.0,0.0,0.0,0.0,0.0,0.0,0.0,0.0,0.0,0.0,0.0,0.0,0.0,0.0,0.0,0.0,0.0,0.0,5.0170579971904475e-05,0.0,1.0034115994380895e-05,0.0010335139474212322,0.007455348183825005,0.00796708809953843,0.0008027292795504716,0.002408187838651415,0.007766405779650813,0.004786273329319687,0.007485450531808148,0.011288380493678507,0.004435079269516356,0.01400762592815573,0.01457957053983544,0.05049167168372466,0.03717639975918122,0.0825105358217941,0.0899658840056191,0.08059401966686736,0.07297812562713225,0.09656833232992174,0.07953040337146297,0.08024282560706401,0.03577162351996789,0.017088099538430664,0.042323901264298615,0.033443708609271525,0.05356211117800522,0.012823600240818784,0.01613485851896448,0.0038029299618703594,0.009281557294802328,0.0037928958458759783,0.006973710616094722,0.005257876781055589,7.023881196066627e-05,0.0044250451535219745,0.0,0.0003612281757977122,2.006823198876179e-05,7.023881196066627e-05,0.0,0.0,0.0,0.0006522175396347582,0.0,1.0034115994380895e-05,0.0,0.0,0.0,0.0,0.0,0.0,0.0,0.0,0.0,0.0,0.0,0.0,0.0,0.0,0.0,0.0,0.0,0.0,0.0,0.0,0.0,0.0,0.0,0.0,0.0,0.0,0.0,0.0,0.0,0.0,0.0,0.0,nan,nan,4.329877474081056,2.8572503502495032,nan,0.9244478826575767,0.022675014936788713,0.0,0.0,0.0,0.0,0.0,0.0,0.0,0.0,0.0,0.0,0.0,0.0,0.0,0.0,0.0,0.0,0.0,0.0,0.0,0.0,0.0,0.0,0.0,0.0,0.0,0.17842981760507537,4.115781126090405,15.19032513877875,9.694686756542428,0.8207771609833467,0.9250207105239007,0.02274992610941682,0.0,0.0,0.0,0.0,0.0,0.0,0.0,0.0,0.0,0.0,0.0,0.0,0.0,0.0,0.0,0.0,0.0,0.0,0.0,0.0,0.0,0.0,0.0,0.0,0.0,0.20723283218203986,3.9130434782608705,14.932954083705814,10.06907761072735,0.8776919951239336,0.4175,0.01076,0.0,0.0,0.0,0.0,0.0,0.0,0.0,0.0,0.0,0.0,0.0,1.593973037272004,26.30055511498811,2.1054718477398895,0.0,0.0,0.0,0.0,0.0,0.0,0.0,0.0,0.0,0.0,0.0,0.0,0.0,0.0,0.0,0.0,0.4172,0.01081,0.0,0.0,0.0,0.0,0.0,0.0,0.0,0.0,0.0,0.0,0.0,1.5603413246647682,26.45266151970744,1.9869971556277939,0.0,0.0,0.0,0.0,0.0,0.0,0.0,0.0,0.0,0.0,0.0,0.0,0.0,0.0,0.0,0.0
57100,4731,2422,0.5119425068695836,1200,968,0.45825406890720777,1316,0.5563305854998943,0.418,2.9623213512343005,3.0788484709591497,6.4767616191904045,2.11242834928921,8297.268208949135,433.800200341452,7853.0,8743.650998973846,8720.808792955559,5.762054504935761,7853.0,0.0,28.09871063200169,20.89393503558798,32.992471769134255,19.125916870801948,0.13760304375396323,0.09723102938068062,0.0932149651236525,0.08941027266962587,0.07926442612555486,0.07736207989854153,0.06362291270344536,0.06489114352145424,0.061931938279433524,0.05601352779539209,0.04903825829634327,0.03656732191925597,0.029592052420207144,0.027689706193193827,0.018600718664130204,0.01120270555907842,0.006763897696047347,0.9245744871302,0.023287388326923134,0.0,0.0,0.0,0.0,0.0,0.0,0.0,0.0,0.0,0.0,0.0,0.0,0.0,0.0,0.0,0.0,0.0,0.0,0.0,0.0,0.0,0.0,0.0,0.0,0.0,0.16487000634115415,4.191502853519341,15.00951173113507,9.543436905516806,1.090678503487635,4.237569060773481,2.873982956792862,nan,nan,nan,4.2303698896820245,2.860732230789351,4.244299674267101,2.888073602758599,1.0032928053452372,0.418,0.010826,0.0,0.0,0.0,0.0,0.0,0.0,0.0,0.0,0.0,0.0,0.0,1.591629676601139,26.17628408370324,2.232086239695625,0.0,0.0,0.0,0.0,0.0,0.0,0.0,0.0,0.0,0.0,0.0,0.0,0.0,0.0,0.0,0.0,nan,nan,4.237569060773481,2.873982956792862,nan,0.418,0.0551,0.0,0.0,0.0,0.0,0.0,0.0,0.0,0.0,0.0,0.0,0.0,0.0,0.0,0.0,0.0,0.0,0.0,0.0,0.0,0.0,0.0,6.341154090044388e-05,2.113718030014796e-05,0.0,0.0012153878672585077,0.006911857958148383,0.008941027266962586,0.0009300359332065103,0.002092580849714648,0.007228915662650603,0.0051469034030860285,0.00796871697315578,0.011371803001479603,0.0040794757979285565,0.013179031917142254,0.014679771718452759,0.048309025575988165,0.037920101458465444,0.08344958782498414,0.08831113929401818,0.08109279222151765,0.06984781230183894,0.09353202282815472,0.08028957937011202,0.0824561403508772,0.03765588670471359,0.01696258719086874,0.04026632847178187,0.03406256605368844,0.05430141619108011,0.01332699217924329,0.016793489748467554,0.004269710420629888,0.01072711900232509,0.004565630944831959,0.007102092580849715,0.004671316846332699,0.00017966603255125765,0.004734728387233143,0.0,0.0003699006552525893,5.28429507503699e-05,8.454872120059185e-05,0.0,0.0,0.0,0.0008243500317057704,0.0,1.056859015007398e-05,0.0,0.0,0.0,0.0,0.0,0.0,0.0,0.0,0.0,0.0,0.0,0.0,0.0,0.0,0.0,0.0,0.0,0.0,0.0,0.0,0.0,0.0,0.0,0.0,0.0,0.0,0.0,0.0,0.0,0.0,0.0,0.0,nan,nan,4.237569060773481,2.873982956792862,nan,0.924539929869547,0.023551990926809527,0.0,0.0,0.0,0.0,0.0,0.0,0.0,0.0,0.0,0.0,0.0,0.0,0.0,0.0,0.0,0.0,0.0,0.0,0.0,0.0,0.0,0.0,0.0,0.0,0.0,0.19818331957060287,4.260941370767961,14.900908340214702,9.512799339388936,1.1271676300578037,0.9246107355863721,0.023006510525113554,0.0,0.0,0.0,0.0,0.0,0.0,0.0,0.0,0.0,0.0,0.0,0.0,0.0,0.0,0.0,0.0,0.0,0.0,0.0,0.0,0.0,0.0,0.0,0.0,0.0,0.129926375054136,4.118666089216112,15.123430056301432,9.575573841489824,1.0524036379385018,0.4182,0.01093,0.0,0.0,0.0,0.0,0.0,0.0,0.0,0.0,0.0,0.0,0.0,1.5359207266721695,26.110652353426925,2.3534269199009086,0.0,0.0,0.0,0.0,0.0,0.0,0.0,0.0,0.0,0.0,0.0,0.0,0.0,0.0,0.0,0.0,0.4177,0.01072,0.0,0.0,0.0,0.0,0.0,0.0,0.0,0.0,0.0,0.0,0.0,1.6500649631875246,26.245127760935475,2.1048072758770036,0.0,0.0,0.0,0.0,0.0,0.0,0.0,0.0,0.0,0.0,0.0,0.0,0.0,0.0,0.0,0.0
57200,4577,2338,0.5108149442866506,1084,934,0.44090015293860607,1277,0.5580074284465807,0.426,2.9575703439035284,3.106633193701871,6.487421383647798,2.2580740426709327,8296.137893138835,433.67303952358327,7853.0,8742.25930454731,8720.511606884706,5.637044991478712,7853.0,0.0,27.493991697618526,20.766837591160083,32.38713876594637,19.089774921383583,0.14245138737164081,0.1050906707450295,0.09656980554948656,0.08586410312431723,0.07974655888136334,0.07406598208433472,0.06423421455101595,0.0633602796591654,0.062267861044352196,0.05178064234214551,0.04741096788289272,0.03714223290364868,0.032335590998470616,0.023377758357002402,0.016823246668123223,0.01201660476294516,0.005462093074065982,0.9239356864324323,0.022966557758502492,0.0,0.0,0.0,0.0,0.0,0.0,0.0,0.0,0.0,0.0,0.0,0.0,0.0,0.0,0.0,0.0,0.0,0.0,0.0,0.0,0.0,0.0,0.0,0.0,0.0,0.1638627922219795,4.325977714660259,15.016386279222202,9.576141577452482,0.9176316364430852,4.276896551724138,2.857334909037074,nan,nan,nan,4.236950549450549,2.8948196508144437,4.319473319473319,2.8180837180260885,1.019476925458446,0.418,0.011024,0.0,0.0,0.0,0.0,0.0,0.0,0.0,0.0,0.0,0.0,0.0,1.599300852086517,25.877212147695005,2.523487000218484,0.0,0.0,0.0,0.0,0.0,0.0,0.0,0.0,0.0,0.0,0.0,0.0,0.0,0.0,0.0,0.0,nan,nan,4.276896551724138,2.857334909037074,nan,0.418,0.05475,0.0,0.0,0.0,0.0,0.0,0.0,0.0,0.0,0.0,0.0,0.0,0.0,0.0,0.0,0.0,0.0,0.0,0.0,0.0,0.0,0.0,0.00013109023377758358,0.0,2.1848372296263928e-05,0.0009831767533318768,0.005986454009176316,0.007909110771247542,0.0006554511688879179,0.00300415119073629,0.007854489840506882,0.00511251911732576,0.007199038671618964,0.01261743500109242,0.004478916320734105,0.015424950841162334,0.013775398732794406,0.04841599300852086,0.03869346733668342,0.08554730172602142,0.08514310683854052,0.08412715752676425,0.0675660913261962,0.09000436967445925,0.08104653703299104,0.08068603889010269,0.038048940353943635,0.017937513655232686,0.03948000873934892,0.03590779986890977,0.055145291675770154,0.014266987109460345,0.017161896438715317,0.004216735853178938,0.01023596242079965,0.004162114922438278,0.0069587065763600615,0.004183963294734542,0.00020755953681450732,0.004347826086956522,0.0,0.0008520865195542932,0.0,9.831767533318767e-05,0.0,1.0924186148131964e-05,0.0,0.00038234651518461875,0.0,1.0924186148131964e-05,0.0,0.0,0.0,0.0,0.0,0.0,0.0,0.0,0.0,0.0,0.0,0.0,0.0,0.0,0.0,0.0,0.0,0.0,0.0,0.0,0.0,0.0,0.0,0.0,0.0,0.0,0.0,0.0,0.0,0.0,0.0,0.0,nan,nan,4.276896551724138,2.857334909037074,nan,0.9237859115017286,0.02298531496314329,0.0,0.0,0.0,0.0,0.0,0.0,0.0,0.0,0.0,0.0,0.0,0.0,0.0,0.0,0.0,0.0,0.0,0.0,0.0,0.0,0.0,0.0,0.0,0.0,0.0,0.20530367835757063,4.195893926432849,15.295124037639011,9.366980325064159,0.9366980325064159,0.9240920838366241,0.022945911419088975,0.0,0.0,0.0,0.0,0.0,0.0,0.0,0.0,0.0,0.0,0.0,0.0,0.0,0.0,0.0,0.0,0.0,0.0,0.0,0.0,0.0,0.0,0.0,0.0,0.0,0.12058954890576153,4.461813309513176,14.725323805270213,9.794551138901296,0.897722197409558,0.4175,0.011,0.0,0.0,0.0,0.0,0.0,0.0,0.0,0.0,0.0,0.0,0.0,1.7450812660393473,25.85543199315655,2.3994867408041065,0.0,0.0,0.0,0.0,0.0,0.0,0.0,0.0,0.0,0.0,0.0,0.0,0.0,0.0,0.0,0.0,0.4182,0.01105,0.0,0.0,0.0,0.0,0.0,0.0,0.0,0.0,0.0,0.0,0.0,1.447074586869136,25.899955337204116,2.6529700759267536,0.0,0.0,0.0,0.0,0.0,0.0,0.0,0.0,0.0,0.0,0.0,0.0,0.0,0.0,0.0,0.0
57300,4619,2363,0.5115825936349859,1076,959,0.44057155228404415,1289,0.5581294652522191,0.418,2.943705673758865,3.105692170295452,6.609836065573771,2.1875733181554926,8296.954051394787,433.80560945962316,7853.0,8742.066918754577,8720.8052320747,5.740430543173583,7853.0,0.0,27.718770296600997,20.9737084390003,32.78117708063262,19.255990878624505,0.1400736090062784,0.10651656202641265,0.09201125784801906,0.08421736306559861,0.08161939813812513,0.07923793028794111,0.0688460705780472,0.05975319333189002,0.05455726347694306,0.05195929854946958,0.04849534531283828,0.040268456375838924,0.029660099588655554,0.02468066681099805,0.019917731110630006,0.01017536263260446,0.008010391859709894,0.9247433125366249,0.0231603492353998,0.0,0.0,0.0,0.0,0.0,0.0,0.0,0.0,0.0,0.0,0.0,0.0,0.0,0.0,0.0,0.0,0.0,0.0,0.0,0.0,0.0,0.0,0.0,0.0,0.0,0.12340333405499028,4.085299848452046,15.366962546005633,9.469582160640833,0.9547521108465038,4.314130803117587,2.8698056959430125,nan,nan,nan,4.2838926174496645,2.8725632711671034,4.344969199178645,2.8666621528243073,1.0142572625373931,0.4177,0.010956,0.0,0.0,0.0,0.0,0.0,0.0,0.0,0.0,0.0,0.0,0.0,1.5782636934401362,26.219961030526093,2.201775276033774,0.0,0.0,0.0,0.0,0.0,0.0,0.0,0.0,0.0,0.0,0.0,0.0,0.0,0.0,0.0,0.0,nan,nan,4.314130803117587,2.8698056959430125,nan,0.4177,0.0546,0.0,0.0,0.0,0.0,0.0,0.0,0.0,0.0,0.0,0.0,0.0,0.0,0.0,0.0,0.0,0.0,0.0,0.0,0.0,0.0,0.0,5.4124269322364146e-05,0.0,2.1649707728945658e-05,0.0006061918164104785,0.005618099155661398,0.00830266291405066,0.0006603160857328426,0.0026845637583892616,0.008367612037237498,0.004633037453994371,0.007469149166486252,0.01216713574366746,0.004654687161723316,0.015771812080536914,0.01503572201775276,0.048452045897380384,0.03789781337951938,0.08439056072743018,0.08707512448581944,0.09158908854730462,0.06800173197661831,0.08887205022732193,0.07820956917081619,0.07674821389911236,0.03750811864039835,0.016962546005628923,0.039857111928988956,0.03734574583243126,0.05639748863390344,0.013098073176012123,0.014321281662697553,0.004697986577181208,0.01002381467850184,0.005932019917731111,0.00665728512665079,0.0038861225373457457,0.00011907339250920113,0.004264992422602295,1.0824853864472829e-05,0.0011799090712275384,0.0,0.0001840225156960381,0.0,1.0824853864472829e-05,0.0,0.00025979649274734793,0.0,0.0,0.0,0.0,0.0,0.0,0.0,0.0,0.0,0.0,0.0,0.0,0.0,0.0,0.0,0.0,0.0,0.0,0.0,0.0,0.0,0.0,0.0,0.0,0.0,0.0,0.0,0.0,0.0,0.0,0.0,0.0,0.0,0.0,nan,nan,4.314130803117587,2.8698056959430125,nan,0.9247801241307656,0.023276627841596096,0.0,0.0,0.0,0.0,0.0,0.0,0.0,0.0,0.0,0.0,0.0,0.0,0.0,0.0,0.0,0.0,0.0,0.0,0.0,0.0,0.0,0.0,0.0,0.0,0.0,0.1269572577232332,4.164198053322049,15.272958104104955,9.458315700380874,0.9775708844688956,0.9247047550025138,0.023037863276758937,0.0,0.0,0.0,0.0,0.0,0.0,0.0,0.0,0.0,0.0,0.0,0.0,0.0,0.0,0.0,0.0,0.0,0.0,0.0,0.0,0.0,0.0,0.0,0.0,0.0,0.11968085106382981,4.002659574468086,15.465425531914898,9.481382978723406,0.9308510638297874,0.418,0.011116,0.0,0.0,0.0,0.0,0.0,0.0,0.0,0.0,0.0,0.0,0.0,1.574269995768089,26.06432501057978,2.3614049936521373,0.0,0.0,0.0,0.0,0.0,0.0,0.0,0.0,0.0,0.0,0.0,0.0,0.0,0.0,0.0,0.0,0.4172,0.010765,0.0,0.0,0.0,0.0,0.0,0.0,0.0,0.0,0.0,0.0,0.0,1.582446808510636,26.38297872340426,2.034574468085107,0.0,0.0,0.0,0.0,0.0,0.0,0.0,0.0,0.0,0.0,0.0,0.0,0.0,0.0,0.0,0.0
57400,4635,2425,0.52319309600863,1130,950,0.4487594390507012,1298,0.5600862998921251,0.40199999999999997,3.0647058823529414,3.1398581299782857,6.636507936507937,2.1922519832066567,8306.859524666523,433.2919422239494,7853.0,8739.14598699808,8720.479957455396,5.5875013813696155,7853.0,0.0,27.93398058252427,20.9798577983271,33.015741935483874,19.19353412458131,0.14498381877022654,0.0994606256742179,0.09039913700107875,0.08220064724919093,0.08651564185544768,0.07400215749730313,0.06623516720604099,0.05803667745415318,0.0651564185544768,0.05134843581445523,0.04487594390507012,0.040560949298813376,0.037756202804746494,0.02459546925566343,0.015318230852211435,0.011003236245954692,0.007551240560949299,0.923614853871293,0.02261243158522923,0.0,0.0,0.0,0.0,0.0,0.0,0.0,0.0,0.0,0.0,0.0,0.0,0.0,0.0,0.0,0.0,0.0,0.0,0.0,0.0,0.0,0.0,0.0,0.0,0.0,0.22653721682847902,4.174757281553399,15.624595469255667,9.223300970873789,0.7508090614886733,4.280853902601734,2.9256702996871375,nan,nan,nan,4.319813829787234,2.870795902581168,4.239785666443402,2.979518916675088,0.9814741638188205,0.4177,0.01117,0.0,0.0,0.0,0.0,0.0,0.0,0.0,0.0,0.0,0.0,0.0,1.741100323624593,25.734627831715216,2.5242718446601944,0.0,0.0,0.0,0.0,0.0,0.0,0.0,0.0,0.0,0.0,0.0,0.0,0.0,0.0,0.0,0.0,nan,nan,4.280853902601734,2.9256702996871375,nan,0.4177,0.05408,0.0,0.0,0.0,0.0,0.0,0.0,0.0,0.0,0.0,0.0,0.0,0.0,0.0,0.0,0.0,0.0,0.0,0.0,0.0,0.0,0.0,5.393743257820928e-05,0.0,6.472491909385113e-05,0.0007659115426105717,0.005825242718446602,0.007216828478964401,0.0005825242718446602,0.0030420711974110033,0.008457389428263214,0.0044336569579288025,0.006666666666666667,0.009870550161812298,0.004455231930960086,0.016785329018338728,0.014336569579288026,0.04882416396979504,0.03784250269687163,0.08593311758360302,0.0854368932038835,0.09050701186623517,0.0704638619201726,0.09132686084142395,0.07859762675296655,0.07729234088457389,0.0372168284789644,0.017713052858683926,0.04006472491909385,0.03713052858683927,0.05508090614886731,0.012891046386192017,0.013365695792880258,0.004304207119741101,0.010420711974110033,0.005976267529665588,0.007119741100323625,0.004228694714131607,0.00026968716289104636,0.004347357065803668,0.0,0.000970873786407767,0.0,1.0787486515641855e-05,0.0,0.0,0.0,0.00010787486515641856,0.0,0.0,0.0,0.0,0.0,0.0,0.0,0.0,0.0,0.0,0.0,0.0,0.0,0.0,0.0,0.0,0.0,0.0,0.0,0.0,0.0,0.0,0.0,0.0,0.0,0.0,0.0,0.0,0.0,0.0,0.0,0.0,0.0,0.0,nan,nan,4.280853902601734,2.9256702996871375,nan,0.9233102241250658,0.022635437088467585,0.0,0.0,0.0,0.0,0.0,0.0,0.0,0.0,0.0,0.0,0.0,0.0,0.0,0.0,0.0,0.0,0.0,0.0,0.0,0.0,0.0,0.0,0.0,0.0,0.0,0.21030927835051552,4.391752577319588,15.389690721649487,9.17938144329897,0.8288659793814435,0.9239491195430583,0.02258243305117777,0.0,0.0,0.0,0.0,0.0,0.0,0.0,0.0,0.0,0.0,0.0,0.0,0.0,0.0,0.0,0.0,0.0,0.0,0.0,0.0,0.0,0.0,0.0,0.0,0.0,0.24434389140271498,3.936651583710408,15.882352941176475,9.271493212669684,0.6651583710407241,0.418,0.01131,0.0,0.0,0.0,0.0,0.0,0.0,0.0,0.0,0.0,0.0,0.0,1.7319587628865953,25.65773195876289,2.6103092783505164,0.0,0.0,0.0,0.0,0.0,0.0,0.0,0.0,0.0,0.0,0.0,0.0,0.0,0.0,0.0,0.0,0.4177,0.01102,0.0,0.0,0.0,0.0,0.0,0.0,0.0,0.0,0.0,0.0,0.0,1.7511312217194546,25.819004524886886,2.4298642533936654,0.0,0.0,0.0,0.0,0.0,0.0,0.0,0.0,0.0,0.0,0.0,0.0,0.0,0.0,0.0,0.0
57500,4242,2123,0.5004714757190005,949,906,0.4372937293729373,1207,0.5690711928335691,0.434,2.9971684756960832,3.1135489971489263,6.624149659863946,2.1116525892944686,8287.060725882104,433.6705632650188,7853.0,8738.421899789571,8720.303626562356,5.729574581555921,7853.0,0.0,27.67868929750118,21.119811859323992,32.95680591077011,19.328625073421087,0.14945780292314945,0.10301744460160302,0.08816595945308817,0.08675153229608674,0.08062234794908062,0.07567185289957568,0.06435643564356436,0.06388495992456389,0.057755775577557754,0.04714757190004715,0.043611504007543614,0.04148986327204149,0.035124941065535126,0.027345591702027345,0.018623290900518622,0.008486562942008486,0.008486562942008486,0.9223795809845832,0.02320598077965443,0.0,0.0,0.0,0.0,0.0,0.0,0.0,0.0,0.0,0.0,0.0,0.0,0.0,0.0,0.0,0.0,0.0,0.0,0.0,0.0,0.0,0.0,0.0,0.0,0.0,0.23338048090523345,4.900990099009902,15.169731258840173,8.81895332390382,0.8769448373408771,4.3718185171523425,2.8564065286639244,nan,nan,nan,4.453717754172989,2.86794285045543,4.294328786791098,2.843277129761161,0.9642121534907441,0.419,0.011116,0.0,0.0,0.0,0.0,0.0,0.0,0.0,0.0,0.0,0.0,0.0,1.2305516265912289,25.827439886845834,2.942008486562943,0.0,0.0,0.0,0.0,0.0,0.0,0.0,0.0,0.0,0.0,0.0,0.0,0.0,0.0,0.0,0.0,nan,nan,4.3718185171523425,2.8564065286639244,nan,0.419,0.05417,0.0,0.0,0.0,0.0,0.0,0.0,0.0,0.0,0.0,0.0,0.0,0.0,0.0,0.0,0.0,0.0,0.0,0.0,0.0,0.0,0.0,0.0,1.1786892975011788e-05,0.00010608203677510608,0.00040075436115040073,0.005775577557755775,0.006718528995756719,0.0002593116454502593,0.002333804809052334,0.008486562942008486,0.0047265440829797264,0.007449316360207449,0.010396039603960397,0.004137199434229137,0.015381895332390382,0.012953795379537954,0.045167373880245165,0.03444130127298444,0.08778877887788779,0.08741159830268741,0.09256247053276756,0.07273691654879774,0.0902993870815653,0.07571900047147571,0.07896039603960396,0.03802451673738803,0.017715700141442716,0.04167845355964168,0.03765912305516266,0.05465582272512966,0.011445073078736444,0.012753418198962753,0.004985855728429986,0.011727958510136728,0.006058462989156059,0.00752003771805752,0.004172560113154172,0.00030645921735030646,0.004903347477604903,0.00023573785950023574,0.0018033946251768034,0.0,0.0,0.0,0.0,0.0,0.00012965582272512965,0.0,0.0,0.0,0.0,0.0,0.0,0.0,0.0,0.0,0.0,0.0,0.0,0.0,0.0,0.0,0.0,0.0,0.0,0.0,0.0,0.0,0.0,0.0,0.0,0.0,0.0,0.0,0.0,0.0,0.0,0.0,0.0,0.0,0.0,nan,nan,4.3718185171523425,2.8564065286639244,nan,0.9215754740259527,0.023359154427206832,0.0,0.0,0.0,0.0,0.0,0.0,0.0,0.0,0.0,0.0,0.0,0.0,0.0,0.0,0.0,0.0,0.0,0.0,0.0,0.0,0.0,0.0,0.0,0.0,0.0,0.28261893546867645,5.143664625529912,15.303815355628831,8.379651436646258,0.8902496467263309,0.9231852058421446,0.023023350937182628,0.0,0.0,0.0,0.0,0.0,0.0,0.0,0.0,0.0,0.0,0.0,0.0,0.0,0.0,0.0,0.0,0.0,0.0,0.0,0.0,0.0,0.0,0.0,0.0,0.0,0.18404907975460127,4.65785747994337,15.035394053798965,9.259084473808402,0.8636149126946675,0.419,0.011,0.0,0.0,0.0,0.0,0.0,0.0,0.0,0.0,0.0,0.0,0.0,1.0880829015544027,25.97268016957137,2.9392369288742355,0.0,0.0,0.0,0.0,0.0,0.0,0.0,0.0,0.0,0.0,0.0,0.0,0.0,0.0,0.0,0.0,0.419,0.01123,0.0,0.0,0.0,0.0,0.0,0.0,0.0,0.0,0.0,0.0,0.0,1.373289287399715,25.68192543652667,2.9447852760736204,0.0,0.0,0.0,0.0,0.0,0.0,0.0,0.0,0.0,0.0,0.0,0.0,0.0,0.0,0.0,0.0
57600,4310,2245,0.5208816705336426,997,865,0.4320185614849188,1218,0.5651972157772622,0.418,3.079903147699758,3.182717858816245,6.795341098169717,2.0870518160760843,8304.952631549444,433.4742784873976,7853.0,8739.855089449882,8720.668526493588,5.552240304348827,7853.0,0.0,28.198375870069604,21.178445181023932,33.2600996126176,19.381823780865783,0.14245939675174013,0.10185614849187935,0.09118329466357308,0.08375870069605569,0.07888631090487239,0.0728538283062645,0.0642691415313225,0.060556844547563805,0.06264501160092807,0.051508120649651976,0.04593967517401392,0.04640371229698376,0.03480278422273782,0.023897911832946636,0.02088167053364269,0.01160092807424594,0.0064965197215777265,0.9230207270231712,0.02264346597005083,0.0,0.0,0.0,0.0,0.0,0.0,0.0,0.0,0.0,0.0,0.0,0.0,0.0,0.0,0.0,0.0,0.0,0.0,0.0,0.0,0.0,0.0,0.0,0.0,0.0,0.16705336426914155,4.48955916473318,15.417633410672858,9.160092807424595,0.7656612529002322,4.390895953757226,2.8862747367889985,nan,nan,nan,4.465183058147883,2.9280142282987645,4.315636363636363,2.8413842744411255,0.9665082724349604,0.419,0.010895,0.0,0.0,0.0,0.0,0.0,0.0,0.0,0.0,0.0,0.0,0.0,1.2250580046403696,25.914153132250586,2.8607888631090495,0.0,0.0,0.0,0.0,0.0,0.0,0.0,0.0,0.0,0.0,0.0,0.0,0.0,0.0,0.0,0.0,nan,nan,4.390895953757226,2.8862747367889985,nan,0.419,0.05435,0.0,0.0,0.0,0.0,0.0,0.0,0.0,0.0,0.0,0.0,0.0,0.0,0.0,0.0,0.0,0.0,0.0,0.0,0.0,0.0,0.0,0.0,0.0001160092807424594,0.00022041763341067286,0.00017401392111368908,0.004721577726218097,0.0070533642691415314,0.00013921113689095127,0.001925754060324826,0.009408352668213457,0.0053596287703016245,0.007772621809744779,0.010452436194895592,0.005034802784222738,0.014605568445475638,0.01351508120649652,0.04230858468677494,0.03419953596287703,0.08751740139211137,0.08798143851508121,0.09350348027842227,0.07560324825986078,0.09051044083526683,0.07433874709976798,0.07737819025522041,0.036751740139211134,0.017447795823665894,0.039953596287703015,0.036844547563805105,0.05649651972157772,0.011705336426914154,0.014002320185614849,0.00580046403712297,0.011218097447795825,0.005974477958236659,0.008364269141531322,0.004106728538283063,0.0006728538283062645,0.004976798143851508,0.00019721577726218098,0.00154292343387471,0.0,0.0,0.0,0.0,0.0,0.00010440835266821346,0.0,0.0,0.0,0.0,0.0,0.0,0.0,0.0,0.0,0.0,0.0,0.0,0.0,0.0,0.0,0.0,0.0,0.0,0.0,0.0,0.0,0.0,0.0,0.0,0.0,0.0,0.0,0.0,0.0,0.0,0.0,0.0,0.0,0.0,nan,nan,4.390895953757226,2.8862747367889985,nan,0.922899683732498,0.022512020786941672,0.0,0.0,0.0,0.0,0.0,0.0,0.0,0.0,0.0,0.0,0.0,0.0,0.0,0.0,0.0,0.0,0.0,0.0,0.0,0.0,0.0,0.0,0.0,0.0,0.0,0.22717149220489982,4.182628062360803,15.942093541202675,8.899777282850781,0.7483296213808466,0.923152321302862,0.02278477900573036,0.0,0.0,0.0,0.0,0.0,0.0,0.0,0.0,0.0,0.0,0.0,0.0,0.0,0.0,0.0,0.0,0.0,0.0,0.0,0.0,0.0,0.0,0.0,0.0,0.0,0.10169491525423732,4.823244552058112,14.847457627118647,9.44309927360775,0.7845036319612593,0.4192,0.01078,0.0,0.0,0.0,0.0,0.0,0.0,0.0,0.0,0.0,0.0,0.0,1.122494432071268,25.97772828507796,2.8997772828507804,0.0,0.0,0.0,0.0,0.0,0.0,0.0,0.0,0.0,0.0,0.0,0.0,0.0,0.0,0.0,0.0,0.419,0.011024,0.0,0.0,0.0,0.0,0.0,0.0,0.0,0.0,0.0,0.0,0.0,1.3365617433414023,25.845036319612596,2.8184019370460054,0.0,0.0,0.0,0.0,0.0,0.0,0.0,0.0,0.0,0.0,0.0,0.0,0.0,0.0,0.0,0.0
57700,4457,2328,0.5223244334754319,1085,903,0.44603993717747364,1242,0.5573255553062598,0.40599999999999997,2.932832315641146,3.0339704225195843,6.390572390572391,2.2298054471862994,8306.203040540202,433.42000972086504,7853.0,8738.56618913412,8720.66578680742,5.726424045888098,7853.0,0.0,27.763742427641912,20.85080726285545,32.83987103707684,19.071942779393684,0.14314561364146286,0.09939421135292797,0.09131702939196769,0.0839129459277541,0.08458604442450078,0.07448956697330042,0.07112407448956698,0.06618801884675792,0.05811083688579762,0.052950415077406325,0.04262957146062374,0.03948844514247252,0.030738164684765538,0.02557774287637424,0.018173659412160648,0.01099394211352928,0.0071797172986313666,0.9227689736248373,0.022569531341636553,0.0,0.0,0.0,0.0,0.0,0.0,0.0,0.0,0.0,0.0,0.0,0.0,0.0,0.0,0.0,0.0,0.0,0.0,0.0,0.0,0.0,0.0,0.0,0.0,0.0,0.22885348889387486,4.388602198788424,15.663002019295494,8.92528606686112,0.7942562261610951,4.298947368421053,2.871474762734193,nan,nan,nan,4.268326417704011,2.8684733302139276,4.329294369208839,2.874900103805464,1.0142838071736846,0.4192,0.01126,0.0,0.0,0.0,0.0,0.0,0.0,0.0,0.0,0.0,0.0,0.0,1.3394660085259125,25.571011891406783,3.0895221000673105,0.0,0.0,0.0,0.0,0.0,0.0,0.0,0.0,0.0,0.0,0.0,0.0,0.0,0.0,0.0,0.0,nan,nan,4.298947368421053,2.871474762734193,nan,0.4192,0.0543,0.0,0.0,0.0,0.0,0.0,0.0,0.0,0.0,0.0,0.0,0.0,0.0,0.0,0.0,0.0,0.0,0.0,0.0,0.0,0.0,0.0,0.0,0.0001009647745120036,0.0002468027821404532,0.0001121830827911151,0.005328696432577967,0.006383217410814449,0.00029167601525689925,0.0015929997756338344,0.008828808615660759,0.0060017949293246576,0.007011442674444693,0.0106237379403186,0.005160421808391295,0.013327350235584474,0.01411263181512228,0.042696881310298404,0.03344177698003141,0.08994839578191609,0.0842158402512901,0.09543414853040162,0.0765986089297734,0.0913282477002468,0.07499439084586045,0.07517388377832623,0.03523670630468925,0.019284271931792687,0.042910029167601525,0.034070002243661655,0.05581108368857976,0.011016378730087503,0.014718420462194301,0.006237379403186,0.011061251963203948,0.0068095131254206865,0.007920125645052727,0.0039488445142472515,0.000504823872560018,0.005519407673322863,0.0001009647745120036,0.0017500560915413956,0.0,0.0,0.0,0.0,0.0,0.00014583800762844962,0.0,0.0,0.0,0.0,0.0,0.0,0.0,0.0,0.0,0.0,0.0,0.0,0.0,0.0,0.0,0.0,0.0,0.0,0.0,0.0,0.0,0.0,0.0,0.0,0.0,0.0,0.0,0.0,0.0,0.0,0.0,0.0,0.0,0.0,nan,nan,4.298947368421053,2.871474762734193,nan,0.9228203488942683,0.022574236230315774,0.0,0.0,0.0,0.0,0.0,0.0,0.0,0.0,0.0,0.0,0.0,0.0,0.0,0.0,0.0,0.0,0.0,0.0,0.0,0.0,0.0,0.0,0.0,0.0,0.0,0.23195876288659797,4.407216494845362,15.451030927835054,9.085051546391755,0.8247422680412373,0.9227127962517817,0.022564251674433346,0.0,0.0,0.0,0.0,0.0,0.0,0.0,0.0,0.0,0.0,0.0,0.0,0.0,0.0,0.0,0.0,0.0,0.0,0.0,0.0,0.0,0.0,0.0,0.0,0.0,0.22545796148426497,4.368248003757634,15.89478628464068,8.750587130108034,0.7609206200093943,0.4192,0.011345,0.0,0.0,0.0,0.0,0.0,0.0,0.0,0.0,0.0,0.0,0.0,1.4561855670103072,25.4639175257732,3.0798969072164954,0.0,0.0,0.0,0.0,0.0,0.0,0.0,0.0,0.0,0.0,0.0,0.0,0.0,0.0,0.0,0.0,0.4192,0.01118,0.0,0.0,0.0,0.0,0.0,0.0,0.0,0.0,0.0,0.0,0.0,1.211836542977922,25.688116486613442,3.1000469704086435,0.0,0.0,0.0,0.0,0.0,0.0,0.0,0.0,0.0,0.0,0.0,0.0,0.0,0.0,0.0,0.0
57800,4288,2261,0.527285447761194,1081,852,0.4507929104477612,1154,0.5382462686567164,0.422,2.884558460779477,3.103460731982805,6.465116279069767,2.2678706993214,8310.571013531773,433.26563709158376,7853.0,8744.47398557663,8720.786159232302,5.6028150042616955,7853.0,0.0,27.716184701492537,20.751233985862974,32.82354586129754,18.93734265178153,0.14295708955223882,0.09701492537313433,0.09351679104477612,0.08722014925373134,0.08348880597014925,0.07439365671641791,0.06576492537313433,0.0697294776119403,0.05853544776119403,0.04734141791044776,0.04710820895522388,0.03917910447761194,0.03474813432835821,0.026119402985074626,0.017257462686567165,0.010027985074626865,0.005597014925373134,0.9236150621923048,0.02281828085416701,0.0,0.0,0.0,0.0,0.0,0.0,0.0,0.0,0.0,0.0,0.0,0.0,0.0,0.0,0.0,0.0,0.0,0.0,0.0,0.0,0.0,0.0,0.0,0.0,0.0,0.17490671641791047,4.33768656716418,15.65065298507463,8.92723880597015,0.9095149253731345,4.039102099927589,2.916145036343943,nan,nan,nan,4.068413391557496,2.9557100809082293,4.010086455331412,2.876148910847103,0.985663468627077,0.4192,0.01141,0.0,0.0,0.0,0.0,0.0,0.0,0.0,0.0,0.0,0.0,0.0,1.3782649253731325,25.277518656716424,3.3442164179104488,0.0,0.0,0.0,0.0,0.0,0.0,0.0,0.0,0.0,0.0,0.0,0.0,0.0,0.0,0.0,0.0,nan,nan,4.039102099927589,2.916145036343943,nan,0.4192,0.0543,0.0,0.0,0.0,0.0,0.0,0.0,0.0,0.0,0.0,0.0,0.0,0.0,0.0,0.0,0.0,0.0,0.0,0.0,0.0,0.0,4.664179104477612e-05,1.166044776119403e-05,4.664179104477612e-05,0.0002332089552238806,1.166044776119403e-05,0.004500932835820895,0.00541044776119403,0.00015158582089552238,0.001515858208955224,0.008733675373134329,0.005923507462686567,0.00798740671641791,0.009748134328358209,0.006051772388059701,0.016639458955223882,0.015310167910447762,0.043353544776119406,0.036532182835820895,0.08907416044776119,0.08450326492537313,0.09416977611940298,0.0744286380597015,0.08829291044776119,0.07726212686567165,0.06822527985074626,0.0339902052238806,0.020883861940298506,0.044449626865671645,0.033931902985074626,0.05627332089552239,0.01122901119402985,0.016499533582089554,0.007171175373134328,0.011788712686567164,0.007252798507462687,0.0074743470149253735,0.003509794776119403,0.00016324626865671642,0.004850746268656716,0.00016324626865671642,0.002087220149253731,0.0,0.0,0.0,0.0,0.0,0.0001166044776119403,0.0,0.0,0.0,0.0,0.0,0.0,0.0,0.0,0.0,0.0,0.0,0.0,0.0,0.0,0.0,0.0,0.0,0.0,0.0,0.0,0.0,0.0,0.0,0.0,0.0,0.0,0.0,0.0,0.0,0.0,0.0,0.0,0.0,0.0,nan,nan,4.039102099927589,2.916145036343943,nan,0.9233852265050906,0.02273430275152922,0.0,0.0,0.0,0.0,0.0,0.0,0.0,0.0,0.0,0.0,0.0,0.0,0.0,0.0,0.0,0.0,0.0,0.0,0.0,0.0,0.0,0.0,0.0,0.0,0.0,0.1592215833701902,4.484741264927024,15.61698363555949,8.850066342326405,0.8889871738168954,0.9238714304650189,0.022908870023022453,0.0,0.0,0.0,0.0,0.0,0.0,0.0,0.0,0.0,0.0,0.0,0.0,0.0,0.0,0.0,0.0,0.0,0.0,0.0,0.0,0.0,0.0,0.0,0.0,0.0,0.1924025653675383,4.173655648741984,15.688209176122353,9.01332017760237,0.9324124321657624,0.4192,0.011215,0.0,0.0,0.0,0.0,0.0,0.0,0.0,0.0,0.0,0.0,0.0,1.4197257850508604,25.448916408668737,3.1313578062804077,0.0,0.0,0.0,0.0,0.0,0.0,0.0,0.0,0.0,0.0,0.0,0.0,0.0,0.0,0.0,0.0,0.4192,0.011635,0.0,0.0,0.0,0.0,0.0,0.0,0.0,0.0,0.0,0.0,0.0,1.332017760236801,25.0863344844598,3.581647755303405,0.0,0.0,0.0,0.0,0.0,0.0,0.0,0.0,0.0,0.0,0.0,0.0,0.0,0.0,0.0,0.0
57900,4447,2320,0.5217000224870699,1106,905,0.45221497638857655,1262,0.5675736451540364,0.40599999999999997,3.0324400564174896,3.129906520419838,6.5856,2.1035856626246527,8305.636344920042,433.420128101636,7853.0,8741.334791266918,8720.618028387684,5.744384017679267,7853.0,0.0,28.03800314818979,20.749269238464283,32.79308510638298,19.03318085504475,0.13492241960872497,0.09287159883067236,0.09916797841241286,0.09444569372610749,0.07847987407240836,0.07690577917697324,0.06723633910501461,0.05981560602653474,0.05914099392849112,0.05374409714414212,0.053294355745446366,0.04025185518326962,0.032156510006746124,0.022936811333483246,0.014166854058916123,0.014166854058916123,0.006296379581740499,0.9237423306479732,0.023251414800545094,0.0,0.0,0.0,0.0,0.0,0.0,0.0,0.0,0.0,0.0,0.0,0.0,0.0,0.0,0.0,0.0,0.0,0.0,0.0,0.0,0.0,0.0,0.0,0.0,0.0,0.24960647627614127,4.277040701596583,15.300202383629417,9.140993928491119,1.0321565100067462,4.272005522954781,2.953070963348292,nan,nan,nan,4.206680584551148,2.9263299549335655,4.3365318711446195,2.9787645560723113,1.03086787408351,0.4185,0.01105,0.0,0.0,0.0,0.0,0.0,0.0,0.0,0.0,0.0,0.0,0.0,1.6797841241286235,25.80391275016866,2.5163031257027213,0.0,0.0,0.0,0.0,0.0,0.0,0.0,0.0,0.0,0.0,0.0,0.0,0.0,0.0,0.0,0.0,nan,nan,4.272005522954781,2.953070963348292,nan,0.4185,0.05392,0.0,0.0,0.0,0.0,0.0,0.0,0.0,0.0,0.0,0.0,0.0,0.0,0.0,0.0,0.0,0.0,0.0,0.0,0.0,0.0,0.00010119181470654374,0.0,0.00016865302451090622,0.00022487069934787497,0.0,0.0036091747245333935,0.005408140319316393,0.00012367888464133122,0.0018102091297503935,0.008680008994827975,0.005351922644479424,0.008421407690577918,0.011176073757589387,0.006678659770631886,0.01719136496514504,0.015032606251405442,0.044591859680683604,0.03467506183944232,0.09331009669440073,0.08600179896559479,0.09272543287609625,0.08052619743647403,0.08764335507083428,0.07444344501911401,0.06650550933213402,0.0329210703845289,0.02082302675961322,0.04378232516303126,0.0325500337306049,0.05344052170002249,0.010760062963795818,0.01787722059815606,0.007533168428153812,0.012401619069035304,0.007184618844164606,0.0067798515853384304,0.0030694850460984933,6.746120980436249e-05,0.004340004497413987,0.00012367888464133122,0.0017989655947829998,0.0,0.0,0.0,0.0,0.0,0.00014616595457611872,0.0,0.0,0.0,0.0,0.0,0.0,0.0,0.0,0.0,0.0,0.0,0.0,0.0,0.0,0.0,0.0,0.0,0.0,0.0,0.0,0.0,0.0,0.0,0.0,0.0,0.0,0.0,0.0,0.0,0.0,0.0,0.0,0.0,0.0,nan,nan,4.272005522954781,2.953070963348292,nan,0.9235411573072959,0.023171429681792498,0.0,0.0,0.0,0.0,0.0,0.0,0.0,0.0,0.0,0.0,0.0,0.0,0.0,0.0,0.0,0.0,0.0,0.0,0.0,0.0,0.0,0.0,0.0,0.0,0.0,0.20689655172413798,4.435344827586207,15.168103448275865,9.219827586206899,0.9698275862068968,0.9239617580811519,0.02333636772692742,0.0,0.0,0.0,0.0,0.0,0.0,0.0,0.0,0.0,0.0,0.0,0.0,0.0,0.0,0.0,0.0,0.0,0.0,0.0,0.0,0.0,0.0,0.0,0.0,0.0,0.2961918194640339,4.1043723554301845,15.444287729196054,9.055007052186179,1.1001410437235546,0.4182,0.01119,0.0,0.0,0.0,0.0,0.0,0.0,0.0,0.0,0.0,0.0,0.0,1.8232758620689629,25.616379310344833,2.5603448275862073,0.0,0.0,0.0,0.0,0.0,0.0,0.0,0.0,0.0,0.0,0.0,0.0,0.0,0.0,0.0,0.0,0.4185,0.01087,0.0,0.0,0.0,0.0,0.0,0.0,0.0,0.0,0.0,0.0,0.0,1.5232722143864577,26.008462623413266,2.4682651622002827,0.0,0.0,0.0,0.0,0.0,0.0,0.0,0.0,0.0,0.0,0.0,0.0,0.0,0.0,0.0,0.0
58000,4385,2280,0.5199543899657925,1103,844,0.4440136830102623,1198,0.5464082098061573,0.434,3.0033254156769598,3.166404460526771,6.781196581196581,2.0837151085653542,8304.12780940479,433.48808833702947,7853.0,8738.279564404487,8720.629580807017,5.614613829406744,7853.0,0.0,27.64811858608894,20.73436296944676,32.65948745910578,18.967067394271275,0.14253135689851767,0.10262257696693272,0.09327251995438997,0.08164196123147092,0.08255416191562144,0.07981755986316989,0.06681870011402509,0.06431014823261118,0.05678449258836944,0.0540478905359179,0.046750285062713795,0.03899657924743444,0.03010262257696693,0.025541619156214366,0.018015963511972634,0.009350057012542759,0.0068415051311288486,0.9242916682834909,0.023330117999416478,0.0,0.0,0.0,0.0,0.0,0.0,0.0,0.0,0.0,0.0,0.0,0.0,0.0,0.0,0.0,0.0,0.0,0.0,0.0,0.0,0.0,0.0,0.0,0.0,0.0136830102622577,0.19840364880273664,4.118586088939567,15.140250855188144,9.475484606613456,1.0535917901938427,4.28805120910384,2.937632810509734,nan,nan,nan,4.282562277580071,2.966338166495456,4.295163584637269,2.9090660162736213,1.0029424690735187,0.4175,0.01105,0.0,0.0,0.0,0.0,0.0,0.0,0.0,0.0,0.0,0.0,0.0,1.7582668187001116,25.94982896237173,2.2919042189281646,0.0,0.0,0.0,0.0,0.0,0.0,0.0,0.0,0.0,0.0,0.0,0.0,0.0,0.0,0.0,0.0,nan,nan,4.28805120910384,2.937632810509734,nan,0.4175,0.05374,0.0,0.0,0.0,0.0,0.0,0.0,0.0,0.0,0.0,0.0,0.0,0.0,0.0,0.0,0.0,0.0,0.0,0.0,0.0,0.0,1.1402508551881415e-05,0.0,0.00013683010262257697,0.00017103762827822122,1.1402508551881415e-05,0.003249714937286203,0.006180159635119726,0.00011402508551881414,0.0019726339794754848,0.008722919042189282,0.005667046750285063,0.008677309007981755,0.01106043329532497,0.007286202964652224,0.018939566704675028,0.015290763968072977,0.043979475484606616,0.034800456100342075,0.0979703534777651,0.08530216647662486,0.09485746864310149,0.08184720638540478,0.08709236031927024,0.07131128848346636,0.06462941847206385,0.031071835803876853,0.019475484606613455,0.04383124287343215,0.03296465222348917,0.054298745724059294,0.01064994298745724,0.017194982896237172,0.008209806157354617,0.011197263397947549,0.006077537058152793,0.0059064994298745725,0.003990877993158495,0.0,0.003580387685290764,2.280501710376283e-05,0.0022234891676168756,0.0,0.0,0.0,0.0,0.0,2.280501710376283e-05,0.0,0.0,0.0,0.0,0.0,0.0,0.0,0.0,0.0,0.0,0.0,0.0,0.0,0.0,0.0,0.0,0.0,0.0,0.0,0.0,0.0,0.0,0.0,0.0,0.0,0.0,0.0,0.0,0.0,0.0,0.0,0.0,0.0,0.0,nan,nan,4.28805120910384,2.937632810509734,nan,0.9245347066668042,0.02297598633049425,0.0,0.0,0.0,0.0,0.0,0.0,0.0,0.0,0.0,0.0,0.0,0.0,0.0,0.0,0.0,0.0,0.0,0.0,0.0,0.0,0.0,0.0,0.0,0.0,0.013157894736842108,0.1447368421052632,3.9736842105263164,15.368421052631582,9.48684210526316,1.0131578947368423,0.9240284248089281,0.02370491258605215,0.0,0.0,0.0,0.0,0.0,0.0,0.0,0.0,0.0,0.0,0.0,0.0,0.0,0.0,0.0,0.0,0.0,0.0,0.0,0.0,0.0,0.0,0.0,0.0,0.01425178147268409,0.2565320665083136,4.275534441805227,14.893111638954872,9.463182897862234,1.097387173396675,0.4175,0.01107,0.0,0.0,0.0,0.0,0.0,0.0,0.0,0.0,0.0,0.0,0.0,1.6973684210526292,25.986842105263165,2.315789473684211,0.0,0.0,0.0,0.0,0.0,0.0,0.0,0.0,0.0,0.0,0.0,0.0,0.0,0.0,0.0,0.0,0.4175,0.011024,0.0,0.0,0.0,0.0,0.0,0.0,0.0,0.0,0.0,0.0,0.0,1.8242280285035604,25.909738717339675,2.26603325415677,0.0,0.0,0.0,0.0,0.0,0.0,0.0,0.0,0.0,0.0,0.0,0.0,0.0,0.0,0.0,0.0
58100,4642,2391,0.515079707022835,1159,936,0.4513140887548471,1306,0.5626884963377854,0.39399999999999996,2.896934695690804,3.017061571858868,6.358695652173913,2.1475615611491086,8299.945553822039,433.68210213777866,7853.0,8738.930932635069,8720.721146316142,5.640174369544394,7853.0,0.0,28.4398965962947,20.98402036181586,33.184404368808735,19.24512758717504,0.13140887548470487,0.0965101249461439,0.09284791038345541,0.08853942266264542,0.08767772511848342,0.07238259370960792,0.06828953037483843,0.06398104265402843,0.05881085738905644,0.053640672124084444,0.046962516156828955,0.04028436018957346,0.034467901766479965,0.022619560534252476,0.02068074105988798,0.013571736320551486,0.007324429125376993,0.9241820585619833,0.02297215643826482,0.0,0.0,0.0,0.0,0.0,0.0,0.0,0.0,0.0,0.0,0.0,0.0,0.0,0.0,0.0,0.0,0.0,0.0,0.0,0.0,0.0,0.0,0.0,0.0,0.0,0.20680741059887983,4.1684618698836715,15.090478242137014,9.577768203360622,0.9564842740198193,4.182296808160579,2.846113921043238,nan,nan,nan,4.113948919449902,2.8228848782811937,4.251322751322752,2.8677297487219047,1.0333922065058647,0.4175,0.01136,0.0,0.0,0.0,0.0,0.0,0.0,0.0,0.0,0.0,0.0,0.0,1.9646704006893554,25.592417061611382,2.442912537699268,0.0,0.0,0.0,0.0,0.0,0.0,0.0,0.0,0.0,0.0,0.0,0.0,0.0,0.0,0.0,0.0,nan,nan,4.182296808160579,2.846113921043238,nan,0.4175,0.0543,0.0,0.0,0.0,0.0,0.0,0.0,0.0,0.0,0.0,0.0,0.0,0.0,0.0,0.0,0.0,0.0,0.0,0.0,0.0,0.0,9.694097371822491e-05,0.0,0.00025850926324859976,0.00016156828953037484,3.231365790607497e-05,0.003382162860835847,0.006516587677725118,0.00016156828953037484,0.0018741921585523481,0.008261525204653166,0.006559672554933218,0.010738905644118914,0.009360189573459715,0.007399827660491167,0.018494183541576906,0.01444420508401551,0.04178155967255493,0.03733304610081861,0.10247738043946575,0.08188280913399397,0.09350495476087893,0.0787483843171047,0.08671908660060319,0.0738797931925894,0.06422878069797501,0.03229211546747092,0.019140456699698407,0.04302024989228781,0.03510340370529944,0.052638948728996125,0.010771219302024989,0.016749246014648857,0.0075398535114174926,0.010738905644118914,0.006150366221456269,0.006311934510986644,0.0050624730719517445,1.077121930202499e-05,0.0035975872468763464,0.0,0.002380439465747523,0.0,0.0,0.0,0.0,0.0,0.00019388194743644982,0.0,0.0,0.0,0.0,0.0,0.0,0.0,0.0,0.0,0.0,0.0,0.0,0.0,0.0,0.0,0.0,0.0,0.0,0.0,0.0,0.0,0.0,0.0,0.0,0.0,0.0,0.0,0.0,0.0,0.0,0.0,0.0,0.0,0.0,nan,nan,4.182296808160579,2.846113921043238,nan,0.9247923706775427,0.023122282824637335,0.0,0.0,0.0,0.0,0.0,0.0,0.0,0.0,0.0,0.0,0.0,0.0,0.0,0.0,0.0,0.0,0.0,0.0,0.0,0.0,0.0,0.0,0.0,0.0,0.0,0.23839397741530746,3.864491844416563,15.181932245922212,9.661229611041406,1.0539523212045172,0.9235337883406138,0.02279372045988049,0.0,0.0,0.0,0.0,0.0,0.0,0.0,0.0,0.0,0.0,0.0,0.0,0.0,0.0,0.0,0.0,0.0,0.0,0.0,0.0,0.0,0.0,0.0,0.0,0.0,0.17325633051976905,4.491337183474013,14.993336294980011,9.489115948467349,0.852954242558863,0.4175,0.01116,0.0,0.0,0.0,0.0,0.0,0.0,0.0,0.0,0.0,0.0,0.0,1.6687578419071494,25.95984943538269,2.3713927227101634,0.0,0.0,0.0,0.0,0.0,0.0,0.0,0.0,0.0,0.0,0.0,0.0,0.0,0.0,0.0,0.0,0.4172,0.01156,0.0,0.0,0.0,0.0,0.0,0.0,0.0,0.0,0.0,0.0,0.0,2.278987116836958,25.202132385606404,2.518880497556642,0.0,0.0,0.0,0.0,0.0,0.0,0.0,0.0,0.0,0.0,0.0,0.0,0.0,0.0,0.0,0.0
58200,4638,2411,0.5198361362656317,1170,961,0.45946528676153514,1301,0.5610176800344976,0.39399999999999996,2.9295015716210147,3.094088962045075,6.5103668261563,2.290916330332408,8304.172310192962,433.6345847635256,7853.0,8739.09428628683,8720.912556895459,5.767731705741003,7853.0,0.0,27.754204398447605,20.596462606173446,32.48825331971399,18.91724666980013,0.13389391979301424,0.10564898663216904,0.09228115567054765,0.08430357912893488,0.08365674859853385,0.07611039241052178,0.07072013799051315,0.06813281586890901,0.06080206985769728,0.0513152220784821,0.04678740836567486,0.04053471323846486,0.02565761103924105,0.027598102630444158,0.015092712376024149,0.009486847779215178,0.007977576541612763,0.9237745847744179,0.023122534739623363,0.0,0.0,0.0,0.0,0.0,0.0,0.0,0.0,0.0,0.0,0.0,0.0,0.0,0.0,0.0,0.0,0.0,0.0,0.0,0.0,0.0,0.0,0.0,0.0,0.0,0.18758085381630019,4.340232858990945,15.32341526520052,9.120310478654593,1.0284605433376457,4.199003322259136,2.9365265834662972,nan,nan,nan,4.24867374005305,2.969757752032317,4.149134487350199,2.9019248255192767,0.976571688297815,0.4187,0.01102,0.0,0.0,0.0,0.0,0.0,0.0,0.0,0.0,0.0,0.0,0.0,1.3001293661060782,25.808538163001298,2.891332470892627,0.0,0.0,0.0,0.0,0.0,0.0,0.0,0.0,0.0,0.0,0.0,0.0,0.0,0.0,0.0,0.0,nan,nan,4.199003322259136,2.9365265834662972,nan,0.4187,0.0538,0.0,0.0,0.0,0.0,0.0,0.0,0.0,0.0,0.0,0.0,0.0,0.0,0.0,0.0,0.0,0.0,0.0,0.0,0.0,0.0,0.00011858559724018973,0.0,0.00022639068564036223,0.000172488141440276,0.00014014661492022423,0.00278137128072445,0.005573523070288917,0.00037731780940060373,0.0017248814144027599,0.008128503665373005,0.006188012074169901,0.009626994394135403,0.007438551099611902,0.006500646830530401,0.017658473479948252,0.01461836998706339,0.04000646830530401,0.038432514014661495,0.09759594652867615,0.0824385510996119,0.0958171625700733,0.08140362225097024,0.08690168175937904,0.0740620957309185,0.06307675722294093,0.03305304010349289,0.01952350150927124,0.043661060802069857,0.03667529107373868,0.05577835273824924,0.011297973264338077,0.01838076757222941,0.005843035791289349,0.010748167313497196,0.006727037516170763,0.005961621388529539,0.004894351013367831,0.0,0.0033527382492453644,2.15610176800345e-05,0.0026951272100043124,1.078050884001725e-05,0.0,0.0,0.0,0.0,0.00036653730056058646,0.0,0.0,0.0,0.0,0.0,0.0,0.0,0.0,0.0,0.0,0.0,0.0,0.0,0.0,0.0,0.0,0.0,0.0,0.0,0.0,0.0,0.0,0.0,0.0,0.0,0.0,0.0,0.0,0.0,0.0,0.0,0.0,0.0,0.0,nan,nan,4.199003322259136,2.9365265834662972,nan,0.9243046988693326,0.02357929523482391,0.0,0.0,0.0,0.0,0.0,0.0,0.0,0.0,0.0,0.0,0.0,0.0,0.0,0.0,0.0,0.0,0.0,0.0,0.0,0.0,0.0,0.0,0.0,0.0,0.0,0.21153048527581922,4.143508917461635,15.130651182082127,9.394442140190794,1.119867274989631,0.9232006714008932,0.02260362764125266,0.0,0.0,0.0,0.0,0.0,0.0,0.0,0.0,0.0,0.0,0.0,0.0,0.0,0.0,0.0,0.0,0.0,0.0,0.0,0.0,0.0,0.0,0.0,0.0,0.0,0.16165244723843739,4.553210597215987,15.53210597215986,8.823529411764708,0.929501571621015,0.419,0.01086,0.0,0.0,0.0,0.0,0.0,0.0,0.0,0.0,0.0,0.0,0.0,1.1571961841559502,26.018249688925764,2.824554126918292,0.0,0.0,0.0,0.0,0.0,0.0,0.0,0.0,0.0,0.0,0.0,0.0,0.0,0.0,0.0,0.0,0.4185,0.011185,0.0,0.0,0.0,0.0,0.0,0.0,0.0,0.0,0.0,0.0,0.0,1.4548720251459342,25.58149977548272,2.9636281993713522,0.0,0.0,0.0,0.0,0.0,0.0,0.0,0.0,0.0,0.0,0.0,0.0,0.0,0.0,0.0,0.0
58300,4492,2281,0.5077916295636687,1029,957,0.4421193232413179,1287,0.5730186999109528,0.422,2.928991406603347,3.124135458942832,6.699658703071672,2.248678008195103,8293.673052877592,433.87700387720156,7853.0,8740.30984711051,8720.82260128283,5.606083439468231,7853.0,0.0,27.619323241317897,20.84713605374876,32.69725260069352,19.08430134785987,0.14447907390917186,0.09594835262689225,0.09772929652715939,0.09060552092609082,0.08147818343722173,0.0732413178984862,0.06500445235975066,0.06500445235975066,0.057435440783615316,0.05097951914514693,0.04786286731967943,0.039180765805877114,0.032056990204808546,0.023597506678539625,0.01647373107747106,0.011130899376669634,0.007791629563668744,0.9232512355806142,0.022882657084230373,0.0,0.0,0.0,0.0,0.0,0.0,0.0,0.0,0.0,0.0,0.0,0.0,0.0,0.0,0.0,0.0,0.0,0.0,0.0,0.0,0.0,0.0,0.0,0.0,0.0,0.18032056990204814,4.341050756901159,15.427426536064118,9.156277827248443,0.8949243098842389,4.370073247296826,2.9090595105039223,nan,nan,nan,4.319453924914676,2.847248304941655,4.422967189728959,2.9713540164026644,1.0239644331467959,0.4192,0.01084,0.0,0.0,0.0,0.0,0.0,0.0,0.0,0.0,0.0,0.0,0.0,1.1620658949243083,25.92609082813892,2.9118432769367772,0.0,0.0,0.0,0.0,0.0,0.0,0.0,0.0,0.0,0.0,0.0,0.0,0.0,0.0,0.0,0.0,nan,nan,4.370073247296826,2.9090595105039223,nan,0.4192,0.05365,0.0,0.0,0.0,0.0,0.0,0.0,0.0,0.0,0.0,0.0,0.0,0.0,0.0,0.0,0.0,0.0,0.0,0.0,0.0,0.0,0.00020035618878005342,0.0,0.0002671415850400712,0.0001558325912733749,0.00010017809439002671,0.0021371326803205698,0.005687889581478183,0.0005120213713268032,0.00182546749777382,0.007535618878005343,0.0048196794300979515,0.01064113980409617,0.007813891362422084,0.005977292965271594,0.01802092609082814,0.015917186108637578,0.04142920747996438,0.03656500445235975,0.0933659839715049,0.08223508459483526,0.09395592163846839,0.08242430988423864,0.08595280498664291,0.07462154942119323,0.06416963490650045,0.034349955476402495,0.021727515583259128,0.042764915405164736,0.036119768477292966,0.05596616206589492,0.013646482635796972,0.01884461264470169,0.006556099732858415,0.009928762243989314,0.007246215494211932,0.005465271593944791,0.005242653606411398,0.0,0.003027604630454141,0.00011130899376669635,0.0024821905609973285,0.0,1.1130899376669635e-05,0.0,0.0,0.0,0.00017809439002671417,0.0,0.0,0.0,0.0,0.0,0.0,0.0,0.0,0.0,0.0,0.0,0.0,0.0,0.0,0.0,0.0,0.0,0.0,0.0,0.0,0.0,0.0,0.0,0.0,0.0,0.0,0.0,0.0,0.0,0.0,0.0,0.0,0.0,0.0,nan,nan,4.370073247296826,2.9090595105039223,nan,0.9234370991933873,0.0226874040772574,0.0,0.0,0.0,0.0,0.0,0.0,0.0,0.0,0.0,0.0,0.0,0.0,0.0,0.0,0.0,0.0,0.0,0.0,0.0,0.0,0.0,0.0,0.0,0.0,0.0,0.22358614642700575,4.1429197720298125,15.282770714598863,9.535291538798774,0.8154318281455504,0.923059487547717,0.023080792453457108,0.0,0.0,0.0,0.0,0.0,0.0,0.0,0.0,0.0,0.0,0.0,0.0,0.0,0.0,0.0,0.0,0.0,0.0,0.0,0.0,0.0,0.0,0.0,0.0,0.0,0.135685210312076,4.545454545454546,15.576662143826326,8.76526458616011,0.9769335142469473,0.4194,0.01073,0.0,0.0,0.0,0.0,0.0,0.0,0.0,0.0,0.0,0.0,0.0,1.1047786058746147,26.06751424813679,2.8277071459886023,0.0,0.0,0.0,0.0,0.0,0.0,0.0,0.0,0.0,0.0,0.0,0.0,0.0,0.0,0.0,0.0,0.419,0.010956,0.0,0.0,0.0,0.0,0.0,0.0,0.0,0.0,0.0,0.0,0.0,1.221166892808682,25.780189959294443,2.99864314789688,0.0,0.0,0.0,0.0,0.0,0.0,0.0,0.0,0.0,0.0,0.0,0.0,0.0,0.0,0.0,0.0
58400,4807,2421,0.5036405242354899,1129,985,0.4397753276471812,1386,0.5766590389016019,0.41,3.0129924559932943,3.101158237096354,6.563300142247511,2.1497735974182146,8290.146874073149,433.9947991417918,7853.0,8742.088267081976,8720.973987471963,5.768647515420063,7853.0,0.0,28.020594965675055,20.959801645566923,32.981426448737,19.197776765420834,0.14021219055543999,0.09735801955481589,0.0975660495111296,0.08487622217599335,0.07717911379238611,0.07655502392344497,0.07197836488454337,0.059704597462034534,0.06012065737466195,0.05263157894736842,0.04514250052007489,0.03744539213646765,0.03640524235489911,0.025795714582899937,0.019346785937174954,0.01040149781568546,0.007281048470979821,0.9237490989498768,0.022971530680141766,0.0,0.0,0.0,0.0,0.0,0.0,0.0,0.0,0.0,0.0,0.0,0.0,0.0,0.0,0.0,0.0,0.0,0.0,0.0,0.0,0.0,0.0,0.0,0.0,0.0,0.2121905554399834,4.412315373413772,15.296442687747039,9.186602870813399,0.8924485125858126,4.380090497737557,2.881690723663057,nan,nan,nan,4.380736910148675,2.9147271063804014,4.379444085326439,2.8482710393016926,0.9997048841670355,0.42,0.01124,0.0,0.0,0.0,0.0,0.0,0.0,0.0,0.0,0.0,0.0,0.0,1.0671936758893266,25.33180778032037,3.6009985437903067,0.0,0.0,0.0,0.0,0.0,0.0,0.0,0.0,0.0,0.0,0.0,0.0,0.0,0.0,0.0,0.0,nan,nan,4.380090497737557,2.881690723663057,nan,0.42,0.05396,0.0,0.0,0.0,0.0,0.0,0.0,0.0,0.0,0.0,0.0,0.0,0.0,0.0,0.0,0.0,0.0,0.0,0.0,0.0,0.0,0.00013521947160391096,2.080299563137092e-05,0.0004784688995215311,8.321198252548368e-05,0.00014562096941959641,0.0024755564801331393,0.006064073226544622,0.0003744539213646765,0.0020282920740586643,0.007468275431662159,0.004618265030164344,0.009496567505720824,0.007593093405450385,0.006355315165383815,0.018088204701477012,0.014832535885167464,0.039452881214894944,0.037601414603702935,0.09389432078219263,0.08413771583107968,0.09001456209694196,0.08399209486166008,0.08218223424173081,0.07097982109423757,0.06547742874973997,0.034543374245891406,0.02462034532972748,0.04322862492198876,0.03650925733305596,0.057104223008113165,0.016163927605575203,0.019461202413147492,0.006989806532140628,0.008622841689203246,0.007541085916371958,0.006656958602038693,0.005471187851050551,1.040149781568546e-05,0.002600374453921365,0.00011441647597254005,0.0022987310172664865,0.0,0.0,0.0,0.0,0.0,7.281048470979821e-05,0.0,0.0,0.0,0.0,0.0,0.0,0.0,0.0,0.0,0.0,0.0,0.0,0.0,0.0,0.0,0.0,0.0,0.0,0.0,0.0,0.0,0.0,0.0,0.0,0.0,0.0,0.0,0.0,0.0,0.0,0.0,0.0,0.0,0.0,nan,nan,4.380090497737557,2.881690723663057,nan,0.9236518136729194,0.02329338212318152,0.0,0.0,0.0,0.0,0.0,0.0,0.0,0.0,0.0,0.0,0.0,0.0,0.0,0.0,0.0,0.0,0.0,0.0,0.0,0.0,0.0,0.0,0.0,0.0,0.0,0.22304832713754652,4.275092936802975,15.452292441140028,9.095415117719952,0.9541511771995045,0.9238478112950209,0.022639854664153997,0.0,0.0,0.0,0.0,0.0,0.0,0.0,0.0,0.0,0.0,0.0,0.0,0.0,0.0,0.0,0.0,0.0,0.0,0.0,0.0,0.0,0.0,0.0,0.0,0.0,0.20117351215423307,4.551550712489523,15.138306789606037,9.279128248114,0.8298407376362115,0.4197,0.01113,0.0,0.0,0.0,0.0,0.0,0.0,0.0,0.0,0.0,0.0,0.0,1.028500619578685,25.427509293680302,3.543990086741017,0.0,0.0,0.0,0.0,0.0,0.0,0.0,0.0,0.0,0.0,0.0,0.0,0.0,0.0,0.0,0.0,0.42,0.01136,0.0,0.0,0.0,0.0,0.0,0.0,0.0,0.0,0.0,0.0,0.0,1.10645431684828,25.23470243084661,3.6588432523051138,0.0,0.0,0.0,0.0,0.0,0.0,0.0,0.0,0.0,0.0,0.0,0.0,0.0,0.0,0.0,0.0
58500,4668,2432,0.5209940017137961,1179,926,0.450942587832048,1286,0.5509854327335048,0.422,2.9619856887298748,3.140690931550456,6.656597774244833,2.2113398736835053,8305.128182788369,433.54661804182194,7853.0,8740.462968879938,8720.818403477015,5.780059215881487,7853.0,0.0,27.830548414738647,20.748333698986592,32.66709053916582,19.02913933481883,0.13624678663239073,0.1049700085689803,0.09254498714652956,0.08718937446443874,0.0773350471293916,0.08119108826049701,0.07112253641816624,0.060411311053984576,0.055698371893744644,0.055055698371893745,0.04498714652956298,0.04155955441302485,0.03427592116538132,0.02506426735218509,0.014138817480719794,0.011568123393316195,0.006640959725792631,0.9228853891701808,0.02298418713116595,0.0,0.0,0.0,0.0,0.0,0.0,0.0,0.0,0.0,0.0,0.0,0.0,0.0,0.0,0.0,0.0,0.0,0.0,0.0,0.0,0.0,0.0,0.0,0.0,0.0,0.19922879177377897,4.717223650385605,15.263496143958871,8.933161953727508,0.8868894601542419,4.184254052265961,2.9295606611762963,nan,nan,nan,4.193377483443709,2.896393484166498,4.175148711169861,2.9622638303089914,0.9956529617603426,0.4202,0.011406,0.0,0.0,0.0,0.0,0.0,0.0,0.0,0.0,0.0,0.0,0.0,1.1503856041131089,25.115681233933167,3.733933161953728,0.0,0.0,0.0,0.0,0.0,0.0,0.0,0.0,0.0,0.0,0.0,0.0,0.0,0.0,0.0,0.0,nan,nan,4.184254052265961,2.9295606611762963,nan,0.4202,0.0541,0.0,0.0,0.0,0.0,0.0,0.0,0.0,0.0,0.0,0.0,0.0,0.0,0.0,0.0,0.0,0.0,0.0,0.0,0.0,0.0,0.00011782347900599829,2.1422450728363323e-05,0.000985432733504713,0.00017137960582690659,0.0002784918594687232,0.0018316195372750643,0.0055805484147386465,0.0005462724935732648,0.002634961439588689,0.007358611825192802,0.0037275064267352186,0.009597257926306769,0.007529991431019708,0.00592330762639246,0.01733076263924593,0.01429948586118252,0.0375,0.042052270779777204,0.09109897172236504,0.08775706940874035,0.08895672664952871,0.08255141388174807,0.08296915167095116,0.0712082262210797,0.06494215938303342,0.031705227077977724,0.02537489288774636,0.04471936589545844,0.037007283633247644,0.05503427592116538,0.015338474721508141,0.02171165381319623,0.0071658097686375325,0.00991859468723222,0.00831191088260497,0.006008997429305912,0.004948586118251928,0.0,0.002913453299057412,0.00016066838046272492,0.002634961439588689,0.0,0.0,0.0,0.0,0.0,7.497857754927163e-05,0.0,0.0,0.0,0.0,0.0,0.0,0.0,0.0,0.0,0.0,0.0,0.0,0.0,0.0,0.0,0.0,0.0,0.0,0.0,0.0,0.0,0.0,0.0,0.0,0.0,0.0,0.0,0.0,0.0,0.0,0.0,0.0,0.0,0.0,nan,nan,4.184254052265961,2.9295606611762963,nan,0.9226120476071772,0.0232057343835146,0.0,0.0,0.0,0.0,0.0,0.0,0.0,0.0,0.0,0.0,0.0,0.0,0.0,0.0,0.0,0.0,0.0,0.0,0.0,0.0,0.0,0.0,0.0,0.0,0.0,0.259046052631579,4.847861842105264,15.111019736842108,8.893914473684212,0.8881578947368423,0.9231826909059702,0.022737039020976617,0.0,0.0,0.0,0.0,0.0,0.0,0.0,0.0,0.0,0.0,0.0,0.0,0.0,0.0,0.0,0.0,0.0,0.0,0.0,0.0,0.0,0.0,0.0,0.0,0.0,0.1341681574239714,4.575134168157425,15.429338103756711,8.975849731663686,0.8855098389982113,0.4202,0.01142,0.0,0.0,0.0,0.0,0.0,0.0,0.0,0.0,0.0,0.0,0.0,1.1718749999999982,25.090460526315795,3.737664473684211,0.0,0.0,0.0,0.0,0.0,0.0,0.0,0.0,0.0,0.0,0.0,0.0,0.0,0.0,0.0,0.0,0.4202,0.01138,0.0,0.0,0.0,0.0,0.0,0.0,0.0,0.0,0.0,0.0,0.0,1.1270125223613578,25.143112701252242,3.729874776386405,0.0,0.0,0.0,0.0,0.0,0.0,0.0,0.0,0.0,0.0,0.0,0.0,0.0,0.0,0.0,0.0
58600,4766,2517,0.5281158203944608,1162,949,0.4429290809903483,1339,0.5618967687788502,0.422,3.0035571365051132,3.1123880436619573,6.522480620155039,2.2928686311478774,8311.37284453572,433.30274572947786,7853.0,8739.598302209377,8720.939998830843,5.641470486892523,7853.0,0.0,28.25409148132606,21.039126346766153,33.26993251687078,19.23359392928388,0.13973982375157365,0.09840537138061267,0.08371800251783466,0.0946286193873269,0.0809903483004616,0.07469576164498531,0.0677717163239614,0.058959295006294585,0.05937893411665967,0.056861099454469155,0.04867813680234998,0.042383550146873686,0.030214015946286196,0.02433906840117499,0.020142677297524128,0.010910616869492237,0.008182962652119178,0.9231121203152012,0.02342579410833772,0.0,0.0,0.0,0.0,0.0,0.0,0.0,0.0,0.0,0.0,0.0,0.0,0.0,0.0,0.0,0.0,0.0,0.0,0.0,0.0,0.0,0.0,0.0,0.0,0.0,0.21401594628619391,4.739823751573647,15.025178346621908,9.139739823751576,0.8812421317666809,4.233075435203094,2.9521482665347585,nan,nan,nan,4.296272493573265,2.997473055345291,4.169469598965071,2.9044284077688265,0.9704853696319595,0.4202,0.01105,0.0,0.0,0.0,0.0,0.0,0.0,0.0,0.0,0.0,0.0,0.0,0.9882501049097763,25.316827528325646,3.694922366764583,0.0,0.0,0.0,0.0,0.0,0.0,0.0,0.0,0.0,0.0,0.0,0.0,0.0,0.0,0.0,0.0,nan,nan,4.233075435203094,2.9521482665347585,nan,0.4202,0.05438,0.0,0.0,0.0,0.0,0.0,0.0,0.0,0.0,0.0,0.0,0.0,0.0,0.0,0.0,0.0,0.0,0.0,0.0,0.0,0.0,0.00011540075535039866,0.0,0.0017729752412924884,0.00028325639949643307,0.00026227444397817877,0.0020562316407889214,0.0062421317666806544,0.0004930759546789761,0.00195132186319765,0.008361309274024339,0.002843054972723458,0.009378934116659673,0.007899706252622745,0.0066512798992866135,0.016355434326479228,0.014697859840537139,0.035742761225346205,0.0432752832563995,0.08528115820394461,0.08837599664288712,0.08880612673101133,0.08229122954259337,0.08295216114141837,0.07252412924884599,0.06760386067981536,0.030832983634074697,0.026332354175409148,0.04553084347461183,0.03593159882501049,0.05620016785564415,0.015222408728493496,0.021947125472094,0.006735207721359631,0.010795216114141838,0.00714435585396559,0.006326059588753672,0.00570709190096517,3.147293327738145e-05,0.002517834662190516,0.00017834662190516155,0.0023185060847671,2.09819555182543e-05,0.0,0.0,0.0,0.0,1.049097775912715e-05,0.0,0.0,0.0,0.0,0.0,0.0,0.0,0.0,0.0,0.0,0.0,0.0,0.0,0.0,0.0,0.0,0.0,0.0,0.0,0.0,0.0,0.0,0.0,0.0,0.0,0.0,0.0,0.0,0.0,0.0,0.0,0.0,0.0,0.0,nan,nan,4.233075435203094,2.9521482665347585,nan,0.9233533479554529,0.02329268083593386,0.0,0.0,0.0,0.0,0.0,0.0,0.0,0.0,0.0,0.0,0.0,0.0,0.0,0.0,0.0,0.0,0.0,0.0,0.0,0.0,0.0,0.0,0.0,0.0,0.0,0.13110846245530394,4.743742550655543,15.017878426698454,9.201430274135877,0.9058402860548274,0.9228421470068359,0.02357095100885585,0.0,0.0,0.0,0.0,0.0,0.0,0.0,0.0,0.0,0.0,0.0,0.0,0.0,0.0,0.0,0.0,0.0,0.0,0.0,0.0,0.0,0.0,0.0,0.0,0.0,0.3068030235660294,4.735437972432193,15.03334815473544,9.07069808803913,0.8537127612272123,0.42,0.01103,0.0,0.0,0.0,0.0,0.0,0.0,0.0,0.0,0.0,0.0,0.0,0.9892729439809282,25.435041716328968,3.575685339690108,0.0,0.0,0.0,0.0,0.0,0.0,0.0,0.0,0.0,0.0,0.0,0.0,0.0,0.0,0.0,0.0,0.4204,0.01106,0.0,0.0,0.0,0.0,0.0,0.0,0.0,0.0,0.0,0.0,0.0,0.9871053801689625,25.184526456202764,3.82836816362828,0.0,0.0,0.0,0.0,0.0,0.0,0.0,0.0,0.0,0.0,0.0,0.0,0.0,0.0,0.0,0.0
58700,4720,2437,0.5163135593220339,1178,945,0.44978813559322034,1317,0.5580508474576271,0.422,3.011826544021025,3.178489400305486,6.822966507177034,2.242602328328623,8300.877188626491,433.5148255417612,7853.0,8739.341013276577,8720.45192052402,5.763794821921212,7853.0,0.0,28.58771186440678,21.166509400186047,33.508785140562246,19.362607401679828,0.1375,0.09597457627118644,0.08961864406779661,0.08135593220338982,0.08093220338983051,0.075,0.07690677966101694,0.06843220338983051,0.05211864406779661,0.05084745762711865,0.04300847457627119,0.042796610169491524,0.038771186440677965,0.025211864406779663,0.02097457627118644,0.013771186440677966,0.006779661016949152,0.9218643725170927,0.02315717896794415,0.0,0.0,0.0,0.0,0.0,0.0,0.0,0.0,0.0,0.0,0.0,0.0,0.0,0.0,0.0,0.0,0.0,0.0,0.0,0.0,0.0,0.0,0.0,0.0,0.006355932203389832,0.2415254237288136,4.925847457627119,15.629237288135597,8.434322033898306,0.7627118644067798,4.237463604011647,2.953084121405868,nan,nan,nan,4.2535575679172055,2.9625307170176742,4.221359223300971,2.943512986666414,0.9924302553563414,0.4202,0.01125,0.0,0.0,0.0,0.0,0.0,0.0,0.0,0.0,0.0,0.0,0.0,1.1186440677966085,25.118644067796616,3.7627118644067803,0.0,0.0,0.0,0.0,0.0,0.0,0.0,0.0,0.0,0.0,0.0,0.0,0.0,0.0,0.0,0.0,nan,nan,4.237463604011647,2.953084121405868,nan,0.4202,0.055,0.0,0.0,0.0,0.0,0.0,0.0,0.0,0.0,0.0,0.0,0.0,0.0,0.0,0.0,0.0,0.0,0.0,0.0,0.0,0.0,8.474576271186441e-05,0.0,0.001652542372881356,0.00045550847457627116,0.0002966101694915254,0.0019067796610169492,0.006800847457627119,0.001016949152542373,0.0028177966101694913,0.008697033898305085,0.003135593220338983,0.00923728813559322,0.007680084745762712,0.007245762711864407,0.017786016949152543,0.013771186440677966,0.03338983050847458,0.040328389830508474,0.08501059322033898,0.09103813559322034,0.0856885593220339,0.07992584745762712,0.08878177966101695,0.0727542372881356,0.06588983050847458,0.030360169491525424,0.026959745762711866,0.04460805084745763,0.03413135593220339,0.059427966101694915,0.013951271186440678,0.02259533898305085,0.007002118644067796,0.010296610169491526,0.006896186440677966,0.006546610169491525,0.006716101694915254,7.415254237288135e-05,0.002341101694915254,7.415254237288135e-05,0.0025953389830508473,2.1186440677966103e-05,1.0593220338983052e-05,0.0,0.0,0.0,0.0,0.0,0.0,0.0,0.0,0.0,0.0,0.0,0.0,0.0,0.0,0.0,0.0,0.0,0.0,0.0,0.0,0.0,0.0,0.0,0.0,0.0,0.0,0.0,0.0,0.0,0.0,0.0,0.0,0.0,0.0,0.0,0.0,0.0,0.0,nan,nan,4.237463604011647,2.953084121405868,nan,0.920958295556234,0.02348375771863093,0.0,0.0,0.0,0.0,0.0,0.0,0.0,0.0,0.0,0.0,0.0,0.0,0.0,0.0,0.0,0.0,0.0,0.0,0.0,0.0,0.0,0.0,0.0,0.0,0.0,0.3200656544932295,5.219532211735742,15.695527287648751,7.9524004924087,0.8124743537135825,0.9228315689926131,0.022763648728886584,0.0,0.0,0.0,0.0,0.0,0.0,0.0,0.0,0.0,0.0,0.0,0.0,0.0,0.0,0.0,0.0,0.0,0.0,0.0,0.0,0.0,0.0,0.0,0.0,0.013140604467805522,0.15768725361366626,4.612352168199738,15.558475689881737,8.94875164257556,0.7095926412614982,0.4202,0.01131,0.0,0.0,0.0,0.0,0.0,0.0,0.0,0.0,0.0,0.0,0.0,1.1694706606483365,25.174394747640548,3.6561345917111208,0.0,0.0,0.0,0.0,0.0,0.0,0.0,0.0,0.0,0.0,0.0,0.0,0.0,0.0,0.0,0.0,0.4204,0.0112,0.0,0.0,0.0,0.0,0.0,0.0,0.0,0.0,0.0,0.0,0.0,1.0643889618922455,25.059132720105133,3.8764783180026288,0.0,0.0,0.0,0.0,0.0,0.0,0.0,0.0,0.0,0.0,0.0,0.0,0.0,0.0,0.0,0.0
58800,4737,2478,0.5231158961367954,1161,978,0.45155161494616847,1333,0.5628034621068186,0.434,2.9437804338202747,3.072811278344621,6.521172638436482,2.1473507485496977,8306.927329246811,433.42472031712833,7853.0,8742.659602189064,8720.73759428658,5.734059617754959,7853.0,0.0,28.024276968545493,20.80168738460886,32.921726041144005,19.035469958451145,0.13742875237492083,0.09626345788473717,0.09415241714165083,0.09161916824994723,0.0740975300823306,0.07831961156850327,0.07071986489339244,0.06945324044754064,0.05362043487439307,0.04897614523960313,0.051931602279924,0.04179860671310956,0.03103229892336922,0.027021321511505172,0.015621701498838927,0.01266624445851805,0.005277601857715854,0.9229577994809665,0.023367170014012676,0.0,0.0,0.0,0.0,0.0,0.0,0.0,0.0,0.0,0.0,0.0,0.0,0.0,0.0,0.0,0.0,0.0,0.0,0.0,0.0,0.0,0.0,0.0,0.0,0.0,0.2596580113996201,4.692843571880938,15.338822039265361,8.651044965167829,1.0576314122862573,4.226857887874837,2.885477445418342,nan,nan,nan,4.294194390084801,2.8907390119607577,4.159609120521172,2.878641527858288,0.9686587850157917,0.4202,0.011345,0.0,0.0,0.0,0.0,0.0,0.0,0.0,0.0,0.0,0.0,0.0,1.0386320455984785,25.148828372387594,3.8125395820139336,0.0,0.0,0.0,0.0,0.0,0.0,0.0,0.0,0.0,0.0,0.0,0.0,0.0,0.0,0.0,0.0,nan,nan,4.226857887874837,2.885477445418342,nan,0.4202,0.05466,0.0,0.0,0.0,0.0,0.0,0.0,0.0,0.0,0.0,0.0,0.0,0.0,0.0,0.0,0.0,0.0,0.0,0.0,0.0,0.0,0.00017943846316233902,0.0,0.0012455140384209414,0.00036943213004010975,0.00031665611146295124,0.001804939835338822,0.007388642600802195,0.0007071986489339244,0.0029026810217437195,0.008306945324044754,0.0030293434663289003,0.008570825416930546,0.008570825416930546,0.007990289212581802,0.01680388431496728,0.014080641756385898,0.032805573147561745,0.0428435718809373,0.08393497994511294,0.09059531348955034,0.08654211526282457,0.07734853282668355,0.0876187460417986,0.07238758708043065,0.06826050242769685,0.03185560481317289,0.027306312011821827,0.0426113573991978,0.035412708465273376,0.059362465695587924,0.014566181127295756,0.023527549081697276,0.007325311378509605,0.010270213215115051,0.006871437618746042,0.005172049820561537,0.0067131095630145665,0.00021110407430863416,0.001551614946168461,5.277601857715854e-05,0.0025860249102807684,0.0,0.0,0.0,0.0,0.0,0.0,0.0,0.0,0.0,0.0,0.0,0.0,0.0,0.0,0.0,0.0,0.0,0.0,0.0,0.0,0.0,0.0,0.0,0.0,0.0,0.0,0.0,0.0,0.0,0.0,0.0,0.0,0.0,0.0,0.0,0.0,0.0,0.0,0.0,0.0,nan,nan,4.226857887874837,2.885477445418342,nan,0.9223911706433362,0.02361916620670806,0.0,0.0,0.0,0.0,0.0,0.0,0.0,0.0,0.0,0.0,0.0,0.0,0.0,0.0,0.0,0.0,0.0,0.0,0.0,0.0,0.0,0.0,0.0,0.0,0.0,0.2784503631961259,5.1089588377723985,15.290556900726395,8.244552058111381,1.0774818401937047,0.9235793604635464,0.02307158105202998,0.0,0.0,0.0,0.0,0.0,0.0,0.0,0.0,0.0,0.0,0.0,0.0,0.0,0.0,0.0,0.0,0.0,0.0,0.0,0.0,0.0,0.0,0.0,0.0,0.0,0.23904382470119526,4.236387782204516,15.391766268260296,9.096945551128819,1.0358565737051795,0.42,0.011345,0.0,0.0,0.0,0.0,0.0,0.0,0.0,0.0,0.0,0.0,0.0,1.0774818401937032,25.2179176755448,3.704600484261502,0.0,0.0,0.0,0.0,0.0,0.0,0.0,0.0,0.0,0.0,0.0,0.0,0.0,0.0,0.0,0.0,0.4204,0.011345,0.0,0.0,0.0,0.0,0.0,0.0,0.0,0.0,0.0,0.0,0.0,0.9960159362549786,25.073041168658705,3.9309428950863223,0.0,0.0,0.0,0.0,0.0,0.0,0.0,0.0,0.0,0.0,0.0,0.0,0.0,0.0,0.0,0.0
58900,4961,2559,0.5158234226970368,1172,1016,0.4410401128804676,1387,0.5591614593831888,0.414,2.8867610324729394,3.112061826132669,6.672360248447205,2.167614544682803,8300.597830891094,433.6688319519111,7853.0,8739.24973168373,8720.73459908195,5.629945467181477,7853.0,0.0,27.68070953436807,20.818904333468836,32.78360735009671,19.043491710874637,0.14331787945978633,0.10522072162870388,0.09494053618222133,0.08445877847208225,0.07780689377141706,0.06792985285224754,0.06772828058859101,0.06530941342471276,0.062285829469864946,0.05180407175972586,0.04696633743196936,0.03991130820399113,0.034468857085265064,0.02600282201169119,0.01874622052005644,0.008062890546260835,0.005039306591413021,0.9218468738164519,0.022912448178926733,0.0,0.0,0.0,0.0,0.0,0.0,0.0,0.0,0.0,0.0,0.0,0.0,0.0,0.0,0.0,0.0,0.0,0.0,0.0,0.0,0.0,0.0,0.0,0.0,0.006047167909695627,0.20560370892965132,4.892158838943762,15.771013908486195,8.369280387018748,0.7558959887119534,4.32452229299363,2.9307458553431927,nan,nan,nan,4.340680100755668,2.8634643795284416,4.310122501611863,2.9977243762011105,0.9929601817147307,0.4207,0.01116,0.0,0.0,0.0,0.0,0.0,0.0,0.0,0.0,0.0,0.0,0.0,0.9796412013706899,25.08969965732716,3.9306591413021574,0.0,0.0,0.0,0.0,0.0,0.0,0.0,0.0,0.0,0.0,0.0,0.0,0.0,0.0,0.0,0.0,nan,nan,4.32452229299363,2.9307458553431927,nan,0.4207,0.05432,0.0,0.0,0.0,0.0,0.0,0.0,0.0,0.0,0.0,0.0,0.0,0.0,0.0,0.0,0.0,0.0,0.0,0.0,0.0,0.0,0.0002620439427534771,0.0,0.0014613989115097763,0.0003325942350332594,0.00013102197137673856,0.0016730497883491232,0.0060874823624269304,0.000937311026002822,0.0034065712557952025,0.00705502922797823,0.0015823422697036887,0.008284620036283007,0.008909494053618221,0.007689981858496271,0.016266881677081235,0.01556137875428341,0.03330981656924007,0.042642612376536985,0.08758314855875832,0.09150372908687765,0.08440838540616812,0.07684942551904858,0.09011288046764765,0.07230397097359403,0.06519854867970168,0.0320802257609353,0.027615400120943358,0.0403648457972183,0.03437814956661963,0.06143922596250756,0.015853658536585366,0.02403749244104011,0.007065107841161056,0.010733723039709736,0.006752670832493449,0.005805281193307801,0.005835517032856279,0.0002620439427534771,0.0015017133642410804,0.0,0.0027111469461802056,0.0,1.0078613182826044e-05,0.0,0.0,0.0,0.0,0.0,0.0,0.0,0.0,0.0,0.0,0.0,0.0,0.0,0.0,0.0,0.0,0.0,0.0,0.0,0.0,0.0,0.0,0.0,0.0,0.0,0.0,0.0,0.0,0.0,0.0,0.0,0.0,0.0,0.0,0.0,0.0,0.0,0.0,nan,nan,4.32452229299363,2.9307458553431927,nan,0.9218273416493451,0.022653676093913878,0.0,0.0,0.0,0.0,0.0,0.0,0.0,0.0,0.0,0.0,0.0,0.0,0.0,0.0,0.0,0.0,0.0,0.0,0.0,0.0,0.0,0.0,0.0,0.0,0.011723329425556862,0.2110199296600235,4.830011723329427,15.838218053927319,8.382180539273156,0.7268464243845254,0.9218676826489359,0.023184938743002655,0.0,0.0,0.0,0.0,0.0,0.0,0.0,0.0,0.0,0.0,0.0,0.0,0.0,0.0,0.0,0.0,0.0,0.0,0.0,0.0,0.0,0.0,0.0,0.0,0.0,0.1998334721065779,4.958368026644464,15.699417152373025,8.355537052456288,0.7868442964196505,0.4207,0.0113,0.0,0.0,0.0,0.0,0.0,0.0,0.0,0.0,0.0,0.0,0.0,1.0199296600234453,24.970691676436115,4.0093786635404465,0.0,0.0,0.0,0.0,0.0,0.0,0.0,0.0,0.0,0.0,0.0,0.0,0.0,0.0,0.0,0.0,0.4207,0.01102,0.0,0.0,0.0,0.0,0.0,0.0,0.0,0.0,0.0,0.0,0.0,0.9367194004995824,25.2164862614488,3.8467943380516245,0.0,0.0,0.0,0.0,0.0,0.0,0.0,0.0,0.0,0.0,0.0,0.0,0.0,0.0,0.0,0.0
59000,4691,2434,0.5188659134512897,1157,928,0.44446813046258793,1290,0.5499893412918354,0.422,3.034116083296411,3.109176683022367,6.562790697674418,2.166233818449093,8303.376270944567,433.711393871203,7853.0,8740.004606956243,8721.00126828306,5.754894028903235,7853.0,0.0,28.1786399488382,21.18495814118597,33.27432501273561,19.40126165053507,0.1411212960989128,0.1008313792368365,0.09422298017480281,0.0842037945001066,0.07354508633553614,0.07162651886591345,0.06970795139629077,0.06992112555958217,0.058622894905137495,0.05009592837348113,0.04753783841398423,0.04007674269878491,0.02792581539117459,0.028565337881048817,0.021956938819015136,0.013003623960775954,0.007034747388616499,0.9231851724286345,0.023219175957836156,0.0,0.0,0.0,0.0,0.0,0.0,0.0,0.0,0.0,0.0,0.0,0.0,0.0,0.0,0.0,0.0,0.0,0.0,0.0,0.0,0.0,0.0,0.0,0.0,0.0,0.22383287145597958,4.361543380942231,15.495629929652528,8.940524408441698,0.9784694095075679,4.298379093615614,2.8582605450784815,nan,nan,nan,4.311214333112144,2.9092717807851383,4.287128712871287,2.8068867465317227,0.9944132630902001,0.4207,0.01121,0.0,0.0,0.0,0.0,0.0,0.0,0.0,0.0,0.0,0.0,0.0,1.0232359837987621,25.11404817736091,3.8627158388403333,0.0,0.0,0.0,0.0,0.0,0.0,0.0,0.0,0.0,0.0,0.0,0.0,0.0,0.0,0.0,0.0,nan,nan,4.298379093615614,2.8582605450784815,nan,0.4207,0.05447,0.0,0.0,0.0,0.0,0.0,0.0,0.0,0.0,0.0,0.0,0.0,0.0,0.0,0.0,0.0,0.0,0.0,0.0,0.0,0.0,6.395224898742272e-05,0.0,0.0016520997655084203,0.0006075463653805159,0.0003197612449371136,0.001833297804306118,0.006928160306970795,0.0005329354082285227,0.0029950969942442976,0.006555105521210829,0.001364314645065018,0.009251758686847154,0.007898102749946706,0.008164570454060967,0.01690471114900874,0.015636324877424855,0.03426774674909401,0.04356214026859945,0.08706032828821147,0.08829673843530164,0.08237049669580047,0.07504796418674056,0.09132381155403965,0.07352376891920699,0.06557237262843743,0.033638882967384355,0.025911319548070775,0.03902153059049243,0.034118524834790026,0.06495416755489235,0.01454913664463867,0.026177787252185034,0.0075890002131741635,0.011106373907482413,0.0054998934129183545,0.005457258580260072,0.006320613941590279,0.00022383287145597954,0.0014602430185461522,0.0,0.0022383287145597954,0.0,0.0,0.0,0.0,0.0,0.0,0.0,0.0,0.0,0.0,0.0,0.0,0.0,0.0,0.0,0.0,0.0,0.0,0.0,0.0,0.0,0.0,0.0,0.0,0.0,0.0,0.0,0.0,0.0,0.0,0.0,0.0,0.0,0.0,0.0,0.0,0.0,0.0,0.0,0.0,nan,nan,4.298379093615614,2.8582605450784815,nan,0.9227684667439566,0.02346482378989122,0.0,0.0,0.0,0.0,0.0,0.0,0.0,0.0,0.0,0.0,0.0,0.0,0.0,0.0,0.0,0.0,0.0,0.0,0.0,0.0,0.0,0.0,0.0,0.0,0.0,0.22185702547247335,4.695973705834019,15.123253903040267,8.94823336072309,1.0106820049301564,0.9236345572919512,0.0229428368636563,0.0,0.0,0.0,0.0,0.0,0.0,0.0,0.0,0.0,0.0,0.0,0.0,0.0,0.0,0.0,0.0,0.0,0.0,0.0,0.0,0.0,0.0,0.0,0.0,0.0,0.22596366858661945,4.000886132033674,15.897208684093933,8.932210899424016,0.9437306158617637,0.421,0.01113,0.0,0.0,0.0,0.0,0.0,0.0,0.0,0.0,0.0,0.0,0.0,0.9490550534100234,25.045193097781436,4.005751848808546,0.0,0.0,0.0,0.0,0.0,0.0,0.0,0.0,0.0,0.0,0.0,0.0,0.0,0.0,0.0,0.0,0.4204,0.011284,0.0,0.0,0.0,0.0,0.0,0.0,0.0,0.0,0.0,0.0,0.0,1.103234381922905,25.188303057155522,3.708462560921578,0.0,0.0,0.0,0.0,0.0,0.0,0.0,0.0,0.0,0.0,0.0,0.0,0.0,0.0,0.0,0.0
59100,4816,2478,0.5145348837209303,1174,983,0.4478820598006645,1374,0.5705980066445183,0.39799999999999996,2.989307100085543,3.0404130469292507,6.406340057636887,2.0775359850281845,8299.711684254407,433.92851834508394,7853.0,8741.573491179943,8721.185420245849,5.699884250044914,7853.0,0.0,29.059593023255815,21.207309555243246,33.70476653696498,19.458136161596727,0.12977574750830564,0.09323089700996677,0.09156976744186046,0.08367940199335548,0.0834717607973422,0.07350498338870431,0.06665282392026578,0.06561461794019934,0.06457641196013289,0.053156146179401995,0.04401993355481727,0.046511627906976744,0.03467607973421927,0.026993355481727575,0.02097176079734219,0.013496677740863787,0.008098006644518272,0.9229765875617729,0.02319057323273987,0.0,0.0,0.0,0.0,0.0,0.0,0.0,0.0,0.0,0.0,0.0,0.0,0.0,0.0,0.0,0.0,0.0,0.0,0.0,0.0,0.0,0.0,0.0,0.0,0.0,0.2242524916943522,4.752906976744187,15.29900332225914,8.814368770764121,0.9094684385382061,4.147869674185464,2.79445193680719,nan,nan,nan,4.064902331442974,2.8096865326955864,4.229906542056074,2.776869804342423,1.040592417027281,0.4211,0.01103,0.0,0.0,0.0,0.0,0.0,0.0,0.0,0.0,0.0,0.0,0.0,0.9094684385382047,24.96677740863788,4.123754152823921,0.0,0.0,0.0,0.0,0.0,0.0,0.0,0.0,0.0,0.0,0.0,0.0,0.0,0.0,0.0,0.0,nan,nan,4.147869674185464,2.79445193680719,nan,0.4211,0.05417,0.0,0.0,0.0,0.0,0.0,0.0,0.0,0.0,0.0,0.0,0.0,0.0,0.0,0.0,0.0,0.0,0.0,0.0,0.0,0.0,0.0,0.0,0.0021698504983388702,0.0005087209302325581,0.0004464285714285714,0.0014846345514950166,0.006322674418604651,0.0002387873754152824,0.0031146179401993356,0.006301910299003322,0.0014534883720930232,0.008876661129568105,0.0072155315614617944,0.009177740863787375,0.017410714285714286,0.014410299003322259,0.03510174418604651,0.0432828073089701,0.08503945182724253,0.08687707641196013,0.08330564784053156,0.07505191029900332,0.08830980066445182,0.07479235880398671,0.06873961794019934,0.03439576411960133,0.025913621262458473,0.04087416943521595,0.03248546511627907,0.06598837209302326,0.014721760797342193,0.02604858803986711,0.00860672757475083,0.010382059800664452,0.005730897009966778,0.005606312292358804,0.006322674418604651,0.0001245847176079734,0.0011524086378737542,0.0,0.0020141196013289038,0.0,0.0,0.0,0.0,0.0,0.0,0.0,0.0,0.0,0.0,0.0,0.0,0.0,0.0,0.0,0.0,0.0,0.0,0.0,0.0,0.0,0.0,0.0,0.0,0.0,0.0,0.0,0.0,0.0,0.0,0.0,0.0,0.0,0.0,0.0,0.0,0.0,0.0,0.0,0.0,nan,nan,4.147869674185464,2.79445193680719,nan,0.9234093039915194,0.023201480823914516,0.0,0.0,0.0,0.0,0.0,0.0,0.0,0.0,0.0,0.0,0.0,0.0,0.0,0.0,0.0,0.0,0.0,0.0,0.0,0.0,0.0,0.0,0.0,0.0,0.0,0.24213075060532693,4.636803874092011,15.254237288135597,8.91041162227603,0.9564164648910414,0.9225179599685686,0.02317018699553383,0.0,0.0,0.0,0.0,0.0,0.0,0.0,0.0,0.0,0.0,0.0,0.0,0.0,0.0,0.0,0.0,0.0,0.0,0.0,0.0,0.0,0.0,0.0,0.0,0.0,0.20530367835757063,4.875962360992302,15.346449957228403,8.712574850299402,0.859709153122327,0.421,0.010956,0.0,0.0,0.0,0.0,0.0,0.0,0.0,0.0,0.0,0.0,0.0,0.9200968523002409,25.06053268765134,4.019370460048427,0.0,0.0,0.0,0.0,0.0,0.0,0.0,0.0,0.0,0.0,0.0,0.0,0.0,0.0,0.0,0.0,0.4211,0.011116,0.0,0.0,0.0,0.0,0.0,0.0,0.0,0.0,0.0,0.0,0.0,0.8982035928143699,24.86740804106074,4.234388366124894,0.0,0.0,0.0,0.0,0.0,0.0,0.0,0.0,0.0,0.0,0.0,0.0,0.0,0.0,0.0,0.0
59200,4770,2485,0.5209643605870021,1126,995,0.4446540880503145,1346,0.5643605870020965,0.414,2.9671772428884027,3.063338540991675,6.656146179401993,2.0426605749557996,8305.151559026812,433.5941902972802,7853.0,8739.443226480484,8720.912650526314,5.694950323978298,7853.0,0.0,27.434171907756813,20.8707203146568,32.66228513650152,19.089094585353326,0.14863731656184487,0.10503144654088051,0.09161425576519916,0.0819706498951782,0.08050314465408805,0.07589098532494759,0.0689727463312369,0.06289308176100629,0.05471698113207547,0.05744234800838575,0.044863731656184486,0.03522012578616352,0.03333333333333333,0.02410901467505241,0.016981132075471698,0.01090146750524109,0.006918238993710692,0.9224234758558013,0.022866601407211747,0.0,0.0,0.0,0.0,0.0,0.0,0.0,0.0,0.0,0.0,0.0,0.0,0.0,0.0,0.0,0.0,0.0,0.0,0.0,0.0,0.0,0.0,0.0,0.0,0.0,0.23270440251572333,4.547169811320756,15.635220125786166,8.893081761006291,0.6918238993710694,4.343451006268558,2.823258931427999,nan,nan,nan,4.3054641211323235,2.8386805166436893,4.381613756613756,2.8071630860277406,1.0176867425529506,0.421,0.011444,0.0,0.0,0.0,0.0,0.0,0.0,0.0,0.0,0.0,0.0,0.0,1.0314465408805016,24.74842767295598,4.220125786163523,0.0,0.0,0.0,0.0,0.0,0.0,0.0,0.0,0.0,0.0,0.0,0.0,0.0,0.0,0.0,0.0,nan,nan,4.343451006268558,2.823258931427999,nan,0.421,0.05457,0.0,0.0,0.0,0.0,0.0,0.0,0.0,0.0,0.0,0.0,0.0,0.0,0.0,0.0,0.0,0.0,0.0,0.0,0.0,0.0,0.0,0.0,0.0027253668763102725,0.0005660377358490566,0.0005136268343815514,0.0011740041928721173,0.006341719077568134,0.00010482180293501048,0.002683438155136268,0.006477987421383648,0.0013941299790356395,0.008658280922431866,0.007861635220125786,0.009329140461215933,0.01689727463312369,0.01539832285115304,0.036352201257861635,0.043218029350104825,0.08919287211740042,0.08975890985324948,0.07881551362683438,0.07067085953878406,0.08716981132075471,0.07410901467505242,0.06766247379454926,0.032976939203354295,0.026132075471698112,0.04179245283018868,0.03110062893081761,0.06841719077568134,0.015241090146750524,0.028186582809224318,0.008333333333333333,0.01039832285115304,0.005775681341719078,0.004979035639412998,0.00579664570230608,0.0002410901467505241,0.0016247379454926625,0.0,0.0018763102725366876,0.0,0.0,0.0,5.241090146750524e-05,0.0,0.0,0.0,0.0,0.0,0.0,0.0,0.0,0.0,0.0,0.0,0.0,0.0,0.0,0.0,0.0,0.0,0.0,0.0,0.0,0.0,0.0,0.0,0.0,0.0,0.0,0.0,0.0,0.0,0.0,0.0,0.0,0.0,0.0,0.0,0.0,nan,nan,4.343451006268558,2.823258931427999,nan,0.9221485363405715,0.02288049385278284,0.0,0.0,0.0,0.0,0.0,0.0,0.0,0.0,0.0,0.0,0.0,0.0,0.0,0.0,0.0,0.0,0.0,0.0,0.0,0.0,0.0,0.0,0.0,0.0,0.0,0.2776659959758552,4.647887323943663,15.440643863179078,8.993963782696179,0.6398390342052316,0.9227224800988413,0.022847728163161315,0.0,0.0,0.0,0.0,0.0,0.0,0.0,0.0,0.0,0.0,0.0,0.0,0.0,0.0,0.0,0.0,0.0,0.0,0.0,0.0,0.0,0.0,0.0,0.0,0.0,0.18380743982494535,4.4376367614879655,15.846827133479215,8.78336980306346,0.7483588621444204,0.4211,0.011536,0.0,0.0,0.0,0.0,0.0,0.0,0.0,0.0,0.0,0.0,0.0,1.0503018108651896,24.6036217303823,4.346076458752516,0.0,0.0,0.0,0.0,0.0,0.0,0.0,0.0,0.0,0.0,0.0,0.0,0.0,0.0,0.0,0.0,0.421,0.011345,0.0,0.0,0.0,0.0,0.0,0.0,0.0,0.0,0.0,0.0,0.0,1.0109409190371976,24.905908096280093,4.083150984682714,0.0,0.0,0.0,0.0,0.0,0.0,0.0,0.0,0.0,0.0,0.0,0.0,0.0,0.0,0.0,0.0
59300,4656,2410,0.5176116838487973,1129,939,0.44415807560137455,1292,0.5549828178694158,0.426,2.960819234194123,3.0866495113585874,6.577044025157233,2.1291717625142885,8302.080475121615,433.5507943153641,7853.0,8739.175771677494,8720.601117081425,5.704287377945529,7853.0,0.0,27.948453608247423,20.960564904453964,32.94646516393443,19.201969374878882,0.14261168384879724,0.09707903780068729,0.09493127147766323,0.08311855670103092,0.0897766323024055,0.0745274914089347,0.06593642611683849,0.05906357388316151,0.05304982817869416,0.05283505154639175,0.04918384879725086,0.039304123711340205,0.03629725085910653,0.028780068728522335,0.018470790378006873,0.009664948453608248,0.0053694158075601375,0.9210457796698174,0.023263634548627538,0.0,0.0,0.0,0.0,0.0,0.0,0.0,0.0,0.0,0.0,0.0,0.0,0.0,0.0,0.0,0.0,0.0,0.0,0.0,0.0,0.0,0.0,0.0,0.0,0.0,0.3157216494845361,5.1675257731958775,15.47036082474227,8.356958762886599,0.6894329896907219,4.252915694768411,2.853120904598712,nan,nan,nan,4.3508305647840535,2.8509789030280417,4.154411764705882,2.851884038388963,0.954854872614898,0.4207,0.01124,0.0,0.0,0.0,0.0,0.0,0.0,0.0,0.0,0.0,0.0,0.0,1.0244845360824726,24.92268041237114,4.052835051546393,0.0,0.0,0.0,0.0,0.0,0.0,0.0,0.0,0.0,0.0,0.0,0.0,0.0,0.0,0.0,0.0,nan,nan,4.252915694768411,2.853120904598712,nan,0.4207,0.05487,0.0,0.0,0.0,0.0,0.0,0.0,0.0,0.0,0.0,0.0,0.0,0.0,0.0,0.0,0.0,0.0,0.0,0.0,0.0,0.0,1.0738831615120276e-05,0.0,0.003565292096219931,0.0004402920962199313,0.00035438144329896906,0.0009557560137457044,0.008494415807560137,5.3694158075601374e-05,0.0019437285223367698,0.005594931271477663,0.0014926975945017181,0.008429982817869415,0.006786941580756014,0.009342783505154639,0.01750429553264605,0.015850515463917525,0.03918599656357388,0.03943298969072165,0.08894974226804124,0.09052835051546392,0.07972508591065292,0.0695446735395189,0.08595360824742268,0.07475300687285223,0.06866408934707904,0.035771048109965634,0.025225515463917526,0.040721649484536084,0.030390893470790378,0.06760094501718213,0.014594072164948454,0.028232388316151203,0.00898840206185567,0.010223367697594502,0.006110395189003436,0.005680841924398625,0.005304982817869416,0.00019329896907216494,0.0016108247422680412,0.0,0.0017826460481099656,0.0,0.0,0.0,1.0738831615120276e-05,0.0,0.0,0.0,0.0,0.0,0.0,0.0,0.0,0.0,0.0,0.0,0.0,0.0,0.0,0.0,0.0,0.0,0.0,0.0,0.0,0.0,0.0,0.0,0.0,0.0,0.0,0.0,0.0,0.0,0.0,0.0,0.0,0.0,0.0,0.0,0.0,nan,nan,4.252915694768411,2.853120904598712,nan,0.921004188679066,0.023326622934398127,0.0,0.0,0.0,0.0,0.0,0.0,0.0,0.0,0.0,0.0,0.0,0.0,0.0,0.0,0.0,0.0,0.0,0.0,0.0,0.0,0.0,0.0,0.0,0.0,0.0,0.33609958506224075,5.141078838174275,15.585062240663904,8.228215767634856,0.7095435684647304,0.9210904075806414,0.023195773657293965,0.0,0.0,0.0,0.0,0.0,0.0,0.0,0.0,0.0,0.0,0.0,0.0,0.0,0.0,0.0,0.0,0.0,0.0,0.0,0.0,0.0,0.0,0.0,0.0,0.0,0.2938557435440784,5.195903829029386,15.347284060552095,8.495102404274267,0.6678539626001782,0.4207,0.01117,0.0,0.0,0.0,0.0,0.0,0.0,0.0,0.0,0.0,0.0,0.0,0.9460580912863057,24.92116182572615,4.132780082987552,0.0,0.0,0.0,0.0,0.0,0.0,0.0,0.0,0.0,0.0,0.0,0.0,0.0,0.0,0.0,0.0,0.4207,0.01132,0.0,0.0,0.0,0.0,0.0,0.0,0.0,0.0,0.0,0.0,0.0,1.108637577916294,24.924309884238653,3.9670525378450585,0.0,0.0,0.0,0.0,0.0,0.0,0.0,0.0,0.0,0.0,0.0,0.0,0.0,0.0,0.0,0.0
59400,4838,2494,0.5155022736668045,1154,1027,0.45080611823067385,1398,0.5779247622984705,0.414,3.0277303754266214,3.089340746522096,6.626911314984709,2.064319852616999,8300.289224986076,433.649578087838,7853.0,8738.910785728693,8720.676531869542,5.783653645990194,7853.0,0.0,27.967961967755272,20.879633163609956,32.92368291482028,19.11856513103222,0.13952046300124019,0.10148821827201322,0.08970649028524183,0.08846630839189748,0.08040512608515915,0.07131045886730054,0.07523770152955767,0.06428276147168252,0.05808185200496073,0.04981397271599835,0.049607275733774284,0.03927242662257131,0.03141794129805705,0.026043819760231502,0.01715584952459694,0.010334849111202976,0.007854485324514262,0.920786458569255,0.02335656822339384,0.0,0.0,0.0,0.0,0.0,0.0,0.0,0.0,0.0,0.0,0.0,0.0,0.0,0.0,0.0,0.0,0.0,0.0,0.0,0.0,0.0,0.0,0.0,0.0,0.0,0.31624638280281114,5.109549400578753,15.688300950806122,8.135593220338984,0.7503100454733362,4.356041131105399,2.9070600628650842,nan,nan,nan,4.374035989717224,2.9057950093282345,4.338046272493573,2.908213223286852,0.9917719659124301,0.4211,0.011475,0.0,0.0,0.0,0.0,0.0,0.0,0.0,0.0,0.0,0.0,0.0,1.1781727986771375,24.499793303017782,4.322033898305086,0.0,0.0,0.0,0.0,0.0,0.0,0.0,0.0,0.0,0.0,0.0,0.0,0.0,0.0,0.0,0.0,nan,nan,4.356041131105399,2.9070600628650842,nan,0.4211,0.05472,0.0,0.0,0.0,0.0,0.0,0.0,0.0,0.0,0.0,0.0,0.0,0.0,0.0,0.0,0.0,0.0,0.0,0.0,0.0,1.0334849111202977e-05,0.0,0.0,0.0024700289375775113,0.0005684167011161637,0.0002687060768912774,0.0008164530797850351,0.008763952046300124,1.0334849111202977e-05,0.0016225713104588673,0.005859859446052088,0.0016225713104588673,0.009249689954526664,0.007895824720959075,0.009435717238528318,0.0187474162877222,0.01361099627945432,0.03929309632079372,0.039572137246796195,0.0882079371641174,0.08621331128565522,0.07727366680446465,0.0704733360892931,0.08790822653989251,0.07620917734601075,0.06670111616370401,0.03706076891277387,0.02517569243489045,0.0413187267465895,0.031190574617610583,0.06901612236461348,0.01455146754857379,0.027997106242248864,0.010376188507647788,0.010820587019429517,0.006190574617610583,0.004960727573377429,0.004785035138486978,0.00015502273666804465,0.001808598594460521,0.0,0.001787928896238115,0.0,0.0,0.0,0.0,0.0,0.0,0.0,0.0,0.0,0.0,0.0,0.0,0.0,0.0,0.0,0.0,0.0,0.0,0.0,0.0,0.0,0.0,0.0,0.0,0.0,0.0,0.0,0.0,0.0,0.0,0.0,0.0,0.0,0.0,0.0,0.0,0.0,0.0,0.0,0.0,nan,nan,4.356041131105399,2.9070600628650842,nan,0.9209845863348404,0.02343843657345256,0.0,0.0,0.0,0.0,0.0,0.0,0.0,0.0,0.0,0.0,0.0,0.0,0.0,0.0,0.0,0.0,0.0,0.0,0.0,0.0,0.0,0.0,0.0,0.0,0.0,0.3007217321571773,5.268644747393746,15.192461908580597,8.4803528468324,0.7578187650360868,0.9205756519790802,0.023267292139916435,0.0,0.0,0.0,0.0,0.0,0.0,0.0,0.0,0.0,0.0,0.0,0.0,0.0,0.0,0.0,0.0,0.0,0.0,0.0,0.0,0.0,0.0,0.0,0.0,0.0,0.33276450511945405,4.940273037542663,16.21587030716724,7.768771331058022,0.7423208191126281,0.4211,0.01145,0.0,0.0,0.0,0.0,0.0,0.0,0.0,0.0,0.0,0.0,0.0,1.2028869286287072,24.538893344025666,4.25821972734563,0.0,0.0,0.0,0.0,0.0,0.0,0.0,0.0,0.0,0.0,0.0,0.0,0.0,0.0,0.0,0.0,0.4211,0.011505,0.0,0.0,0.0,0.0,0.0,0.0,0.0,0.0,0.0,0.0,0.0,1.1518771331058002,24.45819112627987,4.389931740614335,0.0,0.0,0.0,0.0,0.0,0.0,0.0,0.0,0.0,0.0,0.0,0.0,0.0,0.0,0.0,0.0
59500,4733,2431,0.5136277202619903,1110,984,0.4424255229241496,1330,0.5620114092541728,0.41,2.9326672458731537,3.0987626396828105,6.626602564102564,2.136375434208805,8298.900828054879,433.928145987604,7853.0,8739.284770929813,8721.140114843169,5.717137907862407,7853.0,0.0,28.077751954362984,20.893911636595902,32.87040280210157,19.19941875222241,0.13331924783435453,0.1009930276780055,0.09549968307627298,0.09148531586731459,0.07500528206211705,0.07859708430171139,0.06930065497570251,0.06317346291992394,0.0574688358335094,0.054933446017325166,0.04352419184449609,0.038875977181491654,0.03612930488062539,0.025142615677160363,0.019226706106063807,0.011197971688147053,0.006127192055778576,0.922798613048169,0.02332805726598495,0.0,0.0,0.0,0.0,0.0,0.0,0.0,0.0,0.0,0.0,0.0,0.0,0.0,0.0,0.0,0.0,0.0,0.0,0.0,0.0,0.0,0.0,0.0,0.0,0.0,0.29790830340164803,4.5763786182125505,15.40249313331925,8.81681808578069,0.9064018592858654,4.295432139336182,2.911635778603119,nan,nan,nan,4.2050098879367175,2.8921782003908185,4.385321100917431,2.9280841960931694,1.042880092505368,0.4211,0.01157,0.0,0.0,0.0,0.0,0.0,0.0,0.0,0.0,0.0,0.0,0.0,1.0204944010141543,24.453834777096986,4.525670821888866,0.0,0.0,0.0,0.0,0.0,0.0,0.0,0.0,0.0,0.0,0.0,0.0,0.0,0.0,0.0,0.0,nan,nan,4.295432139336182,2.911635778603119,nan,0.4211,0.05502,0.0,0.0,0.0,0.0,0.0,0.0,0.0,0.0,0.0,0.0,0.0,0.0,0.0,0.0,0.0,0.0,0.0,0.0,0.0,0.0,0.0,0.0,0.0022818508345658147,0.0007289245721529685,0.00019015423621381787,0.0007606169448552715,0.00947601943798859,0.0,0.00148954151700824,0.005408831607859708,0.0020916965983519965,0.011071202197337841,0.007352630466934291,0.0095816606803296,0.01830762729769702,0.013849566870906401,0.039277413902387495,0.03890766955419396,0.08453412212127615,0.08753433340376082,0.07912529051341644,0.0670188041411367,0.09135854637650538,0.07614620747939996,0.06482146630044369,0.037259666173674204,0.025248256919501375,0.03991126135643355,0.03129093598140714,0.07113881259243608,0.013712233255863088,0.029769702091696597,0.010775406718783014,0.010363405873653074,0.00606380731037397,0.0048383688992182546,0.0043629833086837105,0.00010564124234100993,0.0017959011197971689,0.0,0.0020494401014155925,0.0,0.0,0.0,0.0,0.0,0.0,0.0,0.0,0.0,0.0,0.0,0.0,0.0,0.0,0.0,0.0,0.0,0.0,0.0,0.0,0.0,0.0,0.0,0.0,0.0,0.0,0.0,0.0,0.0,0.0,0.0,0.0,0.0,0.0,0.0,0.0,0.0,0.0,0.0,0.0,nan,nan,4.295432139336182,2.911635778603119,nan,0.9227417642714212,0.023538744541001404,0.0,0.0,0.0,0.0,0.0,0.0,0.0,0.0,0.0,0.0,0.0,0.0,0.0,0.0,0.0,0.0,0.0,0.0,0.0,0.0,0.0,0.0,0.0,0.0,0.0,0.3331962155491568,4.615384615384616,15.499794323323739,8.552036199095024,0.9995886466474704,0.9228586475296087,0.023103325846692717,0.0,0.0,0.0,0.0,0.0,0.0,0.0,0.0,0.0,0.0,0.0,0.0,0.0,0.0,0.0,0.0,0.0,0.0,0.0,0.0,0.0,0.0,0.0,0.0,0.0,0.2606429192006951,4.535186794092095,15.299739357080803,9.09643788010426,0.8079930495221549,0.4214,0.01153,0.0,0.0,0.0,0.0,0.0,0.0,0.0,0.0,0.0,0.0,0.0,0.9255450431921007,24.508432743726868,4.5660222130810375,0.0,0.0,0.0,0.0,0.0,0.0,0.0,0.0,0.0,0.0,0.0,0.0,0.0,0.0,0.0,0.0,0.421,0.011604,0.0,0.0,0.0,0.0,0.0,0.0,0.0,0.0,0.0,0.0,0.0,1.120764552562987,24.396177237185064,4.483058210251956,0.0,0.0,0.0,0.0,0.0,0.0,0.0,0.0,0.0,0.0,0.0,0.0,0.0,0.0,0.0,0.0
59600,4841,2438,0.5036149555876885,1119,1044,0.44680851063829785,1370,0.5659987605866557,0.434,2.9696213066999584,3.1707400278704707,6.810289389067524,2.1798603704324604,8290.073558945645,433.94337628732023,7853.0,8739.163995110988,8720.87247697123,5.643122295120069,7853.0,0.0,27.0016525511258,20.6202219270231,32.259185203699076,18.82828802967516,0.15182813468291675,0.10349101425325347,0.09192315637265028,0.08551952076017352,0.08138814294567238,0.0774633340218963,0.07105969840941954,0.06238380499896715,0.05412104936996488,0.05288163602561454,0.042966329270811815,0.03904152034703574,0.030778764718033463,0.023548853542656477,0.01693864903945466,0.009295600082627557,0.005370791158851477,0.9218908097841996,0.022943784070369056,0.0,0.0,0.0,0.0,0.0,0.0,0.0,0.0,0.0,0.0,0.0,0.0,0.0,0.0,0.0,0.0,0.0,0.0,0.0,0.0,0.0,0.0,0.0,0.0,0.0,0.27886800247882676,4.79652964263582,15.455484404048754,8.855608345383187,0.6135096054534188,4.406934903500163,2.9553305620178585,nan,nan,nan,4.372305682560418,2.9351565876375374,4.439344262295082,2.9746072168604423,1.0153325463958427,0.4207,0.01123,0.0,0.0,0.0,0.0,0.0,0.0,0.0,0.0,0.0,0.0,0.0,1.115472009915305,24.992770088824628,3.8855608345383192,0.0061970667217517055,0.0,0.0,0.0,0.0,0.0,0.0,0.0,0.0,0.0,0.0,0.0,0.0,0.0,0.0,0.0,nan,nan,4.406934903500163,2.9553305620178585,nan,0.4207,0.05502,0.0,0.0,0.0,0.0,0.0,0.0,0.0,0.0,0.0,0.0,0.0,0.0,0.0,0.0,0.0,0.0,0.0,0.0,0.0,0.0,0.0,0.0,0.0019727329064242924,0.0007436480066102045,3.098533360875852e-05,0.0005370791158851477,0.009357570749845074,0.0,0.0013220409006403635,0.006300351167114232,0.0021070026853955794,0.011247676099979342,0.007952902292914687,0.010411072092542863,0.018715141499690148,0.014604420574261517,0.03927907457136955,0.04202644081801281,0.08509605453418716,0.08570543276182607,0.07966329270811816,0.0687254699442264,0.09318322660607313,0.07231976864284238,0.06293121255938855,0.0387419954554844,0.02378640776699029,0.03855608345383185,0.031191902499483577,0.06945878950630036,0.01229084899814088,0.030458582937409627,0.010958479652964264,0.011970667217517042,0.005536046271431522,0.0037182400330510227,0.0057322867176203265,0.0001755835571162983,0.0011567857880603182,1.032844453625284e-05,0.002003718240033051,0.0,2.065688907250568e-05,0.0,0.0,0.0,0.0,0.0,0.0,0.0,0.0,0.0,0.0,0.0,0.0,0.0,0.0,0.0,0.0,0.0,0.0,0.0,0.0,0.0,0.0,0.0,0.0,0.0,0.0,0.0,0.0,0.0,0.0,0.0,0.0,0.0,0.0,0.0,0.0,0.0,0.0,nan,nan,4.406934903500163,2.9553305620178585,nan,0.9222971147645976,0.02269884435860301,0.0,0.0,0.0,0.0,0.0,0.0,0.0,0.0,0.0,0.0,0.0,0.0,0.0,0.0,0.0,0.0,0.0,0.0,0.0,0.0,0.0,0.0,0.0,0.0,0.0,0.24610336341263336,4.552912223133717,15.467596390484006,9.093519278096801,0.6398687448728467,0.9214785869201917,0.023182371264900633,0.0,0.0,0.0,0.0,0.0,0.0,0.0,0.0,0.0,0.0,0.0,0.0,0.0,0.0,0.0,0.0,0.0,0.0,0.0,0.0,0.0,0.0,0.0,0.0,0.0,0.31210986267166047,5.043695380774033,15.44319600499376,8.61423220973783,0.5867665418227217,0.4207,0.01138,0.0,0.0,0.0,0.0,0.0,0.0,0.0,0.0,0.0,0.0,0.0,1.2305168170631646,24.78260869565218,3.9745693191140288,0.012305168170631669,0.0,0.0,0.0,0.0,0.0,0.0,0.0,0.0,0.0,0.0,0.0,0.0,0.0,0.0,0.0,0.4207,0.01108,0.0,0.0,0.0,0.0,0.0,0.0,0.0,0.0,0.0,0.0,0.0,0.9987515605493118,25.205992509363302,3.7952559300873916,0.0,0.0,0.0,0.0,0.0,0.0,0.0,0.0,0.0,0.0,0.0,0.0,0.0,0.0,0.0,0.0
59700,4621,2428,0.525427396667388,1108,952,0.4457909543388877,1284,0.555723869292361,0.418,2.969904240766074,3.060718101045528,6.479608482871126,2.1284199448704886,8308.787233387651,433.1899135105257,7853.0,8742.596124911308,8720.459969309857,5.905428508428239,7853.0,0.0,28.439731659813894,21.25513273687676,33.36354300385109,19.521195637129733,0.13655053018827093,0.10235879679723003,0.09391906513741614,0.0869941571088509,0.07357714780350573,0.07033109716511578,0.0707639039169011,0.06578662627136983,0.05734689461155594,0.04912356632763471,0.04760874269638606,0.04025102791603549,0.03484094351871889,0.030512876000865614,0.022289547716944386,0.009738151915169876,0.008006924908028566,0.921467977126319,0.02328312416635945,0.0,0.0,0.0,0.0,0.0,0.0,0.0,0.0,0.0,0.0,0.0,0.0,0.0,0.0,0.0,0.0,0.0,0.0,0.0,0.0,0.0,0.0,0.0,0.0,0.0,0.240207747240857,5.109283704825796,15.555074659164687,8.167063406189138,0.9283704825795285,4.1459369817578775,2.8480471170210038,nan,nan,nan,4.174025974025974,2.8786451808528657,4.119402985074627,2.8143585461354195,0.9869135962997707,0.4202,0.01162,0.0,0.0,0.0,0.0,0.0,0.0,0.0,0.0,0.0,0.0,0.0,1.3763254706773407,24.78035057346895,3.843323955853712,0.0,0.0,0.0,0.0,0.0,0.0,0.0,0.0,0.0,0.0,0.0,0.0,0.0,0.0,0.0,0.0,nan,nan,4.1459369817578775,2.8480471170210038,nan,0.4202,0.05502,0.0,0.0,0.0,0.0,0.0,0.0,0.0,0.0,0.0,0.0,0.0,0.0,0.0,0.0,0.0,0.0,0.0,0.0,0.0,0.0,0.0,0.0,0.0026834018610690327,0.0012010387362042848,0.0,0.0006924908028565246,0.009034840943518719,1.0820168794633196e-05,0.00132006059294525,0.00578879030512876,0.0025319194979441678,0.009316165332179181,0.008385630815840726,0.011382817571954123,0.02026617615234798,0.01418524128976412,0.039829041333044796,0.04014282622808916,0.08384548798961264,0.08634494698117291,0.08058861718242805,0.07155377623890932,0.0944925340835317,0.07249513092404242,0.063038303397533,0.03893096732309024,0.021304912356632764,0.036063622592512445,0.031508331529971866,0.0683834667820818,0.01238909326985501,0.031811296256221595,0.011555940272668253,0.01154512010387362,0.006037654187405324,0.003429993507898723,0.0049123566327634715,0.0002596840510711967,0.0011902185674096516,0.0,0.001547284137632547,0.0,0.0,0.0,0.0,0.0,0.0,0.0,0.0,0.0,0.0,0.0,0.0,0.0,0.0,0.0,0.0,0.0,0.0,0.0,0.0,0.0,0.0,0.0,0.0,0.0,0.0,0.0,0.0,0.0,0.0,0.0,0.0,0.0,0.0,0.0,0.0,0.0,0.0,0.0,0.0,nan,nan,4.1459369817578775,2.8480471170210038,nan,0.921041386450535,0.02381414918641721,0.0,0.0,0.0,0.0,0.0,0.0,0.0,0.0,0.0,0.0,0.0,0.0,0.0,0.0,0.0,0.0,0.0,0.0,0.0,0.0,0.0,0.0,0.0,0.0,0.0,0.22240527182866562,5.448929159802308,15.18533772652389,8.228995057660628,0.9143327841845141,0.9219402808932153,0.022671335584587175,0.0,0.0,0.0,0.0,0.0,0.0,0.0,0.0,0.0,0.0,0.0,0.0,0.0,0.0,0.0,0.0,0.0,0.0,0.0,0.0,0.0,0.0,0.0,0.0,0.0,0.25991792065663477,4.7332421340629285,15.964432284541727,8.098495212038305,0.9439124487004106,0.4202,0.011635,0.0,0.0,0.0,0.0,0.0,0.0,0.0,0.0,0.0,0.0,0.0,1.371499176276769,24.81054365733114,3.817957166392093,0.0,0.0,0.0,0.0,0.0,0.0,0.0,0.0,0.0,0.0,0.0,0.0,0.0,0.0,0.0,0.0,0.4204,0.0116,0.0,0.0,0.0,0.0,0.0,0.0,0.0,0.0,0.0,0.0,0.0,1.3816689466484247,24.74692202462381,3.871409028727771,0.0,0.0,0.0,0.0,0.0,0.0,0.0,0.0,0.0,0.0,0.0,0.0,0.0,0.0,0.0,0.0
59800,4464,2305,0.516353046594982,1100,902,0.4484767025089606,1241,0.5560035842293907,0.446,3.0259379342288097,3.1722619224058537,6.839732888146911,2.203584254810843,8300.97548579932,433.5761423940907,7853.0,8739.430446529388,8720.575951673824,5.829740808002543,7853.0,0.0,27.9872311827957,20.85510836324309,33.192793761763916,18.94920941559,0.14650537634408603,0.09341397849462366,0.08870967741935484,0.09274193548387097,0.07414874551971326,0.07482078853046595,0.07123655913978495,0.06384408602150538,0.05622759856630825,0.05622759856630825,0.04681899641577061,0.04121863799283154,0.034722222222222224,0.0264336917562724,0.015232974910394265,0.012768817204301076,0.00492831541218638,0.9216564623605606,0.02317450653297401,0.0,0.0,0.0,0.0,0.0,0.0,0.0,0.0,0.0,0.0,0.0,0.0,0.0,0.0,0.0,0.0,0.0,0.0,0.0,0.0,0.0,0.0,0.0,0.0,0.013440860215053767,0.2016129032258065,5.141129032258065,15.456989247311832,8.380376344086024,0.806451612903226,4.264033264033264,2.9444385160698605,nan,nan,nan,4.23285811269518,2.8952204060878093,4.2965322009908,2.994540090279199,1.015042811878019,0.4207,0.01143,0.0,0.0,0.0,0.0,0.0,0.0,0.0,0.0,0.0,0.0,0.0,1.1491935483870952,24.71102150537635,4.13978494623656,0.0,0.0,0.0,0.0,0.0,0.0,0.0,0.0,0.0,0.0,0.0,0.0,0.0,0.0,0.0,0.0,nan,nan,4.264033264033264,2.9444385160698605,nan,0.4207,0.055,0.0,0.0,0.0,0.0,0.0,0.0,0.0,0.0,0.0,0.0,0.0,0.0,0.0,0.0,0.0,0.0,0.0,0.0,0.0,0.0,4.4802867383512545e-05,0.0,0.0024305555555555556,0.0009184587813620071,0.0,0.0008064516129032258,0.0086581541218638,0.0,0.0017473118279569893,0.004681899641577061,0.0031362007168458782,0.00853494623655914,0.007717293906810036,0.012768817204301076,0.021046146953405016,0.016140232974910393,0.03940412186379928,0.040165770609318995,0.08103718637992832,0.0864247311827957,0.07869623655913978,0.07214381720430108,0.09566532258064517,0.07168458781362007,0.06071908602150538,0.03898969534050179,0.02279345878136201,0.03654793906810036,0.031474014336917565,0.06801075268817204,0.013541666666666667,0.03390456989247312,0.01064068100358423,0.012544802867383513,0.0060707885304659495,0.0030801971326164875,0.005163530465949821,0.00025761648745519715,0.0011312724014336919,0.0,0.0012768817204301076,0.0,0.0,0.0,0.0,0.0,0.0,0.0,0.0,0.0,0.0,0.0,0.0,0.0,0.0,0.0,0.0,0.0,0.0,0.0,0.0,0.0,0.0,0.0,0.0,0.0,0.0,0.0,0.0,0.0,0.0,0.0,0.0,0.0,0.0,0.0,0.0,0.0,0.0,0.0,0.0,nan,nan,4.264033264033264,2.9444385160698605,nan,0.921285210255687,0.023337711425662395,0.0,0.0,0.0,0.0,0.0,0.0,0.0,0.0,0.0,0.0,0.0,0.0,0.0,0.0,0.0,0.0,0.0,0.0,0.0,0.0,0.0,0.0,0.0,0.0,0.02603036876355749,0.24728850325379614,5.28416485900217,15.409978308026034,8.238611713665945,0.7939262472885035,0.9220528199806319,0.022992371540606325,0.0,0.0,0.0,0.0,0.0,0.0,0.0,0.0,0.0,0.0,0.0,0.0,0.0,0.0,0.0,0.0,0.0,0.0,0.0,0.0,0.0,0.0,0.0,0.0,0.0,0.15284854099119966,4.988420565076425,15.507179249652621,8.531727651690598,0.8198239925891618,0.4204,0.011536,0.0,0.0,0.0,0.0,0.0,0.0,0.0,0.0,0.0,0.0,0.0,1.275488069414315,24.767895878524953,3.9566160520607383,0.0,0.0,0.0,0.0,0.0,0.0,0.0,0.0,0.0,0.0,0.0,0.0,0.0,0.0,0.0,0.0,0.421,0.011314,0.0,0.0,0.0,0.0,0.0,0.0,0.0,0.0,0.0,0.0,0.0,1.0143584993052324,24.65030106530802,4.335340435386754,0.0,0.0,0.0,0.0,0.0,0.0,0.0,0.0,0.0,0.0,0.0,0.0,0.0,0.0,0.0,0.0
59900,4641,2396,0.5162680456798104,1163,929,0.45076492135315666,1293,0.557207498383969,0.434,3.0311804008908685,3.2046609549299285,6.790143084260731,2.129473272506285,8300.861923808308,433.53933395378976,7853.0,8740.358260416984,8720.498826541885,5.732188191577984,7853.0,0.0,28.19931049342814,20.966429687489974,33.0920245398773,19.19754473137383,0.14048696401637578,0.09523809523809523,0.09265244559362207,0.0889894419306184,0.07627666451195864,0.07627666451195864,0.07045895281189399,0.06162464985994398,0.052143934496875675,0.05796164619694032,0.0495582848524025,0.04352510234863176,0.03167420814479638,0.02758026287438052,0.01809954751131222,0.010773540185304891,0.006679594914889032,0.9217493341699086,0.022794012379948613,0.0,0.0,0.0,0.0,0.0,0.0,0.0,0.0,0.0,0.0,0.0,0.0,0.0,0.0,0.0,0.0,0.0,0.0,0.0,0.0,0.0,0.0,0.0,0.0,0.006464124111182936,0.2521008403361345,4.925662572721397,15.481577246283132,8.56496444731739,0.7692307692307694,4.258256274768824,2.947136822999197,nan,nan,nan,4.2651715039577835,2.9365993039408105,4.248841826604897,2.9570536735614614,0.9961713902154383,0.42,0.011925,0.0,0.0,0.0,0.0,0.0,0.0,0.0,0.0,0.0,0.0,0.0,1.4608920491273412,24.583063994828706,3.9560439560439566,0.0,0.0,0.0,0.0,0.0,0.0,0.0,0.0,0.0,0.0,0.0,0.0,0.0,0.0,0.0,0.0,nan,nan,4.258256274768824,2.947136822999197,nan,0.42,0.05496,0.0,0.0,0.0,0.0,0.0,0.0,0.0,0.0,0.0,0.0,0.0,0.0,0.0,0.0,0.0,0.0,0.0,0.0,0.0,0.0,0.0,0.0,0.0026502908855850034,0.0008834302951950011,0.0,0.0005602240896358543,0.008888170652876535,4.309416074121957e-05,0.0016052574876104287,0.004126265890971773,0.0033182503770739064,0.009351432880844645,0.007606119370825253,0.011484593837535015,0.02365869424692954,0.01788407670760612,0.04041154923507865,0.03968972204266322,0.07899159663865546,0.09034690799396682,0.08222365869424693,0.06972635207929326,0.093180349062702,0.07170868347338935,0.06136608489549666,0.03659771600948072,0.02393880629174747,0.0359082094376212,0.03051066580478345,0.06678517560870502,0.014533505709976299,0.032471450118508945,0.009922430510665804,0.012174100409394527,0.006711915535444947,0.003759965524671407,0.004201680672268907,0.00034475328592975654,0.0014113337642749407,0.0,0.0010127127774186599,1.0773540185304892e-05,0.0,0.0,0.0,0.0,0.0,0.0,0.0,0.0,0.0,0.0,0.0,0.0,0.0,0.0,0.0,0.0,0.0,0.0,0.0,0.0,0.0,0.0,0.0,0.0,0.0,0.0,0.0,0.0,0.0,0.0,0.0,0.0,0.0,0.0,0.0,0.0,0.0,0.0,0.0,nan,nan,4.258256274768824,2.947136822999197,nan,0.9213075969921727,0.022956089162832392,0.0,0.0,0.0,0.0,0.0,0.0,0.0,0.0,0.0,0.0,0.0,0.0,0.0,0.0,0.0,0.0,0.0,0.0,0.0,0.0,0.0,0.0,0.0,0.0,0.012520868113522541,0.31302170283806346,5.070951585976628,15.338063439065111,8.52671118530885,0.7387312186978299,0.9222207828460133,0.022610234666583295,0.0,0.0,0.0,0.0,0.0,0.0,0.0,0.0,0.0,0.0,0.0,0.0,0.0,0.0,0.0,0.0,0.0,0.0,0.0,0.0,0.0,0.0,0.0,0.0,0.0,0.18708240534521164,4.770601336302896,15.6347438752784,8.605790645879734,0.8017817371937641,0.42,0.01203,0.0,0.0,0.0,0.0,0.0,0.0,0.0,0.0,0.0,0.0,0.0,1.4649415692821348,24.528380634390658,4.006677796327213,0.0,0.0,0.0,0.0,0.0,0.0,0.0,0.0,0.0,0.0,0.0,0.0,0.0,0.0,0.0,0.0,0.42,0.01182,0.0,0.0,0.0,0.0,0.0,0.0,0.0,0.0,0.0,0.0,0.0,1.4565701559020023,24.641425389755018,3.9020044543429853,0.0,0.0,0.0,0.0,0.0,0.0,0.0,0.0,0.0,0.0,0.0,0.0,0.0,0.0,0.0,0.0
60000,4771,2404,0.50387759379585,1129,982,0.44246489205617273,1365,0.5722070844686649,0.414,3.0012674271229405,3.130251983639809,6.622641509433962,2.165800546325248,8290.429948163013,434.0697615102309,7853.0,8741.928214037418,8721.127405443314,5.738251631164353,7853.0,0.0,27.88639698176483,20.74291149053564,32.785536159600994,18.99624297476802,0.14127017396772165,0.09893104171033326,0.09159505344791448,0.08467826451477678,0.07943827289876336,0.07818067491092014,0.07356948228882834,0.05973590442255292,0.05910710542863131,0.058478306434709706,0.046111926220918045,0.038985537623139804,0.03060155103751834,0.024313561098302242,0.017187172500523998,0.011108782225948438,0.00670718926849717,0.9231593177219127,0.023296653818183577,0.0,0.0,0.0,0.0,0.0,0.0,0.0,0.0,0.0,0.0,0.0,0.0,0.0,0.0,0.0,0.0,0.0,0.0,0.0,0.0,0.0,0.0,0.0,0.0,0.0,0.24523160762942783,4.539928736114023,15.103751833997068,9.18675330119472,0.9243345210647664,4.366394779771615,2.859604386464203,nan,nan,nan,4.318925998690243,2.8459328898474214,4.4157449577098244,2.87195160692971,1.02241736928323,0.4207,0.01149,0.0,0.0,0.0,0.0,0.0,0.0,0.0,0.0,0.0,0.0,0.0,1.1129742192412477,24.831272269964373,4.055753510794384,0.0,0.0,0.0,0.0,0.0,0.0,0.0,0.0,0.0,0.0,0.0,0.0,0.0,0.0,0.0,0.0,nan,nan,4.366394779771615,2.859604386464203,nan,0.4207,0.05475,0.0,0.0,0.0,0.0,0.0,0.0,0.0,0.0,0.0,0.0,0.0,0.0,0.0,0.0,0.0,0.0,0.0,0.0,0.0,0.0,0.0,0.0,0.002567595891846573,0.0007650387759379585,0.0,0.00040871934604904634,0.007880947390484176,9.431984908824147e-05,0.0021169566128694194,0.0035003143994969607,0.0027247956403269754,0.009599664640536576,0.007713267658771746,0.011685181303709914,0.02303500314399497,0.016568853489834418,0.04207713267658772,0.037843219450848876,0.07837979459232865,0.0899601760637183,0.08505554391112974,0.06773213162858939,0.09100817438692098,0.07305596311045902,0.060783902745755604,0.03598826241878013,0.02561307901907357,0.037319220289247536,0.02934395304967512,0.06878012995179207,0.014860616223014043,0.03354642632571788,0.008939425696918885,0.012775099559840705,0.007231188430098512,0.004108153426954517,0.0038042339132257387,0.000366799413120939,0.0019911968140850973,2.0959966464053657e-05,0.0007440788094739048,0.0,1.0479983232026829e-05,0.0,0.0,0.0,0.0,0.0,0.0,0.0,0.0,0.0,0.0,0.0,0.0,0.0,0.0,0.0,0.0,0.0,0.0,0.0,0.0,0.0,0.0,0.0,0.0,0.0,0.0,0.0,0.0,0.0,0.0,0.0,0.0,0.0,0.0,0.0,0.0,0.0,0.0,nan,nan,4.366394779771615,2.859604386464203,nan,0.923210627227377,0.023374468372633933,0.0,0.0,0.0,0.0,0.0,0.0,0.0,0.0,0.0,0.0,0.0,0.0,0.0,0.0,0.0,0.0,0.0,0.0,0.0,0.0,0.0,0.0,0.0,0.0,0.0,0.2246256239600666,4.517470881863561,15.049916805324463,9.33444259567388,0.8735440931780368,0.9231072061667223,0.023217239886407406,0.0,0.0,0.0,0.0,0.0,0.0,0.0,0.0,0.0,0.0,0.0,0.0,0.0,0.0,0.0,0.0,0.0,0.0,0.0,0.0,0.0,0.0,0.0,0.0,0.0,0.26615969581749055,4.562737642585552,15.158428390367558,9.036755386565273,0.975918884664132,0.421,0.01142,0.0,0.0,0.0,0.0,0.0,0.0,0.0,0.0,0.0,0.0,0.0,0.960898502495839,24.84608985024959,4.193011647254576,0.0,0.0,0.0,0.0,0.0,0.0,0.0,0.0,0.0,0.0,0.0,0.0,0.0,0.0,0.0,0.0,0.4204,0.01157,0.0,0.0,0.0,0.0,0.0,0.0,0.0,0.0,0.0,0.0,0.0,1.267427122940429,24.816223067173645,3.9163498098859324,0.0,0.0,0.0,0.0,0.0,0.0,0.0,0.0,0.0,0.0,0.0,0.0,0.0,0.0,0.0,0.0
60100,5013,2627,0.5240375024935169,1213,1027,0.4468382206263714,1414,0.5641332535407939,0.414,3.048197820620285,3.148161509988162,6.762481089258699,2.174570933738478,8307.835947734573,433.49107283663693,7853.0,8743.497349107265,8720.945415300115,5.774513005924838,7853.0,0.0,27.94494314781568,20.992540943061645,32.94361170592434,19.244569893146156,0.13923798124875325,0.10053859964093358,0.09794534211051267,0.08597646120087772,0.07899461400359066,0.07301017354877319,0.06961899062437663,0.06343506882106523,0.05705166566925993,0.050867743865948535,0.04528226610811889,0.03869938160781967,0.03490923598643527,0.028126870137642132,0.020347097546379412,0.008378216636744464,0.007580291242768801,0.9221525033053443,0.023190746443072573,0.0,0.0,0.0,0.0,0.0,0.0,0.0,0.0,0.0,0.0,0.0,0.0,0.0,0.0,0.0,0.0,0.0,0.0,0.0,0.0,0.0,0.0,0.0,0.0,0.005984440454817476,0.251346499102334,4.709754637941353,15.685218432076605,8.55774985038899,0.7899461400359068,4.427326486150015,2.956068035494947,nan,nan,nan,4.384710234278669,2.9588152073843506,4.470773098680075,2.9526315856168956,1.0196279479835604,0.4204,0.01139,0.0,0.0,0.0,0.0,0.0,0.0,0.0,0.0,0.0,0.0,0.0,1.1729503291442234,24.931178934769605,3.895870736086177,0.0,0.0,0.0,0.0,0.0,0.0,0.0,0.0,0.0,0.0,0.0,0.0,0.0,0.0,0.0,0.0,nan,nan,4.427326486150015,2.956068035494947,nan,0.4204,0.05475,0.0,0.0,0.0,0.0,0.0,0.0,0.0,0.0,0.0,0.0,0.0,0.0,0.0,0.0,0.0,0.0,0.0,0.0,0.0,0.0,2.992220227408737e-05,9.97406742469579e-06,0.0023638539796529026,0.0007081587871534011,0.0,0.00018950728106922004,0.008378216636744464,7.979253939756632e-05,0.002294035507680032,0.0037701974865350088,0.0025134649910233393,0.009206064232994216,0.008807101536006383,0.0116098144823459,0.02122481547975264,0.01813285457809695,0.04199082385796928,0.03877917414721724,0.07905445840813884,0.08986634749650908,0.08536804308797127,0.06859166167963296,0.08863953720327149,0.07338918811091164,0.060492718930779975,0.033123877917414724,0.02492519449431478,0.03911829243965689,0.030700179533213644,0.0689407540394973,0.013913824057450628,0.03357271095152603,0.00909634949132256,0.014731697586275683,0.00623379214043487,0.004199082385796928,0.0038001196888090964,0.0003191701575902653,0.001476161978854977,3.989626969878316e-05,0.0003191701575902653,0.0,0.0,0.0,0.0,0.0,0.0,0.0,0.0,0.0,0.0,0.0,0.0,0.0,0.0,0.0,0.0,0.0,0.0,0.0,0.0,0.0,0.0,0.0,0.0,0.0,0.0,0.0,0.0,0.0,0.0,0.0,0.0,0.0,0.0,0.0,0.0,0.0,0.0,0.0,0.0,nan,nan,4.427326486150015,2.956068035494947,nan,0.9226463839133793,0.023340164702561454,0.0,0.0,0.0,0.0,0.0,0.0,0.0,0.0,0.0,0.0,0.0,0.0,0.0,0.0,0.0,0.0,0.0,0.0,0.0,0.0,0.0,0.0,0.0,0.0,0.0,0.2740768937952037,4.704986676817664,15.222687476208606,8.987438142367722,0.810810810810811,0.9216087378580232,0.023012858723367426,0.0,0.0,0.0,0.0,0.0,0.0,0.0,0.0,0.0,0.0,0.0,0.0,0.0,0.0,0.0,0.0,0.0,0.0,0.0,0.0,0.0,0.0,0.0,0.0,0.012573344509639567,0.2263202011735122,4.715004191114837,16.194467728415763,8.084660519698241,0.7669740150880135,0.4207,0.01146,0.0,0.0,0.0,0.0,0.0,0.0,0.0,0.0,0.0,0.0,0.0,1.1419870574800135,24.792539017891137,4.065473924628855,0.0,0.0,0.0,0.0,0.0,0.0,0.0,0.0,0.0,0.0,0.0,0.0,0.0,0.0,0.0,0.0,0.4204,0.01131,0.0,0.0,0.0,0.0,0.0,0.0,0.0,0.0,0.0,0.0,0.0,1.2070410729253964,25.083822296730936,3.7091366303436724,0.0,0.0,0.0,0.0,0.0,0.0,0.0,0.0,0.0,0.0,0.0,0.0,0.0,0.0,0.0,0.0
60200,4839,2506,0.5178755941310188,1162,993,0.4453399462698905,1365,0.5641661500309981,0.418,2.9541363051864553,3.0716610875132457,6.500770416024653,2.108844685786603,8302.182641090605,433.4203999729539,7853.0,8739.62417896986,8720.356265058834,5.714292600139006,7853.0,0.0,28.192188468691878,21.002481007184443,33.284304047384005,19.151139922986463,0.1444513329200248,0.09402769167183303,0.08658813804505062,0.09134118619549493,0.07811531308121512,0.0741888820004133,0.06964248811737962,0.06447613143211407,0.0572432320727423,0.04980367844595991,0.04835709857408556,0.04773713577185369,0.03244471998346766,0.025005166356685267,0.018598884066955982,0.009712750568299235,0.008266170696424881,0.9210762946683037,0.023177998033306377,0.0,0.0,0.0,0.0,0.0,0.0,0.0,0.0,0.0,0.0,0.0,0.0,0.0,0.0,0.0,0.0,0.0,0.0,0.0,0.0,0.0,0.0,0.0,0.0,0.006199628022318662,0.2913825170489771,5.244885306881589,15.263484190948546,8.52448853068816,0.6695598264104156,4.2353128991060025,2.8340417411308856,nan,nan,nan,4.311381074168798,2.861392786890579,4.1601786853860885,2.8051819982622623,0.9649294770790215,0.4197,0.0115,0.0,0.0,0.0,0.0,0.0,0.0,0.0,0.0,0.0,0.0,0.0,1.4197148171109713,25.07749535027899,3.502789832610044,0.0,0.0,0.0,0.0,0.0,0.0,0.0,0.0,0.0,0.0,0.0,0.0,0.0,0.0,0.0,0.0,nan,nan,4.2353128991060025,2.8340417411308856,nan,0.4197,0.0544,0.0,0.0,0.0,0.0,0.0,0.0,0.0,0.0,0.0,0.0,0.0,0.0,0.0,0.0,0.0,0.0,0.0,0.0,0.0,0.0,4.1330853482124403e-05,0.0,0.002572845629262244,0.0006406282289729283,0.0,3.0998140111593304e-05,0.007439553626782393,8.266170696424881e-05,0.0023765240752221532,0.004567059309774747,0.00225253151477578,0.009795412275263484,0.008359165116759661,0.010973341599504029,0.022587311427980986,0.01886753461458979,0.042756767927257695,0.04065922711303988,0.07974788179375904,0.08943996693531721,0.08752841496176895,0.07101673899566026,0.08749741682165736,0.07410622029344906,0.06040504236412482,0.03262037611076669,0.021812357925191154,0.037404422401322586,0.02906592271130399,0.0682062409588758,0.015209754081421781,0.033343666046703864,0.008638148377764,0.014310808018185576,0.0057966522008679475,0.0036371151064269478,0.004257077908658814,0.000506302955156024,0.0012399256044637321,4.1330853482124403e-05,0.00016532341392849761,0.0,0.0,0.0,0.0,0.0,0.0,0.0,0.0,0.0,0.0,0.0,0.0,0.0,0.0,0.0,0.0,0.0,0.0,0.0,0.0,0.0,0.0,0.0,0.0,0.0,0.0,0.0,0.0,0.0,0.0,0.0,0.0,0.0,0.0,0.0,0.0,0.0,0.0,0.0,0.0,nan,nan,4.2353128991060025,2.8340417411308856,nan,0.9209373030582619,0.023415648060946155,0.0,0.0,0.0,0.0,0.0,0.0,0.0,0.0,0.0,0.0,0.0,0.0,0.0,0.0,0.0,0.0,0.0,0.0,0.0,0.0,0.0,0.0,0.0,0.0,0.0,0.3351955307262571,5.291300877893058,15.131683958499604,8.547486033519554,0.6943335993615325,0.9212255929858195,0.022919041659270174,0.0,0.0,0.0,0.0,0.0,0.0,0.0,0.0,0.0,0.0,0.0,0.0,0.0,0.0,0.0,0.0,0.0,0.0,0.0,0.0,0.0,0.0,0.0,0.0,0.012858979854264898,0.24432061723103304,5.195027861123019,15.405057865409347,8.499785683669097,0.6429489927132448,0.4197,0.01132,0.0,0.0,0.0,0.0,0.0,0.0,0.0,0.0,0.0,0.0,0.0,1.4126097366320811,25.235434956105355,3.3519553072625707,0.0,0.0,0.0,0.0,0.0,0.0,0.0,0.0,0.0,0.0,0.0,0.0,0.0,0.0,0.0,0.0,0.4197,0.01168,0.0,0.0,0.0,0.0,0.0,0.0,0.0,0.0,0.0,0.0,0.0,1.4273467638234012,24.907843977711106,3.6648092584654957,0.0,0.0,0.0,0.0,0.0,0.0,0.0,0.0,0.0,0.0,0.0,0.0,0.0,0.0,0.0,0.0
60300,4937,2555,0.517520761596111,1194,1012,0.4468300587401256,1410,0.5711970832489366,0.41,2.9655751469353486,3.0872545580417805,6.513432835820896,2.119342021406155,8301.81020555787,433.36923302168907,7853.0,8741.369315618276,8720.231305220821,5.770437572291641,7853.0,0.0,27.944905813246912,20.816651956050674,32.99104333091261,19.00769167784913,0.1425967186550537,0.09925055701843224,0.08993315778813045,0.08507190601579907,0.08284383228681386,0.07676726757139964,0.0646141381405712,0.06279116872594694,0.06137330362568361,0.0544865302815475,0.04395381810816285,0.04010532712173385,0.038687462021470526,0.024103706704476403,0.01782458983188171,0.009925055701843224,0.005671460401053271,0.9203825573557081,0.022928394914985568,0.0,0.0,0.0,0.0,0.0,0.0,0.0,0.0,0.0,0.0,0.0,0.0,0.0,0.0,0.0,0.0,0.0,0.0,0.0,0.0,0.0,0.0,0.0,0.0,0.0,0.29775167105529676,5.280534737694958,15.720072918776587,8.069677942070085,0.6319627304030789,4.329153605015674,2.8938584148148716,nan,nan,nan,4.3142501555693835,2.9007974432462373,4.344283006948832,2.88671842197426,1.0069613143180114,0.4197,0.01163,0.0,0.0,0.0,0.0,0.0,0.0,0.0,0.0,0.0,0.0,0.0,1.4097630139760968,24.87745594490582,3.7127810411180886,0.0,0.0,0.0,0.0,0.0,0.0,0.0,0.0,0.0,0.0,0.0,0.0,0.0,0.0,0.0,0.0,nan,nan,4.329153605015674,2.8938584148148716,nan,0.4197,0.05447,0.0,0.0,0.0,0.0,0.0,0.0,0.0,0.0,0.0,0.0,0.0,0.0,0.0,0.0,0.0,0.0,0.0,0.0,0.0,0.0,0.0,0.0,0.0018432246303423131,0.00046586996151509014,0.0,3.0382823577071095e-05,0.0074336641685233944,0.0001721693336034029,0.0020255215718047396,0.004851124164472352,0.0024306258861656878,0.010188373506177842,0.009185740328134495,0.011383431233542638,0.022544055094186752,0.01936398622645331,0.044622240226858415,0.04165485112416447,0.07842819526027953,0.0887583552764837,0.08483897103504152,0.07360745391938424,0.08988251974883532,0.07244277901559652,0.05822361758152724,0.030767672675713998,0.023101073526433057,0.03606441158598339,0.029866315576260887,0.06902977516710553,0.013986226453311728,0.03316791573830261,0.008719870366619404,0.014522989669839984,0.005711970832489366,0.00416244683005874,0.004648572007291877,0.00038484909864290053,0.0013976098845452703,0.0,9.114847073121329e-05,0.0,0.0,0.0,0.0,0.0,0.0,0.0,0.0,0.0,0.0,0.0,0.0,0.0,0.0,0.0,0.0,0.0,0.0,0.0,0.0,0.0,0.0,0.0,0.0,0.0,0.0,0.0,0.0,0.0,0.0,0.0,0.0,0.0,0.0,0.0,0.0,0.0,0.0,0.0,0.0,nan,nan,4.329153605015674,2.8938584148148716,nan,0.9204805532313606,0.02310393914760366,0.0,0.0,0.0,0.0,0.0,0.0,0.0,0.0,0.0,0.0,0.0,0.0,0.0,0.0,0.0,0.0,0.0,0.0,0.0,0.0,0.0,0.0,0.0,0.0,0.0,0.3287671232876713,5.225048923679062,15.639921722113506,8.090019569471625,0.7162426614481411,0.92027744423132,0.022738125406099884,0.0,0.0,0.0,0.0,0.0,0.0,0.0,0.0,0.0,0.0,0.0,0.0,0.0,0.0,0.0,0.0,0.0,0.0,0.0,0.0,0.0,0.0,0.0,0.0,0.0,0.2644836272040303,5.340050377833754,15.806045340050382,8.047858942065492,0.5415617128463477,0.4197,0.011635,0.0,0.0,0.0,0.0,0.0,0.0,0.0,0.0,0.0,0.0,0.0,1.455968688845399,24.810176125244624,3.7338551859099813,0.0,0.0,0.0,0.0,0.0,0.0,0.0,0.0,0.0,0.0,0.0,0.0,0.0,0.0,0.0,0.0,0.4197,0.01163,0.0,0.0,0.0,0.0,0.0,0.0,0.0,0.0,0.0,0.0,0.0,1.3602015113350108,24.949622166246858,3.6901763224181368,0.0,0.0,0.0,0.0,0.0,0.0,0.0,0.0,0.0,0.0,0.0,0.0,0.0,0.0,0.0,0.0
60400,4990,2667,0.5344689378757514,1241,997,0.44849699398797593,1378,0.5523046092184368,0.43,3.0572535514421006,3.1669968146159273,6.726153846153847,2.2406233283192165,8316.550665186693,432.64370088187343,7853.0,8741.717952156067,8720.31076838455,5.690572089485923,7853.0,0.0,27.90881763527054,20.804989728428364,32.96598802395209,18.977460127374375,0.14428857715430862,0.09939879759519038,0.08637274549098196,0.08617234468937876,0.0781563126252505,0.08176352705410822,0.06352705410821644,0.06753507014028057,0.061322645290581165,0.05190380761523046,0.04448897795591182,0.04468937875751503,0.03206412825651302,0.024649298597194388,0.01743486973947896,0.009619238476953907,0.006613226452905812,0.9202759540749934,0.02270568851205598,0.0,0.0,0.0,0.0,0.0,0.0,0.0,0.0,0.0,0.0,0.0,0.0,0.0,0.0,0.0,0.0,0.0,0.0,0.0,0.0,0.0,0.0,0.0,0.0,0.006012024048096194,0.2585170340681363,5.200400801603208,16.09418837675351,7.761523046092186,0.67935871743487,4.262929699597398,2.9509132014560606,nan,nan,nan,4.348623853211009,2.955250798245716,4.175031367628607,2.9438669684616796,0.9600810528934983,0.4197,0.01165,0.0,0.0,0.0,0.0,0.0,0.0,0.0,0.0,0.0,0.0,0.0,1.4248496993987956,25.010020040080168,3.565130260521043,0.0,0.0,0.0,0.0,0.0,0.0,0.0,0.0,0.0,0.0,0.0,0.0,0.0,0.0,0.0,0.0,nan,nan,4.262929699597398,2.9509132014560606,nan,0.4197,0.0546,0.0,0.0,0.0,0.0,0.0,0.0,0.0,0.0,0.0,0.0,0.0,0.0,0.0,0.0,0.0,0.0,0.0,0.0,0.0,0.0,5.01002004008016e-05,0.0,0.002094188376753507,0.0006112224448897796,0.0,2.004008016032064e-05,0.007204408817635271,0.0002705410821643287,0.002004008016032064,0.005170340681362726,0.001743486973947896,0.010390781563126252,0.009088176352705412,0.011603206412825652,0.022985971943887774,0.019488977955911823,0.043637274549098194,0.040130260521042085,0.07786573146292586,0.08958917835671343,0.08312625250501002,0.07556112224448898,0.0917434869739479,0.0734569138276553,0.05778557114228457,0.02944889779559118,0.02246492985971944,0.03643286573146293,0.030721442885771545,0.06864729458917836,0.013907815631262525,0.03317635270541082,0.008617234468937876,0.012855711422845691,0.00655310621242485,0.004418837675350702,0.005140280561122245,0.0003507014028056112,0.0016032064128256513,3.0060120240480963e-05,1.002004008016032e-05,0.0,0.0,0.0,0.0,0.0,0.0,0.0,0.0,0.0,0.0,0.0,0.0,0.0,0.0,0.0,0.0,0.0,0.0,0.0,0.0,0.0,0.0,0.0,0.0,0.0,0.0,0.0,0.0,0.0,0.0,0.0,0.0,0.0,0.0,0.0,0.0,0.0,0.0,0.0,0.0,nan,nan,4.262929699597398,2.9509132014560606,nan,0.9207917233509297,0.022634137253558163,0.0,0.0,0.0,0.0,0.0,0.0,0.0,0.0,0.0,0.0,0.0,0.0,0.0,0.0,0.0,0.0,0.0,0.0,0.0,0.0,0.0,0.0,0.0,0.0,0.011248593925759283,0.28121484814398207,4.848143982002251,16.28796400449944,7.885264341957257,0.6861642294713163,0.9196838074288797,0.022773158924860266,0.0,0.0,0.0,0.0,0.0,0.0,0.0,0.0,0.0,0.0,0.0,0.0,0.0,0.0,0.0,0.0,0.0,0.0,0.0,0.0,0.0,0.0,0.0,0.0,0.0,0.23245802841153684,5.604821351700389,15.871717606543266,7.619457597933708,0.6715454154111066,0.4197,0.01177,0.0,0.0,0.0,0.0,0.0,0.0,0.0,0.0,0.0,0.0,0.0,1.496062992125982,24.870641169853773,3.6332958380202482,0.0,0.0,0.0,0.0,0.0,0.0,0.0,0.0,0.0,0.0,0.0,0.0,0.0,0.0,0.0,0.0,0.4197,0.01151,0.0,0.0,0.0,0.0,0.0,0.0,0.0,0.0,0.0,0.0,0.0,1.3430908308222107,25.170038743004742,3.486870426173053,0.0,0.0,0.0,0.0,0.0,0.0,0.0,0.0,0.0,0.0,0.0,0.0,0.0,0.0,0.0,0.0
60500,5028,2592,0.5155131264916468,1227,1028,0.4484884645982498,1400,0.5568814638027049,0.418,2.9326765188834156,3.0793394194034516,6.425438596491228,2.255337194360235,8300.01808740106,433.37691241665397,7853.0,8739.1439802289,8720.132308430757,5.724386035847605,7853.0,0.0,27.57875894988067,20.74369967638585,32.50830959164293,19.060100808273077,0.13762927605409706,0.10441527446300716,0.0956642800318218,0.08870326173428798,0.08432776451869531,0.07537788385043755,0.07000795544948289,0.05807478122513922,0.056881463802704854,0.0552903739061257,0.0441527446300716,0.03739061256961018,0.0332140015910899,0.023269689737470168,0.018297533810660304,0.009148766905330152,0.008154335719968177,0.9198283457457308,0.02281251966811236,0.0,0.0,0.0,0.0,0.0,0.0,0.0,0.0,0.0,0.0,0.0,0.0,0.0,0.0,0.0,0.0,0.0,0.0,0.0,0.0,0.0,0.0,0.0,0.0,0.005966587112171839,0.3102625298329357,5.572792362768498,15.680190930787592,7.893794749403343,0.5369928400954654,4.239480198019802,2.895276235919666,nan,nan,nan,4.1833952912019825,2.8720887953205474,4.295426452410383,2.9171487081999574,1.0267799606324584,0.4197,0.01166,0.0,0.0,0.0,0.0,0.0,0.0,0.0,0.0,0.0,0.0,0.0,1.5155131264916446,24.844868735083537,3.639618138424822,0.0,0.0,0.0,0.0,0.0,0.0,0.0,0.0,0.0,0.0,0.0,0.0,0.0,0.0,0.0,0.0,nan,nan,4.239480198019802,2.895276235919666,nan,0.4197,0.0544,0.0,0.0,0.0,0.0,0.0,0.0,0.0,0.0,0.0,0.0,0.0,0.0,0.0,0.0,0.0,0.0,0.0,0.0,0.0,0.0,0.0001690533015115354,0.0,0.0020186953062848053,0.0006066030230708035,0.0,8.949880668257756e-05,0.006732299124900557,0.00011933174224343676,0.0016706443914081145,0.0055787589498806685,0.0016308671439936356,0.010839299920445505,0.008999602227525855,0.011326571201272872,0.02416467780429594,0.018605807478122512,0.04124900556881464,0.04024463007159904,0.0761535401750199,0.09095067621320604,0.08549124900556881,0.07629276054097056,0.09498806682577565,0.07331941129673826,0.057249403341288786,0.02793357199681782,0.023687350835322196,0.037987271280827364,0.030638424821002385,0.06635839299920446,0.011823786793953859,0.03293556085918854,0.008969769291964996,0.011624900556881463,0.007169848846459825,0.004713603818615752,0.005658313444709626,0.0004176610978520286,0.0015612569610182975,0.0,1.988862370723946e-05,0.0,9.94431185361973e-06,0.0,0.0,0.0,0.0,0.0,0.0,0.0,0.0,0.0,0.0,0.0,0.0,0.0,0.0,0.0,0.0,0.0,0.0,0.0,0.0,0.0,0.0,0.0,0.0,0.0,0.0,0.0,0.0,0.0,0.0,0.0,0.0,0.0,0.0,0.0,0.0,0.0,0.0,nan,nan,4.239480198019802,2.895276235919666,nan,0.9200124138575277,0.0229288102013014,0.0,0.0,0.0,0.0,0.0,0.0,0.0,0.0,0.0,0.0,0.0,0.0,0.0,0.0,0.0,0.0,0.0,0.0,0.0,0.0,0.0,0.0,0.0,0.0,0.0,0.3125000000000001,5.3819444444444455,15.84490740740741,7.870370370370372,0.5902777777777779,0.9196324900208631,0.022686487518574643,0.0,0.0,0.0,0.0,0.0,0.0,0.0,0.0,0.0,0.0,0.0,0.0,0.0,0.0,0.0,0.0,0.0,0.0,0.0,0.0,0.0,0.0,0.0,0.0,0.012315270935960593,0.30788177339901485,5.775862068965519,15.504926108374388,7.918719211822662,0.48029556650246313,0.4197,0.011505,0.0,0.0,0.0,0.0,0.0,0.0,0.0,0.0,0.0,0.0,0.0,1.4930555555555534,24.942129629629637,3.5648148148148153,0.0,0.0,0.0,0.0,0.0,0.0,0.0,0.0,0.0,0.0,0.0,0.0,0.0,0.0,0.0,0.0,0.4197,0.01182,0.0,0.0,0.0,0.0,0.0,0.0,0.0,0.0,0.0,0.0,0.0,1.5394088669950716,24.741379310344833,3.719211822660099,0.0,0.0,0.0,0.0,0.0,0.0,0.0,0.0,0.0,0.0,0.0,0.0,0.0,0.0,0.0,0.0
60600,4588,2339,0.5098081952920662,1102,978,0.45335658238884047,1317,0.574106364428945,0.40199999999999997,2.882169853268119,3.056440692542959,6.597682119205298,2.0374136129116316,8295.212443996095,433.6413644613543,7853.0,8740.314824426174,8720.409445512649,5.846786998827822,7853.0,0.0,27.87271142109852,20.796213353837015,32.759844559585495,19.050358515296516,0.13535309503051438,0.09917175239755885,0.09655623365300785,0.09176111595466434,0.07999128160418482,0.07279860505666957,0.06756756756756757,0.06604184829991282,0.060810810810810814,0.05448997384481256,0.04380993897122929,0.03879686137750654,0.03400174367916303,0.022885789014821273,0.017654751525719267,0.01024411508282476,0.008064516129032258,0.9212152639236675,0.023318132277307252,0.0,0.0,0.0,0.0,0.0,0.0,0.0,0.0,0.0,0.0,0.0,0.0,0.0,0.0,0.0,0.0,0.0,0.0,0.0,0.0,0.0,0.0,0.0,0.0,0.0,0.22885789014821278,5.407585004359199,15.490409764603315,8.068875326939844,0.8042720139494335,4.178691840863116,2.8237322282179163,nan,nan,nan,4.236753856472166,2.8119494335444735,4.12,2.8343845175311584,0.9724426151654266,0.4192,0.011765,0.0,0.0,0.0,0.0,0.0,0.0,0.0,0.0,0.0,0.0,0.0,1.6281604184829968,24.991281604184838,3.3805579773321717,0.0,0.0,0.0,0.0,0.0,0.0,0.0,0.0,0.0,0.0,0.0,0.0,0.0,0.0,0.0,0.0,nan,nan,4.178691840863116,2.8237322282179163,nan,0.4192,0.0544,0.0,0.0,0.0,0.0,0.0,0.0,0.0,0.0,0.0,0.0,0.0,0.0,0.0,0.0,0.0,0.0,0.0,0.0,0.0,0.0,0.00016346992153443767,0.0,0.0024411508282476025,0.0007737576285963383,0.0,2.1795989537925023e-05,0.005350915431560593,4.359197907585005e-05,0.0013186573670444638,0.006342632955536181,0.002070619006102877,0.011878814298169137,0.008729293809938971,0.01172624237140366,0.024280732345248475,0.018777244986922407,0.04268744551002616,0.03979947689625109,0.07879250217959895,0.09113993025283348,0.08190932868352223,0.07522885789014822,0.097384481255449,0.07163251961639058,0.05872929380993897,0.029054054054054056,0.02122929380993897,0.039439843068875324,0.030329119442022667,0.06646687009590235,0.010810810810810811,0.03200741063644289,0.008881865736704447,0.011976896251089799,0.005808631211857018,0.0044899738448125545,0.006081081081081081,0.0003923278116826504,0.0018090671316477768,0.0,0.0,0.0,0.0,0.0,0.0,0.0,0.0,0.0,0.0,0.0,0.0,0.0,0.0,0.0,0.0,0.0,0.0,0.0,0.0,0.0,0.0,0.0,0.0,0.0,0.0,0.0,0.0,0.0,0.0,0.0,0.0,0.0,0.0,0.0,0.0,0.0,0.0,0.0,0.0,0.0,0.0,nan,nan,4.178691840863116,2.8237322282179163,nan,0.9213303113248726,0.02351705735937469,0.0,0.0,0.0,0.0,0.0,0.0,0.0,0.0,0.0,0.0,0.0,0.0,0.0,0.0,0.0,0.0,0.0,0.0,0.0,0.0,0.0,0.0,0.0,0.0,0.0,0.19238991021804194,5.399743480119711,15.596408721675934,7.900812312954256,0.9106455750320652,0.9210956125802175,0.023108822632889107,0.0,0.0,0.0,0.0,0.0,0.0,0.0,0.0,0.0,0.0,0.0,0.0,0.0,0.0,0.0,0.0,0.0,0.0,0.0,0.0,0.0,0.0,0.0,0.0,0.0,0.26678523788350383,5.415740329035128,15.380168963983996,8.243663850600269,0.69364161849711,0.4197,0.011856,0.0,0.0,0.0,0.0,0.0,0.0,0.0,0.0,0.0,0.0,0.0,1.526293287729797,24.856776400171018,3.6169303120991882,0.0,0.0,0.0,0.0,0.0,0.0,0.0,0.0,0.0,0.0,0.0,0.0,0.0,0.0,0.0,0.0,0.419,0.011665,0.0,0.0,0.0,0.0,0.0,0.0,0.0,0.0,0.0,0.0,0.0,1.7341040462427721,25.13116940862606,3.13472654513117,0.0,0.0,0.0,0.0,0.0,0.0,0.0,0.0,0.0,0.0,0.0,0.0,0.0,0.0,0.0,0.0
60700,4561,2334,0.5117298837974128,1053,945,0.43806182854637143,1304,0.5718044288533216,0.426,3.0229007633587788,3.1967254280805006,6.825370675453048,2.174242389818515,8296.659936368911,433.39018984159424,7853.0,8739.335468256473,8719.980706846018,5.693903458124786,7853.0,0.0,27.47971935978952,20.8314688145366,32.521796218487395,19.10938624267976,0.1447051085288314,0.10282832712124534,0.09076956807717605,0.09559307169480377,0.07717605788204342,0.07125630344222758,0.07103705327778996,0.06029379522034641,0.0554702916027187,0.05283928962946722,0.048015786011839506,0.04209603157202368,0.029598772199079148,0.02236351677263758,0.01841701381276036,0.010743258057443543,0.006796755097566323,0.9195704508366174,0.023374740448960207,0.0,0.0,0.0,0.0,0.0,0.0,0.0,0.0,0.0,0.0,0.0,0.0,0.0,0.0,0.0,0.0,0.0,0.0,0.0,0.0,0.0,0.0,0.0,0.0,0.0065775049331287016,0.4275378206533656,5.538259153694367,15.871519403639557,7.432580574435432,0.7235255426441571,4.458146744746814,2.973337994925182,nan,nan,nan,4.543702684101858,2.986834483813169,4.371290545203589,2.957981061075524,0.9620547049652854,0.4197,0.01157,0.0,0.0,0.0,0.0,0.0,0.0,0.0,0.0,0.0,0.0,0.0,1.2891909668932233,24.91558868669152,3.7952203464152605,0.0,0.0,0.0,0.0,0.0,0.0,0.0,0.0,0.0,0.0,0.0,0.0,0.0,0.0,0.0,0.0,nan,nan,4.458146744746814,2.973337994925182,nan,0.4197,0.0543,0.0,0.0,0.0,0.0,0.0,0.0,0.0,0.0,0.0,0.0,0.0,0.0,0.0,0.0,0.0,0.0,0.0,0.0,0.0,0.0,6.5775049331287e-05,0.0,0.0020390265292698968,0.0006687130015347512,0.0,4.385003288752467e-05,0.005009866257399693,0.0,0.0011620258715194036,0.0058210918658189,0.002543301907476431,0.010425345319008988,0.007059855294891471,0.013275597456698093,0.02593729445297084,0.019677702258276693,0.04480377110282833,0.04018855514141636,0.0784038588028941,0.08614338960754221,0.08250383687787766,0.07320762990572242,0.10160052620039466,0.06964481473361105,0.055579916684937516,0.03093619820214865,0.020916465687349266,0.03896075422056566,0.0313746985310239,0.06859241394431045,0.010304757728568297,0.03193378645033984,0.008671344003508002,0.013483885112913836,0.006818680114010086,0.0035737776803332604,0.006259592194694146,0.0004056128042096032,0.0019403639552729665,2.1925016443762334e-05,0.0,0.0,0.0,0.0,0.0,0.0,0.0,0.0,0.0,0.0,0.0,0.0,0.0,0.0,0.0,0.0,0.0,0.0,0.0,0.0,0.0,0.0,0.0,0.0,0.0,0.0,0.0,0.0,0.0,0.0,0.0,0.0,0.0,0.0,0.0,0.0,0.0,0.0,0.0,0.0,0.0,nan,nan,4.458146744746814,2.973337994925182,nan,0.9195596202122623,0.022954094046973288,0.0,0.0,0.0,0.0,0.0,0.0,0.0,0.0,0.0,0.0,0.0,0.0,0.0,0.0,0.0,0.0,0.0,0.0,0.0,0.0,0.0,0.0,0.0,0.0,0.0,0.35989717223650397,5.514138817480721,16.131105398457585,7.352185089974294,0.6426735218508999,0.9195818018367272,0.023807617135233803,0.0,0.0,0.0,0.0,0.0,0.0,0.0,0.0,0.0,0.0,0.0,0.0,0.0,0.0,0.0,0.0,0.0,0.0,0.0,0.0,0.0,0.0,0.0,0.0,0.013471037269869783,0.49842837898518194,5.563538392456221,15.59946115850921,7.516838796587339,0.808262236192187,0.4194,0.01156,0.0,0.0,0.0,0.0,0.0,0.0,0.0,0.0,0.0,0.0,0.0,1.3753213367609236,25.012853470437026,3.6118251928020575,0.0,0.0,0.0,0.0,0.0,0.0,0.0,0.0,0.0,0.0,0.0,0.0,0.0,0.0,0.0,0.0,0.4202,0.01159,0.0,0.0,0.0,0.0,0.0,0.0,0.0,0.0,0.0,0.0,0.0,1.1989223170184087,24.81365065110014,3.9874270318814555,0.0,0.0,0.0,0.0,0.0,0.0,0.0,0.0,0.0,0.0,0.0,0.0,0.0,0.0,0.0,0.0
60800,4836,2549,0.5270885028949545,1184,964,0.4441687344913151,1352,0.5591397849462365,0.41,3.040227372103192,3.08006404581979,6.473293768545994,2.0885512732797435,8310.035718930345,432.9307587576867,7853.0,8738.131617987156,8720.094835914926,5.742022847273589,7853.0,0.0,28.478494623655912,20.998408519399096,33.33782129742962,19.218563844170234,0.13399503722084366,0.09449958643507031,0.09367245657568238,0.0913978494623656,0.07981803143093466,0.07485525227460711,0.06720430107526881,0.06224152191894127,0.05314309346567411,0.05707196029776675,0.05024813895781638,0.0423904052936311,0.036807278742762614,0.02543424317617866,0.017783291976840365,0.01282051282051282,0.006617038875103391,0.9189707052618931,0.023469114159537167,0.0,0.0,0.0,0.0,0.0,0.0,0.0,0.0,0.0,0.0,0.0,0.0,0.0,0.0,0.0,0.0,0.0,0.0,0.0,0.0,0.0,0.0,0.0,0.0,0.012406947890818861,0.41563275434243185,5.794044665012408,15.738213399503724,7.419354838709679,0.620347394540943,4.27134724857685,2.8806747784553313,nan,nan,nan,4.165315034310668,2.90536873879446,4.380372033354715,2.8509520802870023,1.0516304282563438,0.4202,0.0114,0.0,0.0,0.0,0.0,0.0,0.0,0.0,0.0,0.0,0.0,0.0,1.197270471464018,25.080645161290327,3.7220843672456585,0.0,0.0,0.0,0.0,0.0,0.0,0.0,0.0,0.0,0.0,0.0,0.0,0.0,0.0,0.0,0.0,nan,nan,4.27134724857685,2.8806747784553313,nan,0.4202,0.0543,0.0,0.0,0.0,0.0,0.0,0.0,0.0,0.0,0.0,0.0,0.0,0.0,0.0,0.0,0.0,0.0,0.0,0.0,0.0,0.0,1.0339123242349049e-05,0.0,0.0017162944582299422,0.000630686517783292,0.0,7.237386269644334e-05,0.004869727047146402,0.0,0.0013337468982630273,0.006017369727047146,0.0028639371381306866,0.010638957816377172,0.0061104218362282876,0.012665425971877585,0.026571546732837056,0.01889991728701406,0.04551282051282051,0.04064309346567411,0.07810173697270471,0.08329197684036393,0.07913564929693961,0.07534119106699752,0.10173697270471464,0.06929280397022332,0.05619313482216708,0.03106906534325889,0.022570306038047973,0.03834780810587262,0.03127584780810587,0.06994416873449132,0.010328784119106699,0.033312655086848636,0.009377584780810588,0.013141025641025641,0.006978908188585608,0.003866832092638544,0.005882961124896609,0.00021712158808933002,0.0020161290322580645,0.0,0.0,2.0678246484698098e-05,0.0,0.0,0.0,0.0,0.0,0.0,0.0,0.0,0.0,0.0,0.0,0.0,0.0,0.0,0.0,0.0,0.0,0.0,0.0,0.0,0.0,0.0,0.0,0.0,0.0,0.0,0.0,0.0,0.0,0.0,0.0,0.0,0.0,0.0,0.0,0.0,0.0,0.0,0.0,nan,nan,4.27134724857685,2.8806747784553313,nan,0.9192831250862684,0.02323365513153701,0.0,0.0,0.0,0.0,0.0,0.0,0.0,0.0,0.0,0.0,0.0,0.0,0.0,0.0,0.0,0.0,0.0,0.0,0.0,0.0,0.0,0.0,0.0,0.0,0.023538642604943122,0.3530796390741468,5.496273048254219,16.22989407610828,7.261671243624952,0.6355433503334643,0.9186224944475805,0.023723946651320292,0.0,0.0,0.0,0.0,0.0,0.0,0.0,0.0,0.0,0.0,0.0,0.0,0.0,0.0,0.0,0.0,0.0,0.0,0.0,0.0,0.0,0.0,0.0,0.0,0.0,0.485351989505903,6.125929164844776,15.190205509400965,7.595102754700482,0.6034105815478794,0.4202,0.01154,0.0,0.0,0.0,0.0,0.0,0.0,0.0,0.0,0.0,0.0,0.0,1.2357787367595117,24.98626912514712,3.7779521380933705,0.0,0.0,0.0,0.0,0.0,0.0,0.0,0.0,0.0,0.0,0.0,0.0,0.0,0.0,0.0,0.0,0.4204,0.01124,0.0,0.0,0.0,0.0,0.0,0.0,0.0,0.0,0.0,0.0,0.0,1.1543506777437675,25.18583296895497,3.659816353301269,0.0,0.0,0.0,0.0,0.0,0.0,0.0,0.0,0.0,0.0,0.0,0.0,0.0,0.0,0.0,0.0
60900,4920,2527,0.5136178861788618,1150,993,0.4355691056910569,1409,0.5727642276422764,0.422,2.997492687003761,3.089281914630977,6.456737588652483,2.1387775710709542,8298.30864711864,433.36010600987345,7853.0,8738.514633649587,8720.003776740683,5.666833536738666,7853.0,0.0,28.73150406504065,21.26308452674369,33.61423761423762,19.50511604631194,0.13414634146341464,0.09329268292682927,0.0975609756097561,0.09166666666666666,0.07378048780487804,0.0701219512195122,0.06686991869918699,0.061991869918699184,0.05975609756097561,0.05711382113821138,0.04695121951219512,0.042682926829268296,0.03394308943089431,0.029878048780487804,0.01869918699186992,0.01483739837398374,0.006707317073170732,0.9190297665998218,0.023084210626023293,0.0,0.0,0.0,0.0,0.0,0.0,0.0,0.0,0.0,0.0,0.0,0.0,0.0,0.0,0.0,0.0,0.0,0.0,0.0,0.0,0.0,0.0,0.0,0.0,0.006097560975609757,0.4146341463414635,5.750000000000002,15.5609756097561,7.725609756097563,0.5426829268292683,4.314500941619586,2.86475158606703,nan,nan,nan,4.282567652611705,2.8926815844272284,4.34627426424546,2.836331771146085,1.014875798072893,0.4202,0.011795,0.0,0.0,0.0,0.0,0.0,0.0,0.0,0.0,0.0,0.0,0.0,1.3597560975609735,24.585365853658544,4.0548780487804885,0.0,0.0,0.0,0.0,0.0,0.0,0.0,0.0,0.0,0.0,0.0,0.0,0.0,0.0,0.0,0.0,nan,nan,4.314500941619586,2.86475158606703,nan,0.4202,0.0544,0.0,0.0,0.0,0.0,0.0,0.0,0.0,0.0,0.0,0.0,0.0,0.0,0.0,0.0,0.0,0.0,0.0,0.0,0.0,0.0,0.0,0.0,0.0013821138211382114,0.0003963414634146342,0.0,0.0001016260162601626,0.005071138211382113,0.0,0.001443089430894309,0.006849593495934959,0.0026422764227642275,0.011524390243902439,0.0055284552845528455,0.013333333333333334,0.0266869918699187,0.01823170731707317,0.049308943089430894,0.03926829268292683,0.07440040650406504,0.08541666666666667,0.07985772357723578,0.07366869918699187,0.10147357723577236,0.06591463414634147,0.057469512195121954,0.03366869918699187,0.022103658536585365,0.03871951219512195,0.03105691056910569,0.0675609756097561,0.010487804878048781,0.033760162601626016,0.010172764227642276,0.013048780487804877,0.008211382113821138,0.0038414634146341463,0.005233739837398374,0.0003150406504065041,0.0017987804878048781,1.016260162601626e-05,0.0,4.065040650406504e-05,0.0,0.0,0.0,0.0,0.0,0.0,0.0,0.0,0.0,0.0,0.0,0.0,0.0,0.0,0.0,0.0,0.0,0.0,0.0,0.0,0.0,0.0,0.0,0.0,0.0,0.0,0.0,0.0,0.0,0.0,0.0,0.0,0.0,0.0,0.0,0.0,0.0,0.0,0.0,nan,nan,4.314500941619586,2.86475158606703,nan,0.9188191905340566,0.022709696908874605,0.0,0.0,0.0,0.0,0.0,0.0,0.0,0.0,0.0,0.0,0.0,0.0,0.0,0.0,0.0,0.0,0.0,0.0,0.0,0.0,0.0,0.0,0.0,0.0,0.0,0.43925603482390196,5.650969529085874,16.050652948159875,7.324891175306689,0.5342303126236645,0.9192521342212966,0.023471159361497292,0.0,0.0,0.0,0.0,0.0,0.0,0.0,0.0,0.0,0.0,0.0,0.0,0.0,0.0,0.0,0.0,0.0,0.0,0.0,0.0,0.0,0.0,0.0,0.0,0.012536564981195155,0.3886335144170498,5.854575846218138,15.043877977434185,8.14876723777685,0.5516088591725868,0.4202,0.0118,0.0,0.0,0.0,0.0,0.0,0.0,0.0,0.0,0.0,0.0,0.0,1.3771270280965553,24.491491887613776,4.131381084289672,0.0,0.0,0.0,0.0,0.0,0.0,0.0,0.0,0.0,0.0,0.0,0.0,0.0,0.0,0.0,0.0,0.42,0.01178,0.0,0.0,0.0,0.0,0.0,0.0,0.0,0.0,0.0,0.0,0.0,1.3414124529878795,24.684496447973263,3.9740910990388643,0.0,0.0,0.0,0.0,0.0,0.0,0.0,0.0,0.0,0.0,0.0,0.0,0.0,0.0,0.0,0.0
61000,5078,2595,0.5110279637652619,1266,1057,0.45746356833398977,1436,0.5655769988184325,0.39399999999999996,2.9830849778493755,3.140635003876665,6.633040935672515,2.2153416679886218,8296.04580553261,433.3983108801088,7853.0,8739.501317167282,8719.969788244543,5.656953475070182,7853.0,0.0,27.411382434029147,20.40125075369031,32.25914634146341,18.667392405843504,0.13903111461205198,0.09905474596297754,0.09885781803859787,0.08310358408822371,0.08310358408822371,0.07542339503741631,0.07798345805435211,0.07010634107916502,0.057502953918865694,0.04765655769988184,0.043717999212288305,0.03781016148089799,0.030523828278849943,0.02461599054745963,0.01732965734541158,0.008074044899566759,0.0061047656557699885,0.9191399210430873,0.023151849289083384,0.0,0.0,0.0,0.0,0.0,0.0,0.0,0.0,0.0,0.0,0.0,0.0,0.0,0.0,0.0,0.0,0.0,0.0,0.0,0.0,0.0,0.0,0.0,0.0,0.005907837731390313,0.3426545884206381,5.901929893658922,15.667585663647108,7.461599054745965,0.6203229617959829,4.274479804161567,2.921598526233633,nan,nan,nan,4.242111650485437,2.91926117916749,4.307407407407408,2.9236066757539447,1.0153922768427133,0.4202,0.01147,0.0,0.0,0.0,0.0,0.0,0.0,0.0,0.0,0.0,0.0,0.0,1.1343048444269381,25.031508467900753,3.8341866876723127,0.0,0.0,0.0,0.0,0.0,0.0,0.0,0.0,0.0,0.0,0.0,0.0,0.0,0.0,0.0,0.0,nan,nan,4.274479804161567,2.921598526233633,nan,0.4202,0.05475,0.0,0.0,0.0,0.0,0.0,0.0,0.0,0.0,0.0,0.0,0.0,0.0,0.0,0.0,0.0,0.0,0.0,0.0,0.0,0.0,0.0,0.0,0.0014474202441906263,0.00039385584875935406,0.0,0.00012800315084679007,0.00411579361953525,2.9539188656951555e-05,0.0010240252067743206,0.007601417881055533,0.0033280819220165418,0.011727057896809768,0.005198897203623474,0.013834186687672312,0.028032690035447026,0.018235525797558095,0.04913351713272942,0.043698306419850334,0.07299133517132729,0.08344820795588814,0.07589602205592753,0.07124852304056715,0.1019495864513588,0.06607916502560063,0.05575029539188657,0.03511224891689642,0.02352304056715242,0.0399369830641985,0.032394643560456876,0.06559669161087042,0.010959038991729028,0.03241433635289484,0.010417487199684916,0.014503741630563213,0.008763292634895628,0.0034856242615202834,0.005474596297755022,0.00034462386766443483,0.0017329657345411579,9.846396218983852e-06,0.0,3.9385584875935406e-05,0.0,0.0,0.0,0.0,0.0,0.0,0.0,0.0,0.0,0.0,0.0,0.0,0.0,0.0,0.0,0.0,0.0,0.0,0.0,0.0,0.0,0.0,0.0,0.0,0.0,0.0,0.0,0.0,0.0,0.0,0.0,0.0,0.0,0.0,0.0,0.0,0.0,0.0,0.0,nan,nan,4.274479804161567,2.921598526233633,nan,0.918967269358148,0.02314842682647856,0.0,0.0,0.0,0.0,0.0,0.0,0.0,0.0,0.0,0.0,0.0,0.0,0.0,0.0,0.0,0.0,0.0,0.0,0.0,0.0,0.0,0.0,0.0,0.0,0.0115606936416185,0.3121387283236995,6.034682080924857,15.618497109826592,7.456647398843932,0.5664739884393064,0.9193203604802267,0.023154049809049105,0.0,0.0,0.0,0.0,0.0,0.0,0.0,0.0,0.0,0.0,0.0,0.0,0.0,0.0,0.0,0.0,0.0,0.0,0.0,0.0,0.0,0.0,0.0,0.0,0.0,0.37454691904953696,5.763189689891262,15.718888441401534,7.466774063632704,0.6766008860249699,0.42,0.0116,0.0,0.0,0.0,0.0,0.0,0.0,0.0,0.0,0.0,0.0,0.0,1.3179190751445067,24.8092485549133,3.872832369942197,0.0,0.0,0.0,0.0,0.0,0.0,0.0,0.0,0.0,0.0,0.0,0.0,0.0,0.0,0.0,0.0,0.4204,0.01132,0.0,0.0,0.0,0.0,0.0,0.0,0.0,0.0,0.0,0.0,0.0,0.9424083769633494,25.26379379782522,3.7937978252114384,0.0,0.0,0.0,0.0,0.0,0.0,0.0,0.0,0.0,0.0,0.0,0.0,0.0,0.0,0.0,0.0
61100,4147,2125,0.5124186158668917,967,835,0.4345309862551242,1181,0.569568362671811,0.422,2.920375865479723,2.997706056232963,6.258389261744966,2.09834068900477,8297.310575947571,433.4282316084983,7853.0,8737.562514090538,8720.0851569198,5.728330625710249,7853.0,0.0,28.916807330600435,21.603460382292536,33.88285714285714,19.857707905629645,0.13551965276103206,0.09838437424644321,0.09066795273691826,0.0882565710151917,0.08198697853870268,0.07161803713527852,0.06390161562575356,0.060766819387509045,0.05546177959971063,0.04943332529539426,0.046780805401495054,0.04147576561369665,0.040270074752833375,0.027972027972027972,0.026042922594646734,0.013503737641668677,0.007957559681697613,0.9198040317304743,0.02280813133396984,0.0,0.0,0.0,0.0,0.0,0.0,0.0,0.0,0.0,0.0,0.0,0.0,0.0,0.0,0.0,0.0,0.0,0.0,0.0,0.0,0.0,0.0,0.0,0.0,0.0072341451651796495,0.30383409693754526,5.454545454545455,15.994694960212206,7.682662165420788,0.557029177718833,4.166850422638736,2.7584523080265044,nan,nan,nan,4.180473372781065,2.7114654241447393,4.1535087719298245,2.8050397363384487,0.9935498690108144,0.4194,0.01177,0.0,0.0,0.0,0.0,0.0,0.0,0.0,0.0,0.0,0.0,0.0,1.5047021943573646,24.740776464914404,3.754521340728238,0.0,0.0,0.0,0.0,0.0,0.0,0.0,0.0,0.0,0.0,0.0,0.0,0.0,0.0,0.0,0.0,nan,nan,4.166850422638736,2.7584523080265044,nan,0.4194,0.05496,0.0,0.0,0.0,0.0,0.0,0.0,0.0,0.0,0.0,0.0,0.0,0.0,0.0,0.0,0.0,0.0,0.0,0.0,0.0,0.0,0.0,0.0,0.0016517964793826862,0.00022908126356402218,0.0,0.00010851217747769473,0.0043404870991077885,0.00014468290330359296,0.0015432843019049915,0.00794550277308898,0.004195804195804196,0.01211719315167591,0.006293706293706294,0.014757656136966482,0.027598263805160356,0.017940680009645528,0.047576561369664816,0.04539426091150229,0.07220882565710152,0.08380757173860622,0.07470460573908849,0.07255847600675187,0.1020979020979021,0.06698818422956354,0.055642633228840124,0.033650831926694,0.023932963588136003,0.03995659512900892,0.03266216542078611,0.06325054256088739,0.010682421027248614,0.032408970340004825,0.010055461779599711,0.013033518205932,0.009235591994212684,0.003978779840848806,0.004858934169278997,0.0004822763443453099,0.0018447070171208103,1.2056908608632746e-05,0.0,0.00010851217747769473,0.0,0.0,0.0,0.0,0.0,0.0,0.0,0.0,0.0,0.0,0.0,0.0,0.0,0.0,0.0,0.0,0.0,0.0,0.0,0.0,0.0,0.0,0.0,0.0,0.0,0.0,0.0,0.0,0.0,0.0,0.0,0.0,0.0,0.0,0.0,0.0,0.0,0.0,0.0,nan,nan,4.166850422638736,2.7584523080265044,nan,0.9199968063410591,0.023048475029784184,0.0,0.0,0.0,0.0,0.0,0.0,0.0,0.0,0.0,0.0,0.0,0.0,0.0,0.0,0.0,0.0,0.0,0.0,0.0,0.0,0.0,0.0,0.0,0.0,0.0,0.423529411764706,5.3505882352941185,15.628235294117651,8.075294117647061,0.5223529411764707,0.9196014372460566,0.022551008523504085,0.0,0.0,0.0,0.0,0.0,0.0,0.0,0.0,0.0,0.0,0.0,0.0,0.0,0.0,0.0,0.0,0.0,0.0,0.0,0.0,0.0,0.0,0.0,0.0,0.014836795252225523,0.17804154302670627,5.56379821958457,16.379821958456976,7.270029673590506,0.5934718100890208,0.4194,0.01186,0.0,0.0,0.0,0.0,0.0,0.0,0.0,0.0,0.0,0.0,0.0,1.5105882352941156,24.818823529411773,3.6705882352941184,0.0,0.0,0.0,0.0,0.0,0.0,0.0,0.0,0.0,0.0,0.0,0.0,0.0,0.0,0.0,0.0,0.4197,0.01167,0.0,0.0,0.0,0.0,0.0,0.0,0.0,0.0,0.0,0.0,0.0,1.4985163204747751,24.65875370919882,3.8427299703264106,0.0,0.0,0.0,0.0,0.0,0.0,0.0,0.0,0.0,0.0,0.0,0.0,0.0,0.0,0.0,0.0
61200,4275,2240,0.5239766081871345,1025,864,0.44187134502923975,1164,0.5445614035087719,0.422,2.9464373464373463,3.168732504626727,6.8964218455743875,2.1660378059601295,8307.387541383567,433.11585810322714,7853.0,8741.309785866737,8720.1905086673,5.665940753706304,7853.0,0.0,27.552280701754388,20.877145876402704,32.658803706823925,19.143103813593715,0.14432748538011697,0.10502923976608187,0.10105263157894737,0.07508771929824562,0.08304093567251462,0.07695906432748538,0.0671345029239766,0.0608187134502924,0.050292397660818715,0.05637426900584795,0.04608187134502924,0.041169590643274856,0.03298245614035088,0.026198830409356725,0.01801169590643275,0.0095906432748538,0.005847953216374269,0.9201815524157028,0.02287161516426025,0.0,0.0,0.0,0.0,0.0,0.0,0.0,0.0,0.0,0.0,0.0,0.0,0.0,0.0,0.0,0.0,0.0,0.0,0.0,0.0,0.0,0.0,0.0,0.0,0.0,0.2315789473684211,5.564912280701755,15.663157894736846,7.915789473684212,0.624561403508772,4.300920810313076,2.9717607493490656,nan,nan,nan,4.254857997010463,2.965180774871532,4.344476744186046,2.978205477420629,1.021062688164576,0.4194,0.011665,0.0,0.0,0.0,0.0,0.0,0.0,0.0,0.0,0.0,0.0,0.0,1.5298245614035066,24.884210526315798,3.5859649122807027,0.0,0.0,0.0,0.0,0.0,0.0,0.0,0.0,0.0,0.0,0.0,0.0,0.0,0.0,0.0,0.0,nan,nan,4.300920810313076,2.9717607493490656,nan,0.4194,0.05478,0.0,0.0,0.0,0.0,0.0,0.0,0.0,0.0,0.0,0.0,0.0,0.0,0.0,0.0,0.0,0.0,0.0,1.1695906432748539e-05,0.0,0.0,0.0,0.0,0.0016491228070175438,0.0002690058479532164,0.0,0.00015204678362573098,0.0035789473684210526,0.0002456140350877193,0.0013684210526315789,0.008292397660818714,0.003695906432748538,0.01232748538011696,0.006912280701754386,0.013859649122807018,0.025801169590643276,0.020444444444444446,0.04871345029239766,0.04460818713450292,0.07032748538011696,0.08685380116959064,0.07776608187134502,0.07017543859649122,0.10094736842105263,0.06818713450292398,0.05466666666666667,0.03430409356725146,0.02208187134502924,0.04095906432748538,0.0304093567251462,0.06333333333333334,0.011157894736842104,0.03390643274853801,0.010923976608187135,0.013812865497076023,0.008070175438596491,0.002994152046783626,0.005181286549707603,0.0003391812865497076,0.0014736842105263158,0.0,0.0,0.00019883040935672516,0.0,0.0,0.0,0.0,0.0,0.0,0.0,0.0,0.0,0.0,0.0,0.0,0.0,0.0,0.0,0.0,0.0,0.0,0.0,0.0,0.0,0.0,0.0,0.0,0.0,0.0,0.0,0.0,0.0,0.0,0.0,0.0,0.0,0.0,0.0,0.0,0.0,0.0,0.0,nan,nan,4.300920810313076,2.9717607493490656,nan,0.9205247305865799,0.02313844403014958,0.0,0.0,0.0,0.0,0.0,0.0,0.0,0.0,0.0,0.0,0.0,0.0,0.0,0.0,0.0,0.0,0.0,0.0,0.0,0.0,0.0,0.0,0.0,0.0,0.0,0.21428571428571433,5.450892857142858,15.776785714285717,7.8883928571428585,0.6696428571428572,0.9198038034708552,0.022568227852710353,0.0,0.0,0.0,0.0,0.0,0.0,0.0,0.0,0.0,0.0,0.0,0.0,0.0,0.0,0.0,0.0,0.0,0.0,0.0,0.0,0.0,0.0,0.0,0.0,0.0,0.2506142506142507,5.690417690417691,15.538083538083542,7.945945945945947,0.574938574938575,0.4194,0.01172,0.0,0.0,0.0,0.0,0.0,0.0,0.0,0.0,0.0,0.0,0.0,1.5803571428571406,24.92410714285715,3.4955357142857153,0.0,0.0,0.0,0.0,0.0,0.0,0.0,0.0,0.0,0.0,0.0,0.0,0.0,0.0,0.0,0.0,0.4194,0.01161,0.0,0.0,0.0,0.0,0.0,0.0,0.0,0.0,0.0,0.0,0.0,1.474201474201472,24.84029484029485,3.6855036855036865,0.0,0.0,0.0,0.0,0.0,0.0,0.0,0.0,0.0,0.0,0.0,0.0,0.0,0.0,0.0,0.0
61300,4377,2235,0.5106237148732008,1079,846,0.439798949051862,1189,0.5432944939456249,0.414,3.041083099906629,3.220237179416113,6.790996784565916,2.2592537758702256,8295.922372815494,433.6280817039636,7853.0,8738.452503019571,8720.414418708464,5.648032343277737,7853.0,0.0,27.863376742060773,20.879454815132085,32.87537496591219,19.102725233867226,0.14370573452136165,0.09801233721727211,0.0923006625542609,0.08864519076993374,0.08064884624171807,0.07151016678090016,0.07128169979437972,0.06077221841443911,0.05597441169750971,0.0568882796435915,0.046378798263650906,0.041352524560201054,0.03175691112634224,0.02604523646333105,0.017135023989033583,0.012108750285583733,0.0054832076764907475,0.9208424402367232,0.02308482873165359,0.0,0.0,0.0,0.0,0.0,0.0,0.0,0.0,0.0,0.0,0.0,0.0,0.0,0.0,0.0,0.0,0.0,0.0,0.0,0.0,0.0,0.0,0.0,0.0,0.0,0.26730637422892395,5.222755311857437,15.558601782042498,8.211103495544895,0.740233036326251,4.307884409561185,2.9921586041811596,nan,nan,nan,4.261209964412811,2.9555588428168145,4.357193987115247,3.0275234924086467,1.0225250629525509,0.4194,0.01149,0.0,0.0,0.0,0.0,0.0,0.0,0.0,0.0,0.0,0.0,0.0,1.3228238519533908,25.071967100753948,3.605209047292667,0.0,0.0,0.0,0.0,0.0,0.0,0.0,0.0,0.0,0.0,0.0,0.0,0.0,0.0,0.0,0.0,nan,nan,4.307884409561185,2.9921586041811596,nan,0.4194,0.05475,0.0,0.0,0.0,0.0,0.0,0.0,0.0,0.0,0.0,0.0,0.0,0.0,0.0,0.0,0.0,0.0,0.0,1.142334932602239e-05,0.0,0.0,0.0,0.0,0.0016906557002513136,0.0003312771304546493,0.0,9.138679460817912e-05,0.004089559058716015,0.00013708019191226866,0.0011309115832762167,0.007208133424720128,0.004615033127713045,0.010338131140050263,0.006614119259766964,0.013468128855380398,0.028901073794836647,0.020824765821338815,0.04785241032670779,0.04489376285126799,0.06931688371030387,0.0861777473155129,0.07625085675119946,0.07485720813342472,0.10290153072880968,0.06912268677176148,0.05246744345442084,0.03235092529129541,0.020836189170664838,0.04034726981951108,0.02991775188485264,0.06429061000685402,0.010669408270504912,0.03468128855380397,0.01089787525702536,0.013947909527073338,0.007996344528215673,0.0032442312085903587,0.005620287868403016,0.0003427004797806717,0.0013022618231665524,0.0,0.0,0.00026273703449851497,0.0,0.0,0.0,0.0,0.0,0.0,0.0,0.0,0.0,0.0,0.0,0.0,0.0,0.0,0.0,0.0,0.0,0.0,0.0,0.0,0.0,0.0,0.0,0.0,0.0,0.0,0.0,0.0,0.0,0.0,0.0,0.0,0.0,0.0,0.0,0.0,0.0,0.0,0.0,nan,nan,4.307884409561185,2.9921586041811596,nan,0.9213618123558011,0.02308382254605084,0.0,0.0,0.0,0.0,0.0,0.0,0.0,0.0,0.0,0.0,0.0,0.0,0.0,0.0,0.0,0.0,0.0,0.0,0.0,0.0,0.0,0.0,0.0,0.0,0.0,0.26845637583892623,5.1140939597315445,15.583892617449667,8.281879194630875,0.7516778523489935,0.9203005183477696,0.02307341869487206,0.0,0.0,0.0,0.0,0.0,0.0,0.0,0.0,0.0,0.0,0.0,0.0,0.0,0.0,0.0,0.0,0.0,0.0,0.0,0.0,0.0,0.0,0.0,0.0,0.0,0.26610644257703087,5.336134453781513,15.532212885154065,8.137254901960786,0.7282913165266108,0.4197,0.011566,0.0,0.0,0.0,0.0,0.0,0.0,0.0,0.0,0.0,0.0,0.0,1.2348993288590586,25.167785234899334,3.5973154362416118,0.0,0.0,0.0,0.0,0.0,0.0,0.0,0.0,0.0,0.0,0.0,0.0,0.0,0.0,0.0,0.0,0.4194,0.01143,0.0,0.0,0.0,0.0,0.0,0.0,0.0,0.0,0.0,0.0,0.0,1.41456582633053,24.971988795518214,3.6134453781512614,0.0,0.0,0.0,0.0,0.0,0.0,0.0,0.0,0.0,0.0,0.0,0.0,0.0,0.0,0.0,0.0
61400,4409,2290,0.5193921524155137,1051,907,0.4440916307552733,1225,0.5556815604445452,0.418,2.9428975932043415,3.09653482051418,6.596521739130435,2.20843956064133,8303.396586483306,433.2731282430914,7853.0,8740.883585059642,8720.160938779429,5.612685496938535,7853.0,0.0,27.825810841460648,21.123073149095017,32.933949442783366,19.403365913766795,0.14425039691540031,0.10501247448400998,0.09072352007257882,0.0873213880698571,0.07688818326151055,0.07439328645951462,0.07008391925606713,0.06055794964844636,0.055568156044454524,0.054887729643910185,0.044681333635745064,0.04173281923338625,0.030845996824676796,0.021773644817418916,0.019505556815604445,0.01383533681106827,0.007938308006350647,0.9202574358340103,0.02300927120423564,0.0,0.0,0.0,0.0,0.0,0.0,0.0,0.0,0.0,0.0,0.0,0.0,0.0,0.0,0.0,0.0,0.0,0.0,0.0,0.0,0.0,0.0,0.0,0.0,0.013608528010886826,0.30619188024495353,5.266500340213201,15.847130868677707,7.8997505103198025,0.6668178725334544,4.285460992907802,2.899449929532931,nan,nan,nan,4.254467476769121,2.87049638910242,4.3154929577464785,2.928329230284109,1.0143438588520368,0.4197,0.01091,0.0,0.0,0.0,0.0,0.0,0.0,0.0,0.0,0.0,0.0,0.0,1.1771376729417085,25.740530732592433,3.0823315944658662,0.0,0.0,0.0,0.0,0.0,0.0,0.0,0.0,0.0,0.0,0.0,0.0,0.0,0.0,0.0,0.0,nan,nan,4.285460992907802,2.899449929532931,nan,0.4197,0.05414,0.0,0.0,0.0,0.0,0.0,0.0,0.0,0.0,0.0,0.0,0.0,0.0,0.0,0.0,0.0,0.0,0.0,0.0,0.0,0.0,0.0,0.0,0.000805171240644137,0.00018144704014515762,0.0,2.2680880018144703e-05,0.004025856203220685,9.072352007257881e-05,0.001224767520979814,0.007155817645724654,0.004740303923792243,0.009514629167611704,0.005999092764799274,0.013143569970514857,0.030120208664096166,0.021013835336811067,0.0480721251984577,0.04716488999773191,0.06646631889317306,0.08694715354955772,0.07319119981855296,0.07734180086187344,0.10120208664096167,0.0701406214561125,0.05261964164209571,0.034883193467906554,0.02202313449761851,0.04132456339305965,0.02984803810387843,0.06053526876842821,0.012077568609662056,0.03645951462916761,0.009956906327965524,0.013880698571104558,0.007632116126105693,0.0027557269222045814,0.005760943524608755,0.0003061918802449535,0.0011794057609435247,0.0,0.0,0.00019278748015423,0.0,0.0,0.0,0.0,0.0,0.0,0.0,0.0,0.0,0.0,0.0,0.0,0.0,0.0,0.0,0.0,0.0,0.0,0.0,0.0,0.0,0.0,0.0,0.0,0.0,0.0,0.0,0.0,0.0,0.0,0.0,0.0,0.0,0.0,0.0,0.0,0.0,0.0,0.0,nan,nan,4.285460992907802,2.899449929532931,nan,0.920084465304837,0.02299473929861966,0.0,0.0,0.0,0.0,0.0,0.0,0.0,0.0,0.0,0.0,0.0,0.0,0.0,0.0,0.0,0.0,0.0,0.0,0.0,0.0,0.0,0.0,0.0,0.0,0.01310043668122271,0.3275109170305677,5.135371179039302,16.205240174672493,7.572052401746727,0.7467248908296945,0.9204443648155144,0.02302350452563205,0.0,0.0,0.0,0.0,0.0,0.0,0.0,0.0,0.0,0.0,0.0,0.0,0.0,0.0,0.0,0.0,0.0,0.0,0.0,0.0,0.0,0.0,0.0,0.0,0.014157621519584713,0.28315243039169424,5.40821142048136,15.460122699386506,8.253893345917888,0.5804624823029733,0.4197,0.01073,0.0,0.0,0.0,0.0,0.0,0.0,0.0,0.0,0.0,0.0,0.0,1.0873362445414831,25.978165938864635,2.934497816593887,0.0,0.0,0.0,0.0,0.0,0.0,0.0,0.0,0.0,0.0,0.0,0.0,0.0,0.0,0.0,0.0,0.42,0.011116,0.0,0.0,0.0,0.0,0.0,0.0,0.0,0.0,0.0,0.0,0.0,1.274185936762622,25.483718735252484,3.242095327984899,0.0,0.0,0.0,0.0,0.0,0.0,0.0,0.0,0.0,0.0,0.0,0.0,0.0,0.0,0.0,0.0
61500,4588,2401,0.5233217088055798,1133,958,0.4557541412380122,1296,0.5649520488230165,0.40599999999999997,2.9524462734339276,3.057822160623108,6.433870967741935,2.180666038266165,8306.701969309392,433.0307638843624,7853.0,8739.125840091705,8719.96569562328,5.71226920142369,7853.0,0.0,27.692894507410635,20.574382292177127,32.64672216441207,18.795203911856344,0.13949433304272013,0.0993897122929381,0.09219703574542285,0.08761987794245858,0.08369659982563209,0.07606800348735833,0.06647776809067131,0.06495204882301657,0.06320836965998257,0.05231037489102005,0.0499128160418483,0.036617262423714034,0.032476024411508285,0.025719267654751524,0.015475152571926765,0.007846556233653008,0.006538796861377506,0.9193225716676728,0.022964868002599597,0.0,0.0,0.0,0.0,0.0,0.0,0.0,0.0,0.0,0.0,0.0,0.0,0.0,0.0,0.0,0.0,0.0,0.0,0.0,0.0,0.0,0.0,0.0,0.0,0.0,0.28770706190061035,5.77375762859634,15.751961639058417,7.6503923278116845,0.5361813426329556,4.221095334685598,2.86437891151304,nan,nan,nan,4.217421124828532,2.8417422426296004,4.224666666666667,2.886207122774725,1.0017180029273052,0.4197,0.01157,0.0,0.0,0.0,0.0,0.0,0.0,0.0,0.0,0.0,0.0,0.0,1.4973844812554469,24.95858761987795,3.5440278988666094,0.0,0.0,0.0,0.0,0.0,0.0,0.0,0.0,0.0,0.0,0.0,0.0,0.0,0.0,0.0,0.0,nan,nan,4.221095334685598,2.86437891151304,nan,0.4197,0.05386,0.0,0.0,0.0,0.0,0.0,0.0,0.0,0.0,0.0,0.0,0.0,0.0,0.0,0.0,0.0,0.0,0.0,0.0,0.0,0.0,0.0,0.0,0.0007628596338273757,0.0003051438535309503,0.0,0.0,0.002964254577157803,0.0,0.0013949433304272015,0.007770270270270271,0.004446381865736705,0.009317785527462947,0.005961203138622494,0.012554489973844812,0.030013077593722754,0.020510026155187447,0.05077375762859634,0.0488666085440279,0.06753487358326069,0.08703138622493461,0.07129468177855275,0.07743025283347864,0.09836530078465562,0.07373583260680035,0.05404315605928509,0.0345357454228422,0.021185701830863123,0.04066041848299913,0.029664341761115955,0.05912162162162162,0.011431996512641674,0.03561464690496949,0.011791630340017437,0.014232781168265039,0.006920226678291195,0.0025501307759372275,0.005656059285091543,0.0001743679163034002,0.0011551874455100262,1.0897994768962512e-05,0.0,0.00021795989537925023,0.0,0.0,0.0,0.0,0.0,0.0,0.0,0.0,0.0,0.0,0.0,0.0,0.0,0.0,0.0,0.0,0.0,0.0,0.0,0.0,0.0,0.0,0.0,0.0,0.0,0.0,0.0,0.0,0.0,0.0,0.0,0.0,0.0,0.0,0.0,0.0,0.0,0.0,0.0,nan,nan,4.221095334685598,2.86437891151304,nan,0.91927132888021,0.02314920157136246,0.0,0.0,0.0,0.0,0.0,0.0,0.0,0.0,0.0,0.0,0.0,0.0,0.0,0.0,0.0,0.0,0.0,0.0,0.0,0.0,0.0,0.0,0.0,0.0,0.0,0.31236984589754274,5.822573927530197,15.568513119533531,7.74677217825906,0.5497709287796753,0.9193788286099218,0.022760645300261437,0.0,0.0,0.0,0.0,0.0,0.0,0.0,0.0,0.0,0.0,0.0,0.0,0.0,0.0,0.0,0.0,0.0,0.0,0.0,0.0,0.0,0.0,0.0,0.0,0.0,0.26063100137174217,5.7201646090535,15.953360768175587,7.544581618655695,0.5212620027434843,0.4197,0.01146,0.0,0.0,0.0,0.0,0.0,0.0,0.0,0.0,0.0,0.0,0.0,1.3494377342773825,25.139525197834242,3.5110370678883807,0.0,0.0,0.0,0.0,0.0,0.0,0.0,0.0,0.0,0.0,0.0,0.0,0.0,0.0,0.0,0.0,0.4194,0.011696,0.0,0.0,0.0,0.0,0.0,0.0,0.0,0.0,0.0,0.0,0.0,1.6598079561042498,24.759945130315508,3.5802469135802477,0.0,0.0,0.0,0.0,0.0,0.0,0.0,0.0,0.0,0.0,0.0,0.0,0.0,0.0,0.0,0.0
61600,4626,2320,0.5015131863380891,1062,987,0.44293125810635536,1304,0.5637699956766105,0.43,2.9674761491760626,3.1277068561986936,6.620253164556962,2.2763439344834526,8287.789716823117,433.4941802955081,7853.0,8741.046780282259,8719.95570259644,5.626698504112128,7853.0,0.0,27.282749675745784,20.67215819379128,32.444936214527466,18.893627913609542,0.14656290531776914,0.10051880674448768,0.09619541720709036,0.08560311284046693,0.08344141807176826,0.07717250324254216,0.06895806312148725,0.062905317769131,0.0527453523562473,0.05339386078685689,0.04409857328145266,0.040207522697795074,0.03285776048421963,0.023994811932555125,0.014483354950281021,0.009511456982274102,0.007349762213575443,0.9194226632554243,0.023211230766861955,0.0,0.0,0.0,0.0,0.0,0.0,0.0,0.0,0.0,0.0,0.0,0.0,0.0,0.0,0.0,0.0,0.0,0.0,0.0,0.0,0.0,0.0,0.0,0.0,0.012970168612191961,0.41504539559014275,5.428015564202336,15.966277561608305,7.561608300907913,0.6160830090791182,4.446001367053999,2.9222651665013926,nan,nan,nan,4.5462585034013605,2.909093696885273,4.34478021978022,2.932027615952422,0.9556826160522106,0.4194,0.010895,0.0,0.0,0.0,0.0,0.0,0.0,0.0,0.0,0.0,0.0,0.0,1.1867704280155624,25.642023346303507,3.1712062256809346,0.0,0.0,0.0,0.0,0.0,0.0,0.0,0.0,0.0,0.0,0.0,0.0,0.0,0.0,0.0,0.0,nan,nan,4.446001367053999,2.9222651665013926,nan,0.4194,0.05405,0.0,0.0,0.0,0.0,0.0,0.0,0.0,0.0,0.0,0.0,0.0,0.0,0.0,0.0,0.0,0.0,0.0,0.0,0.0,0.0,0.0,0.0,0.0006376999567661046,8.64677907479464e-05,0.0,1.08084738434933e-05,0.0037181150021616946,1.08084738434933e-05,0.001805015131863381,0.008106355382619975,0.004896238651102464,0.00835495028102032,0.005912235192390834,0.012872892347600518,0.02948551664504972,0.021735840899265023,0.04965412883700821,0.05171854734111543,0.06639645482057933,0.08358192823173367,0.07233030696065716,0.07973411154345006,0.09763294422827497,0.07347600518806745,0.05158884565499351,0.03577604842196282,0.020849546044098572,0.04055339386078686,0.029517942066580198,0.05995460440985733,0.012008214440121056,0.03572200605274535,0.011586683960224817,0.013445741461305664,0.00632295719844358,0.0028534370946822307,0.006150021616947687,0.00016212710765239947,0.0010700389105058367,0.0,0.0,0.00028102031993082574,0.0,0.0,0.0,0.0,0.0,0.0,0.0,0.0,0.0,0.0,0.0,0.0,0.0,0.0,0.0,0.0,0.0,0.0,0.0,0.0,0.0,0.0,0.0,0.0,0.0,0.0,0.0,0.0,0.0,0.0,0.0,0.0,0.0,0.0,0.0,0.0,0.0,0.0,0.0,nan,nan,4.446001367053999,2.9222651665013926,nan,0.91908769453394,0.023035896195758746,0.0,0.0,0.0,0.0,0.0,0.0,0.0,0.0,0.0,0.0,0.0,0.0,0.0,0.0,0.0,0.0,0.0,0.0,0.0,0.0,0.0,0.0,0.0,0.0,0.025862068965517248,0.40086206896551735,5.702586206896553,15.762931034482762,7.525862068965519,0.581896551724138,0.919759665611818,0.023381461182959272,0.0,0.0,0.0,0.0,0.0,0.0,0.0,0.0,0.0,0.0,0.0,0.0,0.0,0.0,0.0,0.0,0.0,0.0,0.0,0.0,0.0,0.0,0.0,0.0,0.0,0.42931483087597583,5.151777970511709,16.170858629661755,7.597571552471814,0.6504770164787512,0.4197,0.01093,0.0,0.0,0.0,0.0,0.0,0.0,0.0,0.0,0.0,0.0,0.0,1.099137931034481,25.616379310344833,3.2844827586206904,0.0,0.0,0.0,0.0,0.0,0.0,0.0,0.0,0.0,0.0,0.0,0.0,0.0,0.0,0.0,0.0,0.4192,0.01085,0.0,0.0,0.0,0.0,0.0,0.0,0.0,0.0,0.0,0.0,0.0,1.2749349522983504,25.667823070251526,3.057241977450131,0.0,0.0,0.0,0.0,0.0,0.0,0.0,0.0,0.0,0.0,0.0,0.0,0.0,0.0,0.0,0.0
61700,4897,2494,0.5092914028997345,1163,1039,0.4496630590157239,1426,0.5823973861547886,0.41,2.965043695380774,3.091412378060277,6.564896755162242,2.191645622600337,8294.54819377901,433.43722240891134,7853.0,8738.68981667757,8719.985366854775,5.745214634976957,7853.0,0.0,28.190729017765978,21.028942681060254,33.170755404420696,19.227850007787033,0.14069838676740862,0.09230140902593424,0.09699816214008576,0.08188686951194608,0.08045742291198693,0.08004900959771288,0.06983867674086175,0.06514192362671023,0.05901572391259955,0.049213804370022464,0.04574229119869308,0.04043291811313049,0.0324688584847866,0.0261384521135389,0.020420665713702265,0.01225239942822136,0.006943026342658771,0.919514098519424,0.0233236709173232,0.0,0.0,0.0,0.0,0.0,0.0,0.0,0.0,0.0,0.0,0.0,0.0,0.0,0.0,0.0,0.0,0.0,0.0,0.0,0.0,0.0,0.0,0.0,0.0,0.006126199714110682,0.3675719828466409,5.648356136410048,15.713702266693897,7.578109046354912,0.6861343679803964,4.29358372456964,2.9129583920025235,nan,nan,nan,4.267463813719321,2.9516054531209277,4.320249221183801,2.87468182178795,1.0123692689073969,0.4194,0.01121,0.0,0.0,0.0,0.0,0.0,0.0,0.0,0.0,0.0,0.0,0.0,1.4028997345313436,25.399224014702884,3.1978762507657756,0.0,0.0,0.0,0.0,0.0,0.0,0.0,0.0,0.0,0.0,0.0,0.0,0.0,0.0,0.0,0.0,nan,nan,4.29358372456964,2.9129583920025235,nan,0.4194,0.05426,0.0,0.0,0.0,0.0,0.0,0.0,0.0,0.0,0.0,0.0,0.0,0.0,0.0,0.0,0.0,0.0,0.0,0.0,0.0,0.0,0.0,0.0,0.000847457627118644,0.00017357565856646927,0.0,2.0420665713702267e-05,0.0034000408413314273,8.168266285480907e-05,0.002287114559934654,0.00874004492546457,0.004758015111292628,0.008004900959771289,0.005278742086992036,0.014457831325301205,0.029936695936287522,0.021400857667959974,0.04849908107004288,0.050786195629977535,0.0661731672452522,0.08167245252195221,0.07112517868082499,0.0823667551562181,0.10286910353277517,0.06947110475801511,0.05042883397998775,0.033193792117623036,0.022493363283643045,0.039707984480294056,0.03187665917908924,0.059863181539718195,0.012395344088217276,0.03525627935470697,0.012487237083928937,0.012997753726771493,0.00621809270982234,0.0034613028384725343,0.005881151725546253,0.00025525832142127833,0.000765774964263835,0.0,1.0210332856851133e-05,0.0003573616499897897,0.0,0.0,0.0,0.0,0.0,0.0,0.0,0.0,0.0,0.0,0.0,0.0,0.0,0.0,0.0,0.0,0.0,0.0,0.0,0.0,0.0,0.0,0.0,0.0,0.0,0.0,0.0,0.0,0.0,0.0,0.0,0.0,0.0,0.0,0.0,0.0,0.0,0.0,0.0,nan,nan,4.29358372456964,2.9129583920025235,nan,0.9194716966764012,0.023536725083384336,0.0,0.0,0.0,0.0,0.0,0.0,0.0,0.0,0.0,0.0,0.0,0.0,0.0,0.0,0.0,0.0,0.0,0.0,0.0,0.0,0.0,0.0,0.0,0.0,0.012028869286287092,0.4210104250200482,5.6896551724137945,15.55332798716921,7.638331996792303,0.6856455493183643,0.9195581060918331,0.023100388305929684,0.0,0.0,0.0,0.0,0.0,0.0,0.0,0.0,0.0,0.0,0.0,0.0,0.0,0.0,0.0,0.0,0.0,0.0,0.0,0.0,0.0,0.0,0.0,0.0,0.0,0.31210986267166047,5.605493133583023,15.880149812734086,7.5156054931335845,0.6866416978776532,0.4194,0.01096,0.0,0.0,0.0,0.0,0.0,0.0,0.0,0.0,0.0,0.0,0.0,1.1788291900561332,25.801924619085813,3.01924619085806,0.0,0.0,0.0,0.0,0.0,0.0,0.0,0.0,0.0,0.0,0.0,0.0,0.0,0.0,0.0,0.0,0.4194,0.011444,0.0,0.0,0.0,0.0,0.0,0.0,0.0,0.0,0.0,0.0,0.0,1.6354556803994984,24.981273408239705,3.3832709113607997,0.0,0.0,0.0,0.0,0.0,0.0,0.0,0.0,0.0,0.0,0.0,0.0,0.0,0.0,0.0,0.0
61800,4797,2485,0.518032103397957,1194,966,0.450281425891182,1319,0.5499270377319158,0.418,2.967560553633218,3.136497330205881,6.57645259938838,2.2014998258521823,8302.115007198643,433.2191261853947,7853.0,8744.225859129428,8719.963657759314,5.6797670928864585,7853.0,0.0,28.289764436105898,21.187240287920872,33.413449564134496,19.356276064736228,0.14112987283718992,0.10006253908692933,0.08484469460079216,0.0921409214092141,0.07796539503856577,0.0675422138836773,0.06983531373775276,0.06795914112987284,0.06378986866791744,0.05065666041275797,0.045236606212215966,0.03773191578069627,0.03231186158015426,0.026474880133416718,0.019804044194288096,0.01459245361684386,0.007921617677715239,0.9192438035277692,0.023173683291727518,0.0,0.0,0.0,0.0,0.0,0.0,0.0,0.0,0.0,0.0,0.0,0.0,0.0,0.0,0.0,0.0,0.0,0.0,0.0,0.0,0.0,0.0,0.0,0.0,0.01876172607879925,0.25015634771732337,5.928705440900564,15.503439649781116,7.6797998749218275,0.6191369606003754,4.240878269292864,2.946641220460026,nan,nan,nan,4.254182754182755,2.977673010695013,4.22568093385214,2.9150825457251366,0.9933002830443541,0.419,0.011444,0.0,0.0,0.0,0.0,0.0,0.0,0.0,0.0,0.0,0.0,0.0,1.5759849906191348,25.253283302063796,3.1707317073170738,0.0,0.0,0.0,0.0,0.0,0.0,0.0,0.0,0.0,0.0,0.0,0.0,0.0,0.0,0.0,0.0,nan,nan,4.240878269292864,2.946641220460026,nan,0.419,0.05487,0.0,0.0,0.0,0.0,0.0,0.0,0.0,0.0,0.0,0.0,0.0,0.0,0.0,0.0,0.0,0.0,0.0,0.0,0.0,0.0,0.0,0.0,0.0010527412966437357,8.338544923910778e-05,3.1269543464665416e-05,0.0001459245361684386,0.00375234521575985,8.338544923910778e-05,0.0018136335209505941,0.009360016677089848,0.005680633729414217,0.00825515947467167,0.006222639149468418,0.01590577444235981,0.027788200958932665,0.02378569939545549,0.04795705649364186,0.05208463623097769,0.06686470710860955,0.08048780487804878,0.0711590577444236,0.07942464040025016,0.10051073587658954,0.06937669376693767,0.05153220762976861,0.03432353554304774,0.022493224932249322,0.0380654575776527,0.03014383989993746,0.05914112987283719,0.01282051282051282,0.03662705857827809,0.012111736501980405,0.01364394413174901,0.006660412757973733,0.0033249947884094228,0.005440900562851783,0.0003335417969564311,0.0006983531373775276,0.0,0.0,0.0008130081300813008,0.0,0.0,0.0,0.0,0.0,0.0,0.0,0.0,0.0,0.0,0.0,0.0,0.0,0.0,0.0,0.0,0.0,0.0,0.0,0.0,0.0,0.0,0.0,0.0,0.0,0.0,0.0,0.0,0.0,0.0,0.0,0.0,0.0,0.0,0.0,0.0,0.0,0.0,0.0,nan,nan,4.240878269292864,2.946641220460026,nan,0.9199576879411157,0.02283381363625781,0.0,0.0,0.0,0.0,0.0,0.0,0.0,0.0,0.0,0.0,0.0,0.0,0.0,0.0,0.0,0.0,0.0,0.0,0.0,0.0,0.0,0.0,0.0,0.0,0.0,0.19315895372233405,5.77062374245473,15.380281690140848,8.004024144869216,0.6519114688128774,0.9184765012928359,0.0235093527714729,0.0,0.0,0.0,0.0,0.0,0.0,0.0,0.0,0.0,0.0,0.0,0.0,0.0,0.0,0.0,0.0,0.0,0.0,0.0,0.0,0.0,0.0,0.0,0.0,0.038927335640138415,0.3114186851211073,6.098615916955019,15.63581314878893,7.331314878892735,0.5839100346020762,0.419,0.011475,0.0,0.0,0.0,0.0,0.0,0.0,0.0,0.0,0.0,0.0,0.0,1.678068410462774,25.062374245472842,3.2595573440643872,0.0,0.0,0.0,0.0,0.0,0.0,0.0,0.0,0.0,0.0,0.0,0.0,0.0,0.0,0.0,0.0,0.4192,0.0114,0.0,0.0,0.0,0.0,0.0,0.0,0.0,0.0,0.0,0.0,0.0,1.4662629757785446,25.458477508650525,3.0752595155709352,0.0,0.0,0.0,0.0,0.0,0.0,0.0,0.0,0.0,0.0,0.0,0.0,0.0,0.0,0.0,0.0
61900,4722,2471,0.5232952138924185,1160,940,0.44472681067344344,1292,0.5472257518000847,0.43,3.049755664149267,3.1837288575349634,6.789137380191693,2.1782273379423165,8306.68487516106,433.0377890407661,7853.0,8742.511404925584,8719.976924528744,5.762195135471506,7853.0,0.0,27.981575603557815,20.905251033420583,32.87191746351284,19.17634508627421,0.1397712833545108,0.0986869970351546,0.09593392630241424,0.08301567132570944,0.0760271071579839,0.07729775518847946,0.07623888182973317,0.06395595086827616,0.0590851334180432,0.051884794578568406,0.044684455739093604,0.03663701821262177,0.03303684879288437,0.02816603134265142,0.017153748411689963,0.009106310885218127,0.009318085556967387,0.9199441675789424,0.022752162966808022,0.0,0.0,0.0,0.0,0.0,0.0,0.0,0.0,0.0,0.0,0.0,0.0,0.0,0.0,0.0,0.0,0.0,0.0,0.0,0.0,0.0,0.0,0.0,0.0,0.006353240152477765,0.26683608640406614,5.4002541296061,15.908513341804323,7.801778907242696,0.6162642947903432,4.342497515733687,2.9289848907890947,nan,nan,nan,4.324161073825503,2.918171510954045,4.360366252452583,2.939374140315443,1.0083727636433881,0.419,0.01162,0.0,0.0,0.0,0.0,0.0,0.0,0.0,0.0,0.0,0.0,0.0,1.5819567979669609,25.146124523506995,3.271918678526049,0.0,0.0,0.0,0.0,0.0,0.0,0.0,0.0,0.0,0.0,0.0,0.0,0.0,0.0,0.0,0.0,nan,nan,4.342497515733687,2.9289848907890947,nan,0.419,0.05557,0.0,0.0,0.0,0.0,0.0,0.0,0.0,0.0,0.0,0.0,0.0,0.0,0.0,0.0,0.0,0.0,0.0,0.0,0.0,0.0,0.0,0.0,0.0015459551037695892,1.0588733587462939e-05,4.2354934349851756e-05,0.00014824227022448115,0.0035578144853875477,5.2943667937314695e-05,0.0024883523930537906,0.009455739093604405,0.0063426514188903,0.007634476916560779,0.006861499364675985,0.01634900465904278,0.029627276577721306,0.02432232105040237,0.048041084286319355,0.04970351545955104,0.06642312579415502,0.07983905124947056,0.07202456586192292,0.07906607369758577,0.09989411266412537,0.06949385853451927,0.046262177043625584,0.03486869970351546,0.02402583650995341,0.03707115628970775,0.031046166878441337,0.05972045743329098,0.011128759000423549,0.038098263447691655,0.012187632359169843,0.013415925455315544,0.008799237611181702,0.003716645489199492,0.004987293519695044,0.0003070732740364252,0.0006353240152477764,0.0,2.1177467174925878e-05,0.0007835662854722576,0.0,0.0,0.0,0.0,0.0,0.0,0.0,0.0,0.0,0.0,0.0,0.0,0.0,0.0,0.0,0.0,0.0,0.0,0.0,0.0,0.0,0.0,0.0,0.0,0.0,0.0,0.0,0.0,0.0,0.0,0.0,0.0,0.0,0.0,0.0,0.0,0.0,0.0,0.0,nan,nan,4.342497515733687,2.9289848907890947,nan,0.9197311167628213,0.023110610763321576,0.0,0.0,0.0,0.0,0.0,0.0,0.0,0.0,0.0,0.0,0.0,0.0,0.0,0.0,0.0,0.0,0.0,0.0,0.0,0.0,0.0,0.0,0.0,0.0,0.012140833670578716,0.3399433427762041,5.402670983407528,15.77094293808175,7.8551193848644285,0.6191825171995144,0.920178040776026,0.02234972686691067,0.0,0.0,0.0,0.0,0.0,0.0,0.0,0.0,0.0,0.0,0.0,0.0,0.0,0.0,0.0,0.0,0.0,0.0,0.0,0.0,0.0,0.0,0.0,0.0,0.0,0.18658374055975127,5.397601066192804,16.05952909817859,7.743225233229677,0.6130608618391827,0.4192,0.01173,0.0,0.0,0.0,0.0,0.0,0.0,0.0,0.0,0.0,0.0,0.0,1.517604208822337,24.997976527721576,3.4844192634560915,0.0,0.0,0.0,0.0,0.0,0.0,0.0,0.0,0.0,0.0,0.0,0.0,0.0,0.0,0.0,0.0,0.4187,0.01149,0.0,0.0,0.0,0.0,0.0,0.0,0.0,0.0,0.0,0.0,0.0,1.6525988449577942,25.308751665926263,3.0386494891159495,0.0,0.0,0.0,0.0,0.0,0.0,0.0,0.0,0.0,0.0,0.0,0.0,0.0,0.0,0.0,0.0
62000,4823,2466,0.511300020733983,1220,965,0.45303752850922663,1350,0.5598175409496164,0.38999999999999996,2.9389053882053457,3.0038302783396102,6.3428981348637015,1.970750006808715,8296.369444921162,433.4800053723557,7853.0,8741.782696866989,8720.141456956517,5.825768689414657,7853.0,0.0,28.97657059921211,20.88734607105755,33.45852478839178,19.17104727677446,0.12419655815882231,0.09641302094132283,0.09558366162139748,0.08231391250259175,0.079411154882853,0.07298362015343147,0.07153224134356209,0.06883682355380469,0.06178726933443915,0.05183495749533485,0.04976155919552146,0.044370723616006635,0.03752850922662243,0.029856935517312874,0.016794526228488493,0.010159651669085631,0.0066348745594028615,0.9201971345513336,0.023348534716307483,0.0,0.0,0.0,0.0,0.0,0.0,0.0,0.0,0.0,0.0,0.0,0.0,0.0,0.0,0.0,0.0,0.0,0.0,0.0,0.0,0.0,0.0,0.0,0.0,0.0,0.3172299398714494,5.610615799295046,15.339000622019492,8.048932199875598,0.6842214389384202,4.1935989959209286,2.819290614115416,nan,nan,nan,4.17910447761194,2.836596516083064,4.2072243346007605,2.802004266660518,1.006728680065182,0.4187,0.01157,0.0,0.0,0.0,0.0,0.0,0.0,0.0,0.0,0.0,0.0,0.0,1.5363881401617228,25.29753265602323,3.1660792038150536,0.0,0.0,0.0,0.0,0.0,0.0,0.0,0.0,0.0,0.0,0.0,0.0,0.0,0.0,0.0,0.0,nan,nan,4.1935989959209286,2.819290614115416,nan,0.4187,0.05542,0.0,0.0,0.0,0.0,0.0,0.0,0.0,0.0,0.0,0.0,0.0,0.0,0.0,0.0,0.0,0.0,0.0,0.0,0.0,0.0,0.0,0.0,0.0017416545718432512,0.0,7.256894049346879e-05,1.036699149906697e-05,0.003897988803649181,0.0,0.0023014721127928676,0.009040016587186398,0.005650010366991499,0.008822309765705992,0.007339829981339415,0.015799295044578065,0.028789135392908977,0.024310595065312045,0.049637155297532654,0.05191789342732739,0.06605846983205474,0.07649803027161518,0.07321169396641095,0.07887207132490151,0.10203193033381712,0.06863985071532241,0.04402861289653742,0.033288409703504045,0.02468380675927846,0.038762181215011404,0.0317644619531412,0.06071946921003525,0.010937176031515655,0.03877254820651047,0.012108646070910221,0.012906904416338379,0.007920381505287165,0.0037424839311631765,0.0042815674891146585,0.00033174372797014305,0.00040431266846361187,5.1834957495334856e-05,4.146796599626788e-05,0.0006116524984449513,0.0,0.0,0.0,0.0,0.0,0.0,0.0,0.0,0.0,0.0,0.0,0.0,0.0,0.0,0.0,0.0,0.0,0.0,0.0,0.0,0.0,0.0,0.0,0.0,0.0,0.0,0.0,0.0,0.0,0.0,0.0,0.0,0.0,0.0,0.0,0.0,0.0,0.0,0.0,nan,nan,4.1935989959209286,2.819290614115416,nan,0.9207360739642203,0.023556268274017023,0.0,0.0,0.0,0.0,0.0,0.0,0.0,0.0,0.0,0.0,0.0,0.0,0.0,0.0,0.0,0.0,0.0,0.0,0.0,0.0,0.0,0.0,0.0,0.0,0.0,0.37712895377128963,5.4136253041362545,15.267639902676402,8.163017031630172,0.7785888077858882,0.9196332717629677,0.02311575097165261,0.0,0.0,0.0,0.0,0.0,0.0,0.0,0.0,0.0,0.0,0.0,0.0,0.0,0.0,0.0,0.0,0.0,0.0,0.0,0.0,0.0,0.0,0.0,0.0,0.0,0.25456088247772596,5.816716164616039,15.413661434026308,7.929571489181164,0.5854900296987697,0.419,0.01168,0.0,0.0,0.0,0.0,0.0,0.0,0.0,0.0,0.0,0.0,0.0,1.5328467153284648,25.17031630170317,3.2968369829683706,0.0,0.0,0.0,0.0,0.0,0.0,0.0,0.0,0.0,0.0,0.0,0.0,0.0,0.0,0.0,0.0,0.4185,0.011444,0.0,0.0,0.0,0.0,0.0,0.0,0.0,0.0,0.0,0.0,0.0,1.5400933389902396,25.430632159524826,3.0292745014849394,0.0,0.0,0.0,0.0,0.0,0.0,0.0,0.0,0.0,0.0,0.0,0.0,0.0,0.0,0.0,0.0
62100,4829,2423,0.5017601987989232,1161,1007,0.448954234831228,1399,0.5794160281631808,0.38599999999999995,2.870739817123857,2.9566555719047005,6.2535816618911175,1.9740857104818095,8287.904538153245,433.3940166197336,7853.0,8744.19458257556,8719.757744425104,5.5498113997158,7853.0,0.0,28.596603851729135,21.09779703228475,33.40034238200049,19.3517190188687,0.1314972043901429,0.09919237937461173,0.09360115966038517,0.0867674466763305,0.07806999378753365,0.07310002070822116,0.06813004762890867,0.0683371298405467,0.0581901014702837,0.053427210602609236,0.047214744253468624,0.04245185338579416,0.03189066059225513,0.028784427417684822,0.019258645682335887,0.011803686063367156,0.008283288465520811,0.919963643945357,0.022937511076344043,0.0,0.0,0.0,0.0,0.0,0.0,0.0,0.0,0.0,0.0,0.0,0.0,0.0,0.0,0.0,0.0,0.0,0.0,0.0,0.0,0.0,0.0,0.0,0.0,0.01242493269828122,0.3168357838061711,5.435908055498034,15.879063988403399,7.815282667218887,0.5404845723752331,4.1678211586901766,2.803467588029898,nan,nan,nan,4.129213483146067,2.806298961851511,4.207247298156389,2.800921356539445,1.0188979851317514,0.4185,0.011444,0.0,0.0,0.0,0.0,0.0,0.0,0.0,0.0,0.0,0.0,0.0,1.702215779664524,25.508386829571347,2.789397390764134,0.0,0.0,0.0,0.0,0.0,0.0,0.0,0.0,0.0,0.0,0.0,0.0,0.0,0.0,0.0,0.0,nan,nan,4.1678211586901766,2.803467588029898,nan,0.4185,0.05524,0.0,0.0,0.0,0.0,0.0,0.0,0.0,0.0,0.0,0.0,0.0,0.0,0.0,0.0,0.0,0.0,0.0,0.0,0.0,0.0,0.0,0.0,0.0017601987989231726,0.0,2.070822116380203e-05,4.141644232760406e-05,0.004245185338579416,3.106233174570305e-05,0.00275419341478567,0.008127976806792296,0.005974321805756885,0.00745495961896873,0.0076413336094429485,0.0163284323876579,0.03050320977428039,0.023731621453717124,0.04846759163387865,0.052288258438600126,0.06597639262787326,0.07591633878649824,0.0754607579208946,0.08205632636156554,0.10382066680472148,0.06620418306067509,0.04224477117415614,0.03317457030441085,0.024238972872230275,0.037792503623938704,0.032874301097535724,0.06191758127976807,0.008511078898322633,0.040474218264651064,0.011358459308345413,0.011493062745910127,0.007486021950714433,0.0038206668047214743,0.004328018223234624,0.00022779043280182233,0.0003727479809484365,0.0001242493269828122,4.141644232760406e-05,0.0007144336301511701,0.0,0.0,0.0,0.0,0.0,0.0,0.0,0.0,0.0,0.0,0.0,0.0,0.0,0.0,0.0,0.0,0.0,0.0,0.0,0.0,0.0,0.0,0.0,0.0,0.0,0.0,0.0,0.0,0.0,0.0,0.0,0.0,0.0,0.0,0.0,0.0,0.0,0.0,0.0,nan,nan,4.1678211586901766,2.803467588029898,nan,0.9196584686679974,0.02231786867311315,0.0,0.0,0.0,0.0,0.0,0.0,0.0,0.0,0.0,0.0,0.0,0.0,0.0,0.0,0.0,0.0,0.0,0.0,0.0,0.0,0.0,0.0,0.0,0.0,0.012381345439537766,0.3342963268675197,5.2125464300454,16.50433347090384,7.490713990920348,0.4457284358233596,0.9202709754902625,0.023541059036224346,0.0,0.0,0.0,0.0,0.0,0.0,0.0,0.0,0.0,0.0,0.0,0.0,0.0,0.0,0.0,0.0,0.0,0.0,0.0,0.0,0.0,0.0,0.0,0.0,0.012468827930174566,0.2992518703241896,5.6608478802992535,15.249376558603494,8.142144638403991,0.6359102244389029,0.4182,0.0116,0.0,0.0,0.0,0.0,0.0,0.0,0.0,0.0,0.0,0.0,0.0,1.795295088732973,25.282707387536117,2.921997523730913,0.0,0.0,0.0,0.0,0.0,0.0,0.0,0.0,0.0,0.0,0.0,0.0,0.0,0.0,0.0,0.0,0.4185,0.011284,0.0,0.0,0.0,0.0,0.0,0.0,0.0,0.0,0.0,0.0,0.0,1.6084788029925163,25.735660847880304,2.655860349127183,0.0,0.0,0.0,0.0,0.0,0.0,0.0,0.0,0.0,0.0,0.0,0.0,0.0,0.0,0.0,0.0
62200,4544,2343,0.515625,1105,923,0.44630281690140844,1262,0.5554577464788732,0.43,2.962744207178555,3.1212761565615437,6.656401944894651,2.092340438998981,8299.823235620197,433.090960224961,7853.0,8739.328497374057,8719.566275142199,5.7142934538179775,7853.0,0.0,27.711927816901408,20.86206541117494,32.666841690732475,19.152318263221996,0.14150528169014084,0.10277288732394366,0.09419014084507042,0.08296654929577464,0.08582746478873239,0.0724031690140845,0.06690140845070422,0.06338028169014084,0.061399647887323945,0.055897887323943664,0.04401408450704225,0.03631161971830986,0.03169014084507042,0.022007042253521125,0.020246478873239437,0.011663732394366197,0.006822183098591549,0.9193193318689583,0.02314077908640581,0.0,0.0,0.0,0.0,0.0,0.0,0.0,0.0,0.0,0.0,0.0,0.0,0.0,0.0,0.0,0.0,0.0,0.0,0.0,0.0,0.0,0.0,0.0,0.0,0.0,0.31029929577464793,5.763644366197185,15.67341549295775,7.592429577464791,0.6602112676056339,4.331383344803854,2.9134024637313334,nan,nan,nan,4.317274604267034,2.932216148218141,4.345492085340674,2.8943977229056324,1.0065359477124183,0.4182,0.01198,0.0,0.0,0.0,0.0,0.0,0.0,0.0,0.0,0.0,0.0,0.0,1.9344190140845043,24.969190140845075,3.0963908450704234,0.0,0.0,0.0,0.0,0.0,0.0,0.0,0.0,0.0,0.0,0.0,0.0,0.0,0.0,0.0,0.0,nan,nan,4.331383344803854,2.9134024637313334,nan,0.4182,0.0553,0.0,0.0,0.0,0.0,0.0,0.0,0.0,0.0,0.0,0.0,0.0,0.0,0.0,0.0,0.0,0.0,0.0,0.0,0.0,0.0,0.0,0.0,0.0023547535211267605,0.0,1.1003521126760564e-05,2.2007042253521128e-05,0.004159330985915493,1.1003521126760564e-05,0.0030809859154929575,0.008494718309859156,0.0062720070422535214,0.007911531690140845,0.007163292253521127,0.01601012323943662,0.029808538732394366,0.02377860915492958,0.049504841549295776,0.050253080985915494,0.06689040492957747,0.07644146126760563,0.07809198943661971,0.08104093309859155,0.10064920774647887,0.06517385563380282,0.043705985915492955,0.03301056338028169,0.02425176056338028,0.039876760563380284,0.033043573943661975,0.061069542253521125,0.009408010563380281,0.040669014084507044,0.01131161971830986,0.010629401408450704,0.006470070422535211,0.003576144366197183,0.004445422535211268,0.00025308098591549295,0.0001210387323943662,0.00031910211267605635,3.301056338028169e-05,0.0006822183098591549,0.0,0.0,0.0,0.0,0.0,0.0,0.0,0.0,0.0,0.0,0.0,0.0,0.0,0.0,0.0,0.0,0.0,0.0,0.0,0.0,0.0,0.0,0.0,0.0,0.0,0.0,0.0,0.0,0.0,0.0,0.0,0.0,0.0,0.0,0.0,0.0,0.0,0.0,0.0,nan,nan,4.331383344803854,2.9134024637313334,nan,0.9190684623612434,0.023141555270668034,0.0,0.0,0.0,0.0,0.0,0.0,0.0,0.0,0.0,0.0,0.0,0.0,0.0,0.0,0.0,0.0,0.0,0.0,0.0,0.0,0.0,0.0,0.0,0.0,0.0,0.29449423815621,5.8898847631242015,15.620998719590272,7.567221510883484,0.6274007682458388,0.9195863865062033,0.023136963962645633,0.0,0.0,0.0,0.0,0.0,0.0,0.0,0.0,0.0,0.0,0.0,0.0,0.0,0.0,0.0,0.0,0.0,0.0,0.0,0.0,0.0,0.0,0.0,0.0,0.0,0.32712403452975924,5.629259427532941,15.729213993639258,7.61926397092231,0.6951385733757384,0.418,0.0118,0.0,0.0,0.0,0.0,0.0,0.0,0.0,0.0,0.0,0.0,0.0,1.7413572343149784,25.288092189500645,2.9705505761843796,0.0,0.0,0.0,0.0,0.0,0.0,0.0,0.0,0.0,0.0,0.0,0.0,0.0,0.0,0.0,0.0,0.4182,0.01217,0.0,0.0,0.0,0.0,0.0,0.0,0.0,0.0,0.0,0.0,0.0,2.1399363925488384,24.62971376646979,3.230349840981373,0.0,0.0,0.0,0.0,0.0,0.0,0.0,0.0,0.0,0.0,0.0,0.0,0.0,0.0,0.0,0.0
62300,4907,2508,0.5111065824332586,1172,1012,0.4450784593437946,1397,0.569390666394946,0.38199999999999995,2.909545644018341,2.9855404910428724,6.221438645980254,2.145692747371545,8295.81839328368,433.1081504653548,7853.0,8738.670791977644,8719.391489570582,5.718199487659153,7853.0,0.0,28.29223558182189,20.737222313406892,32.997597308986066,18.989678118746554,0.13246382718565314,0.0988383941308335,0.09476258406358264,0.08661096392908091,0.08029345832484207,0.0686773996331771,0.07336458121051559,0.061952313022213164,0.06378642755247606,0.05420827389443652,0.04850213980028531,0.04381495822294681,0.03444059506826982,0.02649276543713063,0.016710821275728552,0.009578153658039535,0.0055023435907886695,0.9192390595795255,0.022968639784392578,0.0,0.0,0.0,0.0,0.0,0.0,0.0,0.0,0.0,0.0,0.0,0.0,0.0,0.0,0.0,0.0,0.0,0.0,0.0,0.0,0.0,0.0,0.0,0.0,0.006113715100876301,0.2873446097411861,5.771347055227228,15.70002037905034,7.660485021398005,0.5746892194823722,4.141202254226675,2.758564836507329,nan,nan,nan,4.1562302340290955,2.774512525599574,4.128411910669975,2.742508262934696,0.9933068377369092,0.417,0.01146,0.0,0.0,0.0,0.0,0.0,0.0,0.0,0.0,0.0,0.0,0.0,2.0603219889953097,25.63480741797433,2.304870593030365,0.0,0.0,0.0,0.0,0.0,0.0,0.0,0.0,0.0,0.0,0.0,0.0,0.0,0.0,0.0,0.0,nan,nan,4.141202254226675,2.758564836507329,nan,0.417,0.05505,0.0,0.0,0.0,0.0,0.0,0.0,0.0,0.0,0.0,0.0,0.0,0.0,0.0,0.0,0.0,0.0,0.0,0.0,0.0,0.0,2.037905033625433e-05,0.0,0.0024454860403505196,0.0,0.0,2.037905033625433e-05,0.004147136743427756,2.037905033625433e-05,0.003698797636030161,0.008294273486855512,0.006826981862645201,0.007407784797228449,0.007509680048909721,0.016262482168330955,0.028805787650295497,0.0257693091501936,0.04840024454860403,0.05364785001018953,0.06889137966170776,0.07657428163847564,0.07850010189525168,0.0796718972895863,0.1033014061544732,0.06695536987976361,0.041512125534950074,0.03389036070919095,0.026380680660281233,0.03909720807010393,0.030222131648665173,0.0563378846545751,0.009119625025473813,0.03909720807010393,0.011432647238638679,0.009517016507030773,0.007071530466680253,0.003444059506826982,0.004157326268595884,0.0003362543305481965,0.00022416955369879764,0.0002343590788669248,0.0,0.0007540248624414102,0.0,0.0,0.0,0.0,0.0,0.0,0.0,0.0,0.0,0.0,0.0,0.0,0.0,0.0,0.0,0.0,0.0,0.0,0.0,0.0,0.0,0.0,0.0,0.0,0.0,0.0,0.0,0.0,0.0,0.0,0.0,0.0,0.0,0.0,0.0,0.0,0.0,0.0,0.0,nan,nan,4.141202254226675,2.758564836507329,nan,0.9194376911653096,0.023083709125948003,0.0,0.0,0.0,0.0,0.0,0.0,0.0,0.0,0.0,0.0,0.0,0.0,0.0,0.0,0.0,0.0,0.0,0.0,0.0,0.0,0.0,0.0,0.0,0.0,0.011961722488038281,0.27511961722488043,5.765550239234451,15.7177033492823,7.667464114832537,0.5622009569377991,0.9190314030488266,0.022845876187281795,0.0,0.0,0.0,0.0,0.0,0.0,0.0,0.0,0.0,0.0,0.0,0.0,0.0,0.0,0.0,0.0,0.0,0.0,0.0,0.0,0.0,0.0,0.0,0.0,0.0,0.3001250521050438,5.777407253022094,15.68153397248854,7.653188828678617,0.5877448937057108,0.4167,0.01136,0.0,0.0,0.0,0.0,0.0,0.0,0.0,0.0,0.0,0.0,0.0,2.009569377990428,25.837320574162685,2.1531100478468903,0.0,0.0,0.0,0.0,0.0,0.0,0.0,0.0,0.0,0.0,0.0,0.0,0.0,0.0,0.0,0.0,0.4172,0.01156,0.0,0.0,0.0,0.0,0.0,0.0,0.0,0.0,0.0,0.0,0.0,2.11338057523968,25.42309295539809,2.4635264693622347,0.0,0.0,0.0,0.0,0.0,0.0,0.0,0.0,0.0,0.0,0.0,0.0,0.0,0.0,0.0,0.0
62400,4674,2437,0.5213949507916131,1125,967,0.4475823705605477,1318,0.5639709028669234,0.422,2.9709432275368797,3.0695347367523946,6.533653846153846,2.1828635000074317,8304.740661525231,432.8258977997677,7853.0,8738.176400625705,8719.407817796031,5.581367453798101,7853.0,0.0,27.496576807873343,20.560494694161957,32.3117048346056,18.8807235164124,0.13692768506632436,0.0975609756097561,0.10226786478391099,0.090928540864356,0.07744972186563971,0.08065896448438169,0.07274283269148481,0.06247325631151048,0.05370132648694908,0.05263157894736842,0.04514334617030381,0.038724860932819856,0.030166880616174584,0.024818142918271287,0.01690201112537441,0.01176722293538725,0.005134788189987163,0.9196479445882062,0.02228284454361055,0.0,0.0,0.0,0.0,0.0,0.0,0.0,0.0,0.0,0.0,0.0,0.0,0.0,0.0,0.0,0.0,0.0,0.0,0.0,0.0,0.0,0.0,0.0,0.0,0.0,0.2182284980744545,5.474967907573814,16.379974326059052,7.3170731707317085,0.6097560975609757,4.2817420435510885,2.898394110981234,nan,nan,nan,4.3212824010914055,2.9552916893875056,4.243581303489138,2.8418803080227932,0.9820189725201381,0.4167,0.011406,0.0,0.0,0.0,0.0,0.0,0.0,0.0,0.0,0.0,0.0,0.0,2.1181001283697016,25.69961489088576,2.182284980744545,0.0,0.0,0.0,0.0,0.0,0.0,0.0,0.0,0.0,0.0,0.0,0.0,0.0,0.0,0.0,0.0,nan,nan,4.2817420435510885,2.898394110981234,nan,0.4167,0.05545,0.0,0.0,0.0,0.0,0.0,0.0,0.0,0.0,0.0,0.0,0.0,0.0,0.0,0.0,0.0,0.0,0.0,0.0,0.0,0.0,0.0,0.0,0.0027171587505348737,1.0697475395806589e-05,0.0,1.0697475395806589e-05,0.004150620453572957,1.0697475395806589e-05,0.003337612323491656,0.00878262729995721,0.007627299957210098,0.007723577235772358,0.007991014120667522,0.014441591784338896,0.027899015832263587,0.025,0.05147625160462131,0.05793752674368849,0.06832477535301669,0.07708600770218228,0.07859435173299101,0.0753209242618742,0.10360504920838683,0.06874197689345314,0.04038296961916987,0.03233846812152332,0.026711596063329054,0.037933247753530165,0.029942233632862643,0.05344458707744972,0.009370988446726573,0.04038296961916987,0.011521181001283697,0.010002139495079162,0.008001711596063329,0.0033697047496790756,0.0038938810440735986,0.000652545999144202,0.00011767222935387249,0.00026743688489516476,0.0,0.0008771929824561404,0.0,0.0,0.0,0.0,0.0,0.0,0.0,0.0,0.0,0.0,0.0,0.0,0.0,0.0,0.0,0.0,0.0,0.0,0.0,0.0,0.0,0.0,0.0,0.0,0.0,0.0,0.0,0.0,0.0,0.0,0.0,0.0,0.0,0.0,0.0,0.0,0.0,0.0,0.0,nan,nan,4.2817420435510885,2.898394110981234,nan,0.9198168997007361,0.022576439648203443,0.0,0.0,0.0,0.0,0.0,0.0,0.0,0.0,0.0,0.0,0.0,0.0,0.0,0.0,0.0,0.0,0.0,0.0,0.0,0.0,0.0,0.0,0.0,0.0,0.0,0.1969634796881412,5.675010258514568,16.015592942141982,7.447681575707839,0.6647517439474766,0.91946388396718,0.021957053693876172,0.0,0.0,0.0,0.0,0.0,0.0,0.0,0.0,0.0,0.0,0.0,0.0,0.0,0.0,0.0,0.0,0.0,0.0,0.0,0.0,0.0,0.0,0.0,0.0,0.0,0.24139472507822982,5.257040679481449,16.77693339293697,7.174787662047387,0.549843540455968,0.4165,0.01143,0.0,0.0,0.0,0.0,0.0,0.0,0.0,0.0,0.0,0.0,0.0,2.2281493639720935,25.679113664341408,2.0927369716865,0.0,0.0,0.0,0.0,0.0,0.0,0.0,0.0,0.0,0.0,0.0,0.0,0.0,0.0,0.0,0.0,0.417,0.01138,0.0,0.0,0.0,0.0,0.0,0.0,0.0,0.0,0.0,0.0,0.0,1.9982118909253437,25.721949038891378,2.279839070183282,0.0,0.0,0.0,0.0,0.0,0.0,0.0,0.0,0.0,0.0,0.0,0.0,0.0,0.0,0.0,0.0
62500,4807,2514,0.5229873101726649,1168,987,0.4483045558560433,1357,0.5645933014354066,0.422,3.0375054513737463,3.088657592974398,6.578402366863905,2.146568981960264,8306.030538585544,432.68019521395365,7853.0,8739.1064589262,8719.236196889704,5.762976663092052,7853.0,0.0,28.089452881214896,21.04491879988503,33.0259772389906,19.312915028166568,0.13979613064281257,0.09423757021011026,0.09610983981693363,0.08674849178281673,0.08487622217599335,0.07572290409819014,0.07114624505928854,0.06157686706885791,0.05491990846681922,0.051175369253172454,0.04847097982109424,0.03515706261701685,0.03307676305387976,0.0249635947576451,0.021011025587684626,0.014354066985645933,0.006656958602038693,0.9187464060221935,0.02299660349598705,0.0,0.0,0.0,0.0,0.0,0.0,0.0,0.0,0.0,0.0,0.0,0.0,0.0,0.0,0.0,0.0,0.0,0.0,0.0,0.0,0.0,0.0,0.0,0.0,0.006240898689411277,0.3557312252964428,5.978780944456004,15.639692115664658,7.48283752860412,0.5367172872893697,4.254248156460404,2.8708092510070204,nan,nan,nan,4.175079872204472,2.875702788392214,4.333976833976834,2.863661517439626,1.038058424422061,0.4167,0.011566,0.0,0.0,0.0,0.0,0.0,0.0,0.0,0.0,0.0,0.0,0.0,2.259205325566878,25.37549407114625,2.3653006032868737,0.0,0.0,0.0,0.0,0.0,0.0,0.0,0.0,0.0,0.0,0.0,0.0,0.0,0.0,0.0,0.0,nan,nan,4.254248156460404,2.8708092510070204,nan,0.4167,0.05542,0.0,0.0,0.0,0.0,0.0,0.0,0.0,0.0,0.0,0.0,0.0,0.0,0.0,0.0,0.0,0.0,0.0,0.0,0.0,0.0,0.0,0.0,0.002111504056584148,0.0,0.0,2.080299563137092e-05,0.003515706261701685,1.040149781568546e-05,0.0031308508425213232,0.009163719575618888,0.007333055960058248,0.00794674433118369,0.006885791553983773,0.01440607447472436,0.029737882255044725,0.02567089660911171,0.052121905554399835,0.060453505304763885,0.06722488038277512,0.07912419388391928,0.07828167256084877,0.0706053671728729,0.10501352194716039,0.06749531932598295,0.04069065945496152,0.03248387767838569,0.02530684418556272,0.03852714790929894,0.02858331599750364,0.05224672352818806,0.010526315789473684,0.04122113584356147,0.012835448304555856,0.01085916371957562,0.007561888912003329,0.0029644268774703555,0.002860411899313501,0.0008633243187018931,0.0001248179737882255,0.000520074890784273,0.0,0.0015706261701685042,0.0,0.0,0.0,0.0,0.0,0.0,0.0,0.0,0.0,0.0,0.0,0.0,0.0,0.0,0.0,0.0,0.0,0.0,0.0,0.0,0.0,0.0,0.0,0.0,0.0,0.0,0.0,0.0,0.0,0.0,0.0,0.0,0.0,0.0,0.0,0.0,0.0,0.0,0.0,nan,nan,4.254248156460404,2.8708092510070204,nan,0.9186453995433419,0.02332649916849365,0.0,0.0,0.0,0.0,0.0,0.0,0.0,0.0,0.0,0.0,0.0,0.0,0.0,0.0,0.0,0.0,0.0,0.0,0.0,0.0,0.0,0.0,0.0,0.0,0.011933174224343679,0.34606205250596667,6.252983293556087,15.334128878281625,7.505966587112173,0.5489260143198091,0.9188571475345497,0.02262886803460054,0.0,0.0,0.0,0.0,0.0,0.0,0.0,0.0,0.0,0.0,0.0,0.0,0.0,0.0,0.0,0.0,0.0,0.0,0.0,0.0,0.0,0.0,0.0,0.0,0.0,0.3663323157435675,5.678150894025296,15.974705625817709,7.457479284779766,0.5233318796336678,0.417,0.011444,0.0,0.0,0.0,0.0,0.0,0.0,0.0,0.0,0.0,0.0,0.0,2.171837708830546,25.44152744630072,2.3866348448687353,0.0,0.0,0.0,0.0,0.0,0.0,0.0,0.0,0.0,0.0,0.0,0.0,0.0,0.0,0.0,0.0,0.4167,0.011696,0.0,0.0,0.0,0.0,0.0,0.0,0.0,0.0,0.0,0.0,0.0,2.354993458351501,25.30309638028784,2.3419101613606634,0.0,0.0,0.0,0.0,0.0,0.0,0.0,0.0,0.0,0.0,0.0,0.0,0.0,0.0,0.0,0.0
62600,5055,2617,0.5177052423343225,1240,1034,0.44985163204747775,1403,0.5550939663699308,0.37799999999999995,2.932321575061526,3.1223238293157327,6.644873699851412,2.1309733157197885,8301.440237565224,432.85160686312685,7853.0,8737.996134662628,8719.207642679485,5.69642782821847,7853.0,0.0,28.022551928783383,20.81876687557666,33.02713544124587,19.01024213787644,0.1390702274975272,0.09515331355093966,0.095351137487636,0.0923837784371909,0.07457962413452028,0.07378832838773491,0.06805143422354105,0.06904055390702275,0.06132542037586548,0.049060336300692384,0.04747774480712166,0.04253214638971316,0.0314540059347181,0.02393669634025717,0.018991097922848664,0.011671612265084076,0.006132542037586548,0.9186382871942869,0.023089269135016546,0.0,0.0,0.0,0.0,0.0,0.0,0.0,0.0,0.0,0.0,0.0,0.0,0.0,0.0,0.0,0.0,0.0,0.0,0.0,0.0,0.0,0.0,0.0,0.0,0.005934718100890209,0.3323442136498517,6.029673590504452,15.703264094955493,7.4540059347181025,0.4747774480712167,4.205010693553315,2.954354749230974,nan,nan,nan,4.224339274738783,2.9846067036733275,4.183586626139817,2.923394458575346,0.9903528940389178,0.4167,0.01198,0.0,0.0,0.0,0.0,0.0,0.0,0.0,0.0,0.0,0.0,0.0,2.4866468842729934,24.89020771513354,2.6231454005934727,0.0,0.0,0.0,0.0,0.0,0.0,0.0,0.0,0.0,0.0,0.0,0.0,0.0,0.0,0.0,0.0,nan,nan,4.205010693553315,2.954354749230974,nan,0.4167,0.0558,0.0,0.0,0.0,0.0,0.0,0.0,0.0,0.0,0.0,0.0,0.0,0.0,0.0,0.0,0.0,0.0,0.0,0.0,0.0,0.0,0.0,0.0,0.0019980217606330366,9.891196834817013e-06,0.0,0.00011869436201780416,0.003857566765578635,0.0,0.004421364985163205,0.01002967359050445,0.0073392680514342236,0.007230464886251236,0.007359050445103857,0.013857566765578635,0.028921859545004945,0.024431256181998023,0.05276953511374877,0.06035608308605341,0.06509396636993076,0.07997032640949554,0.07672601384767556,0.0763996043521266,0.10411473788328388,0.0663402571711177,0.041345202769535114,0.032601384767556876,0.025677546983184966,0.03739861523244312,0.025420375865479725,0.051839762611275965,0.010840751730959447,0.043184965380811076,0.012255192878338279,0.012027695351137487,0.006567754698318496,0.003095944609297725,0.0027398615232443126,0.0011572700296735906,0.00025717111770524236,0.0003560830860534125,1.9782393669634026e-05,0.0018397626112759643,0.0,2.967359050445104e-05,0.0,0.0,0.0,0.0,0.0,0.0,0.0,0.0,0.0,0.0,0.0,0.0,0.0,0.0,0.0,0.0,0.0,0.0,0.0,0.0,0.0,0.0,0.0,0.0,0.0,0.0,0.0,0.0,0.0,0.0,0.0,0.0,0.0,0.0,0.0,0.0,0.0,nan,nan,4.205010693553315,2.954354749230974,nan,0.9188898066823884,0.02289663918997476,0.0,0.0,0.0,0.0,0.0,0.0,0.0,0.0,0.0,0.0,0.0,0.0,0.0,0.0,0.0,0.0,0.0,0.0,0.0,0.0,0.0,0.0,0.0,0.0,0.011463507833397023,0.2636606801681315,6.018341612533437,15.808177302254492,7.451280091708064,0.44707680550248385,0.9183683009349097,0.02329124715161679,0.0,0.0,0.0,0.0,0.0,0.0,0.0,0.0,0.0,0.0,0.0,0.0,0.0,0.0,0.0,0.0,0.0,0.0,0.0,0.0,0.0,0.0,0.0,0.0,0.0,0.40607054963084505,6.04183757178015,15.590648072190323,7.4569319114027905,0.5045118949958983,0.4165,0.01196,0.0,0.0,0.0,0.0,0.0,0.0,0.0,0.0,0.0,0.0,0.0,2.5678257546809284,24.94459304547192,2.487581199847154,0.0,0.0,0.0,0.0,0.0,0.0,0.0,0.0,0.0,0.0,0.0,0.0,0.0,0.0,0.0,0.0,0.417,0.011986,0.0,0.0,0.0,0.0,0.0,0.0,0.0,0.0,0.0,0.0,0.0,2.3995077932731714,24.831829368334706,2.7686628383921255,0.0,0.0,0.0,0.0,0.0,0.0,0.0,0.0,0.0,0.0,0.0,0.0,0.0,0.0,0.0,0.0
62700,4500,2293,0.5095555555555555,1067,932,0.44422222222222224,1266,0.5626666666666666,0.41,2.949252378794744,3.1280130932245527,6.549668874172186,2.2660428551732013,8294.093410972042,432.76215608051996,7853.0,8736.388197654485,8718.64341446759,5.754671375491943,7853.0,0.0,27.290222222222223,20.679130487725907,32.45824411134904,18.89762715581724,0.148,0.10333333333333333,0.09288888888888888,0.08955555555555555,0.078,0.06911111111111111,0.06844444444444445,0.07088888888888889,0.056666666666666664,0.05177777777777778,0.043555555555555556,0.04,0.03,0.026,0.017777777777777778,0.009111111111111111,0.004888888888888889,0.9176727230681313,0.02293901964917305,0.0,0.0,0.0,0.0,0.0,0.0,0.0,0.0,0.0,0.0,0.0,0.0,0.0,0.0,0.0,0.0,0.0,0.0,0.0,0.0,0.0,0.0,0.0,0.0,0.006666666666666668,0.4066666666666668,6.360000000000001,15.480000000000004,7.340000000000002,0.4066666666666668,4.338596491228071,2.8904109090483283,nan,nan,nan,4.295628036086051,2.9170896175229513,4.382540809084457,2.8622020368200136,1.0202328442472863,0.4165,0.01185,0.0,0.0,0.0,0.0,0.0,0.0,0.0,0.0,0.0,0.0,0.0,2.4733333333333296,25.19333333333334,2.333333333333334,0.0,0.0,0.0,0.0,0.0,0.0,0.0,0.0,0.0,0.0,0.0,0.0,0.0,0.0,0.0,0.0,nan,nan,4.338596491228071,2.8904109090483283,nan,0.4165,0.05582,0.0,0.0,0.0,0.0,0.0,0.0,0.0,0.0,0.0,0.0,0.0,0.0,0.0,0.0,0.0,0.0,0.0,0.0,0.0,0.0,0.0,0.0,0.0014555555555555556,0.0,0.0,5.555555555555556e-05,0.003288888888888889,0.0,0.005,0.010066666666666666,0.0082,0.007211111111111111,0.008022222222222222,0.01531111111111111,0.0311,0.023166666666666665,0.05357777777777778,0.061,0.06448888888888889,0.07876666666666667,0.07723333333333333,0.0744,0.10375555555555556,0.06445555555555556,0.04012222222222222,0.03417777777777778,0.026222222222222223,0.0378,0.024566666666666667,0.0534,0.011455555555555556,0.04147777777777778,0.0122,0.012866666666666667,0.0053,0.0027555555555555554,0.0030666666666666668,0.0013666666666666666,0.0004222222222222222,0.0002,0.0,0.0020444444444444447,0.0,0.0,0.0,0.0,0.0,0.0,0.0,0.0,0.0,0.0,0.0,0.0,0.0,0.0,0.0,0.0,0.0,0.0,0.0,0.0,0.0,0.0,0.0,0.0,0.0,0.0,0.0,0.0,0.0,0.0,0.0,0.0,0.0,0.0,0.0,0.0,0.0,0.0,0.0,nan,nan,4.338596491228071,2.8904109090483283,nan,0.9169317708491656,0.022914725897376254,0.0,0.0,0.0,0.0,0.0,0.0,0.0,0.0,0.0,0.0,0.0,0.0,0.0,0.0,0.0,0.0,0.0,0.0,0.0,0.0,0.0,0.0,0.0,0.0,0.0,0.41866550370693423,6.580898386393373,15.556040122110774,7.012647187091148,0.43174880069777594,0.9184425479154755,0.022938896133620244,0.0,0.0,0.0,0.0,0.0,0.0,0.0,0.0,0.0,0.0,0.0,0.0,0.0,0.0,0.0,0.0,0.0,0.0,0.0,0.0,0.0,0.0,0.0,0.0,0.013593112822836434,0.39420027186225653,6.1304938830992315,15.400996828273678,7.680108744902585,0.3806071590394201,0.416,0.01188,0.0,0.0,0.0,0.0,0.0,0.0,0.0,0.0,0.0,0.0,0.0,2.668992586131701,25.172263410379422,2.1587440034888794,0.0,0.0,0.0,0.0,0.0,0.0,0.0,0.0,0.0,0.0,0.0,0.0,0.0,0.0,0.0,0.0,0.417,0.01179,0.0,0.0,0.0,0.0,0.0,0.0,0.0,0.0,0.0,0.0,0.0,2.2700498414136803,25.215224286361583,2.51472587222474,0.0,0.0,0.0,0.0,0.0,0.0,0.0,0.0,0.0,0.0,0.0,0.0,0.0,0.0,0.0,0.0
62800,4499,2326,0.5170037786174706,1101,914,0.4478773060680151,1255,0.5579017559457657,0.418,2.99033594109526,3.1291275221044934,6.644039735099338,2.152492988292015,8300.52295561157,432.5730769270341,7853.0,8736.534031683206,8718.60867467603,5.651049908114503,7853.0,0.0,27.651255834629918,20.757160371577406,32.68412656208455,18.983029843964186,0.140697932873972,0.1058012891753723,0.08690820182262725,0.08535230051122472,0.0866859302067126,0.07623916425872417,0.06623694154256501,0.06690375639030896,0.057568348521893756,0.05112247166036897,0.046899310957990666,0.04067570571238053,0.03267392753945321,0.023783062902867302,0.014225383418537452,0.009557679484329852,0.00866859302067126,0.9162149033061026,0.022476213370483594,0.0,0.0,0.0,0.0,0.0,0.0,0.0,0.0,0.0,0.0,0.0,0.0,0.0,0.0,0.0,0.0,0.0,0.0,0.0,0.0,0.0,0.0,0.0,0.0,0.006668148477439432,0.46677039342076027,6.648144032007115,16.303623027339412,6.181373638586354,0.3934207601689265,4.2338067197783165,2.8806763041984365,nan,nan,nan,4.202216066481994,2.9022573252770227,4.264216366158114,2.8591936979302677,1.0147541912874616,0.4158,0.01174,0.0,0.0,0.0,0.0,0.0,0.0,0.0,0.0,0.0,0.0,0.0,2.787286063569678,25.198933096243618,2.0137808401867088,0.0,0.0,0.0,0.0,0.0,0.0,0.0,0.0,0.0,0.0,0.0,0.0,0.0,0.0,0.0,0.0,nan,nan,4.2338067197783165,2.8806763041984365,nan,0.4158,0.05588,0.0,0.0,0.0,0.0,0.0,0.0,0.0,0.0,0.0,0.0,0.0,0.0,0.0,0.0,0.0,0.0,0.0,0.0,0.0,0.0,0.0,0.0,0.0018004000889086465,0.0,0.0,2.222716159146477e-05,0.0026116914869971104,1.1113580795732385e-05,0.005367859524338742,0.010146699266503667,0.00847966214714381,0.0070904645476772615,0.009946654812180485,0.015503445210046677,0.032073794176483664,0.025927983996443655,0.05235607912869526,0.06071349188708602,0.06350300066681484,0.08000666814847744,0.07559457657257168,0.074127583907535,0.1011669259835519,0.06547010446765948,0.04067570571238053,0.03460769059791065,0.025316737052678374,0.039831073571904865,0.02367192709490998,0.052945098910869084,0.011847077128250722,0.04096465881306957,0.011213603022893976,0.013114025338964214,0.004701044676594799,0.002711713714158702,0.0025005556790397864,0.0014781062458324072,0.00042231607023783063,0.00013336296954878863,0.0,0.0019448766392531674,0.0,0.0,0.0,0.0,0.0,0.0,0.0,0.0,0.0,0.0,0.0,0.0,0.0,0.0,0.0,0.0,0.0,0.0,0.0,0.0,0.0,0.0,0.0,0.0,0.0,0.0,0.0,0.0,0.0,0.0,0.0,0.0,0.0,0.0,0.0,0.0,0.0,0.0,0.0,nan,nan,4.2338067197783165,2.8806763041984365,nan,0.9170139604668522,0.022601567422850882,0.0,0.0,0.0,0.0,0.0,0.0,0.0,0.0,0.0,0.0,0.0,0.0,0.0,0.0,0.0,0.0,0.0,0.0,0.0,0.0,0.0,0.0,0.0,0.0,0.0,0.4643164230438522,6.461736887360277,16.251074806534827,6.371453138435084,0.4514187446259674,0.9153595848726447,0.02230956308186495,0.0,0.0,0.0,0.0,0.0,0.0,0.0,0.0,0.0,0.0,0.0,0.0,0.0,0.0,0.0,0.0,0.0,0.0,0.0,0.0,0.0,0.0,0.0,0.0,0.013805798435342848,0.4693971468016568,6.8476760239300525,16.359871145881275,5.977910722503453,0.3313391624482283,0.4158,0.0119,0.0,0.0,0.0,0.0,0.0,0.0,0.0,0.0,0.0,0.0,0.0,2.97936371453138,24.892519346517634,2.1281169389509893,0.0,0.0,0.0,0.0,0.0,0.0,0.0,0.0,0.0,0.0,0.0,0.0,0.0,0.0,0.0,0.0,0.416,0.011566,0.0,0.0,0.0,0.0,0.0,0.0,0.0,0.0,0.0,0.0,0.0,2.581684307409108,25.526921306948925,1.8913943856419702,0.0,0.0,0.0,0.0,0.0,0.0,0.0,0.0,0.0,0.0,0.0,0.0,0.0,0.0,0.0,0.0
62900,4564,2352,0.5153374233128835,1134,930,0.45223488168273446,1296,0.567922874671341,0.40599999999999997,2.9602169981916817,3.1056224967230466,6.6576,2.1311879879541364,8298.91866211708,432.46296357602785,7853.0,8737.234248900413,8718.294546727186,5.689464468847218,7853.0,0.0,28.016871165644172,20.88983300318645,33.05206698063841,19.092442489017884,0.13935144609991235,0.1018843120070114,0.09049079754601227,0.08523225241016652,0.08216476774758984,0.07340052585451358,0.07120946538124452,0.060692375109553026,0.05915863277826468,0.05214723926380368,0.0492988606485539,0.04250657318141981,0.030893952673093777,0.025416301489921123,0.018404907975460124,0.010297984224364592,0.007449605609114811,0.9154666329323462,0.022851453604258283,0.0,0.0,0.0,0.0,0.0,0.0,0.0,0.0,0.0,0.0,0.0,0.0,0.0,0.0,0.0,0.0,0.0,0.0,0.0,0.0,0.0,0.0,0.0,0.0,0.013146362839614376,0.47326906222611753,7.01358457493427,16.03856266432954,6.067046450482035,0.3943908851884313,4.290431266846361,2.9123336716604222,nan,nan,nan,4.243589743589744,2.9106190360677875,4.337146702557201,2.9132926779623327,1.0220466549832679,0.4163,0.01175,0.0,0.0,0.0,0.0,0.0,0.0,0.0,0.0,0.0,0.0,0.006573181419807188,2.4189307624890413,25.438212094653817,2.136283961437336,0.0,0.0,0.0,0.0,0.0,0.0,0.0,0.0,0.0,0.0,0.0,0.0,0.0,0.0,0.0,0.0,nan,nan,4.290431266846361,2.9123336716604222,nan,0.4163,0.05606,0.0,0.0,0.0,0.0,0.0,0.0,0.0,0.0,0.0,0.0,0.0,0.0,0.0,0.0,0.0,0.0,0.0,0.0,0.0,0.0,0.0,0.0,0.0020157756354075374,3.286590709903593e-05,0.0,9.85977212971078e-05,0.0023553900087642417,0.0,0.005795354951796669,0.008654688869412796,0.008720420683610867,0.006562226117440842,0.009224364592462751,0.015074496056091149,0.03254820333041192,0.027892199824715164,0.05,0.06134969325153374,0.06278483786152497,0.08182515337423313,0.07653374233128835,0.07571209465381244,0.10136941279579316,0.06458150744960561,0.039844434706397897,0.031014460999123576,0.026950043821209465,0.04004163014899211,0.022294040315512707,0.050054776511831725,0.011524978089395267,0.04373356704645048,0.011974145486415426,0.01640008764241893,0.00492988606485539,0.0015885188431200702,0.001971954425942156,0.0017418930762489045,0.00028483786152497806,0.00025197195442594217,0.0,0.0022677475898334794,0.0,0.0,0.0,0.0,0.0,0.0,0.0,0.0,0.0,0.0,0.0,0.0,0.0,0.0,0.0,0.0,0.0,0.0,0.0,0.0,0.0,0.0,0.0,0.0,0.0,0.0,0.0,0.0,0.0,0.0,0.0,0.0,0.0,0.0,0.0,0.0,0.0,0.0,0.0,nan,nan,4.290431266846361,2.9123336716604222,nan,0.9150292710179374,0.022923275834237106,0.0,0.0,0.0,0.0,0.0,0.0,0.0,0.0,0.0,0.0,0.0,0.0,0.0,0.0,0.0,0.0,0.0,0.0,0.0,0.0,0.0,0.0,0.0,0.0,0.01275510204081633,0.4846938775510205,7.244897959183675,15.956632653061227,5.867346938775512,0.4336734693877552,0.9159316759805782,0.022765622171335282,0.0,0.0,0.0,0.0,0.0,0.0,0.0,0.0,0.0,0.0,0.0,0.0,0.0,0.0,0.0,0.0,0.0,0.0,0.0,0.0,0.0,0.0,0.0,0.0,0.013562386980108502,0.4611211573236891,6.767631103074143,16.125678119349008,6.279385171790237,0.3526220614828211,0.4163,0.01168,0.0,0.0,0.0,0.0,0.0,0.0,0.0,0.0,0.0,0.0,0.01275510204081633,2.410714285714282,25.497448979591844,2.0790816326530615,0.0,0.0,0.0,0.0,0.0,0.0,0.0,0.0,0.0,0.0,0.0,0.0,0.0,0.0,0.0,0.0,0.416,0.01182,0.0,0.0,0.0,0.0,0.0,0.0,0.0,0.0,0.0,0.0,0.0,2.4276672694394175,25.37522603978301,2.197106690777577,0.0,0.0,0.0,0.0,0.0,0.0,0.0,0.0,0.0,0.0,0.0,0.0,0.0,0.0,0.0,0.0
63000,4605,2337,0.5074918566775244,1089,972,0.447557003257329,1324,0.5750271444082519,0.418,2.935185185185185,3.132119559896741,6.704545454545454,2.203976362481105,8292.207494063754,432.6946383107985,7853.0,8738.341496998071,8718.447372770042,5.77087941531105,7853.0,0.0,27.43930510314875,20.665466774261773,32.44554198076423,18.92976319888983,0.14462540716612377,0.10618892508143322,0.08968512486427796,0.08642779587404995,0.07926167209554831,0.0777415852334419,0.07035830618892508,0.06275787187839305,0.05276872964169381,0.051465798045602605,0.048859934853420196,0.04234527687296417,0.03279044516829533,0.02301845819761129,0.018675352877307275,0.008686210640608035,0.004343105320304018,0.9158824964014897,0.022816232644376974,0.0,0.0,0.0,0.0,0.0,0.0,0.0,0.0,0.0,0.0,0.0,0.0,0.0,0.0,0.0,0.0,0.0,0.0,0.0,0.0,0.0,0.0,0.0,0.0,0.0,0.48208469055374603,6.69055374592834,16.2671009771987,6.1628664495114025,0.3973941368078177,4.292583813071452,2.9289595060097695,nan,nan,nan,4.318889641164523,2.9695820790894514,4.266440677966101,2.8884678729839726,0.9878559149327373,0.4165,0.011696,0.0,0.0,0.0,0.0,0.0,0.0,0.0,0.0,0.0,0.0,0.0,2.4755700325732866,25.270358306188932,2.2540716612377856,0.0,0.0,0.0,0.0,0.0,0.0,0.0,0.0,0.0,0.0,0.0,0.0,0.0,0.0,0.0,0.0,nan,nan,4.292583813071452,2.9289595060097695,nan,0.4165,0.05524,0.0,0.0,0.0,0.0,0.0,0.0,0.0,0.0,0.0,0.0,0.0,0.0,0.0,0.0,0.0,0.0,0.0,0.0,0.0,0.0,0.0,0.0,0.0020955483170466884,0.0,0.0,0.00031487513572204124,0.0019218241042345276,0.0,0.00495114006514658,0.00742671009771987,0.009142236699239957,0.0048642779587404995,0.009001085776330076,0.012692725298588491,0.03348534201954397,0.02752442996742671,0.04965255157437568,0.062323561346362646,0.0630401737242128,0.08280130293159609,0.08014115092290988,0.07781758957654723,0.10275787187839305,0.05975027144408252,0.04191096634093377,0.03327904451682953,0.027166123778501628,0.040466883821932684,0.023485342019543973,0.04807817589576547,0.011476655808903367,0.04267100977198697,0.010890336590662323,0.01681867535287731,0.0038436482084690552,0.0016938110749185667,0.0020086862106406082,0.0017915309446254071,0.0005428881650380022,0.0001520086862106406,0.0,0.002019543973941368,0.0,0.0,0.0,0.0,0.0,0.0,0.0,0.0,0.0,0.0,0.0,0.0,0.0,0.0,0.0,0.0,0.0,0.0,0.0,0.0,0.0,0.0,0.0,0.0,0.0,0.0,0.0,0.0,0.0,0.0,0.0,0.0,0.0,0.0,0.0,0.0,0.0,0.0,0.0,nan,nan,4.292583813071452,2.9289595060097695,nan,0.9156766192852864,0.023375979008918447,0.0,0.0,0.0,0.0,0.0,0.0,0.0,0.0,0.0,0.0,0.0,0.0,0.0,0.0,0.0,0.0,0.0,0.0,0.0,0.0,0.0,0.0,0.0,0.0,0.0,0.5391527599486522,6.803594351732992,16.03337612323492,6.200256739409501,0.423620025673941,0.9160946369749318,0.022222719209060594,0.0,0.0,0.0,0.0,0.0,0.0,0.0,0.0,0.0,0.0,0.0,0.0,0.0,0.0,0.0,0.0,0.0,0.0,0.0,0.0,0.0,0.0,0.0,0.0,0.0,0.42328042328042337,6.574074074074075,16.50793650793651,6.124338624338626,0.37037037037037046,0.4163,0.01164,0.0,0.0,0.0,0.0,0.0,0.0,0.0,0.0,0.0,0.0,0.0,2.55455712451861,25.36585365853659,2.0795892169448016,0.0,0.0,0.0,0.0,0.0,0.0,0.0,0.0,0.0,0.0,0.0,0.0,0.0,0.0,0.0,0.0,0.4165,0.01175,0.0,0.0,0.0,0.0,0.0,0.0,0.0,0.0,0.0,0.0,0.0,2.3941798941798904,25.171957671957678,2.4338624338624344,0.0,0.0,0.0,0.0,0.0,0.0,0.0,0.0,0.0,0.0,0.0,0.0,0.0,0.0,0.0,0.0
63100,4898,2548,0.5202123315639037,1226,980,0.4503879134340547,1370,0.5594120048999591,0.40599999999999997,2.951489361702128,3.0334637029509466,6.441997063142438,2.050020194017555,8303.256385662122,432.4280505136278,7853.0,8737.797240072488,8718.524245279857,5.718790498427056,7853.0,0.0,28.349326255614535,20.95798409535342,33.473645680819914,19.068175788465876,0.14128215598203347,0.09207839934667211,0.08758677011024908,0.08860759493670886,0.08227848101265822,0.07860351163740302,0.06676194365046959,0.06451612903225806,0.05818701510820743,0.05471621069824418,0.0467537770518579,0.041037158023683136,0.034708044099632504,0.02552062066149449,0.017762351980400163,0.012658227848101266,0.006941608819926501,0.9162965759348995,0.022853972114422225,0.0,0.0,0.0,0.0,0.0,0.0,0.0,0.0,0.0,0.0,0.0,0.0,0.0,0.0,0.0,0.0,0.0,0.0,0.0,0.0,0.0,0.0,0.0,0.0,0.006124948958758678,0.37974683544303806,6.706819109840753,16.08411596570029,6.369946917109026,0.4532462229481422,4.183775351014041,2.8498983925973183,nan,nan,nan,4.2037617554858935,2.823188511719796,4.163975155279503,2.8759778848965087,0.9905354769083977,0.4158,0.01125,0.0,0.0,0.0,0.0,0.0,0.0,0.0,0.0,0.0,0.0,0.0,2.5357288689260886,25.62678644344631,1.8374846876276034,0.0,0.0,0.0,0.0,0.0,0.0,0.0,0.0,0.0,0.0,0.0,0.0,0.0,0.0,0.0,0.0,nan,nan,4.183775351014041,2.8498983925973183,nan,0.4158,0.05484,0.0,0.0,0.0,0.0,0.0,0.0,0.0,0.0,0.0,0.0,0.0,0.0,0.0,0.0,0.0,0.0,0.0,0.0,0.0,0.0,0.0,0.0,0.0018272764393630053,0.0,0.0,0.00018374846876276031,0.0020110249081257657,5.104124132298898e-05,0.005114332380563496,0.007186606778276847,0.010759493670886076,0.005226623111474071,0.008523887300939158,0.013781135157207023,0.03499387505104124,0.026459779501837484,0.04758064516129032,0.0639036341363822,0.0638934258881176,0.0889240506329114,0.07643936300530829,0.07474479379338506,0.10155165373621887,0.060769701919150675,0.04273172723560637,0.03440179665169457,0.028491220906492445,0.03944467129440588,0.024183340138832176,0.047233564720294,0.010810534912209065,0.04049612086565945,0.011126990608411597,0.016608819926500613,0.003481012658227848,0.0016333197223356473,0.001541445487954267,0.0019293589220089832,0.0004695794201714986,0.00011229073091057574,0.0,0.0013781135157207023,0.0,0.0,0.0,0.0,0.0,0.0,0.0,0.0,0.0,0.0,0.0,0.0,0.0,0.0,0.0,0.0,0.0,0.0,0.0,0.0,0.0,0.0,0.0,0.0,0.0,0.0,0.0,0.0,0.0,0.0,0.0,0.0,0.0,0.0,0.0,0.0,0.0,0.0,0.0,nan,nan,4.183775351014041,2.8498983925973183,nan,0.9166547742144466,0.02289322110653534,0.0,0.0,0.0,0.0,0.0,0.0,0.0,0.0,0.0,0.0,0.0,0.0,0.0,0.0,0.0,0.0,0.0,0.0,0.0,0.0,0.0,0.0,0.0,0.0,0.01177394034536892,0.38854003139717436,6.534536891679751,16.09497645211931,6.569858712715857,0.40031397174254324,0.9159081975449908,0.022804983509740872,0.0,0.0,0.0,0.0,0.0,0.0,0.0,0.0,0.0,0.0,0.0,0.0,0.0,0.0,0.0,0.0,0.0,0.0,0.0,0.0,0.0,0.0,0.0,0.0,0.0,0.3702127659574469,6.893617021276597,16.07234042553192,6.153191489361704,0.5106382978723405,0.4158,0.01132,0.0,0.0,0.0,0.0,0.0,0.0,0.0,0.0,0.0,0.0,0.0,2.554945054945051,25.478806907378342,1.9662480376766094,0.0,0.0,0.0,0.0,0.0,0.0,0.0,0.0,0.0,0.0,0.0,0.0,0.0,0.0,0.0,0.0,0.4158,0.011185,0.0,0.0,0.0,0.0,0.0,0.0,0.0,0.0,0.0,0.0,0.0,2.514893617021273,25.787234042553198,1.6978723404255323,0.0,0.0,0.0,0.0,0.0,0.0,0.0,0.0,0.0,0.0,0.0,0.0,0.0,0.0,0.0,0.0
63200,4899,2510,0.5123494590732802,1175,1025,0.44907123902837315,1376,0.5617472953664013,0.422,2.9233989116785266,3.148014715923191,6.746753246753247,2.247832110913334,8296.357845238641,432.5581142979769,7853.0,8735.195173376798,8718.342662878127,5.630499780521112,7853.0,0.0,27.637477036129823,20.738715906726814,32.65462533561142,18.971287831466583,0.14186568687487242,0.10144927536231885,0.09757093284343743,0.0824658093488467,0.08226168605837926,0.07409675443968157,0.07144315166360482,0.06368646662584201,0.0559297815880792,0.051643192488262914,0.04225352112676056,0.04184527454582568,0.03837517860787916,0.0226576852418861,0.016738109818330273,0.010002041232904674,0.005715452133088385,0.9162724318127653,0.022738425731604537,0.0,0.0,0.0,0.0,0.0,0.0,0.0,0.0,0.0,0.0,0.0,0.0,0.0,0.0,0.0,0.0,0.0,0.0,0.0,0.0,0.0,0.0,0.0,0.0,0.018371096142069814,0.34905082669932647,6.754439681567669,15.915492957746482,6.638089406001226,0.3245560318432334,4.32779552715655,2.9466871954517706,nan,nan,nan,4.467058056099152,2.9738572201283846,4.19172932330827,2.913469156044964,0.9383646396950319,0.4155,0.01141,0.0,0.0,0.0,0.0,0.0,0.0,0.0,0.0,0.0,0.0,0.0,2.5535823637477,25.69503980404165,1.7513778322106557,0.0,0.0,0.0,0.0,0.0,0.0,0.0,0.0,0.0,0.0,0.0,0.0,0.0,0.0,0.0,0.0,nan,nan,4.32779552715655,2.9466871954517706,nan,0.4155,0.05487,0.0,0.0,0.0,0.0,0.0,0.0,0.0,0.0,0.0,0.0,0.0,0.0,0.0,0.0,0.0,0.0,0.0,0.0,0.0,0.0,0.0,0.0,0.001132884262094305,0.0,0.0,0.00016329863237395385,0.0021228822208614003,6.12369871402327e-05,0.005623596652378036,0.007021841192080016,0.012655644008981426,0.005460298020004082,0.00906307409675444,0.011879975505205144,0.03547662788324148,0.027025923657889365,0.048785466421718715,0.06298224127372934,0.06410491937130026,0.08702796489079404,0.07497448458869158,0.07948560930802205,0.1032557664829557,0.056103286384976525,0.04254949989793835,0.032945499081445194,0.028475199020208206,0.040783833435394976,0.024903041437027963,0.04683608899775464,0.010165339865278629,0.041508471116554396,0.010400081649316186,0.01662584200857318,0.0034190651153296592,0.0017860787915901205,0.0016125739946927945,0.0016023678301694223,0.00033680342927127987,0.0003061849357011635,1.0206164523372116e-05,0.0013268013880383752,0.0,0.0,0.0,0.0,0.0,0.0,0.0,0.0,0.0,0.0,0.0,0.0,0.0,0.0,0.0,0.0,0.0,0.0,0.0,0.0,0.0,0.0,0.0,0.0,0.0,0.0,0.0,0.0,0.0,0.0,0.0,0.0,0.0,0.0,0.0,0.0,0.0,0.0,0.0,nan,nan,4.32779552715655,2.9466871954517706,nan,0.9164431756711101,0.02287306086857768,0.0,0.0,0.0,0.0,0.0,0.0,0.0,0.0,0.0,0.0,0.0,0.0,0.0,0.0,0.0,0.0,0.0,0.0,0.0,0.0,0.0,0.0,0.0,0.0,0.02390438247011953,0.3346613545816734,6.7768924302788855,15.776892430278888,6.764940239043826,0.32270916334661365,0.9160930399816871,0.02259471740963366,0.0,0.0,0.0,0.0,0.0,0.0,0.0,0.0,0.0,0.0,0.0,0.0,0.0,0.0,0.0,0.0,0.0,0.0,0.0,0.0,0.0,0.0,0.0,0.0,0.012557555462536629,0.36416910841356226,6.730849727919633,16.061113436584346,6.504813729593974,0.32649644202595235,0.415,0.011406,0.0,0.0,0.0,0.0,0.0,0.0,0.0,0.0,0.0,0.0,0.0,2.7490039840637412,25.613545816733073,1.6374501992031876,0.0,0.0,0.0,0.0,0.0,0.0,0.0,0.0,0.0,0.0,0.0,0.0,0.0,0.0,0.0,0.0,0.416,0.011406,0.0,0.0,0.0,0.0,0.0,0.0,0.0,0.0,0.0,0.0,0.0,2.3482628714943456,25.7806613645877,1.8710757639179576,0.0,0.0,0.0,0.0,0.0,0.0,0.0,0.0,0.0,0.0,0.0,0.0,0.0,0.0,0.0,0.0
63300,4720,2449,0.5188559322033899,1154,926,0.4406779661016949,1301,0.551271186440678,0.414,3.014971378247468,3.062787183895599,6.4225563909774435,2.096994503108718,8301.929135335851,432.32585550072736,7853.0,8739.363800668716,8718.228876596655,5.649875693111961,7853.0,0.0,28.579025423728815,21.222242706436074,33.50276243093923,19.44813363698801,0.13792372881355933,0.09915254237288136,0.08665254237288135,0.08453389830508475,0.07860169491525423,0.0760593220338983,0.07055084745762712,0.06419491525423729,0.056567796610169495,0.05296610169491525,0.04639830508474576,0.03983050847457627,0.03686440677966102,0.02902542372881356,0.023940677966101696,0.009533898305084746,0.007203389830508475,0.9155992779186216,0.022803722741055552,0.0,0.0,0.0,0.0,0.0,0.0,0.0,0.0,0.0,0.0,0.0,0.0,0.0,0.0,0.0,0.0,0.0,0.0,0.0,0.0,0.0,0.0,0.0,0.0,0.006355932203389832,0.4385593220338984,7.105932203389832,15.953389830508478,6.120762711864408,0.3750000000000001,4.2468251383914035,2.8164809274030325,nan,nan,nan,4.221221864951769,2.8236369876872893,4.273087071240106,2.808879384870602,1.0122867757127307,0.4153,0.01156,0.0,0.0,0.0,0.0,0.0,0.0,0.0,0.0,0.0,0.0,0.0,2.777542372881352,25.38559322033899,1.8368644067796613,0.0,0.0,0.0,0.0,0.0,0.0,0.0,0.0,0.0,0.0,0.0,0.0,0.0,0.0,0.0,0.0,nan,nan,4.2468251383914035,2.8164809274030325,nan,0.4153,0.05472,0.0,0.0,0.0,0.0,0.0,0.0,0.0,0.0,0.0,0.0,0.0,0.0,0.0,0.0,0.0,0.0,0.0,0.0,0.0,0.0,0.0,0.0,0.0009216101694915254,0.0,0.0,0.00022245762711864406,0.002055084745762712,1.0593220338983052e-05,0.005783898305084746,0.006345338983050847,0.012733050847457628,0.006355932203389831,0.00826271186440678,0.012309322033898305,0.03583686440677966,0.027934322033898305,0.048103813559322035,0.06216101694915254,0.06520127118644067,0.08726694915254238,0.07454449152542372,0.08221398305084746,0.09894067796610169,0.057934322033898304,0.04224576271186441,0.032097457627118645,0.028707627118644066,0.04265889830508474,0.02322033898305085,0.047383474576271185,0.009427966101694916,0.04295550847457627,0.011048728813559321,0.014830508474576272,0.00361228813559322,0.0017266949152542374,0.001652542372881356,0.0012605932203389831,0.00036016949152542374,0.0003177966101694915,3.177966101694915e-05,0.0013241525423728813,0.0,0.0,0.0,0.0,0.0,0.0,0.0,0.0,0.0,0.0,0.0,0.0,0.0,0.0,0.0,0.0,0.0,0.0,0.0,0.0,0.0,0.0,0.0,0.0,0.0,0.0,0.0,0.0,0.0,0.0,0.0,0.0,0.0,0.0,0.0,0.0,0.0,0.0,0.0,nan,nan,4.2468251383914035,2.8164809274030325,nan,0.9154774081517162,0.02290390502746104,0.0,0.0,0.0,0.0,0.0,0.0,0.0,0.0,0.0,0.0,0.0,0.0,0.0,0.0,0.0,0.0,0.0,0.0,0.0,0.0,0.0,0.0,0.0,0.0,0.012249897917517356,0.4777460187831769,7.04369130257248,15.949367088607598,6.247447937933852,0.26949775418538185,0.915730699785267,0.022694459250497574,0.0,0.0,0.0,0.0,0.0,0.0,0.0,0.0,0.0,0.0,0.0,0.0,0.0,0.0,0.0,0.0,0.0,0.0,0.0,0.0,0.0,0.0,0.0,0.0,0.0,0.3963011889035668,7.173051519154559,15.957727873183623,5.984147952443859,0.48877146631439905,0.4155,0.0116,0.0,0.0,0.0,0.0,0.0,0.0,0.0,0.0,0.0,0.0,0.0,2.7317272356063658,25.443037974683552,1.825234789710086,0.0,0.0,0.0,0.0,0.0,0.0,0.0,0.0,0.0,0.0,0.0,0.0,0.0,0.0,0.0,0.0,0.4153,0.011505,0.0,0.0,0.0,0.0,0.0,0.0,0.0,0.0,0.0,0.0,0.0,2.8269484808454384,25.323645970937918,1.8494055482166452,0.0,0.0,0.0,0.0,0.0,0.0,0.0,0.0,0.0,0.0,0.0,0.0,0.0,0.0,0.0,0.0
63400,4664,2464,0.5283018867924528,1161,930,0.44832761578044594,1290,0.5531732418524872,0.414,3.0113636363636362,3.106497290071752,6.536891679748822,2.2824093708507713,8309.900118361535,431.7503710433201,7853.0,8741.515849375724,8717.846652612901,5.765800976094855,7853.0,0.0,28.085763293310464,20.799797623839602,32.831432192648926,19.099717662981433,0.133147512864494,0.09519725557461406,0.10355917667238422,0.08276157804459691,0.0797598627787307,0.08104631217838765,0.07139794168096054,0.062178387650085765,0.055960548885077184,0.047384219554030875,0.05274442538593482,0.043310463121783875,0.031089193825042882,0.02444253859348199,0.018224699828473412,0.010934819897084048,0.00686106346483705,0.914317689567651,0.023097835875057614,0.0,0.0,0.0,0.0,0.0,0.0,0.0,0.0,0.0,0.0,0.0,0.0,0.0,0.0,0.0,0.0,0.0,0.0,0.0,0.0,0.0,0.0,0.0,0.0,0.0,0.5403087478559178,7.564322469982849,15.913379073756435,5.557461406518012,0.4245283018867925,4.2665117822768,2.93739246444074,nan,nan,nan,4.198534310459694,2.9385032441893384,4.333994708994709,2.934732335932851,1.0322637350366641,0.4148,0.011444,0.0,0.0,0.0,0.0,0.0,0.0,0.0,0.0,0.0,0.0,0.0,2.9138078902229805,25.40094339622642,1.6852487135506007,0.0,0.0,0.0,0.0,0.0,0.0,0.0,0.0,0.0,0.0,0.0,0.0,0.0,0.0,0.0,0.0,nan,nan,4.2665117822768,2.93739246444074,nan,0.4148,0.05438,0.0,0.0,0.0,0.0,0.0,0.0,0.0,0.0,0.0,0.0,0.0,0.0,0.0,0.0,0.0,0.0,0.0,0.0,0.0,0.0,0.0,0.0,0.0010291595197255575,0.0,0.0,0.00035377358490566035,0.001747427101200686,4.288164665523156e-05,0.00630360205831904,0.007954545454545454,0.011835334476843911,0.0064644082332761576,0.008308319039451116,0.01173885077186964,0.034230274442538594,0.02661878216123499,0.04967838765008576,0.06583404802744425,0.06234991423670669,0.08936535162950257,0.0740566037735849,0.08380145797598627,0.09814536878216124,0.059873499142367066,0.04182032590051458,0.03270797598627787,0.028987993138936536,0.04152015437392796,0.022930960548885077,0.046698113207547166,0.00990566037735849,0.042066895368782165,0.010634648370497428,0.013368353344768439,0.003044596912521441,0.0018117495711835335,0.002144082332761578,0.0009541166380789022,0.0004502572898799314,0.00032161234991423673,0.0,0.0009005145797598628,0.0,0.0,0.0,0.0,0.0,0.0,0.0,0.0,0.0,0.0,0.0,0.0,0.0,0.0,0.0,0.0,0.0,0.0,0.0,0.0,0.0,0.0,0.0,0.0,0.0,0.0,0.0,0.0,0.0,0.0,0.0,0.0,0.0,0.0,0.0,0.0,0.0,0.0,0.0,nan,nan,4.2665117822768,2.93739246444074,nan,0.914672604919254,0.023137840891380698,0.0,0.0,0.0,0.0,0.0,0.0,0.0,0.0,0.0,0.0,0.0,0.0,0.0,0.0,0.0,0.0,0.0,0.0,0.0,0.0,0.0,0.0,0.0,0.0,0.0,0.5722402597402598,7.585227272727274,15.560064935064938,5.892857142857144,0.3896103896103897,0.9139201843738556,0.023046459878952867,0.0,0.0,0.0,0.0,0.0,0.0,0.0,0.0,0.0,0.0,0.0,0.0,0.0,0.0,0.0,0.0,0.0,0.0,0.0,0.0,0.0,0.0,0.0,0.0,0.0,0.5045454545454546,7.540909090909093,16.309090909090912,5.1818181818181825,0.46363636363636374,0.4146,0.01152,0.0,0.0,0.0,0.0,0.0,0.0,0.0,0.0,0.0,0.0,0.0,3.0803571428571384,25.37337662337663,1.546266233766234,0.0,0.0,0.0,0.0,0.0,0.0,0.0,0.0,0.0,0.0,0.0,0.0,0.0,0.0,0.0,0.0,0.415,0.01135,0.0,0.0,0.0,0.0,0.0,0.0,0.0,0.0,0.0,0.0,0.0,2.727272727272723,25.431818181818187,1.8409090909090913,0.0,0.0,0.0,0.0,0.0,0.0,0.0,0.0,0.0,0.0,0.0,0.0,0.0,0.0,0.0,0.0
63500,4851,2537,0.5229849515563801,1237,936,0.4479488765203051,1335,0.5504019789734076,0.414,3.1326707000864302,3.1947903584342785,6.637377963737796,2.162092028436977,8305.10744123597,431.80021299133847,7853.0,8737.380782657861,8717.475048260028,5.694713783604499,7853.0,0.0,28.66048237476809,21.024471681763305,33.3219476744186,19.31546010116618,0.12863327149041434,0.09853638425066996,0.09420737992166564,0.0888476602762317,0.08163265306122448,0.07008864151721295,0.06617192331478046,0.06204906204906205,0.06349206349206349,0.05339105339105339,0.04555761698618842,0.04596990311276026,0.03793032364460936,0.024943310657596373,0.01937744794887652,0.013811585240156668,0.005359719645433931,0.9132892117380383,0.022405348007548728,0.0,0.0,0.0,0.0,0.0,0.0,0.0,0.0,0.0,0.0,0.0,0.0,0.0,0.0,0.0,0.0,0.0,0.0,0.0,0.0,0.0,0.0,0.0,0.0,0.0,0.5256648113790972,7.847866419294992,16.190476190476193,5.095856524427955,0.3401360544217688,4.32465495608532,3.0066312178152033,nan,nan,nan,4.324577861163227,2.955850252123878,4.324307304785894,3.0577956839211136,0.9999374375058057,0.4148,0.011284,0.0,0.0,0.0,0.0,0.0,0.0,0.0,0.0,0.0,0.0,0.0,2.9128014842300516,25.64007421150279,1.4471243042671618,0.0,0.0,0.0,0.0,0.0,0.0,0.0,0.0,0.0,0.0,0.0,0.0,0.0,0.0,0.0,0.0,nan,nan,4.32465495608532,3.0066312178152033,nan,0.4148,0.0544,0.0,0.0,0.0,0.0,0.0,0.0,0.0,0.0,0.0,0.0,0.0,0.0,0.0,0.0,0.0,0.0,0.0,0.0,0.0,2.0614306328592042e-05,0.0,0.0,0.0011337868480725624,0.0,0.0,0.0005978148835291692,0.0018346732632446919,0.00015460729746444033,0.0074520717377860235,0.007225314368171511,0.010894660894660894,0.005308183879612451,0.008812615955473098,0.013162234590806019,0.03357039785611214,0.024087816944959803,0.04898989898989899,0.06546072974644403,0.06345083487940631,0.09028035456606885,0.07750979179550609,0.08658008658008658,0.09441352298495155,0.06008039579468151,0.04288806431663574,0.03197278911564626,0.029396000824572253,0.03942486085343228,0.023490002061430634,0.04521748093176665,0.010162853019995878,0.04245516388373531,0.010441146155431869,0.013718820861678005,0.003195217480931767,0.0015873015873015873,0.002350030921459493,0.0007318078746650175,0.00035044320758606474,0.0006699649556792414,0.0,0.0009276437847866419,0.0,0.0,0.0,0.0,0.0,0.0,0.0,0.0,0.0,0.0,0.0,0.0,0.0,0.0,0.0,0.0,0.0,0.0,0.0,0.0,0.0,0.0,0.0,0.0,0.0,0.0,0.0,0.0,0.0,0.0,0.0,0.0,0.0,0.0,0.0,0.0,0.0,0.0,0.0,nan,nan,4.32465495608532,3.0066312178152033,nan,0.9130228003461294,0.022336584826727023,0.0,0.0,0.0,0.0,0.0,0.0,0.0,0.0,0.0,0.0,0.0,0.0,0.0,0.0,0.0,0.0,0.0,0.0,0.0,0.0,0.0,0.0,0.0,0.0,0.0,0.5084745762711865,8.017343318880569,16.18841150965708,4.931020890815926,0.35474970437524644,0.9135812971750621,0.02247686765632425,0.0,0.0,0.0,0.0,0.0,0.0,0.0,0.0,0.0,0.0,0.0,0.0,0.0,0.0,0.0,0.0,0.0,0.0,0.0,0.0,0.0,0.0,0.0,0.0,0.0,0.5445116681071738,7.662057044079518,16.19273984442524,5.276577355229041,0.32411408815903203,0.4146,0.011475,0.0,0.0,0.0,0.0,0.0,0.0,0.0,0.0,0.0,0.0,0.0,3.121797398502163,25.459203783996852,1.4189988175009858,0.0,0.0,0.0,0.0,0.0,0.0,0.0,0.0,0.0,0.0,0.0,0.0,0.0,0.0,0.0,0.0,0.4148,0.01106,0.0,0.0,0.0,0.0,0.0,0.0,0.0,0.0,0.0,0.0,0.0,2.6836646499567807,25.838375108038036,1.4779602420051863,0.0,0.0,0.0,0.0,0.0,0.0,0.0,0.0,0.0,0.0,0.0,0.0,0.0,0.0,0.0,0.0
63600,4987,2546,0.5105273711650291,1229,1044,0.4557850411068779,1431,0.5738921195107279,0.40199999999999997,2.965178205653421,3.13195004437999,6.615942028985507,2.2254211904491767,8294.43755454052,432.2581735583195,7853.0,8736.150553935766,8717.669711112949,5.695423161859612,7853.0,0.0,27.830960497292963,20.730921465587482,32.66222328017139,19.012728887666455,0.13595347904551836,0.09925807098455985,0.0962502506516944,0.09063565269701224,0.08020854220974534,0.07058351714457589,0.07419290154401444,0.06316422699017446,0.062362141568077,0.051333467014237015,0.048927210747944656,0.036895929416482856,0.03067976739522759,0.02466412672949669,0.016442751152997793,0.009825546420693804,0.008622418287547624,0.9132529486987403,0.022921851930947264,0.0,0.0,0.0,0.0,0.0,0.0,0.0,0.0,0.0,0.0,0.0,0.0,0.0,0.0,0.0,0.0,0.0,0.0,0.0,0.0,0.0,0.0,0.0,0.0,0.0,0.7218768798877082,7.67595748947263,15.797072388209347,5.486264287146582,0.31882895528373784,4.323520297489929,2.981517532332484,nan,nan,nan,4.264795607077486,2.986759341588951,4.3841309823677586,2.9748822660228966,1.0279814992991068,0.4148,0.01143,0.0,0.0,0.0,0.0,0.0,0.0,0.0,0.0,0.0,0.0,0.0,2.983757770202522,25.512332063364756,1.5039101664327255,0.0,0.0,0.0,0.0,0.0,0.0,0.0,0.0,0.0,0.0,0.0,0.0,0.0,0.0,0.0,0.0,nan,nan,4.323520297489929,2.981517532332484,nan,0.4148,0.05423,0.0,0.0,0.0,0.0,0.0,0.0,0.0,0.0,0.0,0.0,0.0,0.0,0.0,0.0,0.0,0.0,0.0,0.0,0.0,7.018247443352717e-05,0.0,0.0,0.0012632845398034892,0.0,0.0,0.0007619811509925808,0.0013434930820132344,0.00020052135552436334,0.007319029476639262,0.007018247443352717,0.009985963505113295,0.005013033888109084,0.007910567475436133,0.014367355123320633,0.032825345899338276,0.023120112291959094,0.04917786244235011,0.06715460196510928,0.06599157810306798,0.08971325446160017,0.07918588329657109,0.08601363545217566,0.09368357730098255,0.05912372167635853,0.04338279526769601,0.033677561660316824,0.03103067976739523,0.03583316623220373,0.0242831361540004,0.04283136154000401,0.011529977942650892,0.042470423100060155,0.009645077200721877,0.014146781632243834,0.0031481852817325045,0.0015339883697613795,0.0026869861640264688,0.00060156406657309,0.000360938439943854,0.0005213555243633447,0.0,0.0010727892520553438,0.0,0.0,0.0,0.0,0.0,0.0,0.0,0.0,0.0,0.0,0.0,0.0,0.0,0.0,0.0,0.0,0.0,0.0,0.0,0.0,0.0,0.0,0.0,0.0,0.0,0.0,0.0,0.0,0.0,0.0,0.0,0.0,0.0,0.0,0.0,0.0,0.0,0.0,0.0,nan,nan,4.323520297489929,2.981517532332484,nan,0.9136263255471802,0.022702875051257686,0.0,0.0,0.0,0.0,0.0,0.0,0.0,0.0,0.0,0.0,0.0,0.0,0.0,0.0,0.0,0.0,0.0,0.0,0.0,0.0,0.0,0.0,0.0,0.0,0.0,0.6598586017282013,7.564807541241164,15.860172820109979,5.5616653574234105,0.3534956794972507,0.9128635109862749,0.023141623574636314,0.0,0.0,0.0,0.0,0.0,0.0,0.0,0.0,0.0,0.0,0.0,0.0,0.0,0.0,0.0,0.0,0.0,0.0,0.0,0.0,0.0,0.0,0.0,0.0,0.0,0.7865628840639084,7.7918885702580925,15.731257681278167,5.407619827939371,0.2826710364604671,0.4148,0.011604,0.0,0.0,0.0,0.0,0.0,0.0,0.0,0.0,0.0,0.0,0.0,3.016496465043201,25.3809897879026,1.602513747054203,0.0,0.0,0.0,0.0,0.0,0.0,0.0,0.0,0.0,0.0,0.0,0.0,0.0,0.0,0.0,0.0,0.4146,0.01122,0.0,0.0,0.0,0.0,0.0,0.0,0.0,0.0,0.0,0.0,0.0,2.9496108152396516,25.649324047521514,1.401065137238837,0.0,0.0,0.0,0.0,0.0,0.0,0.0,0.0,0.0,0.0,0.0,0.0,0.0,0.0,0.0,0.0
63700,4655,2394,0.5142857142857142,1107,967,0.4455424274973147,1319,0.566702470461869,0.414,2.996019460415745,3.111588544576591,6.702875399361022,2.053102858770581,8297.57254595626,432.06560134746877,7853.0,8735.41067662239,8717.446617137171,5.612323563666573,7853.0,0.0,28.00343716433942,20.857183772775663,32.806262729124235,19.163047633056124,0.13383458646616542,0.10440386680988185,0.0958109559613319,0.08678839957035446,0.07432867883995703,0.07883995703544576,0.07046186895810956,0.06423200859291085,0.05778732545649839,0.04575725026852846,0.05263157894736842,0.04103114930182599,0.03308270676691729,0.025134264232008593,0.018474758324382383,0.010955961331901182,0.00644468313641246,0.9140036852608178,0.022930643911891015,0.0,0.0,0.0,0.0,0.0,0.0,0.0,0.0,0.0,0.0,0.0,0.0,0.0,0.0,0.0,0.0,0.0,0.0,0.0,0.0,0.0,0.0,0.0,0.0,0.0,0.6251342642320087,7.385606874328681,16.13104189044039,5.523093447905479,0.335123523093448,4.322948073701842,2.8658842407520164,nan,nan,nan,4.238973008558262,2.8709634396292,4.409959072305593,2.8580102836428254,1.040336671972697,0.414,0.01156,0.0,0.0,0.0,0.0,0.0,0.0,0.0,0.0,0.0,0.0,0.0,3.18367346938775,25.32116004296456,1.4951664876476911,0.0,0.0,0.0,0.0,0.0,0.0,0.0,0.0,0.0,0.0,0.0,0.0,0.0,0.0,0.0,0.0,nan,nan,4.322948073701842,2.8658842407520164,nan,0.414,0.05408,0.0,0.0,0.0,0.0,0.0,0.0,0.0,0.0,0.0,0.0,0.0,0.0,0.0,0.0,0.0,0.0,0.0,0.0,0.0,1.0741138560687432e-05,0.0,0.0,0.0012459720730397421,0.0,0.0,0.0006659505907626208,0.0015574650912996777,4.296455424274973e-05,0.00761546723952739,0.006219119226638024,0.009140708915145006,0.006122448979591836,0.007647690655209452,0.015263157894736841,0.03650912996777658,0.022438238453276048,0.04984962406015037,0.07055853920515574,0.06599355531686359,0.08823845327604726,0.080859291084855,0.08340494092373792,0.09126745435016112,0.058549946294307195,0.04374865735767992,0.03395273899033298,0.02790547798066595,0.03732545649838883,0.02481203007518797,0.041235230934479054,0.013071965628356606,0.04178302900107411,0.01108485499462943,0.013071965628356606,0.0025134264232008594,0.0020730397422126746,0.0023952738990332977,0.0005263157894736842,0.0004833512352309345,0.0002685284640171858,0.0,0.0005477980665950591,0.0,0.0,0.0,0.0,0.0,0.0,0.0,0.0,0.0,0.0,0.0,0.0,0.0,0.0,0.0,0.0,0.0,0.0,0.0,0.0,0.0,0.0,0.0,0.0,0.0,0.0,0.0,0.0,0.0,0.0,0.0,0.0,0.0,0.0,0.0,0.0,0.0,0.0,0.0,nan,nan,4.322948073701842,2.8658842407520164,nan,0.9134187971987919,0.0227659312211996,0.0,0.0,0.0,0.0,0.0,0.0,0.0,0.0,0.0,0.0,0.0,0.0,0.0,0.0,0.0,0.0,0.0,0.0,0.0,0.0,0.0,0.0,0.0,0.0,0.0,0.6265664160401003,7.606516290726819,16.152882205513787,5.313283208020052,0.30075187969924816,0.9146229785029628,0.0230876210987737,0.0,0.0,0.0,0.0,0.0,0.0,0.0,0.0,0.0,0.0,0.0,0.0,0.0,0.0,0.0,0.0,0.0,0.0,0.0,0.0,0.0,0.0,0.0,0.0,0.0,0.6236178681999116,7.151702786377711,16.10791685095091,5.745245466607697,0.3715170278637772,0.414,0.0114,0.0,0.0,0.0,0.0,0.0,0.0,0.0,0.0,0.0,0.0,0.0,3.0952380952380905,25.538847117794493,1.3659147869674189,0.0,0.0,0.0,0.0,0.0,0.0,0.0,0.0,0.0,0.0,0.0,0.0,0.0,0.0,0.0,0.0,0.4143,0.01172,0.0,0.0,0.0,0.0,0.0,0.0,0.0,0.0,0.0,0.0,0.0,3.277310924369743,25.090667846085807,1.6320212295444498,0.0,0.0,0.0,0.0,0.0,0.0,0.0,0.0,0.0,0.0,0.0,0.0,0.0,0.0,0.0,0.0
63800,4620,2408,0.5212121212121212,1143,969,0.45714285714285713,1305,0.564935064935065,0.422,3.0836347197106693,3.166672600734278,6.74468085106383,2.221075296106681,8303.762440308654,432.04920854305277,7853.0,8737.227872127294,8717.83491454567,5.909139952380081,7853.0,0.0,28.143939393939394,20.94596883543947,33.18930785123967,19.12204061628485,0.14112554112554113,0.09567099567099567,0.09047619047619047,0.08982683982683982,0.07445887445887446,0.07683982683982683,0.07142857142857142,0.06861471861471861,0.05865800865800866,0.047835497835497835,0.048917748917748916,0.04415584415584416,0.029653679653679654,0.025324675324675326,0.01904761904761905,0.008225108225108226,0.00974025974025974,0.9151528988436703,0.023112318588572493,0.0,0.0,0.0,0.0,0.0,0.0,0.0,0.0,0.0,0.0,0.0,0.0,0.0,0.0,0.0,0.0,0.0,0.0,0.0,0.0,0.0,0.0,0.0,0.0,0.006493506493506495,0.5584415584415585,7.0779220779220795,15.720779220779225,6.253246753246755,0.3831168831168832,4.275816122584944,2.9126538383254448,nan,nan,nan,4.28552368245497,2.9439726945218503,4.266134397870925,2.8810466791254563,0.9954756323799059,0.4143,0.01168,0.0,0.0,0.0,0.0,0.0,0.0,0.0,0.0,0.0,0.0,0.0,3.2402597402597357,25.25324675324676,1.506493506493507,0.0,0.0,0.0,0.0,0.0,0.0,0.0,0.0,0.0,0.0,0.0,0.0,0.0,0.0,0.0,0.0,nan,nan,4.275816122584944,2.9126538383254448,nan,0.4143,0.05426,0.0,0.0,0.0,0.0,0.0,0.0,0.0,0.0,0.0,0.0,0.0,0.0,0.0,0.0,0.0,0.0,0.0,0.0,0.0,3.246753246753247e-05,0.0,0.0,0.0016233766233766235,0.0,0.0,0.0007359307359307359,0.0011147186147186148,1.0822510822510823e-05,0.007445887445887446,0.00527056277056277,0.010108225108225108,0.0056168831168831165,0.007207792207792208,0.015324675324675324,0.0383008658008658,0.022305194805194804,0.0496969696969697,0.07097402597402597,0.06532467532467533,0.08826839826839827,0.08201298701298701,0.08271645021645022,0.09086580086580087,0.05687229437229437,0.04359307359307359,0.03443722943722944,0.027012987012987013,0.03727272727272727,0.024177489177489176,0.04423160173160173,0.012932900432900433,0.04181818181818182,0.009751082251082252,0.013625541125541126,0.0021212121212121214,0.0021212121212121214,0.0028787878787878787,0.0003787878787878788,0.0007251082251082252,0.0003787878787878788,0.0,0.0007142857142857143,0.0,0.0,0.0,0.0,0.0,0.0,0.0,0.0,0.0,0.0,0.0,0.0,0.0,0.0,0.0,0.0,0.0,0.0,0.0,0.0,0.0,0.0,0.0,0.0,0.0,0.0,0.0,0.0,0.0,0.0,0.0,0.0,0.0,0.0,0.0,0.0,0.0,0.0,0.0,nan,nan,4.275816122584944,2.9126538383254448,nan,0.9149473068672557,0.02350119514934613,0.0,0.0,0.0,0.0,0.0,0.0,0.0,0.0,0.0,0.0,0.0,0.0,0.0,0.0,0.0,0.0,0.0,0.0,0.0,0.0,0.0,0.0,0.0,0.0,0.012458471760797346,0.5980066445182726,7.338039867109636,15.411129568106315,6.2541528239202675,0.3862126245847177,0.9153767078306533,0.02267928752334919,0.0,0.0,0.0,0.0,0.0,0.0,0.0,0.0,0.0,0.0,0.0,0.0,0.0,0.0,0.0,0.0,0.0,0.0,0.0,0.0,0.0,0.0,0.0,0.0,0.0,0.5153707052441231,6.79475587703436,16.057866184448468,6.252260397830019,0.37974683544303806,0.4143,0.01187,0.0,0.0,0.0,0.0,0.0,0.0,0.0,0.0,0.0,0.0,0.0,3.5132890365448453,24.8671096345515,1.6196013289036548,0.0,0.0,0.0,0.0,0.0,0.0,0.0,0.0,0.0,0.0,0.0,0.0,0.0,0.0,0.0,0.0,0.4143,0.01146,0.0,0.0,0.0,0.0,0.0,0.0,0.0,0.0,0.0,0.0,0.0,2.94303797468354,25.673598553345396,1.383363471971067,0.0,0.0,0.0,0.0,0.0,0.0,0.0,0.0,0.0,0.0,0.0,0.0,0.0,0.0,0.0,0.0
63900,4761,2455,0.5156479731148919,1142,977,0.44507456416719177,1325,0.5566057550934678,0.422,2.98438855160451,3.160318661945035,6.783094098883573,2.153036799510153,8299.041020069446,432.31223734418467,7853.0,8736.949908190965,8718.010711425917,5.605421597211101,7853.0,0.0,27.663936147868096,20.678535414598233,32.51298701298701,18.973325856969737,0.14114681789540012,0.09934887628649443,0.09871875656374711,0.08464608275572359,0.0789750052509977,0.07792480571308548,0.06994328922495274,0.06091157319890779,0.05986137366099559,0.05103969754253308,0.045158580130224744,0.03759714345725688,0.03507666456626759,0.026885108170552403,0.017643352236925015,0.011552194917034237,0.0035706784289014915,0.9159536459595685,0.02269812557777288,0.0,0.0,0.0,0.0,0.0,0.0,0.0,0.0,0.0,0.0,0.0,0.0,0.0,0.0,0.0,0.0,0.0,0.0,0.0,0.0,0.0,0.0,0.0,0.0,0.006301197227473221,0.4095778197857594,6.931316950220544,15.929426591052303,6.307498424700695,0.4158790170132326,4.398347107438017,2.9419166033393997,nan,nan,nan,4.373005319148936,2.914306240200888,4.425,2.9690785829241615,1.0118899194161473,0.4146,0.01108,0.0,0.0,0.0,0.0,0.0,0.0,0.0,0.0,0.0,0.0,0.0,2.7536231884057933,25.84120982986768,1.4051669817265284,0.0,0.0,0.0,0.0,0.0,0.0,0.0,0.0,0.0,0.0,0.0,0.0,0.0,0.0,0.0,0.0,nan,nan,4.398347107438017,2.9419166033393997,nan,0.4146,0.0544,0.0,0.0,0.0,0.0,0.0,0.0,0.0,0.0,0.0,0.0,0.0,0.0,0.0,0.0,0.0,0.0,0.0,0.0,0.0,1.0501995379122034e-05,0.0,0.0,0.0016068052930056712,0.0,0.0,0.0007561436672967864,0.000955681579500105,2.1003990758244067e-05,0.006994328922495274,0.005145977735769796,0.008926696072253729,0.0059021214030665825,0.007393404746901911,0.013453056080655324,0.04105229993698803,0.022904851921865154,0.051008191556395716,0.07304137786179374,0.06498634740600714,0.08915143877336694,0.08078134845620667,0.07906952320940978,0.09128334383532871,0.057172862843940346,0.043835328712455365,0.03233564377231674,0.026948120142827138,0.037145557655954634,0.023272421760134426,0.04402436462927956,0.013306028145347617,0.044192396555345514,0.00939928586431422,0.014041167821886158,0.0018378491913463558,0.0017853392144507457,0.003927746271791641,0.000651123713505566,0.0007141356857802983,0.00016803192606595254,0.0,0.0007981516488132746,0.0,0.0,0.0,0.0,0.0,0.0,0.0,0.0,0.0,0.0,0.0,0.0,0.0,0.0,0.0,0.0,0.0,0.0,0.0,0.0,0.0,0.0,0.0,0.0,0.0,0.0,0.0,0.0,0.0,0.0,0.0,0.0,0.0,0.0,0.0,0.0,0.0,0.0,0.0,nan,nan,4.398347107438017,2.9419166033393997,nan,0.9155771334156728,0.022539024297715066,0.0,0.0,0.0,0.0,0.0,0.0,0.0,0.0,0.0,0.0,0.0,0.0,0.0,0.0,0.0,0.0,0.0,0.0,0.0,0.0,0.0,0.0,0.0,0.0,0.0,0.37881873727087584,7.185336048879838,15.88594704684318,6.158859470468434,0.3910386965376783,0.9163544865039154,0.02285947603333701,0.0,0.0,0.0,0.0,0.0,0.0,0.0,0.0,0.0,0.0,0.0,0.0,0.0,0.0,0.0,0.0,0.0,0.0,0.0,0.0,0.0,0.0,0.0,0.0,0.013009540329575025,0.44232437120555085,6.660884648742413,15.97571552471813,6.465741543798788,0.44232437120555085,0.4146,0.011024,0.0,0.0,0.0,0.0,0.0,0.0,0.0,0.0,0.0,0.0,0.0,2.6517311608961265,25.845213849287173,1.503054989816701,0.0,0.0,0.0,0.0,0.0,0.0,0.0,0.0,0.0,0.0,0.0,0.0,0.0,0.0,0.0,0.0,0.4146,0.011116,0.0,0.0,0.0,0.0,0.0,0.0,0.0,0.0,0.0,0.0,0.0,2.862098872506501,25.836947094536,1.3009540329575024,0.0,0.0,0.0,0.0,0.0,0.0,0.0,0.0,0.0,0.0,0.0,0.0,0.0,0.0,0.0,0.0
64000,4714,2424,0.5142129826050064,1168,939,0.4469664828171404,1301,0.5519728468392023,0.426,2.9541484716157207,3.106985058320794,6.548872180451128,2.165575390776282,8297.754416896008,432.305562042378,7853.0,8738.408486121893,8717.92257477219,5.6568719269236745,7853.0,0.0,28.464785744590582,21.06832055933354,33.36610510435001,19.284465477225048,0.1368264743317777,0.09779380568519304,0.08867204072974119,0.0920661858294442,0.07636826474331777,0.07488332626219771,0.06830717013152313,0.06173101400084854,0.05621552821383114,0.05642766228256258,0.050700042426813745,0.04030547305897327,0.034789987271955876,0.02672889266016122,0.018667798048366567,0.012515910055154858,0.007000424268137463,0.9149813833103172,0.023032489925875865,0.0,0.0,0.0,0.0,0.0,0.0,0.0,0.0,0.0,0.0,0.0,0.0,0.0,0.0,0.0,0.0,0.0,0.0,0.0,0.0,0.0,0.0,0.0,0.0,0.0,0.47093763258379306,7.592278319898178,15.490029698769625,6.0967331353415375,0.35002121340687326,4.164991896272285,2.88780025555434,nan,nan,nan,4.215572715572716,2.9145689982370713,4.113651208360548,2.859458354905541,0.9758226191104094,0.4146,0.01142,0.0,0.0,0.0,0.0,0.0,0.0,0.0,0.0,0.0,0.0,0.0,3.029274501484934,25.4560882477726,1.5146372507424697,0.0,0.0,0.0,0.0,0.0,0.0,0.0,0.0,0.0,0.0,0.0,0.0,0.0,0.0,0.0,0.0,nan,nan,4.164991896272285,2.88780025555434,nan,0.4146,0.05463,0.0,0.0,0.0,0.0,0.0,0.0,0.0,0.0,0.0,0.0,0.0,0.0,0.0,0.0,0.0,0.0,0.0,2.1213406873143828e-05,0.0,0.0,0.0,0.0,0.001834959694526941,0.0,0.0,0.0009121764955451845,0.001124310564276623,4.2426813746287656e-05,0.006883750530335172,0.005483665676707679,0.009005091217649554,0.006480695799745439,0.006957997454391175,0.014881204921510394,0.042649554518455667,0.02116037335596097,0.050413661434026306,0.06996181586762834,0.0636296139159949,0.08662494696648282,0.07939117522274078,0.08249893932965634,0.09444208739923632,0.05658676283411116,0.04429359355112431,0.034439966058549,0.025795502757742894,0.03697496817988969,0.023345354263894783,0.04435723377174374,0.01236741620704285,0.04327535002121341,0.009726347051336445,0.01430844293593551,0.0014106915570640645,0.002184980907933814,0.004168434450572762,0.0006576156130674586,0.0006894357233771744,0.00013788714467543488,0.0,0.0008803563852354688,0.0,0.0,0.0,0.0,0.0,0.0,0.0,0.0,0.0,0.0,0.0,0.0,0.0,0.0,0.0,0.0,0.0,0.0,0.0,0.0,0.0,0.0,0.0,0.0,0.0,0.0,0.0,0.0,0.0,0.0,0.0,0.0,0.0,0.0,0.0,0.0,0.0,0.0,0.0,nan,nan,4.164991896272285,2.88780025555434,nan,0.9151849899158226,0.02297200826497624,0.0,0.0,0.0,0.0,0.0,0.0,0.0,0.0,0.0,0.0,0.0,0.0,0.0,0.0,0.0,0.0,0.0,0.0,0.0,0.0,0.0,0.0,0.0,0.0,0.0,0.4207920792079209,7.7351485148514865,15.272277227722775,6.175742574257427,0.3960396039603961,0.9147658626064984,0.02309438253392783,0.0,0.0,0.0,0.0,0.0,0.0,0.0,0.0,0.0,0.0,0.0,0.0,0.0,0.0,0.0,0.0,0.0,0.0,0.0,0.0,0.0,0.0,0.0,0.0,0.0,0.5240174672489084,7.441048034934499,15.720524017467252,6.013100436681224,0.3013100436681223,0.4146,0.011444,0.0,0.0,0.0,0.0,0.0,0.0,0.0,0.0,0.0,0.0,0.0,3.1311881188118766,25.34653465346535,1.5222772277227727,0.0,0.0,0.0,0.0,0.0,0.0,0.0,0.0,0.0,0.0,0.0,0.0,0.0,0.0,0.0,0.0,0.4146,0.0114,0.0,0.0,0.0,0.0,0.0,0.0,0.0,0.0,0.0,0.0,0.0,2.9213973799126594,25.57205240174673,1.5065502183406116,0.0,0.0,0.0,0.0,0.0,0.0,0.0,0.0,0.0,0.0,0.0,0.0,0.0,0.0,0.0,0.0
64100,4889,2579,0.5275107383923092,1217,973,0.4479443649007977,1326,0.5424422172223359,0.41,2.970995670995671,3.0955250979463713,6.589424572317263,2.111071343992738,8309.158172792382,431.7325973138046,7853.0,8735.730267816782,8717.73722635981,5.569165909071163,7853.0,0.0,27.998772755164655,20.706334769290688,32.91121381658964,18.911401522015563,0.1376559623644917,0.10063407649826141,0.09204336265084885,0.08447535283289016,0.08202086316220086,0.07322560850889752,0.06790754755573737,0.06688484352628349,0.06381673143792187,0.05297606872571078,0.04438535487829822,0.04131724278993659,0.03293106974841481,0.030885661689507057,0.013704233994681939,0.009204336265084885,0.005931683370832481,0.91381280569485,0.02297770945915181,0.0,0.0,0.0,0.0,0.0,0.0,0.0,0.0,0.0,0.0,0.0,0.0,0.0,0.0,0.0,0.0,0.0,0.0,0.0,0.0,0.0,0.0,0.0,0.0,0.006136224176723258,0.5215790550214768,7.946410308856619,15.322151769277975,5.921456330537944,0.28226631212926984,4.207829408020369,2.8769196893499944,nan,nan,nan,4.191381495564005,2.9082073002285194,4.224424552429667,2.8449069427399314,1.0078835717771417,0.4148,0.01104,0.0,0.0,0.0,0.0,0.0,0.0,0.0,0.0,0.0,0.0,0.0,2.650848844344443,25.95622826753938,1.3929228881161795,0.0,0.0,0.0,0.0,0.0,0.0,0.0,0.0,0.0,0.0,0.0,0.0,0.0,0.0,0.0,0.0,nan,nan,4.207829408020369,2.8769196893499944,nan,0.4148,0.05453,0.0,0.0,0.0,0.0,0.0,0.0,0.0,0.0,0.0,0.0,0.0,0.0,0.0,0.0,0.0,0.0,0.0,0.0,0.0,0.0,0.0,0.0,0.0020351810186132135,0.0,5.1135201472693805e-05,0.0006033953773777868,0.0012067907547555737,2.045408058907752e-05,0.0063816731437921865,0.005011249744323993,0.009603190836571896,0.0056146451217017794,0.007077111883820823,0.014696256903252198,0.040570668848435264,0.020566578032317446,0.05073634690120679,0.06904274902843117,0.06556555532828799,0.08650030681120884,0.0808447535283289,0.08396400081816323,0.09588872980159542,0.05430558396400082,0.04627735733278789,0.03636735528737983,0.022530169768868888,0.033790141133156065,0.024524442626303947,0.04362855389650235,0.012814481489057067,0.04518306402127224,0.009787277561873593,0.015115565555328288,0.0009715688279811822,0.001789732051544283,0.0046737574146042135,0.00042953569237062794,0.0006749846594395582,0.00012272448353446513,0.0,0.001032931069748415,0.0,0.0,0.0,0.0,0.0,0.0,0.0,0.0,0.0,0.0,0.0,0.0,0.0,0.0,0.0,0.0,0.0,0.0,0.0,0.0,0.0,0.0,0.0,0.0,0.0,0.0,0.0,0.0,0.0,0.0,0.0,0.0,0.0,0.0,0.0,0.0,0.0,0.0,0.0,nan,nan,4.207829408020369,2.8769196893499944,nan,0.9140414091772514,0.02267227265264156,0.0,0.0,0.0,0.0,0.0,0.0,0.0,0.0,0.0,0.0,0.0,0.0,0.0,0.0,0.0,0.0,0.0,0.0,0.0,0.0,0.0,0.0,0.0,0.0,0.011632415664986432,0.38386971694455224,7.968204730515705,15.44784800310198,5.874369910818148,0.3140752229546337,0.9135575812874418,0.023311338849125635,0.0,0.0,0.0,0.0,0.0,0.0,0.0,0.0,0.0,0.0,0.0,0.0,0.0,0.0,0.0,0.0,0.0,0.0,0.0,0.0,0.0,0.0,0.0,0.0,0.0,0.6753246753246755,7.922077922077924,15.181818181818185,5.974025974025976,0.2467532467532468,0.4148,0.01106,0.0,0.0,0.0,0.0,0.0,0.0,0.0,0.0,0.0,0.0,0.0,2.791779759596739,25.77743311360993,1.4307871267933312,0.0,0.0,0.0,0.0,0.0,0.0,0.0,0.0,0.0,0.0,0.0,0.0,0.0,0.0,0.0,0.0,0.4148,0.011024,0.0,0.0,0.0,0.0,0.0,0.0,0.0,0.0,0.0,0.0,0.0,2.49350649350649,26.15584415584416,1.350649350649351,0.0,0.0,0.0,0.0,0.0,0.0,0.0,0.0,0.0,0.0,0.0,0.0,0.0,0.0,0.0,0.0
64200,4796,2537,0.5289824854045038,1204,937,0.4464136780650542,1312,0.5471226021684737,0.43,3.023019034971226,3.14914794930818,6.707472178060414,2.189066225405262,8310.312727204557,431.54984412027346,7853.0,8736.832974278926,8717.513929709521,5.664882663951146,7853.0,0.0,28.173686405337783,21.110843333706274,33.15062034739454,19.356980604586433,0.13949124270225188,0.10383653044203503,0.09090909090909091,0.08402835696413678,0.07777314428690575,0.07172643869891576,0.07047539616346955,0.06317764804003335,0.058798999165971644,0.054420350291909926,0.048582151793160964,0.03628023352793995,0.03711426188490409,0.02648040033361134,0.018140116763969975,0.011050875729774812,0.007714762301918266,0.9138679513715524,0.02298237665980434,0.0,0.0,0.0,0.0,0.0,0.0,0.0,0.0,0.0,0.0,0.0,0.0,0.0,0.0,0.0,0.0,0.0,0.0,0.0,0.0,0.0,0.0,0.0,0.0,0.0,0.5379482902418683,7.681401167639701,15.756880733944957,5.629691409507925,0.3940783986655547,4.270051746442432,2.9162250089158612,nan,nan,nan,4.25440313111546,2.8817511594265857,4.285439384220655,2.949650121566079,1.007295089851313,0.4143,0.01121,0.0,0.0,0.0,0.0,0.0,0.0,0.0,0.0,0.0,0.0,0.0,2.95246038365304,25.7652210175146,1.2823185988323607,0.0,0.0,0.0,0.0,0.0,0.0,0.0,0.0,0.0,0.0,0.0,0.0,0.0,0.0,0.0,0.0,nan,nan,4.270051746442432,2.9162250089158612,nan,0.4143,0.0549,0.0,0.0,0.0,0.0,0.0,0.0,0.0,0.0,0.0,0.0,0.0,0.0,0.0,0.0,0.0,0.0,0.0,0.0,0.0,1.042535446205171e-05,0.0,0.0,0.002700166805671393,2.085070892410342e-05,6.255212677231025e-05,0.0005942452043369475,0.0009487072560467056,0.0,0.005806922435362802,0.0058798999165971646,0.009789407839866555,0.005400333611342786,0.007631359466221852,0.014970809007506256,0.04275437864887406,0.02037114261884904,0.051417848206839034,0.0688490408673895,0.06604462051709759,0.08793786488740617,0.07775229357798165,0.08408048373644704,0.0953815679733111,0.05562969140950792,0.044620517097581316,0.03509174311926606,0.023029608006672225,0.03253753127606339,0.02523978315262719,0.04431818181818182,0.01317764804003336,0.0442139282735613,0.00933069224353628,0.013876146788990826,0.0013761467889908258,0.0018869891576313595,0.004680984153461218,0.0003127606338615513,0.0008027522935779817,0.00013552960800667223,0.0,0.001324020016680567,0.0,0.0,0.0,1.042535446205171e-05,0.0,0.0,0.0,0.0,0.0,0.0,0.0,0.0,0.0,0.0,0.0,0.0,0.0,0.0,0.0,0.0,0.0,0.0,0.0,0.0,0.0,0.0,0.0,0.0,0.0,0.0,0.0,0.0,0.0,0.0,0.0,0.0,0.0,0.0,0.0,nan,nan,4.270051746442432,2.9162250089158612,nan,0.9138661843141234,0.022623180194964274,0.0,0.0,0.0,0.0,0.0,0.0,0.0,0.0,0.0,0.0,0.0,0.0,0.0,0.0,0.0,0.0,0.0,0.0,0.0,0.0,0.0,0.0,0.0,0.0,0.0,0.496649586125345,7.603468663776115,16.070161608198664,5.49862041781632,0.33109972408356336,0.9138699358889042,0.023379198615561127,0.0,0.0,0.0,0.0,0.0,0.0,0.0,0.0,0.0,0.0,0.0,0.0,0.0,0.0,0.0,0.0,0.0,0.0,0.0,0.0,0.0,0.0,0.0,0.0,0.0,0.5843293492695885,7.768924302788847,15.405046480743696,5.776892430278886,0.4648074369189908,0.414,0.01125,0.0,0.0,0.0,0.0,0.0,0.0,0.0,0.0,0.0,0.0,0.0,3.039022467481273,25.636578636184474,1.3243988963342535,0.0,0.0,0.0,0.0,0.0,0.0,0.0,0.0,0.0,0.0,0.0,0.0,0.0,0.0,0.0,0.0,0.4146,0.011154,0.0,0.0,0.0,0.0,0.0,0.0,0.0,0.0,0.0,0.0,0.0,2.855245683930939,25.90969455511289,1.2350597609561755,0.0,0.0,0.0,0.0,0.0,0.0,0.0,0.0,0.0,0.0,0.0,0.0,0.0,0.0,0.0,0.0
64300,4990,2547,0.5104208416833668,1211,1042,0.45150300601202403,1426,0.5715430861723447,0.40599999999999997,2.940646745804339,3.095451998888348,6.564564564564565,2.100952066366759,8294.25737272242,432.17302213987165,7853.0,8737.97489195466,8717.49716917349,5.570825878710914,7853.0,0.0,28.147294589178358,20.976667725669323,33.14967772738124,19.175180604652436,0.14188376753507015,0.09418837675350701,0.09238476953907816,0.08617234468937876,0.08096192384769539,0.07254509018036072,0.07034068136272545,0.07014028056112225,0.056713426853707415,0.05130260521042084,0.047895791583166335,0.04028056112224449,0.031062124248496994,0.02404809619238477,0.02064128256513026,0.012625250501002005,0.006813627254509018,0.9134258849587373,0.022748899034015817,0.0,0.0,0.0,0.0,0.0,0.0,0.0,0.0,0.0,0.0,0.0,0.0,0.0,0.0,0.0,0.0,0.0,0.0,0.0,0.0,0.0,0.0,0.0,0.0,0.012024048096192388,0.5951903807615231,7.557114228456915,16.010020040080164,5.537074148296595,0.2885771543086173,4.208435960591133,2.8820132309100064,nan,nan,nan,4.255240443896424,2.8715117643354593,4.161746617466175,2.8916961998846036,0.9780285444117844,0.4143,0.0115,0.0,0.0,0.0,0.0,0.0,0.0,0.0,0.0,0.0,0.0,0.0,3.27655310621242,25.346693386773552,1.3767535070140284,0.0,0.0,0.0,0.0,0.0,0.0,0.0,0.0,0.0,0.0,0.0,0.0,0.0,0.0,0.0,0.0,nan,nan,4.208435960591133,2.8820132309100064,nan,0.4143,0.05505,0.0,0.0,0.0,0.0,0.0,0.0,0.0,0.0,0.0,0.0,0.0,0.0,0.0,0.0,0.0,0.0,0.0,0.0,0.0,0.0,0.0,0.0,0.002685370741482966,0.0,0.0,0.0006913827655310621,0.0006112224448897796,0.0,0.004268537074148296,0.006122244488977956,0.009849699398797596,0.006723446893787575,0.008577154308617234,0.016452905811623248,0.045841683366733464,0.020751503006012025,0.048877755511022046,0.06944889779559119,0.0676753507014028,0.08422845691382766,0.07512024048096193,0.08609218436873747,0.09384769539078157,0.05323647294589178,0.04535070140280561,0.0351503006012024,0.022324649298597194,0.03251503006012024,0.02507014028056112,0.04465931863727455,0.012585170340681363,0.04632264529058116,0.010891783567134269,0.014659318637274548,0.001503006012024048,0.0016132264529058115,0.0041783567134268534,0.0002905811623246493,0.0007414829659318637,4.008016032064128e-05,0.0,0.001002004008016032,0.0,0.0,0.0,0.0,0.0,0.0,0.0,0.0,0.0,0.0,0.0,0.0,0.0,0.0,0.0,0.0,0.0,0.0,0.0,0.0,0.0,0.0,0.0,0.0,0.0,0.0,0.0,0.0,0.0,0.0,0.0,0.0,0.0,0.0,0.0,0.0,0.0,0.0,0.0,nan,nan,4.208435960591133,2.8820132309100064,nan,0.9134926888396986,0.022554055246836645,0.0,0.0,0.0,0.0,0.0,0.0,0.0,0.0,0.0,0.0,0.0,0.0,0.0,0.0,0.0,0.0,0.0,0.0,0.0,0.0,0.0,0.0,0.0,0.0,0.011778563015312134,0.6242638398115432,7.220259128386338,16.56065959952886,5.288574793875148,0.29446407538280334,0.9133562371958195,0.022950069142149143,0.0,0.0,0.0,0.0,0.0,0.0,0.0,0.0,0.0,0.0,0.0,0.0,0.0,0.0,0.0,0.0,0.0,0.0,0.0,0.0,0.0,0.0,0.0,0.0,0.012279983626688501,0.564879246827671,7.908309455587394,15.435939418747445,5.796152271796973,0.2824396234138355,0.4143,0.01149,0.0,0.0,0.0,0.0,0.0,0.0,0.0,0.0,0.0,0.0,0.0,3.3451118963486404,25.3356890459364,1.319199057714959,0.0,0.0,0.0,0.0,0.0,0.0,0.0,0.0,0.0,0.0,0.0,0.0,0.0,0.0,0.0,0.0,0.414,0.0115,0.0,0.0,0.0,0.0,0.0,0.0,0.0,0.0,0.0,0.0,0.0,3.2050757265656933,25.358166189111753,1.4367580843225547,0.0,0.0,0.0,0.0,0.0,0.0,0.0,0.0,0.0,0.0,0.0,0.0,0.0,0.0,0.0,0.0
64400,4672,2365,0.506207191780822,1115,970,0.4462756849315068,1339,0.5732020547945206,0.414,2.9614217598612917,3.0474904963542695,6.40785498489426,2.135118226234278,8290.670931411416,432.28970479915887,7853.0,8736.548765593767,8717.608283955235,5.678030140781467,7853.0,0.0,28.507277397260275,21.085715441256102,33.38063862138875,19.31265864086767,0.1346318493150685,0.1014554794520548,0.0877568493150685,0.08433219178082192,0.08069349315068493,0.07512842465753425,0.07298801369863013,0.0644263698630137,0.0545804794520548,0.05158390410958904,0.048373287671232876,0.04387842465753425,0.033818493150684935,0.02868150684931507,0.01990582191780822,0.009631849315068493,0.008133561643835616,0.9132726472381452,0.022874809317589635,0.0,0.0,0.0,0.0,0.0,0.0,0.0,0.0,0.0,0.0,0.0,0.0,0.0,0.0,0.0,0.0,0.0,0.0,0.0,0.0,0.0,0.0,0.0,0.0,0.01284246575342466,0.719178082191781,7.615582191780823,15.879708904109592,5.541523972602741,0.23116438356164387,4.304447351209941,2.8597909062511255,nan,nan,nan,4.320079522862823,2.893103427518207,4.28921885087153,2.826878044802593,0.9928564574267738,0.4146,0.01177,0.0,0.0,0.0,0.0,0.0,0.0,0.0,0.0,0.0,0.0,0.00642123287671233,3.46104452054794,25.01070205479453,1.5218321917808224,0.0,0.0,0.0,0.0,0.0,0.0,0.0,0.0,0.0,0.0,0.0,0.0,0.0,0.0,0.0,0.0,nan,nan,4.304447351209941,2.8597909062511255,nan,0.4146,0.05453,0.0,0.0,0.0,0.0,0.0,0.0,0.0,0.0,0.0,0.0,0.0,0.0,0.0,0.0,0.0,0.0,0.0,0.0,0.0,0.0,4.280821917808219e-05,0.0,0.0022153253424657534,0.0,4.280821917808219e-05,0.0006849315068493151,0.000449486301369863,0.0,0.004056078767123288,0.006100171232876712,0.00959974315068493,0.00684931506849315,0.009342893835616439,0.015207619863013699,0.044606164383561644,0.020794092465753426,0.0489083904109589,0.07080479452054794,0.06678082191780822,0.08636558219178082,0.0702054794520548,0.08282320205479451,0.09686429794520549,0.05392765410958904,0.04753852739726028,0.037617722602739725,0.02284888698630137,0.03315496575342466,0.027183219178082193,0.04203767123287671,0.012842465753424657,0.04654323630136986,0.011889982876712328,0.01328125,0.0011986301369863014,0.0012949486301369864,0.00410958904109589,0.00040667808219178083,0.0008240582191780822,3.210616438356164e-05,0.0,0.0005244006849315069,0.0,0.0,0.0,0.0,0.0,0.0,0.0,0.0,0.0,0.0,0.0,0.0,0.0,0.0,0.0,0.0,0.0,0.0,0.0,0.0,0.0,0.0,0.0,0.0,0.0,0.0,0.0,0.0,0.0,0.0,0.0,0.0,0.0,0.0,0.0,0.0,0.0,0.0,0.0,nan,nan,4.304447351209941,2.8597909062511255,nan,0.9138741692075265,0.022601823762689682,0.0,0.0,0.0,0.0,0.0,0.0,0.0,0.0,0.0,0.0,0.0,0.0,0.0,0.0,0.0,0.0,0.0,0.0,0.0,0.0,0.0,0.0,0.0,0.0,0.0,0.608879492600423,7.585623678646936,15.881606765327698,5.6955602536997905,0.22832980972515862,0.9126560024797632,0.023135088061165664,0.0,0.0,0.0,0.0,0.0,0.0,0.0,0.0,0.0,0.0,0.0,0.0,0.0,0.0,0.0,0.0,0.0,0.0,0.0,0.0,0.0,0.0,0.0,0.0,0.026007802340702216,0.8322496749024709,7.6462938881664515,15.877763328998702,5.383615084525359,0.23407022106631994,0.4143,0.011734,0.0,0.0,0.0,0.0,0.0,0.0,0.0,0.0,0.0,0.0,0.0,3.437632135306549,25.040169133192396,1.5221987315010574,0.0,0.0,0.0,0.0,0.0,0.0,0.0,0.0,0.0,0.0,0.0,0.0,0.0,0.0,0.0,0.0,0.4146,0.01182,0.0,0.0,0.0,0.0,0.0,0.0,0.0,0.0,0.0,0.0,0.013003901170351108,3.485045513654091,24.98049414824448,1.5214564369310797,0.0,0.0,0.0,0.0,0.0,0.0,0.0,0.0,0.0,0.0,0.0,0.0,0.0,0.0,0.0,0.0
64500,4744,2466,0.519814502529511,1144,991,0.45004215851602025,1341,0.565345699831366,0.414,3.0004389815627746,3.0965584255711383,6.674015748031496,2.0403493833290445,8302.457695314173,432.0046936523284,7853.0,8736.262048447132,8717.65016487041,5.651886103254827,7853.0,0.0,27.72892074198988,20.771123830352632,32.70702240120816,19.027772395752937,0.13954468802698144,0.10265598650927488,0.09317032040472176,0.08768971332209106,0.08157672849915683,0.07272344013490725,0.07040472175379427,0.06703204047217538,0.0581787521079258,0.049325463743676225,0.04616357504215852,0.03920741989881956,0.03246205733558179,0.025084317032040473,0.017495784148397975,0.010961214165261383,0.006323777403035413,0.9147065323455539,0.022823661158594518,0.0,0.0,0.0,0.0,0.0,0.0,0.0,0.0,0.0,0.0,0.0,0.0,0.0,0.0,0.0,0.0,0.0,0.0,0.0,0.0,0.0,0.0,0.0,0.0,0.0,0.4679595278246207,7.2976391231028686,15.973861720067458,5.887436762225971,0.3731028667790895,4.269319302860901,2.8688548262548803,nan,nan,nan,4.311464546056992,2.8815369011621077,4.227806788511749,2.855700111559367,0.9805964408029864,0.4136,0.01131,0.0,0.0,0.0,0.0,0.0,0.0,0.0,0.0,0.0,0.0,0.006323777403035415,3.5033726812816135,25.231871838111303,1.2584317032040475,0.0,0.0,0.0,0.0,0.0,0.0,0.0,0.0,0.0,0.0,0.0,0.0,0.0,0.0,0.0,0.0,nan,nan,4.269319302860901,2.8688548262548803,nan,0.4136,0.05478,0.0,0.0,0.0,0.0,0.0,0.0,0.0,0.0,0.0,0.0,0.0,0.0,0.0,0.0,0.0,0.0,0.0,0.0,0.0,0.0,0.0,0.0,0.0021500843170320404,0.0,1.0539629005059022e-05,0.00096964586846543,0.000463743676222597,3.161888701517706e-05,0.004363406408094435,0.006713743676222597,0.011287942664418212,0.006650505902192243,0.009032462057335582,0.016789629005059023,0.04329679595278246,0.020847386172006745,0.04872470489038786,0.07111087689713322,0.07015177065767285,0.08832209106239461,0.07065767284991568,0.08264123102866779,0.09499367622259697,0.053372681281618886,0.04690134907251265,0.038016441821247894,0.02133220910623946,0.03336846543001686,0.025674536256323776,0.039386593591905564,0.012637015177065768,0.0460897976391231,0.012088954468802699,0.013490725126475547,0.0013174536256323778,0.0010750421585160202,0.004321247892074199,0.00029510961214165263,0.0006007588532883643,0.0,0.0,0.0008115514333895447,0.0,1.0539629005059022e-05,0.0,0.0,0.0,0.0,0.0,0.0,0.0,0.0,0.0,0.0,0.0,0.0,0.0,0.0,0.0,0.0,0.0,0.0,0.0,0.0,0.0,0.0,0.0,0.0,0.0,0.0,0.0,0.0,0.0,0.0,0.0,0.0,0.0,0.0,0.0,0.0,0.0,nan,nan,4.269319302860901,2.8688548262548803,nan,0.9149015353930644,0.022676785895483737,0.0,0.0,0.0,0.0,0.0,0.0,0.0,0.0,0.0,0.0,0.0,0.0,0.0,0.0,0.0,0.0,0.0,0.0,0.0,0.0,0.0,0.0,0.0,0.0,0.0,0.4866180048661801,7.23844282238443,16.04622871046229,5.8515815085158165,0.37712895377128963,0.9144954359824454,0.02297973459008243,0.0,0.0,0.0,0.0,0.0,0.0,0.0,0.0,0.0,0.0,0.0,0.0,0.0,0.0,0.0,0.0,0.0,0.0,0.0,0.0,0.0,0.0,0.0,0.0,0.0,0.4477611940298509,7.361720807726077,15.895522388059705,5.926251097453909,0.36874451273046543,0.4136,0.01143,0.0,0.0,0.0,0.0,0.0,0.0,0.0,0.0,0.0,0.0,0.0,3.6253041362530363,25.048661800486624,1.326034063260341,0.0,0.0,0.0,0.0,0.0,0.0,0.0,0.0,0.0,0.0,0.0,0.0,0.0,0.0,0.0,0.0,0.4136,0.01117,0.0,0.0,0.0,0.0,0.0,0.0,0.0,0.0,0.0,0.0,0.013169446883230908,3.3713784021071067,25.430201931518884,1.1852502194907817,0.0,0.0,0.0,0.0,0.0,0.0,0.0,0.0,0.0,0.0,0.0,0.0,0.0,0.0,0.0,0.0
64600,4838,2468,0.5101281521289789,1179,959,0.44191814799503926,1326,0.5481603968582058,0.418,2.9426160337552743,3.155879636286888,6.688172043010753,2.162272132576452,8293.956487705416,432.13205741730667,7853.0,8741.262573981285,8717.403357989788,5.682146040067887,7853.0,0.0,27.84993799090533,20.91164830729383,32.741150442477874,19.213329317305817,0.13828028110789584,0.10272840016535759,0.09694088466308391,0.08536585365853659,0.08185200496072757,0.06903679206283589,0.06676312525837123,0.06614303431169904,0.06262918561389004,0.05332782141380736,0.04526663910706904,0.037412153782554775,0.033691608102521704,0.024596940884663084,0.016742455560148823,0.011368334022323274,0.007854485324514262,0.9138749813358367,0.022805942760904897,0.0,0.0,0.0,0.0,0.0,0.0,0.0,0.0,0.0,0.0,0.0,0.0,0.0,0.0,0.0,0.0,0.0,0.0,0.0,0.0,0.0,0.0,0.0,0.0,0.006200909466721787,0.5332782141380736,7.651922281934685,15.861926415874331,5.593220338983052,0.3534518396031419,4.371308016877637,2.975678955779918,nan,nan,nan,4.2961513372472275,2.935660061274445,4.445736434108527,3.012939564515344,1.0348183956101384,0.4133,0.011345,0.0,0.0,0.0,0.0,0.0,0.0,0.0,0.0,0.0,0.0,0.0,3.503513848697804,25.188094253823902,1.308391897478297,0.0,0.0,0.0,0.0,0.0,0.0,0.0,0.0,0.0,0.0,0.0,0.0,0.0,0.0,0.0,0.0,nan,nan,4.371308016877637,2.975678955779918,nan,0.4133,0.05472,0.0,0.0,0.0,0.0,0.0,0.0,0.0,0.0,0.0,0.0,0.0,0.0,0.0,0.0,0.0,0.0,0.0,0.0,0.0,0.0,0.0,0.0,0.0020979743695742044,0.0,0.0,0.0007337742868954114,0.0006097560975609756,1.0334849111202977e-05,0.004878048780487805,0.007988838362959902,0.011957420421661844,0.006438610996279454,0.009001653575857792,0.015636626705250102,0.04213517982637453,0.02104175279040926,0.04905952873088053,0.06725919801570897,0.07211657709797437,0.09142207523770153,0.07154816039685821,0.08210004133939644,0.09743695742042166,0.05204630012401819,0.044853245142620915,0.037939231087226126,0.021920214964861514,0.032193054981397275,0.025609756097560974,0.03928276147168251,0.012887556841670112,0.046971889210417526,0.012722199255890864,0.012195121951219513,0.0010334849111202976,0.0018189334435717238,0.0032658123191401404,0.00041339396444811904,0.0005064076064489458,0.0,2.0669698222405953e-05,0.000847457627118644,0.0,0.0,0.0,0.0,0.0,0.0,0.0,0.0,0.0,0.0,0.0,0.0,0.0,0.0,0.0,0.0,0.0,0.0,0.0,0.0,0.0,0.0,0.0,0.0,0.0,0.0,0.0,0.0,0.0,0.0,0.0,0.0,0.0,0.0,0.0,0.0,0.0,0.0,0.0,nan,nan,4.371308016877637,2.975678955779918,nan,0.9136854708194733,0.023008091732676348,0.0,0.0,0.0,0.0,0.0,0.0,0.0,0.0,0.0,0.0,0.0,0.0,0.0,0.0,0.0,0.0,0.0,0.0,0.0,0.0,0.0,0.0,0.0,0.0,0.012155591572123179,0.5591572123176662,7.743111831442465,15.887358184764995,5.457860615883308,0.340356564019449,0.9140723281520329,0.022591822970529835,0.0,0.0,0.0,0.0,0.0,0.0,0.0,0.0,0.0,0.0,0.0,0.0,0.0,0.0,0.0,0.0,0.0,0.0,0.0,0.0,0.0,0.0,0.0,0.0,0.0,0.5063291139240508,7.556962025316457,15.835443037974686,5.734177215189875,0.3670886075949368,0.4136,0.011246,0.0,0.0,0.0,0.0,0.0,0.0,0.0,0.0,0.0,0.0,0.0,3.3184764991896225,25.174230145867107,1.5072933549432743,0.0,0.0,0.0,0.0,0.0,0.0,0.0,0.0,0.0,0.0,0.0,0.0,0.0,0.0,0.0,0.0,0.413,0.011444,0.0,0.0,0.0,0.0,0.0,0.0,0.0,0.0,0.0,0.0,0.0,3.6962025316455644,25.202531645569625,1.1012658227848102,0.0,0.0,0.0,0.0,0.0,0.0,0.0,0.0,0.0,0.0,0.0,0.0,0.0,0.0,0.0,0.0
64700,4836,2564,0.5301902398676592,1206,965,0.4489247311827957,1339,0.553763440860215,0.39799999999999996,3.0400528169014085,3.052746050347883,6.361671469740634,2.131221342516975,8311.3421259419,431.4739155322736,7853.0,8735.54858919382,8717.486162657962,5.632205732006199,7853.0,0.0,28.749793217535153,21.116985046231534,33.772425657409684,19.243452421173224,0.1360628618693135,0.09553349875930521,0.0880893300248139,0.08684863523573201,0.07692307692307693,0.07320099255583126,0.06451612903225806,0.06803143093465674,0.06368899917287014,0.055417700578990904,0.050454921422663356,0.043837882547559964,0.031017369727047148,0.026468155500413565,0.02129859387923904,0.011786600496277916,0.006823821339950372,0.9136937930625366,0.023103613361838696,0.0,0.0,0.0,0.0,0.0,0.0,0.0,0.0,0.0,0.0,0.0,0.0,0.0,0.0,0.0,0.0,0.0,0.0,0.0,0.0,0.0,0.0,0.0,0.0,0.012406947890818861,0.5955334987593053,7.586848635235733,15.787841191067,5.725806451612905,0.2915632754342432,4.200885795634293,2.819209062931723,nan,nan,nan,4.20460358056266,2.79963082767003,4.19724483406387,2.8382471282413895,0.9982498358387915,0.413,0.01161,0.0,0.0,0.0,0.0,0.0,0.0,0.0,0.0,0.0,0.0,0.0,3.7344913151364714,25.012406947890824,1.2531017369727049,0.0,0.0,0.0,0.0,0.0,0.0,0.0,0.0,0.0,0.0,0.0,0.0,0.0,0.0,0.0,0.0,nan,nan,4.200885795634293,2.819209062931723,nan,0.413,0.05487,0.0,0.0,0.0,0.0,0.0,0.0,0.0,0.0,0.0,0.0,0.0,0.0,0.0,0.0,0.0,0.0,0.0,0.0,0.0,0.0,0.0,0.0,0.0019437551695616212,4.1356492969396195e-05,0.0,0.0007547559966914806,0.0007857733664185277,2.0678246484698098e-05,0.005459057071960298,0.008540115798180314,0.011765922249793217,0.006586021505376344,0.008560794044665013,0.014257650951199338,0.04284532671629446,0.023325062034739455,0.049296939619520266,0.06802109181141439,0.06969602977667494,0.09267990074441687,0.0701509511993383,0.0792390405293631,0.10159222497932176,0.055355665839536806,0.043610421836228284,0.03801695616211745,0.02066790736145575,0.031947890818858564,0.022653019023986767,0.039143920595533496,0.012169148056244831,0.04658808933002481,0.013461538461538462,0.012572373862696443,0.0009305210918114144,0.0018403639371381308,0.0030707196029776673,0.0004962779156327543,0.0009305210918114144,0.0,0.0,0.0009822167080231596,0.0,0.0,0.0,0.0,0.0,0.0,0.0,0.0,0.0,0.0,0.0,0.0,0.0,0.0,0.0,0.0,0.0,0.0,0.0,0.0,0.0,0.0,0.0,0.0,0.0,0.0,0.0,0.0,0.0,0.0,0.0,0.0,0.0,0.0,0.0,0.0,0.0,0.0,0.0,nan,nan,4.200885795634293,2.819209062931723,nan,0.9146637712458553,0.02285732012273795,0.0,0.0,0.0,0.0,0.0,0.0,0.0,0.0,0.0,0.0,0.0,0.0,0.0,0.0,0.0,0.0,0.0,0.0,0.0,0.0,0.0,0.0,0.0,0.0,0.0,0.49141965678627153,7.265990639625587,15.994539781591266,5.873634945397817,0.37441497659906403,0.9125991521901647,0.023330058791907506,0.0,0.0,0.0,0.0,0.0,0.0,0.0,0.0,0.0,0.0,0.0,0.0,0.0,0.0,0.0,0.0,0.0,0.0,0.0,0.0,0.0,0.0,0.0,0.0,0.02640845070422536,0.7130281690140847,7.948943661971833,15.554577464788736,5.558978873239438,0.19806338028169018,0.413,0.01174,0.0,0.0,0.0,0.0,0.0,0.0,0.0,0.0,0.0,0.0,0.0,3.98985959438377,24.723088923556947,1.2870514820592827,0.0,0.0,0.0,0.0,0.0,0.0,0.0,0.0,0.0,0.0,0.0,0.0,0.0,0.0,0.0,0.0,0.413,0.01146,0.0,0.0,0.0,0.0,0.0,0.0,0.0,0.0,0.0,0.0,0.0,3.4463028169014036,25.33890845070423,1.2147887323943665,0.0,0.0,0.0,0.0,0.0,0.0,0.0,0.0,0.0,0.0,0.0,0.0,0.0,0.0,0.0,0.0
64800,4686,2394,0.5108834827144686,1101,954,0.4385403329065301,1283,0.5475885616730687,0.414,2.973821989528796,3.1209217241229954,6.662379421221865,2.1855634481622976,8294.498269451453,432.0096329397154,7853.0,8738.212826126814,8717.18583569319,5.682000300445136,7853.0,0.0,27.511523687580027,20.84776475520285,32.64948717948718,19.084493967444494,0.147247119078105,0.10136577037985489,0.09816474605207,0.08322663252240717,0.07276995305164319,0.08386683738796415,0.06423388817755014,0.06338028169014084,0.056338028169014086,0.05335040546308152,0.04460093896713615,0.03798548868971404,0.03201024327784891,0.02560819462227913,0.021553563807084935,0.00917626973965002,0.005121638924455826,0.9129961678552363,0.022987968122483705,0.0,0.0,0.0,0.0,0.0,0.0,0.0,0.0,0.0,0.0,0.0,0.0,0.0,0.0,0.0,0.0,0.0,0.0,0.0,0.0,0.0,0.0,0.0,0.0,0.006402048655569784,0.6914212548015367,7.932138284250962,15.608194622279132,5.448143405889886,0.3137003841229194,4.351387948544347,2.846517269425172,nan,nan,nan,4.33468286099865,2.8222172948723907,4.368206521739131,2.87067634069063,1.007733820861985,0.413,0.011345,0.0,0.0,0.0,0.0,0.0,0.0,0.0,0.0,0.0,0.0,0.0,3.6491677336747705,25.160051216389252,1.1907810499359797,0.0,0.0,0.0,0.0,0.0,0.0,0.0,0.0,0.0,0.0,0.0,0.0,0.0,0.0,0.0,0.0,nan,nan,4.351387948544347,2.846517269425172,nan,0.413,0.05527,0.0,0.0,0.0,0.0,0.0,0.0,0.0,0.0,0.0,0.0,0.0,0.0,0.0,0.0,0.0,0.0,0.0,0.0,0.0,0.0,0.0,0.0,0.001717883055911225,2.134016218523261e-05,0.0,0.0006295347844643619,0.001195049082373026,0.00014938113529662826,0.005911224925309432,0.00958173282116944,0.012494664959453693,0.006818181818181818,0.009571062740076824,0.014009816474605207,0.04220017072129748,0.021830985915492956,0.051141698676909944,0.06618651301749894,0.0701557831839522,0.09036491677336747,0.07000640204865557,0.08080452411438327,0.09794067434912505,0.05470550576184379,0.04517712334613743,0.038348271446862994,0.020945369184805804,0.03143405889884763,0.021062740076824585,0.040279556124626546,0.012398634229620144,0.048250106700810924,0.014255228339735382,0.01330559112249253,0.001056338028169014,0.001547161758429364,0.0022620571916346565,0.00049082373026035,0.0007682458386683739,0.0,0.0,0.0009816474605207,0.0,0.0,0.0,0.0,0.0,0.0,0.0,0.0,0.0,0.0,0.0,0.0,0.0,0.0,0.0,0.0,0.0,0.0,0.0,0.0,0.0,0.0,0.0,0.0,0.0,0.0,0.0,0.0,0.0,0.0,0.0,0.0,0.0,0.0,0.0,0.0,0.0,0.0,0.0,nan,nan,4.351387948544347,2.846517269425172,nan,0.9133035782335596,0.02307106282298245,0.0,0.0,0.0,0.0,0.0,0.0,0.0,0.0,0.0,0.0,0.0,0.0,0.0,0.0,0.0,0.0,0.0,0.0,0.0,0.0,0.0,0.0,0.0,0.0,0.012531328320802008,0.6766917293233085,7.769423558897245,15.764411027568926,5.451127819548874,0.3258145363408522,0.9126750769103384,0.022896447055917105,0.0,0.0,0.0,0.0,0.0,0.0,0.0,0.0,0.0,0.0,0.0,0.0,0.0,0.0,0.0,0.0,0.0,0.0,0.0,0.0,0.0,0.0,0.0,0.0,0.0,0.7068062827225133,8.102094240837697,15.445026178010474,5.4450261780104725,0.30104712041884824,0.413,0.011246,0.0,0.0,0.0,0.0,0.0,0.0,0.0,0.0,0.0,0.0,0.0,3.7343358395989923,25.08771929824562,1.1779448621553887,0.0,0.0,0.0,0.0,0.0,0.0,0.0,0.0,0.0,0.0,0.0,0.0,0.0,0.0,0.0,0.0,0.413,0.01144,0.0,0.0,0.0,0.0,0.0,0.0,0.0,0.0,0.0,0.0,0.0,3.5602094240837645,25.235602094240843,1.204188481675393,0.0,0.0,0.0,0.0,0.0,0.0,0.0,0.0,0.0,0.0,0.0,0.0,0.0,0.0,0.0,0.0
64900,4634,2411,0.5202848511005611,1144,919,0.44518774277082435,1295,0.5589123867069486,0.40199999999999997,2.9455690508322085,3.093272913397224,6.5515625,2.0969838598791717,8302.570126167526,431.70586117082223,7853.0,8739.782357269525,8717.084597536421,5.653160165897555,7853.0,0.0,27.589555459646093,20.616529515695046,32.488808850012866,18.899482688494757,0.1378938282261545,0.10250323694432456,0.09516616314199396,0.09085023737591713,0.07984462667242123,0.07919723780750972,0.06301251618472162,0.059991368148467845,0.06301251618472162,0.05524384980578334,0.04920155373327579,0.039490720759602936,0.03085886922744929,0.021148036253776436,0.014242555028053518,0.010358221838584376,0.007984462667242124,0.9127122525979487,0.02259936063014562,0.0,0.0,0.0,0.0,0.0,0.0,0.0,0.0,0.0,0.0,0.0,0.0,0.0,0.0,0.0,0.0,0.0,0.0,0.0,0.0,0.0,0.0,0.0,0.0,0.012947777298230474,0.627967198964178,7.93698748381528,16.17177384548986,5.004315925766077,0.246007768666379,4.2796495956873315,2.9089907821232903,nan,nan,nan,4.319120586275816,2.9177192181266127,4.2392638036809815,2.899476765070676,0.9815108698635128,0.4133,0.01197,0.0,0.0,0.0,0.0,0.0,0.0,0.0,0.0,0.0,0.0,0.0,4.007337073802325,24.516616314199403,1.476046611998274,0.0,0.0,0.0,0.0,0.0,0.0,0.0,0.0,0.0,0.0,0.0,0.0,0.0,0.0,0.0,0.0,nan,nan,4.2796495956873315,2.9089907821232903,nan,0.4133,0.0561,0.0,0.0,0.0,0.0,0.0,0.0,0.0,0.0,0.0,0.0,0.0,0.0,0.0,0.0,0.0,0.0,0.0,0.0,0.0,0.0,0.0,0.0,0.0022874406560207164,4.3159257660768235e-05,0.0,0.0005179110919292188,0.001122140699179974,0.0003452740612861459,0.005524384980578334,0.009505826499784204,0.012613293051359517,0.006937850668968494,0.011232196806214933,0.014080707811825636,0.04163789382822616,0.02096460940871817,0.050971083297367284,0.06660552438498057,0.07196806214933103,0.08935045317220544,0.06961588260681917,0.08011437203280103,0.09339663357790245,0.05252481657315494,0.043828226154510146,0.03716012084592145,0.020791972378075098,0.033254208027621926,0.02264782045748813,0.04010574018126888,0.013487268018990074,0.04990289167026327,0.016217091066033664,0.013303841173931808,0.0012300388433318947,0.0018126888217522659,0.002557186016400518,0.00048554164868364264,0.0008955545964609409,3.2369443245576176e-05,0.0,0.0009063444108761329,0.0,0.0,2.1579628830384117e-05,0.0,0.0,0.0,0.0,0.0,0.0,0.0,0.0,0.0,0.0,0.0,0.0,0.0,0.0,0.0,0.0,0.0,0.0,0.0,0.0,0.0,0.0,0.0,0.0,0.0,0.0,0.0,0.0,0.0,0.0,0.0,0.0,0.0,0.0,0.0,0.0,nan,nan,4.2796495956873315,2.9089907821232903,nan,0.9125563098602105,0.022435895157682018,0.0,0.0,0.0,0.0,0.0,0.0,0.0,0.0,0.0,0.0,0.0,0.0,0.0,0.0,0.0,0.0,0.0,0.0,0.0,0.0,0.0,0.0,0.0,0.0,0.012442969722107013,0.5350476980506015,7.963500622148487,16.28784736623808,4.95230194939859,0.24885939444214022,0.9128813834754508,0.02277411717232469,0.0,0.0,0.0,0.0,0.0,0.0,0.0,0.0,0.0,0.0,0.0,0.0,0.0,0.0,0.0,0.0,0.0,0.0,0.0,0.0,0.0,0.0,0.0,0.0,0.013495276653171392,0.7287449392712553,7.908232118758436,16.045883940620786,5.060728744939272,0.24291497975708506,0.4133,0.01198,0.0,0.0,0.0,0.0,0.0,0.0,0.0,0.0,0.0,0.0,0.0,4.006636250518451,24.53753629199503,1.4558274574865204,0.0,0.0,0.0,0.0,0.0,0.0,0.0,0.0,0.0,0.0,0.0,0.0,0.0,0.0,0.0,0.0,0.4136,0.01196,0.0,0.0,0.0,0.0,0.0,0.0,0.0,0.0,0.0,0.0,0.0,4.008097165991897,24.49392712550608,1.4979757085020247,0.0,0.0,0.0,0.0,0.0,0.0,0.0,0.0,0.0,0.0,0.0,0.0,0.0,0.0,0.0,0.0
65000,4472,2395,0.5355545617173524,1108,903,0.44968694096601075,1221,0.5460644007155635,0.438,3.148772267693789,3.253162556617758,6.9468267581475125,2.2292887548479556,8315.831528467295,431.0316122102887,7853.0,8740.086752468347,8717.209851902187,5.750166081781538,7853.0,0.0,27.73814847942755,20.81681954143163,32.63401650252861,19.11219395037489,0.13886404293381038,0.0943649373881932,0.10263864042933811,0.09503577817531306,0.07871198568872988,0.07155635062611806,0.06507155635062611,0.06574239713774598,0.05456171735241502,0.053443649373881935,0.04382826475849732,0.040697674418604654,0.03331842576028623,0.02795169946332737,0.0176654740608229,0.01073345259391771,0.005813953488372093,0.9135903963462612,0.02267556028044276,0.0,0.0,0.0,0.0,0.0,0.0,0.0,0.0,0.0,0.0,0.0,0.0,0.0,0.0,0.0,0.0,0.0,0.0,0.0,0.0,0.0,0.0,0.0,0.0,0.00670840787119857,0.4025044722719142,7.88237924865832,15.784883720930235,5.621645796064402,0.30187835420393566,4.322884012539185,3.0377679825326545,nan,nan,nan,4.320307048150733,3.012184961928811,4.325452016689847,3.0630473404548093,1.0011908802966485,0.4133,0.01184,0.0,0.0,0.0,0.0,0.0,0.0,0.0,0.0,0.0,0.0,0.0,4.011627906976739,24.619856887298756,1.3685152057245082,0.0,0.0,0.0,0.0,0.0,0.0,0.0,0.0,0.0,0.0,0.0,0.0,0.0,0.0,0.0,0.0,nan,nan,4.322884012539185,3.0377679825326545,nan,0.4133,0.05618,0.0,0.0,0.0,0.0,0.0,0.0,0.0,0.0,0.0,0.0,0.0,0.0,0.0,0.0,0.0,0.0,0.0,0.0,0.0,0.0,0.0,0.0,0.0025044722719141325,0.0,0.0,0.0009391771019677997,0.0014646690518783543,0.0006820214669051878,0.004762969588550984,0.008855098389982111,0.012645348837209303,0.0063729874776386405,0.011102415026833632,0.015250447227191414,0.04163685152057245,0.022942754919499105,0.048378801431127015,0.0665474060822898,0.0738036672629696,0.08803667262969589,0.0707737030411449,0.07981887298747764,0.09608676207513417,0.05243738819320214,0.04423076923076923,0.03502906976744186,0.02098613595706619,0.032155635062611806,0.02299865831842576,0.03897584973166369,0.0148479427549195,0.04896019677996422,0.015026833631484795,0.012779516994633274,0.0014423076923076924,0.0015317531305903398,0.0030635062611806796,0.0006037567084078712,0.0012745974955277282,0.0002459749552772809,0.0,0.0008050089445438283,0.0,0.0,0.0,0.0,0.0,0.0,0.0,0.0,0.0,0.0,0.0,0.0,0.0,0.0,0.0,0.0,0.0,0.0,0.0,0.0,0.0,0.0,0.0,0.0,0.0,0.0,0.0,0.0,0.0,0.0,0.0,0.0,0.0,0.0,0.0,0.0,0.0,0.0,0.0,nan,nan,4.322884012539185,3.0377679825326545,nan,0.9134119857577043,0.02298687607211561,0.0,0.0,0.0,0.0,0.0,0.0,0.0,0.0,0.0,0.0,0.0,0.0,0.0,0.0,0.0,0.0,0.0,0.0,0.0,0.0,0.0,0.0,0.0,0.0,0.012526096033402925,0.4634655532359082,7.929018789144052,15.63256784968685,5.6242171189979135,0.338204592901879,0.9137961225665758,0.022309417488384265,0.0,0.0,0.0,0.0,0.0,0.0,0.0,0.0,0.0,0.0,0.0,0.0,0.0,0.0,0.0,0.0,0.0,0.0,0.0,0.0,0.0,0.0,0.0,0.0,0.0,0.3322099181511796,7.8285989407799725,15.960519980741458,5.618680789600386,0.25999037072701014,0.413,0.011696,0.0,0.0,0.0,0.0,0.0,0.0,0.0,0.0,0.0,0.0,0.0,3.9582463465553177,24.676409185803763,1.365344467640919,0.0,0.0,0.0,0.0,0.0,0.0,0.0,0.0,0.0,0.0,0.0,0.0,0.0,0.0,0.0,0.0,0.4133,0.01201,0.0,0.0,0.0,0.0,0.0,0.0,0.0,0.0,0.0,0.0,0.0,4.073182474723152,24.55464612421763,1.3721714010592203,0.0,0.0,0.0,0.0,0.0,0.0,0.0,0.0,0.0,0.0,0.0,0.0,0.0,0.0,0.0,0.0
65100,4710,2437,0.5174097664543524,1121,955,0.4407643312101911,1305,0.554140127388535,0.418,2.9683238011438626,3.1401995471047317,6.632520325203252,2.2382301346746605,8300.207243034461,431.91701753775953,7853.0,8742.77969148159,8717.31929203624,5.694898915104098,7853.0,0.0,27.31804670912951,20.70804825247162,32.31240467717336,19.010720323064238,0.14564755838641189,0.10318471337579618,0.09723991507430998,0.08726114649681528,0.07579617834394904,0.07664543524416136,0.07112526539278131,0.06029723991507431,0.05753715498938429,0.05138004246284501,0.04734607218683652,0.03927813163481953,0.031210191082802548,0.021019108280254776,0.01762208067940552,0.011252653927813163,0.0061571125265392785,0.9141344213055451,0.023121596395344116,0.0,0.0,0.0,0.0,0.0,0.0,0.0,0.0,0.0,0.0,0.0,0.0,0.0,0.0,0.0,0.0,0.0,0.0,0.0,0.0,0.0,0.0,0.0,0.0,0.012738853503184716,0.6305732484076434,7.50955414012739,15.675159235668794,5.8280254777070075,0.34394904458598735,4.330188679245283,2.8889145345821188,nan,nan,nan,4.347090663058187,2.8537825348696235,4.313422818791946,2.9232499547138175,0.9922550857859139,0.4126,0.011765,0.0,0.0,0.0,0.0,0.0,0.0,0.0,0.0,0.0,0.0,0.0,4.363057324840758,24.49681528662421,1.140127388535032,0.0,0.0,0.0,0.0,0.0,0.0,0.0,0.0,0.0,0.0,0.0,0.0,0.0,0.0,0.0,0.0,nan,nan,4.330188679245283,2.8889145345821188,nan,0.4126,0.05606,0.0,0.0,0.0,0.0,0.0,0.0,0.0,0.0,0.0,0.0,0.0,0.0,0.0,0.0,0.0,0.0,0.0,0.0,0.0,0.0,0.0,0.0,0.0025053078556263268,0.0,0.0,0.001464968152866242,0.0017303609341825902,0.00040339702760084923,0.004989384288747346,0.008885350318471338,0.013651804670912952,0.0052441613588110406,0.01194267515923567,0.01494692144373673,0.04083864118895966,0.022038216560509555,0.04914012738853503,0.06614649681528663,0.07574309978768577,0.09142250530785563,0.07114649681528662,0.08003184713375797,0.09401273885350318,0.053439490445859876,0.0429723991507431,0.03531847133757962,0.01994692144373673,0.031963906581740975,0.024522292993630575,0.03822717622080679,0.015169851380042463,0.046475583864118895,0.016008492569002122,0.010817409766454353,0.0015817409766454352,0.0011995753715498938,0.002791932059447983,0.0008492569002123143,0.0011358811040339703,0.00027600849256900214,0.0,0.001019108280254777,0.0,0.0,0.0,0.0,0.0,0.0,0.0,0.0,0.0,0.0,0.0,0.0,0.0,0.0,0.0,0.0,0.0,0.0,0.0,0.0,0.0,0.0,0.0,0.0,0.0,0.0,0.0,0.0,0.0,0.0,0.0,0.0,0.0,0.0,0.0,0.0,0.0,0.0,0.0,nan,nan,4.330188679245283,2.8889145345821188,nan,0.914275004866674,0.02298692064202655,0.0,0.0,0.0,0.0,0.0,0.0,0.0,0.0,0.0,0.0,0.0,0.0,0.0,0.0,0.0,0.0,0.0,0.0,0.0,0.0,0.0,0.0,0.0,0.0,0.0,0.6524415264669677,7.4599917931883475,15.683217070168242,5.87197373820271,0.3323758719737383,0.9139836944518401,0.023264179524921123,0.0,0.0,0.0,0.0,0.0,0.0,0.0,0.0,0.0,0.0,0.0,0.0,0.0,0.0,0.0,0.0,0.0,0.0,0.0,0.0,0.0,0.0,0.0,0.0,0.026396832380114393,0.607127144742631,7.5626924769027735,15.666520017597891,5.780906291245052,0.3563572371315443,0.4126,0.011635,0.0,0.0,0.0,0.0,0.0,0.0,0.0,0.0,0.0,0.0,0.0,4.345506770619608,24.669675830939685,0.9848173984407059,0.0,0.0,0.0,0.0,0.0,0.0,0.0,0.0,0.0,0.0,0.0,0.0,0.0,0.0,0.0,0.0,0.4124,0.0119,0.0,0.0,0.0,0.0,0.0,0.0,0.0,0.0,0.0,0.0,0.0,4.381874175098981,24.311482622085357,1.3066432028156623,0.0,0.0,0.0,0.0,0.0,0.0,0.0,0.0,0.0,0.0,0.0,0.0,0.0,0.0,0.0,0.0
65200,4548,2339,0.5142919964819701,1107,941,0.45030782761653476,1274,0.5602462620932278,0.426,3.040742417383431,3.1424842746181714,6.711974110032362,2.1409595403405026,8297.585173323248,432.07419061928823,7853.0,8737.435203069448,8717.460610634513,5.8685456806545,7853.0,0.0,28.118513632365875,21.10220928814903,33.09238419261973,19.35646404795248,0.13896218117854,0.09850483729111698,0.09102902374670185,0.08575197889182058,0.08905013192612138,0.07827616534740545,0.06596306068601583,0.05826737027264732,0.05716798592788039,0.04969217238346526,0.04529463500439754,0.0426561125769569,0.0316622691292876,0.031222515391380826,0.018469656992084433,0.008575197889182058,0.009454705364995602,0.9136988889547221,0.022857061044398438,0.0,0.0,0.0,0.0,0.0,0.0,0.0,0.0,0.0,0.0,0.0,0.0,0.0,0.0,0.0,0.0,0.0,0.0,0.0,0.0,0.0,0.0,0.0,0.0,0.0,0.5474934036939315,7.678100263852245,15.969656992084436,5.501319261213722,0.3034300791556729,4.306281833616299,2.932618141414629,nan,nan,nan,4.262474367737526,2.9273744932349146,4.349527665317139,2.9371445768686573,1.0204231838292133,0.413,0.01176,0.0,0.0,0.0,0.0,0.0,0.0,0.0,0.0,0.0,0.0,0.0,3.9050131926121314,24.696569920844333,1.398416886543536,0.0,0.0,0.0,0.0,0.0,0.0,0.0,0.0,0.0,0.0,0.0,0.0,0.0,0.0,0.0,0.0,nan,nan,4.306281833616299,2.932618141414629,nan,0.413,0.05597,0.0,0.0,0.0,0.0,0.0,0.0,0.0,0.0,0.0,0.0,0.0,0.0,0.0,0.0,0.0,0.0,0.0,0.0,0.0,0.0,0.0,0.0,0.002770448548812665,0.0,0.0,0.001550131926121372,0.002011873350923483,0.0006266490765171504,0.004078715919085312,0.008465259454705365,0.013489445910290238,0.006299472295514512,0.010312225153913808,0.013665347405452947,0.04142480211081794,0.020976253298153034,0.04786719437115215,0.06441292875989446,0.07670404573438874,0.091622691292876,0.07132805628847845,0.07959542656112577,0.09404133685136323,0.050758575197889184,0.04582233948988566,0.037137203166226915,0.019700967458223397,0.032145998240985046,0.026945910290237466,0.03944591029023747,0.015402374670184696,0.0470646437994723,0.015622251539138083,0.010543095866314864,0.0013742304309586632,0.0011103781882146,0.00237467018469657,0.0006266490765171504,0.001363236587510994,0.00039577836411609497,4.397537379067722e-05,0.0008795074758135445,0.0,0.0,0.0,0.0,0.0,0.0,0.0,0.0,0.0,0.0,0.0,0.0,0.0,0.0,0.0,0.0,0.0,0.0,0.0,0.0,0.0,0.0,0.0,0.0,0.0,0.0,0.0,0.0,0.0,0.0,0.0,0.0,0.0,0.0,0.0,0.0,0.0,0.0,0.0,nan,nan,4.306281833616299,2.932618141414629,nan,0.9144032981060366,0.023404504621632304,0.0,0.0,0.0,0.0,0.0,0.0,0.0,0.0,0.0,0.0,0.0,0.0,0.0,0.0,0.0,0.0,0.0,0.0,0.0,0.0,0.0,0.0,0.0,0.0,0.0,0.6156477126977342,7.285164600256522,15.699016673792222,6.028217186831981,0.3719538264215478,0.9129530252132442,0.022238424432248192,0.0,0.0,0.0,0.0,0.0,0.0,0.0,0.0,0.0,0.0,0.0,0.0,0.0,0.0,0.0,0.0,0.0,0.0,0.0,0.0,0.0,0.0,0.0,0.0,0.0,0.47532820280669996,8.094160253508376,16.256224535989137,4.94341330918968,0.23087369850611142,0.413,0.011635,0.0,0.0,0.0,0.0,0.0,0.0,0.0,0.0,0.0,0.0,0.0,3.886276186404441,24.856776400171018,1.2569474134245406,0.0,0.0,0.0,0.0,0.0,0.0,0.0,0.0,0.0,0.0,0.0,0.0,0.0,0.0,0.0,0.0,0.413,0.01189,0.0,0.0,0.0,0.0,0.0,0.0,0.0,0.0,0.0,0.0,0.0,3.9248528746038875,24.52693526482572,1.5482118605703943,0.0,0.0,0.0,0.0,0.0,0.0,0.0,0.0,0.0,0.0,0.0,0.0,0.0,0.0,0.0,0.0
65300,4728,2460,0.5203045685279187,1209,923,0.4509306260575296,1316,0.55668358714044,0.40599999999999997,2.9634038800705467,3.0446386887724675,6.358662613981763,2.020922335662253,8302.770457409693,431.8817645057154,7853.0,8739.332431697845,8717.436879119117,5.741600467408024,7853.0,0.0,28.068527918781726,20.53609857138119,32.69215442092155,18.822269625078903,0.13007614213197968,0.10511844331641286,0.09517766497461928,0.07931472081218274,0.07868020304568528,0.0788917089678511,0.07191201353637902,0.06641285956006768,0.058164128595600675,0.05626057529610829,0.04928087986463621,0.04230118443316413,0.03532148900169205,0.021785109983079528,0.01734348561759729,0.00951776649746193,0.004441624365482234,0.9147632651144478,0.02331448720356824,0.0,0.0,0.0,0.0,0.0,0.0,0.0,0.0,0.0,0.0,0.0,0.0,0.0,0.0,0.0,0.0,0.0,0.0,0.0,0.0,0.0,0.0,0.0,0.0,0.0,0.5583756345177666,7.5380710659898496,15.431472081218278,6.053299492385788,0.41878172588832496,4.189683317009468,2.828126651474456,nan,nan,nan,4.143043762246897,2.819136970198387,4.236292428198434,2.8363159347272258,1.022507284813464,0.413,0.01193,0.0,0.0,0.0,0.0,0.0,0.0,0.0,0.0,0.0,0.0,0.0,4.175126903553293,24.536802030456858,1.288071065989848,0.0,0.0,0.0,0.0,0.0,0.0,0.0,0.0,0.0,0.0,0.0,0.0,0.0,0.0,0.0,0.0,nan,nan,4.189683317009468,2.828126651474456,nan,0.413,0.0563,0.0,0.0,0.0,0.0,0.0,0.0,0.0,0.0,0.0,0.0,0.0,0.0,0.0,0.0,0.0,0.0,0.0,0.0,0.0,0.0,0.0,0.0,0.0025274957698815568,1.0575296108291032e-05,0.0,0.0013853637901861252,0.0021150592216582064,0.000983502538071066,0.0034898477157360407,0.009686971235194585,0.013705583756345178,0.007434433164128596,0.010437817258883248,0.012764382402707275,0.03943527918781726,0.022684010152284263,0.04794839255499154,0.0652072758037225,0.07821489001692047,0.08775380710659898,0.07543358714043993,0.08050972927241963,0.09364424703891709,0.04946065989847716,0.04583333333333333,0.033724619289340105,0.019395093062605753,0.02982233502538071,0.027379441624365484,0.04084179357021996,0.014615059221658207,0.04743020304568528,0.015926395939086294,0.010691624365482233,0.0018824027072758037,0.0010469543147208122,0.002876480541455161,0.0003066835871404399,0.002072758037225042,0.00034898477157360404,5.287648054145516e-05,0.0009200507614213198,0.0,0.0,0.0,0.0,0.0,0.0,0.0,0.0,0.0,0.0,0.0,0.0,0.0,0.0,0.0,0.0,0.0,0.0,0.0,0.0,0.0,0.0,0.0,0.0,0.0,0.0,0.0,0.0,0.0,0.0,0.0,0.0,0.0,0.0,0.0,0.0,0.0,0.0,0.0,nan,nan,4.189683317009468,2.828126651474456,nan,0.9144725086000877,0.023031082563893784,0.0,0.0,0.0,0.0,0.0,0.0,0.0,0.0,0.0,0.0,0.0,0.0,0.0,0.0,0.0,0.0,0.0,0.0,0.0,0.0,0.0,0.0,0.0,0.0,0.0,0.5365853658536587,7.585365853658538,15.5609756097561,5.939024390243904,0.378048780487805,0.9150786359369019,0.02361399220215652,0.0,0.0,0.0,0.0,0.0,0.0,0.0,0.0,0.0,0.0,0.0,0.0,0.0,0.0,0.0,0.0,0.0,0.0,0.0,0.0,0.0,0.0,0.0,0.0,0.0,0.5820105820105821,7.486772486772488,15.291005291005295,6.177248677248679,0.4629629629629631,0.413,0.01195,0.0,0.0,0.0,0.0,0.0,0.0,0.0,0.0,0.0,0.0,0.0,4.121951219512189,24.560975609756103,1.3170731707317076,0.0,0.0,0.0,0.0,0.0,0.0,0.0,0.0,0.0,0.0,0.0,0.0,0.0,0.0,0.0,0.0,0.413,0.01191,0.0,0.0,0.0,0.0,0.0,0.0,0.0,0.0,0.0,0.0,0.0,4.232804232804226,24.510582010582016,1.2566137566137567,0.0,0.0,0.0,0.0,0.0,0.0,0.0,0.0,0.0,0.0,0.0,0.0,0.0,0.0,0.0,0.0
65400,4665,2401,0.5146838156484459,1167,915,0.44630225080385855,1292,0.5539121114683816,0.418,2.9341872791519434,3.080859201709307,6.455538221528861,2.174516583110826,8297.99384526777,432.13121443919545,7853.0,8738.608898991346,8717.596538181651,5.708278935222008,7853.0,0.0,28.240943193997857,20.939043772204784,33.1580554848562,19.15110406354187,0.1395498392282958,0.09431939978563773,0.09603429796355842,0.08167202572347267,0.08467309753483387,0.07116827438370847,0.0707395498392283,0.06195069667738478,0.06216505894962487,0.05530546623794212,0.043086816720257236,0.04265809217577706,0.03322615219721329,0.028938906752411574,0.01864951768488746,0.008788853161843515,0.00707395498392283,0.9150516824579188,0.022608172629046745,0.0,0.0,0.0,0.0,0.0,0.0,0.0,0.0,0.0,0.0,0.0,0.0,0.0,0.0,0.0,0.0,0.0,0.0,0.0,0.0,0.0,0.0,0.0,0.0,0.0,0.5466237942122187,6.958199356913185,16.231511254019296,5.954983922829584,0.3086816720257235,4.224523339907956,2.8867314494351697,nan,nan,nan,4.2164276401564535,2.948288127645724,4.232249502322495,2.8235798145149684,1.0037524329874317,0.4133,0.01165,0.0,0.0,0.0,0.0,0.0,0.0,0.0,0.0,0.0,0.0,0.0,3.691318327974271,25.08038585209004,1.221864951768489,0.006430868167202574,0.0,0.0,0.0,0.0,0.0,0.0,0.0,0.0,0.0,0.0,0.0,0.0,0.0,0.0,0.0,nan,nan,4.224523339907956,2.8867314494351697,nan,0.4133,0.05655,0.0,0.0,0.0,0.0,0.0,0.0,0.0,0.0,0.0,0.0,0.0,0.0,0.0,0.0,0.0,0.0,0.0,3.215434083601286e-05,0.0,0.0,1.0718113612004287e-05,0.0,0.0029796355841371918,0.0,2.1436227224008573e-05,0.0009860664523043945,0.002057877813504823,0.0008360128617363344,0.003997856377277599,0.011232583065380494,0.0107502679528403,0.007309753483386924,0.00932475884244373,0.013912111468381564,0.039571275455519826,0.02302250803858521,0.05069667738478028,0.06435155412647374,0.07490889603429797,0.09017148981779206,0.07303322615219722,0.07934619506966774,0.09129689174705252,0.0507609860664523,0.04570203644158628,0.03273311897106109,0.021039657020364415,0.032497320471597,0.027384780278670955,0.04210075026795284,0.014244372990353698,0.04506966773847803,0.017234726688102893,0.010793140407288317,0.0028510182207931406,0.0012111468381564845,0.002604501607717042,0.0005251875669882101,0.002122186495176849,0.00030010718113612,4.2872454448017146e-05,0.000932475884244373,0.0,0.0,0.0,0.0,0.0,0.0,0.0,0.0,0.0,0.0,0.0,0.0,0.0,0.0,0.0,0.0,0.0,0.0,0.0,0.0,0.0,0.0,0.0,0.0,0.0,0.0,0.0,0.0,0.0,0.0,0.0,0.0,0.0,0.0,0.0,0.0,0.0,0.0,0.0,nan,nan,4.224523339907956,2.8867314494351697,nan,0.9147387077439978,0.0226134592383089,0.0,0.0,0.0,0.0,0.0,0.0,0.0,0.0,0.0,0.0,0.0,0.0,0.0,0.0,0.0,0.0,0.0,0.0,0.0,0.0,0.0,0.0,0.0,0.0,0.0,0.6372344856309872,7.097042898792171,16.118284048313207,5.8725531028738045,0.27488546438983763,0.915383596012744,0.022597829248227525,0.0,0.0,0.0,0.0,0.0,0.0,0.0,0.0,0.0,0.0,0.0,0.0,0.0,0.0,0.0,0.0,0.0,0.0,0.0,0.0,0.0,0.0,0.0,0.0,0.0,0.45053003533568914,6.810954063604242,16.35159010600707,6.042402826855125,0.34452296819788,0.4136,0.0116,0.0,0.0,0.0,0.0,0.0,0.0,0.0,0.0,0.0,0.0,0.0,3.536026655560178,25.251978342357358,1.1995002082465642,0.012494793835901711,0.0,0.0,0.0,0.0,0.0,0.0,0.0,0.0,0.0,0.0,0.0,0.0,0.0,0.0,0.0,0.4133,0.01171,0.0,0.0,0.0,0.0,0.0,0.0,0.0,0.0,0.0,0.0,0.0,3.8560070671378037,24.89840989399294,1.2455830388692581,0.0,0.0,0.0,0.0,0.0,0.0,0.0,0.0,0.0,0.0,0.0,0.0,0.0,0.0,0.0,0.0
65500,4566,2378,0.5208059570740254,1079,926,0.43911519929916776,1273,0.5575996495838809,0.43,2.9351005484460693,3.143926000040257,6.732993197278912,2.2433120299903226,8303.501501257231,432.1495519936539,7853.0,8740.72861495018,8718.0083493442,5.759808655279072,7853.0,0.0,27.93933420937363,20.98619885010345,33.06245080031488,19.191470820972654,0.14235654840122647,0.10315374507227333,0.09505037231712658,0.08037669732807709,0.07490144546649145,0.07928164695575997,0.06723609286027157,0.06285589137100307,0.05891371003066141,0.053219448094612355,0.04358300481822164,0.04117389399912396,0.0346035917652212,0.025624178712220762,0.022777047744196234,0.008979413053000438,0.005913272010512484,0.9147391723296749,0.022886972659896126,0.0,0.0,0.0,0.0,0.0,0.0,0.0,0.0,0.0,0.0,0.0,0.0,0.0,0.0,0.0,0.0,0.0,0.0,0.0,0.0,0.0,0.0,0.0,0.0,0.006570302233902761,0.4796320630749015,7.437582128777925,15.959264126149806,5.755584756898819,0.3613666228646519,4.302261823166552,2.8839446531018225,nan,nan,nan,4.333333333333333,2.8633473006212773,4.271613342409802,2.9037927683245677,0.9857569251714928,0.4143,0.012115,0.0,0.0,0.0,0.0,0.0,0.0,0.0,0.0,0.0,0.0,0.0,3.528252299605777,24.645203679369256,1.8265440210249675,0.0,0.0,0.0,0.0,0.0,0.0,0.0,0.0,0.0,0.0,0.0,0.0,0.0,0.0,0.0,0.0,nan,nan,4.302261823166552,2.8839446531018225,nan,0.4143,0.05685,0.0,0.0,0.0,0.0,0.0,0.0,0.0,0.0,0.0,0.0,0.0,0.0,0.0,0.0,0.0,0.0,0.0,0.0,0.0,0.0,0.0,0.0,0.002869031975470872,0.0,0.00014235654840122645,0.0008869908015768725,0.0021243977222952255,0.0008541392904073587,0.004139290407358738,0.01064388961892247,0.010008760402978536,0.008223828296101621,0.008026719229084538,0.014816031537450723,0.03815155497152869,0.022787998247919404,0.051412614980289095,0.06531975470871661,0.07221857205431449,0.08979413053000437,0.07032413491020587,0.07796758650897942,0.08939991239597021,0.05310994305738064,0.048346473937801136,0.03210687691633815,0.021342531756460798,0.03297196671046868,0.029621112571178273,0.04175427069645204,0.014717477003942181,0.04496276828734122,0.017422251423565484,0.011103810775295663,0.003745072273324573,0.0016425755584756898,0.003131844064826982,0.0007774857643451598,0.0020367936925098553,9.855453350854139e-05,6.570302233902759e-05,0.0009307928164695576,0.0,0.0,0.0,0.0,0.0,0.0,0.0,0.0,0.0,0.0,0.0,0.0,0.0,0.0,0.0,0.0,0.0,0.0,0.0,0.0,0.0,0.0,0.0,0.0,0.0,0.0,0.0,0.0,0.0,0.0,0.0,0.0,0.0,0.0,0.0,0.0,0.0,0.0,0.0,nan,nan,4.302261823166552,2.8839446531018225,nan,0.9154187295996311,0.023251074462201753,0.0,0.0,0.0,0.0,0.0,0.0,0.0,0.0,0.0,0.0,0.0,0.0,0.0,0.0,0.0,0.0,0.0,0.0,0.0,0.0,0.0,0.0,0.0,0.0,0.0,0.517241379310345,7.228763666947016,15.7569386038688,6.0176619007569405,0.47939444911690504,0.9140006041450518,0.022461264747387886,0.0,0.0,0.0,0.0,0.0,0.0,0.0,0.0,0.0,0.0,0.0,0.0,0.0,0.0,0.0,0.0,0.0,0.0,0.0,0.0,0.0,0.0,0.0,0.0,0.01371115173674589,0.43875685557586847,7.664533820840952,16.17915904936015,5.4707495429616095,0.23308957952468012,0.4146,0.01204,0.0,0.0,0.0,0.0,0.0,0.0,0.0,0.0,0.0,0.0,0.0,3.2800672834314506,24.878048780487813,1.8418839360807404,0.0,0.0,0.0,0.0,0.0,0.0,0.0,0.0,0.0,0.0,0.0,0.0,0.0,0.0,0.0,0.0,0.4138,0.01218,0.0,0.0,0.0,0.0,0.0,0.0,0.0,0.0,0.0,0.0,0.0,3.797989031078605,24.39213893967094,1.8098720292504575,0.0,0.0,0.0,0.0,0.0,0.0,0.0,0.0,0.0,0.0,0.0,0.0,0.0,0.0,0.0,0.0
65600,4853,2492,0.51349680609932,1177,1042,0.45724294250978775,1370,0.5645992169791881,0.41,2.937738246505718,3.0546239466447656,6.572555205047319,2.0533739491451897,8297.140915543778,432.32881752189024,7853.0,8736.70295675993,8717.934134483929,5.706391159916097,7853.0,0.0,27.28559653822378,20.582022504122232,32.33695920889988,18.823726740606148,0.14444673397898208,0.10261693797650938,0.09210797444879457,0.08510199876365135,0.08613228930558417,0.07459303523593654,0.07191427982691119,0.06408407170822172,0.06202349062435607,0.049041829796002474,0.04409643519472491,0.03585411085926231,0.030496600041211623,0.02390274057284154,0.017514939212858027,0.010921079744487945,0.005151452709664125,0.9147239214804599,0.022625769677143248,0.0,0.0,0.0,0.0,0.0,0.0,0.0,0.0,0.0,0.0,0.0,0.0,0.0,0.0,0.0,0.0,0.0,0.0,0.0,0.0,0.0,0.0,0.0,0.0,0.0,0.44508551411498054,7.3748196991551636,15.91798887286215,5.940655264784671,0.3214506490830415,4.24297253634895,2.8360297086122084,nan,nan,nan,4.3,2.8050070438644235,4.185880829015544,2.8665992608988513,0.9734606579105918,0.4143,0.011505,0.0,0.0,0.0,0.0,0.0,0.0,0.0,0.0,0.0,0.0,0.0,3.257778693591588,25.264784669276743,1.4774366371316716,0.0,0.0,0.0,0.0,0.0,0.0,0.0,0.0,0.0,0.0,0.0,0.0,0.0,0.0,0.0,0.0,nan,nan,4.24297253634895,2.8360297086122084,nan,0.4143,0.057,0.0,0.0,0.0,0.0,0.0,0.0,0.0,0.0,0.0,0.0,0.0,0.0,0.0,0.0,0.0,0.0,0.0,0.0,0.0,0.0,2.0605810838656502e-05,0.0,0.0029363280445085516,0.0,3.090871625798475e-05,0.000370904595095817,0.002586029260251391,0.0008963527714815578,0.00394601277560272,0.010694415825262723,0.010653204203585412,0.008087780754172677,0.008283535957139914,0.014259221100350298,0.03739954667216155,0.023284566247681847,0.05088604986606223,0.06361013805893262,0.07481969915516176,0.09140737688028024,0.06864825880898413,0.07204821759736246,0.09168555532660211,0.05300844838244385,0.0485781990521327,0.035071090047393366,0.021481557799299403,0.03418504018133114,0.02855965382237791,0.040541932825056665,0.01477436637131671,0.0446733978982073,0.01794766124046981,0.012208942921903977,0.004018133113538018,0.001277560271996703,0.002915722233669895,0.0007624150010302906,0.0023593653410261695,0.0,6.18174325159695e-05,0.0010199876365134968,0.0,0.0,0.0,0.0,0.0,0.0,0.0,0.0,0.0,0.0,0.0,0.0,0.0,0.0,0.0,0.0,0.0,0.0,0.0,0.0,0.0,0.0,0.0,0.0,0.0,0.0,0.0,0.0,0.0,0.0,0.0,0.0,0.0,0.0,0.0,0.0,0.0,0.0,0.0,nan,nan,4.24297253634895,2.8360297086122084,nan,0.915354695212975,0.022933960643326347,0.0,0.0,0.0,0.0,0.0,0.0,0.0,0.0,0.0,0.0,0.0,0.0,0.0,0.0,0.0,0.0,0.0,0.0,0.0,0.0,0.0,0.0,0.0,0.0,0.0,0.4454253611556983,7.211075441412522,15.74638844301766,6.187800963081863,0.4093097913322633,0.914058149290105,0.022276491693691697,0.0,0.0,0.0,0.0,0.0,0.0,0.0,0.0,0.0,0.0,0.0,0.0,0.0,0.0,0.0,0.0,0.0,0.0,0.0,0.0,0.0,0.0,0.0,0.0,0.0,0.44472681067344355,7.547649301143585,16.099110546378657,5.6797966963151225,0.22871664548919954,0.4143,0.01156,0.0,0.0,0.0,0.0,0.0,0.0,0.0,0.0,0.0,0.0,0.0,3.3948635634028843,25.100321027287325,1.5048154093097916,0.0,0.0,0.0,0.0,0.0,0.0,0.0,0.0,0.0,0.0,0.0,0.0,0.0,0.0,0.0,0.0,0.4143,0.011444,0.0,0.0,0.0,0.0,0.0,0.0,0.0,0.0,0.0,0.0,0.0,3.1130876747140994,25.438373570520973,1.4485387547649304,0.0,0.0,0.0,0.0,0.0,0.0,0.0,0.0,0.0,0.0,0.0,0.0,0.0,0.0,0.0,0.0
65700,4753,2506,0.5272459499263623,1212,968,0.4586576898800757,1308,0.5503892278560909,0.434,3.0378282153983087,3.158742194005971,6.773770491803279,2.216473468338969,8308.948158781986,431.7632565265627,7853.0,8737.36516418457,8717.773183835105,5.5928519271653965,7853.0,0.0,27.591415947822426,20.381066374513196,32.458322903629536,18.576229382289693,0.13949084788554597,0.10267199663370503,0.08941721018304229,0.08436776772564696,0.08015989901115085,0.08037029244687566,0.07321691563223227,0.0624868504102672,0.06606353881758889,0.04986324426677888,0.04607616242373238,0.04060593309488744,0.030927835051546393,0.026509572901325478,0.014937933936461182,0.007574163686092994,0.005259835893120134,0.91385375580586,0.02250801941443776,0.0,0.0,0.0,0.0,0.0,0.0,0.0,0.0,0.0,0.0,0.0,0.0,0.0,0.0,0.0,0.0,0.0,0.0,0.0,0.0,0.0,0.0,0.0,0.0,0.0,0.6438039133179045,7.220702714075323,16.524300441826217,5.327161792552074,0.2840311382284873,4.2099771763938705,2.9069234052278046,nan,nan,nan,4.212975098296199,2.8968486394716937,4.207008436080467,2.916862776139503,0.998583741399719,0.415,0.01145,0.0,0.0,0.0,0.0,0.0,0.0,0.0,0.0,0.0,0.0,0.0,2.8403113822848685,25.461813591415954,1.6978750262991797,0.0,0.0,0.0,0.0,0.0,0.0,0.0,0.0,0.0,0.0,0.0,0.0,0.0,0.0,0.0,0.0,nan,nan,4.2099771763938705,2.9069234052278046,nan,0.415,0.05676,0.0,0.0,0.0,0.0,0.0,0.0,0.0,0.0,0.0,0.0,0.0,0.0,0.0,0.0,0.0,0.0,0.0,0.0,0.0,0.0,0.0,0.0,0.0020513359983168524,0.0,3.1559015358720806e-05,0.0005365032610982537,0.00233536713654534,0.0010730065221965074,0.003008626130864717,0.010067325899431937,0.011392804544498212,0.0075320849989480325,0.008636650536503261,0.014338312644645487,0.0376183463075952,0.023269513991163476,0.05079949505575426,0.0625920471281296,0.07581527456343362,0.09252051335998317,0.06605301914580265,0.07054491899852725,0.0891331790448138,0.05278771302335367,0.05034714916894593,0.03656637912897118,0.0227540500736377,0.03505154639175258,0.0296759941089838,0.040679570797391124,0.013507258573532506,0.0447506837786661,0.01877761413843888,0.013770250368188512,0.004460340837365874,0.0006732589943193772,0.0035346097201767305,0.001094045865768988,0.0015779507679360403,0.0,0.0,0.0006416999789606564,0.0,0.0,0.0,0.0,0.0,0.0,0.0,0.0,0.0,0.0,0.0,0.0,0.0,0.0,0.0,0.0,0.0,0.0,0.0,0.0,0.0,0.0,0.0,0.0,0.0,0.0,0.0,0.0,0.0,0.0,0.0,0.0,0.0,0.0,0.0,0.0,0.0,0.0,0.0,nan,nan,4.2099771763938705,2.9069234052278046,nan,0.9137930151755964,0.022463278294605774,0.0,0.0,0.0,0.0,0.0,0.0,0.0,0.0,0.0,0.0,0.0,0.0,0.0,0.0,0.0,0.0,0.0,0.0,0.0,0.0,0.0,0.0,0.0,0.0,0.0,0.6943335993615325,7.1468475658419806,16.67597765363129,5.2553870710295305,0.22745411013567443,0.9139214976925716,0.022557620019359206,0.0,0.0,0.0,0.0,0.0,0.0,0.0,0.0,0.0,0.0,0.0,0.0,0.0,0.0,0.0,0.0,0.0,0.0,0.0,0.0,0.0,0.0,0.0,0.0,0.0,0.5874499332443258,7.303070761014688,16.35514018691589,5.40720961281709,0.3471295060080108,0.4153,0.011505,0.0,0.0,0.0,0.0,0.0,0.0,0.0,0.0,0.0,0.0,0.0,2.7893056664006344,25.43894652833201,1.7717478052673588,0.0,0.0,0.0,0.0,0.0,0.0,0.0,0.0,0.0,0.0,0.0,0.0,0.0,0.0,0.0,0.0,0.4148,0.011375,0.0,0.0,0.0,0.0,0.0,0.0,0.0,0.0,0.0,0.0,0.0,2.897196261682239,25.48731642189587,1.6154873164218964,0.0,0.0,0.0,0.0,0.0,0.0,0.0,0.0,0.0,0.0,0.0,0.0,0.0,0.0,0.0,0.0
65800,4870,2555,0.5246406570841889,1194,970,0.44435318275154007,1335,0.5482546201232033,0.446,3.016414686825054,3.2231195225347373,6.978688524590164,2.2179310070792098,8306.683200225974,431.8684240453849,7853.0,8738.431471550464,8717.750365988451,5.534209156246912,7853.0,0.0,27.388911704312115,20.699509468699265,32.42762186115214,18.974536701581933,0.14209445585215605,0.10123203285420944,0.09753593429158111,0.09301848049281314,0.07618069815195072,0.07679671457905544,0.07248459958932238,0.06139630390143737,0.05277207392197125,0.04496919917864477,0.04763860369609856,0.04168377823408624,0.035318275154004104,0.027720739219712527,0.015400410677618069,0.008008213552361396,0.005749486652977412,0.9147783398383452,0.022538937090561387,0.0,0.0,0.0,0.0,0.0,0.0,0.0,0.0,0.0,0.0,0.0,0.0,0.0,0.0,0.0,0.0,0.0,0.0,0.0,0.0,0.0,0.0,0.0,0.0,0.006160164271047229,0.4866529774127311,7.121149897330597,16.262833675564686,5.809034907597537,0.3141683778234087,4.298064516129032,2.9958351943934938,nan,nan,nan,4.224329627207325,3.004689482586803,4.3698281349458945,2.9854441972882118,1.0344429816275387,0.4146,0.011345,0.0,0.0,0.0,0.0,0.0,0.0,0.0,0.0,0.0,0.0,0.0,2.9137577002053345,25.43531827515401,1.6509240246406574,0.0,0.0,0.0,0.0,0.0,0.0,0.0,0.0,0.0,0.0,0.0,0.0,0.0,0.0,0.0,0.0,nan,nan,4.298064516129032,2.9958351943934938,nan,0.4146,0.05655,0.0,0.0,0.0,0.0,0.0,0.0,0.0,0.0,0.0,0.0,0.0,0.0,0.0,0.0,0.0,0.0,0.0,0.0,0.0,0.0,0.0,0.0,0.0018788501026694045,1.0266940451745379e-05,0.0,0.000677618069815195,0.0023203285420944557,0.0017351129363449693,0.0033367556468172485,0.010349075975359343,0.010893223819301847,0.007186858316221766,0.00813141683778234,0.014507186858316222,0.03717659137577002,0.024322381930184805,0.04873716632443532,0.062782340862423,0.07841889117043122,0.09322381930184805,0.06555441478439425,0.07137577002053389,0.08860369609856263,0.05427104722792608,0.04944558521560575,0.03661190965092403,0.024055441478439424,0.03497946611909651,0.02967145790554415,0.03968172484599589,0.013151950718685832,0.04388090349075975,0.016899383983572894,0.013973305954825462,0.004825462012320329,0.0006673511293634497,0.0032032854209445585,0.0011396303901437372,0.0015811088295687886,2.0533880903490758e-05,1.0266940451745379e-05,0.0007084188911704312,0.0,0.0,0.0,0.0,0.0,0.0,0.0,0.0,0.0,0.0,0.0,0.0,0.0,0.0,0.0,0.0,0.0,0.0,0.0,0.0,0.0,0.0,0.0,0.0,0.0,0.0,0.0,0.0,0.0,0.0,0.0,0.0,0.0,0.0,0.0,0.0,0.0,0.0,0.0,nan,nan,4.298064516129032,2.9958351943934938,nan,0.9142799906068119,0.022413685368626965,0.0,0.0,0.0,0.0,0.0,0.0,0.0,0.0,0.0,0.0,0.0,0.0,0.0,0.0,0.0,0.0,0.0,0.0,0.0,0.0,0.0,0.0,0.0,0.0,0.01174168297455969,0.5048923679060666,7.1976516634050896,16.367906066536207,5.600782778864972,0.31702544031311164,0.9153283537850266,0.022663653206378816,0.0,0.0,0.0,0.0,0.0,0.0,0.0,0.0,0.0,0.0,0.0,0.0,0.0,0.0,0.0,0.0,0.0,0.0,0.0,0.0,0.0,0.0,0.0,0.0,0.0,0.4665226781857452,7.036717062634991,16.14686825053996,6.038876889848813,0.3110151187904968,0.4146,0.01122,0.0,0.0,0.0,0.0,0.0,0.0,0.0,0.0,0.0,0.0,0.0,2.958904109589037,25.40900195694717,1.632093933463797,0.0,0.0,0.0,0.0,0.0,0.0,0.0,0.0,0.0,0.0,0.0,0.0,0.0,0.0,0.0,0.0,0.4148,0.01149,0.0,0.0,0.0,0.0,0.0,0.0,0.0,0.0,0.0,0.0,0.0,2.8639308855291534,25.464362850971927,1.6717062634989204,0.0,0.0,0.0,0.0,0.0,0.0,0.0,0.0,0.0,0.0,0.0,0.0,0.0,0.0,0.0,0.0
65900,4961,2650,0.5341664986897803,1265,963,0.4491030034267285,1345,0.5422293892360411,0.40599999999999997,2.9740372133275637,3.0528619931324754,6.488619119878604,2.1095435443963306,8314.7713131033,431.24579524527365,7853.0,8738.559112632274,8717.470748794514,5.7869696972075895,7853.0,0.0,28.386817173956864,20.80403908616219,32.996210326859305,19.114937818078744,0.12981253779479943,0.10159242088288652,0.09534368070953436,0.08365248941745616,0.07821003829873009,0.07538802660753881,0.06934085869784318,0.06994557548881274,0.05885910098770409,0.049989921386817175,0.05160249949606934,0.03991130820399113,0.0328562789760129,0.02822011691191292,0.018343075992743398,0.009675468655513001,0.007256601491634751,0.91384931416599,0.022939754669468744,0.0,0.0,0.0,0.0,0.0,0.0,0.0,0.0,0.0,0.0,0.0,0.0,0.0,0.0,0.0,0.0,0.0,0.0,0.0,0.0,0.0,0.0,0.0,0.0,0.0,0.6409997984277366,7.486393872203187,15.58355170328563,6.0108849022374535,0.27816972384599886,4.193608439342228,2.883786312807668,nan,nan,nan,4.213249211356467,2.893691797453695,4.174603174603175,2.8740410612962344,0.9908274980152789,0.4138,0.01157,0.0,0.0,0.0,0.0,0.0,0.0,0.0,0.0,0.0,0.0,0.0,3.5496875629913274,24.98689780286233,1.4634146341463419,0.0,0.0,0.0,0.0,0.0,0.0,0.0,0.0,0.0,0.0,0.0,0.0,0.0,0.0,0.0,0.0,nan,nan,4.193608439342228,2.883786312807668,nan,0.4138,0.05624,0.0,0.0,0.0,0.0,0.0,0.0,0.0,0.0,0.0,0.0,0.0,0.0,0.0,0.0,0.0,0.0,0.0,0.0,0.0,0.0,0.0,0.0,0.001652892561983471,0.0,0.0,0.0007357387623463011,0.002781697238459988,0.0021366659947591213,0.003305785123966942,0.012295908083047773,0.01082443055835517,0.0070852650675267085,0.008576899818584963,0.013495263051804072,0.036585365853658534,0.023845998790566418,0.04837734327756501,0.062346301148961905,0.07792783712961096,0.09327756500705503,0.06932070147147752,0.07548881273936707,0.08581939125176376,0.055825438419673454,0.048709937512598264,0.03619229993952832,0.025085668212054022,0.03477121548074985,0.029056641806087483,0.039105019149365046,0.013585970570449506,0.041523886313243295,0.015269098971981455,0.014331787945978633,0.0038903446885708527,0.0008768393469058657,0.002862326143922596,0.0008566821205402137,0.0014613989115097763,3.023583954847813e-05,0.0,0.0006853456964321709,0.0,0.0,0.0,0.0,0.0,0.0,0.0,0.0,0.0,0.0,0.0,0.0,0.0,0.0,0.0,0.0,0.0,0.0,0.0,0.0,0.0,0.0,0.0,0.0,0.0,0.0,0.0,0.0,0.0,0.0,0.0,0.0,0.0,0.0,0.0,0.0,0.0,0.0,0.0,nan,nan,4.193608439342228,2.883786312807668,nan,0.9135451577969317,0.02283750654061039,0.0,0.0,0.0,0.0,0.0,0.0,0.0,0.0,0.0,0.0,0.0,0.0,0.0,0.0,0.0,0.0,0.0,0.0,0.0,0.0,0.0,0.0,0.0,0.0,0.0,0.6000000000000002,7.777358490566039,15.441509433962267,5.864150943396228,0.3169811320754718,0.9141980871551741,0.023051504533517723,0.0,0.0,0.0,0.0,0.0,0.0,0.0,0.0,0.0,0.0,0.0,0.0,0.0,0.0,0.0,0.0,0.0,0.0,0.0,0.0,0.0,0.0,0.0,0.0,0.0,0.6880138468195588,7.152747728256168,15.746430116832544,6.179143228039811,0.23366508005192563,0.414,0.01154,0.0,0.0,0.0,0.0,0.0,0.0,0.0,0.0,0.0,0.0,0.0,3.498113207547165,25.052830188679252,1.4490566037735853,0.0,0.0,0.0,0.0,0.0,0.0,0.0,0.0,0.0,0.0,0.0,0.0,0.0,0.0,0.0,0.0,0.4136,0.0116,0.0,0.0,0.0,0.0,0.0,0.0,0.0,0.0,0.0,0.0,0.0,3.608827347468623,24.911293812202516,1.4798788403288623,0.0,0.0,0.0,0.0,0.0,0.0,0.0,0.0,0.0,0.0,0.0,0.0,0.0,0.0,0.0,0.0
66000,4798,2498,0.5206335973322218,1130,981,0.4399749895789912,1337,0.5573155481450605,0.418,3.006521739130435,3.123745116662888,6.627145085803432,2.232188182110587,8303.105226545056,431.91832447060045,7853.0,8738.159910792112,8717.53357764739,5.726352295908649,7853.0,0.0,27.692580241767402,21.025756628974975,32.617333002234915,19.36964997087326,0.14005835764902042,0.10462692788661943,0.10295956648603585,0.08232596915381409,0.07857440600250104,0.07336390162567737,0.0673197165485619,0.06273447269695706,0.05814922884535223,0.05231346394330971,0.04189245518966236,0.038557732388495206,0.03418090871196332,0.026677782409337224,0.016882034180908712,0.011879949979157983,0.007503126302626094,0.913664751633747,0.02275102792064107,0.0,0.0,0.0,0.0,0.0,0.0,0.0,0.0,0.0,0.0,0.0,0.0,0.0,0.0,0.0,0.0,0.0,0.0,0.0,0.0,0.0,0.0,0.0,0.0,0.018757815756565238,0.5502292621925803,7.778240933722386,15.769070446019178,5.614839516465195,0.26886202584410174,4.371137409598948,2.888685781442184,nan,nan,nan,4.365934797072522,2.8793360500114638,4.376218323586745,2.897778673653944,1.0023554008459123,0.4136,0.01171,0.0,0.0,0.0,0.0,0.0,0.0,0.0,0.0,0.0,0.0,0.006252605252188413,3.8953730721133755,24.70404335139642,1.3943309712380163,0.0,0.0,0.0,0.0,0.0,0.0,0.0,0.0,0.0,0.0,0.0,0.0,0.0,0.0,0.0,0.0,nan,nan,4.371137409598948,2.888685781442184,nan,0.4136,0.05655,0.0,0.0,0.0,0.0,0.0,0.0,0.0,0.0,0.0,0.0,0.0,0.0,0.0,0.0,0.0,0.0,0.0,0.0,0.0,0.0,0.0,1.0421008753647352e-05,0.0012609420591913297,0.0,0.0,0.0006461025427261359,0.0028240933722384325,0.0021050437682367655,0.0038140892038349312,0.013370154230929554,0.010702375989995832,0.007888703626511047,0.008409754064193415,0.013443101292205085,0.04021467278032514,0.02342642767819925,0.048864110045852435,0.05910796165068779,0.07840766986244269,0.09304918716131722,0.07146727803251354,0.07592746977907461,0.08175281367236348,0.05573155481450604,0.049604001667361404,0.03511879949979158,0.025573155481450605,0.0338474364318466,0.028814089203834933,0.03896415172988745,0.012213422259274697,0.04216340141725719,0.015047936640266778,0.015496040016673615,0.003334722801167153,0.0011879949979157983,0.0033138807836598583,0.0009274697790746144,0.0013651521467278032,5.2105043768236766e-05,0.0,0.0005523134639433097,0.0,0.0,0.0,0.0,0.0,0.0,0.0,0.0,0.0,0.0,0.0,0.0,0.0,0.0,0.0,0.0,0.0,0.0,0.0,0.0,0.0,0.0,0.0,0.0,0.0,0.0,0.0,0.0,0.0,0.0,0.0,0.0,0.0,0.0,0.0,0.0,0.0,0.0,0.0,nan,nan,4.371137409598948,2.888685781442184,nan,0.9141969860459062,0.022753011135482674,0.0,0.0,0.0,0.0,0.0,0.0,0.0,0.0,0.0,0.0,0.0,0.0,0.0,0.0,0.0,0.0,0.0,0.0,0.0,0.0,0.0,0.0,0.0,0.0,0.024019215372297845,0.5524419535628504,7.506004803843076,15.960768614891917,5.692554043234589,0.26421136909527626,0.9130866987808891,0.02273476310814023,0.0,0.0,0.0,0.0,0.0,0.0,0.0,0.0,0.0,0.0,0.0,0.0,0.0,0.0,0.0,0.0,0.0,0.0,0.0,0.0,0.0,0.0,0.0,0.0,0.013043478260869568,0.5478260869565218,8.073913043478262,15.560869565217395,5.5304347826086975,0.2739130434782609,0.4138,0.01164,0.0,0.0,0.0,0.0,0.0,0.0,0.0,0.0,0.0,0.0,0.012009607686148923,3.674939951961564,24.93194555644516,1.381104883907126,0.0,0.0,0.0,0.0,0.0,0.0,0.0,0.0,0.0,0.0,0.0,0.0,0.0,0.0,0.0,0.0,0.4133,0.01179,0.0,0.0,0.0,0.0,0.0,0.0,0.0,0.0,0.0,0.0,0.0,4.134782608695646,24.45652173913044,1.4086956521739133,0.0,0.0,0.0,0.0,0.0,0.0,0.0,0.0,0.0,0.0,0.0,0.0,0.0,0.0,0.0,0.0
66100,4741,2393,0.5047458342121915,1101,1004,0.44399915629614006,1368,0.5770934402024889,0.43,2.9859454855195913,3.1507101631142636,6.6976744186046515,2.1552339435339953,8289.395618435077,432.2912609033505,7853.0,8736.373899424076,8717.584883828122,5.597548722925073,7853.0,0.0,28.01476481754904,21.09850225484639,32.97188049209139,19.3796125484884,0.13963298882092384,0.10145538915840539,0.09090909090909091,0.08605779371440625,0.08521408985446108,0.07403501371018772,0.07087112423539338,0.0641214933558321,0.05209871335161358,0.05357519510651761,0.043028896857203125,0.03944315545243619,0.030162412993039442,0.026154819658299938,0.023623708078464457,0.012866483864163678,0.006749630879561274,0.9140637856298196,0.02264612336537543,0.0,0.0,0.0,0.0,0.0,0.0,0.0,0.0,0.0,0.0,0.0,0.0,0.0,0.0,0.0,0.0,0.0,0.0,0.0,0.0,0.0,0.0,0.0,0.0,0.006327778949588696,0.5125500949166844,7.624973634254379,15.996625184560223,5.486184349293399,0.3733389580257331,4.3756561679790025,2.937051394664877,nan,nan,nan,4.3081044876088415,2.8758960787308885,4.435649935649936,2.9879708417802244,1.0296059318913797,0.4143,0.01157,0.0,0.0,0.0,0.0,0.0,0.0,0.0,0.0,0.0,0.0,0.0,3.2461506011389956,25.33009913520355,1.4237502636574566,0.0,0.0,0.0,0.0,0.0,0.0,0.0,0.0,0.0,0.0,0.0,0.0,0.0,0.0,0.0,0.0,nan,nan,4.3756561679790025,2.937051394664877,nan,0.4143,0.0563,0.0,0.0,0.0,0.0,0.0,0.0,0.0,0.0,0.0,0.0,0.0,0.0,0.0,0.0,0.0,0.0,0.0,0.0,0.0,0.0,0.0,0.0,0.0007382408774520143,0.0,2.109259649862898e-05,0.0005167686142164101,0.0020565281586163255,0.002942417211558743,0.0037966673697532164,0.013203965408141742,0.010261548196582999,0.007276945792026999,0.00744568656401603,0.011896224425226745,0.04118329466357309,0.022801096815017928,0.04801729592912887,0.05808901075722422,0.07921324615060114,0.09038177599662518,0.07477325458763974,0.07406665260493567,0.08216620966040919,0.05533642691415313,0.04958869436827674,0.03410672853828306,0.02759966251845602,0.03665893271461717,0.031090487238979118,0.03800885889052943,0.013024678337903396,0.04163678548829361,0.014321873022569077,0.017422484707867537,0.00352246361527104,0.0007171482809533854,0.0031322505800464038,0.00048512971946846657,0.0018561484918793504,9.491668424383042e-05,0.0,0.0005484075089643535,0.0,0.0,0.0,0.0,0.0,0.0,0.0,0.0,0.0,0.0,0.0,0.0,0.0,0.0,0.0,0.0,0.0,0.0,0.0,0.0,0.0,0.0,0.0,0.0,0.0,0.0,0.0,0.0,0.0,0.0,0.0,0.0,0.0,0.0,0.0,0.0,0.0,0.0,0.0,nan,nan,4.3756561679790025,2.937051394664877,nan,0.9139477187900726,0.022507305389178563,0.0,0.0,0.0,0.0,0.0,0.0,0.0,0.0,0.0,0.0,0.0,0.0,0.0,0.0,0.0,0.0,0.0,0.0,0.0,0.0,0.0,0.0,0.0,0.0,0.0,0.5892185541161723,7.647304638529045,15.933974091099042,5.516088591725869,0.3134141245298789,0.9141820769192209,0.022786123373295372,0.0,0.0,0.0,0.0,0.0,0.0,0.0,0.0,0.0,0.0,0.0,0.0,0.0,0.0,0.0,0.0,0.0,0.0,0.0,0.0,0.0,0.0,0.0,0.0,0.012776831345826238,0.4344122657580921,7.602214650766611,16.060477001703582,5.455706984667804,0.4344122657580921,0.4143,0.011375,0.0,0.0,0.0,0.0,0.0,0.0,0.0,0.0,0.0,0.0,0.0,3.259506895110735,25.536982866694533,1.203510238194735,0.0,0.0,0.0,0.0,0.0,0.0,0.0,0.0,0.0,0.0,0.0,0.0,0.0,0.0,0.0,0.0,0.4146,0.01176,0.0,0.0,0.0,0.0,0.0,0.0,0.0,0.0,0.0,0.0,0.0,3.232538330494033,25.119250425894386,1.6482112436115848,0.0,0.0,0.0,0.0,0.0,0.0,0.0,0.0,0.0,0.0,0.0,0.0,0.0,0.0,0.0,0.0
66200,4899,2518,0.5139824453970198,1177,1030,0.45050010206164526,1411,0.5760359256991223,0.426,2.963460730785384,3.0819563407039334,6.46539027982327,2.1948314811387486,8297.586338752748,432.3417396208308,7853.0,8735.330749118328,8717.98350816112,5.672998033333012,7853.0,0.0,27.513370075525618,20.614205621730697,32.48085832723726,18.855174807331867,0.1412533170034701,0.10165339865278629,0.09369259032455603,0.09389671361502347,0.07613798734435599,0.07919983670136763,0.06470708307817923,0.05878750765462339,0.06021637068789549,0.05429679526433966,0.04858134313125127,0.03959991835068381,0.0347009593794652,0.022453561951418656,0.016738109818330273,0.009185548071034905,0.004898958971218616,0.9144826535911895,0.022978447229971603,0.0,0.0,0.0,0.0,0.0,0.0,0.0,0.0,0.0,0.0,0.0,0.0,0.0,0.0,0.0,0.0,0.0,0.0,0.0,0.0,0.0,0.0,0.0,0.0,0.006123698714023271,0.587875076546234,7.538273116962647,15.42559706062462,6.166564605021434,0.2755664421310472,4.30759453447728,2.8637222534284046,nan,nan,nan,4.287774294670847,2.8729537189648835,4.327963917525773,2.854060496605789,1.0093730733226507,0.4153,0.01168,0.0,0.0,0.0,0.0,0.0,0.0,0.0,0.0,0.0,0.0,0.0,3.031230863441514,25.107164727495412,1.8616044090630746,0.0,0.0,0.0,0.0,0.0,0.0,0.0,0.0,0.0,0.0,0.0,0.0,0.0,0.0,0.0,0.0,nan,nan,4.30759453447728,2.8637222534284046,nan,0.4153,0.05612,0.0,0.0,0.0,0.0,0.0,0.0,0.0,0.0,0.0,0.0,0.0,0.0,0.0,0.0,0.0,0.0,0.0,0.0,0.0,0.0,0.0,0.0,0.0007042253521126761,0.0,0.0,0.00047968973259848946,0.002031026740151051,0.0026842212696468666,0.0034394774443764035,0.012063686466625843,0.009134517248418045,0.00713410900183711,0.008807919983670138,0.010930802204531537,0.03968156766687079,0.022800571545213307,0.04476423759951011,0.05868544600938967,0.08063890589916309,0.09491733006736068,0.07310675648091447,0.07428046540110227,0.08116962645437845,0.05404164115125536,0.05087773014901,0.03388446621759543,0.028066952439273322,0.03720146968769136,0.03155746070626658,0.03828332312716881,0.015248009797917942,0.04223310879771382,0.01258420085731782,0.016850377628087363,0.004572361706470708,0.0006225760359256992,0.0029597877117779137,0.0005511328842620943,0.002000408246580935,7.144315166360481e-05,0.0,0.000877730149010002,6.12369871402327e-05,0.0,0.0,0.0,0.0,0.0,0.0,0.0,0.0,0.0,0.0,0.0,0.0,0.0,0.0,0.0,0.0,0.0,0.0,0.0,0.0,0.0,0.0,0.0,0.0,0.0,0.0,0.0,0.0,0.0,0.0,0.0,0.0,0.0,0.0,0.0,0.0,0.0,0.0,nan,nan,4.30759453447728,2.8637222534284046,nan,0.9143908142901489,0.02276468995790668,0.0,0.0,0.0,0.0,0.0,0.0,0.0,0.0,0.0,0.0,0.0,0.0,0.0,0.0,0.0,0.0,0.0,0.0,0.0,0.0,0.0,0.0,0.0,0.0,0.0119142176330421,0.6076250992851471,7.43447180301827,15.595710881652108,6.064336775218429,0.28594122319301035,0.9145797772199253,0.023201965935966417,0.0,0.0,0.0,0.0,0.0,0.0,0.0,0.0,0.0,0.0,0.0,0.0,0.0,0.0,0.0,0.0,0.0,0.0,0.0,0.0,0.0,0.0,0.0,0.0,0.0,0.5669886602267955,7.648047039059221,15.245695086098282,6.2746745065098715,0.2645947081058379,0.4155,0.01173,0.0,0.0,0.0,0.0,0.0,0.0,0.0,0.0,0.0,0.0,0.0,2.9547259729944355,25.234312946783167,1.810961080222399,0.0,0.0,0.0,0.0,0.0,0.0,0.0,0.0,0.0,0.0,0.0,0.0,0.0,0.0,0.0,0.0,0.4148,0.01162,0.0,0.0,0.0,0.0,0.0,0.0,0.0,0.0,0.0,0.0,0.0,3.1121377572448505,24.972700545989085,1.915161696766065,0.0,0.0,0.0,0.0,0.0,0.0,0.0,0.0,0.0,0.0,0.0,0.0,0.0,0.0,0.0,0.0
66300,4676,2424,0.5183917878528657,1157,934,0.4471770744225834,1314,0.5620188195038495,0.40199999999999997,2.919626998223801,3.0178901507697415,6.379727685325265,2.064646710165278,8301.35204463584,432.17200282005876,7853.0,8741.423828446865,8717.890330328875,5.7009158382700384,7853.0,0.0,28.942258340461933,21.154349514193886,33.854614412136534,19.28790063274,0.1347305389221557,0.09046193327630453,0.08896492728828058,0.08575705731394354,0.07634730538922156,0.08126603934987169,0.07207014542343884,0.05645851154833191,0.06009409751924722,0.05517536355859709,0.054106073567151414,0.03870829769033362,0.03956372968349016,0.026732249786142002,0.019461077844311378,0.013686911890504704,0.00641573994867408,0.9146853755742081,0.02276864524886603,0.0,0.0,0.0,0.0,0.0,0.0,0.0,0.0,0.0,0.0,0.0,0.0,0.0,0.0,0.0,0.0,0.0,0.0,0.0,0.0,0.0,0.0,0.0,0.0,0.006415739948674082,0.5325064157399487,7.179213002566297,16.12917023096664,5.838323353293415,0.31437125748503,4.07979240999027,2.767001880284042,nan,nan,nan,4.059624108878808,2.8038620922797013,4.1,2.7294212316423896,1.0099457215836525,0.415,0.011345,0.0,0.0,0.0,0.0,0.0,0.0,0.0,0.0,0.0,0.0,0.0,2.9063301967493542,25.585970915312238,1.5076988879384092,0.0,0.0,0.0,0.0,0.0,0.0,0.0,0.0,0.0,0.0,0.0,0.0,0.0,0.0,0.0,0.0,nan,nan,4.07979240999027,2.767001880284042,nan,0.415,0.05594,0.0,0.0,0.0,0.0,0.0,0.0,0.0,0.0,0.0,0.0,0.0,0.0,0.0,0.0,0.0,0.0,0.0,0.0,0.0,0.0,0.0,0.0,0.00037425149700598805,0.0,0.0,0.00026732249786142,0.002042343883661249,0.0023738237810094097,0.0036355859709153123,0.011142001710863986,0.010585970915312232,0.008704020530367836,0.008532934131736527,0.010821214713430283,0.0379704875962361,0.022818648417450814,0.04455731394354149,0.05765611633875107,0.08260265183917878,0.09435414884516681,0.07337467921300257,0.07584473909324209,0.08177929854576561,0.0529191616766467,0.05129384088964927,0.03506201881950385,0.028988451668092385,0.03575705731394354,0.030902480752780154,0.03832335329341317,0.015376390076988879,0.03963857998289136,0.012360992301112062,0.017408041060735673,0.005025662959794696,0.0007485029940119761,0.0033468776732249786,0.0005560307955517536,0.0019461077844311378,8.554319931565441e-05,0.0,0.0008233532934131736,0.0,0.0,0.0,0.0,0.0,0.0,0.0,0.0,0.0,0.0,0.0,0.0,0.0,0.0,0.0,0.0,0.0,0.0,0.0,0.0,0.0,0.0,0.0,0.0,0.0,0.0,0.0,0.0,0.0,0.0,0.0,0.0,0.0,0.0,0.0,0.0,0.0,0.0,0.0,nan,nan,4.07979240999027,2.767001880284042,nan,0.9144437773147038,0.0229192914788314,0.0,0.0,0.0,0.0,0.0,0.0,0.0,0.0,0.0,0.0,0.0,0.0,0.0,0.0,0.0,0.0,0.0,0.0,0.0,0.0,0.0,0.0,0.0,0.0,0.0,0.6311881188118813,7.326732673267328,15.878712871287131,5.829207920792081,0.33415841584158423,0.914945426276268,0.022602485677327165,0.0,0.0,0.0,0.0,0.0,0.0,0.0,0.0,0.0,0.0,0.0,0.0,0.0,0.0,0.0,0.0,0.0,0.0,0.0,0.0,0.0,0.0,0.0,0.0,0.013321492007104798,0.42628774422735355,7.020426287744229,16.398756660746006,5.848134991119007,0.29307282415630553,0.415,0.01132,0.0,0.0,0.0,0.0,0.0,0.0,0.0,0.0,0.0,0.0,0.0,2.772277227722768,25.75495049504951,1.4727722772277232,0.0,0.0,0.0,0.0,0.0,0.0,0.0,0.0,0.0,0.0,0.0,0.0,0.0,0.0,0.0,0.0,0.415,0.011375,0.0,0.0,0.0,0.0,0.0,0.0,0.0,0.0,0.0,0.0,0.0,3.050621669626994,25.404085257548854,1.5452930728241567,0.0,0.0,0.0,0.0,0.0,0.0,0.0,0.0,0.0,0.0,0.0,0.0,0.0,0.0,0.0,0.0
66400,4769,2424,0.5082826588383309,1163,992,0.45187670371146993,1380,0.5787376808555252,0.38999999999999996,2.967164179104478,3.0653487849625956,6.510416666666667,2.106511688326356,8292.589141110764,432.38585906305474,7853.0,8735.837695980072,8717.8517384312,5.7339165463235675,7853.0,0.0,28.016565317676662,20.79232447931382,32.912490650710545,19.041768600582902,0.13524847976514992,0.1002306563220801,0.09519815474942336,0.0855525267351646,0.07863283707276159,0.07800377437617949,0.0691968966240302,0.06772908366533864,0.05661564269238834,0.05724470538897043,0.046550639547074855,0.03921157475361711,0.029565946739358355,0.023485007339064792,0.018871880897462782,0.009855315579786118,0.008806877752149297,0.9149467071838963,0.023362544193360694,0.0,0.0,0.0,0.0,0.0,0.0,0.0,0.0,0.0,0.0,0.0,0.0,0.0,0.0,0.0,0.0,0.0,0.0,0.0,0.0,0.0,0.0,0.0,0.0,0.012581253931641856,0.4969595302998533,7.278255399454814,15.927867477458589,5.82512057035018,0.45921576850492773,4.289371354504213,2.8666965741697124,nan,nan,nan,4.182519280205655,2.8136378902852512,4.399607586657947,2.915962671660817,1.0519037192439713,0.4146,0.01112,0.0,0.0,0.0,0.0,0.0,0.0,0.0,0.0,0.0,0.0,0.0,2.774166491927025,25.860767456489835,1.3650660515831414,0.0,0.0,0.0,0.0,0.0,0.0,0.0,0.0,0.0,0.0,0.0,0.0,0.0,0.0,0.0,0.0,nan,nan,4.289371354504213,2.8666965741697124,nan,0.4146,0.0557,0.0,0.0,0.0,0.0,0.0,0.0,0.0,0.0,0.0,0.0,0.0,0.0,0.0,0.0,0.0,0.0,0.0,0.0,0.0,0.0,0.0,0.0,0.0004193751310547285,0.0,0.0,7.339064793457748e-05,0.0018976724680226462,0.0021597819249318515,0.004361501362969176,0.01119731599916125,0.012340113231285385,0.007947158733487104,0.010274690710840848,0.010704550220171943,0.03545816733067729,0.02384147620046131,0.043206122876913396,0.05986579995806249,0.07970224365695114,0.0957747955546236,0.07315999161249738,0.0757915705598658,0.08228140071293773,0.05434053260641644,0.05330257915705599,0.03628643321451038,0.029922415600754874,0.03402180750681485,0.028056196267561333,0.03906479345774796,0.015338645418326692,0.04038582512057035,0.012476410148878172,0.014321660725518976,0.004728454602642063,0.0007443908576221431,0.0028517508911721536,0.0009016565317676662,0.001981547494233592,5.242189138184106e-05,0.0,0.0007653596141748794,0.0,0.0,0.0,0.0,0.0,0.0,0.0,0.0,0.0,0.0,0.0,0.0,0.0,0.0,0.0,0.0,0.0,0.0,0.0,0.0,0.0,0.0,0.0,0.0,0.0,0.0,0.0,0.0,0.0,0.0,0.0,0.0,0.0,0.0,0.0,0.0,0.0,0.0,0.0,nan,nan,4.289371354504213,2.8666965741697124,nan,0.91483124502913,0.023112437460774786,0.0,0.0,0.0,0.0,0.0,0.0,0.0,0.0,0.0,0.0,0.0,0.0,0.0,0.0,0.0,0.0,0.0,0.0,0.0,0.0,0.0,0.0,0.0,0.0,0.012376237623762379,0.4207920792079209,7.314356435643566,16.01485148514852,5.829207920792081,0.4084158415841585,0.9150660591084819,0.023617699697755973,0.0,0.0,0.0,0.0,0.0,0.0,0.0,0.0,0.0,0.0,0.0,0.0,0.0,0.0,0.0,0.0,0.0,0.0,0.0,0.0,0.0,0.0,0.0,0.0,0.012793176972281453,0.5756929637526653,7.240938166311302,15.837953091684438,5.820895522388061,0.5117270788912581,0.4146,0.01108,0.0,0.0,0.0,0.0,0.0,0.0,0.0,0.0,0.0,0.0,0.0,2.7475247524752433,25.91584158415842,1.336633663366337,0.0,0.0,0.0,0.0,0.0,0.0,0.0,0.0,0.0,0.0,0.0,0.0,0.0,0.0,0.0,0.0,0.4146,0.01116,0.0,0.0,0.0,0.0,0.0,0.0,0.0,0.0,0.0,0.0,0.0,2.8017057569296338,25.80383795309169,1.3944562899786783,0.0,0.0,0.0,0.0,0.0,0.0,0.0,0.0,0.0,0.0,0.0,0.0,0.0,0.0,0.0,0.0
66500,4675,2376,0.508235294117647,1101,950,0.43871657754010696,1318,0.5638502673796791,0.41,2.960852544584602,3.094318182539495,6.573228346456693,2.1711584345362493,8292.500307778164,432.3386344750814,7853.0,8738.605202311277,8717.757550026477,5.6118891934278325,7853.0,0.0,27.686844919786097,20.828936787376538,32.644115394434515,19.121368382999066,0.1416042780748663,0.10502673796791444,0.0962566844919786,0.08513368983957219,0.07529411764705882,0.07272727272727272,0.07272727272727272,0.06481283422459894,0.052406417112299465,0.05112299465240642,0.04727272727272727,0.04363636363636364,0.0346524064171123,0.024171122994652405,0.01647058823529412,0.01090909090909091,0.005775401069518717,0.9143409484465492,0.022477605703495614,0.0,0.0,0.0,0.0,0.0,0.0,0.0,0.0,0.0,0.0,0.0,0.0,0.0,0.0,0.0,0.0,0.0,0.0,0.0,0.0,0.0,0.0,0.0,0.0,0.0,0.4106951871657755,7.55294117647059,15.991443850267382,5.711229946524066,0.3336898395721926,4.3405821344931415,2.858857061119649,nan,nan,nan,4.365358592692828,2.829229127516015,4.312582781456953,2.884585767678654,0.9879103147850864,0.4146,0.011696,0.0,0.0,0.0,0.0,0.0,0.0,0.0,0.0,0.0,0.0,0.0,3.0673796791443806,25.206417112299473,1.72620320855615,0.0,0.0,0.0,0.0,0.0,0.0,0.0,0.0,0.0,0.0,0.0,0.0,0.0,0.0,0.0,0.0,nan,nan,4.3405821344931415,2.858857061119649,nan,0.4146,0.05563,0.0,0.0,0.0,0.0,0.0,0.0,0.0,0.0,0.0,0.0,0.0,0.0,0.0,0.0,0.0,0.0,0.0,0.0,0.0,0.0,0.0,0.0,0.0005775401069518717,0.0,0.0,0.0,0.0014866310160427808,0.0019251336898395723,0.004406417112299465,0.011572192513368985,0.013219251336898396,0.008053475935828877,0.009454545454545455,0.010470588235294117,0.03433155080213904,0.024427807486631016,0.04242780748663102,0.059197860962566844,0.07733689839572193,0.09912299465240641,0.07164705882352941,0.07867379679144385,0.08420320855614974,0.05524064171122995,0.05156149732620321,0.0347807486631016,0.03058823529411765,0.03243850267379679,0.027433155080213902,0.03987165775401069,0.016577540106951873,0.039572192513368985,0.013347593582887701,0.014085561497326203,0.004502673796791444,0.0008877005347593583,0.003197860962566845,0.0007807486631016043,0.0015935828877005347,7.48663101604278e-05,4.2780748663101606e-05,0.0008877005347593583,0.0,0.0,0.0,0.0,0.0,0.0,0.0,0.0,0.0,0.0,0.0,0.0,0.0,0.0,0.0,0.0,0.0,0.0,0.0,0.0,0.0,0.0,0.0,0.0,0.0,0.0,0.0,0.0,0.0,0.0,0.0,0.0,0.0,0.0,0.0,0.0,0.0,0.0,0.0,nan,nan,4.3405821344931415,2.858857061119649,nan,0.9144770855504254,0.022640298942284354,0.0,0.0,0.0,0.0,0.0,0.0,0.0,0.0,0.0,0.0,0.0,0.0,0.0,0.0,0.0,0.0,0.0,0.0,0.0,0.0,0.0,0.0,0.0,0.0,0.0,0.36616161616161624,7.613636363636365,16.08585858585859,5.530303030303032,0.40404040404040414,0.9142002517267537,0.022307343645864914,0.0,0.0,0.0,0.0,0.0,0.0,0.0,0.0,0.0,0.0,0.0,0.0,0.0,0.0,0.0,0.0,0.0,0.0,0.0,0.0,0.0,0.0,0.0,0.0,0.0,0.4567203131796434,7.490213136146152,15.893866898651591,5.898216615919967,0.2609830361026534,0.4146,0.01148,0.0,0.0,0.0,0.0,0.0,0.0,0.0,0.0,0.0,0.0,0.0,3.080808080808076,25.40404040404041,1.5151515151515156,0.0,0.0,0.0,0.0,0.0,0.0,0.0,0.0,0.0,0.0,0.0,0.0,0.0,0.0,0.0,0.0,0.4148,0.01191,0.0,0.0,0.0,0.0,0.0,0.0,0.0,0.0,0.0,0.0,0.0,3.0535015224010396,25.002174858634195,1.9443236189647677,0.0,0.0,0.0,0.0,0.0,0.0,0.0,0.0,0.0,0.0,0.0,0.0,0.0,0.0,0.0,0.0
66600,4606,2383,0.5173686495874946,1112,952,0.44811115935735996,1291,0.5605731654363874,0.414,2.982456140350877,3.0681504793092973,6.475667189952905,2.1332652875806737,8300.493871563749,432.22817873997707,7853.0,8736.393940711021,8717.9419943024,5.512544680935214,7853.0,0.0,28.351280937907077,21.09367290889226,33.24658944658945,19.335257752557357,0.13721233174120712,0.09900130264871906,0.093573599652627,0.08901432913590969,0.07490230134607034,0.07273122014763352,0.06730351715154147,0.06469821971341728,0.059053408597481545,0.05102040816326531,0.05123751628310899,0.03734259661311333,0.03821102909248806,0.027138514980460268,0.02127659574468085,0.008901432913590968,0.007381676074685193,0.9145688020789619,0.022371479930811844,0.0,0.0,0.0,0.0,0.0,0.0,0.0,0.0,0.0,0.0,0.0,0.0,0.0,0.0,0.0,0.0,0.0,0.0,0.0,0.0,0.0,0.0,0.0,0.0,0.0,0.5210594876248372,7.223187147199307,16.10073816760747,5.8684324793747304,0.2865827181936605,4.228017385489803,2.8615957503487266,nan,nan,nan,4.237175216522319,2.8516000187323165,4.218791946308725,2.871600566891932,0.9956614326115402,0.415,0.01156,0.0,0.0,0.0,0.0,0.0,0.0,0.0,0.0,0.0,0.0,0.0,2.9700390794615674,25.27138514980461,1.7585757707338259,0.0,0.0,0.0,0.0,0.0,0.0,0.0,0.0,0.0,0.0,0.0,0.0,0.0,0.0,0.0,0.0,nan,nan,4.228017385489803,2.8615957503487266,nan,0.415,0.05597,0.0,0.0,0.0,0.0,0.0,0.0,0.0,0.0,0.0,0.0,0.0,0.0,0.0,0.0,0.0,0.0,0.0,0.0,0.0,0.0,0.0,0.0,0.0004559270516717325,0.0,0.0,0.00010855405992184108,0.0015848892748588797,0.0016391663048198003,0.0038970907511940945,0.011267911419887104,0.01118106817194963,0.009172818063395571,0.00948762483716891,0.010388623534520192,0.03282674772036474,0.02549934867564047,0.04609205384281372,0.05876031263569258,0.07895136778115501,0.10015197568389057,0.0661202778983934,0.08122014763352149,0.08450933564915328,0.05294181502388189,0.048795049934867565,0.03290273556231003,0.03272904906643508,0.03247937472861485,0.027333912288319582,0.038514980460269216,0.017032132001736866,0.04141337386018237,0.013580112896222319,0.01590316977854972,0.004841511072514112,0.0009552757273122015,0.00322405557967868,0.000803300043421624,0.002301346070343031,9.769865392965696e-05,8.684324793747286e-05,0.0007490230134607034,0.0,0.0,0.0,0.0,0.0,0.0,0.0,0.0,0.0,0.0,0.0,0.0,0.0,0.0,0.0,0.0,0.0,0.0,0.0,0.0,0.0,0.0,0.0,0.0,0.0,0.0,0.0,0.0,0.0,0.0,0.0,0.0,0.0,0.0,0.0,0.0,0.0,0.0,0.0,nan,nan,4.228017385489803,2.8615957503487266,nan,0.9145623228903133,0.022345469088471258,0.0,0.0,0.0,0.0,0.0,0.0,0.0,0.0,0.0,0.0,0.0,0.0,0.0,0.0,0.0,0.0,0.0,0.0,0.0,0.0,0.0,0.0,0.0,0.0,0.0,0.5413344523709611,7.2135963071758304,16.076374318086447,5.879143936214857,0.2895509861519094,0.9145757476059746,0.022399327273383923,0.0,0.0,0.0,0.0,0.0,0.0,0.0,0.0,0.0,0.0,0.0,0.0,0.0,0.0,0.0,0.0,0.0,0.0,0.0,0.0,0.0,0.0,0.0,0.0,0.0,0.49932523616734154,7.233468286099867,16.126855600539816,5.856950067476385,0.28340080971659926,0.4153,0.0115,0.0,0.0,0.0,0.0,0.0,0.0,0.0,0.0,0.0,0.0,0.0,2.958455728073852,25.304238355014693,1.7373059169114566,0.0,0.0,0.0,0.0,0.0,0.0,0.0,0.0,0.0,0.0,0.0,0.0,0.0,0.0,0.0,0.0,0.415,0.011604,0.0,0.0,0.0,0.0,0.0,0.0,0.0,0.0,0.0,0.0,0.0,2.9824561403508727,25.236167341430505,1.7813765182186239,0.0,0.0,0.0,0.0,0.0,0.0,0.0,0.0,0.0,0.0,0.0,0.0,0.0,0.0,0.0,0.0
66700,4735,2446,0.5165786694825766,1156,975,0.4500527983104541,1360,0.5744456177402323,0.39399999999999996,2.9257317605941457,3.012089692553984,6.507645259938838,2.043660210159121,8299.63609063911,432.0855744725759,7853.0,8736.99576022625,8717.604206531554,5.95165854204819,7853.0,0.0,28.395142555438227,20.93671102863769,33.30711422845691,19.1202389253404,0.1368532206969377,0.09461457233368532,0.09039070749736008,0.08954593453009503,0.08046462513199577,0.07602956705385427,0.07117212249208026,0.05850052798310454,0.0559662090813094,0.05216473072861669,0.05406546990496304,0.04118268215417107,0.038648363252375924,0.027666314677930307,0.016473072861668426,0.010348468848996832,0.005913410770855333,0.9136920456146111,0.02318710258279332,0.0,0.0,0.0,0.0,0.0,0.0,0.0,0.0,0.0,0.0,0.0,0.0,0.0,0.0,0.0,0.0,0.0,0.0,0.0,0.0,0.0,0.0,0.0,0.0,0.0,0.6652587117212251,7.717001055966211,15.592397043294618,5.721224920802536,0.30411826821541715,4.183103115965307,2.846068586704261,nan,nan,nan,4.255591054313099,2.8573948207828943,4.111829347123464,2.832498345936577,0.9662181573946279,0.4143,0.01188,0.0,0.0,0.0,0.0,0.0,0.0,0.0,0.0,0.0,0.0,0.006335797254487858,3.4276663146779254,24.982048574445624,1.5839493136219644,0.0,0.0,0.0,0.0,0.0,0.0,0.0,0.0,0.0,0.0,0.0,0.0,0.0,0.0,0.0,0.0,nan,nan,4.183103115965307,2.846068586704261,nan,0.4143,0.0568,0.0,0.0,0.0,0.0,0.0,0.0,0.0,0.0,0.0,0.0,0.0,0.0,0.0,0.0,0.0,0.0,0.0,0.0,0.0,0.0,0.0,0.0,0.0005385427666314678,0.0,2.1119324181626187e-05,0.0001795142555438226,0.0024181626187961985,0.001805702217529039,0.004033790918690602,0.01385427666314678,0.010432946145723336,0.009366420274551214,0.009376979936642027,0.011510031678986272,0.034677930306230204,0.025142555438225977,0.050253431890179515,0.05863780359028511,0.07979936642027455,0.10130939809926082,0.05918690601900739,0.08001055966209081,0.08016895459345301,0.05493136219640971,0.0479831045406547,0.03287222808870116,0.03474128827877508,0.03047518479408659,0.029134107708553326,0.03545934530095037,0.017972544878563885,0.03946145723336853,0.013801478352692714,0.016494192185850052,0.004604012671594509,0.0014994720168954594,0.0036536430834213304,0.0007919746568109821,0.0023336853220696937,0.00010559662090813094,0.00011615628299894404,0.0008342133051742344,0.0,0.0,1.0559662090813093e-05,0.0,0.0,0.0,0.0,0.0,0.0,0.0,0.0,0.0,0.0,0.0,0.0,0.0,0.0,0.0,0.0,0.0,0.0,0.0,0.0,0.0,0.0,0.0,0.0,0.0,0.0,0.0,0.0,0.0,0.0,0.0,0.0,0.0,0.0,0.0,0.0,nan,nan,4.183103115965307,2.846068586704261,nan,0.913814665617167,0.023537590781341794,0.0,0.0,0.0,0.0,0.0,0.0,0.0,0.0,0.0,0.0,0.0,0.0,0.0,0.0,0.0,0.0,0.0,0.0,0.0,0.0,0.0,0.0,0.0,0.0,0.0,0.6745707277187246,7.739165985282095,15.429272281275555,5.801308258381032,0.35568274734260025,0.9135610152405389,0.022805893836487515,0.0,0.0,0.0,0.0,0.0,0.0,0.0,0.0,0.0,0.0,0.0,0.0,0.0,0.0,0.0,0.0,0.0,0.0,0.0,0.0,0.0,0.0,0.0,0.0,0.0,0.6553079947575361,7.693315858453475,15.766710353866321,5.635648754914811,0.24901703800786373,0.4143,0.012054,0.0,0.0,0.0,0.0,0.0,0.0,0.0,0.0,0.0,0.0,0.0,3.3851185609157755,24.934587080948493,1.6802943581357321,0.0,0.0,0.0,0.0,0.0,0.0,0.0,0.0,0.0,0.0,0.0,0.0,0.0,0.0,0.0,0.0,0.4143,0.01169,0.0,0.0,0.0,0.0,0.0,0.0,0.0,0.0,0.0,0.0,0.013106159895150724,3.473132372214936,25.032765399737883,1.4809960681520318,0.0,0.0,0.0,0.0,0.0,0.0,0.0,0.0,0.0,0.0,0.0,0.0,0.0,0.0,0.0,0.0
66800,4547,2402,0.5282603914669013,1104,917,0.4444688805806026,1250,0.5498130635583901,0.41,2.9804195804195803,3.0665636160635668,6.5813953488372094,2.0959190008960835,8309.80358247316,431.6946329971979,7853.0,8737.031406784057,8717.731844090533,5.700278896323866,7853.0,0.0,28.4246756102925,20.97306781689779,33.115803108808294,19.285335216345857,0.12997580822520344,0.10402463162524742,0.09346822080492632,0.08577083791510887,0.07895315592698482,0.071035847811744,0.07587420277105784,0.057180558610072575,0.060479436991422914,0.05322190455245217,0.04992302617110182,0.043985045084671215,0.03232900813723334,0.027710578403342862,0.01781394325929184,0.011656036947437871,0.006597756762700682,0.9143207578022505,0.022947929469710457,0.0,0.0,0.0,0.0,0.0,0.0,0.0,0.0,0.0,0.0,0.0,0.0,0.0,0.0,0.0,0.0,0.0,0.0,0.0,0.0,0.0,0.0,0.0,0.0,0.013195513525401367,0.6135913789311636,7.204750384869146,16.012755663074557,5.845612491752806,0.31009456784693207,4.139668583023335,2.8306571397499742,nan,nan,nan,4.145392491467577,2.8289135385175324,4.1368209255533195,2.8312816808877566,0.9979322667438848,0.4146,0.01168,0.0,0.0,0.0,0.0,0.0,0.0,0.0,0.0,0.0,0.0,0.0,3.219705300197928,25.163844292940407,1.6164504068616674,0.0,0.0,0.0,0.0,0.0,0.0,0.0,0.0,0.0,0.0,0.0,0.0,0.0,0.0,0.0,0.0,nan,nan,4.139668583023335,2.8306571397499742,nan,0.4146,0.05695,0.0,0.0,0.0,0.0,0.0,0.0,0.0,0.0,0.0,0.0,0.0,0.0,0.0,0.0,0.0,0.0,0.0,0.0,0.0,0.0,0.0,0.0,0.0006927644600835716,0.0,0.0,0.00024191774796569166,0.002232241038047064,0.002397184957114581,0.0037717176160105563,0.011425115460743348,0.01135913789311634,0.008115240818121839,0.009533758522102484,0.011875962172861227,0.03683747525841214,0.02537937101385529,0.050483835495931384,0.05963272487354299,0.0770837915108863,0.10597096987024411,0.056630745546514184,0.08028370354079613,0.07936001759401803,0.05788431933142731,0.04751484495271607,0.03140532219045525,0.03340664174180778,0.028018473718935562,0.027644600835715856,0.03527600615790631,0.019089509566747306,0.04020233120738949,0.01406421816582362,0.0177259731691225,0.004387508247195953,0.0014405102265229821,0.0041345942379590935,0.0010996261271167802,0.002463162524741588,6.597756762700682e-05,6.597756762700682e-05,0.0008027270727952496,0.0,0.0,0.0,0.0,0.0,0.0,0.0,0.0,0.0,0.0,0.0,0.0,0.0,0.0,0.0,0.0,0.0,0.0,0.0,0.0,0.0,0.0,0.0,0.0,0.0,0.0,0.0,0.0,0.0,0.0,0.0,0.0,0.0,0.0,0.0,0.0,0.0,0.0,0.0,nan,nan,4.139668583023335,2.8306571397499742,nan,0.9143556816740696,0.023014310091732035,0.0,0.0,0.0,0.0,0.0,0.0,0.0,0.0,0.0,0.0,0.0,0.0,0.0,0.0,0.0,0.0,0.0,0.0,0.0,0.0,0.0,0.0,0.0,0.0,0.012489592006661119,0.6244796003330558,7.3313905079100765,15.824313072439637,5.907577019150709,0.2997502081598668,0.9142816495784235,0.02287330361658949,0.0,0.0,0.0,0.0,0.0,0.0,0.0,0.0,0.0,0.0,0.0,0.0,0.0,0.0,0.0,0.0,0.0,0.0,0.0,0.0,0.0,0.0,0.0,0.0,0.01398601398601399,0.6013986013986015,7.062937062937064,16.223776223776227,5.776223776223778,0.3216783216783217,0.4146,0.01158,0.0,0.0,0.0,0.0,0.0,0.0,0.0,0.0,0.0,0.0,0.0,3.197335553705241,25.328892589508747,1.473771856786012,0.0,0.0,0.0,0.0,0.0,0.0,0.0,0.0,0.0,0.0,0.0,0.0,0.0,0.0,0.0,0.0,0.4143,0.01179,0.0,0.0,0.0,0.0,0.0,0.0,0.0,0.0,0.0,0.0,0.0,3.24475524475524,24.979020979020987,1.7762237762237767,0.0,0.0,0.0,0.0,0.0,0.0,0.0,0.0,0.0,0.0,0.0,0.0,0.0,0.0,0.0,0.0
66900,4681,2405,0.5137791070284128,1090,967,0.4394360179448836,1315,0.5618457594531083,0.39399999999999996,2.8818101933216167,3.009446677826329,6.4477379095163805,2.0395845604824774,8297.29179404342,432.23114240559516,7853.0,8738.284739756584,8717.752552148544,5.6663066707007355,7853.0,0.0,28.15424054689169,21.08238911027698,33.044359949302915,19.35788771359848,0.13950010681478317,0.09656056398205512,0.09613330484939116,0.08886989959410382,0.07647938474684897,0.07348857081820125,0.06494338816492203,0.07049775688955351,0.05639820551164281,0.05447553941465499,0.04443494979705191,0.03888058107242042,0.03567613757744072,0.025849177526169623,0.01751762443922239,0.011108737449262978,0.009186071352275156,0.9145582321998631,0.023247459680772076,0.0,0.0,0.0,0.0,0.0,0.0,0.0,0.0,0.0,0.0,0.0,0.0,0.0,0.0,0.0,0.0,0.0,0.0,0.0,0.0,0.0,0.0,0.0,0.0,0.006408886989959412,0.6537064729758599,7.216406750694298,15.887630848109382,5.896176030762659,0.33967101046784887,4.188145188145188,2.8044668456964708,nan,nan,nan,4.199348534201954,2.785841278269381,4.1772324471710975,2.8245587169125463,0.9947334480930243,0.4146,0.01163,0.0,0.0,0.0,0.0,0.0,0.0,0.0,0.0,0.0,0.0,0.0,3.4031189916684417,25.154881435590692,1.4419995727408677,0.0,0.0,0.0,0.0,0.0,0.0,0.0,0.0,0.0,0.0,0.0,0.0,0.0,0.0,0.0,0.0,nan,nan,4.188145188145188,2.8044668456964708,nan,0.4146,0.05627,0.0,0.0,0.0,0.0,0.0,0.0,0.0,0.0,0.0,0.0,0.0,0.0,0.0,0.0,0.0,0.0,0.0,0.0,0.0,0.0,0.0,0.0,0.00028839991454817347,0.0,0.0,0.00033112582781456954,0.0020187994018372145,0.00184789574877163,0.003450117496261483,0.011429181798760948,0.011728263191625721,0.0074556718649861145,0.01010467848750267,0.01096987823114719,0.03498184148686178,0.02442854091006195,0.051164281136509296,0.05895107882930998,0.07553941465498826,0.11249732963042085,0.05806451612903226,0.07961973937192908,0.07986541337321085,0.06021149327066866,0.04771416364024781,0.030420850245674,0.03429822687459944,0.026393932920316172,0.02672505874813074,0.036915189062166204,0.016791283913693656,0.04162572099978637,0.013095492416150396,0.016695150608844266,0.005169835505233924,0.0010788293099765007,0.004058961760307627,0.0010895107882930998,0.002275154881435591,0.0,0.00011749626148258919,0.000587481307412946,0.0,0.0,0.0,0.0,0.0,0.0,0.0,0.0,0.0,0.0,0.0,0.0,0.0,0.0,0.0,0.0,0.0,0.0,0.0,0.0,0.0,0.0,0.0,0.0,0.0,0.0,0.0,0.0,0.0,0.0,0.0,0.0,0.0,0.0,0.0,0.0,0.0,0.0,0.0,nan,nan,4.188145188145188,2.8044668456964708,nan,0.9141934421850589,0.022742196296554815,0.0,0.0,0.0,0.0,0.0,0.0,0.0,0.0,0.0,0.0,0.0,0.0,0.0,0.0,0.0,0.0,0.0,0.0,0.0,0.0,0.0,0.0,0.0,0.0,0.0,0.5114345114345116,7.509355509355511,15.941787941787945,5.700623700623702,0.3367983367983369,0.9149436979228877,0.023763608780372408,0.0,0.0,0.0,0.0,0.0,0.0,0.0,0.0,0.0,0.0,0.0,0.0,0.0,0.0,0.0,0.0,0.0,0.0,0.0,0.0,0.0,0.0,0.0,0.0,0.013181019332161691,0.8040421792618632,6.906854130052726,15.830404217926189,6.102811950790863,0.34270650263620395,0.4148,0.01188,0.0,0.0,0.0,0.0,0.0,0.0,0.0,0.0,0.0,0.0,0.0,3.45530145530145,24.88565488565489,1.6590436590436595,0.0,0.0,0.0,0.0,0.0,0.0,0.0,0.0,0.0,0.0,0.0,0.0,0.0,0.0,0.0,0.0,0.414,0.01136,0.0,0.0,0.0,0.0,0.0,0.0,0.0,0.0,0.0,0.0,0.0,3.3479789103690636,25.43936731107206,1.2126537785588754,0.0,0.0,0.0,0.0,0.0,0.0,0.0,0.0,0.0,0.0,0.0,0.0,0.0,0.0,0.0,0.0
67000,4545,2325,0.5115511551155115,1095,933,0.44620462046204623,1277,0.561936193619362,0.414,2.870720720720721,3.042336173152394,6.45114006514658,2.1680363088306,8295.311010216887,432.2280614488256,7853.0,8738.589913898706,8717.646684488494,5.828542079600603,7853.0,0.0,28.087568756875687,21.18665098352351,33.31228533685601,19.367603441653287,0.14367436743674367,0.10363036303630363,0.08602860286028603,0.0858085808580858,0.0814081408140814,0.0745874587458746,0.06732673267326733,0.060946094609460946,0.055665566556655666,0.053685368536853684,0.04642464246424643,0.042024202420242025,0.03586358635863587,0.025082508250825083,0.016941694169416942,0.011661166116611662,0.009240924092409241,0.9148140464416563,0.023290215731865814,0.0,0.0,0.0,0.0,0.0,0.0,0.0,0.0,0.0,0.0,0.0,0.0,0.0,0.0,0.0,0.0,0.0,0.0,0.0,0.0,0.0,0.0,0.0,0.0,0.0066006600660066025,0.580858085808581,7.280528052805282,15.689768976897692,6.105610561056107,0.3366336633663367,4.133852931209759,2.866635096781534,nan,nan,nan,4.050938337801608,2.8312845215156637,4.2187928669410155,2.900877909243802,1.0414359625208465,0.414,0.01144,0.0,0.0,0.0,0.0,0.0,0.0,0.0,0.0,0.0,0.0,0.0,3.2607260726072558,25.339933993399345,1.3993399339933998,0.0,0.0,0.0,0.0,0.0,0.0,0.0,0.0,0.0,0.0,0.0,0.0,0.0,0.0,0.0,0.0,nan,nan,4.133852931209759,2.866635096781534,nan,0.414,0.0566,0.0,0.0,0.0,0.0,0.0,0.0,0.0,0.0,0.0,0.0,0.0,0.0,0.0,0.0,0.0,0.0,0.0,0.0,0.0,0.0,0.0,0.0,0.0004950495049504951,0.0,3.3003300330033e-05,0.000649064906490649,0.002134213421342134,0.0013201320132013201,0.0029152915291529155,0.014224422442244224,0.013267326732673267,0.006875687568756876,0.010429042904290428,0.011584158415841584,0.03471947194719472,0.024906490649064906,0.04984598459845985,0.057843784378437846,0.07723872387238724,0.11033003300330033,0.059526952695269524,0.07858085808580859,0.07431243124312431,0.06045104510451045,0.04898789878987899,0.03161716171617162,0.034444444444444444,0.02706270627062706,0.027117711771177118,0.037645764576457644,0.016853685368536854,0.040330033003300333,0.013366336633663366,0.01701870187018702,0.005412541254125412,0.000957095709570957,0.0039053905390539056,0.000979097909790979,0.002189218921892189,0.0,4.4004400440044006e-05,0.00038503850385038506,0.0,0.0,0.0,0.0,0.0,0.0,0.0,0.0,0.0,0.0,0.0,0.0,0.0,0.0,0.0,0.0,0.0,0.0,0.0,0.0,0.0,0.0,0.0,0.0,0.0,0.0,0.0,0.0,0.0,0.0,0.0,0.0,0.0,0.0,0.0,0.0,0.0,0.0,0.0,nan,nan,4.133852931209759,2.866635096781534,nan,0.9145925190371852,0.023408677703593176,0.0,0.0,0.0,0.0,0.0,0.0,0.0,0.0,0.0,0.0,0.0,0.0,0.0,0.0,0.0,0.0,0.0,0.0,0.0,0.0,0.0,0.0,0.0,0.0,0.0,0.6322580645161291,7.200000000000002,15.845161290322583,5.961290322580647,0.36129032258064525,0.9150460514936362,0.023163230200896518,0.0,0.0,0.0,0.0,0.0,0.0,0.0,0.0,0.0,0.0,0.0,0.0,0.0,0.0,0.0,0.0,0.0,0.0,0.0,0.0,0.0,0.0,0.0,0.0,0.013513513513513516,0.5270270270270271,7.364864864864867,15.52702702702703,6.256756756756759,0.31081081081081086,0.4138,0.01129,0.0,0.0,0.0,0.0,0.0,0.0,0.0,0.0,0.0,0.0,0.0,3.2129032258064467,25.432258064516134,1.3548387096774197,0.0,0.0,0.0,0.0,0.0,0.0,0.0,0.0,0.0,0.0,0.0,0.0,0.0,0.0,0.0,0.0,0.4143,0.01158,0.0,0.0,0.0,0.0,0.0,0.0,0.0,0.0,0.0,0.0,0.0,3.310810810810806,25.24324324324325,1.4459459459459463,0.0,0.0,0.0,0.0,0.0,0.0,0.0,0.0,0.0,0.0,0.0,0.0,0.0,0.0,0.0,0.0
67100,4359,2210,0.5069970176646019,1060,881,0.4452856159669649,1230,0.5643496214728149,0.414,2.9194974406700793,3.063548511480514,6.5240464344941955,2.037948976547581,8291.438629194032,432.36426720204287,7853.0,8735.901067638397,8717.775558668227,5.666733170980783,7853.0,0.0,28.450332645102087,21.12106375222652,33.582968236582694,19.220786289371343,0.14177563661390227,0.09497591190640055,0.08579949529708648,0.09015829318651067,0.07960541408579949,0.0729525120440468,0.0658407891718284,0.06400550584996559,0.05804083505391145,0.05092911218169305,0.04863500802936453,0.04611149346180317,0.03877036017435192,0.028446891488873596,0.016288139481532463,0.012388162422573986,0.005276439550355586,0.9153040546456398,0.023107996647563595,0.0,0.0,0.0,0.0,0.0,0.0,0.0,0.0,0.0,0.0,0.0,0.0,0.0,0.0,0.0,0.0,0.0,0.0,0.0,0.0,0.0,0.0,0.0,0.0,0.006882312456985549,0.5230557467309017,6.89607708189952,15.829318651066762,6.352374397797662,0.3922918100481763,4.2256374432413555,2.861956018175452,nan,nan,nan,4.237693389592124,2.83657789335846,4.211805555555555,2.886799374542336,0.9938910554264851,0.414,0.011635,0.0,0.0,0.0,0.0,0.0,0.0,0.0,0.0,0.0,0.0,0.006882312456985549,3.4755677907776965,25.072264280798354,1.4452856159669654,0.0,0.0,0.0,0.0,0.0,0.0,0.0,0.0,0.0,0.0,0.0,0.0,0.0,0.0,0.0,0.0,nan,nan,4.2256374432413555,2.861956018175452,nan,0.414,0.0569,0.0,0.0,0.0,0.0,0.0,0.0,0.0,0.0,0.0,0.0,0.0,0.0,0.0,0.0,0.0,0.0,0.0,0.0,0.0,0.0,0.0,0.0,0.0007111722872218399,0.0,0.0,0.0006652902041752696,0.002305574673090158,0.0015370497820601054,0.0027988070658407894,0.014257857306721725,0.013994035329203946,0.005414085799495297,0.010885524202798808,0.010461114934618031,0.035845377380133055,0.02517779307180546,0.05066529020417527,0.05829318651066758,0.07679513649919706,0.1094287680660702,0.06086258316127552,0.07723101628813948,0.06928194540032118,0.06198669419591649,0.04880706584078917,0.03286304198210599,0.03518008717595779,0.02646249139710943,0.02789630649231475,0.039091534755677906,0.017664601972929572,0.0394127093370039,0.012261986694195917,0.017538426244551503,0.005437026841018582,0.0009749942647396192,0.004462032576278963,0.0007799954117916954,0.002282633631566873,1.1470520761642578e-05,5.735260380821289e-05,0.000217939894471209,0.0,0.0,0.0,0.0,0.0,0.0,0.0,0.0,0.0,0.0,0.0,0.0,0.0,0.0,0.0,0.0,0.0,0.0,0.0,0.0,0.0,0.0,0.0,0.0,0.0,0.0,0.0,0.0,0.0,0.0,0.0,0.0,0.0,0.0,0.0,0.0,0.0,0.0,0.0,nan,nan,4.2256374432413555,2.861956018175452,nan,0.9150197348713336,0.023051617524516847,0.0,0.0,0.0,0.0,0.0,0.0,0.0,0.0,0.0,0.0,0.0,0.0,0.0,0.0,0.0,0.0,0.0,0.0,0.0,0.0,0.0,0.0,0.0,0.0,0.0,0.5837104072398192,6.950226244343893,15.787330316742084,6.298642533936653,0.38009049773755665,0.9155964449207524,0.02316219320808618,0.0,0.0,0.0,0.0,0.0,0.0,0.0,0.0,0.0,0.0,0.0,0.0,0.0,0.0,0.0,0.0,0.0,0.0,0.0,0.0,0.0,0.0,0.0,0.0,0.013959981386691488,0.46067938576081907,6.840390879478829,15.872498836668221,6.407631456491393,0.40483946021405315,0.414,0.01163,0.0,0.0,0.0,0.0,0.0,0.0,0.0,0.0,0.0,0.0,0.013574660633484167,3.461538461538457,25.099547511312224,1.4253393665158376,0.0,0.0,0.0,0.0,0.0,0.0,0.0,0.0,0.0,0.0,0.0,0.0,0.0,0.0,0.0,0.0,0.4143,0.01164,0.0,0.0,0.0,0.0,0.0,0.0,0.0,0.0,0.0,0.0,0.0,3.489995346672866,25.04420660772453,1.4657980456026063,0.0,0.0,0.0,0.0,0.0,0.0,0.0,0.0,0.0,0.0,0.0,0.0,0.0,0.0,0.0,0.0
67200,4594,2305,0.5017414018284719,1109,979,0.4545058772311711,1324,0.5764040052242055,0.41,2.9567496723460027,3.101368672730631,6.543171114599686,2.168007279537222,8286.929143710302,432.440304757088,7853.0,8739.136626476049,8717.846197919796,5.846249460631285,7853.0,0.0,27.49608184588594,20.5880486434902,32.49856733524355,18.823453791448514,0.14192424902046147,0.10296038310840226,0.0955594253373966,0.07727470613844145,0.08598171528080105,0.07879843273835438,0.06835002176752286,0.06835002176752286,0.062255115367871136,0.04832390074009578,0.045929473225946885,0.03548106225511537,0.02982150631258163,0.02851545494122769,0.013713539399216369,0.00979538528515455,0.006965607313887679,0.9151674748427151,0.02353672365871362,0.0,0.0,0.0,0.0,0.0,0.0,0.0,0.0,0.0,0.0,0.0,0.0,0.0,0.0,0.0,0.0,0.0,0.0,0.0,0.0,0.0,0.0,0.0,0.0,0.006530256856769701,0.6073138876795822,7.150631258162822,15.639965171963434,6.13844144536352,0.4571179799738791,4.33389658668469,2.8875576606855056,nan,nan,nan,4.315013404825737,2.8581222978601537,4.353101567825494,2.9170646398503117,1.0088268933202296,0.414,0.01187,0.0,0.0,0.0,0.0,0.0,0.0,0.0,0.0,0.0,0.0,0.006530256856769701,3.4218545929473176,24.997823247714415,1.573791902481498,0.0,0.0,0.0,0.0,0.0,0.0,0.0,0.0,0.0,0.0,0.0,0.0,0.0,0.0,0.0,0.0,nan,nan,4.33389658668469,2.8875576606855056,nan,0.414,0.0571,0.0,0.0,0.0,0.0,0.0,0.0,0.0,0.0,0.0,0.0,0.0,0.0,0.0,0.0,0.0,0.0,0.0,0.0,0.0,0.0,0.0,0.0,0.00065302568567697,0.0,0.0,0.000478885502829778,0.002699172834131476,0.0009468872442316064,0.0022311710927296474,0.015465824989116238,0.014148889856334348,0.0058554636482368305,0.01044841097083152,0.011471484545058773,0.03662385720505006,0.025043535045711798,0.05171963430561602,0.0587287766652155,0.07453199825859817,0.11012189812799303,0.05848933391380061,0.07756856769699608,0.06786025250326513,0.06483456682629517,0.04616891597736178,0.03130169786678276,0.03610143665650849,0.026578145407052677,0.029549412276882892,0.0390291684806269,0.016837178929037876,0.03993252067914671,0.013158467566390945,0.016641271223334784,0.005376578145407053,0.0008489333913800609,0.004930343926861123,0.0011427949499346975,0.0022529386155855464,2.1767522855899e-05,0.0,0.00020679146713104048,0.0,0.0,0.0,0.0,0.0,0.0,0.0,0.0,0.0,0.0,0.0,0.0,0.0,0.0,0.0,0.0,0.0,0.0,0.0,0.0,0.0,0.0,0.0,0.0,0.0,0.0,0.0,0.0,0.0,0.0,0.0,0.0,0.0,0.0,0.0,0.0,0.0,0.0,0.0,nan,nan,4.33389658668469,2.8875576606855056,nan,0.9152639067095427,0.023688394522840925,0.0,0.0,0.0,0.0,0.0,0.0,0.0,0.0,0.0,0.0,0.0,0.0,0.0,0.0,0.0,0.0,0.0,0.0,0.0,0.0,0.0,0.0,0.0,0.0,0.013015184381778745,0.5986984815618223,7.223427331887203,15.43600867678959,6.286334056399134,0.4425162689804773,0.9150703689217724,0.02338259664126276,0.0,0.0,0.0,0.0,0.0,0.0,0.0,0.0,0.0,0.0,0.0,0.0,0.0,0.0,0.0,0.0,0.0,0.0,0.0,0.0,0.0,0.0,0.0,0.0,0.0,0.615989515072084,7.077326343381391,15.845347313237225,5.989515072083881,0.47182175622542605,0.414,0.01198,0.0,0.0,0.0,0.0,0.0,0.0,0.0,0.0,0.0,0.0,0.0,3.5531453362255916,24.963123644251635,1.4837310195227769,0.0,0.0,0.0,0.0,0.0,0.0,0.0,0.0,0.0,0.0,0.0,0.0,0.0,0.0,0.0,0.0,0.414,0.011765,0.0,0.0,0.0,0.0,0.0,0.0,0.0,0.0,0.0,0.0,0.013106159895150724,3.289646133682826,25.032765399737883,1.6644823066841419,0.0,0.0,0.0,0.0,0.0,0.0,0.0,0.0,0.0,0.0,0.0,0.0,0.0,0.0,0.0,0.0
67300,4575,2378,0.5197814207650273,1114,957,0.4526775956284153,1292,0.5648087431693989,0.426,2.933545744196632,3.1300369641182826,6.684210526315789,2.196332472371408,8302.52334578706,432.09734775600555,7853.0,8738.903431975841,8717.83149998982,5.786962782459467,7853.0,0.0,27.85967213114754,20.929576998475746,32.86042264544743,19.183817902676896,0.1394535519125683,0.09923497267759562,0.0955191256830601,0.08808743169398907,0.08786885245901639,0.06601092896174864,0.06972677595628415,0.06120218579234973,0.05967213114754098,0.05508196721311476,0.043934426229508196,0.03956284153005465,0.03300546448087432,0.02448087431693989,0.017923497267759565,0.012021857923497269,0.007213114754098361,0.914502328784088,0.022951946593918592,0.0,0.0,0.0,0.0,0.0,0.0,0.0,0.0,0.0,0.0,0.0,0.0,0.0,0.0,0.0,0.0,0.0,0.0,0.0,0.0,0.0,0.0,0.0,0.0,0.00655737704918033,0.577049180327869,7.252459016393444,15.822950819672135,5.9934426229508215,0.3475409836065575,4.244939271255061,2.9432425686943247,nan,nan,nan,4.243804420629605,2.9240503511491513,4.246091094493542,2.9625942459393544,1.0005388264013348,0.4143,0.01195,0.0,0.0,0.0,0.0,0.0,0.0,0.0,0.0,0.0,0.0,0.0,3.5016393442622897,24.81967213114755,1.6786885245901644,0.0,0.0,0.0,0.0,0.0,0.0,0.0,0.0,0.0,0.0,0.0,0.0,0.0,0.0,0.0,0.0,nan,nan,4.244939271255061,2.9432425686943247,nan,0.4143,0.05746,0.0,0.0,0.0,0.0,0.0,0.0,0.0,0.0,0.0,0.0,0.0,0.0,0.0,0.0,0.0,0.0,0.0,0.0,0.0,0.0,0.0,0.0,0.0008415300546448087,0.00012021857923497268,5.46448087431694e-05,0.0007103825136612022,0.002284153005464481,0.0012021857923497268,0.0026666666666666666,0.015114754098360656,0.014601092896174863,0.005737704918032787,0.009584699453551913,0.010360655737704918,0.039475409836065574,0.023650273224043717,0.05236065573770492,0.05560655737704918,0.07665573770491803,0.10956284153005465,0.057103825136612024,0.07633879781420765,0.06865573770491804,0.06562841530054644,0.045978142076502734,0.02966120218579235,0.03848087431693989,0.025213114754098362,0.029693989071038252,0.03915846994535519,0.018021857923497267,0.038524590163934426,0.013508196721311476,0.017366120218579233,0.005617486338797814,0.0006885245901639345,0.005934426229508197,0.001180327868852459,0.0025573770491803278,2.185792349726776e-05,0.0,7.650273224043716e-05,0.0,0.0,0.0,0.0,0.0,0.0,0.0,0.0,0.0,0.0,0.0,0.0,0.0,0.0,0.0,0.0,0.0,0.0,0.0,0.0,0.0,0.0,0.0,0.0,0.0,0.0,0.0,0.0,0.0,0.0,0.0,0.0,0.0,0.0,0.0,0.0,0.0,0.0,0.0,nan,nan,4.244939271255061,2.9432425686943247,nan,0.9148186640743451,0.0229347015849801,0.0,0.0,0.0,0.0,0.0,0.0,0.0,0.0,0.0,0.0,0.0,0.0,0.0,0.0,0.0,0.0,0.0,0.0,0.0,0.0,0.0,0.0,0.0,0.0,0.012615643397813292,0.5929352396972246,6.888141295206057,16.173254835996637,5.967199327165687,0.36585365853658547,0.9141599321886252,0.022965687735171637,0.0,0.0,0.0,0.0,0.0,0.0,0.0,0.0,0.0,0.0,0.0,0.0,0.0,0.0,0.0,0.0,0.0,0.0,0.0,0.0,0.0,0.0,0.0,0.0,0.0,0.5598543468365954,7.646791078743743,15.443786982248524,6.021847974510698,0.3277196176604461,0.4146,0.01202,0.0,0.0,0.0,0.0,0.0,0.0,0.0,0.0,0.0,0.0,0.0,3.557611438183342,24.71404541631624,1.728343145500421,0.0,0.0,0.0,0.0,0.0,0.0,0.0,0.0,0.0,0.0,0.0,0.0,0.0,0.0,0.0,0.0,0.4143,0.01188,0.0,0.0,0.0,0.0,0.0,0.0,0.0,0.0,0.0,0.0,0.0,3.4410559854346787,24.934000910332276,1.6249431042330456,0.0,0.0,0.0,0.0,0.0,0.0,0.0,0.0,0.0,0.0,0.0,0.0,0.0,0.0,0.0,0.0
67400,4875,2501,0.5130256410256411,1163,978,0.4391794871794872,1348,0.553025641025641,0.414,3.0227464195450717,3.234500445377565,6.828402366863905,2.248633600404952,8296.66358115625,432.2711433077357,7853.0,8737.59598224759,8717.79806402908,5.638163908995845,7853.0,0.0,27.920615384615385,20.90140114627993,32.619578386236974,19.27612183000092,0.13456410256410256,0.1001025641025641,0.10215384615384615,0.088,0.08451282051282051,0.07179487179487179,0.06276923076923077,0.05969230769230769,0.05969230769230769,0.05558974358974359,0.046564102564102566,0.03876923076923077,0.033435897435897435,0.02605128205128205,0.018666666666666668,0.009846153846153846,0.007794871794871795,0.9151497039794921,0.022545422321651406,0.0,0.0,0.0,0.0,0.0,0.0,0.0,0.0,0.0,0.0,0.0,0.0,0.0,0.0,0.0,0.0,0.0,0.0,0.0,0.0,0.0,0.0,0.0,0.0,0.006153846153846156,0.4800000000000001,7.1507692307692325,15.950769230769234,6.036923076923078,0.3753846153846155,4.32723185613359,3.028740024026594,nan,nan,nan,4.284883720930233,3.0100355701828505,4.371884984025559,3.0455081823905426,1.0203042296504699,0.414,0.01156,0.0,0.0,0.0,0.0,0.0,0.0,0.0,0.0,0.0,0.0,0.0,3.359999999999995,25.249230769230774,1.3907692307692312,0.0,0.0,0.0,0.0,0.0,0.0,0.0,0.0,0.0,0.0,0.0,0.0,0.0,0.0,0.0,0.0,nan,nan,4.32723185613359,3.028740024026594,nan,0.414,0.0572,0.0,0.0,0.0,0.0,0.0,0.0,0.0,0.0,0.0,0.0,0.0,0.0,0.0,0.0,0.0,0.0,0.0,0.0,0.0,0.0,0.0,0.0,0.0006871794871794872,0.00010256410256410256,2.0512820512820512e-05,0.0002666666666666667,0.002307692307692308,0.0013743589743589744,0.0027384615384615386,0.015097435897435897,0.015466666666666667,0.005476923076923077,0.0104,0.009435897435897437,0.0404,0.0228,0.05244102564102564,0.057425641025641024,0.07708717948717948,0.10757948717948718,0.0565025641025641,0.07873846153846153,0.06847179487179487,0.06494358974358974,0.048174358974358976,0.029364102564102563,0.037825641025641024,0.02437948717948718,0.030246153846153846,0.038841025641025644,0.01764102564102564,0.037671794871794874,0.013476923076923077,0.01716923076923077,0.006205128205128205,0.00046153846153846153,0.004687179487179487,0.0016923076923076924,0.0023794871794871795,0.0,0.0,2.0512820512820512e-05,0.0,0.0,0.0,0.0,0.0,0.0,0.0,0.0,0.0,0.0,0.0,0.0,0.0,0.0,0.0,0.0,0.0,0.0,0.0,0.0,0.0,0.0,0.0,0.0,0.0,0.0,0.0,0.0,0.0,0.0,0.0,0.0,0.0,0.0,0.0,0.0,0.0,0.0,0.0,nan,nan,4.32723185613359,3.028740024026594,nan,0.9150240918675788,0.02232318730336345,0.0,0.0,0.0,0.0,0.0,0.0,0.0,0.0,0.0,0.0,0.0,0.0,0.0,0.0,0.0,0.0,0.0,0.0,0.0,0.0,0.0,0.0,0.0,0.0,0.0,0.5277888844462216,7.089164334266295,16.09756097560976,5.997600959616155,0.28788484606157544,0.9152820358631886,0.0227764514478482,0.0,0.0,0.0,0.0,0.0,0.0,0.0,0.0,0.0,0.0,0.0,0.0,0.0,0.0,0.0,0.0,0.0,0.0,0.0,0.0,0.0,0.0,0.0,0.0,0.012636899747262008,0.42965459140690826,7.215669755686607,15.79612468407751,6.078348778433026,0.4675652906486943,0.414,0.01155,0.0,0.0,0.0,0.0,0.0,0.0,0.0,0.0,0.0,0.0,0.0,3.3586565373850408,25.18992403038785,1.4514194322271095,0.0,0.0,0.0,0.0,0.0,0.0,0.0,0.0,0.0,0.0,0.0,0.0,0.0,0.0,0.0,0.0,0.414,0.011566,0.0,0.0,0.0,0.0,0.0,0.0,0.0,0.0,0.0,0.0,0.0,3.3614153327716885,25.3117101937658,1.3268744734625109,0.0,0.0,0.0,0.0,0.0,0.0,0.0,0.0,0.0,0.0,0.0,0.0,0.0,0.0,0.0,0.0
67500,4665,2355,0.5048231511254019,1142,950,0.44844587352625936,1321,0.5663451232583065,0.40199999999999997,2.9316017316017318,3.0423556231128175,6.386530014641289,2.126303261068446,8289.488786961865,432.31674384534267,7853.0,8734.040937834978,8717.637023854393,5.605514411292525,7853.0,0.0,28.623794212218648,21.00576534365148,33.47908745247148,19.194861774935813,0.13290460878885316,0.0977491961414791,0.08853161843515542,0.08638799571275456,0.08081457663451233,0.07588424437299035,0.0660235798499464,0.0632368703108253,0.06302250803858521,0.055734190782422297,0.045444801714898175,0.05080385852090032,0.03215434083601286,0.02658092175777063,0.015005359056806002,0.011789924973204717,0.007931404072883173,0.9141232292751791,0.022652840314166905,0.0,0.0,0.0,0.0,0.0,0.0,0.0,0.0,0.0,0.0,0.0,0.0,0.0,0.0,0.0,0.0,0.0,0.0,0.0,0.0,0.0,0.0,0.0,0.0,0.0,0.4630225080385853,7.652733118971063,16.051446945337624,5.491961414790999,0.3408360128617364,4.175895765472313,2.798499847472086,nan,nan,nan,4.1896774193548385,2.808769083942194,4.161842105263158,2.7879188193866593,0.9933562154539414,0.4143,0.01174,0.0,0.0,0.0,0.0,0.0,0.0,0.0,0.0,0.0,0.0,0.0,3.2025723472668766,25.093247588424443,1.704180064308682,0.0,0.0,0.0,0.0,0.0,0.0,0.0,0.0,0.0,0.0,0.0,0.0,0.0,0.0,0.0,0.0,nan,nan,4.175895765472313,2.798499847472086,nan,0.4143,0.05734,0.0,0.0,0.0,0.0,0.0,0.0,0.0,0.0,0.0,0.0,0.0,0.0,0.0,0.0,0.0,0.0,0.0,0.0,0.0,0.0,0.0,0.0,0.0006216505894962486,0.00022508038585209003,3.215434083601286e-05,0.00021436227224008573,0.0022829581993569132,0.0012218649517684887,0.0037513397642015005,0.014555198285101822,0.01519828510182208,0.00482315112540193,0.011178992497320472,0.009378349410503752,0.03991425509110397,0.020535905680600215,0.0560021436227224,0.05640943193997856,0.07527331189710611,0.10661307609860665,0.05584137191854233,0.07887459807073954,0.06720257234726688,0.0657449088960343,0.047384780278670956,0.029067524115755628,0.038788853161843516,0.025187566988210074,0.03109324758842444,0.03993569131832798,0.019710610932475885,0.037931404072883174,0.011747052518756698,0.017406216505894963,0.0069882100750267954,0.0005359056806002144,0.004769560557341908,0.001607717041800643,0.0018435155412647375,0.0,0.0,0.00010718113612004287,0.0,0.0,0.0,0.0,0.0,0.0,0.0,0.0,0.0,0.0,0.0,0.0,0.0,0.0,0.0,0.0,0.0,0.0,0.0,0.0,0.0,0.0,0.0,0.0,0.0,0.0,0.0,0.0,0.0,0.0,0.0,0.0,0.0,0.0,0.0,0.0,0.0,0.0,0.0,nan,nan,4.175895765472313,2.798499847472086,nan,0.9140698537451952,0.022654677380284354,0.0,0.0,0.0,0.0,0.0,0.0,0.0,0.0,0.0,0.0,0.0,0.0,0.0,0.0,0.0,0.0,0.0,0.0,0.0,0.0,0.0,0.0,0.0,0.0,0.0,0.4076433121019109,7.719745222929938,16.012738853503187,5.528662420382167,0.33121019108280264,0.9141776445882145,0.022650837832204323,0.0,0.0,0.0,0.0,0.0,0.0,0.0,0.0,0.0,0.0,0.0,0.0,0.0,0.0,0.0,0.0,0.0,0.0,0.0,0.0,0.0,0.0,0.0,0.0,0.0,0.5194805194805195,7.584415584415586,16.090909090909093,5.454545454545456,0.35064935064935077,0.4143,0.01183,0.0,0.0,0.0,0.0,0.0,0.0,0.0,0.0,0.0,0.0,0.0,3.299363057324836,25.057324840764338,1.6433121019108283,0.0,0.0,0.0,0.0,0.0,0.0,0.0,0.0,0.0,0.0,0.0,0.0,0.0,0.0,0.0,0.0,0.4146,0.01164,0.0,0.0,0.0,0.0,0.0,0.0,0.0,0.0,0.0,0.0,0.0,3.1038961038960995,25.129870129870135,1.7662337662337666,0.0,0.0,0.0,0.0,0.0,0.0,0.0,0.0,0.0,0.0,0.0,0.0,0.0,0.0,0.0,0.0
67600,4583,2386,0.5206196814313768,1124,940,0.45036002618372245,1302,0.5681867772201614,0.422,2.9908966772872096,3.1114788822307515,6.64437194127243,2.1043236323700407,8303.077747971469,431.90344923227883,7853.0,8737.815129363536,8717.503905680316,5.646295726103339,7853.0,0.0,28.09949814531966,20.99093571636785,33.113884555382214,19.186105261158055,0.14051931049530875,0.09600698232598734,0.09186122627100153,0.08662448178049313,0.08509709797076151,0.0733144228671176,0.06895046912502728,0.06305913157320532,0.06305913157320532,0.05018546803403884,0.03840279293039494,0.043421339733798824,0.03709360680776784,0.026620117826751038,0.01636482653283875,0.013091861226271002,0.006327732926030984,0.9144701796173139,0.022752175274311604,0.0,0.0,0.0,0.0,0.0,0.0,0.0,0.0,0.0,0.0,0.0,0.0,0.0,0.0,0.0,0.0,0.0,0.0,0.0,0.0,0.0,0.0,0.0,0.0,0.0,0.48439886537202714,7.3838097316168465,15.893519528692998,5.956796857953307,0.2814750163648266,4.345210084033614,2.920830389794781,nan,nan,nan,4.36135593220339,2.8955134538537135,4.3293333333333335,2.9454268885096355,0.9926576506554744,0.4133,0.011955,0.0,0.0,0.0,0.0,0.0,0.0,0.0,0.0,0.0,0.0,0.006545930613135503,4.097752563822818,24.416321186995425,1.4793803185686236,0.0,0.0,0.0,0.0,0.0,0.0,0.0,0.0,0.0,0.0,0.0,0.0,0.0,0.0,0.0,0.0,nan,nan,4.345210084033614,2.920830389794781,nan,0.4133,0.0569,0.0,0.0,0.0,0.0,0.0,0.0,0.0,0.0,0.0,0.0,0.0,0.0,0.0,0.0,0.0,0.0,0.0,0.0,0.0,0.0,0.0,0.0,0.000589133755182195,0.0004036657211433559,2.181976871045167e-05,0.00016364826532838753,0.002247436177176522,0.0017892210342570368,0.004549421776129173,0.014804713070041458,0.014357407811477199,0.0053349334497054335,0.00992799476325551,0.009175212742744927,0.03997381627754746,0.021077896574296314,0.057691468470434215,0.06002618372245254,0.07556185904429413,0.10565132009600699,0.05843334060658957,0.07951123718088589,0.06831769583242418,0.06419375954614881,0.04787257255073096,0.02834387955487672,0.03647174339951997,0.026576478289330133,0.029947632555094916,0.040770237835478944,0.018448614444686887,0.0352607462360899,0.011259000654593062,0.015677503818459525,0.007025965524765437,0.00039275583678813006,0.005302203796639756,0.0014837442723107134,0.0012873663539166484,4.363953742090334e-05,1.0909884355225835e-05,2.181976871045167e-05,0.0,0.0,0.0,0.0,0.0,0.0,0.0,0.0,0.0,0.0,0.0,0.0,0.0,0.0,0.0,0.0,0.0,0.0,0.0,0.0,0.0,0.0,0.0,0.0,0.0,0.0,0.0,0.0,0.0,0.0,0.0,0.0,0.0,0.0,0.0,0.0,0.0,0.0,0.0,nan,nan,4.345210084033614,2.920830389794781,nan,0.9144067468007672,0.02240494478001989,0.0,0.0,0.0,0.0,0.0,0.0,0.0,0.0,0.0,0.0,0.0,0.0,0.0,0.0,0.0,0.0,0.0,0.0,0.0,0.0,0.0,0.0,0.0,0.0,0.0,0.35205364626990787,7.5314333612741,15.94300083822297,5.947191953059515,0.2263202011735122,0.9145390693306868,0.023123174112080643,0.0,0.0,0.0,0.0,0.0,0.0,0.0,0.0,0.0,0.0,0.0,0.0,0.0,0.0,0.0,0.0,0.0,0.0,0.0,0.0,0.0,0.0,0.0,0.0,0.0,0.6281292671825217,7.2234865725990005,15.839781520254895,5.967228038233957,0.34137460172963136,0.4133,0.01209,0.0,0.0,0.0,0.0,0.0,0.0,0.0,0.0,0.0,0.0,0.012573344509639567,4.249790444258166,24.17854149203689,1.5590947191953064,0.0,0.0,0.0,0.0,0.0,0.0,0.0,0.0,0.0,0.0,0.0,0.0,0.0,0.0,0.0,0.0,0.4133,0.0118,0.0,0.0,0.0,0.0,0.0,0.0,0.0,0.0,0.0,0.0,0.0,3.932635411925347,24.67455621301776,1.392808375056896,0.0,0.0,0.0,0.0,0.0,0.0,0.0,0.0,0.0,0.0,0.0,0.0,0.0,0.0,0.0,0.0
67700,4759,2449,0.5146039083841143,1118,991,0.44316032779995795,1322,0.5555789031309099,0.41,2.8523809523809525,3.033910931979871,6.480263157894737,2.147429291577925,8297.905945533357,432.1140640836996,7853.0,8741.98536735177,8717.559981540728,5.5740380700086485,7853.0,0.0,28.06745114519857,21.096728111246826,33.205334675390034,19.29592637740346,0.14414793023744485,0.09623870561042236,0.09497793654129019,0.08342088674091196,0.07858793864257196,0.07522588779155284,0.06934229880226939,0.06976255515864678,0.05022063458709813,0.05106114729985291,0.04895986551796596,0.03950409749947468,0.03046858583736079,0.02878756041185123,0.020382433284303426,0.012817818869510401,0.006093717167472158,0.9147834676132154,0.02280303152174124,0.0,0.0,0.0,0.0,0.0,0.0,0.0,0.0,0.0,0.0,0.0,0.0,0.0,0.0,0.0,0.0,0.0,0.0,0.0,0.0,0.0,0.0,0.0,0.0,0.006303845345660855,0.5610422357638161,7.047699096448835,16.2324017650767,5.849968480773273,0.302584576591721,4.12303664921466,2.8457128945552443,nan,nan,nan,4.053931124106563,2.7966056326879154,4.191952506596306,2.8935764793887087,1.0340463067241088,0.413,0.0116,0.0,0.0,0.0,0.0,0.0,0.0,0.0,0.0,0.0,0.0,0.0,3.9209918050010453,24.9127968060517,1.166211388947258,0.0,0.0,0.0,0.0,0.0,0.0,0.0,0.0,0.0,0.0,0.0,0.0,0.0,0.0,0.0,0.0,nan,nan,4.12303664921466,2.8457128945552443,nan,0.413,0.05704,0.0,0.0,0.0,0.0,0.0,0.0,0.0,0.0,0.0,0.0,0.0,0.0,0.0,0.0,0.0,0.0,0.0,0.0,0.0,0.0,0.0,0.0,0.000903551166211389,0.00038873712964908596,0.0,0.0001155704980037823,0.0016179869720529523,0.001975204874973734,0.004412691741962597,0.01616936331162009,0.014351754570287876,0.005620928766547594,0.009571338516495062,0.009476780836310148,0.04160537928136163,0.01975204874973734,0.0588569027106535,0.06008615255305737,0.07293549064929607,0.10723891573860055,0.056240806892204245,0.08136163059466274,0.06287035091405757,0.06461441479302374,0.047961756671569655,0.03031098970371927,0.03675141836520277,0.029712124395881487,0.03026896406808153,0.04215171254465224,0.01636898508089935,0.036068501786089516,0.009781466694683758,0.014446312250472788,0.006713595293128809,0.00024164740491699937,0.005610422357638159,0.001796595923513343,0.00150241647404917,0.0,0.00013658331582265182,0.0,0.0,0.0,1.0506408909434756e-05,0.0,0.0,0.0,0.0,0.0,0.0,0.0,0.0,0.0,0.0,0.0,0.0,0.0,0.0,0.0,0.0,0.0,0.0,0.0,0.0,0.0,0.0,0.0,0.0,0.0,0.0,0.0,0.0,0.0,0.0,0.0,0.0,0.0,0.0,0.0,0.0,nan,nan,4.12303664921466,2.8457128945552443,nan,0.9147894960756251,0.022478177222809162,0.0,0.0,0.0,0.0,0.0,0.0,0.0,0.0,0.0,0.0,0.0,0.0,0.0,0.0,0.0,0.0,0.0,0.0,0.0,0.0,0.0,0.0,0.0,0.0,0.0,0.5634953042057984,7.031441404654963,16.390363413638223,5.7207023274806055,0.29399755002041655,0.9147770763991715,0.023142452277064705,0.0,0.0,0.0,0.0,0.0,0.0,0.0,0.0,0.0,0.0,0.0,0.0,0.0,0.0,0.0,0.0,0.0,0.0,0.0,0.0,0.0,0.0,0.0,0.0,0.01298701298701299,0.5584415584415585,7.064935064935066,16.064935064935067,5.987012987012989,0.31168831168831174,0.4133,0.01159,0.0,0.0,0.0,0.0,0.0,0.0,0.0,0.0,0.0,0.0,0.0,3.8342180481829264,24.97754185381789,1.1882400979991836,0.0,0.0,0.0,0.0,0.0,0.0,0.0,0.0,0.0,0.0,0.0,0.0,0.0,0.0,0.0,0.0,0.413,0.011604,0.0,0.0,0.0,0.0,0.0,0.0,0.0,0.0,0.0,0.0,0.0,4.012987012987008,24.84415584415585,1.142857142857143,0.0,0.0,0.0,0.0,0.0,0.0,0.0,0.0,0.0,0.0,0.0,0.0,0.0,0.0,0.0,0.0
67800,4865,2536,0.5212744090441932,1226,990,0.4554984583761562,1373,0.5644398766700925,0.40199999999999997,2.9635036496350367,3.0350675371415208,6.283475783475783,2.1860045377713995,8303.481018507382,431.7247464283162,7853.0,8738.976111346483,8717.191701513566,5.785289145595141,7853.0,0.0,28.27235354573484,20.785935494924388,33.14209115281501,18.981488223108432,0.1366906474820144,0.09393627954779034,0.09003083247687564,0.09003083247687564,0.08591983556012334,0.07173689619732786,0.07050359712230216,0.05570400822199383,0.06248715313463515,0.057965056526207606,0.052826310380267215,0.039671120246659815,0.035149023638232274,0.02158273381294964,0.02014388489208633,0.010277492291880781,0.005344295991778006,0.913452769514223,0.022696912650474015,0.0,0.0,0.0,0.0,0.0,0.0,0.0,0.0,0.0,0.0,0.0,0.0,0.0,0.0,0.0,0.0,0.0,0.0,0.0,0.0,0.0,0.0,0.0,0.0,0.0,0.6536485097636179,7.584789311408018,16.125385405960948,5.389516957862283,0.24665981500513878,4.164366373902133,2.8518342520257693,nan,nan,nan,4.114877589453861,2.8275367093138204,4.21267252195734,2.875599769969601,1.0237661826816236,0.4128,0.0118,0.0,0.0,0.0,0.0,0.0,0.0,0.0,0.0,0.0,0.0,0.00616649537512847,4.051387461459398,24.752312435765678,1.1901336073997946,0.0,0.0,0.0,0.0,0.0,0.0,0.0,0.0,0.0,0.0,0.0,0.0,0.0,0.0,0.0,0.0,nan,nan,4.164366373902133,2.8518342520257693,nan,0.4128,0.05646,0.0,0.0,0.0,0.0,0.0,0.0,0.0,0.0,0.0,0.0,0.0,0.0,0.0,0.0,0.0,0.0,0.0,0.0,0.0,0.0,0.0,0.0,0.0009249743062692703,7.194244604316547e-05,0.0,5.1387461459403907e-05,0.0015724563206577595,0.0016032887975334018,0.005107913669064748,0.017019527235354572,0.013391572456320657,0.005375128468653649,0.007780061664953751,0.009794450154162384,0.0416032887975334,0.019054470709146967,0.05787255909558068,0.06375128468653649,0.0740082219938335,0.10974306269270298,0.05721479958890031,0.08015416238437821,0.06132579650565262,0.06442959917780061,0.05013360739979445,0.030493319630010278,0.0363617677286742,0.02695786228160329,0.03225077081192189,0.04330935251798561,0.01596094552929085,0.03599177800616649,0.008735868448098663,0.013535457348406988,0.005179856115107914,0.0001644398766700925,0.005930113052415211,0.0017471736896197327,0.0012127440904419321,0.0,0.0001644398766700925,0.0,0.0,0.0,2.0554984583761563e-05,0.0,0.0,0.0,0.0,0.0,0.0,0.0,0.0,0.0,0.0,0.0,0.0,0.0,0.0,0.0,0.0,0.0,0.0,0.0,0.0,0.0,0.0,0.0,0.0,0.0,0.0,0.0,0.0,0.0,0.0,0.0,0.0,0.0,0.0,0.0,0.0,nan,nan,4.164366373902133,2.8518342520257693,nan,0.9136238962834942,0.022816050811067565,0.0,0.0,0.0,0.0,0.0,0.0,0.0,0.0,0.0,0.0,0.0,0.0,0.0,0.0,0.0,0.0,0.0,0.0,0.0,0.0,0.0,0.0,0.0,0.0,0.0,0.6388012618296531,7.582807570977919,16.052839116719245,5.465299684542588,0.2602523659305994,0.9132664331093834,0.022564994382723164,0.0,0.0,0.0,0.0,0.0,0.0,0.0,0.0,0.0,0.0,0.0,0.0,0.0,0.0,0.0,0.0,0.0,0.0,0.0,0.0,0.0,0.0,0.0,0.0,0.0,0.6698153714040362,7.58694718763418,16.204379562043798,5.3069987118935185,0.23185916702447407,0.4128,0.01176,0.0,0.0,0.0,0.0,0.0,0.0,0.0,0.0,0.0,0.0,0.0,4.022082018927439,24.925078864353317,1.052839116719243,0.0,0.0,0.0,0.0,0.0,0.0,0.0,0.0,0.0,0.0,0.0,0.0,0.0,0.0,0.0,0.0,0.413,0.01185,0.0,0.0,0.0,0.0,0.0,0.0,0.0,0.0,0.0,0.0,0.012881064834693005,4.083297552597675,24.56419063975956,1.3396307428080725,0.0,0.0,0.0,0.0,0.0,0.0,0.0,0.0,0.0,0.0,0.0,0.0,0.0,0.0,0.0,0.0
67900,4774,2447,0.5125680770842062,1141,975,0.44323418516966906,1357,0.5684960201089233,0.426,2.9703480876665234,3.10349720378089,6.487294469357249,2.1806123586229806,8295.997264885005,432.01773599911377,7853.0,8736.635782802105,8717.270103212511,5.692418993962714,7853.0,0.0,27.97821533305404,20.720443258532033,32.70403365503588,19.005801640001145,0.13762044407205698,0.10075408462505236,0.09488898198575618,0.08692919983242564,0.08462505236698785,0.06849602010892333,0.061793045664013405,0.06284038542103058,0.05886049434436531,0.059069962295768746,0.05194805194805195,0.04356933389191454,0.031839128613322165,0.025974025974025976,0.016547968160871385,0.009635525764558023,0.004608294930875576,0.9139125898361805,0.022990874214261478,0.0,0.0,0.0,0.0,0.0,0.0,0.0,0.0,0.0,0.0,0.0,0.0,0.0,0.0,0.0,0.0,0.0,0.0,0.0,0.0,0.0,0.0,0.0,0.0,0.00628403854210306,0.5906996229576875,7.364893171344786,16.005446166736494,5.718475073313784,0.31420192710515293,4.290962288686606,2.877233895036048,nan,nan,nan,4.246905537459283,2.8921349936847207,4.334847501622323,2.8616394480106497,1.020707304032868,0.4126,0.01157,0.0,0.0,0.0,0.0,0.0,0.0,0.0,0.0,0.0,0.0,0.0,3.9715123586091265,24.840804356933397,1.1876832844574783,0.0,0.0,0.0,0.0,0.0,0.0,0.0,0.0,0.0,0.0,0.0,0.0,0.0,0.0,0.0,0.0,nan,nan,4.290962288686606,2.877233895036048,nan,0.4126,0.05658,0.0,0.0,0.0,0.0,0.0,0.0,0.0,0.0,0.0,0.0,0.0,0.0,0.0,0.0,0.0,0.0,0.0,0.0,0.0,0.0,0.0,0.0,0.0005865102639296188,0.00016757436112274822,1.0473397570171764e-05,0.0001152073732718894,0.0014767490573942188,0.0023774612484289905,0.0047968160871386676,0.016369920402178467,0.013510682865521576,0.006126937578550482,0.009101382488479262,0.010661918726434856,0.0401340594888982,0.019669040636782573,0.060253456221198154,0.062683284457478,0.07292626728110599,0.1077188940092166,0.056975282781734395,0.08344155844155844,0.06115416841223293,0.06388772517804776,0.048292836196062006,0.03154587348135735,0.03637410976120654,0.027220360284876413,0.03249895266024298,0.04294093003770423,0.014997905320485967,0.035640971931294514,0.008389191453707583,0.013824884792626729,0.003875157100963553,4.1893590280687055e-05,0.0060431503979891076,0.002304147465437788,0.0015186426476749058,0.0,0.00025136154168412233,0.0,0.0,0.0,9.426057813154587e-05,0.0,0.0,0.0,0.0,0.0,0.0,0.0,0.0,0.0,0.0,0.0,0.0,0.0,0.0,0.0,0.0,0.0,0.0,0.0,0.0,0.0,0.0,0.0,0.0,0.0,0.0,0.0,0.0,0.0,0.0,0.0,0.0,0.0,0.0,0.0,0.0,nan,nan,4.290962288686606,2.877233895036048,nan,0.9139670446350665,0.02321216304712876,0.0,0.0,0.0,0.0,0.0,0.0,0.0,0.0,0.0,0.0,0.0,0.0,0.0,0.0,0.0,0.0,0.0,0.0,0.0,0.0,0.0,0.0,0.0,0.0,0.012259910093992648,0.6497752349816103,7.257866775643647,16.060482223130368,5.664078463424603,0.35553739272578677,0.9138553268826464,0.022755712155914636,0.0,0.0,0.0,0.0,0.0,0.0,0.0,0.0,0.0,0.0,0.0,0.0,0.0,0.0,0.0,0.0,0.0,0.0,0.0,0.0,0.0,0.0,0.0,0.0,0.0,0.528577567683713,7.477438762354965,15.947571981091537,5.775676837129352,0.2707348517404384,0.4128,0.01154,0.0,0.0,0.0,0.0,0.0,0.0,0.0,0.0,0.0,0.0,0.0,3.8863914997956623,24.814058030241117,1.2995504699632205,0.0,0.0,0.0,0.0,0.0,0.0,0.0,0.0,0.0,0.0,0.0,0.0,0.0,0.0,0.0,0.0,0.4124,0.01161,0.0,0.0,0.0,0.0,0.0,0.0,0.0,0.0,0.0,0.0,0.0,4.06102277610657,24.86892995272884,1.0700472711645899,0.0,0.0,0.0,0.0,0.0,0.0,0.0,0.0,0.0,0.0,0.0,0.0,0.0,0.0,0.0,0.0
68000,4983,2550,0.5117399157134257,1172,1033,0.4425045153521975,1424,0.5715432470399358,0.40199999999999997,2.9675297986025484,3.1584043153450345,6.718289085545723,2.1891369022074745,8295.13920058781,431.89532441288645,7853.0,8736.607952082157,8716.992014325118,5.575038865224385,7853.0,0.0,27.74473208910295,20.773702575299463,32.66849904397706,19.031291582943304,0.1436885410395344,0.09632751354605659,0.10134457154324704,0.08368452739313667,0.07826610475617098,0.07224563515954245,0.0684326710816777,0.06261288380493679,0.05920128436684728,0.05458559100943207,0.05137467389123018,0.0381296407786474,0.03050371262291792,0.026289383905277946,0.016054585591009432,0.011639574553481838,0.005619104956853301,0.9131975600261562,0.022727160176219476,0.0,0.0,0.0,0.0,0.0,0.0,0.0,0.0,0.0,0.0,0.0,0.0,0.0,0.0,0.0,0.0,0.0,0.0,0.0,0.0,0.0,0.0,0.0,0.0,0.0,0.5418422636965684,7.898856110776642,15.924142083082483,5.3521974714027705,0.2829620710415413,4.358829084041549,2.959432716452303,nan,nan,nan,4.466498103666245,3.0203402743111556,4.252037617554859,2.8938027911722326,0.9519846463305672,0.4126,0.01164,0.0,0.0,0.0,0.0,0.0,0.0,0.0,0.0,0.0,0.0,0.0,4.310656231186026,24.575556893437692,1.1137868753762796,0.0,0.0,0.0,0.0,0.0,0.0,0.0,0.0,0.0,0.0,0.0,0.0,0.0,0.0,0.0,0.0,nan,nan,4.358829084041549,2.959432716452303,nan,0.4126,0.05643,0.0,0.0,0.0,0.0,0.0,0.0,0.0,0.0,0.0,0.0,0.0,0.0,0.0,0.0,0.0,0.0,0.0,0.0,0.0,0.0,0.0,0.0,0.0005619104956853301,0.00024081878386514148,6.020469596628537e-05,5.0170579971904475e-05,0.0014649809351796107,0.0022275737507525587,0.004284567529600642,0.01545253863134658,0.015081276339554485,0.006773028296207104,0.009331727874774232,0.010706401766004415,0.04031707806542244,0.017800521774031706,0.06112783463776841,0.06175998394541441,0.07015853903271121,0.11034517359020671,0.0569335741521172,0.08288179811358619,0.06206100742524583,0.061719847481436885,0.04959863536022476,0.03231988761790086,0.03853100541842264,0.02780453542042946,0.03206903471804134,0.042183423640377284,0.01491069636765001,0.03564118001204094,0.008057395143487859,0.013395544852498494,0.004294601645595023,0.00010034115994380895,0.004876580373269115,0.0025486654625727473,0.0021974714027694162,0.0,6.020469596628537e-05,0.0,0.0,0.0,7.023881196066627e-05,0.0,0.0,0.0,0.0,0.0,0.0,0.0,0.0,0.0,0.0,0.0,0.0,0.0,0.0,0.0,0.0,0.0,0.0,0.0,0.0,0.0,0.0,0.0,0.0,0.0,0.0,0.0,0.0,0.0,0.0,0.0,0.0,0.0,0.0,0.0,0.0,nan,nan,4.358829084041549,2.959432716452303,nan,0.912734600726296,0.022662929358740695,0.0,0.0,0.0,0.0,0.0,0.0,0.0,0.0,0.0,0.0,0.0,0.0,0.0,0.0,0.0,0.0,0.0,0.0,0.0,0.0,0.0,0.0,0.0,0.0,0.0,0.5647058823529413,8.105882352941178,15.905882352941179,5.1529411764705895,0.2705882352941177,0.9136827824736053,0.022784191300929502,0.0,0.0,0.0,0.0,0.0,0.0,0.0,0.0,0.0,0.0,0.0,0.0,0.0,0.0,0.0,0.0,0.0,0.0,0.0,0.0,0.0,0.0,0.0,0.0,0.0,0.5178791615289766,7.681874229346487,15.943279901356354,5.56103575832306,0.29593094944512954,0.4128,0.011665,0.0,0.0,0.0,0.0,0.0,0.0,0.0,0.0,0.0,0.0,0.0,4.341176470588229,24.600000000000005,1.058823529411765,0.0,0.0,0.0,0.0,0.0,0.0,0.0,0.0,0.0,0.0,0.0,0.0,0.0,0.0,0.0,0.0,0.4126,0.01162,0.0,0.0,0.0,0.0,0.0,0.0,0.0,0.0,0.0,0.0,0.0,4.2786683107274905,24.54993834771887,1.1713933415536377,0.0,0.0,0.0,0.0,0.0,0.0,0.0,0.0,0.0,0.0,0.0,0.0,0.0,0.0,0.0,0.0
68100,4647,2430,0.5229180116204003,1140,933,0.4460942543576501,1309,0.5633742199268346,0.414,2.9986468200270635,3.0574853199875864,6.3836671802773495,2.110749825549423,8304.88288737776,431.64406966647437,7853.0,8737.19173707962,8717.156287096484,5.753266279115205,7853.0,0.0,27.978050355067786,20.876561192321535,32.98972778633796,19.091537324406524,0.1415967290725199,0.09640628362384333,0.09059608349472778,0.09167204648160103,0.08134280180761781,0.0714439423283839,0.06950720895201205,0.06434258661502044,0.06197546804389929,0.052722186356789325,0.04497525285130192,0.036797934151065206,0.0329244673983215,0.026038304282332687,0.02194964493221433,0.009468474284484614,0.006240585323864859,0.9128008103893986,0.023308838084313974,0.0,0.0,0.0,0.0,0.0,0.0,0.0,0.0,0.0,0.0,0.0,0.0,0.0,0.0,0.0,0.0,0.0,0.0,0.0,0.0,0.0,0.0,0.0,0.0,0.006455777921239511,0.6972240154938673,8.244028405422855,15.338928340865078,5.429309231762429,0.28405422853453843,4.325075326414463,2.8874288474691525,nan,nan,nan,4.455452127659575,2.9595022866932004,4.1936572199730096,2.807044874905872,0.9412416742037616,0.4128,0.0116,0.0,0.0,0.0,0.0,0.0,0.0,0.0,0.0,0.0,0.0,0.0,3.9057456423498977,24.770819883796005,1.3234344738540997,0.0,0.0,0.0,0.0,0.0,0.0,0.0,0.0,0.0,0.0,0.0,0.0,0.0,0.0,0.0,0.0,nan,nan,4.325075326414463,2.8874288474691525,nan,0.4128,0.0566,0.0,0.0,0.0,0.0,0.0,0.0,0.0,0.0,0.0,0.0,0.0,0.0,0.0,0.0,0.0,0.0,0.0,0.0,0.0,0.0,0.0,0.0,0.0007208952012050786,0.0002905100064557779,0.0,9.683666881859264e-05,0.0016139444803098773,0.0018398967075532603,0.003959543791693566,0.014407144394232838,0.014471702173445233,0.0064234990316333115,0.009931138368840112,0.010361523563589412,0.04226382612438132,0.01732300408865935,0.06195394878416183,0.06072735097912632,0.07040025823111686,0.11111469765440068,0.053690553044975255,0.0841833440929632,0.06305143103077254,0.0628039595437917,0.05078545298041747,0.03183774478157951,0.03748655046266408,0.026328814288788464,0.03216053367764149,0.040865074241446094,0.01441790402410157,0.03604476006025393,0.00855390574564235,0.013471056595653109,0.005455132343447386,0.00019367333763718527,0.005315257155153862,0.003131052291801162,0.002087368194534108,4.303851947493006e-05,0.0001291155584247902,0.0,0.0,0.0,6.45577792123951e-05,0.0,0.0,0.0,0.0,0.0,0.0,0.0,0.0,0.0,0.0,0.0,0.0,0.0,0.0,0.0,0.0,0.0,0.0,0.0,0.0,0.0,0.0,0.0,0.0,0.0,0.0,0.0,0.0,0.0,0.0,0.0,0.0,0.0,0.0,0.0,0.0,nan,nan,4.325075326414463,2.8874288474691525,nan,0.9129360535998403,0.023252935407483848,0.0,0.0,0.0,0.0,0.0,0.0,0.0,0.0,0.0,0.0,0.0,0.0,0.0,0.0,0.0,0.0,0.0,0.0,0.0,0.0,0.0,0.0,0.0,0.0,0.0,0.6419753086419755,8.333333333333336,15.098765432098768,5.641975308641976,0.28395061728395066,0.912652573582284,0.023369058961704207,0.0,0.0,0.0,0.0,0.0,0.0,0.0,0.0,0.0,0.0,0.0,0.0,0.0,0.0,0.0,0.0,0.0,0.0,0.0,0.0,0.0,0.0,0.0,0.0,0.013531799729364009,0.7577807848443845,8.146143437077132,15.6021650879567,5.196211096075779,0.2841677943166442,0.4133,0.01144,0.0,0.0,0.0,0.0,0.0,0.0,0.0,0.0,0.0,0.0,0.0,3.716049382716044,25.012345679012352,1.2716049382716053,0.0,0.0,0.0,0.0,0.0,0.0,0.0,0.0,0.0,0.0,0.0,0.0,0.0,0.0,0.0,0.0,0.4126,0.01176,0.0,0.0,0.0,0.0,0.0,0.0,0.0,0.0,0.0,0.0,0.0,4.113667117726652,24.50608930987822,1.3802435723951287,0.0,0.0,0.0,0.0,0.0,0.0,0.0,0.0,0.0,0.0,0.0,0.0,0.0,0.0,0.0,0.0
68200,4458,2300,0.515926424405563,1094,928,0.4535666218034993,1236,0.5545087483176312,0.434,2.969416126042632,3.151560910784232,6.73943661971831,2.2025260065123455,8298.782731269202,431.8222090197979,7853.0,8742.089600527286,8717.043224346999,5.75966617463812,7853.0,0.0,27.44638851502916,20.584601424467586,32.35794542536116,18.851855991477322,0.14378645132346343,0.10004486316733961,0.09264244055630327,0.09309107222969942,0.07895917451772096,0.07424854194706146,0.07021085688649618,0.06415432929564828,0.059892328398384924,0.05047106325706595,0.04598474652310453,0.03947958725886048,0.029385374607447286,0.02512337371018394,0.016599371915657246,0.009196949304620906,0.006729475100942127,0.9125651213260657,0.02261761398778626,0.0,0.0,0.0,0.0,0.0,0.0,0.0,0.0,0.0,0.0,0.0,0.0,0.0,0.0,0.0,0.0,0.0,0.0,0.0,0.0,0.0,0.0,0.0,0.0,0.006729475100942128,0.6527590847913863,7.873485868102289,16.110363391655454,5.107671601615075,0.24899057873485872,4.247448081661386,2.911159269493692,nan,nan,nan,4.2997218358831715,2.9181962212109407,4.193870277975766,2.9029524239572906,0.9753817660891398,0.413,0.01154,0.0,0.0,0.0,0.0,0.0,0.0,0.0,0.0,0.0,0.0,0.006729475100942128,3.7752355316285273,25.08075370121131,1.1372812920592197,0.0,0.0,0.0,0.0,0.0,0.0,0.0,0.0,0.0,0.0,0.0,0.0,0.0,0.0,0.0,0.0,nan,nan,4.247448081661386,2.911159269493692,nan,0.413,0.05646,0.0,0.0,0.0,0.0,0.0,0.0,0.0,0.0,0.0,0.0,0.0,0.0,0.0,0.0,0.0,0.0,0.0,0.0,0.0,0.0,0.0,0.0,0.00042620008972633466,0.00037012113055181697,0.0,0.00013458950201884252,0.0016823687752355316,0.0019964109466128308,0.003521758636159713,0.014322566173171826,0.015275908479138628,0.006404217137729924,0.009701659937191565,0.01069986541049798,0.04094885598923284,0.01598250336473755,0.060531628532974426,0.0607559443696725,0.07048003589053387,0.11214670255720054,0.055495737999102734,0.08428667563930013,0.06286451323463436,0.06344773441004935,0.055843427545984745,0.030585464333781964,0.03602512337371019,0.027983400628084344,0.02823014804845222,0.04218259309107223,0.01382907133243607,0.03484746523104531,0.0088604755495738,0.013178555406011665,0.005776132794975325,0.00033647375504710633,0.005338716913414087,0.0030619111709286675,0.0018842530282637954,2.243158366980709e-05,0.0003252579632122028,0.0,0.0,0.0,0.00021310004486316733,0.0,0.0,0.0,0.0,0.0,0.0,0.0,0.0,0.0,0.0,0.0,0.0,0.0,0.0,0.0,0.0,0.0,0.0,0.0,0.0,0.0,0.0,0.0,0.0,0.0,0.0,0.0,0.0,0.0,0.0,0.0,0.0,0.0,0.0,0.0,0.0,nan,nan,4.247448081661386,2.911159269493692,nan,0.9125530742044035,0.022773870877340598,0.0,0.0,0.0,0.0,0.0,0.0,0.0,0.0,0.0,0.0,0.0,0.0,0.0,0.0,0.0,0.0,0.0,0.0,0.0,0.0,0.0,0.0,0.0,0.0,0.0,0.6652173913043479,7.878260869565219,16.030434782608697,5.230434782608697,0.19565217391304351,0.9125779611684306,0.02244987075920802,0.0,0.0,0.0,0.0,0.0,0.0,0.0,0.0,0.0,0.0,0.0,0.0,0.0,0.0,0.0,0.0,0.0,0.0,0.0,0.0,0.0,0.0,0.0,0.0,0.0139017608897127,0.6394810009267842,7.868396663577388,16.195551436515295,4.976830398517146,0.3058387395736794,0.413,0.01177,0.0,0.0,0.0,0.0,0.0,0.0,0.0,0.0,0.0,0.0,0.013043478260869568,3.9913043478260812,24.7304347826087,1.265217391304348,0.0,0.0,0.0,0.0,0.0,0.0,0.0,0.0,0.0,0.0,0.0,0.0,0.0,0.0,0.0,0.0,0.4128,0.0113,0.0,0.0,0.0,0.0,0.0,0.0,0.0,0.0,0.0,0.0,0.0,3.5449490268767327,25.454124189063954,1.0009267840593143,0.0,0.0,0.0,0.0,0.0,0.0,0.0,0.0,0.0,0.0,0.0,0.0,0.0,0.0,0.0,0.0
68300,4808,2490,0.5178868552412645,1135,1008,0.4457154742096506,1384,0.5757071547420965,0.39799999999999996,3.0133735979292493,3.0933551636449295,6.581464872944694,2.1473417238437875,8300.523776367827,431.8096643474577,7853.0,8736.31957142949,8717.134263765669,5.642371290482789,7853.0,0.0,28.426580698835274,21.19588187066303,33.46620450606586,19.37601205761943,0.14143094841930118,0.09089018302828619,0.09068219633943428,0.09213810316139767,0.07799500831946755,0.07757903494176373,0.06821963394342762,0.05969217970049917,0.06073211314475874,0.04908485856905158,0.04742096505823627,0.039725457570715474,0.03743760399334443,0.025998336106489186,0.01913477537437604,0.016430948419301164,0.005407653910149751,0.9129924276927347,0.022773565593899484,0.0,0.0,0.0,0.0,0.0,0.0,0.0,0.0,0.0,0.0,0.0,0.0,0.0,0.0,0.0,0.0,0.0,0.0,0.0,0.0,0.0,0.0,0.0,0.0,0.006239600665557406,0.6177204658901831,7.774542429284527,16.11064891846922,5.17262895174709,0.31821963394342767,4.293686224489796,2.8813989894214247,nan,nan,nan,4.329105897273304,2.876466738902018,4.2578576010262985,2.8859373759270253,0.9835420297082866,0.4126,0.011566,0.0,0.0,0.0,0.0,0.0,0.0,0.0,0.0,0.0,0.0,0.0,3.924708818635602,24.970881863560738,1.1044093178036607,0.0,0.0,0.0,0.0,0.0,0.0,0.0,0.0,0.0,0.0,0.0,0.0,0.0,0.0,0.0,0.0,nan,nan,4.293686224489796,2.8813989894214247,nan,0.4126,0.05655,0.0,0.0,0.0,0.0,0.0,0.0,0.0,0.0,0.0,0.0,0.0,0.0,0.0,0.0,0.0,0.0,0.0,0.0,1.0399334442595674e-05,0.0,0.0,0.0,0.0004887687188019967,0.0007903494176372712,1.0399334442595674e-05,0.0001247920133111481,0.001788685524126456,0.00185108153078203,0.0033069883527454243,0.014881447587354409,0.015463810316139767,0.007612312811980033,0.010638519134775374,0.009889767054908486,0.03814475873544093,0.017637271214642262,0.061792845257903496,0.062156821963394344,0.06772046589018303,0.1122608153078203,0.057851497504159737,0.08372504159733778,0.05962978369384359,0.06283277870216306,0.05742512479201331,0.031291597337770385,0.0348689683860233,0.027953410981697173,0.028088602329450915,0.043500415973377705,0.013810316139767055,0.03481697171381032,0.009556988352745424,0.011636855241264558,0.005605241264559069,0.0001247920133111481,0.005428452579034942,0.003348585690515807,0.001528702163061564,0.0,0.00022878535773710482,0.0,3.119800332778702e-05,0.0,0.00014559068219633942,0.0,0.0,0.0,0.0,0.0,0.0,0.0,0.0,0.0,0.0,0.0,0.0,0.0,0.0,0.0,0.0,0.0,0.0,0.0,0.0,0.0,0.0,0.0,0.0,0.0,0.0,0.0,0.0,0.0,0.0,0.0,0.0,0.0,0.0,0.0,0.0,nan,nan,4.293686224489796,2.8813989894214247,nan,0.9134129602746313,0.02292638218667466,0.0,0.0,0.0,0.0,0.0,0.0,0.0,0.0,0.0,0.0,0.0,0.0,0.0,0.0,0.0,0.0,0.0,0.0,0.0,0.0,0.0,0.0,0.0,0.0,0.01204819277108434,0.5903614457831327,7.57831325301205,16.13253012048193,5.3734939759036155,0.31325301204819284,0.9125406907950114,0.022599542886521495,0.0,0.0,0.0,0.0,0.0,0.0,0.0,0.0,0.0,0.0,0.0,0.0,0.0,0.0,0.0,0.0,0.0,0.0,0.0,0.0,0.0,0.0,0.0,0.0,0.0,0.647109577221743,7.985332182916308,16.087144089732533,4.956859361518552,0.3235547886108715,0.4126,0.01178,0.0,0.0,0.0,0.0,0.0,0.0,0.0,0.0,0.0,0.0,0.0,4.144578313253006,24.674698795180728,1.1807228915662653,0.0,0.0,0.0,0.0,0.0,0.0,0.0,0.0,0.0,0.0,0.0,0.0,0.0,0.0,0.0,0.0,0.4126,0.01134,0.0,0.0,0.0,0.0,0.0,0.0,0.0,0.0,0.0,0.0,0.0,3.688524590163929,25.28904227782572,1.022433132010354,0.0,0.0,0.0,0.0,0.0,0.0,0.0,0.0,0.0,0.0,0.0,0.0,0.0,0.0,0.0,0.0
68400,4728,2417,0.5112098138747885,1114,978,0.44247038917089676,1322,0.5592216582064298,0.426,2.9749026395499785,3.1770586366546065,6.805152979066023,2.187441652487817,8294.672093366491,431.89751563953706,7853.0,8737.273064041137,8716.974206634992,5.664957673120975,7853.0,0.0,27.154187817258883,20.679717563419374,32.23614641586172,18.96212490680051,0.14911167512690354,0.10258037225042302,0.09538917089678511,0.08756345177664974,0.08460236886632826,0.06979695431472081,0.0717005076142132,0.0655668358714044,0.0532994923857868,0.047800338409475465,0.040820642978003384,0.04145516074450085,0.031725888324873094,0.02897631133671743,0.014805414551607445,0.00972927241962775,0.005076142131979695,0.9123110747982807,0.022615571479755032,0.0,0.0,0.0,0.0,0.0,0.0,0.0,0.0,0.0,0.0,0.0,0.0,0.0,0.0,0.0,0.0,0.0,0.0,0.0,0.0,0.0,0.0,0.0,0.0,0.006345177664974621,0.6154822335025382,8.274111675126905,15.742385786802034,5.152284263959392,0.20939086294416248,4.316811788345613,2.931016207869217,nan,nan,nan,4.392064559515804,2.9599917257788766,4.242161440960641,2.900058129772269,0.9658695548474158,0.4133,0.01164,0.0,0.0,0.0,0.0,0.0,0.0,0.0,0.0,0.0,0.0,0.0,3.6357868020304513,25.057106598984777,1.3071065989847719,0.0,0.0,0.0,0.0,0.0,0.0,0.0,0.0,0.0,0.0,0.0,0.0,0.0,0.0,0.0,0.0,nan,nan,4.316811788345613,2.931016207869217,nan,0.4133,0.05655,0.0,0.0,0.0,0.0,0.0,0.0,0.0,0.0,0.0,0.0,0.0,0.0,0.0,0.0,0.0,0.0,0.0,0.0,0.0,0.0,0.0,0.0,0.00039128595600676817,0.0006979695431472081,0.0,0.00014805414551607445,0.001660321489001692,0.0012267343485617597,0.0031197123519458546,0.015334179357021997,0.014329526226734349,0.007836294416243655,0.01128384094754653,0.010025380710659898,0.038367174280879865,0.017766497461928935,0.06185490693739425,0.05912648054145516,0.06519670050761421,0.11528130287648054,0.05769881556683587,0.08274111675126904,0.05855541455160745,0.06370558375634518,0.05534052453468697,0.030890439932318103,0.0371510152284264,0.026195008460236886,0.029071489001692048,0.04824450084602369,0.01311336717428088,0.03570219966159052,0.009274534686971236,0.013081641285956007,0.005657783417935702,0.0003066835871404399,0.004727157360406091,0.00266497461928934,0.0020621827411167514,0.0,9.517766497461929e-05,0.0,0.0,0.0,7.402707275803723e-05,0.0,0.0,0.0,0.0,0.0,0.0,0.0,0.0,0.0,0.0,0.0,0.0,0.0,0.0,0.0,0.0,0.0,0.0,0.0,0.0,0.0,0.0,0.0,0.0,0.0,0.0,0.0,0.0,0.0,0.0,0.0,0.0,0.0,0.0,0.0,0.0,nan,nan,4.316811788345613,2.931016207869217,nan,0.9123378377045587,0.02272766034423873,0.0,0.0,0.0,0.0,0.0,0.0,0.0,0.0,0.0,0.0,0.0,0.0,0.0,0.0,0.0,0.0,0.0,0.0,0.0,0.0,0.0,0.0,0.0,0.0,0.0,0.63301613570542,8.129913115432355,15.713694662805134,5.299958626396361,0.2234174596607365,0.9122830843419959,0.022497709854679804,0.0,0.0,0.0,0.0,0.0,0.0,0.0,0.0,0.0,0.0,0.0,0.0,0.0,0.0,0.0,0.0,0.0,0.0,0.0,0.0,0.0,0.0,0.0,0.0,0.01298139333621809,0.5971440934660321,8.42492427520554,15.77239290350498,4.997836434443965,0.19472090004327136,0.413,0.011696,0.0,0.0,0.0,0.0,0.0,0.0,0.0,0.0,0.0,0.0,0.0,3.748448489863462,24.898634671079858,1.3529168390566821,0.0,0.0,0.0,0.0,0.0,0.0,0.0,0.0,0.0,0.0,0.0,0.0,0.0,0.0,0.0,0.0,0.4136,0.01158,0.0,0.0,0.0,0.0,0.0,0.0,0.0,0.0,0.0,0.0,0.0,3.5179575941150967,25.22284725227175,1.2591951536131547,0.0,0.0,0.0,0.0,0.0,0.0,0.0,0.0,0.0,0.0,0.0,0.0,0.0,0.0,0.0,0.0
68500,4856,2468,0.5082372322899505,1136,1010,0.44192751235584843,1378,0.5675453047775947,0.41,2.9355108877721943,3.013514275738953,6.326409495548962,2.096411343401074,8292.133961904834,431.9771870005631,7853.0,8737.012527310848,8717.033435579362,5.697958742619786,7853.0,0.0,28.11120263591433,21.061639506113064,33.06470588235294,19.333736373717233,0.13756177924217464,0.10275947281713345,0.09740527182866557,0.08525535420098847,0.07269357495881384,0.07537067545304778,0.0706342668863262,0.06239703459637562,0.060749588138385505,0.04983525535420099,0.042215815485996705,0.044481054365733116,0.0335667215815486,0.03027182866556837,0.016268533772652388,0.011738056013179572,0.006795716639209226,0.9119506061101667,0.02301096189221139,0.0,0.0,0.0,0.0,0.0,0.0,0.0,0.0,0.0,0.0,0.0,0.0,0.0,0.0,0.0,0.0,0.0,0.0,0.0,0.0,0.0,0.0,0.0,0.0,0.0185337726523888,0.7166392092257003,8.19192751235585,15.852553542009888,4.9299835255354205,0.29036243822075786,4.266836897542292,2.7962473344344625,nan,nan,nan,4.306109324758842,2.783771524032808,4.228136882129277,2.8079498227114583,0.9818926003152668,0.4136,0.011696,0.0,0.0,0.0,0.0,0.0,0.0,0.0,0.0,0.0,0.0,0.0,3.6511532125205877,24.927924217462937,1.420922570016475,0.0,0.0,0.0,0.0,0.0,0.0,0.0,0.0,0.0,0.0,0.0,0.0,0.0,0.0,0.0,0.0,nan,nan,4.266836897542292,2.7962473344344625,nan,0.4136,0.05664,0.0,0.0,0.0,0.0,0.0,0.0,0.0,0.0,0.0,0.0,0.0,0.0,0.0,0.0,0.0,0.0,0.0,0.0,0.0,0.0,0.0,0.0,0.00037067545304777594,0.0005457166392092257,0.0,0.00010296540362438221,0.001771004942339374,0.001256177924217463,0.0034802306425041184,0.014899093904448105,0.015372734761120263,0.007197281713344317,0.01256177924217463,0.009235996705107084,0.038684102141680395,0.016824546952224052,0.06181013179571664,0.059627265238879734,0.06286037891268534,0.11189250411861615,0.05626029654036244,0.0833504942339374,0.05768121911037891,0.06449752883031301,0.059946457990115325,0.02975700164744646,0.037726523887973644,0.02575164744645799,0.031157331136738055,0.0496499176276771,0.013848846787479406,0.03532742998352553,0.009133031301482701,0.011923393739703459,0.00532331136738056,0.0003809719934102142,0.0042112850082372325,0.0032125205930807247,0.0022961285008237233,0.0,5.1482701812191104e-05,0.0,2.059308072487644e-05,0.0,0.0,0.0,0.0,0.0,0.0,0.0,0.0,0.0,0.0,0.0,0.0,0.0,0.0,0.0,0.0,0.0,0.0,0.0,0.0,0.0,0.0,0.0,0.0,0.0,0.0,0.0,0.0,0.0,0.0,0.0,0.0,0.0,0.0,0.0,0.0,0.0,0.0,nan,nan,4.266836897542292,2.7962473344344625,nan,0.9119189375078659,0.023233999890728274,0.0,0.0,0.0,0.0,0.0,0.0,0.0,0.0,0.0,0.0,0.0,0.0,0.0,0.0,0.0,0.0,0.0,0.0,0.0,0.0,0.0,0.0,0.0,0.0,0.012155591572123179,0.7171799027552677,8.399513776337116,15.619935170178286,4.935170178282011,0.3160453808752027,0.9119833356371677,0.022778110880270246,0.0,0.0,0.0,0.0,0.0,0.0,0.0,0.0,0.0,0.0,0.0,0.0,0.0,0.0,0.0,0.0,0.0,0.0,0.0,0.0,0.0,0.0,0.0,0.0,0.025125628140703522,0.7160804020100504,7.977386934673368,16.092964824120607,4.92462311557789,0.26381909547738697,0.4138,0.01177,0.0,0.0,0.0,0.0,0.0,0.0,0.0,0.0,0.0,0.0,0.0,3.6831442463533173,24.73662884927067,1.5802269043760133,0.0,0.0,0.0,0.0,0.0,0.0,0.0,0.0,0.0,0.0,0.0,0.0,0.0,0.0,0.0,0.0,0.4133,0.01161,0.0,0.0,0.0,0.0,0.0,0.0,0.0,0.0,0.0,0.0,0.0,3.6180904522613013,25.125628140703522,1.256281407035176,0.0,0.0,0.0,0.0,0.0,0.0,0.0,0.0,0.0,0.0,0.0,0.0,0.0,0.0,0.0,0.0
68600,4756,2448,0.5147182506307821,1129,963,0.43986543313709,1351,0.5681244743481918,0.422,2.981802426343154,3.06594446602733,6.406015037593985,2.1127525216690626,8297.707359662872,431.8235068410071,7853.0,8742.583239340782,8716.982108887507,5.742644258261096,7853.0,0.0,28.306980656013458,21.141160234584717,33.251561329003245,19.391078077396074,0.13856181665264927,0.09798149705634987,0.09314550042052144,0.0868376787216148,0.0780067283431455,0.07779646761984861,0.06749369217830109,0.06097560975609756,0.05592935239697225,0.053406223717409586,0.04415475189234651,0.0460470984020185,0.0355340622371741,0.02586206896551724,0.01787216148023549,0.01345668629100084,0.006938603868797309,0.911680922852132,0.023054508192721417,0.0,0.0,0.0,0.0,0.0,0.0,0.0,0.0,0.0,0.0,0.0,0.0,0.0,0.0,0.0,0.0,0.0,0.0,0.0,0.0,0.0,0.0,0.0,0.0,0.018923465096719935,0.7380151387720776,8.515559293523971,15.428931875525654,5.039949537426409,0.2586206896551725,4.287337662337662,2.822262273519171,nan,nan,nan,4.173213135866066,2.7616644460990205,4.403405370006549,2.8779474845262336,1.0551594722450504,0.414,0.01158,0.0,0.0,0.0,0.0,0.0,0.0,0.0,0.0,0.0,0.0,0.0,3.4819175777964624,25.124053826745172,1.3940285954583687,0.0,0.0,0.0,0.0,0.0,0.0,0.0,0.0,0.0,0.0,0.0,0.0,0.0,0.0,0.0,0.0,nan,nan,4.287337662337662,2.822262273519171,nan,0.414,0.0566,0.0,0.0,0.0,0.0,0.0,0.0,0.0,0.0,0.0,0.0,0.0,0.0,0.0,0.0,0.0,0.0,0.0,0.0,0.0,0.0,0.0,0.0,8.410428931875525e-05,0.0004730866274179983,0.0,5.256518082422203e-05,0.0014823380992430614,0.0015559293523969722,0.0035113540790580318,0.014339781328847771,0.016063919259882254,0.006328847771236333,0.013320016820857863,0.009976871320437342,0.04084314550042052,0.015853658536585366,0.06068124474348192,0.059409167367535744,0.058336837678721616,0.11068124474348191,0.05774810765349033,0.08339991589571068,0.05481497056349874,0.06643187552565182,0.06056560134566863,0.030550883095037847,0.03821488645920942,0.027081581160639193,0.030834735071488647,0.05093566021867115,0.014245164003364171,0.03601766190075694,0.008336837678721615,0.012910008410428931,0.005761143818334735,0.00037846930193439864,0.003994953742640875,0.0022603027754415474,0.0023864592094196804,0.0,0.00010513036164844407,1.0513036164844407e-05,2.1026072329688813e-05,0.0,0.0,0.0,0.0,0.0,0.0,0.0,0.0,0.0,0.0,0.0,0.0,0.0,0.0,0.0,0.0,0.0,0.0,0.0,0.0,0.0,0.0,0.0,0.0,0.0,0.0,0.0,0.0,0.0,0.0,0.0,0.0,0.0,0.0,0.0,0.0,0.0,0.0,nan,nan,4.287337662337662,2.822262273519171,nan,0.9117730881750973,0.0229230860943518,0.0,0.0,0.0,0.0,0.0,0.0,0.0,0.0,0.0,0.0,0.0,0.0,0.0,0.0,0.0,0.0,0.0,0.0,0.0,0.0,0.0,0.0,0.0,0.0,0.024509803921568634,0.6862745098039218,8.43137254901961,15.637254901960787,4.938725490196079,0.28186274509803927,0.9115831669116558,0.023192688109728153,0.0,0.0,0.0,0.0,0.0,0.0,0.0,0.0,0.0,0.0,0.0,0.0,0.0,0.0,0.0,0.0,0.0,0.0,0.0,0.0,0.0,0.0,0.0,0.0,0.01299826689774697,0.7928942807625652,8.604852686308494,15.207972270363955,5.1473136915078,0.23396880415944546,0.4136,0.01148,0.0,0.0,0.0,0.0,0.0,0.0,0.0,0.0,0.0,0.0,0.0,3.6274509803921515,25.12254901960785,1.2500000000000002,0.0,0.0,0.0,0.0,0.0,0.0,0.0,0.0,0.0,0.0,0.0,0.0,0.0,0.0,0.0,0.0,0.4143,0.011665,0.0,0.0,0.0,0.0,0.0,0.0,0.0,0.0,0.0,0.0,0.0,3.327556325823219,25.125649913344894,1.5467937608318896,0.0,0.0,0.0,0.0,0.0,0.0,0.0,0.0,0.0,0.0,0.0,0.0,0.0,0.0,0.0,0.0
68700,5038,2603,0.5166732830488289,1249,1073,0.4608971814211989,1449,0.575228265184597,0.38199999999999995,2.986036960985626,3.0987528296477445,6.65424739195231,2.1919053749595023,8299.483867413235,431.85410932180463,7853.0,8739.55237095952,8717.151257790196,5.602957028189575,7853.0,0.0,27.529773719730052,20.40835124901237,32.3232728130158,18.679489241273917,0.13735609368797141,0.09964271536323938,0.09309249702262802,0.09289400555776102,0.07979356887653831,0.07721317983326717,0.07622072250893211,0.061929337038507344,0.05954743946010321,0.05319571258435887,0.043668122270742356,0.03949980150853513,0.034140531957125846,0.019650655021834062,0.01687177451369591,0.010123064708217546,0.005160778086542279,0.9117937973918968,0.02267610911799057,0.0,0.0,0.0,0.0,0.0,0.0,0.0,0.0,0.0,0.0,0.0,0.0,0.0,0.0,0.0,0.0,0.0,0.0,0.0,0.0,0.0,0.0,0.0,0.0,0.005954743946010323,0.7681619690353316,8.11036125446606,16.149265581579996,4.704247717348155,0.2620087336244542,4.28628413623811,2.9511672999522425,nan,nan,nan,4.341191066997519,2.9003662934101926,4.232544019429265,2.999082600122068,0.9749729864704165,0.4143,0.01171,0.0,0.0,0.0,0.0,0.0,0.0,0.0,0.0,0.0,0.0,0.0,3.3822945613338575,25.105200476379522,1.512504962286622,0.0,0.0,0.0,0.0,0.0,0.0,0.0,0.0,0.0,0.0,0.0,0.0,0.0,0.0,0.0,0.0,nan,nan,4.28628413623811,2.9511672999522425,nan,0.4143,0.05634,0.0,0.0,0.0,0.0,0.0,0.0,0.0,0.0,0.0,0.0,0.0,0.0,0.0,0.0,0.0,0.0,0.0,0.0,0.0,0.0,0.0,0.0,0.00017864231838030965,0.0002183406113537118,4.962286621675268e-05,6.947201270345376e-05,0.001518459706232632,0.0013199682413656212,0.0029178245335450574,0.01334855101230647,0.01574037316395395,0.006788408098451767,0.012921794362842397,0.010391028185788012,0.04031361651448988,0.01591901548233426,0.059984120682810636,0.06046050019849147,0.05450575625248114,0.11234616911472807,0.06163159984120683,0.08107383882493052,0.059944422389837236,0.0666931321953156,0.056867804684398574,0.03054783644303295,0.0397082175466455,0.027431520444620883,0.03193727669710202,0.04837236998809051,0.015055577610162763,0.036770543866613735,0.006530369194124652,0.012882096069868995,0.005885271933306868,0.0003275109170305677,0.003850734418420008,0.002332274712187376,0.0029178245335450574,0.0,0.00014886859865025803,9.924573243350536e-05,0.0,0.0,0.0,0.0,0.0,0.0,0.0,0.0,0.0,0.0,0.0,0.0,0.0,0.0,0.0,0.0,0.0,0.0,0.0,0.0,0.0,0.0,0.0,0.0,0.0,0.0,0.0,0.0,0.0,0.0,0.0,0.0,0.0,0.0,0.0,0.0,0.0,0.0,0.0,nan,nan,4.28628413623811,2.9511672999522425,nan,0.9119777439009717,0.022508926937339895,0.0,0.0,0.0,0.0,0.0,0.0,0.0,0.0,0.0,0.0,0.0,0.0,0.0,0.0,0.0,0.0,0.0,0.0,0.0,0.0,0.0,0.0,0.0,0.0,0.0,0.6915097963887823,8.033038801383022,16.3542066845947,4.66769112562428,0.2535535920092202,0.9115971597068364,0.02285183601002981,0.0,0.0,0.0,0.0,0.0,0.0,0.0,0.0,0.0,0.0,0.0,0.0,0.0,0.0,0.0,0.0,0.0,0.0,0.0,0.0,0.0,0.0,0.0,0.0,0.012320328542094458,0.8501026694045176,8.193018480492814,15.930184804928134,4.743326488706367,0.27104722792607805,0.4143,0.01175,0.0,0.0,0.0,0.0,0.0,0.0,0.0,0.0,0.0,0.0,0.0,3.2846715328467107,25.182481751824824,1.5328467153284675,0.0,0.0,0.0,0.0,0.0,0.0,0.0,0.0,0.0,0.0,0.0,0.0,0.0,0.0,0.0,0.0,0.4143,0.011665,0.0,0.0,0.0,0.0,0.0,0.0,0.0,0.0,0.0,0.0,0.0,3.4866529774127257,25.022587268993846,1.4907597535934296,0.0,0.0,0.0,0.0,0.0,0.0,0.0,0.0,0.0,0.0,0.0,0.0,0.0,0.0,0.0,0.0
68800,4310,2230,0.5174013921113689,1057,892,0.45220417633410676,1204,0.5587006960556845,0.422,2.925,3.0945283597392943,6.640287769784172,2.0957551968791837,8299.941595936043,431.66809297167055,7853.0,8736.159571194648,8716.819855822576,5.750188488148487,7853.0,0.0,27.58723897911833,20.765594303123486,32.540420819490585,19.038655514757913,0.14547563805104408,0.09675174013921113,0.09211136890951276,0.09327146171693736,0.08190255220417633,0.07192575406032482,0.0691415313225058,0.0654292343387471,0.05846867749419954,0.05243619489559165,0.038747099767981436,0.04060324825986079,0.0308584686774942,0.028538283062645012,0.019721577726218097,0.008816705336426913,0.00580046403712297,0.9115844951843164,0.02307645248453406,0.0,0.0,0.0,0.0,0.0,0.0,0.0,0.0,0.0,0.0,0.0,0.0,0.0,0.0,0.0,0.0,0.0,0.0,0.0,0.0,0.0,0.0,0.0,0.0,0.0,0.7587006960556847,8.645011600928076,15.487238979118333,4.823665893271462,0.28538283062645015,4.215962441314554,2.8762143609669533,nan,nan,nan,4.214755295836377,2.926773958142804,4.217142857142857,2.825899170609061,1.0005664768507057,0.4136,0.01177,0.0,0.0,0.0,0.0,0.0,0.0,0.0,0.0,0.0,0.0,0.0,3.814385150812059,24.744779582366597,1.4408352668213462,0.0,0.0,0.0,0.0,0.0,0.0,0.0,0.0,0.0,0.0,0.0,0.0,0.0,0.0,0.0,0.0,nan,nan,4.215962441314554,2.8762143609669533,nan,0.4136,0.0566,0.0,0.0,0.0,0.0,0.0,0.0,0.0,0.0,0.0,0.0,0.0,0.0,0.0,0.0,0.0,0.0,0.0,0.0,0.0,0.0,0.0,0.0,0.00020881670533642692,0.00034802784222737816,0.0001160092807424594,0.00013921113689095127,0.002134570765661253,0.0014733178654292344,0.002529002320185615,0.014477958236658933,0.01574245939675174,0.007204176334106729,0.011496519721577727,0.01037122969837587,0.04216937354988399,0.01765661252900232,0.06024361948955916,0.061473317865429235,0.054048723897911835,0.1138631090487239,0.060754060324825984,0.07749419953596287,0.05952436194895592,0.06588167053364269,0.05930394431554525,0.030092807424593967,0.03991879350348028,0.024791183294663573,0.03412993039443155,0.04634570765661253,0.01445475638051044,0.037192575406032484,0.00691415313225058,0.01111368909512761,0.0063109048723897915,0.00019721577726218098,0.004477958236658933,0.0030278422273781903,0.0020301624129930394,2.320185614849188e-05,0.0002900232018561485,3.480278422273782e-05,0.0,0.0,0.0,0.0,0.0,0.0,0.0,0.0,0.0,0.0,0.0,0.0,0.0,0.0,0.0,0.0,0.0,0.0,0.0,0.0,0.0,0.0,0.0,0.0,0.0,0.0,0.0,0.0,0.0,0.0,0.0,0.0,0.0,0.0,0.0,0.0,0.0,0.0,0.0,nan,nan,4.215962441314554,2.8762143609669533,nan,0.9113454810172453,0.02318745081768803,0.0,0.0,0.0,0.0,0.0,0.0,0.0,0.0,0.0,0.0,0.0,0.0,0.0,0.0,0.0,0.0,0.0,0.0,0.0,0.0,0.0,0.0,0.0,0.0,0.0,0.9417040358744396,8.46188340807175,15.645739910313905,4.775784753363229,0.17488789237668168,0.9118407459499744,0.022954089025991282,0.0,0.0,0.0,0.0,0.0,0.0,0.0,0.0,0.0,0.0,0.0,0.0,0.0,0.0,0.0,0.0,0.0,0.0,0.0,0.0,0.0,0.0,0.0,0.0,0.0,0.5625000000000001,8.841346153846155,15.317307692307695,4.875000000000001,0.40384615384615397,0.4133,0.01173,0.0,0.0,0.0,0.0,0.0,0.0,0.0,0.0,0.0,0.0,0.0,3.995515695067259,24.659192825112115,1.345291479820628,0.0,0.0,0.0,0.0,0.0,0.0,0.0,0.0,0.0,0.0,0.0,0.0,0.0,0.0,0.0,0.0,0.4138,0.01182,0.0,0.0,0.0,0.0,0.0,0.0,0.0,0.0,0.0,0.0,0.0,3.6201923076923026,24.836538461538467,1.5432692307692313,0.0,0.0,0.0,0.0,0.0,0.0,0.0,0.0,0.0,0.0,0.0,0.0,0.0,0.0,0.0,0.0
68900,4378,2261,0.5164458656920968,1084,898,0.45271813613522155,1206,0.5509365006852444,0.414,2.9367028814359943,3.0176240459066186,6.422110552763819,2.02729620034308,8299.113944007122,431.6934007634262,7853.0,8735.694872105121,8716.815500602906,5.687094593792626,7853.0,0.0,27.96847875742348,20.9659039813517,33.042884457798415,19.17794493717055,0.14116034719049794,0.09776153494746459,0.09319323892188214,0.08611238008222932,0.0808588396528095,0.07377798081315669,0.07103700319780722,0.06875285518501599,0.05778894472361809,0.04933759707629054,0.0438556418455916,0.038145271813613525,0.03586112380082229,0.025582457743261764,0.017587939698492462,0.009821836455002285,0.009365006852444038,0.9113356236890877,0.0228775015958192,0.0,0.0,0.0,0.0,0.0,0.0,0.0,0.0,0.0,0.0,0.0,0.0,0.0,0.0,0.0,0.0,0.0,0.0,0.0,0.0,0.0,0.0,0.0,0.0,0.013704888076747376,0.70580173595249,8.599817268158978,15.64412973960713,4.803563270899955,0.2329830973047054,4.176429075511645,2.8430966959014343,nan,nan,nan,4.116983791402396,2.859720104705469,4.236042402826855,2.825072229284678,1.0289188924360333,0.4136,0.01168,0.0,0.0,0.0,0.0,0.0,0.0,0.0,0.0,0.0,0.0,0.0,3.666057560529917,24.970306075833722,1.3636363636363638,0.0,0.0,0.0,0.0,0.0,0.0,0.0,0.0,0.0,0.0,0.0,0.0,0.0,0.0,0.0,0.0,nan,nan,4.176429075511645,2.8430966959014343,nan,0.4136,0.05655,0.0,0.0,0.0,0.0,0.0,0.0,0.0,0.0,0.0,0.0,0.0,0.0,0.0,0.0,0.0,0.0,0.0,0.0,0.0,0.0,0.0,0.0,9.136592051164915e-05,0.00027409776153494746,4.568296025582458e-05,1.1420740063956144e-05,0.002124257651895843,0.001656007309273641,0.0024211968935587028,0.01368204659661946,0.01587482868889904,0.0068752855185015985,0.011146642302421197,0.010792599360438556,0.04410689812699863,0.019038373686614894,0.060061671996345364,0.06500685244403838,0.049714481498401096,0.11277980813156692,0.06155778894472362,0.0763819095477387,0.06091822750114207,0.06888990406578346,0.05777752398355413,0.03041343079031521,0.038225216994061215,0.026347647327546825,0.03230927364093193,0.04602558245774326,0.012848332571950663,0.036888990406578344,0.00728643216080402,0.011557788944723618,0.00553905893101873,0.0004796710826861581,0.005356327089995431,0.0031749657377798082,0.0019301050708085885,1.1420740063956144e-05,0.00037688442211055275,0.0,0.0,0.0,0.0,0.0,0.0,0.0,0.0,0.0,0.0,0.0,0.0,0.0,0.0,0.0,0.0,0.0,0.0,0.0,0.0,0.0,0.0,0.0,0.0,0.0,0.0,0.0,0.0,0.0,0.0,0.0,0.0,0.0,0.0,0.0,0.0,0.0,0.0,0.0,0.0,nan,nan,4.176429075511645,2.8430966959014343,nan,0.9113867640337128,0.022760443326760114,0.0,0.0,0.0,0.0,0.0,0.0,0.0,0.0,0.0,0.0,0.0,0.0,0.0,0.0,0.0,0.0,0.0,0.0,0.0,0.0,0.0,0.0,0.0,0.0,0.0,0.7297655904467052,8.78372401592216,15.590446704997792,4.643962848297215,0.2521008403361345,0.9112810047381207,0.023001738825507472,0.0,0.0,0.0,0.0,0.0,0.0,0.0,0.0,0.0,0.0,0.0,0.0,0.0,0.0,0.0,0.0,0.0,0.0,0.0,0.0,0.0,0.0,0.0,0.0,0.028341993386868217,0.6802078412848371,8.403401039206425,15.701464336324992,4.974019839395372,0.21256495040151163,0.4133,0.01191,0.0,0.0,0.0,0.0,0.0,0.0,0.0,0.0,0.0,0.0,0.0,3.821318000884559,24.705882352941185,1.4727996461742596,0.0,0.0,0.0,0.0,0.0,0.0,0.0,0.0,0.0,0.0,0.0,0.0,0.0,0.0,0.0,0.0,0.4136,0.01142,0.0,0.0,0.0,0.0,0.0,0.0,0.0,0.0,0.0,0.0,0.0,3.500236183278219,25.25271610769958,1.2470477090222014,0.0,0.0,0.0,0.0,0.0,0.0,0.0,0.0,0.0,0.0,0.0,0.0,0.0,0.0,0.0,0.0
69000,4355,2199,0.5049368541905855,1061,919,0.45464982778415614,1231,0.5653272101033295,0.43,3.0547309833024117,3.2131702064310934,6.824675324675325,2.199861615727718,8289.19489407302,431.92814526965776,7853.0,8735.651924604177,8716.860283623466,5.710064293873879,7853.0,0.0,27.637428243398393,20.76770266502973,32.63172338090011,19.02769496929273,0.14213547646383468,0.09827784156142365,0.09460390355912744,0.09092996555683124,0.08082663605051665,0.07462686567164178,0.06934557979334098,0.06107921928817451,0.06383467278989667,0.05166475315729047,0.04477611940298507,0.040183696900114814,0.028243398392652126,0.02227324913892078,0.015614236509758898,0.013547646383467279,0.008036739380022962,0.9114766701080769,0.022637296534841957,0.0,0.0,0.0,0.0,0.0,0.0,0.0,0.0,0.0,0.0,0.0,0.0,0.0,0.0,0.0,0.0,0.0,0.0,0.0,0.0,0.0,0.0,0.0,0.0,0.0068886337543053976,0.8541905855338693,8.163030998851896,16.04362801377727,4.746268656716419,0.18599311136624574,4.376868327402136,2.9727047990878575,nan,nan,nan,4.3119266055045875,2.8845252371213466,4.442928930366116,3.0583829520485604,1.030381390233844,0.4136,0.01193,0.0,0.0,0.0,0.0,0.0,0.0,0.0,0.0,0.0,0.0,0.0,3.864523536165321,24.585533869115967,1.5499425947187147,0.0,0.0,0.0,0.0,0.0,0.0,0.0,0.0,0.0,0.0,0.0,0.0,0.0,0.0,0.0,0.0,nan,nan,4.376868327402136,2.9727047990878575,nan,0.4136,0.05643,0.0,0.0,0.0,0.0,0.0,0.0,0.0,0.0,0.0,0.0,0.0,0.0,0.0,0.0,0.0,0.0,0.0,0.0,0.0,0.0,0.0,0.0,0.00025258323765786454,0.00044776119402985075,0.0,3.444316877152698e-05,0.0013088404133180253,0.0017336394948335248,0.0028243398392652124,0.01365097588978186,0.017026406429391502,0.006073478760045924,0.011641791044776119,0.010780711825487945,0.04187141216991963,0.0195752009184845,0.06214695752009185,0.06142365097588978,0.051722158438576346,0.11243398392652124,0.06183696900114811,0.07562571756601608,0.06141216991963261,0.06540757749712973,0.058978185993111366,0.03167623421354765,0.03993111366245695,0.02703788748564868,0.03268656716417911,0.04639494833524684,0.014087256027554534,0.035832376578645235,0.007256027554535017,0.010723306544202067,0.005648679678530425,0.00021814006888633755,0.005304247990815155,0.003030998851894374,0.0017336394948335248,0.0,0.0002296211251435132,0.0,0.0,0.0,0.0,0.0,0.0,0.0,0.0,0.0,0.0,0.0,0.0,0.0,0.0,0.0,0.0,0.0,0.0,0.0,0.0,0.0,0.0,0.0,0.0,0.0,0.0,0.0,0.0,0.0,0.0,0.0,0.0,0.0,0.0,0.0,0.0,0.0,0.0,0.0,0.0,nan,nan,4.376868327402136,2.9727047990878575,nan,0.9115568189091875,0.022729703220254353,0.0,0.0,0.0,0.0,0.0,0.0,0.0,0.0,0.0,0.0,0.0,0.0,0.0,0.0,0.0,0.0,0.0,0.0,0.0,0.0,0.0,0.0,0.0,0.0,0.013642564802182814,0.9276944065484313,7.912687585266032,16.275579809004096,4.638472032742157,0.23192360163710782,0.9113949227919163,0.022542363115037448,0.0,0.0,0.0,0.0,0.0,0.0,0.0,0.0,0.0,0.0,0.0,0.0,0.0,0.0,0.0,0.0,0.0,0.0,0.0,0.0,0.0,0.0,0.0,0.0,0.0,0.7792207792207795,8.418367346938778,15.807050092764381,4.856215213358071,0.13914656771799633,0.4133,0.01197,0.0,0.0,0.0,0.0,0.0,0.0,0.0,0.0,0.0,0.0,0.0,3.9290586630286435,24.62482946793998,1.4461118690313783,0.0,0.0,0.0,0.0,0.0,0.0,0.0,0.0,0.0,0.0,0.0,0.0,0.0,0.0,0.0,0.0,0.4136,0.01189,0.0,0.0,0.0,0.0,0.0,0.0,0.0,0.0,0.0,0.0,0.0,3.7987012987012934,24.545454545454554,1.6558441558441563,0.0,0.0,0.0,0.0,0.0,0.0,0.0,0.0,0.0,0.0,0.0,0.0,0.0,0.0,0.0,0.0
69100,4576,2407,0.5260052447552448,1112,956,0.4519230769230769,1282,0.5603146853146853,0.40599999999999997,2.9866297833102813,3.1286103912191208,6.704152249134948,2.2206992705399355,8307.50836023035,431.4716860505696,7853.0,8737.064228022098,8717.075719324499,5.519911720110844,7853.0,0.0,27.337194055944057,20.552958573224732,32.32409102798849,18.811449666635937,0.14182692307692307,0.09877622377622378,0.09615384615384616,0.09375,0.08020104895104894,0.07583041958041958,0.07342657342657342,0.06118881118881119,0.05791083916083916,0.0472027972027972,0.047639860139860137,0.039335664335664336,0.03299825174825175,0.019667832167832168,0.018575174825174824,0.008522727272727272,0.006993006993006993,0.9116820991560296,0.02240887910045084,0.0,0.0,0.0,0.0,0.0,0.0,0.0,0.0,0.0,0.0,0.0,0.0,0.0,0.0,0.0,0.0,0.0,0.0,0.0,0.0,0.0,0.0,0.0,0.0,0.0,0.688374125874126,8.221153846153848,16.22596153846154,4.661276223776224,0.20323426573426578,4.348438036388603,2.956332575616927,nan,nan,nan,4.3020689655172415,2.984984698522954,4.394395078605605,2.9269336446611134,1.0214608630936401,0.414,0.0117,0.0,0.0,0.0,0.0,0.0,0.0,0.0,0.0,0.0,0.0,0.0,3.4943181818181768,24.984702797202804,1.5209790209790213,0.0,0.0,0.0,0.0,0.0,0.0,0.0,0.0,0.0,0.0,0.0,0.0,0.0,0.0,0.0,0.0,nan,nan,4.348438036388603,2.956332575616927,nan,0.414,0.0564,0.0,0.0,0.0,0.0,0.0,0.0,0.0,0.0,0.0,0.0,0.0,0.0,0.0,0.0,0.0,0.0,0.0,0.0,0.0,0.0,0.0,0.0,0.00013111888111888112,0.0002403846153846154,0.0,8.741258741258741e-05,0.0013330419580419581,0.00236013986013986,0.002972027972027972,0.012991695804195805,0.017810314685314684,0.006031468531468531,0.011177884615384616,0.01027097902097902,0.04010052447552447,0.019482080419580418,0.06009615384615385,0.05891608391608392,0.052371066433566434,0.11366914335664335,0.0594187062937063,0.07390734265734265,0.06393138111888112,0.06748251748251748,0.059375,0.031971153846153844,0.04027534965034965,0.029130244755244755,0.03366477272727273,0.04586975524475524,0.013789335664335664,0.03671328671328671,0.006829108391608392,0.012194055944055943,0.004906031468531469,0.00017482517482517483,0.005211975524475524,0.0031031468531468533,0.0019012237762237763,0.0,0.00010926573426573427,0.0,0.0,0.0,0.0,0.0,0.0,0.0,0.0,0.0,0.0,0.0,0.0,0.0,0.0,0.0,0.0,0.0,0.0,0.0,0.0,0.0,0.0,0.0,0.0,0.0,0.0,0.0,0.0,0.0,0.0,0.0,0.0,0.0,0.0,0.0,0.0,0.0,0.0,0.0,0.0,nan,nan,4.348438036388603,2.956332575616927,nan,0.9116928178490471,0.022176316620617132,0.0,0.0,0.0,0.0,0.0,0.0,0.0,0.0,0.0,0.0,0.0,0.0,0.0,0.0,0.0,0.0,0.0,0.0,0.0,0.0,0.0,0.0,0.0,0.0,0.0,0.6730369754881598,8.27586206896552,16.21520565018696,4.6863315330286675,0.14956377233070214,0.9116702043224227,0.02266416090574889,0.0,0.0,0.0,0.0,0.0,0.0,0.0,0.0,0.0,0.0,0.0,0.0,0.0,0.0,0.0,0.0,0.0,0.0,0.0,0.0,0.0,0.0,0.0,0.0,0.0,0.7053941908713695,8.160442600276626,16.237897648686033,4.633471645919779,0.26279391424619647,0.414,0.01168,0.0,0.0,0.0,0.0,0.0,0.0,0.0,0.0,0.0,0.0,0.0,3.4399667636061433,25.05193186539261,1.5081013710012467,0.0,0.0,0.0,0.0,0.0,0.0,0.0,0.0,0.0,0.0,0.0,0.0,0.0,0.0,0.0,0.0,0.414,0.011734,0.0,0.0,0.0,0.0,0.0,0.0,0.0,0.0,0.0,0.0,0.0,3.5546334716459147,24.91009681881052,1.5352697095435688,0.0,0.0,0.0,0.0,0.0,0.0,0.0,0.0,0.0,0.0,0.0,0.0,0.0,0.0,0.0,0.0
69200,4430,2269,0.5121896162528217,1050,882,0.43611738148984197,1208,0.545372460496614,0.434,2.962054604349838,3.2095479143791215,6.798611111111111,2.294558360771775,8295.315139075126,431.67896892758864,7853.0,8736.031877303123,8716.57693525906,5.634753323979145,7853.0,0.0,27.659142212189618,21.013890411698036,32.656056110062046,19.341733013612707,0.1415349887133183,0.10767494356659142,0.09480812641083522,0.09209932279909706,0.0762979683972912,0.06433408577878104,0.07155756207674943,0.06410835214446953,0.053724604966139955,0.053724604966139955,0.04785553047404063,0.03611738148984198,0.033408577878103835,0.02618510158013544,0.018961625282167043,0.00925507900677201,0.008352144469525959,0.9106150010638527,0.022835999574434208,0.0,0.0,0.0,0.0,0.0,0.0,0.0,0.0,0.0,0.0,0.0,0.0,0.0,0.0,0.0,0.0,0.0,0.0,0.0,0.0,0.0,0.0,0.0,0.0,0.02031602708803612,0.778781038374718,8.878103837471786,15.41309255079007,4.679458239277653,0.2302483069977427,4.4264339152119705,2.958359545730332,nan,nan,nan,4.524182076813656,2.995809995906057,4.328336902212706,2.9170014113993417,0.9567114737480057,0.4136,0.0115,0.0,0.0,0.0,0.0,0.0,0.0,0.0,0.0,0.0,0.0,0.0,3.521444695259589,25.022573363431157,1.4559819413092554,0.0,0.0,0.0,0.0,0.0,0.0,0.0,0.0,0.0,0.0,0.0,0.0,0.0,0.0,0.0,0.0,nan,nan,4.4264339152119705,2.958359545730332,nan,0.4136,0.05685,0.0,0.0,0.0,0.0,0.0,0.0,0.0,0.0,0.0,0.0,0.0,0.0,0.0,0.0,0.0,0.0,0.0,0.0,0.0,0.0,0.0,0.0,0.00018058690744920993,0.0002821670428893905,0.0,3.386004514672686e-05,0.0013769751693002256,0.002674943566591422,0.003510158013544018,0.013465011286681716,0.01930022573363431,0.006275395033860045,0.011489841986455982,0.010598194130925508,0.04108352144469526,0.020316027088036117,0.059604966139954856,0.05934537246049661,0.05073363431151241,0.11196388261851016,0.05397291196388262,0.07715575620767494,0.060790067720090296,0.07158013544018059,0.05828442437923251,0.03178329571106095,0.04126410835214447,0.03098194130925508,0.03349887133182844,0.045891647855530474,0.012618510158013544,0.034988713318284424,0.007426636568848758,0.012313769751693002,0.004492099322799097,0.00019187358916478555,0.005338600451467269,0.0029006772009029344,0.0021331828442437925,0.0,0.0001580135440180587,0.0,0.0,0.0,0.0,0.0,0.0,0.0,0.0,0.0,0.0,0.0,0.0,0.0,0.0,0.0,0.0,0.0,0.0,0.0,0.0,0.0,0.0,0.0,0.0,0.0,0.0,0.0,0.0,0.0,0.0,0.0,0.0,0.0,0.0,0.0,0.0,0.0,0.0,0.0,0.0,nan,nan,4.4264339152119705,2.958359545730332,nan,0.9100873813118479,0.02275376048196105,0.0,0.0,0.0,0.0,0.0,0.0,0.0,0.0,0.0,0.0,0.0,0.0,0.0,0.0,0.0,0.0,0.0,0.0,0.0,0.0,0.0,0.0,0.0,0.0,0.013221683561040108,0.727192595857206,9.440282062582638,15.033054208902604,4.548259144997798,0.23799030409872196,0.9111689895956895,0.02290895708555624,0.0,0.0,0.0,0.0,0.0,0.0,0.0,0.0,0.0,0.0,0.0,0.0,0.0,0.0,0.0,0.0,0.0,0.0,0.0,0.0,0.0,0.0,0.0,0.0,0.02776492364645998,0.8329477093937994,8.287829708468303,15.812124016658958,4.817214252660806,0.22211938917167984,0.4136,0.011635,0.0,0.0,0.0,0.0,0.0,0.0,0.0,0.0,0.0,0.0,0.0,3.5830762450418634,24.909651828999564,1.5072719259585725,0.0,0.0,0.0,0.0,0.0,0.0,0.0,0.0,0.0,0.0,0.0,0.0,0.0,0.0,0.0,0.0,0.4138,0.011345,0.0,0.0,0.0,0.0,0.0,0.0,0.0,0.0,0.0,0.0,0.0,3.4567329939842617,25.141138361869512,1.4021286441462288,0.0,0.0,0.0,0.0,0.0,0.0,0.0,0.0,0.0,0.0,0.0,0.0,0.0,0.0,0.0,0.0
69300,4966,2537,0.5108739428111155,1198,1015,0.44563028594442206,1402,0.5646395489327426,0.418,2.944009880609304,3.116007710612885,6.5874439461883405,2.2337720814198825,8294.335608127034,431.85856742531047,7853.0,8735.350447142124,8716.883575072468,5.658642545121057,7853.0,0.0,28.230970600080546,20.996404179428193,33.07347328244275,19.266619240124683,0.135118807893677,0.09867096254530809,0.0950463149416029,0.08699154248892468,0.07853403141361257,0.07571486105517519,0.07591623036649214,0.06101490132903745,0.05175191300845751,0.049536850583971004,0.05074506645187273,0.042287555376560614,0.034031413612565446,0.02778896496173983,0.019331453886427707,0.009464357631896899,0.008054772452678213,0.9108751061891194,0.022737085697636727,0.0,0.0,0.0,0.0,0.0,0.0,0.0,0.0,0.0,0.0,0.0,0.0,0.0,0.0,0.0,0.0,0.0,0.0,0.0,0.0,0.0,0.0,0.0,0.0,0.00604107933950866,0.7007652033830046,8.717277486910996,15.86387434554974,4.5066451872734605,0.20539669754329445,4.348989113530327,2.909117656798114,nan,nan,nan,4.3734335839598995,2.906805770850292,4.324891908585546,2.9111940092780797,0.9889007859745749,0.414,0.01192,0.0,0.0,0.0,0.0,0.0,0.0,0.0,0.0,0.0,0.0,0.0,3.540072492952069,24.840918244059612,1.619009262988321,0.0,0.0,0.0,0.0,0.0,0.0,0.0,0.0,0.0,0.0,0.0,0.0,0.0,0.0,0.0,0.0,nan,nan,4.348989113530327,2.909117656798114,nan,0.414,0.05728,0.0,0.0,0.0,0.0,0.0,0.0,0.0,0.0,0.0,0.0,0.0,0.0,0.0,0.0,0.0,0.0,0.0,0.0,0.0,0.0,0.0,0.0,0.00018123238018525977,0.00018123238018525977,7.047925896093435e-05,0.0,0.0013089005235602095,0.0024969794603302456,0.003966975432944019,0.0148610551751913,0.020680628272251308,0.006655255739025373,0.01008860249697946,0.010521546516310914,0.040293999194522756,0.019210632299637535,0.05775271848570278,0.0603503826016915,0.05049335481272654,0.11111558598469594,0.05131896898912606,0.07442609746274667,0.06363270237615787,0.07097261377366089,0.05705799436165928,0.03245066451872734,0.041190092629883206,0.03188683044703987,0.03653846153846154,0.045912202980265805,0.012857430527587596,0.035964559001208214,0.008215867901731776,0.01270640354409988,0.003554168344744261,0.00013089005235602096,0.005950463149416029,0.002909786548530004,0.001963350785340314,4.027386226339106e-05,9.061619009262988e-05,0.0,0.0,0.0,0.0,0.0,0.0,0.0,0.0,0.0,0.0,0.0,0.0,0.0,0.0,0.0,0.0,0.0,0.0,0.0,0.0,0.0,0.0,0.0,0.0,0.0,0.0,0.0,0.0,0.0,0.0,0.0,0.0,0.0,0.0,0.0,0.0,0.0,0.0,0.0,0.0,nan,nan,4.348989113530327,2.909117656798114,nan,0.9107655203149786,0.022750203088757154,0.0,0.0,0.0,0.0,0.0,0.0,0.0,0.0,0.0,0.0,0.0,0.0,0.0,0.0,0.0,0.0,0.0,0.0,0.0,0.0,0.0,0.0,0.0,0.0,0.011824990145841548,0.7213243988963345,8.833267638943635,15.691761923531732,4.5053212455656295,0.23649980291683095,0.9109895645516947,0.022722812720707034,0.0,0.0,0.0,0.0,0.0,0.0,0.0,0.0,0.0,0.0,0.0,0.0,0.0,0.0,0.0,0.0,0.0,0.0,0.0,0.0,0.0,0.0,0.0,0.0,0.0,0.6792918896665296,8.596130094689174,16.043639357760398,4.508027995059696,0.17291066282420753,0.4143,0.01176,0.0,0.0,0.0,0.0,0.0,0.0,0.0,0.0,0.0,0.0,0.0,3.512022073314934,24.96255419787151,1.5254237288135597,0.0,0.0,0.0,0.0,0.0,0.0,0.0,0.0,0.0,0.0,0.0,0.0,0.0,0.0,0.0,0.0,0.414,0.01208,0.0,0.0,0.0,0.0,0.0,0.0,0.0,0.0,0.0,0.0,0.0,3.569370111156849,24.713874022231376,1.7167558666117748,0.0,0.0,0.0,0.0,0.0,0.0,0.0,0.0,0.0,0.0,0.0,0.0,0.0,0.0,0.0,0.0
69400,4857,2466,0.5077208153180975,1169,1030,0.45274861025324276,1414,0.5822524191887997,0.37799999999999995,2.916352990380594,2.936044235008607,6.20281690140845,1.9733414737720152,8291.447546642135,431.7474699245576,7853.0,8738.955898427963,8716.560313885178,5.653524036783443,7853.0,0.0,28.30862672431542,20.87159074173894,33.36379267993122,19.00455816144051,0.1375334568663784,0.09656166357834053,0.09017912291537987,0.08976734609841466,0.0753551575046325,0.07411982705373688,0.06835495161622401,0.06547251389746757,0.06217829936174593,0.05517809347333745,0.04982499485278979,0.04014823965410747,0.036854025118385834,0.0255301626518427,0.014206300185299567,0.010706197241095327,0.008029647930821495,0.9098493789531872,0.023125109892703666,0.0,0.0,0.0,0.0,0.0,0.0,0.0,0.0,0.0,0.0,0.0,0.0,0.0,0.0,0.0,0.0,0.0,0.0,0.0,0.0,0.0,0.0,0.0,0.0,0.012353304508956149,0.9697344039530577,8.937615812229772,15.478690549722053,4.373069796170476,0.22853613341568874,4.129062795834648,2.7105099908288417,nan,nan,nan,4.16625,2.730588020463724,4.091140854047164,2.689351432362517,0.9819720021715366,0.4138,0.01183,0.0,0.0,0.0,0.0,0.0,0.0,0.0,0.0,0.0,0.0,0.0,3.7862878319950535,24.66954910438543,1.5441630636195185,0.0,0.0,0.0,0.0,0.0,0.0,0.0,0.0,0.0,0.0,0.0,0.0,0.0,0.0,0.0,0.0,nan,nan,4.129062795834648,2.7105099908288417,nan,0.4138,0.05713,0.0,0.0,0.0,0.0,0.0,0.0,0.0,0.0,0.0,0.0,0.0,0.0,0.0,0.0,0.0,0.0,0.0,0.0,0.0,0.0,0.0,0.0,7.206094296891085e-05,7.206094296891085e-05,0.00010294420424130121,3.088326127239036e-05,0.0014823965410747375,0.0027691990940910028,0.003788346716079885,0.013743051266213712,0.021649166151945645,0.007586987852583899,0.0109017912291538,0.008822318303479515,0.04159975293390982,0.019425571340333538,0.05772081531809759,0.059934115709285564,0.05083384805435454,0.11338274655136915,0.052305950175005146,0.07333745110150298,0.06409306156063414,0.06817994646901379,0.055425159563516575,0.03452748610253243,0.04198064648960263,0.031089149680872966,0.03336421659460572,0.04540868849083796,0.014144533662754788,0.03769816759316451,0.008853201564751905,0.01273419806464896,0.0034692196829318508,7.206094296891085e-05,0.00511632695079267,0.002861848877908174,0.001358863495985176,1.029442042413012e-05,4.117768169652048e-05,1.029442042413012e-05,0.0,0.0,0.0,0.0,0.0,0.0,0.0,0.0,0.0,0.0,0.0,0.0,0.0,0.0,0.0,0.0,0.0,0.0,0.0,0.0,0.0,0.0,0.0,0.0,0.0,0.0,0.0,0.0,0.0,0.0,0.0,0.0,0.0,0.0,0.0,0.0,0.0,0.0,0.0,nan,nan,4.129062795834648,2.7105099908288417,nan,0.9096052027145055,0.02320103767771167,0.0,0.0,0.0,0.0,0.0,0.0,0.0,0.0,0.0,0.0,0.0,0.0,0.0,0.0,0.0,0.0,0.0,0.0,0.0,0.0,0.0,0.0,0.0,0.0,0.012165450121654504,1.0340632603406328,8.83211678832117,15.596107055961074,4.245742092457422,0.2798053527980536,0.9101012144214387,0.023043828211236718,0.0,0.0,0.0,0.0,0.0,0.0,0.0,0.0,0.0,0.0,0.0,0.0,0.0,0.0,0.0,0.0,0.0,0.0,0.0,0.0,0.0,0.0,0.0,0.0,0.012547051442910918,0.9033877038895861,9.046424090338771,15.357590966122965,4.50439146800502,0.17565872020075288,0.4138,0.01183,0.0,0.0,0.0,0.0,0.0,0.0,0.0,0.0,0.0,0.0,0.0,3.637469586374691,24.781021897810223,1.5815085158150854,0.0,0.0,0.0,0.0,0.0,0.0,0.0,0.0,0.0,0.0,0.0,0.0,0.0,0.0,0.0,0.0,0.4136,0.01183,0.0,0.0,0.0,0.0,0.0,0.0,0.0,0.0,0.0,0.0,0.0,3.9397741530740222,24.55457967377667,1.5056461731493103,0.0,0.0,0.0,0.0,0.0,0.0,0.0,0.0,0.0,0.0,0.0,0.0,0.0,0.0,0.0,0.0
69500,4360,2291,0.5254587155963303,1082,887,0.451605504587156,1193,0.5472477064220184,0.438,2.9840502658289028,3.1035358978895045,6.684306569343065,2.161535442239852,8306.6613975548,431.14105207372177,7853.0,8733.384552681446,8716.362589846758,5.686487761048499,7853.0,0.0,27.918119266055047,20.890451313838756,33.027732015376166,19.060326489128435,0.14610091743119266,0.10389908256880734,0.0834862385321101,0.08073394495412844,0.08325688073394495,0.07178899082568807,0.07110091743119266,0.06880733944954129,0.056651376146788994,0.04931192660550459,0.05091743119266055,0.042889908256880736,0.03004587155963303,0.025,0.021559633027522937,0.008486238532110092,0.005963302752293578,0.9096685175228556,0.022914297988495567,0.0,0.0,0.0,0.0,0.0,0.0,0.0,0.0,0.0,0.0,0.0,0.0,0.0,0.0,0.0,0.0,0.0,0.0,0.0,0.0,0.0,0.0,0.0,0.0,0.00688073394495413,0.8944954128440369,9.192660550458717,15.4954128440367,4.238532110091744,0.17201834862385323,4.196301564722617,2.8667442251523263,nan,nan,nan,4.238912732474964,2.8244035600830566,4.154172560113154,2.907385900360947,0.9800089839753947,0.4128,0.01164,0.0,0.0,0.0,0.0,0.0,0.0,0.0,0.0,0.0,0.0,0.0,4.045871559633022,24.612385321100923,1.3417431192660552,0.0,0.0,0.0,0.0,0.0,0.0,0.0,0.0,0.0,0.0,0.0,0.0,0.0,0.0,0.0,0.0,nan,nan,4.196301564722617,2.8667442251523263,nan,0.4128,0.05652,0.0,0.0,0.0,0.0,0.0,0.0,0.0,0.0,0.0,0.0,0.0,0.0,0.0,0.0,0.0,0.0,0.0,0.0,0.0,0.0,0.0,0.0,3.4403669724770645e-05,0.00019495412844036696,0.00012614678899082568,5.733944954128441e-05,0.0014105504587155963,0.0018807339449541285,0.0035550458715596332,0.014288990825688073,0.02114678899082569,0.007408256880733945,0.010561926605504587,0.009518348623853212,0.04470183486238532,0.021112385321100918,0.05767201834862385,0.06005733944954129,0.0531651376146789,0.11270642201834863,0.050344036697247706,0.07488532110091743,0.06549311926605504,0.07083715596330276,0.05568807339449541,0.033222477064220185,0.04019495412844037,0.03003440366972477,0.03076834862385321,0.04415137614678899,0.012419724770642201,0.04057339449541284,0.008314220183486239,0.013222477064220183,0.003360091743119266,0.00020642201834862386,0.004139908256880734,0.00161697247706422,0.0009174311926605505,0.0,0.0,0.0,1.146788990825688e-05,0.0,0.0,0.0,0.0,0.0,0.0,0.0,0.0,0.0,0.0,0.0,0.0,0.0,0.0,0.0,0.0,0.0,0.0,0.0,0.0,0.0,0.0,0.0,0.0,0.0,0.0,0.0,0.0,0.0,0.0,0.0,0.0,0.0,0.0,0.0,0.0,0.0,0.0,nan,nan,4.196301564722617,2.8667442251523263,nan,0.9098085463957618,0.022982417062615498,0.0,0.0,0.0,0.0,0.0,0.0,0.0,0.0,0.0,0.0,0.0,0.0,0.0,0.0,0.0,0.0,0.0,0.0,0.0,0.0,0.0,0.0,0.0,0.0,0.013094718463553036,0.8380619816673943,9.27106067219555,15.320820602357053,4.3998254037538205,0.15713662156263644,0.9095134638023008,0.02283763112299696,0.0,0.0,0.0,0.0,0.0,0.0,0.0,0.0,0.0,0.0,0.0,0.0,0.0,0.0,0.0,0.0,0.0,0.0,0.0,0.0,0.0,0.0,0.0,0.0,0.0,0.9569840502658291,9.105848235862737,15.688738521024653,4.059932334461093,0.18849685838569363,0.4128,0.01156,0.0,0.0,0.0,0.0,0.0,0.0,0.0,0.0,0.0,0.0,0.0,4.006983849847223,24.82758620689656,1.1654299432562203,0.0,0.0,0.0,0.0,0.0,0.0,0.0,0.0,0.0,0.0,0.0,0.0,0.0,0.0,0.0,0.0,0.4128,0.011734,0.0,0.0,0.0,0.0,0.0,0.0,0.0,0.0,0.0,0.0,0.0,4.088931851135809,24.374093765103922,1.5369743837602712,0.0,0.0,0.0,0.0,0.0,0.0,0.0,0.0,0.0,0.0,0.0,0.0,0.0,0.0,0.0,0.0
69600,4329,2233,0.5158235158235158,1018,899,0.44282744282744285,1222,0.5645645645645646,0.434,3.056297709923664,3.2085106344722427,6.8649572649572645,2.128492755080488,8298.207338370157,431.3529355736317,7853.0,8733.891657972335,8716.100119930323,5.6423859873964055,7853.0,0.0,27.856317856317855,20.920813587015985,32.70872188699945,19.23135312784333,0.13906213906213907,0.10025410025410025,0.09678909678909679,0.09309309309309309,0.07830907830907831,0.07068607068607069,0.06583506583506583,0.06190806190806191,0.0632940632940633,0.04781704781704782,0.04389004389004389,0.040887040887040885,0.03765303765303765,0.029337029337029336,0.01593901593901594,0.009009009009009009,0.006237006237006237,0.9088784815615775,0.02294465653747616,0.0,0.0,0.0,0.0,0.0,0.0,0.0,0.0,0.0,0.0,0.0,0.0,0.0,0.0,0.0,0.0,0.0,0.0,0.0,0.0,0.0,0.0,0.0,0.0,0.020790020790020795,0.9009009009009011,9.743589743589745,14.982674982674986,4.164934164934166,0.18711018711018718,4.368288288288288,2.937646871581928,nan,nan,nan,4.3460706560922855,2.9290930709883023,4.390771449170872,2.9470454788600797,1.0102853351028533,0.4128,0.01171,0.0,0.0,0.0,0.0,0.0,0.0,0.0,0.0,0.0,0.0,0.0,4.248094248094242,24.497574497574504,1.2543312543312546,0.0,0.0,0.0,0.0,0.0,0.0,0.0,0.0,0.0,0.0,0.0,0.0,0.0,0.0,0.0,0.0,nan,nan,4.368288288288288,2.937646871581928,nan,0.4128,0.05646,0.0,0.0,0.0,0.0,0.0,0.0,0.0,0.0,0.0,0.0,0.0,0.0,0.0,0.0,0.0,0.0,0.0,0.0,0.0,0.0,0.0,0.0,0.0,0.0001155001155001155,0.0001617001617001617,4.62000462000462e-05,0.0010395010395010396,0.002263802263802264,0.003210903210903211,0.014703164703164703,0.021702471702471703,0.0057288057288057284,0.010383460383460384,0.010221760221760221,0.044121044121044124,0.023284823284823286,0.05794640794640794,0.060475860475860475,0.04988449988449988,0.11308616308616308,0.05009240009240009,0.07582582582582582,0.0660891660891661,0.07169092169092169,0.053384153384153386,0.03424578424578425,0.042434742434742434,0.02815892815892816,0.03262878262878263,0.04234234234234234,0.012104412104412104,0.04176484176484176,0.006999306999306999,0.013132363132363132,0.002945252945252945,0.00019635019635019636,0.004735504735504736,0.0016863016863016863,0.0011434511434511435,2.31000231000231e-05,0.0,0.0,0.0,0.0,0.0,0.0,0.0,0.0,0.0,0.0,0.0,0.0,0.0,0.0,0.0,0.0,0.0,0.0,0.0,0.0,0.0,0.0,0.0,0.0,0.0,0.0,0.0,0.0,0.0,0.0,0.0,0.0,0.0,0.0,0.0,0.0,0.0,0.0,0.0,0.0,0.0,nan,nan,4.368288288288288,2.937646871581928,nan,0.9082887794103421,0.02272311187948158,0.0,0.0,0.0,0.0,0.0,0.0,0.0,0.0,0.0,0.0,0.0,0.0,0.0,0.0,0.0,0.0,0.0,0.0,0.0,0.0,0.0,0.0,0.0,0.0,0.0,0.8866995073891628,10.116435288849084,14.952978056426335,3.8692342140618012,0.17465293327362297,0.9095067281759422,0.023161840263016126,0.0,0.0,0.0,0.0,0.0,0.0,0.0,0.0,0.0,0.0,0.0,0.0,0.0,0.0,0.0,0.0,0.0,0.0,0.0,0.0,0.0,0.0,0.0,0.0,0.04293893129770993,0.9160305343511452,9.346374045801529,15.014312977099241,4.479961832061069,0.20038167938931303,0.413,0.01169,0.0,0.0,0.0,0.0,0.0,0.0,0.0,0.0,0.0,0.0,0.0,4.043887147335417,24.612628750559793,1.3434841021047919,0.0,0.0,0.0,0.0,0.0,0.0,0.0,0.0,0.0,0.0,0.0,0.0,0.0,0.0,0.0,0.0,0.4126,0.011734,0.0,0.0,0.0,0.0,0.0,0.0,0.0,0.0,0.0,0.0,0.0,4.465648854961826,24.375000000000007,1.1593511450381682,0.0,0.0,0.0,0.0,0.0,0.0,0.0,0.0,0.0,0.0,0.0,0.0,0.0,0.0,0.0,0.0
69700,4579,2348,0.5127757152216641,1138,914,0.44813278008298757,1281,0.5595108102205721,0.418,2.947557149260421,3.0865931070881536,6.530805687203792,2.1284387803146783,8295.70154860152,431.5497609112823,7853.0,8733.446868145465,8716.343437413268,5.651980229762086,7853.0,0.0,28.07381524350295,21.11746621728656,33.054384595368205,19.401127694566128,0.13758462546407513,0.10329766324525005,0.09084953046516707,0.08691854116619349,0.08102205721773313,0.08364271675038218,0.06442454684428915,0.059620004367765884,0.05219480235859358,0.05394190871369295,0.045861541821358376,0.04018344616728543,0.03647084516269928,0.025333042148940818,0.020091723083642717,0.008298755186721992,0.010264249836208779,0.9092872359263738,0.022454026923517365,0.0,0.0,0.0,0.0,0.0,0.0,0.0,0.0,0.0,0.0,0.0,0.0,0.0,0.0,0.0,0.0,0.0,0.0,0.0,0.0,0.0,0.0,0.0,0.0,0.013103297663245254,0.8713692946058094,9.277134745577639,15.63878576108321,4.055470626774405,0.14413627429569778,4.220168067226891,2.8811056418764944,nan,nan,nan,4.13765718067505,2.9018088457682647,4.307587149692413,2.8567515193114814,1.0410691271889372,0.4133,0.01153,0.0,0.0,0.0,0.0,0.0,0.0,0.0,0.0,0.0,0.0,0.0,3.9244376501419467,24.73902598820704,1.3365363616510157,0.0,0.0,0.0,0.0,0.0,0.0,0.0,0.0,0.0,0.0,0.0,0.0,0.0,0.0,0.0,0.0,nan,nan,4.220168067226891,2.8811056418764944,nan,0.4133,0.05643,0.0,0.0,0.0,0.0,0.0,0.0,0.0,0.0,0.0,0.0,0.0,0.0,0.0,0.0,0.0,0.0,0.0,0.0,0.0,0.0,0.0,0.0,0.0,9.827473247433938e-05,0.00015287180607119458,0.0,0.0014850404018344617,0.002336754749945403,0.002435029482419742,0.013682026643371915,0.020921598602314916,0.005088447259226906,0.009936667394627648,0.010307927495086263,0.043732255951081024,0.02475431316881415,0.05835335226031885,0.06094125354880978,0.04974885346145447,0.11635728324961782,0.04953046516706704,0.07585717405547063,0.06590958724612361,0.0678750818956104,0.05244594889713911,0.03583751910897576,0.042378248525879014,0.028892771347455777,0.031229526097401178,0.044518453810875734,0.012196986241537453,0.04206158549901725,0.006103952828128412,0.013856737278881853,0.0020200917230836428,0.00022930770910679189,0.005110286088665647,0.0019436558200480454,0.0016160733784669143,0.0,5.4597073596855206e-05,0.0,0.0,0.0,0.0,0.0,0.0,0.0,0.0,0.0,0.0,0.0,0.0,0.0,0.0,0.0,0.0,0.0,0.0,0.0,0.0,0.0,0.0,0.0,0.0,0.0,0.0,0.0,0.0,0.0,0.0,0.0,0.0,0.0,0.0,0.0,0.0,0.0,0.0,0.0,0.0,nan,nan,4.220168067226891,2.8811056418764944,nan,0.9094831686612898,0.022587390637372123,0.0,0.0,0.0,0.0,0.0,0.0,0.0,0.0,0.0,0.0,0.0,0.0,0.0,0.0,0.0,0.0,0.0,0.0,0.0,0.0,0.0,0.0,0.0,0.0,0.012776831345826238,0.8560477001703579,9.250425894378196,15.447189097103921,4.318568994889268,0.11499148211243614,0.9090810279202857,0.02231095003008309,0.0,0.0,0.0,0.0,0.0,0.0,0.0,0.0,0.0,0.0,0.0,0.0,0.0,0.0,0.0,0.0,0.0,0.0,0.0,0.0,0.0,0.0,0.0,0.0,0.013446884805020173,0.8874943971313315,9.30524428507396,15.840430300313765,3.778574630210669,0.17480950246526228,0.413,0.011246,0.0,0.0,0.0,0.0,0.0,0.0,0.0,0.0,0.0,0.0,0.0,3.7563884156729075,25.0298126064736,1.2137989778534926,0.0,0.0,0.0,0.0,0.0,0.0,0.0,0.0,0.0,0.0,0.0,0.0,0.0,0.0,0.0,0.0,0.4136,0.01181,0.0,0.0,0.0,0.0,0.0,0.0,0.0,0.0,0.0,0.0,0.0,4.101299865531146,24.432989690721655,1.465710443747199,0.0,0.0,0.0,0.0,0.0,0.0,0.0,0.0,0.0,0.0,0.0,0.0,0.0,0.0,0.0,0.0
69800,4736,2489,0.5255489864864865,1171,972,0.45249155405405406,1330,0.5616554054054054,0.40599999999999997,2.934134401424121,3.028440467479809,6.426517571884984,2.0633419216101765,8306.749092282198,431.1453880672669,7853.0,8734.618319654464,8716.381157512455,5.546512392489864,7853.0,0.0,28.5,20.863850396759904,33.30431529059616,19.060751069039945,0.1345016891891892,0.0933277027027027,0.09311655405405406,0.0863597972972973,0.08150337837837837,0.07369087837837837,0.06883445945945946,0.06841216216216216,0.05489864864864865,0.05848817567567568,0.048986486486486486,0.04307432432432432,0.033361486486486486,0.025548986486486486,0.02027027027027027,0.008657094594594595,0.006967905405405405,0.9095901455100928,0.022243207885808806,0.0,0.0,0.0,0.0,0.0,0.0,0.0,0.0,0.0,0.0,0.0,0.0,0.0,0.0,0.0,0.0,0.0,0.0,0.0,0.0,0.0,0.0,0.0,0.0,0.006334459459459461,0.7728040540540543,9.336993243243246,15.595439189189193,4.1680743243243255,0.12035472972972976,4.154118404118404,2.860730059799588,nan,nan,nan,4.208762886597938,2.8275568696303406,4.099614395886889,2.892410929037378,0.9740663720784526,0.4133,0.01159,0.0,0.0,0.0,0.0,0.0,0.0,0.0,0.0,0.0,0.0,0.0,3.7880067567567512,24.869087837837846,1.3429054054054057,0.0,0.0,0.0,0.0,0.0,0.0,0.0,0.0,0.0,0.0,0.0,0.0,0.0,0.0,0.0,0.0,nan,nan,4.154118404118404,2.860730059799588,nan,0.4133,0.05597,0.0,0.0,0.0,0.0,0.0,0.0,0.0,0.0,0.0,0.0,0.0,0.0,0.0,0.0,0.0,0.0,0.0,0.0,0.0,0.0,0.0,0.0,0.0,8.445945945945946e-05,0.0002217060810810811,0.0,0.001414695945945946,0.0023543074324324322,0.0026076858108108106,0.012690033783783784,0.018507179054054055,0.005342060810810811,0.011475929054054054,0.010747466216216216,0.043222128378378376,0.026361908783783784,0.05693623310810811,0.06033572635135135,0.04710726351351351,0.11783150337837837,0.04991554054054054,0.08176731418918919,0.06563555743243243,0.06700802364864865,0.05004222972972973,0.036254222972972976,0.04248310810810811,0.03127111486486486,0.030891047297297296,0.04429898648648649,0.01114864864864865,0.042514780405405406,0.006028293918918919,0.012753378378378378,0.0021853885135135133,0.000316722972972973,0.00438133445945946,0.002227618243243243,0.0016047297297297298,0.0,3.16722972972973e-05,0.0,0.0,0.0,0.0,0.0,0.0,0.0,0.0,0.0,0.0,0.0,0.0,0.0,0.0,0.0,0.0,0.0,0.0,0.0,0.0,0.0,0.0,0.0,0.0,0.0,0.0,0.0,0.0,0.0,0.0,0.0,0.0,0.0,0.0,0.0,0.0,0.0,0.0,0.0,0.0,nan,nan,4.154118404118404,2.860730059799588,nan,0.9095237264435854,0.022309598232896473,0.0,0.0,0.0,0.0,0.0,0.0,0.0,0.0,0.0,0.0,0.0,0.0,0.0,0.0,0.0,0.0,0.0,0.0,0.0,0.0,0.0,0.0,0.0,0.0,0.0,0.8557653676175172,9.232623543591805,15.62073121735637,4.146243471273604,0.14463640016070714,0.909663717853901,0.022169202974416373,0.0,0.0,0.0,0.0,0.0,0.0,0.0,0.0,0.0,0.0,0.0,0.0,0.0,0.0,0.0,0.0,0.0,0.0,0.0,0.0,0.0,0.0,0.0,0.0,0.013351134846461953,0.6809078771695595,9.452603471295062,15.567423230974637,4.192256341789053,0.09345794392523367,0.413,0.01159,0.0,0.0,0.0,0.0,0.0,0.0,0.0,0.0,0.0,0.0,0.0,3.8449176376054583,24.877460827641627,1.2776215347529132,0.0,0.0,0.0,0.0,0.0,0.0,0.0,0.0,0.0,0.0,0.0,0.0,0.0,0.0,0.0,0.0,0.4133,0.01159,0.0,0.0,0.0,0.0,0.0,0.0,0.0,0.0,0.0,0.0,0.0,3.7249666221628783,24.859813084112155,1.415220293724967,0.0,0.0,0.0,0.0,0.0,0.0,0.0,0.0,0.0,0.0,0.0,0.0,0.0,0.0,0.0,0.0
69900,4593,2399,0.522316568691487,1137,940,0.45220988460701067,1274,0.5547572392771609,0.418,2.969006381039198,3.1312734611599433,6.722504230118443,2.1651331396127698,8303.925259348429,431.24761594578683,7853.0,8733.881914579868,8716.317930882587,5.574994606481979,7853.0,0.0,27.555410407141302,20.67513933372252,32.604068857589986,18.900026472436366,0.142172871761376,0.09928151534944481,0.09623339865011975,0.0857827128238624,0.07794469845416939,0.08360548661005879,0.0705421293272371,0.06531678641410843,0.05377748748094927,0.04942303505334204,0.046810363596777704,0.036359677770520356,0.03069888961463096,0.02786849553668626,0.020030481166993252,0.008273459612453734,0.005878510777269758,0.9098239328226388,0.022365023734716438,0.0,0.0,0.0,0.0,0.0,0.0,0.0,0.0,0.0,0.0,0.0,0.0,0.0,0.0,0.0,0.0,0.0,0.0,0.0,0.0,0.0,0.0,0.0,0.0,0.01959503592423253,0.8425865447419989,9.000653167864142,15.728282168517312,4.232527759634227,0.1763553233180928,4.228989452194624,2.949783303479523,nan,nan,nan,4.255479452054795,2.9990530656648398,4.202839756592292,2.900088370692248,0.9876301375542806,0.413,0.01164,0.0,0.0,0.0,0.0,0.0,0.0,0.0,0.0,0.0,0.0,0.0,3.886348791639446,24.853037230568262,1.260613977792293,0.0,0.0,0.0,0.0,0.0,0.0,0.0,0.0,0.0,0.0,0.0,0.0,0.0,0.0,0.0,0.0,nan,nan,4.228989452194624,2.949783303479523,nan,0.413,0.05576,0.0,0.0,0.0,0.0,0.0,0.0,0.0,0.0,0.0,0.0,0.0,0.0,0.0,0.0,0.0,0.0,0.0,0.0,0.0,0.0,0.0,0.0,0.0,4.3544524276072285e-05,0.00016329196603527107,1.0886131069018071e-05,0.0015022860875244938,0.0019159590681471805,0.0023949488351839754,0.01393424776834313,0.0169279338123231,0.005160026126714566,0.011637274112780318,0.012344872632266492,0.04365338558676247,0.026507729153059004,0.056869148704550405,0.06125625952536468,0.04712606139777923,0.11607881558893969,0.04749618985412584,0.08677335075114305,0.0646962769431744,0.06601349880252558,0.048965817548443286,0.03545612889179186,0.04160679294578707,0.03386675375571522,0.029338123231003703,0.046527324188983234,0.01145220988460701,0.04206401045068583,0.0058893969083387765,0.01235575876333551,0.0022860875244937948,0.000609623339865012,0.0036033093838449817,0.0018179838885260177,0.0016329196603527107,0.0,2.1772262138036142e-05,0.0,0.0,0.0,0.0,0.0,0.0,0.0,0.0,0.0,0.0,0.0,0.0,0.0,0.0,0.0,0.0,0.0,0.0,0.0,0.0,0.0,0.0,0.0,0.0,0.0,0.0,0.0,0.0,0.0,0.0,0.0,0.0,0.0,0.0,0.0,0.0,0.0,0.0,0.0,0.0,nan,nan,4.228989452194624,2.949783303479523,nan,0.9093954617801235,0.022186058405173063,0.0,0.0,0.0,0.0,0.0,0.0,0.0,0.0,0.0,0.0,0.0,0.0,0.0,0.0,0.0,0.0,0.0,0.0,0.0,0.0,0.0,0.0,0.0,0.0,0.0,0.8378491037932474,9.37890787828262,15.731554814506048,3.8641100458524393,0.1875781575656524,0.9102924387620163,0.022549769984206384,0.0,0.0,0.0,0.0,0.0,0.0,0.0,0.0,0.0,0.0,0.0,0.0,0.0,0.0,0.0,0.0,0.0,0.0,0.0,0.0,0.0,0.0,0.0,0.0,0.04102096627164996,0.847766636280766,8.587055606198726,15.72470373746582,4.635369188696446,0.16408386508659983,0.413,0.011566,0.0,0.0,0.0,0.0,0.0,0.0,0.0,0.0,0.0,0.0,0.0,3.9266360983743174,24.79783243017925,1.2755314714464363,0.0,0.0,0.0,0.0,0.0,0.0,0.0,0.0,0.0,0.0,0.0,0.0,0.0,0.0,0.0,0.0,0.4133,0.01172,0.0,0.0,0.0,0.0,0.0,0.0,0.0,0.0,0.0,0.0,0.0,3.8422971741112066,24.913400182315414,1.2443026435733822,0.0,0.0,0.0,0.0,0.0,0.0,0.0,0.0,0.0,0.0,0.0,0.0,0.0,0.0,0.0,0.0
70000,4498,2302,0.5117830146731881,1099,951,0.45575811471765226,1274,0.5664739884393064,0.438,2.963570127504554,3.111694670190501,6.663822525597269,2.200206722192251,8294.898173844642,431.62335311637594,7853.0,8737.094157928228,8716.448299719026,5.676007995733026,7853.0,0.0,28.162294353045798,20.816468778707705,33.03321033210332,19.01514125970555,0.13872832369942195,0.0953757225433526,0.09004001778568252,0.09004001778568252,0.082258781680747,0.07203201422854602,0.06958648288128057,0.06669630947087594,0.058470431302801246,0.050689195197865716,0.05002223210315696,0.0426856380613606,0.03423743886171632,0.025344597598932858,0.0164517563361494,0.011783014673188083,0.005558025789239662,0.9098869979302053,0.022752694057566452,0.0,0.0,0.0,0.0,0.0,0.0,0.0,0.0,0.0,0.0,0.0,0.0,0.0,0.0,0.0,0.0,0.0,0.0,0.0,0.0,0.0,0.0,0.0,0.0,0.013339261894175192,0.8937305469097379,8.857269897732326,15.760337927967988,4.288572698977324,0.1867496665184527,4.20509337860781,2.9133568407017116,nan,nan,nan,4.167338709677419,2.889698595233984,4.243651338366506,2.9368208658570025,1.0183120773245222,0.4128,0.011696,0.0,0.0,0.0,0.0,0.0,0.0,0.0,0.0,0.0,0.0,0.0,4.261894175188966,24.47087594486439,1.267229879946643,0.0,0.0,0.0,0.0,0.0,0.0,0.0,0.0,0.0,0.0,0.0,0.0,0.0,0.0,0.0,0.0,nan,nan,4.20509337860781,2.9133568407017116,nan,0.4128,0.05563,0.0,0.0,0.0,0.0,0.0,0.0,0.0,0.0,0.0,0.0,0.0,0.0,0.0,0.0,0.0,0.0,0.0,0.0,0.0,0.0,0.0,0.0,0.0,3.334815473543797e-05,0.00021120497999110716,0.0,0.0013228101378390397,0.0025011116051578478,0.0017118719430858158,0.014117385504668742,0.016840818141396176,0.004891062694530902,0.011705202312138728,0.013928412627834593,0.040662516674077366,0.026856380613606047,0.059081814139617606,0.0608048021342819,0.04779902178746109,0.11681858603823922,0.05115606936416185,0.08613828368163629,0.06618497109826589,0.0655958203646065,0.04547576700755891,0.0351600711427301,0.04098488216985327,0.03321476211649622,0.027534459759893284,0.04560915962650067,0.011571809693196976,0.04453090262338817,0.005413517118719431,0.01282792352156514,0.0021453979546465097,0.00044464206313917296,0.004035126722987995,0.0014784348599377502,0.0011783014673188083,0.0,3.334815473543797e-05,0.0,0.0,0.0,0.0,0.0,0.0,0.0,0.0,0.0,0.0,0.0,0.0,0.0,0.0,0.0,0.0,0.0,0.0,0.0,0.0,0.0,0.0,0.0,0.0,0.0,0.0,0.0,0.0,0.0,0.0,0.0,0.0,0.0,0.0,0.0,0.0,0.0,0.0,0.0,0.0,nan,nan,4.20509337860781,2.9133568407017116,nan,0.9102780197000213,0.022784132138345015,0.0,0.0,0.0,0.0,0.0,0.0,0.0,0.0,0.0,0.0,0.0,0.0,0.0,0.0,0.0,0.0,0.0,0.0,0.0,0.0,0.0,0.0,0.0,0.0,0.013032145960034755,0.7298001737619463,8.861859252823633,15.70373588184188,4.470026064291921,0.22154648132059085,0.9094771017033763,0.022712465760507266,0.0,0.0,0.0,0.0,0.0,0.0,0.0,0.0,0.0,0.0,0.0,0.0,0.0,0.0,0.0,0.0,0.0,0.0,0.0,0.0,0.0,0.0,0.0,0.0,0.013661202185792353,1.0655737704918036,8.852459016393444,15.819672131147545,4.0983606557377055,0.15027322404371588,0.4128,0.0118,0.0,0.0,0.0,0.0,0.0,0.0,0.0,0.0,0.0,0.0,0.0,4.365768896611636,24.38314509122503,1.2510860121633365,0.0,0.0,0.0,0.0,0.0,0.0,0.0,0.0,0.0,0.0,0.0,0.0,0.0,0.0,0.0,0.0,0.413,0.01159,0.0,0.0,0.0,0.0,0.0,0.0,0.0,0.0,0.0,0.0,0.0,4.153005464480868,24.56284153005465,1.2841530054644812,0.0,0.0,0.0,0.0,0.0,0.0,0.0,0.0,0.0,0.0,0.0,0.0,0.0,0.0,0.0,0.0
70100,4730,2399,0.5071881606765327,1092,981,0.43826638477801266,1366,0.5775898520084567,0.39799999999999996,2.936078936078936,3.1076410280316904,6.558778625954199,2.149911066117598,8290.838272781813,431.6066919606746,7853.0,8735.673022085428,8716.265956756137,5.583918419823206,7853.0,0.0,27.89873150105708,20.96920369676261,32.85181451612903,19.267723740990892,0.13890063424947147,0.09809725158562368,0.09873150105708245,0.09112050739957717,0.08054968287526428,0.07399577167019028,0.06701902748414376,0.05919661733615222,0.05581395348837209,0.05369978858350952,0.047357293868921777,0.037209302325581395,0.03488372093023256,0.0266384778012685,0.01839323467230444,0.01120507399577167,0.00718816067653277,0.9100613148217473,0.02266598758411531,0.0,0.0,0.0,0.0,0.0,0.0,0.0,0.0,0.0,0.0,0.0,0.0,0.0,0.0,0.0,0.0,0.0,0.0,0.0,0.0,0.0,0.0,0.0,0.0,0.0,0.900634249471459,9.019027484143765,15.45665961945032,4.465116279069768,0.15856236786469347,4.317972350230415,2.904381307613089,nan,nan,nan,4.3882275132275135,2.9501042993103073,4.248361730013106,2.8566529122887334,0.9681270438251418,0.413,0.01149,0.0,0.0,0.0,0.0,0.0,0.0,0.0,0.0,0.0,0.0,0.0,3.9513742071881555,24.862579281183937,1.186046511627907,0.0,0.0,0.0,0.0,0.0,0.0,0.0,0.0,0.0,0.0,0.0,0.0,0.0,0.0,0.0,0.0,nan,nan,4.317972350230415,2.904381307613089,nan,0.413,0.05585,0.0,0.0,0.0,0.0,0.0,0.0,0.0,0.0,0.0,0.0,0.0,0.0,0.0,0.0,0.0,0.0,0.0,0.0,0.0,0.0,0.0,0.0,0.0,0.0,0.0002748414376321353,2.114164904862579e-05,0.001522198731501057,0.0024735729386892178,0.0015644820295983087,0.01485200845665962,0.016987315010570825,0.004260042283298097,0.01383720930232558,0.01346723044397463,0.03986257928118393,0.026194503171247357,0.05714587737843552,0.060613107822410146,0.04772727272727273,0.11477801268498942,0.052896405919661736,0.08523255813953488,0.06811839323467231,0.06724101479915433,0.045909090909090906,0.0345877378435518,0.04050739957716702,0.032484143763213534,0.025380549682875266,0.04642706131078224,0.01251585623678647,0.04535940803382664,0.004894291754756871,0.012980972515856237,0.002547568710359408,0.00042283298097251583,0.0043446088794926,0.0015856236786469344,0.0009725158562367865,0.0,1.0570824524312896e-05,0.0,0.0,0.0,0.0,0.0,0.0,0.0,0.0,0.0,0.0,0.0,0.0,0.0,0.0,0.0,0.0,0.0,0.0,0.0,0.0,0.0,0.0,0.0,0.0,0.0,0.0,0.0,0.0,0.0,0.0,0.0,0.0,0.0,0.0,0.0,0.0,0.0,0.0,0.0,0.0,nan,nan,4.317972350230415,2.904381307613089,nan,0.9094457650691482,0.02263442873808429,0.0,0.0,0.0,0.0,0.0,0.0,0.0,0.0,0.0,0.0,0.0,0.0,0.0,0.0,0.0,0.0,0.0,0.0,0.0,0.0,0.0,0.0,0.0,0.0,0.0,1.0879533138807838,8.891204668611923,15.619007919966656,4.264276781992498,0.13755731554814507,0.9106948214096862,0.022680984144908847,0.0,0.0,0.0,0.0,0.0,0.0,0.0,0.0,0.0,0.0,0.0,0.0,0.0,0.0,0.0,0.0,0.0,0.0,0.0,0.0,0.0,0.0,0.0,0.0,0.0,0.707850707850708,9.150579150579151,15.289575289575293,4.671814671814673,0.18018018018018023,0.4128,0.011475,0.0,0.0,0.0,0.0,0.0,0.0,0.0,0.0,0.0,0.0,0.0,4.039182992913708,24.885368903709885,1.075448103376407,0.0,0.0,0.0,0.0,0.0,0.0,0.0,0.0,0.0,0.0,0.0,0.0,0.0,0.0,0.0,0.0,0.4133,0.01152,0.0,0.0,0.0,0.0,0.0,0.0,0.0,0.0,0.0,0.0,0.0,3.8610038610038555,24.839124839124846,1.2998712998713,0.0,0.0,0.0,0.0,0.0,0.0,0.0,0.0,0.0,0.0,0.0,0.0,0.0,0.0,0.0,0.0
70200,4608,2385,0.517578125,1093,955,0.4444444444444444,1329,0.5768229166666666,0.39799999999999996,2.8785425101214575,2.961532235071396,6.308681672025723,2.0455948745117434,8299.921068284699,431.49399873400756,7853.0,8734.209598863124,8716.485233817983,5.519695777833689,7853.0,0.0,27.671006944444443,20.62410165619225,32.73005975578072,18.794802933939096,0.14366319444444445,0.0954861111111111,0.09027777777777778,0.09223090277777778,0.08550347222222222,0.0724826388888889,0.0661892361111111,0.06553819444444445,0.056640625,0.05251736111111111,0.046223958333333336,0.045355902777777776,0.034722222222222224,0.022786458333333332,0.016059027777777776,0.010416666666666666,0.00390625,0.9108533411312641,0.02272286198907194,0.0,0.0,0.0,0.0,0.0,0.0,0.0,0.0,0.0,0.0,0.0,0.0,0.0,0.0,0.0,0.0,0.0,0.0,0.0,0.0,0.0,0.0,0.0,0.0,0.0,0.6445312500000001,8.730468750000002,15.696614583333336,4.707031250000001,0.2213541666666667,4.199392712550607,2.8083857766229796,nan,nan,nan,4.177717019822283,2.804131506005157,4.22051965356429,2.8123653858874125,1.0102454602690703,0.4126,0.01168,0.0,0.0,0.0,0.0,0.0,0.0,0.0,0.0,0.0,0.0,0.0,4.121093749999994,24.71354166666667,1.1653645833333335,0.0,0.0,0.0,0.0,0.0,0.0,0.0,0.0,0.0,0.0,0.0,0.0,0.0,0.0,0.0,0.0,nan,nan,4.199392712550607,2.8083857766229796,nan,0.4126,0.05576,0.0,0.0,0.0,0.0,0.0,0.0,0.0,0.0,0.0,0.0,0.0,0.0,0.0,0.0,0.0,0.0,0.0,0.0,0.0,0.0,0.0,0.0,0.0,0.0,0.00028211805555555553,5.425347222222222e-05,0.0017686631944444444,0.0021158854166666665,0.0015516493055555555,0.01433376736111111,0.01857638888888889,0.0041015625,0.015169270833333333,0.01252170138888889,0.041558159722222224,0.02548828125,0.05759548611111111,0.060492621527777776,0.046647135416666666,0.11309678819444445,0.05552300347222222,0.08180338541666667,0.07087673611111112,0.06878255208333334,0.04551866319444445,0.03436414930555556,0.040473090277777776,0.033213975694444446,0.024848090277777776,0.04690755208333333,0.012847222222222222,0.04276258680555556,0.004535590277777778,0.011762152777777778,0.0028428819444444443,0.0007595486111111111,0.0041015625,0.0019314236111111112,0.0007921006944444444,0.0,0.0,0.0,0.0,0.0,0.0,0.0,0.0,0.0,0.0,0.0,0.0,0.0,0.0,0.0,0.0,0.0,0.0,0.0,0.0,0.0,0.0,0.0,0.0,0.0,0.0,0.0,0.0,0.0,0.0,0.0,0.0,0.0,0.0,0.0,0.0,0.0,0.0,0.0,0.0,0.0,0.0,nan,nan,4.199392712550607,2.8083857766229796,nan,0.9108274156442479,0.022520044590198848,0.0,0.0,0.0,0.0,0.0,0.0,0.0,0.0,0.0,0.0,0.0,0.0,0.0,0.0,0.0,0.0,0.0,0.0,0.0,0.0,0.0,0.0,0.0,0.0,0.0,0.5911949685534592,8.779874213836479,15.622641509433965,4.830188679245284,0.17610062893081765,0.9108811559250266,0.022938433048698026,0.0,0.0,0.0,0.0,0.0,0.0,0.0,0.0,0.0,0.0,0.0,0.0,0.0,0.0,0.0,0.0,0.0,0.0,0.0,0.0,0.0,0.0,0.0,0.0,0.0,0.7017543859649125,8.677462887989206,15.775978407557359,4.574898785425102,0.26990553306342785,0.4124,0.011765,0.0,0.0,0.0,0.0,0.0,0.0,0.0,0.0,0.0,0.0,0.0,4.138364779874208,24.616352201257868,1.2452830188679247,0.0,0.0,0.0,0.0,0.0,0.0,0.0,0.0,0.0,0.0,0.0,0.0,0.0,0.0,0.0,0.0,0.4126,0.01159,0.0,0.0,0.0,0.0,0.0,0.0,0.0,0.0,0.0,0.0,0.0,4.102564102564097,24.817813765182194,1.0796221322537114,0.0,0.0,0.0,0.0,0.0,0.0,0.0,0.0,0.0,0.0,0.0,0.0,0.0,0.0,0.0,0.0
70300,4353,2233,0.5129795543303469,1059,870,0.44314266023432114,1195,0.5490466345049391,0.426,2.9886792452830186,3.1307760432463816,6.576411960132891,2.2364338343454584,8296.110368721658,431.7715955607574,7853.0,8734.197452628612,8716.797328726097,5.5772800574215955,7853.0,0.0,27.852285779921893,20.865986465262125,32.69904502046385,19.180616684214986,0.13806570181484035,0.10475534114403859,0.09395818975419251,0.0790259591086607,0.08660693774408454,0.07856650585802895,0.07029634734665748,0.05903974270617965,0.05995864920744314,0.04801286469101769,0.0461750516884907,0.04020215943027797,0.03468872042269699,0.024121295658166782,0.018378130025269928,0.012175511141741327,0.005972892258212727,0.9117082723003679,0.022989748969855853,0.0,0.0,0.0,0.0,0.0,0.0,0.0,0.0,0.0,0.0,0.0,0.0,0.0,0.0,0.0,0.0,0.0,0.0,0.0,0.0,0.0,0.0,0.0,0.0,0.0,0.7718814610613373,8.084079944865612,15.864920744314269,5.044796691936596,0.23432115782219165,4.2881113887897175,2.900374479339219,nan,nan,nan,4.234253361641897,2.865400171682102,4.34534967555876,2.9342196442982647,1.0262375215718749,0.4124,0.01162,0.0,0.0,0.0,0.0,0.0,0.0,0.0,0.0,0.0,0.0,0.0,4.3142660234321095,24.638180565127506,1.0475534114403862,0.0,0.0,0.0,0.0,0.0,0.0,0.0,0.0,0.0,0.0,0.0,0.0,0.0,0.0,0.0,0.0,nan,nan,4.2881113887897175,2.900374479339219,nan,0.4124,0.05582,0.0,0.0,0.0,0.0,0.0,0.0,0.0,0.0,0.0,0.0,0.0,0.0,0.0,0.0,0.0,0.0,0.0,0.0,0.0,0.0,0.0,0.0,0.0,0.0,0.00047093958189754195,1.1486331265793706e-05,0.0018148403399954054,0.0021364576154376293,0.0017803813461980244,0.01581667815299793,0.017895704112106593,0.00452561451872272,0.015506547208821502,0.011991729841488628,0.04290144727773949,0.024121295658166782,0.05963703193200092,0.058637721111876866,0.04457845164254537,0.11086606937744084,0.05368711233631978,0.08255226280725936,0.07641856191132552,0.06742476453020906,0.046347346657477605,0.033471169308522855,0.04262577532736044,0.03289685274523317,0.023386170457155984,0.04538249483115093,0.013163335630599586,0.04531357684355617,0.004158051918217321,0.010647829083390766,0.0023087525844245347,0.000700666207213416,0.0049965541006202615,0.0011601194578451642,0.0006662072134160349,0.0,0.0,0.0,0.0,0.0,0.0,0.0,0.0,0.0,0.0,0.0,0.0,0.0,0.0,0.0,0.0,0.0,0.0,0.0,0.0,0.0,0.0,0.0,0.0,0.0,0.0,0.0,0.0,0.0,0.0,0.0,0.0,0.0,0.0,0.0,0.0,0.0,0.0,0.0,0.0,0.0,0.0,nan,nan,4.2881113887897175,2.900374479339219,nan,0.9122304252803032,0.022484103962348956,0.0,0.0,0.0,0.0,0.0,0.0,0.0,0.0,0.0,0.0,0.0,0.0,0.0,0.0,0.0,0.0,0.0,0.0,0.0,0.0,0.0,0.0,0.0,0.0,0.0,0.7120465741155398,7.577250335871027,16.484549932825797,4.984326018808778,0.24182713837886258,0.9111582875814078,0.02349804521105843,0.0,0.0,0.0,0.0,0.0,0.0,0.0,0.0,0.0,0.0,0.0,0.0,0.0,0.0,0.0,0.0,0.0,0.0,0.0,0.0,0.0,0.0,0.0,0.0,0.0,0.8349056603773587,8.617924528301888,15.2122641509434,5.108490566037736,0.2264150943396227,0.4124,0.0116,0.0,0.0,0.0,0.0,0.0,0.0,0.0,0.0,0.0,0.0,0.0,4.326018808777423,24.612628750559793,1.0613524406627857,0.0,0.0,0.0,0.0,0.0,0.0,0.0,0.0,0.0,0.0,0.0,0.0,0.0,0.0,0.0,0.0,0.4124,0.011635,0.0,0.0,0.0,0.0,0.0,0.0,0.0,0.0,0.0,0.0,0.0,4.301886792452824,24.665094339622648,1.0330188679245285,0.0,0.0,0.0,0.0,0.0,0.0,0.0,0.0,0.0,0.0,0.0,0.0,0.0,0.0,0.0,0.0
70400,4512,2319,0.5139627659574468,1067,907,0.4375,1224,0.5425531914893617,0.434,2.9498404012767896,3.099099088316921,6.45933014354067,2.2148235260290634,8296.84331115671,431.6362268791197,7853.0,8735.823028081655,8716.570944346302,5.671118225686952,7853.0,0.0,27.597517730496453,20.846902100112416,32.62009544008484,19.115673148127836,0.14206560283687944,0.10372340425531915,0.10062056737588652,0.08200354609929078,0.08000886524822695,0.0711436170212766,0.07025709219858156,0.0625,0.05695921985815603,0.051418439716312055,0.04676418439716312,0.040780141843971635,0.030141843971631204,0.028147163120567375,0.01950354609929078,0.009308510638297872,0.004654255319148936,0.9120328937201424,0.022808397764083235,0.0,0.0,0.0,0.0,0.0,0.0,0.0,0.0,0.0,0.0,0.0,0.0,0.0,0.0,0.0,0.0,0.0,0.0,0.0,0.0,0.0,0.0,0.0,0.0,0.013297872340425535,0.7247340425531917,8.218085106382981,15.771276595744684,5.0864361702127665,0.1861702127659575,4.245098039215686,2.884714823381516,nan,nan,nan,4.2336647727272725,2.8772378012419138,4.2562154696132595,2.891923414692335,1.005326519244333,0.412,0.01163,0.0,0.0,0.0,0.0,0.0,0.0,0.0,0.0,0.0,0.0,0.0,4.554521276595739,24.421542553191497,1.023936170212766,0.0,0.0,0.0,0.0,0.0,0.0,0.0,0.0,0.0,0.0,0.0,0.0,0.0,0.0,0.0,0.0,nan,nan,4.245098039215686,2.884714823381516,nan,0.412,0.0558,0.0,0.0,0.0,0.0,0.0,0.0,0.0,0.0,0.0,0.0,0.0,0.0,0.0,0.0,0.0,0.0,0.0,0.0,0.0,0.0,0.0,0.0,0.0,0.0,0.00023271276595744682,4.4326241134751776e-05,0.0014738475177304964,0.0024933510638297874,0.0020944148936170213,0.01572473404255319,0.017486702127659574,0.004499113475177305,0.0174645390070922,0.012854609929078014,0.04343971631205674,0.024933510638297872,0.058266843971631205,0.05442154255319149,0.04482491134751773,0.11124778368794326,0.05283687943262411,0.08404255319148936,0.07771498226950355,0.0702238475177305,0.04462544326241135,0.033167109929078016,0.040636081560283685,0.03711214539007092,0.022074468085106384,0.043284574468085105,0.01336436170212766,0.04332890070921986,0.005330230496453901,0.0109375,0.002859042553191489,0.000786790780141844,0.004609929078014184,0.0008089539007092198,0.0007203014184397163,0.0,3.324468085106383e-05,0.0,0.0,0.0,0.0,0.0,0.0,0.0,0.0,0.0,0.0,0.0,0.0,0.0,0.0,0.0,0.0,0.0,0.0,0.0,0.0,0.0,0.0,0.0,0.0,0.0,0.0,0.0,0.0,0.0,0.0,0.0,0.0,0.0,0.0,0.0,0.0,0.0,0.0,0.0,0.0,nan,nan,4.245098039215686,2.884714823381516,nan,0.9113191434307929,0.022581894760438377,0.0,0.0,0.0,0.0,0.0,0.0,0.0,0.0,0.0,0.0,0.0,0.0,0.0,0.0,0.0,0.0,0.0,0.0,0.0,0.0,0.0,0.0,0.0,0.0,0.012936610608020701,0.7503234152652007,8.395860284605435,15.924967658473483,4.812419146183701,0.10349288486416561,0.9127876529180454,0.023021433006773888,0.0,0.0,0.0,0.0,0.0,0.0,0.0,0.0,0.0,0.0,0.0,0.0,0.0,0.0,0.0,0.0,0.0,0.0,0.0,0.0,0.0,0.0,0.0,0.0,0.013679890560875516,0.6976744186046513,8.030095759233928,15.608755129958963,5.376196990424077,0.2735978112175103,0.4124,0.01153,0.0,0.0,0.0,0.0,0.0,0.0,0.0,0.0,0.0,0.0,0.0,4.3596377749029696,24.631306597671415,1.0090556274256146,0.0,0.0,0.0,0.0,0.0,0.0,0.0,0.0,0.0,0.0,0.0,0.0,0.0,0.0,0.0,0.0,0.412,0.01173,0.0,0.0,0.0,0.0,0.0,0.0,0.0,0.0,0.0,0.0,0.0,4.7606019151846715,24.19972640218879,1.039671682626539,0.0,0.0,0.0,0.0,0.0,0.0,0.0,0.0,0.0,0.0,0.0,0.0,0.0,0.0,0.0,0.0
70500,4804,2470,0.5141548709408826,1156,955,0.4394254787676936,1336,0.556203164029975,0.40599999999999997,2.95458440445587,3.109345860862792,6.5774436090225565,2.101292711368441,8297.206396863789,431.8225855136496,7853.0,8736.62287082672,8716.954465803094,5.5728734000192635,7853.0,0.0,28.182139883430473,21.109245735872904,33.12874473879673,19.384047194765074,0.13800999167360534,0.1015820149875104,0.09367194004995837,0.0890924229808493,0.0776436303080766,0.07306411323896753,0.0649458784346378,0.060990840965861784,0.05890924229808493,0.058284762697751874,0.04288093255620316,0.04079933388842631,0.03601165695253955,0.027060782681099085,0.017901748542880933,0.010824313072439634,0.00832639467110741,0.9119463309236212,0.022653985357451695,0.0,0.0,0.0,0.0,0.0,0.0,0.0,0.0,0.0,0.0,0.0,0.0,0.0,0.0,0.0,0.0,0.0,0.0,0.0,0.0,0.0,0.0,0.0,0.0,0.006244796003330559,0.6557035803497088,8.255620316402998,15.73688592839301,5.189425478767695,0.15611990008326396,4.346601941747573,2.928920039126185,nan,nan,nan,4.32904884318766,2.9378225625325634,4.364406779661017,2.9197543039916276,1.008167599339748,0.4136,0.01154,0.0,0.0,0.0,0.0,0.0,0.0,0.0,0.0,0.0,0.0,0.0,3.459616985845124,25.179017485428815,1.361365528726062,0.0,0.0,0.0,0.0,0.0,0.0,0.0,0.0,0.0,0.0,0.0,0.0,0.0,0.0,0.0,0.0,nan,nan,4.346601941747573,2.928920039126185,nan,0.4136,0.056,0.0,0.0,0.0,0.0,0.0,0.0,0.0,0.0,0.0,0.0,0.0,0.0,0.0,0.0,0.0,0.0,0.0,0.0,0.0,0.0,0.0,0.0,0.0,0.0,0.00015611990008326394,0.0001457119067443797,0.0015403830141548708,0.0031536219816819316,0.0018630308076602832,0.015278934221482098,0.01623646960865945,0.003965445462114904,0.01730849292256453,0.012885095753538718,0.04016444629475437,0.023678184845961698,0.05702539550374688,0.05234179850124896,0.04265195670274771,0.11206286427976686,0.052914238134887596,0.08369067443796836,0.08191090757701915,0.0688488759367194,0.04749167360532889,0.03222314737718568,0.03944629475437136,0.0393526228143214,0.022668609492089924,0.04420274771024146,0.015435054121565362,0.0416631973355537,0.0059221482098251454,0.012104496253122397,0.0034138218151540385,0.0007077435470441299,0.0059637801831806826,0.00063488759367194,0.0009367194004995837,0.0,1.0407993338884264e-05,0.0,0.0,0.0,0.0,0.0,0.0,0.0,0.0,0.0,0.0,0.0,0.0,0.0,0.0,0.0,0.0,0.0,0.0,0.0,0.0,0.0,0.0,0.0,0.0,0.0,0.0,0.0,0.0,0.0,0.0,0.0,0.0,0.0,0.0,0.0,0.0,0.0,0.0,0.0,0.0,nan,nan,4.346601941747573,2.928920039126185,nan,0.9119990368362381,0.022404921779756917,0.0,0.0,0.0,0.0,0.0,0.0,0.0,0.0,0.0,0.0,0.0,0.0,0.0,0.0,0.0,0.0,0.0,0.0,0.0,0.0,0.0,0.0,0.0,0.0,0.012145748987854255,0.5829959514170041,8.246963562753038,15.971659919028342,5.004048582995953,0.18218623481781382,0.9118905538867045,0.022914481465448742,0.0,0.0,0.0,0.0,0.0,0.0,0.0,0.0,0.0,0.0,0.0,0.0,0.0,0.0,0.0,0.0,0.0,0.0,0.0,0.0,0.0,0.0,0.0,0.0,0.0,0.732647814910026,8.264781491002573,15.488431876606686,5.385604113110541,0.12853470437017997,0.4133,0.01154,0.0,0.0,0.0,0.0,0.0,0.0,0.0,0.0,0.0,0.0,0.0,3.6072874493927074,25.15384615384616,1.2388663967611337,0.0,0.0,0.0,0.0,0.0,0.0,0.0,0.0,0.0,0.0,0.0,0.0,0.0,0.0,0.0,0.0,0.4138,0.011536,0.0,0.0,0.0,0.0,0.0,0.0,0.0,0.0,0.0,0.0,0.0,3.30334190231362,25.205655526992295,1.4910025706940877,0.0,0.0,0.0,0.0,0.0,0.0,0.0,0.0,0.0,0.0,0.0,0.0,0.0,0.0,0.0,0.0
70600,4630,2419,0.5224622030237581,1135,937,0.4475161987041037,1274,0.5503239740820735,0.426,3.013116236996834,3.150428716644038,6.711001642036125,2.2507565920042323,8304.581414931989,431.7506203888293,7853.0,8739.360460454225,8717.333175334892,5.799768864496249,7853.0,0.0,27.322030237580993,20.65559846458028,32.102748522989984,19.05848947884401,0.13714902807775378,0.11058315334773218,0.0958963282937365,0.08725701943844492,0.08228941684665227,0.07300215982721382,0.06997840172786177,0.06825053995680345,0.05745140388768898,0.049244060475161985,0.042332613390928725,0.037149028077753776,0.031749460043196544,0.02267818574514039,0.016414686825053995,0.010367170626349892,0.008207343412526998,0.9128805779226398,0.022784264647346567,0.0,0.0,0.0,0.0,0.0,0.0,0.0,0.0,0.0,0.0,0.0,0.0,0.0,0.0,0.0,0.0,0.0,0.0,0.0,0.0,0.0,0.0,0.0,0.0,0.012958963282937368,0.7127429805615553,7.8531317494600446,15.978401727861774,5.144708423326135,0.29805615550755943,4.283571915473756,2.910038812752606,nan,nan,nan,4.249656121045392,2.913042202727191,4.316891891891892,2.9066998216495454,1.0158214615327417,0.4136,0.01186,0.0,0.0,0.0,0.0,0.0,0.0,0.0,0.0,0.0,0.0,0.0,3.628509719222457,24.86177105831534,1.5097192224622034,0.0,0.0,0.0,0.0,0.0,0.0,0.0,0.0,0.0,0.0,0.0,0.0,0.0,0.0,0.0,0.0,nan,nan,4.283571915473756,2.910038812752606,nan,0.4136,0.0562,0.0,0.0,0.0,0.0,0.0,0.0,0.0,0.0,0.0,0.0,0.0,0.0,0.0,0.0,0.0,0.0,0.0,0.0,0.0,0.0,0.0,0.0,0.0,0.0,5.3995680345572353e-05,0.0002699784017278618,0.0014362850971922246,0.003984881209503239,0.001857451403887689,0.016868250539956803,0.01615550755939525,0.003207343412526998,0.01785097192224622,0.012602591792656588,0.03852051835853132,0.02292656587473002,0.05634989200863931,0.05170626349892009,0.0417170626349892,0.11298056155507559,0.053509719222462206,0.08245140388768898,0.08106911447084234,0.06949244060475163,0.04818574514038877,0.03330453563714903,0.03844492440604751,0.04055075593952484,0.02255939524838013,0.045075593952483804,0.016263498920086394,0.04078833693304536,0.005734341252699784,0.012505399568034557,0.0035853131749460044,0.000529157667386609,0.00623110151187905,0.000529157667386609,0.0007019438444924406,0.0,0.0,0.0,0.0,0.0,0.0,0.0,0.0,0.0,0.0,0.0,0.0,0.0,0.0,0.0,0.0,0.0,0.0,0.0,0.0,0.0,0.0,0.0,0.0,0.0,0.0,0.0,0.0,0.0,0.0,0.0,0.0,0.0,0.0,0.0,0.0,0.0,0.0,0.0,0.0,0.0,0.0,nan,nan,4.283571915473756,2.910038812752606,nan,0.9133130137266922,0.02309179288208681,0.0,0.0,0.0,0.0,0.0,0.0,0.0,0.0,0.0,0.0,0.0,0.0,0.0,0.0,0.0,0.0,0.0,0.0,0.0,0.0,0.0,0.0,0.0,0.0,0.02480363786688715,0.6821000413393966,7.800744109136008,15.837122778007444,5.345183960314181,0.31004547333608934,0.912407460686094,0.022433432001100685,0.0,0.0,0.0,0.0,0.0,0.0,0.0,0.0,0.0,0.0,0.0,0.0,0.0,0.0,0.0,0.0,0.0,0.0,0.0,0.0,0.0,0.0,0.0,0.0,0.0,0.7462686567164181,7.910447761194032,16.13297150610584,4.925373134328359,0.2849389416553596,0.4138,0.01188,0.0,0.0,0.0,0.0,0.0,0.0,0.0,0.0,0.0,0.0,0.0,3.7701529557668407,24.654816039685826,1.575031004547334,0.0,0.0,0.0,0.0,0.0,0.0,0.0,0.0,0.0,0.0,0.0,0.0,0.0,0.0,0.0,0.0,0.4136,0.01185,0.0,0.0,0.0,0.0,0.0,0.0,0.0,0.0,0.0,0.0,0.0,3.47354138398914,25.088195386702857,1.4382632293080058,0.0,0.0,0.0,0.0,0.0,0.0,0.0,0.0,0.0,0.0,0.0,0.0,0.0,0.0,0.0,0.0
70700,4688,2401,0.5121587030716723,1107,978,0.4447525597269625,1313,0.5601535836177475,0.422,2.9811980760822037,3.117169087617938,6.671521035598706,2.0965060972724463,8295.75149238922,432.13125761155993,7853.0,8740.269804143905,8717.481048030262,5.595179962145425,7853.0,0.0,27.35174914675768,20.810727605234202,32.44082991803279,19.093280589136544,0.14611774744027303,0.10174914675767918,0.09406996587030717,0.08831058020477815,0.0840443686006826,0.07487201365187714,0.06804607508532423,0.06399317406143344,0.052901023890784986,0.05311433447098976,0.040955631399317405,0.03924914675767918,0.033276450511945395,0.024957337883959044,0.015358361774744027,0.012372013651877133,0.006612627986348123,0.91396499931202,0.022606406169403313,0.0,0.0,0.0,0.0,0.0,0.0,0.0,0.0,0.0,0.0,0.0,0.0,0.0,0.0,0.0,0.0,0.0,0.0,0.0,0.0,0.0,0.0,0.0,0.0,0.0,0.5119453924914676,7.589590443686008,16.190273037542664,5.407423208191128,0.30076791808873726,4.2520107238605895,2.8400435143539386,nan,nan,nan,4.25523295070898,2.849063950033204,4.248835662009315,2.831123414599751,0.9984966067019668,0.414,0.011665,0.0,0.0,0.0,0.0,0.0,0.0,0.0,0.0,0.0,0.0,0.0,3.4300341296928276,25.13011945392492,1.4398464163822529,0.0,0.0,0.0,0.0,0.0,0.0,0.0,0.0,0.0,0.0,0.0,0.0,0.0,0.0,0.0,0.0,nan,nan,4.2520107238605895,2.8400435143539386,nan,0.414,0.0562,0.0,0.0,0.0,0.0,0.0,0.0,0.0,0.0,0.0,0.0,0.0,0.0,0.0,0.0,0.0,0.0,0.0,0.0,0.0,0.0,0.0,0.0,0.0,7.465870307167235e-05,0.0,0.00034129692832764505,0.0018664675767918089,0.003455631399317406,0.0016531569965870308,0.01797141638225256,0.015955631399317407,0.0030930034129692833,0.01845136518771331,0.013150597269624573,0.03656143344709897,0.021075085324232083,0.05526877133105802,0.051930460750853245,0.040561006825938564,0.11040955631399317,0.05670861774744027,0.0810580204778157,0.08074872013651876,0.07217363481228668,0.047536262798634814,0.03364974402730375,0.03892918088737202,0.04097696245733788,0.023485494880546076,0.04755759385665529,0.017832764505119454,0.03978242320819113,0.0053007679180887375,0.01064419795221843,0.0030716723549488053,0.0002986348122866894,0.006633959044368601,0.0007572525597269624,0.0010238907849829352,1.0665529010238908e-05,0.0,0.0,0.0,0.0,0.0,0.0,0.0,0.0,0.0,0.0,0.0,0.0,0.0,0.0,0.0,0.0,0.0,0.0,0.0,0.0,0.0,0.0,0.0,0.0,0.0,0.0,0.0,0.0,0.0,0.0,0.0,0.0,0.0,0.0,0.0,0.0,0.0,0.0,0.0,0.0,0.0,nan,nan,4.2520107238605895,2.8400435143539386,nan,0.9137888577072782,0.022475942047774193,0.0,0.0,0.0,0.0,0.0,0.0,0.0,0.0,0.0,0.0,0.0,0.0,0.0,0.0,0.0,0.0,0.0,0.0,0.0,0.0,0.0,0.0,0.0,0.0,0.0,0.44981257809246156,7.771761765930863,16.318200749687634,5.147855060391505,0.31236984589754274,0.9141499210404787,0.022741100275304363,0.0,0.0,0.0,0.0,0.0,0.0,0.0,0.0,0.0,0.0,0.0,0.0,0.0,0.0,0.0,0.0,0.0,0.0,0.0,0.0,0.0,0.0,0.0,0.0,0.0,0.5771753388718847,7.398338434630522,16.05596851770879,5.679930039352866,0.28858766943594233,0.4138,0.01159,0.0,0.0,0.0,0.0,0.0,0.0,0.0,0.0,0.0,0.0,0.0,3.3111203665139475,25.41441066222408,1.2744689712619743,0.0,0.0,0.0,0.0,0.0,0.0,0.0,0.0,0.0,0.0,0.0,0.0,0.0,0.0,0.0,0.0,0.414,0.01176,0.0,0.0,0.0,0.0,0.0,0.0,0.0,0.0,0.0,0.0,0.0,3.5548753825972836,24.83165719282904,1.6134674245736778,0.0,0.0,0.0,0.0,0.0,0.0,0.0,0.0,0.0,0.0,0.0,0.0,0.0,0.0,0.0,0.0
70800,4814,2558,0.5313668466971334,1182,940,0.4407976734524304,1292,0.5367677606979643,0.422,3.0101950354609928,3.072755877931962,6.557453416149069,2.0181144817612653,8312.376751941503,431.4274894595519,7853.0,8737.070195519924,8717.519031996244,5.611801996543286,7853.0,0.0,27.892812629829663,21.000211145579225,32.83823893148652,19.2823008343541,0.1410469464063149,0.10843373493975904,0.08703780639800582,0.08890735355213959,0.07810552555047777,0.06917324470294973,0.06688824262567511,0.06439551308683007,0.05774823431657665,0.05525550477773162,0.04756958869962609,0.04154549231408392,0.033236393851267136,0.026173660157872872,0.015371832156211051,0.011217282924802658,0.007893643539675945,0.9145053277681316,0.02275814173403149,0.0,0.0,0.0,0.0,0.0,0.0,0.0,0.0,0.0,0.0,0.0,0.0,0.0,0.0,0.0,0.0,0.0,0.0,0.0,0.0,0.0,0.0,0.0,0.0,0.00623182384711259,0.5359368508516826,7.372247611134194,15.947237224761116,5.75197341088492,0.3863730785209806,4.204035144809632,2.855966970435775,nan,nan,nan,4.282834850455137,2.8756145767108547,4.125081433224755,2.833947806950884,0.9631661218004666,0.4133,0.01138,0.0,0.0,0.0,0.0,0.0,0.0,0.0,0.0,0.0,0.0,0.0,3.6518487744079713,25.22019110926465,1.1279601163273787,0.0,0.0,0.0,0.0,0.0,0.0,0.0,0.0,0.0,0.0,0.0,0.0,0.0,0.0,0.0,0.0,nan,nan,4.204035144809632,2.855966970435775,nan,0.4133,0.05585,0.0,0.0,0.0,0.0,0.0,0.0,0.0,0.0,0.0,0.0,0.0,0.0,0.0,0.0,0.0,0.0,0.0,0.0,0.0,0.0,0.0,0.0,0.0,9.347735770668883e-05,0.0,0.000571250519318654,0.0019941836310760283,0.002638138761944329,0.0018591607810552555,0.018144993768176153,0.015506855006231824,0.003531366846697133,0.018020357291233902,0.013834648940589946,0.034254258412962195,0.02108433734939759,0.05922309929372663,0.05287702534275031,0.04171167428334026,0.11067719152471957,0.06136269214790195,0.07901952638138762,0.07958039052762775,0.07209181553801412,0.04740340673036975,0.0336622351474865,0.042334856668051514,0.039270876609887824,0.02162442874948068,0.045159950145409224,0.017926879933527214,0.03770253427503116,0.0048400498545907765,0.009867054424594932,0.003043207312006647,9.347735770668883e-05,0.006979642708766099,0.0011632737847943498,0.0008412962193601994,0.0,0.0,0.0,0.0,0.0,1.038637307852098e-05,0.0,0.0,0.0,0.0,0.0,0.0,0.0,0.0,0.0,0.0,0.0,0.0,0.0,0.0,0.0,0.0,0.0,0.0,0.0,0.0,0.0,0.0,0.0,0.0,0.0,0.0,0.0,0.0,0.0,0.0,0.0,0.0,0.0,0.0,0.0,0.0,nan,nan,4.204035144809632,2.855966970435775,nan,0.9142152340594821,0.02266364897172232,0.0,0.0,0.0,0.0,0.0,0.0,0.0,0.0,0.0,0.0,0.0,0.0,0.0,0.0,0.0,0.0,0.0,0.0,0.0,0.0,0.0,0.0,0.0,0.0,0.011727912431587181,0.5277560594214231,7.564503518373731,15.973416731821738,5.5473025801407365,0.3752931978107898,0.9148342549430986,0.022860358409115746,0.0,0.0,0.0,0.0,0.0,0.0,0.0,0.0,0.0,0.0,0.0,0.0,0.0,0.0,0.0,0.0,0.0,0.0,0.0,0.0,0.0,0.0,0.0,0.0,0.0,0.5452127659574469,7.1542553191489375,15.917553191489365,5.984042553191491,0.39893617021276606,0.4136,0.011406,0.0,0.0,0.0,0.0,0.0,0.0,0.0,0.0,0.0,0.0,0.0,3.377638780297102,25.344018764659896,1.2783424550430027,0.0,0.0,0.0,0.0,0.0,0.0,0.0,0.0,0.0,0.0,0.0,0.0,0.0,0.0,0.0,0.0,0.4128,0.011345,0.0,0.0,0.0,0.0,0.0,0.0,0.0,0.0,0.0,0.0,0.0,3.962765957446803,25.07978723404256,0.9574468085106385,0.0,0.0,0.0,0.0,0.0,0.0,0.0,0.0,0.0,0.0,0.0,0.0,0.0,0.0,0.0,0.0
70900,4955,2532,0.5109989909182644,1182,1057,0.45186680121089806,1419,0.5727547931382442,0.414,2.9215848122162607,3.0681555809191248,6.510015408320493,2.1529300276420575,8294.631492091698,432.0407843350339,7853.0,8737.83763950467,8717.251201940897,5.77908951949163,7853.0,0.0,27.32492431886983,20.724256990775356,32.583130180399806,18.90897357009419,0.15055499495459132,0.1005045408678103,0.09162462159434914,0.08577194752774975,0.08557013118062563,0.07063572149344097,0.06700302724520686,0.06740665993945509,0.056710393541876895,0.050454086781029264,0.04661957618567104,0.036528758829465185,0.034308779011099896,0.02462159434914228,0.014530776992936428,0.011301715438950555,0.005852674066599395,0.9137824102800141,0.023056730329353178,0.0,0.0,0.0,0.0,0.0,0.0,0.0,0.0,0.0,0.0,0.0,0.0,0.0,0.0,0.0,0.0,0.0,0.0,0.0,0.0,0.0,0.0,0.0,0.0,0.006054490413723513,0.635721493440969,7.507568113017156,15.747729566094856,5.854692230070637,0.24823410696266401,4.2577482605945605,2.835849340582875,nan,nan,nan,4.224984462399005,2.7772667240587556,4.290592783505154,2.8955109513221107,1.0155286538187398,0.4124,0.01172,0.0,0.0,0.0,0.0,0.0,0.0,0.0,0.0,0.0,0.0,0.0,4.401614530776986,24.466195761856717,1.1321897073662968,0.0,0.0,0.0,0.0,0.0,0.0,0.0,0.0,0.0,0.0,0.0,0.0,0.0,0.0,0.0,0.0,nan,nan,4.2577482605945605,2.835849340582875,nan,0.4124,0.05588,0.0,0.0,0.0,0.0,0.0,0.0,0.0,0.0,0.0,0.0,0.0,0.0,0.0,0.0,0.0,0.0,0.0,0.0,0.0,0.0,1.0090817356205853e-05,0.0,1.0090817356205853e-05,3.0272452068617557e-05,0.0,0.0004944500504540868,0.0023612512613521695,0.0025832492431886985,0.0016044399596367306,0.02031281533804238,0.015923309788092834,0.003340060544904137,0.016094853683148336,0.014873864783047426,0.034096871846619574,0.021574167507568114,0.06503531786074672,0.053683148335015134,0.04083753784056508,0.11021190716448032,0.060383451059535825,0.07942482341069626,0.07933400605449041,0.06858728557013118,0.046922300706357216,0.03404641775983855,0.04381432896064581,0.03880928355196771,0.02220988900100908,0.044328960645812314,0.01693239152371342,0.035842583249243186,0.004904137235116044,0.009767911200807266,0.002855701311806256,0.00014127144298688193,0.006922300706357215,0.0009788092835519677,0.0007164480322906156,0.0,0.0,0.0,0.0,0.0,0.0,0.0,0.0,0.0,0.0,0.0,0.0,0.0,0.0,0.0,0.0,0.0,0.0,0.0,0.0,0.0,0.0,0.0,0.0,0.0,0.0,0.0,0.0,0.0,0.0,0.0,0.0,0.0,0.0,0.0,0.0,0.0,0.0,0.0,0.0,0.0,0.0,nan,nan,4.2577482605945605,2.835849340582875,nan,0.9141122555892802,0.023088006060017863,0.0,0.0,0.0,0.0,0.0,0.0,0.0,0.0,0.0,0.0,0.0,0.0,0.0,0.0,0.0,0.0,0.0,0.0,0.0,0.0,0.0,0.0,0.0,0.0,0.0,0.6516587677725121,7.239336492890997,15.793838862559245,6.04265402843602,0.27251184834123227,0.9134377266964143,0.023018952636447116,0.0,0.0,0.0,0.0,0.0,0.0,0.0,0.0,0.0,0.0,0.0,0.0,0.0,0.0,0.0,0.0,0.0,0.0,0.0,0.0,0.0,0.0,0.0,0.0,0.012381345439537766,0.6190672719768883,7.787866281469254,15.699546017333887,5.658274865868759,0.2228642179116798,0.4126,0.01154,0.0,0.0,0.0,0.0,0.0,0.0,0.0,0.0,0.0,0.0,0.0,4.372037914691937,24.502369668246452,1.1255924170616116,0.0,0.0,0.0,0.0,0.0,0.0,0.0,0.0,0.0,0.0,0.0,0.0,0.0,0.0,0.0,0.0,0.4124,0.0119,0.0,0.0,0.0,0.0,0.0,0.0,0.0,0.0,0.0,0.0,0.0,4.4325216673545125,24.42839455220801,1.1390837804374745,0.0,0.0,0.0,0.0,0.0,0.0,0.0,0.0,0.0,0.0,0.0,0.0,0.0,0.0,0.0,0.0
71000,4755,2411,0.5070452155625658,1115,1002,0.4452155625657203,1365,0.5741324921135647,0.40599999999999997,2.862627986348123,2.988727842674628,6.36624203821656,2.0841242227401913,8291.032338009816,431.9210820288604,7853.0,8734.267966800928,8716.89206438684,5.527073506402167,7853.0,0.0,27.697791798107257,20.801473734563444,32.728873239436616,19.035665755696694,0.14321766561514196,0.1028391167192429,0.08895899053627761,0.08580441640378549,0.08454258675078864,0.0765509989484753,0.06645636172450052,0.06351209253417456,0.05846477392218717,0.051735015772870666,0.04879074658254469,0.038485804416403785,0.03175604626708728,0.02292323869610936,0.01871713985278654,0.010515247108307046,0.0067297581493165086,0.9124356638369876,0.022792617999400897,0.0,0.0,0.0,0.0,0.0,0.0,0.0,0.0,0.0,0.0,0.0,0.0,0.0,0.0,0.0,0.0,0.0,0.0,0.0,0.0,0.0,0.0,0.0,0.0,0.025236593059936915,0.6750788643533125,8.006309148264986,15.911671924290223,5.116719242902209,0.2649842271293376,4.219376026272578,2.7374107607471263,nan,nan,nan,4.281168831168831,2.7701157901749442,4.158909574468085,2.7008446043653835,0.9714425519006297,0.4124,0.01139,0.0,0.0,0.0,0.0,0.0,0.0,0.0,0.0,0.0,0.0,0.0,4.145110410094631,24.889589905362783,0.965299684542587,0.0,0.0,0.0,0.0,0.0,0.0,0.0,0.0,0.0,0.0,0.0,0.0,0.0,0.0,0.0,0.0,nan,nan,4.219376026272578,2.7374107607471263,nan,0.4124,0.05646,0.0,0.0,0.0,0.0,0.0,0.0,0.0,0.0,0.0,0.0,0.0,0.0,0.0,0.0,0.0,0.0,0.0,0.0,0.0,0.0,0.0,0.0,0.0,0.0,0.0,0.0006203995793901156,0.00241850683491062,0.002975814931650894,0.0018296529968454258,0.020588853838065194,0.017350157728706624,0.003501577287066246,0.016098843322818086,0.014668769716088327,0.033144058885383805,0.022292323869610935,0.06617245005257623,0.056130389064143006,0.04167192429022082,0.10274447949526815,0.05893796004206099,0.07709779179810726,0.08136698212407992,0.06862250262881178,0.05016824395373291,0.034752891692954785,0.039484752891692954,0.037318611987381706,0.02366982124079916,0.045425867507886436,0.017486855941114616,0.03658254468980021,0.004994742376445847,0.010073606729758149,0.002576235541535226,0.0002523659305993691,0.007665615141955836,0.0005888538380651946,0.0006519453207150368,7.360672975814932e-05,0.0,0.0,0.0,0.0,0.0,0.0,0.0,0.0,0.0,0.0,0.0,0.0,0.0,0.0,0.0,0.0,0.0,0.0,0.0,0.0,0.0,0.0,0.0,0.0,0.0,0.0,0.0,0.0,0.0,0.0,0.0,0.0,0.0,0.0,0.0,0.0,0.0,0.0,0.0,0.0,0.0,nan,nan,4.219376026272578,2.7374107607471263,nan,0.9126633444251682,0.022688668900230406,0.0,0.0,0.0,0.0,0.0,0.0,0.0,0.0,0.0,0.0,0.0,0.0,0.0,0.0,0.0,0.0,0.0,0.0,0.0,0.0,0.0,0.0,0.0,0.0,0.024885939444214026,0.6345914558274576,8.000829531314809,15.914558274574869,5.16383243467441,0.26130236416424724,0.9122014753139059,0.022896684159560247,0.0,0.0,0.0,0.0,0.0,0.0,0.0,0.0,0.0,0.0,0.0,0.0,0.0,0.0,0.0,0.0,0.0,0.0,0.0,0.0,0.0,0.0,0.0,0.0,0.025597269624573385,0.7167235494880548,8.01194539249147,15.908703071672358,5.06825938566553,0.26877133105802054,0.4124,0.011345,0.0,0.0,0.0,0.0,0.0,0.0,0.0,0.0,0.0,0.0,0.0,4.143508917461628,24.923268353380347,0.933222729158026,0.0,0.0,0.0,0.0,0.0,0.0,0.0,0.0,0.0,0.0,0.0,0.0,0.0,0.0,0.0,0.0,0.4124,0.011444,0.0,0.0,0.0,0.0,0.0,0.0,0.0,0.0,0.0,0.0,0.0,4.146757679180881,24.854948805460758,0.998293515358362,0.0,0.0,0.0,0.0,0.0,0.0,0.0,0.0,0.0,0.0,0.0,0.0,0.0,0.0,0.0,0.0
71100,4775,2472,0.5176963350785341,1141,974,0.44293193717277485,1340,0.5612565445026177,0.414,2.8827616152844118,3.033346699570381,6.405616224648986,2.2092345479767173,8300.157706324972,431.62207428989757,7853.0,8738.065962308645,8716.745164927885,5.784532457873926,7853.0,0.0,28.420104712041883,21.172635059947204,33.34542743538768,19.419072114687413,0.1363350785340314,0.09801047120418849,0.09361256544502618,0.08837696335078533,0.07853403141361257,0.0686910994764398,0.06973821989528796,0.06722513089005236,0.05633507853403141,0.05570680628272251,0.0437696335078534,0.039790575916230364,0.03581151832460733,0.03057591623036649,0.016753926701570682,0.013612565445026177,0.0071204188481675396,0.9112818258719919,0.022719733098610237,0.0,0.0,0.0,0.0,0.0,0.0,0.0,0.0,0.0,0.0,0.0,0.0,0.0,0.0,0.0,0.0,0.0,0.0,0.0,0.0,0.0,0.0,0.0,0.0,0.025130890052356025,0.6031413612565446,8.670157068062828,15.775916230366494,4.642931937172776,0.28272251308900526,4.189954925949775,2.8235240429557655,nan,nan,nan,4.159949622166247,2.8600184948550518,4.221343873517786,2.784488899449613,1.0147584122231676,0.4124,0.011734,0.0,0.0,0.0,0.0,0.0,0.0,0.0,0.0,0.0,0.0,0.0,4.611518324607323,24.376963350785346,1.01151832460733,0.0,0.0,0.0,0.0,0.0,0.0,0.0,0.0,0.0,0.0,0.0,0.0,0.0,0.0,0.0,0.0,nan,nan,4.189954925949775,2.8235240429557655,nan,0.4124,0.05716,0.0,0.0,0.0,0.0,0.0,0.0,0.0,0.0,0.0,0.0,0.0,0.0,0.0,0.0,0.0,0.0,0.0,0.0,0.0,0.0,0.0,0.0,0.0,0.0,0.0,0.0005549738219895288,0.0017382198952879582,0.0036753926701570683,0.002387434554973822,0.02061780104712042,0.019654450261780105,0.0029528795811518327,0.017905759162303664,0.0146282722513089,0.031162303664921467,0.022041884816753926,0.06586387434554974,0.05698429319371728,0.04289005235602094,0.10052356020942409,0.059141361256544504,0.07774869109947644,0.07957068062827224,0.06929842931937173,0.04903664921465969,0.032345549738219896,0.03968586387434555,0.03642931937172775,0.024209424083769634,0.045989528795811516,0.01786387434554974,0.03598952879581152,0.0045863874345549735,0.011780104712041885,0.002450261780104712,0.00043979057591623036,0.007884816753926702,0.0007329842931937172,0.0011518324607329843,8.37696335078534e-05,0.0,0.0,0.0,0.0,0.0,0.0,0.0,0.0,0.0,0.0,0.0,0.0,0.0,0.0,0.0,0.0,0.0,0.0,0.0,0.0,0.0,0.0,0.0,0.0,0.0,0.0,0.0,0.0,0.0,0.0,0.0,0.0,0.0,0.0,0.0,0.0,0.0,0.0,0.0,0.0,0.0,nan,nan,4.189954925949775,2.8235240429557655,nan,0.9120073447962409,0.022887802910898914,0.0,0.0,0.0,0.0,0.0,0.0,0.0,0.0,0.0,0.0,0.0,0.0,0.0,0.0,0.0,0.0,0.0,0.0,0.0,0.0,0.0,0.0,0.0,0.0,0.01213592233009709,0.6189320388349515,8.349514563106798,15.861650485436897,4.817961165048544,0.3398058252427185,0.9105030665229933,0.022511931408405832,0.0,0.0,0.0,0.0,0.0,0.0,0.0,0.0,0.0,0.0,0.0,0.0,0.0,0.0,0.0,0.0,0.0,0.0,0.0,0.0,0.0,0.0,0.0,0.0,0.039079461571862796,0.5861919235779419,9.014329135909685,15.683890577507603,4.455058619192359,0.22145028224055585,0.4124,0.01193,0.0,0.0,0.0,0.0,0.0,0.0,0.0,0.0,0.0,0.0,0.0,4.684466019417469,24.23543689320389,1.0800970873786409,0.0,0.0,0.0,0.0,0.0,0.0,0.0,0.0,0.0,0.0,0.0,0.0,0.0,0.0,0.0,0.0,0.412,0.011505,0.0,0.0,0.0,0.0,0.0,0.0,0.0,0.0,0.0,0.0,0.0,4.533217542336077,24.528875379939215,0.937907077724707,0.0,0.0,0.0,0.0,0.0,0.0,0.0,0.0,0.0,0.0,0.0,0.0,0.0,0.0,0.0,0.0
71200,4675,2435,0.520855614973262,1171,961,0.4560427807486631,1319,0.5642780748663102,0.418,3.024107142857143,3.1007414302214613,6.641627543035994,2.0741092351879087,8302.700675579967,431.33706645637704,7853.0,8735.73095434308,8716.388360713076,5.548228660718328,7853.0,0.0,28.130267379679143,20.796686630201897,33.08704504963095,18.97514301873848,0.13903743315508021,0.093475935828877,0.09283422459893048,0.08577540106951871,0.08299465240641711,0.07550802139037432,0.07229946524064171,0.06331550802139037,0.0611764705882353,0.05262032085561497,0.044919786096256686,0.044064171122994655,0.03272727272727273,0.024385026737967913,0.015828877005347592,0.010267379679144385,0.008770053475935829,0.9114927613926443,0.022670904589671408,0.0,0.0,0.0,0.0,0.0,0.0,0.0,0.0,0.0,0.0,0.0,0.0,0.0,0.0,0.0,0.0,0.0,0.0,0.0,0.0,0.0,0.0,0.0,0.0,0.0,0.8021390374331553,8.489839572192516,15.798930481283426,4.697326203208557,0.211764705882353,4.207065750736016,2.910839913533412,nan,nan,nan,4.204015544041451,2.9171121783192153,4.208994708994709,2.9050172881441596,1.0011843830978016,0.4119,0.011536,0.0,0.0,0.0,0.0,0.0,0.0,0.0,0.0,0.0,0.0,0.0,4.652406417112292,24.340106951871665,1.007486631016043,0.0,0.0,0.0,0.0,0.0,0.0,0.0,0.0,0.0,0.0,0.0,0.0,0.0,0.0,0.0,0.0,nan,nan,4.207065750736016,2.910839913533412,nan,0.4119,0.0571,0.0,0.0,0.0,0.0,0.0,0.0,0.0,0.0,0.0,0.0,0.0,0.0,0.0,0.0,0.0,0.0,0.0,0.0,0.0,0.0,0.0,0.0,0.0,0.0,0.0,0.0006310160427807486,0.0015935828877005347,0.003657754010695187,0.002053475935828877,0.02156149732620321,0.021176470588235293,0.0026524064171122995,0.018663101604278073,0.015112299465240642,0.029518716577540106,0.022288770053475935,0.06533689839572193,0.056577540106951874,0.04274866310160428,0.10011764705882353,0.05972192513368984,0.07679144385026739,0.07970053475935829,0.07188235294117647,0.046427807486631015,0.03360427807486631,0.04207486631016043,0.032962566844919786,0.026010695187165776,0.0492620320855615,0.016181818181818183,0.03216042780748663,0.004705882352941176,0.01309090909090909,0.0019358288770053476,0.00039572192513368984,0.007508021390374332,0.00044919786096256684,0.001144385026737968,0.00023529411764705883,6.41711229946524e-05,0.0,0.0,0.0,0.0,0.0,0.0,0.0,0.0,0.0,0.0,0.0,0.0,0.0,0.0,0.0,0.0,0.0,0.0,0.0,0.0,0.0,0.0,0.0,0.0,0.0,0.0,0.0,0.0,0.0,0.0,0.0,0.0,0.0,0.0,0.0,0.0,0.0,0.0,0.0,0.0,nan,nan,4.207065750736016,2.910839913533412,nan,0.9109587182254517,0.02244750792309257,0.0,0.0,0.0,0.0,0.0,0.0,0.0,0.0,0.0,0.0,0.0,0.0,0.0,0.0,0.0,0.0,0.0,0.0,0.0,0.0,0.0,0.0,0.0,0.0,0.0,0.8254620123203287,8.772073921971254,15.782340862423,4.447638603696099,0.17248459958932244,0.9120732949248382,0.022897152837031032,0.0,0.0,0.0,0.0,0.0,0.0,0.0,0.0,0.0,0.0,0.0,0.0,0.0,0.0,0.0,0.0,0.0,0.0,0.0,0.0,0.0,0.0,0.0,0.0,0.0,0.7767857142857145,8.183035714285715,15.816964285714288,4.968750000000001,0.25446428571428575,0.4119,0.01162,0.0,0.0,0.0,0.0,0.0,0.0,0.0,0.0,0.0,0.0,0.0,4.804928131416831,24.14784394250514,1.0472279260780288,0.0,0.0,0.0,0.0,0.0,0.0,0.0,0.0,0.0,0.0,0.0,0.0,0.0,0.0,0.0,0.0,0.412,0.011444,0.0,0.0,0.0,0.0,0.0,0.0,0.0,0.0,0.0,0.0,0.0,4.486607142857136,24.54910714285715,0.9642857142857145,0.0,0.0,0.0,0.0,0.0,0.0,0.0,0.0,0.0,0.0,0.0,0.0,0.0,0.0,0.0,0.0
71300,4653,2360,0.5071996561358263,1056,1005,0.44294003868471954,1335,0.5738233397807866,0.414,2.877017008286088,3.0992675862233456,6.641791044776119,2.2195523676085274,8290.837438608392,431.595789277125,7853.0,8734.06101872921,8716.244746544426,5.559979157943309,7853.0,0.0,28.029658284977433,21.152785658251933,33.14917695473251,19.376451740157325,0.1448527831506555,0.09929078014184398,0.09499247797120138,0.08833010960670536,0.07328605200945626,0.07027724049000644,0.06963249516441006,0.05867182462927144,0.06082097571459274,0.05415860735009671,0.04448742746615087,0.0425531914893617,0.03395658714807651,0.028368794326241134,0.018482699333763165,0.01053084031807436,0.007307113690092413,0.9103274173488571,0.022816605603721025,0.0,0.0,0.0,0.0,0.0,0.0,0.0,0.0,0.0,0.0,0.0,0.0,0.0,0.0,0.0,0.0,0.0,0.0,0.0,0.0,0.0,0.0,0.0,0.0,0.006447453255963896,0.8381689232753065,8.936170212765958,15.531914893617024,4.448742746615088,0.23855577047066415,4.334226389819156,2.9230154712323695,nan,nan,nan,4.326758711374096,2.8773527857300314,4.33948087431694,2.9691351712131184,1.0029403449074707,0.4119,0.01174,0.0,0.0,0.0,0.0,0.0,0.0,0.0,0.0,0.0,0.0,0.0,4.725983236621527,24.235976789168284,1.0380399742101871,0.0,0.0,0.0,0.0,0.0,0.0,0.0,0.0,0.0,0.0,0.0,0.0,0.0,0.0,0.0,0.0,nan,nan,4.334226389819156,2.9230154712323695,nan,0.4119,0.0574,0.0,0.0,0.0,0.0,0.0,0.0,0.0,0.0,0.0,0.0,0.0,0.0,0.0,0.0,0.0,0.0,0.0,0.0,0.0,0.0,0.0,0.0,0.0,3.223726627981947e-05,0.0,0.0006769825918762089,0.0019234902213625619,0.0035138620245003223,0.001472168493445089,0.021265849989254244,0.021287341500107457,0.0027294218783580487,0.018407479045776918,0.01546314205888674,0.03250591016548463,0.02341500107457554,0.06333548248441866,0.05780141843971631,0.046120782290995053,0.09941972920696325,0.057113690092413495,0.07668171072426391,0.07725123576187407,0.06915968192563937,0.046367934665807006,0.034859230603911454,0.04071566731141199,0.032527401676337844,0.02605845690952074,0.05056952503761014,0.01574253169997851,0.032033096926713946,0.005512572533849129,0.014302600472813239,0.002127659574468085,0.0006447453255963894,0.007027724049000645,0.0005587792821835375,0.0009778637438211907,0.0003761014399312272,2.149151085321298e-05,0.0,0.0,0.0,0.0,0.0,0.0,0.0,0.0,0.0,0.0,0.0,0.0,0.0,0.0,0.0,0.0,0.0,0.0,0.0,0.0,0.0,0.0,0.0,0.0,0.0,0.0,0.0,0.0,0.0,0.0,0.0,0.0,0.0,0.0,0.0,0.0,0.0,0.0,0.0,0.0,nan,nan,4.334226389819156,2.9230154712323695,nan,0.9104315670364994,0.022352108338796157,0.0,0.0,0.0,0.0,0.0,0.0,0.0,0.0,0.0,0.0,0.0,0.0,0.0,0.0,0.0,0.0,0.0,0.0,0.0,0.0,0.0,0.0,0.0,0.0,0.0,0.7754237288135595,8.898305084745765,15.648305084745767,4.461864406779662,0.21610169491525427,0.9102202244736562,0.023284514702449806,0.0,0.0,0.0,0.0,0.0,0.0,0.0,0.0,0.0,0.0,0.0,0.0,0.0,0.0,0.0,0.0,0.0,0.0,0.0,0.0,0.0,0.0,0.0,0.0,0.013083296990841695,0.9027474923680769,8.975141735717402,15.412123855211517,4.435237679895335,0.2616659398168339,0.4116,0.0118,0.0,0.0,0.0,0.0,0.0,0.0,0.0,0.0,0.0,0.0,0.0,5.059322033898298,23.987288135593225,0.9533898305084748,0.0,0.0,0.0,0.0,0.0,0.0,0.0,0.0,0.0,0.0,0.0,0.0,0.0,0.0,0.0,0.0,0.412,0.01167,0.0,0.0,0.0,0.0,0.0,0.0,0.0,0.0,0.0,0.0,0.0,4.382904491931961,24.491931966855653,1.1251635412123857,0.0,0.0,0.0,0.0,0.0,0.0,0.0,0.0,0.0,0.0,0.0,0.0,0.0,0.0,0.0,0.0
71400,4882,2545,0.5213027447767309,1206,1023,0.45657517410897175,1393,0.5706677591151168,0.40599999999999997,2.9790329482242193,3.0669307862715915,6.583463338533542,2.1239973174065367,8303.011732681774,431.2486640416938,7853.0,8736.769074523449,8716.244510393875,5.50741184247161,7853.0,0.0,27.680049160180253,20.411729989822707,32.54667316597612,18.619755612550293,0.1388775092175338,0.09565751741089717,0.09156083572306432,0.09156083572306432,0.08111429741909054,0.0780417861532159,0.07599344530929947,0.06145022531749283,0.06022122081114297,0.054281032363785335,0.04834084391642769,0.035026628430970916,0.03441212617779599,0.02212208111429742,0.015772224498156493,0.009217533797623925,0.006349856616140926,0.9099306456381451,0.021941820861703255,0.0,0.0,0.0,0.0,0.0,0.0,0.0,0.0,0.0,0.0,0.0,0.0,0.0,0.0,0.0,0.0,0.0,0.0,0.0,0.0,0.0,0.0,0.0,0.0,0.006145022531749284,0.755837771405162,9.0147480540762,16.026218762802134,4.074149938549775,0.12290045063498568,4.182826362484157,2.845154041063248,nan,nan,nan,4.24105461393597,2.8787415979646767,4.123480486244402,2.809267209792825,0.9722771483995459,0.412,0.01185,0.0,0.0,0.0,0.0,0.0,0.0,0.0,0.0,0.0,0.0,0.0,4.57189676362146,24.272839000409675,1.1552642359688654,0.0,0.0,0.0,0.0,0.0,0.0,0.0,0.0,0.0,0.0,0.0,0.0,0.0,0.0,0.0,0.0,nan,nan,4.182826362484157,2.845154041063248,nan,0.412,0.05768,0.0,0.0,0.0,0.0,0.0,0.0,0.0,0.0,0.0,0.0,0.0,0.0,0.0,0.0,0.0,0.0,0.0,0.0,0.0,0.0,0.0,0.0,0.0,1.0241704219582138e-05,0.0,0.0005735354362965998,0.0021814829987709954,0.004045473166734944,0.0014543219991806637,0.020913560016386726,0.022244981564932403,0.0017410897173289635,0.01968455551003687,0.016591560835723065,0.03192339205243753,0.02196845555100369,0.061460467021712414,0.057292093404342485,0.044909873002867674,0.0998258910282671,0.05725112658746415,0.0759217533797624,0.07800081933633757,0.06813805817287996,0.04653830397378124,0.03506759524784924,0.039860712822613685,0.033900040966816876,0.026403113478082753,0.05088078656288406,0.016315034821794347,0.0327427283900041,0.006554690700532569,0.013723883654240066,0.0024989758295780417,0.000880786562884064,0.006872183531339615,0.0004916018025399426,0.0006349856616140926,0.000440393281442032,6.145022531749283e-05,0.0,0.0,0.0,0.0,0.0,0.0,0.0,0.0,0.0,0.0,0.0,0.0,0.0,0.0,0.0,0.0,0.0,0.0,0.0,0.0,0.0,0.0,0.0,0.0,0.0,0.0,0.0,0.0,0.0,0.0,0.0,0.0,0.0,0.0,0.0,0.0,0.0,0.0,0.0,0.0,nan,nan,4.182826362484157,2.845154041063248,nan,0.9100094174589296,0.02192312782730144,0.0,0.0,0.0,0.0,0.0,0.0,0.0,0.0,0.0,0.0,0.0,0.0,0.0,0.0,0.0,0.0,0.0,0.0,0.0,0.0,0.0,0.0,0.0,0.0,0.011787819253438117,0.7190569744597252,9.005893909626721,16.043222003929277,4.06679764243615,0.15324165029469553,0.9098448628893662,0.021961838162486397,0.0,0.0,0.0,0.0,0.0,0.0,0.0,0.0,0.0,0.0,0.0,0.0,0.0,0.0,0.0,0.0,0.0,0.0,0.0,0.0,0.0,0.0,0.0,0.0,0.0,0.7958921694480104,9.02439024390244,16.007702182284984,4.082156611039795,0.08985879332477538,0.412,0.01169,0.0,0.0,0.0,0.0,0.0,0.0,0.0,0.0,0.0,0.0,0.0,4.479371316306477,24.365422396856587,1.1552062868369353,0.0,0.0,0.0,0.0,0.0,0.0,0.0,0.0,0.0,0.0,0.0,0.0,0.0,0.0,0.0,0.0,0.412,0.01202,0.0,0.0,0.0,0.0,0.0,0.0,0.0,0.0,0.0,0.0,0.0,4.672657252888311,24.172015404364576,1.1553273427471118,0.0,0.0,0.0,0.0,0.0,0.0,0.0,0.0,0.0,0.0,0.0,0.0,0.0,0.0,0.0,0.0
71500,4665,2487,0.5331189710610933,1136,945,0.44608788853161846,1301,0.5577706323687031,0.422,3.0674931129476586,3.1032935577543985,6.542483660130719,2.2737114518058084,8313.262046336486,430.7411257555243,7853.0,8735.71699937582,8716.338337820549,5.679830166985427,7853.0,0.0,28.379421221864952,21.13720007719534,33.5101152368758,19.275626309954493,0.14383708467309753,0.0992497320471597,0.0842443729903537,0.08038585209003216,0.07845659163987138,0.07759914255091103,0.07395498392282958,0.06152197213290461,0.05852090032154341,0.05187566988210075,0.051661307609860666,0.04051446945337621,0.0330117899249732,0.025509110396570205,0.01972132904608789,0.01157556270096463,0.008360128617363344,0.9103420816050465,0.02272767183759486,0.0,0.0,0.0,0.0,0.0,0.0,0.0,0.0,0.0,0.0,0.0,0.0,0.0,0.0,0.0,0.0,0.0,0.0,0.0,0.0,0.0,0.0,0.0,0.0,0.012861736334405148,0.7459807073954986,8.926045016077172,15.63987138263666,4.475884244372991,0.1993569131832798,4.2239737274220035,2.8704513481051177,nan,nan,nan,4.238562091503268,2.8840246067638113,4.2093791281373845,2.8575408149032295,0.9931148906785193,0.4124,0.01204,0.0,0.0,0.0,0.0,0.0,0.0,0.0,0.0,0.0,0.0,0.0,4.366559485530541,24.4823151125402,1.1511254019292607,0.0,0.0,0.0,0.0,0.0,0.0,0.0,0.0,0.0,0.0,0.0,0.0,0.0,0.0,0.0,0.0,nan,nan,4.2239737274220035,2.8704513481051177,nan,0.4124,0.05777,0.0,0.0,0.0,0.0,0.0,0.0,0.0,0.0,0.0,0.0,0.0,0.0,0.0,0.0,0.0,0.0,0.0,0.0,0.0,0.0,0.0,0.0,4.2872454448017146e-05,0.0,0.0,0.0004823151125401929,0.002379421221864952,0.004051446945337621,0.0009860664523043945,0.021254019292604502,0.022883172561629153,0.0009646302250803858,0.019485530546623796,0.01662379421221865,0.03166130760986066,0.0235048231511254,0.05932475884244373,0.05664523043944266,0.044683815648445875,0.09966773847802787,0.05814576634512326,0.07380493033226153,0.0785101822079314,0.06991425509110397,0.044919614147909966,0.035562700964630226,0.03897106109324759,0.034983922829581994,0.0269989281886388,0.05135048231511254,0.016355841371918544,0.03282958199356913,0.006548767416934619,0.0147481243301179,0.002229367631296892,0.0011468381564844587,0.0069882100750267954,0.0005251875669882101,0.0006430868167202572,0.00018220793140407289,0.0,0.0,0.0,0.0,0.0,0.0,0.0,0.0,0.0,0.0,0.0,0.0,0.0,0.0,0.0,0.0,0.0,0.0,0.0,0.0,0.0,0.0,0.0,0.0,0.0,0.0,0.0,0.0,0.0,0.0,0.0,0.0,0.0,0.0,0.0,0.0,0.0,0.0,0.0,0.0,0.0,nan,nan,4.2239737274220035,2.8704513481051177,nan,0.909996190462239,0.022399669994164415,0.0,0.0,0.0,0.0,0.0,0.0,0.0,0.0,0.0,0.0,0.0,0.0,0.0,0.0,0.0,0.0,0.0,0.0,0.0,0.0,0.0,0.0,0.0,0.0,0.02412545235223161,0.7961399276236432,8.709288299155611,16.07961399276237,4.270205066344995,0.12062726176115804,0.9107370454581972,0.02309017745044029,0.0,0.0,0.0,0.0,0.0,0.0,0.0,0.0,0.0,0.0,0.0,0.0,0.0,0.0,0.0,0.0,0.0,0.0,0.0,0.0,0.0,0.0,0.0,0.0,0.0,0.6887052341597797,9.173553719008266,15.137741046831959,4.710743801652893,0.2892561983471075,0.4126,0.0121,0.0,0.0,0.0,0.0,0.0,0.0,0.0,0.0,0.0,0.0,0.0,4.390832328106145,24.451145958986736,1.158021712907117,0.0,0.0,0.0,0.0,0.0,0.0,0.0,0.0,0.0,0.0,0.0,0.0,0.0,0.0,0.0,0.0,0.4124,0.01197,0.0,0.0,0.0,0.0,0.0,0.0,0.0,0.0,0.0,0.0,0.0,4.338842975206606,24.51790633608816,1.1432506887052343,0.0,0.0,0.0,0.0,0.0,0.0,0.0,0.0,0.0,0.0,0.0,0.0,0.0,0.0,0.0,0.0
71600,4717,2408,0.5104939580241679,1107,981,0.44265422938308246,1326,0.5622217511129955,0.426,2.988306626245128,3.1220783157198917,6.619496855345912,2.1205487004241648,8293.63008640294,431.4958074374547,7853.0,8739.337699466943,8716.144567094128,5.605351522940581,7853.0,0.0,27.915412338350645,20.9820443216132,33.0579415501906,19.17261116511203,0.14437142251430995,0.10069959720161119,0.09327962688149248,0.08395166419334323,0.0792876828492686,0.07250370998516006,0.06571973712105152,0.06423574305702777,0.06126775492898028,0.05109179563281747,0.04706381174475302,0.041127835488658046,0.03349586601653593,0.02692389230443078,0.019715921136315456,0.009751960992156031,0.005511977952088192,0.909626374816854,0.02279025223309331,0.0,0.0,0.0,0.0,0.0,0.0,0.0,0.0,0.0,0.0,0.0,0.0,0.0,0.0,0.0,0.0,0.0,0.0,0.0,0.0,0.0,0.0,0.0,0.0,0.006359974560101761,0.8395166419334325,9.330082679669284,15.302098791604836,4.3184227263090955,0.20351918592325635,4.327830967315946,2.8902828886539997,nan,nan,nan,4.43368700265252,2.961777808229676,4.222879684418146,2.813679810191905,0.9524532701320018,0.4119,0.01191,0.0,0.0,0.0,0.0,0.0,0.0,0.0,0.0,0.0,0.0,0.006359974560101761,4.700021199915193,24.12338350646598,1.170235319058724,0.0,0.0,0.0,0.0,0.0,0.0,0.0,0.0,0.0,0.0,0.0,0.0,0.0,0.0,0.0,0.0,nan,nan,4.327830967315946,2.8902828886539997,nan,0.4119,0.058,0.0,0.0,0.0,0.0,0.0,0.0,0.0,0.0,0.0,0.0,0.0,0.0,0.0,0.0,0.0,0.0,0.0,0.0,0.0,0.0,0.0,0.0,6.35997456010176e-05,0.0,0.0,0.0003497986008055968,0.001982192071231715,0.004112783548865804,0.0009115963536145855,0.022599109603561585,0.022355310578757684,0.001006995972016112,0.021623913504345983,0.01740513037947848,0.03349586601653593,0.022779308882764467,0.05955056179775281,0.0550561797752809,0.044604621581513675,0.10096459614161543,0.055978376086495654,0.0747933008267967,0.08044307822768709,0.06740513037947848,0.04436082255670977,0.03521305914776341,0.03730125079499682,0.0341000635997456,0.02909688361246555,0.05155819376722493,0.0158999364002544,0.03265846936612254,0.00634937460250159,0.01372694509221963,0.00238499046003816,0.0011447954208183167,0.007621369514521942,0.0001801992792028832,0.000688997244011024,0.00022259910960356158,0.0,0.0,1.0599957600169599e-05,0.0,0.0,0.0,0.0,0.0,0.0,0.0,0.0,0.0,0.0,0.0,0.0,0.0,0.0,0.0,0.0,0.0,0.0,0.0,0.0,0.0,0.0,0.0,0.0,0.0,0.0,0.0,0.0,0.0,0.0,0.0,0.0,0.0,0.0,0.0,0.0,0.0,0.0,nan,nan,4.327830967315946,2.8902828886539997,nan,0.9097309869488213,0.022623995831278415,0.0,0.0,0.0,0.0,0.0,0.0,0.0,0.0,0.0,0.0,0.0,0.0,0.0,0.0,0.0,0.0,0.0,0.0,0.0,0.0,0.0,0.0,0.0,0.0,0.0,0.7848837209302327,9.343853820598008,15.348837209302328,4.323089700996679,0.19933554817275753,0.9095172773661062,0.022961847057055278,0.0,0.0,0.0,0.0,0.0,0.0,0.0,0.0,0.0,0.0,0.0,0.0,0.0,0.0,0.0,0.0,0.0,0.0,0.0,0.0,0.0,0.0,0.0,0.0,0.012992637505413601,0.8964919878735386,9.315721091381553,15.253356431355568,4.313555651797316,0.20788220008661762,0.4119,0.01198,0.0,0.0,0.0,0.0,0.0,0.0,0.0,0.0,0.0,0.0,0.012458471760797346,4.896179401993349,23.920265780730904,1.1710963455149503,0.0,0.0,0.0,0.0,0.0,0.0,0.0,0.0,0.0,0.0,0.0,0.0,0.0,0.0,0.0,0.0,0.412,0.01184,0.0,0.0,0.0,0.0,0.0,0.0,0.0,0.0,0.0,0.0,0.0,4.495452576873099,24.335210047639677,1.169337375487224,0.0,0.0,0.0,0.0,0.0,0.0,0.0,0.0,0.0,0.0,0.0,0.0,0.0,0.0,0.0,0.0
71700,4868,2544,0.5225965488907148,1195,1002,0.45131470829909615,1383,0.5682004930156122,0.40199999999999997,2.9814974182444063,3.0536091050900223,6.554878048780488,2.0265104236897034,8304.028231914577,431.1048440244347,7853.0,8735.481309616565,8716.052450062953,5.675231877609133,7853.0,0.0,28.31368118323747,20.827844294419613,33.19478938397857,19.00515845351976,0.13804437140509448,0.09552177485620378,0.09387838948233361,0.07723911257189811,0.080936729663106,0.07908792111750206,0.0714872637633525,0.06450287592440428,0.06368118323746919,0.05012325390304026,0.04847986852917009,0.04170090386195563,0.037387017255546426,0.024239934264585046,0.017666392769104356,0.008833196384552178,0.007189811010682005,0.9093000462849609,0.022789970268881053,0.0,0.0,0.0,0.0,0.0,0.0,0.0,0.0,0.0,0.0,0.0,0.0,0.0,0.0,0.0,0.0,0.0,0.0,0.0,0.0,0.0,0.0,0.0,0.0,0.0,0.9182415776499591,9.20090386195563,15.65940838126541,4.061216105176665,0.16023007395234187,4.237929946355317,2.8273447709666226,nan,nan,nan,4.262326169405815,2.831792443809138,4.213610586011342,2.8226942859122355,0.9885706580260927,0.412,0.01199,0.0,0.0,0.0,0.0,0.0,0.0,0.0,0.0,0.0,0.0,0.0,4.720624486442064,24.13311421528349,1.1462612982744456,0.0,0.0,0.0,0.0,0.0,0.0,0.0,0.0,0.0,0.0,0.0,0.0,0.0,0.0,0.0,0.0,nan,nan,4.237929946355317,2.8273447709666226,nan,0.412,0.058,0.0,0.0,0.0,0.0,0.0,0.0,0.0,0.0,0.0,0.0,0.0,0.0,0.0,0.0,0.0,0.0,0.0,0.0,0.0,0.0,0.0,0.0,0.00012325390304026294,2.0542317173377156e-05,0.0,0.00027732128184059163,0.002115858668857847,0.0040776499589153655,0.0008114215283483977,0.025564913722267872,0.02057313064913722,0.0006881676253081348,0.020963434675431387,0.0172658175842235,0.034131059983566144,0.023397699260476582,0.058987263763352504,0.05254724732949877,0.045285538208709945,0.09835661462612982,0.058114215283483976,0.07579087921117503,0.07792728019720624,0.06984387838948233,0.044011914543960556,0.03314502875924404,0.038403861955628595,0.03581552999178307,0.028738701725554643,0.053071076417419885,0.01612571898110107,0.032970419063270334,0.006778964667214462,0.012161051766639277,0.0025472473294987676,0.0012325390304026294,0.007323336072308956,0.00011298274445357436,0.0005032867707477403,0.00019515201314708298,0.0,0.0,0.0,0.0,0.0,0.0,0.0,0.0,0.0,0.0,0.0,0.0,0.0,0.0,0.0,0.0,0.0,0.0,0.0,0.0,0.0,0.0,0.0,0.0,0.0,0.0,0.0,0.0,0.0,0.0,0.0,0.0,0.0,0.0,0.0,0.0,0.0,0.0,0.0,0.0,0.0,nan,nan,4.237929946355317,2.8273447709666226,nan,0.9093270696605902,0.02279875160425863,0.0,0.0,0.0,0.0,0.0,0.0,0.0,0.0,0.0,0.0,0.0,0.0,0.0,0.0,0.0,0.0,0.0,0.0,0.0,0.0,0.0,0.0,0.0,0.0,0.0,0.9433962264150945,9.115566037735851,15.683962264150946,4.091981132075472,0.16509433962264156,0.9092704647584544,0.022780317020764374,0.0,0.0,0.0,0.0,0.0,0.0,0.0,0.0,0.0,0.0,0.0,0.0,0.0,0.0,0.0,0.0,0.0,0.0,0.0,0.0,0.0,0.0,0.0,0.0,0.0,0.8907056798623065,9.294320137693633,15.632530120481931,4.0275387263339075,0.15490533562822723,0.4119,0.01208,0.0,0.0,0.0,0.0,0.0,0.0,0.0,0.0,0.0,0.0,0.0,4.740566037735842,24.15094339622642,1.108490566037736,0.0,0.0,0.0,0.0,0.0,0.0,0.0,0.0,0.0,0.0,0.0,0.0,0.0,0.0,0.0,0.0,0.412,0.011894,0.0,0.0,0.0,0.0,0.0,0.0,0.0,0.0,0.0,0.0,0.0,4.698795180722884,24.113597246127373,1.187607573149742,0.0,0.0,0.0,0.0,0.0,0.0,0.0,0.0,0.0,0.0,0.0,0.0,0.0,0.0,0.0,0.0
71800,4647,2444,0.5259307079836454,1118,926,0.43985366903378526,1283,0.5521842048633527,0.418,3.0699046754425785,3.109970690222871,6.506060606060606,2.16409255864612,8306.90403296381,430.9639695739519,7853.0,8734.301712208986,8716.049116686914,5.741879073581323,7853.0,0.0,28.2300408865935,21.13139993775873,33.214194209582374,19.387514528963177,0.13707768452765226,0.10157090596083494,0.09188723907897568,0.08327953518398967,0.08586184635248548,0.07510221648375295,0.07165913492575855,0.060253927264902085,0.051000645577792124,0.04820314181192167,0.04884871960404562,0.045190445448676564,0.0333548525930708,0.02862061545082849,0.02044329675059178,0.010114052076608565,0.007531740908112761,0.9090478821854605,0.022381887194183193,0.0,0.0,0.0,0.0,0.0,0.0,0.0,0.0,0.0,0.0,0.0,0.0,0.0,0.0,0.0,0.0,0.0,0.0,0.0,0.0,0.0,0.0,0.0,0.0,0.012911555842479022,0.871530019367334,9.34796642995481,15.610071013557137,3.996126533247257,0.16139444803098776,4.199669421487603,2.8502805237856093,nan,nan,nan,4.139489194499018,2.835051538216363,4.261014686248331,2.8644200182886643,1.0293576057429523,0.4116,0.01232,0.0,0.0,0.0,0.0,0.0,0.0,0.0,0.0,0.0,0.0,0.006455777921239511,5.2098127824402765,23.62169141381537,1.1620400258231118,0.0,0.0,0.0,0.0,0.0,0.0,0.0,0.0,0.0,0.0,0.0,0.0,0.0,0.0,0.0,0.0,nan,nan,4.199669421487603,2.8502805237856093,nan,0.4116,0.05756,0.0,0.0,0.0,0.0,0.0,0.0,0.0,0.0,0.0,0.0,0.0,0.0,0.0,0.0,0.0,0.0,0.0,0.0,0.0,0.0,0.0,0.0,9.683666881859264e-05,0.00011835592855605767,0.0,0.0002797503765870454,0.002044329675059178,0.0034753604476006027,0.0010329244673983216,0.025328168710996343,0.021400903808908973,0.0005487411233053583,0.020690768237572627,0.017258446309446954,0.03489347966429955,0.02274585754250054,0.06004949429739617,0.05090380890897353,0.0460619754680439,0.10060253927264902,0.05856466537551108,0.0745857542500538,0.07692059393156875,0.07290725199053152,0.04525500322788896,0.033903593716376156,0.038035291585969445,0.03440929632020658,0.028125672476866797,0.053281687109963415,0.01552614590058102,0.03384979556703249,0.0061114697654400685,0.009866580589627716,0.0021734452334839682,0.001043684097267054,0.006724768667957823,5.379814934366258e-05,0.000710135571336346,0.000376587045405638,0.0,0.0,4.303851947493006e-05,0.0,0.0,0.0,0.0,0.0,0.0,0.0,0.0,0.0,0.0,0.0,0.0,0.0,0.0,0.0,0.0,0.0,0.0,0.0,0.0,0.0,0.0,0.0,0.0,0.0,0.0,0.0,0.0,0.0,0.0,0.0,0.0,0.0,0.0,0.0,0.0,0.0,0.0,nan,nan,4.199669421487603,2.8502805237856093,nan,0.9092593354259887,0.022701643394963156,0.0,0.0,0.0,0.0,0.0,0.0,0.0,0.0,0.0,0.0,0.0,0.0,0.0,0.0,0.0,0.0,0.0,0.0,0.0,0.0,0.0,0.0,0.0,0.0,0.012274959083469724,0.981996726677578,9.108019639934534,15.55237315875614,4.173486088379706,0.17184942716857615,0.908813296747489,0.022019343169274425,0.0,0.0,0.0,0.0,0.0,0.0,0.0,0.0,0.0,0.0,0.0,0.0,0.0,0.0,0.0,0.0,0.0,0.0,0.0,0.0,0.0,0.0,0.0,0.0,0.013617793917385386,0.7489786654561963,9.614162505674082,15.67408079891058,3.7993645029505227,0.14979573309123925,0.4119,0.01243,0.0,0.0,0.0,0.0,0.0,0.0,0.0,0.0,0.0,0.0,0.0,4.97135842880523,23.59247135842881,1.436170212765958,0.0,0.0,0.0,0.0,0.0,0.0,0.0,0.0,0.0,0.0,0.0,0.0,0.0,0.0,0.0,0.0,0.4114,0.01219,0.0,0.0,0.0,0.0,0.0,0.0,0.0,0.0,0.0,0.0,0.013617793917385386,5.474353154788916,23.654108034498417,0.8579210167952793,0.0,0.0,0.0,0.0,0.0,0.0,0.0,0.0,0.0,0.0,0.0,0.0,0.0,0.0,0.0,0.0
71900,4607,2385,0.5176904710223573,1153,925,0.45105274582157584,1268,0.5504666811373996,0.438,3.056255625562556,3.1990637727254363,6.776337115072933,2.1541616734132787,8299.495505999963,430.98813209598404,7853.0,8736.820233935117,8715.4758055102,5.803426728240111,7853.0,0.0,27.822878228782287,20.899500435082352,32.82051282051282,19.13982015895999,0.14217495116127632,0.09767744736270892,0.0931191664857825,0.08704145864988061,0.08291729976123291,0.07293249403082266,0.0718471890601259,0.06880833514217495,0.053179943564141526,0.04992402865205123,0.04666811373996093,0.03950510093336228,0.03147384415020621,0.02539613631430432,0.017147818537008898,0.01302365964836119,0.007163012806598654,0.9078452443388245,0.02263906247172588,0.0,0.0,0.0,0.0,0.0,0.0,0.0,0.0,0.0,0.0,0.0,0.0,0.0,0.0,0.0,0.0,0.0,0.0,0.0,0.0,0.0,0.0,0.0,0.0,0.006511829824180596,1.1330583894074238,9.722161927501629,15.250705448230956,3.757325808552204,0.1302365964836119,4.349040727027937,3.0026939977376688,nan,nan,nan,4.310918774966711,3.0582233918253836,4.3848773841961854,2.942864676705562,1.0171561129054316,0.4111,0.01211,0.0,0.0,0.0,0.0,0.0,0.0,0.0,0.0,0.0,0.0,0.006511829824180596,5.489472541784234,23.54677664423704,0.9572389841545477,0.0,0.0,0.0,0.0,0.0,0.0,0.0,0.0,0.0,0.0,0.0,0.0,0.0,0.0,0.0,0.0,nan,nan,4.349040727027937,3.0026939977376688,nan,0.4111,0.0575,0.0,0.0,0.0,0.0,0.0,0.0,0.0,0.0,0.0,0.0,0.0,0.0,0.0,0.0,0.0,0.0,0.0,0.0,0.0,0.0,0.0,0.0,0.00017364879531148254,0.0,0.0,0.0001302365964836119,0.0018558714998914694,0.0037551551986108097,0.0007054482309528978,0.026633383980898633,0.02214022140221402,0.0005752116344692859,0.02053397004558281,0.016941610592576515,0.033166919904493164,0.023974386802691556,0.06028869112220534,0.05148686780985457,0.04896896027783807,0.10158454525721727,0.05871499891469503,0.07255263729107879,0.07979162144562622,0.06967657911873236,0.043824614716735405,0.03552203169090514,0.03578250488387237,0.03207076188408943,0.030160625135663123,0.05446060342956371,0.01464076405469937,0.03366616019101368,0.005925765140004341,0.00991968743216844,0.0018450184501845018,0.0007380073800738007,0.00671803776861298,0.0001302365964836119,0.0005426524853483829,0.00040156283915780336,0.0,0.0,0.0,0.0,0.0,0.0,0.0,0.0,0.0,0.0,0.0,0.0,0.0,0.0,0.0,0.0,0.0,0.0,0.0,0.0,0.0,0.0,0.0,0.0,0.0,0.0,0.0,0.0,0.0,0.0,0.0,0.0,0.0,0.0,0.0,0.0,0.0,0.0,0.0,0.0,0.0,nan,nan,4.349040727027937,3.0026939977376688,nan,0.9074040748038382,0.02315367493356531,0.0,0.0,0.0,0.0,0.0,0.0,0.0,0.0,0.0,0.0,0.0,0.0,0.0,0.0,0.0,0.0,0.0,0.0,0.0,0.0,0.0,0.0,0.0,0.0,0.0,1.3081761006289312,9.937106918238996,14.842767295597488,3.798742138364781,0.11320754716981135,0.9083187768955042,0.02206353987407771,0.0,0.0,0.0,0.0,0.0,0.0,0.0,0.0,0.0,0.0,0.0,0.0,0.0,0.0,0.0,0.0,0.0,0.0,0.0,0.0,0.0,0.0,0.0,0.0,0.013501350135013504,0.9450945094509453,9.491449144914492,15.688568856885691,3.7128712871287135,0.14851485148514854,0.4111,0.01218,0.0,0.0,0.0,0.0,0.0,0.0,0.0,0.0,0.0,0.0,0.01257861635220126,5.660377358490558,23.42138364779875,0.9056603773584908,0.0,0.0,0.0,0.0,0.0,0.0,0.0,0.0,0.0,0.0,0.0,0.0,0.0,0.0,0.0,0.0,0.4111,0.01205,0.0,0.0,0.0,0.0,0.0,0.0,0.0,0.0,0.0,0.0,0.0,5.306030603060298,23.68136813681369,1.0126012601260128,0.0,0.0,0.0,0.0,0.0,0.0,0.0,0.0,0.0,0.0,0.0,0.0,0.0,0.0,0.0,0.0
72000,4723,2517,0.5329239889900487,1165,904,0.4380690239254711,1279,0.5416049121321194,0.438,3.054850407978241,3.2149048777386575,6.774960380348653,2.277167163740006,8312.759831813968,430.44027782173816,7853.0,8734.134991937875,8715.711833793153,5.761135731439864,7853.0,0.0,28.497988566589033,21.179914156731353,33.37086258776329,19.444894840658495,0.1363540122803303,0.09824264238831251,0.09146728774084269,0.08659750158797375,0.08342155409697226,0.07198814312936692,0.06669489731103112,0.06415413931822994,0.05589667584162609,0.05314418801609147,0.05039170019055685,0.036840990895617196,0.036417531230150325,0.02858352741901334,0.01884395511327546,0.01291551979673936,0.008045733643870422,0.9072418822566761,0.02273318411537421,0.0,0.0,0.0,0.0,0.0,0.0,0.0,0.0,0.0,0.0,0.0,0.0,0.0,0.0,0.0,0.0,0.0,0.0,0.0,0.0,0.0,0.0,0.0,0.0,0.02540757992801186,0.9908956171924627,10.60131272496295,14.552191403768795,3.696802879525726,0.13338979462206227,4.296635086573016,3.0070512440564556,nan,nan,nan,4.273028495692512,2.989213240702772,4.322372662798195,3.0231018596848904,1.0115478207448008,0.4119,0.0118,0.0,0.0,0.0,0.0,0.0,0.0,0.0,0.0,0.0,0.0,0.01270378996400593,4.713106076646192,24.24518314630532,1.0290069870844805,0.0,0.0,0.0,0.0,0.0,0.0,0.0,0.0,0.0,0.0,0.0,0.0,0.0,0.0,0.0,0.0,nan,nan,4.296635086573016,3.0070512440564556,nan,0.4119,0.0572,0.0,0.0,0.0,0.0,0.0,0.0,0.0,0.0,0.0,0.0,0.0,0.0,0.0,0.0,0.0,0.0,0.0,0.0,0.0,0.0,0.0,0.0,0.00023290281600677536,0.0,4.2345966546686426e-05,1.0586491636671606e-05,0.0016832521702307855,0.0032500529324581834,0.0004975651069235655,0.02556637730256193,0.020326063942409486,0.0004763921236502223,0.019669701460935846,0.016959559601947914,0.03298750793986873,0.023078551767944103,0.06182511115816219,0.053694685581198394,0.05258310395934787,0.09882489942832945,0.05785517679441033,0.07179758627990684,0.07823417319500317,0.06816641964852847,0.04626296845225492,0.03538005504975651,0.035189498200296425,0.032892229515138684,0.03125132331145458,0.053578234173195,0.015826804996824054,0.03533770908320982,0.006669489731103113,0.01001482108829134,0.001990260427694262,0.0007622273978403557,0.00625661655727292,4.2345966546686426e-05,0.0005293245818335803,0.0002540757992801186,0.0,0.0,0.0,0.0,0.0,0.0,0.0,0.0,0.0,0.0,0.0,0.0,0.0,0.0,0.0,0.0,0.0,0.0,0.0,0.0,0.0,0.0,0.0,0.0,0.0,0.0,0.0,0.0,0.0,0.0,0.0,0.0,0.0,0.0,0.0,0.0,0.0,0.0,0.0,0.0,0.0,nan,nan,4.296635086573016,3.0070512440564556,nan,0.907817705832259,0.023156439660786333,0.0,0.0,0.0,0.0,0.0,0.0,0.0,0.0,0.0,0.0,0.0,0.0,0.0,0.0,0.0,0.0,0.0,0.0,0.0,0.0,0.0,0.0,0.0,0.0,0.02383790226460072,1.0131108462455305,10.53635280095352,14.266984505363531,3.9809296781883203,0.17878426698450542,0.9065848795641366,0.02222220530905735,0.0,0.0,0.0,0.0,0.0,0.0,0.0,0.0,0.0,0.0,0.0,0.0,0.0,0.0,0.0,0.0,0.0,0.0,0.0,0.0,0.0,0.0,0.0,0.0,0.027198549410698103,0.9655485040797827,10.675430643699004,14.877606527651862,3.3726201269265648,0.0815956482320943,0.4119,0.01171,0.0,0.0,0.0,0.0,0.0,0.0,0.0,0.0,0.0,0.0,0.0,4.719904648390935,24.350417163289638,0.9296781883194281,0.0,0.0,0.0,0.0,0.0,0.0,0.0,0.0,0.0,0.0,0.0,0.0,0.0,0.0,0.0,0.0,0.4119,0.01191,0.0,0.0,0.0,0.0,0.0,0.0,0.0,0.0,0.0,0.0,0.027198549410698103,4.705349048050764,24.125113327289217,1.1423390752493203,0.0,0.0,0.0,0.0,0.0,0.0,0.0,0.0,0.0,0.0,0.0,0.0,0.0,0.0,0.0,0.0
72100,4922,2593,0.5268183665176758,1271,1003,0.4620073140999594,1358,0.55180820804551,0.418,3.0098754830399312,3.1074069646167084,6.698907956318252,2.0940779866071986,8307.424716610414,430.69044466505284,7853.0,8737.866486811638,8715.583283901447,5.666855812959514,7853.0,0.0,27.859203575782203,20.699193431423915,32.865841824357105,18.888336104278164,0.14181227143437627,0.10077204388459976,0.08451848841934173,0.08898821617228769,0.07882974400650142,0.07517269402681837,0.07639171068671272,0.0650142218610321,0.062373019097927675,0.051198699715562776,0.04266558309630231,0.04063388866314506,0.03311661926046323,0.023973994311255586,0.01909792767167818,0.008939455505891914,0.00650142218610321,0.9082732282485094,0.022555052174137273,0.0,0.0,0.0,0.0,0.0,0.0,0.0,0.0,0.0,0.0,0.0,0.0,0.0,0.0,0.0,0.0,0.0,0.0,0.0,0.0,0.0,0.0,0.0,0.0,0.012190166598943522,0.9874034945144252,9.928890694839497,15.115806582689967,3.8033319788703785,0.15237708248679402,4.221596244131455,2.962842915272521,nan,nan,nan,4.164485981308411,2.9509569387174808,4.279245283018868,2.973680680384638,1.0275566545848718,0.4119,0.01193,0.0,0.0,0.0,0.0,0.0,0.0,0.0,0.0,0.0,0.0,0.006095083299471761,4.9126371393742305,24.09386428281187,0.9874034945144252,0.0,0.0,0.0,0.0,0.0,0.0,0.0,0.0,0.0,0.0,0.0,0.0,0.0,0.0,0.0,0.0,nan,nan,4.221596244131455,2.962842915272521,nan,0.4119,0.05722,0.0,0.0,0.0,0.0,0.0,0.0,0.0,0.0,0.0,0.0,0.0,0.0,0.0,0.0,0.0,0.0,0.0,0.0,0.0,1.0158472165786265e-05,0.0,0.0,0.000152377082486794,0.0,0.00011174319382364892,1.0158472165786265e-05,0.0013815522145469322,0.0028138967899227958,0.0005485574969524583,0.029175132060138154,0.01866111336854937,0.0005180820804550995,0.01977854530678586,0.01583705810646079,0.03183665176757416,0.024654611946363265,0.0638256806176351,0.051219016659894354,0.05268183665176757,0.09828321820398211,0.05673506704591629,0.07343559528646891,0.0773669240146282,0.06731003657049979,0.04709467696058513,0.03427468508736286,0.037362860625761884,0.031206826493295408,0.03275091426249492,0.05338277123120683,0.01713734254368143,0.03398008939455506,0.006735067045916294,0.010199106054449411,0.0018894758228362454,0.0009752133279154815,0.006023973994311256,2.031694433157253e-05,0.00031491263713937423,0.000304754164973588,0.0,0.0,0.0,0.0,0.0,0.0,0.0,0.0,0.0,0.0,0.0,0.0,0.0,0.0,0.0,0.0,0.0,0.0,0.0,0.0,0.0,0.0,0.0,0.0,0.0,0.0,0.0,0.0,0.0,0.0,0.0,0.0,0.0,0.0,0.0,0.0,0.0,0.0,0.0,0.0,0.0,nan,nan,4.221596244131455,2.962842915272521,nan,0.9079632471759853,0.022639099453814232,0.0,0.0,0.0,0.0,0.0,0.0,0.0,0.0,0.0,0.0,0.0,0.0,0.0,0.0,0.0,0.0,0.0,0.0,0.0,0.0,0.0,0.0,0.0,0.0,0.011569610489780181,0.9834168916313153,10.134978789047437,14.982645584265333,3.713844967219438,0.1735441573467027,0.9086183467204093,0.022456074445954707,0.0,0.0,0.0,0.0,0.0,0.0,0.0,0.0,0.0,0.0,0.0,0.0,0.0,0.0,0.0,0.0,0.0,0.0,0.0,0.0,0.0,0.0,0.0,0.0,0.012881064834693005,0.9918419922713613,9.699441820523832,15.26406182911121,3.9029626449119803,0.12881064834693004,0.4111,0.01189,0.0,0.0,0.0,0.0,0.0,0.0,0.0,0.0,0.0,0.0,0.0,5.2063247204010725,23.83339760894717,0.9602776706517548,0.0,0.0,0.0,0.0,0.0,0.0,0.0,0.0,0.0,0.0,0.0,0.0,0.0,0.0,0.0,0.0,0.4126,0.011955,0.0,0.0,0.0,0.0,0.0,0.0,0.0,0.0,0.0,0.0,0.012881064834693005,4.585659081150702,24.383855732073858,1.0176041219407472,0.0,0.0,0.0,0.0,0.0,0.0,0.0,0.0,0.0,0.0,0.0,0.0,0.0,0.0,0.0,0.0
72200,4806,2494,0.5189346650020807,1178,953,0.4434040782355389,1328,0.55264253017062,0.43,2.8966262975778547,3.1328909842460253,6.636065573770492,2.2144112777836664,8300.750983588303,431.1228858908835,7853.0,8737.831328743696,8715.827276313306,5.574238359318381,7853.0,0.0,27.82646691635456,20.778548558384482,32.70237506185057,19.057122374879548,0.13628797336662504,0.1017478152309613,0.09633791094465252,0.08468580940491052,0.07969205160216396,0.08031627132750728,0.06970453599667083,0.06346233874323762,0.060965459841864335,0.049937578027465665,0.043279234290470245,0.03766125676238036,0.0359966708281315,0.026425301706200582,0.016853932584269662,0.008531002913025386,0.008114856429463172,0.908644587086778,0.02233150205525844,0.0,0.0,0.0,0.0,0.0,0.0,0.0,0.0,0.0,0.0,0.0,0.0,0.0,0.0,0.0,0.0,0.0,0.0,0.0,0.0,0.0,0.0,0.0,0.0,0.00624219725343321,0.7740324594257181,9.906367041198504,15.287141073657931,3.7952559300873916,0.23096129837702875,4.2696301103179755,2.89682731517446,nan,nan,nan,4.291025641025641,2.8880694420160054,4.247700394218134,2.905612963910459,0.9899032887631145,0.4119,0.0119,0.0,0.0,0.0,0.0,0.0,0.0,0.0,0.0,0.0,0.0,0.0,4.987515605493126,24.019975031210993,0.9925093632958804,0.0,0.0,0.0,0.0,0.0,0.0,0.0,0.0,0.0,0.0,0.0,0.0,0.0,0.0,0.0,0.0,nan,nan,4.2696301103179755,2.89682731517446,nan,0.4119,0.0572,0.0,0.0,0.0,0.0,0.0,0.0,0.0,0.0,0.0,0.0,0.0,0.0,0.0,0.0,0.0,0.0,0.0,0.0,0.0,0.0,0.0,0.0,0.00011444028297960882,0.0,0.00010403662089055348,0.0,0.0011548064918851435,0.0032147315855181025,0.000509779442363712,0.029504785684560966,0.018279234290470247,0.00044735746982937994,0.0194548481065335,0.01665626300457761,0.029234290470245526,0.02622763212650853,0.06446109030378694,0.052247191011235955,0.04944860590928007,0.09737827715355805,0.05942571785268414,0.07103620474406991,0.07905742821473158,0.0674053266749896,0.04796088223054515,0.03488347898460258,0.03856637536412817,0.03088847274240533,0.03352059925093633,0.05200790678318768,0.01723886808156471,0.03276113191843529,0.006699958385351644,0.010101955888472743,0.0016021639617145235,0.0009051186017478152,0.006710362047440699,1.0403662089055348e-05,0.0002184769038701623,0.0005513940907199334,1.0403662089055348e-05,0.0,0.0,0.0,0.0,0.0,0.0,0.0,0.0,0.0,0.0,0.0,0.0,0.0,0.0,0.0,0.0,0.0,0.0,0.0,0.0,0.0,0.0,0.0,0.0,0.0,0.0,0.0,0.0,0.0,0.0,0.0,0.0,0.0,0.0,0.0,0.0,0.0,0.0,0.0,0.0,nan,nan,4.2696301103179755,2.89682731517446,nan,0.9080883015989779,0.02208999862929973,0.0,0.0,0.0,0.0,0.0,0.0,0.0,0.0,0.0,0.0,0.0,0.0,0.0,0.0,0.0,0.0,0.0,0.0,0.0,0.0,0.0,0.0,0.0,0.0,0.0,0.793905372894948,10.128307939053732,15.336808340016042,3.5244587008821178,0.21651964715316765,0.9092446632141885,0.022573757429257955,0.0,0.0,0.0,0.0,0.0,0.0,0.0,0.0,0.0,0.0,0.0,0.0,0.0,0.0,0.0,0.0,0.0,0.0,0.0,0.0,0.0,0.0,0.0,0.0,0.012975778546712806,0.7525951557093428,9.66695501730104,15.233564013840834,4.087370242214534,0.2465397923875433,0.412,0.011986,0.0,0.0,0.0,0.0,0.0,0.0,0.0,0.0,0.0,0.0,0.0,4.775461106655968,24.16599839615077,1.058540497193264,0.0,0.0,0.0,0.0,0.0,0.0,0.0,0.0,0.0,0.0,0.0,0.0,0.0,0.0,0.0,0.0,0.4116,0.0118,0.0,0.0,0.0,0.0,0.0,0.0,0.0,0.0,0.0,0.0,0.0,5.216262975778539,23.86245674740485,0.9212802768166092,0.0,0.0,0.0,0.0,0.0,0.0,0.0,0.0,0.0,0.0,0.0,0.0,0.0,0.0,0.0,0.0
72300,4984,2568,0.5152487961476726,1244,1055,0.4612760834670947,1450,0.5818619582664526,0.37799999999999995,2.996274834437086,3.119114754480564,6.660322108345534,2.234821825822261,8297.57619256279,431.23797635674777,7853.0,8736.164178842306,8715.837906438059,5.742669104198128,7853.0,0.0,27.978531300160515,20.676144466748507,32.809138505473584,18.914490622714414,0.13784109149277687,0.0971107544141252,0.08828250401284109,0.08788121990369181,0.08647672552166934,0.0800561797752809,0.06460674157303371,0.06781701444622792,0.056179775280898875,0.05397271268057785,0.048956661316211875,0.04012841091492777,0.033707865168539325,0.022271268057784913,0.018057784911717497,0.009430176565008025,0.0072231139646869984,0.9080327162534046,0.022703142351156926,0.0,0.0,0.0,0.0,0.0,0.0,0.0,0.0,0.0,0.0,0.0,0.0,0.0,0.0,0.0,0.0,0.0,0.0,0.0,0.0,0.0,0.0,0.0,0.0,0.012038523274478333,1.01123595505618,9.901685393258429,15.036115569823439,3.8884430176565017,0.15048154093097915,4.238518064911206,2.919054659710761,nan,nan,nan,4.267114914425428,2.913826618694357,4.2098159509202455,2.9240113367451706,0.9865719661517721,0.4124,0.01196,0.0,0.0,0.0,0.0,0.0,0.0,0.0,0.0,0.0,0.0,0.0,4.532504012841085,24.311797752808996,1.15569823434992,0.0,0.0,0.0,0.0,0.0,0.0,0.0,0.0,0.0,0.0,0.0,0.0,0.0,0.0,0.0,0.0,nan,nan,4.238518064911206,2.919054659710761,nan,0.4124,0.05725,0.0,0.0,0.0,0.0,0.0,0.0,0.0,0.0,0.0,0.0,0.0,0.0,0.0,0.0,0.0,0.0,0.0,0.0,0.0,0.0,0.0,0.0,0.0,0.0,0.0,0.0,0.0014646869983948635,0.003661717495987159,0.0007825040128410915,0.02685593900481541,0.01863964686998395,0.0006821829855537721,0.01838884430176565,0.01741573033707865,0.027798956661316213,0.028430979133226324,0.06553972712680578,0.05124398073836276,0.05055176565008026,0.09973916532905297,0.056340288924558585,0.06857945425361156,0.07631420545746388,0.0677467897271268,0.05043138041733548,0.03446027287319422,0.038743980738362764,0.030818619582664526,0.033326645264847514,0.05321027287319422,0.018087881219903693,0.0334169341894061,0.006882022471910112,0.009991974317817015,0.0022070626003210273,0.0009129213483146068,0.006701444622792937,0.0,0.00017054574638844302,0.0004514446227929374,0.0,1.0032102728731942e-05,0.0,0.0,0.0,0.0,0.0,0.0,0.0,0.0,0.0,0.0,0.0,0.0,0.0,0.0,0.0,0.0,0.0,0.0,0.0,0.0,0.0,0.0,0.0,0.0,0.0,0.0,0.0,0.0,0.0,0.0,0.0,0.0,0.0,0.0,0.0,0.0,0.0,0.0,0.0,nan,nan,4.238518064911206,2.919054659710761,nan,0.90808265226838,0.02284216904249391,0.0,0.0,0.0,0.0,0.0,0.0,0.0,0.0,0.0,0.0,0.0,0.0,0.0,0.0,0.0,0.0,0.0,0.0,0.0,0.0,0.0,0.0,0.0,0.0,0.011682242990654209,1.0747663551401871,9.82476635514019,14.90654205607477,4.030373831775702,0.15186915887850472,0.907979638568613,0.022554308218181423,0.0,0.0,0.0,0.0,0.0,0.0,0.0,0.0,0.0,0.0,0.0,0.0,0.0,0.0,0.0,0.0,0.0,0.0,0.0,0.0,0.0,0.0,0.0,0.0,0.01241721854304636,0.9437086092715233,9.983443708609274,15.173841059602651,3.7375827814569544,0.1490066225165563,0.412,0.01202,0.0,0.0,0.0,0.0,0.0,0.0,0.0,0.0,0.0,0.0,0.0,4.5210280373831715,24.310747663551407,1.1682242990654208,0.0,0.0,0.0,0.0,0.0,0.0,0.0,0.0,0.0,0.0,0.0,0.0,0.0,0.0,0.0,0.0,0.4124,0.0119,0.0,0.0,0.0,0.0,0.0,0.0,0.0,0.0,0.0,0.0,0.0,4.54470198675496,24.312913907284774,1.142384105960265,0.0,0.0,0.0,0.0,0.0,0.0,0.0,0.0,0.0,0.0,0.0,0.0,0.0,0.0,0.0,0.0
72400,4547,2287,0.5029689905432153,1088,979,0.45458544095007697,1293,0.5687266329447987,0.422,2.8946902654867257,3.0937373425636014,6.5514950166112955,2.260782085624239,8286.899550291311,431.348482763267,7853.0,8733.676788443327,8715.676543583118,5.527801618608122,7853.0,0.0,27.709478777215747,20.913297307712597,32.86532875627145,19.11649910597064,0.14625027490653178,0.09588739828458324,0.09500769738288982,0.08731031449307236,0.07961293160325489,0.07675390367275127,0.06685726852870025,0.06729711897954696,0.060919287442269626,0.04684407301517484,0.0455245216626347,0.03672751264570046,0.029030129755883,0.027710578403342862,0.01913349461183198,0.012535737849131295,0.006597756762700682,0.9081249754848862,0.022403255369998744,0.0,0.0,0.0,0.0,0.0,0.0,0.0,0.0,0.0,0.0,0.0,0.0,0.0,0.0,0.0,0.0,0.0,0.0,0.0,0.0,0.0,0.0,0.0,0.0,0.013195513525401367,0.8775016494391908,10.015394765779636,15.036287662194857,3.938860787332308,0.11875962172861229,4.226839237057221,2.875299123647756,nan,nan,nan,4.202675585284281,2.8741250578101765,4.251908396946565,2.8763021372361517,1.0117146352753643,0.4116,0.011894,0.0,0.0,0.0,0.0,0.0,0.0,0.0,0.0,0.0,0.0,0.0,5.053881680228715,23.910270508027278,1.0358478117440073,0.0,0.0,0.0,0.0,0.0,0.0,0.0,0.0,0.0,0.0,0.0,0.0,0.0,0.0,0.0,0.0,nan,nan,4.226839237057221,2.875299123647756,nan,0.4116,0.0576,0.0,0.0,0.0,0.0,0.0,0.0,0.0,0.0,0.0,0.0,0.0,0.0,0.0,0.0,0.0,0.0,0.0,0.0,0.0,0.0,1.0996261271167803e-05,0.0,0.0,0.0,2.1992522542335606e-05,2.1992522542335606e-05,0.0015394765779634925,0.003683747525841214,0.0009456784693204311,0.02791950736749505,0.01952936001759402,0.0009786672531339345,0.018011875962172862,0.01866065537717176,0.028744226962832638,0.027567627006817683,0.06745106663734331,0.05312293820101165,0.052474158786012755,0.09835056080932483,0.0558060259511766,0.0680008797009017,0.07354299538157026,0.06764899934022432,0.05056080932482956,0.03455025291400924,0.03779414998900374,0.030217725973169123,0.031515284803166926,0.05258412139872443,0.018242797448867386,0.03207609412799648,0.006828678249395205,0.010193534198372553,0.002562128876182098,0.0013745326588959755,0.006652738069056521,4.398504508467121e-05,0.00017594018033868485,0.0005937981086430613,0.0,0.0,0.0,0.0,0.0,0.0,0.0,0.0,0.0,0.0,0.0,0.0,0.0,0.0,0.0,0.0,0.0,0.0,0.0,0.0,0.0,0.0,0.0,0.0,0.0,0.0,0.0,0.0,0.0,0.0,0.0,0.0,0.0,0.0,0.0,0.0,0.0,0.0,0.0,0.0,0.0,nan,nan,4.226839237057221,2.875299123647756,nan,0.9080417509364623,0.022423366638237355,0.0,0.0,0.0,0.0,0.0,0.0,0.0,0.0,0.0,0.0,0.0,0.0,0.0,0.0,0.0,0.0,0.0,0.0,0.0,0.0,0.0,0.0,0.0,0.0,0.01311762133799738,0.865763008307827,10.139921294271973,15.006558810669002,3.830345430695235,0.14429383471797116,0.9082091943088886,0.022382570421998534,0.0,0.0,0.0,0.0,0.0,0.0,0.0,0.0,0.0,0.0,0.0,0.0,0.0,0.0,0.0,0.0,0.0,0.0,0.0,0.0,0.0,0.0,0.0,0.0,0.013274336283185844,0.8893805309734515,9.889380530973453,15.066371681415932,4.048672566371682,0.0929203539823009,0.4114,0.01185,0.0,0.0,0.0,0.0,0.0,0.0,0.0,0.0,0.0,0.0,0.0,5.076519457804977,23.913423699169222,1.0100568430257981,0.0,0.0,0.0,0.0,0.0,0.0,0.0,0.0,0.0,0.0,0.0,0.0,0.0,0.0,0.0,0.0,0.4116,0.01193,0.0,0.0,0.0,0.0,0.0,0.0,0.0,0.0,0.0,0.0,0.0,5.0309734513274265,23.907079646017706,1.0619469026548674,0.0,0.0,0.0,0.0,0.0,0.0,0.0,0.0,0.0,0.0,0.0,0.0,0.0,0.0,0.0,0.0
72500,4612,2375,0.5149609713790113,1137,968,0.45641803989592367,1311,0.5685169124024284,0.40599999999999997,2.927581582476531,3.061014774745783,6.501633986928105,2.226180514474937,8297.272395618938,431.19224514542003,7853.0,8737.35365166664,8715.730226776648,5.827701690324387,7853.0,0.0,27.813963573287076,20.797647625053184,32.913528953518565,18.96779518016682,0.14288811795316567,0.09865568083261059,0.08803122289679098,0.08586296617519515,0.08759757155247182,0.07762359063313096,0.07111882046834345,0.06049436253252385,0.05398959236773634,0.053555941023417174,0.04596704249783174,0.0398959236773634,0.03469210754553339,0.024501300954032957,0.017996530789245447,0.012142237640936688,0.004986990459670425,0.9083743026901718,0.023314132241709848,0.0,0.0,0.0,0.0,0.0,0.0,0.0,0.0,0.0,0.0,0.0,0.0,0.0,0.0,0.0,0.0,0.0,0.0,0.0,0.0,0.0,0.0,0.0,0.0,0.04553339115351259,0.9952298352124893,9.737640936686905,15.104076322636603,3.89635732870772,0.22116218560277542,4.171276241252916,2.8733086682599267,nan,nan,nan,4.093007467752885,2.868498046607837,4.246727748691099,2.8759227563946035,1.0375568044156558,0.4114,0.012115,0.0,0.0,0.0,0.0,0.0,0.0,0.0,0.0,0.0,0.0,0.0,5.288378143972238,23.72289679098006,0.9887250650477019,0.0,0.0,0.0,0.0,0.0,0.0,0.0,0.0,0.0,0.0,0.0,0.0,0.0,0.0,0.0,0.0,nan,nan,4.171276241252916,2.8733086682599267,nan,0.4114,0.05826,0.0,0.0,0.0,0.0,0.0,0.0,0.0,0.0,0.0,0.0,0.0,0.0,0.0,0.0,0.0,0.0,0.0,0.0,0.0,0.0,0.0,0.0,0.0,0.0,1.0841283607979185e-05,1.0841283607979185e-05,0.0017129228100607112,0.0037836079791847355,0.000986556808326106,0.02913052905464007,0.019340849956634865,0.0013226366001734605,0.018744579358196012,0.02088031222896791,0.027753686036426712,0.028935385949696444,0.06566565481352993,0.054163052905464006,0.052493495229835214,0.09707285342584562,0.05560494362532524,0.06863616652211622,0.07030572419774501,0.06654379878577624,0.050888985255854294,0.03403078924544666,0.037944492627927144,0.03177580225498699,0.030117085862966176,0.05,0.018636166522116217,0.03367302688638335,0.0060169124024284475,0.010353425845620122,0.0030464006938421507,0.0019189071986123157,0.007751517779705117,1.0841283607979185e-05,0.00016261925411968777,0.0005529054640069385,0.0,0.0,2.168256721595837e-05,0.0,0.0,0.0,0.0,0.0,0.0,0.0,0.0,0.0,0.0,0.0,0.0,0.0,0.0,0.0,0.0,0.0,0.0,0.0,0.0,0.0,0.0,0.0,0.0,0.0,0.0,0.0,0.0,0.0,0.0,0.0,0.0,0.0,0.0,0.0,0.0,0.0,0.0,nan,nan,4.171276241252916,2.8733086682599267,nan,0.908490545122247,0.023264172951166652,0.0,0.0,0.0,0.0,0.0,0.0,0.0,0.0,0.0,0.0,0.0,0.0,0.0,0.0,0.0,0.0,0.0,0.0,0.0,0.0,0.0,0.0,0.0,0.0,0.037894736842105266,1.010526315789474,9.675789473684212,15.132631578947372,3.877894736842106,0.26526315789473687,0.9082508892900026,0.02336642372680932,0.0,0.0,0.0,0.0,0.0,0.0,0.0,0.0,0.0,0.0,0.0,0.0,0.0,0.0,0.0,0.0,0.0,0.0,0.0,0.0,0.0,0.0,0.0,0.0,0.05364327223960663,0.9789897183728209,9.80330800178811,15.073759499329462,3.9159588734912836,0.17434063477872155,0.4114,0.012215,0.0,0.0,0.0,0.0,0.0,0.0,0.0,0.0,0.0,0.0,0.0,5.305263157894729,23.671578947368427,1.0231578947368423,0.0,0.0,0.0,0.0,0.0,0.0,0.0,0.0,0.0,0.0,0.0,0.0,0.0,0.0,0.0,0.0,0.4114,0.01201,0.0,0.0,0.0,0.0,0.0,0.0,0.0,0.0,0.0,0.0,0.0,5.270451497541343,23.77738042020564,0.9521680822530176,0.0,0.0,0.0,0.0,0.0,0.0,0.0,0.0,0.0,0.0,0.0,0.0,0.0,0.0,0.0,0.0
72600,4437,2353,0.5303132747351814,1127,875,0.4512057696641875,1197,0.539553752535497,0.43,2.986564299424184,3.1190104827875946,6.652482269503546,2.1544472085684356,8310.505776934708,430.580470899611,7853.0,8738.356957042217,8715.70851349736,5.65336776004404,7853.0,0.0,27.79873788595898,20.82973071180453,32.75947325987638,19.0856830403242,0.14288933964390355,0.09961685823754789,0.09443317556907821,0.08248816768086545,0.07933288257831868,0.07955826008564346,0.07550146495379761,0.05995041694838855,0.053865224250619785,0.05116069416272256,0.04687852152355195,0.03989181879648411,0.03425738111336488,0.025693035835023664,0.018480955600631056,0.010818120351588911,0.005183682668469687,0.9083558425646471,0.022819092692744944,0.0,0.0,0.0,0.0,0.0,0.0,0.0,0.0,0.0,0.0,0.0,0.0,0.0,0.0,0.0,0.0,0.0,0.0,0.0,0.0,0.0,0.0,0.0,0.0,0.027045300878972285,1.0006761325219744,9.66869506423259,15.294117647058826,3.8539553752535505,0.15551048005409063,4.145862552594671,2.904590914298463,nan,nan,nan,4.147655703289013,2.902406598566988,4.141350210970464,2.9060038495907228,0.9984797454828401,0.4114,0.01204,0.0,0.0,0.0,0.0,0.0,0.0,0.0,0.0,0.0,0.0,0.0,5.145368492224469,23.921568627450988,0.9330628803245438,0.0,0.0,0.0,0.0,0.0,0.0,0.0,0.0,0.0,0.0,0.0,0.0,0.0,0.0,0.0,0.0,nan,nan,4.145862552594671,2.904590914298463,nan,0.4114,0.0584,0.0,0.0,0.0,0.0,0.0,0.0,0.0,0.0,0.0,0.0,0.0,0.0,0.0,0.0,0.0,0.0,0.0,0.0,0.0,0.0,0.0,0.0,0.0,1.1268875366238449e-05,0.0,2.2537750732476897e-05,0.0019382465629930133,0.0028622943430245663,0.0009691232814965067,0.030313274735181427,0.01992337164750958,0.0015212981744421906,0.018255578093306288,0.02086995717827361,0.026481857110660357,0.028544061302681993,0.06639621365787694,0.05260311020960108,0.05268199233716475,0.09963939598828037,0.055995041694838855,0.06702727067838629,0.0714221320712193,0.0673202614379085,0.04845616407482533,0.031079558260085644,0.036668920441739916,0.03316430020283976,0.03207121929231463,0.0495605138607167,0.019438810006761325,0.03483209375704305,0.006073923822402524,0.010784313725490196,0.003031327473518143,0.001904439936894298,0.0074374577417173765,0.0,0.0002479152580572459,0.000450755014649538,0.0,0.0,0.0,0.0,0.0,0.0,0.0,0.0,0.0,0.0,0.0,0.0,0.0,0.0,0.0,0.0,0.0,0.0,0.0,0.0,0.0,0.0,0.0,0.0,0.0,0.0,0.0,0.0,0.0,0.0,0.0,0.0,0.0,0.0,0.0,0.0,0.0,0.0,0.0,0.0,0.0,nan,nan,4.145862552594671,2.904590914298463,nan,0.908213152689879,0.022552451646143414,0.0,0.0,0.0,0.0,0.0,0.0,0.0,0.0,0.0,0.0,0.0,0.0,0.0,0.0,0.0,0.0,0.0,0.0,0.0,0.0,0.0,0.0,0.0,0.0,0.025499362515937107,0.9562260943476415,9.715257118572037,15.274118147046327,3.8759031024224404,0.15299617509562263,0.9085169506622138,0.023115396304006906,0.0,0.0,0.0,0.0,0.0,0.0,0.0,0.0,0.0,0.0,0.0,0.0,0.0,0.0,0.0,0.0,0.0,0.0,0.0,0.0,0.0,0.0,0.0,0.0,0.02879078694817659,1.0508637236084455,9.61612284069098,15.316698656429946,3.8291746641074864,0.15834932821497125,0.4114,0.01195,0.0,0.0,0.0,0.0,0.0,0.0,0.0,0.0,0.0,0.0,0.0,4.997875053123665,24.020399490012757,0.9817254568635786,0.0,0.0,0.0,0.0,0.0,0.0,0.0,0.0,0.0,0.0,0.0,0.0,0.0,0.0,0.0,0.0,0.4114,0.01213,0.0,0.0,0.0,0.0,0.0,0.0,0.0,0.0,0.0,0.0,0.0,5.311900191938572,23.809980806142043,0.878119001919386,0.0,0.0,0.0,0.0,0.0,0.0,0.0,0.0,0.0,0.0,0.0,0.0,0.0,0.0,0.0,0.0
72700,4478,2336,0.5216614560071461,1093,931,0.4519874944171505,1288,0.5752568110763734,0.422,3.0690943043884222,3.1508727499448117,6.726666666666667,2.075722096578013,8302.989683797592,430.91981282373706,7853.0,8735.0850387156,8715.608648992127,5.809694960807461,7853.0,0.0,27.462706565430995,20.68105307351785,32.71551724137931,18.81585837682138,0.15163019205002234,0.0931219294327825,0.09111210361768647,0.0931219294327825,0.07771326485037963,0.07414024117909782,0.07101384546672622,0.06007146047342564,0.06297454220634212,0.051138901295221084,0.048459133541759715,0.038856632425189816,0.0305940151853506,0.022554711924966504,0.01652523447967843,0.010495757034390353,0.006476105404198303,0.9084727730054629,0.02326194554735541,0.0,0.0,0.0,0.0,0.0,0.0,0.0,0.0,0.0,0.0,0.0,0.0,0.0,0.0,0.0,0.0,0.0,0.0,0.0,0.0,0.0,0.0,0.0,0.0,0.013398838767306836,1.1991960696739619,9.513175524787853,14.959803483698083,4.113443501563198,0.20098258150960255,4.306306306306307,2.9339710545141187,nan,nan,nan,4.242886884108258,2.905997721165884,4.3695501730103805,2.960251112467784,1.0298530911527572,0.4106,0.012115,0.0,0.0,0.0,0.0,0.0,0.0,0.0,0.0,0.0,0.0,0.006699419383653418,5.848593121929425,23.233586422510054,0.9111210361768649,0.0,0.0,0.0,0.0,0.0,0.0,0.0,0.0,0.0,0.0,0.0,0.0,0.0,0.0,0.0,0.0,nan,nan,4.306306306306307,2.9339710545141187,nan,0.4106,0.05832,0.0,0.0,0.0,0.0,0.0,0.0,0.0,0.0,0.0,0.0,0.0,0.0,0.0,0.0,0.0,0.0,0.0,0.0,0.0,0.0,0.0,0.0,0.0,0.0,0.0,6.699419383653416e-05,0.0016190263510495757,0.0031263957123715946,0.0011277355962483252,0.031889236266190266,0.01935015631978562,0.002043322912014292,0.0177422956677088,0.020946851272889682,0.026440375167485486,0.031096471639124608,0.0669830281375614,0.05326038410004466,0.05064761054041983,0.10145154086645825,0.05541536400178651,0.07051138901295222,0.07321348816435909,0.06508485931219295,0.04815765966949531,0.03054935238945958,0.035406431442608306,0.030794997766860205,0.03234702992407325,0.04857079053148727,0.02072353729343457,0.03168825368468066,0.005728003573023672,0.011400178651183564,0.0027579276462706566,0.0017418490397498882,0.007815989280928986,0.0,0.0001898168825368468,0.00011165698972755694,0.0,0.0,0.0,0.0,0.0,0.0,0.0,0.0,0.0,0.0,0.0,0.0,0.0,0.0,0.0,0.0,0.0,0.0,0.0,0.0,0.0,0.0,0.0,0.0,0.0,0.0,0.0,0.0,0.0,0.0,0.0,0.0,0.0,0.0,0.0,0.0,0.0,0.0,0.0,0.0,0.0,nan,nan,4.306306306306307,2.9339710545141187,nan,0.9085342174472466,0.02324831789217144,0.0,0.0,0.0,0.0,0.0,0.0,0.0,0.0,0.0,0.0,0.0,0.0,0.0,0.0,0.0,0.0,0.0,0.0,0.0,0.0,0.0,0.0,0.0,0.0,0.01284246575342466,1.2585616438356166,9.06678082191781,15.46232876712329,3.981164383561645,0.21832191780821922,0.9084057635675514,0.02327661346042497,0.0,0.0,0.0,0.0,0.0,0.0,0.0,0.0,0.0,0.0,0.0,0.0,0.0,0.0,0.0,0.0,0.0,0.0,0.0,0.0,0.0,0.0,0.0,0.0,0.014005602240896363,1.1344537815126052,10.000000000000002,14.411764705882357,4.257703081232494,0.1820728291316527,0.4106,0.012146,0.0,0.0,0.0,0.0,0.0,0.0,0.0,0.0,0.0,0.0,0.01284246575342466,5.946061643835608,23.077910958904116,0.9631849315068495,0.0,0.0,0.0,0.0,0.0,0.0,0.0,0.0,0.0,0.0,0.0,0.0,0.0,0.0,0.0,0.0,0.4104,0.012085,0.0,0.0,0.0,0.0,0.0,0.0,0.0,0.0,0.0,0.0,0.0,5.742296918767498,23.40336134453782,0.8543417366946781,0.0,0.0,0.0,0.0,0.0,0.0,0.0,0.0,0.0,0.0,0.0,0.0,0.0,0.0,0.0,0.0
72800,4351,2298,0.5281544472535049,1110,832,0.4463341760514824,1164,0.5350494139278327,0.438,3.0311738918655626,3.1423450830555995,6.60472972972973,2.2016220819702106,8308.60761360118,430.65647190443957,7853.0,8736.199600958824,8715.640873271856,5.7635820729033505,7853.0,0.0,28.573891059526545,21.119691485120036,33.33604336043361,19.393076365117242,0.1328430245920478,0.09974718455527465,0.09147322454608137,0.08342909675936566,0.08595725120661916,0.06780050563088945,0.07584463341760515,0.05975637784417375,0.05745805561939784,0.05492990117214434,0.04757527005286141,0.039760974488623306,0.03585382670650425,0.02872902780969892,0.02022523557802804,0.01172144334635716,0.006894966674327741,0.9083567122787313,0.022522800271426308,0.0,0.0,0.0,0.0,0.0,0.0,0.0,0.0,0.0,0.0,0.0,0.0,0.0,0.0,0.0,0.0,0.0,0.0,0.0,0.0,0.0,0.0,0.0,0.0,0.013789933348655485,1.0411399678234892,9.639163410710184,15.437830383819815,3.6336474373707204,0.23442886692714324,4.294096854012018,2.9672008974103505,nan,nan,nan,4.320741268709908,2.95338775589884,4.265964912280702,2.98066274253458,0.9873224632018847,0.4111,0.01253,0.0,0.0,0.0,0.0,0.0,0.0,0.0,0.0,0.0,0.0,0.0,5.626292806251428,23.1877729257642,1.1859342679843716,0.0,0.0,0.0,0.0,0.0,0.0,0.0,0.0,0.0,0.0,0.0,0.0,0.0,0.0,0.0,0.0,nan,nan,4.294096854012018,2.9672008974103505,nan,0.4111,0.058,0.0,0.0,0.0,0.0,0.0,0.0,0.0,0.0,0.0,0.0,0.0,0.0,0.0,0.0,0.0,0.0,0.0,0.0,0.0,0.0,0.0,0.0,0.0,0.0,0.0,0.0001723741668581935,0.001011261778901402,0.002551137669501264,0.0015973339462192599,0.03148701447943002,0.01916800735463112,0.0026200873362445414,0.017662606297402895,0.019639163410710182,0.02577568375086187,0.028660078142955642,0.06700758446334176,0.05424040450471156,0.049195587221328434,0.10187313261319236,0.05602160422891289,0.069179498965755,0.07348885313720983,0.06505401057228223,0.048230291886922544,0.03054470236727189,0.03643989887382211,0.03323373937025971,0.03445185014939094,0.05156285911284762,0.021638703746265225,0.02895886003217651,0.005653872672948748,0.010526315789473684,0.003056768558951965,0.0019765571133072857,0.007136290507929212,0.0,5.745805561939784e-05,0.00012640772236267525,0.0,0.0,0.0,0.0,0.0,0.0,0.0,0.0,0.0,0.0,0.0,0.0,0.0,0.0,0.0,0.0,0.0,0.0,0.0,0.0,0.0,0.0,0.0,0.0,0.0,0.0,0.0,0.0,0.0,0.0,0.0,0.0,0.0,0.0,0.0,0.0,0.0,0.0,0.0,0.0,0.0,nan,nan,4.294096854012018,2.9672008974103505,nan,0.9083425540888798,0.022613964824736363,0.0,0.0,0.0,0.0,0.0,0.0,0.0,0.0,0.0,0.0,0.0,0.0,0.0,0.0,0.0,0.0,0.0,0.0,0.0,0.0,0.0,0.0,0.0,0.0,0.013054830287206269,1.0966057441253265,9.843342036553526,15.143603133159273,3.6684073107049615,0.23498694516971283,0.90837256007234,0.022420306077853343,0.0,0.0,0.0,0.0,0.0,0.0,0.0,0.0,0.0,0.0,0.0,0.0,0.0,0.0,0.0,0.0,0.0,0.0,0.0,0.0,0.0,0.0,0.0,0.0,0.014612761811982468,0.9790550414028254,9.410618606916708,15.767169995129082,3.594739405747687,0.23380418899171948,0.4111,0.012634,0.0,0.0,0.0,0.0,0.0,0.0,0.0,0.0,0.0,0.0,0.0,5.874673629242811,22.911227154047005,1.214099216710183,0.0,0.0,0.0,0.0,0.0,0.0,0.0,0.0,0.0,0.0,0.0,0.0,0.0,0.0,0.0,0.0,0.4114,0.012405,0.0,0.0,0.0,0.0,0.0,0.0,0.0,0.0,0.0,0.0,0.0,5.348270823185574,23.497320993667806,1.1544081831466149,0.0,0.0,0.0,0.0,0.0,0.0,0.0,0.0,0.0,0.0,0.0,0.0,0.0,0.0,0.0,0.0
72900,4554,2351,0.5162494510320598,1054,919,0.4332454984628898,1265,0.5555555555555556,0.442,3.0131638674534726,3.1647613083502235,6.826666666666667,2.1656305214776492,8298.317189666584,431.09254205349504,7853.0,8737.28040459156,8715.600800400523,5.774622025775946,7853.0,0.0,27.627799736495387,20.943354392896886,32.72617166929963,19.20259506757197,0.1458058849363197,0.10166886253842776,0.09354413702239789,0.08541941150636803,0.07992973210364515,0.07751427316644707,0.06938954765041722,0.059947299077733864,0.054238032498902064,0.04984628897672376,0.0461133069828722,0.045015371102327624,0.03052261747913922,0.02393500219587176,0.017786561264822136,0.014712340799297322,0.00461133069828722,0.9083708016088148,0.02242487814070028,0.0,0.0,0.0,0.0,0.0,0.0,0.0,0.0,0.0,0.0,0.0,0.0,0.0,0.0,0.0,0.0,0.0,0.0,0.0,0.0,0.0,0.0,0.0,0.0,0.013175230566534918,0.9156785243741767,9.499341238471676,15.70487483530962,3.735177865612649,0.13175230566534918,4.32213370280568,2.894545092194701,nan,nan,nan,4.2650273224043715,2.859789222680684,4.380885453267744,2.928710245049534,1.0271646866726423,0.4114,0.012344,0.0,0.0,0.0,0.0,0.0,0.0,0.0,0.0,0.0,0.0,0.0,5.632411067193668,23.293807641633734,1.0737812911725957,0.0,0.0,0.0,0.0,0.0,0.0,0.0,0.0,0.0,0.0,0.0,0.0,0.0,0.0,0.0,0.0,nan,nan,4.32213370280568,2.894545092194701,nan,0.4114,0.0584,0.0,0.0,0.0,0.0,0.0,0.0,0.0,0.0,0.0,0.0,0.0,0.0,0.0,0.0,0.0,0.0,0.0,0.0,0.0,0.0,0.0,0.0,0.0,2.1958717610891526e-05,0.0,0.00021958717610891525,0.0005160298638559508,0.0027448397013614405,0.001932367149758454,0.03372859025032938,0.01880764163372859,0.0026679841897233204,0.017050944224857267,0.01935660957400088,0.025867369345630217,0.027470355731225297,0.06807202459376373,0.05458937198067633,0.0462340799297321,0.10563241106719368,0.05478700043917435,0.06792929292929292,0.07215634606938955,0.06443785682916117,0.04916556873078612,0.028513394817742645,0.03947079490557751,0.032905138339920946,0.03472771190162494,0.048945981554677206,0.021431708388230126,0.0295344751866491,0.006675450153711023,0.011275801493192798,0.0029644268774703555,0.0023386034255599474,0.007345191040843215,6.587615283267457e-05,0.0001976284584980237,0.00021958717610891525,0.0,0.0,0.0,0.0,0.0,0.0,0.0,0.0,0.0,0.0,0.0,0.0,0.0,0.0,0.0,0.0,0.0,0.0,0.0,0.0,0.0,0.0,0.0,0.0,0.0,0.0,0.0,0.0,0.0,0.0,0.0,0.0,0.0,0.0,0.0,0.0,0.0,0.0,0.0,0.0,0.0,nan,nan,4.32213370280568,2.894545092194701,nan,0.9082537009228244,0.022685535311225493,0.0,0.0,0.0,0.0,0.0,0.0,0.0,0.0,0.0,0.0,0.0,0.0,0.0,0.0,0.0,0.0,0.0,0.0,0.0,0.0,0.0,0.0,0.0,0.0,0.012760527435133989,0.9698000850701831,9.455550829434285,15.542322415993198,3.8536792854104642,0.16588685665674185,0.9084957692496516,0.022142642500825194,0.0,0.0,0.0,0.0,0.0,0.0,0.0,0.0,0.0,0.0,0.0,0.0,0.0,0.0,0.0,0.0,0.0,0.0,0.0,0.0,0.0,0.0,0.0,0.0,0.013617793917385386,0.8579210167952793,9.546073536087155,15.878347707671361,3.6087153881071274,0.09532455742169771,0.411,0.012436,0.0,0.0,0.0,0.0,0.0,0.0,0.0,0.0,0.0,0.0,0.0,5.997447894512964,22.943428328370914,1.059123777116121,0.0,0.0,0.0,0.0,0.0,0.0,0.0,0.0,0.0,0.0,0.0,0.0,0.0,0.0,0.0,0.0,0.4116,0.01223,0.0,0.0,0.0,0.0,0.0,0.0,0.0,0.0,0.0,0.0,0.0,5.242850658193365,23.667725828415804,1.089423513390831,0.0,0.0,0.0,0.0,0.0,0.0,0.0,0.0,0.0,0.0,0.0,0.0,0.0,0.0,0.0,0.0
73000,4739,2436,0.5140324963072378,1132,989,0.44756277695716395,1343,0.5667862418231694,0.39799999999999996,2.9209726443768997,3.053980768260244,6.504823151125402,2.190114273599768,8296.56319432513,431.3037422573851,7853.0,8734.343365871906,8715.90885792561,5.685492796604233,7853.0,0.0,28.02447773791939,20.91015740125711,32.974886991461574,19.140493341575645,0.14116902300063305,0.0962228318210593,0.09411268200042203,0.0890483224308926,0.07638742350706901,0.06963494408102976,0.07702046845326019,0.06499261447562776,0.059928254906098335,0.04579025110782865,0.051276640641485544,0.04051487655623549,0.03144123232749525,0.027220932686220722,0.01772525849335303,0.009917704156995147,0.007596539354294155,0.9083535859644677,0.022564238160117805,0.0,0.0,0.0,0.0,0.0,0.0,0.0,0.0,0.0,0.0,0.0,0.0,0.0,0.0,0.0,0.0,0.0,0.0,0.0,0.0,0.0,0.0,0.0,0.0,0.012660898923823594,0.9812196665963285,9.748892171344167,15.142435112893018,3.956530913694873,0.15826123654779492,4.21026814911707,2.845819945850067,nan,nan,nan,4.186384666226041,2.8641226628714302,4.23639896373057,2.82644735474024,1.0119468948728059,0.4124,0.012215,0.0,0.0,0.0,0.0,0.0,0.0,0.0,0.0,0.0,0.0,0.0,4.798480692129134,23.960751213336152,1.2407680945347122,0.0,0.0,0.0,0.0,0.0,0.0,0.0,0.0,0.0,0.0,0.0,0.0,0.0,0.0,0.0,0.0,nan,nan,4.21026814911707,2.845819945850067,nan,0.4124,0.05832,0.0,0.0,0.0,0.0,0.0,0.0,0.0,0.0,0.0,0.0,0.0,0.0,0.0,0.0,0.0,0.0,0.0,0.0,0.0,0.0,0.0,0.0,0.0,0.0,0.0,0.00024266722937328551,0.0006119434479848069,0.002848702257860308,0.001783076598438489,0.0324857564887107,0.0187486811563621,0.0032707322219877612,0.017440388267566997,0.01731377927832876,0.02354927199831188,0.027653513399451362,0.06404304705634101,0.05514876556235493,0.045273264401772526,0.10295420974889218,0.057079552648238024,0.06784131673348807,0.07476260814517831,0.06623760286980375,0.04952521629035662,0.02997467820215235,0.03974467187170289,0.033118801434901875,0.03648449039881831,0.04859675036927622,0.021818949145389323,0.029700358725469507,0.006868537666174298,0.01189069423929099,0.00278539776324119,0.002226208060772315,0.007607090103397341,4.22029964127453e-05,0.0002004642329605402,0.00012660898923823593,0.0,0.0,0.0,0.0,0.0,0.0,0.0,0.0,0.0,0.0,0.0,0.0,0.0,0.0,0.0,0.0,0.0,0.0,0.0,0.0,0.0,0.0,0.0,0.0,0.0,0.0,0.0,0.0,0.0,0.0,0.0,0.0,0.0,0.0,0.0,0.0,0.0,0.0,0.0,0.0,0.0,nan,nan,4.21026814911707,2.845819945850067,nan,0.908151565954603,0.022342191925683513,0.0,0.0,0.0,0.0,0.0,0.0,0.0,0.0,0.0,0.0,0.0,0.0,0.0,0.0,0.0,0.0,0.0,0.0,0.0,0.0,0.0,0.0,0.0,0.0,0.012315270935960593,1.03448275862069,9.79064039408867,15.283251231527096,3.7438423645320205,0.13546798029556653,0.9085672727834128,0.022794805696581134,0.0,0.0,0.0,0.0,0.0,0.0,0.0,0.0,0.0,0.0,0.0,0.0,0.0,0.0,0.0,0.0,0.0,0.0,0.0,0.0,0.0,0.0,0.0,0.0,0.013026487190620932,0.9248805905340862,9.704732957012594,14.993486756404693,4.181502388189319,0.18237082066869306,0.4124,0.01222,0.0,0.0,0.0,0.0,0.0,0.0,0.0,0.0,0.0,0.0,0.0,4.581280788177333,24.125615763546804,1.2931034482758625,0.0,0.0,0.0,0.0,0.0,0.0,0.0,0.0,0.0,0.0,0.0,0.0,0.0,0.0,0.0,0.0,0.412,0.0122,0.0,0.0,0.0,0.0,0.0,0.0,0.0,0.0,0.0,0.0,0.0,5.028224055579671,23.786365610073823,1.1854103343465048,0.0,0.0,0.0,0.0,0.0,0.0,0.0,0.0,0.0,0.0,0.0,0.0,0.0,0.0,0.0,0.0
73100,4504,2275,0.5051065719360568,1089,938,0.450044404973357,1278,0.5674955595026643,0.422,2.9860924181247195,3.1168775186971707,6.481946624803768,2.2241158567147226,8288.700563251496,431.2920020665323,7853.0,8735.846568012237,8715.59135687241,5.668812422337984,7853.0,0.0,28.07793072824156,20.980673073325512,33.10537463595446,19.1769767315408,0.1438721136767318,0.08903197158081705,0.09258436944937833,0.0905861456483126,0.08059502664298401,0.07948490230905861,0.06793960923623446,0.06616341030195382,0.06172291296625222,0.04640319715808171,0.043738898756660746,0.03885435168738899,0.03441385435168739,0.027531083481349913,0.017984014209591476,0.010435168738898756,0.008658969804618118,0.9076316792445115,0.02271913039655717,0.0,0.0,0.0,0.0,0.0,0.0,0.0,0.0,0.0,0.0,0.0,0.0,0.0,0.0,0.0,0.0,0.0,0.0,0.0,0.0,0.0,0.0,0.0,0.0,0.0,1.0723801065719363,9.871225577264655,15.253108348134994,3.703374777975134,0.099911190053286,4.316204179513532,2.9491025305390326,nan,nan,nan,4.383983572895278,2.995957259569556,4.248285322359396,2.8998037766860207,0.9690468159199184,0.4111,0.01221,0.0,0.0,0.0,0.0,0.0,0.0,0.0,0.0,0.0,0.0,0.006660746003552399,5.515097690941377,23.53907637655418,0.9391651865008883,0.0,0.0,0.0,0.0,0.0,0.0,0.0,0.0,0.0,0.0,0.0,0.0,0.0,0.0,0.0,0.0,nan,nan,4.316204179513532,2.9491025305390326,nan,0.4111,0.05807,0.0,0.0,0.0,0.0,0.0,0.0,0.0,0.0,0.0,0.0,0.0,0.0,0.0,0.0,0.0,0.0,0.0,0.0,0.0,0.0,0.0,0.0,0.0,1.1101243339253996e-05,1.1101243339253996e-05,0.0004107460035523979,0.00046625222024866784,0.0037078152753108346,0.0018428063943161635,0.03163854351687389,0.019660301953818828,0.004051953818827708,0.01697380106571936,0.01714031971580817,0.026454262877442274,0.026509769094138543,0.06672957371225577,0.057204706927175844,0.044449378330373004,0.1040297513321492,0.05572824156305506,0.06920515097690941,0.07513321492007105,0.06771758436944939,0.049256216696269985,0.028852131438721135,0.036656305506216694,0.0344360568383659,0.03343694493783304,0.04766873889875666,0.020548401420959147,0.029185168738898756,0.006072380106571936,0.0130550621669627,0.002975133214920071,0.0018317051509769095,0.00663854351687389,4.440497335701598e-05,0.00019982238010657195,4.440497335701598e-05,0.0,0.0,0.0,0.0,0.0,2.220248667850799e-05,0.0,0.0,0.0,0.0,0.0,0.0,0.0,0.0,0.0,0.0,0.0,0.0,0.0,0.0,0.0,0.0,0.0,0.0,0.0,0.0,0.0,0.0,0.0,0.0,0.0,0.0,0.0,0.0,0.0,0.0,0.0,0.0,0.0,0.0,0.0,nan,nan,4.316204179513532,2.9491025305390326,nan,0.9081220888829493,0.022737275189922888,0.0,0.0,0.0,0.0,0.0,0.0,0.0,0.0,0.0,0.0,0.0,0.0,0.0,0.0,0.0,0.0,0.0,0.0,0.0,0.0,0.0,0.0,0.0,0.0,0.0,0.975824175824176,9.982417582417584,15.059340659340663,3.876923076923078,0.10549450549450552,0.9071311489944236,0.022689668841006882,0.0,0.0,0.0,0.0,0.0,0.0,0.0,0.0,0.0,0.0,0.0,0.0,0.0,0.0,0.0,0.0,0.0,0.0,0.0,0.0,0.0,0.0,0.0,0.0,0.0,1.1709286675639303,9.757738896366085,15.450874831763127,3.5262449528936752,0.0942126514131898,0.4111,0.01209,0.0,0.0,0.0,0.0,0.0,0.0,0.0,0.0,0.0,0.0,0.0,5.512087912087904,23.630769230769236,0.8571428571428573,0.0,0.0,0.0,0.0,0.0,0.0,0.0,0.0,0.0,0.0,0.0,0.0,0.0,0.0,0.0,0.0,0.4111,0.01233,0.0,0.0,0.0,0.0,0.0,0.0,0.0,0.0,0.0,0.0,0.013458950201884257,5.518169582772535,23.445491251682377,1.0228802153432035,0.0,0.0,0.0,0.0,0.0,0.0,0.0,0.0,0.0,0.0,0.0,0.0,0.0,0.0,0.0,0.0
73200,4530,2321,0.5123620309050773,1081,955,0.44944812362030906,1289,0.5690949227373069,0.418,2.908103214124038,3.04443811218967,6.551839464882943,2.127968309146109,8294.869047536426,431.09500667350426,7853.0,8733.84706016779,8715.415676579063,5.651810199154606,7853.0,0.0,27.605960264900663,20.714082396001878,32.554648406636815,18.972485452056674,0.1421633554083885,0.10286975717439294,0.09116997792494481,0.08940397350993377,0.07858719646799117,0.07527593818984547,0.07108167770419425,0.06379690949227373,0.05805739514348786,0.05143487858719647,0.045916114790286976,0.04260485651214128,0.031125827814569535,0.022737306843267108,0.016114790286975718,0.010375275938189845,0.00728476821192053,0.9070081976865301,0.022037220172410766,0.0,0.0,0.0,0.0,0.0,0.0,0.0,0.0,0.0,0.0,0.0,0.0,0.0,0.0,0.0,0.0,0.0,0.0,0.0,0.0,0.0,0.0,0.0,0.0,0.0066225165562913925,1.1059602649006623,9.960264900662253,15.377483443708613,3.4966887417218553,0.05298013245033114,4.27275850223291,2.8570325072081215,nan,nan,nan,4.260273972602739,2.8832411236304547,4.285320468642316,2.830360813315276,1.005879081063952,0.4111,0.012146,0.0,0.0,0.0,0.0,0.0,0.0,0.0,0.0,0.0,0.0,0.0,5.569536423841051,23.45695364238411,0.9735099337748346,0.0,0.0,0.0,0.0,0.0,0.0,0.0,0.0,0.0,0.0,0.0,0.0,0.0,0.0,0.0,0.0,nan,nan,4.27275850223291,2.8570325072081215,nan,0.4111,0.0581,0.0,0.0,0.0,0.0,0.0,0.0,0.0,0.0,0.0,0.0,0.0,0.0,0.0,0.0,0.0,0.0,0.0,0.0,0.0,0.0,0.0,0.0,0.0,1.1037527593818985e-05,4.415011037527594e-05,0.0005518763796909492,0.0005077262693156733,0.003598233995584989,0.0017880794701986755,0.030353200883002206,0.019370860927152317,0.0038741721854304635,0.01717439293598234,0.018322295805739516,0.02694260485651214,0.027847682119205297,0.06974613686534216,0.055077262693156735,0.04490066225165563,0.10477924944812363,0.055121412803532006,0.06803532008830022,0.0713907284768212,0.06816777041942605,0.04718543046357616,0.029293598233995584,0.03718543046357616,0.035386313465783664,0.03380794701986755,0.05012141280353201,0.02101545253863135,0.028841059602649006,0.0061479028697571745,0.012538631346578366,0.0018763796909492274,0.0020529801324503313,0.006490066225165563,0.00023178807947019868,7.726269315673289e-05,0.00011037527593818985,0.0,0.0,0.0,0.0,0.0,3.3112582781456954e-05,0.0,0.0,0.0,0.0,0.0,0.0,0.0,0.0,0.0,0.0,0.0,0.0,0.0,0.0,0.0,0.0,0.0,0.0,0.0,0.0,0.0,0.0,0.0,0.0,0.0,0.0,0.0,0.0,0.0,0.0,0.0,0.0,0.0,0.0,0.0,nan,nan,4.27275850223291,2.8570325072081215,nan,0.9073546074269815,0.02241887273070398,0.0,0.0,0.0,0.0,0.0,0.0,0.0,0.0,0.0,0.0,0.0,0.0,0.0,0.0,0.0,0.0,0.0,0.0,0.0,0.0,0.0,0.0,0.0,0.0,0.0,1.176217147781129,9.655320982335201,15.316673847479537,3.800086169754417,0.05170185264971996,0.9066442243920132,0.021622985146371496,0.0,0.0,0.0,0.0,0.0,0.0,0.0,0.0,0.0,0.0,0.0,0.0,0.0,0.0,0.0,0.0,0.0,0.0,0.0,0.0,0.0,0.0,0.0,0.0,0.013580805794477142,1.0321412403802628,10.280669986419197,15.441376188320511,3.1779085559076514,0.05432322317790857,0.411,0.01216,0.0,0.0,0.0,0.0,0.0,0.0,0.0,0.0,0.0,0.0,0.0,5.609651012494607,23.369237397673423,1.0211115898319691,0.0,0.0,0.0,0.0,0.0,0.0,0.0,0.0,0.0,0.0,0.0,0.0,0.0,0.0,0.0,0.0,0.4111,0.01212,0.0,0.0,0.0,0.0,0.0,0.0,0.0,0.0,0.0,0.0,0.0,5.527387958352187,23.549117247623364,0.9234947940244457,0.0,0.0,0.0,0.0,0.0,0.0,0.0,0.0,0.0,0.0,0.0,0.0,0.0,0.0,0.0,0.0
73300,4437,2339,0.5271579896326347,1108,878,0.44759972954699123,1248,0.5625422582826234,0.40599999999999997,3.0567206863679695,3.1144555363733826,6.514376996805112,2.242620346295337,8307.62667847328,430.58901724413346,7853.0,8738.58306183815,8715.41067652242,5.74802724754614,7853.0,0.0,28.89880549921118,21.185251160355076,33.577248677248676,19.45487550178647,0.13274735181428893,0.0915032679738562,0.09330628803245436,0.08541807527608744,0.08406581023213883,0.07505070993914807,0.07167004732927654,0.06152805949966193,0.05228758169934641,0.05656975433851701,0.04687852152355195,0.0457516339869281,0.03380662609871535,0.025693035835023664,0.02276312823980167,0.012395762902862295,0.00856434527834122,0.9077234374044821,0.023200246717525918,0.0,0.0,0.0,0.0,0.0,0.0,0.0,0.0,0.0,0.0,0.0,0.0,0.0,0.0,0.0,0.0,0.0,0.0,0.0,0.0,0.0,0.0,0.0,0.0,0.006761325219743071,1.230561189993239,9.790398918187966,14.976335361730902,3.793103448275863,0.20283975659229214,4.21881390593047,2.9412285382779397,nan,nan,nan,4.264623955431754,2.963031612202881,4.174348697394789,2.9203973647758428,0.9788316018058324,0.411,0.01223,0.0,0.0,0.0,0.0,0.0,0.0,0.0,0.0,0.0,0.0,0.0,5.61189993238674,23.367139959432055,1.0209601081812036,0.0,0.0,0.0,0.0,0.0,0.0,0.0,0.0,0.0,0.0,0.0,0.0,0.0,0.0,0.0,0.0,nan,nan,4.21881390593047,2.9412285382779397,nan,0.411,0.05807,0.0,0.0,0.0,0.0,0.0,0.0,0.0,0.0,0.0,0.0,0.0,0.0,0.0,0.0,0.0,0.0,0.0,0.0,0.0,0.0,0.0,0.0,0.0,0.0,0.00012395762902862295,0.00048456164074825334,0.0005070993914807302,0.003617308992562542,0.0015889114266396213,0.03003155285102547,0.02040793328825783,0.003910299752084742,0.016475095785440614,0.020160018030200587,0.025411313950867702,0.027879197656073922,0.0706896551724138,0.05335812485913906,0.04483885508226279,0.10441739914356547,0.0563894523326572,0.06704980842911877,0.07333784088347983,0.06919089474870407,0.04643903538426865,0.029051160694162723,0.03882127563669146,0.03291638494478251,0.029670948839305836,0.05321162947937796,0.02130944331755691,0.02979490646833446,0.006457065584854631,0.011674554879423033,0.0019157088122605363,0.0019495154383592516,0.006626098715348208,0.00029299075952219966,0.0,0.0,0.0,0.0,0.0,0.0,0.0,0.0,0.0,0.0,0.0,0.0,0.0,0.0,0.0,0.0,0.0,0.0,0.0,0.0,0.0,0.0,0.0,0.0,0.0,0.0,0.0,0.0,0.0,0.0,0.0,0.0,0.0,0.0,0.0,0.0,0.0,0.0,0.0,0.0,0.0,0.0,0.0,nan,nan,4.21881390593047,2.9412285382779397,nan,0.9074233496173828,0.023121872661163365,0.0,0.0,0.0,0.0,0.0,0.0,0.0,0.0,0.0,0.0,0.0,0.0,0.0,0.0,0.0,0.0,0.0,0.0,0.0,0.0,0.0,0.0,0.0,0.0,0.01282599401453613,1.2697734074390767,9.696451474989313,15.262932877297994,3.552800342026508,0.20521590423257807,0.9080579966676019,0.023282753443431798,0.0,0.0,0.0,0.0,0.0,0.0,0.0,0.0,0.0,0.0,0.0,0.0,0.0,0.0,0.0,0.0,0.0,0.0,0.0,0.0,0.0,0.0,0.0,0.0,0.0,1.1868446139180173,9.895138226882747,14.656816015252625,4.061010486177312,0.20019065776930414,0.411,0.01231,0.0,0.0,0.0,0.0,0.0,0.0,0.0,0.0,0.0,0.0,0.0,5.771697306541248,23.26635314236854,0.9619495510902096,0.0,0.0,0.0,0.0,0.0,0.0,0.0,0.0,0.0,0.0,0.0,0.0,0.0,0.0,0.0,0.0,0.411,0.01215,0.0,0.0,0.0,0.0,0.0,0.0,0.0,0.0,0.0,0.0,0.0,5.4337464251668175,23.479504289799817,1.0867492850333653,0.0,0.0,0.0,0.0,0.0,0.0,0.0,0.0,0.0,0.0,0.0,0.0,0.0,0.0,0.0,0.0
73400,4225,2189,0.5181065088757396,994,845,0.4352662721893491,1155,0.5467455621301776,0.446,3.095284872298625,3.199146092998686,6.853403141361256,2.139826722231702,8299.790819447846,430.9144369494912,7853.0,8734.780881160497,8715.353226207011,5.8587076715817865,7853.0,0.0,28.022011834319528,21.321872276435787,33.18893617021276,19.573307693018346,0.14224852071005917,0.10461538461538461,0.08970414201183433,0.08520710059171598,0.07976331360946745,0.07621301775147929,0.07218934911242604,0.05822485207100592,0.0549112426035503,0.04923076923076923,0.048284023668639056,0.03857988165680473,0.0378698224852071,0.020828402366863907,0.01893491124260355,0.01136094674556213,0.011834319526627219,0.9071914938215674,0.023008588935031098,0.0,0.0,0.0,0.0,0.0,0.0,0.0,0.0,0.0,0.0,0.0,0.0,0.0,0.0,0.0,0.0,0.0,0.0,0.0,0.0,0.0,0.0,0.0,0.0,0.021301775147928997,1.2497041420118344,10.026035502958582,14.81183431952663,3.7775147928994093,0.11360946745562132,4.425713227121156,2.967519332710454,nan,nan,nan,4.480882352941176,2.975327829339403,4.369678864824496,2.958514372189105,0.9751826806959821,0.411,0.01231,0.0,0.0,0.0,0.0,0.0,0.0,0.0,0.0,0.0,0.0,0.007100591715976333,5.61656804733727,23.48875739644971,0.8875739644970416,0.0,0.0,0.0,0.0,0.0,0.0,0.0,0.0,0.0,0.0,0.0,0.0,0.0,0.0,0.0,0.0,nan,nan,4.425713227121156,2.967519332710454,nan,0.411,0.058,0.0,0.0,0.0,0.0,0.0,0.0,0.0,0.0,0.0,0.0,0.0,0.0,0.0,0.0,0.0,0.0,0.0,0.0,0.0,0.0,1.1834319526627219e-05,0.0,1.1834319526627219e-05,2.3668639053254438e-05,5.9171597633136094e-05,0.000272189349112426,0.000863905325443787,0.004035502958579882,0.0022011834319526627,0.02957396449704142,0.017905325443786983,0.0034082840236686392,0.01624852071005917,0.019218934911242602,0.02685207100591716,0.029100591715976332,0.07229585798816568,0.05488757396449704,0.046272189349112425,0.10157396449704142,0.059088757396449705,0.06312426035502959,0.07312426035502959,0.07067455621301776,0.043585798816568044,0.0316094674556213,0.03856804733727811,0.03118343195266272,0.028402366863905324,0.055905325443786985,0.020757396449704143,0.030958579881656803,0.0073372781065088755,0.010958579881656804,0.0013136094674556214,0.0020355029585798815,0.006248520710059172,0.0002958579881656805,0.0,0.0,0.0,0.0,1.1834319526627219e-05,0.0,0.0,0.0,0.0,0.0,0.0,0.0,0.0,0.0,0.0,0.0,0.0,0.0,0.0,0.0,0.0,0.0,0.0,0.0,0.0,0.0,0.0,0.0,0.0,0.0,0.0,0.0,0.0,0.0,0.0,0.0,0.0,0.0,0.0,0.0,0.0,0.0,0.0,nan,nan,4.425713227121156,2.967519332710454,nan,0.9075115920474618,0.023557370485863552,0.0,0.0,0.0,0.0,0.0,0.0,0.0,0.0,0.0,0.0,0.0,0.0,0.0,0.0,0.0,0.0,0.0,0.0,0.0,0.0,0.0,0.0,0.0,0.0,0.013704888076747376,1.2471448149840112,9.949748743718594,14.719049794426683,3.9195979899497497,0.15075376884422112,0.9068473410629805,0.022398474628529032,0.0,0.0,0.0,0.0,0.0,0.0,0.0,0.0,0.0,0.0,0.0,0.0,0.0,0.0,0.0,0.0,0.0,0.0,0.0,0.0,0.0,0.0,0.0,0.0,0.029469548133595293,1.2524557956777997,10.108055009823184,14.911591355599217,3.624754420432221,0.07367387033398823,0.4106,0.01241,0.0,0.0,0.0,0.0,0.0,0.0,0.0,0.0,0.0,0.0,0.013704888076747376,5.769757880310636,23.33942439470078,0.8771128369118321,0.0,0.0,0.0,0.0,0.0,0.0,0.0,0.0,0.0,0.0,0.0,0.0,0.0,0.0,0.0,0.0,0.4114,0.012184,0.0,0.0,0.0,0.0,0.0,0.0,0.0,0.0,0.0,0.0,0.0,5.45186640471512,23.64931237721022,0.8988212180746564,0.0,0.0,0.0,0.0,0.0,0.0,0.0,0.0,0.0,0.0,0.0,0.0,0.0,0.0,0.0,0.0
73500,4395,2291,0.5212741751990899,1113,870,0.45119453924914676,1231,0.5601820250284414,0.43,3.048954372623574,3.1893624954206303,6.827225130890052,2.193873465306697,8302.301246152869,430.5932736906021,7853.0,8733.181340897083,8714.92884192137,5.6217473760271455,7853.0,0.0,27.97292377701934,20.949181579662515,32.98751018191692,19.180080522750217,0.13993174061433447,0.0987485779294653,0.09351535836177474,0.08737201365187713,0.08054607508532423,0.07872582480091013,0.0646188850967008,0.06507394766780432,0.05460750853242321,0.05369738339021615,0.049146757679180884,0.03617747440273038,0.03367463026166098,0.02639362912400455,0.020705346985210465,0.009328782707622298,0.007736063708759955,0.9056532488612457,0.022436242023360208,0.0,0.0,0.0,0.0,0.0,0.0,0.0,0.0,0.0,0.0,0.0,0.0,0.0,0.0,0.0,0.0,0.0,0.0,0.0,0.0,0.0,0.0,0.0,0.0,0.03412969283276451,1.194539249146758,10.887372013651879,14.470989761092154,3.296928327645052,0.11604095563139934,4.332630839480155,2.9515463370532564,nan,nan,nan,4.293871866295264,2.9192934802265382,4.372076541459958,2.9834958038712895,1.01821309009674,0.4102,0.01216,0.0,0.0,0.0,0.0,0.0,0.0,0.0,0.0,0.0,0.0,0.006825938566552903,6.075085324232073,23.051194539249153,0.8668941979522187,0.0,0.0,0.0,0.0,0.0,0.0,0.0,0.0,0.0,0.0,0.0,0.0,0.0,0.0,0.0,0.0,nan,nan,4.332630839480155,2.9515463370532564,nan,0.4102,0.0579,0.0,0.0,0.0,0.0,0.0,0.0,0.0,0.0,0.0,0.0,0.0,0.0,0.0,0.0,0.0,0.0,0.0,0.0,0.0,0.0,0.0,0.0,0.0,4.5506257110352676e-05,3.4129692832764505e-05,0.00017064846416382253,0.0007281001137656428,0.004072810011376564,0.002502844141069397,0.03031854379977247,0.018657565415244597,0.003742889647326507,0.01607508532423208,0.01974971558589306,0.0287485779294653,0.030796359499431172,0.069226393629124,0.054311717861205915,0.04861205915813424,0.10352673492605233,0.05868031854379977,0.06237770193401593,0.07237770193401592,0.06957906712172923,0.04530147895335609,0.03498293515358362,0.03653014789533561,0.028850967007963597,0.028361774744027304,0.05480091012514221,0.019510807736063708,0.03063708759954494,0.006507394766780432,0.010341296928327645,0.001831626848691695,0.00149032992036405,0.006040955631399317,0.0004664391353811149,0.0,1.1376564277588169e-05,0.0,0.0,0.0,0.0,0.0,0.0,0.0,0.0,0.0,0.0,0.0,0.0,0.0,0.0,0.0,0.0,0.0,0.0,0.0,0.0,0.0,0.0,0.0,0.0,0.0,0.0,0.0,0.0,0.0,0.0,0.0,0.0,0.0,0.0,0.0,0.0,0.0,0.0,0.0,0.0,0.0,nan,nan,4.332630839480155,2.9515463370532564,nan,0.9059168634483358,0.022603829983005246,0.0,0.0,0.0,0.0,0.0,0.0,0.0,0.0,0.0,0.0,0.0,0.0,0.0,0.0,0.0,0.0,0.0,0.0,0.0,0.0,0.0,0.0,0.0,0.0,0.026189436927106072,1.2047140986468794,10.920995198603233,14.351811436054128,3.3391532082060245,0.15713662156263644,0.9053662046506831,0.02224877187362447,0.0,0.0,0.0,0.0,0.0,0.0,0.0,0.0,0.0,0.0,0.0,0.0,0.0,0.0,0.0,0.0,0.0,0.0,0.0,0.0,0.0,0.0,0.0,0.0,0.04277566539923955,1.1834600760456275,10.850760456273767,14.600760456273768,3.2509505703422064,0.07129277566539925,0.4102,0.01228,0.0,0.0,0.0,0.0,0.0,0.0,0.0,0.0,0.0,0.0,0.0,5.958096900916622,23.099083369707557,0.9428197293758186,0.0,0.0,0.0,0.0,0.0,0.0,0.0,0.0,0.0,0.0,0.0,0.0,0.0,0.0,0.0,0.0,0.41,0.01201,0.0,0.0,0.0,0.0,0.0,0.0,0.0,0.0,0.0,0.0,0.014258555133079852,6.202471482889726,22.9990494296578,0.7842205323193918,0.0,0.0,0.0,0.0,0.0,0.0,0.0,0.0,0.0,0.0,0.0,0.0,0.0,0.0,0.0,0.0
73600,4456,2252,0.5053859964093357,1045,932,0.44367145421903054,1255,0.5632854578096947,0.434,2.952359346642468,3.1286682812152993,6.689075630252101,2.139456850728428,8288.375066136869,430.7298391265137,7853.0,8732.340663039684,8714.470379531922,5.785975152302595,7853.0,0.0,27.245736086175942,20.828464584211087,32.49010571970724,19.068394177491854,0.15192998204667862,0.10098743267504488,0.09605026929982047,0.0872980251346499,0.0778725314183124,0.07675044883303411,0.06934470377019748,0.05655296229802514,0.05543087971274686,0.05228904847396768,0.042639138240574505,0.042639138240574505,0.03209156193895871,0.022666068222621186,0.019973070017953322,0.010098743267504488,0.005385996409335727,0.9042612190092487,0.022675908851044903,0.0,0.0,0.0,0.0,0.0,0.0,0.0,0.0,0.0,0.0,0.0,0.0,0.0,0.0,0.0,0.0,0.0,0.0,0.0,0.0,0.0,0.0,0.0,0.0,0.02019748653500898,1.4205565529622983,11.236535008976665,14.407540394973074,2.8074506283662486,0.10771992818671457,4.3446567586694975,2.9274250668392727,nan,nan,nan,4.371694067190851,2.921258637384046,4.318149964961457,2.933215994913321,0.9877520930315694,0.4102,0.012375,0.0,0.0,0.0,0.0,0.0,0.0,0.0,0.0,0.0,0.0,0.01346499102333932,5.971723518850978,22.99820466786356,1.0166068222621187,0.0,0.0,0.0,0.0,0.0,0.0,0.0,0.0,0.0,0.0,0.0,0.0,0.0,0.0,0.0,0.0,nan,nan,4.3446567586694975,2.9274250668392727,nan,0.4102,0.0584,0.0,0.0,0.0,0.0,0.0,0.0,0.0,0.0,0.0,0.0,0.0,0.0,0.0,0.0,0.0,0.0,0.0,0.0,0.0,0.0,0.0,0.0,0.0,4.488330341113106e-05,4.488330341113106e-05,0.00033662477558348296,0.0005610412926391383,0.004521992818671454,0.0025583482944344705,0.030554308797127467,0.01904174147217235,0.0039385098743267505,0.017313734290843805,0.018200179533213644,0.030711400359066426,0.030531867145421904,0.06741472172351885,0.05461175942549372,0.04815978456014363,0.09957360861759426,0.06225314183123878,0.061546229802513466,0.07576301615798922,0.0642616696588869,0.045881956912028725,0.03497531418312388,0.03686041292639138,0.02909560143626571,0.027793985637342908,0.05555430879712747,0.018783662477558347,0.03036355475763016,0.006743716337522442,0.011007630161579893,0.0018177737881508078,0.0010659784560143628,0.007652603231597846,0.00046005385996409335,0.0,0.0,0.0,0.0,0.0,0.0,0.0,0.0,0.0,0.0,0.0,0.0,0.0,0.0,0.0,0.0,0.0,0.0,0.0,0.0,0.0,0.0,0.0,0.0,0.0,0.0,0.0,0.0,0.0,0.0,0.0,0.0,0.0,0.0,0.0,0.0,0.0,0.0,0.0,0.0,0.0,0.0,0.0,nan,nan,4.3446567586694975,2.9274250668392727,nan,0.9038665211274823,0.022910470407951033,0.0,0.0,0.0,0.0,0.0,0.0,0.0,0.0,0.0,0.0,0.0,0.0,0.0,0.0,0.0,0.0,0.0,0.0,0.0,0.0,0.0,0.0,0.0,0.0,0.039964476021314393,1.4120781527531088,11.363232682060394,14.280639431616343,2.810834813499113,0.0932504440497336,0.9046645128521426,0.022426531846641132,0.0,0.0,0.0,0.0,0.0,0.0,0.0,0.0,0.0,0.0,0.0,0.0,0.0,0.0,0.0,0.0,0.0,0.0,0.0,0.0,0.0,0.0,0.0,0.0,0.0,1.4292196007259532,11.107078039927407,14.537205081669695,2.80399274047187,0.1225045372050817,0.4102,0.01259,0.0,0.0,0.0,0.0,0.0,0.0,0.0,0.0,0.0,0.0,0.026642984014209597,6.0612788632326735,22.84635879218473,1.065719360568384,0.0,0.0,0.0,0.0,0.0,0.0,0.0,0.0,0.0,0.0,0.0,0.0,0.0,0.0,0.0,0.0,0.4102,0.01216,0.0,0.0,0.0,0.0,0.0,0.0,0.0,0.0,0.0,0.0,0.0,5.880217785843912,23.15335753176044,0.9664246823956445,0.0,0.0,0.0,0.0,0.0,0.0,0.0,0.0,0.0,0.0,0.0,0.0,0.0,0.0,0.0,0.0
73700,4601,2403,0.522277765703108,1161,898,0.4475114105629211,1259,0.547272332101717,0.41,2.9849863512283896,3.0333680045673805,6.275449101796407,2.1175476457072957,8302.893263693275,430.2944007623926,7853.0,8731.512976372242,8714.406119955367,5.605252888286912,7853.0,0.0,28.83699195826994,21.24754863428872,33.71891058581706,19.453957080492426,0.13344925016300804,0.09780482503803521,0.08976309497935231,0.08780699847859161,0.074983699195827,0.07020212997174527,0.07107150619430559,0.0619430558574223,0.06781134535970441,0.05455335796565964,0.04738100412953706,0.04020865029341447,0.03368832862421213,0.026515974788089546,0.021299717452727667,0.013910019560965008,0.007607041947402739,0.9038006157699914,0.021999041075198886,0.0,0.0,0.0,0.0,0.0,0.0,0.0,0.0,0.0,0.0,0.0,0.0,0.0,0.0,0.0,0.0,0.0,0.0,0.0,0.0,0.0,0.0,0.0,0.0,0.006520321669202349,1.4735926972397309,11.495327102803742,14.344707672245168,2.6472505976961536,0.032601608346011744,4.1564872895345,2.848422557825686,nan,nan,nan,4.13115845539281,2.8356163755380335,4.184141546526868,2.8596776694497192,1.0128252381762055,0.4102,0.01234,0.0,0.0,0.0,0.0,0.0,0.0,0.0,0.0,0.0,0.0,0.0,6.259508802434245,22.89936970223865,0.841121495327103,0.0,0.0,0.0,0.0,0.0,0.0,0.0,0.0,0.0,0.0,0.0,0.0,0.0,0.0,0.0,0.0,nan,nan,4.1564872895345,2.848422557825686,nan,0.4102,0.05865,0.0,0.0,0.0,0.0,0.0,0.0,0.0,0.0,0.0,0.0,0.0,0.0,0.0,0.0,0.0,0.0,0.0,0.0,0.0,0.0,0.0,0.0,1.0867202782003912e-05,0.0001630080417300587,0.00033688328624212127,0.0003260160834601174,0.0008476418169963051,0.0034449032818952403,0.0028906759400130406,0.03227559226255162,0.017800478156922407,0.004618561182351663,0.018343838296022603,0.01538795913931754,0.03185177135405347,0.03102586394262117,0.06452945011953923,0.055564007824386,0.04926103021082373,0.09869593566615953,0.060660725929145835,0.06175831341012823,0.07699413171049772,0.06630080417300586,0.04379482721147577,0.037535318409041514,0.037589654422951535,0.029145837861334494,0.025342316887633123,0.05241251901760487,0.019789176266029124,0.03163442729841339,0.006726798522060422,0.010519452292979787,0.0025537926537709194,0.000858509019778309,0.008487285372745056,0.0004998913279721799,2.1734405564007825e-05,0.0,0.0,0.0,0.0,0.0,0.0,0.0,0.0,0.0,0.0,0.0,0.0,0.0,0.0,0.0,0.0,0.0,0.0,0.0,0.0,0.0,0.0,0.0,0.0,0.0,0.0,0.0,0.0,0.0,0.0,0.0,0.0,0.0,0.0,0.0,0.0,0.0,0.0,0.0,0.0,0.0,0.0,nan,nan,4.1564872895345,2.848422557825686,nan,0.9036183732775316,0.022075292788792673,0.0,0.0,0.0,0.0,0.0,0.0,0.0,0.0,0.0,0.0,0.0,0.0,0.0,0.0,0.0,0.0,0.0,0.0,0.0,0.0,0.0,0.0,0.0,0.0,0.0,1.4981273408239704,11.835205992509366,14.007490636704123,2.621722846441948,0.03745318352059926,0.9039998554011928,0.02191363989048249,0.0,0.0,0.0,0.0,0.0,0.0,0.0,0.0,0.0,0.0,0.0,0.0,0.0,0.0,0.0,0.0,0.0,0.0,0.0,0.0,0.0,0.0,0.0,0.0,0.013648771610555053,1.4467697907188357,11.123748862602367,14.713375796178347,2.67515923566879,0.027297543221110106,0.4102,0.01232,0.0,0.0,0.0,0.0,0.0,0.0,0.0,0.0,0.0,0.0,0.0,6.179775280898867,22.94631710362048,0.8739076154806493,0.0,0.0,0.0,0.0,0.0,0.0,0.0,0.0,0.0,0.0,0.0,0.0,0.0,0.0,0.0,0.0,0.4102,0.01234,0.0,0.0,0.0,0.0,0.0,0.0,0.0,0.0,0.0,0.0,0.0,6.346678798908089,22.84804367606916,0.8052775250227482,0.0,0.0,0.0,0.0,0.0,0.0,0.0,0.0,0.0,0.0,0.0,0.0,0.0,0.0,0.0,0.0
73800,4733,2390,0.5049651383900274,1132,976,0.4453834777096979,1365,0.5768011831819142,0.414,2.950064020486556,3.1342937765567287,6.640552995391705,2.2548426809887854,8288.120838810406,430.84041690559945,7853.0,8734.610622638464,8714.6849079873,5.724775974930373,7853.0,0.0,27.94654553137545,20.82176876528476,32.707573106723316,19.12346826216738,0.13522079019649272,0.10183815761673358,0.09296429326008873,0.09064018592858653,0.08028734417916755,0.07754067187830128,0.06803296006761039,0.06148320304246778,0.054933446017325166,0.057891400802873444,0.04774984153813649,0.03760828227339953,0.03232622015634904,0.025987745615888444,0.01521233889710543,0.01436720895837735,0.005915909571096556,0.9050390438778617,0.022625352687008757,0.0,0.0,0.0,0.0,0.0,0.0,0.0,0.0,0.0,0.0,0.0,0.0,0.0,0.0,0.0,0.0,0.0,0.0,0.0,0.0,0.0,0.0,0.0,0.0,0.04436932178322418,1.255017959011198,11.041622649482361,14.483414324952465,3.055144728502008,0.12043101626875134,4.273591087811272,2.8502690913454396,nan,nan,nan,4.305905773059058,2.8559740108255185,4.242875647668394,2.8450850302049115,0.9853619357429912,0.4097,0.0124,0.0,0.0,0.0,0.0,0.0,0.0,0.0,0.0,0.0,0.0,0.0,6.668075216564537,22.4889076695542,0.8430171138812594,0.0,0.0,0.0,0.0,0.0,0.0,0.0,0.0,0.0,0.0,0.0,0.0,0.0,0.0,0.0,0.0,nan,nan,4.273591087811272,2.8502690913454396,nan,0.4097,0.05872,0.0,0.0,0.0,0.0,0.0,0.0,0.0,0.0,0.0,0.0,0.0,0.0,0.0,0.0,0.0,0.0,0.0,0.0,0.0,0.0,0.0,1.0564124234100992e-05,0.0,0.00019015423621381787,0.0004965138390027467,0.00016902598774561588,0.0010352841749418974,0.0045320092964293264,0.0024086203253750266,0.03326642721318403,0.016152545953940417,0.003380519754912318,0.02051552926262413,0.015613775618001268,0.031248679484470736,0.03332981195858863,0.06476864567927319,0.056581449397844916,0.04639763363617156,0.09798225227128671,0.06040566237058948,0.06231776885696176,0.07897739277413902,0.06626875132051553,0.04378829495034862,0.03797802662159307,0.037069511937460387,0.027498415381364886,0.025480667652651594,0.05163743925628565,0.01958588633002324,0.03135432072681175,0.00712021973378407,0.010416226494823579,0.0021233889710542994,0.0009930276780054934,0.008070990914853159,0.0007817451933234735,2.1128248468201985e-05,0.0,0.0,0.0,3.169237270230298e-05,0.0,0.0,0.0,0.0,0.0,0.0,0.0,0.0,0.0,0.0,0.0,0.0,0.0,0.0,0.0,0.0,0.0,0.0,0.0,0.0,0.0,0.0,0.0,0.0,0.0,0.0,0.0,0.0,0.0,0.0,0.0,0.0,0.0,0.0,0.0,0.0,0.0,0.0,nan,nan,4.273591087811272,2.8502690913454396,nan,0.9053341135819089,0.022514228013373976,0.0,0.0,0.0,0.0,0.0,0.0,0.0,0.0,0.0,0.0,0.0,0.0,0.0,0.0,0.0,0.0,0.0,0.0,0.0,0.0,0.0,0.0,0.0,0.0,0.050209205020920515,1.2175732217573223,10.895397489539752,14.64853556485356,3.0502092050209213,0.1380753138075314,0.9047380551485948,0.022734201562040403,0.0,0.0,0.0,0.0,0.0,0.0,0.0,0.0,0.0,0.0,0.0,0.0,0.0,0.0,0.0,0.0,0.0,0.0,0.0,0.0,0.0,0.0,0.0,0.0,0.0384122919334187,1.2932138284250962,11.190781049935982,14.314980793854037,3.0601792573623565,0.10243277848911654,0.4097,0.012596,0.0,0.0,0.0,0.0,0.0,0.0,0.0,0.0,0.0,0.0,0.0,6.702928870292877,22.36820083682009,0.9288702928870295,0.0,0.0,0.0,0.0,0.0,0.0,0.0,0.0,0.0,0.0,0.0,0.0,0.0,0.0,0.0,0.0,0.41,0.012184,0.0,0.0,0.0,0.0,0.0,0.0,0.0,0.0,0.0,0.0,0.0,6.632522407170285,22.612035851472477,0.7554417413572345,0.0,0.0,0.0,0.0,0.0,0.0,0.0,0.0,0.0,0.0,0.0,0.0,0.0,0.0,0.0,0.0
73900,4781,2503,0.5235306421250784,1176,946,0.4438402007948128,1297,0.5425643170884752,0.414,3.0017559262510973,3.098896187995812,6.564814814814815,2.117416671505204,8304.168716646453,430.4331400162532,7853.0,8733.648416423797,8714.780916614736,5.749915843248007,7853.0,0.0,27.591508052708637,20.576481596767216,32.4522150323544,18.844688404343472,0.13658230495712195,0.10709056682702364,0.09537753608031793,0.08115457017360385,0.08408282786028028,0.07425224848358083,0.0692323781635641,0.06274837900020916,0.06400334658021334,0.054800250993516,0.04287805898347626,0.04266889772014223,0.029491738130098307,0.025517674126751724,0.01547793348671826,0.007320644216691069,0.007320644216691069,0.9058803745927833,0.022492678903024282,0.0,0.0,0.0,0.0,0.0,0.0,0.0,0.0,0.0,0.0,0.0,0.0,0.0,0.0,0.0,0.0,0.0,0.0,0.0,0.0,0.0,0.0,0.0,0.0,0.02509935160008367,1.1922192010039743,10.692323781635643,14.783518092449281,3.2127170048107097,0.09412256850031377,4.300393959290873,2.845792618837793,nan,nan,nan,4.333333333333333,2.8594213511988817,4.267411300919842,2.831696370860553,0.9847872232891943,0.4104,0.01253,0.0,0.0,0.0,0.0,0.0,0.0,0.0,0.0,0.0,0.0,0.0,6.2120895210206974,22.746287387575826,1.0416230914034723,0.0,0.0,0.0,0.0,0.0,0.0,0.0,0.0,0.0,0.0,0.0,0.0,0.0,0.0,0.0,0.0,nan,nan,4.300393959290873,2.845792618837793,nan,0.4104,0.05865,0.0,0.0,0.0,0.0,0.0,0.0,0.0,0.0,0.0,0.0,0.0,0.0,0.0,0.0,0.0,0.0,0.0,0.0,0.0,0.0,0.0,0.0,0.0,0.0004287805898347626,0.000397406400334658,0.00016732901066722442,0.0014327546538381091,0.004496967161681657,0.002614515791675382,0.03109182179460364,0.01596946245555323,0.004057728508680193,0.0205396360594018,0.016199539845220667,0.029679983267098933,0.03169838945827233,0.06308303702154361,0.05507216063585024,0.04533570382765112,0.10187199330683958,0.06213135327337377,0.0629575402635432,0.07755699644425852,0.06613679146622045,0.04534616189081782,0.038088266053126964,0.03588161472495294,0.03053754444676846,0.025737293453252458,0.05078435473750261,0.017088475214390296,0.03253503451160845,0.007895837690859654,0.010447605103534825,0.0023739803388412467,0.0010667224430035557,0.008753398870529177,0.0005124450951683749,1.0458063166701527e-05,0.0,0.0,0.0,2.0916126333403053e-05,0.0,0.0,0.0,0.0,0.0,0.0,0.0,0.0,0.0,0.0,0.0,0.0,0.0,0.0,0.0,0.0,0.0,0.0,0.0,0.0,0.0,0.0,0.0,0.0,0.0,0.0,0.0,0.0,0.0,0.0,0.0,0.0,0.0,0.0,0.0,0.0,0.0,0.0,nan,nan,4.300393959290873,2.845792618837793,nan,0.9056333436567784,0.02255550145759269,0.0,0.0,0.0,0.0,0.0,0.0,0.0,0.0,0.0,0.0,0.0,0.0,0.0,0.0,0.0,0.0,0.0,0.0,0.0,0.0,0.0,0.0,0.0,0.0,0.03595685177786657,1.3064322812624853,10.58330003995206,14.862165401518181,3.1282461046743912,0.083899320815022,0.9061518049847148,0.022420310226857938,0.0,0.0,0.0,0.0,0.0,0.0,0.0,0.0,0.0,0.0,0.0,0.0,0.0,0.0,0.0,0.0,0.0,0.0,0.0,0.0,0.0,0.0,0.0,0.0,0.013169446883230908,1.0667251975417034,10.812115891132576,14.697102721685692,3.305531167690958,0.10535557506584727,0.41,0.01259,0.0,0.0,0.0,0.0,0.0,0.0,0.0,0.0,0.0,0.0,0.0,6.568118258090282,22.305233719536563,1.1266480223731523,0.0,0.0,0.0,0.0,0.0,0.0,0.0,0.0,0.0,0.0,0.0,0.0,0.0,0.0,0.0,0.0,0.411,0.012436,0.0,0.0,0.0,0.0,0.0,0.0,0.0,0.0,0.0,0.0,0.0,5.820895522388051,23.230904302019322,0.9482001755926253,0.0,0.0,0.0,0.0,0.0,0.0,0.0,0.0,0.0,0.0,0.0,0.0,0.0,0.0,0.0,0.0
74000,4475,2303,0.5146368715083799,1042,918,0.43798882681564244,1245,0.5564245810055866,0.45,3.014732965009208,3.1899306747231138,6.648953301127214,2.317569879066661,8296.542064462717,430.76213726868843,7853.0,8737.411003017425,8714.854423999413,5.729040937247418,7853.0,0.0,27.609608938547485,20.965494326655822,32.7648322147651,19.20503284862628,0.14502793296089386,0.10636871508379889,0.09385474860335195,0.08491620111731843,0.07664804469273744,0.07687150837988826,0.06480446927374302,0.06122905027932961,0.05988826815642458,0.05608938547486034,0.03888268156424581,0.04268156424581006,0.032625698324022345,0.022569832402234636,0.020558659217877095,0.009608938547486033,0.007374301675977654,0.9051111895278845,0.022578107779653835,0.0,0.0,0.0,0.0,0.0,0.0,0.0,0.0,0.0,0.0,0.0,0.0,0.0,0.0,0.0,0.0,0.0,0.0,0.0,0.0,0.0,0.0,0.0,0.0,0.013407821229050283,1.340782122905028,10.947486033519555,14.51396648044693,3.0569832402234645,0.12737430167597769,4.355281690140845,2.951755312977842,nan,nan,nan,4.410056657223796,2.9900184745878016,4.3011204481792715,2.9124140514942196,0.975298229135881,0.4106,0.01225,0.0,0.0,0.0,0.0,0.0,0.0,0.0,0.0,0.0,0.0,0.0,5.785474860335188,23.175418994413413,1.0391061452513968,0.0,0.0,0.0,0.0,0.0,0.0,0.0,0.0,0.0,0.0,0.0,0.0,0.0,0.0,0.0,0.0,nan,nan,4.355281690140845,2.951755312977842,nan,0.4106,0.05856,0.0,0.0,0.0,0.0,0.0,0.0,0.0,0.0,0.0,0.0,0.0,0.0,0.0,0.0,0.0,0.0,0.0,0.0,0.0,0.0,0.0,4.46927374301676e-05,0.0,0.00045810055865921787,0.0003016759776536313,0.0003016759776536313,0.001329608938547486,0.0037206703910614525,0.0021675977653631286,0.030692737430167597,0.016100558659217876,0.0035083798882681563,0.021798882681564245,0.01724022346368715,0.02699441340782123,0.031854748603351954,0.0626927374301676,0.059497206703910614,0.04397765363128492,0.09791061452513966,0.062145251396648046,0.05919553072625698,0.08101675977653632,0.06623463687150838,0.04624581005586592,0.03906145251396648,0.036011173184357544,0.029553072625698323,0.02842458100558659,0.05002234636871508,0.017452513966480447,0.03331843575418995,0.007273743016759777,0.010636871508379888,0.0027486033519553074,0.0014301675977653632,0.007608938547486034,0.0010279329608938548,0.0,0.0,0.0,0.0,0.0,0.0,0.0,0.0,0.0,0.0,0.0,0.0,0.0,0.0,0.0,0.0,0.0,0.0,0.0,0.0,0.0,0.0,0.0,0.0,0.0,0.0,0.0,0.0,0.0,0.0,0.0,0.0,0.0,0.0,0.0,0.0,0.0,0.0,0.0,0.0,0.0,0.0,0.0,nan,nan,4.355281690140845,2.951755312977842,nan,0.9048790144651183,0.022438979642092842,0.0,0.0,0.0,0.0,0.0,0.0,0.0,0.0,0.0,0.0,0.0,0.0,0.0,0.0,0.0,0.0,0.0,0.0,0.0,0.0,0.0,0.0,0.0,0.0,0.026052974381241864,1.1984368215371257,11.267911419887106,14.511506730351718,2.8267477203647426,0.16934433347807212,0.905357367782742,0.02272210561776467,0.0,0.0,0.0,0.0,0.0,0.0,0.0,0.0,0.0,0.0,0.0,0.0,0.0,0.0,0.0,0.0,0.0,0.0,0.0,0.0,0.0,0.0,0.0,0.0,0.0,1.4917127071823209,10.607734806629836,14.516574585635363,3.3011049723756916,0.08287292817679559,0.411,0.01228,0.0,0.0,0.0,0.0,0.0,0.0,0.0,0.0,0.0,0.0,0.0,5.783760312635684,23.04385584020843,1.1723838471558838,0.0,0.0,0.0,0.0,0.0,0.0,0.0,0.0,0.0,0.0,0.0,0.0,0.0,0.0,0.0,0.0,0.4104,0.01221,0.0,0.0,0.0,0.0,0.0,0.0,0.0,0.0,0.0,0.0,0.0,5.78729281767955,23.31491712707183,0.897790055248619,0.0,0.0,0.0,0.0,0.0,0.0,0.0,0.0,0.0,0.0,0.0,0.0,0.0,0.0,0.0,0.0
74100,4791,2516,0.525151325401795,1199,958,0.45021916092673764,1310,0.5468586933834273,0.414,2.869010989010989,3.0269823420000885,6.521880064829822,2.025747803626494,8305.742101968037,430.5333032446823,7853.0,8734.22706567645,8715.117412769818,5.770443199187957,7853.0,0.0,28.11208515967439,20.96779099696169,33.123413784523514,19.174301576490983,0.14151534126487164,0.09705698184095178,0.09121269046128157,0.08390732623669381,0.08202880400751408,0.07618451262784387,0.06846169901899395,0.06658317678981424,0.061991233562930494,0.050720100187852224,0.042579837194740136,0.03965769150490503,0.03256105197244834,0.027134209977040285,0.020037570444583593,0.011271133375078271,0.00709663953245669,0.9057150992464358,0.0228504780583762,0.0,0.0,0.0,0.0,0.0,0.0,0.0,0.0,0.0,0.0,0.0,0.0,0.0,0.0,0.0,0.0,0.0,0.0,0.0,0.0,0.0,0.0,0.0,0.0,0.018785222291797122,1.1646837820914215,11.039448966812778,14.257983719474018,3.393863494051347,0.1252348152786475,4.23946856772521,2.906070742021189,nan,nan,nan,4.218300653594771,2.8864216240806466,4.263022508038585,2.924057414752094,1.0106018650912667,0.411,0.01228,0.0,0.0,0.0,0.0,0.0,0.0,0.0,0.0,0.0,0.0,0.0,5.710707576706316,23.243581715716974,1.0457107075767065,0.0,0.0,0.0,0.0,0.0,0.0,0.0,0.0,0.0,0.0,0.0,0.0,0.0,0.0,0.0,0.0,nan,nan,4.23946856772521,2.906070742021189,nan,0.411,0.05792,0.0,0.0,0.0,0.0,0.0,0.0,0.0,0.0,0.0,0.0,0.0,0.0,0.0,0.0,0.0,0.0,0.0,0.0,0.0,0.0,0.0,0.0,0.0,0.00029221456898351076,0.00021916092673763307,0.0003965769150490503,0.0014297641410978919,0.00379878939678564,0.002076810686704237,0.028501356710498853,0.015654351909830933,0.003120434147359633,0.022124817365894386,0.01583176789814235,0.029190148194531414,0.03243581715716969,0.06242955541640576,0.059570027134209974,0.0453767480692966,0.09752661239824671,0.06231475683573367,0.056825297432686286,0.08262366938008767,0.06304529325819244,0.04701523690252557,0.040492590273429344,0.03669380087664371,0.03137132122730119,0.029774577332498435,0.0507931538300981,0.01920267167605928,0.03242538092256314,0.006334794406178251,0.00958046336881653,0.0028908369860154454,0.0012836568566061365,0.0065852640367355456,0.0007722813608849927,0.0,0.0,0.0,0.0,0.0,0.0,0.0,0.0,0.0,0.0,0.0,0.0,0.0,0.0,0.0,0.0,0.0,0.0,0.0,0.0,0.0,0.0,0.0,0.0,0.0,0.0,0.0,0.0,0.0,0.0,0.0,0.0,0.0,0.0,0.0,0.0,0.0,0.0,0.0,0.0,0.0,0.0,0.0,nan,nan,4.23946856772521,2.906070742021189,nan,0.9060536885962767,0.022577686302987593,0.0,0.0,0.0,0.0,0.0,0.0,0.0,0.0,0.0,0.0,0.0,0.0,0.0,0.0,0.0,0.0,0.0,0.0,0.0,0.0,0.0,0.0,0.0,0.0,0.011923688394276632,1.0135135135135136,11.112877583465822,14.284578696343406,3.4697933227345,0.10731319554848968,0.9053406417500842,0.023142656520346933,0.0,0.0,0.0,0.0,0.0,0.0,0.0,0.0,0.0,0.0,0.0,0.0,0.0,0.0,0.0,0.0,0.0,0.0,0.0,0.0,0.0,0.0,0.0,0.0,0.02637362637362638,1.331868131868132,10.958241758241762,14.228571428571431,3.3098901098901106,0.14505494505494507,0.411,0.01232,0.0,0.0,0.0,0.0,0.0,0.0,0.0,0.0,0.0,0.0,0.0,5.77106518282988,23.131955484896668,1.09697933227345,0.0,0.0,0.0,0.0,0.0,0.0,0.0,0.0,0.0,0.0,0.0,0.0,0.0,0.0,0.0,0.0,0.411,0.01223,0.0,0.0,0.0,0.0,0.0,0.0,0.0,0.0,0.0,0.0,0.0,5.643956043956036,23.367032967032973,0.9890109890109892,0.0,0.0,0.0,0.0,0.0,0.0,0.0,0.0,0.0,0.0,0.0,0.0,0.0,0.0,0.0,0.0
74200,4987,2547,0.5107278925205534,1216,1011,0.44656105875275715,1412,0.5662723080008021,0.40599999999999997,3.0344262295081967,3.122702971964399,6.5754583921015515,2.120227313046435,8293.207092780032,430.88117559294875,7853.0,8734.982851916551,8714.920993990585,5.792594954864602,7853.0,0.0,27.698816924002408,20.7717919228736,32.819340870820305,18.95964673279478,0.14738319631040706,0.09765390014036494,0.09564868658512131,0.07840385001002607,0.08161219169841588,0.07379185883296571,0.07258873069981953,0.06296370563465009,0.060156406657309,0.05654702225787046,0.04611991177060357,0.0344896731501905,0.0344896731501905,0.024263084018447966,0.01724483657509525,0.00962502506516944,0.007018247443352717,0.9049939040504718,0.022493511602360714,0.0,0.0,0.0,0.0,0.0,0.0,0.0,0.0,0.0,0.0,0.0,0.0,0.0,0.0,0.0,0.0,0.0,0.0,0.0,0.0,0.0,0.0,0.0,0.0,0.03609384399438541,1.287347102466413,10.888309604972932,14.720272709043517,2.9657108482053345,0.10226589131742533,4.370775969962453,2.8522014901298003,nan,nan,nan,4.436557788944723,2.8720180446282866,4.306924516531503,2.8311819929398587,0.970780664068831,0.411,0.01218,0.0,0.0,0.0,0.0,0.0,0.0,0.0,0.0,0.0,0.0,0.006015640665730902,5.474233005815111,23.55123320633648,0.9685181471826751,0.0,0.0,0.0,0.0,0.0,0.0,0.0,0.0,0.0,0.0,0.0,0.0,0.0,0.0,0.0,0.0,nan,nan,4.370775969962453,2.8522014901298003,nan,0.411,0.05817,0.0,0.0,0.0,0.0,0.0,0.0,0.0,0.0,0.0,0.0,0.0,0.0,0.0,0.0,0.0,0.0,0.0,0.0,0.0,0.0,0.0,0.0,0.0,5.0130338881090835e-05,0.00025065169440545415,0.0004712251854822539,0.0011529977942650893,0.004251052737116503,0.0024764387407258874,0.027832364146781634,0.016091838780830158,0.0032584720272709044,0.021846801684379386,0.017325045117304993,0.02882494485662723,0.03193302586725486,0.06410667736113897,0.06051734509725286,0.04430519350310808,0.09642069380389011,0.06300380990575496,0.05593543212352115,0.08319631040705835,0.061830759975937434,0.04623019851614197,0.03861038700621616,0.0373069981953078,0.030820132344094645,0.030880288750751956,0.05148385803088029,0.019661118909163826,0.033326649288149185,0.005624624022458392,0.008762783236414677,0.002937637858431923,0.0014638058953278523,0.007138560256667335,0.0006717465410066172,0.0,0.0,0.0,0.0,0.0,0.0,0.0,0.0,0.0,0.0,0.0,0.0,0.0,0.0,0.0,0.0,0.0,0.0,0.0,0.0,0.0,0.0,0.0,0.0,0.0,0.0,0.0,0.0,0.0,0.0,0.0,0.0,0.0,0.0,0.0,0.0,0.0,0.0,0.0,0.0,0.0,0.0,0.0,nan,nan,4.370775969962453,2.8522014901298003,nan,0.9052106714220575,0.022528608793730358,0.0,0.0,0.0,0.0,0.0,0.0,0.0,0.0,0.0,0.0,0.0,0.0,0.0,0.0,0.0,0.0,0.0,0.0,0.0,0.0,0.0,0.0,0.0,0.0,0.047114252061248536,1.2603062426383984,11.060070671378094,14.334511189634867,3.2155477031802127,0.08244994110718494,0.9047676308966074,0.0224545846675263,0.0,0.0,0.0,0.0,0.0,0.0,0.0,0.0,0.0,0.0,0.0,0.0,0.0,0.0,0.0,0.0,0.0,0.0,0.0,0.0,0.0,0.0,0.0,0.0,0.024590163934426236,1.3155737704918036,10.709016393442626,15.122950819672134,2.704918032786886,0.12295081967213117,0.411,0.01221,0.0,0.0,0.0,0.0,0.0,0.0,0.0,0.0,0.0,0.0,0.0,5.418138987043573,23.54534746760896,1.0365135453474679,0.0,0.0,0.0,0.0,0.0,0.0,0.0,0.0,0.0,0.0,0.0,0.0,0.0,0.0,0.0,0.0,0.411,0.012146,0.0,0.0,0.0,0.0,0.0,0.0,0.0,0.0,0.0,0.0,0.012295081967213118,5.532786885245893,23.557377049180335,0.8975409836065575,0.0,0.0,0.0,0.0,0.0,0.0,0.0,0.0,0.0,0.0,0.0,0.0,0.0,0.0,0.0,0.0
74300,4775,2462,0.5156020942408377,1185,957,0.448586387434555,1320,0.5528795811518324,0.418,2.9814094249891916,3.132621314723333,6.552352048558422,2.2149114789015507,8297.307957757308,430.6733754286224,7853.0,8734.253708177805,8714.72644122305,5.776130358089702,7853.0,0.0,27.758534031413614,20.958071280001832,32.891539040923924,19.160861811887802,0.14722513089005235,0.09403141361256545,0.09382198952879581,0.08795811518324607,0.08167539267015707,0.07267015706806283,0.073717277486911,0.05989528795811518,0.06471204188481676,0.048167539267015703,0.04272251308900524,0.03769633507853403,0.030157068062827225,0.026596858638743455,0.021570680628272252,0.009424083769633508,0.007958115183246073,0.904749277312094,0.022746466843070332,0.0,0.0,0.0,0.0,0.0,0.0,0.0,0.0,0.0,0.0,0.0,0.0,0.0,0.0,0.0,0.0,0.0,0.0,0.0,0.0,0.0,0.0,0.0,0.0,0.025130890052356025,1.3507853403141366,11.208376963350789,14.35602094240838,2.9717277486911002,0.0879581151832461,4.237769080234834,2.929686233837572,nan,nan,nan,4.260726072607261,2.9773637974539704,4.215483870967742,2.883101867567657,0.9893815746732966,0.4106,0.012436,0.0,0.0,0.0,0.0,0.0,0.0,0.0,0.0,0.0,0.0,0.006282722513089006,5.987434554973814,22.944502617801053,1.061780104712042,0.0,0.0,0.0,0.0,0.0,0.0,0.0,0.0,0.0,0.0,0.0,0.0,0.0,0.0,0.0,0.0,nan,nan,4.237769080234834,2.929686233837572,nan,0.4106,0.05887,0.0,0.0,0.0,0.0,0.0,0.0,0.0,0.0,0.0,0.0,0.0,0.0,0.0,0.0,0.0,0.0,0.0,0.0,0.0,0.0,0.0,0.0,0.0,0.00014659685863874344,0.00040837696335078533,0.0005759162303664922,0.001581151832460733,0.004869109947643979,0.0027958115183246072,0.02801047120418848,0.015958115183246073,0.002942408376963351,0.022628272251308902,0.01912041884816754,0.02861780104712042,0.03185340314136126,0.061706806282722515,0.060827225130890054,0.04661780104712042,0.094282722513089,0.06282722513089005,0.052450261780104715,0.08543455497382199,0.06221989528795811,0.043287958115183246,0.037706806282722515,0.03728795811518325,0.030900523560209423,0.0333717277486911,0.05015706806282722,0.01974869109947644,0.033361256544502615,0.006795811518324608,0.00893193717277487,0.00237696335078534,0.001382198952879581,0.008104712041884817,0.0006910994764397905,0.0,1.0471204188481675e-05,1.0471204188481675e-05,0.0,0.0,0.0,0.0,0.0,0.0,0.0,0.0,0.0,0.0,0.0,0.0,0.0,0.0,0.0,0.0,0.0,0.0,0.0,0.0,0.0,0.0,0.0,0.0,0.0,0.0,0.0,0.0,0.0,0.0,0.0,0.0,0.0,0.0,0.0,0.0,0.0,0.0,0.0,0.0,nan,nan,4.237769080234834,2.929686233837572,nan,0.9045682550202919,0.02268686271819197,0.0,0.0,0.0,0.0,0.0,0.0,0.0,0.0,0.0,0.0,0.0,0.0,0.0,0.0,0.0,0.0,0.0,0.0,0.0,0.0,0.0,0.0,0.0,0.0,0.012185215272136478,1.328188464662876,11.405361494719743,14.171405361494722,2.985377741673437,0.09748172217709182,0.904941960789144,0.022808160972906458,0.0,0.0,0.0,0.0,0.0,0.0,0.0,0.0,0.0,0.0,0.0,0.0,0.0,0.0,0.0,0.0,0.0,0.0,0.0,0.0,0.0,0.0,0.0,0.0,0.03891050583657588,1.374837872892348,10.998702983138784,14.55252918287938,2.957198443579767,0.07782101167315177,0.4106,0.012344,0.0,0.0,0.0,0.0,0.0,0.0,0.0,0.0,0.0,0.0,0.0,5.934199837530454,23.07879772542649,0.9870024370430546,0.0,0.0,0.0,0.0,0.0,0.0,0.0,0.0,0.0,0.0,0.0,0.0,0.0,0.0,0.0,0.0,0.4106,0.012535,0.0,0.0,0.0,0.0,0.0,0.0,0.0,0.0,0.0,0.0,0.012970168612191961,6.044098573281444,22.80155642023347,1.1413748378728925,0.0,0.0,0.0,0.0,0.0,0.0,0.0,0.0,0.0,0.0,0.0,0.0,0.0,0.0,0.0,0.0
74400,4740,2459,0.5187763713080169,1170,960,0.44936708860759494,1321,0.5573839662447257,0.43,2.9671196843489698,3.159124483756446,6.735152487961477,2.233302645653853,8299.969504801384,430.5076895215156,7853.0,8733.321986371278,8714.584161349554,5.684417812925614,7853.0,0.0,27.477426160337554,20.762229300517035,32.39013340045306,19.09252112100251,0.1409282700421941,0.10675105485232067,0.09367088607594937,0.08860759493670886,0.08037974683544304,0.07805907172995781,0.0628691983122363,0.06434599156118144,0.05970464135021097,0.05189873417721519,0.04388185654008439,0.04029535864978903,0.028270042194092827,0.026160337552742614,0.016666666666666666,0.010548523206751054,0.006962025316455696,0.9048125722866018,0.023014993584757226,0.0,0.0,0.0,0.0,0.0,0.0,0.0,0.0,0.0,0.0,0.0,0.0,0.0,0.0,0.0,0.0,0.0,0.0,0.0,0.0,0.0,0.0,0.0,0.0,0.0063291139240506345,1.4303797468354433,11.06329113924051,14.234177215189877,3.1455696202531653,0.12025316455696206,4.244312561819981,2.946828747578324,nan,nan,nan,4.285714285714286,2.9240056369100524,4.202,2.9693763655016854,0.9804666666666667,0.4102,0.01251,0.0,0.0,0.0,0.0,0.0,0.0,0.0,0.0,0.0,0.0,0.0063291139240506345,6.335443037974675,22.721518987341778,0.9367088607594939,0.0,0.0,0.0,0.0,0.0,0.0,0.0,0.0,0.0,0.0,0.0,0.0,0.0,0.0,0.0,0.0,nan,nan,4.244312561819981,2.946828747578324,nan,0.4102,0.0593,0.0,0.0,0.0,0.0,0.0,0.0,0.0,0.0,0.0,0.0,0.0,0.0,0.0,0.0,0.0,0.0,0.0,0.0,0.0,0.0,0.0,0.0,0.0,6.329113924050633e-05,0.0004324894514767933,0.00045358649789029536,0.00209915611814346,0.004767932489451477,0.002848101265822785,0.02989451476793249,0.01608649789029536,0.0037658227848101264,0.02221518987341772,0.01937763713080169,0.028850210970464134,0.03406118143459916,0.06037974683544304,0.06298523206751055,0.045189873417721516,0.09435654008438818,0.06214135021097046,0.05279535864978903,0.08645569620253164,0.06183544303797468,0.03967299578059072,0.03536919831223629,0.03720464135021097,0.03214135021097046,0.03270042194092827,0.049630801687763716,0.02128691983122363,0.03163502109704641,0.0075,0.008354430379746836,0.002647679324894515,0.0010548523206751054,0.008860759493670886,0.0008016877637130801,7.383966244725738e-05,1.0548523206751054e-05,0.0,0.0,0.0,0.0,0.0,0.0,0.0,0.0,0.0,0.0,0.0,0.0,0.0,0.0,0.0,0.0,0.0,0.0,0.0,0.0,0.0,0.0,0.0,0.0,0.0,0.0,0.0,0.0,0.0,0.0,0.0,0.0,0.0,0.0,0.0,0.0,0.0,0.0,0.0,0.0,0.0,nan,nan,4.244312561819981,2.946828747578324,nan,0.9044899057934759,0.02296191844480176,0.0,0.0,0.0,0.0,0.0,0.0,0.0,0.0,0.0,0.0,0.0,0.0,0.0,0.0,0.0,0.0,0.0,0.0,0.0,0.0,0.0,0.0,0.0,0.0,0.0,1.4152094347295652,11.49247661651078,13.847092313948762,3.1110207401382683,0.13420089467263116,0.9051604183657762,0.02306701869169891,0.0,0.0,0.0,0.0,0.0,0.0,0.0,0.0,0.0,0.0,0.0,0.0,0.0,0.0,0.0,0.0,0.0,0.0,0.0,0.0,0.0,0.0,0.0,0.0,0.013152126260412103,1.4467338886453314,10.600613765892154,14.651468654099082,3.182814555019729,0.10521701008329683,0.4102,0.01234,0.0,0.0,0.0,0.0,0.0,0.0,0.0,0.0,0.0,0.0,0.0,6.234241561610402,22.89955266368443,0.8662057747051649,0.0,0.0,0.0,0.0,0.0,0.0,0.0,0.0,0.0,0.0,0.0,0.0,0.0,0.0,0.0,0.0,0.4102,0.012695,0.0,0.0,0.0,0.0,0.0,0.0,0.0,0.0,0.0,0.0,0.013152126260412103,6.444541867601919,22.529592284085933,1.012713722051732,0.0,0.0,0.0,0.0,0.0,0.0,0.0,0.0,0.0,0.0,0.0,0.0,0.0,0.0,0.0,0.0
74500,4910,2530,0.515274949083503,1195,1035,0.45417515274949083,1416,0.5767820773930754,0.38599999999999995,2.9596638655462186,3.0206660550986753,6.469117647058823,2.1085789299445796,8297.046164406087,430.7006755134538,7853.0,8736.425943398475,8714.76548112011,5.64357963681092,7853.0,0.0,28.09409368635438,20.649586024841582,32.80163500841549,18.9189648193172,0.13238289205702647,0.10020366598778004,0.09592668024439918,0.07881873727087577,0.08391038696537678,0.07922606924643584,0.06985743380855397,0.06720977596741344,0.05845213849287169,0.05702647657841141,0.045824847250509164,0.038696537678207736,0.03340122199592668,0.026476578411405296,0.01670061099796334,0.009572301425661914,0.006313645621181262,0.9049306027636751,0.02275534488729363,0.0,0.0,0.0,0.0,0.0,0.0,0.0,0.0,0.0,0.0,0.0,0.0,0.0,0.0,0.0,0.0,0.0,0.0,0.0,0.0,0.0,0.0,0.0,0.0,0.024439918533604894,1.393075356415479,11.03462321792261,14.370672097759677,3.0488798370672106,0.12830957230142567,4.238229755178907,2.7729628863017686,nan,nan,nan,4.316020025031289,2.7992277103367984,4.159949622166247,2.744053887134387,0.9638392773991101,0.4102,0.01255,0.0,0.0,0.0,0.0,0.0,0.0,0.0,0.0,0.0,0.0,0.012219959266802447,6.201629327902231,22.747454175152754,1.038696537678208,0.0,0.0,0.0,0.0,0.0,0.0,0.0,0.0,0.0,0.0,0.0,0.0,0.0,0.0,0.0,0.0,nan,nan,4.238229755178907,2.7729628863017686,nan,0.4102,0.05966,0.0,0.0,0.0,0.0,0.0,0.0,0.0,0.0,0.0,0.0,0.0,0.0,0.0,0.0,0.0,0.0,0.0,0.0,0.0,0.0,0.0,0.0,0.0,2.0366598778004072e-05,0.00037678207739307533,0.00037678207739307533,0.0018737270875763747,0.00594704684317719,0.003890020366598778,0.02943991853360489,0.017718940936863544,0.0036659877800407333,0.021975560081466394,0.01959266802443992,0.028167006109979634,0.03379837067209776,0.05782077393075356,0.06302443991853361,0.04558044806517312,0.089989816700611,0.06434826883910387,0.054389002036659875,0.08526476578411406,0.06119144602851324,0.03877800407331976,0.035427698574338085,0.03858452138492872,0.034215885947046845,0.03408350305498982,0.04794297352342159,0.02145621181262729,0.03191446028513238,0.007413441955193483,0.0076883910386965374,0.0020977596741344195,0.0015987780040733197,0.008961303462321792,0.0012627291242362526,0.00012219959266802444,0.0,0.0,0.0,0.0,0.0,0.0,0.0,0.0,0.0,0.0,0.0,0.0,0.0,0.0,0.0,0.0,0.0,0.0,0.0,0.0,0.0,0.0,0.0,0.0,0.0,0.0,0.0,0.0,0.0,0.0,0.0,0.0,0.0,0.0,0.0,0.0,0.0,0.0,0.0,0.0,0.0,0.0,nan,nan,4.238229755178907,2.7729628863017686,nan,0.9054208215046305,0.02265693283771488,0.0,0.0,0.0,0.0,0.0,0.0,0.0,0.0,0.0,0.0,0.0,0.0,0.0,0.0,0.0,0.0,0.0,0.0,0.0,0.0,0.0,0.0,0.0,0.0,0.011857707509881426,1.363636363636364,10.683794466403166,14.739130434782611,3.0592885375494077,0.1422924901185771,0.9044094878835839,0.02284796450890856,0.0,0.0,0.0,0.0,0.0,0.0,0.0,0.0,0.0,0.0,0.0,0.0,0.0,0.0,0.0,0.0,0.0,0.0,0.0,0.0,0.0,0.0,0.0,0.0,0.03781512605042017,1.4243697478991602,11.407563025210088,13.978991596638659,3.037815126050421,0.11344537815126053,0.41,0.01248,0.0,0.0,0.0,0.0,0.0,0.0,0.0,0.0,0.0,0.0,0.02371541501976285,6.213438735177857,22.743083003952574,1.0197628458498025,0.0,0.0,0.0,0.0,0.0,0.0,0.0,0.0,0.0,0.0,0.0,0.0,0.0,0.0,0.0,0.0,0.4104,0.01262,0.0,0.0,0.0,0.0,0.0,0.0,0.0,0.0,0.0,0.0,0.0,6.189075630252091,22.75210084033614,1.058823529411765,0.0,0.0,0.0,0.0,0.0,0.0,0.0,0.0,0.0,0.0,0.0,0.0,0.0,0.0,0.0,0.0
74600,4500,2356,0.5235555555555556,1116,891,0.446,1253,0.5568888888888889,0.438,3.107742537313433,3.2089915269878992,6.824476650563607,2.1188016373127714,8304.29308008052,430.5306282860144,7853.0,8736.316851729154,8714.977444975528,5.799589839167345,7853.0,0.0,28.058222222222224,20.74420264811769,32.843947368421055,19.019978836597012,0.13444444444444445,0.09844444444444445,0.09755555555555556,0.088,0.07822222222222222,0.07533333333333334,0.06866666666666667,0.06555555555555556,0.06,0.05488888888888889,0.04644444444444444,0.03911111111111111,0.030666666666666665,0.028444444444444446,0.018222222222222223,0.010444444444444444,0.005555555555555556,0.9074277631441752,0.02286236248425112,0.0,0.0,0.0,0.0,0.0,0.0,0.0,0.0,0.0,0.0,0.0,0.0,0.0,0.0,0.0,0.0,0.0,0.0,0.0,0.0,0.0,0.0,0.0,0.0,0.026666666666666672,1.0800000000000003,10.093333333333335,14.920000000000003,3.7466666666666675,0.13333333333333336,4.349621472814865,2.945407414859851,nan,nan,nan,4.377174669450244,2.964833474073972,4.322668481960517,2.926028720038581,0.9875476325242071,0.4092,0.01283,0.0,0.0,0.0,0.0,0.0,0.0,0.0,0.0,0.0,0.0,0.013333333333333336,7.166666666666656,21.95333333333334,0.8666666666666669,0.0,0.0,0.0,0.0,0.0,0.0,0.0,0.0,0.0,0.0,0.0,0.0,0.0,0.0,0.0,0.0,nan,nan,4.349621472814865,2.945407414859851,nan,0.4092,0.0597,0.0,0.0,0.0,0.0,0.0,0.0,0.0,0.0,0.0,0.0,0.0,0.0,0.0,0.0,0.0,0.0,0.0,0.0,0.0,0.0,0.0,0.0,2.2222222222222223e-05,0.0,0.0005111111111111112,0.0003333333333333333,0.003,0.005866666666666667,0.004955555555555556,0.030466666666666666,0.016466666666666668,0.0029444444444444444,0.023133333333333332,0.019233333333333335,0.028144444444444444,0.03425555555555555,0.06093333333333333,0.06244444444444444,0.0434,0.0903111111111111,0.06925555555555556,0.05427777777777778,0.08361111111111111,0.064,0.036811111111111114,0.03617777777777778,0.040044444444444445,0.032244444444444444,0.03297777777777778,0.04454444444444444,0.02,0.03001111111111111,0.007711111111111111,0.0077,0.0021666666666666666,0.0011111111111111111,0.00938888888888889,0.001388888888888889,0.00014444444444444444,1.1111111111111112e-05,0.0,0.0,0.0,0.0,0.0,0.0,0.0,0.0,0.0,0.0,0.0,0.0,0.0,0.0,0.0,0.0,0.0,0.0,0.0,0.0,0.0,0.0,0.0,0.0,0.0,0.0,0.0,0.0,0.0,0.0,0.0,0.0,0.0,0.0,0.0,0.0,0.0,0.0,0.0,0.0,0.0,nan,nan,4.349621472814865,2.945407414859851,nan,0.907429470245826,0.02293501589131928,0.0,0.0,0.0,0.0,0.0,0.0,0.0,0.0,0.0,0.0,0.0,0.0,0.0,0.0,0.0,0.0,0.0,0.0,0.0,0.0,0.0,0.0,0.0,0.0,0.03820033955857386,1.209677419354839,9.983022071307301,14.758064516129036,3.85823429541596,0.15280135823429544,0.907425887243294,0.02278225772697158,0.0,0.0,0.0,0.0,0.0,0.0,0.0,0.0,0.0,0.0,0.0,0.0,0.0,0.0,0.0,0.0,0.0,0.0,0.0,0.0,0.0,0.0,0.0,0.0,0.01399253731343284,0.9375000000000002,10.214552238805972,15.097947761194034,3.624067164179105,0.11194029850746272,0.409,0.012985,0.0,0.0,0.0,0.0,0.0,0.0,0.0,0.0,0.0,0.0,0.01273344651952462,7.487266553480465,21.68505942275043,0.8149405772495757,0.0,0.0,0.0,0.0,0.0,0.0,0.0,0.0,0.0,0.0,0.0,0.0,0.0,0.0,0.0,0.0,0.4092,0.01266,0.0,0.0,0.0,0.0,0.0,0.0,0.0,0.0,0.0,0.0,0.01399253731343284,6.814365671641781,22.248134328358212,0.9235074626865674,0.0,0.0,0.0,0.0,0.0,0.0,0.0,0.0,0.0,0.0,0.0,0.0,0.0,0.0,0.0,0.0
74700,4648,2404,0.5172117039586919,1128,938,0.4444922547332186,1293,0.556368330464716,0.422,2.9393939393939394,3.10552362646694,6.716369529983792,2.124704066626914,8298.813554007967,430.74197024983846,7853.0,8733.815387541055,8714.955656834034,5.708624982398006,7853.0,0.0,27.944061962134253,20.80588846601337,32.78452897625734,19.081434279098413,0.13769363166953527,0.10068846815834767,0.0942340791738382,0.08993115318416524,0.0761617900172117,0.07293459552495697,0.06992254733218589,0.06583476764199656,0.06002581755593804,0.05400172117039587,0.04475043029259897,0.040017211703958694,0.03506884681583477,0.02345094664371773,0.020008605851979347,0.010327022375215147,0.0049483648881239245,0.9072181863290307,0.02264972938659572,0.0,0.0,0.0,0.0,0.0,0.0,0.0,0.0,0.0,0.0,0.0,0.0,0.0,0.0,0.0,0.0,0.0,0.0,0.0,0.0,0.0,0.0,0.0,0.0,0.025817555938037872,1.0068846815834769,10.430292598967299,14.858003442340795,3.5370051635111883,0.1419965576592083,4.291763921307102,2.905405763486791,nan,nan,nan,4.375574523965857,2.9423405546918473,4.205284552845528,2.864226459572044,0.9610816887730702,0.409,0.012566,0.0,0.0,0.0,0.0,0.0,0.0,0.0,0.0,0.0,0.0,0.012908777969018936,6.996557659208252,22.248278829604136,0.7422547332185888,0.0,0.0,0.0,0.0,0.0,0.0,0.0,0.0,0.0,0.0,0.0,0.0,0.0,0.0,0.0,0.0,nan,nan,4.291763921307102,2.905405763486791,nan,0.409,0.05966,0.0,0.0,0.0,0.0,0.0,0.0,0.0,0.0,0.0,0.0,0.0,0.0,0.0,0.0,0.0,0.0,0.0,0.0,0.0,0.0,0.0,0.0,0.0,0.0,0.0007314974182444062,0.0003549913941480207,0.0027969018932874354,0.00528184165232358,0.005389414802065405,0.03241179001721171,0.01602839931153184,0.0029797762478485372,0.02263339070567986,0.019879518072289156,0.025365748709122202,0.03476764199655766,0.06183304647160069,0.0628012048192771,0.04373924268502582,0.0887263339070568,0.07072934595524957,0.05673407917383821,0.07874354561101549,0.06142426850258176,0.03842512908777969,0.03790877796901893,0.040598106712564544,0.032465576592082615,0.034079173838209985,0.045105421686746985,0.01913726333907057,0.028969449225473322,0.008552065404475043,0.008358433734939759,0.002248278829604131,0.0012370912220309811,0.007971170395869191,0.0013339070567986232,0.0002474182444061962,1.0757314974182445e-05,0.0,0.0,0.0,0.0,0.0,0.0,0.0,0.0,0.0,0.0,0.0,0.0,0.0,0.0,0.0,0.0,0.0,0.0,0.0,0.0,0.0,0.0,0.0,0.0,0.0,0.0,0.0,0.0,0.0,0.0,0.0,0.0,0.0,0.0,0.0,0.0,0.0,0.0,0.0,0.0,0.0,nan,nan,4.291763921307102,2.905405763486791,nan,0.9071577785167837,0.022662655192682513,0.0,0.0,0.0,0.0,0.0,0.0,0.0,0.0,0.0,0.0,0.0,0.0,0.0,0.0,0.0,0.0,0.0,0.0,0.0,0.0,0.0,0.0,0.0,0.0,0.024958402662229623,1.0732113144758737,10.470049916805328,14.762895174708822,3.569051580698836,0.09983361064891849,0.9072829012936662,0.022635694904224665,0.0,0.0,0.0,0.0,0.0,0.0,0.0,0.0,0.0,0.0,0.0,0.0,0.0,0.0,0.0,0.0,0.0,0.0,0.0,0.0,0.0,0.0,0.0,0.0,0.02673796791443851,0.9358288770053478,10.38770053475936,14.959893048128345,3.5026737967914445,0.18716577540106957,0.4092,0.012436,0.0,0.0,0.0,0.0,0.0,0.0,0.0,0.0,0.0,0.0,0.012479201331114811,6.801164725457561,22.53743760399335,0.6489184692179703,0.0,0.0,0.0,0.0,0.0,0.0,0.0,0.0,0.0,0.0,0.0,0.0,0.0,0.0,0.0,0.0,0.409,0.01269,0.0,0.0,0.0,0.0,0.0,0.0,0.0,0.0,0.0,0.0,0.013368983957219254,7.205882352941166,21.938502673796798,0.8422459893048131,0.0,0.0,0.0,0.0,0.0,0.0,0.0,0.0,0.0,0.0,0.0,0.0,0.0,0.0,0.0,0.0
74800,4730,2435,0.514799154334038,1116,994,0.44608879492600423,1323,0.5594080338266385,0.414,2.8579520697167755,3.0667016462005954,6.562925170068027,2.1215896077677785,8296.751823144565,430.8257899678037,7853.0,8732.86233060956,8714.990194445088,5.716284110188589,7853.0,0.0,27.222410147991543,20.71621411801818,32.36166963603971,18.974799884476774,0.14608879492600424,0.10930232558139535,0.09133192389006342,0.08414376321353066,0.08012684989429175,0.07632135306553911,0.06871035940803383,0.06490486257928119,0.05581395348837209,0.05369978858350952,0.047145877378435515,0.03615221987315011,0.03044397463002114,0.02241014799154334,0.015010570824524313,0.010782241014799155,0.007610993657505285,0.9072331884950714,0.022495788025985675,0.0,0.0,0.0,0.0,0.0,0.0,0.0,0.0,0.0,0.0,0.0,0.0,0.0,0.0,0.0,0.0,0.0,0.0,0.0,0.0,0.0,0.0,0.0,0.0,0.019027484143763217,1.0401691331923892,10.135306553911207,15.145877378435522,3.5137420718816075,0.14587737843551798,4.2668896321070235,2.8686415552373066,nan,nan,nan,4.206662134602311,2.882844390846668,4.325213956550362,2.85360890956209,1.0281819214747225,0.4092,0.01244,0.0,0.0,0.0,0.0,0.0,0.0,0.0,0.0,0.0,0.0,0.006342494714587739,7.147991543340369,22.046511627906984,0.7991543340380551,0.0,0.0,0.0,0.0,0.0,0.0,0.0,0.0,0.0,0.0,0.0,0.0,0.0,0.0,0.0,0.0,nan,nan,4.2668896321070235,2.8686415552373066,nan,0.4092,0.0597,0.0,0.0,0.0,0.0,0.0,0.0,0.0,0.0,0.0,0.0,0.0,0.0,0.0,0.0,0.0,0.0,0.0,0.0,0.0,0.0,0.0,0.0,0.0,0.0,0.0006553911205073996,0.00015856236786469344,0.0029069767441860465,0.004090909090909091,0.0047568710359408035,0.03395348837209302,0.01682875264270613,0.0036152219873150106,0.022674418604651164,0.019704016913319237,0.024577167019027485,0.03461945031712474,0.06245243128964059,0.06325581395348837,0.04470401691331924,0.08781183932346723,0.07003171247357294,0.055570824524312896,0.07733615221987315,0.05929175475687103,0.04059196617336152,0.03789640591966174,0.0430338266384778,0.031215644820295985,0.0342600422832981,0.04519027484143763,0.02156448202959831,0.02686046511627907,0.00857293868921776,0.00959830866807611,0.002230443974630021,0.001226215644820296,0.007219873150105708,0.0012896405919661734,0.00017970401691331923,0.0,2.114164904862579e-05,5.285412262156448e-05,0.0,0.0,0.0,0.0,0.0,0.0,0.0,0.0,0.0,0.0,0.0,0.0,0.0,0.0,0.0,0.0,0.0,0.0,0.0,0.0,0.0,0.0,0.0,0.0,0.0,0.0,0.0,0.0,0.0,0.0,0.0,0.0,0.0,0.0,0.0,0.0,0.0,0.0,0.0,nan,nan,4.2668896321070235,2.8686415552373066,nan,0.907469663262612,0.022637726375468653,0.0,0.0,0.0,0.0,0.0,0.0,0.0,0.0,0.0,0.0,0.0,0.0,0.0,0.0,0.0,0.0,0.0,0.0,0.0,0.0,0.0,0.0,0.0,0.0,0.012320328542094458,1.0349075975359345,9.930184804928134,15.301848049281316,3.548254620123204,0.17248459958932244,0.9069822882515153,0.02234146882223283,0.0,0.0,0.0,0.0,0.0,0.0,0.0,0.0,0.0,0.0,0.0,0.0,0.0,0.0,0.0,0.0,0.0,0.0,0.0,0.0,0.0,0.0,0.0,0.0,0.02614379084967321,1.0457516339869284,10.35294117647059,14.980392156862749,3.477124183006537,0.11764705882352944,0.409,0.01246,0.0,0.0,0.0,0.0,0.0,0.0,0.0,0.0,0.0,0.0,0.012320328542094458,7.170431211498963,22.114989733059556,0.7022587268993842,0.0,0.0,0.0,0.0,0.0,0.0,0.0,0.0,0.0,0.0,0.0,0.0,0.0,0.0,0.0,0.0,0.4092,0.01243,0.0,0.0,0.0,0.0,0.0,0.0,0.0,0.0,0.0,0.0,0.0,7.1241830065359375,21.973856209150334,0.9019607843137257,0.0,0.0,0.0,0.0,0.0,0.0,0.0,0.0,0.0,0.0,0.0,0.0,0.0,0.0,0.0,0.0
74900,4631,2431,0.5249406175771971,1180,906,0.45044266896998486,1268,0.54761390628374,0.434,3.076363636363636,3.174412680759796,6.624420401854714,2.221064728470025,8305.5091601973,430.49323406272754,7853.0,8735.069050574302,8715.01971241205,5.7155492228566995,7853.0,0.0,28.431440293673074,20.988361842240693,33.34110115236876,19.184725393295174,0.13668754048801554,0.0963074929820773,0.08788598574821853,0.08982941049449363,0.0811919671777154,0.0723385877780177,0.06909954653422587,0.06629237745627295,0.05959835888576981,0.0552796372273807,0.04275534441805225,0.04081191967177716,0.036061325847549126,0.030231051608723816,0.016843014467717556,0.011444612394731159,0.007341826819261499,0.9076937684434147,0.022595117697731884,0.0,0.0,0.0,0.0,0.0,0.0,0.0,0.0,0.0,0.0,0.0,0.0,0.0,0.0,0.0,0.0,0.0,0.0,0.0,0.0,0.0,0.0,0.0,0.0,0.006478082487583677,1.0494493629885555,9.81429496868927,15.307708918160227,3.6795508529475285,0.14251781472684089,4.272337619518629,2.9805971696503257,nan,nan,nan,4.285619615639496,3.0109033082091177,4.259186351706036,2.950223688200168,0.9938321021686113,0.409,0.01269,0.0,0.0,0.0,0.0,0.0,0.0,0.0,0.0,0.0,0.0,0.0,7.320233210969542,21.77931332325632,0.9004534657741311,0.0,0.0,0.0,0.0,0.0,0.0,0.0,0.0,0.0,0.0,0.0,0.0,0.0,0.0,0.0,0.0,nan,nan,4.272337619518629,2.9805971696503257,nan,0.409,0.0594,0.0,0.0,0.0,0.0,0.0,0.0,0.0,0.0,0.0,0.0,0.0,0.0,0.0,0.0,0.0,0.0,0.0,0.0,0.0,0.0,0.0,0.0,0.0,1.0796804145972792e-05,0.0006694018570503131,0.00035629453681710216,0.0030770891816022457,0.004016411142301879,0.004912545886417621,0.03358885769812136,0.017318073850140357,0.003724897430360613,0.02158281148779961,0.019963290865903694,0.023072770459943857,0.0346037572878428,0.061509393219606995,0.06386309652342906,0.04612394731159577,0.0884150291513712,0.06902396890520406,0.05354135175987908,0.08180738501403585,0.06101274022889225,0.04054199956812783,0.03860937162599871,0.04183761606564457,0.029442884906067803,0.03530554955733103,0.04374865039948175,0.021572014683653638,0.0284927661412222,0.007428201252429281,0.009771107752105377,0.001813863096523429,0.0011768516519110343,0.007233858777801771,0.0006262146404664219,0.00012956164975167351,0.0,0.0,7.557762902180955e-05,0.0,0.0,0.0,0.0,0.0,0.0,0.0,0.0,0.0,0.0,0.0,0.0,0.0,0.0,0.0,0.0,0.0,0.0,0.0,0.0,0.0,0.0,0.0,0.0,0.0,0.0,0.0,0.0,0.0,0.0,0.0,0.0,0.0,0.0,0.0,0.0,0.0,0.0,0.0,nan,nan,4.272337619518629,2.9805971696503257,nan,0.9074854789717802,0.02245109827146784,0.0,0.0,0.0,0.0,0.0,0.0,0.0,0.0,0.0,0.0,0.0,0.0,0.0,0.0,0.0,0.0,0.0,0.0,0.0,0.0,0.0,0.0,0.0,0.0,0.0,0.9872480460715757,9.958864664747018,15.37638831756479,3.5170711641299883,0.16042780748663107,0.9079239283095707,0.02275098132348418,0.0,0.0,0.0,0.0,0.0,0.0,0.0,0.0,0.0,0.0,0.0,0.0,0.0,0.0,0.0,0.0,0.0,0.0,0.0,0.0,0.0,0.0,0.0,0.0,0.01363636363636364,1.1181818181818184,9.654545454545456,15.231818181818186,3.85909090909091,0.12272727272727275,0.4092,0.01267,0.0,0.0,0.0,0.0,0.0,0.0,0.0,0.0,0.0,0.0,0.0,7.2192513368983855,21.953928424516665,0.8268202385849447,0.0,0.0,0.0,0.0,0.0,0.0,0.0,0.0,0.0,0.0,0.0,0.0,0.0,0.0,0.0,0.0,0.409,0.01271,0.0,0.0,0.0,0.0,0.0,0.0,0.0,0.0,0.0,0.0,0.0,7.431818181818171,21.58636363636364,0.981818181818182,0.0,0.0,0.0,0.0,0.0,0.0,0.0,0.0,0.0,0.0,0.0,0.0,0.0,0.0,0.0,0.0
75000,4788,2459,0.5135756056808688,1173,964,0.44632414369256473,1343,0.5609857978279031,0.418,3.0339201373980247,3.1424133771733507,6.658132530120482,2.1401905965742123,8295.849566232106,431.0043601915471,7853.0,8734.534431421756,8715.28699598183,5.765992418788571,7853.0,0.0,27.749164578111948,20.713231490622334,32.699626400996266,18.95303068678193,0.13993316624895571,0.10213032581453634,0.09273182957393483,0.0860484544695071,0.0804093567251462,0.07477025898078529,0.07080200501253132,0.06307435254803676,0.05325814536340852,0.06077694235588972,0.04803675856307435,0.03696741854636591,0.030492898913951544,0.027360066833751043,0.015455304928989139,0.012322472848788638,0.005430242272347535,0.9078547720896172,0.022575072336021445,0.0,0.0,0.0,0.0,0.0,0.0,0.0,0.0,0.0,0.0,0.0,0.0,0.0,0.0,0.0,0.0,0.0,0.0,0.0,0.0,0.0,0.0,0.0,0.0,0.006265664160401004,0.9711779448621556,9.943609022556393,15.150375939849628,3.790726817042607,0.13784461152882208,4.233669158271043,2.9088074584647665,nan,nan,nan,4.201675257731959,2.942301202931009,4.266229508196721,2.8739543580655593,1.015363931409494,0.4097,0.0126,0.0,0.0,0.0,0.0,0.0,0.0,0.0,0.0,0.0,0.0,0.0,6.62280701754385,22.424812030075195,0.9523809523809526,0.0,0.0,0.0,0.0,0.0,0.0,0.0,0.0,0.0,0.0,0.0,0.0,0.0,0.0,0.0,0.0,nan,nan,4.233669158271043,2.9088074584647665,nan,0.4097,0.0595,0.0,0.0,0.0,0.0,0.0,0.0,0.0,0.0,0.0,0.0,0.0,0.0,0.0,0.0,0.0,0.0,0.0,0.0,0.0,0.0,0.0,0.0,0.0,0.0,0.0006892230576441103,0.0003968253968253968,0.0027046783625730994,0.0038324979114452797,0.00489766081871345,0.031213450292397662,0.01764828738512949,0.004166666666666667,0.02118838763575606,0.021773182957393483,0.02363199665831245,0.03384502923976608,0.061967418546365914,0.062228487886382626,0.04377610693400167,0.08556808688387636,0.06842105263157895,0.05129490392648287,0.08505639097744361,0.06382623224728488,0.03854427736006683,0.04279448621553885,0.04297201336675021,0.027861319966583125,0.03634085213032581,0.04390142021720969,0.021313700918964076,0.02788220551378446,0.007999164578111947,0.009231411862990811,0.0027360066833751044,0.001639515455304929,0.007623224728487886,0.0009502923976608187,3.132832080200501e-05,0.0,0.0,5.2213868003341685e-05,0.0,0.0,0.0,0.0,0.0,0.0,0.0,0.0,0.0,0.0,0.0,0.0,0.0,0.0,0.0,0.0,0.0,0.0,0.0,0.0,0.0,0.0,0.0,0.0,0.0,0.0,0.0,0.0,0.0,0.0,0.0,0.0,0.0,0.0,0.0,0.0,0.0,0.0,0.0,nan,nan,4.233669158271043,2.9088074584647665,nan,0.9081156122194843,0.022925662320343203,0.0,0.0,0.0,0.0,0.0,0.0,0.0,0.0,0.0,0.0,0.0,0.0,0.0,0.0,0.0,0.0,0.0,0.0,0.0,0.0,0.0,0.0,0.0,0.0,0.0,0.9272061813745427,10.138267588450592,14.871899145994309,3.8430256201708017,0.2196014640097601,0.9075793723990447,0.022195578281737606,0.0,0.0,0.0,0.0,0.0,0.0,0.0,0.0,0.0,0.0,0.0,0.0,0.0,0.0,0.0,0.0,0.0,0.0,0.0,0.0,0.0,0.0,0.0,0.0,0.012881064834693005,1.0176041219407472,9.738085015027911,15.44439673679691,3.7355088020609712,0.05152425933877202,0.4097,0.01269,0.0,0.0,0.0,0.0,0.0,0.0,0.0,0.0,0.0,0.0,0.0,6.697844652297672,22.289548596990652,1.0126067507116716,0.0,0.0,0.0,0.0,0.0,0.0,0.0,0.0,0.0,0.0,0.0,0.0,0.0,0.0,0.0,0.0,0.41,0.01251,0.0,0.0,0.0,0.0,0.0,0.0,0.0,0.0,0.0,0.0,0.0,6.543580936024036,22.567625590382143,0.8887934735938173,0.0,0.0,0.0,0.0,0.0,0.0,0.0,0.0,0.0,0.0,0.0,0.0,0.0,0.0,0.0,0.0
75100,4946,2596,0.5248685806712495,1223,1015,0.45248685806712496,1407,0.568944601698342,0.38599999999999995,3.000425531914894,3.0610107894231837,6.542168674698795,2.1230303689425782,8305.617311376884,430.6583419294376,7853.0,8733.742206478119,8715.344076298174,5.721311436619646,7853.0,0.0,28.13222806308128,20.683251949594908,32.9281781182667,18.92142221615974,0.13424989890820865,0.0978568540234533,0.09866558835422563,0.08006469874646178,0.08147998382531338,0.07379700768297615,0.0715729882733522,0.06995551961180752,0.05863323898099474,0.051556813586736756,0.050343712090578245,0.03962798220784472,0.031540638900121314,0.02668823291548726,0.018398706025070766,0.010513546300040437,0.005054589567327133,0.9077182598577739,0.022646200624302365,0.0,0.0,0.0,0.0,0.0,0.0,0.0,0.0,0.0,0.0,0.0,0.0,0.0,0.0,0.0,0.0,0.0,0.0,0.0,0.0,0.0,0.0,0.0,0.0,0.012131014961585123,1.1281843914274163,9.716942984229682,15.13344116457744,3.875859280226446,0.13344116457743632,4.198069137340393,2.832829519375637,nan,nan,nan,4.160969546302051,2.788294462282478,4.235330836454432,2.876383700529119,1.0178711450119762,0.41,0.01282,0.0,0.0,0.0,0.0,0.0,0.0,0.0,0.0,0.0,0.0,0.012131014961585123,6.53861706429437,22.490901738778817,0.9583501819652246,0.0,0.0,0.0,0.0,0.0,0.0,0.0,0.0,0.0,0.0,0.0,0.0,0.0,0.0,0.0,0.0,nan,nan,4.198069137340393,2.832829519375637,nan,0.41,0.05966,0.0,0.0,0.0,0.0,0.0,0.0,0.0,0.0,0.0,0.0,0.0,0.0,0.0,0.0,0.0,0.0,0.0,0.0,0.0,0.0,0.0,0.0,2.0218358269308533e-05,1.0109179134654266e-05,0.00037403962798220785,0.00016174686615446826,0.0027193691872219976,0.0032551556813586735,0.005418520016174687,0.03256166599272139,0.0170642943792964,0.005287100687424181,0.01969268095430651,0.02090578245046502,0.022695107157298826,0.03406793368378488,0.06407197735543874,0.06309138697937727,0.04464213505863324,0.08479579458147998,0.07060250707642539,0.04998989082086534,0.08075212292761828,0.06460776384957541,0.03977961989486454,0.04086130206227254,0.04291346542660736,0.029700768297614234,0.037585928022644564,0.041740800646987465,0.019955519611807523,0.028598867771936917,0.008329963606955116,0.009512737565709665,0.0027598059037606147,0.002395875454913061,0.008137889203396684,0.0009300444803881924,0.0,0.0,0.0,1.0109179134654266e-05,0.0,0.0,0.0,0.0,0.0,0.0,0.0,0.0,0.0,0.0,0.0,0.0,0.0,0.0,0.0,0.0,0.0,0.0,0.0,0.0,0.0,0.0,0.0,0.0,0.0,0.0,0.0,0.0,0.0,0.0,0.0,0.0,0.0,0.0,0.0,0.0,0.0,0.0,0.0,nan,nan,4.198069137340393,2.832829519375637,nan,0.9084093080738843,0.02211336005594031,0.0,0.0,0.0,0.0,0.0,0.0,0.0,0.0,0.0,0.0,0.0,0.0,0.0,0.0,0.0,0.0,0.0,0.0,0.0,0.0,0.0,0.0,0.0,0.0,0.0,1.0400616332819725,9.279661016949154,15.577812018489988,3.9869029275808945,0.11556240369799695,0.9069548721262749,0.023196689889389603,0.0,0.0,0.0,0.0,0.0,0.0,0.0,0.0,0.0,0.0,0.0,0.0,0.0,0.0,0.0,0.0,0.0,0.0,0.0,0.0,0.0,0.0,0.0,0.0,0.025531914893617027,1.2255319148936172,10.200000000000001,14.642553191489364,3.753191489361703,0.15319148936170215,0.4097,0.013,0.0,0.0,0.0,0.0,0.0,0.0,0.0,0.0,0.0,0.0,0.011556240369799695,6.841294298921408,22.164869029275813,0.9822804314329739,0.0,0.0,0.0,0.0,0.0,0.0,0.0,0.0,0.0,0.0,0.0,0.0,0.0,0.0,0.0,0.0,0.4102,0.0126,0.0,0.0,0.0,0.0,0.0,0.0,0.0,0.0,0.0,0.0,0.012765957446808513,6.204255319148927,22.85106382978724,0.9319148936170215,0.0,0.0,0.0,0.0,0.0,0.0,0.0,0.0,0.0,0.0,0.0,0.0,0.0,0.0,0.0,0.0
75200,4654,2325,0.49957026214009453,1065,965,0.43618392780403953,1306,0.5612376450365277,0.422,2.9119793902962643,3.1027180825511564,6.622186495176849,2.231106392287982,8283.768777752804,431.15969762485753,7853.0,8736.180615866184,8715.278663080238,5.952174413345943,7853.0,0.0,27.256338633433604,20.786859031178913,32.562629937629936,18.957366177203188,0.1512677266867211,0.09733562526858616,0.09647614954877524,0.08508809626128062,0.08551783412118608,0.07284056725397507,0.06725397507520413,0.06489041684572411,0.05500644606789858,0.050709067468844,0.0446927374301676,0.03953588311130211,0.03180060163300387,0.023420713364847443,0.019338203695745595,0.008809626128061882,0.006016330038676407,0.907988845789745,0.022807746553174916,0.0,0.0,0.0,0.0,0.0,0.0,0.0,0.0,0.0,0.0,0.0,0.0,0.0,0.0,0.0,0.0,0.0,0.0,0.0,0.0,0.0,0.0,0.0,0.0,0.0193382036957456,1.1022776106574992,9.578856897292653,15.277180919639024,3.8740868070477017,0.1482595616673829,4.375554796858996,2.866131785389007,nan,nan,nan,4.453480358373535,2.8735839018908447,4.299052774018945,2.856729902063688,0.9653242920305616,0.41,0.01296,0.0,0.0,0.0,0.0,0.0,0.0,0.0,0.0,0.0,0.0,0.006446067898581867,7.000429737859895,21.903738719381185,1.0893854748603353,0.0,0.0,0.0,0.0,0.0,0.0,0.0,0.0,0.0,0.0,0.0,0.0,0.0,0.0,0.0,0.0,nan,nan,4.375554796858996,2.866131785389007,nan,0.41,0.05933,0.0,0.0,0.0,0.0,0.0,0.0,0.0,0.0,0.0,0.0,0.0,0.0,0.0,0.0,0.0,0.0,0.0,0.0,0.0,0.0,0.0,0.0,0.0,0.0,0.00032230339492909325,0.00024709926944563814,0.003556080790717662,0.003094112591319295,0.00525354533734422,0.03128491620111732,0.01627632144391921,0.005027932960893855,0.02031585732703051,0.019778685002148688,0.021562097120756338,0.03383111302105715,0.06442844864632574,0.06622260421143103,0.0461968199398367,0.08434679845294371,0.07064890416845725,0.050580146110872366,0.0824022346368715,0.06431027073485174,0.04004082509669102,0.04078212290502793,0.04344649763644177,0.029093253115599484,0.03578642028362699,0.04071766222604212,0.020885259991405242,0.027202406532015472,0.00854103996562097,0.00960464116888698,0.0022238934250107434,0.0023205844434894714,0.008852599914052428,0.0007950150408250967,1.0743446497636441e-05,1.0743446497636441e-05,0.0,0.0,0.0,0.0,0.0,0.0,0.0,0.0,0.0,0.0,0.0,0.0,0.0,0.0,0.0,0.0,0.0,0.0,0.0,0.0,0.0,0.0,0.0,0.0,0.0,0.0,0.0,0.0,0.0,0.0,0.0,0.0,0.0,0.0,0.0,0.0,0.0,0.0,0.0,0.0,0.0,nan,nan,4.375554796858996,2.866131785389007,nan,0.9080742245079368,0.023103565279594142,0.0,0.0,0.0,0.0,0.0,0.0,0.0,0.0,0.0,0.0,0.0,0.0,0.0,0.0,0.0,0.0,0.0,0.0,0.0,0.0,0.0,0.0,0.0,0.0,0.025806451612903233,1.1741935483870969,9.290322580645164,15.393548387096777,3.9483870967741943,0.167741935483871,0.9079036137073938,0.022508235410376998,0.0,0.0,0.0,0.0,0.0,0.0,0.0,0.0,0.0,0.0,0.0,0.0,0.0,0.0,0.0,0.0,0.0,0.0,0.0,0.0,0.0,0.0,0.0,0.0,0.012881064834693005,1.0304851867754403,9.86689566337484,15.161013310433665,3.799914126234436,0.12881064834693004,0.4097,0.01275,0.0,0.0,0.0,0.0,0.0,0.0,0.0,0.0,0.0,0.0,0.012903225806451616,6.670967741935475,22.322580645161295,0.9935483870967744,0.0,0.0,0.0,0.0,0.0,0.0,0.0,0.0,0.0,0.0,0.0,0.0,0.0,0.0,0.0,0.0,0.41,0.01317,0.0,0.0,0.0,0.0,0.0,0.0,0.0,0.0,0.0,0.0,0.0,7.329325890940307,21.485616144267933,1.1850579647917563,0.0,0.0,0.0,0.0,0.0,0.0,0.0,0.0,0.0,0.0,0.0,0.0,0.0,0.0,0.0,0.0
75300,4763,2443,0.5129120302330464,1170,979,0.4511862271677514,1366,0.5735880747428092,0.40199999999999997,2.956896551724138,3.123443726631934,6.550680786686838,2.201482169420945,8295.268245109419,431.01053100951634,7853.0,8736.942131960392,8715.269198303788,5.755960057250292,7853.0,0.0,27.925887045979426,20.82796392036612,32.7759222333001,19.11044899367137,0.13667856393029604,0.10602561410875498,0.09174889775351669,0.08692000839806845,0.08230107075372664,0.07033382322065924,0.06571488557631745,0.06298551333193365,0.0631954650430401,0.05290783119882427,0.048288893554482466,0.04052068024354399,0.0327524669326055,0.026034012177199244,0.01721604031072853,0.009657778710896493,0.006718454755406256,0.9079108015093863,0.02247497568471354,0.0,0.0,0.0,0.0,0.0,0.0,0.0,0.0,0.0,0.0,0.0,0.0,0.0,0.0,0.0,0.0,0.0,0.0,0.0,0.0,0.0,0.0,0.0,0.0,0.006298551333193367,1.0077682133109387,9.592693680453497,15.488137728322489,3.74133949191686,0.16376233466302756,4.235313209996754,2.9320110355096975,nan,nan,nan,4.169391759319817,2.9202533032861955,4.299806576402321,2.9429992050739178,1.0312790988735918,0.4104,0.01251,0.0,0.0,0.0,0.0,0.0,0.0,0.0,0.0,0.0,0.0,0.012597102666386735,6.134788998530329,22.920428301490663,0.9321855973126183,0.0,0.0,0.0,0.0,0.0,0.0,0.0,0.0,0.0,0.0,0.0,0.0,0.0,0.0,0.0,0.0,nan,nan,4.235313209996754,2.9320110355096975,nan,0.4104,0.0595,0.0,0.0,0.0,0.0,0.0,0.0,0.0,0.0,0.0,0.0,0.0,0.0,0.0,0.0,0.0,0.0,0.0,0.0,0.0,0.0,0.0,0.0,0.0,0.0,0.0002099517111064455,0.0001364686122191896,0.003422212891035062,0.003086290153264749,0.004975855553222759,0.031839176989292464,0.017688431660718033,0.004986353138778081,0.019619987402897332,0.018580726432920427,0.020785219399538105,0.03533487297921478,0.06381482259080412,0.0643292042830149,0.04543355028343481,0.08454755406256562,0.06752047029183288,0.05184757505773672,0.07960319126600882,0.0649380642452236,0.042557211841276504,0.04298761284904472,0.04295612009237875,0.03168171320596263,0.03443208062145706,0.0416124291412975,0.02010287633844216,0.02725173210161663,0.008639512912030233,0.010634054167541465,0.0019105605710686541,0.0025614108754986355,0.00931135838757086,0.0006403527188746589,1.0497585555322276e-05,0.0,1.0497585555322276e-05,0.0,0.0,0.0,0.0,0.0,0.0,0.0,0.0,0.0,0.0,0.0,0.0,0.0,0.0,0.0,0.0,0.0,0.0,0.0,0.0,0.0,0.0,0.0,0.0,0.0,0.0,0.0,0.0,0.0,0.0,0.0,0.0,0.0,0.0,0.0,0.0,0.0,0.0,0.0,0.0,nan,nan,4.235313209996754,2.9320110355096975,nan,0.9074914776737262,0.02229577719354437,0.0,0.0,0.0,0.0,0.0,0.0,0.0,0.0,0.0,0.0,0.0,0.0,0.0,0.0,0.0,0.0,0.0,0.0,0.0,0.0,0.0,0.0,0.0,0.0,0.0,0.9946786737617686,9.701187065083914,15.435939418747445,3.733115022513304,0.1350798198935735,0.9083523567380576,0.022653754814334383,0.0,0.0,0.0,0.0,0.0,0.0,0.0,0.0,0.0,0.0,0.0,0.0,0.0,0.0,0.0,0.0,0.0,0.0,0.0,0.0,0.0,0.0,0.0,0.0,0.012931034482758624,1.0215517241379313,9.478448275862071,15.543103448275865,3.750000000000001,0.19396551724137936,0.4102,0.01247,0.0,0.0,0.0,0.0,0.0,0.0,0.0,0.0,0.0,0.0,0.012279983626688501,6.213671715104371,22.8530495292673,0.9209987720016375,0.0,0.0,0.0,0.0,0.0,0.0,0.0,0.0,0.0,0.0,0.0,0.0,0.0,0.0,0.0,0.0,0.4104,0.012566,0.0,0.0,0.0,0.0,0.0,0.0,0.0,0.0,0.0,0.0,0.012931034482758624,6.051724137931026,22.991379310344833,0.9439655172413796,0.0,0.0,0.0,0.0,0.0,0.0,0.0,0.0,0.0,0.0,0.0,0.0,0.0,0.0,0.0,0.0
75400,4784,2514,0.5255016722408027,1156,982,0.4469063545150502,1350,0.56438127090301,0.41,2.9334801762114537,3.0575216351101244,6.521193092621664,2.150157488755534,8306.229070363648,430.69343082240687,7853.0,8734.293909573555,8715.46932085111,5.7298880642242205,7853.0,0.0,27.996028428093645,20.710099468920227,32.672094744633604,19.04149774951244,0.131061872909699,0.10388795986622074,0.09343645484949832,0.09009197324414715,0.0802675585284281,0.07775919732441472,0.0677257525083612,0.06396321070234114,0.05936454849498328,0.054765886287625416,0.04598662207357859,0.03908862876254181,0.033235785953177256,0.025501672240802676,0.016095317725752508,0.010033444816053512,0.007734113712374582,0.9080634518560757,0.02283034118638336,0.0,0.0,0.0,0.0,0.0,0.0,0.0,0.0,0.0,0.0,0.0,0.0,0.0,0.0,0.0,0.0,0.0,0.0,0.0,0.0,0.0,0.0,0.0,0.0,0.0,1.0033444816053514,9.88294314381271,15.225752508361207,3.7186454849498336,0.16931438127090306,4.2900615085788285,2.9317313183932967,nan,nan,nan,4.31151832460733,2.9154442152401576,4.2690582959641254,2.947435667148028,0.9901519544980546,0.4106,0.01225,0.0,0.0,0.0,0.0,0.0,0.0,0.0,0.0,0.0,0.0,0.012541806020066893,5.919732441471564,23.114548494983282,0.9531772575250838,0.0,0.0,0.0,0.0,0.0,0.0,0.0,0.0,0.0,0.0,0.0,0.0,0.0,0.0,0.0,0.0,nan,nan,4.2900615085788285,2.9317313183932967,nan,0.4106,0.0593,0.0,0.0,0.0,0.0,0.0,0.0,0.0,0.0,0.0,0.0,0.0,0.0,0.0,0.0,0.0,0.0,0.0,0.0,0.0,0.0,0.0,0.0,0.0,1.0451505016722408e-05,0.00015677257525083612,0.00034489966555183946,0.002717391304347826,0.0029682274247491637,0.004891304347826087,0.030748327759197325,0.017474916387959866,0.00538252508361204,0.018582775919732442,0.020025083612040133,0.02127926421404682,0.035618729096989966,0.06256270903010033,0.06316889632107023,0.046906354515050167,0.08164715719063545,0.07088210702341137,0.050930183946488294,0.08248327759197324,0.06423494983277592,0.04080267558528428,0.04487876254180602,0.043687290969899664,0.03047658862876254,0.03454222408026756,0.03920359531772575,0.02061036789297659,0.028010033444816052,0.009134615384615385,0.011057692307692308,0.0023620401337792643,0.003156354515050167,0.008350752508361203,0.0006375418060200669,2.0903010033444815e-05,0.0,5.225752508361204e-05,0.0,0.0,0.0,0.0,0.0,0.0,0.0,0.0,0.0,0.0,0.0,0.0,0.0,0.0,0.0,0.0,0.0,0.0,0.0,0.0,0.0,0.0,0.0,0.0,0.0,0.0,0.0,0.0,0.0,0.0,0.0,0.0,0.0,0.0,0.0,0.0,0.0,0.0,0.0,0.0,nan,nan,4.2900615085788285,2.9317313183932967,nan,0.9080791973413317,0.022963597375208016,0.0,0.0,0.0,0.0,0.0,0.0,0.0,0.0,0.0,0.0,0.0,0.0,0.0,0.0,0.0,0.0,0.0,0.0,0.0,0.0,0.0,0.0,0.0,0.0,0.0,0.9546539379474942,10.011933174224346,15.035799522673035,3.8305489260143206,0.1670644391408115,0.9080460139045631,0.022681835055886123,0.0,0.0,0.0,0.0,0.0,0.0,0.0,0.0,0.0,0.0,0.0,0.0,0.0,0.0,0.0,0.0,0.0,0.0,0.0,0.0,0.0,0.0,0.0,0.0,0.0,1.0572687224669606,9.740088105726874,15.436123348017624,3.594713656387666,0.17180616740088112,0.4104,0.01197,0.0,0.0,0.0,0.0,0.0,0.0,0.0,0.0,0.0,0.0,0.011933174224343679,5.8114558472553615,23.293556085918862,0.8830548926014321,0.0,0.0,0.0,0.0,0.0,0.0,0.0,0.0,0.0,0.0,0.0,0.0,0.0,0.0,0.0,0.0,0.4106,0.01254,0.0,0.0,0.0,0.0,0.0,0.0,0.0,0.0,0.0,0.0,0.013215859030837008,6.039647577092502,22.916299559471373,1.0308370044052866,0.0,0.0,0.0,0.0,0.0,0.0,0.0,0.0,0.0,0.0,0.0,0.0,0.0,0.0,0.0,0.0
75500,4613,2426,0.5259050509429872,1153,894,0.44374593539995666,1240,0.5376110990678518,0.438,3.0306355738454505,3.1949997668362013,6.801639344262295,2.1724800214726785,8306.497589515651,430.6007779290073,7853.0,8732.619392716884,8715.318376107049,5.815918501822863,7853.0,0.0,27.73206156514199,20.697625027751442,32.566683831101955,18.981492211429,0.13722089746368957,0.10166919575113809,0.0984175157164535,0.09169737697810536,0.07392152612182962,0.07305441144591372,0.07153696076306092,0.06199869932798613,0.05787990461738565,0.05441144591372209,0.047257749837416,0.03880338174723607,0.03555170171255149,0.023412096249729026,0.017342293518317797,0.010188597442011706,0.0056362453934532845,0.9078197502764295,0.022844092865819978,0.0,0.0,0.0,0.0,0.0,0.0,0.0,0.0,0.0,0.0,0.0,0.0,0.0,0.0,0.0,0.0,0.0,0.0,0.0,0.0,0.0,0.0,0.0,0.0,0.019510080208107527,1.0470409711684372,9.69000650336007,15.30240624322567,3.791458920442229,0.14957728159549102,4.315520762423417,2.9459917418128727,nan,nan,nan,4.341313269493844,2.9515796830728513,4.288135593220339,2.9403726701290087,0.9877507857709369,0.4106,0.01229,0.0,0.0,0.0,0.0,0.0,0.0,0.0,0.0,0.0,0.0,0.006503360069369176,5.879037502709725,23.132451766746158,0.9820073704747455,0.0,0.0,0.0,0.0,0.0,0.0,0.0,0.0,0.0,0.0,0.0,0.0,0.0,0.0,0.0,0.0,nan,nan,4.315520762423417,2.9459917418128727,nan,0.4106,0.0595,0.0,0.0,0.0,0.0,0.0,0.0,0.0,0.0,0.0,0.0,0.0,0.0,0.0,0.0,0.0,0.0,0.0,0.0,0.0,0.0,0.0,0.0,0.0,0.0,0.00011922826793843486,0.0004552352048558422,0.0033492304357251247,0.002568827227400824,0.0052352048558421856,0.031400390201604164,0.017927595924561023,0.004920875785822675,0.01851289833080425,0.021461088228918273,0.019401690873618035,0.035053110773899845,0.06296336440494256,0.06235638413180143,0.04528506394970735,0.0791350531107739,0.07367223065250379,0.05190765228701496,0.0831021027530891,0.06374376761326686,0.03993063082592673,0.042531974853674395,0.04501409061348363,0.030890960329503576,0.03534576197702146,0.03975720789074355,0.021536960763060914,0.028452200303490136,0.008887925428137872,0.01070886624756124,0.0023412096249729028,0.0033492304357251247,0.008075005419466725,0.0005853024062432257,0.0,1.0838933448948623e-05,1.0838933448948623e-05,0.0,0.0,0.0,0.0,0.0,0.0,0.0,0.0,0.0,0.0,0.0,0.0,0.0,0.0,0.0,0.0,0.0,0.0,0.0,0.0,0.0,0.0,0.0,0.0,0.0,0.0,0.0,0.0,0.0,0.0,0.0,0.0,0.0,0.0,0.0,0.0,0.0,0.0,0.0,0.0,nan,nan,4.315520762423417,2.9459917418128727,nan,0.9074251583216117,0.02311889621645307,0.0,0.0,0.0,0.0,0.0,0.0,0.0,0.0,0.0,0.0,0.0,0.0,0.0,0.0,0.0,0.0,0.0,0.0,0.0,0.0,0.0,0.0,0.0,0.0,0.024732069249793907,1.1376751854905196,9.756801319043694,15.210222588623251,3.7221764220939826,0.14839241549876342,0.9082574640772471,0.02252725382582693,0.0,0.0,0.0,0.0,0.0,0.0,0.0,0.0,0.0,0.0,0.0,0.0,0.0,0.0,0.0,0.0,0.0,0.0,0.0,0.0,0.0,0.0,0.0,0.0,0.013717421124828535,0.946502057613169,9.615912208504803,15.404663923182445,3.868312757201647,0.15089163237311387,0.4104,0.01217,0.0,0.0,0.0,0.0,0.0,0.0,0.0,0.0,0.0,0.0,0.012366034624896953,5.824402308326455,23.309975267930756,0.8532563891178897,0.0,0.0,0.0,0.0,0.0,0.0,0.0,0.0,0.0,0.0,0.0,0.0,0.0,0.0,0.0,0.0,0.411,0.01243,0.0,0.0,0.0,0.0,0.0,0.0,0.0,0.0,0.0,0.0,0.0,5.939643347050746,22.93552812071331,1.12482853223594,0.0,0.0,0.0,0.0,0.0,0.0,0.0,0.0,0.0,0.0,0.0,0.0,0.0,0.0,0.0,0.0
75600,5004,2611,0.5217825739408474,1253,1030,0.45623501199040767,1410,0.5635491606714629,0.36599999999999994,3.032177183451734,3.1261619557700824,6.488795518207283,2.282686744455587,8303.106105206662,430.9268308431527,7853.0,8737.81151189804,8715.631539813916,5.827049712670492,7853.0,0.0,28.463429256594726,20.816699870920427,33.16599952907935,19.074031785759473,0.13029576338928858,0.09432454036770584,0.09392486011191047,0.08932853717026379,0.07813749000799361,0.07893685051958434,0.0725419664268585,0.0671462829736211,0.05915267785771383,0.05495603517186251,0.038169464428457235,0.04456434852118305,0.0341726618705036,0.028577138289368507,0.018984812150279775,0.010191846522781775,0.006594724220623501,0.907912121223603,0.02288358651186994,0.0,0.0,0.0,0.0,0.0,0.0,0.0,0.0,0.0,0.0,0.0,0.0,0.0,0.0,0.0,0.0,0.0,0.0,0.0,0.0,0.0,0.0,0.0,0.0,0.011990407673860915,1.0971223021582737,9.664268585131897,15.179856115107917,3.9268585131894493,0.11990407673860913,4.208143421452446,2.9721906527510207,nan,nan,nan,4.260333127698951,2.972435511271545,4.15748502994012,2.971076282044605,0.9758591418379575,0.4114,0.01266,0.0,0.0,0.0,0.0,0.0,0.0,0.0,0.0,0.0,0.0,0.0,5.623501199040759,23.171462829736218,1.2050359712230219,0.0,0.0,0.0,0.0,0.0,0.0,0.0,0.0,0.0,0.0,0.0,0.0,0.0,0.0,0.0,0.0,nan,nan,4.208143421452446,2.9721906527510207,nan,0.4114,0.05963,0.0,0.0,0.0,0.0,0.0,0.0,0.0,0.0,0.0,0.0,0.0,0.0,0.0,0.0,0.0,0.0,0.0,0.0,0.0,0.0,0.0,0.0,9.992006394884094e-06,0.0,0.0,0.000869304556354916,0.0036071143085531577,0.002388089528377298,0.005385691446842526,0.029936051159072743,0.01721622701838529,0.005095923261390888,0.017605915267785772,0.022162270183852917,0.01899480415667466,0.03276378896882494,0.06288968824940049,0.060921262989608316,0.04841127098321343,0.08062549960031974,0.07174260591526778,0.048970823341326936,0.0826039168665068,0.06279976019184652,0.04317545963229417,0.04171662669864109,0.04563349320543565,0.03340327737809752,0.03479216626698641,0.04128697042366107,0.02063349320543565,0.029466426858513188,0.008263389288569145,0.009922062350119904,0.0032174260591526778,0.004326538768984812,0.008583133493205436,0.0004696243005595524,8.992805755395684e-05,0.0,0.0,0.0,1.9984012789768187e-05,0.0,0.0,0.0,0.0,0.0,0.0,0.0,0.0,0.0,0.0,0.0,0.0,0.0,0.0,0.0,0.0,0.0,0.0,0.0,0.0,0.0,0.0,0.0,0.0,0.0,0.0,0.0,0.0,0.0,0.0,0.0,0.0,0.0,0.0,0.0,0.0,0.0,0.0,nan,nan,4.208143421452446,2.9721906527510207,nan,0.9077177150000196,0.022916440657866664,0.0,0.0,0.0,0.0,0.0,0.0,0.0,0.0,0.0,0.0,0.0,0.0,0.0,0.0,0.0,0.0,0.0,0.0,0.0,0.0,0.0,0.0,0.0,0.0,0.011489850631941788,1.2294140176177712,9.364228265032557,15.453849099961703,3.826120260436615,0.11489850631941786,0.9081242376673038,0.02284579834691116,0.0,0.0,0.0,0.0,0.0,0.0,0.0,0.0,0.0,0.0,0.0,0.0,0.0,0.0,0.0,0.0,0.0,0.0,0.0,0.0,0.0,0.0,0.0,0.0,0.012536564981195155,0.9527789385708317,9.991642290012537,14.88090263267865,4.03677392394484,0.12536564981195156,0.4116,0.01263,0.0,0.0,0.0,0.0,0.0,0.0,0.0,0.0,0.0,0.0,0.0,5.469168900804282,23.26694752968212,1.2638835695135966,0.0,0.0,0.0,0.0,0.0,0.0,0.0,0.0,0.0,0.0,0.0,0.0,0.0,0.0,0.0,0.0,0.4114,0.01269,0.0,0.0,0.0,0.0,0.0,0.0,0.0,0.0,0.0,0.0,0.0,5.791893021312152,23.067279565399087,1.140827413288759,0.0,0.0,0.0,0.0,0.0,0.0,0.0,0.0,0.0,0.0,0.0,0.0,0.0,0.0,0.0,0.0
75700,4414,2213,0.5013593112822836,1010,963,0.4469868599909379,1226,0.5555052106932488,0.41,2.9404815992730575,3.054049165615943,6.46875,2.1365422792877773,8285.404906666467,431.2503366619705,7853.0,8734.728757971525,8715.465096261083,5.774323368423962,7853.0,0.0,27.57816039873131,20.767950755487107,32.653992395437264,19.001566491870403,0.14386044404168555,0.10149524241051201,0.09379247847757137,0.08586316266425012,0.07861350249207068,0.07589487992750339,0.06819211599456275,0.069777979157227,0.057091073855913006,0.05210693248753965,0.04327140915269597,0.042138649750792935,0.02809243316719529,0.024694154961486182,0.01835070231082918,0.009968282736746714,0.006796556411418215,0.9068550207142815,0.02282675850897758,0.0,0.0,0.0,0.0,0.0,0.0,0.0,0.0,0.0,0.0,0.0,0.0,0.0,0.0,0.0,0.0,0.0,0.0,0.0,0.0,0.0,0.0,0.0,0.0,0.027186225645672867,1.0942455822383328,10.568645219755325,14.626189397372002,3.5613955595831452,0.1223380154055279,4.262651461154668,2.788801674583551,nan,nan,nan,4.336669049320943,2.866137722642365,4.189054726368159,2.7077124630144804,0.9659613585279471,0.4119,0.01263,0.0,0.0,0.0,0.0,0.0,0.0,0.0,0.0,0.0,0.0,0.0,5.647938377888528,22.972360670593574,1.3797009515178977,0.0,0.0,0.0,0.0,0.0,0.0,0.0,0.0,0.0,0.0,0.0,0.0,0.0,0.0,0.0,0.0,nan,nan,4.262651461154668,2.788801674583551,nan,0.4119,0.05975,0.0,0.0,0.0,0.0,0.0,0.0,0.0,0.0,0.0,0.0,0.0,0.0,0.0,0.0,0.0,0.0,0.0,0.0,0.0,0.0,0.0,0.0,0.0,0.0,2.2655188038060717e-05,0.0008269143633892162,0.0038740371545083825,0.0019823289533303125,0.004666968735840507,0.03069777979157227,0.018260081558676935,0.004938830992297236,0.017637063887630266,0.020831445400996827,0.019743996375169912,0.030607159039420028,0.06334390575441776,0.06145219755323969,0.05171046669687358,0.07995015858631627,0.06685545990031717,0.04532170367014046,0.08433393747168101,0.06244902582691436,0.044381513366560946,0.042874943362029905,0.04742863615768011,0.036893973719981876,0.03203443588581785,0.042535115541458994,0.02115994562754871,0.027356139555958316,0.009549161758042591,0.00823516085183507,0.0033982782057091075,0.005199365654734934,0.008710919800634345,0.0006343452650657,4.5310376076121435e-05,2.2655188038060717e-05,1.1327594019030359e-05,0.0,2.2655188038060717e-05,0.0,0.0,0.0,0.0,0.0,0.0,0.0,0.0,0.0,0.0,0.0,0.0,0.0,0.0,0.0,0.0,0.0,0.0,0.0,0.0,0.0,0.0,0.0,0.0,0.0,0.0,0.0,0.0,0.0,0.0,0.0,0.0,0.0,0.0,0.0,0.0,0.0,0.0,nan,nan,4.262651461154668,2.788801674583551,nan,0.9067394450623365,0.022815057794112876,0.0,0.0,0.0,0.0,0.0,0.0,0.0,0.0,0.0,0.0,0.0,0.0,0.0,0.0,0.0,0.0,0.0,0.0,0.0,0.0,0.0,0.0,0.0,0.0,0.013556258472661549,1.2200632625395393,10.763669227293269,14.247627654767287,3.6601897876186182,0.09489380930863084,0.9069712264924524,0.022837927296417017,0.0,0.0,0.0,0.0,0.0,0.0,0.0,0.0,0.0,0.0,0.0,0.0,0.0,0.0,0.0,0.0,0.0,0.0,0.0,0.0,0.0,0.0,0.0,0.0,0.040890504316219906,0.9677419354838712,10.37255792821445,15.006815084052707,3.462062698773286,0.149931849159473,0.4119,0.01264,0.0,0.0,0.0,0.0,0.0,0.0,0.0,0.0,0.0,0.0,0.0,5.734297333935825,22.977858111161325,1.287844554902847,0.0,0.0,0.0,0.0,0.0,0.0,0.0,0.0,0.0,0.0,0.0,0.0,0.0,0.0,0.0,0.0,0.4116,0.01261,0.0,0.0,0.0,0.0,0.0,0.0,0.0,0.0,0.0,0.0,0.0,5.561108587005898,22.966833257610183,1.4720581553839167,0.0,0.0,0.0,0.0,0.0,0.0,0.0,0.0,0.0,0.0,0.0,0.0,0.0,0.0,0.0,0.0
75800,4594,2359,0.5134958641706574,1121,939,0.4484109708315194,1291,0.5620374401393121,0.39799999999999996,2.960626398210291,3.0846763595184568,6.477519379844961,2.2304878428420727,8295.903637464922,431.1256079545558,7853.0,8735.671939486265,8715.526201998244,5.741896855619693,7853.0,0.0,28.584675663909447,21.15388998833039,33.51781104801239,19.359259196399357,0.13582934262080976,0.09664780148019156,0.0892468437091859,0.08859381802350892,0.0783630822812364,0.07444492816717457,0.06769699608184589,0.0696560731388768,0.056813234653896386,0.049629952111449716,0.0457117979973879,0.04375272094035699,0.03461036134087941,0.02764475402699173,0.02067914671310405,0.013278188942098389,0.007400957771005659,0.9075898789664066,0.02284348701939435,0.0,0.0,0.0,0.0,0.0,0.0,0.0,0.0,0.0,0.0,0.0,0.0,0.0,0.0,0.0,0.0,0.0,0.0,0.0,0.0,0.0,0.0,0.0,0.0,0.006530256856769701,1.1427949499346977,9.841097083151938,15.130605137135397,3.7418371789290386,0.1371353939921637,4.183233929754804,2.879031828007772,nan,nan,nan,4.187007874015748,2.86961898070566,4.179384203480589,2.8885970054018615,0.9981792079774984,0.412,0.01254,0.0,0.0,0.0,0.0,0.0,0.0,0.0,0.0,0.0,0.0,0.0,5.015237265999122,23.6656508489334,1.3191118850674795,0.0,0.0,0.0,0.0,0.0,0.0,0.0,0.0,0.0,0.0,0.0,0.0,0.0,0.0,0.0,0.0,nan,nan,4.183233929754804,2.879031828007772,nan,0.412,0.05966,0.0,0.0,0.0,0.0,0.0,0.0,0.0,0.0,0.0,0.0,0.0,0.0,0.0,0.0,0.0,0.0,0.0,0.0,0.0,0.0,0.0,0.0,0.0,0.0,0.0,0.0006203744013931215,0.0035263387026556376,0.0020352633870265565,0.005071832825424467,0.029897692642577276,0.018763604701784935,0.004320853286895951,0.0163147583804963,0.020069656073138875,0.01913365259033522,0.0315955594253374,0.06582498911623857,0.06192860252503265,0.04872659991292991,0.08498040922942969,0.06544405746626034,0.045352633870265564,0.0848280365694384,0.06321288637353069,0.04146713104048759,0.0433826730518067,0.048966042664344796,0.03665650848933391,0.029549412276882892,0.040955594253373966,0.021038310840226383,0.028994340444057465,0.01044841097083152,0.00893556813234654,0.0034175010883761426,0.004266434479756204,0.00937091858946452,0.000544188071397475,0.00021767522855898998,0.0001197213757074445,0.0,0.0,0.0,0.0,0.0,2.1767522855899e-05,0.0,0.0,0.0,0.0,0.0,0.0,0.0,0.0,0.0,0.0,0.0,0.0,0.0,0.0,0.0,0.0,0.0,0.0,0.0,0.0,0.0,0.0,0.0,0.0,0.0,0.0,0.0,0.0,0.0,0.0,0.0,0.0,0.0,0.0,0.0,nan,nan,4.183233929754804,2.879031828007772,nan,0.9071844495065438,0.022326862116138695,0.0,0.0,0.0,0.0,0.0,0.0,0.0,0.0,0.0,0.0,0.0,0.0,0.0,0.0,0.0,0.0,0.0,0.0,0.0,0.0,0.0,0.0,0.0,0.0,0.012717253073336163,0.9792284866468844,10.262823230182283,15.044510385756679,3.6371343789741424,0.06358626536668081,0.9080178020517832,0.023368763916298118,0.0,0.0,0.0,0.0,0.0,0.0,0.0,0.0,0.0,0.0,0.0,0.0,0.0,0.0,0.0,0.0,0.0,0.0,0.0,0.0,0.0,0.0,0.0,0.0,0.0,1.3154362416107384,9.395973154362418,15.221476510067117,3.8523489932885915,0.214765100671141,0.4116,0.012375,0.0,0.0,0.0,0.0,0.0,0.0,0.0,0.0,0.0,0.0,0.0,5.112335735481128,23.704959728698608,1.182704535820263,0.0,0.0,0.0,0.0,0.0,0.0,0.0,0.0,0.0,0.0,0.0,0.0,0.0,0.0,0.0,0.0,0.4124,0.01271,0.0,0.0,0.0,0.0,0.0,0.0,0.0,0.0,0.0,0.0,0.0,4.9127516778523415,23.62416107382551,1.463087248322148,0.0,0.0,0.0,0.0,0.0,0.0,0.0,0.0,0.0,0.0,0.0,0.0,0.0,0.0,0.0,0.0
75900,4563,2379,0.5213675213675214,1154,920,0.45452553144860836,1274,0.5584045584045584,0.41,2.953754578754579,3.091131798103773,6.531810766721044,2.0613073703648905,8302.735967300792,430.92994259177374,7853.0,8735.818644875288,8715.608330724468,5.720901090229802,7853.0,0.0,27.963839579224196,20.76014908297935,32.79901196047842,19.025092472562665,0.13697129081744466,0.10015340784571554,0.09314047775586237,0.0878807801884725,0.0824019285557747,0.0784571553802323,0.062458908612754764,0.06267806267806268,0.05939075169844401,0.05456936226166995,0.05062458908612755,0.03879026955950033,0.03155818540433925,0.02717510409818102,0.020381328073635765,0.007012930089853167,0.006355467893929432,0.9078218334995548,0.022637162429533425,0.0,0.0,0.0,0.0,0.0,0.0,0.0,0.0,0.0,0.0,0.0,0.0,0.0,0.0,0.0,0.0,0.0,0.0,0.0,0.0,0.0,0.0,0.0,0.0,0.02629848783694938,0.9730440499671271,9.875082182774491,15.226824457593692,3.7606837606837615,0.13806706114398423,4.233682786608049,2.885571326168956,nan,nan,nan,4.221544715447155,2.8667984085403004,4.2472972972972975,2.904503631267613,1.0061002745644056,0.4114,0.012566,0.0,0.0,0.0,0.0,0.0,0.0,0.0,0.0,0.0,0.0,0.006574621959237345,5.502958579881649,23.30703484549639,1.1834319526627222,0.0,0.0,0.0,0.0,0.0,0.0,0.0,0.0,0.0,0.0,0.0,0.0,0.0,0.0,0.0,0.0,nan,nan,4.233682786608049,2.885571326168956,nan,0.4114,0.05942,0.0,0.0,0.0,0.0,0.0,0.0,0.0,0.0,0.0,0.0,0.0,0.0,0.0,0.0,0.0,0.0,0.0,0.0,0.0,0.0,0.0,0.0,0.0,0.0,0.0,0.0005040543502081964,0.0035502958579881655,0.0021696252465483235,0.005204909051062898,0.029487179487179487,0.018124041200964277,0.0030352838045145736,0.015636642559719482,0.021400394477317553,0.020041639272408502,0.03311417926802542,0.07014025860179707,0.06283147052377822,0.04522244137628753,0.08746438746438746,0.06573526188910804,0.04516765285996055,0.08625904010519395,0.061308349769888235,0.04354591277668201,0.0403462634231865,0.04798378259916721,0.03625904010519395,0.027460004383081306,0.0418365110672803,0.0210387902695595,0.028522901599824676,0.010508437431514354,0.008678500986193294,0.003101030024106947,0.004240631163708087,0.009083936007012931,0.0006574621959237344,0.0002520271751040982,8.766162612316459e-05,0.0,0.0,0.0,0.0,0.0,0.0,0.0,0.0,0.0,0.0,0.0,0.0,0.0,0.0,0.0,0.0,0.0,0.0,0.0,0.0,0.0,0.0,0.0,0.0,0.0,0.0,0.0,0.0,0.0,0.0,0.0,0.0,0.0,0.0,0.0,0.0,0.0,0.0,0.0,0.0,0.0,nan,nan,4.233682786608049,2.885571326168956,nan,0.9077454956953843,0.022848098210010624,0.0,0.0,0.0,0.0,0.0,0.0,0.0,0.0,0.0,0.0,0.0,0.0,0.0,0.0,0.0,0.0,0.0,0.0,0.0,0.0,0.0,0.0,0.0,0.0,0.025220680958385883,0.9962168978562423,9.86128625472888,15.233291298865073,3.7578814627994963,0.1261034047919294,0.9079049871790976,0.02240483748190248,0.0,0.0,0.0,0.0,0.0,0.0,0.0,0.0,0.0,0.0,0.0,0.0,0.0,0.0,0.0,0.0,0.0,0.0,0.0,0.0,0.0,0.0,0.0,0.0,0.02747252747252748,0.947802197802198,9.890109890109892,15.219780219780223,3.7637362637362646,0.15109890109890112,0.4114,0.01243,0.0,0.0,0.0,0.0,0.0,0.0,0.0,0.0,0.0,0.0,0.012610340479192942,5.296343001261026,23.56872635561161,1.1223203026481716,0.0,0.0,0.0,0.0,0.0,0.0,0.0,0.0,0.0,0.0,0.0,0.0,0.0,0.0,0.0,0.0,0.4114,0.0127,0.0,0.0,0.0,0.0,0.0,0.0,0.0,0.0,0.0,0.0,0.0,5.72802197802197,23.02197802197803,1.2500000000000002,0.0,0.0,0.0,0.0,0.0,0.0,0.0,0.0,0.0,0.0,0.0,0.0,0.0,0.0,0.0,0.0
76000,4475,2270,0.5072625698324023,1036,902,0.433072625698324,1225,0.547486033519553,0.446,3.0621315192743763,3.2434471165909553,6.869205298013245,2.1944644455734155,8290.569470551633,431.27728949255834,7853.0,8732.626680457592,8715.609418818749,5.544731680997796,7853.0,0.0,27.06055865921788,20.837131600083175,32.116097823165816,19.230352627332778,0.143463687150838,0.11284916201117319,0.09698324022346369,0.08804469273743017,0.07865921787709497,0.07687150837988826,0.06502793296089386,0.06368715083798883,0.049162011173184354,0.0511731843575419,0.048044692737430165,0.03865921787709497,0.030167597765363128,0.021229050279329607,0.01698324022346369,0.010726256983240224,0.008268156424581006,0.9086973879190796,0.02273334082212776,0.0,0.0,0.0,0.0,0.0,0.0,0.0,0.0,0.0,0.0,0.0,0.0,0.0,0.0,0.0,0.0,0.0,0.0,0.0,0.0,0.0,0.0,0.0,0.0,0.006703910614525141,1.0055865921787712,9.640223463687153,15.077094972067043,4.069273743016761,0.20111731843575423,4.489766606822262,3.0233061401950203,nan,nan,nan,4.562231759656652,3.000725453167289,4.416726748377794,3.044151429080132,0.9681066155898647,0.411,0.0118,0.0,0.0,0.0,0.0,0.0,0.0,0.0,0.0,0.0,0.0,0.006703910614525141,5.282681564245803,23.731843575419003,0.9787709497206706,0.0,0.0,0.0,0.0,0.0,0.0,0.0,0.0,0.0,0.0,0.0,0.0,0.0,0.0,0.0,0.0,nan,nan,4.489766606822262,3.0233061401950203,nan,0.411,0.05896,0.0,0.0,0.0,0.0,0.0,0.0,0.0,0.0,0.0,0.0,0.0,0.0,0.0,0.0,0.0,0.0,0.0,0.0,0.0,0.0,0.0,0.0,0.0,3.35195530726257e-05,0.0,0.0004804469273743017,0.0031620111731843576,0.0021340782122905026,0.004201117318435754,0.030681564245810054,0.017396648044692736,0.0036201117318435754,0.015340782122905027,0.02105027932960894,0.020670391061452513,0.03162011173184358,0.07241340782122906,0.06541899441340782,0.04540782122905028,0.08974301675977654,0.0659217877094972,0.047374301675977656,0.08170949720670391,0.06016759776536313,0.045441340782122905,0.040044692737430165,0.049541899441340784,0.0341340782122905,0.02753072625698324,0.039385474860335196,0.02169832402234637,0.02776536312849162,0.009932960893854748,0.009396648044692738,0.003877094972067039,0.003206703910614525,0.008625698324022346,0.0005698324022346369,0.0002681564245810056,3.35195530726257e-05,0.0,0.0,0.0,0.0,0.0,0.0,0.0,0.0,0.0,0.0,0.0,0.0,0.0,0.0,0.0,0.0,0.0,0.0,0.0,0.0,0.0,0.0,0.0,0.0,0.0,0.0,0.0,0.0,0.0,0.0,0.0,0.0,0.0,0.0,0.0,0.0,0.0,0.0,0.0,0.0,0.0,nan,nan,4.489766606822262,3.0233061401950203,nan,0.9085296391653069,0.022723123451589392,0.0,0.0,0.0,0.0,0.0,0.0,0.0,0.0,0.0,0.0,0.0,0.0,0.0,0.0,0.0,0.0,0.0,0.0,0.0,0.0,0.0,0.0,0.0,0.0,0.0,1.0176211453744495,9.660792951541852,15.132158590308373,4.01762114537445,0.17180616740088112,0.9088700816474534,0.022742562066105566,0.0,0.0,0.0,0.0,0.0,0.0,0.0,0.0,0.0,0.0,0.0,0.0,0.0,0.0,0.0,0.0,0.0,0.0,0.0,0.0,0.0,0.0,0.0,0.0,0.013605442176870751,0.9931972789115648,9.61904761904762,15.020408163265309,4.122448979591837,0.23129251700680278,0.4106,0.01182,0.0,0.0,0.0,0.0,0.0,0.0,0.0,0.0,0.0,0.0,0.013215859030837008,5.365638766519816,23.696035242290755,0.9251101321585905,0.0,0.0,0.0,0.0,0.0,0.0,0.0,0.0,0.0,0.0,0.0,0.0,0.0,0.0,0.0,0.0,0.4114,0.01178,0.0,0.0,0.0,0.0,0.0,0.0,0.0,0.0,0.0,0.0,0.0,5.197278911564618,23.768707482993204,1.0340136054421771,0.0,0.0,0.0,0.0,0.0,0.0,0.0,0.0,0.0,0.0,0.0,0.0,0.0,0.0,0.0,0.0
76100,4754,2477,0.52103491796382,1158,969,0.44741270509045017,1343,0.5649978965082036,0.40599999999999997,2.995169082125604,3.068744416995236,6.518691588785047,2.132771915857258,8302.427213341667,430.92178333092716,7853.0,8736.51367353797,8715.56639976838,5.810324433071935,7853.0,0.0,27.803954564577197,20.91199625148608,32.76624028091297,19.189157386643718,0.1419856962557846,0.10033655868742111,0.08960875052587294,0.09045014724442575,0.08392932267564157,0.07635675220866639,0.06478754732856541,0.06583929322675641,0.05532183424484644,0.05384938998737905,0.04396297854438368,0.0351283129995793,0.0361800588977703,0.027345393352965923,0.014934791754312159,0.012200252419015565,0.007782919646613378,0.9078016793923465,0.022758130602898184,0.0,0.0,0.0,0.0,0.0,0.0,0.0,0.0,0.0,0.0,0.0,0.0,0.0,0.0,0.0,0.0,0.0,0.0,0.0,0.0,0.0,0.0,0.0,0.0,0.012620950778291968,1.0349179638199413,9.951619688683216,14.987379049221712,3.855700462768196,0.15776188472864958,4.277214776070611,2.8908961877227006,nan,nan,nan,4.24609375,2.8418579514484774,4.3086014445174,2.939190811618448,1.0147212233638034,0.4111,0.01271,0.0,0.0,0.0,0.0,0.0,0.0,0.0,0.0,0.0,0.0,0.0,5.79932688262515,23.077408498106863,1.116954143878839,0.006310475389145984,0.0,0.0,0.0,0.0,0.0,0.0,0.0,0.0,0.0,0.0,0.0,0.0,0.0,0.0,0.0,nan,nan,4.277214776070611,2.8908961877227006,nan,0.4111,0.0591,0.0,0.0,0.0,0.0,0.0,0.0,0.0,0.0,0.0,0.0,0.0,0.0,0.0,0.0,0.0,0.0,0.0,0.0,0.0,0.0,0.0,0.0,0.0,9.465713083718974e-05,0.0,0.0005469078670593185,0.0033655868742111907,0.0019772822885990747,0.003912494741270509,0.030942364324779134,0.018647454774926377,0.0027345393352965924,0.015450147244425746,0.020067311737484224,0.02039335296592343,0.03136306268405553,0.07107698779974758,0.06909970551114851,0.04631888935633151,0.08715818258308793,0.06643878838872529,0.04992637778712663,0.078270929743374,0.05899242742953303,0.04633992427429533,0.03986116954143879,0.05037862852334876,0.033624316365166176,0.02819730753050063,0.038557004627681954,0.02176062263357173,0.026893142616743793,0.010349179638199412,0.01052797644089188,0.00353386621792175,0.003923012200252419,0.008456037021455616,0.0005889777029869583,0.00023138409760201935,0.0,0.0,0.0,0.0,0.0,0.0,0.0,0.0,0.0,0.0,0.0,0.0,0.0,0.0,0.0,0.0,0.0,0.0,0.0,0.0,0.0,0.0,0.0,0.0,0.0,0.0,0.0,0.0,0.0,0.0,0.0,0.0,0.0,0.0,0.0,0.0,0.0,0.0,0.0,0.0,0.0,0.0,nan,nan,4.277214776070611,2.8908961877227006,nan,0.908249892796727,0.022702577109431372,0.0,0.0,0.0,0.0,0.0,0.0,0.0,0.0,0.0,0.0,0.0,0.0,0.0,0.0,0.0,0.0,0.0,0.0,0.0,0.0,0.0,0.0,0.0,0.0,0.012111425111021399,0.8841340331045622,10.234154218813083,14.80016148566815,3.8635446104158264,0.20589422688736378,0.907314097221661,0.022808409841418523,0.0,0.0,0.0,0.0,0.0,0.0,0.0,0.0,0.0,0.0,0.0,0.0,0.0,0.0,0.0,0.0,0.0,0.0,0.0,0.0,0.0,0.0,0.0,0.0,0.013175230566534918,1.1989459815546775,9.644268774703558,15.19104084321476,3.8471673254281957,0.10540184453227934,0.411,0.01274,0.0,0.0,0.0,0.0,0.0,0.0,0.0,0.0,0.0,0.0,0.0,5.97093257973354,22.99959628582964,1.0173597093257976,0.012111425111021399,0.0,0.0,0.0,0.0,0.0,0.0,0.0,0.0,0.0,0.0,0.0,0.0,0.0,0.0,0.0,0.4114,0.01267,0.0,0.0,0.0,0.0,0.0,0.0,0.0,0.0,0.0,0.0,0.0,5.612648221343865,23.162055335968386,1.2252964426877473,0.0,0.0,0.0,0.0,0.0,0.0,0.0,0.0,0.0,0.0,0.0,0.0,0.0,0.0,0.0,0.0
76200,4886,2485,0.5085959885386819,1176,977,0.44064674580433894,1347,0.5513712648383136,0.414,2.8829654310703874,3.084679753566319,6.529235382308846,2.1363491922276894,8291.67706107271,431.21911853879476,7853.0,8736.253730916977,8715.525601771133,5.831585159933485,7853.0,0.0,27.815595579205894,20.879676203182537,32.72702900316841,19.18360733207909,0.1381498158002456,0.10356119525173967,0.09496520671305772,0.08534588620548506,0.08391322144903807,0.07797789602947196,0.06610724519033975,0.062218583708555056,0.05464592713876382,0.05075726565697913,0.04134261154318461,0.04257060990585346,0.03643061809250921,0.029062627916496112,0.016782644289807615,0.009005321326238231,0.0071633237822349575,0.907560217651343,0.022719691283385853,0.0,0.0,0.0,0.0,0.0,0.0,0.0,0.0,0.0,0.0,0.0,0.0,0.0,0.0,0.0,0.0,0.0,0.0,0.0,0.0,0.0,0.0,0.0,0.0,0.018419975440032748,1.0867785509619323,9.94064674580434,15.098239869013511,3.7576749897666812,0.09823986901350801,4.2528,2.8914377323400897,nan,nan,nan,4.1953517587939695,2.8814784559920192,4.312459230267449,2.900540025377002,1.0279136239834974,0.411,0.01259,0.0,0.0,0.0,0.0,0.0,0.0,0.0,0.0,0.0,0.0,0.012279983626688501,6.060171919770765,22.785509619320514,1.1420384772820305,0.0,0.0,0.0,0.0,0.0,0.0,0.0,0.0,0.0,0.0,0.0,0.0,0.0,0.0,0.0,0.0,nan,nan,4.2528,2.8914377323400897,nan,0.411,0.05844,0.0,0.0,0.0,0.0,0.0,0.0,0.0,0.0,0.0,0.0,0.0,0.0,0.0,0.0,0.0,0.0,0.0,0.0,0.0,0.0,0.0,0.0,0.0,9.209987720016373e-05,0.0,0.0004297994269340974,0.002599263200982399,0.002282030290626279,0.0029471960704052394,0.030167826442898078,0.01739664347114204,0.0028653295128939827,0.015687679083094555,0.018573475235366354,0.021305771592304543,0.03191772410970119,0.07405853458862055,0.07164347114203848,0.04468890708145722,0.08581661891117479,0.06757060990585347,0.05187269750307,0.08246009005321327,0.059158821121571836,0.045098239869013505,0.03868194842406877,0.04981580024559967,0.030311092918542774,0.029543593941874745,0.03790421612771183,0.022175603765861647,0.026483831354891525,0.011082685223086369,0.009066721244371674,0.003254195661072452,0.004461727384363488,0.007623823168235776,0.0006446991404011461,0.00028653295128939826,2.0466639377814162e-05,0.0,1.0233319688907081e-05,0.0,0.0,0.0,0.0,0.0,0.0,0.0,0.0,0.0,0.0,0.0,0.0,0.0,0.0,0.0,0.0,0.0,0.0,0.0,0.0,0.0,0.0,0.0,0.0,0.0,0.0,0.0,0.0,0.0,0.0,0.0,0.0,0.0,0.0,0.0,0.0,0.0,0.0,0.0,nan,nan,4.2528,2.8914377323400897,nan,0.9077419470013747,0.022892165409050837,0.0,0.0,0.0,0.0,0.0,0.0,0.0,0.0,0.0,0.0,0.0,0.0,0.0,0.0,0.0,0.0,0.0,0.0,0.0,0.0,0.0,0.0,0.0,0.0,0.012072434607645878,1.062374245472837,10.056338028169018,14.93360160965795,3.8269617706237433,0.1086519114688129,0.907372130423176,0.022538250232282456,0.0,0.0,0.0,0.0,0.0,0.0,0.0,0.0,0.0,0.0,0.0,0.0,0.0,0.0,0.0,0.0,0.0,0.0,0.0,0.0,0.0,0.0,0.0,0.0,0.024989587671803423,1.1120366513952522,9.820907955018743,15.26863806747189,3.6859641815910047,0.08746355685131198,0.4111,0.01279,0.0,0.0,0.0,0.0,0.0,0.0,0.0,0.0,0.0,0.0,0.012072434607645878,6.144869215291742,22.63581488933602,1.2072434607645877,0.0,0.0,0.0,0.0,0.0,0.0,0.0,0.0,0.0,0.0,0.0,0.0,0.0,0.0,0.0,0.0,0.4106,0.012375,0.0,0.0,0.0,0.0,0.0,0.0,0.0,0.0,0.0,0.0,0.012494793835901711,5.972511453561008,22.940441482715542,1.0745522698875472,0.0,0.0,0.0,0.0,0.0,0.0,0.0,0.0,0.0,0.0,0.0,0.0,0.0,0.0,0.0,0.0
76300,4786,2452,0.5123276222315085,1164,981,0.4481821980777267,1361,0.5687421646468868,0.39399999999999996,2.9413024850042846,2.9745390892840002,6.240287769784173,2.140689038014705,8294.734346256604,430.99480044830045,7853.0,8734.983472430706,8715.210677481282,5.874570650551217,7853.0,0.0,28.54722106142917,21.06203316701204,33.548931942374566,19.214756580398106,0.13811115754283326,0.09590472210614291,0.08441287087338069,0.09005432511491851,0.0783535311324697,0.07521938988717092,0.07166736314249895,0.06707062264939406,0.057877141663184285,0.04931048892603427,0.04743000417885499,0.03865440869201839,0.03740075219389887,0.029878813205181782,0.0221479314667781,0.011282908483075638,0.005223568742164647,0.9069501105906124,0.022853536658652515,0.0,0.0,0.0,0.0,0.0,0.0,0.0,0.0,0.0,0.0,0.0,0.0,0.0,0.0,0.0,0.0,0.0,0.0,0.0,0.0,0.0,0.0,0.0,0.0,0.0,1.1157542833263687,10.361470956957797,14.755536982866698,3.6230672795654,0.1441704972837443,4.109667194928685,2.739628484220912,nan,nan,nan,4.152091254752852,2.7389018016579274,4.06721623335447,2.7396979545603584,0.9795584884361039,0.4106,0.01287,0.0,0.0,0.0,0.0,0.0,0.0,0.0,0.0,0.0,0.0,0.0,6.249477643125775,22.553280401170085,1.1972419557041372,0.0,0.0,0.0,0.0,0.0,0.0,0.0,0.0,0.0,0.0,0.0,0.0,0.0,0.0,0.0,0.0,nan,nan,4.109667194928685,2.739628484220912,nan,0.4106,0.05844,0.0,0.0,0.0,0.0,0.0,0.0,0.0,0.0,0.0,0.0,0.0,0.0,0.0,0.0,0.0,0.0,0.0,0.0,0.0,0.0,0.0,0.0,0.0,9.402423735896364e-05,1.0447137484329294e-05,0.0004492269118261596,0.002841621395737568,0.0023610530714584205,0.003165482657751776,0.030933974091099038,0.015409527789385709,0.0024759715837860425,0.017122858336815712,0.017634768073547847,0.024320936063518594,0.03061011282908483,0.0742895946510656,0.07141663184287506,0.04514208106978688,0.08446510656080233,0.06781236941078145,0.054210196406184706,0.08325323861262014,0.05823234433765148,0.04660468031759298,0.03728583368157125,0.046541997492687004,0.029857918930213122,0.029983284580025072,0.03885290430422064,0.02158378604262432,0.026264103635603844,0.010144170497283745,0.009956122022565817,0.0034997910572503134,0.005108650229837025,0.007093606351859591,0.0007626410363560384,0.0002089427496865859,0.0,0.0,0.0,0.0,0.0,0.0,0.0,0.0,0.0,0.0,0.0,0.0,0.0,0.0,0.0,0.0,0.0,0.0,0.0,0.0,0.0,0.0,0.0,0.0,0.0,0.0,0.0,0.0,0.0,0.0,0.0,0.0,0.0,0.0,0.0,0.0,0.0,0.0,0.0,0.0,0.0,0.0,nan,nan,4.109667194928685,2.739628484220912,nan,0.9067435445200172,0.02286019777874566,0.0,0.0,0.0,0.0,0.0,0.0,0.0,0.0,0.0,0.0,0.0,0.0,0.0,0.0,0.0,0.0,0.0,0.0,0.0,0.0,0.0,0.0,0.0,0.0,0.0,1.1011419249592171,10.509787928221863,14.584013050570965,3.6215334420880922,0.18352365415986954,0.9071671200186755,0.022844524911207486,0.0,0.0,0.0,0.0,0.0,0.0,0.0,0.0,0.0,0.0,0.0,0.0,0.0,0.0,0.0,0.0,0.0,0.0,0.0,0.0,0.0,0.0,0.0,0.0,0.0,1.1311053984575838,10.20565552699229,14.935732647814913,3.6246786632390755,0.10282776349614399,0.4106,0.012955,0.0,0.0,0.0,0.0,0.0,0.0,0.0,0.0,0.0,0.0,0.0,6.166394779771606,22.597879282218603,1.235725938009788,0.0,0.0,0.0,0.0,0.0,0.0,0.0,0.0,0.0,0.0,0.0,0.0,0.0,0.0,0.0,0.0,0.4106,0.01279,0.0,0.0,0.0,0.0,0.0,0.0,0.0,0.0,0.0,0.0,0.0,6.3367609254498625,22.506426735218515,1.1568123393316196,0.0,0.0,0.0,0.0,0.0,0.0,0.0,0.0,0.0,0.0,0.0,0.0,0.0,0.0,0.0,0.0
76400,4613,2376,0.5150661174940386,1105,934,0.44201170604812484,1284,0.5566876219380013,0.414,2.9798837729101475,3.106951754403911,6.566302652106084,2.1975138900260087,8297.110693572167,430.9443508561506,7853.0,8734.769777917862,8715.24016390926,5.789552738860851,7853.0,0.0,28.140039020160415,20.861540879823565,33.034749034749034,19.087782779810833,0.1376544548016475,0.09624972902666377,0.09668328636462171,0.08541079557771515,0.0795577715152829,0.07283763277693475,0.07240407543897681,0.060264469976154346,0.06156514199002818,0.057663125948406675,0.045740299154563194,0.037069152395404294,0.03555170171255149,0.024929546932581835,0.018859744201170606,0.011922826793843485,0.0056362453934532845,0.9068019238801109,0.022840823574035336,0.0,0.0,0.0,0.0,0.0,0.0,0.0,0.0,0.0,0.0,0.0,0.0,0.0,0.0,0.0,0.0,0.0,0.0,0.0,0.0,0.0,0.0,0.0,0.0,0.013006720138738352,1.229135053110774,10.125731628007806,15.022761760242796,3.440277476696294,0.16908736180359857,4.295054200542006,2.881583882965942,nan,nan,nan,4.297570850202429,2.8705507443023066,4.294758339006127,2.8923703818153523,0.9993455579222925,0.411,0.01262,0.0,0.0,0.0,0.0,0.0,0.0,0.0,0.0,0.0,0.0,0.0,5.853024062432248,22.800780403208332,1.3461955343594194,0.0,0.0,0.0,0.0,0.0,0.0,0.0,0.0,0.0,0.0,0.0,0.0,0.0,0.0,0.0,0.0,nan,nan,4.295054200542006,2.881583882965942,nan,0.411,0.05878,0.0,0.0,0.0,0.0,0.0,0.0,0.0,0.0,0.0,0.0,0.0,0.0,0.0,0.0,0.0,0.0,0.0,0.0,0.0,0.0,0.0,0.0,0.0,0.00013006720138738348,1.0838933448948623e-05,0.00034684587036635595,0.0025254714936050293,0.0027856058963797964,0.0034901365705614566,0.030619986993279863,0.016507695642748753,0.0020810752221981357,0.01644266204205506,0.018686321265987425,0.026512031216128332,0.029471060047691306,0.07341209624972903,0.06994363754606547,0.04445046607413831,0.07981790591805767,0.06944504660741382,0.05195100802081075,0.08467374810318665,0.05953826143507479,0.046509863429438546,0.03692824626056796,0.048775200520268805,0.029004985909386518,0.030912638196401474,0.039030999349663996,0.02261001517450683,0.026577064816822024,0.009570778235421634,0.011088228918274441,0.003045740299154563,0.004584868848905268,0.006980273141122913,0.0011597658790375026,0.00035768480381530456,2.1677866897897247e-05,0.0,0.0,0.0,0.0,0.0,0.0,0.0,0.0,0.0,0.0,0.0,0.0,0.0,0.0,0.0,0.0,0.0,0.0,0.0,0.0,0.0,0.0,0.0,0.0,0.0,0.0,0.0,0.0,0.0,0.0,0.0,0.0,0.0,0.0,0.0,0.0,0.0,0.0,0.0,0.0,0.0,nan,nan,4.295054200542006,2.881583882965942,nan,0.9066891467781982,0.022869889491954513,0.0,0.0,0.0,0.0,0.0,0.0,0.0,0.0,0.0,0.0,0.0,0.0,0.0,0.0,0.0,0.0,0.0,0.0,0.0,0.0,0.0,0.0,0.0,0.0,0.02525252525252526,1.2752525252525255,10.063131313131315,15.025252525252528,3.434343434343435,0.17676767676767682,0.9069217085891608,0.022809300382447578,0.0,0.0,0.0,0.0,0.0,0.0,0.0,0.0,0.0,0.0,0.0,0.0,0.0,0.0,0.0,0.0,0.0,0.0,0.0,0.0,0.0,0.0,0.0,0.0,0.0,1.1801519892713457,10.19222172552526,15.020116227089856,3.446580241394726,0.16092981671881987,0.411,0.01258,0.0,0.0,0.0,0.0,0.0,0.0,0.0,0.0,0.0,0.0,0.0,5.896464646464638,22.878787878787886,1.224747474747475,0.0,0.0,0.0,0.0,0.0,0.0,0.0,0.0,0.0,0.0,0.0,0.0,0.0,0.0,0.0,0.0,0.4111,0.01265,0.0,0.0,0.0,0.0,0.0,0.0,0.0,0.0,0.0,0.0,0.0,5.806884219937408,22.71792579347341,1.4751899865891824,0.0,0.0,0.0,0.0,0.0,0.0,0.0,0.0,0.0,0.0,0.0,0.0,0.0,0.0,0.0,0.0
76500,4645,2431,0.5233584499461786,1158,940,0.4516684607104413,1284,0.5528525296017223,0.446,3.0474254742547426,3.1634215525665654,6.848434925864909,2.047241086887702,8304.154739451787,430.5675541611589,7853.0,8733.673540645837,8715.037747739014,5.632257623621367,7853.0,0.0,27.42497308934338,20.622346732147957,32.33710174717369,18.923140117007545,0.1403659849300323,0.10290635091496232,0.09730893433799785,0.08266953713670613,0.08310010764262649,0.077502691065662,0.07104413347685684,0.06673842841765339,0.05468245425188375,0.05209903121636168,0.04219590958019376,0.03896663078579117,0.03164693218514532,0.027556512378902047,0.016792249730893435,0.009257265877287407,0.005166846071044133,0.9063867149106652,0.02246736786207557,0.0,0.0,0.0,0.0,0.0,0.0,0.0,0.0,0.0,0.0,0.0,0.0,0.0,0.0,0.0,0.0,0.0,0.0,0.0,0.0,0.0,0.0,0.0,0.0,0.025834230355220672,1.0462863293864373,10.566200215285255,14.951560818083964,3.3196986006458564,0.09041980624327237,4.373907195696033,2.9555218400710883,nan,nan,nan,4.247011952191235,2.9486656619189837,4.5040871934604905,2.956885406259228,1.0605308494921042,0.4102,0.012535,0.0,0.0,0.0,0.0,0.0,0.0,0.0,0.0,0.0,0.0,0.019375672766415504,6.452099031216353,22.52744886975243,1.001076426264801,0.0,0.0,0.0,0.0,0.0,0.0,0.0,0.0,0.0,0.0,0.0,0.0,0.0,0.0,0.0,0.0,nan,nan,4.373907195696033,2.9555218400710883,nan,0.4102,0.05872,0.0,0.0,0.0,0.0,0.0,0.0,0.0,0.0,0.0,0.0,0.0,0.0,0.0,0.0,0.0,0.0,0.0,0.0,0.0,0.0,0.0,0.0,0.0,2.1528525296017223e-05,0.00012917115177610335,0.00041980624327233587,0.003293864370290635,0.0024327233584499463,0.0035306781485468243,0.03274488697524219,0.015758880516684608,0.0029171151776103336,0.015457481162540365,0.01797631862217438,0.02595263724434876,0.029257265877287407,0.07543595263724436,0.07152852529601722,0.04539289558665231,0.08243272335844995,0.06866523143164693,0.05190527448869752,0.0832508073196986,0.06054897739504844,0.04437029063509149,0.03710441334768568,0.049257265877287404,0.027491926803013992,0.02916038751345533,0.037879440258342306,0.022109795479009688,0.02721205597416577,0.00883745963401507,0.012680301399354145,0.002938643702906351,0.004919268030139936,0.006017222820236813,0.0007104413347685684,0.00022604951560818083,3.229278794402584e-05,0.0,0.0,0.0,0.0,0.0,0.0,0.0,0.0,0.0,0.0,0.0,0.0,0.0,0.0,0.0,0.0,0.0,0.0,0.0,0.0,0.0,0.0,0.0,0.0,0.0,0.0,0.0,0.0,0.0,0.0,0.0,0.0,0.0,0.0,0.0,0.0,0.0,0.0,0.0,0.0,0.0,nan,nan,4.373907195696033,2.9555218400710883,nan,0.906555089819142,0.022216397527695393,0.0,0.0,0.0,0.0,0.0,0.0,0.0,0.0,0.0,0.0,0.0,0.0,0.0,0.0,0.0,0.0,0.0,0.0,0.0,0.0,0.0,0.0,0.0,0.0,0.03702180172768409,0.974907445495681,10.440148087206914,15.043192102015635,3.4306869600987255,0.07404360345536817,0.9062018371317553,0.022738310245020227,0.0,0.0,0.0,0.0,0.0,0.0,0.0,0.0,0.0,0.0,0.0,0.0,0.0,0.0,0.0,0.0,0.0,0.0,0.0,0.0,0.0,0.0,0.0,0.0,0.013550135501355016,1.1246612466124664,10.704607046070462,14.850948509485098,3.197831978319784,0.10840108401084013,0.4102,0.012665,0.0,0.0,0.0,0.0,0.0,0.0,0.0,0.0,0.0,0.0,0.012340600575894697,6.700946112710809,22.22542163718635,1.0612916495269438,0.0,0.0,0.0,0.0,0.0,0.0,0.0,0.0,0.0,0.0,0.0,0.0,0.0,0.0,0.0,0.0,0.4102,0.0124,0.0,0.0,0.0,0.0,0.0,0.0,0.0,0.0,0.0,0.0,0.027100271002710032,6.178861788617877,22.859078590785913,0.9349593495934961,0.0,0.0,0.0,0.0,0.0,0.0,0.0,0.0,0.0,0.0,0.0,0.0,0.0,0.0,0.0,0.0
76600,4861,2538,0.5221147911952273,1180,1004,0.4492902694918741,1367,0.5624357128162929,0.434,3.007748600947051,3.183568751876794,6.791862284820032,2.270901072386256,8303.022677019962,430.56018518976083,7853.0,8733.108489894867,8714.922865639885,5.813783813434792,7853.0,0.0,27.73935404237811,20.700670173770224,32.53819868196241,19.007996929072235,0.13721456490434067,0.09915655214976342,0.09689364328327504,0.08907632174449702,0.08681341287800864,0.07261880271549064,0.06727010903106356,0.06397860522526229,0.060687101419461015,0.04896111911129397,0.04422958239045464,0.040732359596790786,0.032915038058012755,0.02694918740999794,0.017897551944044434,0.00781732153877803,0.0067887265994651304,0.9067136428528326,0.022659763010402192,0.0,0.0,0.0,0.0,0.0,0.0,0.0,0.0,0.0,0.0,0.0,0.0,0.0,0.0,0.0,0.0,0.0,0.0,0.0,0.0,0.0,0.0,0.0,0.0,0.006171569635877393,1.1725982308167047,10.170746759925944,15.015428924089697,3.5116231228142367,0.12343139271754786,4.325655790147153,2.9847384470754683,nan,nan,nan,4.255576800509879,2.9524070294733384,4.399100257069409,3.0142291878077763,1.0337259702474018,0.4102,0.01261,0.0,0.0,0.0,0.0,0.0,0.0,0.0,0.0,0.0,0.0,0.0,6.566550092573535,22.39662620859906,1.036823698827402,0.0,0.0,0.0,0.0,0.0,0.0,0.0,0.0,0.0,0.0,0.0,0.0,0.0,0.0,0.0,0.0,nan,nan,4.325655790147153,2.9847384470754683,nan,0.4102,0.059,0.0,0.0,0.0,0.0,0.0,0.0,0.0,0.0,0.0,0.0,0.0,0.0,0.0,0.0,0.0,0.0,0.0,0.0,0.0,0.0,0.0,0.0,0.0,0.0,8.228759514503188e-05,0.0006171569635877391,0.0034766508948775973,0.002859493931289858,0.0038572310224233696,0.03189672906809299,0.01704381814441473,0.0032709319070150173,0.014688335733388192,0.017434684221353632,0.024213124871425632,0.027874922855379552,0.07862579716107797,0.07535486525406294,0.044795309607076735,0.08235959679078379,0.06569635877391483,0.053312075704587535,0.08215387780292122,0.05641843242131249,0.04767537543715285,0.03645340464924913,0.04767537543715285,0.027268051841184943,0.029973256531577865,0.03946718782143592,0.02202221765068916,0.02575601728039498,0.009565932935609957,0.012682575601728039,0.0034457930466982103,0.004515531783583625,0.006716724953713228,0.0005451553178358363,0.00015428924089693478,5.142974696564493e-05,0.0,0.0,0.0,0.0,0.0,0.0,0.0,0.0,0.0,0.0,0.0,0.0,0.0,0.0,0.0,0.0,0.0,0.0,0.0,0.0,0.0,0.0,0.0,0.0,0.0,0.0,0.0,0.0,0.0,0.0,0.0,0.0,0.0,0.0,0.0,0.0,0.0,0.0,0.0,0.0,0.0,nan,nan,4.325655790147153,2.9847384470754683,nan,0.9059391504577805,0.022487566186337283,0.0,0.0,0.0,0.0,0.0,0.0,0.0,0.0,0.0,0.0,0.0,0.0,0.0,0.0,0.0,0.0,0.0,0.0,0.0,0.0,0.0,0.0,0.0,0.0,0.0,1.252955082742317,10.732860520094565,14.59810874704492,3.333333333333334,0.08274231678487,0.9075598166361484,0.022816381112943623,0.0,0.0,0.0,0.0,0.0,0.0,0.0,0.0,0.0,0.0,0.0,0.0,0.0,0.0,0.0,0.0,0.0,0.0,0.0,0.0,0.0,0.0,0.0,0.0,0.012914334911752048,1.084804132587172,9.556607834696514,15.471373224278953,3.7064141196728375,0.16788635385277664,0.4102,0.01263,0.0,0.0,0.0,0.0,0.0,0.0,0.0,0.0,0.0,0.0,0.0,6.48936170212765,22.3758865248227,1.1347517730496455,0.0,0.0,0.0,0.0,0.0,0.0,0.0,0.0,0.0,0.0,0.0,0.0,0.0,0.0,0.0,0.0,0.41,0.01259,0.0,0.0,0.0,0.0,0.0,0.0,0.0,0.0,0.0,0.0,0.0,6.650882479552294,22.419285406801556,0.9298321136461474,0.0,0.0,0.0,0.0,0.0,0.0,0.0,0.0,0.0,0.0,0.0,0.0,0.0,0.0,0.0,0.0
76700,4979,2507,0.5035147620004017,1166,1049,0.44486844747941356,1439,0.5780277164089175,0.40199999999999997,3.063106796116505,3.160496160239061,6.687587168758717,2.1833717753390545,8287.118133749207,431.0971088850399,7853.0,8735.38856255412,8715.175583541008,5.8473707142731035,7853.0,0.0,27.923880297248445,20.910938597039827,32.775500476644424,19.19891437097604,0.13757782687286604,0.10263105041172926,0.09319140389636474,0.08596103635268126,0.08234585258083953,0.07672223338019683,0.07029524000803374,0.060453906406909015,0.057441253263707574,0.05201847760594497,0.0445872665193814,0.04277967463346054,0.033942558746736295,0.023297850974091185,0.017674231773448484,0.012452299658565978,0.006627836915043182,0.9073483587316922,0.022814495531475368,0.0,0.0,0.0,0.0,0.0,0.0,0.0,0.0,0.0,0.0,0.0,0.0,0.0,0.0,0.0,0.0,0.0,0.0,0.0,0.0,0.0,0.0,0.0,0.0,0.006025306286402894,1.1207069692709382,10.128539867443264,14.978911427997593,3.5971078529825276,0.16870857601928102,4.365868821883742,2.9113079779660023,nan,nan,nan,4.338499690018599,2.88648422435742,4.393391521197008,2.9358020853112077,1.0126522611733026,0.41,0.01312,0.0,0.0,0.0,0.0,0.0,0.0,0.0,0.0,0.0,0.0,0.01807591885920868,6.772444265916841,22.082747539666606,1.126732275557341,0.0,0.0,0.0,0.0,0.0,0.0,0.0,0.0,0.0,0.0,0.0,0.0,0.0,0.0,0.0,0.0,nan,nan,4.365868821883742,2.9113079779660023,nan,0.41,0.0589,0.0,0.0,0.0,0.0,0.0,0.0,0.0,0.0,0.0,0.0,0.0,0.0,0.0,0.0,0.0,0.0,0.0,0.0,0.0,0.0,0.0,0.0,0.0,0.0,1.004217714400482e-05,0.0004920666800562361,0.004217714400482024,0.003444466760393653,0.003856196023297851,0.030819441654950794,0.01839726852781683,0.002570797348865234,0.013325969070094397,0.01764410524201647,0.025908817031532437,0.023890339425587468,0.07837919260895762,0.07681261297449286,0.046023297850974094,0.08609158465555332,0.06856798553926491,0.049839325165695926,0.08138180357501507,0.05438843141193011,0.04869451697127938,0.03699538059851376,0.04724844346254268,0.02704358304880498,0.03010644707772645,0.04024904599317132,0.021630849568186384,0.02523599116288411,0.008786905001004217,0.012803775858606146,0.0031632858003615184,0.004077123920465957,0.007180156657963447,0.000502108857200241,0.00014059048001606748,8.033741715203857e-05,0.0,0.0,0.0,0.0,0.0,0.0,0.0,0.0,0.0,0.0,0.0,0.0,0.0,0.0,0.0,0.0,0.0,0.0,0.0,0.0,0.0,0.0,0.0,0.0,0.0,0.0,0.0,0.0,0.0,0.0,0.0,0.0,0.0,0.0,0.0,0.0,0.0,0.0,0.0,0.0,0.0,nan,nan,4.365868821883742,2.9113079779660023,nan,0.9071894085735356,0.022804279146070597,0.0,0.0,0.0,0.0,0.0,0.0,0.0,0.0,0.0,0.0,0.0,0.0,0.0,0.0,0.0,0.0,0.0,0.0,0.0,0.0,0.0,0.0,0.0,0.0,0.0,1.17271639409653,10.063821300358997,15.053849222177904,3.506182688472278,0.203430394894296,0.9075095593977515,0.022823721334282284,0.0,0.0,0.0,0.0,0.0,0.0,0.0,0.0,0.0,0.0,0.0,0.0,0.0,0.0,0.0,0.0,0.0,0.0,0.0,0.0,0.0,0.0,0.0,0.0,0.01213592233009709,1.0679611650485439,10.194174757281557,14.902912621359226,3.689320388349515,0.13349514563106799,0.4102,0.01305,0.0,0.0,0.0,0.0,0.0,0.0,0.0,0.0,0.0,0.0,0.0,6.796968488232937,22.22177901874751,0.9812524930195454,0.0,0.0,0.0,0.0,0.0,0.0,0.0,0.0,0.0,0.0,0.0,0.0,0.0,0.0,0.0,0.0,0.4097,0.01319,0.0,0.0,0.0,0.0,0.0,0.0,0.0,0.0,0.0,0.0,0.03640776699029127,6.74757281553397,21.94174757281554,1.2742718446601946,0.0,0.0,0.0,0.0,0.0,0.0,0.0,0.0,0.0,0.0,0.0,0.0,0.0,0.0,0.0,0.0
76800,4799,2469,0.5144821837882892,1144,962,0.43884142529693687,1338,0.5576161700354241,0.414,2.961802575107296,3.0698310776235855,6.501524390243903,2.140634193271965,8296.552991128572,430.9060527445472,7853.0,8737.213547492027,8715.134793206164,5.7170963680893605,7853.0,0.0,28.340695978328817,21.067786496327788,33.40482107355865,19.233456050019328,0.14107105647009793,0.09793707022296312,0.09460304230047926,0.07980829339445718,0.07522400500104189,0.07209835382371327,0.06855594915607419,0.07043133986247135,0.05834548864346739,0.05355282350489685,0.04646801416961867,0.0414669722858929,0.03813294436340904,0.02708897687018129,0.01875390706397166,0.010210460512606793,0.0062513023546572205,0.9071425116417383,0.0226808038478976,0.0,0.0,0.0,0.0,0.0,0.0,0.0,0.0,0.0,0.0,0.0,0.0,0.0,0.0,0.0,0.0,0.0,0.0,0.0,0.0,0.0,0.0,0.0,0.0,0.018753907063971665,1.1377370285476143,10.070848093352783,15.07188997707856,3.5944988539279024,0.10627214002917276,4.246757457846952,2.8122864567773966,nan,nan,nan,4.22845953002611,2.8397172804165534,4.263700838168924,2.7853751750912785,1.008334313688606,0.4097,0.0127,0.0,0.0,0.0,0.0,0.0,0.0,0.0,0.0,0.0,0.0,0.006251302354657221,6.907689101896218,22.16711814961451,0.9189414461346116,0.0,0.0,0.0,0.0,0.0,0.0,0.0,0.0,0.0,0.0,0.0,0.0,0.0,0.0,0.0,0.0,nan,nan,4.246757457846952,2.8122864567773966,nan,0.4097,0.05878,0.0,0.0,0.0,0.0,0.0,0.0,0.0,0.0,0.0,0.0,0.0,0.0,0.0,0.0,0.0,0.0,0.0,0.0,0.0,0.0,0.0,0.0,0.0,0.0,0.0,0.0005834548864346739,0.004542613044384246,0.004073765367784955,0.003719524901021046,0.03144405084392582,0.01883725776203376,0.002385913732027506,0.012075432381746198,0.018566367993331945,0.024317566159616586,0.022046259637424463,0.07525526151281517,0.07841216920191707,0.046790998124609295,0.08560116690977287,0.0697332777662013,0.053563242342154614,0.0791727443217337,0.05643884142529694,0.049343613252760994,0.037643259012294226,0.0455824130027089,0.028120441758699728,0.02915190664721817,0.0399562408835174,0.022098353823713272,0.02443217336945197,0.0092206709731194,0.01332569285267764,0.0022817253594498853,0.003761200250052094,0.006470097937070223,0.0008543446551364868,0.00019795790789747865,0.0,0.0,0.0,0.0,0.0,0.0,0.0,0.0,0.0,0.0,0.0,0.0,0.0,0.0,0.0,0.0,0.0,0.0,0.0,0.0,0.0,0.0,0.0,0.0,0.0,0.0,0.0,0.0,0.0,0.0,0.0,0.0,0.0,0.0,0.0,0.0,0.0,0.0,0.0,0.0,0.0,0.0,nan,nan,4.246757457846952,2.8122864567773966,nan,0.9075276077445483,0.022580632312378623,0.0,0.0,0.0,0.0,0.0,0.0,0.0,0.0,0.0,0.0,0.0,0.0,0.0,0.0,0.0,0.0,0.0,0.0,0.0,0.0,0.0,0.0,0.0,0.0,0.012150668286755775,0.9963547995139734,9.987849331713248,15.346294046172542,3.5236938031591745,0.13365735115431351,0.9067344419945975,0.022779367454479692,0.0,0.0,0.0,0.0,0.0,0.0,0.0,0.0,0.0,0.0,0.0,0.0,0.0,0.0,0.0,0.0,0.0,0.0,0.0,0.0,0.0,0.0,0.0,0.0,0.025751072961373397,1.2875536480686698,10.158798283261804,14.781115879828329,3.669527896995709,0.07725321888412018,0.4097,0.0126,0.0,0.0,0.0,0.0,0.0,0.0,0.0,0.0,0.0,0.0,0.012150668286755775,6.998784933171314,22.211421628189555,0.7776427703523696,0.0,0.0,0.0,0.0,0.0,0.0,0.0,0.0,0.0,0.0,0.0,0.0,0.0,0.0,0.0,0.0,0.41,0.01281,0.0,0.0,0.0,0.0,0.0,0.0,0.0,0.0,0.0,0.0,0.0,6.811158798283252,22.120171673819748,1.068669527896996,0.0,0.0,0.0,0.0,0.0,0.0,0.0,0.0,0.0,0.0,0.0,0.0,0.0,0.0,0.0,0.0
76900,4949,2567,0.5186906445746615,1207,1018,0.449585774904021,1377,0.5564760557688422,0.426,2.9903442485306466,3.0832813382764765,6.573795180722891,2.0352259414492186,8300.116518720408,430.724314377291,7853.0,8736.696461164951,8715.009992655743,5.843141016095773,7853.0,0.0,27.641745807233786,20.744175943773342,32.574355266329235,19.03053014777971,0.14083653263285512,0.10264699939381693,0.09476661951909476,0.08587593453222873,0.07940998181450798,0.07658112750050515,0.07152960193978582,0.0602141846837745,0.06001212366134573,0.050313194584764596,0.047080218225904226,0.036573045059608005,0.037381289149323094,0.023843200646595272,0.01737724792887452,0.010507173166296221,0.005051525560719338,0.9066396979496536,0.022649721665631024,0.0,0.0,0.0,0.0,0.0,0.0,0.0,0.0,0.0,0.0,0.0,0.0,0.0,0.0,0.0,0.0,0.0,0.0,0.0,0.0,0.0,0.0,0.0,0.0,0.018185492018589617,1.151747827844009,10.438472418670441,14.88179430187917,3.4249343301677113,0.0848656294200849,4.251493241119145,2.8619502656757896,nan,nan,nan,4.271069182389937,2.8780419162936726,4.230188679245283,2.845690877128738,0.9904285083198352,0.4094,0.012665,0.0,0.0,0.0,0.0,0.0,0.0,0.0,0.0,0.0,0.0,0.0,6.843806829662547,22.210547585370787,0.9456455849666601,0.0,0.0,0.0,0.0,0.0,0.0,0.0,0.0,0.0,0.0,0.0,0.0,0.0,0.0,0.0,0.0,nan,nan,4.251493241119145,2.8619502656757896,nan,0.4094,0.05914,0.0,0.0,0.0,0.0,0.0,0.0,0.0,0.0,0.0,0.0,0.0,0.0,0.0,0.0,0.0,0.0,0.0,0.0,0.0,0.0,0.0,0.0,0.0,0.0,0.0,0.0007375227318650232,0.005273792685390988,0.004667609618104668,0.004516063851283087,0.0315821378056173,0.019559506971105273,0.0024348353202667205,0.012446958981612447,0.01974136189129117,0.02307536876136593,0.02128712871287129,0.0688320872903617,0.08070317235805213,0.04575671852899576,0.08653263285512225,0.07001414427157002,0.05570822388361285,0.07628813901798343,0.05706203273388563,0.0515154576682158,0.039199838351182056,0.04363507779349363,0.029288745201050716,0.02973327945039402,0.0394726207314609,0.02155991109315013,0.02331784198828046,0.00892099414023035,0.012911699333198625,0.002202465144473631,0.004303899777732875,0.006637704586785209,0.0006162861184077591,0.0004243281471004243,0.0,4.0412204485754696e-05,0.0,0.0,0.0,0.0,0.0,0.0,0.0,0.0,0.0,0.0,0.0,0.0,0.0,0.0,0.0,0.0,0.0,0.0,0.0,0.0,0.0,0.0,0.0,0.0,0.0,0.0,0.0,0.0,0.0,0.0,0.0,0.0,0.0,0.0,0.0,0.0,0.0,0.0,0.0,0.0,nan,nan,4.251493241119145,2.8619502656757896,nan,0.9069335930627006,0.022908584068979745,0.0,0.0,0.0,0.0,0.0,0.0,0.0,0.0,0.0,0.0,0.0,0.0,0.0,0.0,0.0,0.0,0.0,0.0,0.0,0.0,0.0,0.0,0.0,0.0,0.011686793922867162,1.215426567978185,10.29606544604597,14.643552785352554,3.7748344370860933,0.058433969614335814,0.90632297722959,0.022363077279434665,0.0,0.0,0.0,0.0,0.0,0.0,0.0,0.0,0.0,0.0,0.0,0.0,0.0,0.0,0.0,0.0,0.0,0.0,0.0,0.0,0.0,0.0,0.0,0.0,0.025188916876574312,1.0831234256926954,10.5919395465995,15.138539042821161,3.047858942065492,0.1133501259445844,0.4097,0.012764,0.0,0.0,0.0,0.0,0.0,0.0,0.0,0.0,0.0,0.0,0.0,6.906895208414482,21.971172574990266,1.1219322165952474,0.0,0.0,0.0,0.0,0.0,0.0,0.0,0.0,0.0,0.0,0.0,0.0,0.0,0.0,0.0,0.0,0.4094,0.01255,0.0,0.0,0.0,0.0,0.0,0.0,0.0,0.0,0.0,0.0,0.0,6.775818639798478,22.468513853904287,0.7556675062972295,0.0,0.0,0.0,0.0,0.0,0.0,0.0,0.0,0.0,0.0,0.0,0.0,0.0,0.0,0.0,0.0
77000,4962,2534,0.5106811769447803,1192,1022,0.44619105199516323,1400,0.5642885933091495,0.414,3.004530477759473,3.1302682225780556,6.711143695014663,2.1354758368412825,8293.090725892574,430.80784878747744,7853.0,8736.97710519433,8714.771973906454,5.836470747422723,7853.0,0.0,27.628577186618298,20.859197010199264,32.645386653818356,19.118567834137792,0.1430874647319629,0.10116888351471182,0.08927851672712615,0.0916968964127368,0.0826279725916969,0.07557436517533253,0.07114066908504635,0.05985489721886336,0.056831922611850064,0.05219669488109633,0.046352277307537285,0.04010479645304313,0.03305118903667876,0.020959290608625555,0.016324062877871828,0.01189036678758565,0.007859733978234583,0.9061678767036113,0.022980975979346775,0.0,0.0,0.0,0.0,0.0,0.0,0.0,0.0,0.0,0.0,0.0,0.0,0.0,0.0,0.0,0.0,0.0,0.0,0.0,0.0,0.0,0.0,0.0,0.0,0.018137847642079808,1.3361547762998796,10.386940749697706,14.733978234582832,3.4038694074969778,0.12091898428053206,4.336683417085427,2.916933933626556,nan,nan,nan,4.336689741976086,2.923706944242265,4.33667711598746,2.9101707270598745,0.9999970885653859,0.4094,0.012856,0.0,0.0,0.0,0.0,0.0,0.0,0.0,0.0,0.0,0.0,0.012091898428053208,7.224909310761779,21.801692865779934,0.9613059250302299,0.0,0.0,0.0,0.0,0.0,0.0,0.0,0.0,0.0,0.0,0.0,0.0,0.0,0.0,0.0,0.0,nan,nan,4.336683417085427,2.916933933626556,nan,0.4094,0.05933,0.0,0.0,0.0,0.0,0.0,0.0,0.0,0.0,0.0,0.0,0.0,0.0,0.0,0.0,0.0,0.0,0.0,0.0,0.0,0.0,0.0,0.0,0.0,0.0,0.0,0.00045344619105199517,0.0056126561870213625,0.004826682789197904,0.005088673921805724,0.030128980249899233,0.02028415961305925,0.0022773075372833533,0.013039097138250706,0.018843208383716243,0.021896412736799677,0.022349858927851674,0.07353889560661024,0.0799677549375252,0.04445787988714228,0.0885832325675131,0.0686819830713422,0.05653970173317211,0.07397218863361547,0.05816203143893591,0.05258968158000806,0.036406690850463524,0.04268440145102781,0.027730753728335347,0.029141475211608224,0.03977226924627166,0.02241031841999194,0.024345022168480453,0.00999596936719065,0.011708988311164853,0.001954856912535268,0.004947601773478436,0.006459089076985087,0.0006751309955663039,0.0003929866989117291,2.015316404675534e-05,6.0459492140266024e-05,0.0,0.0,0.0,0.0,0.0,0.0,0.0,0.0,0.0,0.0,0.0,0.0,0.0,0.0,0.0,0.0,0.0,0.0,0.0,0.0,0.0,0.0,0.0,0.0,0.0,0.0,0.0,0.0,0.0,0.0,0.0,0.0,0.0,0.0,0.0,0.0,0.0,0.0,0.0,0.0,nan,nan,4.336683417085427,2.916933933626556,nan,0.9060673671814995,0.022704650778669882,0.0,0.0,0.0,0.0,0.0,0.0,0.0,0.0,0.0,0.0,0.0,0.0,0.0,0.0,0.0,0.0,0.0,0.0,0.0,0.0,0.0,0.0,0.0,0.0,0.023677979479084458,1.2667719021310184,10.370955011838992,14.928966061562749,3.2912391475927394,0.11838989739542229,0.9062727742032125,0.023265402088486153,0.0,0.0,0.0,0.0,0.0,0.0,0.0,0.0,0.0,0.0,0.0,0.0,0.0,0.0,0.0,0.0,0.0,0.0,0.0,0.0,0.0,0.0,0.0,0.0,0.012355848434925867,1.408566721581549,10.403624382207582,14.53047775947282,3.5214168039538722,0.12355848434925867,0.4094,0.01303,0.0,0.0,0.0,0.0,0.0,0.0,0.0,0.0,0.0,0.0,0.023677979479084458,7.091554853985783,21.795580110497244,1.089187056037885,0.0,0.0,0.0,0.0,0.0,0.0,0.0,0.0,0.0,0.0,0.0,0.0,0.0,0.0,0.0,0.0,0.4092,0.01268,0.0,0.0,0.0,0.0,0.0,0.0,0.0,0.0,0.0,0.0,0.0,7.364085667215805,21.808072487644157,0.8278418451400331,0.0,0.0,0.0,0.0,0.0,0.0,0.0,0.0,0.0,0.0,0.0,0.0,0.0,0.0,0.0,0.0
77100,4646,2439,0.5249677141627206,1162,920,0.44812742143779594,1294,0.5570383125269048,0.40599999999999997,3.01857725419121,3.0234125188244185,6.242469879518072,2.1382779178376308,8305.38241107726,430.3510780462624,7853.0,8732.57175835371,8714.733776902398,5.967160198161367,7853.0,0.0,28.75096857511838,21.205139884489128,33.608087487283825,19.422152450311202,0.13430908308222125,0.09169177787343952,0.09190701678863539,0.08867843306069738,0.08006887645286268,0.07748600947051226,0.06844597503228583,0.0667240637107189,0.056177356866121395,0.05187257856220405,0.043478260869565216,0.04003443822643134,0.04024967714162721,0.026259147653895823,0.022169608265174345,0.012914334911752045,0.0075333620318553595,0.9059527193324811,0.02282091775836565,0.0,0.0,0.0,0.0,0.0,0.0,0.0,0.0,0.0,0.0,0.0,0.0,0.0,0.0,0.0,0.0,0.0,0.0,0.0,0.0,0.0,0.0,0.0,0.0,0.03228583727938012,1.2397761515281964,10.37666810159277,14.767541971588466,3.499784761084805,0.08394317692638832,4.145388907121759,2.783666594488247,nan,nan,nan,4.080497382198953,2.8043882523446064,4.210664911125741,2.7611271358264804,1.0318999172734775,0.4092,0.012985,0.0,0.0,0.0,0.0,0.0,0.0,0.0,0.0,0.0,0.0,0.006457167455876024,7.186827378390002,21.863969005596218,0.9427464485578995,0.0,0.0,0.0,0.0,0.0,0.0,0.0,0.0,0.0,0.0,0.0,0.0,0.0,0.0,0.0,0.0,nan,nan,4.145388907121759,2.783666594488247,nan,0.4092,0.05942,0.0,0.0,0.0,0.0,0.0,0.0,0.0,0.0,0.0,0.0,0.0,0.0,0.0,0.0,0.0,0.0,0.0,0.0,0.0,0.0,0.0,0.0,0.0,0.0,0.0,0.000376668101592768,0.006209642703400775,0.0045953508394317695,0.0053917348256564785,0.03188764528626776,0.019306930693069307,0.002733534222987516,0.012656048213517004,0.018445975032285837,0.02123331898407232,0.02219113215669393,0.07313818338355575,0.07787343951786482,0.04525398191993112,0.08852776582006026,0.06939302625914766,0.0589324149806285,0.0738592337494619,0.05831898407232027,0.052884201463624624,0.036601377529057254,0.041616444253120964,0.027615152819629788,0.02931554024967714,0.03784976323719329,0.023030563925957814,0.02449418854928971,0.010288420146362462,0.010912613000430478,0.0019048643994834266,0.005241067585019372,0.007027550581145071,0.0003659061558329746,0.0004950495049504951,0.0,2.152389151958674e-05,1.076194575979337e-05,0.0,0.0,0.0,0.0,0.0,0.0,0.0,0.0,0.0,0.0,0.0,0.0,0.0,0.0,0.0,0.0,0.0,0.0,0.0,0.0,0.0,0.0,0.0,0.0,0.0,0.0,0.0,0.0,0.0,0.0,0.0,0.0,0.0,0.0,0.0,0.0,0.0,0.0,0.0,nan,nan,4.145388907121759,2.783666594488247,nan,0.906216675651616,0.02306916980709449,0.0,0.0,0.0,0.0,0.0,0.0,0.0,0.0,0.0,0.0,0.0,0.0,0.0,0.0,0.0,0.0,0.0,0.0,0.0,0.0,0.0,0.0,0.0,0.0,0.02460024600246003,1.2546125461254614,10.246002460024604,14.649446494464948,3.7515375153751545,0.07380073800738009,0.9056610159059428,0.022539794385890075,0.0,0.0,0.0,0.0,0.0,0.0,0.0,0.0,0.0,0.0,0.0,0.0,0.0,0.0,0.0,0.0,0.0,0.0,0.0,0.0,0.0,0.0,0.0,0.0,0.04077933846850929,1.223380154055279,10.521069324875398,14.89805165382873,3.221567739012235,0.09515178975985503,0.4092,0.013145,0.0,0.0,0.0,0.0,0.0,0.0,0.0,0.0,0.0,0.0,0.0,7.232472324723237,21.771217712177126,0.9963099630996312,0.0,0.0,0.0,0.0,0.0,0.0,0.0,0.0,0.0,0.0,0.0,0.0,0.0,0.0,0.0,0.0,0.4092,0.01281,0.0,0.0,0.0,0.0,0.0,0.0,0.0,0.0,0.0,0.0,0.013593112822836434,7.1363842319891155,21.966470321703675,0.8835523334843681,0.0,0.0,0.0,0.0,0.0,0.0,0.0,0.0,0.0,0.0,0.0,0.0,0.0,0.0,0.0,0.0
77200,4467,2344,0.5247369599283636,1101,913,0.4508618759794045,1238,0.5542869935079472,0.422,2.9802166745171927,3.1644493307376993,6.78169014084507,2.175782835266614,8305.229314135619,430.403612929408,7853.0,8736.132387393713,8714.820966827561,5.843487542037804,7853.0,0.0,27.646295052608014,20.565941415691633,32.442466117459475,18.85574913800182,0.1385717483769868,0.09939556749496306,0.09267965077233042,0.09178419520931273,0.08305350346989031,0.07588985896574882,0.07163644504141482,0.06290575330199238,0.05753301992388628,0.04925005596597269,0.04768300873069174,0.039847772554286995,0.03402731139467204,0.02238638907544213,0.019252294604880232,0.009178419520931274,0.004925005596597269,0.9062530114422822,0.022890135886760317,0.0,0.0,0.0,0.0,0.0,0.0,0.0,0.0,0.0,0.0,0.0,0.0,0.0,0.0,0.0,0.0,0.0,0.0,0.0,0.0,0.0,0.0,0.0,0.0,0.02014775016789792,1.2088650100738754,10.651443922095368,14.506380120886504,3.478844862323708,0.13431833445265282,4.289261979713187,3.0088932159552875,nan,nan,nan,4.305633802816901,3.001332442312898,4.273106323835997,3.0162484711941184,0.9924453679828453,0.4094,0.01269,0.0,0.0,0.0,0.0,0.0,0.0,0.0,0.0,0.0,0.0,0.02014775016789792,6.84351914036265,22.256548018804573,0.879785090664876,0.0,0.0,0.0,0.0,0.0,0.0,0.0,0.0,0.0,0.0,0.0,0.0,0.0,0.0,0.0,0.0,nan,nan,4.289261979713187,3.0088932159552875,nan,0.4094,0.05923,0.0,0.0,0.0,0.0,0.0,0.0,0.0,0.0,0.0,0.0,0.0,0.0,0.0,0.0,0.0,0.0,0.0,0.0,0.0,0.0,0.0,0.0,0.0,3.35795836131632e-05,2.238638907544213e-05,0.00036937541974479515,0.007275576449518693,0.004130288784419073,0.005965972688605328,0.02890082829639579,0.019028430714125813,0.0026527871054398927,0.012569957465860756,0.016409223192299083,0.022319229908215804,0.021065592119991046,0.07366241325274234,0.07716588314304902,0.04865681665547347,0.08703828072531901,0.0685471233490038,0.05894336243563913,0.07684128050145511,0.05838370270875308,0.050425341392433404,0.03927691963286322,0.04393328856055518,0.026348779941795387,0.0298634430266398,0.03642265502574435,0.022408775464517573,0.025554063129617194,0.010040295500335797,0.009704499664204164,0.0019476158495634653,0.005339153794492948,0.007857622565480189,0.0005036937541974479,0.00036937541974479515,0.0,2.238638907544213e-05,0.0,0.0,0.0,0.0,0.0,0.0,0.0,0.0,0.0,0.0,0.0,0.0,0.0,0.0,0.0,0.0,0.0,0.0,0.0,0.0,0.0,0.0,0.0,0.0,0.0,0.0,0.0,0.0,0.0,0.0,0.0,0.0,0.0,0.0,0.0,0.0,0.0,0.0,0.0,0.0,nan,nan,4.289261979713187,3.0088932159552875,nan,0.9060999041378701,0.02310698110086428,0.0,0.0,0.0,0.0,0.0,0.0,0.0,0.0,0.0,0.0,0.0,0.0,0.0,0.0,0.0,0.0,0.0,0.0,0.0,0.0,0.0,0.0,0.0,0.0,0.025597269624573385,1.279863481228669,10.661262798634816,14.372866894197955,3.5196245733788403,0.1407849829351536,0.9064220569069746,0.022647103745475582,0.0,0.0,0.0,0.0,0.0,0.0,0.0,0.0,0.0,0.0,0.0,0.0,0.0,0.0,0.0,0.0,0.0,0.0,0.0,0.0,0.0,0.0,0.0,0.0,0.014130946773433824,1.1304757418747058,10.640602920395668,14.653791804050876,3.433820065944419,0.1271785209609044,0.4097,0.01275,0.0,0.0,0.0,0.0,0.0,0.0,0.0,0.0,0.0,0.0,0.025597269624573385,6.770477815699649,22.25682593856656,0.9470989761092152,0.0,0.0,0.0,0.0,0.0,0.0,0.0,0.0,0.0,0.0,0.0,0.0,0.0,0.0,0.0,0.0,0.4094,0.01263,0.0,0.0,0.0,0.0,0.0,0.0,0.0,0.0,0.0,0.0,0.014130946773433824,6.924163918982561,22.25624116815827,0.805463966085728,0.0,0.0,0.0,0.0,0.0,0.0,0.0,0.0,0.0,0.0,0.0,0.0,0.0,0.0,0.0,0.0
77300,4454,2262,0.5078581050740907,1021,963,0.44544229905702737,1237,0.5554557700942973,0.422,3.008667883211679,3.1484583261184,6.710264900662252,2.168519636358257,8290.71869335697,430.91187709188233,7853.0,8736.002053016424,8714.891715389895,5.714584723362911,7853.0,0.0,27.128648405927258,20.453498379810824,32.09464909922022,18.73414492155089,0.14571171980242478,0.09631791647956893,0.09923664122137404,0.08823529411764706,0.0880107768298159,0.07476425684777728,0.06645711719802425,0.06847777278850471,0.05545577009429726,0.05163897620116749,0.04153569824876516,0.03816793893129771,0.032555006735518636,0.022900763358778626,0.0163897620116749,0.00830713964975303,0.0058374494836102376,0.9065549065968248,0.022418682392654845,0.0,0.0,0.0,0.0,0.0,0.0,0.0,0.0,0.0,0.0,0.0,0.0,0.0,0.0,0.0,0.0,0.0,0.0,0.0,0.0,0.0,0.0,0.0,0.0,0.033677593174674454,1.111360574764257,10.419847328244277,14.851818590031435,3.4351145038167945,0.1481814099685676,4.4266950656727015,2.9682446970973326,nan,nan,nan,4.428877769835597,2.953133243335619,4.4245416078984485,2.9830770872294616,0.9990209343850758,0.4094,0.01251,0.0,0.0,0.0,0.0,0.0,0.0,0.0,0.0,0.0,0.0,0.006735518634934891,6.890435563538382,22.287831162999556,0.8149977548271219,0.0,0.0,0.0,0.0,0.0,0.0,0.0,0.0,0.0,0.0,0.0,0.0,0.0,0.0,0.0,0.0,nan,nan,4.4266950656727015,2.9682446970973326,nan,0.4094,0.05914,0.0,0.0,0.0,0.0,0.0,0.0,0.0,0.0,0.0,0.0,0.0,0.0,0.0,0.0,0.0,0.0,0.0,0.0,0.0,0.0,0.0,0.0,0.0,0.0,0.0,0.00030309833857207003,0.007611136057476426,0.004108666367310283,0.006387516838796587,0.02790749887741356,0.01834306241580602,0.0028401436910642118,0.012090255949708128,0.016782667265379435,0.02239559946115851,0.022552761562640324,0.07433767400089807,0.07965873372249663,0.051504265828468794,0.08224068253255501,0.06927480916030535,0.05793668612483161,0.07428154467894028,0.05657835653345308,0.04960709474629547,0.04180511899416255,0.04425235743152223,0.02688594521778177,0.02919847328244275,0.03744948361023799,0.02208127525819488,0.026616524472384374,0.009788953749438707,0.010664571171980242,0.001863493488998653,0.004524023349797935,0.007442748091603053,0.0002694207453973956,0.0003929052537045352,1.122586439155815e-05,0.0,1.122586439155815e-05,0.0,0.0,0.0,0.0,0.0,0.0,0.0,0.0,0.0,0.0,0.0,0.0,0.0,0.0,0.0,0.0,0.0,0.0,0.0,0.0,0.0,0.0,0.0,0.0,0.0,0.0,0.0,0.0,0.0,0.0,0.0,0.0,0.0,0.0,0.0,0.0,0.0,0.0,0.0,nan,nan,4.4266950656727015,2.9682446970973326,nan,0.9065506392933435,0.022412318780248894,0.0,0.0,0.0,0.0,0.0,0.0,0.0,0.0,0.0,0.0,0.0,0.0,0.0,0.0,0.0,0.0,0.0,0.0,0.0,0.0,0.0,0.0,0.0,0.0,0.026525198938992047,0.9681697612732098,10.848806366047747,14.496021220159154,3.5013262599469503,0.15915119363395228,0.9065593101736837,0.022425246478049644,0.0,0.0,0.0,0.0,0.0,0.0,0.0,0.0,0.0,0.0,0.0,0.0,0.0,0.0,0.0,0.0,0.0,0.0,0.0,0.0,0.0,0.0,0.0,0.0,0.04105839416058395,1.259124087591241,9.977189781021899,15.218978102189784,3.366788321167884,0.13686131386861317,0.4094,0.012566,0.0,0.0,0.0,0.0,0.0,0.0,0.0,0.0,0.0,0.0,0.013262599469496024,6.8567639257294335,22.294429708222818,0.8355437665782496,0.0,0.0,0.0,0.0,0.0,0.0,0.0,0.0,0.0,0.0,0.0,0.0,0.0,0.0,0.0,0.0,0.4094,0.01245,0.0,0.0,0.0,0.0,0.0,0.0,0.0,0.0,0.0,0.0,0.0,6.925182481751815,22.281021897810223,0.7937956204379564,0.0,0.0,0.0,0.0,0.0,0.0,0.0,0.0,0.0,0.0,0.0,0.0,0.0,0.0,0.0,0.0
77400,4803,2488,0.5180095773474912,1201,951,0.44805330002082033,1329,0.5534041224234854,0.40599999999999997,2.9697624190064795,3.120882314832924,6.65284178187404,2.170724868739886,8299.496385323466,430.71174572337094,7853.0,8732.076997333765,8714.946197230145,5.517314425200947,7853.0,0.0,27.858421819696023,20.62191359167903,32.76907829534192,18.82759649384907,0.14012075785967104,0.09806371018113678,0.09348323964189048,0.08931917551530294,0.07328752862794087,0.07516135748490527,0.07620237351655215,0.06412658754944826,0.05933791380387258,0.05496564647095565,0.04538829897980429,0.04143243805954612,0.03289610660004164,0.023318759108890277,0.0166562565063502,0.010410160316468874,0.005829689777222569,0.9068893675081386,0.02239331430007315,0.0,0.0,0.0,0.0,0.0,0.0,0.0,0.0,0.0,0.0,0.0,0.0,0.0,0.0,0.0,0.0,0.0,0.0,0.0,0.0,0.0,0.0,0.0,0.0,0.012492192379762651,1.0618363522798253,10.356027482823238,15.084322298563402,3.410368519675204,0.0749531542785759,4.218011013929381,2.9368848645055334,nan,nan,nan,4.254215304798962,2.939328959889994,4.180699481865285,2.9345830622197577,0.9827192989384558,0.4092,0.01257,0.0,0.0,0.0,0.0,0.0,0.0,0.0,0.0,0.0,0.0,0.0,7.070580886945648,22.073703935040605,0.8557151780137416,0.0,0.0,0.0,0.0,0.0,0.0,0.0,0.0,0.0,0.0,0.0,0.0,0.0,0.0,0.0,0.0,nan,nan,4.218011013929381,2.9368848645055334,nan,0.4092,0.05896,0.0,0.0,0.0,0.0,0.0,0.0,0.0,0.0,0.0,0.0,0.0,0.0,0.0,0.0,0.0,0.0,0.0,0.0,0.0,0.0,0.0,0.0,0.0,0.0,0.0,0.0003955860920258172,0.006506350197793046,0.0040079117218405165,0.006412658754944826,0.028596710389339995,0.01874869872996044,0.00221736414740787,0.012460961898813242,0.01636477201748907,0.02152821153445763,0.024682490110347698,0.0694982302727462,0.08977722256922757,0.049437851342910684,0.08131376223193837,0.0699666874869873,0.05908806995627733,0.07128877784717885,0.058234436810326876,0.05022902352696232,0.0404018321882157,0.04407661877992921,0.026879033937122633,0.02836768686237768,0.03761190922340204,0.021580262336039976,0.02477618155319592,0.009348323964189048,0.011263793462419321,0.0017593170934832396,0.0044763689360816155,0.007890901519883406,0.00014574224443056422,0.0006141994586716635,0.0,0.0,5.205080158234437e-05,0.0,0.0,0.0,0.0,0.0,0.0,0.0,0.0,0.0,0.0,0.0,0.0,0.0,0.0,0.0,0.0,0.0,0.0,0.0,0.0,0.0,0.0,0.0,0.0,0.0,0.0,0.0,0.0,0.0,0.0,0.0,0.0,0.0,0.0,0.0,0.0,0.0,0.0,0.0,nan,nan,4.218011013929381,2.9368848645055334,nan,0.9071072864666629,0.021989554180150632,0.0,0.0,0.0,0.0,0.0,0.0,0.0,0.0,0.0,0.0,0.0,0.0,0.0,0.0,0.0,0.0,0.0,0.0,0.0,0.0,0.0,0.0,0.0,0.0,0.02411575562700965,1.0490353697749197,10.152733118971064,15.325562700964634,3.400321543408361,0.0482315112540193,0.9066551634611373,0.0228169637113515,0.0,0.0,0.0,0.0,0.0,0.0,0.0,0.0,0.0,0.0,0.0,0.0,0.0,0.0,0.0,0.0,0.0,0.0,0.0,0.0,0.0,0.0,0.0,0.0,0.0,1.0755939524838014,10.574514038876892,14.82505399568035,3.421166306695465,0.10367170626349895,0.4092,0.012474,0.0,0.0,0.0,0.0,0.0,0.0,0.0,0.0,0.0,0.0,0.0,6.993569131832787,22.2347266881029,0.7717041800643089,0.0,0.0,0.0,0.0,0.0,0.0,0.0,0.0,0.0,0.0,0.0,0.0,0.0,0.0,0.0,0.0,0.4092,0.01267,0.0,0.0,0.0,0.0,0.0,0.0,0.0,0.0,0.0,0.0,0.0,7.153347732181414,21.900647948164153,0.9460043196544279,0.0,0.0,0.0,0.0,0.0,0.0,0.0,0.0,0.0,0.0,0.0,0.0,0.0,0.0,0.0,0.0
77500,4761,2426,0.509556815795001,1166,968,0.4482251627809284,1347,0.5658475110270952,0.414,2.900642398286938,3.0158005770466687,6.374436090225564,2.052603486546588,8292.36724382508,431.0673308453898,7853.0,8733.647954338789,8715.253688314593,5.706306583149951,7853.0,0.0,28.143247216971226,20.957635754252028,33.175438596491226,19.159946689342853,0.14009661835748793,0.09997899600924176,0.08905692081495484,0.08359588321781139,0.08359588321781139,0.07624448645242596,0.06826296996429322,0.06322201218231464,0.06007141356857803,0.054820415879017016,0.0428481411468179,0.04011762234824617,0.03507666456626759,0.027515227893299726,0.017223272421760135,0.011342155009451797,0.006931316950220542,0.9082221852032935,0.022503286656660737,0.0,0.0,0.0,0.0,0.0,0.0,0.0,0.0,0.0,0.0,0.0,0.0,0.0,0.0,0.0,0.0,0.0,0.0,0.0,0.0,0.0,0.0,0.0,0.0,0.018903591682419663,0.9010712035286707,9.89918084436043,15.274102079395089,3.7681159420289863,0.13862633900441088,4.197997416020672,2.8409398342999426,nan,nan,nan,4.13063063063063,2.8398345409663617,4.268656716417911,2.8392786051505747,1.0334152574097888,0.4094,0.01294,0.0,0.0,0.0,0.0,0.0,0.0,0.0,0.0,0.0,0.0,0.025204788909892886,7.0888468809073615,21.915563957151864,0.9703843730308761,0.0,0.0,0.0,0.0,0.0,0.0,0.0,0.0,0.0,0.0,0.0,0.0,0.0,0.0,0.0,0.0,nan,nan,4.197997416020672,2.8409398342999426,nan,0.4094,0.05948,0.0,0.0,0.0,0.0,0.0,0.0,0.0,0.0,0.0,0.0,0.0,0.0,0.0,0.0,0.0,0.0,0.0,0.0,0.0,0.0,0.0,0.0,0.0,0.0,6.30119722747322e-05,0.0004725897920604915,0.0061331653014072675,0.003885738290275152,0.006731779038017223,0.02975215290905272,0.018714555765595463,0.0027095148078134846,0.011636210880067213,0.015742491073303926,0.022222222222222223,0.02561436672967864,0.06875656374711195,0.08815374921235035,0.05159630329762655,0.08313379542113002,0.06772736819995799,0.05939928586431422,0.07100399075824407,0.05769796261289645,0.04658685150178534,0.03973955051459777,0.04601974375131275,0.02577189666036547,0.0265490443184205,0.03795421130014703,0.023072883847931106,0.025183784919134637,0.0105335013652594,0.011646712875446335,0.0018483511867254778,0.00454736399915984,0.008506616257088847,9.45179584120983e-05,0.0007981516488132746,0.0,0.0,0.0,0.0,0.0,0.0,0.0,0.0,0.0,0.0,0.0,0.0,0.0,0.0,0.0,0.0,0.0,0.0,0.0,0.0,0.0,0.0,0.0,0.0,0.0,0.0,0.0,0.0,0.0,0.0,0.0,0.0,0.0,0.0,0.0,0.0,0.0,0.0,0.0,0.0,0.0,0.0,nan,nan,4.197997416020672,2.8409398342999426,nan,0.9083762588524563,0.02259457632372371,0.0,0.0,0.0,0.0,0.0,0.0,0.0,0.0,0.0,0.0,0.0,0.0,0.0,0.0,0.0,0.0,0.0,0.0,0.0,0.0,0.0,0.0,0.0,0.0,0.024732069249793907,0.9645507007419623,9.620774938169829,15.432811211871396,3.7963726298433644,0.16075845012366038,0.9080621069708014,0.022406923157705573,0.0,0.0,0.0,0.0,0.0,0.0,0.0,0.0,0.0,0.0,0.0,0.0,0.0,0.0,0.0,0.0,0.0,0.0,0.0,0.0,0.0,0.0,0.0,0.0,0.012847965738758033,0.8351177730192721,10.18843683083512,15.109207708779447,3.7387580299785874,0.1156316916488223,0.4092,0.013054,0.0,0.0,0.0,0.0,0.0,0.0,0.0,0.0,0.0,0.0,0.024732069249793907,7.184666117065118,21.80131904369333,0.9892827699917561,0.0,0.0,0.0,0.0,0.0,0.0,0.0,0.0,0.0,0.0,0.0,0.0,0.0,0.0,0.0,0.0,0.4094,0.01281,0.0,0.0,0.0,0.0,0.0,0.0,0.0,0.0,0.0,0.0,0.025695931477516067,6.989293361884358,22.03426124197003,0.9507494646680944,0.0,0.0,0.0,0.0,0.0,0.0,0.0,0.0,0.0,0.0,0.0,0.0,0.0,0.0,0.0,0.0
77600,4780,2396,0.501255230125523,1073,997,0.4330543933054393,1344,0.5623430962343097,0.422,2.8636744966442955,3.0525799278962733,6.488335925349922,2.1552000551020454,8285.201750865539,431.1374559781012,7853.0,8734.967853957414,8715.23888528267,5.772640034477936,7853.0,0.0,27.827196652719664,20.932194100997386,32.88038038038038,19.17854327047372,0.1414225941422594,0.10083682008368201,0.09790794979079498,0.08347280334728034,0.0797071129707113,0.07615062761506276,0.06673640167364017,0.06046025104602511,0.056694560669456065,0.05439330543933055,0.04497907949790795,0.04100418410041841,0.03598326359832636,0.027196652719665274,0.01506276150627615,0.011715481171548118,0.006276150627615063,0.908421361832938,0.022872814850824506,0.0,0.0,0.0,0.0,0.0,0.0,0.0,0.0,0.0,0.0,0.0,0.0,0.0,0.0,0.0,0.0,0.0,0.0,0.0,0.0,0.0,0.0,0.0,0.0,0.012552301255230129,0.9539748953974897,9.671548117154813,15.175732217573225,4.016736401673641,0.16945606694560675,4.326530612244898,2.807054127457172,nan,nan,nan,4.336912751677852,2.8266314762371914,4.316537467700258,2.7880439459344615,0.995301892119063,0.4094,0.01311,0.0,0.0,0.0,0.0,0.0,0.0,0.0,0.0,0.0,0.0,0.006276150627615064,7.186192468619236,21.753138075313814,1.0543933054393306,0.0,0.0,0.0,0.0,0.0,0.0,0.0,0.0,0.0,0.0,0.0,0.0,0.0,0.0,0.0,0.0,nan,nan,4.326530612244898,2.807054127457172,nan,0.4094,0.0593,0.0,0.0,0.0,0.0,0.0,0.0,0.0,0.0,0.0,0.0,0.0,0.0,0.0,0.0,0.0,0.0,0.0,0.0,0.0,0.0,0.0,0.0,0.0,1.0460251046025105e-05,3.1380753138075316e-05,0.0004079497907949791,0.00502092050209205,0.004780334728033473,0.006150627615062762,0.030324267782426778,0.01952928870292887,0.002604602510460251,0.011851464435146444,0.014884937238493724,0.023807531380753137,0.026349372384937238,0.06847280334728033,0.0844979079497908,0.04891213389121339,0.08496861924686193,0.06937238493723849,0.05642259414225941,0.07052301255230126,0.05965481171548117,0.04755230125523013,0.04153765690376569,0.04794979079497908,0.025711297071129707,0.02481171548117155,0.03921548117154812,0.022876569037656905,0.025439330543933054,0.010073221757322176,0.010324267782426778,0.002238493723849372,0.004320083682008368,0.008807531380753138,4.184100418410042e-05,0.0005230125523012552,0.0,0.0,0.0,0.0,0.0,0.0,0.0,0.0,0.0,0.0,0.0,0.0,0.0,0.0,0.0,0.0,0.0,0.0,0.0,0.0,0.0,0.0,0.0,0.0,0.0,0.0,0.0,0.0,0.0,0.0,0.0,0.0,0.0,0.0,0.0,0.0,0.0,0.0,0.0,0.0,0.0,0.0,nan,nan,4.326530612244898,2.807054127457172,nan,0.9081534931625866,0.02280582379500912,0.0,0.0,0.0,0.0,0.0,0.0,0.0,0.0,0.0,0.0,0.0,0.0,0.0,0.0,0.0,0.0,0.0,0.0,0.0,0.0,0.0,0.0,0.0,0.0,0.025041736227045083,1.0141903171953257,9.728714524207014,15.237896494156931,3.84390651085142,0.15025041736227046,0.9086905788355226,0.022936794235985408,0.0,0.0,0.0,0.0,0.0,0.0,0.0,0.0,0.0,0.0,0.0,0.0,0.0,0.0,0.0,0.0,0.0,0.0,0.0,0.0,0.0,0.0,0.0,0.0,0.0,0.8934563758389263,9.614093959731544,15.11325503355705,4.190436241610739,0.188758389261745,0.4094,0.0132,0.0,0.0,0.0,0.0,0.0,0.0,0.0,0.0,0.0,0.0,0.012520868113522541,7.449916527545899,21.548414023372292,0.9891485809682806,0.0,0.0,0.0,0.0,0.0,0.0,0.0,0.0,0.0,0.0,0.0,0.0,0.0,0.0,0.0,0.0,0.4094,0.01302,0.0,0.0,0.0,0.0,0.0,0.0,0.0,0.0,0.0,0.0,0.0,6.921140939597305,21.95889261744967,1.1199664429530203,0.0,0.0,0.0,0.0,0.0,0.0,0.0,0.0,0.0,0.0,0.0,0.0,0.0,0.0,0.0,0.0
77700,4859,2500,0.5145091582630171,1204,1007,0.4550318995678123,1421,0.5848940111133978,0.3539999999999999,2.937261551504875,2.960007182777647,6.207810320781032,2.098028649725217,8296.56041087879,430.88960112393346,7853.0,8733.006091856956,8715.104014584016,5.658783741008709,7853.0,0.0,29.0395143033546,20.87908728640963,33.65774885514582,19.078986176291913,0.126363449269397,0.0963161144268368,0.08890718254784935,0.08046923235233587,0.08046923235233587,0.07799958839267339,0.07141387116690677,0.06482815394114015,0.06256431364478288,0.05783082938876312,0.05268573780613295,0.04013171434451533,0.03519242642519037,0.02798929820950813,0.01955134801399465,0.009672772175344721,0.007614735542292653,0.9085108192400276,0.022413846247502422,0.0,0.0,0.0,0.0,0.0,0.0,0.0,0.0,0.0,0.0,0.0,0.0,0.0,0.0,0.0,0.0,0.0,0.0,0.0,0.0,0.0,0.0,0.0,0.0,0.012348219798312413,0.9322905947725871,9.625437332784525,15.49084173698292,3.809425807779379,0.12965630788228033,4.079384615384615,2.79116842196298,nan,nan,nan,4.036532507739938,2.817552742429782,4.120563035495716,2.7646625999051246,1.0208175030412,0.409,0.01301,0.0,0.0,0.0,0.0,0.0,0.0,0.0,0.0,0.0,0.0,0.0,7.575632846264653,21.504424778761067,0.9199423749742748,0.0,0.0,0.0,0.0,0.0,0.0,0.0,0.0,0.0,0.0,0.0,0.0,0.0,0.0,0.0,0.0,nan,nan,4.079384615384615,2.79116842196298,nan,0.409,0.059,0.0,0.0,0.0,0.0,0.0,0.0,0.0,0.0,0.0,0.0,0.0,0.0,0.0,0.0,0.0,0.0,0.0,0.0,0.0,0.0,0.0,0.0,0.0,0.0,0.0,0.0006379913562461412,0.00481580572134184,0.003972010701790492,0.005865404404198395,0.03102490224325993,0.019170611236880016,0.003560403375180078,0.011483844412430541,0.015198600535089524,0.022792755711051656,0.028195101872813336,0.06858407079646017,0.08653015023667421,0.04895040131714345,0.08795019551348014,0.06857378061329492,0.0565651368594361,0.07224737600329285,0.05917884338341223,0.04656307882280305,0.039504013171434454,0.04797283391644371,0.02440831446799753,0.024048158057213418,0.039967071413871166,0.022761885161555875,0.024233381354188104,0.010207861699938259,0.009683062358509981,0.001625848940111134,0.003591273924675859,0.009569870343692118,5.145091582630171e-05,0.0004939287919324964,0.0,2.0580366330520683e-05,0.0,0.0,0.0,0.0,0.0,0.0,0.0,0.0,0.0,0.0,0.0,0.0,0.0,0.0,0.0,0.0,0.0,0.0,0.0,0.0,0.0,0.0,0.0,0.0,0.0,0.0,0.0,0.0,0.0,0.0,0.0,0.0,0.0,0.0,0.0,0.0,0.0,0.0,0.0,0.0,nan,nan,4.079384615384615,2.79116842196298,nan,0.9081856471061707,0.022561678415525244,0.0,0.0,0.0,0.0,0.0,0.0,0.0,0.0,0.0,0.0,0.0,0.0,0.0,0.0,0.0,0.0,0.0,0.0,0.0,0.0,0.0,0.0,0.0,0.0,0.012000000000000002,0.9360000000000002,9.72,15.564000000000004,3.6120000000000005,0.15600000000000006,0.9088554272665822,0.022250920315720697,0.0,0.0,0.0,0.0,0.0,0.0,0.0,0.0,0.0,0.0,0.0,0.0,0.0,0.0,0.0,0.0,0.0,0.0,0.0,0.0,0.0,0.0,0.0,0.0,0.012717253073336163,0.9283594743535398,9.525222551928785,15.413310724883429,4.0186519711742275,0.1017380245866893,0.4087,0.012985,0.0,0.0,0.0,0.0,0.0,0.0,0.0,0.0,0.0,0.0,0.0,7.715999999999989,21.384000000000007,0.9000000000000001,0.0,0.0,0.0,0.0,0.0,0.0,0.0,0.0,0.0,0.0,0.0,0.0,0.0,0.0,0.0,0.0,0.409,0.01304,0.0,0.0,0.0,0.0,0.0,0.0,0.0,0.0,0.0,0.0,0.0,7.426875794828306,21.632047477744813,0.941076727426876,0.0,0.0,0.0,0.0,0.0,0.0,0.0,0.0,0.0,0.0,0.0,0.0,0.0,0.0,0.0,0.0
77800,4362,2271,0.5206327372764786,1038,886,0.44108207244383313,1253,0.5745071068317286,0.41,3.032042085126734,3.1704980607586366,6.673333333333333,2.2090621438872096,8301.90210410074,430.7646581864381,7853.0,8741.558176362514,8715.224120690189,5.725630866118007,7853.0,0.0,28.04401650618982,20.940164689184787,32.94144880174292,19.20066898324747,0.13709307657038056,0.09903713892709766,0.09261806510774874,0.09330582301696469,0.07977991746905089,0.0761118752865658,0.06740027510316368,0.05800091701054562,0.05639614855570839,0.05456212746446584,0.04401650618982118,0.0442457588262265,0.03645116918844567,0.02567629527739569,0.01902796882164145,0.009170105456212746,0.007106831728564879,0.9084134473815964,0.022494379533377077,0.0,0.0,0.0,0.0,0.0,0.0,0.0,0.0,0.0,0.0,0.0,0.0,0.0,0.0,0.0,0.0,0.0,0.0,0.0,0.0,0.0,0.0,0.0,0.0,0.020632737276478682,0.9009628610729026,9.704264099037141,15.3576341127923,3.8514442916093543,0.16506189821182946,4.318763326226013,2.9092571716544358,nan,nan,nan,4.305,2.848654444269635,4.332390381895332,2.9679781478431395,1.0063624580476964,0.409,0.01307,0.0,0.0,0.0,0.0,0.0,0.0,0.0,0.0,0.0,0.0,0.013755158184319122,7.48968363136175,21.49243466299863,1.0041265474552958,0.0,0.0,0.0,0.0,0.0,0.0,0.0,0.0,0.0,0.0,0.0,0.0,0.0,0.0,0.0,0.0,nan,nan,4.318763326226013,2.9092571716544358,nan,0.409,0.05963,0.0,0.0,0.0,0.0,0.0,0.0,0.0,0.0,0.0,0.0,0.0,0.0,0.0,0.0,0.0,0.0,0.0,0.0,0.0,0.0,0.0,0.0,0.0,2.2925263640531865e-05,0.0,0.0009055479138010087,0.0047455295735900965,0.0034846400733608437,0.006476386978450252,0.030823016964695093,0.01897065566254012,0.004000458505272811,0.013629069234296194,0.016678129298486933,0.024392480513525907,0.028702430077945897,0.06576111875286565,0.08511004126547456,0.04822329206785878,0.08669188445667125,0.06698762035763411,0.05841357175607519,0.07286795048143054,0.056694176983035305,0.04524300779458964,0.039305364511691886,0.04859009628610729,0.024105914718019258,0.022237505731315912,0.039637780834479594,0.02472489683631362,0.02561898211829436,0.010350756533700137,0.00946813388353966,0.002051811095827602,0.0038399816597890876,0.010694635488308115,0.00025217790004585053,0.00029802842732691424,0.0,0.0,0.0,0.0,0.0,0.0,0.0,0.0,0.0,0.0,0.0,0.0,0.0,0.0,0.0,0.0,0.0,0.0,0.0,0.0,0.0,0.0,0.0,0.0,0.0,0.0,0.0,0.0,0.0,0.0,0.0,0.0,0.0,0.0,0.0,0.0,0.0,0.0,0.0,0.0,0.0,0.0,nan,nan,4.318763326226013,2.9092571716544358,nan,0.9084957130204103,0.022699449304911384,0.0,0.0,0.0,0.0,0.0,0.0,0.0,0.0,0.0,0.0,0.0,0.0,0.0,0.0,0.0,0.0,0.0,0.0,0.0,0.0,0.0,0.0,0.0,0.0,0.013210039630118893,0.9511228533685603,9.66974900924703,15.310435931307797,3.830911492734479,0.2245706737120212,0.9083241000522101,0.0222691733048029,0.0,0.0,0.0,0.0,0.0,0.0,0.0,0.0,0.0,0.0,0.0,0.0,0.0,0.0,0.0,0.0,0.0,0.0,0.0,0.0,0.0,0.0,0.0,0.0,0.02869440459110474,0.8464849354375898,9.74175035868006,15.408895265423245,3.87374461979914,0.1004304160688666,0.409,0.013176,0.0,0.0,0.0,0.0,0.0,0.0,0.0,0.0,0.0,0.0,0.013210039630118893,7.648612945838826,21.281373844121536,1.0568031704095113,0.0,0.0,0.0,0.0,0.0,0.0,0.0,0.0,0.0,0.0,0.0,0.0,0.0,0.0,0.0,0.0,0.409,0.01294,0.0,0.0,0.0,0.0,0.0,0.0,0.0,0.0,0.0,0.0,0.01434720229555237,7.317073170731697,21.72166427546629,0.9469153515064564,0.0,0.0,0.0,0.0,0.0,0.0,0.0,0.0,0.0,0.0,0.0,0.0,0.0,0.0,0.0,0.0
77900,4440,2348,0.5288288288288289,1128,890,0.4545045045045045,1214,0.5468468468468468,0.422,3.0066921606118546,3.1618170639922694,6.7417677642980935,2.2482511581575353,8308.868478138433,430.3205436587517,7853.0,8737.517454200983,8715.034089835875,5.780604071422945,7853.0,0.0,27.889864864864865,20.675687205584726,32.953663793103445,18.82313345210968,0.14234234234234233,0.0963963963963964,0.08828828828828829,0.08400900900900901,0.08063063063063063,0.0849099099099099,0.0759009009009009,0.05788288288288288,0.05923423423423423,0.05225225225225225,0.04594594594594595,0.040765765765765766,0.03310810810810811,0.025,0.018243243243243244,0.007882882882882882,0.007207207207207207,0.9080177798867226,0.022153182976118447,0.0,0.0,0.0,0.0,0.0,0.0,0.0,0.0,0.0,0.0,0.0,0.0,0.0,0.0,0.0,0.0,0.0,0.0,0.0,0.0,0.0,0.0,0.0,0.0,0.006756756756756758,0.9324324324324327,10.000000000000002,15.324324324324328,3.6486486486486496,0.08783783783783786,4.1696211331247826,2.9489471847505295,nan,nan,nan,4.217000691085003,2.9360685982119987,4.1216783216783215,2.9611503118299027,0.9773956950948102,0.4087,0.01263,0.0,0.0,0.0,0.0,0.0,0.0,0.0,0.0,0.0,0.0,0.006756756756756758,7.608108108108096,21.641891891891895,0.7432432432432434,0.0,0.0,0.0,0.0,0.0,0.0,0.0,0.0,0.0,0.0,0.0,0.0,0.0,0.0,0.0,0.0,nan,nan,4.1696211331247826,2.9489471847505295,nan,0.4087,0.05997,0.0,0.0,0.0,0.0,0.0,0.0,0.0,0.0,0.0,0.0,0.0,0.0,0.0,0.0,0.0,0.0,0.0,0.0,0.0,0.0,0.0,0.0,0.0,0.0,0.0,0.0011373873873873875,0.00481981981981982,0.003941441441441441,0.006565315315315315,0.03218468468468468,0.019403153153153153,0.00365990990990991,0.013986486486486486,0.015777027027027025,0.025,0.029977477477477477,0.06387387387387387,0.08774774774774775,0.049313063063063066,0.08219594594594594,0.0671509009009009,0.05671171171171171,0.07425675675675676,0.05713963963963964,0.04586711711711712,0.03868243243243243,0.047432432432432434,0.023614864864864867,0.021756756756756757,0.04198198198198198,0.023310810810810812,0.0255518018018018,0.011576576576576576,0.008378378378378378,0.002105855855855856,0.003445945945945946,0.010664414414414415,0.00039414414414414413,0.00039414414414414413,0.0,0.0,0.0,0.0,0.0,0.0,0.0,0.0,0.0,0.0,0.0,0.0,0.0,0.0,0.0,0.0,0.0,0.0,0.0,0.0,0.0,0.0,0.0,0.0,0.0,0.0,0.0,0.0,0.0,0.0,0.0,0.0,0.0,0.0,0.0,0.0,0.0,0.0,0.0,0.0,0.0,0.0,nan,nan,4.1696211331247826,2.9489471847505295,nan,0.9080596925402012,0.02210846072848064,0.0,0.0,0.0,0.0,0.0,0.0,0.0,0.0,0.0,0.0,0.0,0.0,0.0,0.0,0.0,0.0,0.0,0.0,0.0,0.0,0.0,0.0,0.0,0.0,0.012776831345826238,0.8943781942078366,10.0809199318569,15.306643952299833,3.603066439522999,0.1022146507666099,0.9079707383425696,0.02220317640489053,0.0,0.0,0.0,0.0,0.0,0.0,0.0,0.0,0.0,0.0,0.0,0.0,0.0,0.0,0.0,0.0,0.0,0.0,0.0,0.0,0.0,0.0,0.0,0.0,0.0,0.9751434034416828,9.909177820267688,15.344168260038245,3.6998087954110908,0.0717017208413002,0.4087,0.01271,0.0,0.0,0.0,0.0,0.0,0.0,0.0,0.0,0.0,0.0,0.0,7.678875638841556,21.618398637137997,0.7027257240204431,0.0,0.0,0.0,0.0,0.0,0.0,0.0,0.0,0.0,0.0,0.0,0.0,0.0,0.0,0.0,0.0,0.4087,0.01253,0.0,0.0,0.0,0.0,0.0,0.0,0.0,0.0,0.0,0.0,0.014340344168260041,7.52868068833651,21.66826003824092,0.7887189292543023,0.0,0.0,0.0,0.0,0.0,0.0,0.0,0.0,0.0,0.0,0.0,0.0,0.0,0.0,0.0,0.0
78000,4550,2313,0.5083516483516484,1124,950,0.45582417582417584,1319,0.5797802197802198,0.40199999999999997,3.0178810907465357,3.139812040504349,6.649532710280374,2.1566909794908646,8291.206272434576,430.96698163491357,7853.0,8734.178507143259,8715.014068126811,5.834480386364239,7853.0,0.0,28.016483516483518,20.785813863402463,32.884946517088444,19.022953313882795,0.1378021978021978,0.10197802197802198,0.08703296703296703,0.09274725274725275,0.07956043956043957,0.0734065934065934,0.06835164835164835,0.06285714285714286,0.05846153846153846,0.056043956043956046,0.04857142857142857,0.04021978021978022,0.035824175824175825,0.025714285714285714,0.012747252747252748,0.01032967032967033,0.008351648351648353,0.9083768952678848,0.0227328759050205,0.0,0.0,0.0,0.0,0.0,0.0,0.0,0.0,0.0,0.0,0.0,0.0,0.0,0.0,0.0,0.0,0.0,0.0,0.0,0.0,0.0,0.0,0.0,0.0,0.006593406593406595,0.9956043956043958,9.619780219780221,15.336263736263739,3.843956043956045,0.19780219780219785,4.357359380262714,2.9616296444251846,nan,nan,nan,4.3474402730375425,2.8942868168468214,4.367021276595745,3.025754286049564,1.0045040304934474,0.4082,0.01277,0.0,0.0,0.0,0.0,0.0,0.0,0.0,0.0,0.0,0.0,0.019780219780219783,7.819780219780209,21.44835164835165,0.7120879120879123,0.0,0.0,0.0,0.0,0.0,0.0,0.0,0.0,0.0,0.0,0.0,0.0,0.0,0.0,0.0,0.0,nan,nan,4.357359380262714,2.9616296444251846,nan,0.4082,0.0599,0.0,0.0,0.0,0.0,0.0,0.0,0.0,0.0,0.0,0.0,0.0,0.0,0.0,0.0,0.0,0.0,0.0,0.0,0.0,0.0,0.0,0.0,0.0,0.0,4.3956043956043955e-05,0.0014615384615384616,0.00510989010989011,0.004208791208791209,0.006142857142857143,0.03238461538461539,0.016956043956043956,0.004208791208791209,0.014142857142857143,0.016263736263736263,0.026384615384615385,0.0333956043956044,0.06392307692307693,0.0899010989010989,0.048373626373626376,0.08026373626373626,0.06605494505494505,0.05886813186813187,0.07272527472527472,0.057263736263736265,0.04535164835164835,0.03803296703296703,0.046703296703296704,0.022395604395604396,0.022494505494505494,0.041175824175824174,0.022978021978021977,0.02556043956043956,0.012362637362637362,0.00898901098901099,0.0017582417582417582,0.0034395604395604396,0.009494505494505494,0.00031868131868131866,0.0008571428571428571,1.0989010989010989e-05,0.0,0.0,0.0,0.0,0.0,0.0,0.0,0.0,0.0,0.0,0.0,0.0,0.0,0.0,0.0,0.0,0.0,0.0,0.0,0.0,0.0,0.0,0.0,0.0,0.0,0.0,0.0,0.0,0.0,0.0,0.0,0.0,0.0,0.0,0.0,0.0,0.0,0.0,0.0,0.0,0.0,nan,nan,4.357359380262714,2.9616296444251846,nan,0.908405968496617,0.022892223200313006,0.0,0.0,0.0,0.0,0.0,0.0,0.0,0.0,0.0,0.0,0.0,0.0,0.0,0.0,0.0,0.0,0.0,0.0,0.0,0.0,0.0,0.0,0.0,0.0,0.012970168612191961,1.0635538261997408,9.623865110246435,15.382619974059667,3.7743190661478607,0.14267185473411156,0.9083468343031742,0.022566892422599003,0.0,0.0,0.0,0.0,0.0,0.0,0.0,0.0,0.0,0.0,0.0,0.0,0.0,0.0,0.0,0.0,0.0,0.0,0.0,0.0,0.0,0.0,0.0,0.0,0.0,0.9253464461332144,9.615556548949488,15.288332588287888,3.9159588734912836,0.2548055431381315,0.4082,0.01255,0.0,0.0,0.0,0.0,0.0,0.0,0.0,0.0,0.0,0.0,0.025940337224383922,7.613488975356669,21.68612191958496,0.674448767833982,0.0,0.0,0.0,0.0,0.0,0.0,0.0,0.0,0.0,0.0,0.0,0.0,0.0,0.0,0.0,0.0,0.4082,0.01299,0.0,0.0,0.0,0.0,0.0,0.0,0.0,0.0,0.0,0.0,0.013410818059901658,8.03308001788108,21.202503352704518,0.7510058113544928,0.0,0.0,0.0,0.0,0.0,0.0,0.0,0.0,0.0,0.0,0.0,0.0,0.0,0.0,0.0,0.0
78100,4336,2321,0.5352859778597786,1110,839,0.44949261992619927,1174,0.5415129151291513,0.418,2.998014888337469,3.0840976946830096,6.513840830449827,2.112079803362629,8314.481301804673,430.0075844264249,7853.0,8735.811079883575,8715.121036029755,5.922636435604767,7853.0,0.0,28.775830258302584,21.11994664886473,33.58083832335329,19.354994481583688,0.13076568265682656,0.09663284132841328,0.09132841328413284,0.08694649446494465,0.0797970479704797,0.0797970479704797,0.06572878228782288,0.06111623616236162,0.05419741697416974,0.05973247232472325,0.0507380073800738,0.04174354243542435,0.03551660516605166,0.026522140221402216,0.018219557195571955,0.012915129151291513,0.008302583025830259,0.908718328111946,0.02270711169178712,0.0,0.0,0.0,0.0,0.0,0.0,0.0,0.0,0.0,0.0,0.0,0.0,0.0,0.0,0.0,0.0,0.0,0.0,0.0,0.0,0.0,0.0,0.0,0.0,0.013837638376383767,0.892527675276753,9.727859778597788,15.235239852398527,3.950645756457565,0.179889298892989,4.038393800634026,2.8506819954679745,nan,nan,nan,4.111268603827073,2.8622436260582025,3.966386554621849,2.8373739380950704,0.9647597704829217,0.408,0.01326,0.0,0.0,0.0,0.0,0.0,0.0,0.0,0.0,0.0,0.0,0.02075645756457565,8.046586715867146,21.09547970479705,0.837177121771218,0.0,0.0,0.0,0.0,0.0,0.0,0.0,0.0,0.0,0.0,0.0,0.0,0.0,0.0,0.0,0.0,nan,nan,4.038393800634026,2.8506819954679745,nan,0.408,0.05978,0.0,0.0,0.0,0.0,0.0,0.0,0.0,0.0,0.0,0.0,0.0,0.0,0.0,0.0,0.0,0.0,0.0,0.0,0.0,0.0,0.0,0.0,0.0,1.1531365313653136e-05,4.6125461254612545e-05,0.0016605166051660517,0.0054428044280442804,0.004035977859778598,0.006007841328413284,0.031780442804428044,0.01824261992619926,0.004232011070110701,0.01466789667896679,0.015498154981549815,0.02471171586715867,0.034640221402214025,0.06550968634686347,0.0865890221402214,0.049273523985239855,0.07789437269372694,0.06798892988929889,0.056342250922509225,0.07526522140221402,0.058948339483394833,0.04551429889298893,0.03782287822878229,0.04710562730627306,0.022509225092250923,0.021482933579335794,0.042158671586715865,0.02291282287822878,0.026003228782287825,0.012488468634686348,0.008394833948339484,0.0017297047970479705,0.003297970479704797,0.00882149446494465,0.0002882841328413284,0.0006803505535055351,0.0,0.0,0.0,0.0,0.0,0.0,0.0,0.0,0.0,0.0,0.0,0.0,0.0,0.0,0.0,0.0,0.0,0.0,0.0,0.0,0.0,0.0,0.0,0.0,0.0,0.0,0.0,0.0,0.0,0.0,0.0,0.0,0.0,0.0,0.0,0.0,0.0,0.0,0.0,0.0,0.0,0.0,nan,nan,4.038393800634026,2.8506819954679745,nan,0.9087275150057469,0.023089966807859963,0.0,0.0,0.0,0.0,0.0,0.0,0.0,0.0,0.0,0.0,0.0,0.0,0.0,0.0,0.0,0.0,0.0,0.0,0.0,0.0,0.0,0.0,0.0,0.0,0.01292546316242999,0.8918569582076693,9.823352003446791,14.980611805256357,4.058595433003017,0.23265833692373983,0.9087077460868779,0.022257951133429335,0.0,0.0,0.0,0.0,0.0,0.0,0.0,0.0,0.0,0.0,0.0,0.0,0.0,0.0,0.0,0.0,0.0,0.0,0.0,0.0,0.0,0.0,0.0,0.0,0.014888337468982634,0.893300248138958,9.617866004962782,15.528535980148886,3.826302729528537,0.11910669975186107,0.4082,0.01327,0.0,0.0,0.0,0.0,0.0,0.0,0.0,0.0,0.0,0.0,0.0,7.781128823782841,21.365790607496773,0.8530805687203793,0.0,0.0,0.0,0.0,0.0,0.0,0.0,0.0,0.0,0.0,0.0,0.0,0.0,0.0,0.0,0.0,0.4077,0.013245,0.0,0.0,0.0,0.0,0.0,0.0,0.0,0.0,0.0,0.0,0.044665012406947896,8.352357320099243,20.784119106699755,0.8188585607940448,0.0,0.0,0.0,0.0,0.0,0.0,0.0,0.0,0.0,0.0,0.0,0.0,0.0,0.0,0.0,0.0
78200,4213,2187,0.5191075243294564,1012,851,0.4422027059102777,1182,0.561120341799193,0.442,3.0306021717670286,3.2399973390168624,6.9321100917431195,2.2218630389892615,8300.537839595907,430.7709053331227,7853.0,8732.912631863355,8715.129363611137,5.91756858521327,7853.0,0.0,27.805126987894614,20.8814030973449,32.606026471416506,19.23653936979827,0.13743175884168052,0.09660574412532637,0.10372656064562069,0.08806076430097318,0.08212675053406124,0.07002136244956088,0.07168288630429623,0.062425824827913604,0.05625445051032518,0.05221932114882506,0.046285307381913124,0.03797768810823641,0.034892000949442205,0.025160218371706622,0.016140517446000476,0.010918585331117968,0.008070258723000238,0.9099199217004729,0.023085289261138082,0.0,0.0,0.0,0.0,0.0,0.0,0.0,0.0,0.0,0.0,0.0,0.0,0.0,0.0,0.0,0.0,0.0,0.0,0.0,0.0,0.0,0.0,0.0,0.0,0.014241633040588658,1.0040351293615004,8.922383099928794,15.26703061951104,4.628530738191314,0.16377877996676954,4.374023074060291,2.9867033710489954,nan,nan,nan,4.392481203007518,3.0083998709415707,4.3547197640118,2.965929915001504,0.9914031643505126,0.4072,0.0134,0.0,0.0,0.0,0.0,0.0,0.0,0.0,0.0,0.0,0.0,0.014241633040588658,9.036316164253487,20.223118917635894,0.7263232850700214,0.0,0.0,0.0,0.0,0.0,0.0,0.0,0.0,0.0,0.0,0.0,0.0,0.0,0.0,0.0,0.0,nan,nan,4.374023074060291,2.9867033710489954,nan,0.4072,0.06003,0.0,0.0,0.0,0.0,0.0,0.0,0.0,0.0,0.0,0.0,0.0,0.0,0.0,0.0,0.0,0.0,0.0,0.0,0.0,0.0,0.0,1.1868027533823878e-05,0.0,1.1868027533823878e-05,0.0,0.0011393306432470923,0.0065155471160693096,0.004391170187514835,0.007571801566579634,0.03253026347021125,0.018525990980299074,0.004450510325183955,0.01704248753857109,0.015689532399715166,0.02497032993116544,0.03668407310704961,0.06153572276287681,0.08445288393069073,0.049643959173985286,0.07831711369570378,0.06851412295276525,0.05632565867552813,0.07373605506764776,0.05877047234749585,0.04789935912651317,0.036494184666508424,0.04687870875860432,0.022739140754806552,0.021030144789935912,0.04185853311179682,0.022596724424400666,0.02543318300498457,0.011405174460004747,0.00878234037502967,0.0015191075243294564,0.0035366722050795157,0.008165202943270828,0.0002610966057441253,0.0005696653216235462,0.0,0.0,0.0,0.0,0.0,0.0,0.0,0.0,0.0,0.0,0.0,0.0,0.0,0.0,0.0,0.0,0.0,0.0,0.0,0.0,0.0,0.0,0.0,0.0,0.0,0.0,0.0,0.0,0.0,0.0,0.0,0.0,0.0,0.0,0.0,0.0,0.0,0.0,0.0,0.0,0.0,0.0,nan,nan,4.374023074060291,2.9867033710489954,nan,0.9099757912554695,0.023510591967479483,0.0,0.0,0.0,0.0,0.0,0.0,0.0,0.0,0.0,0.0,0.0,0.0,0.0,0.0,0.0,0.0,0.0,0.0,0.0,0.0,0.0,0.0,0.0,0.0,0.02743484224965707,1.001371742112483,9.06721536351166,14.897119341563789,4.828532235939644,0.17832647462277096,0.9098596123634651,0.022617059819860914,0.0,0.0,0.0,0.0,0.0,0.0,0.0,0.0,0.0,0.0,0.0,0.0,0.0,0.0,0.0,0.0,0.0,0.0,0.0,0.0,0.0,0.0,0.0,0.0,0.0,1.0069101678183616,8.766041461006912,15.666337611056273,4.41263573543929,0.1480750246791708,0.407,0.01355,0.0,0.0,0.0,0.0,0.0,0.0,0.0,0.0,0.0,0.0,0.013717421124828535,9.108367626886132,20.274348422496573,0.6035665294924555,0.0,0.0,0.0,0.0,0.0,0.0,0.0,0.0,0.0,0.0,0.0,0.0,0.0,0.0,0.0,0.0,0.4072,0.01323,0.0,0.0,0.0,0.0,0.0,0.0,0.0,0.0,0.0,0.0,0.014807502467917082,8.95853899308982,20.167818361303063,0.8588351431391907,0.0,0.0,0.0,0.0,0.0,0.0,0.0,0.0,0.0,0.0,0.0,0.0,0.0,0.0,0.0,0.0
78300,4528,2316,0.5114840989399293,1082,920,0.44213780918727913,1273,0.5622791519434629,0.422,2.9425858951175408,3.1128349771942765,6.666666666666667,2.089166590827236,8294.058108509034,431.0614112943125,7853.0,8734.55303364396,8715.310498846675,5.791819021925501,7853.0,0.0,27.91983215547703,21.10788530936513,33.17029755579171,19.286033110296145,0.14620141342756185,0.10136925795053003,0.08613074204946997,0.08303886925795052,0.08723498233215547,0.07663427561837456,0.06956713780918727,0.05234098939929328,0.06316254416961131,0.05234098939929328,0.04571554770318021,0.03776501766784452,0.033789752650176676,0.02561837455830389,0.019213780918727916,0.012367491166077738,0.007508833922261484,0.9106724334373912,0.022956344438834552,0.0,0.0,0.0,0.0,0.0,0.0,0.0,0.0,0.0,0.0,0.0,0.0,0.0,0.0,0.0,0.0,0.0,0.0,0.0,0.0,0.0,0.0,0.0,0.0,0.006625441696113076,0.7685512367491169,8.79196113074205,15.59628975265018,4.584805653710248,0.2517667844522969,4.313550600343053,2.910996172101901,nan,nan,nan,4.375086028905712,2.9057905634298242,4.2523939808481535,2.914873718859785,0.9719566547384564,0.4072,0.01299,0.0,0.0,0.0,0.0,0.0,0.0,0.0,0.0,0.0,0.0,0.03312720848056538,8.487190812720835,20.823763250883395,0.6559187279151945,0.0,0.0,0.0,0.0,0.0,0.0,0.0,0.0,0.0,0.0,0.0,0.0,0.0,0.0,0.0,0.0,nan,nan,4.313550600343053,2.910996172101901,nan,0.4072,0.05957,0.0,0.0,0.0,0.0,0.0,0.0,0.0,0.0,0.0,0.0,0.0,0.0,0.0,0.0,0.0,0.0,0.0,0.0,0.0,0.0,0.0,0.0,0.0,0.0,0.0,0.0006625441696113075,0.0061727031802120145,0.005565371024734983,0.007188604240282686,0.033635159010600706,0.017767226148409893,0.00357773851590106,0.016309628975265018,0.014686395759717315,0.02475706713780919,0.036528268551236746,0.059109982332155475,0.08454063604240283,0.052009717314487634,0.0767226148409894,0.06876104240282685,0.05799469964664311,0.07274734982332155,0.06194787985865725,0.048100706713780916,0.03674911660777385,0.04961351590106007,0.020571996466431094,0.021665194346289753,0.04308745583038869,0.022890901060070672,0.024558303886925797,0.01114178445229682,0.007862190812720849,0.0020207597173144878,0.0028599823321554772,0.00715547703180212,0.0004085689045936396,0.0006073321554770318,0.0,0.0,2.2084805653710246e-05,0.0,0.0,0.0,0.0,0.0,0.0,0.0,0.0,0.0,0.0,0.0,0.0,0.0,0.0,0.0,0.0,0.0,0.0,0.0,0.0,0.0,0.0,0.0,0.0,0.0,0.0,0.0,0.0,0.0,0.0,0.0,0.0,0.0,0.0,0.0,0.0,0.0,0.0,0.0,nan,nan,4.313550600343053,2.910996172101901,nan,0.9106186903459832,0.02300432773526445,0.0,0.0,0.0,0.0,0.0,0.0,0.0,0.0,0.0,0.0,0.0,0.0,0.0,0.0,0.0,0.0,0.0,0.0,0.0,0.0,0.0,0.0,0.0,0.0,0.012953367875647671,0.8419689119170987,8.717616580310882,15.544041450777206,4.702072538860104,0.18134715025906742,0.9107287033287569,0.022905862304940815,0.0,0.0,0.0,0.0,0.0,0.0,0.0,0.0,0.0,0.0,0.0,0.0,0.0,0.0,0.0,0.0,0.0,0.0,0.0,0.0,0.0,0.0,0.0,0.0,0.0,0.6916817359855335,8.86980108499096,15.65099457504521,4.462025316455697,0.32549728752260404,0.4072,0.01313,0.0,0.0,0.0,0.0,0.0,0.0,0.0,0.0,0.0,0.0,0.051813471502590684,8.406735751295324,20.85492227979275,0.6865284974093266,0.0,0.0,0.0,0.0,0.0,0.0,0.0,0.0,0.0,0.0,0.0,0.0,0.0,0.0,0.0,0.0,0.4075,0.01284,0.0,0.0,0.0,0.0,0.0,0.0,0.0,0.0,0.0,0.0,0.013562386980108502,8.571428571428559,20.791139240506332,0.623869801084991,0.0,0.0,0.0,0.0,0.0,0.0,0.0,0.0,0.0,0.0,0.0,0.0,0.0,0.0,0.0,0.0
78400,4646,2412,0.5191562634524322,1136,939,0.4466207490314249,1325,0.5703831252690487,0.40599999999999997,2.9735899731423454,3.053641720417859,6.358895705521473,2.2015117522415433,8300.667548899966,430.8530383784531,7853.0,8736.27468317151,8715.298272051925,5.825967385010325,7853.0,0.0,28.42143779595351,20.97912592710707,33.23206106870229,19.22437728540349,0.1353852776582006,0.09556607834696514,0.09535083943176927,0.08049935428325442,0.08071459319845029,0.08179078777442962,0.06650882479552303,0.06564786913473956,0.062204046491605686,0.05208781747739991,0.04197158846319415,0.04283254412397761,0.034438226431338786,0.026904864399483426,0.016788635385277657,0.013560051657339646,0.007748600947051227,0.9108411519115873,0.02246272759142293,0.0,0.0,0.0,0.0,0.0,0.0,0.0,0.0,0.0,0.0,0.0,0.0,0.0,0.0,0.0,0.0,0.0,0.0,0.0,0.0,0.0,0.0,0.0,0.0,0.0,0.7942315970727509,8.568661213947482,15.73611708996987,4.746018080068877,0.15497201894102455,4.136887133925633,2.824064254151888,nan,nan,nan,4.091443500979752,2.796517138464129,4.183023872679045,2.851018410245261,1.0223833890599645,0.4072,0.01301,0.0,0.0,0.0,0.0,0.0,0.0,0.0,0.0,0.0,0.0,0.025828669823504097,8.691347395609114,20.6564786913474,0.6263452432199743,0.0,0.0,0.0,0.0,0.0,0.0,0.0,0.0,0.0,0.0,0.0,0.0,0.0,0.0,0.0,0.0,nan,nan,4.136887133925633,2.824064254151888,nan,0.4072,0.0595,0.0,0.0,0.0,0.0,0.0,0.0,0.0,0.0,0.0,0.0,0.0,0.0,0.0,0.0,0.0,0.0,0.0,0.0,0.0,0.0,0.0,0.0,0.0,0.0,9.685751183814034e-05,0.0006995264743865691,0.0068123116659492035,0.005068876452862678,0.006155832974601808,0.03614937580714593,0.018338355574687902,0.004035729659922514,0.01522815325010762,0.014216530348687043,0.02295523030563926,0.037763667671114935,0.058405079638398624,0.0829530779164873,0.050624192854068016,0.07605467068445974,0.06974817046922084,0.06272061988807577,0.07198665518725786,0.05984718037021093,0.05026904864399483,0.035772707705553165,0.05051657339647008,0.02107188979767542,0.020512268618166164,0.04441455015066724,0.024235901851054672,0.022998278088678433,0.0113646147223418,0.006661644425312097,0.002098579423159707,0.0023783900129143347,0.006876883340507964,0.00035514421007318124,0.000581145071028842,0.0,0.0,3.228583727938011e-05,0.0,0.0,0.0,0.0,0.0,0.0,0.0,0.0,0.0,0.0,0.0,0.0,0.0,0.0,0.0,0.0,0.0,0.0,0.0,0.0,0.0,0.0,0.0,0.0,0.0,0.0,0.0,0.0,0.0,0.0,0.0,0.0,0.0,0.0,0.0,0.0,0.0,0.0,0.0,nan,nan,4.136887133925633,2.824064254151888,nan,0.9107252186655406,0.022782219227316877,0.0,0.0,0.0,0.0,0.0,0.0,0.0,0.0,0.0,0.0,0.0,0.0,0.0,0.0,0.0,0.0,0.0,0.0,0.0,0.0,0.0,0.0,0.0,0.0,0.0,0.883084577114428,8.756218905472638,15.360696517412938,4.863184079601991,0.13681592039800997,0.9109663224529772,0.022111915293924395,0.0,0.0,0.0,0.0,0.0,0.0,0.0,0.0,0.0,0.0,0.0,0.0,0.0,0.0,0.0,0.0,0.0,0.0,0.0,0.0,0.0,0.0,0.0,0.0,0.0,0.6982990152193377,8.366159355416295,16.141450313339305,4.619516562220234,0.17457475380483442,0.407,0.012955,0.0,0.0,0.0,0.0,0.0,0.0,0.0,0.0,0.0,0.0,0.012437810945273634,8.5323383084577,20.945273631840802,0.509950248756219,0.0,0.0,0.0,0.0,0.0,0.0,0.0,0.0,0.0,0.0,0.0,0.0,0.0,0.0,0.0,0.0,0.4072,0.01306,0.0,0.0,0.0,0.0,0.0,0.0,0.0,0.0,0.0,0.0,0.04028648164726948,8.86302596239927,20.344673231871088,0.7520143240823637,0.0,0.0,0.0,0.0,0.0,0.0,0.0,0.0,0.0,0.0,0.0,0.0,0.0,0.0,0.0,0.0
78500,4428,2293,0.5178410117434508,1077,872,0.4401535682023487,1223,0.552393857271906,0.426,2.9395784543325525,3.089546143473267,6.489075630252101,2.2163180124014676,8299.35495516887,430.7221089964647,7853.0,8733.29169999957,8714.953659610881,5.728629323899689,7853.0,0.0,27.990063233965675,20.92129162518655,33.1019745739789,19.11322240356104,0.14046973803071364,0.10546522131887985,0.08378500451671184,0.08965672990063234,0.07746160794941283,0.07904245709123758,0.06775067750677506,0.06097560975609756,0.055781391147244806,0.0503613369467028,0.053297199638663056,0.04358626919602529,0.03071364046973803,0.028681120144534777,0.016034327009936768,0.011065943992773261,0.005871725383920506,0.9095974874824905,0.022921382591179627,0.0,0.0,0.0,0.0,0.0,0.0,0.0,0.0,0.0,0.0,0.0,0.0,0.0,0.0,0.0,0.0,0.0,0.0,0.0,0.0,0.0,0.0,0.0,0.0,0.006775067750677508,0.8604336043360435,9.390243902439027,15.27777777777778,4.26829268292683,0.19647696476964774,4.26699542092286,2.8524608849227464,nan,nan,nan,4.268615170494085,2.8801524335516664,4.265335235378031,2.8237952744660078,0.9992316161131775,0.406,0.01312,0.0,0.0,0.0,0.0,0.0,0.0,0.0,0.0,0.0,0.0,0.013550135501355016,9.76964769647695,19.64769647696477,0.5623306233062332,0.006775067750677508,0.0,0.0,0.0,0.0,0.0,0.0,0.0,0.0,0.0,0.0,0.0,0.0,0.0,0.0,0.0,nan,nan,4.26699542092286,2.8524608849227464,nan,0.406,0.05945,0.0,0.0,0.0,0.0,0.0,0.0,0.0,0.0,0.0,0.0,0.0,0.0,0.0,0.0,0.0,0.0,0.0,0.0,0.0,0.0,0.0,0.0,0.0,0.0,9.03342366757001e-05,0.0007678410117434507,0.006808943089430895,0.006063685636856369,0.008152664859981933,0.035896567299006324,0.018687895212285456,0.0044489611562782295,0.01465672990063234,0.013030713640469737,0.02193992773261066,0.04017615176151761,0.05814137308039747,0.08250903342366757,0.05213414634146341,0.07804878048780488,0.0703929539295393,0.06287262872628727,0.0712962962962963,0.0634936766034327,0.05094850948509485,0.03394308943089431,0.046612466124661245,0.021025293586269197,0.019308943089430895,0.04400406504065041,0.023848238482384824,0.02149954832881662,0.010546522131887986,0.005973351400180668,0.00260840108401084,0.0023938572719060525,0.006357271906052394,0.0003952122854561879,0.0009033423667570009,1.1291779584462512e-05,0.0,0.0,1.1291779584462512e-05,0.0,0.0,0.0,0.0,0.0,0.0,0.0,0.0,0.0,0.0,0.0,0.0,0.0,0.0,0.0,0.0,0.0,0.0,0.0,0.0,0.0,0.0,0.0,0.0,0.0,0.0,0.0,0.0,0.0,0.0,0.0,0.0,0.0,0.0,0.0,0.0,0.0,0.0,nan,nan,4.26699542092286,2.8524608849227464,nan,0.910072792631749,0.022714027579442485,0.0,0.0,0.0,0.0,0.0,0.0,0.0,0.0,0.0,0.0,0.0,0.0,0.0,0.0,0.0,0.0,0.0,0.0,0.0,0.0,0.0,0.0,0.0,0.0,0.0,0.8634976013955519,9.158307893589186,15.503706934147408,4.2913214129960755,0.18316615787178375,0.9090870075259332,0.023131138618355557,0.0,0.0,0.0,0.0,0.0,0.0,0.0,0.0,0.0,0.0,0.0,0.0,0.0,0.0,0.0,0.0,0.0,0.0,0.0,0.0,0.0,0.0,0.0,0.0,0.014051522248243563,0.8571428571428573,9.639344262295083,15.035128805620612,4.243559718969556,0.21077283372365344,0.4062,0.01311,0.0,0.0,0.0,0.0,0.0,0.0,0.0,0.0,0.0,0.0,0.0,9.668556476231997,19.729611862189273,0.6018316615787179,0.0,0.0,0.0,0.0,0.0,0.0,0.0,0.0,0.0,0.0,0.0,0.0,0.0,0.0,0.0,0.0,0.406,0.01312,0.0,0.0,0.0,0.0,0.0,0.0,0.0,0.0,0.0,0.0,0.028103044496487126,9.878220140515209,19.55971896955504,0.5199063231850118,0.014051522248243563,0.0,0.0,0.0,0.0,0.0,0.0,0.0,0.0,0.0,0.0,0.0,0.0,0.0,0.0,0.0
78600,4445,2336,0.5255343082114735,1098,912,0.45219347581552305,1247,0.5610798650168729,0.418,3.0,3.029020375983353,6.412438625204583,2.079462927344559,8306.040642773107,430.48636507318673,7853.0,8737.117526227235,8715.057216235637,5.750610450391264,7853.0,0.0,28.41552305961755,21.186076507337965,33.421996253679424,19.388576924260473,0.13858267716535433,0.09718785151856019,0.08976377952755905,0.08616422947131609,0.08076490438695164,0.07311586051743532,0.07109111361079865,0.06771653543307087,0.05376827896512936,0.0515185601799775,0.049718785151856015,0.03734533183352081,0.034420697412823394,0.02924634420697413,0.01777277840269966,0.013723284589426323,0.008098987626546681,0.9115005013913218,0.022454605562820664,0.0,0.0,0.0,0.0,0.0,0.0,0.0,0.0,0.0,0.0,0.0,0.0,0.0,0.0,0.0,0.0,0.0,0.0,0.0,0.0,0.0,0.0,0.0,0.0,0.01349831271091114,0.6344206974128235,8.517435320584928,15.826771653543311,4.805399325084365,0.2024746906636671,4.179135209334248,2.8260293355392814,nan,nan,nan,4.22168840082361,2.832960555487097,4.136582017844887,2.818438673006664,0.9798406763127947,0.4058,0.0132,0.0,0.0,0.0,0.0,0.0,0.0,0.0,0.0,0.0,0.0,0.02699662542182228,10.238470191226082,19.14735658042745,0.5871766029246345,0.0,0.0,0.0,0.0,0.0,0.0,0.0,0.0,0.0,0.0,0.0,0.0,0.0,0.0,0.0,0.0,nan,nan,4.179135209334248,2.8260293355392814,nan,0.4058,0.05963,0.0,0.0,0.0,0.0,0.0,0.0,0.0,0.0,0.0,0.0,0.0,0.0,0.0,0.0,0.0,0.0,0.0,0.0,0.0,0.0,0.0,0.0,5.62429696287964e-05,2.249718785151856e-05,7.874015748031496e-05,0.0007424071991001125,0.006906636670416198,0.007829021372328458,0.00874015748031496,0.035568053993250845,0.018008998875140608,0.0037907761529808776,0.013048368953880765,0.012463442069741282,0.021214848143982,0.041833520809898765,0.062080989876265466,0.08457817772778403,0.05341957255343082,0.0744206974128234,0.07028121484814398,0.06147356580427447,0.06743532058492688,0.06604049493813273,0.05358830146231721,0.034938132733408324,0.045388076490438696,0.020427446569178852,0.02,0.04161979752530934,0.022710911136107986,0.0215748031496063,0.00998875140607424,0.0059392575928009,0.0032395950506186725,0.002294713160854893,0.0068166479190101235,0.00042744656917885265,0.0010123734533183351,0.0,0.0,0.0,0.0,0.0,0.0,0.0,0.0,0.0,0.0,0.0,0.0,0.0,0.0,0.0,0.0,0.0,0.0,0.0,0.0,0.0,0.0,0.0,0.0,0.0,0.0,0.0,0.0,0.0,0.0,0.0,0.0,0.0,0.0,0.0,0.0,0.0,0.0,0.0,0.0,0.0,0.0,nan,nan,4.179135209334248,2.8260293355392814,nan,0.9112316222019392,0.0225912854829932,0.0,0.0,0.0,0.0,0.0,0.0,0.0,0.0,0.0,0.0,0.0,0.0,0.0,0.0,0.0,0.0,0.0,0.0,0.0,0.0,0.0,0.0,0.0,0.0,0.02568493150684932,0.7320205479452057,8.501712328767125,15.65496575342466,4.9315068493150696,0.15410958904109592,0.9117983211098604,0.022298452412089633,0.0,0.0,0.0,0.0,0.0,0.0,0.0,0.0,0.0,0.0,0.0,0.0,0.0,0.0,0.0,0.0,0.0,0.0,0.0,0.0,0.0,0.0,0.0,0.0,0.0,0.5263157894736843,8.534850640113799,16.01706970128023,4.665718349928877,0.256045519203414,0.4055,0.01319,0.0,0.0,0.0,0.0,0.0,0.0,0.0,0.0,0.0,0.0,0.03852739726027398,10.286815068493135,19.07106164383562,0.603595890410959,0.0,0.0,0.0,0.0,0.0,0.0,0.0,0.0,0.0,0.0,0.0,0.0,0.0,0.0,0.0,0.0,0.4058,0.01322,0.0,0.0,0.0,0.0,0.0,0.0,0.0,0.0,0.0,0.0,0.014224751066856334,10.184921763869117,19.231863442389763,0.5689900426742533,0.0,0.0,0.0,0.0,0.0,0.0,0.0,0.0,0.0,0.0,0.0,0.0,0.0,0.0,0.0,0.0
78700,4129,2180,0.5279728747880843,1056,820,0.454347299588278,1131,0.5478324049406637,0.446,3.0677270395074396,3.1814511817324904,6.760747663551402,2.150147006899665,8308.194600644578,430.42382698380555,7853.0,8737.001952165365,8715.155278009846,5.898248283070798,7853.0,0.0,28.128602567207555,20.959952773228018,33.18531367447239,19.136748755091215,0.14095422620489223,0.10050859772341972,0.08694599176556067,0.08282877209978202,0.07822717364979413,0.08234439331557278,0.06950835553402761,0.06781302978929522,0.06078953741826108,0.04746912085250666,0.04553160571566965,0.04335190118672802,0.032211189149915234,0.023492371034148703,0.018890772584160814,0.009687575684185032,0.009445386292080407,0.9115927558194699,0.022916160134446906,0.0,0.0,0.0,0.0,0.0,0.0,0.0,0.0,0.0,0.0,0.0,0.0,0.0,0.0,0.0,0.0,0.0,0.0,0.0,0.0,0.0,0.0,0.0,0.0,0.014531363526277553,0.8210220392346818,8.399128118188425,15.584887381932674,4.933397917171229,0.2470331799467184,4.253542132736763,2.9351422725705816,nan,nan,nan,4.2811094452773615,2.915293895864722,4.2279138827023015,2.9548734722201364,0.9875743511687743,0.4053,0.013145,0.0,0.0,0.0,0.0,0.0,0.0,0.0,0.0,0.0,0.0,0.03632840881569388,10.469847420682958,18.898038265923955,0.5957859045773796,0.0,0.0,0.0,0.0,0.0,0.0,0.0,0.0,0.0,0.0,0.0,0.0,0.0,0.0,0.0,0.0,nan,nan,4.253542132736763,2.9351422725705816,nan,0.4053,0.06012,0.0,0.0,0.0,0.0,0.0,0.0,0.0,0.0,0.0,0.0,0.0,0.0,0.0,0.0,0.0,0.0,0.0,0.0,0.0,0.0,0.0,0.0,0.0,1.210946960523129e-05,0.0,0.0004480503753935578,0.0076410753209009445,0.00787115524340034,0.009009445386292081,0.03649794139016711,0.02015015742310487,0.0032211189149915233,0.012509082102203924,0.01276338096391378,0.02203923468152095,0.04358198110922742,0.06233954952773069,0.08075805279728748,0.054359409057883265,0.07429159602809397,0.06822475175587309,0.0626543957374667,0.06626301767982562,0.06565754419956406,0.05465003632840881,0.03405182852991039,0.044708161782513925,0.020307580527972876,0.019072414628239283,0.04103899249212885,0.02196657786388956,0.0227173649794139,0.010244611286025673,0.006224267377088884,0.0033906514894647614,0.0021797045289416324,0.0075563090336643254,0.00033906514894647613,0.0012593848389440543,0.0,0.0,0.0,0.0,0.0,0.0,0.0,0.0,0.0,0.0,0.0,0.0,0.0,0.0,0.0,0.0,0.0,0.0,0.0,0.0,0.0,0.0,0.0,0.0,0.0,0.0,0.0,0.0,0.0,0.0,0.0,0.0,0.0,0.0,0.0,0.0,0.0,0.0,0.0,0.0,0.0,0.0,nan,nan,4.253542132736763,2.9351422725705816,nan,0.9118121866512736,0.0233022201692092,0.0,0.0,0.0,0.0,0.0,0.0,0.0,0.0,0.0,0.0,0.0,0.0,0.0,0.0,0.0,0.0,0.0,0.0,0.0,0.0,0.0,0.0,0.0,0.0,0.02752293577981652,0.8256880733944956,8.311926605504588,15.509174311926609,5.050458715596331,0.2752293577981652,0.9113473175365904,0.022473949967577626,0.0,0.0,0.0,0.0,0.0,0.0,0.0,0.0,0.0,0.0,0.0,0.0,0.0,0.0,0.0,0.0,0.0,0.0,0.0,0.0,0.0,0.0,0.0,0.0,0.0,0.8158029758850694,8.496664956387892,15.669574140584919,4.8024628014366355,0.21549512570549006,0.4053,0.013275,0.0,0.0,0.0,0.0,0.0,0.0,0.0,0.0,0.0,0.0,0.05504587155963304,10.555045871559617,18.756880733944957,0.6330275229357799,0.0,0.0,0.0,0.0,0.0,0.0,0.0,0.0,0.0,0.0,0.0,0.0,0.0,0.0,0.0,0.0,0.4053,0.01301,0.0,0.0,0.0,0.0,0.0,0.0,0.0,0.0,0.0,0.0,0.015392508978963574,10.374551051821433,19.055926115956904,0.5541303232426886,0.0,0.0,0.0,0.0,0.0,0.0,0.0,0.0,0.0,0.0,0.0,0.0,0.0,0.0,0.0,0.0
78800,4381,2235,0.5101574982880621,1050,911,0.4476146998402191,1252,0.5715590047934261,0.414,3.036812674743709,3.1515090394697984,6.691813804173354,2.1763460071549297,8292.718044312849,430.8948922752137,7853.0,8734.631944561004,8714.926063594896,5.927358219715353,7853.0,0.0,27.92170737274595,20.74866799050591,32.77648333784882,18.993008729238394,0.13604199954348323,0.09632503994521799,0.09655329833371376,0.09153161378680666,0.08445560374343757,0.07053184204519516,0.06824925816023739,0.06551015749828806,0.06048847295138096,0.04587993608765122,0.046108194476146995,0.04336909381419767,0.03583656699383703,0.0280757817849806,0.017119379137183293,0.008445560374343757,0.005478201323898653,0.9104143614312934,0.022887447606396098,0.0,0.0,0.0,0.0,0.0,0.0,0.0,0.0,0.0,0.0,0.0,0.0,0.0,0.0,0.0,0.0,0.0,0.0,0.0,0.0,0.0,0.0,0.0,0.0,0.013695503309746636,0.7601004336909384,8.97740241953892,15.626569276420911,4.35517005249943,0.2670623145400594,4.264290755116443,2.8751389904985767,nan,nan,nan,4.222612359550562,2.875999079218814,4.305890702625976,2.874616783441801,1.0197219957657393,0.4055,0.01312,0.0,0.0,0.0,0.0,0.0,0.0,0.0,0.0,0.0,0.0,0.04108650992923991,10.120976945902747,19.31750741839763,0.5204291257703721,0.0,0.0,0.0,0.0,0.0,0.0,0.0,0.0,0.0,0.0,0.0,0.0,0.0,0.0,0.0,0.0,nan,nan,4.264290755116443,2.8751389904985767,nan,0.4055,0.0602,0.0,0.0,0.0,0.0,0.0,0.0,0.0,0.0,0.0,0.0,0.0,0.0,0.0,0.0,0.0,0.0,0.0,0.0,0.0,0.0,0.0,0.0,0.0,0.0,1.141291942478886e-05,0.00030814882446929926,0.007954804839077836,0.007897740241953891,0.010043369093814198,0.03587080575211139,0.021022597580461082,0.0022026934489842503,0.012360191737046337,0.010602602145628852,0.02426386669710112,0.04147454918968272,0.06165259073270943,0.08304040173476375,0.05463364528646428,0.07114813969413376,0.06730198584797992,0.0638210454234193,0.06892262040629993,0.06723350833143119,0.05241953891805524,0.03491212052042913,0.04501255421136727,0.02177585026249715,0.018991097922848664,0.03955717872631819,0.022072586167541656,0.021273681807806435,0.010682492581602374,0.005695046792969642,0.003994521798676101,0.0024994293540287604,0.007224377995891349,0.0005021684546907099,0.0015978087194704405,0.0,0.0,2.282583884957772e-05,0.0,0.0,0.0,0.0,0.0,0.0,0.0,0.0,0.0,0.0,0.0,0.0,0.0,0.0,0.0,0.0,0.0,0.0,0.0,0.0,0.0,0.0,0.0,0.0,0.0,0.0,0.0,0.0,0.0,0.0,0.0,0.0,0.0,0.0,0.0,0.0,0.0,0.0,0.0,nan,nan,4.264290755116443,2.8751389904985767,nan,0.9106734942269805,0.023150165296655315,0.0,0.0,0.0,0.0,0.0,0.0,0.0,0.0,0.0,0.0,0.0,0.0,0.0,0.0,0.0,0.0,0.0,0.0,0.0,0.0,0.0,0.0,0.0,0.0,0.026845637583892624,0.7382550335570471,8.91275167785235,15.6510067114094,4.375838926174498,0.29530201342281887,0.9101444817489258,0.022607432124371316,0.0,0.0,0.0,0.0,0.0,0.0,0.0,0.0,0.0,0.0,0.0,0.0,0.0,0.0,0.0,0.0,0.0,0.0,0.0,0.0,0.0,0.0,0.0,0.0,0.0,0.7828518173345762,9.044734389561977,15.601118359739052,4.333643988816403,0.23765144454799633,0.4055,0.01327,0.0,0.0,0.0,0.0,0.0,0.0,0.0,0.0,0.0,0.0,0.05369127516778525,9.879194630872469,19.46308724832215,0.604026845637584,0.0,0.0,0.0,0.0,0.0,0.0,0.0,0.0,0.0,0.0,0.0,0.0,0.0,0.0,0.0,0.0,0.4053,0.01297,0.0,0.0,0.0,0.0,0.0,0.0,0.0,0.0,0.0,0.0,0.027958993476234862,10.372786579683115,19.165890027958998,0.43336439888164036,0.0,0.0,0.0,0.0,0.0,0.0,0.0,0.0,0.0,0.0,0.0,0.0,0.0,0.0,0.0,0.0
78900,4231,2176,0.5142992200425431,1016,839,0.43843063105648783,1145,0.5412432049160955,0.434,2.9678832116788323,3.169492678706655,6.723327305605786,2.168602635792662,8296.143923480715,430.66600378384317,7853.0,8732.411797726154,8714.646112245819,5.664981847111908,7853.0,0.0,27.877806665090993,21.244075882815697,33.21025641025641,19.404795944102567,0.15197352871661546,0.09595840226896715,0.09406759631292838,0.08343181281021035,0.07752304419758922,0.07539588749704562,0.06523280548333728,0.06428740250531789,0.05105176081304656,0.057196880170172534,0.04608839517844481,0.03994327582131884,0.030725596785629875,0.027416686362562042,0.01914441030489246,0.01276294020326164,0.007799574568659891,0.9099458755682727,0.02226661033157993,0.0,0.0,0.0,0.0,0.0,0.0,0.0,0.0,0.0,0.0,0.0,0.0,0.0,0.0,0.0,0.0,0.0,0.0,0.0,0.0,0.0,0.0,0.0,0.0,0.0,0.7515953675254079,9.274403214370126,15.56369652564406,4.275584968092651,0.13471992436776178,4.339192221391174,2.9435827451273466,nan,nan,nan,4.357784431137724,2.9838611607418932,4.322363500373972,2.90307928892241,0.9918718029027184,0.405,0.01299,0.0,0.0,0.0,0.0,0.0,0.0,0.0,0.0,0.0,0.0,0.06381470101630822,10.401796265658222,19.10186717088159,0.4325218624438668,0.0,0.0,0.0,0.0,0.0,0.0,0.0,0.0,0.0,0.0,0.0,0.0,0.0,0.0,0.0,0.0,nan,nan,4.339192221391174,2.9435827451273466,nan,0.405,0.06042,0.0,0.0,0.0,0.0,0.0,0.0,0.0,0.0,0.0,0.0,0.0,0.0,0.0,0.0,0.0,0.0,0.0,0.0,0.0,0.0,0.0,0.0,0.0,3.545261167572678e-05,0.0,0.0003427085795320255,0.008697707397778302,0.007965020089813283,0.010375797683762704,0.03648073741432285,0.02187426140392342,0.0016071850626329473,0.013791065941857717,0.011073032380051997,0.02437957929567478,0.0411368470810683,0.05921767903568896,0.08108012290238714,0.05722051524462302,0.07001890805956039,0.06519735287166155,0.06467738123375089,0.06978255731505555,0.06843535807137792,0.052505317891751356,0.03507445048451903,0.046537461593004016,0.021437012526589458,0.01715906405105176,0.03860789411486646,0.021886078941148666,0.02050342708579532,0.011545733869061688,0.00575514062869298,0.004667927203970692,0.0024344126683999052,0.005944221224296857,0.0007563223824155046,0.0017489955093358545,0.0,0.0,4.7270148900969035e-05,0.0,0.0,0.0,0.0,0.0,0.0,0.0,0.0,0.0,0.0,0.0,0.0,0.0,0.0,0.0,0.0,0.0,0.0,0.0,0.0,0.0,0.0,0.0,0.0,0.0,0.0,0.0,0.0,0.0,0.0,0.0,0.0,0.0,0.0,0.0,0.0,0.0,0.0,0.0,nan,nan,4.339192221391174,2.9435827451273466,nan,0.9101045752382454,0.0221692986108638,0.0,0.0,0.0,0.0,0.0,0.0,0.0,0.0,0.0,0.0,0.0,0.0,0.0,0.0,0.0,0.0,0.0,0.0,0.0,0.0,0.0,0.0,0.0,0.0,0.0,0.7031250000000001,9.12683823529412,15.840992647058826,4.177389705882354,0.1516544117647059,0.9097778315381703,0.022367963061317466,0.0,0.0,0.0,0.0,0.0,0.0,0.0,0.0,0.0,0.0,0.0,0.0,0.0,0.0,0.0,0.0,0.0,0.0,0.0,0.0,0.0,0.0,0.0,0.0,0.0,0.8029197080291973,9.43065693430657,15.270072992700733,4.379562043795621,0.11678832116788324,0.4048,0.01315,0.0,0.0,0.0,0.0,0.0,0.0,0.0,0.0,0.0,0.0,0.08272058823529413,10.533088235294102,18.95680147058824,0.42738970588235303,0.0,0.0,0.0,0.0,0.0,0.0,0.0,0.0,0.0,0.0,0.0,0.0,0.0,0.0,0.0,0.0,0.4053,0.01281,0.0,0.0,0.0,0.0,0.0,0.0,0.0,0.0,0.0,0.0,0.04379562043795621,10.262773722627722,19.255474452554747,0.4379562043795622,0.0,0.0,0.0,0.0,0.0,0.0,0.0,0.0,0.0,0.0,0.0,0.0,0.0,0.0,0.0,0.0
79000,4570,2379,0.5205689277899344,1126,936,0.4512035010940919,1283,0.5614879649890591,0.38599999999999995,3.0360565951620266,3.122784127501449,6.649289099526066,2.0661043086852495,8301.665967499479,430.5941907403423,7853.0,8734.646995329857,8714.87619649963,5.878622152751383,7853.0,0.0,28.272428884026258,21.052522762591902,33.42146596858639,19.185068909313944,0.1437636761487965,0.09890590809628008,0.0824945295404814,0.08687089715536105,0.07943107221006565,0.07352297592997811,0.06980306345733042,0.06433260393873086,0.061925601750547045,0.05536105032822757,0.04573304157549234,0.03894967177242888,0.036761487964989056,0.02450765864332604,0.018161925601750548,0.012035010940919038,0.007439824945295405,0.9109684145946211,0.022889119965442715,0.0,0.0,0.0,0.0,0.0,0.0,0.0,0.0,0.0,0.0,0.0,0.0,0.0,0.0,0.0,0.0,0.0,0.0,0.0,0.0,0.0,0.0,0.0,0.0,0.006564551422319476,0.8796498905908098,8.52078774617068,15.636761487964993,4.739606126914661,0.21663019693654273,4.327150084317032,2.8769400327743346,nan,nan,nan,4.371997254632807,2.931894228418933,4.2838196286472146,2.822151529700495,0.9798312714189941,0.405,0.01311,0.0,0.0,0.0,0.0,0.0,0.0,0.0,0.0,0.0,0.0,0.006564551422319476,10.80525164113784,18.66958424507659,0.5185995623632386,0.0,0.0,0.0,0.0,0.0,0.0,0.0,0.0,0.0,0.0,0.0,0.0,0.0,0.0,0.0,0.0,nan,nan,4.327150084317032,2.8769400327743346,nan,0.405,0.06067,0.0,0.0,0.0,0.0,0.0,0.0,0.0,0.0,0.0,0.0,0.0,0.0,0.0,0.0,0.0,0.0,0.0,0.0,0.0,0.0,0.0,0.0,0.0,0.0,2.188183807439825e-05,0.0004814004376367615,0.01024070021881838,0.008654266958424507,0.010984682713347921,0.036236323851203504,0.020831509846827134,0.0016301969365426696,0.012735229759299782,0.010820568927789934,0.024945295404814005,0.042045951859956236,0.05723194748358862,0.07781181619256017,0.056608315098468275,0.07388402625820568,0.06607221006564551,0.06417943107221007,0.06836980306345733,0.07202407002188184,0.04985776805251641,0.03575492341356674,0.04448577680525164,0.021958424507658645,0.01687089715536105,0.038960612691466084,0.02401531728665208,0.02087527352297593,0.010328227571115975,0.004989059080962801,0.005306345733041576,0.002735229759299781,0.00538293216630197,0.0006783369803063457,0.0019912472647702407,0.0,0.0,0.0,0.0,0.0,0.0,0.0,0.0,0.0,0.0,0.0,0.0,0.0,0.0,0.0,0.0,0.0,0.0,0.0,0.0,0.0,0.0,0.0,0.0,0.0,0.0,0.0,0.0,0.0,0.0,0.0,0.0,0.0,0.0,0.0,0.0,0.0,0.0,0.0,0.0,0.0,0.0,nan,nan,4.327150084317032,2.8769400327743346,nan,0.9111917305263264,0.02311336113557909,0.0,0.0,0.0,0.0,0.0,0.0,0.0,0.0,0.0,0.0,0.0,0.0,0.0,0.0,0.0,0.0,0.0,0.0,0.0,0.0,0.0,0.0,0.0,0.0,0.012610340479192942,0.8953341740226988,8.385876418663305,15.52332912988651,4.943253467843633,0.23959646910466587,0.9107259369125,0.022640628918362,0.0,0.0,0.0,0.0,0.0,0.0,0.0,0.0,0.0,0.0,0.0,0.0,0.0,0.0,0.0,0.0,0.0,0.0,0.0,0.0,0.0,0.0,0.0,0.0,0.0,0.8626198083067095,8.667275216795986,15.759926973984486,4.518484710178002,0.19169329073482433,0.4048,0.013,0.0,0.0,0.0,0.0,0.0,0.0,0.0,0.0,0.0,0.0,0.012610340479192942,11.034047919293805,18.499369482976043,0.45397225725094587,0.0,0.0,0.0,0.0,0.0,0.0,0.0,0.0,0.0,0.0,0.0,0.0,0.0,0.0,0.0,0.0,0.405,0.01322,0.0,0.0,0.0,0.0,0.0,0.0,0.0,0.0,0.0,0.0,0.0,10.55682336832495,18.854404381560933,0.5887722501141033,0.0,0.0,0.0,0.0,0.0,0.0,0.0,0.0,0.0,0.0,0.0,0.0,0.0,0.0,0.0,0.0
79100,4505,2311,0.5129855715871254,1113,888,0.444173140954495,1249,0.5544950055493896,0.40199999999999997,2.956244302643573,3.0931894674608373,6.499197431781702,2.158171450737851,8295.108712615169,430.7916912989158,7853.0,8736.681106740236,8714.834595556615,5.758629789054591,7853.0,0.0,28.267480577136514,20.92472999574945,33.075367647058826,19.18362293847301,0.1362930077691454,0.0972253052164262,0.093007769145394,0.0879023307436182,0.08057713651498336,0.07746947835738069,0.06481687014428412,0.06592674805771365,0.05660377358490566,0.051720310765815763,0.05127635960044395,0.04195338512763596,0.03551609322974473,0.0244173140954495,0.014206437291897892,0.012652608213096559,0.008435072142064372,0.9111025908017132,0.022775712281319124,0.0,0.0,0.0,0.0,0.0,0.0,0.0,0.0,0.0,0.0,0.0,0.0,0.0,0.0,0.0,0.0,0.0,0.0,0.0,0.0,0.0,0.0,0.0,0.0,0.013318534961154276,0.7791342952275252,8.357380688124309,15.802441731409548,4.887902330743619,0.1598224195338513,4.299142367066896,2.888027445068848,nan,nan,nan,4.224447513812155,2.8838058222990433,4.371759890859481,2.890969009537717,1.0348713947955743,0.4048,0.01331,0.0,0.0,0.0,0.0,0.0,0.0,0.0,0.0,0.0,0.0,0.03329633740288569,10.994450610432835,18.486126526082135,0.4861265260821311,0.0,0.0,0.0,0.0,0.0,0.0,0.0,0.0,0.0,0.0,0.0,0.0,0.0,0.0,0.0,0.0,nan,nan,4.299142367066896,2.888027445068848,nan,0.4048,0.06082,0.0,0.0,0.0,0.0,0.0,0.0,0.0,0.0,0.0,0.0,0.0,0.0,0.0,0.0,0.0,0.0,0.0,0.0,0.0,0.0,0.0,0.0,1.1098779134295228e-05,1.1098779134295228e-05,4.439511653718091e-05,0.0009544950055493896,0.011820199778024417,0.007780244173140954,0.011109877913429522,0.036348501664816874,0.02063263041065483,0.0015760266370699223,0.012508324084350722,0.011198668146503884,0.02539400665926748,0.041054384017758044,0.05804661487236404,0.07710321864594895,0.052763596004439514,0.07633740288568258,0.06291897891231965,0.06671476137624861,0.06629300776914539,0.07562708102108769,0.04947835738068813,0.037513873473917866,0.04377358490566038,0.02195338512763596,0.015948945615982243,0.03964483906770255,0.02520532741398446,0.018201997780244172,0.010688124306326305,0.005083240843507214,0.006215316315205327,0.0023640399556048835,0.004905660377358491,0.0005105438401775804,0.0022308546059933406,1.1098779134295228e-05,2.2197558268590455e-05,0.0,0.0,0.0,0.0,0.0,0.0,0.0,0.0,0.0,0.0,0.0,0.0,0.0,0.0,0.0,0.0,0.0,0.0,0.0,0.0,0.0,0.0,0.0,0.0,0.0,0.0,0.0,0.0,0.0,0.0,0.0,0.0,0.0,0.0,0.0,0.0,0.0,0.0,0.0,0.0,nan,nan,4.299142367066896,2.888027445068848,nan,0.9111418801177276,0.022491872208893156,0.0,0.0,0.0,0.0,0.0,0.0,0.0,0.0,0.0,0.0,0.0,0.0,0.0,0.0,0.0,0.0,0.0,0.0,0.0,0.0,0.0,0.0,0.0,0.0,0.0,0.700995240155777,8.29511034184336,16.09692773691043,4.777152747728257,0.1298139333621809,0.9110612062942797,0.023070840352175857,0.0,0.0,0.0,0.0,0.0,0.0,0.0,0.0,0.0,0.0,0.0,0.0,0.0,0.0,0.0,0.0,0.0,0.0,0.0,0.0,0.0,0.0,0.0,0.0,0.02734731084776664,0.8614402917046492,8.422971741112125,15.492251595259802,5.0045578851412955,0.1914311759343665,0.4045,0.01338,0.0,0.0,0.0,0.0,0.0,0.0,0.0,0.0,0.0,0.0,0.02596278667243618,11.215923842492412,18.27780181739507,0.4803115534400693,0.0,0.0,0.0,0.0,0.0,0.0,0.0,0.0,0.0,0.0,0.0,0.0,0.0,0.0,0.0,0.0,0.405,0.01324,0.0,0.0,0.0,0.0,0.0,0.0,0.0,0.0,0.0,0.0,0.04102096627164996,10.761166818596157,18.705560619872383,0.49225159525979956,0.0,0.0,0.0,0.0,0.0,0.0,0.0,0.0,0.0,0.0,0.0,0.0,0.0,0.0,0.0,0.0
79200,4396,2291,0.5211555959963603,1088,893,0.45063694267515925,1250,0.5686988171064604,0.40599999999999997,3.020902612826603,3.1335348275480133,6.623960066555741,2.1642285345636743,8302.194336463275,430.5946140621484,7853.0,8735.530039781332,8714.919818023816,5.839754222995603,7853.0,0.0,28.144904458598727,20.762767517404143,33.009986504723344,18.982203687004642,0.13694267515923567,0.09645131938125569,0.09508644222020018,0.08416742493175614,0.08121019108280254,0.07666060054595086,0.06483166515013648,0.06528662420382166,0.0602820746132848,0.05505004549590537,0.049590536851683346,0.042993630573248405,0.030937215650591446,0.027752502274795268,0.017743403093721567,0.008871701546860783,0.006141947224749773,0.9118657231846108,0.022900875349133244,0.0,0.0,0.0,0.0,0.0,0.0,0.0,0.0,0.0,0.0,0.0,0.0,0.0,0.0,0.0,0.0,0.0,0.0,0.0,0.0,0.0,0.0,0.0,0.0,0.0,0.7029117379435853,8.25068243858053,15.89399454049136,4.831665150136488,0.3207461328480437,4.3430579964850615,2.96334818683622,nan,nan,nan,4.375787263820854,2.9608126661503813,4.310028248587571,2.9655386033976296,0.9849720721624242,0.4045,0.01307,0.0,0.0,0.0,0.0,0.0,0.0,0.0,0.0,0.0,0.0,0.02047315741583258,10.966787989080967,18.575978161965427,0.4367606915377617,0.0,0.0,0.0,0.0,0.0,0.0,0.0,0.0,0.0,0.0,0.0,0.0,0.0,0.0,0.0,0.0,nan,nan,4.3430579964850615,2.96334818683622,nan,0.4045,0.0612,0.0,0.0,0.0,0.0,0.0,0.0,0.0,0.0,0.0,0.0,0.0,0.0,0.0,0.0,0.0,0.0,0.0,0.0,0.0,0.0,0.0,0.0,0.0,0.0,0.0001592356687898089,0.0011828935395814377,0.013034576888080072,0.007199727024567789,0.01105550500454959,0.03879663330300273,0.02064376706096451,0.0015582347588717015,0.01105550500454959,0.011681073703366697,0.024181073703366696,0.04191310282074613,0.05776842584167425,0.07716105550500454,0.05362829845313922,0.07929936305732484,0.06078252957233849,0.06519563239308462,0.06731119199272066,0.07212238398544131,0.051023657870791626,0.03694267515923567,0.043152866242038214,0.02156505914467698,0.01536624203821656,0.03911510464058235,0.025944040036396724,0.01765241128298453,0.013045950864422203,0.004697452229299363,0.006551410373066424,0.0020586897179253865,0.004390354868061874,0.0004435850773430391,0.002217925386715196,0.0,0.00010236578707916287,0.0,0.0,0.0,0.0,0.0,0.0,0.0,0.0,0.0,0.0,0.0,0.0,0.0,0.0,0.0,0.0,0.0,0.0,0.0,0.0,0.0,0.0,0.0,0.0,0.0,0.0,0.0,0.0,0.0,0.0,0.0,0.0,0.0,0.0,0.0,0.0,0.0,0.0,0.0,0.0,nan,nan,4.3430579964850615,2.96334818683622,nan,0.9117543605257464,0.023049466404768404,0.0,0.0,0.0,0.0,0.0,0.0,0.0,0.0,0.0,0.0,0.0,0.0,0.0,0.0,0.0,0.0,0.0,0.0,0.0,0.0,0.0,0.0,0.0,0.0,0.0,0.7594936708860761,8.288956787429072,15.857704059362726,4.779572239196858,0.3142732431252729,0.9119869259644008,0.02273743129691788,0.0,0.0,0.0,0.0,0.0,0.0,0.0,0.0,0.0,0.0,0.0,0.0,0.0,0.0,0.0,0.0,0.0,0.0,0.0,0.0,0.0,0.0,0.0,0.0,0.0,0.641330166270784,8.209026128266036,15.933491686460812,4.888361045130642,0.327790973871734,0.4043,0.013245,0.0,0.0,0.0,0.0,0.0,0.0,0.0,0.0,0.0,0.0,0.0,11.169794849410723,18.398079441292015,0.4321257092972502,0.0,0.0,0.0,0.0,0.0,0.0,0.0,0.0,0.0,0.0,0.0,0.0,0.0,0.0,0.0,0.0,0.4045,0.01286,0.0,0.0,0.0,0.0,0.0,0.0,0.0,0.0,0.0,0.0,0.04275534441805226,10.745843230403786,18.769596199524944,0.44180522565320673,0.0,0.0,0.0,0.0,0.0,0.0,0.0,0.0,0.0,0.0,0.0,0.0,0.0,0.0,0.0,0.0
79300,4152,2162,0.5207129094412332,1004,844,0.44508670520231214,1181,0.5688824662813102,0.43,3.100502512562814,3.180175676817371,6.760539629005059,2.188424486339272,8301.851836303758,430.64802977543076,7853.0,8733.52799707055,8714.994830866422,5.8358152490694915,7853.0,0.0,28.54383429672447,21.152043988094306,33.6683908045977,19.259937895936158,0.1428227360308285,0.08646435452793834,0.09368978805394991,0.0871868978805395,0.08429672447013488,0.0708092485549133,0.06213872832369942,0.06599229287090559,0.05708092485549133,0.05635838150289017,0.04841040462427745,0.04576107899807322,0.03733140655105973,0.024807321772639692,0.01758188824662813,0.010597302504816955,0.008670520231213872,0.9111668893597259,0.022582132033118683,0.0,0.0,0.0,0.0,0.0,0.0,0.0,0.0,0.0,0.0,0.0,0.0,0.0,0.0,0.0,0.0,0.0,0.0,0.0,0.0,0.0,0.0,0.0,0.0,0.021676300578034685,0.7369942196531793,8.41763005780347,16.054913294797693,4.523121387283238,0.2456647398843931,4.25366568914956,2.921031994295281,nan,nan,nan,4.220938628158844,2.9020586219666495,4.287416232315711,2.9400889626353277,1.01574948370805,0.4053,0.012955,0.0,0.0,0.0,0.0,0.0,0.0,0.0,0.0,0.0,0.0,0.007225433526011562,10.317919075144495,19.20520231213873,0.46965317919075156,0.0,0.0,0.0,0.0,0.0,0.0,0.0,0.0,0.0,0.0,0.0,0.0,0.0,0.0,0.0,0.0,nan,nan,4.25366568914956,2.921031994295281,nan,0.4053,0.06104,0.0,0.0,0.0,0.0,0.0,0.0,0.0,0.0,0.0,0.0,0.0,0.0,0.0,0.0,0.0,0.0,0.0,0.0,0.0,0.0,0.0,0.0,1.2042389210019268e-05,0.0,0.00015655105973025048,0.0010958574181117533,0.012463872832369943,0.006153660886319846,0.011693159922928709,0.03760838150289017,0.021519749518304432,0.0016377649325626203,0.01021194605009634,0.012764932562620424,0.023097302504816956,0.041040462427745665,0.057105009633911366,0.075,0.05156551059730251,0.07955202312138729,0.060934489402697495,0.06510115606936416,0.07015895953757226,0.07224229287090558,0.052673410404624275,0.03597061657032755,0.044171483622350675,0.02318159922928709,0.01713631984585742,0.039595375722543354,0.024951830443159923,0.017509633911368016,0.01216281310211946,0.005009633911368015,0.00757466281310212,0.001962909441233141,0.003998073217726397,0.0003371868978805395,0.0026372832369942196,0.0,1.2042389210019268e-05,0.0,0.0,0.0,0.0,0.0,0.0,0.0,0.0,0.0,0.0,0.0,0.0,0.0,0.0,0.0,0.0,0.0,0.0,0.0,0.0,0.0,0.0,0.0,0.0,0.0,0.0,0.0,0.0,0.0,0.0,0.0,0.0,0.0,0.0,0.0,0.0,0.0,0.0,0.0,0.0,nan,nan,4.25366568914956,2.921031994295281,nan,0.9114675902581457,0.022587430700787534,0.0,0.0,0.0,0.0,0.0,0.0,0.0,0.0,0.0,0.0,0.0,0.0,0.0,0.0,0.0,0.0,0.0,0.0,0.0,0.0,0.0,0.0,0.0,0.0,0.013876040703052732,0.6938020351526365,8.242368177613322,16.19333950046254,4.606845513413507,0.24976873265494917,0.9108401982329,0.022571834190157836,0.0,0.0,0.0,0.0,0.0,0.0,0.0,0.0,0.0,0.0,0.0,0.0,0.0,0.0,0.0,0.0,0.0,0.0,0.0,0.0,0.0,0.0,0.0,0.0,0.030150753768844227,0.7839195979899499,8.608040201005027,15.90452261306533,4.432160804020102,0.24120603015075381,0.405,0.01307,0.0,0.0,0.0,0.0,0.0,0.0,0.0,0.0,0.0,0.0,0.013876040703052732,10.740055504162797,18.774283071230347,0.4717853839037929,0.0,0.0,0.0,0.0,0.0,0.0,0.0,0.0,0.0,0.0,0.0,0.0,0.0,0.0,0.0,0.0,0.4055,0.012825,0.0,0.0,0.0,0.0,0.0,0.0,0.0,0.0,0.0,0.0,0.0,9.859296482412045,19.673366834170857,0.46733668341708556,0.0,0.0,0.0,0.0,0.0,0.0,0.0,0.0,0.0,0.0,0.0,0.0,0.0,0.0,0.0,0.0
79400,4287,2190,0.5108467459762072,1030,844,0.437135526008864,1195,0.5574994168416142,0.39399999999999996,3.0295660467334287,3.0665925618575303,6.344667697063369,2.1083990071487917,8293.20077452202,430.77243345594894,7853.0,8735.73207654953,8714.708091495842,5.775842055814577,7853.0,0.0,28.19430837415442,21.00932924570425,33.30432357043236,19.176236041688252,0.14065780265920225,0.09913692558898997,0.09307207837648705,0.086074177746676,0.07721017028224866,0.06997900629811056,0.06997900629811056,0.06344763237695358,0.05598320503848846,0.05808257522743177,0.05178446466060182,0.036855609983671565,0.035456029857709355,0.024725915558665733,0.020527175180779098,0.010496850944716585,0.006531373921156987,0.9106779518259803,0.02300021355927435,0.0,0.0,0.0,0.0,0.0,0.0,0.0,0.0,0.0,0.0,0.0,0.0,0.0,0.0,0.0,0.0,0.0,0.0,0.0,0.0,0.0,0.0,0.0,0.0,0.006997900629811058,0.9097270818754376,8.572428271518547,15.67529741077677,4.618614415675299,0.21693491952414282,4.3447272727272725,2.821553314654539,nan,nan,nan,4.304063860667634,2.7950813685095914,4.383661560904449,2.8474711442879173,1.0184936150609225,0.4053,0.012794,0.0,0.0,0.0,0.0,0.0,0.0,0.0,0.0,0.0,0.0,0.013995801259622116,10.244926522043372,19.335199440167955,0.40587823652904137,0.0,0.0,0.0,0.0,0.0,0.0,0.0,0.0,0.0,0.0,0.0,0.0,0.0,0.0,0.0,0.0,nan,nan,4.3447272727272725,2.821553314654539,nan,0.4053,0.0607,0.0,0.0,0.0,0.0,0.0,0.0,0.0,0.0,0.0,0.0,0.0,0.0,0.0,0.0,0.0,0.0,0.0,0.0,0.0,0.0,0.0,0.0,0.0,2.332633543270352e-05,0.0001749475157452764,0.0008630744110100303,0.012351294611616515,0.005411709820387217,0.011686494051784464,0.037182178679729415,0.020970375554000466,0.0017844646606018195,0.009692092372288314,0.013984138091905761,0.024924189409843714,0.04119430837415442,0.05602985770935386,0.07253324002799161,0.05258922323303009,0.07607884301376254,0.06580359225565664,0.06474224399346863,0.07088873337998601,0.07172848145556333,0.054292045719617446,0.036843946815955216,0.04279216235129461,0.023349661768136225,0.01749475157452764,0.03860508514112433,0.023151387916958244,0.018975973874504316,0.012992768836015862,0.006041520877070212,0.006519710753440634,0.0015395381385584325,0.0036972241660835083,0.00019827385117797994,0.0028691392582225334,0.0,0.0,0.0,0.0,0.0,0.0,0.0,0.0,0.0,0.0,0.0,0.0,0.0,0.0,0.0,0.0,0.0,0.0,0.0,0.0,0.0,0.0,0.0,0.0,0.0,0.0,0.0,0.0,0.0,0.0,0.0,0.0,0.0,0.0,0.0,0.0,0.0,0.0,0.0,0.0,0.0,0.0,nan,nan,4.3447272727272725,2.821553314654539,nan,0.9101051893408441,0.023010813830590983,0.0,0.0,0.0,0.0,0.0,0.0,0.0,0.0,0.0,0.0,0.0,0.0,0.0,0.0,0.0,0.0,0.0,0.0,0.0,0.0,0.0,0.0,0.0,0.0,0.013698630136986304,0.9863013698630139,8.739726027397262,15.49315068493151,4.630136986301371,0.13698630136986303,0.9112761157947208,0.022973899495718868,0.0,0.0,0.0,0.0,0.0,0.0,0.0,0.0,0.0,0.0,0.0,0.0,0.0,0.0,0.0,0.0,0.0,0.0,0.0,0.0,0.0,0.0,0.0,0.0,0.0,0.8297567954220317,8.39771101573677,15.865522174535053,4.606580829756797,0.3004291845493563,0.405,0.01287,0.0,0.0,0.0,0.0,0.0,0.0,0.0,0.0,0.0,0.0,0.0,10.479452054794505,19.109589041095894,0.41095890410958913,0.0,0.0,0.0,0.0,0.0,0.0,0.0,0.0,0.0,0.0,0.0,0.0,0.0,0.0,0.0,0.0,0.4055,0.012726,0.0,0.0,0.0,0.0,0.0,0.0,0.0,0.0,0.0,0.0,0.028612303290414885,9.999999999999986,19.57081545064378,0.4005722460658084,0.0,0.0,0.0,0.0,0.0,0.0,0.0,0.0,0.0,0.0,0.0,0.0,0.0,0.0,0.0,0.0
79500,3984,2070,0.5195783132530121,967,795,0.4422690763052209,1086,0.5451807228915663,0.41,2.925287356321839,3.0879071184172298,6.499075785582255,2.1969772284893025,8300.928905383253,430.7405366638322,7853.0,8735.134112143516,8715.1008497811,5.85706294643803,7853.0,0.0,28.1980421686747,21.112665981386513,33.208433014354064,19.343793143809435,0.1408132530120482,0.09764056224899599,0.09086345381526105,0.08835341365461848,0.0818273092369478,0.07404618473895583,0.0642570281124498,0.06626506024096386,0.0589859437751004,0.04618473895582329,0.048443775100401605,0.041666666666666664,0.035391566265060244,0.02535140562248996,0.02208835341365462,0.010291164658634538,0.007530120481927711,0.9113921135753752,0.022889154593360928,0.0,0.0,0.0,0.0,0.0,0.0,0.0,0.0,0.0,0.0,0.0,0.0,0.0,0.0,0.0,0.0,0.0,0.0,0.0,0.0,0.0,0.0,0.0,0.0,0.03012048192771085,0.6927710843373495,8.614457831325304,15.481927710843378,4.947289156626507,0.23343373493975908,4.225982108129132,2.905198896500734,nan,nan,nan,4.20125786163522,2.9112228605124466,4.250192455735181,2.899083693188668,1.011647605481877,0.4055,0.01347,0.0,0.0,0.0,0.0,0.0,0.0,0.0,0.0,0.0,0.0,0.022590361445783136,10.37650602409637,19.05873493975904,0.5421686746987953,0.0,0.0,0.0,0.0,0.0,0.0,0.0,0.0,0.0,0.0,0.0,0.0,0.0,0.0,0.0,0.0,nan,nan,4.225982108129132,2.905198896500734,nan,0.4053,0.0609,0.0,0.0,0.0,0.0,0.0,0.0,0.0,0.0,0.0,0.0,0.0,0.0,0.0,0.0,0.0,0.0,0.0,0.0,0.0,0.0,0.0,0.0,2.5100401606425704e-05,0.0,0.00032630522088353416,0.0010918674698795182,0.01144578313253012,0.003802710843373494,0.013340863453815261,0.03688504016064257,0.02129769076305221,0.002346887550200803,0.009977409638554216,0.014508032128514056,0.026004016064257028,0.04151606425702811,0.05609939759036144,0.0749121485943775,0.04959839357429719,0.07036897590361446,0.066804718875502,0.06735692771084337,0.07124748995983936,0.07112198795180723,0.053903112449799194,0.03822791164658634,0.04065010040160642,0.022678212851405623,0.018561746987951808,0.0386671686746988,0.022853915662650603,0.01981676706827309,0.013428714859437751,0.005421686746987952,0.006613955823293173,0.0016315261044176706,0.004154116465863454,0.00017570281124497993,0.003137550200803213,0.0,0.0,0.0,0.0,0.0,0.0,0.0,0.0,0.0,0.0,0.0,0.0,0.0,0.0,0.0,0.0,0.0,0.0,0.0,0.0,0.0,0.0,0.0,0.0,0.0,0.0,0.0,0.0,0.0,0.0,0.0,0.0,0.0,0.0,0.0,0.0,0.0,0.0,0.0,0.0,0.0,0.0,nan,nan,4.225982108129132,2.905198896500734,nan,0.9114474177072589,0.023054023673700973,0.0,0.0,0.0,0.0,0.0,0.0,0.0,0.0,0.0,0.0,0.0,0.0,0.0,0.0,0.0,0.0,0.0,0.0,0.0,0.0,0.0,0.0,0.0,0.0,0.01449275362318841,0.6666666666666667,8.507246376811596,15.507246376811597,5.028985507246378,0.27536231884057977,0.9113323018966922,0.02270934910746235,0.0,0.0,0.0,0.0,0.0,0.0,0.0,0.0,0.0,0.0,0.0,0.0,0.0,0.0,0.0,0.0,0.0,0.0,0.0,0.0,0.0,0.0,0.0,0.0,0.04702194357366772,0.7210031347962383,8.730407523510973,15.454545454545459,4.858934169278998,0.18808777429467088,0.4055,0.01325,0.0,0.0,0.0,0.0,0.0,0.0,0.0,0.0,0.0,0.0,0.02898550724637682,10.115942028985494,19.347826086956527,0.5072463768115943,0.0,0.0,0.0,0.0,0.0,0.0,0.0,0.0,0.0,0.0,0.0,0.0,0.0,0.0,0.0,0.0,0.4053,0.01371,0.0,0.0,0.0,0.0,0.0,0.0,0.0,0.0,0.0,0.0,0.015673981191222573,10.658307210031333,18.746081504702197,0.5799373040752352,0.0,0.0,0.0,0.0,0.0,0.0,0.0,0.0,0.0,0.0,0.0,0.0,0.0,0.0,0.0,0.0
79600,4149,2160,0.5206073752711496,1093,806,0.45770065075921906,1133,0.5461557001687154,0.414,2.8893916540975364,3.06241969052837,6.373913043478261,2.10696926192563,8301.844840626465,430.73242883216676,7853.0,8736.052486294508,8715.156131370008,5.844799758371026,7853.0,0.0,28.087249939744517,20.553115708383515,32.739846634478845,18.82033395138889,0.13063388768377923,0.09592672933236925,0.09761388286334056,0.08966015907447578,0.08050132562063148,0.07664497469269703,0.07158351409978309,0.061701614846951074,0.0638708122439142,0.05109664979513136,0.049891540130151846,0.03808146541335262,0.03808146541335262,0.023379127500602555,0.015425403711737768,0.010845986984815618,0.005061460592913955,0.9110969737168535,0.02254151150642931,0.0,0.0,0.0,0.0,0.0,0.0,0.0,0.0,0.0,0.0,0.0,0.0,0.0,0.0,0.0,0.0,0.0,0.0,0.0,0.0,0.0,0.0,0.0,0.0,0.01446131597975416,0.7519884309472165,8.662328271872742,15.574837310195232,4.8445408532176435,0.15184381778741868,4.050866199778842,2.8821923905596534,nan,nan,nan,4.104608632040966,2.9263129048317342,3.9985130111524163,2.835515206756776,0.9741520738273663,0.4058,0.01294,0.0,0.0,0.0,0.0,0.0,0.0,0.0,0.0,0.0,0.0,0.02169197396963124,9.797541576283427,19.768618944323936,0.4121475054229936,0.0,0.0,0.0,0.0,0.0,0.0,0.0,0.0,0.0,0.0,0.0,0.0,0.0,0.0,0.0,0.0,nan,nan,4.050866199778842,2.8821923905596534,nan,0.4058,0.0607,0.0,0.0,0.0,0.0,0.0,0.0,0.0,0.0,0.0,0.0,0.0,0.0,0.0,0.0,0.0,0.0,0.0,0.0,0.0,0.0,0.0,0.0,0.0,3.6153289949385395e-05,0.00036153289949385393,0.0014461315979754157,0.01002651241262955,0.003916606411183418,0.015208483972041456,0.036611231622077606,0.02071583514099783,0.003024825259098578,0.009026271390696554,0.014003374307061943,0.02586165341046035,0.03987707881417209,0.05433839479392625,0.07283682815136178,0.04895155459146782,0.06882381296698,0.06702819956616052,0.06937816341287058,0.07372860930344662,0.07292118582791034,0.056640154254037116,0.038623764762593396,0.03735839961436491,0.024499879489033503,0.02019763798505664,0.04006989636056881,0.02318630995420583,0.018534586647384912,0.012123403229693902,0.005435044589057604,0.006591949867437937,0.0016751024343215233,0.0036514822848879246,6.025548324897566e-05,0.0032176428054953,1.2051096649795132e-05,0.0,0.0,0.0,0.0,0.0,0.0,0.0,0.0,0.0,0.0,0.0,0.0,0.0,0.0,0.0,0.0,0.0,0.0,0.0,0.0,0.0,0.0,0.0,0.0,0.0,0.0,0.0,0.0,0.0,0.0,0.0,0.0,0.0,0.0,0.0,0.0,0.0,0.0,0.0,0.0,0.0,nan,nan,4.050866199778842,2.8821923905596534,nan,0.9115079590015941,0.02251236316701173,0.0,0.0,0.0,0.0,0.0,0.0,0.0,0.0,0.0,0.0,0.0,0.0,0.0,0.0,0.0,0.0,0.0,0.0,0.0,0.0,0.0,0.0,0.0,0.0,0.027777777777777783,0.6805555555555557,8.430555555555557,15.763888888888893,4.930555555555556,0.16666666666666669,0.9106506548555968,0.022564646221155223,0.0,0.0,0.0,0.0,0.0,0.0,0.0,0.0,0.0,0.0,0.0,0.0,0.0,0.0,0.0,0.0,0.0,0.0,0.0,0.0,0.0,0.0,0.0,0.0,0.0,0.8295625942684769,8.914027149321269,15.369532428355962,4.751131221719458,0.13574660633484165,0.4058,0.012985,0.0,0.0,0.0,0.0,0.0,0.0,0.0,0.0,0.0,0.0,0.027777777777777783,9.999999999999984,19.54166666666667,0.43055555555555564,0.0,0.0,0.0,0.0,0.0,0.0,0.0,0.0,0.0,0.0,0.0,0.0,0.0,0.0,0.0,0.0,0.4058,0.012886,0.0,0.0,0.0,0.0,0.0,0.0,0.0,0.0,0.0,0.0,0.015082956259426851,9.577677224736034,20.01508295625943,0.39215686274509814,0.0,0.0,0.0,0.0,0.0,0.0,0.0,0.0,0.0,0.0,0.0,0.0,0.0,0.0,0.0,0.0
79700,4314,2200,0.5099675475197033,1003,893,0.43949930458970793,1227,0.56884561891516,0.39799999999999996,2.9210028382213813,3.0634883649442823,6.366101694915254,2.289594011046687,8292.620802489444,430.96258674799714,7853.0,8732.873222613334,8715.056428154301,5.818078674882846,7853.0,0.0,27.971488178025034,20.938135984132128,32.98837531137559,19.18161998340279,0.13815484469170144,0.10802039870190079,0.09017153453871117,0.08136300417246176,0.07904496986555401,0.07348168752897542,0.07232267037552156,0.0702364394993046,0.05586462679647659,0.050301344459898006,0.0449698655540102,0.04079740380157627,0.03337969401947149,0.02410755679184052,0.019007881316643487,0.012285581826611033,0.006490496059341678,0.9108428309982886,0.02273331405474858,0.0,0.0,0.0,0.0,0.0,0.0,0.0,0.0,0.0,0.0,0.0,0.0,0.0,0.0,0.0,0.0,0.0,0.0,0.0,0.0,0.0,0.0,0.0,0.0,0.013908205841446458,0.7858136300417248,8.657858136300419,15.695410292072326,4.700973574408902,0.1460361613351878,4.366497829232996,2.876984478319308,nan,nan,nan,4.375180375180375,2.82956283430244,4.357764876632801,2.923879701330405,0.9960194787290672,0.406,0.01277,0.0,0.0,0.0,0.0,0.0,0.0,0.0,0.0,0.0,0.0,0.0,9.471488178025021,19.958275382475662,0.5702364394993047,0.0,0.0,0.0,0.0,0.0,0.0,0.0,0.0,0.0,0.0,0.0,0.0,0.0,0.0,0.0,0.0,nan,nan,4.366497829232996,2.876984478319308,nan,0.406,0.06046,0.0,0.0,0.0,0.0,0.0,0.0,0.0,0.0,0.0,0.0,0.0,0.0,0.0,0.0,0.0,0.0,0.0,0.0,0.0,0.0,0.0,0.0,0.0,0.0,0.000764951321279555,0.0013444598980064905,0.01124246638850255,0.003175707000463607,0.014510894761242467,0.0355702364394993,0.020549374130737135,0.003036624942049142,0.009191006026889197,0.014568845618915159,0.025475197032916088,0.0411682892906815,0.051390820584144646,0.06966852109411219,0.04849327770050997,0.06857904496986555,0.06868335651367641,0.06653917477978674,0.07532452480296709,0.07461752433936022,0.06073249884098285,0.038085303662494206,0.03779554937413074,0.026645804357904496,0.020839128419100603,0.041933240611961055,0.02121001390820584,0.01780250347705146,0.010732498840982846,0.0054010199350950396,0.006339823829392675,0.0013908205841446453,0.0036045433472415393,3.4770514603616136e-05,0.0035465924895688454,1.1590171534538712e-05,0.0,0.0,0.0,0.0,0.0,0.0,0.0,0.0,0.0,0.0,0.0,0.0,0.0,0.0,0.0,0.0,0.0,0.0,0.0,0.0,0.0,0.0,0.0,0.0,0.0,0.0,0.0,0.0,0.0,0.0,0.0,0.0,0.0,0.0,0.0,0.0,0.0,0.0,0.0,0.0,0.0,nan,nan,4.366497829232996,2.876984478319308,nan,0.9106396709247069,0.02327139437497309,0.0,0.0,0.0,0.0,0.0,0.0,0.0,0.0,0.0,0.0,0.0,0.0,0.0,0.0,0.0,0.0,0.0,0.0,0.0,0.0,0.0,0.0,0.0,0.0,0.01363636363636364,0.8590909090909093,8.700000000000001,15.422727272727276,4.827272727272728,0.17727272727272733,0.911054255861997,0.02215749658827343,0.0,0.0,0.0,0.0,0.0,0.0,0.0,0.0,0.0,0.0,0.0,0.0,0.0,0.0,0.0,0.0,0.0,0.0,0.0,0.0,0.0,0.0,0.0,0.0,0.014191106906338697,0.7095553453169349,8.61400189214759,15.979186376537374,4.56953642384106,0.11352885525070958,0.406,0.01281,0.0,0.0,0.0,0.0,0.0,0.0,0.0,0.0,0.0,0.0,0.0,9.490909090909078,19.86818181818182,0.640909090909091,0.0,0.0,0.0,0.0,0.0,0.0,0.0,0.0,0.0,0.0,0.0,0.0,0.0,0.0,0.0,0.0,0.406,0.01274,0.0,0.0,0.0,0.0,0.0,0.0,0.0,0.0,0.0,0.0,0.0,9.451277199621556,20.052034058656577,0.4966887417218544,0.0,0.0,0.0,0.0,0.0,0.0,0.0,0.0,0.0,0.0,0.0,0.0,0.0,0.0,0.0,0.0
79800,4060,2089,0.5145320197044335,990,819,0.4455665024630542,1128,0.5556650246305419,0.422,3.0679857940131914,3.144328800246562,6.635726795096322,2.1616912904810364,8296.523999532132,430.83607362523315,7853.0,8735.354764336347,8714.994944040429,5.884246537086958,7853.0,0.0,28.25985221674877,20.94667670545356,33.050990675990676,19.236081431918272,0.1312807881773399,0.10147783251231528,0.09729064039408868,0.0854679802955665,0.08029556650246306,0.07339901477832513,0.0729064039408867,0.0603448275862069,0.05344827586206897,0.05344827586206897,0.05172413793103448,0.04753694581280788,0.029310344827586206,0.023891625615763547,0.02167487684729064,0.008374384236453201,0.00812807881773399,0.9106343269788573,0.022817675066769048,0.0,0.0,0.0,0.0,0.0,0.0,0.0,0.0,0.0,0.0,0.0,0.0,0.0,0.0,0.0,0.0,0.0,0.0,0.0,0.0,0.0,0.0,0.0,0.0,0.022167487684729068,0.746305418719212,9.036945812807884,15.362068965517246,4.596059113300494,0.2364532019704434,4.30367285119273,2.932437138349019,nan,nan,nan,4.2208774583963695,2.953689938493824,4.386656557998483,2.908616406057985,1.0392759802283145,0.4062,0.01325,0.0,0.0,0.0,0.0,0.0,0.0,0.0,0.0,0.0,0.0,0.007389162561576356,9.886699507389148,19.42610837438424,0.6798029556650247,0.0,0.0,0.0,0.0,0.0,0.0,0.0,0.0,0.0,0.0,0.0,0.0,0.0,0.0,0.0,0.0,nan,nan,4.30367285119273,2.932437138349019,nan,0.4062,0.06046,0.0,0.0,0.0,0.0,0.0,0.0,0.0,0.0,0.0,0.0,0.0,0.0,0.0,0.0,0.0,0.0,0.0,0.0,0.0,0.0,0.0,0.0,4.926108374384237e-05,1.2315270935960592e-05,0.0010591133004926108,0.0011576354679802955,0.01206896551724138,0.0024261083743842365,0.014876847290640394,0.03524630541871921,0.01956896551724138,0.002623152709359606,0.009236453201970444,0.013583743842364533,0.026317733990147783,0.04530788177339901,0.049408866995073894,0.06963054187192118,0.04625615763546798,0.06740147783251231,0.06906403940886699,0.06525862068965517,0.07748768472906403,0.07523399014778324,0.06237684729064039,0.040295566502463055,0.037241379310344824,0.02479064039408867,0.020738916256157636,0.04041871921182266,0.021342364532019705,0.01683497536945813,0.011366995073891625,0.005369458128078818,0.0077216748768472905,0.0013054187192118227,0.003374384236453202,2.4630541871921184e-05,0.0034852216748768473,0.0,1.2315270935960592e-05,2.4630541871921184e-05,0.0,0.0,0.0,0.0,0.0,0.0,0.0,0.0,0.0,0.0,0.0,0.0,0.0,0.0,0.0,0.0,0.0,0.0,0.0,0.0,0.0,0.0,0.0,0.0,0.0,0.0,0.0,0.0,0.0,0.0,0.0,0.0,0.0,0.0,0.0,0.0,0.0,0.0,0.0,nan,nan,4.30367285119273,2.932437138349019,nan,0.9102087679121584,0.023117240403286634,0.0,0.0,0.0,0.0,0.0,0.0,0.0,0.0,0.0,0.0,0.0,0.0,0.0,0.0,0.0,0.0,0.0,0.0,0.0,0.0,0.0,0.0,0.0,0.0,0.028721876495931074,0.8472953566299667,9.23408329344184,15.165150789851607,4.423168980373386,0.3015797032072763,0.9110853634528978,0.02248703171078295,0.0,0.0,0.0,0.0,0.0,0.0,0.0,0.0,0.0,0.0,0.0,0.0,0.0,0.0,0.0,0.0,0.0,0.0,0.0,0.0,0.0,0.0,0.0,0.0,0.015220700152207006,0.6392694063926941,8.828006088280063,15.570776255707766,4.779299847792999,0.16742770167427704,0.4062,0.01334,0.0,0.0,0.0,0.0,0.0,0.0,0.0,0.0,0.0,0.0,0.0,10.009573958831963,19.27237912876975,0.7180469123982768,0.0,0.0,0.0,0.0,0.0,0.0,0.0,0.0,0.0,0.0,0.0,0.0,0.0,0.0,0.0,0.0,0.4062,0.01317,0.0,0.0,0.0,0.0,0.0,0.0,0.0,0.0,0.0,0.0,0.015220700152207006,9.756468797564674,19.589041095890416,0.6392694063926941,0.0,0.0,0.0,0.0,0.0,0.0,0.0,0.0,0.0,0.0,0.0,0.0,0.0,0.0,0.0,0.0
79900,4227,2192,0.5185710906079962,1024,836,0.44002838892831797,1168,0.5526378045895434,0.422,3.088943488943489,3.126874964086755,6.579638752052545,2.081424420897965,8299.970150090026,430.68648064313,7853.0,8734.451784217357,8714.926470999335,5.851445605240722,7853.0,0.0,28.037615330021293,20.8959877497226,32.965963431786214,19.126206655628934,0.1391057487579844,0.09841495150224745,0.0908445706174592,0.09321031464395553,0.07570380884788266,0.0716820440028389,0.07428436243198486,0.06292879110480246,0.06103619588360539,0.05275609179086823,0.044949136503430326,0.03785190442394133,0.033830139578897564,0.028152353915306363,0.01585048497752543,0.012538443340430565,0.006860657676839366,0.9102116646511718,0.022538899568590207,0.0,0.0,0.0,0.0,0.0,0.0,0.0,0.0,0.0,0.0,0.0,0.0,0.0,0.0,0.0,0.0,0.0,0.0,0.0,0.0,0.0,0.0,0.0,0.0,0.0,0.8587650816181691,8.942512420156142,15.727466288147626,4.293825408090846,0.177430801987225,4.315169366715758,2.878633327015318,nan,nan,nan,4.275073746312684,2.8688641710143097,4.3509933774834435,2.8847849016140064,1.017758671703907,0.4058,0.01297,0.0,0.0,0.0,0.0,0.0,0.0,0.0,0.0,0.0,0.0,0.035486160397445,9.723207948899915,19.772888573456356,0.46841731724627406,0.0,0.0,0.0,0.0,0.0,0.0,0.0,0.0,0.0,0.0,0.0,0.0,0.0,0.0,0.0,0.0,nan,nan,4.315169366715758,2.878633327015318,nan,0.4058,0.0604,0.0,0.0,0.0,0.0,0.0,0.0,0.0,0.0,0.0,0.0,0.0,0.0,0.0,0.0,0.0,0.0,0.0,0.0,0.0,0.0,0.0,0.0,2.365744026496333e-05,0.0,0.0017624792997397681,0.0006150934468890466,0.012431984859238231,0.0027442630707357465,0.013626685592618879,0.035273243435060324,0.020925005914360067,0.002649633309675893,0.008871540099361249,0.014076176957653182,0.02456825171516442,0.04723207948899929,0.05005914360066241,0.06861840548852614,0.045351312987934704,0.07247456825171517,0.07001419446415898,0.06262124438135794,0.07785663591199432,0.07061745919091554,0.06476224272533712,0.04123491838183108,0.03721315353678732,0.02508871540099361,0.018559261887863734,0.04020581973030518,0.0204518571090608,0.016702152827064113,0.012088951975396263,0.005393896380411639,0.008741424177903951,0.0012065294535131298,0.0026378045895434116,0.0,0.0032647267565649395,0.0,0.0,3.5486160397445e-05,0.0,0.0,0.0,0.0,0.0,0.0,0.0,0.0,0.0,0.0,0.0,0.0,0.0,0.0,0.0,0.0,0.0,0.0,0.0,0.0,0.0,0.0,0.0,0.0,0.0,0.0,0.0,0.0,0.0,0.0,0.0,0.0,0.0,0.0,0.0,0.0,0.0,0.0,0.0,nan,nan,4.315169366715758,2.878633327015318,nan,0.9102597996646905,0.023108327390405126,0.0,0.0,0.0,0.0,0.0,0.0,0.0,0.0,0.0,0.0,0.0,0.0,0.0,0.0,0.0,0.0,0.0,0.0,0.0,0.0,0.0,0.0,0.0,0.0,0.0,0.9169708029197082,8.813868613138688,15.6021897810219,4.434306569343066,0.2326642335766424,0.9101598160272735,0.021908871886165728,0.0,0.0,0.0,0.0,0.0,0.0,0.0,0.0,0.0,0.0,0.0,0.0,0.0,0.0,0.0,0.0,0.0,0.0,0.0,0.0,0.0,0.0,0.0,0.0,0.0,0.7960687960687963,9.081081081081082,15.862407862407865,4.142506142506144,0.11793611793611797,0.406,0.01296,0.0,0.0,0.0,0.0,0.0,0.0,0.0,0.0,0.0,0.0,0.013686131386861318,9.826642335766408,19.803832116788325,0.35583941605839425,0.0,0.0,0.0,0.0,0.0,0.0,0.0,0.0,0.0,0.0,0.0,0.0,0.0,0.0,0.0,0.0,0.4058,0.01298,0.0,0.0,0.0,0.0,0.0,0.0,0.0,0.0,0.0,0.0,0.058968058968058984,9.611793611793598,19.739557739557743,0.5896805896805898,0.0,0.0,0.0,0.0,0.0,0.0,0.0,0.0,0.0,0.0,0.0,0.0,0.0,0.0,0.0,0.0
80000,4250,2223,0.5230588235294118,1037,855,0.4451764705882353,1199,0.5642352941176471,0.40599999999999997,2.9990133201776024,3.0664405642230146,6.532627865961199,2.0817280098559716,8303.879343946157,430.5655418558327,7853.0,8734.877430522442,8715.005043531792,5.963245175226649,7853.0,0.0,28.25270588235294,20.89462972875399,33.01639799888827,19.163423683127476,0.13694117647058823,0.09576470588235295,0.0976470588235294,0.08352941176470588,0.07388235294117647,0.07741176470588235,0.07717647058823529,0.0611764705882353,0.05858823529411765,0.05976470588235294,0.04211764705882353,0.039058823529411764,0.03317647058823529,0.024941176470588234,0.019058823529411763,0.011764705882352941,0.008,0.9105059061751646,0.02351333906391821,0.0,0.0,0.0,0.0,0.0,0.0,0.0,0.0,0.0,0.0,0.0,0.0,0.0,0.0,0.0,0.0,0.0,0.0,0.0,0.0,0.0,0.0,0.0,0.0,0.028235294117647067,0.847058823529412,8.978823529411766,15.197647058823533,4.743529411764706,0.20470588235294124,4.192209683290863,2.809217840146491,nan,nan,nan,4.205882352941177,2.7960519620340505,4.178803172314348,2.822003462501273,0.9935615934173974,0.4058,0.013084,0.0,0.0,0.0,0.0,0.0,0.0,0.0,0.0,0.0,0.0,0.028235294117647067,9.938823529411751,19.46117647058824,0.5717647058823531,0.0,0.0,0.0,0.0,0.0,0.0,0.0,0.0,0.0,0.0,0.0,0.0,0.0,0.0,0.0,0.0,nan,nan,4.192209683290863,2.809217840146491,nan,0.4058,0.06012,0.0,0.0,0.0,0.0,0.0,0.0,0.0,0.0,0.0,0.0,0.0,0.0,0.0,0.0,0.0,0.0,0.0,0.0,0.0,0.0,0.0,0.0,0.0,0.0,0.0015647058823529411,0.0005176470588235294,0.011270588235294117,0.0029411764705882353,0.013376470588235293,0.03612941176470588,0.020094117647058825,0.003,0.0075058823529411765,0.01356470588235294,0.023023529411764707,0.04856470588235294,0.05454117647058824,0.07076470588235294,0.04487058823529412,0.07247058823529412,0.07183529411764705,0.06049411764705882,0.07717647058823529,0.06929411764705883,0.06247058823529412,0.04589411764705882,0.03541176470588235,0.02448235294117647,0.017341176470588235,0.03968235294117647,0.021376470588235295,0.01728235294117647,0.010847058823529411,0.005976470588235294,0.008941176470588235,0.0004588235294117647,0.002741176470588235,0.0,0.004082352941176471,0.0,0.0,1.1764705882352942e-05,0.0,0.0,0.0,0.0,0.0,0.0,0.0,0.0,0.0,0.0,0.0,0.0,0.0,0.0,0.0,0.0,0.0,0.0,0.0,0.0,0.0,0.0,0.0,0.0,0.0,0.0,0.0,0.0,0.0,0.0,0.0,0.0,0.0,0.0,0.0,0.0,0.0,0.0,0.0,nan,nan,4.192209683290863,2.809217840146491,nan,0.9106524055249724,0.02316083891910788,0.0,0.0,0.0,0.0,0.0,0.0,0.0,0.0,0.0,0.0,0.0,0.0,0.0,0.0,0.0,0.0,0.0,0.0,0.0,0.0,0.0,0.0,0.0,0.0,0.013495276653171392,0.8906882591093119,8.852901484480434,15.425101214574902,4.682860998650473,0.13495276653171392,0.9103452411260168,0.02389291319757407,0.0,0.0,0.0,0.0,0.0,0.0,0.0,0.0,0.0,0.0,0.0,0.0,0.0,0.0,0.0,0.0,0.0,0.0,0.0,0.0,0.0,0.0,0.0,0.0,0.044400592007893445,0.7992106561420821,9.116921558954122,14.948199309324128,4.8100641341884565,0.28120374938332515,0.4058,0.0131,0.0,0.0,0.0,0.0,0.0,0.0,0.0,0.0,0.0,0.0,0.04048582995951418,9.797570850202414,19.56815114709852,0.5937921727395412,0.0,0.0,0.0,0.0,0.0,0.0,0.0,0.0,0.0,0.0,0.0,0.0,0.0,0.0,0.0,0.0,0.4058,0.01307,0.0,0.0,0.0,0.0,0.0,0.0,0.0,0.0,0.0,0.0,0.014800197335964483,10.09373458312776,19.343857918105577,0.5476073014306858,0.0,0.0,0.0,0.0,0.0,0.0,0.0,0.0,0.0,0.0,0.0,0.0,0.0,0.0,0.0,0.0
80100,4095,2098,0.5123321123321123,952,834,0.43614163614163615,1151,0.5621489621489622,0.418,2.9669504256384576,3.0905074370358063,6.4973166368515205,2.1582085159064417,8294.663736818404,430.92223946790494,7853.0,8734.425762230157,8715.065301368619,5.902682973024121,7853.0,0.0,27.81880341880342,20.915280894139812,32.85668417980152,19.154795673535308,0.14236874236874236,0.10012210012210013,0.09914529914529914,0.08107448107448108,0.07667887667887668,0.07985347985347985,0.07155067155067155,0.057387057387057384,0.05885225885225885,0.05030525030525031,0.04493284493284493,0.039316239316239315,0.03785103785103785,0.025152625152625153,0.020024420024420026,0.009523809523809525,0.005860805860805861,0.9102204994549827,0.02262135005868304,0.0,0.0,0.0,0.0,0.0,0.0,0.0,0.0,0.0,0.0,0.0,0.0,0.0,0.0,0.0,0.0,0.0,0.0,0.0,0.0,0.0,0.0,0.0,0.0,0.014652014652014655,0.8351648351648354,8.73992673992674,15.970695970695974,4.278388278388279,0.1611721611721612,4.342824163139669,2.852103013718623,nan,nan,nan,4.343434343434343,2.870718936211656,4.342225609756097,2.8337228676360806,0.9997217101531479,0.406,0.012794,0.0,0.0,0.0,0.0,0.0,0.0,0.0,0.0,0.0,0.0,0.02930402930402931,9.794871794871781,19.750915750915755,0.424908424908425,0.0,0.0,0.0,0.0,0.0,0.0,0.0,0.0,0.0,0.0,0.0,0.0,0.0,0.0,0.0,0.0,nan,nan,4.342824163139669,2.852103013718623,nan,0.406,0.0602,0.0,0.0,0.0,0.0,0.0,0.0,0.0,0.0,0.0,0.0,0.0,0.0,0.0,0.0,0.0,0.0,0.0,0.0,0.0,0.0,0.0,2.442002442002442e-05,0.0,0.0,0.0015628815628815629,0.0003907203907203907,0.011123321123321123,0.0029914529914529917,0.013504273504273504,0.0368009768009768,0.020415140415140417,0.0025763125763125765,0.006984126984126984,0.014981684981684982,0.022796092796092796,0.04921855921855922,0.051770451770451774,0.06851037851037851,0.04601953601953602,0.07057387057387057,0.07493284493284494,0.05998778998778999,0.07500610500610501,0.06975579975579975,0.06495726495726496,0.04431013431013431,0.035885225885225885,0.026532356532356534,0.018156288156288156,0.03954822954822955,0.02039072039072039,0.017582417582417582,0.010341880341880341,0.005848595848595849,0.008901098901098902,0.0008302808302808303,0.002551892551892552,0.0,0.0042002442002442,0.0,0.0,3.663003663003663e-05,0.0,0.0,0.0,0.0,0.0,0.0,0.0,0.0,0.0,0.0,0.0,0.0,0.0,0.0,0.0,0.0,0.0,0.0,0.0,0.0,0.0,0.0,0.0,0.0,0.0,0.0,0.0,0.0,0.0,0.0,0.0,0.0,0.0,0.0,0.0,0.0,0.0,0.0,0.0,nan,nan,4.342824163139669,2.852103013718623,nan,0.9107508695727876,0.022861429154932614,0.0,0.0,0.0,0.0,0.0,0.0,0.0,0.0,0.0,0.0,0.0,0.0,0.0,0.0,0.0,0.0,0.0,0.0,0.0,0.0,0.0,0.0,0.0,0.0,0.014299332697807438,0.7435653002859869,8.565300285986655,15.886558627264064,4.57578646329838,0.2144899904671116,0.9096633054103384,0.022352802247676985,0.0,0.0,0.0,0.0,0.0,0.0,0.0,0.0,0.0,0.0,0.0,0.0,0.0,0.0,0.0,0.0,0.0,0.0,0.0,0.0,0.0,0.0,0.0,0.0,0.015022533800701055,0.9313970956434654,8.923385077616427,16.05908863294943,3.9659489233850787,0.10515773660490739,0.406,0.01293,0.0,0.0,0.0,0.0,0.0,0.0,0.0,0.0,0.0,0.0,0.028598665395614876,9.995233555767383,19.53288846520496,0.4432793136320306,0.0,0.0,0.0,0.0,0.0,0.0,0.0,0.0,0.0,0.0,0.0,0.0,0.0,0.0,0.0,0.0,0.406,0.01265,0.0,0.0,0.0,0.0,0.0,0.0,0.0,0.0,0.0,0.0,0.03004506760140211,9.584376564847256,19.979969954932404,0.4056084126189285,0.0,0.0,0.0,0.0,0.0,0.0,0.0,0.0,0.0,0.0,0.0,0.0,0.0,0.0,0.0,0.0
80200,4069,2012,0.4944703858441878,940,885,0.4485131481936594,1150,0.5652494470385844,0.434,2.843461351482742,3.1054701494912735,6.592057761732852,2.2384098009740745,8279.11960271853,430.87791294859846,7853.0,8732.55579661727,8714.769713450147,5.815630292848891,7853.0,0.0,26.990169574834113,20.498299726185465,32.056179775280896,18.784936510227737,0.1459818137134431,0.10002457606291472,0.09805849102973703,0.0901941508970263,0.0901941508970263,0.0720078643401327,0.06930449741951339,0.056770705333005655,0.060211354141066604,0.04890636520029491,0.047431801425411646,0.038584418776112066,0.02850823298107643,0.022855738510690587,0.014499877119685426,0.009584664536741214,0.006881297616121897,0.9099214837398187,0.022884715844804462,0.0,0.0,0.0,0.0,0.0,0.0,0.0,0.0,0.0,0.0,0.0,0.0,0.0,0.0,0.0,0.0,0.0,0.0,0.0,0.0,0.0,0.0,0.0,0.0,0.00737281887441632,0.7667731629392973,9.429835340378473,15.261735070041784,4.305726222659131,0.22855738510690593,4.293250581846393,2.903697554502418,nan,nan,nan,4.2234375,2.8747414116044854,4.360832690824981,2.9311201188081606,1.0325316027110572,0.4062,0.01314,0.0,0.0,0.0,0.0,0.0,0.0,0.0,0.0,0.0,0.0,0.022118456623248958,9.70262963873186,19.619071024821828,0.6561808798230525,0.0,0.0,0.0,0.0,0.0,0.0,0.0,0.0,0.0,0.0,0.0,0.0,0.0,0.0,0.0,0.0,nan,nan,4.293250581846393,2.903697554502418,nan,0.4062,0.06073,0.0,0.0,0.0,0.0,0.0,0.0,0.0,0.0,0.0,0.0,0.0,0.0,0.0,0.0,0.0,0.0,0.0,0.0,0.0,0.0,0.0,0.0,0.0,0.0,0.0011673629884492505,0.0006635536986974687,0.01134185303514377,0.0029245514868518063,0.013479970508724503,0.03695011059228312,0.021602359302039815,0.00323175227328582,0.007987220447284345,0.014868518063406243,0.022007864340132712,0.04729663307938068,0.051437699680511186,0.0671540919144753,0.047775866306217746,0.0672155320717621,0.07741459818137135,0.05706561808798231,0.07554681739985254,0.0689604325387073,0.06620791349225855,0.04284836569181617,0.03510690587367904,0.027328581961169822,0.01803883017940526,0.03954288522978619,0.02151634308183829,0.018149422462521506,0.010014745637748833,0.00717621037109855,0.010371098550012288,0.0013271073973949374,0.002297861882526419,1.228803145736053e-05,0.003956746129270091,1.228803145736053e-05,0.0,0.0,0.0,0.0,0.0,0.0,0.0,0.0,0.0,0.0,0.0,0.0,0.0,0.0,0.0,0.0,0.0,0.0,0.0,0.0,0.0,0.0,0.0,0.0,0.0,0.0,0.0,0.0,0.0,0.0,0.0,0.0,0.0,0.0,0.0,0.0,0.0,0.0,0.0,0.0,0.0,nan,nan,4.293250581846393,2.903697554502418,nan,0.9095236702005621,0.022484380218550336,0.0,0.0,0.0,0.0,0.0,0.0,0.0,0.0,0.0,0.0,0.0,0.0,0.0,0.0,0.0,0.0,0.0,0.0,0.0,0.0,0.0,0.0,0.0,0.0,0.014910536779324059,0.6411530815109345,9.736580516898611,15.328031809145132,4.055666003976144,0.2236580516898609,0.9103105945035446,0.023263051042166884,0.0,0.0,0.0,0.0,0.0,0.0,0.0,0.0,0.0,0.0,0.0,0.0,0.0,0.0,0.0,0.0,0.0,0.0,0.0,0.0,0.0,0.0,0.0,0.0,0.0,0.8896451142440449,9.129800680602822,15.196888672824505,4.5503159941662625,0.23334953816237244,0.406,0.01277,0.0,0.0,0.0,0.0,0.0,0.0,0.0,0.0,0.0,0.0,0.014910536779324059,10.109343936381695,19.3986083499006,0.4771371769383699,0.0,0.0,0.0,0.0,0.0,0.0,0.0,0.0,0.0,0.0,0.0,0.0,0.0,0.0,0.0,0.0,0.4067,0.01347,0.0,0.0,0.0,0.0,0.0,0.0,0.0,0.0,0.0,0.0,0.029168692270296556,9.304812834224585,19.834710743801658,0.8313077297034519,0.0,0.0,0.0,0.0,0.0,0.0,0.0,0.0,0.0,0.0,0.0,0.0,0.0,0.0,0.0,0.0
80300,4322,2245,0.5194354465525219,1066,865,0.44678389634428506,1209,0.5594632114761684,0.38999999999999996,2.9099662975445355,2.9938280033182423,6.257281553398058,2.1331458123274216,8300.56228843314,430.5109111564595,7853.0,8734.934544229507,8714.63216508153,5.818103560900975,7853.0,0.0,28.206848681166125,20.94292212989802,33.010134209805535,19.235701772695887,0.13350300786672836,0.1015733456732994,0.09370661730680241,0.0879222582137899,0.07589079130032392,0.07774178621008793,0.07010643220731143,0.06409069875057843,0.05784359093012494,0.053447478019435446,0.04627487274409996,0.04118463674224896,0.03447478019435447,0.02313743637204998,0.02059231837112448,0.01087459509486349,0.007635354002776492,0.9089640259522082,0.02266830011534819,0.0,0.0,0.0,0.0,0.0,0.0,0.0,0.0,0.0,0.0,0.0,0.0,0.0,0.0,0.0,0.0,0.0,0.0,0.0,0.0,0.0,0.0,0.0,0.0,0.01388246182322999,0.9717723276260992,9.433132808884777,15.367885238315598,4.053678852383157,0.15964831096714488,4.212575919971418,2.8389243951173153,nan,nan,nan,4.233784746970777,2.8621598644735036,4.191260744985673,2.8152182351252413,0.9899560311809594,0.4065,0.01343,0.0,0.0,0.0,0.0,0.0,0.0,0.0,0.0,0.0,0.0,0.03470615455807497,9.599722350763521,19.67838963442851,0.6871818602498844,0.0,0.0,0.0,0.0,0.0,0.0,0.0,0.0,0.0,0.0,0.0,0.0,0.0,0.0,0.0,0.0,nan,nan,4.212575919971418,2.8389243951173153,nan,0.4065,0.0613,0.0,0.0,0.0,0.0,0.0,0.0,0.0,0.0,0.0,0.0,0.0,0.0,0.0,0.0,0.0,0.0,0.0,0.0,0.0,0.0,0.0,3.4706154558074966e-05,0.0,5.7843590930124944e-05,0.0012147154095326239,0.0008560851457658492,0.010365571494678389,0.003031004164738547,0.01463442850532161,0.03649930587690884,0.022975474317445628,0.003135122628412772,0.008676538639518741,0.016230911614993057,0.020904673762147153,0.050173530772790374,0.048253123553910225,0.06492364645997223,0.0473160573808422,0.06530541416011106,0.07797316057380842,0.05429199444701527,0.0772674687644609,0.07040721888014807,0.06492364645997223,0.04580055529847293,0.034521055067098565,0.026561776955113373,0.016381304951411383,0.04084914391485423,0.021598796853308653,0.016288755205923183,0.010354002776492365,0.008260064784821842,0.011892642295233688,0.0017468764460897733,0.0017121702915316984,0.0,0.004569643683479871,0.0,0.0,0.0,1.1568718186024989e-05,0.0,0.0,0.0,0.0,0.0,0.0,0.0,0.0,0.0,0.0,0.0,0.0,0.0,0.0,0.0,0.0,0.0,0.0,0.0,0.0,0.0,0.0,0.0,0.0,0.0,0.0,0.0,0.0,0.0,0.0,0.0,0.0,0.0,0.0,0.0,0.0,0.0,0.0,nan,nan,4.212575919971418,2.8389243951173153,nan,0.9083713923105949,0.02265773921943148,0.0,0.0,0.0,0.0,0.0,0.0,0.0,0.0,0.0,0.0,0.0,0.0,0.0,0.0,0.0,0.0,0.0,0.0,0.0,0.0,0.0,0.0,0.0,0.0,0.026726057906458805,0.8819599109131405,10.075723830734969,14.913140311804012,3.9688195991091324,0.133630289532294,0.9096045952952132,0.022662287625629662,0.0,0.0,0.0,0.0,0.0,0.0,0.0,0.0,0.0,0.0,0.0,0.0,0.0,0.0,0.0,0.0,0.0,0.0,0.0,0.0,0.0,0.0,0.0,0.0,0.0,1.0688493018777085,8.738565238324508,15.85941261434762,4.145402022147329,0.1877708233028407,0.4065,0.01357,0.0,0.0,0.0,0.0,0.0,0.0,0.0,0.0,0.0,0.0,0.026726057906458805,9.848552338530052,19.363028953229403,0.761692650334076,0.0,0.0,0.0,0.0,0.0,0.0,0.0,0.0,0.0,0.0,0.0,0.0,0.0,0.0,0.0,0.0,0.4065,0.01326,0.0,0.0,0.0,0.0,0.0,0.0,0.0,0.0,0.0,0.0,0.04333172845450169,9.330765527202683,20.01925854597978,0.6066441983630237,0.0,0.0,0.0,0.0,0.0,0.0,0.0,0.0,0.0,0.0,0.0,0.0,0.0,0.0,0.0,0.0
80400,4071,2094,0.5143699336772292,998,834,0.4500122819945959,1143,0.5615327929255711,0.414,2.9281740010116337,3.0976193567616974,6.652255639097745,2.141896467152891,8296.247489880107,430.7066093307449,7853.0,8733.131171667575,8714.729002531956,5.79997862374931,7853.0,0.0,27.73446327683616,20.735126159288882,32.68414884266041,18.990888006201928,0.1414885777450258,0.10292311471382952,0.08744780152296733,0.09064112011790715,0.07835912552198478,0.079587324981577,0.06583149103414394,0.06263817243920412,0.06067305330385655,0.05207565708671088,0.05232129697862933,0.04003930238270695,0.025792188651436992,0.027266028002947678,0.014984033407025301,0.010808155244411692,0.007123556865634979,0.9084554455316028,0.02249046322212235,0.0,0.0,0.0,0.0,0.0,0.0,0.0,0.0,0.0,0.0,0.0,0.0,0.0,0.0,0.0,0.0,0.0,0.0,0.0,0.0,0.0,0.0,0.0,0.0,0.014738393515106857,0.928518791451732,9.911569638909361,15.128960943257189,3.8983050847457634,0.11790714812085486,4.316615620214395,2.905950414391917,nan,nan,nan,4.278120184899846,2.8827362736039333,4.357958872810358,2.9268512059127696,1.0186620956073915,0.4065,0.013176,0.0,0.0,0.0,0.0,0.0,0.0,0.0,0.0,0.0,0.0,0.03684598378776714,9.270449521002199,20.029476787030216,0.6632277081798085,0.0,0.0,0.0,0.0,0.0,0.0,0.0,0.0,0.0,0.0,0.0,0.0,0.0,0.0,0.0,0.0,nan,nan,4.316615620214395,2.905950414391917,nan,0.4065,0.06122,0.0,0.0,0.0,0.0,0.0,0.0,0.0,0.0,0.0,0.0,0.0,0.0,0.0,0.0,0.0,0.0,0.0,0.0,0.0,0.0,0.0,2.4563989191844757e-05,0.0,0.0001105379513633014,0.0012159174649963155,0.0005281257676246622,0.011066077130926062,0.002824858757062147,0.014431343650208794,0.03559322033898305,0.024342913289118154,0.0029353967084254484,0.008941292065831491,0.016507000736919675,0.02067059690493736,0.04812085482682388,0.05003684598378777,0.063448784082535,0.04675755342667649,0.06581920903954802,0.07603782854335545,0.05151068533529845,0.08192090395480225,0.06918447555883075,0.06572095308278064,0.047383935151068535,0.036121346106607714,0.02639400638663719,0.017157946450503562,0.03943748464750676,0.021775976418570375,0.017428150331613854,0.008658806190125276,0.007504298698108573,0.012331122574306068,0.0018300171947924343,0.00227216900024564,0.0,0.0039548022598870055,0.0,0.0,0.0,0.0,0.0,0.0,0.0,0.0,0.0,0.0,0.0,0.0,0.0,0.0,0.0,0.0,0.0,0.0,0.0,0.0,0.0,0.0,0.0,0.0,0.0,0.0,0.0,0.0,0.0,0.0,0.0,0.0,0.0,0.0,0.0,0.0,0.0,0.0,0.0,0.0,0.0,0.0,nan,nan,4.316615620214395,2.905950414391917,nan,0.9086885470772427,0.022805941598013135,0.0,0.0,0.0,0.0,0.0,0.0,0.0,0.0,0.0,0.0,0.0,0.0,0.0,0.0,0.0,0.0,0.0,0.0,0.0,0.0,0.0,0.0,0.0,0.0,0.014326647564469917,0.9742120343839543,9.555873925501434,15.200573065902582,4.111747851002866,0.14326647564469916,0.9082085489020784,0.022148740307378827,0.0,0.0,0.0,0.0,0.0,0.0,0.0,0.0,0.0,0.0,0.0,0.0,0.0,0.0,0.0,0.0,0.0,0.0,0.0,0.0,0.0,0.0,0.0,0.0,0.015174506828528077,0.8801213960546285,10.288315629742035,15.053110773899851,3.6722306525037944,0.09104704097116845,0.4065,0.01297,0.0,0.0,0.0,0.0,0.0,0.0,0.0,0.0,0.0,0.0,0.042979942693409746,9.19770773638967,20.085959885386824,0.6733524355300861,0.0,0.0,0.0,0.0,0.0,0.0,0.0,0.0,0.0,0.0,0.0,0.0,0.0,0.0,0.0,0.0,0.4065,0.0134,0.0,0.0,0.0,0.0,0.0,0.0,0.0,0.0,0.0,0.0,0.030349013657056154,9.34749620637328,19.96965098634295,0.6525037936267073,0.0,0.0,0.0,0.0,0.0,0.0,0.0,0.0,0.0,0.0,0.0,0.0,0.0,0.0,0.0,0.0
80500,4128,2118,0.5130813953488372,993,861,0.4491279069767442,1177,0.5702519379844961,0.41,3.032835820895522,3.1501269686028297,6.612676056338028,2.124135587398331,8294.988935911098,430.5934641275204,7853.0,8732.779881441593,8714.44019237064,5.909320928865495,7853.0,0.0,28.135174418604652,20.692566522108944,32.89092470655597,18.93200153245725,0.13541666666666666,0.09665697674418605,0.09883720930232558,0.08502906976744186,0.07291666666666667,0.0809108527131783,0.06758720930232558,0.0685562015503876,0.055232558139534885,0.05159883720930233,0.054748062015503876,0.040697674418604654,0.03221899224806202,0.02616279069767442,0.020106589147286823,0.00872093023255814,0.004602713178294574,0.9079753252309423,0.022798998070962175,0.0,0.0,0.0,0.0,0.0,0.0,0.0,0.0,0.0,0.0,0.0,0.0,0.0,0.0,0.0,0.0,0.0,0.0,0.0,0.0,0.0,0.0,0.0,0.0,0.02906976744186047,1.0247093023255816,9.861918604651164,15.09447674418605,3.829941860465117,0.1598837209302326,4.324981301421092,2.9473433678225924,nan,nan,nan,4.442424242424242,2.982985112878495,4.210487444608567,2.9076137863869937,0.9477904888955165,0.406,0.01326,0.0,0.0,0.0,0.0,0.0,0.0,0.0,0.0,0.0,0.0,0.007267441860465118,10.043604651162777,19.382267441860467,0.5668604651162792,0.0,0.0,0.0,0.0,0.0,0.0,0.0,0.0,0.0,0.0,0.0,0.0,0.0,0.0,0.0,0.0,nan,nan,4.324981301421092,2.9473433678225924,nan,0.406,0.06143,0.0,0.0,0.0,0.0,0.0,0.0,0.0,0.0,0.0,0.0,0.0,0.0,0.0,0.0,0.0,0.0,0.0,0.0,0.0,0.0,0.0,2.4224806201550387e-05,0.0,9.689922480620155e-05,0.0017320736434108528,0.0006540697674418605,0.01061046511627907,0.003112887596899225,0.015855135658914728,0.03788759689922481,0.023582848837209302,0.0032945736434108527,0.00904796511627907,0.017405523255813952,0.020082364341085273,0.04670542635658915,0.048825096899224804,0.062136627906976744,0.047238372093023256,0.06573401162790697,0.07618701550387597,0.049866763565891474,0.08465358527131783,0.0683624031007752,0.06619428294573644,0.044270833333333336,0.038347868217054264,0.026199127906976743,0.018507751937984495,0.039861918604651166,0.02020348837209302,0.018495639534883722,0.0078125,0.0056443798449612404,0.013771802325581395,0.0025557170542635657,0.001623062015503876,0.0,0.003367248062015504,0.0,0.0,4.8449612403100775e-05,0.0,0.0,0.0,0.0,0.0,0.0,0.0,0.0,0.0,0.0,0.0,0.0,0.0,0.0,0.0,0.0,0.0,0.0,0.0,0.0,0.0,0.0,0.0,0.0,0.0,0.0,0.0,0.0,0.0,0.0,0.0,0.0,0.0,0.0,0.0,0.0,0.0,0.0,0.0,nan,nan,4.324981301421092,2.9473433678225924,nan,0.9078693851701937,0.022748418006518053,0.0,0.0,0.0,0.0,0.0,0.0,0.0,0.0,0.0,0.0,0.0,0.0,0.0,0.0,0.0,0.0,0.0,0.0,0.0,0.0,0.0,0.0,0.0,0.0,0.028328611898017005,1.0623229461756376,9.730878186968841,15.297450424929181,3.7535410764872528,0.12747875354107652,0.9080869575934624,0.022851643309717694,0.0,0.0,0.0,0.0,0.0,0.0,0.0,0.0,0.0,0.0,0.0,0.0,0.0,0.0,0.0,0.0,0.0,0.0,0.0,0.0,0.0,0.0,0.0,0.0,0.029850746268656723,0.9850746268656718,10.000000000000002,14.880597014925376,3.910447761194031,0.19402985074626872,0.406,0.01294,0.0,0.0,0.0,0.0,0.0,0.0,0.0,0.0,0.0,0.0,0.0,9.815864022662875,19.815864022662893,0.3682719546742211,0.0,0.0,0.0,0.0,0.0,0.0,0.0,0.0,0.0,0.0,0.0,0.0,0.0,0.0,0.0,0.0,0.406,0.013596,0.0,0.0,0.0,0.0,0.0,0.0,0.0,0.0,0.0,0.0,0.014925373134328361,10.283582089552224,18.92537313432836,0.7761194029850749,0.0,0.0,0.0,0.0,0.0,0.0,0.0,0.0,0.0,0.0,0.0,0.0,0.0,0.0,0.0,0.0
80600,4001,2106,0.5263684078980255,1011,798,0.4521369657585604,1078,0.5388652836790803,0.422,2.9741424802110816,3.1266775323510556,6.6604127579737336,2.1437700257815635,8306.292805923471,430.0061350605039,7853.0,8731.66654702425,8714.170235754895,5.7447926656779815,7853.0,0.0,27.875281179705073,20.694350129814282,32.74650817236255,18.954820543436586,0.13446638340414896,0.10522369407648088,0.09072731817045739,0.08847788052986753,0.07773056735816046,0.07898025493626594,0.07073231692076981,0.06323419145213696,0.06023494126468383,0.05023744063984004,0.047488127968008,0.039990002499375156,0.033741564608847786,0.025243689077730568,0.018245438640339916,0.008747813046738315,0.006498375406148463,0.906254814955867,0.022649252980076296,0.0,0.0,0.0,0.0,0.0,0.0,0.0,0.0,0.0,0.0,0.0,0.0,0.0,0.0,0.0,0.0,0.0,0.0,0.0,0.0,0.0,0.0,0.0,0.0,0.014996250937265688,1.147213196700825,10.474881279680082,14.928767808047992,3.2766808297925527,0.1574606348412897,4.249322493224932,2.922501137304604,nan,nan,nan,4.225460122699387,2.952813299783636,4.273651290070368,2.8910665628073624,1.0114049514068528,0.406,0.01305,0.0,0.0,0.0,0.0,0.0,0.0,0.0,0.0,0.0,0.0,0.02249437640589853,9.815046238440376,19.637590602349416,0.524868782804299,0.0,0.0,0.0,0.0,0.0,0.0,0.0,0.0,0.0,0.0,0.0,0.0,0.0,0.0,0.0,0.0,nan,nan,4.249322493224932,2.922501137304604,nan,0.406,0.06143,0.0,0.0,0.0,0.0,0.0,0.0,0.0,0.0,0.0,0.0,0.0,0.0,0.0,0.0,0.0,0.0,0.0,0.0,0.0,0.0,0.0,0.0,0.0,7.498125468632842e-05,0.001937015746063484,0.0005998500374906273,0.011234691327168207,0.0034491377155711073,0.016183454136465884,0.03884028992751812,0.022094476380904775,0.0029367658085478632,0.007473131717070733,0.016445888527868033,0.021669582604348914,0.04797550612346913,0.047850537365658585,0.0629217695576106,0.04598850287428143,0.06632091977005748,0.07671832041989503,0.045763559110222445,0.08540364908772807,0.07396900774806299,0.06642089477630593,0.04285178705323669,0.037828042989252686,0.026955761059735066,0.018182954261434642,0.03801549612596851,0.019932516870782305,0.019145213696575857,0.00852286928267933,0.00519870032491877,0.013359160209947513,0.0025493626593351662,0.001849537615596101,0.0,0.003124218945263684,0.0,0.0,0.00021244688827793052,0.0,0.0,0.0,0.0,0.0,0.0,0.0,0.0,0.0,0.0,0.0,0.0,0.0,0.0,0.0,0.0,0.0,0.0,0.0,0.0,0.0,0.0,0.0,0.0,0.0,0.0,0.0,0.0,0.0,0.0,0.0,0.0,0.0,0.0,0.0,0.0,0.0,0.0,0.0,nan,nan,4.249322493224932,2.922501137304604,nan,0.9067461734879957,0.022694186637268715,0.0,0.0,0.0,0.0,0.0,0.0,0.0,0.0,0.0,0.0,0.0,0.0,0.0,0.0,0.0,0.0,0.0,0.0,0.0,0.0,0.0,0.0,0.0,0.0,0.014245014245014249,1.082621082621083,10.256410256410257,15.113960113960118,3.376068376068377,0.1566951566951567,0.9057087457903457,0.02258667407789496,0.0,0.0,0.0,0.0,0.0,0.0,0.0,0.0,0.0,0.0,0.0,0.0,0.0,0.0,0.0,0.0,0.0,0.0,0.0,0.0,0.0,0.0,0.0,0.0,0.015831134564643804,1.2189973614775729,10.717678100263853,14.722955145118737,3.1662269129287606,0.15831134564643803,0.406,0.01303,0.0,0.0,0.0,0.0,0.0,0.0,0.0,0.0,0.0,0.0,0.028490028490028498,9.928774928774915,19.544159544159548,0.4985754985754987,0.0,0.0,0.0,0.0,0.0,0.0,0.0,0.0,0.0,0.0,0.0,0.0,0.0,0.0,0.0,0.0,0.4058,0.01307,0.0,0.0,0.0,0.0,0.0,0.0,0.0,0.0,0.0,0.0,0.015831134564643804,9.688654353561992,19.74142480211082,0.5540897097625331,0.0,0.0,0.0,0.0,0.0,0.0,0.0,0.0,0.0,0.0,0.0,0.0,0.0,0.0,0.0,0.0
80700,3980,2105,0.5288944723618091,985,790,0.44597989949748745,1113,0.5592964824120603,0.446,3.0597333333333334,3.2014421639143955,6.8824662813102115,2.181473244549606,8308.281451978715,429.7106633871622,7853.0,8732.984677517414,8713.817187114155,5.8911951502144095,7853.0,0.0,28.378391959798996,21.110264131117912,33.338507462686565,19.324751219941508,0.1407035175879397,0.09597989949748743,0.08693467336683416,0.08869346733668342,0.07839195979899498,0.07688442211055277,0.06582914572864322,0.06633165829145729,0.059045226130653265,0.053266331658291456,0.05175879396984925,0.03592964824120603,0.031155778894472363,0.029396984924623115,0.020603015075376884,0.010804020100502512,0.008291457286432161,0.9055747488335748,0.02287674203846153,0.0,0.0,0.0,0.0,0.0,0.0,0.0,0.0,0.0,0.0,0.0,0.0,0.0,0.0,0.0,0.0,0.0,0.0,0.0,0.0,0.0,0.0,0.0,0.0,0.03768844221105529,1.3869346733668344,10.48492462311558,14.849246231155783,3.180904522613066,0.060301507537688454,4.267307692307693,2.9981546346073866,nan,nan,nan,4.252891287586738,2.9940897393896764,4.281657712970069,3.0021265958863737,1.0067639691301993,0.4055,0.0137,0.0,0.0,0.0,0.0,0.0,0.0,0.0,0.0,0.0,0.0,0.0527638190954774,10.236180904522598,18.994974874371863,0.7160804020100504,0.0,0.0,0.0,0.0,0.0,0.0,0.0,0.0,0.0,0.0,0.0,0.0,0.0,0.0,0.0,0.0,nan,nan,4.267307692307693,2.9981546346073866,nan,0.4055,0.0617,0.0,0.0,0.0,0.0,0.0,0.0,0.0,0.0,0.0,0.0,0.0,0.0,0.0,0.0,0.0,0.0,0.0,0.0,0.0,0.0,1.2562814070351759e-05,0.0,0.0,0.00011306532663316583,0.0025753768844221105,0.00041457286432160803,0.012261306532663316,0.0034798994974874374,0.016381909547738695,0.03762562814070352,0.02150753768844221,0.0021984924623115578,0.0074623115577889445,0.015766331658291458,0.02336683417085427,0.05007537688442211,0.05081658291457286,0.0621105527638191,0.04449748743718593,0.06498743718592964,0.07923366834170854,0.04688442211055276,0.08293969849246231,0.07275125628140704,0.06576633165829146,0.04193467336683417,0.03986180904522613,0.026608040201005025,0.017022613065326632,0.03847989949748744,0.018530150753768845,0.01763819095477387,0.009484924623115579,0.0062437185929648245,0.012701005025125629,0.0021984924623115578,0.0018844221105527637,0.0,0.0038442211055276384,0.0,0.0,0.00033919597989949746,0.0,0.0,0.0,0.0,0.0,0.0,0.0,0.0,0.0,0.0,0.0,0.0,0.0,0.0,0.0,0.0,0.0,0.0,0.0,0.0,0.0,0.0,0.0,0.0,0.0,0.0,0.0,0.0,0.0,0.0,0.0,0.0,0.0,0.0,0.0,0.0,0.0,0.0,0.0,nan,nan,4.267307692307693,2.9981546346073866,nan,0.9057818302066196,0.02270092857888265,0.0,0.0,0.0,0.0,0.0,0.0,0.0,0.0,0.0,0.0,0.0,0.0,0.0,0.0,0.0,0.0,0.0,0.0,0.0,0.0,0.0,0.0,0.0,0.0,0.02850356294536818,1.3254156769596201,10.503562945368174,15.007125890736345,3.0641330166270793,0.07125890736342044,0.90534226547877,0.023070311037445355,0.0,0.0,0.0,0.0,0.0,0.0,0.0,0.0,0.0,0.0,0.0,0.0,0.0,0.0,0.0,0.0,0.0,0.0,0.0,0.0,0.0,0.0,0.0,0.0,0.04800000000000001,1.4560000000000002,10.464000000000002,14.672000000000004,3.312000000000001,0.04800000000000001,0.4053,0.01362,0.0,0.0,0.0,0.0,0.0,0.0,0.0,0.0,0.0,0.0,0.08551068883610452,10.190023752969106,19.154394299287414,0.5700712589073635,0.0,0.0,0.0,0.0,0.0,0.0,0.0,0.0,0.0,0.0,0.0,0.0,0.0,0.0,0.0,0.0,0.4058,0.013794,0.0,0.0,0.0,0.0,0.0,0.0,0.0,0.0,0.0,0.0,0.016000000000000004,10.287999999999984,18.816000000000003,0.8800000000000002,0.0,0.0,0.0,0.0,0.0,0.0,0.0,0.0,0.0,0.0,0.0,0.0,0.0,0.0,0.0,0.0
80800,4191,2168,0.5172989739918874,1012,848,0.44380816034359344,1192,0.5688379861608208,0.434,3.056846267918932,3.1516665145094023,6.721830985915493,2.1460942642746494,8298.131955500075,430.0089793171605,7853.0,8732.230449163913,8713.492631688569,5.801720600468104,7853.0,0.0,27.94440467668814,20.752935565733413,32.79495893514585,19.005324644566915,0.14006203769983297,0.09735146743020759,0.09472679551419709,0.08255786208542114,0.08565974707706991,0.0737294201861131,0.0711047482701026,0.0632307325220711,0.05893581484132665,0.05249343832020997,0.047721307563827246,0.04127893104271057,0.03173466952994512,0.022667621092817943,0.021474588403722263,0.009067048437127178,0.006203769983297542,0.9043939109492547,0.022755341910738216,0.0,0.0,0.0,0.0,0.0,0.0,0.0,0.0,0.0,0.0,0.0,0.0,0.0,0.0,0.0,0.0,0.0,0.0,0.0,0.0,0.0,0.0,0.0,0.0,0.03579098067287045,1.3600572655690768,11.1882605583393,14.294917680744456,3.02791696492484,0.09305654974946316,4.313008130081301,2.9324674178279873,nan,nan,nan,4.276069017254313,2.8865009827156847,4.347667638483965,2.9767273369939278,1.016744028438443,0.4048,0.01322,0.0,0.0,0.0,0.0,0.0,0.0,0.0,0.0,0.0,0.0,0.014316392269148178,11.460272011453096,17.98138869005011,0.5440229062276307,0.0,0.0,0.0,0.0,0.0,0.0,0.0,0.0,0.0,0.0,0.0,0.0,0.0,0.0,0.0,0.0,nan,nan,4.313008130081301,2.9324674178279873,nan,0.4048,0.0615,0.0,0.0,0.0,0.0,0.0,0.0,0.0,0.0,0.0,0.0,0.0,0.0,0.0,0.0,0.0,0.0,0.0,0.0,0.0,0.0,0.0,0.0,1.1930326890956813e-05,4.772130756382725e-05,0.00273204485802911,0.000572655690765927,0.012944404676688141,0.004259126700071582,0.01583154378429969,0.03663803388212837,0.022369362920544023,0.0020162252445717014,0.00767120019088523,0.0164638511095204,0.024958243855881652,0.049821045096635645,0.050238606537819135,0.06432832259603913,0.045239799570508235,0.06614173228346457,0.08007635409210212,0.048425196850393704,0.07891911238367931,0.07091386303984729,0.06587926509186352,0.04105225483178239,0.04151753758052971,0.024958243855881652,0.01893342877594846,0.03783106657122405,0.0180386542591267,0.01706036745406824,0.008816511572417085,0.006275351944643283,0.012001908852302554,0.001849200668098306,0.0014435695538057743,3.579098067287044e-05,0.0033882128370317345,4.772130756382725e-05,0.0,0.00025053686471009307,0.0,0.0,0.0,0.0,0.0,0.0,0.0,0.0,0.0,0.0,0.0,0.0,0.0,0.0,0.0,0.0,0.0,0.0,0.0,0.0,0.0,0.0,0.0,0.0,0.0,0.0,0.0,0.0,0.0,0.0,0.0,0.0,0.0,0.0,0.0,0.0,0.0,0.0,0.0,nan,nan,4.313008130081301,2.9324674178279873,nan,0.9049902626784085,0.022612354357486927,0.0,0.0,0.0,0.0,0.0,0.0,0.0,0.0,0.0,0.0,0.0,0.0,0.0,0.0,0.0,0.0,0.0,0.0,0.0,0.0,0.0,0.0,0.0,0.0,0.027675276752767534,1.2730627306273066,10.973247232472326,14.65405904059041,2.961254612546126,0.11070110701107014,0.9037548152751046,0.022890347176549395,0.0,0.0,0.0,0.0,0.0,0.0,0.0,0.0,0.0,0.0,0.0,0.0,0.0,0.0,0.0,0.0,0.0,0.0,0.0,0.0,0.0,0.0,0.0,0.0,0.04448838358872961,1.4532871972318342,11.418685121107268,13.910034602076129,3.0993573900148306,0.07414730598121604,0.4048,0.0131,0.0,0.0,0.0,0.0,0.0,0.0,0.0,0.0,0.0,0.0,0.0,11.416051660516588,18.099630996309966,0.48431734317343184,0.0,0.0,0.0,0.0,0.0,0.0,0.0,0.0,0.0,0.0,0.0,0.0,0.0,0.0,0.0,0.0,0.4048,0.01334,0.0,0.0,0.0,0.0,0.0,0.0,0.0,0.0,0.0,0.0,0.029658922392486412,11.507661888284709,17.854671280276822,0.6080079090459715,0.0,0.0,0.0,0.0,0.0,0.0,0.0,0.0,0.0,0.0,0.0,0.0,0.0,0.0,0.0,0.0
80900,4422,2266,0.5124378109452736,1050,902,0.4414292175486205,1267,0.5730438715513342,0.418,3.0862708719851577,3.148014777570288,6.590769230769231,2.2087743261068207,8293.993127770624,430.1755835150822,7853.0,8734.948169136047,8713.57882215432,5.69585832458818,7853.0,0.0,28.156490275893262,21.03714978085432,33.03971022269922,19.307491083422022,0.13817277250113072,0.09927634554500227,0.09339665309814564,0.08887381275440977,0.0780189959294437,0.07146087743102668,0.06806874717322478,0.06512890094979647,0.05789235639981909,0.054274084124830396,0.047715965626413386,0.03889642695612845,0.037765716870194484,0.024197195838986885,0.016056083220262325,0.013794663048394391,0.007010402532790593,0.9043980754780478,0.02248296769212162,0.0,0.0,0.0,0.0,0.0,0.0,0.0,0.0,0.0,0.0,0.0,0.0,0.0,0.0,0.0,0.0,0.0,0.0,0.0,0.0,0.0,0.0,0.0,0.0,0.020352781546811402,1.3432835820895523,11.499321573948443,14.077340569877887,2.978290366350069,0.08141112618724561,4.416959887403237,2.8873344798989287,nan,nan,nan,4.506993006993007,2.8974826390002306,4.325779036827195,2.8741474463296526,0.9597927110415655,0.4053,0.012985,0.0,0.0,0.0,0.0,0.0,0.0,0.0,0.0,0.0,0.0,0.020352781546811402,10.427408412483025,19.02985074626866,0.5223880597014926,0.0,0.0,0.0,0.0,0.0,0.0,0.0,0.0,0.0,0.0,0.0,0.0,0.0,0.0,0.0,0.0,nan,nan,4.416959887403237,2.8873344798989287,nan,0.4053,0.06192,0.0,0.0,0.0,0.0,0.0,0.0,0.0,0.0,0.0,0.0,0.0,0.0,0.0,0.0,0.0,0.0,0.0,0.0,0.0,0.0,0.0,0.0,0.0,0.00010176390773405698,0.0028946178199909544,0.00037313432835820896,0.014077340569877883,0.004364540931705111,0.015909090909090907,0.03657847127996382,0.021743554952510177,0.0021822704658525554,0.008570782451379466,0.015072365445499773,0.023903211216644054,0.05,0.04730890999547716,0.06403211216644053,0.04296698326549073,0.06588647670737223,0.08013342379014021,0.0492876526458616,0.07860696517412935,0.07322478516508367,0.06682496607869742,0.04198326549072818,0.03980099502487562,0.028222523744911805,0.01858887381275441,0.03629579375848033,0.017661691542288558,0.018713251922207148,0.00741745816372682,0.00642243328810493,0.012358661239258254,0.0016395296246042514,0.002261420171867933,0.0,0.004262777023971054,1.1307100859339666e-05,0.0,0.00028267752148349165,0.0,0.0,3.3921302578019e-05,0.0,0.0,0.0,0.0,0.0,0.0,0.0,0.0,0.0,0.0,0.0,0.0,0.0,0.0,0.0,0.0,0.0,0.0,0.0,0.0,0.0,0.0,0.0,0.0,0.0,0.0,0.0,0.0,0.0,0.0,0.0,0.0,0.0,0.0,0.0,0.0,nan,nan,4.416959887403237,2.8873344798989287,nan,0.9047733425883624,0.02226264734354239,0.0,0.0,0.0,0.0,0.0,0.0,0.0,0.0,0.0,0.0,0.0,0.0,0.0,0.0,0.0,0.0,0.0,0.0,0.0,0.0,0.0,0.0,0.0,0.0,0.026478375992939104,1.151809355692851,11.57105030891439,14.139452780229483,3.0052956751985884,0.10591350397175642,0.9040036620865948,0.022705541426837096,0.0,0.0,0.0,0.0,0.0,0.0,0.0,0.0,0.0,0.0,0.0,0.0,0.0,0.0,0.0,0.0,0.0,0.0,0.0,0.0,0.0,0.0,0.0,0.0,0.013914656771799632,1.5445269016697591,11.4239332096475,14.01205936920223,2.9499072356215224,0.05565862708719853,0.4053,0.01307,0.0,0.0,0.0,0.0,0.0,0.0,0.0,0.0,0.0,0.0,0.03971756398940866,10.43248014121799,18.984995586937337,0.5428067078552516,0.0,0.0,0.0,0.0,0.0,0.0,0.0,0.0,0.0,0.0,0.0,0.0,0.0,0.0,0.0,0.0,0.405,0.0129,0.0,0.0,0.0,0.0,0.0,0.0,0.0,0.0,0.0,0.0,0.0,10.422077922077907,19.076994434137294,0.5009276437847867,0.0,0.0,0.0,0.0,0.0,0.0,0.0,0.0,0.0,0.0,0.0,0.0,0.0,0.0,0.0,0.0
81000,4480,2255,0.5033482142857143,1024,949,0.44040178571428573,1262,0.5633928571428571,0.40199999999999997,2.8952808988764045,3.036896734337275,6.376026272577997,2.1885243259076925,8285.948883979148,430.0784291479973,7853.0,8732.87863560915,8713.137915843276,5.715113920530802,7853.0,0.0,27.646875,20.91389317497761,32.613272921108745,19.231156555573033,0.13995535714285715,0.10022321428571429,0.09910714285714285,0.09107142857142857,0.08191964285714286,0.0703125,0.06763392857142857,0.06674107142857143,0.054464285714285715,0.05379464285714286,0.04263392857142857,0.03526785714285714,0.03504464285714286,0.024776785714285713,0.017410714285714286,0.012276785714285714,0.007366071428571428,0.9035732882629548,0.022555103168746014,0.0,0.0,0.0,0.0,0.0,0.0,0.0,0.0,0.0,0.0,0.0,0.0,0.0,0.0,0.0,0.0,0.0,0.0,0.0,0.0,0.0,0.0,0.0,0.0,0.03348214285714286,1.426339285714286,11.625000000000004,13.975446428571432,2.8459821428571437,0.09375000000000003,4.224640224640225,2.7770957009432267,nan,nan,nan,4.199440167949615,2.726917831955224,4.25,2.826465717234905,1.0120396600566572,0.4048,0.01306,0.0,0.0,0.0,0.0,0.0,0.0,0.0,0.0,0.0,0.0,0.013392857142857146,10.761160714285698,18.790178571428573,0.43526785714285726,0.0,0.0,0.0,0.0,0.0,0.0,0.0,0.0,0.0,0.0,0.0,0.0,0.0,0.0,0.0,0.0,nan,nan,4.224640224640225,2.7770957009432267,nan,0.4048,0.06192,0.0,0.0,0.0,0.0,0.0,0.0,0.0,0.0,0.0,0.0,0.0,0.0,0.0,0.0,0.0,0.0,0.0,0.0,0.0,0.0,4.464285714285714e-05,1.1160714285714286e-05,0.0,0.00018973214285714286,0.002622767857142857,0.00034598214285714283,0.014095982142857143,0.004776785714285714,0.016026785714285716,0.035691964285714285,0.022924107142857142,0.0031138392857142858,0.008504464285714285,0.0153125,0.023582589285714287,0.05171875,0.045390625,0.06526785714285714,0.04302455357142857,0.06389508928571429,0.08284598214285714,0.05015625,0.076640625,0.07275669642857142,0.06525669642857143,0.04125,0.038136160714285716,0.03137276785714286,0.018448660714285713,0.03590401785714286,0.018381696428571428,0.01796875,0.007857142857142858,0.006383928571428572,0.012176339285714285,0.0013727678571428571,0.002890625,2.232142857142857e-05,0.003136160714285714,4.464285714285714e-05,0.0,0.0003794642857142857,0.0,0.0,7.8125e-05,0.0,0.0,0.0,0.0,0.0,0.0,0.0,0.0,0.0,0.0,0.0,0.0,0.0,0.0,0.0,0.0,0.0,0.0,0.0,0.0,0.0,0.0,0.0,0.0,0.0,0.0,0.0,0.0,0.0,0.0,0.0,0.0,0.0,0.0,0.0,0.0,nan,nan,4.224640224640225,2.7770957009432267,nan,0.9031705287766298,0.02228648840920804,0.0,0.0,0.0,0.0,0.0,0.0,0.0,0.0,0.0,0.0,0.0,0.0,0.0,0.0,0.0,0.0,0.0,0.0,0.0,0.0,0.0,0.0,0.0,0.0,0.039911308203991136,1.5299334811529937,11.454545454545459,14.501108647450113,2.394678492239468,0.07982261640798227,0.9039814782142639,0.022816861679531543,0.0,0.0,0.0,0.0,0.0,0.0,0.0,0.0,0.0,0.0,0.0,0.0,0.0,0.0,0.0,0.0,0.0,0.0,0.0,0.0,0.0,0.0,0.0,0.0,0.026966292134831468,1.3213483146067417,11.797752808988767,13.442696629213486,3.303370786516855,0.10786516853932587,0.4048,0.01294,0.0,0.0,0.0,0.0,0.0,0.0,0.0,0.0,0.0,0.0,0.02660753880266076,10.643015521064285,18.851441241685148,0.4789356984478937,0.0,0.0,0.0,0.0,0.0,0.0,0.0,0.0,0.0,0.0,0.0,0.0,0.0,0.0,0.0,0.0,0.4048,0.01318,0.0,0.0,0.0,0.0,0.0,0.0,0.0,0.0,0.0,0.0,0.0,10.880898876404478,18.728089887640454,0.39101123595505627,0.0,0.0,0.0,0.0,0.0,0.0,0.0,0.0,0.0,0.0,0.0,0.0,0.0,0.0,0.0,0.0
81100,4402,2324,0.5279418446160836,1115,867,0.4502498864152658,1209,0.5492957746478874,0.422,3.0866217516843117,3.0989774528807628,6.52012882447665,2.032346473789205,8307.139904604643,429.452474441469,7853.0,8731.730658018589,8713.2082014069,5.7754986349533874,7853.0,0.0,28.50136301681054,21.176174600246224,33.547052460789615,19.3390817932415,0.13902771467514766,0.09450249886415266,0.09041344843253067,0.08564288959563834,0.07973648341662881,0.07678328032712403,0.0667878237164925,0.06633348477964561,0.06133575647432985,0.04861426624261699,0.047932757837346664,0.03975465697410268,0.032030895047705586,0.030667878237164926,0.020218082689686508,0.013857337573830078,0.006360745115856429,0.9034038980215151,0.02232952462334871,0.0,0.0,0.0,0.0,0.0,0.0,0.0,0.0,0.0,0.0,0.0,0.0,0.0,0.0,0.0,0.0,0.0,0.0,0.0,0.0,0.0,0.0,0.0,0.0,0.020445252158109953,1.4856883234893234,11.551567469332126,14.257155838255342,2.616992276238074,0.06815084052703319,4.181408255289629,2.841526186000127,nan,nan,nan,4.227586206896552,2.8380294950867166,4.134682484298674,2.8442969813094066,0.9780244049319864,0.405,0.01289,0.0,0.0,0.0,0.0,0.0,0.0,0.0,0.0,0.0,0.0,0.006815084052703318,10.522489777373906,18.95956383462063,0.5111313039527489,0.0,0.0,0.0,0.0,0.0,0.0,0.0,0.0,0.0,0.0,0.0,0.0,0.0,0.0,0.0,0.0,nan,nan,4.181408255289629,2.841526186000127,nan,0.405,0.06192,0.0,0.0,0.0,0.0,0.0,0.0,0.0,0.0,0.0,0.0,0.0,0.0,0.0,0.0,0.0,0.0,0.0,0.0,0.0,0.0,0.00011358473421172194,0.0,1.1358473421172194e-05,7.950931394820536e-05,0.0026124488868696045,0.0004429804634257156,0.012039981826442525,0.0055997273966378915,0.017787369377555658,0.03920945024988642,0.019843253066787823,0.003271240345297592,0.009302589731940028,0.01428895956383462,0.0239777373920945,0.04745570195365743,0.04702407996365288,0.062039981826442527,0.044525215810995,0.06542480690595184,0.08188323489323035,0.052158109950022714,0.07435256701499318,0.07623807360290777,0.061494775102226264,0.0411744661517492,0.038573375738300775,0.035620172648796,0.017991821899136756,0.03681281235801908,0.0182189913675602,0.016958200817810087,0.007655611085870059,0.007360290776919582,0.011085870059064062,0.0009200363471149477,0.0025442980463425717,3.407542026351658e-05,0.0033961835529304862,6.815084052703316e-05,0.0,0.0003975465697410268,0.0,0.0,1.1358473421172194e-05,0.0,0.0,0.0,0.0,0.0,0.0,0.0,0.0,0.0,0.0,0.0,0.0,0.0,0.0,0.0,0.0,0.0,0.0,0.0,0.0,0.0,0.0,0.0,0.0,0.0,0.0,0.0,0.0,0.0,0.0,0.0,0.0,0.0,0.0,0.0,0.0,nan,nan,4.181408255289629,2.841526186000127,nan,0.9035728144717504,0.022139370529617414,0.0,0.0,0.0,0.0,0.0,0.0,0.0,0.0,0.0,0.0,0.0,0.0,0.0,0.0,0.0,0.0,0.0,0.0,0.0,0.0,0.0,0.0,0.0,0.0,0.038726333907056806,1.3812392426850262,11.41135972461274,14.54819277108434,2.54302925989673,0.07745266781411361,0.9032149847249095,0.022538789983344295,0.0,0.0,0.0,0.0,0.0,0.0,0.0,0.0,0.0,0.0,0.0,0.0,0.0,0.0,0.0,0.0,0.0,0.0,0.0,0.0,0.0,0.0,0.0,0.0,0.0,1.6025024061597695,11.708373435996151,13.931665062560157,2.6997112608277196,0.0577478344562079,0.4048,0.01284,0.0,0.0,0.0,0.0,0.0,0.0,0.0,0.0,0.0,0.0,0.012908777969018936,10.649741824440603,18.950086058519798,0.3872633390705681,0.0,0.0,0.0,0.0,0.0,0.0,0.0,0.0,0.0,0.0,0.0,0.0,0.0,0.0,0.0,0.0,0.405,0.012955,0.0,0.0,0.0,0.0,0.0,0.0,0.0,0.0,0.0,0.0,0.0,10.380173243503354,18.970163618864294,0.6496631376323388,0.0,0.0,0.0,0.0,0.0,0.0,0.0,0.0,0.0,0.0,0.0,0.0,0.0,0.0,0.0,0.0
81200,4481,2309,0.5152867663467976,1106,896,0.4467752733764785,1230,0.548984601651417,0.414,2.9005524861878453,3.1002672712723576,6.658662092624357,2.1276073728056333,8296.332935992377,429.999128427638,7853.0,8733.306473517418,8713.361579117298,5.695918371841752,7853.0,0.0,27.322918991296586,20.6063504132386,32.260069351827156,18.912592761063827,0.14059361749609461,0.1086810979692033,0.09462173621959384,0.08390984155322473,0.08413300602544074,0.07386744030350369,0.06985047980361526,0.06114706538719036,0.058915420665030124,0.05467529569292569,0.04463289444320464,0.03726846686007588,0.030796697165811203,0.024548091943762552,0.016737335416201742,0.010488730194153091,0.005132782860968534,0.9038607951680137,0.02292803767468534,0.0,0.0,0.0,0.0,0.0,0.0,0.0,0.0,0.0,0.0,0.0,0.0,0.0,0.0,0.0,0.0,0.0,0.0,0.0,0.0,0.0,0.0,0.0,0.0,0.033474670832403484,1.573309529122964,11.334523543851821,14.19995536710556,2.751617942423567,0.10711894666369116,4.301340860973888,2.8999218168182637,nan,nan,nan,4.3544749823819595,2.9052089356418973,4.248056537102474,2.893630406542229,0.9755611306276759,0.4048,0.0129,0.0,0.0,0.0,0.0,0.0,0.0,0.0,0.0,0.0,0.0,0.02008480249944209,10.785538942200386,18.71234099531355,0.48203525998661023,0.0,0.0,0.0,0.0,0.0,0.0,0.0,0.0,0.0,0.0,0.0,0.0,0.0,0.0,0.0,0.0,nan,nan,4.301340860973888,2.8999218168182637,nan,0.4048,0.06192,0.0,0.0,0.0,0.0,0.0,0.0,0.0,0.0,0.0,0.0,0.0,0.0,0.0,0.0,0.0,0.0,0.0,0.0,0.0,0.0,4.4632894443204644e-05,0.0,0.0,5.57911180540058e-05,0.0023990180763222495,0.00034590493193483596,0.011013166703860745,0.005779959830395001,0.017841999553671054,0.04051550993081901,0.021077884400803392,0.0034032582012943537,0.009183218031689354,0.0163467975898237,0.02363311760767686,0.04766793126534256,0.04667484936398125,0.06039946440526668,0.04313769247935729,0.06490738674403035,0.08029457710332515,0.05228743584021424,0.07671278732425797,0.07927917875474225,0.0586476232983709,0.041709439857174735,0.04153090827940192,0.03205757643383173,0.01797589823700067,0.03437848694487838,0.01943762553001562,0.01740682883284981,0.007565275608123187,0.007096630216469538,0.011950457487168043,0.0005579111805400581,0.0030908279401919213,2.2316447221602322e-05,0.0033809417540727514,5.57911180540058e-05,0.0,0.00013389868332961392,0.0,0.0,0.0,0.0,0.0,0.0,0.0,0.0,0.0,0.0,0.0,0.0,0.0,0.0,0.0,0.0,0.0,0.0,0.0,0.0,0.0,0.0,0.0,0.0,0.0,0.0,0.0,0.0,0.0,0.0,0.0,0.0,0.0,0.0,0.0,0.0,0.0,0.0,0.0,nan,nan,4.301340860973888,2.8999218168182637,nan,0.9041769852262392,0.022215125595952786,0.0,0.0,0.0,0.0,0.0,0.0,0.0,0.0,0.0,0.0,0.0,0.0,0.0,0.0,0.0,0.0,0.0,0.0,0.0,0.0,0.0,0.0,0.0,0.0,0.0,1.468168038111737,11.121697704634045,14.707665656128198,2.6245127760935474,0.07795582503248161,0.9035246612617324,0.02365774113288121,0.0,0.0,0.0,0.0,0.0,0.0,0.0,0.0,0.0,0.0,0.0,0.0,0.0,0.0,0.0,0.0,0.0,0.0,0.0,0.0,0.0,0.0,0.0,0.0,0.069060773480663,1.6850828729281773,11.560773480662986,13.660220994475141,2.8867403314917137,0.138121546961326,0.4048,0.012886,0.0,0.0,0.0,0.0,0.0,0.0,0.0,0.0,0.0,0.0,0.012992637505413601,10.576006929406654,18.878302295365962,0.5326981377219576,0.0,0.0,0.0,0.0,0.0,0.0,0.0,0.0,0.0,0.0,0.0,0.0,0.0,0.0,0.0,0.0,0.4048,0.01292,0.0,0.0,0.0,0.0,0.0,0.0,0.0,0.0,0.0,0.0,0.0276243093922652,11.008287292817664,18.535911602209946,0.4281767955801106,0.0,0.0,0.0,0.0,0.0,0.0,0.0,0.0,0.0,0.0,0.0,0.0,0.0,0.0,0.0,0.0
81300,4574,2298,0.5024048972452995,1061,982,0.4466550065588107,1306,0.5710537822474858,0.39799999999999996,2.9213532513181018,3.1028731393337274,6.604761904761904,2.1845727904201295,8285.140439227598,430.08670230354744,7853.0,8734.71741708517,8713.143763719332,5.8215733131300915,7853.0,0.0,27.962833406209008,20.8699079243982,32.88322496749025,19.12196544687471,0.14057717533887187,0.09794490599038042,0.09466550065588107,0.0854831657192829,0.07892435505028421,0.0765194578049847,0.07083515522518584,0.06427634455618715,0.05902929602098819,0.04940970703979012,0.04984696108439003,0.036292085701792744,0.034105815478793176,0.024486226497595104,0.02120682116309576,0.010056843025797988,0.006340183646698732,0.9034413061889437,0.022259180473303535,0.0,0.0,0.0,0.0,0.0,0.0,0.0,0.0,0.0,0.0,0.0,0.0,0.0,0.0,0.0,0.0,0.0,0.0,0.0,0.0,0.0,0.0,0.0,0.0,0.019676432006996068,1.4691735898557066,11.72059466550066,14.003060778312202,2.7219064276344564,0.0655881066899869,4.337177747625509,2.8916929001278846,nan,nan,nan,4.370121130551817,2.8735618297914267,4.303693570451436,2.909623644073264,0.984799606666282,0.4048,0.01303,0.0,0.0,0.0,0.0,0.0,0.0,0.0,0.0,0.0,0.0,0.00655881066899869,10.795802361171825,18.75163970266725,0.4459991254919109,0.0,0.0,0.0,0.0,0.0,0.0,0.0,0.0,0.0,0.0,0.0,0.0,0.0,0.0,0.0,0.0,nan,nan,4.337177747625509,2.8916929001278846,nan,0.4048,0.0617,0.0,0.0,0.0,0.0,0.0,0.0,0.0,0.0,0.0,0.0,0.0,0.0,0.0,0.0,0.0,0.0,0.0,0.0,0.0,0.0,0.0,0.0,3.279405334499344e-05,5.465675557498907e-05,0.0019129864451246175,0.0002514210756449497,0.010417577612592916,0.0053235679930039356,0.018320944468736337,0.040467861827721906,0.021469173589855707,0.003519895059029296,0.009575863576738085,0.018386532575426322,0.023939658941845212,0.04777000437254045,0.04544162658504591,0.060570616528202885,0.04465456930476607,0.06445124617402712,0.0770113686051596,0.05197857455181461,0.07774376912986446,0.07964582422387408,0.05672278093572366,0.04224967205946655,0.042238740708351555,0.03342807170966331,0.018867512024486225,0.03377787494534325,0.0195015303891561,0.017118495846086577,0.006657192829033668,0.006930476606908614,0.012330564057717534,0.0009510275470048098,0.0026781810231744645,0.0,0.0035636204634892873,0.0,0.0,0.0,0.0,4.3725404459991255e-05,0.0,0.0,0.0,0.0,0.0,0.0,0.0,0.0,0.0,0.0,0.0,0.0,0.0,0.0,0.0,0.0,0.0,0.0,0.0,0.0,0.0,0.0,0.0,0.0,0.0,0.0,0.0,0.0,0.0,0.0,0.0,0.0,0.0,0.0,0.0,0.0,0.0,nan,nan,4.337177747625509,2.8916929001278846,nan,0.9034188090976785,0.022611544622883156,0.0,0.0,0.0,0.0,0.0,0.0,0.0,0.0,0.0,0.0,0.0,0.0,0.0,0.0,0.0,0.0,0.0,0.0,0.0,0.0,0.0,0.0,0.0,0.0,0.03916449086161881,1.4882506527415147,11.879895561357705,13.707571801566584,2.793733681462142,0.09138381201044389,0.9034640207389117,0.021897635139056175,0.0,0.0,0.0,0.0,0.0,0.0,0.0,0.0,0.0,0.0,0.0,0.0,0.0,0.0,0.0,0.0,0.0,0.0,0.0,0.0,0.0,0.0,0.0,0.0,0.0,1.449912126537786,11.559753954305803,14.301405975395435,2.6493848857644995,0.03954305799648507,0.4048,0.01316,0.0,0.0,0.0,0.0,0.0,0.0,0.0,0.0,0.0,0.0,0.0,10.992167101827661,18.563968668407313,0.44386422976501316,0.0,0.0,0.0,0.0,0.0,0.0,0.0,0.0,0.0,0.0,0.0,0.0,0.0,0.0,0.0,0.0,0.405,0.01289,0.0,0.0,0.0,0.0,0.0,0.0,0.0,0.0,0.0,0.0,0.013181019332161691,10.59753954305798,18.941124780316347,0.44815465729349746,0.0,0.0,0.0,0.0,0.0,0.0,0.0,0.0,0.0,0.0,0.0,0.0,0.0,0.0,0.0,0.0
81400,4514,2283,0.5057598582188746,1065,950,0.44638901196278247,1302,0.5768719539211342,0.414,2.968623935454953,3.106203483137597,6.58307210031348,2.169573430287552,8287.931559966602,429.96832483110035,7853.0,8732.25383066535,8712.956663026383,5.61210273519278,7853.0,0.0,27.7536552946389,20.684059563973385,32.641877637130804,18.95432043469629,0.13646433318564466,0.09880372175454143,0.09924678777137794,0.08905626938413824,0.07753655294638902,0.07443509082853345,0.07465662383695171,0.06446610544971201,0.05649091714665485,0.055604785112981836,0.04563579973416039,0.03876827647319451,0.029906956136464335,0.021488701816570668,0.0203810367744794,0.01129818342933097,0.0057598582188746125,0.9022961300614137,0.02196923370257043,0.0,0.0,0.0,0.0,0.0,0.0,0.0,0.0,0.0,0.0,0.0,0.0,0.0,0.0,0.0,0.0,0.0,0.0,0.0,0.0,0.0,0.0,0.0,0.0,0.03322995126273815,1.4820558263181218,12.12228622064688,13.969871510855121,2.3460345591493135,0.04652193176783342,4.338159255429162,2.8876029624607558,nan,nan,nan,4.261080332409972,2.8830593066820307,4.414550446122169,2.890071463036262,1.0360167144808081,0.405,0.012924,0.0,0.0,0.0,0.0,0.0,0.0,0.0,0.0,0.0,0.0,0.026583961010190525,10.460788657509955,19.107221976074438,0.4054054054054055,0.0,0.0,0.0,0.0,0.0,0.0,0.0,0.0,0.0,0.0,0.0,0.0,0.0,0.0,0.0,0.0,nan,nan,4.338159255429162,2.8876029624607558,nan,0.405,0.0613,0.0,0.0,0.0,0.0,0.0,0.0,0.0,0.0,0.0,0.0,0.0,0.0,0.0,0.0,0.0,0.0,0.0,0.0,0.0,0.0,0.0,0.0,7.753655294638902e-05,4.4306601683650866e-05,0.0019716437749224634,0.00024368630926007974,0.010755427558706248,0.004541426672574214,0.018320779796189634,0.040230394328754984,0.020037660611431102,0.0027248560035445283,0.008949933540097474,0.018863535666814354,0.02405848471422242,0.04836065573770492,0.044649977846699156,0.05968099246787771,0.04589056269384138,0.06603898980948161,0.07910943730615862,0.05056490917146655,0.07690518387239699,0.08208905626938413,0.05721089942401418,0.0395436420026584,0.0442512184315463,0.03373947718210013,0.02007089056269384,0.03225520602569783,0.01974966770048737,0.0172463447053611,0.006014621178555605,0.0060921577315019935,0.01292645104120514,0.0009968985378821444,0.002658396101019052,1.1076650420912716e-05,0.003123615418697386,0.0,0.0,0.0,0.0,0.0,0.0,0.0,0.0,0.0,0.0,0.0,0.0,0.0,0.0,0.0,0.0,0.0,0.0,0.0,0.0,0.0,0.0,0.0,0.0,0.0,0.0,0.0,0.0,0.0,0.0,0.0,0.0,0.0,0.0,0.0,0.0,0.0,0.0,0.0,0.0,0.0,0.0,nan,nan,4.338159255429162,2.8876029624607558,nan,0.9023343005359982,0.021818561821175534,0.0,0.0,0.0,0.0,0.0,0.0,0.0,0.0,0.0,0.0,0.0,0.0,0.0,0.0,0.0,0.0,0.0,0.0,0.0,0.0,0.0,0.0,0.0,0.0,0.05256241787122209,1.458607095926413,11.865965834428387,14.336399474375824,2.2339027595269387,0.05256241787122209,0.9022570699119397,0.02212228691955955,0.0,0.0,0.0,0.0,0.0,0.0,0.0,0.0,0.0,0.0,0.0,0.0,0.0,0.0,0.0,0.0,0.0,0.0,0.0,0.0,0.0,0.0,0.0,0.0,0.013446884805020173,1.5060510981622595,12.38458090542358,13.594800537875395,2.4607799193186914,0.04034065441506052,0.405,0.013016,0.0,0.0,0.0,0.0,0.0,0.0,0.0,0.0,0.0,0.0,0.026281208935611044,10.65703022339026,18.909329829172144,0.4073587385019712,0.0,0.0,0.0,0.0,0.0,0.0,0.0,0.0,0.0,0.0,0.0,0.0,0.0,0.0,0.0,0.0,0.405,0.01283,0.0,0.0,0.0,0.0,0.0,0.0,0.0,0.0,0.0,0.0,0.026893769610040346,10.259973106230376,19.309726580008967,0.40340654415060523,0.0,0.0,0.0,0.0,0.0,0.0,0.0,0.0,0.0,0.0,0.0,0.0,0.0,0.0,0.0,0.0
81500,4517,2313,0.512065530219172,1071,933,0.4436572946646004,1268,0.5614345804737658,0.418,2.917422867513612,3.0681144385033847,6.54983388704319,2.0913542098071876,8293.417614266,429.93498786482587,7853.0,8732.04243337512,8713.080572260922,5.784685057377473,7853.0,0.0,27.848793446978082,20.97291402863224,32.92452330508475,19.196874532794308,0.1430152756254151,0.102723046269648,0.09010405136152314,0.08634049147664379,0.08301970334292672,0.07195040956386982,0.06641576267434138,0.06375913216736773,0.053796767766216516,0.055789240646446754,0.047597963249944655,0.040956386982510515,0.03520035421740093,0.025902147442993136,0.01593978304184193,0.008855435023245517,0.008634049147664379,0.9028585230536184,0.022585545452069287,0.0,0.0,0.0,0.0,0.0,0.0,0.0,0.0,0.0,0.0,0.0,0.0,0.0,0.0,0.0,0.0,0.0,0.0,0.0,0.0,0.0,0.0,0.0,0.0,0.01328315253486828,1.574053575381891,11.881779942439676,13.887535975204786,2.596856320566748,0.04649103387203898,4.260449050086356,2.875518811263909,nan,nan,nan,4.298969072164948,2.914467815661721,4.2175121612230715,2.8319774684640837,0.9810519895410982,0.4048,0.01325,0.0,0.0,0.0,0.0,0.0,0.0,0.0,0.0,0.0,0.0,0.033207881337170696,11.217622315696243,18.158069515164936,0.5844587115342043,0.00664157626743414,0.0,0.0,0.0,0.0,0.0,0.0,0.0,0.0,0.0,0.0,0.0,0.0,0.0,0.0,0.0,nan,nan,4.260449050086356,2.875518811263909,nan,0.4048,0.06165,0.0,0.0,0.0,0.0,0.0,0.0,0.0,0.0,0.0,0.0,0.0,0.0,0.0,0.0,0.0,0.0,0.0,0.0,0.0,0.0,0.0,0.0,4.4277175116227586e-05,1.1069293779056897e-05,0.002258135930927607,0.0002656630506973655,0.012154084569404472,0.004383440336506531,0.017854770865618774,0.0390856763338499,0.02029001549701129,0.0031658180208102723,0.00934248394952402,0.018884215187071066,0.025204781934912553,0.0467124197476201,0.046800974097852555,0.06129067965463803,0.04656851892849236,0.06315032100951959,0.08119326986938233,0.05228027451848572,0.07415319902590214,0.07892406464467568,0.05783705999557228,0.03837724153199026,0.044454283816692496,0.03231126854106708,0.020312154084569406,0.03350675226920522,0.020367500553464687,0.016493247730794774,0.005700686296214301,0.006497675448306398,0.012176223156962585,0.0012176223156962586,0.003055125083019703,0.0,0.0036528669470887757,1.1069293779056897e-05,1.1069293779056897e-05,0.0,0.0,0.0,0.0,0.0,0.0,0.0,0.0,0.0,0.0,0.0,0.0,0.0,0.0,0.0,0.0,0.0,0.0,0.0,0.0,0.0,0.0,0.0,0.0,0.0,0.0,0.0,0.0,0.0,0.0,0.0,0.0,0.0,0.0,0.0,0.0,0.0,0.0,0.0,0.0,nan,nan,4.260449050086356,2.875518811263909,nan,0.903233319843068,0.02239421480018601,0.0,0.0,0.0,0.0,0.0,0.0,0.0,0.0,0.0,0.0,0.0,0.0,0.0,0.0,0.0,0.0,0.0,0.0,0.0,0.0,0.0,0.0,0.0,0.0,0.0,1.4656290531776917,11.815823605706877,14.124513618677046,2.568093385214008,0.025940337224383922,0.902465190488284,0.022777979598832914,0.0,0.0,0.0,0.0,0.0,0.0,0.0,0.0,0.0,0.0,0.0,0.0,0.0,0.0,0.0,0.0,0.0,0.0,0.0,0.0,0.0,0.0,0.0,0.0,0.027223230490018156,1.6878402903811256,11.950998185117971,13.638838475499096,2.627041742286752,0.06805807622504538,0.4045,0.013336,0.0,0.0,0.0,0.0,0.0,0.0,0.0,0.0,0.0,0.0,0.03891050583657588,11.348897535667948,17.963683527885866,0.635538261997406,0.012970168612191961,0.0,0.0,0.0,0.0,0.0,0.0,0.0,0.0,0.0,0.0,0.0,0.0,0.0,0.0,0.0,0.4048,0.01317,0.0,0.0,0.0,0.0,0.0,0.0,0.0,0.0,0.0,0.0,0.027223230490018156,11.07985480943737,18.362068965517246,0.530852994555354,0.0,0.0,0.0,0.0,0.0,0.0,0.0,0.0,0.0,0.0,0.0,0.0,0.0,0.0,0.0,0.0
81600,4609,2383,0.5170318941201996,1148,902,0.4447819483619006,1237,0.5367758732913864,0.43,2.9734950584007187,3.1800871484188797,6.814285714285714,2.075278305517473,8297.68287687729,429.8043390272727,7853.0,8732.148897761106,8713.068560439542,5.711982377714212,7853.0,0.0,27.813842482100238,21.0349711234605,33.138670852956565,19.15466603432254,0.15057496203080928,0.09221089173356477,0.09242785853764374,0.08895638967238012,0.08071165111737905,0.0694293773052723,0.07094814493382512,0.06053373833803428,0.0603167715339553,0.04946843133000651,0.04621392926882187,0.042525493599479276,0.033195921024083315,0.02668691690171404,0.01974397917118681,0.008895638967238013,0.007159904534606206,0.903026063159273,0.022773371432616058,0.0,0.0,0.0,0.0,0.0,0.0,0.0,0.0,0.0,0.0,0.0,0.0,0.0,0.0,0.0,0.0,0.0,0.0,0.0,0.0,0.0,0.0,0.0,0.0,0.045563028856584954,1.6272510305923198,11.74224343675418,13.773052722933395,2.746799739639836,0.06509004122369279,4.181542606938363,2.95259210064403,nan,nan,nan,4.1635135135135135,2.886645594865765,4.200268817204301,3.017458150692097,1.008827953499248,0.405,0.013405,0.0,0.0,0.0,0.0,0.0,0.0,0.0,0.0,0.0,0.0,0.07159904534606207,10.961162942069848,18.38142764157084,0.5858103710132351,0.0,0.0,0.0,0.0,0.0,0.0,0.0,0.0,0.0,0.0,0.0,0.0,0.0,0.0,0.0,0.0,nan,nan,4.181542606938363,2.95259210064403,nan,0.4048,0.0621,0.0,0.0,0.0,0.0,0.0,0.0,0.0,0.0,0.0,0.0,0.0,0.0,0.0,0.0,0.0,0.0,0.0,0.0,0.0,0.0,0.0,0.0,1.0848340203948797e-05,0.0,0.002288999783033196,0.00022781514428292472,0.012866131481883272,0.004089824256888696,0.018149273161206337,0.04166847472336732,0.02018876111954871,0.0030158385766977653,0.00945975265784335,0.016999349099587762,0.025797353004990236,0.04527012367107833,0.04707094814493382,0.06053373833803428,0.045009763506183555,0.061195487090475155,0.08223041874593187,0.052288999783033197,0.07208722065523974,0.07895422000433934,0.0585810371013235,0.03821870253851161,0.04452158819700586,0.03168800173573443,0.022119765675851593,0.03415057496203081,0.022564547624213494,0.017335647645910175,0.005771316988500759,0.006498155782165328,0.011488392275981774,0.0008353221957040572,0.002549359947927967,2.1696680407897593e-05,0.00423085267954003,2.1696680407897593e-05,0.0,0.0,0.0,0.0,0.0,0.0,0.0,0.0,0.0,0.0,0.0,0.0,0.0,0.0,0.0,0.0,0.0,0.0,0.0,0.0,0.0,0.0,0.0,0.0,0.0,0.0,0.0,0.0,0.0,0.0,0.0,0.0,0.0,0.0,0.0,0.0,0.0,0.0,0.0,0.0,0.0,nan,nan,4.181542606938363,2.95259210064403,nan,0.9028241056831654,0.02233785323990945,0.0,0.0,0.0,0.0,0.0,0.0,0.0,0.0,0.0,0.0,0.0,0.0,0.0,0.0,0.0,0.0,0.0,0.0,0.0,0.0,0.0,0.0,0.0,0.0,0.050356693243810334,1.6240033571128834,11.670163659253046,14.125052454888799,2.467477968946706,0.06294586655476292,0.9032422647161303,0.023228613533117788,0.0,0.0,0.0,0.0,0.0,0.0,0.0,0.0,0.0,0.0,0.0,0.0,0.0,0.0,0.0,0.0,0.0,0.0,0.0,0.0,0.0,0.0,0.0,0.0,0.04043126684636119,1.6307277628032348,11.819407008086257,13.396226415094343,3.045822102425877,0.06738544474393532,0.405,0.0134,0.0,0.0,0.0,0.0,0.0,0.0,0.0,0.0,0.0,0.0,0.0755350398657155,11.141418380193016,18.103231221149816,0.6798153587914395,0.0,0.0,0.0,0.0,0.0,0.0,0.0,0.0,0.0,0.0,0.0,0.0,0.0,0.0,0.0,0.0,0.4048,0.01342,0.0,0.0,0.0,0.0,0.0,0.0,0.0,0.0,0.0,0.0,0.06738544474393532,10.768194070080845,18.679245283018872,0.4851752021563343,0.0,0.0,0.0,0.0,0.0,0.0,0.0,0.0,0.0,0.0,0.0,0.0,0.0,0.0,0.0,0.0
81700,4899,2509,0.5121453357828128,1200,988,0.44662175954276384,1379,0.562972035109206,0.41,2.9539748953974896,3.1245376051876352,6.484760522496371,2.2037341266248105,8293.47890651786,429.92617713438176,7853.0,8732.861155593395,8713.066226795929,5.787394146230692,7853.0,0.0,28.129822412737294,20.878782103856885,33.053385100703714,19.10446038290969,0.13778322106552357,0.09655031639110022,0.10063278220044908,0.08205756276791182,0.08083282302510716,0.0679730557256583,0.06776893243519086,0.06593182282098388,0.06572769953051644,0.05307205552153501,0.044294754031434985,0.04204939783629312,0.0332720963461931,0.02776076750357216,0.018779342723004695,0.00959379465196979,0.005919575423555827,0.9030636238988552,0.022644013936743135,0.0,0.0,0.0,0.0,0.0,0.0,0.0,0.0,0.0,0.0,0.0,0.0,0.0,0.0,0.0,0.0,0.0,0.0,0.0,0.0,0.0,0.0,0.0,0.0,0.012247397428046543,1.6533986527862834,11.861604409063077,13.723208818126151,2.67605633802817,0.07348438456827926,4.336182336182336,2.9374062179623626,nan,nan,nan,4.313413858868405,2.8951245783131467,4.358764186633039,2.9785766358134036,1.0105137900624568,0.4048,0.013176,0.0,0.0,0.0,0.0,0.0,0.0,0.0,0.0,0.0,0.0,0.0428658909981629,11.11451316595222,18.36497244335579,0.4776484996938152,0.0,0.0,0.0,0.0,0.0,0.0,0.0,0.0,0.0,0.0,0.0,0.0,0.0,0.0,0.0,0.0,nan,nan,4.336182336182336,2.9374062179623626,nan,0.4048,0.06207,0.0,0.0,0.0,0.0,0.0,0.0,0.0,0.0,0.0,0.0,0.0,0.0,0.0,0.0,0.0,0.0,0.0,0.0,0.0,0.0,0.0,4.0824658093488464e-05,0.0,0.0,0.002112676056338028,0.00022453561951418658,0.01258420085731782,0.004429475403143499,0.020075525617472955,0.04135537864870382,0.02063686466625842,0.0031741171667687283,0.009318228209838743,0.014819350887936313,0.026597264747907735,0.042457644417228005,0.04739742804654011,0.05964482547458665,0.04765258215962441,0.061971830985915494,0.08435394978567054,0.05021432945499082,0.07389263114921413,0.07864870381710554,0.05925699122269851,0.03680342927127985,0.04397836293121045,0.03263931414574403,0.02212696468667075,0.0327617881200245,0.02050418452745458,0.01890181669728516,0.006195141865686875,0.006470708307817922,0.010706266585017351,0.0009491733006736069,0.0031843233312921003,5.1030822616860586e-05,0.0038375178607879157,3.061849357011635e-05,0.0,0.0,0.0,0.0,0.0,0.0,0.0,0.0,0.0,0.0,0.0,0.0,0.0,0.0,0.0,0.0,0.0,0.0,0.0,0.0,0.0,0.0,0.0,0.0,0.0,0.0,0.0,0.0,0.0,0.0,0.0,0.0,0.0,0.0,0.0,0.0,0.0,0.0,0.0,0.0,0.0,nan,nan,4.336182336182336,2.9374062179623626,nan,0.9032046566592977,0.022682196651303926,0.0,0.0,0.0,0.0,0.0,0.0,0.0,0.0,0.0,0.0,0.0,0.0,0.0,0.0,0.0,0.0,0.0,0.0,0.0,0.0,0.0,0.0,0.0,0.0,0.011956954962136312,1.614188919888402,11.70585890793145,13.893981666002395,2.678357911518534,0.0956556396970905,0.9029155690051521,0.022602913899383268,0.0,0.0,0.0,0.0,0.0,0.0,0.0,0.0,0.0,0.0,0.0,0.0,0.0,0.0,0.0,0.0,0.0,0.0,0.0,0.0,0.0,0.0,0.0,0.0,0.012552301255230129,1.6945606694560673,12.025104602510464,13.543933054393309,2.6736401673640176,0.050209205020920515,0.4045,0.01303,0.0,0.0,0.0,0.0,0.0,0.0,0.0,0.0,0.0,0.0,0.04782781984854525,11.32323634914307,18.210442407333602,0.41849342367477094,0.0,0.0,0.0,0.0,0.0,0.0,0.0,0.0,0.0,0.0,0.0,0.0,0.0,0.0,0.0,0.0,0.4048,0.01333,0.0,0.0,0.0,0.0,0.0,0.0,0.0,0.0,0.0,0.0,0.037656903765690385,10.895397489539734,18.527196652719667,0.5397489539748955,0.0,0.0,0.0,0.0,0.0,0.0,0.0,0.0,0.0,0.0,0.0,0.0,0.0,0.0,0.0,0.0
81800,4921,2533,0.5147327778906726,1196,994,0.4450314976630766,1357,0.5515139199349726,0.422,2.9623115577889445,3.15595526238485,6.693939393939394,2.136329249669529,8295.841158430521,429.99809088390555,7853.0,8733.950870865583,8713.332151850213,5.603638640445122,7853.0,0.0,27.978662873399717,21.010727558715747,33.023058252427184,19.244030782145913,0.14102824629140417,0.09774436090225563,0.09794757163178215,0.08169071326966064,0.08392603129445235,0.07335907335907337,0.06665311928469823,0.061979272505588295,0.061979272505588295,0.051209103840682786,0.04470636049583418,0.041861410282462916,0.034139402560455195,0.023978866084129243,0.01849217638691323,0.012599065230644179,0.006705954074375127,0.9028881667615243,0.02252632490743104,0.0,0.0,0.0,0.0,0.0,0.0,0.0,0.0,0.0,0.0,0.0,0.0,0.0,0.0,0.0,0.0,0.0,0.0,0.0,0.0,0.0,0.0,0.0,0.0,0.036577931314773424,1.5911400121926442,11.936598252387729,13.802072749441173,2.5665515139199355,0.06705954074375128,4.273847125710676,2.9333281341365485,nan,nan,nan,4.232040686586141,2.9466872527752566,4.315128688010044,2.9194893953100185,1.0196330819047317,0.4053,0.013176,0.0,0.0,0.0,0.0,0.0,0.0,0.0,0.0,0.0,0.0,0.0060963218857955715,10.686852265799619,18.77667140825036,0.5303800040642147,0.0,0.0,0.0,0.0,0.0,0.0,0.0,0.0,0.0,0.0,0.0,0.0,0.0,0.0,0.0,0.0,nan,nan,4.273847125710676,2.9333281341365485,nan,0.4053,0.0621,0.0,0.0,0.0,0.0,0.0,0.0,0.0,0.0,0.0,0.0,0.0,0.0,0.0,0.0,0.0,0.0,0.0,0.0,0.0,0.0,0.0,0.0,0.0,0.0,0.0024791709002235317,0.00031497663076610446,0.010790489737858159,0.0035765088396667345,0.02030075187969925,0.044117049380207274,0.019731761837024995,0.0025198130461288356,0.008595813858971754,0.014692135744767324,0.02528957528957529,0.04116033326559642,0.04782564519406625,0.058362121520016255,0.04981711034342613,0.061298516561674454,0.08591749644381223,0.05609632188579557,0.07225157488315383,0.07749441170493802,0.05636049583418005,0.03755334281650071,0.04337533021743548,0.033600894127209915,0.020636049583418005,0.03254419833367202,0.019802885592359275,0.01914245072139809,0.00727494411704938,0.006350335297703719,0.012172322698638488,0.0006909164803901646,0.003830522251574883,0.0001219264377159114,0.003881324933956513,0.0,3.048160942897785e-05,0.0,0.0,0.0,0.0,0.0,0.0,0.0,0.0,0.0,0.0,0.0,0.0,0.0,0.0,0.0,0.0,0.0,0.0,0.0,0.0,0.0,0.0,0.0,0.0,0.0,0.0,0.0,0.0,0.0,0.0,0.0,0.0,0.0,0.0,0.0,0.0,0.0,0.0,0.0,0.0,nan,nan,4.273847125710676,2.9333281341365485,nan,0.9034030445705419,0.0219301104104386,0.0,0.0,0.0,0.0,0.0,0.0,0.0,0.0,0.0,0.0,0.0,0.0,0.0,0.0,0.0,0.0,0.0,0.0,0.0,0.0,0.0,0.0,0.0,0.0,0.011843663639952628,1.433083300434268,11.784445321752866,14.354520331622584,2.3568890643505727,0.059218318199763136,0.9023420254339525,0.023129436742918095,0.0,0.0,0.0,0.0,0.0,0.0,0.0,0.0,0.0,0.0,0.0,0.0,0.0,0.0,0.0,0.0,0.0,0.0,0.0,0.0,0.0,0.0,0.0,0.0,0.0628140703517588,1.7587939698492465,12.097989949748747,13.216080402010054,2.788944723618091,0.07537688442211056,0.4055,0.01289,0.0,0.0,0.0,0.0,0.0,0.0,0.0,0.0,0.0,0.0,0.0,10.292143703118818,19.24595341492302,0.4619028819581525,0.0,0.0,0.0,0.0,0.0,0.0,0.0,0.0,0.0,0.0,0.0,0.0,0.0,0.0,0.0,0.0,0.4048,0.013466,0.0,0.0,0.0,0.0,0.0,0.0,0.0,0.0,0.0,0.0,0.012562814070351761,11.105527638190939,18.278894472361813,0.6030150753768845,0.0,0.0,0.0,0.0,0.0,0.0,0.0,0.0,0.0,0.0,0.0,0.0,0.0,0.0,0.0,0.0
81900,4970,2578,0.5187122736418511,1273,1020,0.4613682092555332,1403,0.5645875251509054,0.38999999999999996,3.035535117056856,3.1101556808517934,6.732745961820852,2.090240156881063,8299.311960344568,429.93017870027415,7853.0,8734.32902803421,8713.42298018328,5.768004461054171,7853.0,0.0,28.429979879275653,20.881866311310837,33.38823810662204,19.03203573581412,0.1358148893360161,0.09859154929577464,0.08490945674044266,0.08108651911468813,0.08772635814889336,0.07364185110663984,0.07424547283702214,0.06901408450704226,0.0585513078470825,0.05211267605633803,0.047082494969818915,0.03722334004024145,0.03380281690140845,0.030382293762575452,0.01851106639839034,0.010865191146881288,0.006438631790744467,0.9041754147176532,0.022331719133517915,0.0,0.0,0.0,0.0,0.0,0.0,0.0,0.0,0.0,0.0,0.0,0.0,0.0,0.0,0.0,0.0,0.0,0.0,0.0,0.0,0.0,0.0,0.0,0.0,0.024144869215291756,1.3460764587525154,11.450704225352116,14.342052313883302,2.7464788732394374,0.09054325955734409,4.2570992366412215,2.8922387558233225,nan,nan,nan,4.324954015941141,2.875484057728096,4.189781021897811,2.907201010182435,0.9687457962454392,0.4053,0.01321,0.0,0.0,0.0,0.0,0.0,0.0,0.0,0.0,0.0,0.0,0.042253521126760576,10.490945674044251,18.881287726358153,0.585513078470825,0.0,0.0,0.0,0.0,0.0,0.0,0.0,0.0,0.0,0.0,0.0,0.0,0.0,0.0,0.0,0.0,nan,nan,4.2570992366412215,2.8922387558233225,nan,0.4053,0.0619,0.0,0.0,0.0,0.0,0.0,0.0,0.0,0.0,0.0,0.0,0.0,0.0,0.0,0.0,0.0,0.0,0.0,0.0,0.0,0.0,0.0,0.0,0.0,4.024144869215292e-05,0.0017605633802816902,0.00045271629778672034,0.009346076458752515,0.0040442655935613685,0.019275653923541247,0.04454728370221328,0.020704225352112676,0.0021730382293762575,0.008742454728370222,0.015563380281690142,0.024698189134808854,0.04023138832997988,0.04874245472837022,0.05914486921529175,0.04804828973843058,0.06324949698189135,0.08733400402414487,0.056901408450704224,0.07216297786720322,0.07533199195171027,0.055130784708249496,0.03784708249496982,0.046348088531187125,0.03221327967806841,0.02074446680080483,0.031277665995975854,0.019637826961770622,0.019688128772635816,0.007816901408450705,0.005744466800804829,0.011941649899396379,0.00042253521126760566,0.00437625754527163,0.00010060362173038229,0.004215291750503018,0.0,0.0,0.0,0.0,0.0,0.0,0.0,0.0,0.0,0.0,0.0,0.0,0.0,0.0,0.0,0.0,0.0,0.0,0.0,0.0,0.0,0.0,0.0,0.0,0.0,0.0,0.0,0.0,0.0,0.0,0.0,0.0,0.0,0.0,0.0,0.0,0.0,0.0,0.0,0.0,0.0,0.0,nan,nan,4.2570992366412215,2.8922387558233225,nan,0.9040877570515922,0.022490504793615283,0.0,0.0,0.0,0.0,0.0,0.0,0.0,0.0,0.0,0.0,0.0,0.0,0.0,0.0,0.0,0.0,0.0,0.0,0.0,0.0,0.0,0.0,0.0,0.0,0.023273855702094653,1.3382467028704426,11.613653995345231,14.10395655546936,2.8394103956555474,0.08145849495733129,0.9042698885734664,0.02215892425955594,0.0,0.0,0.0,0.0,0.0,0.0,0.0,0.0,0.0,0.0,0.0,0.0,0.0,0.0,0.0,0.0,0.0,0.0,0.0,0.0,0.0,0.0,0.0,0.0,0.025083612040133787,1.3545150501672245,11.275083612040136,14.598662207357863,2.6463210702341144,0.10033444816053515,0.4053,0.013306,0.0,0.0,0.0,0.0,0.0,0.0,0.0,0.0,0.0,0.0,0.046547711404189306,10.752521334367712,18.61908456167572,0.5818463925523663,0.0,0.0,0.0,0.0,0.0,0.0,0.0,0.0,0.0,0.0,0.0,0.0,0.0,0.0,0.0,0.0,0.4055,0.01309,0.0,0.0,0.0,0.0,0.0,0.0,0.0,0.0,0.0,0.0,0.03762541806020067,10.209030100334433,19.16387959866221,0.5894648829431439,0.0,0.0,0.0,0.0,0.0,0.0,0.0,0.0,0.0,0.0,0.0,0.0,0.0,0.0,0.0,0.0
82000,4863,2490,0.5120296113510179,1186,1012,0.45198437178696277,1365,0.5613818630475016,0.442,2.969237252423093,3.1535205859048414,6.721617418351477,2.1372681789780943,8293.616091919348,430.1602549524738,7853.0,8732.412603074312,8713.528536146101,5.873636095742258,7853.0,0.0,27.86448694221674,20.78219401537587,32.80504530982121,19.016298203677863,0.1406539173349784,0.09932140653917335,0.09808760024676126,0.08307629035574748,0.08122558091712935,0.07135513057783262,0.06498046473370347,0.06971005552128316,0.06189594900267325,0.05038042360682706,0.04503392967304133,0.04133251079580506,0.03166769483857701,0.02632120090479128,0.02056343820686819,0.010487353485502776,0.003907053259304956,0.9042724336882616,0.022844090351891687,0.0,0.0,0.0,0.0,0.0,0.0,0.0,0.0,0.0,0.0,0.0,0.0,0.0,0.0,0.0,0.0,0.0,0.0,0.0,0.0,0.0,0.0,0.0,0.0,0.043183220234423204,1.4065391733497845,11.351017890191242,14.207279457125235,2.880937692782234,0.11104256631708824,4.323042647994908,2.9657020809045314,nan,nan,nan,4.352422907488987,2.9742595285402977,4.295103092783505,2.956388633495007,0.9868303664593682,0.4055,0.013115,0.0,0.0,0.0,0.0,0.0,0.0,0.0,0.0,0.0,0.0,0.03701418877236275,10.277606415792706,19.13633559531154,0.5490438001233807,0.0,0.0,0.0,0.0,0.0,0.0,0.0,0.0,0.0,0.0,0.0,0.0,0.0,0.0,0.0,0.0,nan,nan,4.323042647994908,2.9657020809045314,nan,0.4055,0.0618,0.0,0.0,0.0,0.0,0.0,0.0,0.0,0.0,0.0,0.0,0.0,0.0,0.0,0.0,0.0,0.0,0.0,0.0,0.0,0.0,0.0,2.0563438206868188e-05,0.0,6.169031462060457e-05,0.002076907258893687,0.00021591610117211598,0.008996504215504832,0.003835081225580917,0.02009047912811022,0.044108574953732264,0.02215710466790047,0.0020049352251696483,0.009479745013366235,0.01657413119473576,0.022845979847830558,0.036870244704914665,0.047933374460209746,0.06065186099115772,0.04559942422373021,0.06303721982315443,0.08860785523339502,0.05608677770923298,0.07054287476866132,0.07978614024264857,0.0553979025293029,0.03898827884022209,0.0477380217972445,0.032418260333127696,0.02157104667900473,0.028336417849064363,0.02127287682500514,0.019206251285214887,0.008215093563643841,0.005233395023647954,0.010939749126053876,0.0007814106518609911,0.003619165124408801,0.0,0.004698745630269381,0.0,0.0,0.0,0.0,0.0,0.0,0.0,0.0,0.0,0.0,0.0,0.0,0.0,0.0,0.0,0.0,0.0,0.0,0.0,0.0,0.0,0.0,0.0,0.0,0.0,0.0,0.0,0.0,0.0,0.0,0.0,0.0,0.0,0.0,0.0,0.0,0.0,0.0,0.0,0.0,0.0,0.0,nan,nan,4.323042647994908,2.9657020809045314,nan,0.9044156518566561,0.022880822583346203,0.0,0.0,0.0,0.0,0.0,0.0,0.0,0.0,0.0,0.0,0.0,0.0,0.0,0.0,0.0,0.0,0.0,0.0,0.0,0.0,0.0,0.0,0.0,0.0,0.01204819277108434,1.4578313253012052,11.21686746987952,14.289156626506028,2.891566265060242,0.13253012048192772,0.9041221541942447,0.02280451639881849,0.0,0.0,0.0,0.0,0.0,0.0,0.0,0.0,0.0,0.0,0.0,0.0,0.0,0.0,0.0,0.0,0.0,0.0,0.0,0.0,0.0,0.0,0.0,0.0,0.07585335018963339,1.3527180783817956,11.49178255372946,14.121365360303416,2.8697850821744635,0.08849557522123896,0.4055,0.01316,0.0,0.0,0.0,0.0,0.0,0.0,0.0,0.0,0.0,0.0,0.03614457831325302,10.132530120481913,19.30120481927711,0.5301204819277109,0.0,0.0,0.0,0.0,0.0,0.0,0.0,0.0,0.0,0.0,0.0,0.0,0.0,0.0,0.0,0.0,0.4055,0.01307,0.0,0.0,0.0,0.0,0.0,0.0,0.0,0.0,0.0,0.0,0.037926675094816696,10.429835651074574,18.963337547408347,0.5689001264222504,0.0,0.0,0.0,0.0,0.0,0.0,0.0,0.0,0.0,0.0,0.0,0.0,0.0,0.0,0.0,0.0
82100,4930,2545,0.5162271805273834,1218,995,0.44888438133874237,1370,0.5557809330628803,0.418,2.9970649895178196,3.104131247017653,6.542028985507247,2.2143409918405403,8296.977665842469,429.81590529519667,7853.0,8736.706349784135,8713.043179804856,5.89126823915409,7853.0,0.0,28.434077079107507,20.851591283080893,33.18138310600622,19.088881110596137,0.13204868154158214,0.09776876267748479,0.09208924949290061,0.0874239350912779,0.0795131845841785,0.07565922920892496,0.07363083164300203,0.06044624746450304,0.05720081135902637,0.05415821501014199,0.05273833671399594,0.04178498985801217,0.033468559837728194,0.027991886409736308,0.017038539553752535,0.01075050709939148,0.006288032454361055,0.9033742845542049,0.022833181242965295,0.0,0.0,0.0,0.0,0.0,0.0,0.0,0.0,0.0,0.0,0.0,0.0,0.0,0.0,0.0,0.0,0.0,0.0,0.0,0.0,0.0,0.0,0.0,0.0,0.06085192697768764,1.5456389452332662,11.488843813387428,14.233265720081139,2.6105476673428,0.06085192697768764,4.235476856166511,2.8943018299137995,nan,nan,nan,4.231730168644597,2.9166034967359384,4.239184177997528,2.872059222913538,1.0017614566751354,0.4043,0.0135,0.0,0.0,0.0,0.0,0.0,0.0,0.0,0.0,0.0,0.0,0.01825557809330629,11.482758620689639,17.896551724137932,0.6024340770791076,0.0,0.0,0.0,0.0,0.0,0.0,0.0,0.0,0.0,0.0,0.0,0.0,0.0,0.0,0.0,0.0,nan,nan,4.235476856166511,2.8943018299137995,nan,0.4043,0.06143,0.0,0.0,0.0,0.0,0.0,0.0,0.0,0.0,0.0,0.0,0.0,0.0,0.0,0.0,0.0,0.0,0.0,0.0,0.0,0.0,0.0,0.0,0.0,3.0425963488843814e-05,0.0017849898580121705,0.00030425963488843813,0.009239350912778905,0.003711967545638945,0.021135902636916837,0.043580121703853954,0.022636916835699798,0.0022413793103448275,0.00988843813387424,0.017170385395537526,0.023296146044624745,0.03761663286004057,0.04995943204868154,0.06320486815415821,0.044918864097363086,0.06345841784989859,0.09013184584178499,0.05771805273833672,0.0685395537525355,0.081947261663286,0.05267748478701825,0.03952332657200811,0.04752535496957404,0.03289046653144016,0.018904665314401624,0.025141987829614604,0.020709939148073023,0.017150101419878296,0.007606490872210953,0.005121703853955375,0.011227180527383368,0.0007302231237322516,0.004421906693711968,0.0,0.003823529411764706,0.0,3.0425963488843814e-05,0.0,0.0,0.0,0.0,0.0,0.0,0.0,0.0,0.0,0.0,0.0,0.0,0.0,0.0,0.0,0.0,0.0,0.0,0.0,0.0,0.0,0.0,0.0,0.0,0.0,0.0,0.0,0.0,0.0,0.0,0.0,0.0,0.0,0.0,0.0,0.0,0.0,0.0,0.0,0.0,nan,nan,4.235476856166511,2.8943018299137995,nan,0.9036615427210195,0.023045823193988436,0.0,0.0,0.0,0.0,0.0,0.0,0.0,0.0,0.0,0.0,0.0,0.0,0.0,0.0,0.0,0.0,0.0,0.0,0.0,0.0,0.0,0.0,0.0,0.0,0.023575638506876235,1.6149312377210219,11.222003929273088,14.32220039292731,2.7347740667976432,0.08251473477406682,0.9030677553992601,0.02260004146714712,0.0,0.0,0.0,0.0,0.0,0.0,0.0,0.0,0.0,0.0,0.0,0.0,0.0,0.0,0.0,0.0,0.0,0.0,0.0,0.0,0.0,0.0,0.0,0.0,0.10062893081761008,1.4716981132075475,11.77358490566038,14.138364779874216,2.477987421383648,0.03773584905660378,0.404,0.01333,0.0,0.0,0.0,0.0,0.0,0.0,0.0,0.0,0.0,0.0,0.023575638506876235,11.599214145383087,17.858546168958746,0.5186640471512771,0.0,0.0,0.0,0.0,0.0,0.0,0.0,0.0,0.0,0.0,0.0,0.0,0.0,0.0,0.0,0.0,0.4043,0.013664,0.0,0.0,0.0,0.0,0.0,0.0,0.0,0.0,0.0,0.0,0.01257861635220126,11.35849056603772,17.937106918238996,0.6918238993710694,0.0,0.0,0.0,0.0,0.0,0.0,0.0,0.0,0.0,0.0,0.0,0.0,0.0,0.0,0.0,0.0
82200,4968,2541,0.5114734299516909,1149,1067,0.44605475040257647,1426,0.5740740740740741,0.414,2.99835187474248,3.05208146011599,6.585329341317365,1.9461832090404703,8292.849220267168,429.8896289210494,7853.0,8732.985892140865,8712.964945410187,5.852510772609675,7853.0,0.0,27.9585346215781,20.915535691906083,32.953672587614015,19.143970663692052,0.14130434782608695,0.09802737520128825,0.09219001610305957,0.0861513687600644,0.0787037037037037,0.0785024154589372,0.07125603864734299,0.06280193236714976,0.06099033816425121,0.05092592592592592,0.04367954911433172,0.03904991948470209,0.03180354267310789,0.027375201288244767,0.020128824476650563,0.011473429951690822,0.005636070853462158,0.9032116420147116,0.022630834666260573,0.0,0.0,0.0,0.0,0.0,0.0,0.0,0.0,0.0,0.0,0.0,0.0,0.0,0.0,0.0,0.0,0.0,0.0,0.0,0.0,0.0,0.0,0.0,0.0,0.054347826086956534,1.5700483091787443,11.594202898550728,14.021739130434785,2.7053140096618367,0.054347826086956534,4.384784658912292,2.7622450979191013,nan,nan,nan,4.310043668122271,2.769465030389396,4.4607097591888465,2.752814437796619,1.0349569755362167,0.4043,0.01347,0.0,0.0,0.0,0.0,0.0,0.0,0.0,0.0,0.0,0.0,0.03623188405797102,11.388888888888873,18.073671497584545,0.5012077294685992,0.0,0.0,0.0,0.0,0.0,0.0,0.0,0.0,0.0,0.0,0.0,0.0,0.0,0.0,0.0,0.0,nan,nan,4.384784658912292,2.7622450979191013,nan,0.4043,0.06177,0.0,0.0,0.0,0.0,0.0,0.0,0.0,0.0,0.0,0.0,0.0,0.0,0.0,0.0,0.0,0.0,0.0,0.0,0.0,5.032206119162641e-05,0.0,0.0,0.0,0.0,0.001640499194847021,0.0006139291465378422,0.009651771336553944,0.0035124798711755234,0.02299718196457327,0.04298510466988728,0.021145330112721416,0.0018417874396135265,0.010104669887278582,0.01674718196457327,0.024365942028985507,0.03708735909822866,0.04895330112721417,0.06521739130434782,0.04262278582930757,0.0651670692431562,0.09294484702093397,0.05587761674718197,0.06750201288244767,0.07871376811594202,0.05384460547504026,0.03969404186795491,0.047171900161030594,0.03299114331723027,0.018166264090177135,0.025161030595813205,0.02084339774557166,0.01892109500805153,0.006280193236714976,0.005676328502415459,0.012288647342995168,0.0005233494363929146,0.004388083735909823,0.0,0.004307568438003221,0.0,0.0,0.0,0.0,0.0,0.0,0.0,0.0,0.0,0.0,0.0,0.0,0.0,0.0,0.0,0.0,0.0,0.0,0.0,0.0,0.0,0.0,0.0,0.0,0.0,0.0,0.0,0.0,0.0,0.0,0.0,0.0,0.0,0.0,0.0,0.0,0.0,0.0,0.0,0.0,0.0,0.0,nan,nan,4.384784658912292,2.7622450979191013,nan,0.9031825849316525,0.022488885751537065,0.0,0.0,0.0,0.0,0.0,0.0,0.0,0.0,0.0,0.0,0.0,0.0,0.0,0.0,0.0,0.0,0.0,0.0,0.0,0.0,0.0,0.0,0.0,0.0,0.03541912632821724,1.6056670602125152,11.652892561983474,14.061393152302246,2.57378984651712,0.07083825265643448,0.903242063954577,0.02277846356023685,0.0,0.0,0.0,0.0,0.0,0.0,0.0,0.0,0.0,0.0,0.0,0.0,0.0,0.0,0.0,0.0,0.0,0.0,0.0,0.0,0.0,0.0,0.0,0.0,0.07416563658838073,1.5327564894932018,11.532756489493204,13.980222496909768,2.8430160692212616,0.03708281829419036,0.404,0.01367,0.0,0.0,0.0,0.0,0.0,0.0,0.0,0.0,0.0,0.0,0.03541912632821724,11.58205430932702,17.910271546635187,0.47225501770956324,0.0,0.0,0.0,0.0,0.0,0.0,0.0,0.0,0.0,0.0,0.0,0.0,0.0,0.0,0.0,0.0,0.4045,0.01325,0.0,0.0,0.0,0.0,0.0,0.0,0.0,0.0,0.0,0.0,0.03708281829419036,11.186650185414075,18.24474660074166,0.5315203955500619,0.0,0.0,0.0,0.0,0.0,0.0,0.0,0.0,0.0,0.0,0.0,0.0,0.0,0.0,0.0,0.0
82300,4672,2444,0.5231164383561644,1157,948,0.4505565068493151,1289,0.5517979452054794,0.40599999999999997,3.0008976660682225,3.096154895470348,6.480376766091052,2.1842179427228907,8302.876278660888,429.55705686477984,7853.0,8734.701244109869,8712.992624346833,5.808571263467748,7853.0,0.0,28.05115582191781,20.951023151521326,33.14717174302534,19.1229528146976,0.1449058219178082,0.0920376712328767,0.09139554794520548,0.08647260273972603,0.0841181506849315,0.07448630136986302,0.0702054794520548,0.0627140410958904,0.056292808219178085,0.0547945205479452,0.05051369863013699,0.036815068493150686,0.03232020547945205,0.02504280821917808,0.01990582191780822,0.00898972602739726,0.00898972602739726,0.9022596260940988,0.022559307630986174,0.0,0.0,0.0,0.0,0.0,0.0,0.0,0.0,0.0,0.0,0.0,0.0,0.0,0.0,0.0,0.0,0.0,0.0,0.0,0.0,0.0,0.0,0.0,0.0,0.05136986301369864,1.5603595890410962,12.2902397260274,13.535958904109592,2.4464897260273974,0.11558219178082194,4.31980198019802,2.9537195816002493,nan,nan,nan,4.290407358738502,2.9281406813586646,4.349469496021221,2.9790192046180732,1.0137660908031083,0.4045,0.01337,0.0,0.0,0.0,0.0,0.0,0.0,0.0,0.0,0.0,0.0,0.044948630136986314,11.063784246575327,18.351883561643838,0.5393835616438357,0.0,0.0,0.0,0.0,0.0,0.0,0.0,0.0,0.0,0.0,0.0,0.0,0.0,0.0,0.0,0.0,nan,nan,4.31980198019802,2.9537195816002493,nan,0.4045,0.06174,0.0,0.0,0.0,0.0,0.0,0.0,0.0,0.0,0.0,0.0,0.0,0.0,0.0,0.0,0.0,0.0,0.0,0.0,0.0,4.280821917808219e-05,0.0,0.0,0.0,0.0,0.0014019691780821919,0.0006207191780821918,0.00935359589041096,0.003638698630136986,0.023994006849315068,0.04122431506849315,0.01857876712328767,0.0015517979452054794,0.010380993150684931,0.018150684931506848,0.024079623287671232,0.03603381849315068,0.04940068493150685,0.06821489726027398,0.04564426369863014,0.06608518835616438,0.09078553082191781,0.05508347602739726,0.0646939212328767,0.07923801369863014,0.054366438356164386,0.039511986301369866,0.047795376712328766,0.03225599315068493,0.016727311643835615,0.027268835616438357,0.020526541095890413,0.018857020547945205,0.00644263698630137,0.0058861301369863015,0.012082619863013698,0.00040667808219178083,0.004248715753424658,0.0002247431506849315,0.005201198630136987,0.0,0.0,0.0,0.0,0.0,0.0,0.0,0.0,0.0,0.0,0.0,0.0,0.0,0.0,0.0,0.0,0.0,0.0,0.0,0.0,0.0,0.0,0.0,0.0,0.0,0.0,0.0,0.0,0.0,0.0,0.0,0.0,0.0,0.0,0.0,0.0,0.0,0.0,0.0,0.0,0.0,0.0,nan,nan,4.31980198019802,2.9537195816002493,nan,0.9028498222853275,0.022703826142704116,0.0,0.0,0.0,0.0,0.0,0.0,0.0,0.0,0.0,0.0,0.0,0.0,0.0,0.0,0.0,0.0,0.0,0.0,0.0,0.0,0.0,0.0,0.0,0.0,0.061374795417348624,1.472995090016367,12.164484451718497,13.514729950900167,2.651391162029461,0.13502454991816695,0.9016122116006683,0.022381813634046576,0.0,0.0,0.0,0.0,0.0,0.0,0.0,0.0,0.0,0.0,0.0,0.0,0.0,0.0,0.0,0.0,0.0,0.0,0.0,0.0,0.0,0.0,0.0,0.0,0.04039497307001796,1.6561938958707365,12.428186714542193,13.559245960502697,2.221723518850988,0.09425493716337525,0.4045,0.013145,0.0,0.0,0.0,0.0,0.0,0.0,0.0,0.0,0.0,0.0,0.02454991816693945,11.108837970540081,18.375613747954176,0.490998363338789,0.0,0.0,0.0,0.0,0.0,0.0,0.0,0.0,0.0,0.0,0.0,0.0,0.0,0.0,0.0,0.0,0.4048,0.0136,0.0,0.0,0.0,0.0,0.0,0.0,0.0,0.0,0.0,0.0,0.0673249551166966,11.014362657091546,18.325852782764816,0.5924596050269301,0.0,0.0,0.0,0.0,0.0,0.0,0.0,0.0,0.0,0.0,0.0,0.0,0.0,0.0,0.0,0.0
82400,4585,2360,0.514721919302072,1097,937,0.4436205016357688,1285,0.5605234460196292,0.40599999999999997,2.9352808988764045,3.116226502955944,6.536977491961415,2.239175289472745,8295.61137650453,429.7863388309328,7853.0,8732.640925878286,8712.903881895452,5.894953087784644,7853.0,0.0,27.768593238822245,20.977463513194664,32.8363351605325,19.232713135196516,0.14285714285714285,0.10119956379498364,0.09116684841875682,0.088113413304253,0.07742639040348964,0.0791712104689204,0.07415485278080698,0.05779716466739367,0.05670665212649945,0.054089422028353325,0.04296619411123228,0.039476553980370775,0.0311886586695747,0.025517993456924754,0.020065430752453654,0.008505997818974919,0.009596510359869139,0.902349948155061,0.02266618991503324,0.0,0.0,0.0,0.0,0.0,0.0,0.0,0.0,0.0,0.0,0.0,0.0,0.0,0.0,0.0,0.0,0.0,0.0,0.0,0.0,0.0,0.0,0.0,0.0,0.026172300981461293,1.5507088331515817,12.451472191930211,13.321701199563798,2.5452562704471107,0.10468920392584517,4.294497282608695,2.926155873900463,nan,nan,nan,4.23841961852861,2.872228332677863,4.348474576271187,2.9779852212808566,1.0259660363172778,0.4048,0.01312,0.0,0.0,0.0,0.0,0.0,0.0,0.0,0.0,0.0,0.0,0.01962922573609597,10.874591057797149,18.601962922573613,0.5038167938931298,0.0,0.0,0.0,0.0,0.0,0.0,0.0,0.0,0.0,0.0,0.0,0.0,0.0,0.0,0.0,0.0,nan,nan,4.294497282608695,2.926155873900463,nan,0.4048,0.0616,0.0,0.0,0.0,0.0,0.0,0.0,0.0,0.0,0.0,0.0,0.0,0.0,0.0,0.0,0.0,0.0,0.0,0.0,0.0,0.0,0.0,0.0,0.0,3.271537622682661e-05,0.0014721919302071974,0.0005234460196292258,0.009291166848418757,0.003816793893129771,0.0230752453653217,0.04212649945474373,0.017786259541984734,0.0014285714285714286,0.009596510359869139,0.017797164667393676,0.022802617230098146,0.035583424209378406,0.05129770992366412,0.06772082878953108,0.04490730643402399,0.06704471101417667,0.09127589967284624,0.05659760087241003,0.06448200654307525,0.08191930207197383,0.05366412213740458,0.03683751363140676,0.048985823336968375,0.0314721919302072,0.016902944383860415,0.029585605234460195,0.018691384950926936,0.018255179934569248,0.006543075245365322,0.006150490730643402,0.011701199563794984,0.0003598691384950927,0.0038931297709923663,0.0003707742639040349,0.005932388222464558,0.0,7.633587786259542e-05,0.0,0.0,0.0,0.0,0.0,0.0,0.0,0.0,0.0,0.0,0.0,0.0,0.0,0.0,0.0,0.0,0.0,0.0,0.0,0.0,0.0,0.0,0.0,0.0,0.0,0.0,0.0,0.0,0.0,0.0,0.0,0.0,0.0,0.0,0.0,0.0,0.0,0.0,0.0,0.0,nan,nan,4.294497282608695,2.926155873900463,nan,0.9022857676875793,0.022940761917801606,0.0,0.0,0.0,0.0,0.0,0.0,0.0,0.0,0.0,0.0,0.0,0.0,0.0,0.0,0.0,0.0,0.0,0.0,0.0,0.0,0.0,0.0,0.0,0.0,0.025423728813559327,1.6906779661016953,12.330508474576273,13.309322033898308,2.5550847457627124,0.08898305084745765,0.9024180227183224,0.022371074725359263,0.0,0.0,0.0,0.0,0.0,0.0,0.0,0.0,0.0,0.0,0.0,0.0,0.0,0.0,0.0,0.0,0.0,0.0,0.0,0.0,0.0,0.0,0.0,0.0,0.026966292134831468,1.4022471910112364,12.579775280898879,13.334831460674161,2.5348314606741575,0.1213483146067416,0.4048,0.01351,0.0,0.0,0.0,0.0,0.0,0.0,0.0,0.0,0.0,0.0,0.012711864406779664,11.072033898305069,18.292372881355934,0.6228813559322035,0.0,0.0,0.0,0.0,0.0,0.0,0.0,0.0,0.0,0.0,0.0,0.0,0.0,0.0,0.0,0.0,0.405,0.0127,0.0,0.0,0.0,0.0,0.0,0.0,0.0,0.0,0.0,0.0,0.026966292134831468,10.665168539325828,18.93033707865169,0.37752808988764053,0.0,0.0,0.0,0.0,0.0,0.0,0.0,0.0,0.0,0.0,0.0,0.0,0.0,0.0,0.0,0.0
82500,4193,2221,0.5296923443834963,1062,829,0.4509897448127832,1141,0.5442404006677797,0.45,3.050709939148073,3.1842450175333874,6.807835820895522,2.106850539769211,8308.617233148852,429.3391247215808,7853.0,8733.269137048721,8713.154461320642,5.821534175836378,7853.0,0.0,28.0720248032435,20.980748495212712,33.20776255707762,19.121313839248984,0.14381111376103028,0.10231337944192702,0.08084903410445982,0.08704984497972812,0.08132601955640353,0.07679465776293823,0.06320057238254233,0.06630097782017648,0.06010016694490818,0.05389935606963987,0.048891008824230864,0.04054376341521584,0.031481039828285234,0.02575721440496065,0.02003338898163606,0.012163129024564751,0.005485332697352731,0.9024236974697991,0.022553457146771403,0.0,0.0,0.0,0.0,0.0,0.0,0.0,0.0,0.0,0.0,0.0,0.0,0.0,0.0,0.0,0.0,0.0,0.0,0.0,0.0,0.0,0.0,0.0,0.0,0.02146434533746721,1.6885284998807542,12.127355115668976,13.665633198187459,2.4111614595754833,0.08585738134986884,4.240161824200073,2.942639962358319,nan,nan,nan,4.209785025945145,2.957523711957079,4.26953981008035,2.928605026223307,1.014194260221587,0.4058,0.01312,0.0,0.0,0.0,0.0,0.0,0.0,0.0,0.0,0.0,0.0,0.014309563558311474,10.00953970903886,19.410922966849515,0.5652277605533033,0.0,0.0,0.0,0.0,0.0,0.0,0.0,0.0,0.0,0.0,0.0,0.0,0.0,0.0,0.0,0.0,nan,nan,4.240161824200073,2.942639962358319,nan,0.4058,0.06128,0.0,0.0,0.0,0.0,0.0,0.0,0.0,0.0,0.0,0.0,0.0,0.0,0.0,0.0,0.0,0.0,0.0,0.0,0.0,0.0,0.0,3.577390889577868e-05,0.0,2.3849272597185786e-05,0.001454805628428333,0.0007393274505127594,0.009217743858812306,0.0040186024326258046,0.02073694252325304,0.04028142141664679,0.017803481993799188,0.0018483186262818984,0.009241593131409492,0.017910803720486524,0.020868113522537562,0.03158836155497257,0.051800620081087524,0.06801812544717387,0.043477223944669685,0.06682566181731457,0.09433579775816837,0.058263772954924874,0.06503696637252564,0.08668018125447174,0.05140710708323396,0.03642976389220129,0.05003577390889578,0.03281659909372764,0.017457667541139994,0.028177915573575005,0.02040305270689244,0.01674218936322442,0.00713093250655855,0.006451228237538755,0.011900787025995707,0.0002981159074648223,0.003994753160028619,0.00046506081564512284,0.005974242785595039,0.0,0.00010732172668733604,0.0,0.0,0.0,0.0,0.0,0.0,0.0,0.0,0.0,0.0,0.0,0.0,0.0,0.0,0.0,0.0,0.0,0.0,0.0,0.0,0.0,0.0,0.0,0.0,0.0,0.0,0.0,0.0,0.0,0.0,0.0,0.0,0.0,0.0,0.0,0.0,0.0,0.0,0.0,0.0,nan,nan,4.240161824200073,2.942639962358319,nan,0.902403960218305,0.022419154603806345,0.0,0.0,0.0,0.0,0.0,0.0,0.0,0.0,0.0,0.0,0.0,0.0,0.0,0.0,0.0,0.0,0.0,0.0,0.0,0.0,0.0,0.0,0.0,0.0,0.013507429085997301,1.70193606483566,12.062134173795592,13.750562809545253,2.4178298063935166,0.054029716343989204,0.9024459268996005,0.022703745982388154,0.0,0.0,0.0,0.0,0.0,0.0,0.0,0.0,0.0,0.0,0.0,0.0,0.0,0.0,0.0,0.0,0.0,0.0,0.0,0.0,0.0,0.0,0.0,0.0,0.03042596348884382,1.6734279918864101,12.200811359026371,13.569979716024344,2.4036511156186617,0.12170385395537528,0.4058,0.01313,0.0,0.0,0.0,0.0,0.0,0.0,0.0,0.0,0.0,0.0,0.013507429085997301,10.063034669067973,19.342638451148133,0.580819450697884,0.0,0.0,0.0,0.0,0.0,0.0,0.0,0.0,0.0,0.0,0.0,0.0,0.0,0.0,0.0,0.0,0.406,0.01309,0.0,0.0,0.0,0.0,0.0,0.0,0.0,0.0,0.0,0.0,0.01521298174442191,9.949290060851911,19.487829614604465,0.5476673427991887,0.0,0.0,0.0,0.0,0.0,0.0,0.0,0.0,0.0,0.0,0.0,0.0,0.0,0.0,0.0,0.0
82600,4563,2383,0.522244137628753,1094,935,0.44466359850975234,1265,0.554459785229016,0.414,2.9706422018348624,3.1262517567036086,6.75249169435216,2.1013052668952805,8302.169392088386,429.63245248672104,7853.0,8730.740594679117,8713.075508224632,5.804215455838872,7853.0,0.0,28.05895244356783,21.049387995789807,33.0,19.319173077120382,0.1393819855358317,0.10037256191102345,0.0975235590620206,0.08130615822923515,0.08196362042515888,0.07582730659653737,0.06662283585360508,0.05895244356782818,0.05719921104536489,0.05654174884944116,0.04295419680035065,0.04383081306158229,0.03309226386149463,0.026517641902257288,0.01950471181240412,0.011176857330703484,0.007232084155161078,0.9024536517819579,0.02206226199553736,0.0,0.0,0.0,0.0,0.0,0.0,0.0,0.0,0.0,0.0,0.0,0.0,0.0,0.0,0.0,0.0,0.0,0.0,0.0,0.0,0.0,0.0,0.0,0.0,0.032873109796186725,1.6502301117685738,11.775147928994086,14.14201183431953,2.3537146614069693,0.04602235371466142,4.287461773700306,2.9578995943078663,nan,nan,nan,4.325186693822132,2.962682081239983,4.2496598639455785,2.952616138474186,0.9825379029338938,0.405,0.01314,0.0,0.0,0.0,0.0,0.0,0.0,0.0,0.0,0.0,0.0,0.02629848783694938,10.499671268902022,18.9612097304405,0.5128205128205129,0.0,0.0,0.0,0.0,0.0,0.0,0.0,0.0,0.0,0.0,0.0,0.0,0.0,0.0,0.0,0.0,nan,nan,4.287461773700306,2.9578995943078663,nan,0.405,0.0613,0.0,0.0,0.0,0.0,0.0,0.0,0.0,0.0,0.0,0.0,0.0,0.0,0.0,0.0,0.0,0.0,0.0,0.0,0.0,0.0,0.0,3.287310979618672e-05,0.0,4.383081306158229e-05,0.0016326977865439404,0.0007232084155161078,0.010081087004163927,0.003824238439623055,0.019964935349550735,0.042165242165242166,0.02052377821608591,0.0020162174008327856,0.009193513039666886,0.01722550953320184,0.019219811527503836,0.03153626999780846,0.05159982467674775,0.0675542406311637,0.042515888669734825,0.06719263642340566,0.09583607275914968,0.059149682226605306,0.06474906859522245,0.08573307034845497,0.05121630506245891,0.03451676528599606,0.05112864343633575,0.034089414858645625,0.018595222441376288,0.026747753670830595,0.021444225290379138,0.016107823800131493,0.007516984440061363,0.004952881875958799,0.010946745562130178,0.0002958579881656805,0.003703703703703704,0.0003725619110234495,0.005818540433925049,0.0,3.287310979618672e-05,0.0,0.0,0.0,0.0,0.0,0.0,0.0,0.0,0.0,0.0,0.0,0.0,0.0,0.0,0.0,0.0,0.0,0.0,0.0,0.0,0.0,0.0,0.0,0.0,0.0,0.0,0.0,0.0,0.0,0.0,0.0,0.0,0.0,0.0,0.0,0.0,0.0,0.0,0.0,0.0,nan,nan,4.287461773700306,2.9578995943078663,nan,0.9025880756670319,0.022096328221091616,0.0,0.0,0.0,0.0,0.0,0.0,0.0,0.0,0.0,0.0,0.0,0.0,0.0,0.0,0.0,0.0,0.0,0.0,0.0,0.0,0.0,0.0,0.0,0.0,0.050356693243810334,1.6617708770457411,11.569450272765424,14.32647922786404,2.3667645824590857,0.025178346621905167,0.9023067104433654,0.022024024673859582,0.0,0.0,0.0,0.0,0.0,0.0,0.0,0.0,0.0,0.0,0.0,0.0,0.0,0.0,0.0,0.0,0.0,0.0,0.0,0.0,0.0,0.0,0.0,0.0,0.01376146788990826,1.637614678899083,12.000000000000004,13.940366972477067,2.339449541284404,0.0688073394495413,0.4053,0.01345,0.0,0.0,0.0,0.0,0.0,0.0,0.0,0.0,0.0,0.0,0.025178346621905167,10.61267310113301,18.7704574066303,0.5916911456147714,0.0,0.0,0.0,0.0,0.0,0.0,0.0,0.0,0.0,0.0,0.0,0.0,0.0,0.0,0.0,0.0,0.405,0.01279,0.0,0.0,0.0,0.0,0.0,0.0,0.0,0.0,0.0,0.0,0.02752293577981652,10.37614678899081,19.169724770642205,0.42660550458715607,0.0,0.0,0.0,0.0,0.0,0.0,0.0,0.0,0.0,0.0,0.0,0.0,0.0,0.0,0.0,0.0
82700,4506,2369,0.5257434531735464,1125,896,0.44851309365290726,1229,0.5454948956946294,0.426,2.9368273280299486,3.1360114701167485,6.679727427597956,2.152526646730899,8305.173317375824,429.4828841238726,7853.0,8736.366400444507,8713.064570745231,5.852330042032309,7853.0,0.0,27.508655126498002,20.666438452397088,32.4627419782551,18.954267528900502,0.1409232134931203,0.10097647581003107,0.09476253883710609,0.08988015978695073,0.08255659121171771,0.0754549489569463,0.06702174877940524,0.06369285397248113,0.06324900133155792,0.04837993786063027,0.04371948513093653,0.038393253439857965,0.03217931646693298,0.025077674212161564,0.016644474034620507,0.010430537061695517,0.006657789613848202,0.9016738926311413,0.02219725423956783,0.0,0.0,0.0,0.0,0.0,0.0,0.0,0.0,0.0,0.0,0.0,0.0,0.0,0.0,0.0,0.0,0.0,0.0,0.0,0.0,0.0,0.0,0.0,0.0,0.006657789613848204,1.6644474034620511,12.64314247669774,13.315579227696409,2.3169107856191746,0.05326231691078563,4.211952744961779,2.94993603219025,nan,nan,nan,4.185595567867036,2.9921712703698784,4.2384937238493725,2.9065447173874004,1.0126381431566005,0.406,0.01301,0.0,0.0,0.0,0.0,0.0,0.0,0.0,0.0,0.0,0.0,0.01997336884154461,9.973368841544593,19.367509986684425,0.6391478029294275,0.0,0.0,0.0,0.0,0.0,0.0,0.0,0.0,0.0,0.0,0.0,0.0,0.0,0.0,0.0,0.0,nan,nan,4.211952744961779,2.94993603219025,nan,0.406,0.06158,0.0,0.0,0.0,0.0,0.0,0.0,0.0,0.0,0.0,0.0,0.0,0.0,0.0,0.0,0.0,0.0,0.0,0.0,0.0,0.0,0.0,3.328894806924101e-05,0.0,5.5481580115401686e-05,0.0014647137150466045,0.0005881047492232579,0.009276520195295162,0.0035619174434087884,0.020039946737683088,0.042554371948513095,0.020583666222814025,0.0018974700399467376,0.009997780736795385,0.016011984021304927,0.017798490901020862,0.031402574345317354,0.04998890368397692,0.06846426986240568,0.0406901908566356,0.06552374611628939,0.0985352862849534,0.059709276520195295,0.06443630714602752,0.08786063027075011,0.0505659121171771,0.034942299156679985,0.05153129161118509,0.03189081225033289,0.01841988459831336,0.027063914780292943,0.021759875721260542,0.01705503772747448,0.0074123391034176655,0.004993342210386152,0.012583222370173102,0.0005437194851309365,0.004416333777185974,0.0003661784287616511,0.005958721704394141,0.0,1.1096316023080338e-05,1.1096316023080338e-05,0.0,0.0,0.0,0.0,0.0,0.0,0.0,0.0,0.0,0.0,0.0,0.0,0.0,0.0,0.0,0.0,0.0,0.0,0.0,0.0,0.0,0.0,0.0,0.0,0.0,0.0,0.0,0.0,0.0,0.0,0.0,0.0,0.0,0.0,0.0,0.0,0.0,0.0,0.0,nan,nan,4.211952744961779,2.94993603219025,nan,0.9018579156854677,0.022433731430243267,0.0,0.0,0.0,0.0,0.0,0.0,0.0,0.0,0.0,0.0,0.0,0.0,0.0,0.0,0.0,0.0,0.0,0.0,0.0,0.0,0.0,0.0,0.0,0.0,0.012663571127057833,1.6336006753904604,12.62558041367666,13.220768256648379,2.444069227522162,0.06331785563528916,0.9014698914071361,0.02193031981609517,0.0,0.0,0.0,0.0,0.0,0.0,0.0,0.0,0.0,0.0,0.0,0.0,0.0,0.0,0.0,0.0,0.0,0.0,0.0,0.0,0.0,0.0,0.0,0.0,0.0,1.6986429574169402,12.6626111371081,13.420683200748716,2.1759475900795513,0.04211511464670099,0.4058,0.01301,0.0,0.0,0.0,0.0,0.0,0.0,0.0,0.0,0.0,0.0,0.012663571127057833,9.95356690586744,19.438581680033774,0.5951878429717181,0.0,0.0,0.0,0.0,0.0,0.0,0.0,0.0,0.0,0.0,0.0,0.0,0.0,0.0,0.0,0.0,0.406,0.013,0.0,0.0,0.0,0.0,0.0,0.0,0.0,0.0,0.0,0.0,0.02807674309780066,9.99532054281702,19.288722508189053,0.6878802058961162,0.0,0.0,0.0,0.0,0.0,0.0,0.0,0.0,0.0,0.0,0.0,0.0,0.0,0.0,0.0,0.0
82800,4677,2358,0.504169339320077,1127,953,0.44472952747487704,1336,0.5713063929869574,0.414,2.9072876239758516,3.1035782350027175,6.4796992481203,2.2677788609518092,8286.556573455799,429.97681596674016,7853.0,8736.714759731292,8712.942363890063,5.92513695102448,7853.0,0.0,28.24203549283729,21.029663400677634,33.02754612079858,19.322881963294396,0.1340602950609365,0.10070558050032072,0.0970707718623049,0.08638015822108189,0.07611716912550781,0.07226854821466752,0.06906136412230061,0.06692324139405602,0.06029506093649775,0.05323925593329057,0.046183450930083386,0.038058584562753905,0.03442377592473808,0.027367970921530895,0.01624973273465897,0.013897797733589907,0.007697241821680564,0.9009195473527001,0.023039412625986334,0.0,0.0,0.0,0.0,0.0,0.0,0.0,0.0,0.0,0.0,0.0,0.0,0.0,0.0,0.0,0.0,0.0,0.0,0.0,0.0,0.0,0.0,0.0,0.0,0.07697241821680566,1.9243104554201416,12.42463117382938,13.175112251443236,2.366901860166774,0.03207184092366903,4.335204755614267,2.89323261617264,nan,nan,nan,4.346965699208443,2.918584799352835,4.326273990734613,2.8663301263973318,0.9952399650916045,0.406,0.01311,0.0,0.0,0.0,0.0,0.0,0.0,0.0,0.0,0.0,0.0,0.05772931366260425,9.608723540731225,19.679281590763313,0.6542655548428481,0.0,0.0,0.0,0.0,0.0,0.0,0.0,0.0,0.0,0.0,0.0,0.0,0.0,0.0,0.0,0.0,nan,nan,4.335204755614267,2.89323261617264,nan,0.406,0.0617,0.0,0.0,0.0,0.0,0.0,0.0,0.0,0.0,0.0,0.0,0.0,0.0,0.0,0.0,0.0,0.0,0.0,0.0,0.0,0.0,0.0,3.207184092366902e-05,0.0,3.207184092366902e-05,0.0012721830233055377,0.0008980115458627325,0.007579645071627112,0.004768013683985461,0.022289929441949966,0.04299764806499893,0.01935001069061364,0.0014432328415651058,0.009001496685909771,0.013994013256360915,0.01803506521274321,0.03145178533247808,0.052683344023946976,0.06781056232627752,0.03918109899508232,0.06399401325636092,0.10291853752405387,0.06257216164207825,0.06232627752833013,0.0885717340175326,0.049454778704297625,0.03367543296985247,0.04793671156724396,0.032189437673722475,0.01973487278169767,0.02674791533033996,0.021146033782339105,0.01732948471242249,0.008327988026512722,0.005580500320718409,0.013577079324353218,0.0005879837502672653,0.0046076544793671155,0.00031002779559546716,0.005580500320718409,0.0,0.0,0.0,0.0,1.0690613641223006e-05,0.0,0.0,0.0,0.0,0.0,0.0,0.0,0.0,0.0,0.0,0.0,0.0,0.0,0.0,0.0,0.0,0.0,0.0,0.0,0.0,0.0,0.0,0.0,0.0,0.0,0.0,0.0,0.0,0.0,0.0,0.0,0.0,0.0,0.0,0.0,0.0,0.0,nan,nan,4.335204755614267,2.89323261617264,nan,0.9012107868079314,0.02313059518502307,0.0,0.0,0.0,0.0,0.0,0.0,0.0,0.0,0.0,0.0,0.0,0.0,0.0,0.0,0.0,0.0,0.0,0.0,0.0,0.0,0.0,0.0,0.0,0.0,0.10178117048346058,1.8193384223918578,12.480916030534354,13.015267175572522,2.557251908396947,0.025445292620865145,0.900623409950615,0.022942534516741327,0.0,0.0,0.0,0.0,0.0,0.0,0.0,0.0,0.0,0.0,0.0,0.0,0.0,0.0,0.0,0.0,0.0,0.0,0.0,0.0,0.0,0.0,0.0,0.0,0.051746442432082804,2.03104786545925,12.367399741267791,13.337645536869344,2.173350582147478,0.0388098318240621,0.406,0.013245,0.0,0.0,0.0,0.0,0.0,0.0,0.0,0.0,0.0,0.0,0.07633587786259544,9.541984732824414,19.669211195928757,0.7124681933842241,0.0,0.0,0.0,0.0,0.0,0.0,0.0,0.0,0.0,0.0,0.0,0.0,0.0,0.0,0.0,0.0,0.406,0.01296,0.0,0.0,0.0,0.0,0.0,0.0,0.0,0.0,0.0,0.0,0.0388098318240621,9.676584734799468,19.689521345407506,0.5950840879689522,0.0,0.0,0.0,0.0,0.0,0.0,0.0,0.0,0.0,0.0,0.0,0.0,0.0,0.0,0.0,0.0
82900,4662,2431,0.5214500214500214,1157,933,0.44830544830544833,1275,0.546975546975547,0.426,2.962796952039444,3.1558865580511424,6.704,2.2429409265515665,8301.397166189992,429.5768192311883,7853.0,8729.925397509336,8712.904396864558,5.804287003351289,7853.0,0.0,27.562419562419564,20.719352737083785,32.607757513485744,18.95128779120441,0.1437151437151437,0.09738309738309739,0.09523809523809523,0.08944658944658945,0.07850707850707851,0.07807807807807808,0.07207207207207207,0.05855855855855856,0.06048906048906049,0.053625053625053626,0.04783354783354783,0.0341055341055341,0.029386529386529386,0.02574002574002574,0.01909051909051909,0.011583011583011582,0.005148005148005148,0.9007537474784663,0.02243702579317229,0.0,0.0,0.0,0.0,0.0,0.0,0.0,0.0,0.0,0.0,0.0,0.0,0.0,0.0,0.0,0.0,0.0,0.0,0.0,0.0,0.0,0.0,0.0,0.0,0.04504504504504506,1.85971685971686,12.413127413127416,13.429858429858433,2.226512226512227,0.025740025740025745,4.277161116717121,2.9909392962984573,nan,nan,nan,4.272354948805461,2.96812766339822,4.281830238726791,3.012927732331582,1.0022178143049605,0.406,0.01316,0.0,0.0,0.0,0.0,0.0,0.0,0.0,0.0,0.0,0.0,0.025740025740025745,9.916344916344903,19.420849420849425,0.6370656370656371,0.0,0.0,0.0,0.0,0.0,0.0,0.0,0.0,0.0,0.0,0.0,0.0,0.0,0.0,0.0,0.0,nan,nan,4.277161116717121,2.9909392962984573,nan,0.406,0.062,0.0,0.0,0.0,0.0,0.0,0.0,0.0,0.0,0.0,0.0,0.0,0.0,0.0,0.0,0.0,0.0,0.0,0.0,0.0,0.0,1.0725010725010725e-05,3.217503217503217e-05,0.0,1.0725010725010725e-05,0.001362076362076362,0.0007614757614757615,0.007496782496782497,0.0039468039468039465,0.02438867438867439,0.042535392535392534,0.019465894465894466,0.0016623766623766623,0.009277134277134277,0.013341913341913342,0.019873444873444873,0.03194980694980695,0.05405405405405406,0.06288073788073788,0.03722651222651223,0.06561561561561562,0.1066066066066066,0.06273058773058773,0.059845559845559844,0.083998283998284,0.05085800085800086,0.034041184041184044,0.048745173745173745,0.03175675675675676,0.01831831831831832,0.026544401544401543,0.022018447018447018,0.0206992706992707,0.008697983697983698,0.004804804804804805,0.013888888888888888,0.0009009009009009009,0.004322179322179322,0.00016087516087516087,0.005137280137280137,1.0725010725010725e-05,0.0,0.0,1.0725010725010725e-05,1.0725010725010725e-05,0.0,0.0,0.0,0.0,0.0,0.0,0.0,0.0,0.0,0.0,0.0,0.0,0.0,0.0,0.0,0.0,0.0,0.0,0.0,0.0,0.0,0.0,0.0,0.0,0.0,0.0,0.0,0.0,0.0,0.0,0.0,0.0,0.0,0.0,0.0,0.0,0.0,nan,nan,4.277161116717121,2.9909392962984573,nan,0.900888307601618,0.0227722660399036,0.0,0.0,0.0,0.0,0.0,0.0,0.0,0.0,0.0,0.0,0.0,0.0,0.0,0.0,0.0,0.0,0.0,0.0,0.0,0.0,0.0,0.0,0.0,0.0,0.04936240230357879,2.0979020979020984,12.00740436034554,13.537638831756482,2.2953517071164136,0.012340600575894697,0.9006071245921454,0.02206500064598104,0.0,0.0,0.0,0.0,0.0,0.0,0.0,0.0,0.0,0.0,0.0,0.0,0.0,0.0,0.0,0.0,0.0,0.0,0.0,0.0,0.0,0.0,0.0,0.0,0.04034065441506052,1.6001792917974007,12.855221873599286,13.312415956969971,2.1515015688032277,0.04034065441506052,0.4062,0.01322,0.0,0.0,0.0,0.0,0.0,0.0,0.0,0.0,0.0,0.0,0.012340600575894697,9.87248046071574,19.49814890991362,0.6170300287947348,0.0,0.0,0.0,0.0,0.0,0.0,0.0,0.0,0.0,0.0,0.0,0.0,0.0,0.0,0.0,0.0,0.406,0.01309,0.0,0.0,0.0,0.0,0.0,0.0,0.0,0.0,0.0,0.0,0.04034065441506052,9.964141640519932,19.336620349619007,0.6588973554459885,0.0,0.0,0.0,0.0,0.0,0.0,0.0,0.0,0.0,0.0,0.0,0.0,0.0,0.0,0.0,0.0
83000,4736,2515,0.5310388513513513,1249,923,0.45861486486486486,1285,0.542652027027027,0.414,2.9279603782080144,3.094524194642231,6.607371794871795,2.0289594441168943,8309.461417206261,428.9739192279676,7853.0,8733.918722951412,8712.563129975686,5.861385981880649,7853.0,0.0,28.32643581081081,20.627013262901315,32.98881153654898,18.87442140362236,0.12922297297297297,0.10008445945945946,0.09163851351351351,0.08445945945945946,0.0850929054054054,0.07179054054054054,0.07010135135135136,0.06735641891891891,0.06228885135135135,0.052364864864864864,0.052153716216216214,0.0390625,0.03800675675675676,0.025548986486486486,0.015413851351351352,0.011402027027027027,0.004011824324324324,0.9003526641911751,0.022634111605950136,0.0,0.0,0.0,0.0,0.0,0.0,0.0,0.0,0.0,0.0,0.0,0.0,0.0,0.0,0.0,0.0,0.0,0.0,0.0,0.0,0.0,0.0,0.0,0.0,0.025337837837837843,2.204391891891892,12.510557432432435,13.16300675675676,2.0586993243243246,0.038006756756756764,4.082903225806452,2.908369117928229,nan,nan,nan,4.0683870967741935,2.836029820096867,4.09741935483871,2.978881547788435,1.0071360608943865,0.4053,0.013435,0.0,0.0,0.0,0.0,0.0,0.0,0.0,0.0,0.0,0.0,0.025337837837837843,10.743243243243228,18.591638513513516,0.6397804054054055,0.0,0.0,0.0,0.0,0.0,0.0,0.0,0.0,0.0,0.0,0.0,0.0,0.0,0.0,0.0,0.0,nan,nan,4.082903225806452,2.908369117928229,nan,0.4053,0.06198,0.0,0.0,0.0,0.0,0.0,0.0,0.0,0.0,0.0,0.0,0.0,0.0,0.0,0.0,0.0,0.0,0.0,0.0,0.0,0.0,0.0,5.2787162162162165e-05,0.0,0.0,0.001467483108108108,0.0006123310810810811,0.007147381756756757,0.0038429054054054056,0.02451435810810811,0.047022804054054054,0.01840160472972973,0.001467483108108108,0.009237753378378379,0.013175675675675676,0.021347128378378377,0.030753800675675676,0.054740287162162164,0.0636085304054054,0.03784839527027027,0.06269003378378378,0.10921663851351351,0.065234375,0.05933277027027027,0.0828125,0.049377111486486484,0.03419552364864865,0.049398226351351354,0.03046875,0.01692356418918919,0.02621410472972973,0.02088260135135135,0.020629222972972972,0.008857685810810811,0.005204814189189189,0.013006756756756757,0.0008657094594594595,0.0038851351351351354,4.222972972972973e-05,0.005521537162162162,0.0,0.0,0.0,0.0,0.0,0.0,0.0,0.0,0.0,0.0,0.0,0.0,0.0,0.0,0.0,0.0,0.0,0.0,0.0,0.0,0.0,0.0,0.0,0.0,0.0,0.0,0.0,0.0,0.0,0.0,0.0,0.0,0.0,0.0,0.0,0.0,0.0,0.0,0.0,0.0,0.0,0.0,nan,nan,4.082903225806452,2.908369117928229,nan,0.9001947106234359,0.02273940357070124,0.0,0.0,0.0,0.0,0.0,0.0,0.0,0.0,0.0,0.0,0.0,0.0,0.0,0.0,0.0,0.0,0.0,0.0,0.0,0.0,0.0,0.0,0.0,0.0,0.03578528827037774,2.111332007952287,12.763419483101394,13.00198807157058,2.0397614314115313,0.04771371769383699,0.9005315265157425,0.02251294941376889,0.0,0.0,0.0,0.0,0.0,0.0,0.0,0.0,0.0,0.0,0.0,0.0,0.0,0.0,0.0,0.0,0.0,0.0,0.0,0.0,0.0,0.0,0.0,0.0,0.013507429085997301,2.3097703737055384,12.224223322827559,13.345339936965335,2.0801440792435844,0.027014858171994602,0.4053,0.01339,0.0,0.0,0.0,0.0,0.0,0.0,0.0,0.0,0.0,0.0,0.011928429423459248,10.878727634194815,18.393638170974157,0.7157057654075548,0.0,0.0,0.0,0.0,0.0,0.0,0.0,0.0,0.0,0.0,0.0,0.0,0.0,0.0,0.0,0.0,0.405,0.01348,0.0,0.0,0.0,0.0,0.0,0.0,0.0,0.0,0.0,0.0,0.0405222872579919,10.589824403421867,18.81584871679424,0.5538045925258893,0.0,0.0,0.0,0.0,0.0,0.0,0.0,0.0,0.0,0.0,0.0,0.0,0.0,0.0,0.0,0.0
83100,4883,2478,0.5074749129633422,1168,1019,0.4478804013925865,1416,0.5799713291009625,0.39799999999999996,3.0045738045738046,3.106357888233738,6.571428571428571,2.125837170027231,8289.24562937652,429.791627670921,7853.0,8734.129631751775,8712.639793480848,5.786081799263377,7853.0,0.0,28.096457096047512,20.829213801660444,32.78762986228558,19.15320366398511,0.13454843334015973,0.10157689944706123,0.09174687691992628,0.08744624206430474,0.08273602293671924,0.07249641613762031,0.07433954536145812,0.06430473069834118,0.05386033176326029,0.054474708171206226,0.04648781486790907,0.03952488224452181,0.03317632602908048,0.02539422486176531,0.022731927093999592,0.009215646119189022,0.00593897194347737,0.9015151121663725,0.022541512909621923,0.0,0.0,0.0,0.0,0.0,0.0,0.0,0.0,0.0,0.0,0.0,0.0,0.0,0.0,0.0,0.0,0.0,0.0,0.0,0.0,0.0,0.0,0.0,0.0,0.05529387671513415,1.898423100552939,12.041777595740326,13.823469178783538,2.138029899651854,0.043006348556215455,4.294544307789341,2.922681536819454,nan,nan,nan,4.390120329322356,2.9004690364662267,4.199748743718593,2.9414811736027184,0.9566363627137419,0.4045,0.01351,0.0,0.0,0.0,0.0,0.0,0.0,0.0,0.0,0.0,0.0,0.06758140487405284,10.80073725168952,18.664755273397503,0.4669260700389106,0.0,0.0,0.0,0.0,0.0,0.0,0.0,0.0,0.0,0.0,0.0,0.0,0.0,0.0,0.0,0.0,nan,nan,4.294544307789341,2.922681536819454,nan,0.4045,0.06223,0.0,0.0,0.0,0.0,0.0,0.0,0.0,0.0,0.0,0.0,0.0,0.0,0.0,0.0,0.0,0.0,0.0,0.0,0.0,0.0,0.0,5.119803399549457e-05,0.0,3.071882039729674e-05,0.0017509727626459145,0.0006450952283432316,0.007341798074953922,0.003819373336063895,0.024022117550686055,0.04920131066967028,0.01857464673356543,0.0017714519762441123,0.010516076182674585,0.012799508498873643,0.020991193938152776,0.032049969281179605,0.05261109973377023,0.06331148883882859,0.038787630554986685,0.06438664755273397,0.11142740118779439,0.0622772885521196,0.060710628711857464,0.0801761212369445,0.048658611509318044,0.03459963137415523,0.049672332582428834,0.029674380503788653,0.016209297562973582,0.02510751587139054,0.020212983821421258,0.021114069219741963,0.007864018021707966,0.005539627278312513,0.013741552324390744,0.0008601269711243088,0.0038910505836575876,0.0,0.0055601064919107105,1.0239606799098915e-05,3.071882039729674e-05,0.0,0.0,0.0,0.0,0.0,0.0,0.0,0.0,0.0,0.0,0.0,0.0,0.0,0.0,0.0,0.0,0.0,0.0,0.0,0.0,0.0,0.0,0.0,0.0,0.0,0.0,0.0,0.0,0.0,0.0,0.0,0.0,0.0,0.0,0.0,0.0,0.0,0.0,0.0,0.0,nan,nan,4.294544307789341,2.922681536819454,nan,0.90129025572726,0.022226575759834548,0.0,0.0,0.0,0.0,0.0,0.0,0.0,0.0,0.0,0.0,0.0,0.0,0.0,0.0,0.0,0.0,0.0,0.0,0.0,0.0,0.0,0.0,0.0,0.0,0.036319612590799036,1.8038740920096856,12.372881355932206,13.692493946731238,2.0460048426150124,0.04842615012106539,0.9017467937697492,0.0228591584299458,0.0,0.0,0.0,0.0,0.0,0.0,0.0,0.0,0.0,0.0,0.0,0.0,0.0,0.0,0.0,0.0,0.0,0.0,0.0,0.0,0.0,0.0,0.0,0.0,0.07484407484407486,1.9958419958419962,11.700623700623703,13.958419958419961,2.2328482328482333,0.03742203742203743,0.4045,0.01342,0.0,0.0,0.0,0.0,0.0,0.0,0.0,0.0,0.0,0.0,0.04842615012106539,10.992736077481824,18.48668280871671,0.4721549636803875,0.0,0.0,0.0,0.0,0.0,0.0,0.0,0.0,0.0,0.0,0.0,0.0,0.0,0.0,0.0,0.0,0.4045,0.0136,0.0,0.0,0.0,0.0,0.0,0.0,0.0,0.0,0.0,0.0,0.08731808731808734,10.602910602910589,18.84823284823285,0.4615384615384616,0.0,0.0,0.0,0.0,0.0,0.0,0.0,0.0,0.0,0.0,0.0,0.0,0.0,0.0,0.0,0.0
83200,4842,2536,0.5237505163155721,1192,976,0.44774886410574144,1333,0.55059892606361,0.40599999999999997,2.960971379011275,3.0523395704727854,6.600633914421553,2.0147474296113557,8303.09229926201,429.2157790919513,7853.0,8731.211578124761,8712.363924695052,5.557783542677571,7853.0,0.0,27.808137133415944,20.679058319807485,32.67092337917485,18.95144917070893,0.13444857496902107,0.1047087980173482,0.09169764560099132,0.08426270136307311,0.08426270136307311,0.07641470466749277,0.07476249483684427,0.06133828996282528,0.05617513424204874,0.05121850475010326,0.05018587360594796,0.03903345724907063,0.0322180916976456,0.02643535729037588,0.01858736059479554,0.00784799669558034,0.006402313093762908,0.9004210220516737,0.022398517131955342,0.0,0.0,0.0,0.0,0.0,0.0,0.0,0.0,0.0,0.0,0.0,0.0,0.0,0.0,0.0,0.0,0.0,0.0,0.0,0.0,0.0,0.0,0.0,0.0,0.06195786864931847,1.9206939281288729,12.726146220570016,13.153655514250312,2.081784386617101,0.05576208178438663,4.2045527412632255,2.8370004882168023,nan,nan,nan,4.313015873015873,2.8785670128324434,4.0939119170984455,2.7896207019297776,0.9491993624952233,0.4043,0.01345,0.0,0.0,0.0,0.0,0.0,0.0,0.0,0.0,0.0,0.0,0.04337050805452294,11.56753407682774,17.97397769516729,0.4151177199504338,0.0,0.0,0.0,0.0,0.0,0.0,0.0,0.0,0.0,0.0,0.0,0.0,0.0,0.0,0.0,0.0,nan,nan,4.2045527412632255,2.8370004882168023,nan,0.4043,0.0626,0.0,0.0,0.0,0.0,0.0,0.0,0.0,0.0,0.0,0.0,0.0,0.0,0.0,0.0,0.0,0.0,0.0,0.0,1.0326311441553078e-05,0.0,0.0,0.00016522098306484924,0.0,8.261049153242462e-05,0.0017244940107393639,0.0006918628665840562,0.008477901693515076,0.004636513837257331,0.023946716232961587,0.04970053696819496,0.017936802973977695,0.0018174308137133416,0.011999173895084675,0.014384551838083437,0.019919454770755886,0.03232135481206113,0.05055762081784387,0.06037794299876084,0.04017967781908302,0.06169971086327963,0.112546468401487,0.06409541511771995,0.0607393638992152,0.07956422965716646,0.04756299049979348,0.036121437422552666,0.05329409334985543,0.025898389095415118,0.016656340355225112,0.02560925237505163,0.01852540272614622,0.021860801321767865,0.007600165220983065,0.004997934737711689,0.013011152416356878,0.0008674101610904585,0.004491945477075589,1.0326311441553078e-05,0.005855018587360595,0.0,2.0652622883106156e-05,3.0978934324659233e-05,1.0326311441553078e-05,0.0,0.0,0.0,0.0,0.0,0.0,0.0,0.0,0.0,0.0,0.0,0.0,0.0,0.0,0.0,0.0,0.0,0.0,0.0,0.0,0.0,0.0,0.0,0.0,0.0,0.0,0.0,0.0,0.0,0.0,0.0,0.0,0.0,0.0,0.0,0.0,0.0,0.0,nan,nan,4.2045527412632255,2.8370004882168023,nan,0.9003948393022224,0.02213249427117094,0.0,0.0,0.0,0.0,0.0,0.0,0.0,0.0,0.0,0.0,0.0,0.0,0.0,0.0,0.0,0.0,0.0,0.0,0.0,0.0,0.0,0.0,0.0,0.0,0.09463722397476343,1.7862776025236597,12.787854889589909,13.272870662460571,1.9755520504731865,0.08280757097791801,0.9004498162635595,0.02268743701157617,0.0,0.0,0.0,0.0,0.0,0.0,0.0,0.0,0.0,0.0,0.0,0.0,0.0,0.0,0.0,0.0,0.0,0.0,0.0,0.0,0.0,0.0,0.0,0.0,0.02601908065915005,2.068516912402429,12.6582827406765,13.0225498699046,2.198612315698179,0.02601908065915005,0.4043,0.013405,0.0,0.0,0.0,0.0,0.0,0.0,0.0,0.0,0.0,0.0,0.011829652996845429,11.675867507886418,17.910094637223978,0.4022082018927446,0.0,0.0,0.0,0.0,0.0,0.0,0.0,0.0,0.0,0.0,0.0,0.0,0.0,0.0,0.0,0.0,0.4043,0.013504,0.0,0.0,0.0,0.0,0.0,0.0,0.0,0.0,0.0,0.0,0.07805724197745015,11.448395490026003,18.04423243712056,0.42931483087597583,0.0,0.0,0.0,0.0,0.0,0.0,0.0,0.0,0.0,0.0,0.0,0.0,0.0,0.0,0.0,0.0
83300,4993,2553,0.5113158421790507,1245,1045,0.45864209893851393,1418,0.5679951932705788,0.39399999999999996,2.887704918032787,3.046849430790803,6.579425113464448,2.0761159555118516,8292.549476964075,429.73077029787237,7853.0,8732.350894922018,8712.643767521202,5.647709911556253,7853.0,0.0,27.380332465451634,20.35728706190367,32.2220367278798,18.616277083019416,0.13999599439214902,0.10354496294812737,0.08952533546965752,0.09132785900260365,0.0831163629080713,0.07490486681353896,0.0727017824954937,0.06388944522331264,0.05948327658722211,0.05267374324053675,0.04586420989385139,0.0366513118365712,0.032845984378129384,0.024233927498497898,0.016022431403965552,0.008812337272181054,0.004406168636090527,0.9010552750926875,0.02219280069615037,0.0,0.0,0.0,0.0,0.0,0.0,0.0,0.0,0.0,0.0,0.0,0.0,0.0,0.0,0.0,0.0,0.0,0.0,0.0,0.0,0.0,0.0,0.0,0.0,0.018025235329461247,1.7123973562988186,12.62968155417585,13.482876026437015,2.1450030042058885,0.012016823552974166,4.214863184079602,2.8611378735618738,nan,nan,nan,4.16447779862414,2.843834310018858,4.264687693259122,2.8772790076940646,1.0240630156962511,0.4045,0.01372,0.0,0.0,0.0,0.0,0.0,0.0,0.0,0.0,0.0,0.0,0.07810935309433209,11.33186461045462,17.953134388143404,0.6368916483076309,0.0,0.0,0.0,0.0,0.0,0.0,0.0,0.0,0.0,0.0,0.0,0.0,0.0,0.0,0.0,0.0,nan,nan,4.214863184079602,2.8611378735618738,nan,0.4045,0.06256,0.0,0.0,0.0,0.0,0.0,0.0,0.0,0.0,0.0,0.0,0.0,0.0,0.0,0.0,0.0,0.0,0.0,0.0,0.0,0.0,0.0,0.00018025235329461245,0.0,6.008411776487082e-05,0.002623673142399359,0.00031043460845183254,0.00831163629080713,0.00457640696975766,0.02174043661125576,0.05048067294211896,0.017634688563989587,0.001682355297416383,0.012387342279190867,0.01473062287202083,0.018295613859403165,0.03272581614259964,0.0507911075505708,0.05989385139194873,0.039044662527538555,0.061235730022030845,0.11242739835770078,0.06545163228519928,0.061295814139795714,0.080933306629281,0.04626477067895053,0.03565992389345083,0.05384538353695173,0.02740837172040857,0.01570198277588624,0.02579611456038454,0.019126777488483876,0.022811936711395954,0.007160024033647106,0.004706589224914881,0.013308632084918887,0.0009212898057280192,0.004696575205287402,0.0,0.005778089325055077,0.0,0.0,0.0,0.0,0.0,0.0,0.0,0.0,0.0,0.0,0.0,0.0,0.0,0.0,0.0,0.0,0.0,0.0,0.0,0.0,0.0,0.0,0.0,0.0,0.0,0.0,0.0,0.0,0.0,0.0,0.0,0.0,0.0,0.0,0.0,0.0,0.0,0.0,0.0,0.0,0.0,0.0,nan,nan,4.214863184079602,2.8611378735618738,nan,0.9010269007073913,0.02169609911207261,0.0,0.0,0.0,0.0,0.0,0.0,0.0,0.0,0.0,0.0,0.0,0.0,0.0,0.0,0.0,0.0,0.0,0.0,0.0,0.0,0.0,0.0,0.0,0.0,0.011750881316098711,1.656874265569918,12.620446533490014,13.654524089306701,2.0564042303172743,0.0,0.9010849635376305,0.022700835681245587,0.0,0.0,0.0,0.0,0.0,0.0,0.0,0.0,0.0,0.0,0.0,0.0,0.0,0.0,0.0,0.0,0.0,0.0,0.0,0.0,0.0,0.0,0.0,0.0,0.024590163934426236,1.770491803278689,12.639344262295085,13.303278688524593,2.237704918032787,0.024590163934426236,0.4048,0.013756,0.0,0.0,0.0,0.0,0.0,0.0,0.0,0.0,0.0,0.0,0.07050528789659226,10.987074030552275,18.2021151586369,0.7403055229142187,0.0,0.0,0.0,0.0,0.0,0.0,0.0,0.0,0.0,0.0,0.0,0.0,0.0,0.0,0.0,0.0,0.4043,0.01366,0.0,0.0,0.0,0.0,0.0,0.0,0.0,0.0,0.0,0.0,0.08606557377049183,11.692622950819656,17.692622950819676,0.528688524590164,0.0,0.0,0.0,0.0,0.0,0.0,0.0,0.0,0.0,0.0,0.0,0.0,0.0,0.0,0.0,0.0
83400,4538,2365,0.5211546936976642,1112,909,0.44535037461436755,1257,0.5539885412075805,0.442,3.0671882190520017,3.210529051084785,6.817733990147783,2.1832202578822857,8301.104048824463,429.55105051884294,7853.0,8739.78498455286,8712.829248864868,5.938004438963123,7853.0,0.0,28.122080211546937,20.999876007329824,32.974131173242746,19.289323017908,0.13574261789334507,0.0989422653151168,0.09695901278096078,0.09299250771264875,0.07933010136624064,0.07029528426619656,0.06478624944909651,0.06500661084178053,0.05486998677831644,0.05354781842221243,0.048038783605112385,0.04186866460996033,0.03393565447333627,0.02842661965623623,0.01630674305861613,0.013221683561040106,0.0057293962097840455,0.901856546677278,0.02226641403769403,0.0,0.0,0.0,0.0,0.0,0.0,0.0,0.0,0.0,0.0,0.0,0.0,0.0,0.0,0.0,0.0,0.0,0.0,0.0,0.0,0.0,0.0,0.0,0.0,0.026443367122080216,1.6262670780079334,12.263111502864701,13.856324371970034,2.1353018951079776,0.09255178492728076,4.270840421912215,2.9868949913017677,nan,nan,nan,4.381116471399035,2.98771232589868,4.163306451612903,2.982173349183785,0.9502843576042665,0.4048,0.01384,0.0,0.0,0.0,0.0,0.0,0.0,0.0,0.0,0.0,0.0,0.04627589246364038,11.099603349493153,18.173204054649627,0.6809167033935657,0.0,0.0,0.0,0.0,0.0,0.0,0.0,0.0,0.0,0.0,0.0,0.0,0.0,0.0,0.0,0.0,nan,nan,4.270840421912215,2.9868949913017677,nan,0.4048,0.063,0.0,0.0,0.0,0.0,0.0,0.0,0.0,0.0,0.0,0.0,0.0,0.0,0.0,0.0,0.0,0.0,0.0,0.0,0.0,0.0,0.0,0.00016527104451300131,0.0,6.610841780520052e-05,0.0033384750991626265,0.00033054208902600263,0.008131335390039665,0.005057293962097841,0.020460555310709564,0.05161965623622741,0.015899074482150728,0.0015645658880564124,0.011844424856765096,0.015899074482150728,0.019711326575583957,0.035500220361392686,0.051024680475980605,0.05961877479065668,0.03656897311591009,0.06069854561480829,0.11047818422212428,0.061117232260907886,0.06478624944909651,0.07773248126928162,0.04884310268840899,0.0376487439400617,0.05426399294843543,0.027104451300132216,0.014885412075804318,0.024889819303658,0.020548699867783165,0.02114367562802997,0.0068312031732040545,0.0052335830762450415,0.01503966505068312,0.0012340237990304099,0.004583516967827237,3.305420890260026e-05,0.006092992507712649,0.0,1.1018069634200089e-05,0.0,0.0,0.0,0.0,0.0,0.0,0.0,0.0,0.0,0.0,0.0,0.0,0.0,0.0,0.0,0.0,0.0,0.0,0.0,0.0,0.0,0.0,0.0,0.0,0.0,0.0,0.0,0.0,0.0,0.0,0.0,0.0,0.0,0.0,0.0,0.0,0.0,0.0,0.0,0.0,nan,nan,4.270840421912215,2.9868949913017677,nan,0.9015033047748671,0.022348218098054273,0.0,0.0,0.0,0.0,0.0,0.0,0.0,0.0,0.0,0.0,0.0,0.0,0.0,0.0,0.0,0.0,0.0,0.0,0.0,0.0,0.0,0.0,0.0,0.0,0.012684989429175479,1.7124735729386895,12.494714587737846,13.49682875264271,2.181818181818182,0.10147991543340383,0.902241000013312,0.022170643955550844,0.0,0.0,0.0,0.0,0.0,0.0,0.0,0.0,0.0,0.0,0.0,0.0,0.0,0.0,0.0,0.0,0.0,0.0,0.0,0.0,0.0,0.0,0.0,0.0,0.04141739530602854,1.532443626323056,12.011044638748277,14.247583985273819,2.08467556373677,0.08283479061205708,0.4053,0.01385,0.0,0.0,0.0,0.0,0.0,0.0,0.0,0.0,0.0,0.0,0.050739957716701915,10.655391120507383,18.59619450317125,0.6976744186046514,0.0,0.0,0.0,0.0,0.0,0.0,0.0,0.0,0.0,0.0,0.0,0.0,0.0,0.0,0.0,0.0,0.4045,0.01381,0.0,0.0,0.0,0.0,0.0,0.0,0.0,0.0,0.0,0.0,0.04141739530602854,11.583064887252629,17.712839392544872,0.6626783248964566,0.0,0.0,0.0,0.0,0.0,0.0,0.0,0.0,0.0,0.0,0.0,0.0,0.0,0.0,0.0,0.0
83500,4742,2504,0.5280472374525517,1193,932,0.4481231547870097,1291,0.5444959932517925,0.43,3.0732797140303845,3.158600478460137,6.7,2.17959285188771,8307.139754730753,429.3612048566244,7853.0,8731.493397170305,8713.036228807197,5.726980183772971,7853.0,0.0,28.146773513285535,21.006284561196296,33.13819095477387,19.23797016903922,0.13939266132433573,0.098059890341628,0.09236609025727541,0.08772669759595107,0.07676086039645719,0.07465204555040067,0.07654997891185154,0.06221003795866723,0.05567271193589203,0.05440742302825812,0.04702657106706031,0.03500632644453817,0.0322648671446647,0.028047237452551665,0.022775200337410376,0.009911429776465626,0.007169970476592155,0.902354186984468,0.02237319929510289,0.0,0.0,0.0,0.0,0.0,0.0,0.0,0.0,0.0,0.0,0.0,0.0,0.0,0.0,0.0,0.0,0.0,0.0,0.0,0.0,0.0,0.0,0.0,0.006326444538169529,0.0126528890763391,1.6765078026149307,11.94432728806411,13.962463095740198,2.334458034584564,0.0632644453816955,4.255768605784855,2.9013523292978243,nan,nan,nan,4.234833659491194,2.918490424044623,4.276554404145077,2.8840852472424308,1.0098518024575482,0.4053,0.013504,0.0,0.0,0.0,0.0,0.0,0.0,0.0,0.0,0.0,0.0,0.03163222269084775,10.413327709827062,18.922395613665124,0.632644453816955,0.0,0.0,0.0,0.0,0.0,0.0,0.0,0.0,0.0,0.0,0.0,0.0,0.0,0.0,0.0,0.0,nan,nan,4.255768605784855,2.9013523292978243,nan,0.4053,0.0636,0.0,0.0,0.0,0.0,0.0,0.0,0.0,0.0,0.0,0.0,0.0,0.0,0.0,0.0,0.0,0.0,0.0,0.0,0.0,0.0,2.1088148460565163e-05,7.380851961197807e-05,0.0,2.1088148460565163e-05,0.004048924504428511,0.00023196963306621677,0.007960776043863348,0.005672711935892028,0.01843104175453395,0.05314213412062421,0.016522564318852805,0.0012442007591733446,0.013422606495149725,0.016396035428089414,0.020276254744833404,0.03348797975537748,0.047922817376634334,0.059890341628005064,0.035955293125263604,0.059626739772248,0.10933150569380008,0.05877266975959511,0.06877899620413327,0.07643399409531842,0.04708983551244201,0.03774778574441164,0.05680092787853226,0.025558835934204976,0.016237874314635175,0.025716997047659215,0.02095107549557149,0.020908899198650358,0.006305356389708984,0.005809784900885702,0.01576339097427246,0.0016026992830029524,0.00486081822016027,8.435259384226065e-05,0.006895824546604808,0.0,0.0,0.0,0.0,0.0,0.0,0.0,0.0,0.0,0.0,0.0,0.0,0.0,0.0,0.0,0.0,0.0,0.0,0.0,0.0,0.0,0.0,0.0,0.0,0.0,0.0,0.0,0.0,0.0,0.0,0.0,0.0,0.0,0.0,0.0,0.0,0.0,0.0,0.0,0.0,0.0,0.0,nan,nan,4.255768605784855,2.9013523292978243,nan,0.9019710751958548,0.022316418267881364,0.0,0.0,0.0,0.0,0.0,0.0,0.0,0.0,0.0,0.0,0.0,0.0,0.0,0.0,0.0,0.0,0.0,0.0,0.0,0.0,0.0,0.0,0.0,0.0,0.02396166134185304,1.7132587859424924,12.232428115015978,13.753993610223645,2.192492012779553,0.08386581469648564,0.902782833954391,0.022428803160832105,0.0,0.0,0.0,0.0,0.0,0.0,0.0,0.0,0.0,0.0,0.0,0.0,0.0,0.0,0.0,0.0,0.0,0.0,0.0,0.0,0.0,0.0,0.0,0.013404825737265374,0.0,1.6353887399463811,11.62198391420912,14.195710455764079,2.4932975871313676,0.04021447721179625,0.4058,0.01341,0.0,0.0,0.0,0.0,0.0,0.0,0.0,0.0,0.0,0.0,0.01198083067092652,10.183706070287526,19.109424920127797,0.6948881789137382,0.0,0.0,0.0,0.0,0.0,0.0,0.0,0.0,0.0,0.0,0.0,0.0,0.0,0.0,0.0,0.0,0.405,0.013596,0.0,0.0,0.0,0.0,0.0,0.0,0.0,0.0,0.0,0.0,0.05361930294906168,10.670241286863256,18.713136729222523,0.5630026809651476,0.0,0.0,0.0,0.0,0.0,0.0,0.0,0.0,0.0,0.0,0.0,0.0,0.0,0.0,0.0,0.0
83600,4783,2457,0.5136943340999373,1139,973,0.4415638720468325,1334,0.55780890654401,0.43,2.9905417024935512,3.1561396523846383,6.7274143302180685,2.1353345028173853,8294.74821670478,429.83108573555626,7853.0,8732.140131348371,8712.943720186799,5.860715762923114,7853.0,0.0,27.673217645828977,20.890874833348168,32.63073852295409,19.19687041124986,0.14154296466652727,0.10035542546518922,0.10014635166213673,0.08383859502404349,0.08153878319046623,0.07777545473552164,0.06690361697679281,0.05749529583943132,0.05603177921806397,0.0558227054150115,0.047041605686807444,0.038260505958603384,0.033451808488396406,0.025088856366297305,0.015680535228935814,0.012335354380096175,0.00669036169767928,0.901861156339105,0.022850724668146923,0.0,0.0,0.0,0.0,0.0,0.0,0.0,0.0,0.0,0.0,0.0,0.0,0.0,0.0,0.0,0.0,0.0,0.0,0.0,0.0,0.0,0.0,0.0,0.006272214091574306,0.056449926824168946,1.938114154296467,11.772945849885012,13.780054359188796,2.3897135688898183,0.056449926824168946,4.286088379705401,2.910220083585756,nan,nan,nan,4.293923381770146,2.900394463118041,4.277922077922078,2.9207107912964756,0.9962735003805607,0.4053,0.01333,0.0,0.0,0.0,0.0,0.0,0.0,0.0,0.0,0.0,0.0,0.012544428183148654,10.65021952749319,18.735103491532513,0.6021325527911353,0.0,0.0,0.0,0.0,0.0,0.0,0.0,0.0,0.0,0.0,0.0,0.0,0.0,0.0,0.0,0.0,nan,nan,4.286088379705401,2.910220083585756,nan,0.4053,0.06274,0.0,0.0,0.0,0.0,0.0,0.0,0.0,0.0,0.0,0.0,0.0,0.0,0.0,0.0,0.0,0.0,0.0,0.0,0.0,0.0,3.136107045787163e-05,6.272214091574325e-05,0.0,6.272214091574325e-05,0.002979301693497805,0.00024043487351034916,0.008289776291030735,0.005132761864938323,0.018293957767091782,0.05325109763746603,0.016652728413129834,0.0011708132970938742,0.012523520802843404,0.015753711060004182,0.02033242734685344,0.03250052268450763,0.04725067948985992,0.06044323646247125,0.03532301902571608,0.05777754547355216,0.11154087392849676,0.06172904035124399,0.07071921388250052,0.07778590842567426,0.04860965920970103,0.038500940832113736,0.05811206355843613,0.024660255070039723,0.01664227472297721,0.02492159732385532,0.020102446163495713,0.01957976165586452,0.0056972611331800125,0.005331381977838177,0.015628266778172695,0.0016621367342671963,0.004191929751202175,1.0453690152623876e-05,0.006502195274932051,0.0,0.0,0.0,0.0,0.0,0.0,0.0,0.0,0.0,0.0,0.0,0.0,0.0,0.0,0.0,0.0,0.0,0.0,0.0,0.0,0.0,0.0,0.0,0.0,0.0,0.0,0.0,0.0,0.0,0.0,0.0,0.0,0.0,0.0,0.0,0.0,0.0,0.0,0.0,0.0,0.0,0.0,nan,nan,4.286088379705401,2.910220083585756,nan,0.9017496861041344,0.02280030249982526,0.0,0.0,0.0,0.0,0.0,0.0,0.0,0.0,0.0,0.0,0.0,0.0,0.0,0.0,0.0,0.0,0.0,0.0,0.0,0.0,0.0,0.0,0.0,0.0,0.06105006105006106,2.026862026862027,11.623931623931627,13.785103785103788,2.4542124542124544,0.048840048840048854,0.9019789045623736,0.022903276839080614,0.0,0.0,0.0,0.0,0.0,0.0,0.0,0.0,0.0,0.0,0.0,0.0,0.0,0.0,0.0,0.0,0.0,0.0,0.0,0.0,0.0,0.0,0.0,0.012897678417884742,0.05159071367153913,1.844368013757524,11.930352536543426,13.774720550300948,2.321582115219261,0.06448839208942392,0.4055,0.013374,0.0,0.0,0.0,0.0,0.0,0.0,0.0,0.0,0.0,0.0,0.0,10.720390720390705,18.681318681318686,0.5982905982905984,0.0,0.0,0.0,0.0,0.0,0.0,0.0,0.0,0.0,0.0,0.0,0.0,0.0,0.0,0.0,0.0,0.4053,0.01329,0.0,0.0,0.0,0.0,0.0,0.0,0.0,0.0,0.0,0.0,0.025795356835769567,10.576096302665505,18.79191745485813,0.6061908856405848,0.0,0.0,0.0,0.0,0.0,0.0,0.0,0.0,0.0,0.0,0.0,0.0,0.0,0.0,0.0,0.0
83700,4939,2565,0.5193358979550516,1207,1018,0.45049605183235475,1380,0.5588175744077749,0.418,2.9717775905644483,3.0683802726015843,6.486567164179104,2.1667015665118243,8299.693815460709,429.7611248331806,7853.0,8732.785914951563,8713.125050510893,5.79637073521381,7853.0,0.0,28.449686171289734,21.02489508187376,33.31799664509945,19.230543607531178,0.1376796922453938,0.09617331443612068,0.09313626240129581,0.07734359182020652,0.0842275764324762,0.07612877100627657,0.0688398461226969,0.0643855031382871,0.05790645879732739,0.060336100425187285,0.04515084025106297,0.036039684146588376,0.03239522170479854,0.035634743875278395,0.018627252480259163,0.009313626240129581,0.0066815144766146995,0.9022791979404132,0.02282281105508546,0.0,0.0,0.0,0.0,0.0,0.0,0.0,0.0,0.0,0.0,0.0,0.0,0.0,0.0,0.0,0.0,0.0,0.0,0.0,0.0,0.0,0.0,0.0,0.0,0.012148208139299456,1.7979348046163195,12.172504555578055,13.302287912532904,2.6483093743672814,0.066815144766147,4.231507273290003,2.8416820882276266,nan,nan,nan,4.223724646588813,2.8776061626275715,4.239401496259352,2.8047508041205225,1.0037116173477831,0.4053,0.01328,0.0,0.0,0.0,0.0,0.0,0.0,0.0,0.0,0.0,0.0,0.03037052034824864,10.520348248633312,18.95120469730715,0.4980765337112777,0.0,0.0,0.0,0.0,0.0,0.0,0.0,0.0,0.0,0.0,0.0,0.0,0.0,0.0,0.0,0.0,nan,nan,4.231507273290003,2.8416820882276266,nan,0.4053,0.0627,0.0,0.0,0.0,0.0,0.0,0.0,0.0,0.0,0.0,0.0,0.0,0.0,0.0,0.0,0.0,0.0,0.0,0.0,0.0,0.0,9.11115610447459e-05,0.0,1.0123506782749544e-05,0.0,0.0027535938449078762,0.00023284065600323952,0.008716339339947358,0.005183235472767766,0.019609232638185866,0.05378619153674833,0.01574205304717554,0.0011642032800161977,0.013271917392184652,0.015661064992913545,0.019862320307754606,0.03223324559627455,0.04896740230815955,0.05596274549503948,0.03404535331038672,0.05600323952217048,0.11371735169062563,0.061905243976513466,0.07044948370115409,0.07581494229601134,0.05317878112978336,0.04055476817169468,0.061075116420328,0.02354727677667544,0.016116622798137276,0.023921846527637174,0.019923061348451104,0.017230208544239723,0.005497064183033002,0.005051629884592023,0.016329216440575015,0.0021259364243774045,0.004251872848754809,0.00010123506782749544,0.005912127961125734,0.0,0.0,0.0,0.0,0.0,0.0,0.0,0.0,0.0,0.0,0.0,0.0,0.0,0.0,0.0,0.0,0.0,0.0,0.0,0.0,0.0,0.0,0.0,0.0,0.0,0.0,0.0,0.0,0.0,0.0,0.0,0.0,0.0,0.0,0.0,0.0,0.0,0.0,0.0,0.0,0.0,0.0,nan,nan,4.231507273290003,2.8416820882276266,nan,0.9025632969120092,0.022898653411859392,0.0,0.0,0.0,0.0,0.0,0.0,0.0,0.0,0.0,0.0,0.0,0.0,0.0,0.0,0.0,0.0,0.0,0.0,0.0,0.0,0.0,0.0,0.0,0.0,0.01169590643274854,1.707602339181287,12.210526315789476,13.239766081871348,2.771929824561404,0.0584795321637427,0.9019722418064015,0.022736593092095764,0.0,0.0,0.0,0.0,0.0,0.0,0.0,0.0,0.0,0.0,0.0,0.0,0.0,0.0,0.0,0.0,0.0,0.0,0.0,0.0,0.0,0.0,0.0,0.0,0.012636899747262008,1.8955349620893012,12.131423757371527,13.369839932603204,2.5147430497051393,0.07582139848357204,0.4055,0.01325,0.0,0.0,0.0,0.0,0.0,0.0,0.0,0.0,0.0,0.0,0.03508771929824562,10.409356725146184,19.05263157894737,0.5029239766081872,0.0,0.0,0.0,0.0,0.0,0.0,0.0,0.0,0.0,0.0,0.0,0.0,0.0,0.0,0.0,0.0,0.4053,0.01331,0.0,0.0,0.0,0.0,0.0,0.0,0.0,0.0,0.0,0.0,0.025273799494524015,10.640269587194593,18.841617523167653,0.4928390901432183,0.0,0.0,0.0,0.0,0.0,0.0,0.0,0.0,0.0,0.0,0.0,0.0,0.0,0.0,0.0,0.0
83800,4832,2453,0.5076572847682119,1163,1005,0.44867549668874174,1408,0.5827814569536424,0.37399999999999994,2.9550231189575453,3.0292248555712984,6.451289398280802,2.06097726267908,8289.617146530241,430.0005547745493,7853.0,8729.888470315933,8713.0628014815,5.760116383300525,7853.0,0.0,29.265935430463575,21.245155627068197,33.9507759456838,19.455232301321754,0.12665562913907286,0.09747516556291391,0.08423013245033113,0.0871274834437086,0.07884933774834436,0.07698675496688742,0.07305463576158941,0.06394867549668874,0.05442880794701987,0.052152317880794705,0.05587748344370861,0.040769867549668874,0.03621688741721854,0.03125,0.020281456953642384,0.01179635761589404,0.008899006622516557,0.9018167461829865,0.02253942539749361,0.0,0.0,0.0,0.0,0.0,0.0,0.0,0.0,0.0,0.0,0.0,0.0,0.0,0.0,0.0,0.0,0.0,0.0,0.0,0.0,0.0,0.0,0.0,0.0,0.0310430463576159,1.7446192052980136,12.100579470198678,13.789321192052983,2.290976821192053,0.043460264900662265,4.146712158808933,2.7984179523891974,nan,nan,nan,4.207476635514019,2.8051921464359735,4.086473131562693,2.790380298851426,0.9712408375770949,0.4053,0.01332,0.0,0.0,0.0,0.0,0.0,0.0,0.0,0.0,0.0,0.0,0.02483443708609272,10.542218543046342,18.76862582781457,0.6643211920529803,0.0,0.0,0.0,0.0,0.0,0.0,0.0,0.0,0.0,0.0,0.0,0.0,0.0,0.0,0.0,0.0,nan,nan,4.146712158808933,2.7984179523891974,nan,0.4053,0.0629,0.0,0.0,0.0,0.0,0.0,0.0,0.0,0.0,0.0,0.0,0.0,0.0,0.0,0.0,0.0,0.0,0.0,0.0,0.0,0.0,3.1043046357615894e-05,2.0695364238410596e-05,1.0347682119205298e-05,0.0,0.003259519867549669,0.00012417218543046358,0.00959230132450331,0.005753311258278146,0.02040562913907285,0.05160389072847682,0.014517798013245034,0.001148592715231788,0.013803807947019868,0.01710471854304636,0.019888245033112584,0.03292632450331126,0.04797185430463576,0.05620860927152318,0.032822847682119204,0.05708816225165563,0.11244826158940398,0.06049254966887417,0.07181291390728477,0.07645902317880794,0.05361134105960265,0.039228062913907284,0.06126862582781457,0.021885347682119204,0.018015314569536423,0.023509933774834436,0.01939155629139073,0.01773592715231788,0.006456953642384106,0.004170115894039735,0.01705298013245033,0.002214403973509934,0.003994205298013245,0.00028973509933774837,0.005587748344370861,5.173841059602649e-05,0.0,0.0,4.139072847682119e-05,0.0,0.0,0.0,0.0,0.0,0.0,0.0,0.0,0.0,0.0,0.0,0.0,0.0,0.0,0.0,0.0,0.0,0.0,0.0,0.0,0.0,0.0,0.0,0.0,0.0,0.0,0.0,0.0,0.0,0.0,0.0,0.0,0.0,0.0,0.0,0.0,0.0,0.0,nan,nan,4.146712158808933,2.7984179523891974,nan,0.9023827640222035,0.022411884237386392,0.0,0.0,0.0,0.0,0.0,0.0,0.0,0.0,0.0,0.0,0.0,0.0,0.0,0.0,0.0,0.0,0.0,0.0,0.0,0.0,0.0,0.0,0.0,0.0,0.03668976763147167,1.6632694659600493,11.679576029351818,14.272319608642482,2.3114553607827153,0.03668976763147167,0.9012331220721838,0.022655379338226433,0.0,0.0,0.0,0.0,0.0,0.0,0.0,0.0,0.0,0.0,0.0,0.0,0.0,0.0,0.0,0.0,0.0,0.0,0.0,0.0,0.0,0.0,0.0,0.0,0.025220680958385883,1.8284993694829765,12.534678436317783,13.29129886506936,2.2698612862547294,0.05044136191677177,0.4053,0.01341,0.0,0.0,0.0,0.0,0.0,0.0,0.0,0.0,0.0,0.0,0.012229922543823893,10.51773338768853,18.748471259682024,0.7215654300856097,0.0,0.0,0.0,0.0,0.0,0.0,0.0,0.0,0.0,0.0,0.0,0.0,0.0,0.0,0.0,0.0,0.4053,0.01322,0.0,0.0,0.0,0.0,0.0,0.0,0.0,0.0,0.0,0.0,0.03783102143757882,10.567465321563667,18.78940731399748,0.6052963430012611,0.0,0.0,0.0,0.0,0.0,0.0,0.0,0.0,0.0,0.0,0.0,0.0,0.0,0.0,0.0,0.0
83900,4647,2371,0.5102216483752959,1115,958,0.4460942543576501,1306,0.5620830643425866,0.40199999999999997,2.9244288224956065,3.0881172676881166,6.641815235008104,2.04402166860951,8291.659109088798,429.80122288271025,7853.0,8730.51810734868,8712.742252187112,5.795086497508822,7853.0,0.0,27.821820529373788,20.87647206144682,32.637385086823286,19.213327742150643,0.13449537335915646,0.10630514310307726,0.09489993544222079,0.09016569829997848,0.07919087583387131,0.07596298687325156,0.0675704755756402,0.06563374219926835,0.05465891973316118,0.05035506778566817,0.04454486765655261,0.04131697869593286,0.029266193242952442,0.030557348827200344,0.018506563374219926,0.009253281687109963,0.0073165483107381106,0.9025045202987693,0.022648924994505576,0.0,0.0,0.0,0.0,0.0,0.0,0.0,0.0,0.0,0.0,0.0,0.0,0.0,0.0,0.0,0.0,0.0,0.0,0.0,0.0,0.0,0.0,0.0,0.0,0.01936733376371853,1.5687540348612012,11.930277598450617,13.7249838605552,2.7049709489993554,0.05164622336991609,4.330645161290323,2.895505715278036,nan,nan,nan,4.293172690763052,2.930656678727734,4.368421052631579,2.85913575945613,1.0175274481807888,0.404,0.01317,0.0,0.0,0.0,0.0,0.0,0.0,0.0,0.0,0.0,0.0,0.032278889606197556,11.63331181407358,17.882504841833445,0.45190445448676575,0.0,0.0,0.0,0.0,0.0,0.0,0.0,0.0,0.0,0.0,0.0,0.0,0.0,0.0,0.0,0.0,nan,nan,4.330645161290323,2.895505715278036,nan,0.404,0.0628,0.0,0.0,0.0,0.0,0.0,0.0,0.0,0.0,0.0,0.0,0.0,0.0,0.0,0.0,0.0,0.0,0.0,0.0,0.0,0.0,0.00017215407789972025,0.00011835592855605767,1.0759629868732516e-05,0.0,0.002958898213901442,0.00017215407789972025,0.008758338713148267,0.005853238648590489,0.02010974822466107,0.05568108457069077,0.01630083925112976,0.0007746933505487411,0.0136001721540779,0.0188293522702819,0.020378738971379384,0.033774478157951364,0.04619109102646869,0.05562728642134711,0.03152571551538627,0.05887669464170433,0.11460081773187003,0.06103938024531956,0.07382182052937379,0.07530664945125888,0.05421777490854315,0.03784161824833226,0.05735958683021304,0.02066924897783516,0.019302775984506134,0.02125026899074672,0.0193242952442436,0.017258446309446954,0.006401979771895847,0.0033892834086507425,0.017462879276952874,0.0021734452334839682,0.0036797934151065206,0.00015063481816225522,0.004669679363029912,8.607703894986012e-05,6.45577792123951e-05,0.0,0.00021519259737465033,0.0,0.0,0.0,0.0,0.0,0.0,0.0,0.0,0.0,0.0,0.0,0.0,0.0,0.0,0.0,0.0,0.0,0.0,0.0,0.0,0.0,0.0,0.0,0.0,0.0,0.0,0.0,0.0,0.0,0.0,0.0,0.0,0.0,0.0,0.0,0.0,0.0,0.0,nan,nan,4.330645161290323,2.895505715278036,nan,0.9020755941583255,0.022706868731006163,0.0,0.0,0.0,0.0,0.0,0.0,0.0,0.0,0.0,0.0,0.0,0.0,0.0,0.0,0.0,0.0,0.0,0.0,0.0,0.0,0.0,0.0,0.0,0.0,0.0126528890763391,1.6954871362294395,12.146773513285536,13.386756642766768,2.6950653732602285,0.0632644453816955,0.9029513497710856,0.022579741138292017,0.0,0.0,0.0,0.0,0.0,0.0,0.0,0.0,0.0,0.0,0.0,0.0,0.0,0.0,0.0,0.0,0.0,0.0,0.0,0.0,0.0,0.0,0.0,0.0,0.026362038664323382,1.4367311072056244,11.704745166959581,14.077328646748684,2.7152899824253085,0.03954305799648507,0.4043,0.013214,0.0,0.0,0.0,0.0,0.0,0.0,0.0,0.0,0.0,0.0,0.0506115563053564,11.324335723323475,18.131590046393928,0.4934626739772249,0.0,0.0,0.0,0.0,0.0,0.0,0.0,0.0,0.0,0.0,0.0,0.0,0.0,0.0,0.0,0.0,0.4038,0.01311,0.0,0.0,0.0,0.0,0.0,0.0,0.0,0.0,0.0,0.0,0.013181019332161691,11.955184534270632,17.623022847100177,0.4086115992970124,0.0,0.0,0.0,0.0,0.0,0.0,0.0,0.0,0.0,0.0,0.0,0.0,0.0,0.0,0.0,0.0
84000,4863,2530,0.5202549866337651,1171,1004,0.4472547809993831,1384,0.5691959695661114,0.40599999999999997,2.936990998714102,3.0385251512988054,6.461897356143079,2.0430120192428176,8300.225309504443,429.48146179440084,7853.0,8731.166769081354,8712.627146292532,5.847124473644569,7853.0,0.0,27.550894509562,20.59493075633148,32.537364798426744,18.82283833555791,0.13859757351429158,0.10590170676537117,0.0931523750771129,0.08574953732264035,0.08266502159161011,0.07608472136541229,0.06806498046473371,0.0612790458564672,0.06107341147439852,0.054287476866132015,0.044211392144766604,0.04112687641373638,0.030845157310302282,0.026115566522722598,0.015216944273082459,0.009253547193090685,0.006374665844129138,0.9017401247291243,0.02284664087392871,0.0,0.0,0.0,0.0,0.0,0.0,0.0,0.0,0.0,0.0,0.0,0.0,0.0,0.0,0.0,0.0,0.0,0.0,0.0,0.0,0.0,0.0,0.0,0.0,0.05552128315854412,1.7643429981492909,12.3874151758174,13.269586674892045,2.43059839605182,0.09253547193090687,4.243949661181026,2.8367189719856993,nan,nan,nan,4.286261980830671,2.8625325180666588,4.2007822685788785,2.809482808528934,0.980057282398024,0.4038,0.01323,0.0,0.0,0.0,0.0,0.0,0.0,0.0,0.0,0.0,0.0,0.043183220234423204,11.813695249845757,17.69278223318939,0.4503392967304134,0.0,0.0,0.0,0.0,0.0,0.0,0.0,0.0,0.0,0.0,0.0,0.0,0.0,0.0,0.0,0.0,nan,nan,4.243949661181026,2.8367189719856993,nan,0.4038,0.06244,0.0,0.0,0.0,0.0,0.0,0.0,0.0,0.0,0.0,0.0,0.0,0.0,0.0,0.0,0.0,0.0,0.0,0.0,0.0,0.0,6.169031462060457e-05,6.169031462060457e-05,1.0281719103434094e-05,0.0,0.002961135101789019,0.00015422578655151142,0.008646925765988073,0.005829734731647131,0.017509767633148262,0.05642607443964631,0.01662553979025293,0.0010178901912399753,0.01446637877853177,0.018178079374871477,0.021714990746452806,0.033672630063746656,0.04791281102200288,0.05549043800123381,0.03155459592843923,0.058657207485091505,0.11617314414970183,0.05849269997943656,0.07399753238741517,0.0738844334772774,0.05742340119267941,0.03790869833436151,0.05828706559736788,0.019123997532387416,0.01860991157721571,0.02124203166769484,0.01841455891425046,0.018465967509767634,0.006590581945301255,0.0033518404277195148,0.015813283981081637,0.002405922270203578,0.0037528274727534443,0.00026732469668928644,0.004462266090890397,0.00013366234834464322,0.0,0.0,0.00024676125848241827,0.0,0.0,0.0,0.0,0.0,0.0,0.0,0.0,0.0,0.0,0.0,0.0,0.0,0.0,0.0,0.0,0.0,0.0,0.0,0.0,0.0,0.0,0.0,0.0,0.0,0.0,0.0,0.0,0.0,0.0,0.0,0.0,0.0,0.0,0.0,0.0,0.0,0.0,nan,nan,4.243949661181026,2.8367189719856993,nan,0.9018248116074815,0.022756445155101987,0.0,0.0,0.0,0.0,0.0,0.0,0.0,0.0,0.0,0.0,0.0,0.0,0.0,0.0,0.0,0.0,0.0,0.0,0.0,0.0,0.0,0.0,0.0,0.0,0.0474308300395257,1.8142292490118581,12.332015810276683,13.245059288537552,2.466403162055337,0.0948616600790514,0.9016482868370354,0.02294369874640439,0.0,0.0,0.0,0.0,0.0,0.0,0.0,0.0,0.0,0.0,0.0,0.0,0.0,0.0,0.0,0.0,0.0,0.0,0.0,0.0,0.0,0.0,0.0,0.0,0.0642948992713245,1.7102443206172315,12.44749249892842,13.296185169309904,2.391770252893271,0.0900128589798543,0.404,0.0133,0.0,0.0,0.0,0.0,0.0,0.0,0.0,0.0,0.0,0.0,0.03557312252964427,11.620553359683777,17.940711462450597,0.4031620553359685,0.0,0.0,0.0,0.0,0.0,0.0,0.0,0.0,0.0,0.0,0.0,0.0,0.0,0.0,0.0,0.0,0.4038,0.01315,0.0,0.0,0.0,0.0,0.0,0.0,0.0,0.0,0.0,0.0,0.05143591941705959,12.02314616373766,17.423917702528936,0.501500214316331,0.0,0.0,0.0,0.0,0.0,0.0,0.0,0.0,0.0,0.0,0.0,0.0,0.0,0.0,0.0,0.0
84100,4892,2509,0.5128781684382666,1156,1020,0.4448078495502862,1383,0.5654129190515127,0.418,2.95048258497692,3.1159005628675405,6.592307692307692,2.2644277723289554,8293.927558901065,429.73337916522706,7853.0,8734.991050624847,8712.712083756081,5.780755557669492,7853.0,0.0,27.6107931316435,20.767504365130964,32.598290598290596,19.024732877452177,0.14309076042518398,0.09362224039247752,0.09873262469337694,0.08932951757972199,0.08319705641864268,0.07726901062959934,0.07154538021259199,0.06439084219133279,0.047424366312346686,0.05294358135731807,0.04578904333605887,0.03883892068683565,0.03413736713000818,0.026573998364677023,0.017375306623058053,0.008789860997547016,0.006950122649223222,0.9023703997581588,0.022089849717680615,0.0,0.0,0.0,0.0,0.0,0.0,0.0,0.0,0.0,0.0,0.0,0.0,0.0,0.0,0.0,0.0,0.0,0.0,0.0,0.0,0.0,0.0,0.0,0.0,0.0429272281275552,1.5699100572363045,12.001226492232218,13.982011447260836,2.3609975470155358,0.0429272281275552,4.2885777919185495,2.9361245233988615,nan,nan,nan,4.320025348542459,2.988930485858458,4.256869009584665,2.881552946832215,0.9853805628758399,0.404,0.0134,0.0,0.0,0.0,0.0,0.0,0.0,0.0,0.0,0.0,0.0,0.036794766966475885,11.571954210956648,17.96197874080131,0.429272281275552,0.0,0.0,0.0,0.0,0.0,0.0,0.0,0.0,0.0,0.0,0.0,0.0,0.0,0.0,0.0,0.0,nan,nan,4.2885777919185495,2.9361245233988615,nan,0.404,0.06226,0.0,0.0,0.0,0.0,0.0,0.0,0.0,0.0,0.0,0.0,0.0,0.0,0.0,0.0,0.0,0.0,0.0,0.0,0.0,0.0,9.19869174161897e-05,2.044153720359771e-05,3.066230580539657e-05,0.0,0.003740801308258381,8.176614881439084e-05,0.008861406377759607,0.00696034341782502,0.01732420278004906,0.05348528209321341,0.017630825838103024,0.0009811937857726902,0.012663532297628781,0.015658217497955845,0.024192559280457892,0.03399427636958299,0.04772076860179886,0.056551512673753065,0.03153107113654947,0.05825838103025348,0.1133994276369583,0.059638184791496324,0.07471381847914964,0.073170482420278,0.05710343417825021,0.040729762878168436,0.06043540474243663,0.01793744889615699,0.018417825020441536,0.021995094031071135,0.0187551103843009,0.018162305805396566,0.006112019623875716,0.0036488143908421913,0.015474243663123466,0.0018499591169255929,0.004159852820932134,0.00019419460343417824,0.004139411283728536,0.00010220768601798856,0.0,0.0,8.176614881439084e-05,0.0,0.0,0.0,0.0,0.0,0.0,0.0,0.0,0.0,0.0,0.0,0.0,0.0,0.0,0.0,0.0,0.0,0.0,0.0,0.0,0.0,0.0,0.0,0.0,0.0,0.0,0.0,0.0,0.0,0.0,0.0,0.0,0.0,0.0,0.0,0.0,0.0,0.0,nan,nan,4.2885777919185495,2.9361245233988615,nan,0.9022244879713853,0.022404668053966185,0.0,0.0,0.0,0.0,0.0,0.0,0.0,0.0,0.0,0.0,0.0,0.0,0.0,0.0,0.0,0.0,0.0,0.0,0.0,0.0,0.0,0.0,0.0,0.0,0.023913909924272624,1.7696293343961742,11.765643682742132,14.049422080510166,2.3196492626544445,0.07174172977281787,0.9025240265617739,0.02175240454147328,0.0,0.0,0.0,0.0,0.0,0.0,0.0,0.0,0.0,0.0,0.0,0.0,0.0,0.0,0.0,0.0,0.0,0.0,0.0,0.0,0.0,0.0,0.0,0.0,0.06294586655476292,1.359630717582879,12.249265631556865,13.911036508602605,2.4045321023919435,0.012589173310952584,0.4038,0.01354,0.0,0.0,0.0,0.0,0.0,0.0,0.0,0.0,0.0,0.0,0.04782781984854525,11.837385412514928,17.624551614188924,0.4902351534475888,0.0,0.0,0.0,0.0,0.0,0.0,0.0,0.0,0.0,0.0,0.0,0.0,0.0,0.0,0.0,0.0,0.404,0.013245,0.0,0.0,0.0,0.0,0.0,0.0,0.0,0.0,0.0,0.0,0.025178346621905167,11.292488459924447,18.31724716743601,0.36508602601762496,0.0,0.0,0.0,0.0,0.0,0.0,0.0,0.0,0.0,0.0,0.0,0.0,0.0,0.0,0.0,0.0
84200,4899,2506,0.5115329659114105,1178,999,0.44437640334762196,1395,0.5695039804041642,0.39399999999999996,2.972837442540744,3.0739074470123215,6.520684736091298,2.073867726866927,8292.63420839083,429.62863583611346,7853.0,8734.659115159511,8712.44452789572,5.896814631623551,7853.0,0.0,28.24984690753215,20.98983602721356,33.01736613603473,19.291895161414484,0.13717085119412126,0.09797917942437231,0.09471320677689324,0.09185548071034905,0.07511737089201878,0.06981016533986528,0.07103490508266994,0.0612369871402327,0.06225760359256991,0.05021432945499082,0.048785466421718715,0.04307001428863033,0.0332720963461931,0.02612778117983262,0.018779342723004695,0.012043274137579097,0.006531945294958155,0.9011713059660512,0.02283861944211488,0.0,0.0,0.0,0.0,0.0,0.0,0.0,0.0,0.0,0.0,0.0,0.0,0.0,0.0,0.0,0.0,0.0,0.0,0.0,0.0,0.0,0.0,0.0,0.0,0.04898958971218617,1.9289650949173305,12.449479485609311,13.294549908144523,2.173913043478261,0.10410287813839561,4.281486146095718,2.8742730646742403,nan,nan,nan,4.254728877679697,2.869490942350736,4.308999370673379,2.8795060792679057,1.0127553351938323,0.4036,0.01354,0.0,0.0,0.0,0.0,0.0,0.0,0.0,0.0,0.0,0.0,0.05511328842620944,11.959583588487428,17.5260257195346,0.45927740355174534,0.0,0.0,0.0,0.0,0.0,0.0,0.0,0.0,0.0,0.0,0.0,0.0,0.0,0.0,0.0,0.0,nan,nan,4.281486146095718,2.8742730646742403,nan,0.4036,0.06274,0.0,0.0,0.0,0.0,0.0,0.0,0.0,0.0,0.0,0.0,0.0,0.0,0.0,0.0,0.0,0.0,0.0,0.0,0.0,0.0,0.00015309246785058175,0.0,3.061849357011635e-05,0.00010206164523372117,0.0035211267605633804,5.1030822616860586e-05,0.010093896713615023,0.0068381302306593185,0.018360889977546438,0.054592774035517454,0.018350683813023065,0.001132884262094305,0.013268013880383752,0.01692182077975097,0.023749744845886916,0.03196570728720147,0.04666258420085732,0.0533680342927128,0.033966115533782405,0.05700142886303327,0.11529904062053481,0.05988977342314758,0.07323943661971831,0.07031026740151052,0.059246785058175135,0.0417636252296387,0.05910389875484793,0.016329863237395388,0.018677281077770974,0.021065523576240048,0.021463563992651563,0.019371300265360276,0.005888956929985712,0.0025821596244131454,0.015533782404572361,0.0016431924882629107,0.002765870585833844,0.00039804041641151253,0.004898958971218616,0.00025515411308430294,0.0,1.0206164523372116e-05,0.00013268013880383752,0.0,0.0,0.0,0.0,0.0,0.0,0.0,0.0,0.0,0.0,0.0,0.0,0.0,0.0,0.0,0.0,0.0,0.0,0.0,0.0,0.0,0.0,0.0,0.0,0.0,0.0,0.0,0.0,0.0,0.0,0.0,0.0,0.0,0.0,0.0,0.0,0.0,0.0,nan,nan,4.281486146095718,2.8742730646742403,nan,0.9013916928579783,0.023021374916635782,0.0,0.0,0.0,0.0,0.0,0.0,0.0,0.0,0.0,0.0,0.0,0.0,0.0,0.0,0.0,0.0,0.0,0.0,0.0,0.0,0.0,0.0,0.0,0.0,0.0598563447725459,1.8914604948124505,12.486033519553075,13.228252194732644,2.250598563447726,0.08379888268156427,0.9009405121711622,0.022643353898650742,0.0,0.0,0.0,0.0,0.0,0.0,0.0,0.0,0.0,0.0,0.0,0.0,0.0,0.0,0.0,0.0,0.0,0.0,0.0,0.0,0.0,0.0,0.0,0.0,0.037609694943585466,1.9682407020476393,12.411199331383203,13.363978269954035,2.0936063518595907,0.12536564981195156,0.4036,0.01356,0.0,0.0,0.0,0.0,0.0,0.0,0.0,0.0,0.0,0.0,0.07182761372705508,12.102952913008762,17.406225059856347,0.41899441340782134,0.0,0.0,0.0,0.0,0.0,0.0,0.0,0.0,0.0,0.0,0.0,0.0,0.0,0.0,0.0,0.0,0.4038,0.01353,0.0,0.0,0.0,0.0,0.0,0.0,0.0,0.0,0.0,0.0,0.037609694943585466,11.809444212285817,17.65148349352278,0.5014625992478062,0.0,0.0,0.0,0.0,0.0,0.0,0.0,0.0,0.0,0.0,0.0,0.0,0.0,0.0,0.0,0.0
84300,4812,2437,0.5064422277639236,1128,1022,0.4467996674979219,1390,0.5777223607647548,0.40599999999999997,2.9330526315789474,3.0652109307291555,6.520061728395062,2.138614411512248,8288.23805648241,429.68521544107034,7853.0,8731.555739039182,8712.403171027232,5.722468895908846,7853.0,0.0,27.603699085619287,20.72738606970701,32.463517190205295,19.051185131275897,0.1400665004156276,0.10058187863674148,0.09704904405652535,0.08915211970074813,0.07959268495428097,0.07315045719035744,0.07273482959268496,0.06587697423108894,0.05610972568578554,0.05382377389858686,0.03865336658354115,0.03719866999168745,0.035328345802161265,0.026392352452202825,0.018703241895261846,0.010182876142975894,0.005403158769742311,0.9007710321734373,0.02234983151747551,0.0,0.0,0.0,0.0,0.0,0.0,0.0,0.0,0.0,0.0,0.0,0.0,0.0,0.0,0.0,0.0,0.0,0.0,0.0,0.0,0.0,0.0,0.0,0.0,0.031172069825436414,1.8765586034912722,12.830423940149629,12.980049875311725,2.2568578553615963,0.024937655860349132,4.318595578673602,2.8675676437444144,nan,nan,nan,4.253770491803278,2.8545954689917594,4.382333978078659,2.8788425336118886,1.0302234186172277,0.4036,0.013214,0.0,0.0,0.0,0.0,0.0,0.0,0.0,0.0,0.0,0.0,0.024937655860349132,12.194513715710706,17.36907730673317,0.4114713216957607,0.0,0.0,0.0,0.0,0.0,0.0,0.0,0.0,0.0,0.0,0.0,0.0,0.0,0.0,0.0,0.0,nan,nan,4.318595578673602,2.8675676437444144,nan,0.4036,0.06247,0.0,0.0,0.0,0.0,0.0,0.0,0.0,0.0,0.0,0.0,0.0,0.0,0.0,0.0,0.0,0.0,0.0,0.0,0.0,0.0,7.273482959268495e-05,1.0390689941812136e-05,0.0,0.0001142975893599335,0.003491271820448878,0.00012468827930174563,0.010442643391521197,0.006431837073981712,0.019617622610141314,0.05521612635078969,0.018453865336658354,0.0014027431421446384,0.012375311720698254,0.015534081463009143,0.022558187863674146,0.029499168744804655,0.046124272651704074,0.051589775561097256,0.03461138819617623,0.05549667497921862,0.11987738985868662,0.062177888611803823,0.07453241895261846,0.07220490440565254,0.05945552784704904,0.04378636741479634,0.05715918536990856,0.016209476309226933,0.017861596009975063,0.020895677472984205,0.022308811305070658,0.018630507065669162,0.005184954280964256,0.0024937655860349127,0.013393599334995844,0.0018391521197007482,0.002982128013300083,0.0002909393183707398,0.005049875311720698,0.000457190357439734,0.0,0.0,4.1562759767248545e-05,0.0,0.0,0.0,0.0,0.0,0.0,0.0,0.0,0.0,0.0,0.0,0.0,0.0,0.0,0.0,0.0,0.0,0.0,0.0,0.0,0.0,0.0,0.0,0.0,0.0,0.0,0.0,0.0,0.0,0.0,0.0,0.0,0.0,0.0,0.0,0.0,0.0,0.0,nan,nan,4.318595578673602,2.8675676437444144,nan,0.9009239887623792,0.02225739176874941,0.0,0.0,0.0,0.0,0.0,0.0,0.0,0.0,0.0,0.0,0.0,0.0,0.0,0.0,0.0,0.0,0.0,0.0,0.0,0.0,0.0,0.0,0.0,0.0,0.03693065244152647,1.8465326220763236,12.839556832170704,13.048830529339355,2.2158391464915885,0.012310217480508825,0.9006140826124894,0.022443205080407303,0.0,0.0,0.0,0.0,0.0,0.0,0.0,0.0,0.0,0.0,0.0,0.0,0.0,0.0,0.0,0.0,0.0,0.0,0.0,0.0,0.0,0.0,0.0,0.0,0.02526315789473685,1.907368421052632,12.82105263157895,12.90947368421053,2.298947368421053,0.037894736842105266,0.4038,0.01307,0.0,0.0,0.0,0.0,0.0,0.0,0.0,0.0,0.0,0.0,0.02462043496101765,11.768567911366418,17.80057447681576,0.4062371768567912,0.0,0.0,0.0,0.0,0.0,0.0,0.0,0.0,0.0,0.0,0.0,0.0,0.0,0.0,0.0,0.0,0.4033,0.01334,0.0,0.0,0.0,0.0,0.0,0.0,0.0,0.0,0.0,0.0,0.02526315789473685,12.631578947368403,16.926315789473687,0.416842105263158,0.0,0.0,0.0,0.0,0.0,0.0,0.0,0.0,0.0,0.0,0.0,0.0,0.0,0.0,0.0,0.0
84400,4950,2556,0.5163636363636364,1192,1015,0.44585858585858584,1410,0.5696969696969697,0.39799999999999996,2.9131161236424394,3.0043082510872985,6.251076040172166,2.072246645361193,8296.692985689459,429.4219824739402,7853.0,8732.148805344104,8712.264584961977,5.743784327169964,7853.0,0.0,28.066666666666666,20.916225396769963,32.967602591792655,19.164180364921673,0.1391919191919192,0.09535353535353536,0.09676767676767677,0.09111111111111111,0.07777777777777778,0.07171717171717172,0.0701010101010101,0.06343434343434344,0.0602020202020202,0.049494949494949494,0.049494949494949494,0.03737373737373737,0.03494949494949495,0.026060606060606062,0.02,0.009898989898989899,0.007070707070707071,0.9000590028305246,0.02256606931360662,0.0,0.0,0.0,0.0,0.0,0.0,0.0,0.0,0.0,0.0,0.0,0.0,0.0,0.0,0.0,0.0,0.0,0.0,0.0,0.0,0.0,0.0,0.0,0.0060606060606060415,0.0484848484848485,2.042424242424243,12.672727272727276,13.212121212121215,1.975757575757576,0.042424242424242434,4.255712050078247,2.8272142294017053,nan,nan,nan,4.247183979974968,2.8560984012356094,4.264245460237946,2.797987515406016,1.004017127664688,0.4043,0.01351,0.0,0.0,0.0,0.0,0.0,0.0,0.0,0.0,0.0,0.0,0.05454545454545456,11.660606060606044,17.830303030303032,0.45454545454545464,0.0,0.0,0.0,0.0,0.0,0.0,0.0,0.0,0.0,0.0,0.0,0.0,0.0,0.0,0.0,0.0,nan,nan,4.255712050078247,2.8272142294017053,nan,0.4043,0.06287,0.0,0.0,0.0,0.0,0.0,0.0,0.0,0.0,0.0,0.0,0.0,0.0,0.0,0.0,0.0,0.0,0.0,0.0,0.0,0.0,0.00016161616161616162,3.0303030303030302e-05,0.0,0.00019191919191919191,0.003898989898989899,0.00021212121212121213,0.010404040404040403,0.006070707070707071,0.019989898989898988,0.05265656565656566,0.018323232323232325,0.001686868686868687,0.012373737373737374,0.015696969696969695,0.023505050505050504,0.030363636363636363,0.044797979797979795,0.04828282828282828,0.034656565656565656,0.05842424242424243,0.11690909090909091,0.06562626262626263,0.07106060606060606,0.07296969696969698,0.06026262626262626,0.04537373737373737,0.05568686868686869,0.013222222222222222,0.019535353535353534,0.02019191919191919,0.025333333333333333,0.019656565656565657,0.004575757575757576,0.002101010101010101,0.013282828282828283,0.002303030303030303,0.0038282828282828283,0.00032323232323232324,0.005606060606060606,0.0003636363636363636,0.0,0.0,1.0101010101010101e-05,4.0404040404040405e-05,1.0101010101010101e-05,0.0,0.0,0.0,0.0,0.0,0.0,0.0,0.0,0.0,0.0,0.0,0.0,0.0,0.0,0.0,0.0,0.0,0.0,0.0,0.0,0.0,0.0,0.0,0.0,0.0,0.0,0.0,0.0,0.0,0.0,0.0,0.0,0.0,0.0,0.0,0.0,nan,nan,4.255712050078247,2.8272142294017053,nan,0.8999935044136033,0.02233675108348389,0.0,0.0,0.0,0.0,0.0,0.0,0.0,0.0,0.0,0.0,0.0,0.0,0.0,0.0,0.0,0.0,0.0,0.0,0.0,0.0,0.0,0.0,0.0,0.011737089201877899,0.011737089201877937,1.9366197183098595,12.80516431924883,13.298122065727702,1.866197183098592,0.07042253521126762,0.9001289334711475,0.022808152945584987,0.0,0.0,0.0,0.0,0.0,0.0,0.0,0.0,0.0,0.0,0.0,0.0,0.0,0.0,0.0,0.0,0.0,0.0,0.0,0.0,0.0,0.0,0.0,0.0,0.08771929824561406,2.1553884711779454,12.531328320802007,13.120300751879702,2.092731829573935,0.012531328320802008,0.404,0.013565,0.0,0.0,0.0,0.0,0.0,0.0,0.0,0.0,0.0,0.0,0.058685446009389686,11.866197183098574,17.535211267605636,0.5399061032863851,0.0,0.0,0.0,0.0,0.0,0.0,0.0,0.0,0.0,0.0,0.0,0.0,0.0,0.0,0.0,0.0,0.4043,0.01345,0.0,0.0,0.0,0.0,0.0,0.0,0.0,0.0,0.0,0.0,0.05012531328320803,11.441102756892214,18.145363408521305,0.36340852130325824,0.0,0.0,0.0,0.0,0.0,0.0,0.0,0.0,0.0,0.0,0.0,0.0,0.0,0.0,0.0,0.0
84500,4806,2490,0.5181023720349563,1156,996,0.44777361631294216,1362,0.5667915106117354,0.40199999999999997,3.018134715025907,3.1218240055692177,6.750378214826021,2.0366581469736964,8298.089942323408,429.27674183573015,7853.0,8729.331063771247,8712.077213978433,5.719786888331266,7853.0,0.0,27.529962546816478,20.541925426996496,32.255240443896426,18.88483382223307,0.13545568039950062,0.10070744902205576,0.10341240116521015,0.08884727424053267,0.08031627132750728,0.07386600083229297,0.0688722430295464,0.06325426550145652,0.06158967956720766,0.04972950478568456,0.04307116104868914,0.041822721598002495,0.033707865168539325,0.024136496046608405,0.01706200582605077,0.0089471493965876,0.005201831044527674,0.8997612214316639,0.0224566760470192,0.0,0.0,0.0,0.0,0.0,0.0,0.0,0.0,0.0,0.0,0.0,0.0,0.0,0.0,0.0,0.0,0.0,0.0,0.0,0.0,0.0,0.0,0.0,0.0,0.04369538077403247,2.141073657927591,12.77777777777778,13.064918851435708,1.9225967540574287,0.04993757802746568,4.334096109839817,2.8879337626359964,nan,nan,nan,4.3173455978975035,2.874250410904227,4.350683148991542,2.901324690458188,1.0077217703188444,0.4036,0.01345,0.0,0.0,0.0,0.0,0.0,0.0,0.0,0.0,0.0,0.0,0.03121098626716605,11.928838951310844,17.590511860174786,0.4494382022471911,0.0,0.0,0.0,0.0,0.0,0.0,0.0,0.0,0.0,0.0,0.0,0.0,0.0,0.0,0.0,0.0,nan,nan,4.334096109839817,2.8879337626359964,nan,0.4036,0.06256,0.0,0.0,0.0,0.0,0.0,0.0,0.0,0.0,0.0,0.0,0.0,0.0,0.0,0.0,0.0,0.0,0.0,0.0,0.0,0.0,0.00042655014565126924,0.0,0.0,0.00012484394506866417,0.005441115272575947,0.00042655014565126924,0.010133166874739908,0.005732417811069496,0.02072409488139825,0.050540990428630875,0.018664169787765292,0.0019558884727424054,0.013150228880565959,0.015980024968789013,0.023533083645443195,0.029275905118601748,0.04239492301290054,0.04733666250520183,0.03626716604244694,0.05746982937994174,0.11669787765293384,0.06858094049105284,0.07332501040366209,0.07592592592592592,0.05832292967124428,0.04674365376612567,0.05659592176446109,0.01182896379525593,0.018435289221806074,0.019444444444444445,0.02497919267582189,0.018580940491052852,0.004931335830212235,0.0027985851019558883,0.011298377028714108,0.0020703287557220142,0.00465043695380774,0.00024968789013732833,0.004400749063670412,0.00038493549729504785,3.121098626716604e-05,0.0,0.0,0.00014565126924677486,0.0,0.0,0.0,0.0,0.0,0.0,0.0,0.0,0.0,0.0,0.0,0.0,0.0,0.0,0.0,0.0,0.0,0.0,0.0,0.0,0.0,0.0,0.0,0.0,0.0,0.0,0.0,0.0,0.0,0.0,0.0,0.0,0.0,0.0,0.0,0.0,0.0,nan,nan,4.334096109839817,2.8879337626359964,nan,0.8997135814413967,0.022310778161131327,0.0,0.0,0.0,0.0,0.0,0.0,0.0,0.0,0.0,0.0,0.0,0.0,0.0,0.0,0.0,0.0,0.0,0.0,0.0,0.0,0.0,0.0,0.0,0.0,0.04819277108433736,2.024096385542169,12.975903614457835,13.012048192771088,1.8915662650602414,0.04819277108433736,0.8998124405921843,0.022612373147001933,0.0,0.0,0.0,0.0,0.0,0.0,0.0,0.0,0.0,0.0,0.0,0.0,0.0,0.0,0.0,0.0,0.0,0.0,0.0,0.0,0.0,0.0,0.0,0.0,0.03886010362694301,2.2668393782383425,12.564766839378242,13.121761658031092,1.9559585492227982,0.051813471502590684,0.4036,0.01357,0.0,0.0,0.0,0.0,0.0,0.0,0.0,0.0,0.0,0.0,0.04819277108433736,12.180722891566248,17.289156626506028,0.4819277108433736,0.0,0.0,0.0,0.0,0.0,0.0,0.0,0.0,0.0,0.0,0.0,0.0,0.0,0.0,0.0,0.0,0.4038,0.01332,0.0,0.0,0.0,0.0,0.0,0.0,0.0,0.0,0.0,0.0,0.012953367875647671,11.658031088082884,17.914507772020727,0.4145077720207255,0.0,0.0,0.0,0.0,0.0,0.0,0.0,0.0,0.0,0.0,0.0,0.0,0.0,0.0,0.0,0.0
84600,4663,2424,0.5198370147973408,1125,965,0.4482093073128887,1299,0.557152048037744,0.434,2.8972755694506476,3.0730552103045614,6.610455311973019,2.1585608131945935,8299.518982049274,429.162615067216,7853.0,8731.331839048862,8711.95957644215,5.883720937436007,7853.0,0.0,27.609478876259917,20.850888878514564,32.77906676978603,19.05429522692779,0.1496890413896633,0.09328758310100793,0.09007076989062836,0.0920008578168561,0.09114304096075487,0.06819644006004719,0.07141325327042676,0.06004717992708557,0.05339909929230109,0.05254128243619987,0.0420330259489599,0.042461934377010506,0.033883765815998286,0.025948959897061977,0.016298520265923225,0.011151619129315891,0.0064336264207591675,0.8992393271441933,0.022847680697127344,0.0,0.0,0.0,0.0,0.0,0.0,0.0,0.0,0.0,0.0,0.0,0.0,0.0,0.0,0.0,0.0,0.0,0.0,0.0,0.0,0.0,0.0,0.0,0.0,0.0643362642075917,2.180999356637358,13.066695260561874,12.597040531846455,2.0844949603259706,0.006433626420759169,4.229152768512342,2.87773839467549,nan,nan,nan,4.262916939175932,2.905341981207045,4.1961852861035425,2.8480475933057114,0.9843460114225707,0.4038,0.01363,0.0,0.0,0.0,0.0,0.0,0.0,0.0,0.0,0.0,0.0,0.045035384945314186,11.86360711987989,17.544499249410254,0.5468582457645293,0.0,0.0,0.0,0.0,0.0,0.0,0.0,0.0,0.0,0.0,0.0,0.0,0.0,0.0,0.0,0.0,nan,nan,4.229152768512342,2.87773839467549,nan,0.4038,0.0626,0.0,0.0,0.0,0.0,0.0,0.0,0.0,0.0,0.0,0.0,0.0,0.0,0.0,0.0,0.0,0.0,0.0,0.0,0.0,0.0,0.00040746300664808063,0.0,2.144542140253056e-05,0.0001608406605189792,0.005618700407463007,0.0003645721638430195,0.009822003002358996,0.005683036671670598,0.02049110015011795,0.050868539566802484,0.017928372292515548,0.0023161055114733005,0.011687754664379156,0.015976838944885267,0.023568518121381086,0.029133604975337766,0.04165773107441561,0.04924941025091143,0.03508470941454,0.05925369933519194,0.11906497962684967,0.0682178854814497,0.07519837014797341,0.0744585031095861,0.05759167917649582,0.04562513403388377,0.056626635213381946,0.01228822646365001,0.018518121381085138,0.0188076345700193,0.02276431481878619,0.019086425048252198,0.004321252412609907,0.0026592322539137894,0.012191722067338623,0.002616341411108728,0.004578597469440274,0.00018228608192150976,0.005286296375723783,0.00039674029594681537,6.433626420759168e-05,0.0,0.0,0.0001608406605189792,0.0,0.0,0.0,0.0,0.0,0.0,0.0,0.0,0.0,0.0,0.0,0.0,0.0,0.0,0.0,0.0,0.0,0.0,0.0,0.0,0.0,0.0,0.0,0.0,0.0,0.0,0.0,0.0,0.0,0.0,0.0,0.0,0.0,0.0,0.0,0.0,0.0,nan,nan,4.229152768512342,2.87773839467549,nan,0.8988447406455236,0.023084476855916643,0.0,0.0,0.0,0.0,0.0,0.0,0.0,0.0,0.0,0.0,0.0,0.0,0.0,0.0,0.0,0.0,0.0,0.0,0.0,0.0,0.0,0.0,0.0,0.0,0.061881188118811895,2.2772277227722775,13.094059405940596,12.599009900990103,1.9554455445544559,0.012376237623762379,0.8996665168149283,0.02258074870498461,0.0,0.0,0.0,0.0,0.0,0.0,0.0,0.0,0.0,0.0,0.0,0.0,0.0,0.0,0.0,0.0,0.0,0.0,0.0,0.0,0.0,0.0,0.0,0.0,0.06699419383653418,2.0768200089325597,13.037070120589553,12.594908441268426,2.2242072353729347,0.0,0.4038,0.01364,0.0,0.0,0.0,0.0,0.0,0.0,0.0,0.0,0.0,0.0,0.049504950495049514,11.621287128712854,17.784653465346537,0.5445544554455446,0.0,0.0,0.0,0.0,0.0,0.0,0.0,0.0,0.0,0.0,0.0,0.0,0.0,0.0,0.0,0.0,0.4038,0.01363,0.0,0.0,0.0,0.0,0.0,0.0,0.0,0.0,0.0,0.0,0.040196516301920504,12.125949084412666,17.284502009825818,0.5493523894595803,0.0,0.0,0.0,0.0,0.0,0.0,0.0,0.0,0.0,0.0,0.0,0.0,0.0,0.0,0.0,0.0
84700,4782,2516,0.5261396905060645,1246,979,0.46528649100794645,1339,0.5600167294019239,0.41,2.976169461606355,3.059047693952751,6.549450549450549,2.046435929140181,8304.710909957592,428.7021043051759,7853.0,8729.64237704277,8711.537985459938,5.72851931786836,7853.0,0.0,28.349853617733167,20.81378519893258,33.33830845771144,18.93579030177022,0.13843580092011712,0.09410288582183186,0.08782936010037641,0.08176495190296947,0.08385612714345463,0.08051024675867838,0.07360936846507737,0.06231702216645755,0.06294437473860309,0.055834378920953574,0.040987034713508994,0.039523212045169384,0.035759096612296114,0.0273943956503555,0.01756587202007528,0.0123379339188624,0.0052279381012128815,0.8977665834125741,0.022226859935512655,0.0,0.0,0.0,0.0,0.0,0.0,0.0,0.0,0.0,0.0,0.0,0.0,0.0,0.0,0.0,0.0,0.0,0.0,0.0,0.0,0.0,0.0,0.0,0.006273525721455439,0.05018820577164367,2.4717691342534507,13.494353826850693,12.3525721455458,1.6185696361355086,0.006273525721455459,4.159392789373814,2.878175090471236,nan,nan,nan,4.1280913126188965,2.895355819809435,4.190536277602524,2.860638789945145,1.0151268371396591,0.4036,0.01333,0.0,0.0,0.0,0.0,0.0,0.0,0.0,0.0,0.0,0.0,0.03764115432873275,11.781681304893333,17.72898368883313,0.45169385194479306,0.0,0.0,0.0,0.0,0.0,0.0,0.0,0.0,0.0,0.0,0.0,0.0,0.0,0.0,0.0,0.0,nan,nan,4.159392789373814,2.878175090471236,nan,0.4036,0.063,0.0,0.0,0.0,0.0,0.0,0.0,0.0,0.0,0.0,0.0,0.0,0.0,0.0,0.0,0.0,0.0,0.0,0.0,0.0,0.0,0.0003032204098703471,0.0,0.0,0.00040777917189460477,0.005761187787536596,0.00038686741948975326,0.0099435382685069,0.0070472605604349646,0.02193642827268925,0.050177749895441236,0.018642827268925136,0.0024884985361773317,0.011051861145964032,0.015213299874529485,0.024404015056461732,0.02690296946884149,0.03948138854035968,0.04994772061898787,0.03475533249686324,0.059546214972814725,0.12116269343370975,0.06733584274362192,0.07524048515265579,0.073452530322041,0.05882475951484734,0.04471978251777499,0.057653701380175656,0.010926390631534923,0.01848598912588875,0.018370974487662065,0.02250104558762024,0.018736930154746968,0.004475115014638226,0.0030217482225010457,0.014063153492262651,0.002728983688833124,0.004035968214136345,0.00014638226683396068,0.005363864491844416,0.0002300292764533668,3.136762860727729e-05,0.0,0.0,9.410288582183188e-05,0.0,0.0,0.0,0.0,0.0,0.0,0.0,0.0,0.0,0.0,0.0,0.0,0.0,0.0,0.0,0.0,0.0,0.0,0.0,0.0,0.0,0.0,0.0,0.0,0.0,0.0,0.0,0.0,0.0,0.0,0.0,0.0,0.0,0.0,0.0,0.0,0.0,nan,nan,4.159392789373814,2.878175090471236,nan,0.8973213071521781,0.022117112713825996,0.0,0.0,0.0,0.0,0.0,0.0,0.0,0.0,0.0,0.0,0.0,0.0,0.0,0.0,0.0,0.0,0.0,0.0,0.0,0.0,0.0,0.0,0.0,0.011923688394276592,0.07154213036565979,2.4562798092209865,13.497615262321148,12.507949125596188,1.454689984101749,0.0,0.8982609854739847,0.02233768720853328,0.0,0.0,0.0,0.0,0.0,0.0,0.0,0.0,0.0,0.0,0.0,0.0,0.0,0.0,0.0,0.0,0.0,0.0,0.0,0.0,0.0,0.0,0.0,0.0,0.026478375992939104,2.4889673433362756,13.490732568402475,12.18005295675199,1.8005295675198592,0.013239187996469552,0.4036,0.01315,0.0,0.0,0.0,0.0,0.0,0.0,0.0,0.0,0.0,0.0,0.035771065182829895,11.947535771065166,17.635135135135137,0.38155802861685223,0.0,0.0,0.0,0.0,0.0,0.0,0.0,0.0,0.0,0.0,0.0,0.0,0.0,0.0,0.0,0.0,0.4038,0.01353,0.0,0.0,0.0,0.0,0.0,0.0,0.0,0.0,0.0,0.0,0.03971756398940866,11.59752868490731,17.833186231244486,0.5295675198587821,0.0,0.0,0.0,0.0,0.0,0.0,0.0,0.0,0.0,0.0,0.0,0.0,0.0,0.0,0.0,0.0
84800,4991,2566,0.5141254257663794,1176,1010,0.4379883790823482,1420,0.5690242436385494,0.418,3.043298969072165,3.181418577985213,6.766233766233766,2.1855256070610523,8294.382023952929,429.10363191364564,7853.0,8729.64996843934,8711.510398109534,5.74367360904481,7853.0,0.0,27.493287918252854,20.74503667900629,32.549207873259725,18.9822883587846,0.1452614706471649,0.09937888198757763,0.09597275095171308,0.09156481667000602,0.07473452213985174,0.06912442396313365,0.07373271889400922,0.06692045682228011,0.059507112803045485,0.05329593267882188,0.04067321178120617,0.039871769184532155,0.03305950711280305,0.022841114005209377,0.01642957323181727,0.010619114405930675,0.0070126227208976155,0.8972266410161918,0.022399218585379268,0.0,0.0,0.0,0.0,0.0,0.0,0.0,0.0,0.0,0.0,0.0,0.0,0.0,0.0,0.0,0.0,0.0,0.0,0.0,0.0,0.0,0.0,0.0,0.0,0.06611901422560611,2.6507713884992996,13.884992987377283,11.793227810058108,1.5928671608896017,0.012021638950110202,4.509050492219752,2.9486443785772565,nan,nan,nan,4.448164842240824,2.917857763454721,4.568295739348371,2.9771009687617918,1.0270068447029561,0.4038,0.01347,0.0,0.0,0.0,0.0,0.0,0.0,0.0,0.0,0.0,0.0,0.0300540973752755,11.763173712682812,17.719895812462436,0.4868763774794631,0.0,0.0,0.0,0.0,0.0,0.0,0.0,0.0,0.0,0.0,0.0,0.0,0.0,0.0,0.0,0.0,nan,nan,4.509050492219752,2.9486443785772565,nan,0.4038,0.0635,0.0,0.0,0.0,0.0,0.0,0.0,0.0,0.0,0.0,0.0,0.0,0.0,0.0,0.0,0.0,0.0,0.0,0.0,0.0,0.0,3.0054097375275497e-05,0.0,1.0018032458425165e-05,0.0004608294930875576,0.005890603085553997,0.0006411540773392106,0.010428771789220597,0.008445201362452415,0.022169905830494892,0.04884792626728111,0.01910438789821679,0.0022039671408535366,0.010098176718092567,0.013975155279503106,0.02645762372270086,0.026657984371869364,0.039541174113404125,0.0496794229613304,0.03380084151472651,0.059376878381085955,0.12191945501903426,0.06838308956121018,0.07300140252454418,0.07139851733119615,0.059687437387297135,0.04518132638749749,0.056431576838308954,0.011029853736726106,0.018843919054297737,0.019154478060508916,0.021628932077739933,0.01910438789821679,0.00482869164496093,0.003386094970947706,0.014676417551592867,0.0033259867761971547,0.0041875375676217194,0.000180324584251653,0.005479863754758565,0.000180324584251653,1.0018032458425165e-05,0.0,0.0,0.00016028851933480264,0.0,0.0,0.0,0.0,0.0,0.0,0.0,0.0,0.0,0.0,0.0,0.0,0.0,0.0,0.0,0.0,0.0,0.0,0.0,0.0,0.0,0.0,0.0,0.0,0.0,0.0,0.0,0.0,0.0,0.0,0.0,0.0,0.0,0.0,0.0,0.0,0.0,nan,nan,4.509050492219752,2.9486443785772565,nan,0.89697111556517,0.02251410368077788,0.0,0.0,0.0,0.0,0.0,0.0,0.0,0.0,0.0,0.0,0.0,0.0,0.0,0.0,0.0,0.0,0.0,0.0,0.0,0.0,0.0,0.0,0.0,0.0,0.03507404520654716,2.8059236165237733,14.088074824629777,11.340607950116917,1.718628215120811,0.011691348402182387,0.897497023823335,0.02227381664895759,0.0,0.0,0.0,0.0,0.0,0.0,0.0,0.0,0.0,0.0,0.0,0.0,0.0,0.0,0.0,0.0,0.0,0.0,0.0,0.0,0.0,0.0,0.0,0.0,0.09896907216494848,2.4865979381443304,13.670103092783508,12.27216494845361,1.45979381443299,0.01237113402061856,0.4038,0.01341,0.0,0.0,0.0,0.0,0.0,0.0,0.0,0.0,0.0,0.0,0.023382696804364774,12.018706157443475,17.525331254871396,0.43257989088074833,0.0,0.0,0.0,0.0,0.0,0.0,0.0,0.0,0.0,0.0,0.0,0.0,0.0,0.0,0.0,0.0,0.4038,0.013535,0.0,0.0,0.0,0.0,0.0,0.0,0.0,0.0,0.0,0.0,0.03711340206185568,11.492783505154623,17.925773195876292,0.5443298969072166,0.0,0.0,0.0,0.0,0.0,0.0,0.0,0.0,0.0,0.0,0.0,0.0,0.0,0.0,0.0,0.0
84900,4958,2544,0.5131101250504235,1199,1042,0.4519967728922953,1428,0.5760387252924566,0.38999999999999996,3.0381110190555094,3.1151933973940893,6.7082111436950145,2.1412489906304257,8293.48096014629,429.0992701857718,7853.0,8733.636903905868,8711.453066197055,5.8281674163333275,7853.0,0.0,28.003025413473175,20.75359655071852,32.69914244878514,19.08463270679619,0.13110125050423557,0.10387252924566358,0.09701492537313433,0.08188785800726099,0.08108108108108109,0.07563533682936668,0.07462686567164178,0.06474384832593788,0.058693021379588546,0.05385235982250908,0.04417103670835014,0.042960871319080274,0.03166599435256152,0.023396530859217425,0.017144009681323114,0.00826946349334409,0.009883017345703913,0.8968534452413156,0.022022395662742635,0.0,0.0,0.0,0.0,0.0,0.0,0.0,0.0,0.0,0.0,0.0,0.0,0.0,0.0,0.0,0.0,0.0,0.0,0.0,0.0,0.0,0.0,0.0,0.0,0.042355788624445355,2.662363856393708,13.953206938281568,11.962484872932636,1.3553852359822514,0.024203307785397345,4.278484942564421,2.8735753462497318,nan,nan,nan,4.274766355140187,2.8833854320523034,4.282178217821782,2.8637939952877773,1.0017338638105173,0.4036,0.01363,0.0,0.0,0.0,0.0,0.0,0.0,0.0,0.0,0.0,0.0,0.07260992335619203,12.283178701089131,17.12384025816862,0.5203711173860428,0.0,0.0,0.0,0.0,0.0,0.0,0.0,0.0,0.0,0.0,0.0,0.0,0.0,0.0,0.0,0.0,nan,nan,4.278484942564421,2.8735753462497318,nan,0.4036,0.0637,0.0,0.0,0.0,0.0,0.0,0.0,0.0,0.0,0.0,0.0,0.0,0.0,0.0,0.0,0.0,0.0,0.0,0.0,0.0,0.0,6.0508269463493345e-05,0.0,0.0,0.00037313432835820896,0.006555062525211779,0.0006756756756756757,0.010568777732956837,0.008682936668011294,0.02280153287615974,0.046843485276321095,0.019957644211375556,0.002581686163775716,0.008753529649052037,0.012555465913674868,0.029296087131908028,0.029094392900363048,0.03986486486486487,0.04709560306575232,0.03394513916901976,0.06292860024203308,0.1200685760387253,0.06991730536506656,0.07114764017749092,0.0678196853569988,0.058067769261799115,0.04520976200080678,0.056393707139975796,0.012192416296893908,0.019060104881000402,0.02029043969342477,0.02208551835417507,0.018576038725292458,0.004941508672851956,0.003983461073013312,0.014078257361839451,0.0035498184751916093,0.003943122226704316,0.0004033884630899556,0.0052339653085921745,0.00011093182734973779,0.0,1.0084711577248891e-05,3.0254134731746673e-05,0.00025211778943122227,0.0,0.0,0.0,0.0,0.0,0.0,0.0,0.0,0.0,0.0,0.0,0.0,0.0,0.0,0.0,0.0,0.0,0.0,0.0,0.0,0.0,0.0,0.0,0.0,0.0,0.0,0.0,0.0,0.0,0.0,0.0,0.0,0.0,0.0,0.0,0.0,0.0,nan,nan,4.278484942564421,2.8735753462497318,nan,0.8965709216939578,0.02235975710824991,0.0,0.0,0.0,0.0,0.0,0.0,0.0,0.0,0.0,0.0,0.0,0.0,0.0,0.0,0.0,0.0,0.0,0.0,0.0,0.0,0.0,0.0,0.0,0.0,0.035377358490566044,2.8301886792452837,13.891509433962266,11.780660377358494,1.4386792452830193,0.023584905660377364,0.8971511833956148,0.02165719263626053,0.0,0.0,0.0,0.0,0.0,0.0,0.0,0.0,0.0,0.0,0.0,0.0,0.0,0.0,0.0,0.0,0.0,0.0,0.0,0.0,0.0,0.0,0.0,0.0,0.04971002485501244,2.4855012427506216,14.018227009113508,12.15410107705054,1.267605633802817,0.02485501242750622,0.4038,0.013855,0.0,0.0,0.0,0.0,0.0,0.0,0.0,0.0,0.0,0.0,0.08254716981132078,12.110849056603756,17.193396226415096,0.6132075471698115,0.0,0.0,0.0,0.0,0.0,0.0,0.0,0.0,0.0,0.0,0.0,0.0,0.0,0.0,0.0,0.0,0.4033,0.0134,0.0,0.0,0.0,0.0,0.0,0.0,0.0,0.0,0.0,0.0,0.062137531068765545,12.464788732394348,17.050538525269264,0.42253521126760574,0.0,0.0,0.0,0.0,0.0,0.0,0.0,0.0,0.0,0.0,0.0,0.0,0.0,0.0,0.0,0.0
85000,4690,2411,0.5140724946695095,1136,965,0.44797441364605545,1331,0.567590618336887,0.414,2.954804738920579,3.073927849069515,6.546296296296297,2.151159288053508,8294.350242755796,429.11829308145565,7853.0,8729.475168281793,8711.536971598787,5.75826322895619,7853.0,0.0,27.873987206823028,20.909106403288927,32.8800916496945,19.16071567677426,0.14072494669509594,0.09637526652452026,0.09445628997867804,0.09530916844349681,0.07377398720682303,0.07953091684434968,0.07036247334754797,0.060127931769722816,0.051812366737739875,0.05650319829424307,0.0488272921108742,0.03859275053304904,0.029637526652452027,0.027931769722814498,0.018550106609808104,0.009381663113006396,0.00810234541577825,0.8965413449669698,0.022228515131230895,0.0,0.0,0.0,0.0,0.0,0.0,0.0,0.0,0.0,0.0,0.0,0.0,0.0,0.0,0.0,0.0,0.0,0.0,0.0,0.0,0.0,0.0,0.0,0.0,0.0959488272921109,2.539445628997868,14.226012793176976,11.565031982942434,1.5543710021321966,0.019189765458422176,4.2452018530774325,2.863616526667514,nan,nan,nan,4.226964769647696,2.8666107484345806,4.26261319534282,2.860646468280944,1.0084335753046967,0.4038,0.013084,0.0,0.0,0.0,0.0,0.0,0.0,0.0,0.0,0.0,0.0,0.05756929637526654,11.520255863539429,17.9680170575693,0.4541577825159916,0.0,0.0,0.0,0.0,0.0,0.0,0.0,0.0,0.0,0.0,0.0,0.0,0.0,0.0,0.0,0.0,nan,nan,4.2452018530774325,2.863616526667514,nan,0.4038,0.06323,0.0,0.0,0.0,0.0,0.0,0.0,0.0,0.0,0.0,0.0,0.0,0.0,0.0,0.0,0.0,0.0,0.0,0.0,0.0,0.0,7.462686567164179e-05,0.0,0.0,0.0003304904051172708,0.006940298507462687,0.0004797441364605544,0.010085287846481876,0.009317697228144989,0.022356076759061833,0.044658848614072495,0.020213219616204692,0.002046908315565032,0.010085287846481876,0.01232409381663113,0.029456289978678038,0.02748400852878465,0.03821961620469083,0.04717484008528785,0.03305970149253731,0.06321961620469083,0.12221748400852879,0.07305970149253731,0.07218550106609808,0.06775053304904051,0.05930703624733476,0.04261194029850746,0.055319829424307035,0.013720682302771856,0.017878464818763325,0.021769722814498935,0.024072494669509593,0.01767590618336887,0.00417910447761194,0.003773987206823028,0.015063965884861407,0.0030383795309168442,0.0040618336886993605,0.0004157782515991471,0.00417910447761194,6.396588486140725e-05,1.0660980810234541e-05,0.0,0.0,0.00011727078891257995,0.0,0.0,0.0,0.0,0.0,0.0,0.0,0.0,0.0,0.0,0.0,0.0,0.0,0.0,0.0,0.0,0.0,0.0,0.0,0.0,0.0,0.0,0.0,0.0,0.0,0.0,0.0,0.0,0.0,0.0,0.0,0.0,0.0,0.0,0.0,0.0,0.0,nan,nan,4.2452018530774325,2.863616526667514,nan,0.8968943637814674,0.022204359179946297,0.0,0.0,0.0,0.0,0.0,0.0,0.0,0.0,0.0,0.0,0.0,0.0,0.0,0.0,0.0,0.0,0.0,0.0,0.0,0.0,0.0,0.0,0.0,0.0,0.0995437577768561,2.4512650352550813,14.03566984653671,11.74616341766902,1.6549149730402326,0.012442969722107013,0.8961678792531682,0.022247944915724502,0.0,0.0,0.0,0.0,0.0,0.0,0.0,0.0,0.0,0.0,0.0,0.0,0.0,0.0,0.0,0.0,0.0,0.0,0.0,0.0,0.0,0.0,0.0,0.0,0.09214567792891622,2.6327336551118914,14.427380430013168,11.373409390083372,1.4480035103115405,0.026327336551118918,0.404,0.013115,0.0,0.0,0.0,0.0,0.0,0.0,0.0,0.0,0.0,0.0,0.024885939444214026,11.28577353795104,18.253836582330987,0.43550394027374545,0.0,0.0,0.0,0.0,0.0,0.0,0.0,0.0,0.0,0.0,0.0,0.0,0.0,0.0,0.0,0.0,0.4038,0.01305,0.0,0.0,0.0,0.0,0.0,0.0,0.0,0.0,0.0,0.0,0.09214567792891622,11.768319438350137,17.66564282580079,0.4738920579201405,0.0,0.0,0.0,0.0,0.0,0.0,0.0,0.0,0.0,0.0,0.0,0.0,0.0,0.0,0.0,0.0
85100,4862,2492,0.5125462772521596,1169,968,0.439531057178116,1384,0.5693130399012752,0.40599999999999997,3.048945147679325,3.1290339272156076,6.516528925619835,2.127253837293934,8292.97215323828,429.08669166947726,7853.0,8732.435416871309,8711.404738781905,5.708669152888545,7853.0,0.0,28.598519127930892,21.164525191003392,33.43377885783718,19.404416983729124,0.13615795968737146,0.09358288770053476,0.09358288770053476,0.08946935417523653,0.07383792677910325,0.08021390374331551,0.06705059646236117,0.06067461949814891,0.06108597285067873,0.05183052241875771,0.0516248457424928,0.036816125051419166,0.03537638831756479,0.028794734677087618,0.0195392842451666,0.012134923899629783,0.008227067050596462,0.8966056951545777,0.022265034910879257,0.0,0.0,0.0,0.0,0.0,0.0,0.0,0.0,0.0,0.0,0.0,0.0,0.0,0.0,0.0,0.0,0.0,0.0,0.0,0.0,0.0,0.0,0.0,0.0,0.06787330316742082,2.6470588235294126,13.988070752776638,11.772932949403542,1.505553270259153,0.018510900863842043,4.294099084884822,2.8620265287619406,nan,nan,nan,4.304862842892768,2.8588928142434034,4.283067092651757,2.8651928190031586,0.9949369466493003,0.4045,0.01317,0.0,0.0,0.0,0.0,0.0,0.0,0.0,0.0,0.0,0.0,0.03085150143973674,10.859728506787315,18.63430686960099,0.4751131221719458,0.0,0.0,0.0,0.0,0.0,0.0,0.0,0.0,0.0,0.0,0.0,0.0,0.0,0.0,0.0,0.0,nan,nan,4.294099084884822,2.8620265287619406,nan,0.4045,0.0633,0.0,0.0,0.0,0.0,0.0,0.0,0.0,0.0,0.0,0.0,0.0,0.0,0.0,0.0,0.0,0.0,0.0,0.0,0.0,0.0,4.113533525298231e-05,0.0,4.113533525298231e-05,0.00039078568490333196,0.007527766351295763,0.00030851501439736734,0.009985602632661456,0.009029206088029618,0.021678321678321677,0.04371657754010695,0.01995063759769642,0.00204648292883587,0.009481694775812424,0.013245577951460304,0.029802550390785686,0.028774167009461126,0.03671328671328671,0.04497120526532291,0.03273344302756068,0.06169271904566022,0.12017688194158782,0.07384821061291649,0.07299465240641712,0.06867544220485397,0.06068490333196216,0.04591731797614151,0.05365076100370218,0.013636363636363636,0.016567256273138625,0.021678321678321677,0.024341834635952284,0.019436445907034142,0.005357877416700946,0.0037947346770876183,0.01558000822706705,0.0029308926367749896,0.004524886877828055,0.00029823118058412175,0.003609625668449198,2.0567667626491154e-05,0.0,0.0,0.0,0.00014397367338543808,0.0,0.0,0.0,0.0,0.0,0.0,0.0,0.0,0.0,0.0,0.0,0.0,0.0,0.0,0.0,0.0,0.0,0.0,0.0,0.0,0.0,0.0,0.0,0.0,0.0,0.0,0.0,0.0,0.0,0.0,0.0,0.0,0.0,0.0,0.0,0.0,0.0,nan,nan,4.294099084884822,2.8620265287619406,nan,0.895950154713796,0.022089849870595108,0.0,0.0,0.0,0.0,0.0,0.0,0.0,0.0,0.0,0.0,0.0,0.0,0.0,0.0,0.0,0.0,0.0,0.0,0.0,0.0,0.0,0.0,0.0,0.0,0.108346709470305,2.60032102728732,14.422150882825044,11.569020866773679,1.2881219903691818,0.012038523274478333,0.8972949807150957,0.02242710666747683,0.0,0.0,0.0,0.0,0.0,0.0,0.0,0.0,0.0,0.0,0.0,0.0,0.0,0.0,0.0,0.0,0.0,0.0,0.0,0.0,0.0,0.0,0.0,0.0,0.025316455696202538,2.69620253164557,13.531645569620256,11.987341772151902,1.7341772151898738,0.025316455696202538,0.4043,0.01317,0.0,0.0,0.0,0.0,0.0,0.0,0.0,0.0,0.0,0.0,0.04815409309791333,10.943017656500787,18.563402889245587,0.4454253611556983,0.0,0.0,0.0,0.0,0.0,0.0,0.0,0.0,0.0,0.0,0.0,0.0,0.0,0.0,0.0,0.0,0.4048,0.01316,0.0,0.0,0.0,0.0,0.0,0.0,0.0,0.0,0.0,0.0,0.012658227848101269,10.772151898734162,18.708860759493675,0.5063291139240508,0.0,0.0,0.0,0.0,0.0,0.0,0.0,0.0,0.0,0.0,0.0,0.0,0.0,0.0,0.0,0.0
85200,4825,2507,0.5195854922279792,1185,980,0.44870466321243524,1366,0.5662176165803109,0.418,3.0474547023295946,3.167238189533957,6.731743666169896,2.1925608746706406,8298.981798303192,428.86182565956676,7853.0,8735.602230662107,8711.341514484604,5.809761131661402,7853.0,0.0,28.414300518134716,21.021591728773615,33.29420432220039,19.246638412518198,0.1355440414507772,0.10196891191709845,0.08580310880829016,0.09098445595854922,0.07813471502590674,0.0727461139896373,0.06632124352331606,0.0661139896373057,0.06217616580310881,0.0522279792746114,0.04683937823834197,0.043730569948186526,0.03606217616580311,0.024248704663212436,0.01782383419689119,0.012435233160621761,0.006839378238341969,0.8959137125336445,0.02245866186414113,0.0,0.0,0.0,0.0,0.0,0.0,0.0,0.0,0.0,0.0,0.0,0.0,0.0,0.0,0.0,0.0,0.0,0.0,0.0,0.0,0.0,0.0,0.0,0.0,0.09326424870466324,2.8227979274611408,14.31295336787565,11.396891191709848,1.324352331606218,0.04974093264248706,4.348489666136725,3.0031279573325884,nan,nan,nan,4.421185372005044,2.9880645479029053,4.2734274711168165,3.0172290777534134,0.9665795734727997,0.404,0.013664,0.0,0.0,0.0,0.0,0.0,0.0,0.0,0.0,0.0,0.0,0.03108808290155441,11.527461139896356,17.819689119170988,0.6217616580310882,0.0,0.0,0.0,0.0,0.0,0.0,0.0,0.0,0.0,0.0,0.0,0.0,0.0,0.0,0.0,0.0,nan,nan,4.348489666136725,3.0031279573325884,nan,0.404,0.0639,0.0,0.0,0.0,0.0,0.0,0.0,0.0,0.0,0.0,0.0,0.0,0.0,0.0,0.0,0.0,0.0,0.0,0.0,0.0,0.0,6.217616580310881e-05,0.0,6.217616580310881e-05,0.0004455958549222798,0.007740932642487047,0.0003523316062176166,0.011979274611398964,0.008746113989637306,0.021854922279792747,0.04290155440414508,0.020735751295336786,0.002310880829015544,0.01089119170984456,0.013948186528497409,0.028797927461139898,0.02699481865284974,0.03831088082901554,0.04608290155440414,0.03246632124352332,0.058756476683937825,0.1192020725388601,0.07413471502590674,0.07104663212435233,0.0689740932642487,0.06144041450777202,0.04631088082901554,0.05417616580310881,0.012238341968911918,0.015803108808290157,0.02128497409326425,0.025471502590673576,0.019295336787564767,0.005088082901554404,0.0041761658031088085,0.016580310880829015,0.00216580310880829,0.005430051813471503,0.0001761658031088083,0.0034922279792746116,0.0,2.072538860103627e-05,0.0,0.0,5.1813471502590674e-05,0.0,0.0,0.0,0.0,0.0,0.0,0.0,0.0,0.0,0.0,0.0,0.0,0.0,0.0,0.0,0.0,0.0,0.0,0.0,0.0,0.0,0.0,0.0,0.0,0.0,0.0,0.0,0.0,0.0,0.0,0.0,0.0,0.0,0.0,0.0,0.0,0.0,nan,nan,4.348489666136725,3.0031279573325884,nan,0.8959507338545167,0.022646615241187232,0.0,0.0,0.0,0.0,0.0,0.0,0.0,0.0,0.0,0.0,0.0,0.0,0.0,0.0,0.0,0.0,0.0,0.0,0.0,0.0,0.0,0.0,0.0,0.0,0.1196649381731153,2.7881930594335866,14.287993617869967,11.439968089349824,1.2923813322696454,0.07179896290386918,0.8958736726495086,0.022253527424368907,0.0,0.0,0.0,0.0,0.0,0.0,0.0,0.0,0.0,0.0,0.0,0.0,0.0,0.0,0.0,0.0,0.0,0.0,0.0,0.0,0.0,0.0,0.0,0.0,0.0647109577221743,2.8602243313201043,14.339948231233825,11.350301984469374,1.3589301121656605,0.02588438308886972,0.404,0.01371,0.0,0.0,0.0,0.0,0.0,0.0,0.0,0.0,0.0,0.0,0.047865975269246124,11.631431990426787,17.662544874351816,0.6581571599521342,0.0,0.0,0.0,0.0,0.0,0.0,0.0,0.0,0.0,0.0,0.0,0.0,0.0,0.0,0.0,0.0,0.4043,0.013626,0.0,0.0,0.0,0.0,0.0,0.0,0.0,0.0,0.0,0.0,0.01294219154443486,11.41501294219153,17.989646246764455,0.5823986194995687,0.0,0.0,0.0,0.0,0.0,0.0,0.0,0.0,0.0,0.0,0.0,0.0,0.0,0.0,0.0,0.0
85300,4632,2386,0.5151122625215889,1122,943,0.44581174438687393,1287,0.555699481865285,0.422,3.0026714158504006,3.180387357713614,6.7944078947368425,2.110944610692416,8295.064679389474,428.91986151636587,7853.0,8732.071188265085,8711.190945067912,5.832543705562411,7853.0,0.0,27.730354058721936,20.805187613995976,32.60872913992298,19.09431831299719,0.13903281519861832,0.1040587219343696,0.09563903281519862,0.08484455958549222,0.08052677029360968,0.0729706390328152,0.06498272884283247,0.06778929188255613,0.06239205526770294,0.051381692573402415,0.04598445595854922,0.04015544041450777,0.03065630397236615,0.025043177892918825,0.01683937823834197,0.010578583765112263,0.007124352331606218,0.8950570570063715,0.022570235532542303,0.0,0.0,0.0,0.0,0.0,0.0,0.0,0.0,0.0,0.0,0.0,0.0,0.0,0.0,0.0,0.0,0.0,0.0,0.0,0.0,0.0,0.0,0.0,0.0,0.09715025906735754,2.9080310880829026,14.637305699481868,11.003886010362697,1.3277202072538865,0.025906735751295342,4.338856949611093,2.95716604598052,nan,nan,nan,4.372812920592194,2.9832937303968214,4.30455472467709,2.9301359104429516,0.9843903233102733,0.404,0.01423,0.0,0.0,0.0,0.0,0.0,0.0,0.0,0.0,0.0,0.0,0.1424870466321244,11.612694300518118,17.655440414507776,0.589378238341969,0.0,0.0,0.0,0.0,0.0,0.0,0.0,0.0,0.0,0.0,0.0,0.0,0.0,0.0,0.0,0.0,nan,nan,4.338856949611093,2.95716604598052,nan,0.404,0.0641,0.0,0.0,0.0,0.0,0.0,0.0,0.0,0.0,0.0,0.0,0.0,0.0,0.0,0.0,0.0,0.0,0.0,2.158894645941278e-05,0.0,0.0,7.556131260794473e-05,2.158894645941278e-05,0.00014032815198618308,0.0004533678756476684,0.008527633851468049,0.0004641623488773748,0.0114853195164076,0.008711139896373057,0.021761658031088083,0.043674438687392056,0.01934369602763385,0.0026986183074265975,0.010880829015544042,0.013655008635578584,0.031055699481865286,0.026921416234887738,0.0402094127806563,0.045325993091537134,0.03213514680483592,0.057815198618307424,0.11845854922279793,0.07341321243523316,0.06867443868739205,0.06867443868739205,0.06349309153713299,0.0459412780656304,0.0550626079447323,0.012640328151986183,0.014194732297063903,0.021783246977547497,0.026025474956822107,0.019419257340241795,0.00535405872193437,0.003961571675302245,0.015716753022452505,0.0020833333333333333,0.005613126079447323,0.0002266839378238342,0.0038860103626943004,0.0,0.0,0.0,0.0,0.0,0.0,0.0,0.0,0.0,0.0,0.0,0.0,0.0,0.0,0.0,0.0,0.0,0.0,0.0,0.0,0.0,0.0,0.0,0.0,0.0,0.0,0.0,0.0,0.0,0.0,0.0,0.0,0.0,0.0,0.0,0.0,0.0,0.0,0.0,0.0,0.0,0.0,nan,nan,4.338856949611093,2.95716604598052,nan,0.8949631471046359,0.02239174748223739,0.0,0.0,0.0,0.0,0.0,0.0,0.0,0.0,0.0,0.0,0.0,0.0,0.0,0.0,0.0,0.0,0.0,0.0,0.0,0.0,0.0,0.0,0.0,0.0,0.08801341156747697,2.9170159262363797,14.76110645431685,10.838222967309306,1.370494551550713,0.025146689019279134,0.8951568205974406,0.022757891395048455,0.0,0.0,0.0,0.0,0.0,0.0,0.0,0.0,0.0,0.0,0.0,0.0,0.0,0.0,0.0,0.0,0.0,0.0,0.0,0.0,0.0,0.0,0.0,0.0,0.10685663401602852,2.8984861976847736,14.505788067675871,11.179875333926985,1.2822796081923422,0.02671415850400713,0.4043,0.01379,0.0,0.0,0.0,0.0,0.0,0.0,0.0,0.0,0.0,0.0,0.16345347862531437,11.278290025146672,18.04274937133278,0.5155071248952222,0.0,0.0,0.0,0.0,0.0,0.0,0.0,0.0,0.0,0.0,0.0,0.0,0.0,0.0,0.0,0.0,0.4038,0.01467,0.0,0.0,0.0,0.0,0.0,0.0,0.0,0.0,0.0,0.0,0.12021371326803208,11.967943009795174,17.243989314336602,0.6678539626001782,0.0,0.0,0.0,0.0,0.0,0.0,0.0,0.0,0.0,0.0,0.0,0.0,0.0,0.0,0.0,0.0
85400,4678,2437,0.5209491235570757,1150,916,0.44164172723386064,1269,0.5425395468148781,0.426,2.936189201249442,3.100853839875225,6.506389776357827,2.259687855148799,8299.973986026482,428.6435505479908,7853.0,8734.966824167966,8710.999305142339,5.823690590361731,7853.0,0.0,28.21889696451475,20.98348181515311,33.050658561296856,19.275017745519886,0.13467293715262932,0.1013253527148354,0.09726378794356563,0.08272766139375802,0.0814450619923044,0.07374946558358272,0.06776400171013254,0.06327490380504489,0.05643437366395896,0.05493800769559641,0.04809747755451047,0.040188114578879865,0.033561351004702866,0.028430953398888414,0.019025224454895254,0.010260795211628902,0.006840530141085934,0.89422953028157,0.02246688157196649,0.0,0.0,0.0,0.0,0.0,0.0,0.0,0.0,0.0,0.0,0.0,0.0,0.0,0.0,0.0,0.0,0.0,0.0,0.0,0.0,0.0,0.0,0.0,0.0,0.08336896109448484,3.2449764856776406,14.698589140658404,10.748182984181277,1.199230440359128,0.02565198802907226,4.184437086092715,2.882021718592556,nan,nan,nan,4.125911199469847,2.9058653776757746,4.242885506287227,2.8568147441844043,1.028351145034922,0.4043,0.01378,0.0,0.0,0.0,0.0,0.0,0.0,0.0,0.0,0.0,0.0,0.03847798204360839,11.49850363403162,17.879435656263365,0.5835827276613939,0.0,0.0,0.0,0.0,0.0,0.0,0.0,0.0,0.0,0.0,0.0,0.0,0.0,0.0,0.0,0.0,nan,nan,4.184437086092715,2.882021718592556,nan,0.4043,0.06464,0.0,0.0,0.0,0.0,0.0,0.0,0.0,0.0,0.0,0.0,0.0,0.0,0.0,0.0,0.0,0.0,0.0,0.0,0.0,0.0,4.275331338178709e-05,4.275331338178709e-05,0.0003847798204360838,0.0003099615220179564,0.008058999572466866,0.0004595981188542112,0.012334330910645576,0.008614792646430098,0.02115220179563916,0.043351859769132105,0.01920692603676785,0.00337751175716118,0.011864044463445918,0.016342454040188116,0.029457032920051304,0.026966652415562207,0.040177426250534415,0.04480547242411287,0.029777682770414707,0.05625267208208636,0.11916417272338606,0.07244548952543822,0.0658828559213339,0.06973065412569474,0.06607524583155194,0.04483753740914921,0.05576100897819581,0.011596836254809747,0.015102607952116289,0.0218469431380932,0.025053441641727233,0.019495510902094913,0.005803762291577598,0.003986746472851646,0.017967079948696025,0.0017208208636169302,0.006220607097050021,0.00013894826849080805,0.004189824711415134,0.0,0.0,0.0,0.0,0.0,0.0,0.0,0.0,0.0,0.0,0.0,0.0,0.0,0.0,0.0,0.0,0.0,0.0,0.0,0.0,0.0,0.0,0.0,0.0,0.0,0.0,0.0,0.0,0.0,0.0,0.0,0.0,0.0,0.0,0.0,0.0,0.0,0.0,0.0,0.0,0.0,0.0,nan,nan,4.184437086092715,2.882021718592556,nan,0.8941156449110527,0.022163249260905633,0.0,0.0,0.0,0.0,0.0,0.0,0.0,0.0,0.0,0.0,0.0,0.0,0.0,0.0,0.0,0.0,0.0,0.0,0.0,0.0,0.0,0.0,0.0,0.0,0.0984817398440706,3.188346327451786,14.698399671727536,10.894542470250311,1.1079195732457943,0.012310217480508825,0.8943533761753455,0.022791833445220958,0.0,0.0,0.0,0.0,0.0,0.0,0.0,0.0,0.0,0.0,0.0,0.0,0.0,0.0,0.0,0.0,0.0,0.0,0.0,0.0,0.0,0.0,0.0,0.0,0.06693440428380189,3.3065595716198133,14.698795180722895,10.589022757697458,1.2985274431057565,0.04016064257028113,0.4043,0.01372,0.0,0.0,0.0,0.0,0.0,0.0,0.0,0.0,0.0,0.0,0.02462043496101765,11.53467377923675,17.91136643414034,0.5293393516618794,0.0,0.0,0.0,0.0,0.0,0.0,0.0,0.0,0.0,0.0,0.0,0.0,0.0,0.0,0.0,0.0,0.4043,0.01383,0.0,0.0,0.0,0.0,0.0,0.0,0.0,0.0,0.0,0.0,0.05354752342704151,11.459170013386865,17.84471218206158,0.6425702811244981,0.0,0.0,0.0,0.0,0.0,0.0,0.0,0.0,0.0,0.0,0.0,0.0,0.0,0.0,0.0,0.0
85500,4911,2510,0.5110975361433516,1189,1018,0.44939930767664427,1402,0.5709631439625331,0.38999999999999996,2.969179508538109,3.095570540214301,6.516176470588236,2.273188373325633,8291.642121337565,429.0332132190452,7853.0,8731.28886514306,8711.23564059314,5.952059599229531,7853.0,0.0,28.264508246792914,20.670364766840983,32.979582032188326,18.90778959688318,0.13500305436774587,0.0946854001221747,0.0916310323762981,0.08898391366320504,0.07819181429444105,0.07839543881083283,0.06862146202402769,0.06658521686010996,0.06068010588474852,0.056811240073304826,0.0462227652209326,0.041335776827530035,0.03420891875381796,0.023824068417837508,0.018937080024434942,0.01201384646711464,0.003868865811443698,0.8951528304780095,0.02234641113995548,0.0,0.0,0.0,0.0,0.0,0.0,0.0,0.0,0.0,0.0,0.0,0.0,0.0,0.0,0.0,0.0,0.0,0.0,0.0,0.0,0.0,0.0,0.0,0.0,0.10995723885155775,2.987171655467319,14.410507025045819,11.264508246792916,1.1973121563836289,0.03054367745876604,4.242272869185139,2.8712619078269794,nan,nan,nan,4.220886075949367,2.8903933812569034,4.262638717632552,2.853180446424182,1.0098919139090468,0.4045,0.01422,0.0,0.0,0.0,0.0,0.0,0.0,0.0,0.0,0.0,0.0,0.06108735491753208,11.490531459987766,17.550397067806966,0.8979841172877217,0.0,0.0,0.0,0.0,0.0,0.0,0.0,0.0,0.0,0.0,0.0,0.0,0.0,0.0,0.0,0.0,nan,nan,4.242272869185139,2.8712619078269794,nan,0.4045,0.0647,0.0,0.0,0.0,0.0,0.0,0.0,0.0,0.0,0.0,0.0,0.0,0.0,0.0,0.0,0.0,0.0,0.0,0.0,0.0,0.0,0.0,6.108735491753207e-05,0.00036652412950519245,0.00016289961311341885,0.008572592140093668,0.0005497861942577886,0.012024027692934229,0.007534107106495622,0.02124821828548157,0.04318875992669517,0.01826511912034209,0.003207086133170434,0.012757075951944615,0.016432498472816127,0.030248421909997963,0.02728568519649766,0.04126450824679291,0.045479535736102625,0.02950519242516799,0.05473427000610873,0.12085115047851762,0.07120749338220322,0.06261453879047037,0.06817348808796579,0.06479332111586235,0.04852372225615964,0.05568112400733048,0.012044390144573407,0.015536550600692324,0.022979026674811647,0.024750559967420076,0.019446141315414375,0.006648340460191407,0.0033394420688250864,0.01787823253919772,0.0020464263897373245,0.006078191814294441,0.0003257992262268377,0.004184483811850947,0.0,0.0,0.0,1.0181225819588678e-05,0.0,0.0,0.0,0.0,0.0,0.0,0.0,0.0,0.0,0.0,0.0,0.0,0.0,0.0,0.0,0.0,0.0,0.0,0.0,0.0,0.0,0.0,0.0,0.0,0.0,0.0,0.0,0.0,0.0,0.0,0.0,0.0,0.0,0.0,0.0,0.0,0.0,0.0,nan,nan,4.242272869185139,2.8712619078269794,nan,0.8947943566329926,0.022631785607603917,0.0,0.0,0.0,0.0,0.0,0.0,0.0,0.0,0.0,0.0,0.0,0.0,0.0,0.0,0.0,0.0,0.0,0.0,0.0,0.0,0.0,0.0,0.0,0.0,0.09561752988047811,3.227091633466136,14.378486055776895,11.067729083665341,1.1952191235059764,0.035856573705179286,0.89552757822936,0.02203789872135074,0.0,0.0,0.0,0.0,0.0,0.0,0.0,0.0,0.0,0.0,0.0,0.0,0.0,0.0,0.0,0.0,0.0,0.0,0.0,0.0,0.0,0.0,0.0,0.0,0.1249479383590171,2.736359850062475,14.443981674302377,11.470220741357771,1.1995002082465642,0.024989587671803423,0.4048,0.01419,0.0,0.0,0.0,0.0,0.0,0.0,0.0,0.0,0.0,0.0,0.059760956175298814,11.282868525896399,17.749003984063748,0.908366533864542,0.0,0.0,0.0,0.0,0.0,0.0,0.0,0.0,0.0,0.0,0.0,0.0,0.0,0.0,0.0,0.0,0.4045,0.01425,0.0,0.0,0.0,0.0,0.0,0.0,0.0,0.0,0.0,0.0,0.06247396917950855,11.707621824239883,17.342773844231573,0.8871303623490214,0.0,0.0,0.0,0.0,0.0,0.0,0.0,0.0,0.0,0.0,0.0,0.0,0.0,0.0,0.0,0.0
85600,4988,2537,0.5086206896551724,1239,1004,0.44967923015236566,1395,0.5593424218123496,0.40599999999999997,2.944512443900449,3.0947537036868145,6.531700288184438,2.1408617516915527,8289.571179833223,429.1285314288353,7853.0,8728.936561995744,8711.343336621248,5.903879327884034,7853.0,0.0,27.8827185244587,20.719343061301494,32.70480494766889,18.995696987199743,0.13953488372093023,0.09763432237369687,0.0954290296712109,0.08380112269446673,0.08239775461106656,0.07618283881315156,0.07097032878909383,0.06575781876503609,0.058941459502806735,0.05112269446672013,0.048115477145148355,0.03769045709703288,0.03368083400160385,0.024859663191659984,0.01643945469125902,0.010224538893344026,0.007217321571772253,0.8952004576240813,0.022398932946010672,0.0,0.0,0.0,0.0,0.0,0.0,0.0,0.0,0.0,0.0,0.0,0.0,0.0,0.0,0.0,0.0,0.0,0.0,0.0,0.0,0.0,0.0,0.0,0.0,0.066158781074579,2.941058540497194,14.524859663191663,10.994386527666402,1.455493183640738,0.018043303929430637,4.311373523927905,2.898961673540439,nan,nan,nan,4.37137569401604,2.947665230281452,4.250469630557295,2.8473820103645124,0.9723414156270639,0.4048,0.01378,0.0,0.0,0.0,0.0,0.0,0.0,0.0,0.0,0.0,0.0,0.054129911788291914,11.138732959101828,18.175621491579793,0.6315156375300723,0.0,0.0,0.0,0.0,0.0,0.0,0.0,0.0,0.0,0.0,0.0,0.0,0.0,0.0,0.0,0.0,nan,nan,4.311373523927905,2.898961673540439,nan,0.4048,0.06494,0.0,0.0,0.0,0.0,0.0,0.0,0.0,0.0,0.0,0.0,0.0,0.0,0.0,0.0,0.0,0.0,0.0,0.0,0.0,1.0024057738572574e-05,0.0,7.016840417000802e-05,0.0003107457898957498,0.0001503608660785886,0.007818765036086608,0.0008119486768243785,0.01163793103448276,0.006635926222935044,0.02191259021651965,0.04559943865276664,0.01759222133119487,0.0037289494787489975,0.012239374498797114,0.0177626303127506,0.029350441058540497,0.026112670408981555,0.040838011226944665,0.04617080994386528,0.030002004811547713,0.05821972734562951,0.11659983961507618,0.07183239775461106,0.06308139534883721,0.06697072975140336,0.06496591820368885,0.04825581395348837,0.051854450681635925,0.011978748997594227,0.015116279069767442,0.02355653568564555,0.02636327185244587,0.021361267040898156,0.007107056936647955,0.0030673616680032077,0.017471932638331997,0.002285485164394547,0.006575781876503609,0.00032076984763432237,0.004260224538893344,0.0,0.0,0.0,0.0,0.0,0.0,0.0,0.0,0.0,0.0,0.0,0.0,0.0,0.0,0.0,0.0,0.0,0.0,0.0,0.0,0.0,0.0,0.0,0.0,0.0,0.0,0.0,0.0,0.0,0.0,0.0,0.0,0.0,0.0,0.0,0.0,0.0,0.0,0.0,0.0,0.0,0.0,nan,nan,4.311373523927905,2.898961673540439,nan,0.8951313520069897,0.022710647225263416,0.0,0.0,0.0,0.0,0.0,0.0,0.0,0.0,0.0,0.0,0.0,0.0,0.0,0.0,0.0,0.0,0.0,0.0,0.0,0.0,0.0,0.0,0.0,0.0,0.07094994087504929,3.169097359085535,14.201813165155698,11.080015766653531,1.442648797792669,0.03547497043752464,0.8952719879996675,0.022071417221084008,0.0,0.0,0.0,0.0,0.0,0.0,0.0,0.0,0.0,0.0,0.0,0.0,0.0,0.0,0.0,0.0,0.0,0.0,0.0,0.0,0.0,0.0,0.0,0.0,0.06119951040391678,2.705018359853122,14.859241126070994,10.905752753977971,1.4687882496940028,0.0,0.4048,0.01381,0.0,0.0,0.0,0.0,0.0,0.0,0.0,0.0,0.0,0.0,0.04729996058336619,11.103665746945195,18.139534883720934,0.7094994087504929,0.0,0.0,0.0,0.0,0.0,0.0,0.0,0.0,0.0,0.0,0.0,0.0,0.0,0.0,0.0,0.0,0.4048,0.01375,0.0,0.0,0.0,0.0,0.0,0.0,0.0,0.0,0.0,0.0,0.06119951040391678,11.175030599755186,18.212974296205633,0.550795593635251,0.0,0.0,0.0,0.0,0.0,0.0,0.0,0.0,0.0,0.0,0.0,0.0,0.0,0.0,0.0,0.0
85700,4917,2549,0.5184055318283506,1190,1000,0.4453935326418548,1389,0.5649786455155583,0.414,2.9852195945945947,3.1222611434222087,6.58493353028065,2.178302539305717,8297.984347275198,428.91575192424796,7853.0,8731.380080723762,8711.371139879226,5.9039993552237355,7853.0,0.0,27.916209070571487,21.00770013944617,32.92257281553398,19.27312821133412,0.14114297335773845,0.09762050030506407,0.09375635550132194,0.08907870652837095,0.08277404921700224,0.0787065283709579,0.06060606060606061,0.06447020540980272,0.057962172056131786,0.05145413870246085,0.0447427293064877,0.040471832418141146,0.03477730323367907,0.025218629245474883,0.018100467764897293,0.012405938580435224,0.006711409395973154,0.8951308848485972,0.022470563925469207,0.0,0.0,0.0,0.0,0.0,0.0,0.0,0.0,0.0,0.0,0.0,0.0,0.0,0.0,0.0,0.0,0.0,0.0,0.0,0.0,0.0,0.0,0.0,0.0,0.09151921903599758,2.995729103111654,14.606467358145213,10.945698596705311,1.3361805979255648,0.02440512507626602,4.287515762925599,2.9505052052180605,nan,nan,nan,4.3097345132743365,2.946663467930061,4.265408805031447,2.954156807439534,0.9897149794015471,0.4045,0.013885,0.0,0.0,0.0,0.0,0.0,0.0,0.0,0.0,0.0,0.0,0.08541793776693107,11.342281879194614,18.004881025015255,0.5613178767541185,0.006101281269066505,0.0,0.0,0.0,0.0,0.0,0.0,0.0,0.0,0.0,0.0,0.0,0.0,0.0,0.0,0.0,nan,nan,4.287515762925599,2.9505052052180605,nan,0.4045,0.0652,0.0,0.0,0.0,0.0,0.0,0.0,0.0,0.0,0.0,0.0,0.0,0.0,0.0,0.0,0.0,0.0,0.0,0.0,0.0,0.0,0.0,3.050640634533252e-05,0.0002745576571079927,0.000254220052877771,0.008094366483628228,0.001077893024201749,0.01257880821639211,0.006162294081757169,0.021273134024811877,0.04466137888956681,0.018232662192393737,0.004616636160260321,0.014195647752694733,0.017714053284523083,0.0284218019117348,0.023266219239373602,0.04113280455562335,0.04717307301199919,0.030211511083994304,0.057331706324994916,0.11564978645515558,0.0741203986170429,0.06577181208053691,0.06727679479357332,0.06335163717714053,0.04679682733374008,0.04987797437461867,0.012619483424852553,0.015080333536709376,0.02347976408379093,0.026082977425259304,0.019910514541387026,0.007067317470002034,0.0038539760016270083,0.017632702867602195,0.0035387431360585724,0.006924954240390482,0.0004779336994102095,0.0037827943868212325,0.0,0.0,0.0,0.0,0.0,0.0,0.0,0.0,0.0,0.0,0.0,0.0,0.0,0.0,0.0,0.0,0.0,0.0,0.0,0.0,0.0,0.0,0.0,0.0,0.0,0.0,0.0,0.0,0.0,0.0,0.0,0.0,0.0,0.0,0.0,0.0,0.0,0.0,0.0,0.0,0.0,0.0,nan,nan,4.287515762925599,2.9505052052180605,nan,0.8955511675249506,0.022471950755363023,0.0,0.0,0.0,0.0,0.0,0.0,0.0,0.0,0.0,0.0,0.0,0.0,0.0,0.0,0.0,0.0,0.0,0.0,0.0,0.0,0.0,0.0,0.0,0.0,0.1176932130247156,2.8246371125931744,14.511573165947434,11.122008630835625,1.388779913691644,0.035307963907414676,0.894678477525107,0.022460283615668798,0.0,0.0,0.0,0.0,0.0,0.0,0.0,0.0,0.0,0.0,0.0,0.0,0.0,0.0,0.0,0.0,0.0,0.0,0.0,0.0,0.0,0.0,0.0,0.0,0.0633445945945946,3.1798986486486496,14.708614864864868,10.755912162162165,1.279560810810811,0.012668918918918921,0.4045,0.01394,0.0,0.0,0.0,0.0,0.0,0.0,0.0,0.0,0.0,0.0,0.09415457041977249,11.439780306002337,17.877599058454297,0.5884660651235779,0.0,0.0,0.0,0.0,0.0,0.0,0.0,0.0,0.0,0.0,0.0,0.0,0.0,0.0,0.0,0.0,0.4045,0.01383,0.0,0.0,0.0,0.0,0.0,0.0,0.0,0.0,0.0,0.0,0.07601351351351353,11.237331081081065,18.141891891891895,0.5320945945945947,0.012668918918918921,0.0,0.0,0.0,0.0,0.0,0.0,0.0,0.0,0.0,0.0,0.0,0.0,0.0,0.0,0.0
85800,4969,2545,0.5121754880257597,1232,1036,0.4564298651640169,1398,0.5626886697524652,0.418,2.9146039603960396,3.021602845187256,6.458702064896755,2.0474978102347485,8292.595598856618,429.03887292651586,7853.0,8730.961141252517,8711.290974742054,5.880302324970233,7853.0,0.0,27.924934594485812,20.957743379659657,33.010587102983635,19.14386000477572,0.1455021131012276,0.09237271080700342,0.08955524250352183,0.0877440128798551,0.08210907627289193,0.07989535117729926,0.07385791909841015,0.06077681626081707,0.056349366069631715,0.05675186154155766,0.04427450191185349,0.03441336284966794,0.029583417186556653,0.02777218756288992,0.020929764540148922,0.009257395854296638,0.008854900382370698,0.8955977500792504,0.022327713351349983,0.0,0.0,0.0,0.0,0.0,0.0,0.0,0.0,0.0,0.0,0.0,0.0,0.0,0.0,0.0,0.0,0.0,0.0,0.0,0.0,0.0,0.0,0.0,0.0,0.10263634534111493,2.86174280539344,14.344938619440534,11.398671764942648,1.273898168645603,0.018112296236667342,4.244258224705152,2.8476072032012207,nan,nan,nan,4.3281152160300564,2.869316835514592,4.161846153846154,2.8236838416986103,0.9615839565527066,0.4045,0.01404,0.0,0.0,0.0,0.0,0.0,0.0,0.0,0.0,0.0,0.0,0.07848661702555848,11.573757295230413,17.725900583618436,0.6218555041255788,0.0,0.0,0.0,0.0,0.0,0.0,0.0,0.0,0.0,0.0,0.0,0.0,0.0,0.0,0.0,0.0,nan,nan,4.244258224705152,2.8476072032012207,nan,0.4045,0.0649,0.0,0.0,0.0,0.0,0.0,0.0,0.0,0.0,0.0,0.0,0.0,0.0,0.0,0.0,0.0,0.0,0.0,0.0,0.0,0.0,0.0,4.0249547192594086e-05,0.00013081102837593077,0.00021131012276111893,0.007476353391024351,0.0006943046890722479,0.01353391024350976,0.005665123767357617,0.021744817870798953,0.04400281746830348,0.01945059368082109,0.005081505333065003,0.014711209498893138,0.018102233849869188,0.028828738176695512,0.02134232239887301,0.04117528677802375,0.045381364459649826,0.02830549406319179,0.0581505333065003,0.11799154759508955,0.07436103843831757,0.06964177902998592,0.06354397263030791,0.06328235057355605,0.04672972429060173,0.049476755886496276,0.013906218555041256,0.01394646810223385,0.024652847655463876,0.027188569128597302,0.019027973435298853,0.007506540551418797,0.004407325417589052,0.01789092372710807,0.003280338096196418,0.005826121956127994,0.000482994566311129,0.0028275306902797344,0.0,0.0,0.0,0.0,0.0,0.0,0.0,0.0,0.0,0.0,0.0,0.0,0.0,0.0,0.0,0.0,0.0,0.0,0.0,0.0,0.0,0.0,0.0,0.0,0.0,0.0,0.0,0.0,0.0,0.0,0.0,0.0,0.0,0.0,0.0,0.0,0.0,0.0,0.0,0.0,0.0,0.0,nan,nan,4.244258224705152,2.8476072032012207,nan,0.8950080321907763,0.022435464295008353,0.0,0.0,0.0,0.0,0.0,0.0,0.0,0.0,0.0,0.0,0.0,0.0,0.0,0.0,0.0,0.0,0.0,0.0,0.0,0.0,0.0,0.0,0.0,0.0,0.08251473477406682,3.041257367387034,14.499017681728883,11.115913555992144,1.2495088408644404,0.011787819253438117,0.8962169052055566,0.022197167908804973,0.0,0.0,0.0,0.0,0.0,0.0,0.0,0.0,0.0,0.0,0.0,0.0,0.0,0.0,0.0,0.0,0.0,0.0,0.0,0.0,0.0,0.0,0.0,0.0,0.12376237623762379,2.673267326732674,14.183168316831686,11.695544554455449,1.2995049504950498,0.024752475247524757,0.4048,0.01391,0.0,0.0,0.0,0.0,0.0,0.0,0.0,0.0,0.0,0.0,0.09430255402750494,11.316306483300574,17.96463654223969,0.6247544204322202,0.0,0.0,0.0,0.0,0.0,0.0,0.0,0.0,0.0,0.0,0.0,0.0,0.0,0.0,0.0,0.0,0.404,0.01418,0.0,0.0,0.0,0.0,0.0,0.0,0.0,0.0,0.0,0.0,0.061881188118811895,11.844059405940577,17.47524752475248,0.6188118811881189,0.0,0.0,0.0,0.0,0.0,0.0,0.0,0.0,0.0,0.0,0.0,0.0,0.0,0.0,0.0,0.0
85900,4926,2517,0.5109622411693058,1189,1040,0.4524969549330085,1422,0.5773447015834349,0.41,2.983395599833956,3.096707220547955,6.56058394160584,2.1419466439282653,8291.539539802823,429.04788782326216,7853.0,8731.075263047218,8711.26212676548,5.791751463959829,7853.0,0.0,28.174786845310596,20.87124123339218,33.02549302549303,19.094404198680117,0.13804303694681283,0.09541209906617945,0.0952090946000812,0.08404384896467722,0.08607389362565976,0.07003654080389768,0.0659764514819326,0.06577344701583435,0.06313438895655704,0.050954120990661794,0.04628501827040195,0.04242793341453512,0.036946812829882256,0.02578156719447828,0.01766138855054811,0.01075923670320747,0.0054811205846528625,0.8952739754562401,0.022611645787105523,0.0,0.0,0.0,0.0,0.0,0.0,0.0,0.0,0.0,0.0,0.0,0.0,0.0,0.0,0.0,0.0,0.0,0.0,0.0,0.0,0.0,0.0,0.0,0.0,0.10353227771010964,2.868453105968332,14.628501827040198,10.93179049939099,1.4555420219244828,0.012180267965895252,4.3201248049922,2.9262144004930746,nan,nan,nan,4.369888475836431,2.9403588890617236,4.269641734758014,2.910926088898091,0.977059656869337,0.4043,0.01381,0.0,0.0,0.0,0.0,0.0,0.0,0.0,0.0,0.0,0.0,0.0913520097442144,11.473812423873309,17.898903775883074,0.5359317904993911,0.0,0.0,0.0,0.0,0.0,0.0,0.0,0.0,0.0,0.0,0.0,0.0,0.0,0.0,0.0,0.0,nan,nan,4.3201248049922,2.9262144004930746,nan,0.4043,0.06494,0.0,0.0,0.0,0.0,0.0,0.0,0.0,0.0,0.0,0.0,0.0,0.0,0.0,0.0,0.0,0.0,0.0,0.0,0.0,0.0,0.0,8.120178643930166e-05,0.0001218026796589525,0.0005278116118554608,0.0067092976045473,0.0008221680876979294,0.01319529029638652,0.006232237109216403,0.02129516849370686,0.043321153065367435,0.01991473812423873,0.004821356069833536,0.015052781161185545,0.018950466910272027,0.029831506293138448,0.023599269183922047,0.04098660170523752,0.0445696305318717,0.032358911896061715,0.057429963459196105,0.11594600081201786,0.07005684125050751,0.06944782785221275,0.06572269589930979,0.06276898091758018,0.04838611449451888,0.04500609013398295,0.013408444985789688,0.014311814859926919,0.024634591961023144,0.029547300040600893,0.01762078765732846,0.007612667478684531,0.003938286642306131,0.019102720259845718,0.003440925700365408,0.0064352415753146566,0.0006090133982947625,0.002182298010556232,0.0,0.0,0.0,0.0,0.0,0.0,0.0,0.0,0.0,0.0,0.0,0.0,0.0,0.0,0.0,0.0,0.0,0.0,0.0,0.0,0.0,0.0,0.0,0.0,0.0,0.0,0.0,0.0,0.0,0.0,0.0,0.0,0.0,0.0,0.0,0.0,0.0,0.0,0.0,0.0,0.0,0.0,nan,nan,4.3201248049922,2.9262144004930746,nan,0.8952591687286947,0.02259440837673468,0.0,0.0,0.0,0.0,0.0,0.0,0.0,0.0,0.0,0.0,0.0,0.0,0.0,0.0,0.0,0.0,0.0,0.0,0.0,0.0,0.0,0.0,0.0,0.0,0.10727056019070325,2.848629320619786,14.672228843861744,10.858164481525629,1.5137067938021458,0.0,0.8952894459972247,0.02262963160740339,0.0,0.0,0.0,0.0,0.0,0.0,0.0,0.0,0.0,0.0,0.0,0.0,0.0,0.0,0.0,0.0,0.0,0.0,0.0,0.0,0.0,0.0,0.0,0.0,0.09962640099626403,2.889165628891657,14.582814445828147,11.008717310087176,1.3947696139476966,0.02490660024906601,0.4043,0.013725,0.0,0.0,0.0,0.0,0.0,0.0,0.0,0.0,0.0,0.0,0.09535160905840288,11.251489868891522,18.104886769964246,0.5482717520858166,0.0,0.0,0.0,0.0,0.0,0.0,0.0,0.0,0.0,0.0,0.0,0.0,0.0,0.0,0.0,0.0,0.4043,0.01389,0.0,0.0,0.0,0.0,0.0,0.0,0.0,0.0,0.0,0.0,0.08717310087173104,11.706102117061004,17.683686176836865,0.5230386052303861,0.0,0.0,0.0,0.0,0.0,0.0,0.0,0.0,0.0,0.0,0.0,0.0,0.0,0.0,0.0,0.0
86000,4995,2549,0.5103103103103103,1232,1018,0.45045045045045046,1420,0.5685685685685685,0.40599999999999997,2.9746524938675387,3.090117477372919,6.558698727015559,2.092728031112711,8291.001713901407,429.0811894802368,7853.0,8733.866203689575,8711.304653172821,5.815616563549231,7853.0,0.0,28.142542542542543,20.89337299185842,33.14749403341289,19.087818959280796,0.13773773773773773,0.1017017017017017,0.08868868868868869,0.08708708708708708,0.07867867867867868,0.07927927927927927,0.06826826826826826,0.06426426426426426,0.05665665665665666,0.052452452452452454,0.04824824824824825,0.04164164164164164,0.03023023023023023,0.02822822822822823,0.01981981981981982,0.012012012012012012,0.005005005005005005,0.8958354528482493,0.022464148910420558,0.0,0.0,0.0,0.0,0.0,0.0,0.0,0.0,0.0,0.0,0.0,0.0,0.0,0.0,0.0,0.0,0.0,0.0,0.0,0.0,0.0,0.0,0.0,0.0,0.10810810810810813,2.5885885885885895,14.708708708708711,11.093093093093096,1.447447447447448,0.054054054054054064,4.310844115834874,2.8951357364673114,nan,nan,nan,4.29419113054341,2.934687332980689,4.326642335766423,2.8568431807972128,1.00755700066357,0.404,0.01343,0.0,0.0,0.0,0.0,0.0,0.0,0.0,0.0,0.0,0.0,0.07207207207207209,11.651651651651633,17.747747747747752,0.5285285285285286,0.0,0.0,0.0,0.0,0.0,0.0,0.0,0.0,0.0,0.0,0.0,0.0,0.0,0.0,0.0,0.0,nan,nan,4.310844115834874,2.8951357364673114,nan,0.404,0.06525,0.0,0.0,0.0,0.0,0.0,0.0,0.0,0.0,0.0,0.0,0.0,0.0,0.0,0.0,0.0,0.0,0.0,0.0,0.0,0.0,0.0,0.00024024024024024023,0.00016016016016016016,0.0007107107107107107,0.0077477477477477475,0.0009009009009009009,0.014184184184184184,0.0067467467467467465,0.0206006006006006,0.04167167167167167,0.02113113113113113,0.004284284284284285,0.016006006006006004,0.018158158158158157,0.02958958958958959,0.024004004004004004,0.04139139139139139,0.04474474474474475,0.03134134134134134,0.057587587587587585,0.1151951951951952,0.07311311311311311,0.06654654654654654,0.06441441441441441,0.0634934934934935,0.05013013013013013,0.043613613613613614,0.012512512512512513,0.015515515515515516,0.023863863863863865,0.03058058058058058,0.01780780780780781,0.006046046046046046,0.004924924924924925,0.01821821821821822,0.0035935935935935935,0.006606606606606606,0.0005205205205205205,0.002092092092092092,0.0,0.0,0.0,0.0,1.001001001001001e-05,0.0,0.0,0.0,0.0,0.0,0.0,0.0,0.0,0.0,0.0,0.0,0.0,0.0,0.0,0.0,0.0,0.0,0.0,0.0,0.0,0.0,0.0,0.0,0.0,0.0,0.0,0.0,0.0,0.0,0.0,0.0,0.0,0.0,0.0,0.0,0.0,0.0,nan,nan,4.310844115834874,2.8951357364673114,nan,0.8960227888441403,0.022321711787430098,0.0,0.0,0.0,0.0,0.0,0.0,0.0,0.0,0.0,0.0,0.0,0.0,0.0,0.0,0.0,0.0,0.0,0.0,0.0,0.0,0.0,0.0,0.0,0.0,0.1176932130247156,2.483326794821499,14.746959591996864,11.098469988230681,1.4593958415064734,0.09415457041977249,0.8956402282147552,0.02260997775778876,0.0,0.0,0.0,0.0,0.0,0.0,0.0,0.0,0.0,0.0,0.0,0.0,0.0,0.0,0.0,0.0,0.0,0.0,0.0,0.0,0.0,0.0,0.0,0.0,0.09811937857726903,2.6982829108748985,14.66884709730172,11.087489779231401,1.4349959116925597,0.012264922322158629,0.4038,0.013435,0.0,0.0,0.0,0.0,0.0,0.0,0.0,0.0,0.0,0.0,0.10592389172224403,11.863475872891312,17.489211455472738,0.5413887799136917,0.0,0.0,0.0,0.0,0.0,0.0,0.0,0.0,0.0,0.0,0.0,0.0,0.0,0.0,0.0,0.0,0.404,0.013405,0.0,0.0,0.0,0.0,0.0,0.0,0.0,0.0,0.0,0.0,0.036794766966475885,11.430907604251823,18.017170891251023,0.5151267375306624,0.0,0.0,0.0,0.0,0.0,0.0,0.0,0.0,0.0,0.0,0.0,0.0,0.0,0.0,0.0,0.0
86100,5045,2616,0.5185332011892964,1231,1043,0.45074331020812686,1439,0.5704658077304262,0.37799999999999995,2.9431864965006174,3.0638975154844794,6.557184750733138,2.028488376821377,8298.041054433364,428.860020528907,7853.0,8729.877815955877,8711.26915887474,5.800403823313538,7853.0,0.0,28.2798810703667,20.98615716260711,33.08796622097115,19.273869820623347,0.13478691774033696,0.09474727452923687,0.0977205153617443,0.088800792864222,0.08146679881070366,0.0755203171456888,0.06600594648166501,0.06164519326065411,0.0626362735381566,0.051932606541129835,0.05054509415262636,0.0354806739345887,0.03290386521308226,0.024182358771060456,0.022596630327056492,0.01110009910802775,0.007928642220019821,0.8960599267447313,0.022493390039592383,0.0,0.0,0.0,0.0,0.0,0.0,0.0,0.0,0.0,0.0,0.0,0.0,0.0,0.0,0.0,0.0,0.0,0.0,0.0,0.0,0.0,0.0,0.0,0.0,0.09514370664023789,2.7234886025768095,14.128840436075325,11.607532210109023,1.4033696729435088,0.041625371655104076,4.226926591532135,2.861400861755756,nan,nan,nan,4.1429447852760735,2.8521538374163407,4.310532687651332,2.8687698820819905,1.0404513965454867,0.4036,0.01411,0.0,0.0,0.0,0.0,0.0,0.0,0.0,0.0,0.0,0.0,0.12487611496531222,12.035678889990072,17.298315163528247,0.541129831516353,0.0,0.0,0.0,0.0,0.0,0.0,0.0,0.0,0.0,0.0,0.0,0.0,0.0,0.0,0.0,0.0,nan,nan,4.226926591532135,2.861400861755756,nan,0.4036,0.06525,0.0,0.0,0.0,0.0,0.0,0.0,0.0,0.0,0.0,0.0,0.0,0.0,0.0,0.0,0.0,0.0,0.0,0.0,0.0,0.0,0.0,0.00035678889990089195,0.0003072348860257681,0.0010009910802775024,0.009058473736372646,0.0008721506442021803,0.01487611496531219,0.006531219028741328,0.020247770069375618,0.04062438057482656,0.01935579781962339,0.0048166501486620415,0.016342913776015856,0.017670961347869177,0.029117938553022794,0.024301288404360754,0.0422001982160555,0.045054509415262636,0.030753221010901884,0.057056491575817644,0.1166798810703667,0.0732804757185332,0.06831516352824579,0.06616451932606542,0.0633597621407334,0.04861248761149653,0.04402378592666006,0.011427155599603568,0.01508424182358771,0.023914767096134788,0.02931615460852329,0.017185332011892963,0.006669970267591675,0.0046580773042616454,0.019573835480673936,0.0025867195242814667,0.0061546085232903865,0.00043607532210109017,0.0019326065411298316,0.0,0.0,0.0,0.0,7.928642220019821e-05,0.0,0.0,0.0,0.0,0.0,0.0,0.0,0.0,0.0,0.0,0.0,0.0,0.0,0.0,0.0,0.0,0.0,0.0,0.0,0.0,0.0,0.0,0.0,0.0,0.0,0.0,0.0,0.0,0.0,0.0,0.0,0.0,0.0,0.0,0.0,0.0,0.0,nan,nan,4.226926591532135,2.861400861755756,nan,0.8960292322692156,0.022373165356259935,0.0,0.0,0.0,0.0,0.0,0.0,0.0,0.0,0.0,0.0,0.0,0.0,0.0,0.0,0.0,0.0,0.0,0.0,0.0,0.0,0.0,0.0,0.0,0.0,0.0688073394495413,2.8096330275229366,14.174311926605508,11.422018348623856,1.479357798165138,0.04587155963302753,0.8960929842778517,0.02262210921447836,0.0,0.0,0.0,0.0,0.0,0.0,0.0,0.0,0.0,0.0,0.0,0.0,0.0,0.0,0.0,0.0,0.0,0.0,0.0,0.0,0.0,0.0,0.0,0.0,0.12350761630300537,2.6307122272540147,14.079868258542612,11.807328118567314,1.3215314944421577,0.037052284890901614,0.4036,0.01389,0.0,0.0,0.0,0.0,0.0,0.0,0.0,0.0,0.0,0.0,0.1261467889908257,11.926605504587139,17.419724770642205,0.5275229357798166,0.0,0.0,0.0,0.0,0.0,0.0,0.0,0.0,0.0,0.0,0.0,0.0,0.0,0.0,0.0,0.0,0.4036,0.01433,0.0,0.0,0.0,0.0,0.0,0.0,0.0,0.0,0.0,0.0,0.12350761630300537,12.153149444215709,17.167558666117746,0.5557842733635242,0.0,0.0,0.0,0.0,0.0,0.0,0.0,0.0,0.0,0.0,0.0,0.0,0.0,0.0,0.0,0.0
86200,4650,2405,0.5172043010752688,1159,963,0.4563440860215054,1313,0.5647311827956989,0.438,2.9955456570155903,3.1240111455739794,6.739635157545606,2.1386914676011166,8296.956159739135,428.9545368017372,7853.0,8730.069475615024,8711.3767745476,5.8018703337286235,7853.0,0.0,27.656344086021505,20.753426134296774,32.49642309657639,19.055082795898496,0.1378494623655914,0.1064516129032258,0.08924731182795699,0.0913978494623656,0.08559139784946236,0.07161290322580645,0.06602150537634409,0.06537634408602151,0.060215053763440864,0.05010752688172043,0.04537634408602151,0.036989247311827955,0.03483870967741935,0.026236559139784947,0.015913978494623657,0.01032258064516129,0.0064516129032258064,0.8953232348734332,0.0221262308711341,0.0,0.0,0.0,0.0,0.0,0.0,0.0,0.0,0.0,0.0,0.0,0.0,0.0,0.0,0.0,0.0,0.0,0.0,0.0,0.0,0.0,0.0,0.0,0.0,0.06451612903225808,2.967741935483872,14.329032258064519,11.45161290322581,1.1741935483870969,0.012903225806451616,4.325666666666667,2.9350084421608664,nan,nan,nan,4.342299932750504,2.950701116258912,4.309319233311302,2.9194109129285506,0.9924047854938681,0.4045,0.01409,0.0,0.0,0.0,0.0,0.0,0.0,0.0,0.0,0.0,0.0,0.05806451612903227,11.574193548387079,17.645161290322584,0.7225806451612905,0.0,0.0,0.0,0.0,0.0,0.0,0.0,0.0,0.0,0.0,0.0,0.0,0.0,0.0,0.0,0.0,nan,nan,4.325666666666667,2.9350084421608664,nan,0.4045,0.0655,0.0,0.0,0.0,0.0,0.0,0.0,0.0,0.0,0.0,0.0,0.0,0.0,0.0,0.0,0.0,0.0,0.0,0.0,0.0,0.0,1.075268817204301e-05,0.0003548387096774194,0.00029032258064516127,0.000989247311827957,0.008946236559139785,0.0005698924731182796,0.01610752688172043,0.005827956989247312,0.021623655913978496,0.04043010752688172,0.01809677419354839,0.005182795698924731,0.014483870967741936,0.01718279569892473,0.028817204301075268,0.023860215053763442,0.04059139784946236,0.04168817204301075,0.031236559139784945,0.05432258064516129,0.11917204301075268,0.07238709677419355,0.06840860215053764,0.06958064516129032,0.06160215053763441,0.0477741935483871,0.04452688172043011,0.012924731182795699,0.01718279569892473,0.02704301075268817,0.02956989247311828,0.01718279569892473,0.005591397849462366,0.004559139784946237,0.021301075268817204,0.002698924731182796,0.00564516129032258,0.0006666666666666666,0.0014516129032258066,0.0,0.0,0.0,0.0,0.00011827956989247312,0.0,0.0,0.0,0.0,0.0,0.0,0.0,0.0,0.0,0.0,0.0,0.0,0.0,0.0,0.0,0.0,0.0,0.0,0.0,0.0,0.0,0.0,0.0,0.0,0.0,0.0,0.0,0.0,0.0,0.0,0.0,0.0,0.0,0.0,0.0,0.0,0.0,nan,nan,4.325666666666667,2.9350084421608664,nan,0.8956361013241965,0.022143998230423186,0.0,0.0,0.0,0.0,0.0,0.0,0.0,0.0,0.0,0.0,0.0,0.0,0.0,0.0,0.0,0.0,0.0,0.0,0.0,0.0,0.0,0.0,0.0,0.0,0.024948024948024953,3.081081081081082,14.158004158004161,11.413721413721417,1.3097713097713102,0.012474012474012476,0.8949880705909898,0.022102268495596086,0.0,0.0,0.0,0.0,0.0,0.0,0.0,0.0,0.0,0.0,0.0,0.0,0.0,0.0,0.0,0.0,0.0,0.0,0.0,0.0,0.0,0.0,0.0,0.0,0.10690423162583522,2.846325167037863,14.51224944320713,11.492204899777287,1.0289532293986638,0.013363028953229402,0.4045,0.01419,0.0,0.0,0.0,0.0,0.0,0.0,0.0,0.0,0.0,0.0,0.07484407484407486,11.600831600831585,17.588357588357592,0.7359667359667361,0.0,0.0,0.0,0.0,0.0,0.0,0.0,0.0,0.0,0.0,0.0,0.0,0.0,0.0,0.0,0.0,0.4045,0.01398,0.0,0.0,0.0,0.0,0.0,0.0,0.0,0.0,0.0,0.0,0.040089086859688206,11.545657015590184,17.706013363028955,0.7082405345211583,0.0,0.0,0.0,0.0,0.0,0.0,0.0,0.0,0.0,0.0,0.0,0.0,0.0,0.0,0.0,0.0
86300,4932,2538,0.5145985401459854,1222,1007,0.4519464720194647,1360,0.551500405515004,0.418,2.9243943191311614,3.0833123600020094,6.603149606299213,2.153917398304846,8294.60407823024,428.9139026085716,7853.0,8732.185217642784,8711.152605922594,5.849400818108544,7853.0,0.0,27.49006488240065,20.677840717823276,32.4504722693146,18.94731527191487,0.1421330089213301,0.10462287104622871,0.09306569343065693,0.08110300081103,0.08211678832116788,0.08414436334144364,0.0681265206812652,0.064882400648824,0.056366585563665854,0.04967558799675588,0.04237631792376318,0.041768045417680456,0.032846715328467155,0.025547445255474453,0.014395782643957826,0.009935117599351177,0.006893755068937551,0.8945922545683839,0.02214971609606213,0.0,0.0,0.0,0.0,0.0,0.0,0.0,0.0,0.0,0.0,0.0,0.0,0.0,0.0,0.0,0.0,0.0,0.0,0.0,0.0,0.0,0.0,0.0,0.0,0.11557177615571779,2.986618004866181,14.537712895377132,11.277372262773726,1.0827250608272507,0.0,4.287658227848102,2.873796868283112,nan,nan,nan,4.239076154806492,2.90286287642803,4.337612323491656,2.8427345761161167,1.0232447271732634,0.4048,0.01418,0.0,0.0,0.0,0.0,0.0,0.0,0.0,0.0,0.0,0.0,0.09124087591240879,11.009732360097308,18.14476885644769,0.7542579075425793,0.0,0.0,0.0,0.0,0.0,0.0,0.0,0.0,0.0,0.0,0.0,0.0,0.0,0.0,0.0,0.0,nan,nan,4.287658227848102,2.873796868283112,nan,0.4048,0.06604,0.0,0.0,0.0,0.0,0.0,0.0,0.0,0.0,0.0,0.0,0.0,0.0,0.0,0.0,0.0,0.0,0.0,0.0,0.0,0.0,0.0,0.0002737226277372263,4.0551500405515004e-05,0.0007704785077047851,0.008029197080291971,0.000364963503649635,0.017153284671532848,0.005707623682076237,0.023671938361719384,0.042335766423357665,0.016818734793187348,0.0045721816707218164,0.014710056772100568,0.01679845904298459,0.030210867802108677,0.0230433901054339,0.04099756690997567,0.04070356853203568,0.031234793187347933,0.0532441200324412,0.11880575831305758,0.06972830494728305,0.06751824817518248,0.07211070559610705,0.0614963503649635,0.045802919708029195,0.04387672343876724,0.013503649635036497,0.01778183292781833,0.0261455798864558,0.0312956204379562,0.01662611516626115,0.005687347931873479,0.004369424168694242,0.022617599351175993,0.0026358475263584752,0.006650446066504461,0.0008819951338199513,0.0017741281427412815,0.0,0.0,0.0,0.0,1.0137875101378751e-05,0.0,0.0,0.0,0.0,0.0,0.0,0.0,0.0,0.0,0.0,0.0,0.0,0.0,0.0,0.0,0.0,0.0,0.0,0.0,0.0,0.0,0.0,0.0,0.0,0.0,0.0,0.0,0.0,0.0,0.0,0.0,0.0,0.0,0.0,0.0,0.0,0.0,nan,nan,4.287658227848102,2.873796868283112,nan,0.8943696548799721,0.022460938737218345,0.0,0.0,0.0,0.0,0.0,0.0,0.0,0.0,0.0,0.0,0.0,0.0,0.0,0.0,0.0,0.0,0.0,0.0,0.0,0.0,0.0,0.0,0.0,0.0,0.16548463356974,2.9669030732860526,14.468085106382981,11.323877068557923,1.0756501182033098,0.0,0.8948282437117376,0.021812444539392017,0.0,0.0,0.0,0.0,0.0,0.0,0.0,0.0,0.0,0.0,0.0,0.0,0.0,0.0,0.0,0.0,0.0,0.0,0.0,0.0,0.0,0.0,0.0,0.0,0.06265664160401004,3.007518796992482,14.61152882205514,11.2280701754386,1.0902255639097747,0.0,0.4048,0.014206,0.0,0.0,0.0,0.0,0.0,0.0,0.0,0.0,0.0,0.0,0.10638297872340428,11.111111111111095,18.026004728132392,0.7565011820330971,0.0,0.0,0.0,0.0,0.0,0.0,0.0,0.0,0.0,0.0,0.0,0.0,0.0,0.0,0.0,0.0,0.4048,0.01415,0.0,0.0,0.0,0.0,0.0,0.0,0.0,0.0,0.0,0.0,0.07518796992481204,10.90225563909773,18.270676691729328,0.7518796992481205,0.0,0.0,0.0,0.0,0.0,0.0,0.0,0.0,0.0,0.0,0.0,0.0,0.0,0.0,0.0,0.0
86400,4847,2565,0.5291933154528574,1201,973,0.4485248607386012,1326,0.547142562409738,0.43,2.9360210341805435,3.0736403741209055,6.585924713584288,2.0803180830282137,8307.171238489715,428.4065854999589,7853.0,8732.173903161287,8711.233135656783,5.977799019718235,7853.0,0.0,27.878275221786673,20.709402319122546,32.66071865069665,18.99795481979369,0.1367856406024345,0.09944295440478647,0.09511037755312564,0.08623891066639158,0.08500103156591707,0.07757375696306994,0.06313183412420054,0.06952754280998556,0.05673612543841552,0.052816174953579535,0.04415102125025789,0.04167526304930885,0.03466061481328657,0.021869197441716524,0.017536620590055705,0.010934598720858262,0.006808335052609861,0.8942991408805934,0.022640733686872867,0.0,0.0,0.0,0.0,0.0,0.0,0.0,0.0,0.0,0.0,0.0,0.0,0.0,0.0,0.0,0.0,0.0,0.0,0.0,0.0,0.0,0.0,0.0,0.0,0.06808335052609862,3.199917474726636,14.953579533732208,10.441510212502582,1.324530637507737,0.012378791004745206,4.233674775928297,2.947438470651321,nan,nan,nan,4.2801282051282055,2.968054699885459,4.187340153452685,2.925995724788799,0.9783211980509493,0.405,0.01432,0.0,0.0,0.0,0.0,0.0,0.0,0.0,0.0,0.0,0.0,0.12997730554982465,10.794305756137803,18.196822776975452,0.8788941613369096,0.0,0.0,0.0,0.0,0.0,0.0,0.0,0.0,0.0,0.0,0.0,0.0,0.0,0.0,0.0,0.0,nan,nan,4.233674775928297,2.947438470651321,nan,0.405,0.0663,0.0,0.0,0.0,0.0,0.0,0.0,0.0,0.0,0.0,0.0,0.0,0.0,0.0,0.0,0.0,0.0,0.0,0.0,0.0,0.0,1.0315659170621002e-05,0.00048483598101918714,0.0,0.0006086238910666392,0.007633587786259542,0.00035073241180111407,0.017732618114297504,0.006137817206519496,0.022993604291314217,0.040427068289663706,0.016515370332164225,0.0045904683309263465,0.01643284505879926,0.017113678564060243,0.030503404167526307,0.02358159686403961,0.03970497214772024,0.042005364142768724,0.03014235609655457,0.05394058180317722,0.1185166082112647,0.0695997524241799,0.06340004126263668,0.07332370538477409,0.06366824840107282,0.04422323086445224,0.042975036104807095,0.012358159686403962,0.018000825252733648,0.0275531256447287,0.03179286156385393,0.017722302455126883,0.005116566948628018,0.0043222611924902,0.02458221580358985,0.0027852279760676706,0.0059624510006189395,0.0009799876212089954,0.0021766040850010318,1.0315659170621002e-05,2.0631318341242005e-05,0.0,0.0,0.0,0.0,0.0,0.0,0.0,0.0,0.0,0.0,0.0,0.0,0.0,0.0,0.0,0.0,0.0,0.0,0.0,0.0,0.0,0.0,0.0,0.0,0.0,0.0,0.0,0.0,0.0,0.0,0.0,0.0,0.0,0.0,0.0,0.0,0.0,0.0,0.0,0.0,nan,nan,4.233674775928297,2.947438470651321,nan,0.894509250030183,0.022598216628268098,0.0,0.0,0.0,0.0,0.0,0.0,0.0,0.0,0.0,0.0,0.0,0.0,0.0,0.0,0.0,0.0,0.0,0.0,0.0,0.0,0.0,0.0,0.0,0.0,0.04678362573099416,3.0643274853801175,14.947368421052634,10.619883040935676,1.3099415204678366,0.01169590643274854,0.8940629752501388,0.02268610557476337,0.0,0.0,0.0,0.0,0.0,0.0,0.0,0.0,0.0,0.0,0.0,0.0,0.0,0.0,0.0,0.0,0.0,0.0,0.0,0.0,0.0,0.0,0.0,0.0,0.09202453987730064,3.352322524101666,14.96056091148116,10.2410166520596,1.3409290096406663,0.013146362839614376,0.405,0.01435,0.0,0.0,0.0,0.0,0.0,0.0,0.0,0.0,0.0,0.0,0.10526315789473686,10.935672514619867,18.128654970760238,0.8304093567251464,0.0,0.0,0.0,0.0,0.0,0.0,0.0,0.0,0.0,0.0,0.0,0.0,0.0,0.0,0.0,0.0,0.4053,0.01427,0.0,0.0,0.0,0.0,0.0,0.0,0.0,0.0,0.0,0.0,0.1577563540753725,10.635407537248012,18.273444347063982,0.9333917616126207,0.0,0.0,0.0,0.0,0.0,0.0,0.0,0.0,0.0,0.0,0.0,0.0,0.0,0.0,0.0,0.0
86500,4939,2518,0.5098198015792671,1179,1028,0.4468515893905649,1464,0.5928325571978134,0.3419999999999999,2.954977282114829,2.9772712269109283,6.275265957446808,2.0615592460589918,8290.521562529628,429.0323936512495,7853.0,8731.744573378563,8711.188640720346,5.921672759689954,7853.0,0.0,28.968617128973477,20.90994456394707,33.59169632265718,19.130805955464734,0.12755618546264427,0.09455355335088074,0.08746709860295607,0.08159546466896132,0.0866572180603361,0.08159546466896132,0.06317068232435716,0.06742255517311196,0.062360801781737196,0.058513869204292364,0.05041506377809273,0.04049402713099818,0.03644462441789836,0.024093946142943915,0.016805021259364245,0.012553148410609435,0.008301275561854626,0.8936083239325388,0.022184103719543758,0.0,0.0,0.0,0.0,0.0,0.0,0.0,0.0,0.0,0.0,0.0,0.0,0.0,0.0,0.0,0.0,0.0,0.0,0.0,0.0,0.0,0.0,0.0,0.006074104069649708,0.133630289532294,3.1585341162178584,15.124519133427823,10.52034824863333,1.050820004049403,0.006074104069649728,4.152998776009792,2.774220181760916,nan,nan,nan,4.057856272838002,2.788909615191119,4.250461538461538,2.7562585737633154,1.0474647825534813,0.4058,0.01457,0.0,0.0,0.0,0.0,0.0,0.0,0.0,0.0,0.0,0.0,0.066815144766147,10.404940271309966,18.604980765337114,0.9232638185867587,0.0,0.0,0.0,0.0,0.0,0.0,0.0,0.0,0.0,0.0,0.0,0.0,0.0,0.0,0.0,0.0,nan,nan,4.152998776009792,2.774220181760916,nan,0.4058,0.0669,0.0,0.0,0.0,0.0,0.0,0.0,0.0,0.0,0.0,0.0,0.0,0.0,0.0,0.0,0.0,0.0,0.0,0.0,0.0,1.0123506782749544e-05,7.086454747924681e-05,0.0005871633933994736,0.0,0.00035432273739623404,0.009050415063778093,0.0005567928730512249,0.016653168657623,0.0060133630289532294,0.023850981980157927,0.04074711480056692,0.017179591010325977,0.004545454545454545,0.014476614699331848,0.015387730309779307,0.028598906661267465,0.024529256934602145,0.03867179591010326,0.04228588783154485,0.031008301275561853,0.05317878112978336,0.11424377404332861,0.0701862725248026,0.06252277789026119,0.07723223324559628,0.06483093743672809,0.04382466086252278,0.042721198623203074,0.013241546871836403,0.01938651548896538,0.026341364648714314,0.03315448471350476,0.01668353917797125,0.004909900789633529,0.004292366875885807,0.024134440170074913,0.003512856853614092,0.007218060336100425,0.0008402510629682122,0.0029661874873456165,0.0,0.0,0.0,0.0,0.0,0.0,0.0,0.0,0.0,0.0,0.0,0.0,0.0,0.0,0.0,0.0,0.0,0.0,0.0,0.0,0.0,0.0,0.0,0.0,0.0,0.0,0.0,0.0,0.0,0.0,0.0,0.0,0.0,0.0,0.0,0.0,0.0,0.0,0.0,0.0,0.0,0.0,nan,nan,4.152998776009792,2.774220181760916,nan,0.8935392721954842,0.021940512150109642,0.0,0.0,0.0,0.0,0.0,0.0,0.0,0.0,0.0,0.0,0.0,0.0,0.0,0.0,0.0,0.0,0.0,0.0,0.0,0.0,0.0,0.0,0.0,0.0,0.14297061159650518,3.0500397140587774,15.26211278792693,10.49642573471009,1.0484511517077046,0.0,0.8936801423025938,0.02243442379311381,0.0,0.0,0.0,0.0,0.0,0.0,0.0,0.0,0.0,0.0,0.0,0.0,0.0,0.0,0.0,0.0,0.0,0.0,0.0,0.0,0.0,0.0,0.0,0.012391573729863655,0.12391573729863695,3.2713754646840156,14.981412639405207,10.545229244114006,1.053283767038414,0.012391573729863695,0.4058,0.01449,0.0,0.0,0.0,0.0,0.0,0.0,0.0,0.0,0.0,0.0,0.0476568705321684,10.210484511517063,18.96743447180302,0.7744241461477365,0.0,0.0,0.0,0.0,0.0,0.0,0.0,0.0,0.0,0.0,0.0,0.0,0.0,0.0,0.0,0.0,0.4058,0.01466,0.0,0.0,0.0,0.0,0.0,0.0,0.0,0.0,0.0,0.0,0.08674101610904587,10.607187112763306,18.228004956629494,1.0780669144981414,0.0,0.0,0.0,0.0,0.0,0.0,0.0,0.0,0.0,0.0,0.0,0.0,0.0,0.0,0.0,0.0
86600,4515,2299,0.5091915836101882,1087,896,0.439202657807309,1260,0.5581395348837209,0.39799999999999996,2.895306859205776,3.0957720667437596,6.456730769230769,2.217656323360415,8289.899068882241,428.958558678864,7853.0,8730.454880917072,8711.024922141503,5.5971313746168905,7853.0,0.0,27.771207087486157,20.78954640265658,32.63365815117198,19.096082538416248,0.1382059800664452,0.10321151716500554,0.09966777408637874,0.08217054263565891,0.07906976744186046,0.07043189368770764,0.07308970099667775,0.06423034330011074,0.05647840531561462,0.05293466223698782,0.05094130675526024,0.03743078626799557,0.03433001107419712,0.023920265780730896,0.016832779623477297,0.0106312292358804,0.006423034330011074,0.8927556472627296,0.021809068614556074,0.0,0.0,0.0,0.0,0.0,0.0,0.0,0.0,0.0,0.0,0.0,0.0,0.0,0.0,0.0,0.0,0.0,0.0,0.0,0.0,0.0,0.0,0.0,0.0,0.09302325581395351,3.3687707641196023,15.255813953488376,10.285714285714286,0.9900332225913623,0.006644518272425251,4.333449598883851,2.9064727077319574,nan,nan,nan,4.339360222531293,2.8931351546773603,4.329831932773109,2.9195143153099328,0.9978042178409826,0.4055,0.01433,0.0,0.0,0.0,0.0,0.0,0.0,0.0,0.0,0.0,0.0,0.07308970099667775,10.544850498338857,18.56478405315615,0.8172757475083059,0.0,0.0,0.0,0.0,0.0,0.0,0.0,0.0,0.0,0.0,0.0,0.0,0.0,0.0,0.0,0.0,nan,nan,4.333449598883851,2.9064727077319574,nan,0.4055,0.0661,0.0,0.0,0.0,0.0,0.0,0.0,0.0,0.0,0.0,0.0,0.0,0.0,0.0,0.0,0.0,0.0,0.0,0.0,0.0,0.0,1.107419712070875e-05,0.00042081949058693247,4.4296788482835e-05,0.0005094130675526024,0.008815060908084165,0.0009523809523809524,0.01733111849390919,0.006423034330011074,0.022248062015503875,0.04053156146179402,0.01629014396456257,0.004540420819490587,0.013488372093023256,0.01655592469545958,0.02920265780730897,0.022702104097452935,0.03877076411960133,0.04362126245847176,0.03132890365448505,0.05320044296788483,0.11160575858250277,0.07311184939091916,0.06551495016611296,0.07744186046511628,0.06488372093023256,0.04410852713178295,0.04183831672203765,0.014817275747508305,0.01980066445182724,0.026544850498338872,0.033122923588039865,0.015669988925802878,0.004772978959025471,0.0037763012181616833,0.023045404208194904,0.003887043189368771,0.006301218161683278,0.0006533776301218162,0.0019933554817275745,0.0,0.00012181616832779623,0.0,0.0,0.0,0.0,0.0,0.0,0.0,0.0,0.0,0.0,0.0,0.0,0.0,0.0,0.0,0.0,0.0,0.0,0.0,0.0,0.0,0.0,0.0,0.0,0.0,0.0,0.0,0.0,0.0,0.0,0.0,0.0,0.0,0.0,0.0,0.0,0.0,0.0,0.0,0.0,nan,nan,4.333449598883851,2.9064727077319574,nan,0.8928105901665873,0.021659264832386206,0.0,0.0,0.0,0.0,0.0,0.0,0.0,0.0,0.0,0.0,0.0,0.0,0.0,0.0,0.0,0.0,0.0,0.0,0.0,0.0,0.0,0.0,0.0,0.0,0.07829491083079601,3.3405828621139633,15.097868638538499,10.478468899521532,1.0047846889952154,0.0,0.8926986464793502,0.021963258168805865,0.0,0.0,0.0,0.0,0.0,0.0,0.0,0.0,0.0,0.0,0.0,0.0,0.0,0.0,0.0,0.0,0.0,0.0,0.0,0.0,0.0,0.0,0.0,0.0,0.10830324909747295,3.3980144404332138,15.41967509025271,10.085740072202167,0.9747292418772565,0.013537906137184119,0.4058,0.01407,0.0,0.0,0.0,0.0,0.0,0.0,0.0,0.0,0.0,0.0,0.052196607220530676,10.517616354936914,18.555893866898653,0.8742931709438888,0.0,0.0,0.0,0.0,0.0,0.0,0.0,0.0,0.0,0.0,0.0,0.0,0.0,0.0,0.0,0.0,0.4053,0.01459,0.0,0.0,0.0,0.0,0.0,0.0,0.0,0.0,0.0,0.0,0.09476534296028884,10.57310469314078,18.57400722021661,0.7581227436823107,0.0,0.0,0.0,0.0,0.0,0.0,0.0,0.0,0.0,0.0,0.0,0.0,0.0,0.0,0.0,0.0
86700,4225,2234,0.5287573964497041,1067,844,0.4523076923076923,1138,0.538698224852071,0.43,3.0426921145153187,3.1394327122954455,6.529616724738676,2.285005095214412,8306.926617377989,428.55125149200035,7853.0,8730.683124506473,8711.478047637427,6.074803881574976,7853.0,0.0,27.96733727810651,20.85333110929041,32.7928711759753,19.14273563294269,0.13585798816568048,0.10627218934911242,0.08970414201183433,0.08946745562130178,0.07526627218934911,0.07337278106508875,0.07479289940828403,0.06579881656804734,0.057514792899408286,0.05301775147928994,0.04970414201183432,0.036923076923076927,0.031715976331360946,0.02390532544378698,0.018224852071005916,0.009230769230769232,0.009230769230769232,0.8939607207732793,0.02255754523881365,0.0,0.0,0.0,0.0,0.0,0.0,0.0,0.0,0.0,0.0,0.0,0.0,0.0,0.0,0.0,0.0,0.0,0.0,0.0,0.0,0.0,0.0,0.0,0.0,0.07100591715976333,3.365680473372782,14.726627218934915,10.530177514792902,1.27810650887574,0.02840236686390533,4.18514452982071,2.9579512537283508,nan,nan,nan,4.241709653647752,2.9608996065688324,4.129360465116279,2.9539800994936365,0.973513229875398,0.4065,0.014084,0.0,0.0,0.0,0.0,0.0,0.0,0.0,0.0,0.0,0.0,0.04970414201183433,9.734911242603536,19.28520710059172,0.9301775147928997,0.0,0.0,0.0,0.0,0.0,0.0,0.0,0.0,0.0,0.0,0.0,0.0,0.0,0.0,0.0,0.0,nan,nan,4.18514452982071,2.9579512537283508,nan,0.4065,0.0661,0.0,0.0,0.0,0.0,0.0,0.0,0.0,0.0,0.0,0.0,0.0,0.0,0.0,0.0,0.0,0.0,0.0,0.0,0.0,0.0,0.0,0.0006863905325443787,7.100591715976331e-05,0.0009585798816568047,0.00727810650887574,0.0015502958579881657,0.016650887573964497,0.006071005917159763,0.020958579881656805,0.03946745562130177,0.016023668639053256,0.004863905325443787,0.01349112426035503,0.015952662721893492,0.030437869822485208,0.021739644970414203,0.038473372781065086,0.04093491124260355,0.033124260355029585,0.052828402366863904,0.10931360946745562,0.07389349112426036,0.06697041420118344,0.07785798816568047,0.06403550295857988,0.04583431952662722,0.044520710059171596,0.014153846153846154,0.01939644970414201,0.028366863905325442,0.03182248520710059,0.014508875739644971,0.00463905325443787,0.004153846153846154,0.024390532544378698,0.004414201183431952,0.0073017751479289945,0.000591715976331361,0.00221301775147929,5.9171597633136094e-05,0.0,0.0,0.0,0.0,0.0,0.0,0.0,0.0,0.0,0.0,0.0,0.0,0.0,0.0,0.0,0.0,0.0,0.0,0.0,0.0,0.0,0.0,0.0,0.0,0.0,0.0,0.0,0.0,0.0,0.0,0.0,0.0,0.0,0.0,0.0,0.0,0.0,0.0,0.0,0.0,0.0,nan,nan,4.18514452982071,2.9579512537283508,nan,0.8937342435041494,0.0228593260219749,0.0,0.0,0.0,0.0,0.0,0.0,0.0,0.0,0.0,0.0,0.0,0.0,0.0,0.0,0.0,0.0,0.0,0.0,0.0,0.0,0.0,0.0,0.0,0.0,0.06714413607878246,3.706356311548792,14.261414503133397,10.702775290957925,1.2220232766338408,0.04028648164726948,0.8942148394167933,0.02221130299329121,0.0,0.0,0.0,0.0,0.0,0.0,0.0,0.0,0.0,0.0,0.0,0.0,0.0,0.0,0.0,0.0,0.0,0.0,0.0,0.0,0.0,0.0,0.0,0.0,0.07533902561526873,2.9834254143646413,15.24861878453039,10.336514314414869,1.3410346559517832,0.015067805123053746,0.4067,0.01415,0.0,0.0,0.0,0.0,0.0,0.0,0.0,0.0,0.0,0.0,0.05371530886302597,9.453894359892557,19.45837063563116,1.03401969561325,0.0,0.0,0.0,0.0,0.0,0.0,0.0,0.0,0.0,0.0,0.0,0.0,0.0,0.0,0.0,0.0,0.4062,0.014,0.0,0.0,0.0,0.0,0.0,0.0,0.0,0.0,0.0,0.0,0.04520341536916123,10.050226017076831,19.090909090909093,0.8136614766449023,0.0,0.0,0.0,0.0,0.0,0.0,0.0,0.0,0.0,0.0,0.0,0.0,0.0,0.0,0.0,0.0
86800,4234,2201,0.5198393953708077,1033,895,0.4553613604156826,1187,0.5606991025035427,0.43,2.9631087063453023,3.125528634321331,6.753320683111954,2.1814865711185782,8299.42557028173,429.0701368047528,7853.0,8729.802496099472,8711.775949374305,5.7903334739665215,7853.0,0.0,27.677137458667925,20.852257392934693,32.73585972850679,19.0999787746739,0.14430798299480396,0.10392064241851677,0.09093056211620218,0.08573452999527634,0.07557864903164856,0.079357581483231,0.0675484175720359,0.07014643363249883,0.0543221539914974,0.05266887104393009,0.04605573925366084,0.036372224846480866,0.03259329239489844,0.022201228153046763,0.02031176192725555,0.010628247520075578,0.007321681624940954,0.8944382487488739,0.022250143421283546,0.0,0.0,0.0,0.0,0.0,0.0,0.0,0.0,0.0,0.0,0.0,0.0,0.0,0.0,0.0,0.0,0.0,0.0,0.0,0.0,0.0,0.0,0.0,0.0,0.07085498346717053,2.9263108171941434,15.113367973547476,10.614076523382145,1.2753897024090697,0.0,4.220102714600147,2.9337224150929395,nan,nan,nan,4.266467065868263,2.9604602081644207,4.175539568345323,2.907094812426032,0.9786878707560267,0.4075,0.01394,0.0,0.0,0.0,0.0,0.0,0.0,0.0,0.0,0.0,0.0,0.028341993386868217,8.91355692017004,20.1511572980633,0.906943788379783,0.0,0.0,0.0,0.0,0.0,0.0,0.0,0.0,0.0,0.0,0.0,0.0,0.0,0.0,0.0,0.0,nan,nan,4.220102714600147,2.9337224150929395,nan,0.4075,0.06616,0.0,0.0,0.0,0.0,0.0,0.0,0.0,0.0,0.0,0.0,0.0,0.0,0.0,0.0,0.0,0.0,0.0,0.0,0.0,0.0,5.904581955597544e-05,0.0009565422768068021,1.1809163911195087e-05,0.0011218705715635333,0.006908360888049126,0.0016296646197449221,0.016887104393008976,0.005880963627775153,0.020075578649031648,0.03663202645252716,0.017005196032120924,0.004747283892300425,0.01336797354747284,0.017194142654700047,0.029959848842701937,0.020205479452054795,0.03897024090694379,0.036324988190836086,0.03254605573925366,0.05331837505904582,0.10938828530940009,0.07347661785545584,0.06980396787907416,0.08007794048181388,0.06557628719886632,0.04474492205951819,0.04276098252243741,0.013037316957959377,0.01986301369863014,0.030621162021728862,0.032085498346717055,0.016166745394426075,0.005101558809636278,0.004959848842701937,0.023311289560699104,0.004310344827586207,0.007864903164855929,0.0006376948512045348,0.002397260273972603,1.1809163911195087e-05,0.0,0.0,0.0,0.0,0.0,0.0,0.0,0.0,0.0,0.0,0.0,0.0,0.0,0.0,0.0,0.0,0.0,0.0,0.0,0.0,0.0,0.0,0.0,0.0,0.0,0.0,0.0,0.0,0.0,0.0,0.0,0.0,0.0,0.0,0.0,0.0,0.0,0.0,0.0,0.0,0.0,nan,nan,4.220102714600147,2.9337224150929395,nan,0.894333298939675,0.022180327745331307,0.0,0.0,0.0,0.0,0.0,0.0,0.0,0.0,0.0,0.0,0.0,0.0,0.0,0.0,0.0,0.0,0.0,0.0,0.0,0.0,0.0,0.0,0.0,0.0,0.08178100863243981,2.9850068150840534,14.802362562471608,10.931394820536122,1.199454793275784,0.0,0.8945518712427484,0.02232492608390747,0.0,0.0,0.0,0.0,0.0,0.0,0.0,0.0,0.0,0.0,0.0,0.0,0.0,0.0,0.0,0.0,0.0,0.0,0.0,0.0,0.0,0.0,0.0,0.0,0.059026069847516,2.8627643876045257,15.450073782587314,10.270536153467784,1.357599606492868,0.0,0.4075,0.01381,0.0,0.0,0.0,0.0,0.0,0.0,0.0,0.0,0.0,0.0,0.013630168105406636,8.845979100408892,20.227169468423448,0.9132212630622446,0.0,0.0,0.0,0.0,0.0,0.0,0.0,0.0,0.0,0.0,0.0,0.0,0.0,0.0,0.0,0.0,0.4075,0.01407,0.0,0.0,0.0,0.0,0.0,0.0,0.0,0.0,0.0,0.0,0.044269552385637,8.986719134284296,20.06886374815544,0.900147565174619,0.0,0.0,0.0,0.0,0.0,0.0,0.0,0.0,0.0,0.0,0.0,0.0,0.0,0.0,0.0,0.0
86900,4380,2264,0.5168949771689497,1035,919,0.4461187214611872,1252,0.5716894977168949,0.414,3.0760869565217392,3.1587450248991518,6.766891891891892,2.157572726327833,8297.025824935457,429.2883973243018,7853.0,8730.973010236024,8712.025226686086,5.913633721974949,7853.0,0.0,28.311415525114157,21.033856320107322,33.18452380952381,19.27821030391982,0.13881278538812786,0.09634703196347032,0.09315068493150686,0.08789954337899543,0.07625570776255708,0.07465753424657534,0.07214611872146119,0.06027397260273973,0.06187214611872146,0.049771689497716896,0.04794520547945205,0.04132420091324201,0.0365296803652968,0.023515981735159817,0.02054794520547945,0.012100456621004566,0.00684931506849315,0.8935958541419408,0.02213835575891186,0.0,0.0,0.0,0.0,0.0,0.0,0.0,0.0,0.0,0.0,0.0,0.0,0.0,0.0,0.0,0.0,0.0,0.0,0.0,0.0,0.0,0.0,0.0,0.0,0.06849315068493152,3.3150684931506857,14.958904109589044,10.6027397260274,1.041095890410959,0.013698630136986304,4.42226148409894,2.9041457832231217,nan,nan,nan,4.527954706298655,2.938885137626066,4.316866619618914,2.8652059266254724,0.9533811399689786,0.409,0.014175,0.0,0.0,0.0,0.0,0.0,0.0,0.0,0.0,0.0,0.0,0.027397260273972608,7.979452054794509,20.67123287671233,1.3219178082191783,0.0,0.0,0.0,0.0,0.0,0.0,0.0,0.0,0.0,0.0,0.0,0.0,0.0,0.0,0.0,0.0,nan,nan,4.42226148409894,2.9041457832231217,nan,0.4092,0.06604,0.0,0.0,0.0,0.0,0.0,0.0,0.0,0.0,0.0,0.0,0.0,0.0,0.0,0.0,0.0,0.0,0.0,0.0,0.0,0.0,3.424657534246575e-05,0.000867579908675799,1.1415525114155251e-05,0.0012442922374429225,0.00615296803652968,0.0014269406392694063,0.016015981735159817,0.006015981735159818,0.018139269406392693,0.035981735159817355,0.01574200913242009,0.005662100456621005,0.013789954337899544,0.020125570776255708,0.029292237442922375,0.019691780821917807,0.036837899543378995,0.03426940639269407,0.03160958904109589,0.049292237442922375,0.10674657534246575,0.07210045662100456,0.0717579908675799,0.08278538812785388,0.06779680365296804,0.04761415525114155,0.043424657534246576,0.014189497716894978,0.019452054794520546,0.030296803652968038,0.03361872146118722,0.01738584474885845,0.004817351598173516,0.006015981735159818,0.02417808219178082,0.004018264840182648,0.008515981735159817,0.0009474885844748858,0.0021118721461187216,0.0,1.1415525114155251e-05,1.1415525114155251e-05,0.0,0.0,0.0,0.0,0.0,0.0,0.0,0.0,0.0,0.0,0.0,0.0,0.0,0.0,0.0,0.0,0.0,0.0,0.0,0.0,0.0,0.0,0.0,0.0,0.0,0.0,0.0,0.0,0.0,0.0,0.0,0.0,0.0,0.0,0.0,0.0,0.0,0.0,0.0,nan,nan,4.42226148409894,2.9041457832231217,nan,0.8939968491032351,0.022199269440847085,0.0,0.0,0.0,0.0,0.0,0.0,0.0,0.0,0.0,0.0,0.0,0.0,0.0,0.0,0.0,0.0,0.0,0.0,0.0,0.0,0.0,0.0,0.0,0.0,0.0795053003533569,3.2597173144876335,14.77473498233216,10.77296819787986,1.0998233215547706,0.013250883392226152,0.893166812274091,0.022064927068995904,0.0,0.0,0.0,0.0,0.0,0.0,0.0,0.0,0.0,0.0,0.0,0.0,0.0,0.0,0.0,0.0,0.0,0.0,0.0,0.0,0.0,0.0,0.0,0.0,0.05671077504725899,3.37429111531191,15.155954631379966,10.42060491493384,0.9782608695652176,0.014177693761814748,0.409,0.01428,0.0,0.0,0.0,0.0,0.0,0.0,0.0,0.0,0.0,0.0,0.013250883392226152,8.268551236749106,20.234098939929332,1.484098939929329,0.0,0.0,0.0,0.0,0.0,0.0,0.0,0.0,0.0,0.0,0.0,0.0,0.0,0.0,0.0,0.0,0.4092,0.01406,0.0,0.0,0.0,0.0,0.0,0.0,0.0,0.0,0.0,0.0,0.04253308128544424,7.670132325141766,21.13894139886579,1.1483931947069945,0.0,0.0,0.0,0.0,0.0,0.0,0.0,0.0,0.0,0.0,0.0,0.0,0.0,0.0,0.0,0.0
87000,4594,2439,0.5309098824553766,1158,894,0.44666956900304744,1267,0.5515890291684806,0.414,3.037587006960557,3.1200240534229717,6.602543720190779,2.1979307836703037,8309.235734416996,428.872149038879,7853.0,8732.812319809198,8712.346848672278,5.761739674417284,7853.0,0.0,28.52960383108402,20.958530658770265,33.20671106557377,19.252555877868563,0.12755768393556813,0.09947757945145842,0.09490639965171964,0.08619939050936004,0.08228123639529822,0.07749238136700043,0.07030909882455376,0.061166739225076185,0.056595559425337394,0.055071832825424466,0.05071832825424467,0.03939921636917719,0.03286895951240749,0.026991728341314757,0.01784936874183718,0.013713539399216369,0.007400957771005659,0.8951292627912322,0.022139360110512582,0.0,0.0,0.0,0.0,0.0,0.0,0.0,0.0,0.0,0.0,0.0,0.0,0.0,0.0,0.0,0.0,0.0,0.0,0.0,0.0,0.0,0.0,0.0,0.0,0.09142359599477581,2.8994340444057474,14.706138441445367,11.016543317370486,1.2472790596430128,0.039181541140618205,4.240895422652857,2.928443549716836,nan,nan,nan,4.3059452237808955,2.952290087122641,4.175802139037433,2.9029263353458736,0.969775954411889,0.4094,0.01378,0.0,0.0,0.0,0.0,0.0,0.0,0.0,0.0,0.0,0.0,0.019590770570309102,7.601218981279919,21.125380931649982,1.2538093164997826,0.0,0.0,0.0,0.0,0.0,0.0,0.0,0.0,0.0,0.0,0.0,0.0,0.0,0.0,0.0,0.0,nan,nan,4.240895422652857,2.928443549716836,nan,0.4094,0.06573,0.0,0.0,0.0,0.0,0.0,0.0,0.0,0.0,0.0,0.0,0.0,0.0,0.0,0.0,0.0,0.0,0.0,0.0,0.0,1.08837614279495e-05,4.3535045711798e-05,0.000587723117109273,0.0,0.0013387026556377884,0.006856769699608184,0.0012080975185023944,0.014671310404875924,0.005289508053983457,0.016358293426208096,0.03554636482368306,0.015933826730518068,0.004952111449717022,0.01673922507618633,0.022159338267305182,0.027579451458424033,0.020983892033086635,0.03525250326512843,0.03516543317370483,0.03170439703961689,0.04919460165433174,0.1064214192424902,0.07136482368306486,0.07454288202002612,0.08449063996517196,0.06817588158467566,0.046016543317370484,0.04121680452764476,0.015095777100565956,0.0195907705703091,0.02843926861123204,0.034686547670875055,0.016597736177622988,0.004201131911188507,0.006279930343926861,0.026142794949934697,0.0034828036569438396,0.008587287766652156,0.0014584240313452329,0.0016325642141924248,0.0,0.0,0.0,0.0,0.0,0.0,0.0,0.0,0.0,0.0,0.0,0.0,0.0,0.0,0.0,0.0,0.0,0.0,0.0,0.0,0.0,0.0,0.0,0.0,0.0,0.0,0.0,0.0,0.0,0.0,0.0,0.0,0.0,0.0,0.0,0.0,0.0,0.0,0.0,0.0,0.0,0.0,nan,nan,4.240895422652857,2.928443549716836,nan,0.8950716124151807,0.02200936986839134,0.0,0.0,0.0,0.0,0.0,0.0,0.0,0.0,0.0,0.0,0.0,0.0,0.0,0.0,0.0,0.0,0.0,0.0,0.0,0.0,0.0,0.0,0.0,0.0,0.13530135301353016,2.7921279212792136,14.587945879458797,11.377613776137764,1.0701107011070112,0.036900369003690044,0.8951945107110415,0.02228538672932381,0.0,0.0,0.0,0.0,0.0,0.0,0.0,0.0,0.0,0.0,0.0,0.0,0.0,0.0,0.0,0.0,0.0,0.0,0.0,0.0,0.0,0.0,0.0,0.0,0.04176334106728539,3.0208816705336434,14.83990719257541,10.60788863109049,1.4477958236658937,0.04176334106728539,0.4094,0.01384,0.0,0.0,0.0,0.0,0.0,0.0,0.0,0.0,0.0,0.0,0.02460024600246003,7.466174661746607,21.25461254612547,1.2546125461254614,0.0,0.0,0.0,0.0,0.0,0.0,0.0,0.0,0.0,0.0,0.0,0.0,0.0,0.0,0.0,0.0,0.4092,0.01371,0.0,0.0,0.0,0.0,0.0,0.0,0.0,0.0,0.0,0.0,0.01392111368909513,7.754060324825974,20.97911832946636,1.2529002320185616,0.0,0.0,0.0,0.0,0.0,0.0,0.0,0.0,0.0,0.0,0.0,0.0,0.0,0.0,0.0,0.0
87100,4467,2294,0.5135437653906425,1096,905,0.44795164539959703,1211,0.5421983434072084,0.45,2.9742291762540267,3.246617187675334,7.057040998217468,2.165264055007879,8294.122293916676,429.3527083550037,7853.0,8733.343981617689,8711.97702132772,6.036354901202158,7853.0,0.0,27.356391314081037,20.828285262746437,32.29588014981273,19.190985966421266,0.14237743451981194,0.10342511752854265,0.09670920080591,0.092455786881576,0.07812849787329304,0.08126259234385494,0.06559211999104544,0.062234161629729126,0.05104096709200806,0.04925005596597269,0.048802328184463846,0.03626595030221625,0.03022162525184688,0.02552048354600403,0.018580702932616967,0.011640922319229908,0.006492052831878218,0.893155297657668,0.022596964493097442,0.0,0.0,0.0,0.0,0.0,0.0,0.0,0.0,0.0,0.0,0.0,0.0,0.0,0.0,0.0,0.0,0.0,0.0,0.0,0.0,0.0,0.0,0.0,0.0,0.11417058428475489,3.5594358629953,14.862323707186034,10.42981867024849,1.0141034251175287,0.02014775016789792,4.312654212195982,3.022281007178608,nan,nan,nan,4.2343966712898755,3.0530190061778577,4.393548387096774,2.9880217182740365,1.0375854527012034,0.4097,0.0145,0.0,0.0,0.0,0.0,0.0,0.0,0.0,0.0,0.0,0.0,0.04029550033579584,7.803895231699116,20.55070517125588,1.6051040967092012,0.0,0.0,0.0,0.0,0.0,0.0,0.0,0.0,0.0,0.0,0.0,0.0,0.0,0.0,0.0,0.0,nan,nan,4.312654212195982,3.022281007178608,nan,0.4097,0.066,0.0,0.0,0.0,0.0,0.0,0.0,0.0,0.0,0.0,0.0,0.0,0.0,0.0,0.0,0.0,0.0,0.0,0.0,0.0,0.0,0.00012312513991493172,0.00040295500335795837,5.596597268860533e-05,0.0015558540407432282,0.00735392881128274,0.0013319901499888069,0.013980299977613611,0.004846653234833222,0.015558540407432282,0.03657935974927244,0.015681665547347214,0.004566823371390195,0.015849563465413028,0.024188493396015222,0.025923438549361986,0.02217371837922543,0.03389299306021939,0.03604208641146183,0.03300873069173942,0.047727781508842625,0.10917841952093127,0.06952093127378554,0.07674054175061562,0.07903514663084844,0.06518916498768748,0.047627042758003134,0.04232146854712335,0.01533467651667786,0.019867920304454893,0.02699798522498321,0.035527199462726665,0.019386612939332887,0.004454891426012984,0.005786881576001791,0.027076337586747257,0.0028206850235057085,0.009077680770091785,0.0011752854264607119,0.0019364226550257443,0.0,6.71591672263264e-05,3.35795836131632e-05,0.0,0.0,0.0,0.0,0.0,0.0,0.0,0.0,0.0,0.0,0.0,0.0,0.0,0.0,0.0,0.0,0.0,0.0,0.0,0.0,0.0,0.0,0.0,0.0,0.0,0.0,0.0,0.0,0.0,0.0,0.0,0.0,0.0,0.0,0.0,0.0,0.0,0.0,0.0,nan,nan,4.312654212195982,3.022281007178608,nan,0.8929819035706774,0.02286342822826855,0.0,0.0,0.0,0.0,0.0,0.0,0.0,0.0,0.0,0.0,0.0,0.0,0.0,0.0,0.0,0.0,0.0,0.0,0.0,0.0,0.0,0.0,0.0,0.0,0.14385353095030518,3.5963382737576293,14.869224062772453,10.357454228421972,1.0069747166521361,0.02615518744551003,0.8933383469147118,0.022310748268343176,0.0,0.0,0.0,0.0,0.0,0.0,0.0,0.0,0.0,0.0,0.0,0.0,0.0,0.0,0.0,0.0,0.0,0.0,0.0,0.0,0.0,0.0,0.0,0.0,0.08283479061205708,3.5204786010124263,14.855039116428904,10.506212609295906,1.0216290842153706,0.013805798435342848,0.41,0.01461,0.0,0.0,0.0,0.0,0.0,0.0,0.0,0.0,0.0,0.0,0.05231037489102006,7.755013077593712,20.531822144725375,1.660854402789887,0.0,0.0,0.0,0.0,0.0,0.0,0.0,0.0,0.0,0.0,0.0,0.0,0.0,0.0,0.0,0.0,0.4094,0.0144,0.0,0.0,0.0,0.0,0.0,0.0,0.0,0.0,0.0,0.0,0.027611596870685696,7.8554993097100665,20.570639668660842,1.5462494247583989,0.0,0.0,0.0,0.0,0.0,0.0,0.0,0.0,0.0,0.0,0.0,0.0,0.0,0.0,0.0,0.0
87200,4961,2535,0.5109856883692804,1186,1048,0.45031243700866763,1411,0.5688369280387019,0.40599999999999997,2.951772464962902,3.123545490252824,6.678195488721805,2.1546012434265274,8291.955476304516,429.4341563378023,7853.0,8732.480278724432,8712.036732917835,5.721353338456074,7853.0,0.0,27.610360814351946,20.914314528522628,32.743341404358354,19.169461828677367,0.14231001814150374,0.10643015521064302,0.08788550695424309,0.08667607337230397,0.08808707921789961,0.07276758718000403,0.07095343680709534,0.060471679096956256,0.05623866156016932,0.05019149365047369,0.044749042531747635,0.03890344688570853,0.03043741181213465,0.026607538802660754,0.01854464825639992,0.012699052610360815,0.006047167909695626,0.8934628961668263,0.022227033203649167,0.0,0.0,0.0,0.0,0.0,0.0,0.0,0.0,0.0,0.0,0.0,0.0,0.0,0.0,0.0,0.0,0.0,0.0,0.0,0.0,0.0,0.0,0.0,0.0,0.16327353356178195,3.217093327958074,14.876033057851243,10.679298528522478,1.0461600483773434,0.01814150372908688,4.256200941915227,2.9539075592459794,nan,nan,nan,4.26372239747634,2.9281365439640488,4.2489055659787365,2.9801233951162347,0.9965249070843886,0.4097,0.01403,0.0,0.0,0.0,0.0,0.0,0.0,0.0,0.0,0.0,0.0,0.01814150372908688,7.413827857286827,20.95343680709535,1.6145938318887325,0.0,0.0,0.0,0.0,0.0,0.0,0.0,0.0,0.0,0.0,0.0,0.0,0.0,0.0,0.0,0.0,nan,nan,4.256200941915227,2.9539075592459794,nan,0.4097,0.06555,0.0,0.0,0.0,0.0,0.0,0.0,0.0,0.0,0.0,0.0,0.0,0.0,0.0,0.0,0.0,0.0,0.0,0.0,0.0,0.0,0.0001914936504736948,0.00034267284821608545,6.047167909695626e-05,0.0021366659947591213,0.006047167909695626,0.0015621850433380367,0.012769602902640597,0.004575690385003024,0.0142410804273332,0.0381576295101794,0.016488611167103408,0.005674259221931062,0.016055230800241887,0.02261640798226164,0.025811328361217495,0.021900826446280993,0.03330981656924007,0.035698447893569844,0.03318887321104616,0.04676476516831284,0.10892965127998387,0.07190082644628099,0.0761640798226164,0.0799939528320903,0.06690183430759927,0.04933481152993348,0.04171537996371699,0.014855875831485588,0.020469663374319692,0.025942350332594236,0.03655513001411006,0.019411408990122957,0.0042733319895182425,0.0048377343277565005,0.02615400120943358,0.0020560370892965126,0.009826647853255393,0.0011892763555734732,0.0018040717597258616,0.0,0.0,9.070751864543439e-05,0.0,0.0,0.0,0.0,0.0,0.0,0.0,0.0,0.0,0.0,0.0,0.0,0.0,0.0,0.0,0.0,0.0,0.0,0.0,0.0,0.0,0.0,0.0,0.0,0.0,0.0,0.0,0.0,0.0,0.0,0.0,0.0,0.0,0.0,0.0,0.0,0.0,0.0,0.0,nan,nan,4.256200941915227,2.9539075592459794,nan,0.8936467870687828,0.022215288216685284,0.0,0.0,0.0,0.0,0.0,0.0,0.0,0.0,0.0,0.0,0.0,0.0,0.0,0.0,0.0,0.0,0.0,0.0,0.0,0.0,0.0,0.0,0.0,0.0,0.1656804733727811,3.0650887573964503,14.982248520710062,10.639053254437872,1.1479289940828403,0.0,0.8932707430602889,0.022237674648495454,0.0,0.0,0.0,0.0,0.0,0.0,0.0,0.0,0.0,0.0,0.0,0.0,0.0,0.0,0.0,0.0,0.0,0.0,0.0,0.0,0.0,0.0,0.0,0.0,0.16075845012366038,3.375927452596868,14.76504534212696,10.721352019785659,0.9398186314921684,0.037098103874690855,0.4094,0.01395,0.0,0.0,0.0,0.0,0.0,0.0,0.0,0.0,0.0,0.0,0.023668639053254444,7.597633136094663,20.863905325443792,1.5147928994082844,0.0,0.0,0.0,0.0,0.0,0.0,0.0,0.0,0.0,0.0,0.0,0.0,0.0,0.0,0.0,0.0,0.4102,0.01411,0.0,0.0,0.0,0.0,0.0,0.0,0.0,0.0,0.0,0.0,0.012366034624896953,7.221764220939808,21.046990931574616,1.7188788128606765,0.0,0.0,0.0,0.0,0.0,0.0,0.0,0.0,0.0,0.0,0.0,0.0,0.0,0.0,0.0,0.0
87300,4714,2515,0.5335171828595673,1173,940,0.44823928722952905,1281,0.5434874840899449,0.442,3.0486584811277853,3.136995833116333,6.704132231404959,2.025473995916682,8311.37033482908,428.6282292148966,7853.0,8731.048409307003,8712.148214069297,5.722023399468155,7853.0,0.0,28.581883750530334,21.075419113477142,33.45771643663739,19.26450064233792,0.1353415358506576,0.09439966058549003,0.09079338141705558,0.087611370386084,0.07785320322443784,0.07488332626219771,0.0731862537123462,0.06554942723801442,0.05515485787017395,0.05303351718285957,0.04518455663979635,0.04391175222740772,0.03818413237165889,0.02609249045396691,0.021213406873143825,0.010818837505303353,0.0067882901994060245,0.8938120876549157,0.02217954445726918,0.0,0.0,0.0,0.0,0.0,0.0,0.0,0.0,0.0,0.0,0.0,0.0,0.0,0.0,0.0,0.0,0.0,0.0,0.0,0.0,0.0,0.0,0.0,0.0,0.09546033092914724,3.226559185405177,14.955451845566401,10.557912600763686,1.1391599490878237,0.0254560882477726,4.247245625405055,2.9446366762019083,nan,nan,nan,4.2164276401564535,2.9687799705170024,4.27770618556701,2.9202577022745264,1.0145332851978655,0.41,0.01371,0.0,0.0,0.0,0.0,0.0,0.0,0.0,0.0,0.0,0.0,0.0,7.165888841747974,21.42129826050064,1.4128128977513792,0.0,0.0,0.0,0.0,0.0,0.0,0.0,0.0,0.0,0.0,0.0,0.0,0.0,0.0,0.0,0.0,nan,nan,4.247245625405055,2.9446366762019083,nan,0.41,0.0658,0.0,0.0,0.0,0.0,0.0,0.0,0.0,0.0,0.0,0.0,0.0,0.0,0.0,0.0,0.0,0.0,0.0,0.0,0.0,0.0,0.00027577428935086977,0.0004985150615188799,4.2426813746287656e-05,0.0018879932117098007,0.0054518455663979636,0.0023759015697921086,0.012653797199830293,0.00421086126431905,0.015570640644887569,0.03759015697921086,0.017776834959694527,0.00609885447602885,0.016641917691981332,0.02134068731438269,0.02494696648281714,0.021330080610946118,0.033008061094611796,0.035065761561306745,0.03205345778532032,0.04823928722952906,0.10827322868052609,0.0712982605006364,0.07541366143402631,0.07934874840899449,0.0674480271531608,0.05004242681374629,0.04161009758167162,0.014976665252439542,0.021658888417479847,0.026962240135765803,0.03682647433177769,0.01883750530335172,0.004136614340263046,0.0051230377598642345,0.02573186253712346,0.0026198557488332627,0.00992787441663131,0.0009439966058549003,0.0016122189223589309,0.0,0.0,0.0001484938481120068,0.0,0.0,0.0,0.0,0.0,0.0,0.0,0.0,0.0,0.0,0.0,0.0,0.0,0.0,0.0,0.0,0.0,0.0,0.0,0.0,0.0,0.0,0.0,0.0,0.0,0.0,0.0,0.0,0.0,0.0,0.0,0.0,0.0,0.0,0.0,0.0,0.0,0.0,0.0,nan,nan,4.247245625405055,2.9446366762019083,nan,0.8937501013871453,0.0222639318578261,0.0,0.0,0.0,0.0,0.0,0.0,0.0,0.0,0.0,0.0,0.0,0.0,0.0,0.0,0.0,0.0,0.0,0.0,0.0,0.0,0.0,0.0,0.0,0.0,0.11928429423459247,3.2087475149105376,14.898608349900599,10.675944333996027,1.0735586481113322,0.023856858846918495,0.8938829814536619,0.02208242182716004,0.0,0.0,0.0,0.0,0.0,0.0,0.0,0.0,0.0,0.0,0.0,0.0,0.0,0.0,0.0,0.0,0.0,0.0,0.0,0.0,0.0,0.0,0.0,0.0,0.06821282401091407,3.2469304229195095,15.020463847203278,10.422919508867668,1.2141882673942703,0.02728512960436563,0.41,0.01368,0.0,0.0,0.0,0.0,0.0,0.0,0.0,0.0,0.0,0.0,0.0,7.025844930417485,21.673956262425452,1.300198807157058,0.0,0.0,0.0,0.0,0.0,0.0,0.0,0.0,0.0,0.0,0.0,0.0,0.0,0.0,0.0,0.0,0.41,0.01375,0.0,0.0,0.0,0.0,0.0,0.0,0.0,0.0,0.0,0.0,0.0,7.326057298772159,21.132332878581177,1.541609822646658,0.0,0.0,0.0,0.0,0.0,0.0,0.0,0.0,0.0,0.0,0.0,0.0,0.0,0.0,0.0,0.0
87400,5008,2526,0.5043929712460063,1221,1062,0.455870607028754,1454,0.5806709265175719,0.35799999999999993,2.9383561643835616,3.0859020554825944,6.61951909476662,2.086750360530527,8286.19800835286,429.4285124661476,7853.0,8729.575097465515,8711.850208167505,5.833118570258289,7853.0,0.0,28.29932108626198,20.726213885586745,33.098747932908104,18.941719481495685,0.134185303514377,0.09464856230031948,0.09345047923322684,0.08686102236421725,0.0832667731629393,0.07108626198083066,0.07148562300319489,0.06729233226837061,0.05970447284345048,0.05511182108626198,0.050119808306709264,0.041932907348242815,0.031749201277955275,0.025159744408945688,0.01577476038338658,0.010383386581469648,0.007787539936102236,0.8930285303546979,0.022378366445827157,0.0,0.0,0.0,0.0,0.0,0.0,0.0,0.0,0.0,0.0,0.0,0.0,0.0,0.0,0.0,0.0,0.0,0.0,0.0,0.0,0.0,0.0,0.0,0.0,0.14376996805111825,3.3965654952076685,15.329472843450482,10.063897763578277,1.0543130990415337,0.01198083067092652,4.257719351880159,2.8933843612925205,nan,nan,nan,4.319174757281553,2.8994176346199816,4.195317313616759,2.8859064779326586,0.9713238174824979,0.4092,0.01357,0.0,0.0,0.0,0.0,0.0,0.0,0.0,0.0,0.0,0.0,0.02396166134185304,7.308306709265166,21.517571884984033,1.150159744408946,0.0,0.0,0.0,0.0,0.0,0.0,0.0,0.0,0.0,0.0,0.0,0.0,0.0,0.0,0.0,0.0,nan,nan,4.257719351880159,2.8933843612925205,nan,0.4092,0.0656,0.0,0.0,0.0,0.0,0.0,0.0,0.0,0.0,0.0,0.0,0.0,0.0,0.0,0.0,0.0,0.0,0.0,0.0,0.0,0.0,0.00036940894568690096,0.000439297124600639,1.9968051118210863e-05,0.0020966453674121405,0.005471246006389777,0.003294728434504792,0.01217052715654952,0.0044728434504792336,0.016134185303514376,0.037290335463258786,0.018200878594249202,0.006369808306709265,0.017621805111821088,0.021026357827476038,0.02231429712460064,0.02157547923322684,0.03473442492012779,0.03301717252396166,0.030950479233226837,0.052266373801916934,0.11349840255591054,0.06915934504792333,0.07136581469648562,0.07695686900958466,0.07000798722044728,0.05102835463258786,0.042052715654952076,0.016992811501597444,0.020487220447284345,0.02608825878594249,0.03430511182108626,0.020027955271565496,0.003913738019169329,0.005181709265175719,0.024900159744408946,0.0023462460063897765,0.009864217252396166,0.000718849840255591,0.0010483226837060702,0.0,0.0,0.0002196485623003195,0.0,0.0,0.0,0.0,0.0,0.0,0.0,0.0,0.0,0.0,0.0,0.0,0.0,0.0,0.0,0.0,0.0,0.0,0.0,0.0,0.0,0.0,0.0,0.0,0.0,0.0,0.0,0.0,0.0,0.0,0.0,0.0,0.0,0.0,0.0,0.0,0.0,0.0,0.0,nan,nan,4.257719351880159,2.8933843612925205,nan,0.8931970828738556,0.022712831488691194,0.0,0.0,0.0,0.0,0.0,0.0,0.0,0.0,0.0,0.0,0.0,0.0,0.0,0.0,0.0,0.0,0.0,0.0,0.0,0.0,0.0,0.0,0.0,0.0,0.11876484560570073,3.562945368171022,15.095011876484563,10.083135391923994,1.140142517814727,0.0,0.8928569897973279,0.022031435664544262,0.0,0.0,0.0,0.0,0.0,0.0,0.0,0.0,0.0,0.0,0.0,0.0,0.0,0.0,0.0,0.0,0.0,0.0,0.0,0.0,0.0,0.0,0.0,0.0,0.16921837228041905,3.2272360999194207,15.568090249798553,10.044319097502017,0.9669621273166803,0.02417405318291701,0.4092,0.01337,0.0,0.0,0.0,0.0,0.0,0.0,0.0,0.0,0.0,0.0,0.011876484560570074,7.4109263657957145,21.591448931116396,0.9857482185273161,0.0,0.0,0.0,0.0,0.0,0.0,0.0,0.0,0.0,0.0,0.0,0.0,0.0,0.0,0.0,0.0,0.4094,0.01378,0.0,0.0,0.0,0.0,0.0,0.0,0.0,0.0,0.0,0.0,0.03626107977437551,7.203867848509256,21.442385173247388,1.317485898468977,0.0,0.0,0.0,0.0,0.0,0.0,0.0,0.0,0.0,0.0,0.0,0.0,0.0,0.0,0.0,0.0
87500,4334,2256,0.5205353022611906,1061,828,0.4358560221504384,1174,0.5417628057221966,0.442,2.9470644850818095,3.097095498391887,6.442372881355932,2.351898143608402,8300.017130338292,429.04047240695445,7853.0,8735.813020640611,8711.764292059463,5.829980774634773,7853.0,0.0,28.3158744808491,21.0043536471753,33.055010893246184,19.315935431689258,0.1326718966312875,0.10198431010613752,0.09344716197508075,0.08906322104291647,0.07660359944623904,0.07521919704660822,0.06852791878172589,0.06275957544993079,0.05376095985233041,0.05791416705122289,0.048454083987078914,0.04337794185509922,0.032302722658052604,0.02722658052607291,0.01961236732810337,0.008075680664513151,0.00899861559760037,0.893140784622504,0.022259253788721435,0.0,0.0,0.0,0.0,0.0,0.0,0.0,0.0,0.0,0.0,0.0,0.0,0.0,0.0,0.0,0.0,0.0,0.0,0.0,0.0,0.0,0.0,0.0,0.0,0.10383017997231198,3.3917858790955244,15.152284263959395,10.28610982925704,1.0452238117212738,0.020766035994462393,4.235398860398861,2.8890574420714525,nan,nan,nan,4.211387900355872,2.9068844279212964,4.25944404846757,2.870892878605207,1.011411000185387,0.4094,0.013885,0.0,0.0,0.0,0.0,0.0,0.0,0.0,0.0,0.0,0.0,0.03461005999077066,7.565759113982453,21.132902630364562,1.266728195662206,0.0,0.0,0.0,0.0,0.0,0.0,0.0,0.0,0.0,0.0,0.0,0.0,0.0,0.0,0.0,0.0,nan,nan,4.235398860398861,2.8890574420714525,nan,0.4094,0.06537,0.0,0.0,0.0,0.0,0.0,0.0,0.0,0.0,0.0,0.0,0.0,0.0,0.0,0.0,0.0,0.0,0.0,0.0,0.0,0.0,0.0004845408398707891,0.0005883710198431011,0.0,0.0014074757729580065,0.004580064605445316,0.0030226119058606366,0.011963544070143054,0.0052030456852791875,0.015159206275957545,0.03795569912321181,0.0175703737886479,0.004972311952007384,0.01975080756806645,0.022634979233964004,0.0218158744808491,0.020916012921089064,0.03347946469773881,0.03565989847715736,0.029603137978772495,0.055433779418550995,0.11341716658975542,0.06682048915551454,0.0732233502538071,0.07550761421319797,0.06901245962159668,0.04950392247346562,0.04206275957544993,0.018885556068297185,0.02018920166128288,0.02671896631287494,0.03465620673742501,0.02065066912782649,0.003472542685740655,0.0049261652053530225,0.024157821873557913,0.0026995846792801106,0.009806183664051685,0.0003922473465620674,0.001165205353022612,1.1536686663590216e-05,0.0,0.0005191508998615597,0.0,0.0,0.0,0.0,0.0,0.0,0.0,0.0,0.0,0.0,0.0,0.0,0.0,0.0,0.0,0.0,0.0,0.0,0.0,0.0,0.0,0.0,0.0,0.0,0.0,0.0,0.0,0.0,0.0,0.0,0.0,0.0,0.0,0.0,0.0,0.0,0.0,0.0,0.0,nan,nan,4.235398860398861,2.8890574420714525,nan,0.8930203386760772,0.02258253450766001,0.0,0.0,0.0,0.0,0.0,0.0,0.0,0.0,0.0,0.0,0.0,0.0,0.0,0.0,0.0,0.0,0.0,0.0,0.0,0.0,0.0,0.0,0.0,0.0,0.09308510638297875,3.5638297872340434,14.853723404255323,10.412234042553193,1.0505319148936172,0.02659574468085107,0.8932715478829172,0.02190212971627616,0.0,0.0,0.0,0.0,0.0,0.0,0.0,0.0,0.0,0.0,0.0,0.0,0.0,0.0,0.0,0.0,0.0,0.0,0.0,0.0,0.0,0.0,0.0,0.0,0.1154956689124158,3.205004812319539,15.476419634263719,10.149181905678539,1.0394610202117422,0.014436958614051976,0.409,0.01343,0.0,0.0,0.0,0.0,0.0,0.0,0.0,0.0,0.0,0.0,0.039893617021276605,7.4999999999999885,21.40957446808511,1.0505319148936172,0.0,0.0,0.0,0.0,0.0,0.0,0.0,0.0,0.0,0.0,0.0,0.0,0.0,0.0,0.0,0.0,0.41,0.01435,0.0,0.0,0.0,0.0,0.0,0.0,0.0,0.0,0.0,0.0,0.02887391722810395,7.637151106833483,20.832531280077,1.5014436958614057,0.0,0.0,0.0,0.0,0.0,0.0,0.0,0.0,0.0,0.0,0.0,0.0,0.0,0.0,0.0,0.0
87600,4557,2405,0.5277594908931315,1180,904,0.4573184112354619,1266,0.5556287030941409,0.422,3.086431226765799,3.201846861318817,6.761075949367089,2.1812355938207775,8306.222425470285,428.74268205350324,7853.0,8731.842046910524,8711.766982481533,5.904549247466775,7853.0,0.0,28.071318850120694,20.662134793242267,32.973416731821736,18.824784236889773,0.13868773315777924,0.09282422646477946,0.09150757077024359,0.0912881281544876,0.08053543998244458,0.07921878428790871,0.06605222734254992,0.06429668641650209,0.05968839148562651,0.056177309633530834,0.045205178845731844,0.0456440640772438,0.032916392363396975,0.020847048496818083,0.018213737107746323,0.01206934386657889,0.0048277375466315555,0.892798782729098,0.022209694206646913,0.0,0.0,0.0,0.0,0.0,0.0,0.0,0.0,0.0,0.0,0.0,0.0,0.0,0.0,0.0,0.0,0.0,0.0,0.0,0.0,0.0,0.0,0.0,0.0,0.09874917709019095,3.495720868992759,15.319289005924954,10.078999341672155,0.9940750493745888,0.013166556945358792,4.280389523169912,3.0398558445192316,nan,nan,nan,4.248648648648649,3.0452108276210264,4.313293253173013,3.034654604175109,1.0152153331259637,0.4092,0.01441,0.0,0.0,0.0,0.0,0.0,0.0,0.0,0.0,0.0,0.0,0.032916392363396975,8.110599078341002,20.309414088215934,1.547070441079658,0.0,0.0,0.0,0.0,0.0,0.0,0.0,0.0,0.0,0.0,0.0,0.0,0.0,0.0,0.0,0.0,nan,nan,4.280389523169912,3.0398558445192316,nan,0.4092,0.06525,0.0,0.0,0.0,0.0,0.0,0.0,0.0,0.0,0.0,0.0,0.0,0.0,0.0,0.0,0.0,0.0,0.0,0.0,0.0,0.0,0.00042791310072416065,0.0006034671933289444,2.1944261575597983e-05,0.0014483212639894668,0.004948430985297345,0.0027210884353741495,0.011893789773974105,0.005859117840684661,0.01683124862848365,0.03546192670616634,0.017643186306780776,0.005562870309414088,0.021220100943603246,0.021450515690147026,0.02293175334649989,0.019958305903006363,0.03170945797673908,0.03516567917489576,0.030908492429229755,0.056023699802501645,0.11278253236778582,0.06675444371296906,0.0750164581961817,0.07508229098090849,0.06584375685758175,0.05280886548167654,0.04282422646477946,0.01804915514592934,0.020682466535001096,0.025378538512179066,0.03609831029185868,0.021757735352205397,0.0030831687513715165,0.004630239192451174,0.022229536976080756,0.0026003949967083606,0.009392143954355937,0.00048277375466315557,0.0014263770024138687,1.0972130787798991e-05,0.0,0.0002743032696949748,0.0,0.0,0.0,0.0,0.0,0.0,0.0,0.0,0.0,0.0,0.0,0.0,0.0,0.0,0.0,0.0,0.0,0.0,0.0,0.0,0.0,0.0,0.0,0.0,0.0,0.0,0.0,0.0,0.0,0.0,0.0,0.0,0.0,0.0,0.0,0.0,0.0,0.0,0.0,nan,nan,4.280389523169912,3.0398558445192316,nan,0.8930320610871186,0.0220405639544519,0.0,0.0,0.0,0.0,0.0,0.0,0.0,0.0,0.0,0.0,0.0,0.0,0.0,0.0,0.0,0.0,0.0,0.0,0.0,0.0,0.0,0.0,0.0,0.0,0.09979209979209981,3.405405405405406,15.106029106029109,10.365904365904369,1.0103950103950106,0.012474012474012476,0.8925380789879086,0.022394321930130995,0.0,0.0,0.0,0.0,0.0,0.0,0.0,0.0,0.0,0.0,0.0,0.0,0.0,0.0,0.0,0.0,0.0,0.0,0.0,0.0,0.0,0.0,0.0,0.0,0.0975836431226766,3.596654275092938,15.557620817843869,9.758364312267659,0.975836431226766,0.013940520446096658,0.409,0.01446,0.0,0.0,0.0,0.0,0.0,0.0,0.0,0.0,0.0,0.0,0.024948024948024953,8.357588357588346,20.083160083160084,1.5343035343035347,0.0,0.0,0.0,0.0,0.0,0.0,0.0,0.0,0.0,0.0,0.0,0.0,0.0,0.0,0.0,0.0,0.4094,0.01434,0.0,0.0,0.0,0.0,0.0,0.0,0.0,0.0,0.0,0.0,0.04182156133828997,7.834572490706308,20.562267657992567,1.5613382899628256,0.0,0.0,0.0,0.0,0.0,0.0,0.0,0.0,0.0,0.0,0.0,0.0,0.0,0.0,0.0,0.0
87700,4473,2372,0.5302928683210373,1119,881,0.44712720769058795,1204,0.5383411580594679,0.438,3.0157068062827226,3.210412740519451,6.806228373702422,2.333114102433372,8308.283734340574,428.50903764919474,7853.0,8733.369726353883,8711.551493973602,5.945261375188082,7853.0,0.0,27.553543483120947,20.88219448660271,32.72715053763441,19.097824411615797,0.14956405097250167,0.100380058126537,0.09277889559579701,0.08204784261122289,0.08316566063044936,0.07869438855354348,0.06662195394589761,0.0594679186228482,0.05387882852671585,0.05365526492287056,0.04896042924211938,0.037111558238318805,0.03040465012295998,0.029063268499888217,0.018332215515314106,0.009166107757657053,0.00670690811535882,0.8922429769171876,0.022591612635036364,0.0,0.0,0.0,0.0,0.0,0.0,0.0,0.0,0.0,0.0,0.0,0.0,0.0,0.0,0.0,0.0,0.0,0.0,0.0,0.0,0.0,0.0,0.0,0.0,0.1609657947686117,3.648558014755199,15.057008718980553,10.06036217303823,1.0596914822266936,0.013413816230717643,4.292674377847879,3.011755033568997,nan,nan,nan,4.258268824771288,3.045770401856091,4.3256464011180995,2.977935253949431,1.0158227625167442,0.409,0.0142,0.0,0.0,0.0,0.0,0.0,0.0,0.0,0.0,0.0,0.0,0.040241448692152924,8.021462105969137,20.724346076458755,1.2139503688799465,0.0,0.0,0.0,0.0,0.0,0.0,0.0,0.0,0.0,0.0,0.0,0.0,0.0,0.0,0.0,0.0,nan,nan,4.292674377847879,3.011755033568997,nan,0.409,0.0654,0.0,0.0,0.0,0.0,0.0,0.0,0.0,0.0,0.0,0.0,0.0,0.0,0.0,0.0,0.0,0.0,0.0,0.0,0.0,0.0,0.0003241672255756763,0.000447127207690588,4.47127207690588e-05,0.0015873015873015873,0.004594232059020791,0.0023250614799910575,0.01246367091437514,0.005801475519785379,0.018354571875698635,0.0363514419852448,0.01739324837916387,0.00537670467247932,0.022557567627990164,0.020668455175497428,0.023820701989716073,0.01886876816454281,0.03298680974737313,0.03385870780236978,0.02680527610105075,0.0581377151799687,0.11215068186899173,0.06917057902973396,0.07360831656606305,0.0739995528727923,0.06685669572993516,0.04995528727923094,0.04469036440867427,0.018712273641851105,0.022244578582606752,0.025005589090096134,0.0359713838587078,0.02150681868991728,0.0022468142186452046,0.005141962888441762,0.0217862731947239,0.003040465012295998,0.00837245696400626,0.0004806617482673821,0.0019561815336463224,0.0,1.11781801922647e-05,0.0003018108651911469,2.23563603845294e-05,0.0,0.0,0.0,0.0,0.0,0.0,0.0,0.0,0.0,0.0,0.0,0.0,0.0,0.0,0.0,0.0,0.0,0.0,0.0,0.0,0.0,0.0,0.0,0.0,0.0,0.0,0.0,0.0,0.0,0.0,0.0,0.0,0.0,0.0,0.0,0.0,0.0,0.0,nan,nan,4.292674377847879,3.011755033568997,nan,0.89200511320948,0.022421860300442874,0.0,0.0,0.0,0.0,0.0,0.0,0.0,0.0,0.0,0.0,0.0,0.0,0.0,0.0,0.0,0.0,0.0,0.0,0.0,0.0,0.0,0.0,0.0,0.0,0.17706576728499163,3.617200674536257,15.202360876897137,9.966273187183813,1.024451939291737,0.01264755480607083,0.8925115217599683,0.022778755717311583,0.0,0.0,0.0,0.0,0.0,0.0,0.0,0.0,0.0,0.0,0.0,0.0,0.0,0.0,0.0,0.0,0.0,0.0,0.0,0.0,0.0,0.0,0.0,0.0,0.14278914802475015,3.6839600190385537,14.892908138981442,10.166587339362211,1.099476439790576,0.014278914802475015,0.409,0.01435,0.0,0.0,0.0,0.0,0.0,0.0,0.0,0.0,0.0,0.0,0.037942664418212486,8.423271500843159,20.274030354131536,1.2647554806070829,0.0,0.0,0.0,0.0,0.0,0.0,0.0,0.0,0.0,0.0,0.0,0.0,0.0,0.0,0.0,0.0,0.4092,0.01402,0.0,0.0,0.0,0.0,0.0,0.0,0.0,0.0,0.0,0.0,0.04283674440742504,7.567824845311745,21.232746311280348,1.156592099000476,0.0,0.0,0.0,0.0,0.0,0.0,0.0,0.0,0.0,0.0,0.0,0.0,0.0,0.0,0.0,0.0
87800,4884,2479,0.5075757575757576,1152,1011,0.4428746928746929,1390,0.5692055692055692,0.39399999999999996,2.9413721413721414,3.090508134412603,6.586053412462908,2.1657945486173658,8288.833192964317,429.29940057077584,7853.0,8730.963319653272,8711.656439869996,5.8834240995432445,7853.0,0.0,28.102784602784602,20.95686261170993,33.01922141119221,19.203643469616768,0.138001638001638,0.09582309582309582,0.09623259623259624,0.08845208845208845,0.07903357903357904,0.07678132678132678,0.07063882063882064,0.0604013104013104,0.05835380835380835,0.050778050778050775,0.047092547092547093,0.0386977886977887,0.03726453726453727,0.02620802620802621,0.019041769041769043,0.010442260442260442,0.006756756756756757,0.8919608096037606,0.022095402239078313,0.0,0.0,0.0,0.0,0.0,0.0,0.0,0.0,0.0,0.0,0.0,0.0,0.0,0.0,0.0,0.0,0.0,0.0,0.0,0.0,0.0,0.0,0.0,0.0,0.11056511056511059,3.771498771498772,15.202702702702705,10.085995085995089,0.8230958230958233,0.006142506142506144,4.29047619047619,2.89044481037332,nan,nan,nan,4.287421383647799,2.869668798156865,4.293589743589743,2.9114645069585547,1.00143871091502,0.4094,0.0141,0.0,0.0,0.0,0.0,0.0,0.0,0.0,0.0,0.0,0.0,0.012285012285012288,7.659705159705149,20.829238329238336,1.498771498771499,0.0,0.0,0.0,0.0,0.0,0.0,0.0,0.0,0.0,0.0,0.0,0.0,0.0,0.0,0.0,0.0,nan,nan,4.29047619047619,2.89044481037332,nan,0.4094,0.065,0.0,0.0,0.0,0.0,0.0,0.0,0.0,0.0,0.0,0.0,0.0,0.0,0.0,0.0,0.0,0.0,0.0,0.0,0.0,0.0,0.0004095004095004095,0.0005016380016380017,5.118755118755119e-05,0.0014332514332514332,0.0036138411138411136,0.0021601146601146603,0.011988124488124488,0.006644144144144144,0.01720925470925471,0.03664004914004914,0.01721949221949222,0.004944717444717445,0.02277846027846028,0.02066953316953317,0.02325962325962326,0.018765356265356265,0.03292383292383293,0.0324017199017199,0.026453726453726453,0.05986895986895987,0.11449631449631449,0.06805896805896806,0.07365888615888616,0.07407862407862408,0.06658476658476659,0.049068386568386566,0.04667280917280917,0.01895986895986896,0.02247133497133497,0.024959049959049958,0.03505323505323505,0.02364864864864865,0.002631040131040131,0.005722768222768223,0.022102784602784604,0.0021601146601146603,0.007043407043407043,0.0006552006552006552,0.0015151515151515152,0.0,1.0237510237510238e-05,0.0003583128583128583,0.00015356265356265356,0.0,0.0,0.0,0.0,0.0,0.0,0.0,0.0,0.0,0.0,0.0,0.0,0.0,0.0,0.0,0.0,0.0,0.0,0.0,0.0,0.0,0.0,0.0,0.0,0.0,0.0,0.0,0.0,0.0,0.0,0.0,0.0,0.0,0.0,0.0,0.0,0.0,0.0,nan,nan,4.29047619047619,2.89044481037332,nan,0.8918631337447819,0.02216128111365509,0.0,0.0,0.0,0.0,0.0,0.0,0.0,0.0,0.0,0.0,0.0,0.0,0.0,0.0,0.0,0.0,0.0,0.0,0.0,0.0,0.0,0.0,0.0,0.0,0.09681323114158938,3.8846308995562735,15.127067365873339,10.032271077047199,0.8592174263816057,0.0,0.8920614908737848,0.022026836781486443,0.0,0.0,0.0,0.0,0.0,0.0,0.0,0.0,0.0,0.0,0.0,0.0,0.0,0.0,0.0,0.0,0.0,0.0,0.0,0.0,0.0,0.0,0.0,0.0,0.12474012474012476,3.6548856548856556,15.280665280665284,10.141372141372143,0.785862785862786,0.012474012474012476,0.4094,0.01413,0.0,0.0,0.0,0.0,0.0,0.0,0.0,0.0,0.0,0.0,0.012101653892698672,7.478822105687767,21.008471157724895,1.5006050826946353,0.0,0.0,0.0,0.0,0.0,0.0,0.0,0.0,0.0,0.0,0.0,0.0,0.0,0.0,0.0,0.0,0.4094,0.01408,0.0,0.0,0.0,0.0,0.0,0.0,0.0,0.0,0.0,0.0,0.012474012474012476,7.846153846153835,20.644490644490652,1.4968814968814972,0.0,0.0,0.0,0.0,0.0,0.0,0.0,0.0,0.0,0.0,0.0,0.0,0.0,0.0,0.0,0.0
87900,4749,2399,0.5051589808380712,1141,974,0.44535691724573595,1346,0.5668561802484734,0.41,2.993191489361702,3.063018332259433,6.489051094890511,2.0601069645575465,8286.734635256245,429.30293690448354,7853.0,8731.603056544065,8711.61016374819,5.932568219407863,7853.0,0.0,28.012844809433567,20.91259783109678,32.95865697820095,19.145162663726495,0.13771320277953253,0.10275847546851968,0.08865024215624343,0.0890713834491472,0.08128026953042745,0.07285744367235207,0.07075173720783323,0.06696146557169931,0.05411665613813434,0.05285323225942304,0.045062118340703304,0.04232469993682881,0.03200673826068646,0.027584754685196885,0.01958307012002527,0.010739102969046115,0.005685407454200884,0.8918684390274493,0.022443408659378154,0.0,0.0,0.0,0.0,0.0,0.0,0.0,0.0,0.0,0.0,0.0,0.0,0.0,0.0,0.0,0.0,0.0,0.0,0.0,0.0,0.0,0.0,0.0,0.0063171193935565185,0.12634238787113078,3.676563487049906,15.413771320277956,9.778900821225523,0.9728363866077071,0.025268477574226157,4.290375203915171,2.831745354292086,nan,nan,nan,4.335467349551856,2.8660017688094177,4.241011984021305,2.7941771370760264,0.978213337129545,0.4092,0.01389,0.0,0.0,0.0,0.0,0.0,0.0,0.0,0.0,0.0,0.0,0.012634238787113079,7.757422615287418,21.004421983575497,1.2255211623499687,0.0,0.0,0.0,0.0,0.0,0.0,0.0,0.0,0.0,0.0,0.0,0.0,0.0,0.0,0.0,0.0,nan,nan,4.290375203915171,2.831745354292086,nan,0.4092,0.0651,0.0,0.0,0.0,0.0,0.0,0.0,0.0,0.0,0.0,0.0,0.0,0.0,0.0,0.0,0.0,0.0,0.0,0.0,0.0,0.0,0.0006106548747104654,0.00015792798483891344,6.317119393556538e-05,0.001737207833228048,0.003874499894714677,0.0023373341756159193,0.01018109075594862,0.00574857864813645,0.01682459465150558,0.03790271636133923,0.01866708780795957,0.003958728153295431,0.022836386607706885,0.02160454832596336,0.02471046536112866,0.02169930511686671,0.03217519477784797,0.03471257106759318,0.028016424510423247,0.05901242366814066,0.11148662876395031,0.06528742893240683,0.0748157506843546,0.07420509580964414,0.06299220888608129,0.04918930301116024,0.04570435881238155,0.01941461360286376,0.022657401558222785,0.025594862076226573,0.033385975994946304,0.02620551695093704,0.0032533164876816173,0.005453779743103812,0.021246578226995157,0.0023373341756159193,0.006243419667298379,0.0011581385554853654,0.0021057064645188463,3.158559696778269e-05,0.0,0.0003158559696778269,8.422825858075385e-05,0.0,0.0,0.0,0.0,0.0,0.0,0.0,0.0,0.0,0.0,0.0,0.0,0.0,0.0,0.0,0.0,0.0,0.0,0.0,0.0,0.0,0.0,0.0,0.0,0.0,0.0,0.0,0.0,0.0,0.0,0.0,0.0,0.0,0.0,0.0,0.0,0.0,0.0,nan,nan,4.290375203915171,2.831745354292086,nan,0.8917493012956204,0.022533047610043273,0.0,0.0,0.0,0.0,0.0,0.0,0.0,0.0,0.0,0.0,0.0,0.0,0.0,0.0,0.0,0.0,0.0,0.0,0.0,0.0,0.0,0.0,0.0,0.012505210504376784,0.11254689453939144,3.714047519799917,15.381408920383496,9.716548561900794,1.0504376823676533,0.012505210504376826,0.8919900609077291,0.022350874798061866,0.0,0.0,0.0,0.0,0.0,0.0,0.0,0.0,0.0,0.0,0.0,0.0,0.0,0.0,0.0,0.0,0.0,0.0,0.0,0.0,0.0,0.0,0.0,0.0,0.14042553191489365,3.6382978723404262,15.4468085106383,9.842553191489364,0.8936170212765959,0.03829787234042554,0.4094,0.01408,0.0,0.0,0.0,0.0,0.0,0.0,0.0,0.0,0.0,0.0,0.012505210504376826,7.615673197165475,21.033764068361823,1.3380575239683206,0.0,0.0,0.0,0.0,0.0,0.0,0.0,0.0,0.0,0.0,0.0,0.0,0.0,0.0,0.0,0.0,0.409,0.013695,0.0,0.0,0.0,0.0,0.0,0.0,0.0,0.0,0.0,0.0,0.012765957446808513,7.902127659574457,20.974468085106388,1.1106382978723406,0.0,0.0,0.0,0.0,0.0,0.0,0.0,0.0,0.0,0.0,0.0,0.0,0.0,0.0,0.0,0.0
88000,4650,2416,0.5195698924731182,1119,937,0.4421505376344086,1268,0.5453763440860215,0.434,2.9695613249776187,3.140968078483612,6.720447284345048,2.111915939926802,8299.04864570685,428.9397022279877,7853.0,8730.583234930038,8711.495944758628,5.838143753460588,7853.0,0.0,27.789677419354838,20.91203442439089,32.67835209825998,19.234204652253972,0.13741935483870968,0.1043010752688172,0.09870967741935484,0.08408602150537635,0.0810752688172043,0.07397849462365591,0.06559139784946237,0.06516129032258064,0.05741935483870968,0.04989247311827957,0.04924731182795699,0.03806451612903226,0.03204301075268817,0.025376344086021504,0.019139784946236558,0.012258064516129033,0.006236559139784947,0.8919422121586338,0.022168666850327656,0.0,0.0,0.0,0.0,0.0,0.0,0.0,0.0,0.0,0.0,0.0,0.0,0.0,0.0,0.0,0.0,0.0,0.0,0.0,0.0,0.0,0.0,0.0,0.0,0.12903225806451615,3.8322580645161297,15.122580645161294,10.038709677419357,0.8645161290322583,0.012903225806451616,4.313049357674104,2.9234148513513003,nan,nan,nan,4.280666666666667,2.909162460609964,4.346364883401921,2.9376331343477617,1.015347660037826,0.4087,0.01443,0.0,0.0,0.0,0.0,0.0,0.0,0.0,0.0,0.0,0.0,0.05806451612903227,8.251612903225794,20.303225806451618,1.3870967741935487,0.0,0.0,0.0,0.0,0.0,0.0,0.0,0.0,0.0,0.0,0.0,0.0,0.0,0.0,0.0,0.0,nan,nan,4.313049357674104,2.9234148513513003,nan,0.4087,0.06537,0.0,0.0,0.0,0.0,0.0,0.0,0.0,0.0,0.0,0.0,0.0,0.0,0.0,0.0,0.0,0.0,0.0,0.0,0.0,0.0,0.0003225806451612903,2.150537634408602e-05,0.00013978494623655913,0.0016989247311827956,0.0035913978494623655,0.002709677419354839,0.009645161290322581,0.006043010752688172,0.017612903225806453,0.03973118279569893,0.018978494623655914,0.004075268817204301,0.024580645161290323,0.021731182795698925,0.02489247311827957,0.022956989247311828,0.031526881720430104,0.03666666666666667,0.026010752688172042,0.058956989247311825,0.11129032258064517,0.06298924731182795,0.0718494623655914,0.0765483870967742,0.06406451612903226,0.04859139784946236,0.045365591397849465,0.018118279569892475,0.02193548387096774,0.023548387096774193,0.034333333333333334,0.027,0.0034731182795698923,0.006053763440860215,0.021387096774193547,0.0024623655913978493,0.005032258064516129,0.0014301075268817205,0.002172043010752688,0.0,0.0,0.0003440860215053763,0.00011827956989247312,0.0,0.0,0.0,0.0,0.0,0.0,0.0,0.0,0.0,0.0,0.0,0.0,0.0,0.0,0.0,0.0,0.0,0.0,0.0,0.0,0.0,0.0,0.0,0.0,0.0,0.0,0.0,0.0,0.0,0.0,0.0,0.0,0.0,0.0,0.0,0.0,0.0,0.0,nan,nan,4.313049357674104,2.9234148513513003,nan,0.8917137460400727,0.022325135936961223,0.0,0.0,0.0,0.0,0.0,0.0,0.0,0.0,0.0,0.0,0.0,0.0,0.0,0.0,0.0,0.0,0.0,0.0,0.0,0.0,0.0,0.0,0.0,0.0,0.11175496688741725,3.998344370860928,14.937913907284772,10.082781456953644,0.8443708609271525,0.02483443708609272,0.8921892910048486,0.02199552713996934,0.0,0.0,0.0,0.0,0.0,0.0,0.0,0.0,0.0,0.0,0.0,0.0,0.0,0.0,0.0,0.0,0.0,0.0,0.0,0.0,0.0,0.0,0.0,0.0,0.14771709937332142,3.6526410026857663,15.32229185317816,9.991047448522831,0.8863025962399286,0.0,0.409,0.014275,0.0,0.0,0.0,0.0,0.0,0.0,0.0,0.0,0.0,0.0,0.0620860927152318,7.947019867549657,20.525662251655636,1.4652317880794705,0.0,0.0,0.0,0.0,0.0,0.0,0.0,0.0,0.0,0.0,0.0,0.0,0.0,0.0,0.0,0.0,0.4082,0.01458,0.0,0.0,0.0,0.0,0.0,0.0,0.0,0.0,0.0,0.0,0.05371530886302597,8.581020590868384,20.0626678603402,1.3025962399283797,0.0,0.0,0.0,0.0,0.0,0.0,0.0,0.0,0.0,0.0,0.0,0.0,0.0,0.0,0.0,0.0
88100,4866,2485,0.5106863953966296,1140,1000,0.4397862720920674,1383,0.5684340320591862,0.414,2.978160436791264,3.1290904748497645,6.647147147147147,2.059942409899236,8291.491092882692,429.2374847302311,7853.0,8731.39250420928,8711.63084827653,5.816570136838289,7853.0,0.0,27.680435676120016,20.885829023095795,32.7437223042836,19.151397477389654,0.14406083025071928,0.10069872585285655,0.09432799013563502,0.09042334566378955,0.07768187422934648,0.07583230579531443,0.06452938758734073,0.060624743115495275,0.06103575832305795,0.05014385532264694,0.0458281956432388,0.043773119605425403,0.032675709001233046,0.02322235922729141,0.018084669132757913,0.009658857377722976,0.007398273736128237,0.8927190050978843,0.02202026868538527,0.0,0.0,0.0,0.0,0.0,0.0,0.0,0.0,0.0,0.0,0.0,0.0,0.0,0.0,0.0,0.0,0.0,0.0,0.0,0.0,0.0,0.0,0.0,0.0,0.11097410604192358,3.372379778051789,15.345252774352653,10.246609124537612,0.9247842170160298,0.0,4.371935483870968,2.940274201997909,nan,nan,nan,4.419375398342893,2.9322117099079117,4.323318092749837,2.94772189424851,0.9782645064211846,0.4087,0.01414,0.0,0.0,0.0,0.0,0.0,0.0,0.0,0.0,0.0,0.0,0.018495684340320596,8.17509247842169,20.561035758323065,1.24537607891492,0.0,0.0,0.0,0.0,0.0,0.0,0.0,0.0,0.0,0.0,0.0,0.0,0.0,0.0,0.0,0.0,nan,nan,4.371935483870968,2.940274201997909,nan,0.4087,0.06525,0.0,0.0,0.0,0.0,0.0,0.0,0.0,0.0,0.0,0.0,0.0,0.0,0.0,0.0,0.0,0.0,0.0,0.0,0.0,0.0,0.0005137690094533497,2.055076037813399e-05,0.00011302918207973695,0.0014693793670365804,0.0037196876284422524,0.002527743526510481,0.009741060419235512,0.006576243321002877,0.018146321413892313,0.038183312782572955,0.018793670365803535,0.0040382244143033295,0.02530826140567201,0.022482531853678586,0.024578709412248254,0.023417591450883683,0.02930538429921907,0.03598438142211262,0.0260891903000411,0.05805589806822852,0.11341964652692149,0.06311138512124949,0.07332511302918208,0.07666461159062886,0.06395396629675298,0.04699958898479244,0.04505754212905878,0.01856761200164406,0.02225647348951911,0.02582203041512536,0.03436087135224003,0.025287710645293875,0.0033600493218249074,0.005528154541718043,0.022215371968762845,0.002301685162351007,0.004356761200164406,0.0014385532264693795,0.002270859021783806,0.0,1.0275380189066995e-05,0.0004829428688861488,0.00014385532264693795,0.0,0.0,0.0,0.0,0.0,0.0,0.0,0.0,0.0,0.0,0.0,0.0,0.0,0.0,0.0,0.0,0.0,0.0,0.0,0.0,0.0,0.0,0.0,0.0,0.0,0.0,0.0,0.0,0.0,0.0,0.0,0.0,0.0,0.0,0.0,0.0,0.0,0.0,nan,nan,4.371935483870968,2.940274201997909,nan,0.8924380053217023,0.022181436239123848,0.0,0.0,0.0,0.0,0.0,0.0,0.0,0.0,0.0,0.0,0.0,0.0,0.0,0.0,0.0,0.0,0.0,0.0,0.0,0.0,0.0,0.0,0.0,0.0,0.13279678068410464,3.440643863179075,15.525150905432598,9.887323943661974,1.0140845070422537,0.0,0.8930122786988135,0.021846939561822376,0.0,0.0,0.0,0.0,0.0,0.0,0.0,0.0,0.0,0.0,0.0,0.0,0.0,0.0,0.0,0.0,0.0,0.0,0.0,0.0,0.0,0.0,0.0,0.0,0.08819823603527932,3.3011339773204544,15.157496850063001,10.621587568248637,0.8315833683326336,0.0,0.409,0.014015,0.0,0.0,0.0,0.0,0.0,0.0,0.0,0.0,0.0,0.0,0.0,8.136820925553309,20.64386317907445,1.2193158953722336,0.0,0.0,0.0,0.0,0.0,0.0,0.0,0.0,0.0,0.0,0.0,0.0,0.0,0.0,0.0,0.0,0.4084,0.01427,0.0,0.0,0.0,0.0,0.0,0.0,0.0,0.0,0.0,0.0,0.03779924401511971,8.215035699286002,20.474590508189838,1.27257454850903,0.0,0.0,0.0,0.0,0.0,0.0,0.0,0.0,0.0,0.0,0.0,0.0,0.0,0.0,0.0,0.0
88200,4763,2488,0.5223598572328364,1163,952,0.44404786899013227,1317,0.5530128070543775,0.418,2.9881318681318683,3.1315957776314187,6.695178849144635,2.1031913299795906,8301.468659836071,428.8624104831295,7853.0,8733.179941439628,8711.543499517364,5.7471390677159295,7853.0,0.0,28.677934075162714,21.22823174415822,33.53945409429281,19.4541978272426,0.13499895024144445,0.09615788368675204,0.09174889775351669,0.08419063615368465,0.08419063615368465,0.06697459584295612,0.07390300230946882,0.06592483728742389,0.05647701028763384,0.0516481209321856,0.04681923157673735,0.04366995591014067,0.03485198404366996,0.028343480999370146,0.01868570228847365,0.012807054377493177,0.008608020155364266,0.891903202773492,0.022387523200875836,0.0,0.0,0.0,0.0,0.0,0.0,0.0,0.0,0.0,0.0,0.0,0.0,0.0,0.0,0.0,0.0,0.0,0.0,0.0,0.0,0.0,0.0,0.0,0.0062985513331933465,0.13856812933025406,3.810623556581987,15.393659458324588,9.699769053117784,0.944782699979005,0.006298551333193367,4.224082421120412,2.9263352621688905,nan,nan,nan,4.231809401159047,2.919674652153124,4.216355441081777,2.9329603894972127,0.9963481436396836,0.409,0.01341,0.0,0.0,0.0,0.0,0.0,0.0,0.0,0.0,0.0,0.0,0.0188956539995801,7.696829729162282,21.219819441528454,1.064455175309679,0.0,0.0,0.0,0.0,0.0,0.0,0.0,0.0,0.0,0.0,0.0,0.0,0.0,0.0,0.0,0.0,nan,nan,4.224082421120412,2.9263352621688905,nan,0.409,0.06506,0.0,0.0,0.0,0.0,0.0,0.0,0.0,0.0,0.0,0.0,0.0,0.0,0.0,0.0,0.0,0.0,0.0,0.0,0.0,0.0,0.000797816502204493,6.298551333193365e-05,0.00015746378332983415,0.0015536426621876969,0.0034117153054797397,0.0023094688221709007,0.010172160403107285,0.006519000629855133,0.01862271677514172,0.035964728112534115,0.01792987612849045,0.0040835607810203655,0.02425992021834978,0.023609069913919797,0.024658828469452027,0.022538316187276926,0.027314717614948563,0.038379172790258244,0.026222968717195046,0.05957379802645391,0.11032962418643712,0.06731051858072644,0.07071173630065085,0.0768633214360697,0.0645181608230107,0.045559521310098675,0.04744908671005669,0.018202813352928827,0.024700818811673315,0.025152214990552174,0.03451606130589965,0.024669326055007348,0.0033382322065924836,0.005910140667646441,0.023357127860592065,0.0015641402477430191,0.004366995591014067,0.000797816502204493,0.0017321016166281756,1.0497585555322276e-05,0.0,0.0007138358177619147,8.398068444257821e-05,0.0,0.0,0.0,0.0,0.0,0.0,0.0,0.0,0.0,0.0,0.0,0.0,0.0,0.0,0.0,0.0,0.0,0.0,0.0,0.0,0.0,0.0,0.0,0.0,0.0,0.0,0.0,0.0,0.0,0.0,0.0,0.0,0.0,0.0,0.0,0.0,0.0,0.0,nan,nan,4.224082421120412,2.9263352621688905,nan,0.8920934736920323,0.02236700592358696,0.0,0.0,0.0,0.0,0.0,0.0,0.0,0.0,0.0,0.0,0.0,0.0,0.0,0.0,0.0,0.0,0.0,0.0,0.0,0.0,0.0,0.0,0.0,0.0,0.1326366559485531,3.8946945337620584,15.156752411575566,9.911575562700968,0.8922829581993571,0.012057877813504826,0.8916951174788422,0.022408090406514876,0.0,0.0,0.0,0.0,0.0,0.0,0.0,0.0,0.0,0.0,0.0,0.0,0.0,0.0,0.0,0.0,0.0,0.0,0.0,0.0,0.0,0.0,0.0,0.013186813186813147,0.14505494505494507,3.7186813186813197,15.652747252747256,9.46813186813187,1.0021978021978024,0.0,0.4087,0.0134,0.0,0.0,0.0,0.0,0.0,0.0,0.0,0.0,0.0,0.0,0.036173633440514476,7.8979099678456475,21.02893890675242,1.036977491961415,0.0,0.0,0.0,0.0,0.0,0.0,0.0,0.0,0.0,0.0,0.0,0.0,0.0,0.0,0.0,0.0,0.409,0.01343,0.0,0.0,0.0,0.0,0.0,0.0,0.0,0.0,0.0,0.0,0.0,7.4769230769230655,21.42857142857143,1.0945054945054946,0.0,0.0,0.0,0.0,0.0,0.0,0.0,0.0,0.0,0.0,0.0,0.0,0.0,0.0,0.0,0.0
88300,4797,2494,0.519908276005837,1231,970,0.45882843443819055,1318,0.5495101104857203,0.43,3.005210594876248,3.147546754920082,6.741140215716487,2.163755066555296,8299.26238985995,428.85435134984004,7853.0,8731.589127981662,8711.348309606328,5.819464087421787,7853.0,0.0,27.48217636022514,20.568264828335185,32.53135148638521,18.770161550280992,0.1440483635605587,0.10110485720241817,0.09380863039399624,0.08213466750052116,0.07900771315405462,0.07754846779237023,0.07358765895351262,0.06649989576818845,0.060662914321450906,0.057327496351886595,0.04127579737335835,0.03439649781113196,0.03377110694183865,0.02168021680216802,0.017094017094017096,0.009172399416301855,0.0068792995622263915,0.8911953703025641,0.022384203717311438,0.0,0.0,0.0,0.0,0.0,0.0,0.0,0.0,0.0,0.0,0.0,0.0,0.0,0.0,0.0,0.0,0.0,0.0,0.0,0.0,0.0,0.0,0.0,0.0,0.18136335209505947,3.9712320200125086,15.540963101938715,9.374609130706693,0.9130706691682303,0.01876172607879925,4.26871961102107,2.922124371128776,nan,nan,nan,4.3513862024500325,2.923205199668884,4.187214611872146,2.918469137172205,0.9622714273245959,0.4084,0.01352,0.0,0.0,0.0,0.0,0.0,0.0,0.0,0.0,0.0,0.0,0.01250781738586617,7.973733583489669,21.013133208255166,1.0006253908692935,0.0,0.0,0.0,0.0,0.0,0.0,0.0,0.0,0.0,0.0,0.0,0.0,0.0,0.0,0.0,0.0,nan,nan,4.26871961102107,2.922124371128776,nan,0.4084,0.0651,0.0,0.0,0.0,0.0,0.0,0.0,0.0,0.0,0.0,0.0,0.0,0.0,0.0,0.0,0.0,0.0,0.0,0.0,0.0,0.0,0.0008755472170106316,8.338544923910778e-05,0.0003439649781113196,0.0013550135501355014,0.00327287888263498,0.0019908276005836984,0.010589952053366688,0.00688972274338128,0.01890765061496769,0.03805503439649781,0.016666666666666666,0.003939962476547843,0.024317281634354804,0.022805920366895976,0.023952470293933707,0.02292057535959975,0.029257869501771942,0.03739837398373984,0.026693766937669377,0.06087137794454868,0.11053783614759224,0.06651031894934334,0.07096101730248072,0.07864290181363352,0.0642901813633521,0.04413174900979779,0.04569522618303106,0.018532416093391704,0.02367104440275172,0.024525745257452575,0.03396914738378153,0.024202626641651032,0.0033666875130289767,0.007014800917239942,0.02373358348968105,0.0013758599124452783,0.0047425474254742545,0.00046904315196998124,0.0017615176151761518,5.211590577444236e-05,0.0,0.0005941213258286429,3.1269543464665416e-05,0.0,0.0,0.0,0.0,0.0,0.0,0.0,0.0,0.0,0.0,0.0,0.0,0.0,0.0,0.0,0.0,0.0,0.0,0.0,0.0,0.0,0.0,0.0,0.0,0.0,0.0,0.0,0.0,0.0,0.0,0.0,0.0,0.0,0.0,0.0,0.0,0.0,0.0,nan,nan,4.26871961102107,2.922124371128776,nan,0.8913627315160266,0.02249615350143588,0.0,0.0,0.0,0.0,0.0,0.0,0.0,0.0,0.0,0.0,0.0,0.0,0.0,0.0,0.0,0.0,0.0,0.0,0.0,0.0,0.0,0.0,0.0,0.0,0.19246190858059348,3.945469125902166,15.613472333600644,9.2261427425822,0.9983961507618285,0.024057738572574185,0.8910141289363568,0.02226091536463447,0.0,0.0,0.0,0.0,0.0,0.0,0.0,0.0,0.0,0.0,0.0,0.0,0.0,0.0,0.0,0.0,0.0,0.0,0.0,0.0,0.0,0.0,0.0,0.0,0.16934433347807212,3.9991315675206263,15.462440295267045,9.535388623534521,0.8206686930091187,0.013026487190620932,0.4087,0.01347,0.0,0.0,0.0,0.0,0.0,0.0,0.0,0.0,0.0,0.0,0.012028869286287092,7.8428227746591705,21.122694466720134,1.0224538893344028,0.0,0.0,0.0,0.0,0.0,0.0,0.0,0.0,0.0,0.0,0.0,0.0,0.0,0.0,0.0,0.0,0.4084,0.01356,0.0,0.0,0.0,0.0,0.0,0.0,0.0,0.0,0.0,0.0,0.013026487190620932,8.115501519756828,20.894485453755973,0.9769865392965699,0.0,0.0,0.0,0.0,0.0,0.0,0.0,0.0,0.0,0.0,0.0,0.0,0.0,0.0,0.0,0.0
88400,4911,2526,0.51435552840562,1186,1032,0.4516391773569538,1397,0.5689268987986154,0.422,2.971069182389937,3.149856325869563,6.7125,2.2862018174255745,8294.319440856978,428.84551708792964,7853.0,8730.094797873497,8711.004661143555,5.7808914523522645,7853.0,0.0,27.545713703929952,20.726273009091067,32.61121951219512,18.935244489539702,0.14375890857259213,0.09692526980248421,0.09305640399104052,0.08878028914681328,0.08430054978619425,0.07330482590103848,0.07310120138464671,0.0661779678273264,0.059051109753614335,0.04907350845041743,0.041946650376705356,0.03868865811443698,0.03257992262268377,0.02443494196701283,0.01710445937690898,0.012624720016289961,0.005090612909794339,0.8904696398319283,0.022599581241707453,0.0,0.0,0.0,0.0,0.0,0.0,0.0,0.0,0.0,0.0,0.0,0.0,0.0,0.0,0.0,0.0,0.0,0.0,0.0,0.0,0.0,0.0,0.0,0.0,0.1527183872938302,4.215027489309714,15.46120952962737,9.285277947464877,0.879657910812462,0.006108735491753208,4.350063532401525,2.9154884767780147,nan,nan,nan,4.360969387755102,2.8802294195544516,4.339240506329114,2.9500232876797616,0.9950174194097764,0.408,0.01375,0.0,0.0,0.0,0.0,0.0,0.0,0.0,0.0,0.0,0.0,0.048869883934025665,8.430054978619413,20.470372632865004,1.050702504581552,0.0,0.0,0.0,0.0,0.0,0.0,0.0,0.0,0.0,0.0,0.0,0.0,0.0,0.0,0.0,0.0,nan,nan,4.350063532401525,2.9154884767780147,nan,0.408,0.06506,0.0,0.0,0.0,0.0,0.0,0.0,0.0,0.0,0.0,0.0,0.0,0.0,0.0,0.0,0.0,0.0,0.0,0.0,0.0,0.0,0.0007432294848299736,5.090612909794339e-05,0.0004683363877010792,0.0017715332926084302,0.0029729179393198943,0.0020769700671960903,0.010954998981877418,0.007829362655263693,0.017603339442068825,0.036784768886173894,0.015841987375279983,0.0038485033598045205,0.026471187130930565,0.023335369578497252,0.025697413968641825,0.02312156383628589,0.03105273874974547,0.037283648951333744,0.026318468743636733,0.05932600285074323,0.11422317246996538,0.06253308898391366,0.07179800447973936,0.07839543881083283,0.06477295866422317,0.04368763999185502,0.04600895947872124,0.01886581144369782,0.022989207900631237,0.02334555080431684,0.031938505396049685,0.02426186112807982,0.003257992262268377,0.0069130523315007126,0.024526572999389127,0.0013133781307269395,0.004988800651598452,0.0006923233557320301,0.0015373650987578905,0.0,0.0,0.00039706780696395846,0.0,0.0,0.0,0.0,0.0,0.0,0.0,0.0,0.0,0.0,0.0,0.0,0.0,0.0,0.0,0.0,0.0,0.0,0.0,0.0,0.0,0.0,0.0,0.0,0.0,0.0,0.0,0.0,0.0,0.0,0.0,0.0,0.0,0.0,0.0,0.0,0.0,0.0,0.0,nan,nan,4.350063532401525,2.9154884767780147,nan,0.8901493473602304,0.022620172352320975,0.0,0.0,0.0,0.0,0.0,0.0,0.0,0.0,0.0,0.0,0.0,0.0,0.0,0.0,0.0,0.0,0.0,0.0,0.0,0.0,0.0,0.0,0.0,0.0,0.1781472684085511,4.299287410926366,15.676959619952497,8.990498812351545,0.8551068883610453,0.0,0.8908088678333994,0.02257279716609966,0.0,0.0,0.0,0.0,0.0,0.0,0.0,0.0,0.0,0.0,0.0,0.0,0.0,0.0,0.0,0.0,0.0,0.0,0.0,0.0,0.0,0.0,0.0,0.0,0.1257861635220126,4.125786163522013,15.232704402515726,9.597484276729562,0.9056603773584908,0.01257861635220126,0.4082,0.01372,0.0,0.0,0.0,0.0,0.0,0.0,0.0,0.0,0.0,0.0,0.0475059382422803,8.230403800475047,20.665083135391928,1.0570071258907365,0.0,0.0,0.0,0.0,0.0,0.0,0.0,0.0,0.0,0.0,0.0,0.0,0.0,0.0,0.0,0.0,0.4077,0.01377,0.0,0.0,0.0,0.0,0.0,0.0,0.0,0.0,0.0,0.0,0.05031446540880504,8.641509433962252,20.26415094339623,1.0440251572327046,0.0,0.0,0.0,0.0,0.0,0.0,0.0,0.0,0.0,0.0,0.0,0.0,0.0,0.0,0.0,0.0
88500,4917,2468,0.5019320724018711,1158,1030,0.4449867805572504,1409,0.573113687207647,0.38599999999999995,2.8534095549203755,3.0128602829558266,6.460269865067466,1.991623068231907,8283.475100629332,428.83453757715927,7853.0,8730.560302311182,8710.636170905358,5.795001995086571,7853.0,0.0,27.94122432377466,20.841987694397112,32.832286128564526,19.09425380613381,0.1391092129347163,0.09985763677038845,0.0955867398820419,0.08765507423225544,0.08074028879398007,0.07097823876347366,0.06894447834045149,0.06101281269066504,0.061216188732967254,0.050030506406345335,0.052877770998576365,0.039048200122025624,0.0339637990644702,0.025625381330079317,0.018303843807199512,0.008338417734390889,0.006711409395973154,0.8896033805706939,0.022524098848757057,0.0,0.0,0.0,0.0,0.0,0.0,0.0,0.0,0.0,0.0,0.0,0.0,0.0,0.0,0.0,0.0,0.0,0.0,0.0,0.0,0.0,0.0,0.0,0.0,0.20134228187919467,4.344112263575352,15.875533862111046,8.791946308724834,0.7687614399023797,0.018303843807199516,4.194681861348528,2.7916616365574254,nan,nan,nan,4.163431433938635,2.764877714528133,4.22663252240717,2.818424393320301,1.0151800478694917,0.407,0.01313,0.0,0.0,0.0,0.0,0.0,0.0,0.0,0.0,0.0,0.0,0.04270896888346554,8.749237339841354,20.530811470408793,0.6772422208663821,0.0,0.0,0.0,0.0,0.0,0.0,0.0,0.0,0.0,0.0,0.0,0.0,0.0,0.0,0.0,0.0,nan,nan,4.194681861348528,2.7916616365574254,nan,0.407,0.0655,0.0,0.0,0.0,0.0,0.0,0.0,0.0,0.0,0.0,0.0,0.0,0.0,0.0,0.0,0.0,0.0,0.0,0.0,0.0,0.0,0.001199918649583079,0.00019320724018710597,0.000762660158633313,0.001901565995525727,0.0034065487085621314,0.002165954850518609,0.011083994305470815,0.009528167581858857,0.017368314012609316,0.03665853162497458,0.01729713239780354,0.0031523286556843604,0.02640837909294285,0.023408582468985153,0.025594874923733985,0.022218832621517186,0.032875737238153346,0.04068537726255847,0.02808623144193614,0.05613178767541183,0.1133109619686801,0.06159243441122636,0.07508643481797844,0.07800488102501525,0.06306691071791742,0.043878381126703274,0.04347162904209884,0.018924140736221274,0.02192393736017897,0.021578198088265204,0.0318995322351027,0.02359162090705715,0.0029082774049217002,0.008521456172462884,0.024059385804352247,0.0012812690665039658,0.004809843400447427,0.0004270896888346553,0.0012304250559284117,0.0,0.0,0.0003050640634533252,0.0,0.0,0.0,0.0,0.0,0.0,0.0,0.0,0.0,0.0,0.0,0.0,0.0,0.0,0.0,0.0,0.0,0.0,0.0,0.0,0.0,0.0,0.0,0.0,0.0,0.0,0.0,0.0,0.0,0.0,0.0,0.0,0.0,0.0,0.0,0.0,0.0,0.0,0.0,nan,nan,4.194681861348528,2.7916616365574254,nan,0.8897832994812698,0.02265898593640793,0.0,0.0,0.0,0.0,0.0,0.0,0.0,0.0,0.0,0.0,0.0,0.0,0.0,0.0,0.0,0.0,0.0,0.0,0.0,0.0,0.0,0.0,0.0,0.0,0.20664505672609404,4.3273905996758515,15.705024311183147,8.934359805510537,0.8144246353322531,0.012155591572123179,0.8894220658008689,0.022385880227740046,0.0,0.0,0.0,0.0,0.0,0.0,0.0,0.0,0.0,0.0,0.0,0.0,0.0,0.0,0.0,0.0,0.0,0.0,0.0,0.0,0.0,0.0,0.0,0.0,0.1959983666802777,4.360963658636178,16.047366271947737,8.648427929767253,0.7227439771335241,0.024499795835034713,0.407,0.01313,0.0,0.0,0.0,0.0,0.0,0.0,0.0,0.0,0.0,0.0,0.06077795786061589,8.448136142625597,20.737439222042145,0.7536466774716372,0.0,0.0,0.0,0.0,0.0,0.0,0.0,0.0,0.0,0.0,0.0,0.0,0.0,0.0,0.0,0.0,0.4067,0.01313,0.0,0.0,0.0,0.0,0.0,0.0,0.0,0.0,0.0,0.0,0.024499795835034713,9.052674561045311,20.322580645161295,0.6002449979583504,0.0,0.0,0.0,0.0,0.0,0.0,0.0,0.0,0.0,0.0,0.0,0.0,0.0,0.0,0.0,0.0
88600,4416,2297,0.5201539855072463,1090,880,0.4461050724637681,1226,0.5552536231884058,0.454,3.035394053798962,3.183127522415194,6.721202003338898,2.207303378469681,8299.108587480403,428.4965492178599,7853.0,8732.717064285278,8710.647158168682,5.947976449232728,7853.0,0.0,27.924139492753625,20.869046853180716,32.94133549608002,19.085827050860775,0.13949275362318841,0.10122282608695653,0.0948822463768116,0.08333333333333333,0.0817481884057971,0.07404891304347826,0.06680253623188406,0.0649909420289855,0.05683876811594203,0.058197463768115944,0.04642210144927536,0.03894927536231884,0.03238224637681159,0.025362318840579712,0.018115942028985508,0.010190217391304348,0.007019927536231884,0.8894496423772712,0.022990998809773094,0.0,0.0,0.0,0.0,0.0,0.0,0.0,0.0,0.0,0.0,0.0,0.0,0.0,0.0,0.0,0.0,0.0,0.0,0.0,0.0,0.0,0.0,0.0,0.0,0.25135869565217395,4.54483695652174,15.434782608695656,8.885869565217392,0.862771739130435,0.0203804347826087,4.296244296244296,2.9671164804374657,nan,nan,nan,4.279770444763271,2.9912461387135894,4.3120274914089345,2.943726455114876,1.0075370973892148,0.407,0.01354,0.0,0.0,0.0,0.0,0.0,0.0,0.0,0.0,0.0,0.0,0.027173913043478267,9.252717391304335,19.87092391304348,0.8491847826086959,0.0,0.0,0.0,0.0,0.0,0.0,0.0,0.0,0.0,0.0,0.0,0.0,0.0,0.0,0.0,0.0,nan,nan,4.296244296244296,2.9671164804374657,nan,0.407,0.0654,0.0,0.0,0.0,0.0,0.0,0.0,0.0,0.0,0.0,0.0,0.0,0.0,0.0,0.0,0.0,0.0,0.0,0.0,0.0,0.0,0.0012228260869565218,0.0001358695652173913,0.0008152173913043478,0.001958786231884058,0.0037817028985507248,0.0021173007246376814,0.010914855072463769,0.00926177536231884,0.01634963768115942,0.03726222826086956,0.018115942028985508,0.0027853260869565217,0.027139945652173914,0.02246376811594203,0.02355072463768116,0.02382246376811594,0.032302989130434785,0.04077219202898551,0.02865715579710145,0.05577445652173913,0.1145606884057971,0.0575294384057971,0.07871376811594202,0.07950634057971015,0.061650815217391304,0.04380661231884058,0.0419723731884058,0.01880661231884058,0.02387907608695652,0.021671195652173913,0.03172554347826087,0.024422554347826086,0.0024569746376811594,0.008457880434782608,0.02385643115942029,0.0010190217391304348,0.005072463768115942,0.00048686594202898553,0.0007472826086956522,0.0,1.1322463768115942e-05,0.00044157608695652174,0.0,0.0,0.0,0.0,0.0,0.0,0.0,0.0,0.0,0.0,0.0,0.0,0.0,0.0,0.0,0.0,0.0,0.0,0.0,0.0,0.0,0.0,0.0,0.0,0.0,0.0,0.0,0.0,0.0,0.0,0.0,0.0,0.0,0.0,0.0,0.0,0.0,0.0,0.0,nan,nan,4.296244296244296,2.9671164804374657,nan,0.8898343800668048,0.02307343687195409,0.0,0.0,0.0,0.0,0.0,0.0,0.0,0.0,0.0,0.0,0.0,0.0,0.0,0.0,0.0,0.0,0.0,0.0,0.0,0.0,0.0,0.0,0.0,0.0,0.24814976055724863,4.466695690030475,15.254680017414021,9.12929908576404,0.8619939050936005,0.039181541140618205,0.889032585995554,0.022893998691337954,0.0,0.0,0.0,0.0,0.0,0.0,0.0,0.0,0.0,0.0,0.0,0.0,0.0,0.0,0.0,0.0,0.0,0.0,0.0,0.0,0.0,0.0,0.0,0.0,0.2548371873525248,4.629542236904201,15.630014157621522,8.62199150542709,0.8636149126946675,0.0,0.407,0.01348,0.0,0.0,0.0,0.0,0.0,0.0,0.0,0.0,0.0,0.0,0.026121027427078804,9.351327818894196,19.83892033086635,0.7836308228123642,0.0,0.0,0.0,0.0,0.0,0.0,0.0,0.0,0.0,0.0,0.0,0.0,0.0,0.0,0.0,0.0,0.407,0.0136,0.0,0.0,0.0,0.0,0.0,0.0,0.0,0.0,0.0,0.0,0.028315243039169425,9.145823501651709,19.905615856536105,0.9202453987730064,0.0,0.0,0.0,0.0,0.0,0.0,0.0,0.0,0.0,0.0,0.0,0.0,0.0,0.0,0.0,0.0
88700,4749,2536,0.5340071594019794,1206,961,0.45630659086123393,1319,0.5554853653400716,0.418,3.033890646181654,3.136484010524638,6.736245954692556,2.157251671562163,8311.04149595789,427.90002203902174,7853.0,8729.281264209747,8710.744110529973,5.813116736170254,7853.0,0.0,27.683512318382817,20.5373759551017,32.53166458072591,18.781803195426264,0.1393977679511476,0.09938934512528953,0.09075594862076226,0.09138766056011792,0.08275426405559065,0.0753842914297747,0.07096230785428512,0.06485575910718046,0.05664350389555696,0.051168667087807956,0.04885238997683723,0.03895556959359865,0.034533586018109075,0.02379448304906296,0.016213939776795114,0.010528532322594231,0.004421983575489577,0.889114879412158,0.022185884509612817,0.0,0.0,0.0,0.0,0.0,0.0,0.0,0.0,0.0,0.0,0.0,0.0,0.0,0.0,0.0,0.0,0.0,0.0,0.0,0.0,0.0,0.0,0.0,0.0,0.18319646241313967,4.516740366392925,15.88123815540114,8.774478837650033,0.631711939355654,0.012634238787113079,4.272816166883963,2.946206810877935,nan,nan,nan,4.255360623781677,2.9245041759277273,4.289267015706806,2.96843604474465,1.0079679244423232,0.408,0.01383,0.0,0.0,0.0,0.0,0.0,0.0,0.0,0.0,0.0,0.0,0.04421983575489578,8.654453569172444,20.183196462413143,1.1181301326595074,0.0,0.0,0.0,0.0,0.0,0.0,0.0,0.0,0.0,0.0,0.0,0.0,0.0,0.0,0.0,0.0,nan,nan,4.272816166883963,2.946206810877935,nan,0.408,0.0653,0.0,0.0,0.0,0.0,0.0,0.0,0.0,0.0,0.0,0.0,0.0,0.0,0.0,0.0,0.0,0.0,0.0,0.0,0.0,0.0,0.0016740366392924827,7.369972625815961e-05,0.0009791535060012634,0.0020214782059380923,0.004264055590650663,0.0019372499473573385,0.010096862497367867,0.008738681827753211,0.014318803958728154,0.03555485365340071,0.017698462834280903,0.0027374184038745,0.024731522425773846,0.021436091808801853,0.027342598441777215,0.023204885238997684,0.03181722467887976,0.0401452937460518,0.028774478837650032,0.05590650663297536,0.11284480943356497,0.05785428511265529,0.08130132659507265,0.08202779532533165,0.06002316277110971,0.04456727732154138,0.040229522004632555,0.019393556538218573,0.02474205095809644,0.02246788797641609,0.033480732785849655,0.02287850073699726,0.002368919772583702,0.007970098968203833,0.026152874289324068,0.0011581385554853654,0.005759107180459044,0.00047378395451674036,0.0005158980838071173,2.1057064645188462e-05,3.158559696778269e-05,0.00028427037271004424,0.0,0.0,0.0,0.0,0.0,0.0,0.0,0.0,0.0,0.0,0.0,0.0,0.0,0.0,0.0,0.0,0.0,0.0,0.0,0.0,0.0,0.0,0.0,0.0,0.0,0.0,0.0,0.0,0.0,0.0,0.0,0.0,0.0,0.0,0.0,0.0,0.0,0.0,0.0,nan,nan,4.272816166883963,2.946206810877935,nan,0.8889324806090033,0.02215306914009937,0.0,0.0,0.0,0.0,0.0,0.0,0.0,0.0,0.0,0.0,0.0,0.0,0.0,0.0,0.0,0.0,0.0,0.0,0.0,0.0,0.0,0.0,0.0,0.0,0.2011041009463723,4.42429022082019,15.981861198738173,8.753943217665617,0.6388012618296531,0.0,0.8893239003632654,0.022221589077632203,0.0,0.0,0.0,0.0,0.0,0.0,0.0,0.0,0.0,0.0,0.0,0.0,0.0,0.0,0.0,0.0,0.0,0.0,0.0,0.0,0.0,0.0,0.0,0.0,0.16267510167193858,4.622684139177588,15.765928603705381,8.798011748757345,0.6235878897424312,0.027112516945323097,0.4084,0.013756,0.0,0.0,0.0,0.0,0.0,0.0,0.0,0.0,0.0,0.0,0.023659305993690857,8.60015772870661,20.3115141955836,1.0646687697160886,0.0,0.0,0.0,0.0,0.0,0.0,0.0,0.0,0.0,0.0,0.0,0.0,0.0,0.0,0.0,0.0,0.4077,0.0139,0.0,0.0,0.0,0.0,0.0,0.0,0.0,0.0,0.0,0.0,0.06778129236330774,8.71667419792136,20.036150022593766,1.1793944871215547,0.0,0.0,0.0,0.0,0.0,0.0,0.0,0.0,0.0,0.0,0.0,0.0,0.0,0.0,0.0,0.0
88800,4877,2516,0.5158909165470577,1167,980,0.44022964937461556,1334,0.5470576173877384,0.426,3.0059296908089794,3.154494113946178,6.761329305135952,2.0995935551901925,8295.50549563972,428.67745068681523,7853.0,8731.10091536641,8710.750120125163,5.625903935013113,7853.0,0.0,27.490055361902808,20.89915821176626,32.532056005895356,19.20460600591956,0.14619643223293008,0.09903629280295263,0.09903629280295263,0.08816895632561,0.07914701660857085,0.07750666393274554,0.0639737543571868,0.06212835759688333,0.05597703506253845,0.05105597703506254,0.04675005126102112,0.03588271478367849,0.03157678900963707,0.02932130408037728,0.0159934385892967,0.011892556899733443,0.006356366618823047,0.8896974171799227,0.021738319138763368,0.0,0.0,0.0,0.0,0.0,0.0,0.0,0.0,0.0,0.0,0.0,0.0,0.0,0.0,0.0,0.0,0.0,0.0,0.0,0.0,0.0,0.0,0.0,0.0,0.1230264506868977,4.176748000820177,16.17797826532705,8.833299159319255,0.6827968013122824,0.006151322534344886,4.3672609400324145,2.934337779222904,nan,nan,nan,4.326810176125244,2.9579867562588973,4.4068343004513215,2.9111368844995074,1.0184949468704774,0.4077,0.01369,0.0,0.0,0.0,0.0,0.0,0.0,0.0,0.0,0.0,0.0,0.030756612671724425,8.980930900143518,20.053311461964324,0.9350010252204226,0.0,0.0,0.0,0.0,0.0,0.0,0.0,0.0,0.0,0.0,0.0,0.0,0.0,0.0,0.0,0.0,nan,nan,4.3672609400324145,2.934337779222904,nan,0.4077,0.06537,0.0,0.0,0.0,0.0,0.0,0.0,0.0,0.0,0.0,0.0,0.0,0.0,0.0,0.0,0.0,0.0,0.0,0.0,0.0,0.0,0.0015583350420340374,0.00028706171826942795,0.000584375640762764,0.00220422390814025,0.004551978675415214,0.0018864055771990978,0.009708837400041009,0.008263276604469962,0.014394094730367029,0.036528603649784705,0.01721345089194177,0.0036805413163830225,0.024061923313512406,0.021468115644863645,0.029895427516916137,0.02403116670084068,0.03178183309411523,0.03930695099446381,0.03128972729136764,0.05470576173877384,0.1114619643223293,0.060785318843551366,0.07924953865080993,0.08209965142505639,0.059339758047980314,0.04318228419110109,0.03704121386098011,0.017890096370719706,0.026481443510354728,0.022257535370104574,0.03397580479803158,0.023508304285421364,0.002460529013737954,0.00832478982981341,0.027137584580684847,0.0008201763379126512,0.005228624154193152,0.0006766454787779372,0.000584375640762764,0.0,0.0,9.226983801517327e-05,0.0,0.0,0.0,0.0,0.0,0.0,0.0,0.0,0.0,0.0,0.0,0.0,0.0,0.0,0.0,0.0,0.0,0.0,0.0,0.0,0.0,0.0,0.0,0.0,0.0,0.0,0.0,0.0,0.0,0.0,0.0,0.0,0.0,0.0,0.0,0.0,0.0,0.0,0.0,nan,nan,4.3672609400324145,2.934337779222904,nan,0.8895039244751862,0.02135150434224148,0.0,0.0,0.0,0.0,0.0,0.0,0.0,0.0,0.0,0.0,0.0,0.0,0.0,0.0,0.0,0.0,0.0,0.0,0.0,0.0,0.0,0.0,0.0,0.0,0.09538950715421306,4.1971383147853745,16.263910969793326,8.81160572337043,0.6319554848966615,0.0,0.889903612709409,0.022141231417131115,0.0,0.0,0.0,0.0,0.0,0.0,0.0,0.0,0.0,0.0,0.0,0.0,0.0,0.0,0.0,0.0,0.0,0.0,0.0,0.0,0.0,0.0,0.0,0.0,0.15247776365946636,4.155019059720458,16.0864040660737,8.856416772554004,0.7369758576874208,0.01270648030495553,0.4077,0.0137,0.0,0.0,0.0,0.0,0.0,0.0,0.0,0.0,0.0,0.0,0.011923688394276632,9.002384737678842,20.04372019077902,0.9419713831478539,0.0,0.0,0.0,0.0,0.0,0.0,0.0,0.0,0.0,0.0,0.0,0.0,0.0,0.0,0.0,0.0,0.4077,0.01366,0.0,0.0,0.0,0.0,0.0,0.0,0.0,0.0,0.0,0.0,0.05082592121982212,8.958068614993634,20.063532401524782,0.9275730622617537,0.0,0.0,0.0,0.0,0.0,0.0,0.0,0.0,0.0,0.0,0.0,0.0,0.0,0.0,0.0,0.0
88900,4757,2545,0.5350010510826151,1245,915,0.454067689720412,1306,0.5490855581248686,0.418,3.02124773960217,3.112420529660685,6.496941896024465,2.2447675767633823,8311.996190285248,427.9360108205505,7853.0,8731.564096176624,8710.935118737492,5.765026041359489,7853.0,0.0,28.952701282320792,20.961892999499252,33.45731108930324,19.24949543792526,0.12591969728820684,0.09648938406558756,0.09039310489804499,0.08660920748370822,0.08009249527012824,0.07063275173428632,0.07525751524069792,0.06958166911919277,0.055917595122976664,0.05171326466260248,0.05423586293882699,0.04183308808072315,0.035526592390161864,0.030271179314694134,0.015766239226403196,0.01177212528904772,0.007988227874710952,0.8903488480345602,0.02260580559999821,0.0,0.0,0.0,0.0,0.0,0.0,0.0,0.0,0.0,0.0,0.0,0.0,0.0,0.0,0.0,0.0,0.0,0.0,0.0,0.0,0.0,0.0,0.0,0.006306495690561259,0.16396888795459327,4.162287155770445,15.62118982552029,9.081353794408242,0.9585873449653145,0.00630649569056128,4.133798351299936,2.915722641329942,nan,nan,nan,4.121951219512195,2.900226770414414,4.146708463949843,2.9311504176357284,1.0060061953961157,0.4075,0.013824,0.0,0.0,0.0,0.0,0.0,0.0,0.0,0.0,0.0,0.0,0.02522598276224512,8.94891738490644,19.991591339079253,1.0342652932520497,0.0,0.0,0.0,0.0,0.0,0.0,0.0,0.0,0.0,0.0,0.0,0.0,0.0,0.0,0.0,0.0,nan,nan,4.133798351299936,2.915722641329942,nan,0.4077,0.0651,0.0,0.0,0.0,0.0,0.0,0.0,0.0,0.0,0.0,0.0,0.0,0.0,0.0,0.0,0.0,0.0,0.0,0.0,0.0,2.1021652301870926e-05,0.0019129703594702543,0.0003468572629808703,0.00040992221988648305,0.002722303973092285,0.0050241749001471514,0.0015135589657347067,0.008156401093125919,0.008335085137691822,0.013842758040782005,0.03591549295774648,0.017458482236703803,0.0038469623712423795,0.024059281059491275,0.021746899306285473,0.02933571578726088,0.024763506411603953,0.03276224511246584,0.03952070632751734,0.03313012402774858,0.053373975194450286,0.11088921589236914,0.06209796089972672,0.08146941349590078,0.07784317847382805,0.05674795038890057,0.04462896783687198,0.038311961320159765,0.019381963422324996,0.02756989699390372,0.022535211267605635,0.033876392684465,0.023291990750472988,0.002018078620979609,0.007904141265503468,0.02666596594492327,0.0010195501366407399,0.004467101114147572,0.0007042253521126761,0.0003573680891318058,0.0,0.0,2.1021652301870926e-05,0.0,0.0,0.0,0.0,0.0,0.0,0.0,0.0,0.0,0.0,0.0,0.0,0.0,0.0,0.0,0.0,0.0,0.0,0.0,0.0,0.0,0.0,0.0,0.0,0.0,0.0,0.0,0.0,0.0,0.0,0.0,0.0,0.0,0.0,0.0,0.0,0.0,0.0,0.0,nan,nan,4.133798351299936,2.915722641329942,nan,0.8903673999904416,0.022559454244557395,0.0,0.0,0.0,0.0,0.0,0.0,0.0,0.0,0.0,0.0,0.0,0.0,0.0,0.0,0.0,0.0,0.0,0.0,0.0,0.0,0.0,0.0,0.0,0.011787819253438078,0.12966601178781928,4.231827111984283,15.607072691552066,9.01768172888016,1.0019646365422399,0.0,0.8903275032209444,0.02265899871130427,0.0,0.0,0.0,0.0,0.0,0.0,0.0,0.0,0.0,0.0,0.0,0.0,0.0,0.0,0.0,0.0,0.0,0.0,0.0,0.0,0.0,0.0,0.0,0.0,0.20343580470162753,4.082278481012659,15.637432188065103,9.154611211573238,0.9086799276672697,0.013562386980108502,0.4077,0.01387,0.0,0.0,0.0,0.0,0.0,0.0,0.0,0.0,0.0,0.0,0.011787819253438117,8.829076620825134,20.14538310412574,1.013752455795678,0.0,0.0,0.0,0.0,0.0,0.0,0.0,0.0,0.0,0.0,0.0,0.0,0.0,0.0,0.0,0.0,0.4075,0.01379,0.0,0.0,0.0,0.0,0.0,0.0,0.0,0.0,0.0,0.0,0.040687160940325505,9.08679927667268,19.81464737793852,1.0578661844484631,0.0,0.0,0.0,0.0,0.0,0.0,0.0,0.0,0.0,0.0,0.0,0.0,0.0,0.0,0.0,0.0
89000,4885,2522,0.5162743091095189,1178,996,0.44503582395087,1365,0.5588536335721597,0.422,2.9851883199322895,3.2128920367185794,6.904065040650407,2.2492419092888656,8296.053329926213,428.8794756353529,7853.0,8731.355365777015,8711.174273072782,5.719452869212987,7853.0,0.0,27.142067553735927,20.47089155978179,32.04135062392953,18.79655552409752,0.141453428863869,0.10931422722620267,0.09355168884339815,0.08966223132036848,0.07840327533265097,0.07553735926305015,0.07226202661207778,0.06427840327533266,0.05404298874104401,0.051995905834186285,0.04626407369498465,0.04012282497441146,0.030501535312180143,0.021084953940634595,0.017400204708290685,0.008802456499488229,0.0053224155578300925,0.8907225268890084,0.02239270810620305,0.0,0.0,0.0,0.0,0.0,0.0,0.0,0.0,0.0,0.0,0.0,0.0,0.0,0.0,0.0,0.0,0.0,0.0,0.0,0.0,0.0,0.0,0.0,0.0,0.11054247697031733,4.1760491299897655,15.672466734902766,9.175025588536338,0.8536335721596726,0.01228249744114637,4.426117952041477,3.006293619447972,nan,nan,nan,4.44299674267101,3.010596077092221,4.408387096774193,3.0026322825730154,0.9922102923091476,0.4082,0.01364,0.0,0.0,0.0,0.0,0.0,0.0,0.0,0.0,0.0,0.0,0.0,8.345957011258944,20.536335721596732,1.1177072671443196,0.0,0.0,0.0,0.0,0.0,0.0,0.0,0.0,0.0,0.0,0.0,0.0,0.0,0.0,0.0,0.0,nan,nan,4.426117952041477,3.006293619447972,nan,0.4082,0.0651,0.0,0.0,0.0,0.0,0.0,0.0,0.0,0.0,0.0,0.0,0.0,0.0,0.0,0.0,0.0,0.0,0.0,0.0,0.0,9.211873080859775e-05,0.0021084953940634595,0.0004196519959058342,0.0006243602865916069,0.0024974411463664276,0.005179119754350051,0.0014124872057318322,0.0072876151484135105,0.008996929375639713,0.014339815762538382,0.03349027635619243,0.01730808597748209,0.0034493346980552712,0.022384851586489254,0.02112589559877175,0.031228249744114638,0.025885363357215967,0.03178096212896622,0.041115660184237464,0.03188331627430911,0.05188331627430911,0.11115660184237462,0.06149437052200614,0.08235414534288639,0.07791197543500512,0.05682702149437052,0.046294779938587514,0.03779938587512794,0.018822927328556806,0.028157625383828044,0.022446264073694985,0.03299897645854657,0.025220061412487206,0.001985670419651996,0.009764585465711361,0.02578300921187308,0.001074718526100307,0.004431934493346981,0.0006755373592630501,0.0002354145342886387,0.0,0.0,7.164790174002048e-05,0.0,0.0,0.0,0.0,0.0,0.0,0.0,0.0,0.0,0.0,0.0,0.0,0.0,0.0,0.0,0.0,0.0,0.0,0.0,0.0,0.0,0.0,0.0,0.0,0.0,0.0,0.0,0.0,0.0,0.0,0.0,0.0,0.0,0.0,0.0,0.0,0.0,0.0,0.0,nan,nan,4.426117952041477,3.006293619447972,nan,0.890672551295192,0.022187694626212215,0.0,0.0,0.0,0.0,0.0,0.0,0.0,0.0,0.0,0.0,0.0,0.0,0.0,0.0,0.0,0.0,0.0,0.0,0.0,0.0,0.0,0.0,0.0,0.0,0.10705789056304522,4.139571768437748,15.713719270420304,9.254559873116575,0.7731958762886599,0.011895321173671692,0.8907758652079272,0.02260934381103693,0.0,0.0,0.0,0.0,0.0,0.0,0.0,0.0,0.0,0.0,0.0,0.0,0.0,0.0,0.0,0.0,0.0,0.0,0.0,0.0,0.0,0.0,0.0,0.0,0.11426153195090988,4.214980956411342,15.628438425730007,9.090139652983497,0.9394837071519258,0.012695725772323321,0.4084,0.01368,0.0,0.0,0.0,0.0,0.0,0.0,0.0,0.0,0.0,0.0,0.0,7.96986518636002,20.769230769230774,1.2609040444091995,0.0,0.0,0.0,0.0,0.0,0.0,0.0,0.0,0.0,0.0,0.0,0.0,0.0,0.0,0.0,0.0,0.4077,0.013596,0.0,0.0,0.0,0.0,0.0,0.0,0.0,0.0,0.0,0.0,0.0,8.747355057130754,20.287769784172664,0.9648751586965724,0.0,0.0,0.0,0.0,0.0,0.0,0.0,0.0,0.0,0.0,0.0,0.0,0.0,0.0,0.0,0.0
89100,4751,2396,0.5043148810776679,1146,970,0.44537992001683857,1369,0.5762997263733951,0.41,2.948619957537155,3.0662039031573842,6.40863309352518,2.1710814205009417,8285.778750637724,429.0795397617274,7853.0,8731.527881914377,8711.151854874714,5.773560995777776,7853.0,0.0,27.843190907177437,21.03361602279277,33.018696311268315,19.233772462814738,0.1450221006103978,0.10482003788676068,0.08840244159124395,0.081877499473795,0.07787834140181014,0.07808882340559882,0.06482845716691223,0.06609134918964428,0.06125026310250473,0.05514628499263313,0.04588507682593138,0.034098084613765525,0.031782782572090086,0.027994106503893917,0.016838560303094087,0.011576510208377183,0.008419280151547043,0.8905536119397428,0.021819943167725273,0.0,0.0,0.0,0.0,0.0,0.0,0.0,0.0,0.0,0.0,0.0,0.0,0.0,0.0,0.0,0.0,0.0,0.0,0.0,0.0,0.0,0.0,0.0,0.0,0.10103136181856454,4.066512313197222,15.685118922332144,9.414860029467482,0.7261629130709326,0.0063144601136602835,4.330706075533662,2.831907048441737,nan,nan,nan,4.216875411997363,2.893591672690121,4.443352979698756,2.7655436804641687,1.0537074363300003,0.4084,0.013855,0.0,0.0,0.0,0.0,0.0,0.0,0.0,0.0,0.0,0.0,0.0378867606819617,8.284571669122277,20.439907387918336,1.2376341822774155,0.0,0.0,0.0,0.0,0.0,0.0,0.0,0.0,0.0,0.0,0.0,0.0,0.0,0.0,0.0,0.0,nan,nan,4.330706075533662,2.831907048441737,nan,0.4084,0.0655,0.0,0.0,0.0,0.0,0.0,0.0,0.0,0.0,0.0,0.0,0.0,0.0,0.0,0.0,0.0,0.0,0.0,0.0,0.0,1.0524100189433804e-05,0.002125868238265628,0.0007472111134498,0.0007787834140181015,0.0024731635445169437,0.005304146495474637,0.0016522837297411072,0.006493369816880657,0.009755840875605135,0.012797305830351505,0.033698168806567036,0.018690801936434433,0.003641338665544096,0.022037465796674385,0.02136392338455062,0.03170911387076405,0.026657545779835826,0.03019364344348558,0.039665333613976006,0.03215112607872027,0.05428330877709956,0.10735634603241423,0.06337613134077036,0.08263523468743422,0.07343717112186908,0.05694590612502631,0.04832666806988003,0.0388549778993896,0.018364554830561985,0.0276152388970743,0.022205851399705327,0.0329088612923595,0.025142075352557355,0.002031151336560724,0.010871395495685119,0.027183750789307515,0.0016207114291728057,0.004030730372553147,0.000694590612502631,0.00015786150284150704,0.0,0.0,1.0524100189433804e-05,0.0,0.0,0.0,0.0,0.0,0.0,0.0,0.0,0.0,0.0,0.0,0.0,0.0,0.0,0.0,0.0,0.0,0.0,0.0,0.0,0.0,0.0,0.0,0.0,0.0,0.0,0.0,0.0,0.0,0.0,0.0,0.0,0.0,0.0,0.0,0.0,0.0,0.0,0.0,nan,nan,4.330706075533662,2.831907048441737,nan,0.8909470465575315,0.02225913174420464,0.0,0.0,0.0,0.0,0.0,0.0,0.0,0.0,0.0,0.0,0.0,0.0,0.0,0.0,0.0,0.0,0.0,0.0,0.0,0.0,0.0,0.0,0.0,0.0,0.15025041736227046,4.006677796327213,15.463272120200337,9.56594323873122,0.8013355592654426,0.012520868113522541,0.8901533277171433,0.02135640757305386,0.0,0.0,0.0,0.0,0.0,0.0,0.0,0.0,0.0,0.0,0.0,0.0,0.0,0.0,0.0,0.0,0.0,0.0,0.0,0.0,0.0,0.0,0.0,0.0,0.05095541401273886,4.127388535031848,15.91082802547771,9.261146496815288,0.6496815286624205,0.0,0.4082,0.01371,0.0,0.0,0.0,0.0,0.0,0.0,0.0,0.0,0.0,0.0,0.037562604340567615,8.40150250417361,20.333889816360603,1.2270450751252089,0.0,0.0,0.0,0.0,0.0,0.0,0.0,0.0,0.0,0.0,0.0,0.0,0.0,0.0,0.0,0.0,0.4087,0.014,0.0,0.0,0.0,0.0,0.0,0.0,0.0,0.0,0.0,0.0,0.038216560509554146,8.16560509554139,20.547770700636946,1.248407643312102,0.0,0.0,0.0,0.0,0.0,0.0,0.0,0.0,0.0,0.0,0.0,0.0,0.0,0.0,0.0,0.0
89200,4813,2489,0.517141076251818,1186,1002,0.4546021192603366,1390,0.5776023270309578,0.41,2.9952667814113596,3.1041133621883867,6.657450076804915,2.0502936611544307,8296.750017713242,428.8100247789519,7853.0,8732.118017280101,8711.083099740395,5.854460985980794,7853.0,0.0,27.884895075836276,20.868710090712366,33.035127055306425,19.020457131941452,0.14523166424267608,0.1011842925410347,0.08767920216081446,0.07978391855391648,0.0874714315395803,0.07895283606897985,0.06482443382505713,0.056929150218159155,0.0581757739455641,0.05547475586952005,0.049241637232495326,0.04072304176189487,0.03532100560980677,0.026179098275503843,0.01724496156243507,0.011011842925410346,0.004570953667151465,0.8895977962519853,0.02260989055667578,0.0,0.0,0.0,0.0,0.0,0.0,0.0,0.0,0.0,0.0,0.0,0.0,0.0,0.0,0.0,0.0,0.0,0.0,0.0,0.0,0.0,0.0,0.0,0.0,0.2119260336588407,4.469146062746728,15.751090795761483,8.73259921047164,0.8227716600872639,0.012466237274049453,4.27946343021399,2.8832531962130235,nan,nan,nan,4.246103896103896,2.8302318090753102,4.311753614079196,2.9333010953168017,1.015461166184732,0.409,0.013756,0.0,0.0,0.0,0.0,0.0,0.0,0.0,0.0,0.0,0.0,0.0062331186370247265,7.909827550384364,20.80615001038854,1.277789320590069,0.0,0.0,0.0,0.0,0.0,0.0,0.0,0.0,0.0,0.0,0.0,0.0,0.0,0.0,0.0,0.0,nan,nan,4.27946343021399,2.8832531962130235,nan,0.409,0.0656,0.0,0.0,0.0,0.0,0.0,0.0,0.0,0.0,0.0,0.0,0.0,0.0,0.0,0.0,0.0,0.0,0.0,0.0,0.0,0.0,0.0017868273426137544,0.0007168086432578434,0.0007583627675046749,0.0029503428215250363,0.0056721379596925,0.0016309993766881364,0.005952628298358612,0.009058799085809267,0.01250779139829628,0.03167463120714731,0.018688967380012467,0.0048410554747558695,0.023779347600249325,0.02199252025763557,0.0294203199667567,0.02791398296280906,0.027488053189279035,0.042405983793891544,0.03244338250571369,0.05462289632246001,0.10442551423228756,0.06407645958861417,0.08357573239143985,0.06934344483690007,0.05787450654477457,0.047704134635362556,0.03849989611468938,0.017338458341990444,0.028973613131103262,0.023436526075212964,0.0329835861209225,0.027332225223353417,0.0027010180760440473,0.012362351963432371,0.027373779347600248,0.0014751714107625181,0.0032516102223145646,0.000914190733430293,4.15541242468315e-05,0.0,0.0,1.0388531061707875e-05,0.0,0.0,0.0,0.0,0.0,0.0,0.0,0.0,0.0,0.0,0.0,0.0,0.0,0.0,0.0,0.0,0.0,0.0,0.0,0.0,0.0,0.0,0.0,0.0,0.0,0.0,0.0,0.0,0.0,0.0,0.0,0.0,0.0,0.0,0.0,0.0,0.0,0.0,0.0,nan,nan,4.27946343021399,2.8832531962130235,nan,0.8900095602028243,0.022499423948896372,0.0,0.0,0.0,0.0,0.0,0.0,0.0,0.0,0.0,0.0,0.0,0.0,0.0,0.0,0.0,0.0,0.0,0.0,0.0,0.0,0.0,0.0,0.0,0.0,0.14463640016070714,4.302932904781037,15.765367617517079,8.883085576536763,0.8919244676576941,0.012053033346725596,0.8891567977693529,0.02271932980088227,0.0,0.0,0.0,0.0,0.0,0.0,0.0,0.0,0.0,0.0,0.0,0.0,0.0,0.0,0.0,0.0,0.0,0.0,0.0,0.0,0.0,0.0,0.0,0.0,0.2839931153184166,4.647160068846817,15.735800344234082,8.571428571428573,0.7487091222030983,0.012908777969018936,0.4087,0.01375,0.0,0.0,0.0,0.0,0.0,0.0,0.0,0.0,0.0,0.0,0.012053033346725596,7.979108075532331,20.695058256327847,1.31378063479309,0.0,0.0,0.0,0.0,0.0,0.0,0.0,0.0,0.0,0.0,0.0,0.0,0.0,0.0,0.0,0.0,0.4092,0.01377,0.0,0.0,0.0,0.0,0.0,0.0,0.0,0.0,0.0,0.0,0.0,7.835628227194482,20.925129087779695,1.2392426850258178,0.0,0.0,0.0,0.0,0.0,0.0,0.0,0.0,0.0,0.0,0.0,0.0,0.0,0.0,0.0,0.0
89300,4777,2511,0.5256437094410717,1154,966,0.4437931756332426,1312,0.549298723047938,0.43,3.0145631067961167,3.1738755587505514,6.84789644012945,2.1284413464615684,8304.15174002542,428.5970436577548,7853.0,8729.325756394863,8711.284293947203,5.664434644380318,7853.0,0.0,27.616077035796526,20.78813391019532,32.768553459119495,18.98851734573504,0.1452794640988068,0.09880678249947666,0.09901611890307725,0.08080385178982626,0.08185053380782918,0.07326774126020515,0.06719698555578815,0.06468494871258111,0.05652082897215826,0.05463680133975298,0.04647268159933012,0.03998325308771195,0.03391249738329496,0.024492359221268578,0.01737492149884865,0.010048147372828135,0.005652082897215826,0.8904833493682912,0.021759963979434145,0.0,0.0,0.0,0.0,0.0,0.0,0.0,0.0,0.0,0.0,0.0,0.0,0.0,0.0,0.0,0.0,0.0,0.0,0.0,0.0,0.0,0.0,0.0,0.0,0.10048147372828137,4.08205987021143,15.957714046472685,9.081013188193428,0.7787314213941806,0.0,4.318598559266536,2.962602729330771,nan,nan,nan,4.3057199211045365,2.922721552474352,4.331592689295039,3.0025610167260988,1.0060089296713628,0.41,0.01359,0.0,0.0,0.0,0.0,0.0,0.0,0.0,0.0,0.0,0.0,0.018840276324052756,7.165585095248053,21.56583629893239,1.2497383294954996,0.0,0.0,0.0,0.0,0.0,0.0,0.0,0.0,0.0,0.0,0.0,0.0,0.0,0.0,0.0,0.0,nan,nan,4.318598559266536,2.962602729330771,nan,0.41,0.0655,0.0,0.0,0.0,0.0,0.0,0.0,0.0,0.0,0.0,0.0,0.0,0.0,0.0,0.0,0.0,0.0,0.0,0.0,0.0,0.0,0.0012664852417835462,0.0008896797153024911,0.0004605400879212895,0.002993510571488382,0.005526481055055474,0.0017793594306049821,0.006133556625497174,0.006845300397739167,0.013627799874398158,0.03062591584676575,0.017730793384969645,0.004720535901193218,0.02160351685158049,0.022723466610843627,0.027067196985555788,0.028584885911660037,0.028019677621938455,0.04680761984509106,0.03278208080385179,0.05542181285325518,0.10300397739166842,0.0654280929453632,0.08285534854511199,0.07047310027213732,0.05850952480636383,0.04498639313376596,0.03793175633242621,0.015187356081222524,0.029244295583001883,0.023341009001465355,0.034142767427255596,0.02783127485869793,0.0028783755495080596,0.01419300816411974,0.027998743981578398,0.001601423487544484,0.0036110529621101108,0.0011408833996231944,3.140046054008792e-05,0.0,0.0,0.0,0.0,0.0,0.0,0.0,0.0,0.0,0.0,0.0,0.0,0.0,0.0,0.0,0.0,0.0,0.0,0.0,0.0,0.0,0.0,0.0,0.0,0.0,0.0,0.0,0.0,0.0,0.0,0.0,0.0,0.0,0.0,0.0,0.0,0.0,0.0,0.0,0.0,0.0,0.0,nan,nan,4.318598559266536,2.962602729330771,nan,0.8900400568934752,0.021535544563735638,0.0,0.0,0.0,0.0,0.0,0.0,0.0,0.0,0.0,0.0,0.0,0.0,0.0,0.0,0.0,0.0,0.0,0.0,0.0,0.0,0.0,0.0,0.0,0.0,0.10752688172043014,4.026284348864995,16.22461170848268,8.94862604540024,0.6929510155316608,0.0,0.8909745706411346,0.021995541922931624,0.0,0.0,0.0,0.0,0.0,0.0,0.0,0.0,0.0,0.0,0.0,0.0,0.0,0.0,0.0,0.0,0.0,0.0,0.0,0.0,0.0,0.0,0.0,0.0,0.09267431597528687,4.14386584289497,15.66195939982348,9.227714033539279,0.8737864077669905,0.0,0.4097,0.01353,0.0,0.0,0.0,0.0,0.0,0.0,0.0,0.0,0.0,0.0,0.011947431302270014,7.371565113500587,21.397849462365595,1.2186379928315414,0.0,0.0,0.0,0.0,0.0,0.0,0.0,0.0,0.0,0.0,0.0,0.0,0.0,0.0,0.0,0.0,0.4102,0.01366,0.0,0.0,0.0,0.0,0.0,0.0,0.0,0.0,0.0,0.0,0.026478375992939104,6.937334510150034,21.751985878199477,1.2842012356575465,0.0,0.0,0.0,0.0,0.0,0.0,0.0,0.0,0.0,0.0,0.0,0.0,0.0,0.0,0.0,0.0
89400,4814,2482,0.5155795596177815,1172,970,0.4449522226838388,1334,0.5542168674698795,0.43,3.0321612349914235,3.135900399461243,6.622222222222222,2.0978531059921686,8295.49168143383,428.93328384848564,7853.0,8729.61355614066,8711.24131926771,5.909586147509509,7853.0,0.0,28.1032405484005,20.94346996663498,32.95171224439517,19.227585861044254,0.13439966763606148,0.10573327793934358,0.09202326547569589,0.08537598670544246,0.08122143747403407,0.07353552139592855,0.06730369754881595,0.061695056086414624,0.061279601163273786,0.052970502700457,0.050270045700041545,0.03946821769837973,0.0317823016202742,0.02638138761944329,0.019526381387619442,0.01100955546323224,0.006024096385542169,0.8904287328252567,0.02239867861860291,0.0,0.0,0.0,0.0,0.0,0.0,0.0,0.0,0.0,0.0,0.0,0.0,0.0,0.0,0.0,0.0,0.0,0.0,0.0,0.0,0.0,0.0,0.0,0.0,0.14956377233070214,4.13793103448276,15.85999169090154,8.936435396759453,0.9036144578313254,0.01246364769422518,4.371898163067999,2.964111771652681,nan,nan,nan,4.407672301690507,2.9372932201066173,4.336741214057508,2.9898163021980566,0.9839073590825265,0.41,0.013756,0.0,0.0,0.0,0.0,0.0,0.0,0.0,0.0,0.0,0.0,0.01246364769422518,7.060656418778552,21.46863315330287,1.458246780224346,0.0,0.0,0.0,0.0,0.0,0.0,0.0,0.0,0.0,0.0,0.0,0.0,0.0,0.0,0.0,0.0,nan,nan,4.371898163067999,2.964111771652681,nan,0.41,0.06573,0.0,0.0,0.0,0.0,0.0,0.0,0.0,0.0,0.0,0.0,0.0,0.0,0.0,0.0,0.0,0.0,0.0,0.0,0.0,7.270461154964686e-05,0.0008724553385957624,0.0006751142501038637,0.0006855006231823847,0.002690070627336934,0.0055151641046946405,0.002077274615704196,0.00646032405484005,0.007779393435812214,0.012235147486497715,0.03241587037806398,0.018581221437474035,0.004705027004570004,0.019983381803074365,0.022434565849605317,0.0281678437889489,0.028884503531366845,0.025664727877025343,0.05010386373078521,0.03278977980889074,0.054299958454507684,0.10224345658496053,0.06617158288325717,0.07921686746987952,0.07042999584545077,0.059939759036144576,0.04551308683007894,0.03791026173660158,0.01366846697133361,0.030151641046946405,0.022850020772746157,0.03347528043207312,0.028749480681346074,0.0029081844619858743,0.01430203572912339,0.028988367262152058,0.002139592854175322,0.003157457415870378,0.0009867054424594931,7.270461154964686e-05,2.077274615704196e-05,1.038637307852098e-05,0.0,0.0,0.0,0.0,0.0,0.0,0.0,0.0,0.0,0.0,0.0,0.0,0.0,0.0,0.0,0.0,0.0,0.0,0.0,0.0,0.0,0.0,0.0,0.0,0.0,0.0,0.0,0.0,0.0,0.0,0.0,0.0,0.0,0.0,0.0,0.0,0.0,0.0,0.0,0.0,nan,nan,4.371898163067999,2.964111771652681,nan,0.8900793169795458,0.02244490329220217,0.0,0.0,0.0,0.0,0.0,0.0,0.0,0.0,0.0,0.0,0.0,0.0,0.0,0.0,0.0,0.0,0.0,0.0,0.0,0.0,0.0,0.0,0.0,0.0,0.14504431909750204,4.254633360193393,15.761482675261888,8.920225624496375,0.9186140209508463,0.0,0.8908006239612147,0.02234337359246153,0.0,0.0,0.0,0.0,0.0,0.0,0.0,0.0,0.0,0.0,0.0,0.0,0.0,0.0,0.0,0.0,0.0,0.0,0.0,0.0,0.0,0.0,0.0,0.0,0.15437392795883365,4.013722126929675,15.964837049742714,8.953687821612352,0.8876500857632935,0.02572898799313894,0.4094,0.01395,0.0,0.0,0.0,0.0,0.0,0.0,0.0,0.0,0.0,0.0,0.012087026591458504,7.65108783239322,20.946817082997587,1.390008058017728,0.0,0.0,0.0,0.0,0.0,0.0,0.0,0.0,0.0,0.0,0.0,0.0,0.0,0.0,0.0,0.0,0.4104,0.013535,0.0,0.0,0.0,0.0,0.0,0.0,0.0,0.0,0.0,0.0,0.01286449399656947,6.432246998284724,22.024013722126934,1.530874785591767,0.0,0.0,0.0,0.0,0.0,0.0,0.0,0.0,0.0,0.0,0.0,0.0,0.0,0.0,0.0,0.0
89500,4820,2472,0.512863070539419,1154,976,0.44190871369294604,1360,0.5643153526970954,0.40599999999999997,2.9275979557069847,3.0052262577894022,6.2700729927007295,2.150211836907512,8293.050257179448,428.89198843214757,7853.0,8730.339029604196,8711.026795956688,5.86712367350566,7853.0,0.0,28.332365145228216,21.146032219744043,33.36399604352127,19.36713975604943,0.13921161825726142,0.10311203319502074,0.08941908713692946,0.08547717842323652,0.07468879668049792,0.07489626556016597,0.06493775933609959,0.06659751037344398,0.06099585062240664,0.053526970954356844,0.046473029045643155,0.03900414937759336,0.03568464730290456,0.02863070539419087,0.01784232365145228,0.011203319502074689,0.008298755186721992,0.8893263444242636,0.022295330022449465,0.0,0.0,0.0,0.0,0.0,0.0,0.0,0.0,0.0,0.0,0.0,0.0,0.0,0.0,0.0,0.0,0.0,0.0,0.0,0.0,0.0,0.0,0.0,0.0,0.14937759336099588,4.618257261410789,15.86514522821577,8.607883817427387,0.753112033195021,0.006224066390041495,4.237212276214834,2.789732068912691,nan,nan,nan,4.308236808236808,2.825849898788958,4.167090216010165,2.7518106864613388,0.9672379679880204,0.4097,0.01395,0.0,0.0,0.0,0.0,0.0,0.0,0.0,0.0,0.0,0.0,0.01244813278008299,7.562240663900404,21.024896265560173,1.4004149377593365,0.0,0.0,0.0,0.0,0.0,0.0,0.0,0.0,0.0,0.0,0.0,0.0,0.0,0.0,0.0,0.0,nan,nan,4.237212276214834,2.789732068912691,nan,0.4097,0.0655,0.0,0.0,0.0,0.0,0.0,0.0,0.0,0.0,0.0,0.0,0.0,0.0,0.0,0.0,0.0,0.0,0.0,0.0,0.0,0.00012448132780082987,0.0004045643153526971,0.0004149377593360996,0.0006224066390041493,0.00262448132780083,0.006265560165975103,0.002385892116182573,0.006721991701244813,0.008132780082987552,0.011950207468879669,0.030342323651452282,0.020612033195020748,0.0047614107883817425,0.019325726141078838,0.022095435684647304,0.027396265560165976,0.02863070539419087,0.026224066390041493,0.05116182572614108,0.0333298755186722,0.05307053941908714,0.10508298755186722,0.06537344398340249,0.07698132780082988,0.07139004149377594,0.06098547717842324,0.04463692946058091,0.0379045643153527,0.013267634854771785,0.030363070539419088,0.025103734439834026,0.03378630705394191,0.02726141078838174,0.0031016597510373444,0.013973029045643154,0.028246887966804978,0.0025103734439834023,0.002365145228215768,0.0010062240663900415,5.186721991701245e-05,0.0,0.0,1.037344398340249e-05,0.0,0.0,0.0,0.0,0.0,0.0,0.0,0.0,0.0,0.0,0.0,0.0,0.0,0.0,0.0,0.0,0.0,0.0,0.0,0.0,0.0,0.0,0.0,0.0,0.0,0.0,0.0,0.0,0.0,0.0,0.0,0.0,0.0,0.0,0.0,0.0,0.0,0.0,0.0,nan,nan,4.237212276214834,2.789732068912691,nan,0.8893486092102181,0.02221986604521038,0.0,0.0,0.0,0.0,0.0,0.0,0.0,0.0,0.0,0.0,0.0,0.0,0.0,0.0,0.0,0.0,0.0,0.0,0.0,0.0,0.0,0.0,0.0,0.0,0.13349514563106799,4.526699029126214,15.910194174757285,8.665048543689322,0.7524271844660196,0.01213592233009709,0.8893029038148601,0.022374480340917696,0.0,0.0,0.0,0.0,0.0,0.0,0.0,0.0,0.0,0.0,0.0,0.0,0.0,0.0,0.0,0.0,0.0,0.0,0.0,0.0,0.0,0.0,0.0,0.0,0.1660988074957411,4.714650766609881,15.817717206132881,8.547700170357754,0.7538330494037481,0.0,0.4092,0.01378,0.0,0.0,0.0,0.0,0.0,0.0,0.0,0.0,0.0,0.0,0.0,7.791262135922318,21.031553398058257,1.1771844660194177,0.0,0.0,0.0,0.0,0.0,0.0,0.0,0.0,0.0,0.0,0.0,0.0,0.0,0.0,0.0,0.0,0.4102,0.0141,0.0,0.0,0.0,0.0,0.0,0.0,0.0,0.0,0.0,0.0,0.025553662691652476,7.321124361158422,21.017887563884162,1.6354344122657585,0.0,0.0,0.0,0.0,0.0,0.0,0.0,0.0,0.0,0.0,0.0,0.0,0.0,0.0,0.0,0.0
89600,4735,2485,0.5248152059134108,1149,941,0.44139387539598735,1288,0.5440337909186906,0.422,2.8866666666666667,3.102407667172922,6.619047619047619,2.120979359721884,8303.353748419104,428.5507653008135,7853.0,8732.277449810505,8711.11871177644,5.737894422752244,7853.0,0.0,27.72249208025343,20.76696952242663,32.68069556451613,19.032458753659192,0.1385427666314678,0.10348468848996832,0.0941921858500528,0.09165786694825766,0.07793030623020063,0.0737064413938754,0.06863780359028511,0.061034846884899685,0.05807814149947202,0.05237592397043295,0.04920802534318902,0.03780359028511088,0.034424498416050685,0.026187961985216474,0.01795142555438226,0.008870116156283,0.005913410770855333,0.8893808451096636,0.021689429026725122,0.0,0.0,0.0,0.0,0.0,0.0,0.0,0.0,0.0,0.0,0.0,0.0,0.0,0.0,0.0,0.0,0.0,0.0,0.0,0.0,0.0,0.0,0.0,0.0,0.13938753959873287,4.282998944033792,16.156282998944036,8.81309398099261,0.6082365364308343,0.0,4.235274652547981,2.949033185862186,nan,nan,nan,4.292440318302387,2.9758125096504218,4.178335535006605,2.9210041302880736,0.9734172697033772,0.4094,0.01355,0.0,0.0,0.0,0.0,0.0,0.0,0.0,0.0,0.0,0.0,0.0,7.235480464625121,21.4466737064414,1.3178458289334745,0.0,0.0,0.0,0.0,0.0,0.0,0.0,0.0,0.0,0.0,0.0,0.0,0.0,0.0,0.0,0.0,nan,nan,4.235274652547981,2.949033185862186,nan,0.4094,0.06573,0.0,0.0,0.0,0.0,0.0,0.0,0.0,0.0,0.0,0.0,0.0,0.0,0.0,0.0,0.0,0.0,0.0,2.1119324181626187e-05,0.0,0.00011615628299894404,0.0001900739176346357,0.00023231256599788808,0.0005068637803590286,0.0028827877507919745,0.006958817317845829,0.0021964097148891235,0.006399155227032735,0.0074868004223864835,0.011573389651531152,0.03183738120380148,0.021784582893347414,0.006378035902851109,0.018996832101372756,0.021784582893347414,0.02631467793030623,0.030211193241816262,0.02497360084477297,0.05114044350580781,0.0319324181626188,0.05474128827877508,0.1057233368532207,0.06299894403379092,0.07722280887011615,0.07120380147835269,0.060739176346356914,0.042449841605068636,0.038753959873284054,0.013484688489968321,0.030982048574445618,0.025881731784582893,0.033812038014783524,0.026473072861668428,0.0031045406546990496,0.013970432946145724,0.028141499472016895,0.002840549102428722,0.0025659978880675817,0.0008130939809926082,0.00011615628299894404,1.0559662090813093e-05,0.0,5.279831045406547e-05,0.0,0.0,0.0,0.0,0.0,0.0,0.0,0.0,0.0,0.0,0.0,0.0,0.0,0.0,0.0,0.0,0.0,0.0,0.0,0.0,0.0,0.0,0.0,0.0,0.0,0.0,0.0,0.0,0.0,0.0,0.0,0.0,0.0,0.0,0.0,0.0,0.0,0.0,0.0,nan,nan,4.235274652547981,2.949033185862186,nan,0.8894344232451747,0.021636302902663492,0.0,0.0,0.0,0.0,0.0,0.0,0.0,0.0,0.0,0.0,0.0,0.0,0.0,0.0,0.0,0.0,0.0,0.0,0.0,0.0,0.0,0.0,0.0,0.0,0.09657947686116702,4.382293762575453,16.104627766599602,8.75251509054326,0.6639839034205233,0.0,0.8893216710355547,0.021747799668734028,0.0,0.0,0.0,0.0,0.0,0.0,0.0,0.0,0.0,0.0,0.0,0.0,0.0,0.0,0.0,0.0,0.0,0.0,0.0,0.0,0.0,0.0,0.0,0.0,0.18666666666666673,4.173333333333334,16.21333333333334,8.88,0.5466666666666667,0.0,0.4094,0.01359,0.0,0.0,0.0,0.0,0.0,0.0,0.0,0.0,0.0,0.0,0.0,7.014084507042243,21.633802816901415,1.3521126760563384,0.0,0.0,0.0,0.0,0.0,0.0,0.0,0.0,0.0,0.0,0.0,0.0,0.0,0.0,0.0,0.0,0.4094,0.01351,0.0,0.0,0.0,0.0,0.0,0.0,0.0,0.0,0.0,0.0,0.0,7.479999999999989,21.240000000000002,1.2800000000000002,0.0,0.0,0.0,0.0,0.0,0.0,0.0,0.0,0.0,0.0,0.0,0.0,0.0,0.0,0.0,0.0
89700,4947,2460,0.49727107337780474,1149,1041,0.4426925409338993,1411,0.570446735395189,0.40599999999999997,2.925211097708082,3.0642555291290625,6.511299435028248,2.0954988095012483,8279.740191693243,429.0942372301409,7853.0,8728.139412546157,8711.164117197752,5.660954968049566,7853.0,0.0,27.762482312512635,20.870609869393782,32.72847841813359,19.14381666726939,0.1404891853648676,0.10430563978168587,0.09096422073984232,0.0861127956337174,0.08247422680412371,0.07519708914493632,0.07074994946432181,0.058823529411764705,0.054982817869415807,0.055993531433191836,0.04770568021022842,0.038407115423488986,0.03456640388114009,0.02263998382858298,0.021224984839296544,0.009904992925005053,0.005457853244390539,0.8895345228547782,0.02218522988602098,0.0,0.0,0.0,0.0,0.0,0.0,0.0,0.0,0.0,0.0,0.0,0.0,0.0,0.0,0.0,0.0,0.0,0.0,0.0,0.0,0.0,0.0,0.0,0.0,0.16979987871437238,4.342025469981808,16.009702850212253,8.750758035172833,0.7277137659187388,0.0,4.285849056603774,2.846003664389636,nan,nan,nan,4.254545454545455,2.847058047692521,4.316287878787879,2.8451779795484886,1.0145121082621082,0.4094,0.01365,0.0,0.0,0.0,0.0,0.0,0.0,0.0,0.0,0.0,0.0,0.006064281382656156,7.331716191631282,21.419041843541546,1.2431776834445123,0.0,0.0,0.0,0.0,0.0,0.0,0.0,0.0,0.0,0.0,0.0,0.0,0.0,0.0,0.0,0.0,nan,nan,4.285849056603774,2.846003664389636,nan,0.4094,0.0659,0.0,0.0,0.0,0.0,0.0,0.0,0.0,0.0,0.0,0.0,0.0,0.0,0.0,0.0,0.0,0.0,0.0,0.0,0.0,5.053567818880129e-05,4.0428542551041034e-05,0.00021224984839296544,0.0007580351728320194,0.0031028906407923993,0.006478673943804326,0.0021730341621184557,0.006620173842732969,0.0071356377602587425,0.011956741459470385,0.03332322619769557,0.022377198302001213,0.006549423893268648,0.018243379826157268,0.022387305437638973,0.026490802506569638,0.028259551243177684,0.026480695370931878,0.05002021427127552,0.0343844754396604,0.052546998180715586,0.10730745906610066,0.059248029108550634,0.07696583788154437,0.0683343440468971,0.060834849403678996,0.04342025469981807,0.040347685465938955,0.013877097230644835,0.03266626238124116,0.02689508793208005,0.03306044067111381,0.02468162522741055,0.003790175864160097,0.01637355973317162,0.02693551647463109,0.002759248029108551,0.0022741055184960584,0.00048514251061249243,6.0642813826561554e-05,6.0642813826561554e-05,0.0,3.0321406913280777e-05,0.0,0.0,0.0,0.0,0.0,0.0,0.0,0.0,0.0,0.0,0.0,0.0,0.0,0.0,0.0,0.0,0.0,0.0,0.0,0.0,0.0,0.0,0.0,0.0,0.0,0.0,0.0,0.0,0.0,0.0,0.0,0.0,0.0,0.0,0.0,0.0,0.0,0.0,0.0,nan,nan,4.285849056603774,2.846003664389636,nan,0.8896025952769488,0.022170707651421623,0.0,0.0,0.0,0.0,0.0,0.0,0.0,0.0,0.0,0.0,0.0,0.0,0.0,0.0,0.0,0.0,0.0,0.0,0.0,0.0,0.0,0.0,0.0,0.0,0.18292682926829273,4.26829268292683,16.146341463414636,8.634146341463417,0.7682926829268295,0.0,0.8894671894576974,0.02219937976469197,0.0,0.0,0.0,0.0,0.0,0.0,0.0,0.0,0.0,0.0,0.0,0.0,0.0,0.0,0.0,0.0,0.0,0.0,0.0,0.0,0.0,0.0,0.0,0.0,0.15681544028950548,4.414957780458384,15.874547647768399,8.866103739445116,0.6875753920386009,0.0,0.4097,0.013466,0.0,0.0,0.0,0.0,0.0,0.0,0.0,0.0,0.0,0.0,0.012195121951219514,7.158536585365844,21.64634146341464,1.1829268292682928,0.0,0.0,0.0,0.0,0.0,0.0,0.0,0.0,0.0,0.0,0.0,0.0,0.0,0.0,0.0,0.0,0.4094,0.013824,0.0,0.0,0.0,0.0,0.0,0.0,0.0,0.0,0.0,0.0,0.0,7.503015681544019,21.19420989143547,1.302774427020507,0.0,0.0,0.0,0.0,0.0,0.0,0.0,0.0,0.0,0.0,0.0,0.0,0.0,0.0,0.0,0.0
89800,4691,2455,0.5233425708804093,1170,967,0.4555531869537412,1323,0.5640588360690685,0.426,3.024150268336315,3.101927951288764,6.547433903576983,2.162634497994127,8302.158522979445,428.6768510057659,7853.0,8730.198740595579,8711.249544316322,5.720125072732013,7853.0,0.0,28.229162225538264,21.084640518328868,33.27547649301144,19.27059622592307,0.1411212960989128,0.09486250266467704,0.09251758686847154,0.08249840119377531,0.08399062033681517,0.07759539543807291,0.06928160306970794,0.06032828821146877,0.058836069068428906,0.05137497335322959,0.047964186740567044,0.038797697719036454,0.03133660200383714,0.03240247282029418,0.019398848859518227,0.010445534001279046,0.007247921551907909,0.8892527753624218,0.022308796910118292,0.0,0.0,0.0,0.0,0.0,0.0,0.0,0.0,0.0,0.0,0.0,0.0,0.0,0.0,0.0,0.0,0.0,0.0,0.0,0.0,0.0,0.0,0.0,0.006395224898742253,0.13429972287358774,4.617352376891922,15.962481347260715,8.55041568961842,0.722660413557877,0.006395224898742274,4.20978792822186,2.8930984063728364,nan,nan,nan,4.245965138799225,2.9424529279377496,4.1716171617161715,2.8418582144189726,0.9824897344531472,0.4097,0.01351,0.0,0.0,0.0,0.0,0.0,0.0,0.0,0.0,0.0,0.0,0.01918567469622682,7.303346834363664,21.37284161159668,1.3046258793434238,0.0,0.0,0.0,0.0,0.0,0.0,0.0,0.0,0.0,0.0,0.0,0.0,0.0,0.0,0.0,0.0,nan,nan,4.20978792822186,2.8930984063728364,nan,0.4097,0.0655,0.0,0.0,0.0,0.0,0.0,0.0,0.0,0.0,0.0,0.0,0.0,0.0,0.0,0.0,0.0,0.0,0.0,0.0,0.0,4.2634832658281814e-05,5.329354082285227e-05,0.0001598806224685568,0.0008633553613302068,0.002984438286079727,0.005510552121082925,0.0018972500532935409,0.005606480494564059,0.006523129396717118,0.011852483479002345,0.03362822425921978,0.022649754849712215,0.007311873800895332,0.01831166062673204,0.024930718396930292,0.025890002131741634,0.026465572372628438,0.027446173523768918,0.04746322745683223,0.03616499680238755,0.052931144745256876,0.11079727137070987,0.0607866126625453,0.07455766361117033,0.06803453421445321,0.06014709017267107,0.042400341078661266,0.03949051374973353,0.01405883606906843,0.0321786399488382,0.026785333617565552,0.03449157962054999,0.025197186101044555,0.0033894691963334044,0.01691536985717331,0.027137070986996376,0.0022809635472180773,0.0019292261777872522,0.0004903005755702409,0.00018119803879769773,5.329354082285227e-05,1.0658708164570453e-05,0.0,0.0,0.0,0.0,0.0,0.0,0.0,0.0,0.0,0.0,0.0,0.0,0.0,0.0,0.0,0.0,0.0,0.0,0.0,0.0,0.0,0.0,0.0,0.0,0.0,0.0,0.0,0.0,0.0,0.0,0.0,0.0,0.0,0.0,0.0,0.0,0.0,0.0,0.0,0.0,nan,nan,4.20978792822186,2.8930984063728364,nan,0.8899331027281503,0.022203132576769764,0.0,0.0,0.0,0.0,0.0,0.0,0.0,0.0,0.0,0.0,0.0,0.0,0.0,0.0,0.0,0.0,0.0,0.0,0.0,0.0,0.0,0.0,0.0,0.0,0.14663951120162935,4.325865580448066,16.008146639511203,8.737270875763748,0.7698574338085542,0.012219959266802447,0.8885058148602467,0.022400452489097816,0.0,0.0,0.0,0.0,0.0,0.0,0.0,0.0,0.0,0.0,0.0,0.0,0.0,0.0,0.0,0.0,0.0,0.0,0.0,0.0,0.0,0.0,0.0,0.013416815742397097,0.12075134168157427,4.937388193202148,15.912343470483009,8.345259391771021,0.670840787119857,0.0,0.4097,0.01338,0.0,0.0,0.0,0.0,0.0,0.0,0.0,0.0,0.0,0.0,0.0,7.246435845213839,21.592668024439924,1.1608961303462324,0.0,0.0,0.0,0.0,0.0,0.0,0.0,0.0,0.0,0.0,0.0,0.0,0.0,0.0,0.0,0.0,0.4097,0.01366,0.0,0.0,0.0,0.0,0.0,0.0,0.0,0.0,0.0,0.0,0.04025044722719142,7.365831842576017,21.131484794275494,1.4624329159212883,0.0,0.0,0.0,0.0,0.0,0.0,0.0,0.0,0.0,0.0,0.0,0.0,0.0,0.0,0.0,0.0
89900,4690,2451,0.5226012793176972,1175,934,0.449680170575693,1265,0.5394456289978679,0.422,2.915587315765967,3.0367001850203197,6.4332784184514,2.0628700660253894,8301.47842333218,428.6645378560852,7853.0,8731.767677628994,8711.165567290058,5.777079528519683,7853.0,0.0,27.784434968017056,20.67806365125066,32.677067478437344,18.921825793236277,0.13923240938166312,0.10319829424307037,0.08912579957356077,0.08848614072494669,0.08081023454157782,0.07121535181236674,0.07185501066098081,0.06801705756929638,0.058422174840085286,0.0535181236673774,0.04456289978678039,0.04093816631130064,0.031982942430703626,0.027505330490405117,0.01535181236673774,0.010447761194029851,0.005330490405117271,0.8894307102984202,0.022019769980944282,0.0,0.0,0.0,0.0,0.0,0.0,0.0,0.0,0.0,0.0,0.0,0.0,0.0,0.0,0.0,0.0,0.0,0.0,0.0,0.0,0.0,0.0,0.0,0.0,0.1663113006396589,4.362473347547975,16.10660980810235,8.686567164179106,0.6780383795309171,0.0,4.111848655824759,2.8400966571405246,nan,nan,nan,4.082,2.8207462369616545,4.141440846001322,2.8588439164521793,1.0145616967176192,0.4097,0.013145,0.0,0.0,0.0,0.0,0.0,0.0,0.0,0.0,0.0,0.0,0.012793176972281453,7.036247334754787,21.82515991471216,1.1257995735607678,0.0,0.0,0.0,0.0,0.0,0.0,0.0,0.0,0.0,0.0,0.0,0.0,0.0,0.0,0.0,0.0,nan,nan,4.111848655824759,2.8400966571405246,nan,0.4097,0.06537,0.0,0.0,0.0,0.0,0.0,0.0,0.0,0.0,0.0,0.0,0.0,0.0,0.0,0.0,0.0,0.0,0.0,0.0,0.0,6.396588486140725e-05,0.0,0.00021321961620469082,0.0007356076759061833,0.003411513859275053,0.00605543710021322,0.0017164179104477613,0.006407249466950959,0.0069829424307036245,0.010874200426439232,0.03529850746268657,0.020788912579957356,0.008059701492537314,0.01772921108742004,0.023763326226012793,0.02384861407249467,0.025660980810234543,0.02777185501066098,0.04593816631130064,0.03415778251599147,0.052302771855010664,0.11317697228144989,0.060533049040511724,0.07329424307036247,0.07101279317697227,0.0629637526652452,0.04126865671641791,0.0420362473347548,0.014594882729211087,0.03288912579957356,0.027739872068230278,0.03393390191897654,0.02464818763326226,0.0028891257995735608,0.016066098081023453,0.027132196162046908,0.0017590618336886994,0.0018976545842217484,0.00018123667377398722,0.00019189765458422174,1.0660980810234541e-05,0.0,0.0,0.0,0.0,0.0,0.0,0.0,0.0,0.0,0.0,0.0,0.0,0.0,0.0,0.0,0.0,0.0,0.0,0.0,0.0,0.0,0.0,0.0,0.0,0.0,0.0,0.0,0.0,0.0,0.0,0.0,0.0,0.0,0.0,0.0,0.0,0.0,0.0,0.0,0.0,0.0,nan,nan,4.111848655824759,2.8400966571405246,nan,0.8895647211592327,0.022068735490416314,0.0,0.0,0.0,0.0,0.0,0.0,0.0,0.0,0.0,0.0,0.0,0.0,0.0,0.0,0.0,0.0,0.0,0.0,0.0,0.0,0.0,0.0,0.0,0.0,0.1958384332925337,4.332925336597308,15.911872705018363,8.93512851897185,0.6242350061199511,0.0,0.8892840106021938,0.02196510564390044,0.0,0.0,0.0,0.0,0.0,0.0,0.0,0.0,0.0,0.0,0.0,0.0,0.0,0.0,0.0,0.0,0.0,0.0,0.0,0.0,0.0,0.0,0.0,0.0,0.13398838767306837,4.3948191156766425,16.319785618579726,8.414470745868693,0.736936132201876,0.0,0.4097,0.01331,0.0,0.0,0.0,0.0,0.0,0.0,0.0,0.0,0.0,0.0,0.024479804161566712,7.062423500611985,21.738066095471243,1.1750305997552022,0.0,0.0,0.0,0.0,0.0,0.0,0.0,0.0,0.0,0.0,0.0,0.0,0.0,0.0,0.0,0.0,0.41,0.01294,0.0,0.0,0.0,0.0,0.0,0.0,0.0,0.0,0.0,0.0,0.0,7.007592675301464,21.920500223313983,1.071907101384547,0.0,0.0,0.0,0.0,0.0,0.0,0.0,0.0,0.0,0.0,0.0,0.0,0.0,0.0,0.0,0.0
90000,4882,2513,0.5147480540761983,1178,1020,0.4502253174928308,1386,0.5678000819336337,0.414,2.975094976783453,3.1330110051636026,6.673846153846154,2.1855664235424137,8294.73401318841,428.91141505626246,7853.0,8734.047565454244,8711.155770945412,5.8052911125071995,7853.0,0.0,27.49877099549365,20.598543103970716,32.4818805093046,18.832771330676678,0.1417451863990168,0.1034412126177796,0.08930766079475624,0.09176566980745596,0.07865628840639083,0.07558377714051619,0.06595657517410897,0.06964358869315854,0.05919705038918476,0.05120852109791069,0.04752150757886112,0.0383039737812372,0.031544448996312986,0.025604260548955347,0.013519049569848422,0.01106104055714871,0.00594018844735764,0.8900048528377856,0.022231277119507717,0.0,0.0,0.0,0.0,0.0,0.0,0.0,0.0,0.0,0.0,0.0,0.0,0.0,0.0,0.0,0.0,0.0,0.0,0.0,0.0,0.0,0.0,0.0,0.0,0.14133551823023355,4.301515772224499,15.675952478492425,9.082343301925443,0.7804178615321591,0.01843506759524785,4.287956438180654,2.935573807912624,nan,nan,nan,4.310924369747899,2.973862151222546,4.2653968253968255,2.8972964000652732,0.9894390296729478,0.4092,0.01347,0.0,0.0,0.0,0.0,0.0,0.0,0.0,0.0,0.0,0.0,0.012290045063498569,7.552232691519858,21.267922982384274,1.167554281032364,0.0,0.0,0.0,0.0,0.0,0.0,0.0,0.0,0.0,0.0,0.0,0.0,0.0,0.0,0.0,0.0,nan,nan,4.287956438180654,2.935573807912624,nan,0.4092,0.06573,0.0,0.0,0.0,0.0,0.0,0.0,0.0,0.0,0.0,0.0,0.0,0.0,0.0,0.0,0.0,0.0,0.0,0.0,0.0,9.217533797623924e-05,0.0,0.00038918476034412126,0.0010036870135190497,0.0036562884063908235,0.0065956575174108975,0.0013416632527652602,0.005407619827939369,0.006626382630069643,0.010641130684145841,0.036706267922982386,0.023986071282261368,0.008613273248668578,0.016069233920524374,0.0241396968455551,0.02433428922572716,0.023555919705038918,0.029414174518639903,0.04736788201556739,0.033684965178205656,0.05354362965997542,0.11260753789430561,0.057312576812781645,0.0756349856616141,0.07335108562064728,0.05868496517820565,0.04056739041376485,0.04136624334289226,0.014205243752560427,0.03294756247439574,0.02735559197050389,0.03405366653011061,0.02505120852109791,0.00325686194182712,0.014983613273248668,0.027283900040966817,0.0017922982384268743,0.00191519868906186,0.0001536255632937321,0.0003072511265874642,0.0,0.0,0.0,0.0,0.0,0.0,0.0,0.0,0.0,0.0,0.0,0.0,0.0,0.0,0.0,0.0,0.0,0.0,0.0,0.0,0.0,0.0,0.0,0.0,0.0,0.0,0.0,0.0,0.0,0.0,0.0,0.0,0.0,0.0,0.0,0.0,0.0,0.0,0.0,0.0,0.0,0.0,nan,nan,4.287956438180654,2.935573807912624,nan,0.8899118577964363,0.022147519597424763,0.0,0.0,0.0,0.0,0.0,0.0,0.0,0.0,0.0,0.0,0.0,0.0,0.0,0.0,0.0,0.0,0.0,0.0,0.0,0.0,0.0,0.0,0.0,0.0,0.07162753680859532,4.560286510147235,15.531237564663751,9.108635097493037,0.6923995224830881,0.03581376840429766,0.8901035005958737,0.022319358798514335,0.0,0.0,0.0,0.0,0.0,0.0,0.0,0.0,0.0,0.0,0.0,0.0,0.0,0.0,0.0,0.0,0.0,0.0,0.0,0.0,0.0,0.0,0.0,0.0,0.21528070915998315,4.02701561840439,15.82946390882229,9.05445335584635,0.8737864077669905,0.0,0.4092,0.01343,0.0,0.0,0.0,0.0,0.0,0.0,0.0,0.0,0.0,0.0,0.0,7.485077596498199,21.297254277755677,1.2176681257461204,0.0,0.0,0.0,0.0,0.0,0.0,0.0,0.0,0.0,0.0,0.0,0.0,0.0,0.0,0.0,0.0,0.409,0.01351,0.0,0.0,0.0,0.0,0.0,0.0,0.0,0.0,0.0,0.0,0.025327142254115666,7.623469818488803,21.236808780075986,1.1143942591810894,0.0,0.0,0.0,0.0,0.0,0.0,0.0,0.0,0.0,0.0,0.0,0.0,0.0,0.0,0.0,0.0
90100,4801,2484,0.5173922099562591,1143,962,0.4384503228494064,1332,0.5548843990835243,0.418,2.9175658178679327,3.037192490883305,6.383076923076923,2.1367170527034247,8297.034827610549,428.86895551411305,7853.0,8729.261328542232,8711.217072205412,5.772334030494167,7853.0,0.0,28.23620079150177,21.040147439370557,33.23313492063492,19.251976637685463,0.14059570922724432,0.09685482191210165,0.09956259112684858,0.08019162674442824,0.0760258279525099,0.07248489897937929,0.07435950843574256,0.06248698187877526,0.05373880441574672,0.05082274526140387,0.05123932514059571,0.0439491772547386,0.036242449489689646,0.026661112268277443,0.017912934805248908,0.009164757342220371,0.007706727765048948,0.8902026370301194,0.022226465877667283,0.0,0.0,0.0,0.0,0.0,0.0,0.0,0.0,0.0,0.0,0.0,0.0,0.0,0.0,0.0,0.0,0.0,0.0,0.0,0.0,0.0,0.0,0.0,0.0,0.1812122474484483,4.180379087690065,15.684232451572592,9.166840241616331,0.7748385752968133,0.012497396375755055,4.252109020116808,2.8458738242034873,nan,nan,nan,4.315483870967742,2.8385285132807097,4.18680600914435,2.852408367564596,0.9701822864663989,0.4087,0.01384,0.0,0.0,0.0,0.0,0.0,0.0,0.0,0.0,0.0,0.0,0.01874609456363258,8.110810247865016,20.67069360549886,1.199750052072485,0.0,0.0,0.0,0.0,0.0,0.0,0.0,0.0,0.0,0.0,0.0,0.0,0.0,0.0,0.0,0.0,nan,nan,4.252109020116808,2.8458738242034873,nan,0.4087,0.06537,0.0,0.0,0.0,0.0,0.0,0.0,0.0,0.0,0.0,0.0,0.0,0.0,0.0,0.0,0.0,0.0,0.0,0.0,0.0,2.082899395959175e-05,0.0,0.00020828993959591752,0.0012913976254946887,0.004478233701312227,0.007008956467402625,0.0016246615288481566,0.005290564465736305,0.006311185169756301,0.010081233076442408,0.03493022287023537,0.02401583003540929,0.008883565923765883,0.0169235575921683,0.023078525307227662,0.023984586544469902,0.0227244324099146,0.030139554259529265,0.04549052280774839,0.034513642991043536,0.05423870027077692,0.11609039783378462,0.053655488439908354,0.08107685898771089,0.07605707144344928,0.057310976879816705,0.040564465736304935,0.04245990418662779,0.014111643407623413,0.031358050406165384,0.026827744219954177,0.03424286606956884,0.022766090397833786,0.0033847115184336596,0.014996875650906061,0.025484274109560508,0.0017496354926057071,0.002249531347635909,1.0414496979795876e-05,0.00036450739429285566,0.0,0.0,0.0,0.0,0.0,0.0,0.0,0.0,0.0,0.0,0.0,0.0,0.0,0.0,0.0,0.0,0.0,0.0,0.0,0.0,0.0,0.0,0.0,0.0,0.0,0.0,0.0,0.0,0.0,0.0,0.0,0.0,0.0,0.0,0.0,0.0,0.0,0.0,0.0,0.0,0.0,0.0,nan,nan,4.252109020116808,2.8458738242034873,nan,0.8905152394143856,0.02210896910013505,0.0,0.0,0.0,0.0,0.0,0.0,0.0,0.0,0.0,0.0,0.0,0.0,0.0,0.0,0.0,0.0,0.0,0.0,0.0,0.0,0.0,0.0,0.0,0.0,0.2053140096618358,4.009661835748793,15.664251207729471,9.359903381642514,0.7487922705314012,0.012077294685990341,0.8898675035288173,0.02234688885163396,0.0,0.0,0.0,0.0,0.0,0.0,0.0,0.0,0.0,0.0,0.0,0.0,0.0,0.0,0.0,0.0,0.0,0.0,0.0,0.0,0.0,0.0,0.0,0.0,0.15537332757876568,4.363400949503669,15.705653862753564,8.959861890375487,0.8027621924902894,0.012947777298230474,0.409,0.01385,0.0,0.0,0.0,0.0,0.0,0.0,0.0,0.0,0.0,0.0,0.012077294685990341,8.019323671497572,20.736714975845416,1.2318840579710146,0.0,0.0,0.0,0.0,0.0,0.0,0.0,0.0,0.0,0.0,0.0,0.0,0.0,0.0,0.0,0.0,0.4087,0.013824,0.0,0.0,0.0,0.0,0.0,0.0,0.0,0.0,0.0,0.0,0.025895554596460948,8.208890807078106,20.599913681484683,1.1652999568407425,0.0,0.0,0.0,0.0,0.0,0.0,0.0,0.0,0.0,0.0,0.0,0.0,0.0,0.0,0.0,0.0
90200,5014,2602,0.5189469485440766,1223,1016,0.44654966094934184,1408,0.5616274431591544,0.39799999999999996,2.9834162520729683,3.061241730551542,6.4323570432357045,2.107292682549338,8298.442270819274,428.89077567850836,7853.0,8730.562045031786,8711.358011486489,5.752445704553371,7853.0,0.0,28.25129637016354,21.199422395127538,33.31548893647395,19.415560583814774,0.13960909453530115,0.09672915835660152,0.09254088552054249,0.08675708017550858,0.08017550857598724,0.07379337854008776,0.07040287195851616,0.06282409254088551,0.060031910650179494,0.05305145592341444,0.045871559633027525,0.03948942959712804,0.03211009174311927,0.023932987634623055,0.01814918228958915,0.014559234144395692,0.00997207818109294,0.8907922136507807,0.022491581138928577,0.0,0.0,0.0,0.0,0.0,0.0,0.0,0.0,0.0,0.0,0.0,0.0,0.0,0.0,0.0,0.0,0.0,0.0,0.0,0.0,0.0,0.0,0.0,0.0,0.11368169126445954,4.122457120063822,15.323095333067414,9.585161547666535,0.8316713203031514,0.023932987634623062,4.27800061709349,2.8555970062780833,nan,nan,nan,4.348466257668711,2.863571835995109,4.206703910614525,2.8457300930929046,0.9673994602570085,0.409,0.01331,0.0,0.0,0.0,0.0,0.0,0.0,0.0,0.0,0.0,0.0,0.0059832469086557654,7.616673314718776,21.258476266453936,1.118867171918628,0.0,0.0,0.0,0.0,0.0,0.0,0.0,0.0,0.0,0.0,0.0,0.0,0.0,0.0,0.0,0.0,nan,nan,4.27800061709349,2.8555970062780833,nan,0.409,0.06525,0.0,0.0,0.0,0.0,0.0,0.0,0.0,0.0,0.0,0.0,0.0,0.0,0.0,0.0,0.0,0.0,0.0,3.9888312724371757e-05,0.0,0.0,3.9888312724371757e-05,5.983246908655764e-05,0.0008575987235739928,0.004726765057838054,0.0068508177104108494,0.0015257279617072199,0.005504587155963303,0.007199840446749103,0.010929397686477863,0.03327682489030714,0.024970083765456723,0.00810729956122856,0.017580773833266852,0.023015556441962504,0.02371360191463901,0.021519744714798564,0.028240925408855207,0.043099321898683686,0.033456322297566815,0.05589349820502593,0.12039289988033507,0.054248105305145594,0.0812026326286398,0.07437175907459115,0.05735939369764659,0.03969884323893099,0.042550857598723575,0.014000797766254488,0.03464299960111687,0.026565616274431592,0.03414439569206223,0.02367371360191464,0.0032010370961308337,0.015097726366174711,0.023125249301954528,0.001994415636218588,0.00278220981252493,0.0,0.00033905065815715993,0.0,0.0,0.0,0.0,0.0,0.0,0.0,0.0,0.0,0.0,0.0,0.0,0.0,0.0,0.0,0.0,0.0,0.0,0.0,0.0,0.0,0.0,0.0,0.0,0.0,0.0,0.0,0.0,0.0,0.0,0.0,0.0,0.0,0.0,0.0,0.0,0.0,0.0,0.0,0.0,0.0,0.0,nan,nan,4.27800061709349,2.8555970062780833,nan,0.8909001117894322,0.021986317607383156,0.0,0.0,0.0,0.0,0.0,0.0,0.0,0.0,0.0,0.0,0.0,0.0,0.0,0.0,0.0,0.0,0.0,0.0,0.0,0.0,0.0,0.0,0.0,0.0,0.14988470407378943,3.850883935434282,15.484242890084554,9.800153727901616,0.714834742505765,0.0,0.8906758160733464,0.02302364959738502,0.0,0.0,0.0,0.0,0.0,0.0,0.0,0.0,0.0,0.0,0.0,0.0,0.0,0.0,0.0,0.0,0.0,0.0,0.0,0.0,0.0,0.0,0.0,0.0,0.0746268656716418,4.4154228855721405,15.149253731343286,9.353233830845772,0.9577114427860698,0.04975124378109454,0.4092,0.01338,0.0,0.0,0.0,0.0,0.0,0.0,0.0,0.0,0.0,0.0,0.0,7.563412759415823,21.30668716372022,1.1299000768639509,0.0,0.0,0.0,0.0,0.0,0.0,0.0,0.0,0.0,0.0,0.0,0.0,0.0,0.0,0.0,0.0,0.409,0.01324,0.0,0.0,0.0,0.0,0.0,0.0,0.0,0.0,0.0,0.0,0.012437810945273634,7.674129353233821,21.206467661691548,1.1069651741293534,0.0,0.0,0.0,0.0,0.0,0.0,0.0,0.0,0.0,0.0,0.0,0.0,0.0,0.0,0.0,0.0
90300,4691,2457,0.5237689192069921,1132,965,0.44702622042208484,1306,0.5568109145171605,0.43,3.063563115487914,3.1778788636977553,6.775974025974026,2.1843170407224046,8302.5864643349,428.7197346247932,7853.0,8733.628863626718,8711.367970775342,5.858806689310585,7853.0,0.0,27.58089959496909,20.820906227487107,32.5570555272542,19.118478761350644,0.14176081858878703,0.1033894691963334,0.09145171605201449,0.09102536772543168,0.08164570454060968,0.07354508633553614,0.0705606480494564,0.06608399062033682,0.051588147516521,0.04839053506714986,0.047111490087401404,0.04199531016840759,0.03133660200383714,0.02558089959496909,0.01620123641014709,0.011085056491153272,0.007247921551907909,0.8916153686561454,0.022358230823468685,0.0,0.0,0.0,0.0,0.0,0.0,0.0,0.0,0.0,0.0,0.0,0.0,0.0,0.0,0.0,0.0,0.0,0.0,0.0,0.0,0.0,0.0,0.0,0.0,0.13429972287358774,3.849925389042849,15.354934981880199,9.784694095075679,0.8697505862289493,0.006395224898742274,4.307052561543579,2.950782257307094,nan,nan,nan,4.280405405405405,2.9651844385409443,4.334426229508197,2.9368704903936096,1.012620492450218,0.4084,0.01381,0.0,0.0,0.0,0.0,0.0,0.0,0.0,0.0,0.0,0.0,0.025580899594969096,8.166702195693869,20.73331912172245,1.074397782988702,0.0,0.0,0.0,0.0,0.0,0.0,0.0,0.0,0.0,0.0,0.0,0.0,0.0,0.0,0.0,0.0,nan,nan,4.307052561543579,2.950782257307094,nan,0.4084,0.0651,0.0,0.0,0.0,0.0,0.0,0.0,0.0,0.0,0.0,0.0,0.0,0.0,0.0,0.0,0.0,0.0,0.0,3.197612449371136e-05,0.0,0.0,0.0,1.0658708164570453e-05,0.0006075463653805159,0.004423363888296739,0.006363248774248561,0.0014389256022170113,0.005190790876145811,0.006992112555958218,0.012662545299509699,0.033766787465359195,0.024483052654018334,0.008164570454060967,0.01783201875932637,0.024067363035600087,0.022660413557876784,0.02160520144958431,0.02817096567895971,0.04528885099125986,0.03504583244510765,0.05871882327861863,0.11621189511831166,0.056896184182477084,0.08013216798124068,0.0763376678746536,0.05668301001918567,0.04007674269878491,0.04143039863568535,0.011991046685141761,0.03324451076529525,0.02538904284800682,0.03273289277339587,0.02353442762737156,0.003591984651460243,0.014197399275207846,0.023790236623321255,0.0023342570880409293,0.0032935408228522704,0.0,0.0006075463653805159,0.0,0.0,0.0,0.0,0.0,0.0,0.0,0.0,0.0,0.0,0.0,0.0,0.0,0.0,0.0,0.0,0.0,0.0,0.0,0.0,0.0,0.0,0.0,0.0,0.0,0.0,0.0,0.0,0.0,0.0,0.0,0.0,0.0,0.0,0.0,0.0,0.0,0.0,0.0,0.0,0.0,0.0,nan,nan,4.307052561543579,2.950782257307094,nan,0.8914159583666968,0.022518203565855068,0.0,0.0,0.0,0.0,0.0,0.0,0.0,0.0,0.0,0.0,0.0,0.0,0.0,0.0,0.0,0.0,0.0,0.0,0.0,0.0,0.0,0.0,0.0,0.0,0.14652014652014655,3.9804639804639814,15.384615384615387,9.597069597069599,0.8791208791208793,0.012210012210012213,0.8918346842699213,0.02217888705345558,0.0,0.0,0.0,0.0,0.0,0.0,0.0,0.0,0.0,0.0,0.0,0.0,0.0,0.0,0.0,0.0,0.0,0.0,0.0,0.0,0.0,0.0,0.0,0.0,0.12085944494180845,3.706356311548792,15.32229185317816,9.991047448522831,0.8594449418084156,0.0,0.4087,0.013626,0.0,0.0,0.0,0.0,0.0,0.0,0.0,0.0,0.0,0.0,0.024420024420024427,7.826617826617815,21.196581196581203,0.9523809523809526,0.0,0.0,0.0,0.0,0.0,0.0,0.0,0.0,0.0,0.0,0.0,0.0,0.0,0.0,0.0,0.0,0.4084,0.01401,0.0,0.0,0.0,0.0,0.0,0.0,0.0,0.0,0.0,0.0,0.026857654431512987,8.540734109221114,20.223813786929277,1.2085944494180842,0.0,0.0,0.0,0.0,0.0,0.0,0.0,0.0,0.0,0.0,0.0,0.0,0.0,0.0,0.0,0.0
90400,4999,2528,0.5057011402280456,1209,1081,0.45809161832366474,1455,0.582116423284657,0.41,2.9295831647106434,3.1247984942339624,6.718518518518518,2.179540732634428,8287.060183199112,429.15831602339796,7853.0,8735.299551779031,8711.33340815362,5.7545923657529565,7853.0,0.0,27.774154830966193,20.588141695561728,32.55523944997629,18.85373079311844,0.1380276055211042,0.09581916383276655,0.09561912382476495,0.08861772354470894,0.08761752350470094,0.07181436287257452,0.06941388277655532,0.0650130026005201,0.0618123624724945,0.046409281856371276,0.046609321864372874,0.04500900180036007,0.03120624124824965,0.02560512102420484,0.016803360672134428,0.008001600320064013,0.006601320264052811,0.8913652886984753,0.022278389031520043,0.0,0.0,0.0,0.0,0.0,0.0,0.0,0.0,0.0,0.0,0.0,0.0,0.0,0.0,0.0,0.0,0.0,0.0,0.0,0.0,0.0,0.0,0.0,0.0,0.18603720744148836,3.798759751950391,15.71714342868574,9.349869973994801,0.9361872374474897,0.012002400480096022,4.259577076310144,2.9242734974177886,nan,nan,nan,4.216606498194946,2.9328651094263,4.305625,2.914998860956038,1.021111408390411,0.4087,0.01343,0.0,0.0,0.0,0.0,0.0,0.0,0.0,0.0,0.0,0.0,0.024004800960192044,7.789557911582305,21.046209241848377,1.140228045609122,0.0,0.0,0.0,0.0,0.0,0.0,0.0,0.0,0.0,0.0,0.0,0.0,0.0,0.0,0.0,0.0,nan,nan,4.259577076310144,2.9242734974177886,nan,0.4087,0.0652,0.0,0.0,0.0,0.0,0.0,0.0,0.0,0.0,0.0,0.0,0.0,0.0,0.0,0.0,0.0,0.0,0.0,3.000600120024005e-05,0.0,0.0,0.0,1.0002000400080016e-05,0.000600120024004801,0.004770954190838167,0.006541308261652331,0.001280256051210242,0.005201040208041608,0.00657131426285257,0.01257251450290058,0.03340668133626725,0.0249249849969994,0.008011602320464092,0.017523504700940187,0.023114622924584917,0.024744948989797958,0.021884376875375075,0.027305461092218444,0.04492898579715943,0.03626725345069014,0.059251850370074015,0.11368273654730947,0.05907181436287257,0.07925585117023405,0.0754250850170034,0.05654130826165233,0.041538307661532305,0.04164832966593319,0.012972594518903782,0.030136027205441087,0.025775155031006202,0.029975995199039807,0.025395079015803162,0.003740748149629926,0.016333266653330666,0.023174634926985398,0.0021704340868173634,0.0036107221444288858,0.0,0.0006101220244048809,0.0,0.0,0.0,0.0,0.0,0.0,0.0,0.0,0.0,0.0,0.0,0.0,0.0,0.0,0.0,0.0,0.0,0.0,0.0,0.0,0.0,0.0,0.0,0.0,0.0,0.0,0.0,0.0,0.0,0.0,0.0,0.0,0.0,0.0,0.0,0.0,0.0,0.0,0.0,0.0,0.0,0.0,nan,nan,4.259577076310144,2.9242734974177886,nan,0.8911366295069456,0.022523592274763544,0.0,0.0,0.0,0.0,0.0,0.0,0.0,0.0,0.0,0.0,0.0,0.0,0.0,0.0,0.0,0.0,0.0,0.0,0.0,0.0,0.0,0.0,0.0,0.0,0.16613924050632917,3.9636075949367098,15.61708860759494,9.256329113924052,0.9849683544303799,0.01186708860759494,0.8915992225051071,0.022022247831070048,0.0,0.0,0.0,0.0,0.0,0.0,0.0,0.0,0.0,0.0,0.0,0.0,0.0,0.0,0.0,0.0,0.0,0.0,0.0,0.0,0.0,0.0,0.0,0.0,0.20639417239983818,3.6301092675030358,15.819506272764066,9.44556859571024,0.8862808579522462,0.012140833670578716,0.4087,0.01349,0.0,0.0,0.0,0.0,0.0,0.0,0.0,0.0,0.0,0.0,0.03560126582278481,7.6305379746835325,21.08781645569621,1.2460443037974687,0.0,0.0,0.0,0.0,0.0,0.0,0.0,0.0,0.0,0.0,0.0,0.0,0.0,0.0,0.0,0.0,0.4084,0.01337,0.0,0.0,0.0,0.0,0.0,0.0,0.0,0.0,0.0,0.0,0.012140833670578716,7.952246054229045,21.00364225010118,1.0319708619991907,0.0,0.0,0.0,0.0,0.0,0.0,0.0,0.0,0.0,0.0,0.0,0.0,0.0,0.0,0.0,0.0
90500,4258,2226,0.5227806481916393,1002,853,0.4356505401596994,1161,0.5453264443400657,0.414,2.8794291338582676,3.0063466444428517,6.290492957746479,2.1530639247442034,8301.703045109993,428.72437158050394,7853.0,8728.510704451799,8711.300793386505,5.673885503692182,7853.0,0.0,27.734382339126352,20.911725864558978,32.72258064516129,19.203966340681898,0.14091122592766558,0.11108501643964303,0.09159229685298262,0.07750117426021606,0.08313762329732269,0.07797087834664161,0.060591827148896195,0.06317519962423673,0.06200093940817285,0.05307656176608737,0.04462188821042743,0.040394551432597466,0.02888680131517144,0.029356505401596993,0.01925786754344763,0.011507750117426021,0.004931892907468295,0.8914354117390358,0.02218215497429871,0.0,0.0,0.0,0.0,0.0,0.0,0.0,0.0,0.0,0.0,0.0,0.0,0.0,0.0,0.0,0.0,0.0,0.0,0.0,0.0,0.0,0.0,0.0,0.0,0.13386566463128233,3.93142320338187,15.028182245185537,10.089243776420856,0.8172851103804605,0.0,4.134300595238095,2.7782984931042525,nan,nan,nan,4.134873323397914,2.76077862303618,4.133729569093611,2.795656878630413,0.9997233883084566,0.4087,0.0131,0.0,0.0,0.0,0.0,0.0,0.0,0.0,0.0,0.0,0.0,0.00704556129638328,7.433067167684348,21.531235321747303,1.0286519492719588,0.0,0.0,0.0,0.0,0.0,0.0,0.0,0.0,0.0,0.0,0.0,0.0,0.0,0.0,0.0,0.0,nan,nan,4.134300595238095,2.7782984931042525,nan,0.4087,0.0652,0.0,0.0,0.0,0.0,0.0,0.0,0.0,0.0,0.0,0.0,0.0,0.0,0.0,0.0,0.0,0.0,0.0,0.0,0.0,0.0,0.0,1.1742602160638798e-05,0.0006458431188351339,0.005495537811178957,0.006681540629403476,0.001162517613903241,0.005155002348520432,0.005366369187411931,0.012423673085955848,0.03294974166275247,0.0242132456552372,0.008008454673555659,0.017895725692813527,0.02383748238609676,0.024788633161108502,0.02294504462188821,0.025927665570690466,0.0441286989196806,0.03594410521371536,0.06309300140911225,0.1138914983560357,0.05851338656646313,0.07537576326914044,0.07447158290277126,0.05692813527477689,0.04275481446688586,0.043201033348990135,0.01163691874119305,0.03027242837012682,0.02646782527007985,0.02912165335838422,0.027007984969469233,0.004908407703147017,0.01652184124001879,0.022205260685767968,0.0019257867543447627,0.0035227806481916393,1.1742602160638798e-05,0.0005871301080319399,0.0,0.0,0.0,0.0,0.0,0.0,0.0,0.0,0.0,0.0,0.0,0.0,0.0,0.0,0.0,0.0,0.0,0.0,0.0,0.0,0.0,0.0,0.0,0.0,0.0,0.0,0.0,0.0,0.0,0.0,0.0,0.0,0.0,0.0,0.0,0.0,0.0,0.0,0.0,0.0,0.0,0.0,nan,nan,4.134300595238095,2.7782984931042525,nan,0.8914372981772805,0.022069304236874223,0.0,0.0,0.0,0.0,0.0,0.0,0.0,0.0,0.0,0.0,0.0,0.0,0.0,0.0,0.0,0.0,0.0,0.0,0.0,0.0,0.0,0.0,0.0,0.0,0.10781671159029652,3.962264150943397,15.040431266846365,10.040431266846364,0.8490566037735852,0.0,0.8914333451979273,0.022305124347344767,0.0,0.0,0.0,0.0,0.0,0.0,0.0,0.0,0.0,0.0,0.0,0.0,0.0,0.0,0.0,0.0,0.0,0.0,0.0,0.0,0.0,0.0,0.0,0.0,0.16240157480314962,3.8976377952755916,15.014763779527563,10.142716535433072,0.7824803149606302,0.0,0.4084,0.01307,0.0,0.0,0.0,0.0,0.0,0.0,0.0,0.0,0.0,0.0,0.013477088948787064,7.668463611859827,21.42857142857143,0.8894878706199463,0.0,0.0,0.0,0.0,0.0,0.0,0.0,0.0,0.0,0.0,0.0,0.0,0.0,0.0,0.0,0.0,0.4092,0.01311,0.0,0.0,0.0,0.0,0.0,0.0,0.0,0.0,0.0,0.0,0.0,7.17519685039369,21.643700787401578,1.1811023622047245,0.0,0.0,0.0,0.0,0.0,0.0,0.0,0.0,0.0,0.0,0.0,0.0,0.0,0.0,0.0,0.0
90600,4269,2219,0.5197938627313188,1001,885,0.4417896462871867,1202,0.5631295385336145,0.43,3.0253658536585366,3.133196059789098,6.726296958855098,2.03859164033341,8299.298087375531,428.9864532767217,7853.0,8737.163048201799,8711.605919335801,5.749095981017979,7853.0,0.0,28.071211056453503,21.329528413607314,33.33201914953534,19.538360980986734,0.14687280393534785,0.10142890606699462,0.08971656125556336,0.08245490747247598,0.07847271023658936,0.07823846334036073,0.06746310611384398,0.060669946123213865,0.057156242679784496,0.05083157648161162,0.04544389786835325,0.04193019442492387,0.02881236823612087,0.029983602717263996,0.019442492386975874,0.010306863434059498,0.010775357226516749,0.8921664829107826,0.022622099281392402,0.0,0.0,0.0,0.0,0.0,0.0,0.0,0.0,0.0,0.0,0.0,0.0,0.0,0.0,0.0,0.0,0.0,0.0,0.0,0.0,0.0,0.0,0.0,0.0,0.11243851018974,3.8158819395643016,15.263527758257206,9.73295853829937,1.0541110330288126,0.021082220660576252,4.344777209642075,2.896216160357452,nan,nan,nan,4.380640465793304,2.930530581296036,4.303741746148202,2.8560796023326,0.9824457815596661,0.4087,0.0134,0.0,0.0,0.0,0.0,0.0,0.0,0.0,0.0,0.0,0.0,0.028109627547435,7.673928320449743,21.180604356992273,1.1173576950105413,0.0,0.0,0.0,0.0,0.0,0.0,0.0,0.0,0.0,0.0,0.0,0.0,0.0,0.0,0.0,0.0,nan,nan,4.344777209642075,2.896216160357452,nan,0.4087,0.06476,0.0,0.0,0.0,0.0,0.0,0.0,0.0,0.0,0.0,0.0,0.0,0.0,0.0,0.0,0.0,0.0,0.0,0.0,0.0,0.0,0.0,0.0,0.0004333567580229562,0.005903021784961349,0.005645350199109862,0.001745139376903256,0.004579526821269618,0.005504802061372687,0.011454673225579762,0.03434059498711642,0.023120168657765283,0.00890138205668775,0.017884750527055515,0.02297962052002811,0.02569688451628016,0.02043804169594753,0.026294214101663153,0.04716561255563364,0.03518388381353947,0.06170063246661982,0.11584680252986648,0.05913562895291637,0.07549777465448583,0.07265167486530803,0.05631295385336144,0.04351136097446709,0.044120402904661515,0.01227453736237995,0.031353947060201455,0.027863668306394942,0.026423049894588897,0.027605996720543452,0.005188568751464043,0.015811665495432184,0.02215975638322792,0.0016748653080346685,0.0033145935816350433,0.0,0.00026938393066291874,1.1712344811431248e-05,0.0,0.0,0.0,0.0,0.0,0.0,0.0,0.0,0.0,0.0,0.0,0.0,0.0,0.0,0.0,0.0,0.0,0.0,0.0,0.0,0.0,0.0,0.0,0.0,0.0,0.0,0.0,0.0,0.0,0.0,0.0,0.0,0.0,0.0,0.0,0.0,0.0,0.0,0.0,0.0,0.0,nan,nan,4.344777209642075,2.896216160357452,nan,0.892483459823354,0.022531930473182506,0.0,0.0,0.0,0.0,0.0,0.0,0.0,0.0,0.0,0.0,0.0,0.0,0.0,0.0,0.0,0.0,0.0,0.0,0.0,0.0,0.0,0.0,0.0,0.0,0.12167643082469583,3.569175304191078,15.520504731861202,9.65299684542587,1.1086074808472286,0.02703920684993241,0.8918233747307848,0.022714313320162466,0.0,0.0,0.0,0.0,0.0,0.0,0.0,0.0,0.0,0.0,0.0,0.0,0.0,0.0,0.0,0.0,0.0,0.0,0.0,0.0,0.0,0.0,0.0,0.0,0.10243902439024392,4.082926829268294,14.985365853658541,9.819512195121954,0.9951219512195124,0.014634146341463419,0.4087,0.01335,0.0,0.0,0.0,0.0,0.0,0.0,0.0,0.0,0.0,0.0,0.02703920684993241,7.7602523659305875,21.036502929247412,1.1762054979720598,0.0,0.0,0.0,0.0,0.0,0.0,0.0,0.0,0.0,0.0,0.0,0.0,0.0,0.0,0.0,0.0,0.409,0.01345,0.0,0.0,0.0,0.0,0.0,0.0,0.0,0.0,0.0,0.0,0.029268292682926838,7.580487804878038,21.33658536585366,1.0536585365853661,0.0,0.0,0.0,0.0,0.0,0.0,0.0,0.0,0.0,0.0,0.0,0.0,0.0,0.0,0.0,0.0
90700,4468,2301,0.5149955237242614,1082,900,0.44359892569382275,1246,0.5577439570277529,0.39799999999999996,2.991693585602215,3.076463674787867,6.464856230031949,2.152243363772341,8295.268807067114,429.2176375284736,7853.0,8730.67144035697,8711.78184701254,5.754729452817596,7853.0,0.0,28.27775290957923,20.967971849308974,33.16538359437218,19.199979855344502,0.1378692927484333,0.09422560429722471,0.10138764547896151,0.07699194270367055,0.08124440465532677,0.0747538048343778,0.0756490599820949,0.05998209489704566,0.060653536257833485,0.051029543419874666,0.04588182632050134,0.04297224709042077,0.03088630259623993,0.028871978513876455,0.021038495971351837,0.010071620411817368,0.006490599820948971,0.893127990281251,0.022521286265806986,0.0,0.0,0.0,0.0,0.0,0.0,0.0,0.0,0.0,0.0,0.0,0.0,0.0,0.0,0.0,0.0,0.0,0.0,0.0,0.0,0.0,0.0,0.0,0.0,0.10743061772605195,3.6123545210384966,14.872426141450317,10.306624888093108,1.1011638316920325,0.0,4.195854922279793,2.836838242147951,nan,nan,nan,4.111498257839721,2.870025346650284,4.278767123287671,2.80136241081502,1.0406831901555607,0.409,0.01354,0.0,0.0,0.0,0.0,0.0,0.0,0.0,0.0,0.0,0.0,0.013428827215756493,7.728290062667849,21.123545210384965,1.1347358997314236,0.0,0.0,0.0,0.0,0.0,0.0,0.0,0.0,0.0,0.0,0.0,0.0,0.0,0.0,0.0,0.0,nan,nan,4.195854922279793,2.836838242147951,nan,0.409,0.06433,0.0,0.0,0.0,0.0,0.0,0.0,0.0,0.0,0.0,0.0,0.0,0.0,0.0,0.0,0.0,0.0,0.0,0.0,0.0,0.0,0.0,2.2381378692927485e-05,0.0004252461951656222,0.0051589077887197856,0.005337958818263205,0.0014659803043867502,0.003614592658907789,0.0058527305282005376,0.010866159355416294,0.03587735004476276,0.022627573858549688,0.00837063563115488,0.018408683974932855,0.0220680393912265,0.02673455684870188,0.02090420769919427,0.025940017905102954,0.04664279319606088,0.036145926589077886,0.06411145926589078,0.11612578334825426,0.05851611459265891,0.07707027752909579,0.06894583706356311,0.055494628469113697,0.04603849597135184,0.04421441360787825,0.012119516562220232,0.03150179051029543,0.02966651745747538,0.02433974932855864,0.02736123545210385,0.004431512981199642,0.015353625783348254,0.022213518352730527,0.002350044762757386,0.0034019695613249777,0.0,0.00027976723366159354,0.0,0.0,0.0,0.0,0.0,0.0,0.0,0.0,0.0,0.0,0.0,0.0,0.0,0.0,0.0,0.0,0.0,0.0,0.0,0.0,0.0,0.0,0.0,0.0,0.0,0.0,0.0,0.0,0.0,0.0,0.0,0.0,0.0,0.0,0.0,0.0,0.0,0.0,0.0,0.0,0.0,0.0,nan,nan,4.195854922279793,2.836838242147951,nan,0.8932548463992169,0.022197931234948516,0.0,0.0,0.0,0.0,0.0,0.0,0.0,0.0,0.0,0.0,0.0,0.0,0.0,0.0,0.0,0.0,0.0,0.0,0.0,0.0,0.0,0.0,0.0,0.0,0.07822685788787485,3.5071707953063895,14.889178617992181,10.45632333767927,1.0691003911342896,0.0,0.8929932898071211,0.022858859473329166,0.0,0.0,0.0,0.0,0.0,0.0,0.0,0.0,0.0,0.0,0.0,0.0,0.0,0.0,0.0,0.0,0.0,0.0,0.0,0.0,0.0,0.0,0.0,0.0,0.13844023996308263,3.7240424550069227,14.854637748038767,10.147669589293956,1.1352099676972776,0.0,0.4087,0.0136,0.0,0.0,0.0,0.0,0.0,0.0,0.0,0.0,0.0,0.0,0.0,7.874837027379389,21.016949152542377,1.108213820078227,0.0,0.0,0.0,0.0,0.0,0.0,0.0,0.0,0.0,0.0,0.0,0.0,0.0,0.0,0.0,0.0,0.4092,0.01347,0.0,0.0,0.0,0.0,0.0,0.0,0.0,0.0,0.0,0.0,0.027688047992616528,7.572681125980607,21.236732810336875,1.162898015689894,0.0,0.0,0.0,0.0,0.0,0.0,0.0,0.0,0.0,0.0,0.0,0.0,0.0,0.0,0.0,0.0
90800,4528,2336,0.5159010600706714,1085,926,0.44412544169611307,1281,0.5658127208480566,0.40599999999999997,2.9812956204379564,3.0754081920364738,6.5111821086261985,2.0646197018246064,8295.979501867501,429.1284859489231,7853.0,8731.79216813445,8711.65204814043,5.7133046173557975,7853.0,0.0,28.060512367491167,20.974426101028723,32.90882892323815,19.27656955307877,0.13758833922261485,0.09916077738515901,0.09253533568904594,0.09098939929328621,0.07950530035335689,0.07862190812720848,0.06713780918727916,0.06073321554770318,0.05874558303886926,0.05454946996466431,0.04284452296819788,0.0359982332155477,0.03489399293286219,0.030697879858657243,0.018772084805653712,0.00993816254416961,0.007287985865724381,0.892415177564107,0.02186393977900049,0.0,0.0,0.0,0.0,0.0,0.0,0.0,0.0,0.0,0.0,0.0,0.0,0.0,0.0,0.0,0.0,0.0,0.0,0.0,0.0,0.0,0.0,0.0,0.0,0.08613074204947,3.504858657243817,15.503533568904597,9.99779151943463,0.9076855123674914,0.0,4.308722527472527,2.850526414645445,nan,nan,nan,4.37140902872777,2.8767815389504254,4.245517241379311,2.8223975943756074,0.9712010963693557,0.409,0.01332,0.0,0.0,0.0,0.0,0.0,0.0,0.0,0.0,0.0,0.0,0.013250883392226152,7.7120141342756074,21.181537102473502,1.0931978798586575,0.0,0.0,0.0,0.0,0.0,0.0,0.0,0.0,0.0,0.0,0.0,0.0,0.0,0.0,0.0,0.0,nan,nan,4.308722527472527,2.850526414645445,nan,0.409,0.0644,0.0,0.0,0.0,0.0,0.0,0.0,0.0,0.0,0.0,0.0,0.0,0.0,0.0,0.0,0.0,0.0,0.0,0.0,0.0,0.0,0.0,6.625441696113074e-05,0.0006183745583038869,0.0044390459363957595,0.004693021201413428,0.000982773851590106,0.004284452296819788,0.006404593639575972,0.012268109540636042,0.03381183745583039,0.022769434628975266,0.008624116607773851,0.01875,0.021665194346289753,0.026799911660777387,0.022007508833922263,0.025596289752650176,0.04577075971731449,0.03806316254416961,0.06455388692579506,0.12045053003533569,0.05641563604240283,0.0774845406360424,0.06791077738515901,0.05305874558303887,0.04551678445229682,0.0439708480565371,0.01116386925795053,0.02959363957597173,0.030212014134275617,0.023917844522968197,0.029218197879858656,0.004615724381625442,0.016309628975265018,0.021322879858657245,0.0023741166077738515,0.0038317137809187277,0.0,0.00044169611307420494,0.0,0.0,2.2084805653710246e-05,0.0,0.0,0.0,0.0,0.0,0.0,0.0,0.0,0.0,0.0,0.0,0.0,0.0,0.0,0.0,0.0,0.0,0.0,0.0,0.0,0.0,0.0,0.0,0.0,0.0,0.0,0.0,0.0,0.0,0.0,0.0,0.0,0.0,0.0,0.0,0.0,0.0,0.0,0.0,nan,nan,4.308722527472527,2.850526414645445,nan,0.8923996742814779,0.021885211341008022,0.0,0.0,0.0,0.0,0.0,0.0,0.0,0.0,0.0,0.0,0.0,0.0,0.0,0.0,0.0,0.0,0.0,0.0,0.0,0.0,0.0,0.0,0.0,0.0,0.03852739726027398,3.6215753424657544,15.526541095890414,9.888698630136988,0.9246575342465755,0.0,0.8924316993105585,0.021841235899631176,0.0,0.0,0.0,0.0,0.0,0.0,0.0,0.0,0.0,0.0,0.0,0.0,0.0,0.0,0.0,0.0,0.0,0.0,0.0,0.0,0.0,0.0,0.0,0.0,0.13686131386861317,3.380474452554745,15.47901459854015,10.114051094890513,0.8895985401459856,0.0,0.409,0.0134,0.0,0.0,0.0,0.0,0.0,0.0,0.0,0.0,0.0,0.0,0.0,7.692636986301359,21.125856164383567,1.1815068493150687,0.0,0.0,0.0,0.0,0.0,0.0,0.0,0.0,0.0,0.0,0.0,0.0,0.0,0.0,0.0,0.0,0.4087,0.01324,0.0,0.0,0.0,0.0,0.0,0.0,0.0,0.0,0.0,0.0,0.027372262773722636,7.732664233576631,21.24087591240876,0.9990875912408761,0.0,0.0,0.0,0.0,0.0,0.0,0.0,0.0,0.0,0.0,0.0,0.0,0.0,0.0,0.0,0.0
90900,4769,2403,0.5038792199622563,1127,989,0.4436988886559027,1344,0.563640176137555,0.418,2.908706677937447,3.1296499229278347,6.68849840255591,2.159848972835996,8285.52354839812,429.19957873590437,7853.0,8730.479952329397,8711.387350108458,5.662395018962011,7853.0,0.0,27.10756972111554,20.6146575280187,32.074893189243525,18.966682086267735,0.14153910673097087,0.10840847137764731,0.099601593625498,0.08366533864541832,0.08702033969385616,0.06730970853428392,0.07003564688613965,0.06898720905850284,0.053260641643950515,0.054518767037114696,0.04256657580205494,0.03921157475361711,0.026630320821975258,0.02432375760117425,0.016145942545607046,0.010065003145313483,0.006710002096875656,0.8911761107447763,0.022103705571325842,0.0,0.0,0.0,0.0,0.0,0.0,0.0,0.0,0.0,0.0,0.0,0.0,0.0,0.0,0.0,0.0,0.0,0.0,0.0,0.0,0.0,0.0,0.0,0.0,0.11323128538477671,3.994548123296289,15.688823652757394,9.385615433004824,0.8114908785908997,0.006290626965820928,4.355162044771133,2.909451098648235,nan,nan,nan,4.391190006574622,2.968190104387591,4.318150917743032,2.8479607801667415,0.983366903112315,0.4087,0.0133,0.0,0.0,0.0,0.0,0.0,0.0,0.0,0.0,0.0,0.0,0.025162507863283713,7.787796183686297,21.061019081568467,1.1260222268819462,0.0,0.0,0.0,0.0,0.0,0.0,0.0,0.0,0.0,0.0,0.0,0.0,0.0,0.0,0.0,0.0,nan,nan,4.355162044771133,2.909451098648235,nan,0.4087,0.06354,0.0,0.0,0.0,0.0,0.0,0.0,0.0,0.0,0.0,0.0,0.0,0.0,0.0,0.0,0.0,0.0,0.0,0.0,0.0,0.0,0.0,0.00013629691759278674,0.00042985950933109666,0.0034388760746487733,0.003029985321870413,0.0010065003145313482,0.004246173201929126,0.007003564688613965,0.012088488152652548,0.03472426085133152,0.024722163975676243,0.008628643321451038,0.017435521073600337,0.021587334871042148,0.02733277416649193,0.02210106940658419,0.02410358565737052,0.047148249108827846,0.03942126231914447,0.0644789263996645,0.11976305305095408,0.05652128328790103,0.07722793038372824,0.06798070874397148,0.054382470119521915,0.04800796812749004,0.042524638288949465,0.010914237785699308,0.029335290417278257,0.031138603480813588,0.025581882994338435,0.028349758859299645,0.004413923254351017,0.015485426714195848,0.018850912140910045,0.002537219542881107,0.003680016775005242,1.0484378276368211e-05,0.00023065632208010066,0.0,0.0,0.0,0.0,0.0,0.0,0.0,0.0,0.0,0.0,0.0,0.0,0.0,0.0,0.0,0.0,0.0,0.0,0.0,0.0,0.0,0.0,0.0,0.0,0.0,0.0,0.0,0.0,0.0,0.0,0.0,0.0,0.0,0.0,0.0,0.0,0.0,0.0,0.0,0.0,0.0,0.0,nan,nan,4.355162044771133,2.909451098648235,nan,0.8911396062379076,0.022022400971230507,0.0,0.0,0.0,0.0,0.0,0.0,0.0,0.0,0.0,0.0,0.0,0.0,0.0,0.0,0.0,0.0,0.0,0.0,0.0,0.0,0.0,0.0,0.0,0.0,0.13732833957553062,4.032459425717853,15.717852684144821,9.41323345817728,0.6991260923845195,0.0,0.8912131861167143,0.02218591517000369,0.0,0.0,0.0,0.0,0.0,0.0,0.0,0.0,0.0,0.0,0.0,0.0,0.0,0.0,0.0,0.0,0.0,0.0,0.0,0.0,0.0,0.0,0.0,0.0,0.08875739644970417,3.9560439560439566,15.659340659340662,9.357565511411666,0.925612848689772,0.012679628064243453,0.409,0.013374,0.0,0.0,0.0,0.0,0.0,0.0,0.0,0.0,0.0,0.0,0.03745318352059926,7.652933832709103,21.17353308364545,1.136079900124844,0.0,0.0,0.0,0.0,0.0,0.0,0.0,0.0,0.0,0.0,0.0,0.0,0.0,0.0,0.0,0.0,0.4087,0.01322,0.0,0.0,0.0,0.0,0.0,0.0,0.0,0.0,0.0,0.0,0.012679628064243453,7.9247675401521445,20.946745562130182,1.1158072696534236,0.0,0.0,0.0,0.0,0.0,0.0,0.0,0.0,0.0,0.0,0.0,0.0,0.0,0.0,0.0,0.0
91000,4764,2446,0.5134340890008396,1144,989,0.4477329974811083,1359,0.570528967254408,0.41,2.902502157031924,3.0762502447579356,6.535369774919614,2.166213027972806,8293.498784677884,428.8380172726655,7853.0,8733.998386406898,8710.946120280225,5.754341483402425,7853.0,0.0,28.004198152812762,20.93345337494198,32.860986547085204,19.226720310927114,0.1374895046179681,0.09991603694374475,0.09361880772460117,0.09235936188077246,0.07577665827036104,0.07556675062972293,0.07388748950461797,0.06297229219143577,0.052267002518891686,0.04848866498740554,0.051217464315701094,0.036733837111670865,0.03757346767422334,0.025398824517212426,0.020990764063811923,0.008816120906801008,0.0069269521410579345,0.8901959658419756,0.022310290636781797,0.0,0.0,0.0,0.0,0.0,0.0,0.0,0.0,0.0,0.0,0.0,0.0,0.0,0.0,0.0,0.0,0.0,0.0,0.0,0.0,0.0,0.0,0.0,0.0,0.18891687657430736,4.200251889168767,15.654911838790936,9.200251889168767,0.7493702770780858,0.006297229219143578,4.186084142394822,2.873830231596814,nan,nan,nan,4.23741935483871,2.8775695028089867,4.134415584415584,2.8691344427660086,0.9756918629482575,0.408,0.01333,0.0,0.0,0.0,0.0,0.0,0.0,0.0,0.0,0.0,0.0,0.012594458438287156,8.52644836272039,20.52267002518892,0.9382871536523931,0.0,0.0,0.0,0.0,0.0,0.0,0.0,0.0,0.0,0.0,0.0,0.0,0.0,0.0,0.0,0.0,nan,nan,4.186084142394822,2.873830231596814,nan,0.408,0.0634,0.0,0.0,0.0,0.0,0.0,0.0,0.0,0.0,0.0,0.0,0.0,0.0,0.0,0.0,0.0,0.0,0.0,0.0,0.0,0.0,2.0990764063811922e-05,0.000272879932829555,0.0006297229219143577,0.003264063811922754,0.0034005037783375316,0.0013748950461796808,0.0040092359361880775,0.007756087321578505,0.011523929471032746,0.035453400503778335,0.023299748110831235,0.008921074727120067,0.01647774979009236,0.021767422334172965,0.02929261125104954,0.023457178841309823,0.026060033585222502,0.04825776658270361,0.037909319899244336,0.06656171284634761,0.12229219143576826,0.0558144416456759,0.07355163727959697,0.0654911838790932,0.05482787573467674,0.04835222502099076,0.04222292191435768,0.011702350965575146,0.03087741393786734,0.0293975650713686,0.024989504617968093,0.028830814441645675,0.004376574307304786,0.014221242653232578,0.01662468513853904,0.0025608732157850547,0.003757346767422334,5.2476910159529805e-05,0.00033585222502099076,1.0495382031905961e-05,0.0,0.0,0.0,0.0,0.0,0.0,0.0,0.0,0.0,0.0,0.0,0.0,0.0,0.0,0.0,0.0,0.0,0.0,0.0,0.0,0.0,0.0,0.0,0.0,0.0,0.0,0.0,0.0,0.0,0.0,0.0,0.0,0.0,0.0,0.0,0.0,0.0,0.0,0.0,0.0,0.0,nan,nan,4.186084142394822,2.873830231596814,nan,0.8903487841077058,0.02266185466583238,0.0,0.0,0.0,0.0,0.0,0.0,0.0,0.0,0.0,0.0,0.0,0.0,0.0,0.0,0.0,0.0,0.0,0.0,0.0,0.0,0.0,0.0,0.0,0.0,0.19623875715453806,4.280457890433361,15.588716271463618,9.051512673753068,0.8830744071954213,0.0,0.8900347089489746,0.0219320489681329,0.0,0.0,0.0,0.0,0.0,0.0,0.0,0.0,0.0,0.0,0.0,0.0,0.0,0.0,0.0,0.0,0.0,0.0,0.0,0.0,0.0,0.0,0.0,0.0,0.18119068162208807,4.115616911130285,15.724762726488356,9.357204486626404,0.6082830025884384,0.01294219154443486,0.4077,0.01308,0.0,0.0,0.0,0.0,0.0,0.0,0.0,0.0,0.0,0.0,0.0,8.65903515944398,20.396565821749803,0.9443990188062145,0.0,0.0,0.0,0.0,0.0,0.0,0.0,0.0,0.0,0.0,0.0,0.0,0.0,0.0,0.0,0.0,0.4082,0.013596,0.0,0.0,0.0,0.0,0.0,0.0,0.0,0.0,0.0,0.0,0.02588438308886972,8.386540120793775,20.655737704918035,0.93183779119931,0.0,0.0,0.0,0.0,0.0,0.0,0.0,0.0,0.0,0.0,0.0,0.0,0.0,0.0,0.0,0.0
91100,4999,2570,0.5141028205641128,1231,1055,0.45729145829165835,1450,0.580116023204641,0.3539999999999999,2.895841910251132,3.0247128143718185,6.378612716763006,2.1899677552618986,8293.965667304848,428.71801575586454,7853.0,8727.666527950763,8710.73827659803,5.703763049283585,7853.0,0.0,28.233246649329867,20.681691259470213,32.97612857480501,18.930232960031734,0.1318263652730546,0.09921984396879376,0.09281856371274255,0.08741748349669934,0.07881576315263053,0.07561512302460492,0.0704140828165633,0.06741348269653931,0.0618123624724945,0.054210842168433686,0.045809161832366475,0.03840768153630726,0.03680736147229446,0.02380476095219044,0.020404080816163232,0.009001800360072015,0.00620124024804961,0.8893791477092149,0.02225545950335865,0.0,0.0,0.0,0.0,0.0,0.0,0.0,0.0,0.0,0.0,0.0,0.0,0.0,0.0,0.0,0.0,0.0,0.0,0.0,0.0,0.0,0.0,0.0,0.0,0.18003600720144033,4.530906181236248,15.663132626525307,8.92978595719144,0.6901380276055212,0.006001200240048011,4.1918017742428875,2.8372139320398126,nan,nan,nan,4.20097739767868,2.8463909820297273,4.180870631514408,2.8279548675872666,0.9952137885399284,0.408,0.01324,0.0,0.0,0.0,0.0,0.0,0.0,0.0,0.0,0.0,0.0,0.024004800960192044,8.19163832766552,20.89017803560713,0.8941788357671536,0.0,0.0,0.0,0.0,0.0,0.0,0.0,0.0,0.0,0.0,0.0,0.0,0.0,0.0,0.0,0.0,nan,nan,4.1918017742428875,2.8372139320398126,nan,0.408,0.0632,0.0,0.0,0.0,0.0,0.0,0.0,0.0,0.0,0.0,0.0,0.0,0.0,0.0,0.0,0.0,0.0,0.0,0.0,0.0,0.0,8.001600320064013e-05,0.0005601120224044809,0.0008301660332066413,0.002400480096019204,0.0033806761352270453,0.001260252050410082,0.004430886177235447,0.007141428285657132,0.010182036407281457,0.034716943388677736,0.02471494298859772,0.009241848369673934,0.015833166633326665,0.022164432886577316,0.03069613922784557,0.022414482896579317,0.02625525105021004,0.04728945789157832,0.03662732546509302,0.07104420884176835,0.1267253450690138,0.05537107421484297,0.07099419883976796,0.06670334066813363,0.05357071414282857,0.04604920984196839,0.04271854370874175,0.011582316463292658,0.029595919183836767,0.026955391078215644,0.02559511902380476,0.03127625525105021,0.004080816163232646,0.015063012602520505,0.016623324664932985,0.0021304260852170434,0.0033406681336267253,0.00015003000600120024,0.00021004200840168033,0.0,0.0,0.0,0.0,0.0,0.0,0.0,0.0,0.0,0.0,0.0,0.0,0.0,0.0,0.0,0.0,0.0,0.0,0.0,0.0,0.0,0.0,0.0,0.0,0.0,0.0,0.0,0.0,0.0,0.0,0.0,0.0,0.0,0.0,0.0,0.0,0.0,0.0,0.0,0.0,0.0,0.0,nan,nan,4.1918017742428875,2.8372139320398126,nan,0.8892581005040774,0.022425428851770207,0.0,0.0,0.0,0.0,0.0,0.0,0.0,0.0,0.0,0.0,0.0,0.0,0.0,0.0,0.0,0.0,0.0,0.0,0.0,0.0,0.0,0.0,0.0,0.0,0.21011673151750976,4.470817120622569,16.03891050583658,8.4863813229572,0.793774319066148,0.0,0.8895072215326827,0.022073476103334697,0.0,0.0,0.0,0.0,0.0,0.0,0.0,0.0,0.0,0.0,0.0,0.0,0.0,0.0,0.0,0.0,0.0,0.0,0.0,0.0,0.0,0.0,0.0,0.0,0.14820913956360646,4.5944833264718,15.265541375051464,9.39892960065871,0.5804857966241252,0.012350761630300537,0.408,0.0133,0.0,0.0,0.0,0.0,0.0,0.0,0.0,0.0,0.0,0.0,0.035019455252918295,8.147859922178977,20.871595330739304,0.945525291828794,0.0,0.0,0.0,0.0,0.0,0.0,0.0,0.0,0.0,0.0,0.0,0.0,0.0,0.0,0.0,0.0,0.4077,0.013176,0.0,0.0,0.0,0.0,0.0,0.0,0.0,0.0,0.0,0.0,0.012350761630300537,8.237958007410445,20.90983944009881,0.8398517908604366,0.0,0.0,0.0,0.0,0.0,0.0,0.0,0.0,0.0,0.0,0.0,0.0,0.0,0.0,0.0,0.0
91200,4570,2366,0.5177242888402626,1068,953,0.4422319474835886,1299,0.5684901531728666,0.40599999999999997,2.9795825771324864,3.0804459997142635,6.522364217252396,2.139760109034375,8297.046563499205,428.595949256211,7853.0,8728.216844791174,8710.689262549184,5.87485398213352,7853.0,0.0,27.703063457330416,20.649179982296356,32.53914174252276,18.940804090679347,0.13654266958424507,0.10240700218818381,0.09781181619256017,0.09037199124726478,0.07833698030634573,0.07308533916849015,0.0687089715536105,0.061706783369803064,0.05667396061269147,0.05536105032822757,0.0474835886214442,0.043982494529540485,0.03260393873085339,0.025820568927789934,0.016192560175054705,0.006783369803063457,0.00612691466083151,0.889034331966542,0.022638800512208877,0.0,0.0,0.0,0.0,0.0,0.0,0.0,0.0,0.0,0.0,0.0,0.0,0.0,0.0,0.0,0.0,0.0,0.0,0.0,0.0,0.0,0.0,0.0,0.006564551422319455,0.1706783369803064,4.667396061269147,15.78118161925602,8.599562363238514,0.7746170678336982,0.0,4.294461644306845,2.838863711627144,nan,nan,nan,4.262483130904184,2.8416240606996226,4.327719298245614,2.8356075604702426,1.0153047332594585,0.4082,0.01344,0.0,0.0,0.0,0.0,0.0,0.0,0.0,0.0,0.0,0.0,0.0,8.310722100656442,20.730853391684906,0.9584245076586435,0.0,0.0,0.0,0.0,0.0,0.0,0.0,0.0,0.0,0.0,0.0,0.0,0.0,0.0,0.0,0.0,nan,nan,4.294461644306845,2.838863711627144,nan,0.4082,0.0632,0.0,0.0,0.0,0.0,0.0,0.0,0.0,0.0,0.0,0.0,0.0,0.0,0.0,0.0,0.0,0.0,0.0,0.0,0.0,0.0,0.0,0.0005798687089715537,0.000962800875273523,0.0024070021881838076,0.0032275711159737417,0.0011925601750547045,0.004770240700218818,0.005579868708971553,0.01025164113785558,0.03596280087527352,0.025459518599562362,0.008315098468271335,0.015514223194748359,0.02412472647702407,0.029452954048140044,0.022450765864332603,0.024365426695842452,0.046663019693654266,0.03514223194748359,0.07529540481400437,0.12359956236323852,0.056291028446389495,0.06811816192560174,0.067417943107221,0.05610503282275711,0.04402625820568928,0.044146608315098465,0.012844638949671772,0.029431072210065645,0.028205689277899345,0.023522975929978117,0.03349015317286652,0.0036214442013129105,0.015142231947483589,0.017067833698030634,0.001673960612691466,0.0031838074398249454,0.00020787746170678338,0.00018599562363238512,0.0,0.0,0.0,0.0,0.0,0.0,0.0,0.0,0.0,0.0,0.0,0.0,0.0,0.0,0.0,0.0,0.0,0.0,0.0,0.0,0.0,0.0,0.0,0.0,0.0,0.0,0.0,0.0,0.0,0.0,0.0,0.0,0.0,0.0,0.0,0.0,0.0,0.0,0.0,0.0,0.0,0.0,nan,nan,4.294461644306845,2.838863711627144,nan,0.8886796152904088,0.022760427526111033,0.0,0.0,0.0,0.0,0.0,0.0,0.0,0.0,0.0,0.0,0.0,0.0,0.0,0.0,0.0,0.0,0.0,0.0,0.0,0.0,0.0,0.0,0.0,0.01267962806424341,0.15215553677092142,4.9704142011834325,15.519864750633985,8.63482671174979,0.7100591715976333,0.0,0.8894151212840244,0.02250127947368305,0.0,0.0,0.0,0.0,0.0,0.0,0.0,0.0,0.0,0.0,0.0,0.0,0.0,0.0,0.0,0.0,0.0,0.0,0.0,0.0,0.0,0.0,0.0,0.0,0.1905626134301271,4.342105263157896,16.06170598911071,8.56170598911071,0.8439201451905628,0.0,0.4084,0.0135,0.0,0.0,0.0,0.0,0.0,0.0,0.0,0.0,0.0,0.0,0.0,8.216398985629743,20.908706677937452,0.8748943364327981,0.0,0.0,0.0,0.0,0.0,0.0,0.0,0.0,0.0,0.0,0.0,0.0,0.0,0.0,0.0,0.0,0.408,0.01338,0.0,0.0,0.0,0.0,0.0,0.0,0.0,0.0,0.0,0.0,0.0,8.411978221415596,20.539927404718696,1.048094373865699,0.0,0.0,0.0,0.0,0.0,0.0,0.0,0.0,0.0,0.0,0.0,0.0,0.0,0.0,0.0,0.0
91300,4340,2291,0.5278801843317973,1062,908,0.4539170506912442,1226,0.5649769585253456,0.422,2.945827232796486,3.0548097769697846,6.564056939501779,2.152625621043648,8305.839282229927,428.2746968896513,7853.0,8729.713076049089,8710.844820985541,5.641153494710917,7853.0,0.0,27.86267281105991,20.639455710521727,32.85101704233095,18.80778068815333,0.1403225806451613,0.09861751152073733,0.09193548387096774,0.08847926267281106,0.07880184331797235,0.07350230414746543,0.07211981566820276,0.06175115207373272,0.06313364055299539,0.05391705069124424,0.04516129032258064,0.041013824884792625,0.037096774193548385,0.02488479262672811,0.016589861751152075,0.0066820276497695855,0.005990783410138249,0.8897898198547451,0.022031315219072027,0.0,0.0,0.0,0.0,0.0,0.0,0.0,0.0,0.0,0.0,0.0,0.0,0.0,0.0,0.0,0.0,0.0,0.0,0.0,0.0,0.0,0.0,0.0,0.0,0.16589861751152077,4.1405529953917055,16.161290322580648,8.785714285714288,0.7465437788018435,0.0,4.155350159971561,2.8695486180362106,nan,nan,nan,4.157303370786517,2.832739478474854,4.153347732181426,2.9068000675763765,0.9990485085517484,0.4084,0.012924,0.0,0.0,0.0,0.0,0.0,0.0,0.0,0.0,0.0,0.0,0.006912442396313365,7.9354838709677304,21.193548387096776,0.8640552995391707,0.0,0.0,0.0,0.0,0.0,0.0,0.0,0.0,0.0,0.0,0.0,0.0,0.0,0.0,0.0,0.0,nan,nan,4.155350159971561,2.8695486180362106,nan,0.4084,0.06287,0.0,0.0,0.0,0.0,0.0,0.0,0.0,0.0,0.0,0.0,0.0,0.0,0.0,0.0,0.0,0.0,0.0,0.0,0.0,0.0,0.0,0.00018433179723502304,0.0010599078341013825,0.0018548387096774194,0.0029262672811059907,0.0015783410138248848,0.004032258064516129,0.006094470046082949,0.010138248847926268,0.03608294930875576,0.025069124423963134,0.007649769585253457,0.014804147465437787,0.024827188940092167,0.03182027649769585,0.023709677419354837,0.024055299539170506,0.04523041474654378,0.034147465437788016,0.07493087557603686,0.12577188940092165,0.05694700460829493,0.06504608294930876,0.06775345622119816,0.056370967741935486,0.04370967741935484,0.04611751152073733,0.014032258064516129,0.03141705069124424,0.02683179723502304,0.020069124423963133,0.03444700460829493,0.0033064516129032257,0.014527649769585253,0.018640552995391704,0.0017626728110599079,0.0025460829493087556,0.0003225806451612903,0.00018433179723502304,0.0,0.0,0.0,0.0,0.0,0.0,0.0,0.0,0.0,0.0,0.0,0.0,0.0,0.0,0.0,0.0,0.0,0.0,0.0,0.0,0.0,0.0,0.0,0.0,0.0,0.0,0.0,0.0,0.0,0.0,0.0,0.0,0.0,0.0,0.0,0.0,0.0,0.0,0.0,0.0,0.0,0.0,nan,nan,4.155350159971561,2.8695486180362106,nan,0.8891887891401843,0.022048325944048843,0.0,0.0,0.0,0.0,0.0,0.0,0.0,0.0,0.0,0.0,0.0,0.0,0.0,0.0,0.0,0.0,0.0,0.0,0.0,0.0,0.0,0.0,0.0,0.0,0.19642077695329554,4.242688782191184,16.329113924050635,8.511567001309473,0.720209515495417,0.0,0.8904618361393029,0.02199283874339953,0.0,0.0,0.0,0.0,0.0,0.0,0.0,0.0,0.0,0.0,0.0,0.0,0.0,0.0,0.0,0.0,0.0,0.0,0.0,0.0,0.0,0.0,0.0,0.0,0.13177159590043927,4.026354319180089,15.973645680819915,9.09224011713031,0.7759882869692535,0.0,0.4084,0.01283,0.0,0.0,0.0,0.0,0.0,0.0,0.0,0.0,0.0,0.0,0.013094718463553036,7.725883893496278,21.501527717154087,0.7594936708860761,0.0,0.0,0.0,0.0,0.0,0.0,0.0,0.0,0.0,0.0,0.0,0.0,0.0,0.0,0.0,0.0,0.4082,0.01301,0.0,0.0,0.0,0.0,0.0,0.0,0.0,0.0,0.0,0.0,0.0,8.16983894582722,20.84919472913617,0.9809663250366034,0.0,0.0,0.0,0.0,0.0,0.0,0.0,0.0,0.0,0.0,0.0,0.0,0.0,0.0,0.0,0.0
91400,4342,2233,0.5142791340396131,1006,876,0.4334408106863197,1208,0.5564256103178259,0.426,3.0374585111427215,3.1338135668235383,6.589700996677741,2.134846212057257,8294.224383165534,428.81766032934667,7853.0,8727.620504283905,8710.947277968988,5.626984996303654,7853.0,0.0,27.994242284661446,21.229313533939827,33.366138448707254,19.369192983342923,0.14808843850760017,0.09926301243666513,0.09396591432519576,0.0783049286043298,0.08083832335329341,0.0743896821741133,0.06748042376784892,0.06149239981575311,0.061031782588668815,0.052740672501151546,0.04398894518654998,0.0391524643021649,0.031552280055274065,0.025794564716720404,0.02233993551358821,0.011054813450023031,0.00852141870105942,0.8892643638658722,0.02180111866318085,0.0,0.0,0.0,0.0,0.0,0.0,0.0,0.0,0.0,0.0,0.0,0.0,0.0,0.0,0.0,0.0,0.0,0.0,0.0,0.0,0.0,0.0,0.0,0.0,0.2003684937816675,4.242284661446339,16.20912022109627,8.684937816674346,0.6632888070013819,0.0,4.428726483357453,2.8547165074021583,nan,nan,nan,4.438218390804598,2.8241933521337543,4.419096209912537,2.8853227254175065,0.9956914736481469,0.4087,0.01311,0.0,0.0,0.0,0.0,0.0,0.0,0.0,0.0,0.0,0.0,0.048364808843850776,7.524182404421914,21.58452326116997,0.8429295255642563,0.0,0.0,0.0,0.0,0.0,0.0,0.0,0.0,0.0,0.0,0.0,0.0,0.0,0.0,0.0,0.0,nan,nan,4.428726483357453,2.8547165074021583,nan,0.4087,0.0629,0.0,0.0,0.0,0.0,0.0,0.0,0.0,0.0,0.0,0.0,0.0,0.0,0.0,0.0,0.0,0.0,0.0,0.0,0.0,0.0,2.3030861354214647e-05,0.00012666973744818055,0.0014624596959926302,0.001600644864117918,0.0026600644864117917,0.0014970059880239522,0.004364348226623676,0.005354675264854906,0.008532934131736527,0.03484569322892676,0.02693459235375403,0.007980193459235375,0.01514279134039613,0.02793643482266237,0.031356517733763245,0.021361123906034087,0.023249654537079688,0.04713265776140028,0.033325656379548596,0.07763703362505758,0.1235951174573929,0.05481345002303086,0.06280515891294335,0.06795255642561032,0.057853523721787196,0.04435743896821741,0.04549746660525104,0.014187010594196223,0.03257715338553662,0.02633578995854445,0.02018654997696914,0.035686319668355594,0.0035582680792261632,0.014900967296176877,0.018701059419622294,0.001278212805158913,0.002717641639797328,0.0002878857669276831,0.00017273146015660986,1.1515430677107323e-05,0.0,0.0,0.0,0.0,0.0,0.0,0.0,0.0,0.0,0.0,0.0,0.0,0.0,0.0,0.0,0.0,0.0,0.0,0.0,0.0,0.0,0.0,0.0,0.0,0.0,0.0,0.0,0.0,0.0,0.0,0.0,0.0,0.0,0.0,0.0,0.0,0.0,0.0,0.0,0.0,0.0,nan,nan,4.428726483357453,2.8547165074021583,nan,0.8894678036620998,0.021812942763436628,0.0,0.0,0.0,0.0,0.0,0.0,0.0,0.0,0.0,0.0,0.0,0.0,0.0,0.0,0.0,0.0,0.0,0.0,0.0,0.0,0.0,0.0,0.0,0.0,0.17465293327362297,4.2185400806090465,16.068069861173313,8.947604120017914,0.5911330049261084,0.0,0.8890489626970829,0.02178652194274647,0.0,0.0,0.0,0.0,0.0,0.0,0.0,0.0,0.0,0.0,0.0,0.0,0.0,0.0,0.0,0.0,0.0,0.0,0.0,0.0,0.0,0.0,0.0,0.0,0.22759601706970134,4.2674253200568995,16.358463726884782,8.406827880512093,0.7396870554765294,0.0,0.4087,0.012726,0.0,0.0,0.0,0.0,0.0,0.0,0.0,0.0,0.0,0.0,0.013434841021047922,7.2145096283027215,21.992834751455444,0.7792207792207794,0.0,0.0,0.0,0.0,0.0,0.0,0.0,0.0,0.0,0.0,0.0,0.0,0.0,0.0,0.0,0.0,0.4084,0.0135,0.0,0.0,0.0,0.0,0.0,0.0,0.0,0.0,0.0,0.0,0.08534850640113799,7.8520625889046824,21.152204836415365,0.9103840682788054,0.0,0.0,0.0,0.0,0.0,0.0,0.0,0.0,0.0,0.0,0.0,0.0,0.0,0.0,0.0,0.0
91500,4464,2344,0.525089605734767,1118,929,0.4585573476702509,1265,0.5667562724014337,0.41,2.956603773584906,3.0247413383228894,6.4573378839590445,2.1335262384293547,8303.512944477943,428.46637962678074,7853.0,8729.471458399295,8710.973457401677,5.723818080430572,7853.0,0.0,28.738351254480285,20.946608149783177,33.43707214323328,19.161974562992544,0.13216845878136202,0.08938172043010753,0.09363799283154121,0.08221326164874553,0.08288530465949821,0.07818100358422939,0.0750448028673835,0.06653225806451613,0.053763440860215055,0.05712365591397849,0.04592293906810036,0.04278673835125448,0.03539426523297491,0.027553763440860215,0.01747311827956989,0.013440860215053764,0.006496415770609319,0.8885910715574005,0.02213023708192429,0.0,0.0,0.0,0.0,0.0,0.0,0.0,0.0,0.0,0.0,0.0,0.0,0.0,0.0,0.0,0.0,0.0,0.0,0.0,0.0,0.0,0.0,0.0,0.0,0.16129032258064518,4.610215053763442,16.155913978494628,8.420698924731184,0.6384408602150539,0.013440860215053767,4.140688259109312,2.871419791334468,nan,nan,nan,4.101085481682497,2.8475439038610246,4.17986577181208,2.8943124014668506,1.0192096191316802,0.4092,0.0132,0.0,0.0,0.0,0.0,0.0,0.0,0.0,0.0,0.0,0.0,0.0067204301075268836,7.3857526881720315,21.693548387096776,0.9139784946236561,0.0,0.0,0.0,0.0,0.0,0.0,0.0,0.0,0.0,0.0,0.0,0.0,0.0,0.0,0.0,0.0,nan,nan,4.140688259109312,2.871419791334468,nan,0.4092,0.06274,0.0,0.0,0.0,0.0,0.0,0.0,0.0,0.0,0.0,0.0,0.0,0.0,0.0,0.0,0.0,0.0,0.0,0.0,0.0,0.0,0.0,7.840501792114695e-05,0.001153673835125448,0.0016241039426523297,0.0025985663082437275,0.0017697132616487454,0.004838709677419355,0.004558691756272402,0.00913978494623656,0.032795698924731186,0.02601926523297491,0.008142921146953405,0.016297043010752688,0.02699372759856631,0.031227598566308242,0.020967741935483872,0.025224014336917563,0.04476926523297491,0.034027777777777775,0.07645609318996416,0.12112455197132617,0.05452508960573477,0.06246639784946237,0.068290770609319,0.06075268817204301,0.045530913978494625,0.04704301075268817,0.013194444444444444,0.03459901433691756,0.027486559139784945,0.020844534050179213,0.034475806451612905,0.004222670250896057,0.014336917562724014,0.018066756272401435,0.0008848566308243727,0.0030577956989247313,0.00022401433691756272,0.00016801075268817206,0.0,0.0,2.2401433691756272e-05,0.0,0.0,0.0,0.0,0.0,0.0,0.0,0.0,0.0,0.0,0.0,0.0,0.0,0.0,0.0,0.0,0.0,0.0,0.0,0.0,0.0,0.0,0.0,0.0,0.0,0.0,0.0,0.0,0.0,0.0,0.0,0.0,0.0,0.0,0.0,0.0,0.0,0.0,0.0,nan,nan,4.140688259109312,2.871419791334468,nan,0.8887921517568643,0.022298639159869252,0.0,0.0,0.0,0.0,0.0,0.0,0.0,0.0,0.0,0.0,0.0,0.0,0.0,0.0,0.0,0.0,0.0,0.0,0.0,0.0,0.0,0.0,0.0,0.0,0.16638225255972702,4.633105802047782,15.998293515358364,8.54948805460751,0.6271331058020478,0.025597269624573385,0.8883687451481819,0.0219403920151999,0.0,0.0,0.0,0.0,0.0,0.0,0.0,0.0,0.0,0.0,0.0,0.0,0.0,0.0,0.0,0.0,0.0,0.0,0.0,0.0,0.0,0.0,0.0,0.0,0.1556603773584906,4.584905660377359,16.330188679245285,8.278301886792455,0.6509433962264152,0.0,0.4094,0.01308,0.0,0.0,0.0,0.0,0.0,0.0,0.0,0.0,0.0,0.0,0.0,7.064846416382242,21.988054607508538,0.9470989761092152,0.0,0.0,0.0,0.0,0.0,0.0,0.0,0.0,0.0,0.0,0.0,0.0,0.0,0.0,0.0,0.0,0.409,0.01333,0.0,0.0,0.0,0.0,0.0,0.0,0.0,0.0,0.0,0.0,0.014150943396226419,7.740566037735837,21.36792452830189,0.877358490566038,0.0,0.0,0.0,0.0,0.0,0.0,0.0,0.0,0.0,0.0,0.0,0.0,0.0,0.0,0.0,0.0
91600,4455,2317,0.5200897867564535,1103,909,0.4516273849607183,1250,0.5611672278338945,0.426,2.989710009354537,3.1157715839322018,6.7452006980802794,2.16541081952407,8299.156933131058,428.5956798084648,7853.0,8729.538724774122,8710.845980621003,5.604102014145865,7853.0,0.0,27.865544332210998,20.594303970196073,32.77371092706385,18.800294257302472,0.1382716049382716,0.09921436588103255,0.08754208754208755,0.08843995510662177,0.0850729517396184,0.0749719416386083,0.0749719416386083,0.0675645342312009,0.05544332210998878,0.048484848484848485,0.045342312008978675,0.04197530864197531,0.036139169472502806,0.027384960718294053,0.013916947250280583,0.00920314253647587,0.006060606060606061,0.8884142414220388,0.02232325040096717,0.0,0.0,0.0,0.0,0.0,0.0,0.0,0.0,0.0,0.0,0.0,0.0,0.0,0.0,0.0,0.0,0.0,0.0,0.0,0.0,0.0,0.0,0.0,0.0,0.18181818181818188,4.754208754208755,15.838383838383841,8.632996632996635,0.585858585858586,0.0067340067340067354,4.2094711372277915,2.8812816220023714,nan,nan,nan,4.165387299371947,2.8588330094444023,4.251542152159013,2.903129179642665,1.020683515504082,0.4094,0.012665,0.0,0.0,0.0,0.0,0.0,0.0,0.0,0.0,0.0,0.0,0.013468013468013471,6.9023569023568925,22.168350168350173,0.915824915824916,0.0,0.0,0.0,0.0,0.0,0.0,0.0,0.0,0.0,0.0,0.0,0.0,0.0,0.0,0.0,0.0,nan,nan,4.2094711372277915,2.8812816220023714,nan,0.4094,0.0627,0.0,0.0,0.0,0.0,0.0,0.0,0.0,0.0,0.0,0.0,0.0,0.0,0.0,0.0,0.0,0.0,0.0,0.0,0.0,0.0,0.0,0.0,0.000920314253647587,0.0017957351290684624,0.0016722783389450057,0.00202020202020202,0.0054769921436588105,0.003849607182940516,0.010134680134680135,0.03373737373737374,0.023916947250280582,0.0077777777777777776,0.01643097643097643,0.027732884399551065,0.02907968574635241,0.020561167227833896,0.026419753086419754,0.048945005611672275,0.03693602693602693,0.07214365881032547,0.11895622895622895,0.05405162738496072,0.06244668911335578,0.06662177328843996,0.06032547699214366,0.0478675645342312,0.04845117845117845,0.01180695847362514,0.03576879910213244,0.02927048260381594,0.019405162738496073,0.03429854096520763,0.004320987654320987,0.014208754208754209,0.018473625140291806,0.0008529741863075196,0.0028956228956228958,8.978675645342312e-05,0.0003367003367003367,0.0,0.0,0.0,0.0,0.0,0.0,0.0,0.0,0.0,0.0,0.0,0.0,0.0,0.0,0.0,0.0,0.0,0.0,0.0,0.0,0.0,0.0,0.0,0.0,0.0,0.0,0.0,0.0,0.0,0.0,0.0,0.0,0.0,0.0,0.0,0.0,0.0,0.0,0.0,0.0,0.0,0.0,nan,nan,4.2094711372277915,2.8812816220023714,nan,0.8883354612141783,0.022163792951929953,0.0,0.0,0.0,0.0,0.0,0.0,0.0,0.0,0.0,0.0,0.0,0.0,0.0,0.0,0.0,0.0,0.0,0.0,0.0,0.0,0.0,0.0,0.0,0.0,0.18126888217522663,4.829520932239967,15.757444971946486,8.571428571428573,0.6603366422097541,0.0,0.8884996173535695,0.022494470389337523,0.0,0.0,0.0,0.0,0.0,0.0,0.0,0.0,0.0,0.0,0.0,0.0,0.0,0.0,0.0,0.0,0.0,0.0,0.0,0.0,0.0,0.0,0.0,0.0,0.18241347053320867,4.672591206735268,15.926099158091677,8.69971936389149,0.5051449953227316,0.014031805425631434,0.4094,0.012886,0.0,0.0,0.0,0.0,0.0,0.0,0.0,0.0,0.0,0.0,0.012947777298230474,7.004747518342675,21.881743634009503,1.1005610703495903,0.0,0.0,0.0,0.0,0.0,0.0,0.0,0.0,0.0,0.0,0.0,0.0,0.0,0.0,0.0,0.0,0.4094,0.01241,0.0,0.0,0.0,0.0,0.0,0.0,0.0,0.0,0.0,0.0,0.014031805425631434,6.791393826005603,22.478952291861557,0.7156220767072031,0.0,0.0,0.0,0.0,0.0,0.0,0.0,0.0,0.0,0.0,0.0,0.0,0.0,0.0,0.0,0.0
91700,4556,2349,0.5155838454784899,1097,923,0.4433713784021071,1294,0.5680421422300264,0.422,3.0412324422292705,3.1418112179018505,6.66347687400319,2.146171109507201,8295.25101503221,428.6958794105668,7853.0,8729.834736430645,8710.767400803214,5.844872985699888,7853.0,0.0,27.790166812993853,20.726242518723854,32.7520942408377,18.955543424133417,0.14091308165057068,0.0996488147497805,0.09460052677787532,0.08735733099209833,0.07638279192273925,0.07660228270412643,0.07309043020193152,0.06255487269534679,0.05465320456540825,0.05201931518876207,0.04697102721685689,0.04499561018437226,0.036215978928884986,0.024363476733977173,0.014266900790166813,0.008560140474100088,0.006804214223002634,0.8885444041089702,0.022095471215957754,0.0,0.0,0.0,0.0,0.0,0.0,0.0,0.0,0.0,0.0,0.0,0.0,0.0,0.0,0.0,0.0,0.0,0.0,0.0,0.0,0.0,0.0,0.0,0.0065847234416154315,0.15144863915715542,4.64881474978051,16.26426690079017,8.29675153643547,0.6123792800702371,0.01975417032484636,4.408065618591935,2.9625579673619744,nan,nan,nan,4.450240219629375,2.8961245986824244,4.366235534377127,3.0264283242755985,0.9811235616266926,0.4084,0.01314,0.0,0.0,0.0,0.0,0.0,0.0,0.0,0.0,0.0,0.0,0.006584723441615454,7.855575065847224,21.347673397717298,0.7901668129938545,0.0,0.0,0.0,0.0,0.0,0.0,0.0,0.0,0.0,0.0,0.0,0.0,0.0,0.0,0.0,0.0,nan,nan,4.408065618591935,2.9625579673619744,nan,0.4084,0.06247,0.0,0.0,0.0,0.0,0.0,0.0,0.0,0.0,0.0,0.0,0.0,0.0,0.0,0.0,0.0,0.0,0.0,0.0,0.0,0.0,0.0,0.0,0.001009657594381036,0.001766900790166813,0.001514486391571554,0.00204126426690079,0.004993415276558385,0.0046532045654082525,0.009174714661984197,0.0358099209833187,0.02559262510974539,0.00757243195785777,0.01643985952589991,0.028292361720807725,0.027359525899912203,0.020687006145741878,0.027952151009657596,0.05127304653204565,0.03978270412642669,0.07107111501316944,0.11714223002633889,0.05314969271290606,0.05955882352941176,0.06678007023705004,0.06246707638279192,0.048145302897278315,0.04928665496049166,0.011424495171202809,0.03364793678665496,0.03005926251097454,0.018909130816505706,0.034910008779631255,0.0045983318700614575,0.01251097453906936,0.01634108867427568,0.0007243195785776997,0.0029960491659350307,0.0,0.00036215978928884985,0.0,0.0,0.0,0.0,0.0,0.0,0.0,0.0,0.0,0.0,0.0,0.0,0.0,0.0,0.0,0.0,0.0,0.0,0.0,0.0,0.0,0.0,0.0,0.0,0.0,0.0,0.0,0.0,0.0,0.0,0.0,0.0,0.0,0.0,0.0,0.0,0.0,0.0,0.0,0.0,0.0,0.0,nan,nan,4.408065618591935,2.9625579673619744,nan,0.8887020459881535,0.022362438663367096,0.0,0.0,0.0,0.0,0.0,0.0,0.0,0.0,0.0,0.0,0.0,0.0,0.0,0.0,0.0,0.0,0.0,0.0,0.0,0.0,0.0,0.0,0.0,0.01277139208173687,0.16602809706257987,4.584929757343551,16.270753512132824,8.326947637292466,0.6130268199233717,0.025542784163473824,0.8883766194355666,0.02180648490011081,0.0,0.0,0.0,0.0,0.0,0.0,0.0,0.0,0.0,0.0,0.0,0.0,0.0,0.0,0.0,0.0,0.0,0.0,0.0,0.0,0.0,0.0,0.0,0.0,0.1359311282283643,4.716810149524242,16.257362936112372,8.26461259628455,0.6116900770276394,0.013593112822836434,0.4087,0.01312,0.0,0.0,0.0,0.0,0.0,0.0,0.0,0.0,0.0,0.0,0.012771392081736912,7.739463601532556,21.570881226053647,0.6768837803320564,0.0,0.0,0.0,0.0,0.0,0.0,0.0,0.0,0.0,0.0,0.0,0.0,0.0,0.0,0.0,0.0,0.4084,0.01315,0.0,0.0,0.0,0.0,0.0,0.0,0.0,0.0,0.0,0.0,0.0,7.979157227004973,21.11010421386498,0.910738559130041,0.0,0.0,0.0,0.0,0.0,0.0,0.0,0.0,0.0,0.0,0.0,0.0,0.0,0.0,0.0,0.0
91800,4652,2394,0.5146173688736028,1110,953,0.4434651762682717,1281,0.5507308684436801,0.43,2.9397697077059344,3.115847708779786,6.6375404530744335,2.1545500365538124,8294.453262782461,428.75045521166976,7853.0,8729.33126180768,8710.828144721805,5.731066590195948,7853.0,0.0,27.225279449699055,20.63537139706743,32.401503369621565,18.86404024404067,0.15111779879621667,0.09759243336199484,0.09114359415305245,0.09178847807394669,0.08297506448839209,0.07674118658641445,0.07136715391229578,0.06040412725709372,0.05653482373172829,0.05051590713671539,0.043422184006878764,0.037403267411865865,0.030309544282029234,0.026225279449699053,0.015692175408426483,0.011392949269131557,0.005374032674118658,0.888338703255354,0.022322339440864085,0.0,0.0,0.0,0.0,0.0,0.0,0.0,0.0,0.0,0.0,0.0,0.0,0.0,0.0,0.0,0.0,0.0,0.0,0.0,0.0,0.0,0.0,0.0,0.0,0.1612209802235598,4.785038693035254,15.960877042132418,8.454428202923475,0.6384350816852967,0.0,4.285083248386001,2.9299103809100555,nan,nan,nan,4.2772002772002775,2.9313134727897596,4.292666666666666,2.9285399471788365,1.0036160077770575,0.4094,0.012794,0.0,0.0,0.0,0.0,0.0,0.0,0.0,0.0,0.0,0.0,0.0,6.926053310404117,22.035683576956153,1.038263112639725,0.0,0.0,0.0,0.0,0.0,0.0,0.0,0.0,0.0,0.0,0.0,0.0,0.0,0.0,0.0,0.0,nan,nan,4.285083248386001,2.9299103809100555,nan,0.4094,0.06256,0.0,0.0,0.0,0.0,0.0,0.0,0.0,0.0,0.0,0.0,0.0,0.0,0.0,0.0,0.0,0.0,0.0,0.0,0.0,0.0,0.0,0.0,0.0008813413585554601,0.0014079965606190886,0.0017304385210662081,0.0019024075666380052,0.005599742046431642,0.00484737747205503,0.009565778159931213,0.03421109200343938,0.025902837489251936,0.0068035253654342214,0.016251074806534822,0.02775150472914875,0.025257953568357694,0.019303525365434223,0.030030094582975064,0.05055889939810834,0.0418207222699914,0.06714316423043852,0.11395098882201203,0.05484737747205503,0.061726139294926916,0.06559544282029235,0.06320937231298367,0.049828030954428205,0.05293422184006879,0.01141444539982803,0.03297506448839209,0.02912725709372313,0.019206792777300086,0.03324376612209802,0.004696904557179708,0.014628116938950988,0.017379621668099744,0.0006126397248495271,0.003288907996560619,4.299226139294927e-05,0.00032244196044711954,0.0,0.0,0.0,0.0,0.0,0.0,0.0,0.0,0.0,0.0,0.0,0.0,0.0,0.0,0.0,0.0,0.0,0.0,0.0,0.0,0.0,0.0,0.0,0.0,0.0,0.0,0.0,0.0,0.0,0.0,0.0,0.0,0.0,0.0,0.0,0.0,0.0,0.0,0.0,0.0,0.0,0.0,nan,nan,4.285083248386001,2.9299103809100555,nan,0.8887737146893838,0.022489826885108616,0.0,0.0,0.0,0.0,0.0,0.0,0.0,0.0,0.0,0.0,0.0,0.0,0.0,0.0,0.0,0.0,0.0,0.0,0.0,0.0,0.0,0.0,0.0,0.0,0.17543859649122812,4.548872180451129,15.989974937343362,8.671679197994989,0.6140350877192984,0.0,0.8878774909555015,0.022134045191266515,0.0,0.0,0.0,0.0,0.0,0.0,0.0,0.0,0.0,0.0,0.0,0.0,0.0,0.0,0.0,0.0,0.0,0.0,0.0,0.0,0.0,0.0,0.0,0.0,0.14614703277236496,5.035429583702392,15.93002657218778,8.224092116917628,0.6643046944198406,0.0,0.409,0.01276,0.0,0.0,0.0,0.0,0.0,0.0,0.0,0.0,0.0,0.0,0.0,7.19298245614034,21.867167919799506,0.9398496240601506,0.0,0.0,0.0,0.0,0.0,0.0,0.0,0.0,0.0,0.0,0.0,0.0,0.0,0.0,0.0,0.0,0.41,0.012825,0.0,0.0,0.0,0.0,0.0,0.0,0.0,0.0,0.0,0.0,0.0,6.643046944198396,22.214348981399475,1.142604074402126,0.0,0.0,0.0,0.0,0.0,0.0,0.0,0.0,0.0,0.0,0.0,0.0,0.0,0.0,0.0,0.0
91900,4696,2426,0.5166098807495741,1167,950,0.450809199318569,1306,0.5562180579216355,0.41,2.9004405286343613,3.1091381272050698,6.583201267828843,2.194714127292486,8296.211472213852,428.7439615851674,7853.0,8735.165428304672,8710.922948687652,5.651556033103615,7853.0,0.0,28.43462521294719,21.011627398485548,33.24848942598187,19.263266840798256,0.13287904599659284,0.0975298126064736,0.09114139693356048,0.08858603066439523,0.07985519591141398,0.08028109028960818,0.06814310051107325,0.05898637137989778,0.06132879045996593,0.05025553662691652,0.047913117546848384,0.0434412265758092,0.038756388415672915,0.02278534923339012,0.01852640545144804,0.011499148211243612,0.008091993185689948,0.888848413537166,0.022037154933754098,0.0,0.0,0.0,0.0,0.0,0.0,0.0,0.0,0.0,0.0,0.0,0.0,0.0,0.0,0.0,0.0,0.0,0.0,0.0,0.0,0.0,0.0,0.0,0.006388415672913098,0.18526405451448047,4.510221465076662,16.111584327086884,8.464650766609882,0.7091141396933562,0.012776831345826238,4.08961038961039,2.9138756453862564,nan,nan,nan,4.066836409929981,2.9124704085948045,4.113320079522863,2.9151488732507476,1.0114299334685268,0.409,0.01276,0.0,0.0,0.0,0.0,0.0,0.0,0.0,0.0,0.0,0.0,0.012776831345826238,7.314735945485508,21.8164395229983,0.8560477001703579,0.0,0.0,0.0,0.0,0.0,0.0,0.0,0.0,0.0,0.0,0.0,0.0,0.0,0.0,0.0,0.0,nan,nan,4.08961038961039,2.9138756453862564,nan,0.409,0.06186,0.0,0.0,0.0,0.0,0.0,0.0,0.0,0.0,0.0,0.0,0.0,0.0,0.0,0.0,0.0,0.0,0.0,0.0,0.0,0.0,0.0,2.129471890971039e-05,0.00022359454855195912,0.0008198466780238501,0.0014373935264054515,0.002161413969335605,0.006281942078364565,0.0046103066439523,0.0089118398637138,0.03547700170357751,0.02590502555366269,0.006590715502555366,0.015939097103918227,0.03003620102214651,0.02373296422487223,0.018537052810902895,0.03000425894378194,0.05015971039182283,0.04075809199318569,0.07047487223168654,0.1188458262350937,0.05569633730834753,0.061584327086882454,0.06561967632027257,0.06386286201022147,0.04994676320272572,0.051650340715502556,0.011201022146507667,0.03098381601362862,0.02774701873935264,0.018899063032367974,0.033060051107325385,0.004312180579216354,0.014640119250425894,0.01563032367972743,0.000702725724020443,0.003034497444633731,3.194207836456559e-05,0.000436541737649063,1.0647359454855195e-05,0.0,2.129471890971039e-05,0.0,0.0,0.0,0.0,0.0,0.0,0.0,0.0,0.0,0.0,0.0,0.0,0.0,0.0,0.0,0.0,0.0,0.0,0.0,0.0,0.0,0.0,0.0,0.0,0.0,0.0,0.0,0.0,0.0,0.0,0.0,0.0,0.0,0.0,0.0,0.0,0.0,0.0,0.0,nan,nan,4.08961038961039,2.9138756453862564,nan,0.8889169711911373,0.021769803509019754,0.0,0.0,0.0,0.0,0.0,0.0,0.0,0.0,0.0,0.0,0.0,0.0,0.0,0.0,0.0,0.0,0.0,0.0,0.0,0.0,0.0,0.0,0.0,0.012366034624896912,0.17312448474855735,4.315746084089036,16.409727947238256,8.35943940643034,0.7172300082440233,0.012366034624896953,0.8887751444320847,0.022319106752318366,0.0,0.0,0.0,0.0,0.0,0.0,0.0,0.0,0.0,0.0,0.0,0.0,0.0,0.0,0.0,0.0,0.0,0.0,0.0,0.0,0.0,0.0,0.0,0.0,0.1982378854625551,4.718061674008811,15.792951541850224,8.577092511013218,0.7004405286343615,0.013215859030837008,0.4092,0.01275,0.0,0.0,0.0,0.0,0.0,0.0,0.0,0.0,0.0,0.0,0.024732069249793907,7.085737840065942,22.08573784006596,0.803792250618302,0.0,0.0,0.0,0.0,0.0,0.0,0.0,0.0,0.0,0.0,0.0,0.0,0.0,0.0,0.0,0.0,0.4084,0.01276,0.0,0.0,0.0,0.0,0.0,0.0,0.0,0.0,0.0,0.0,0.0,7.559471365638755,21.528634361233483,0.9118942731277535,0.0,0.0,0.0,0.0,0.0,0.0,0.0,0.0,0.0,0.0,0.0,0.0,0.0,0.0,0.0,0.0
92000,4708,2424,0.5148683092608326,1145,964,0.44796091758708584,1308,0.5556499575191164,0.40199999999999997,2.9154991243432575,3.075287873344492,6.584786053882726,2.1641122540308286,8294.602334849536,428.6790937652962,7853.0,8732.283206069469,8710.699584352978,5.617704714093806,7853.0,0.0,27.989804587935428,20.87668364091547,33.118290511320275,19.026685292533838,0.14528462192013594,0.0955819881053526,0.09239592183517417,0.08177570093457943,0.07646559048428207,0.07710280373831775,0.07370433305012744,0.0637213254035684,0.05989804587935429,0.0514018691588785,0.0475785896346644,0.043542905692438405,0.03334749362786746,0.02570093457943925,0.015293118096856415,0.009345794392523364,0.007858963466440102,0.8880001970312812,0.022214500038687166,0.0,0.0,0.0,0.0,0.0,0.0,0.0,0.0,0.0,0.0,0.0,0.0,0.0,0.0,0.0,0.0,0.0,0.0,0.0,0.0,0.0,0.0,0.0,0.0,0.14655904842820733,5.084961767204758,15.85386576040782,8.271028037383179,0.6308411214953272,0.012744265080713682,4.191601049868766,2.84139494934471,nan,nan,nan,4.260220635950682,2.886862039779329,4.121433311214333,2.7923938903832353,0.9674225030588404,0.409,0.012825,0.0,0.0,0.0,0.0,0.0,0.0,0.0,0.0,0.0,0.0,0.006372132540356841,7.13678844519965,21.964740866610033,0.8920985556499577,0.0,0.0,0.0,0.0,0.0,0.0,0.0,0.0,0.0,0.0,0.0,0.0,0.0,0.0,0.0,0.0,nan,nan,4.191601049868766,2.84139494934471,nan,0.409,0.06137,0.0,0.0,0.0,0.0,0.0,0.0,0.0,0.0,0.0,0.0,0.0,0.0,0.0,0.0,0.0,0.0,0.0,0.0,0.0,0.0,1.0620220900594732e-05,0.00013806287170773152,3.18606627017842e-05,0.0009558198810535259,0.0012638062871707732,0.0020390824129141887,0.005957943925233645,0.0040887850467289715,0.008793542905692439,0.03461129991503823,0.024161002548853016,0.007073067119796092,0.015909090909090907,0.029949022939677144,0.02312022090059473,0.01992353440951572,0.029864061172472388,0.049097281223449446,0.041121495327102804,0.07529736618521665,0.12051826677994902,0.05653143585386576,0.05860237892948173,0.0671516567544605,0.06366822429906542,0.050095581988105355,0.04973449447748513,0.011979609175870858,0.03276338147833475,0.02542480883602379,0.018882752761257435,0.032752761257434156,0.004821580288870008,0.013636363636363636,0.01611087510620221,0.0007646559048428207,0.0028462192013593885,0.0,0.00030798640611724726,0.0,0.0,0.0,0.0,0.0,0.0,0.0,0.0,0.0,0.0,0.0,0.0,0.0,0.0,0.0,0.0,0.0,0.0,0.0,0.0,0.0,0.0,0.0,0.0,0.0,0.0,0.0,0.0,0.0,0.0,0.0,0.0,0.0,0.0,0.0,0.0,0.0,0.0,0.0,0.0,0.0,0.0,nan,nan,4.191601049868766,2.84139494934471,nan,0.8881144424279531,0.021995750016880693,0.0,0.0,0.0,0.0,0.0,0.0,0.0,0.0,0.0,0.0,0.0,0.0,0.0,0.0,0.0,0.0,0.0,0.0,0.0,0.0,0.0,0.0,0.0,0.0,0.14851485148514854,4.9628712871287135,15.915841584158418,8.353960396039605,0.6064356435643565,0.012376237623762379,0.8878789488519762,0.022443690536344613,0.0,0.0,0.0,0.0,0.0,0.0,0.0,0.0,0.0,0.0,0.0,0.0,0.0,0.0,0.0,0.0,0.0,0.0,0.0,0.0,0.0,0.0,0.0,0.0,0.14448336252189145,5.214535901926445,15.78809106830123,8.183012259194397,0.6567425569176883,0.013134851138353769,0.409,0.0127,0.0,0.0,0.0,0.0,0.0,0.0,0.0,0.0,0.0,0.0,0.0,7.153465346534643,22.017326732673272,0.8292079207920794,0.0,0.0,0.0,0.0,0.0,0.0,0.0,0.0,0.0,0.0,0.0,0.0,0.0,0.0,0.0,0.0,0.4092,0.01295,0.0,0.0,0.0,0.0,0.0,0.0,0.0,0.0,0.0,0.0,0.013134851138353769,7.11908931698773,21.908931698774087,0.9588441330998251,0.0,0.0,0.0,0.0,0.0,0.0,0.0,0.0,0.0,0.0,0.0,0.0,0.0,0.0,0.0,0.0
92100,4603,2442,0.5305235715837497,1180,899,0.45166195959157074,1263,0.5487725396480556,0.426,3.02776492364646,3.0690295216572765,6.42967542503864,2.1056155990009655,8307.96425338689,428.0086600325712,7853.0,8729.215753757953,8710.575945266115,5.740949575814254,7853.0,0.0,28.734303714968497,21.132883181496197,33.558891454965355,19.368492454943,0.1303497718878992,0.10145557245274821,0.08668259830545297,0.08559635020638715,0.08168585704975016,0.07777536389311318,0.06713013252226809,0.06539213556376276,0.058222898109928305,0.051705409515533346,0.04583966978057789,0.043449923962633065,0.03780143384749077,0.027590701716271995,0.018248968064305888,0.01390397566804258,0.0071692374538344554,0.8880860565435412,0.022267060503014073,0.0,0.0,0.0,0.0,0.0,0.0,0.0,0.0,0.0,0.0,0.0,0.0,0.0,0.0,0.0,0.0,0.0,0.0,0.0,0.0,0.0,0.0,0.0,0.0,0.17597219204866396,5.096676080816859,15.785357375624596,8.296762980664786,0.6256789050619163,0.019552465783184883,4.129947229551451,2.8553981183193744,nan,nan,nan,4.045454545454546,2.844899700499984,4.214663143989432,2.8633836574499196,1.0418268445816572,0.4084,0.01274,0.0,0.0,0.0,0.0,0.0,0.0,0.0,0.0,0.0,0.0,0.0,7.658049098414066,21.559852270258535,0.7820986313273953,0.0,0.0,0.0,0.0,0.0,0.0,0.0,0.0,0.0,0.0,0.0,0.0,0.0,0.0,0.0,0.0,nan,nan,4.129947229551451,2.8553981183193744,nan,0.4084,0.06134,0.0,0.0,0.0,0.0,0.0,0.0,0.0,0.0,0.0,0.0,0.0,0.0,0.0,0.0,0.0,0.0,0.0,0.0,0.0,0.0,0.0,0.00022811210080382358,1.0862480990658266e-05,0.0011188355420378015,0.0014229850097762329,0.0019335216163371715,0.00488811644579622,0.005094503584618727,0.010004344992396262,0.036617423419509014,0.023028459700195524,0.007245274820769063,0.015218335867912231,0.028850749511188354,0.024288507495111883,0.022018248968064306,0.029220073864870737,0.04633934390614816,0.04085379100586574,0.07171409950032588,0.12340864653486856,0.056756463176189445,0.062003041494677384,0.06703237019335216,0.06371931349120138,0.0528894199435151,0.0487508146860743,0.011927004127742776,0.031913969150553986,0.02360417119270041,0.018770367151857485,0.03113187051922659,0.004801216597870954,0.013208776884640451,0.01636975885292201,0.0006626113404301542,0.002650445361720617,0.0,0.0002932869867477732,0.0,1.0862480990658266e-05,0.0,0.0,0.0,0.0,0.0,0.0,0.0,0.0,0.0,0.0,0.0,0.0,0.0,0.0,0.0,0.0,0.0,0.0,0.0,0.0,0.0,0.0,0.0,0.0,0.0,0.0,0.0,0.0,0.0,0.0,0.0,0.0,0.0,0.0,0.0,0.0,0.0,0.0,0.0,0.0,nan,nan,4.129947229551451,2.8553981183193744,nan,0.8882735782134348,0.022258594314050806,0.0,0.0,0.0,0.0,0.0,0.0,0.0,0.0,0.0,0.0,0.0,0.0,0.0,0.0,0.0,0.0,0.0,0.0,0.0,0.0,0.0,0.0,0.0,0.0,0.20884520884520888,4.914004914004915,15.933660933660937,8.292383292383294,0.6265356265356267,0.024570024570024575,0.8878741509822826,0.022274723849026134,0.0,0.0,0.0,0.0,0.0,0.0,0.0,0.0,0.0,0.0,0.0,0.0,0.0,0.0,0.0,0.0,0.0,0.0,0.0,0.0,0.0,0.0,0.0,0.0,0.13882461823229988,5.303100416473855,15.617769551133737,8.301712170291534,0.6247107820453495,0.01388246182322999,0.4082,0.012924,0.0,0.0,0.0,0.0,0.0,0.0,0.0,0.0,0.0,0.0,0.0,7.985257985257974,21.117936117936125,0.896805896805897,0.0,0.0,0.0,0.0,0.0,0.0,0.0,0.0,0.0,0.0,0.0,0.0,0.0,0.0,0.0,0.0,0.409,0.01251,0.0,0.0,0.0,0.0,0.0,0.0,0.0,0.0,0.0,0.0,0.0,7.288292457195733,22.059231837112453,0.6524757056918095,0.0,0.0,0.0,0.0,0.0,0.0,0.0,0.0,0.0,0.0,0.0,0.0,0.0,0.0,0.0,0.0
92200,4767,2473,0.5187749108453954,1181,955,0.44808055380742606,1323,0.5550660792951542,0.39799999999999996,2.985178727114211,3.12535933952986,6.737089201877934,2.085733260281523,8298.117632019854,428.7250936896641,7853.0,8729.201244288683,8711.016883072638,5.63436563865509,7853.0,0.0,28.03356408642752,20.82447160256277,32.808045691581825,19.129027598808708,0.13635410111181037,0.09754562617998741,0.09397944199706314,0.08873505349276274,0.08328088944829033,0.07719739878330187,0.07153345919865743,0.060625131109712606,0.055590518145584224,0.052443885043003985,0.0486679253199077,0.03901825047199497,0.030627228865114327,0.027690371302706105,0.017411369834277324,0.01195720578980491,0.007342143906020558,0.888885382476132,0.022497628203196483,0.0,0.0,0.0,0.0,0.0,0.0,0.0,0.0,0.0,0.0,0.0,0.0,0.0,0.0,0.0,0.0,0.0,0.0,0.0,0.0,0.0,0.0,0.0,0.0,0.18879798615481438,4.650723725613594,15.934550031466333,8.502202643171808,0.7174323473882948,0.006293266205160479,4.1665582303188025,2.8601496715751735,nan,nan,nan,4.159090909090909,2.8141597817909743,4.17351598173516,2.9064389399597883,1.0034683234773063,0.4094,0.01265,0.0,0.0,0.0,0.0,0.0,0.0,0.0,0.0,0.0,0.0,0.0,6.903713027061034,22.13971050975457,0.9565764631843929,0.0,0.0,0.0,0.0,0.0,0.0,0.0,0.0,0.0,0.0,0.0,0.0,0.0,0.0,0.0,0.0,nan,nan,4.1665582303188025,2.8601496715751735,nan,0.4094,0.06104,0.0,0.0,0.0,0.0,0.0,0.0,0.0,0.0,0.0,0.0,0.0,0.0,0.0,0.0,0.0,0.0,0.0,0.0,0.0,0.0,0.0,5.2443885043003985e-05,0.0,0.0009754562617998742,0.0016362492133417243,0.0024019299349695824,0.004877281308999371,0.005160478288231592,0.008275645059786028,0.035315712187958884,0.02214180826515628,0.0078980490874764,0.015491923641703377,0.027396685546465283,0.0237151248164464,0.022655758338577723,0.028319697923222153,0.04632892804698972,0.04025592615900986,0.07212083071113908,0.12428151877491085,0.05420599958044892,0.065764631843927,0.06658275645059786,0.06145374449339207,0.05317809943360604,0.04833228445563247,0.012838263058527376,0.034308789595133206,0.025057688273547304,0.02012796307950493,0.032704006712817285,0.005359765051395007,0.010677574994755612,0.016761065659744074,0.0003566184182924271,0.0025697503671071953,5.2443885043003985e-05,0.0003671071953010279,0.0,0.0,0.0,0.0,0.0,0.0,0.0,0.0,0.0,0.0,0.0,0.0,0.0,0.0,0.0,0.0,0.0,0.0,0.0,0.0,0.0,0.0,0.0,0.0,0.0,0.0,0.0,0.0,0.0,0.0,0.0,0.0,0.0,0.0,0.0,0.0,0.0,0.0,0.0,0.0,0.0,0.0,nan,nan,4.1665582303188025,2.8601496715751735,nan,0.8891835181856753,0.022462356922793015,0.0,0.0,0.0,0.0,0.0,0.0,0.0,0.0,0.0,0.0,0.0,0.0,0.0,0.0,0.0,0.0,0.0,0.0,0.0,0.0,0.0,0.0,0.0,0.0,0.2183582693085322,4.597654670440761,15.96441568944602,8.491710473109585,0.7278608976951073,0.0,0.888563983343743,0.02253117156662815,0.0,0.0,0.0,0.0,0.0,0.0,0.0,0.0,0.0,0.0,0.0,0.0,0.0,0.0,0.0,0.0,0.0,0.0,0.0,0.0,0.0,0.0,0.0,0.0,0.15693112467306017,4.707933740191805,15.902353966870098,8.513513513513516,0.7061900610287709,0.013077593722755016,0.4094,0.0126,0.0,0.0,0.0,0.0,0.0,0.0,0.0,0.0,0.0,0.0,0.0,6.866154468257167,22.272543469470286,0.8613020622725437,0.0,0.0,0.0,0.0,0.0,0.0,0.0,0.0,0.0,0.0,0.0,0.0,0.0,0.0,0.0,0.0,0.4094,0.0127,0.0,0.0,0.0,0.0,0.0,0.0,0.0,0.0,0.0,0.0,0.0,6.944202266782901,21.996512641673938,1.0592850915431562,0.0,0.0,0.0,0.0,0.0,0.0,0.0,0.0,0.0,0.0,0.0,0.0,0.0,0.0,0.0,0.0
92300,4531,2418,0.5336570293533436,1179,862,0.45045243875524166,1198,0.5288015890531892,0.43,3.0638902035021296,3.1646993116772464,6.614516129032258,2.148093436289534,8310.874703012862,428.0438339666569,7853.0,8729.90680848956,8710.994325620873,5.622531567595399,7853.0,0.0,28.408739792540278,21.042174830220606,33.236615304256986,19.311562324647294,0.13639373206797617,0.09909512248951666,0.0904877510483337,0.08232178327080114,0.08430809975722799,0.07305230633414257,0.06665195321121166,0.06576914588391083,0.06466563672478481,0.050982123151622157,0.04921650849702053,0.03972632972853675,0.0317810637828294,0.026704921650849704,0.01809755020966674,0.011476495254910615,0.009269476936658574,0.8898257471635835,0.02211257639788096,0.0,0.0,0.0,0.0,0.0,0.0,0.0,0.0,0.0,0.0,0.0,0.0,0.0,0.0,0.0,0.0,0.0,0.0,0.0,0.0,0.0,0.0,0.0,0.0,0.11917898918561026,4.4559699845508725,15.67203707790775,8.945045243875526,0.7945265945707352,0.013242109909512252,4.253640365729766,2.9626312065671345,nan,nan,nan,4.185365853658537,2.9728964610112576,4.318181818181818,2.9514425786393663,1.0317334180970545,0.4092,0.01303,0.0,0.0,0.0,0.0,0.0,0.0,0.0,0.0,0.0,0.0,0.006621054954756126,7.322886779960262,21.657470757007285,1.0130214080776871,0.0,0.0,0.0,0.0,0.0,0.0,0.0,0.0,0.0,0.0,0.0,0.0,0.0,0.0,0.0,0.0,nan,nan,4.253640365729766,2.9626312065671345,nan,0.4092,0.06158,0.0,0.0,0.0,0.0,0.0,0.0,0.0,0.0,0.0,0.0,0.0,0.0,0.0,0.0,0.0,0.0,0.0,0.0,0.0,2.2070183182520416e-05,0.0,0.00017656146546016332,0.0,0.0004965791216067093,0.00211873758552196,0.002284263959390863,0.006565879496799824,0.006654160229529905,0.008199073052306334,0.03555506510704039,0.020657691458839108,0.008397704700949018,0.016221584639152506,0.026462149635841977,0.02287574486868241,0.024244096225998674,0.028073273008165967,0.04535422644007945,0.03895387331714853,0.07403442948576473,0.12535864047671597,0.05440300154491282,0.06298830280291326,0.06458839108364599,0.06109026704921651,0.0551864930478923,0.04608254248510263,0.012668285146766718,0.03217832708011476,0.026760097108806002,0.02076804237475171,0.033767380269256235,0.005440300154491282,0.01225998675789009,0.016354005738247628,0.0004414036636504083,0.0018870006621054954,7.724564113882145e-05,0.00035312293092032665,0.0,0.0,0.0,0.0,0.0,0.0,0.0,0.0,0.0,0.0,0.0,0.0,0.0,0.0,0.0,0.0,0.0,0.0,0.0,0.0,0.0,0.0,0.0,0.0,0.0,0.0,0.0,0.0,0.0,0.0,0.0,0.0,0.0,0.0,0.0,0.0,0.0,0.0,0.0,0.0,0.0,0.0,nan,nan,4.253640365729766,2.9626312065671345,nan,0.8893050264237438,0.021713704000500975,0.0,0.0,0.0,0.0,0.0,0.0,0.0,0.0,0.0,0.0,0.0,0.0,0.0,0.0,0.0,0.0,0.0,0.0,0.0,0.0,0.0,0.0,0.0,0.0,0.11166253101736975,4.602977667493797,15.78163771712159,8.796526054590572,0.7071960297766752,0.0,0.8904216310958754,0.02254562179219513,0.0,0.0,0.0,0.0,0.0,0.0,0.0,0.0,0.0,0.0,0.0,0.0,0.0,0.0,0.0,0.0,0.0,0.0,0.0,0.0,0.0,0.0,0.0,0.0,0.12778040700425938,4.287742546142925,15.546616185518223,9.115002366303836,0.8944628490298157,0.028395646000946528,0.4092,0.013145,0.0,0.0,0.0,0.0,0.0,0.0,0.0,0.0,0.0,0.0,0.0,7.419354838709667,21.48883374689827,1.0918114143920596,0.0,0.0,0.0,0.0,0.0,0.0,0.0,0.0,0.0,0.0,0.0,0.0,0.0,0.0,0.0,0.0,0.409,0.0129,0.0,0.0,0.0,0.0,0.0,0.0,0.0,0.0,0.0,0.0,0.014197823000473264,7.212494084240406,21.850449597728353,0.9228584950307621,0.0,0.0,0.0,0.0,0.0,0.0,0.0,0.0,0.0,0.0,0.0,0.0,0.0,0.0,0.0,0.0
92400,4820,2491,0.5168049792531121,1164,972,0.44315352697095434,1352,0.5609958506224066,0.414,3.0588235294117645,3.1905924656508557,6.779299847792998,2.2442208812120445,8296.36661668144,428.72752099064303,7853.0,8730.047572785616,8710.899274349473,5.793324035029735,7853.0,0.0,27.625933609958505,20.618972441499363,32.41383554899065,18.924461403163875,0.1400414937759336,0.0987551867219917,0.09937759336099584,0.0908713692946058,0.07655601659751038,0.07240663900414938,0.07178423236514522,0.06431535269709543,0.06037344398340249,0.051659751037344395,0.04211618257261411,0.03755186721991701,0.03568464730290456,0.02759336099585062,0.017634854771784232,0.00975103734439834,0.0035269709543568465,0.8897434724440713,0.022360775773909873,0.0,0.0,0.0,0.0,0.0,0.0,0.0,0.0,0.0,0.0,0.0,0.0,0.0,0.0,0.0,0.0,0.0,0.0,0.0,0.0,0.0,0.0,0.0,0.0,0.21784232365145234,4.344398340248963,15.827800829875521,8.86307053941909,0.7344398340248964,0.01244813278008299,4.444371941272431,2.9503098195472814,nan,nan,nan,4.383233532934132,2.9701618251342787,4.503201024327785,2.929876566216399,1.0273696325993715,0.4082,0.01289,0.0,0.0,0.0,0.0,0.0,0.0,0.0,0.0,0.0,0.0,0.01244813278008299,7.717842323651442,21.441908713692953,0.8278008298755188,0.0,0.0,0.0,0.0,0.0,0.0,0.0,0.0,0.0,0.0,0.0,0.0,0.0,0.0,0.0,0.0,nan,nan,4.444371941272431,2.9503098195472814,nan,0.4082,0.06146,0.0,0.0,0.0,0.0,0.0,0.0,0.0,0.0,0.0,0.0,0.0,0.0,0.0,0.0,0.0,0.0,0.0,0.0,0.0,4.149377593360996e-05,0.0,0.00021784232365145228,0.0,0.0005394190871369295,0.00212655601659751,0.0018464730290456432,0.007136929460580913,0.007686721991701245,0.008734439834024896,0.03430497925311203,0.021244813278008298,0.008433609958506224,0.01628630705394191,0.025435684647302906,0.025051867219917014,0.024906639004149377,0.028381742738589212,0.04809128630705394,0.03823651452282158,0.07360995850622407,0.12598547717842323,0.05381742738589212,0.064201244813278,0.06511410788381743,0.0625207468879668,0.0537448132780083,0.04479253112033195,0.012157676348547718,0.031825726141078835,0.025809128630705395,0.018983402489626554,0.03341286307053942,0.005197095435684647,0.011493775933609958,0.01549792531120332,0.00034232365145228216,0.0017116182572614108,0.0001970954356846473,0.0008713692946058091,0.0,0.0,1.037344398340249e-05,0.0,0.0,0.0,0.0,0.0,0.0,0.0,0.0,0.0,0.0,0.0,0.0,0.0,0.0,0.0,0.0,0.0,0.0,0.0,0.0,0.0,0.0,0.0,0.0,0.0,0.0,0.0,0.0,0.0,0.0,0.0,0.0,0.0,0.0,0.0,0.0,0.0,0.0,0.0,nan,nan,4.444371941272431,2.9503098195472814,nan,0.8897135797297319,0.022759311488048346,0.0,0.0,0.0,0.0,0.0,0.0,0.0,0.0,0.0,0.0,0.0,0.0,0.0,0.0,0.0,0.0,0.0,0.0,0.0,0.0,0.0,0.0,0.0,0.0,0.2529104777197913,4.468085106382979,15.70453633079085,8.791649939783222,0.758731433159374,0.024086712163789648,0.8897754444283649,0.021926458080676475,0.0,0.0,0.0,0.0,0.0,0.0,0.0,0.0,0.0,0.0,0.0,0.0,0.0,0.0,0.0,0.0,0.0,0.0,0.0,0.0,0.0,0.0,0.0,0.0,0.18033490768570207,4.212108200944612,15.95963933018463,8.939458995276944,0.7084585659081153,0.0,0.4082,0.01289,0.0,0.0,0.0,0.0,0.0,0.0,0.0,0.0,0.0,0.0,0.012043356081894824,7.948615014050571,21.232436772380577,0.8069048574869532,0.0,0.0,0.0,0.0,0.0,0.0,0.0,0.0,0.0,0.0,0.0,0.0,0.0,0.0,0.0,0.0,0.4082,0.0129,0.0,0.0,0.0,0.0,0.0,0.0,0.0,0.0,0.0,0.0,0.012881064834693005,7.47101760412193,21.665951051953634,0.8501502790897383,0.0,0.0,0.0,0.0,0.0,0.0,0.0,0.0,0.0,0.0,0.0,0.0,0.0,0.0,0.0,0.0
92500,4866,2509,0.5156185778873819,1132,1034,0.44512946979038226,1390,0.5713111385121249,0.414,2.952057700466695,3.1134388192727633,6.703470031545741,2.209190855603833,8295.328379944753,428.74038700507344,7853.0,8730.197737210989,8710.859663934301,5.748675405096675,7853.0,0.0,27.336621454993836,20.729952031598422,32.36363636363637,19.030151208549796,0.14241676942046855,0.09946568023016851,0.0957665433621044,0.09330045211672831,0.0865187011919441,0.07562679819153309,0.06822852445540485,0.060624743115495275,0.05281545417180436,0.05158240854911632,0.04521167283189478,0.04027949034114262,0.030004110152075627,0.02383888203863543,0.016440608302507192,0.009864364981504316,0.008014796547472256,0.8893149923112135,0.022117258700063508,0.0,0.0,0.0,0.0,0.0,0.0,0.0,0.0,0.0,0.0,0.0,0.0,0.0,0.0,0.0,0.0,0.0,0.0,0.0,0.0,0.0,0.0,0.0,0.0,0.16646115906288536,4.463625154130703,16.091245376078916,8.569667077681876,0.6966707768187425,0.012330456226880398,4.280038759689923,2.9097207656230872,nan,nan,nan,4.274193548387097,2.9163020930663017,4.285899094437258,2.903095617742546,1.0027386560570188,0.4082,0.01312,0.0,0.0,0.0,0.0,0.0,0.0,0.0,0.0,0.0,0.0,0.018495684340320596,8.18742293464857,20.986436498150436,0.807644882860666,0.0,0.0,0.0,0.0,0.0,0.0,0.0,0.0,0.0,0.0,0.0,0.0,0.0,0.0,0.0,0.0,nan,nan,4.280038759689923,2.9097207656230872,nan,0.4082,0.06158,0.0,0.0,0.0,0.0,0.0,0.0,0.0,0.0,0.0,0.0,0.0,0.0,0.0,0.0,0.0,0.0,0.0,0.0,0.0,0.0,0.0,0.00015413070283600493,0.0,0.0009556103575832306,0.002866831072749692,0.002250308261405672,0.007213316892725031,0.007850390464447184,0.008497739416358405,0.03391903000411015,0.020304151253596383,0.007048910809699959,0.016748869708179202,0.026531031648170982,0.02565762433210029,0.02352034525277435,0.029778051787916152,0.04982531853678586,0.03676531031648171,0.07178380600082203,0.12718865598027126,0.05235306206329634,0.06445745992601726,0.06303945745992602,0.06445745992601726,0.05169543773119605,0.04613645704891081,0.013388820386354295,0.03383682696259761,0.02633579942457871,0.01825935059597205,0.03164817098232635,0.0060008220304151256,0.012135224003288122,0.01408754623921085,0.0004212905877517468,0.0018803945745992602,0.00032881216605014385,0.0006781750924784217,0.0,0.0,0.0,0.0,0.0,0.0,0.0,0.0,0.0,0.0,0.0,0.0,0.0,0.0,0.0,0.0,0.0,0.0,0.0,0.0,0.0,0.0,0.0,0.0,0.0,0.0,0.0,0.0,0.0,0.0,0.0,0.0,0.0,0.0,0.0,0.0,0.0,0.0,0.0,0.0,0.0,0.0,nan,nan,4.280038759689923,2.9097207656230872,nan,0.8895133997919836,0.02211943531843395,0.0,0.0,0.0,0.0,0.0,0.0,0.0,0.0,0.0,0.0,0.0,0.0,0.0,0.0,0.0,0.0,0.0,0.0,0.0,0.0,0.0,0.0,0.0,0.0,0.14348345954563574,4.37624551614189,16.165803108808294,8.573136707851734,0.7174172977281787,0.023913909924272624,0.8891037897786499,0.02211298545972955,0.0,0.0,0.0,0.0,0.0,0.0,0.0,0.0,0.0,0.0,0.0,0.0,0.0,0.0,0.0,0.0,0.0,0.0,0.0,0.0,0.0,0.0,0.0,0.0,0.19092066185829448,4.556639796351295,16.011879507848963,8.56597369537548,0.6745863385659739,0.0,0.4082,0.013176,0.0,0.0,0.0,0.0,0.0,0.0,0.0,0.0,0.0,0.0,0.011956954962136312,8.250298923874041,20.888800318852137,0.8489438023116781,0.0,0.0,0.0,0.0,0.0,0.0,0.0,0.0,0.0,0.0,0.0,0.0,0.0,0.0,0.0,0.0,0.408,0.01307,0.0,0.0,0.0,0.0,0.0,0.0,0.0,0.0,0.0,0.0,0.0254560882477726,8.120492151039445,21.0903691132796,0.7636826474331779,0.0,0.0,0.0,0.0,0.0,0.0,0.0,0.0,0.0,0.0,0.0,0.0,0.0,0.0,0.0,0.0
92600,4632,2409,0.5200777202072538,1088,931,0.43588082901554404,1293,0.5582901554404145,0.41,2.8960863697705803,2.9881303611235532,6.264240506329114,2.1268595123314284,8299.011363391033,428.46725477780745,7853.0,8730.704750084877,8710.585983905048,5.755968351477882,7853.0,0.0,28.423359240069086,21.15809799225525,33.25881451200818,19.451174549075798,0.13363557858376512,0.10103626943005181,0.09887737478411053,0.08484455958549222,0.07512953367875648,0.07253886010362694,0.07081174438687392,0.06001727115716753,0.05785837651122625,0.05397236614853195,0.047711571675302246,0.0403713298791019,0.03562176165803109,0.030224525043177894,0.018998272884283247,0.011873920552677029,0.006476683937823834,0.8888167000290438,0.022513041123341168,0.0,0.0,0.0,0.0,0.0,0.0,0.0,0.0,0.0,0.0,0.0,0.0,0.0,0.0,0.0,0.0,0.0,0.0,0.0,0.0,0.0,0.0,0.0,0.0,0.20725388601036274,4.540155440414509,15.887305699481868,8.620466321243525,0.7318652849740934,0.012953367875647671,4.212395309882747,2.8579631836279797,nan,nan,nan,4.230820105820106,2.863569268772116,4.193482688391039,2.8520734151936105,0.9911748983659919,0.408,0.013214,0.0,0.0,0.0,0.0,0.0,0.0,0.0,0.0,0.0,0.0,0.012953367875647671,8.341968911917085,20.667098445595858,0.9779792746113991,0.0,0.0,0.0,0.0,0.0,0.0,0.0,0.0,0.0,0.0,0.0,0.0,0.0,0.0,0.0,0.0,nan,nan,4.212395309882747,2.8579631836279797,nan,0.408,0.06158,0.0,0.0,0.0,0.0,0.0,0.0,0.0,0.0,0.0,0.0,0.0,0.0,0.0,0.0,0.0,0.0,0.0,0.0,0.0,0.0,0.0,0.00016191709844559586,0.0,0.0007016407599309154,0.0030548359240069084,0.00233160621761658,0.0065630397236614854,0.008333333333333333,0.009088946459412781,0.03438039723661485,0.01982944732297064,0.006735751295336788,0.016828583765112263,0.025939119170984456,0.026640759930915373,0.024147236614853195,0.028788860103626943,0.0503454231433506,0.03657167530224525,0.07407167530224525,0.12712651122625215,0.05177029360967185,0.06196027633851468,0.06286701208981002,0.06353626943005182,0.05172711571675302,0.04635146804835924,0.0158786701208981,0.03511442141623489,0.02616580310880829,0.017918825561312607,0.029976252158894646,0.004760362694300518,0.013147668393782383,0.013244818652849741,0.0004317789291882556,0.0024179620034542313,0.000442573402417962,0.0006476683937823834,0.0,0.0,0.0,0.0,0.0,0.0,0.0,0.0,0.0,0.0,0.0,0.0,0.0,0.0,0.0,0.0,0.0,0.0,0.0,0.0,0.0,0.0,0.0,0.0,0.0,0.0,0.0,0.0,0.0,0.0,0.0,0.0,0.0,0.0,0.0,0.0,0.0,0.0,0.0,0.0,0.0,0.0,nan,nan,4.212395309882747,2.8579631836279797,nan,0.8884058659034133,0.02225769448516985,0.0,0.0,0.0,0.0,0.0,0.0,0.0,0.0,0.0,0.0,0.0,0.0,0.0,0.0,0.0,0.0,0.0,0.0,0.0,0.0,0.0,0.0,0.0,0.0,0.19925280199252807,4.582814445828145,16.201743462017436,8.29389788293898,0.7222914072229143,0.0,0.8892619089398146,0.02277815813078278,0.0,0.0,0.0,0.0,0.0,0.0,0.0,0.0,0.0,0.0,0.0,0.0,0.0,0.0,0.0,0.0,0.0,0.0,0.0,0.0,0.0,0.0,0.0,0.0,0.21592442645074228,4.493927125506073,15.546558704453444,8.974358974358976,0.7422402159244267,0.026990553306342785,0.4082,0.01334,0.0,0.0,0.0,0.0,0.0,0.0,0.0,0.0,0.0,0.0,0.012453300124533004,8.343711083437098,20.697384806973854,0.9464508094645083,0.0,0.0,0.0,0.0,0.0,0.0,0.0,0.0,0.0,0.0,0.0,0.0,0.0,0.0,0.0,0.0,0.4077,0.01308,0.0,0.0,0.0,0.0,0.0,0.0,0.0,0.0,0.0,0.0,0.013495276653171392,8.340080971659907,20.63427800269906,1.0121457489878545,0.0,0.0,0.0,0.0,0.0,0.0,0.0,0.0,0.0,0.0,0.0,0.0,0.0,0.0,0.0,0.0
92700,4575,2372,0.5184699453551913,1090,878,0.4301639344262295,1277,0.5582513661202185,0.418,3.047208352246936,3.12059696758809,6.5120845921450154,2.1894429906161905,8297.747889526741,428.63167039243734,7853.0,8732.096352094411,8710.808429420253,5.777371172622146,7853.0,0.0,28.137704918032785,21.081010779790095,32.97719025401763,19.415780250686904,0.13704918032786886,0.10316939890710383,0.09486338797814207,0.09005464480874317,0.07737704918032787,0.06950819672131148,0.07081967213114754,0.06426229508196721,0.05333333333333334,0.05180327868852459,0.04961748633879781,0.03912568306010929,0.03519125683060109,0.026885245901639345,0.016174863387978144,0.01180327868852459,0.008961748633879782,0.8887162982440385,0.02243321159361884,0.0,0.0,0.0,0.0,0.0,0.0,0.0,0.0,0.0,0.0,0.0,0.0,0.0,0.0,0.0,0.0,0.0,0.0,0.0,0.0,0.0,0.0,0.0,0.0,0.19016393442622956,4.7934426229508205,15.455737704918036,8.94426229508197,0.6098360655737706,0.00655737704918033,4.369394043135912,2.892838069146296,nan,nan,nan,4.368818681318682,2.8534421530792753,4.370901639344262,2.932249599136584,1.0004767783186992,0.4084,0.01303,0.0,0.0,0.0,0.0,0.0,0.0,0.0,0.0,0.0,0.0,0.00655737704918033,8.104918032786873,21.042622950819677,0.8459016393442625,0.0,0.0,0.0,0.0,0.0,0.0,0.0,0.0,0.0,0.0,0.0,0.0,0.0,0.0,0.0,0.0,nan,nan,4.369394043135912,2.892838069146296,nan,0.4084,0.06165,0.0,0.0,0.0,0.0,0.0,0.0,0.0,0.0,0.0,0.0,0.0,0.0,0.0,0.0,0.0,0.0,0.0,0.0,0.0,0.0,0.0,0.00037158469945355193,0.0,0.0008524590163934427,0.0029726775956284155,0.0021311475409836068,0.006885245901639345,0.007551912568306011,0.008852459016393442,0.032502732240437156,0.020185792349726776,0.006939890710382514,0.01681967213114754,0.0267103825136612,0.025868852459016392,0.02450273224043716,0.02974863387978142,0.04637158469945355,0.03781420765027323,0.07618579234972678,0.12468852459016394,0.053060109289617484,0.0646120218579235,0.061311475409836065,0.0646448087431694,0.04956284153005464,0.04636065573770492,0.016754098360655736,0.0346448087431694,0.02676502732240437,0.018524590163934426,0.03028415300546448,0.004480874316939891,0.012786885245901639,0.012808743169398907,0.0006994535519125683,0.003191256830601093,0.0007650273224043716,0.0007868852459016393,0.0,0.0,0.0,0.0,0.0,0.0,0.0,0.0,0.0,0.0,0.0,0.0,0.0,0.0,0.0,0.0,0.0,0.0,0.0,0.0,0.0,0.0,0.0,0.0,0.0,0.0,0.0,0.0,0.0,0.0,0.0,0.0,0.0,0.0,0.0,0.0,0.0,0.0,0.0,0.0,0.0,0.0,nan,nan,4.369394043135912,2.892838069146296,nan,0.8891176013731433,0.022432746258704405,0.0,0.0,0.0,0.0,0.0,0.0,0.0,0.0,0.0,0.0,0.0,0.0,0.0,0.0,0.0,0.0,0.0,0.0,0.0,0.0,0.0,0.0,0.0,0.0,0.18971332209106245,4.527824620573357,15.518549747048906,9.118887015177068,0.6323777403035414,0.01264755480607083,0.8882842097182844,0.02242568533472061,0.0,0.0,0.0,0.0,0.0,0.0,0.0,0.0,0.0,0.0,0.0,0.0,0.0,0.0,0.0,0.0,0.0,0.0,0.0,0.0,0.0,0.0,0.0,0.0,0.19064911484339542,5.079437131184749,15.388107126645487,8.756241488878803,0.5855651384475716,0.0,0.4084,0.01303,0.0,0.0,0.0,0.0,0.0,0.0,0.0,0.0,0.0,0.0,0.0,8.005902192242822,21.134064080944356,0.8600337268128164,0.0,0.0,0.0,0.0,0.0,0.0,0.0,0.0,0.0,0.0,0.0,0.0,0.0,0.0,0.0,0.0,0.4082,0.01303,0.0,0.0,0.0,0.0,0.0,0.0,0.0,0.0,0.0,0.0,0.013617793917385386,8.211529732183374,20.944167044938723,0.8306854289605086,0.0,0.0,0.0,0.0,0.0,0.0,0.0,0.0,0.0,0.0,0.0,0.0,0.0,0.0,0.0,0.0
92800,4604,2385,0.5180278019113814,1131,919,0.44526498696785405,1299,0.5642919200695048,0.426,3.0333483551149167,3.0989053164475866,6.453717754172989,2.1376523333989566,8297.441361102601,428.71499434476823,7853.0,8728.327124679088,8710.948858078144,5.679791652096493,7853.0,0.0,28.446133796698522,21.053300244115945,33.24146779574031,19.321727946807737,0.13423110338835795,0.10447437011294526,0.08536055603822763,0.08883579496090356,0.078627280625543,0.0710251954821894,0.06972198088618592,0.0686359687228497,0.05495221546481321,0.0497393570807993,0.04930495221546481,0.044092093831450914,0.035838401390095566,0.027150304083405734,0.022806255430060818,0.009774109470026065,0.005430060816681147,0.8902869502634302,0.022349320912727226,0.0,0.0,0.0,0.0,0.0,0.0,0.0,0.0,0.0,0.0,0.0,0.0,0.0,0.0,0.0,0.0,0.0,0.0,0.0,0.0,0.0,0.0,0.0,0.006516072980017356,0.16941789748045183,4.170286707211122,15.82754126846221,9.005212858384015,0.7819287576020854,0.039096437880104265,4.246343085106383,2.892261994723576,nan,nan,nan,4.16710875331565,2.8492039693096287,4.326,2.9327559280194686,1.0381298535964354,0.4084,0.012924,0.0,0.0,0.0,0.0,0.0,0.0,0.0,0.0,0.0,0.0,0.0065160729800173775,7.825803649000858,21.255430060816686,0.9122502172024328,0.0,0.0,0.0,0.0,0.0,0.0,0.0,0.0,0.0,0.0,0.0,0.0,0.0,0.0,0.0,0.0,nan,nan,4.246343085106383,2.892261994723576,nan,0.4084,0.06186,0.0,0.0,0.0,0.0,0.0,0.0,0.0,0.0,0.0,0.0,0.0,0.0,0.0,0.0,0.0,0.0,0.0,0.0,0.0,0.0,0.0,0.00023892267593397047,0.0,0.0013249348392701998,0.0037467419635099915,0.0014878366637706341,0.007591225021720243,0.008025629887054735,0.008253692441355343,0.03272154648132059,0.02082971329278888,0.00724370112945265,0.01657254561251086,0.02547784535186794,0.02447871416159861,0.024022589052997395,0.029702432667245874,0.04781711555169418,0.03722849695916594,0.07161164205039096,0.12342528236316247,0.050532145960034754,0.06911381407471763,0.06129452649869679,0.06724587315377932,0.049120330147697656,0.049228931364031274,0.015812337098175498,0.03693527367506516,0.025260642919200695,0.01799522154648132,0.02879018245004344,0.005245438748913988,0.013314509122502172,0.013553431798436143,0.0006733275412684622,0.003116854908774978,0.0003366637706342311,0.000629887054735013,0.0,0.0,0.0,0.0,0.0,0.0,0.0,0.0,0.0,0.0,0.0,0.0,0.0,0.0,0.0,0.0,0.0,0.0,0.0,0.0,0.0,0.0,0.0,0.0,0.0,0.0,0.0,0.0,0.0,0.0,0.0,0.0,0.0,0.0,0.0,0.0,0.0,0.0,0.0,0.0,0.0,0.0,nan,nan,4.246343085106383,2.892261994723576,nan,0.8898270823420719,0.02209792640145502,0.0,0.0,0.0,0.0,0.0,0.0,0.0,0.0,0.0,0.0,0.0,0.0,0.0,0.0,0.0,0.0,0.0,0.0,0.0,0.0,0.0,0.0,0.0,0.0,0.20125786163522016,4.025157232704403,16.301886792452834,8.679245283018869,0.7798742138364781,0.01257861635220126,0.8907812202014381,0.022605977795162237,0.0,0.0,0.0,0.0,0.0,0.0,0.0,0.0,0.0,0.0,0.0,0.0,0.0,0.0,0.0,0.0,0.0,0.0,0.0,0.0,0.0,0.0,0.0,0.01351960342496616,0.13519603424966203,4.326273095989185,15.317710680486709,9.355565570076612,0.7841369986480399,0.06759801712483102,0.4084,0.01294,0.0,0.0,0.0,0.0,0.0,0.0,0.0,0.0,0.0,0.0,0.0,7.962264150943384,21.22012578616353,0.8176100628930819,0.0,0.0,0.0,0.0,0.0,0.0,0.0,0.0,0.0,0.0,0.0,0.0,0.0,0.0,0.0,0.0,0.4087,0.01291,0.0,0.0,0.0,0.0,0.0,0.0,0.0,0.0,0.0,0.0,0.013519603424966204,7.67913474538079,21.29337539432177,1.0139702568724653,0.0,0.0,0.0,0.0,0.0,0.0,0.0,0.0,0.0,0.0,0.0,0.0,0.0,0.0,0.0,0.0
92900,4649,2362,0.508066250806625,1143,965,0.45343084534308453,1306,0.5618412561841256,0.422,2.9322256230870134,3.1174709018052296,6.625607779578607,2.2198877850224386,8288.898260602637,428.941144237608,7853.0,8731.576585674286,8710.955551880463,5.6929176300005055,7853.0,0.0,27.766616476661646,20.663545173437466,32.57372448979592,18.93265921913157,0.1391697139169714,0.098730909873091,0.09485910948591095,0.08668530866853087,0.08173800817380082,0.07550010755001076,0.0696924069692407,0.06926220692622069,0.057861905786190576,0.0499032049903205,0.04517100451710045,0.0404388040438804,0.03420090342009034,0.022585502258550227,0.018498601849860186,0.0101097010109701,0.005592600559260056,0.8899484284207703,0.021880298018586316,0.0,0.0,0.0,0.0,0.0,0.0,0.0,0.0,0.0,0.0,0.0,0.0,0.0,0.0,0.0,0.0,0.0,0.0,0.0,0.0,0.0,0.0,0.0,0.0,0.14196601419660143,4.336416433641644,15.822757582275761,9.027747902774792,0.6711120671112069,0.0,4.257181028724115,2.9123221163726325,nan,nan,nan,4.24710687542546,2.940214377950246,4.266404199475065,2.886051155072212,1.0045436398507566,0.4084,0.01325,0.0,0.0,0.0,0.0,0.0,0.0,0.0,0.0,0.0,0.0,0.0193590019359002,7.982361798236169,21.114218111421813,0.8840610884061091,0.0,0.0,0.0,0.0,0.0,0.0,0.0,0.0,0.0,0.0,0.0,0.0,0.0,0.0,0.0,0.0,nan,nan,4.257181028724115,2.9123221163726325,nan,0.4084,0.06204,0.0,0.0,0.0,0.0,0.0,0.0,0.0,0.0,0.0,0.0,0.0,0.0,0.0,0.0,0.0,0.0,0.0,0.0,0.0,0.0,0.0,0.0002688750268875027,0.0,0.0008819100881910088,0.0038287803828780382,0.0008819100881910088,0.007528500752850075,0.007281135728113573,0.008679285867928587,0.03472789847278985,0.020294687029468704,0.007593030759303076,0.01700365670036567,0.02600559260055926,0.025586147558614755,0.02581200258120026,0.029716067971606797,0.04688104968810497,0.03556678855667886,0.0698967519896752,0.12448913744891374,0.0500752850075285,0.0705958270595827,0.05949666594966659,0.06611099161109917,0.05047322004732201,0.047322004732200475,0.01500322650032265,0.03725532372553237,0.026252957625295763,0.016584211658421166,0.029490212949021294,0.005226930522693052,0.014443966444396645,0.01387395138739514,0.0011077651107765111,0.0028178102817810282,0.0002796300279630028,0.0005700150570015057,8.604000860400086e-05,1.0755001075500108e-05,0.0,0.0,0.0,0.0,0.0,0.0,0.0,0.0,0.0,0.0,0.0,0.0,0.0,0.0,0.0,0.0,0.0,0.0,0.0,0.0,0.0,0.0,0.0,0.0,0.0,0.0,0.0,0.0,0.0,0.0,0.0,0.0,0.0,0.0,0.0,0.0,0.0,0.0,0.0,0.0,nan,nan,4.257181028724115,2.9123221163726325,nan,0.8898669197385741,0.021700849142734364,0.0,0.0,0.0,0.0,0.0,0.0,0.0,0.0,0.0,0.0,0.0,0.0,0.0,0.0,0.0,0.0,0.0,0.0,0.0,0.0,0.0,0.0,0.0,0.0,0.11430990685859443,4.534292972057579,15.533446232006778,9.246401354784084,0.5715495342929722,0.0,0.8900326101030384,0.02206378367213236,0.0,0.0,0.0,0.0,0.0,0.0,0.0,0.0,0.0,0.0,0.0,0.0,0.0,0.0,0.0,0.0,0.0,0.0,0.0,0.0,0.0,0.0,0.0,0.0,0.17052907739396594,4.132050721469175,16.121556624398778,8.801923917796241,0.7739396589418455,0.0,0.4084,0.01319,0.0,0.0,0.0,0.0,0.0,0.0,0.0,0.0,0.0,0.0,0.025402201524132098,8.065198983911927,21.12193056731584,0.787468247248095,0.0,0.0,0.0,0.0,0.0,0.0,0.0,0.0,0.0,0.0,0.0,0.0,0.0,0.0,0.0,0.0,0.4084,0.01332,0.0,0.0,0.0,0.0,0.0,0.0,0.0,0.0,0.0,0.0,0.01311762133799738,7.896808045474409,21.10625273283778,0.9838216003498035,0.0,0.0,0.0,0.0,0.0,0.0,0.0,0.0,0.0,0.0,0.0,0.0,0.0,0.0,0.0,0.0
93000,4708,2468,0.524214103653356,1149,962,0.4483857264231096,1308,0.5556499575191164,0.434,3.0839285714285714,3.1357829271693105,6.583975346687211,2.1861284715925247,8302.841843579738,428.57974414982397,7853.0,8730.906628423929,8711.126174867662,5.73155368250149,7853.0,0.0,28.25106202209006,21.08244952896693,33.147392290249435,19.33666126849196,0.1378504672897196,0.1032285471537808,0.0875106202209006,0.08772302463891249,0.07837723024638912,0.07434154630416312,0.06903143585386576,0.06584536958368734,0.05586236193712829,0.05012744265080714,0.04481733220050977,0.044180118946474084,0.036321155480033986,0.031011045029736617,0.016355140186915886,0.011257434154630416,0.006159728122344945,0.890540324195827,0.021986230310482666,0.0,0.0,0.0,0.0,0.0,0.0,0.0,0.0,0.0,0.0,0.0,0.0,0.0,0.0,0.0,0.0,0.0,0.0,0.0,0.0,0.0,0.0,0.0,0.0,0.12744265080713682,4.148258283772304,15.54800339847069,9.405267629566696,0.7710280373831777,0.0,4.253755715218811,2.9169783745817504,nan,nan,nan,4.285067873303167,2.8290309884246416,4.221782178217822,3.003790914851503,0.9852311102282352,0.409,0.013306,0.0,0.0,0.0,0.0,0.0,0.0,0.0,0.0,0.0,0.0,0.0,7.614698385726412,21.435853865760414,0.9494477485131693,0.0,0.0,0.0,0.0,0.0,0.0,0.0,0.0,0.0,0.0,0.0,0.0,0.0,0.0,0.0,0.0,nan,nan,4.253755715218811,2.9169783745817504,nan,0.409,0.06204,0.0,0.0,0.0,0.0,0.0,0.0,0.0,0.0,0.0,0.0,0.0,0.0,0.0,0.0,0.0,0.0,0.0,0.0,0.0,0.0,0.0,0.00047790994052676297,3.18606627017842e-05,0.0007965165675446049,0.00336661002548853,0.0006796941376380628,0.00617034834324554,0.005915463041631266,0.009101529311809686,0.035875106202209,0.019870433305012744,0.008188190314358539,0.019243840271877654,0.025392948173322005,0.027633814783347494,0.025711554800339848,0.026454970263381478,0.044849192863211554,0.03591758708581139,0.07127230246389125,0.12132540356839422,0.0507965165675446,0.07245114698385727,0.059218351741716226,0.06520815632965166,0.049607051826677996,0.04806711979609176,0.0151231945624469,0.03889124893797791,0.027495751911639763,0.016525063721325405,0.028823279524214103,0.00536321155480034,0.015590484282073068,0.013604502973661852,0.001348768054375531,0.0026444350042480885,0.0003292268479184367,0.0005416312659303313,9.558198810535259e-05,0.0,0.0,0.0,0.0,0.0,0.0,0.0,0.0,0.0,0.0,0.0,0.0,0.0,0.0,0.0,0.0,0.0,0.0,0.0,0.0,0.0,0.0,0.0,0.0,0.0,0.0,0.0,0.0,0.0,0.0,0.0,0.0,0.0,0.0,0.0,0.0,0.0,0.0,0.0,0.0,0.0,nan,nan,4.253755715218811,2.9169783745817504,nan,0.8903549769515929,0.02215212935249168,0.0,0.0,0.0,0.0,0.0,0.0,0.0,0.0,0.0,0.0,0.0,0.0,0.0,0.0,0.0,0.0,0.0,0.0,0.0,0.0,0.0,0.0,0.0,0.0,0.10940032414910861,4.43679092382496,15.267423014586713,9.384116693679093,0.8022690437601299,0.0,0.8907445371417063,0.021800158975927058,0.0,0.0,0.0,0.0,0.0,0.0,0.0,0.0,0.0,0.0,0.0,0.0,0.0,0.0,0.0,0.0,0.0,0.0,0.0,0.0,0.0,0.0,0.0,0.0,0.1473214285714286,3.8303571428571437,15.857142857142861,9.42857142857143,0.736607142857143,0.0,0.4087,0.013306,0.0,0.0,0.0,0.0,0.0,0.0,0.0,0.0,0.0,0.0,0.0,7.7917341977309444,21.36952998379255,0.8387358184764994,0.0,0.0,0.0,0.0,0.0,0.0,0.0,0.0,0.0,0.0,0.0,0.0,0.0,0.0,0.0,0.0,0.4094,0.0133,0.0,0.0,0.0,0.0,0.0,0.0,0.0,0.0,0.0,0.0,0.0,7.419642857142846,21.508928571428573,1.0714285714285716,0.0,0.0,0.0,0.0,0.0,0.0,0.0,0.0,0.0,0.0,0.0,0.0,0.0,0.0,0.0,0.0
93100,4908,2595,0.5287286063569682,1173,991,0.4409127954360228,1352,0.5509372453137734,0.41,3.0025940337224384,3.1345379777055173,6.717357910906298,2.1509808628174736,8306.763796836016,428.4194009896741,7853.0,8730.297468358278,8711.21684580777,5.675660810570394,7853.0,0.0,27.535859820700896,20.854146190620295,32.574566756163044,19.149830400249215,0.14364303178484109,0.10452322738386308,0.09270578647106764,0.08659331703341483,0.08272208638956806,0.07559087204563977,0.06744091279543603,0.061124694376528114,0.05888345558272209,0.051140994295028525,0.04176854115729421,0.03993480032599837,0.031988590057049716,0.024857375713121434,0.02078239608801956,0.010187449062754686,0.006112469437652812,0.8900423061828255,0.022141729070527652,0.0,0.0,0.0,0.0,0.0,0.0,0.0,0.0,0.0,0.0,0.0,0.0,0.0,0.0,0.0,0.0,0.0,0.0,0.0,0.0,0.0,0.0,0.0,0.0,0.12224938875305626,4.321515892420539,15.66625916870416,9.119804400977996,0.7640586797066017,0.006112469437652813,4.377899484536083,2.9993407729650974,nan,nan,nan,4.322768434670117,2.9831283395510506,4.432605905006419,3.01434563414191,1.0254090571808954,0.4092,0.013145,0.0,0.0,0.0,0.0,0.0,0.0,0.0,0.0,0.0,0.0,0.024449877750611252,7.475550122249379,21.497555012224947,1.0024449877750614,0.0,0.0,0.0,0.0,0.0,0.0,0.0,0.0,0.0,0.0,0.0,0.0,0.0,0.0,0.0,0.0,nan,nan,4.377899484536083,2.9993407729650974,nan,0.4092,0.06198,0.0,0.0,0.0,0.0,0.0,0.0,0.0,0.0,0.0,0.0,0.0,0.0,0.0,0.0,0.0,0.0,0.0,0.0,0.0,0.0,0.0,0.0005093724531377343,0.0,0.0011511817440912795,0.0035248573757131214,0.0005093724531377343,0.006336593317033415,0.004991850040749796,0.00956601466992665,0.03286471067644662,0.02252444987775061,0.00795639771801141,0.017705786471067644,0.025081499592502037,0.028147921760391197,0.025967807660961694,0.025937245313773432,0.04519152404237979,0.03617563162184189,0.07310513447432763,0.12164832925835371,0.051385493072534635,0.07134270578647106,0.05962713936430318,0.06364099429502852,0.048186634066829666,0.04969437652811736,0.015525672371638141,0.03807049714751426,0.028035859820700896,0.01617766911165444,0.02877954360228199,0.005990220048899756,0.015046862265688672,0.01447636511817441,0.0019661776691116545,0.002597799511002445,8.149959250203749e-05,0.0004584352078239609,2.0374898125509373e-05,0.0,0.0,0.0,0.0,0.0,0.0,0.0,0.0,0.0,0.0,0.0,0.0,0.0,0.0,0.0,0.0,0.0,0.0,0.0,0.0,0.0,0.0,0.0,0.0,0.0,0.0,0.0,0.0,0.0,0.0,0.0,0.0,0.0,0.0,0.0,0.0,0.0,0.0,0.0,0.0,0.0,nan,nan,4.377899484536083,2.9993407729650974,nan,0.8898271286878053,0.022396498252316793,0.0,0.0,0.0,0.0,0.0,0.0,0.0,0.0,0.0,0.0,0.0,0.0,0.0,0.0,0.0,0.0,0.0,0.0,0.0,0.0,0.0,0.0,0.0,0.0,0.1271676300578035,4.508670520231215,15.526011560693645,9.00578034682081,0.8208092485549134,0.0115606936416185,0.8902837180287303,0.021849841070980574,0.0,0.0,0.0,0.0,0.0,0.0,0.0,0.0,0.0,0.0,0.0,0.0,0.0,0.0,0.0,0.0,0.0,0.0,0.0,0.0,0.0,0.0,0.0,0.0,0.11673151750972766,4.111543450064851,15.823605706874192,9.247730220492867,0.7003891050583659,0.0,0.4097,0.01308,0.0,0.0,0.0,0.0,0.0,0.0,0.0,0.0,0.0,0.0,0.023121387283237,6.971098265895944,22.04624277456648,0.9595375722543354,0.0,0.0,0.0,0.0,0.0,0.0,0.0,0.0,0.0,0.0,0.0,0.0,0.0,0.0,0.0,0.0,0.4087,0.013214,0.0,0.0,0.0,0.0,0.0,0.0,0.0,0.0,0.0,0.0,0.025940337224383922,8.041504539559003,20.881971465629057,1.050583657587549,0.0,0.0,0.0,0.0,0.0,0.0,0.0,0.0,0.0,0.0,0.0,0.0,0.0,0.0,0.0,0.0
93200,5023,2583,0.5142345212024686,1225,1082,0.45928727851881346,1452,0.5781405534541111,0.39399999999999996,2.971311475409836,3.104860798025286,6.576168929110105,2.2857363039294283,8294.184160946266,428.81735227002855,7853.0,8733.335281217098,8710.943492231161,5.699699567750677,7853.0,0.0,27.634879554051363,20.5393450776266,32.46805489824894,18.804787048822252,0.14015528568584512,0.10213020107505474,0.08500895878956799,0.09556042205853076,0.0820226956002389,0.06868405335456898,0.07724467449731236,0.06510053752737407,0.06171610591280111,0.050965558431216404,0.04499303205255823,0.035636074059327096,0.03384431614572964,0.024288273939876568,0.018116663348596455,0.009157873780609197,0.005375273740792355,0.8898832518314428,0.02230846712768306,0.0,0.0,0.0,0.0,0.0,0.0,0.0,0.0,0.0,0.0,0.0,0.0,0.0,0.0,0.0,0.0,0.0,0.0,0.0,0.0,0.0,0.0,0.0,0.0,0.137368106709138,4.324109098148518,15.803304797929528,8.916981883336653,0.8182361138761698,0.0,4.283605044601661,2.9550365822374367,nan,nan,nan,4.3166974738139245,3.0051524349689247,4.250768285187462,2.904724183329482,0.9847269378902728,0.409,0.01331,0.0,0.0,0.0,0.0,0.0,0.0,0.0,0.0,0.0,0.0,0.01791757913597452,7.555245869002577,21.405534541110896,1.0213020107505477,0.0,0.0,0.0,0.0,0.0,0.0,0.0,0.0,0.0,0.0,0.0,0.0,0.0,0.0,0.0,0.0,nan,nan,4.283605044601661,2.9550365822374367,nan,0.409,0.06213,0.0,0.0,0.0,0.0,0.0,0.0,0.0,0.0,0.0,0.0,0.0,0.0,0.0,0.0,0.0,0.0,0.0,0.0,5.9725263786581725e-05,0.0,0.0,0.00039816842524387816,0.0,0.0009356957993231137,0.0035138363527772247,0.0006171610591280112,0.006191519012542305,0.0055544495321521005,0.009924347999203663,0.034332072466653395,0.02098347601035238,0.008590483774636672,0.0173103722874776,0.024318136571769858,0.028309775034839738,0.026408520804300218,0.026886322914592874,0.04656579733227155,0.03688035038821422,0.07149114075253832,0.11812661755922756,0.05299621739996018,0.07194903444156879,0.058451124825801316,0.06495122436790762,0.047481584710332474,0.049034441568783595,0.016494127015727653,0.03848297829982082,0.028618355564403744,0.015429026478200278,0.02872785188134581,0.005444953215210034,0.013846306987855862,0.014682460680868007,0.002428827393987657,0.002568186342823014,5.9725263786581725e-05,0.0008958789567987259,5.9725263786581725e-05,0.0,0.0,0.0,0.0,0.0,0.0,0.0,0.0,0.0,0.0,0.0,0.0,0.0,0.0,0.0,0.0,0.0,0.0,0.0,0.0,0.0,0.0,0.0,0.0,0.0,0.0,0.0,0.0,0.0,0.0,0.0,0.0,0.0,0.0,0.0,0.0,0.0,0.0,0.0,0.0,0.0,nan,nan,4.283605044601661,2.9550365822374367,nan,0.8891823225551181,0.02218075455489814,0.0,0.0,0.0,0.0,0.0,0.0,0.0,0.0,0.0,0.0,0.0,0.0,0.0,0.0,0.0,0.0,0.0,0.0,0.0,0.0,0.0,0.0,0.0,0.0,0.1393728222996516,4.552845528455285,15.83042973286876,8.78048780487805,0.696864111498258,0.0,0.8906252601596175,0.022419006657279274,0.0,0.0,0.0,0.0,0.0,0.0,0.0,0.0,0.0,0.0,0.0,0.0,0.0,0.0,0.0,0.0,0.0,0.0,0.0,0.0,0.0,0.0,0.0,0.0,0.13524590163934427,4.081967213114755,15.774590163934429,9.061475409836067,0.94672131147541,0.0,0.409,0.01329,0.0,0.0,0.0,0.0,0.0,0.0,0.0,0.0,0.0,0.0,0.0,7.5609756097560865,21.49825783972126,0.9407665505226482,0.0,0.0,0.0,0.0,0.0,0.0,0.0,0.0,0.0,0.0,0.0,0.0,0.0,0.0,0.0,0.0,0.409,0.01333,0.0,0.0,0.0,0.0,0.0,0.0,0.0,0.0,0.0,0.0,0.03688524590163935,7.549180327868842,21.307377049180335,1.1065573770491806,0.0,0.0,0.0,0.0,0.0,0.0,0.0,0.0,0.0,0.0,0.0,0.0,0.0,0.0,0.0,0.0
93300,4449,2268,0.5097774780849629,1024,902,0.43290627107215107,1260,0.5664194200944033,0.442,3.1104997707473636,3.1954783473720427,6.728,2.2569926893988828,8290.452481035192,428.9995630880966,7853.0,8730.356364393234,8711.12437748041,5.716779637068718,7853.0,0.0,27.846257585974378,21.055273244434485,32.99326327135543,19.265429807282597,0.1449763991908294,0.09687570240503483,0.09710047201618341,0.08451337379186334,0.08091706001348618,0.07529781973477186,0.06495841762193752,0.06383456956619465,0.05956394695437177,0.049224544841537425,0.042031917284783095,0.04540346145201169,0.033041132838840186,0.026972353337828724,0.016857720836142953,0.011013710946280062,0.007417397167902899,0.888872013062031,0.022227406575050904,0.0,0.0,0.0,0.0,0.0,0.0,0.0,0.0,0.0,0.0,0.0,0.0,0.0,0.0,0.0,0.0,0.0,0.0,0.0,0.0,0.0,0.0,0.0,0.0,0.2427511800404586,4.288604180714768,16.29804450438301,8.482805124747136,0.6810519217801754,0.006743088334457183,4.428018303414291,2.8849540957922817,nan,nan,nan,4.46914446002805,2.9073035607860196,4.386572438162545,2.8616564523214763,0.981523975650367,0.4097,0.013596,0.0,0.0,0.0,0.0,0.0,0.0,0.0,0.0,0.0,0.0,0.013486176668914366,7.208361429534716,21.510451786918413,1.2677006068779504,0.0,0.0,0.0,0.0,0.0,0.0,0.0,0.0,0.0,0.0,0.0,0.0,0.0,0.0,0.0,0.0,nan,nan,4.428018303414291,2.8849540957922817,nan,0.4097,0.0616,0.0,0.0,0.0,0.0,0.0,0.0,0.0,0.0,0.0,0.0,0.0,0.0,0.0,0.0,0.0,0.0,0.0,0.0,2.247696111485727e-05,0.0,0.0,0.00021353113059114409,0.0,0.0006743088334457181,0.003169251517194875,0.0005619240278714318,0.006023825578781749,0.0049561699258260285,0.00964261631827377,0.03242301640818161,0.02231962238705327,0.007979321195774332,0.017902899527983816,0.021611598111935266,0.027725331535176444,0.025241627331984717,0.028287255563047876,0.04756124971903799,0.03815464149247022,0.06917284783097326,0.12004944931445269,0.05438300741739717,0.07263429984266127,0.05972128568217577,0.06545291076646437,0.04739267251067655,0.04665093279388627,0.01572263429984266,0.04067206113733423,0.02875927174645988,0.01654304338053495,0.028298494043605304,0.005754102045403461,0.012969206563272646,0.0152281411553158,0.0025511350865363,0.002685996853225444,0.0,0.0008878399640368622,0.0,0.0,0.0,0.0,0.0,0.0,0.0,0.0,0.0,0.0,0.0,0.0,0.0,0.0,0.0,0.0,0.0,0.0,0.0,0.0,0.0,0.0,0.0,0.0,0.0,0.0,0.0,0.0,0.0,0.0,0.0,0.0,0.0,0.0,0.0,0.0,0.0,0.0,0.0,0.0,0.0,0.0,nan,nan,4.428018303414291,2.8849540957922817,nan,0.8891643300205732,0.022233109027026313,0.0,0.0,0.0,0.0,0.0,0.0,0.0,0.0,0.0,0.0,0.0,0.0,0.0,0.0,0.0,0.0,0.0,0.0,0.0,0.0,0.0,0.0,0.0,0.0,0.23809523809523814,4.153439153439154,16.21693121693122,8.783068783068785,0.5952380952380953,0.01322751322751323,0.8885680355920752,0.022217396237337674,0.0,0.0,0.0,0.0,0.0,0.0,0.0,0.0,0.0,0.0,0.0,0.0,0.0,0.0,0.0,0.0,0.0,0.0,0.0,0.0,0.0,0.0,0.0,0.0,0.2475928473177442,4.429160935350757,16.382393397524076,8.17056396148556,0.7702888583218709,0.0,0.41,0.013565,0.0,0.0,0.0,0.0,0.0,0.0,0.0,0.0,0.0,0.0,0.02645502645502646,7.195767195767186,21.494708994708997,1.2830687830687832,0.0,0.0,0.0,0.0,0.0,0.0,0.0,0.0,0.0,0.0,0.0,0.0,0.0,0.0,0.0,0.0,0.4097,0.01363,0.0,0.0,0.0,0.0,0.0,0.0,0.0,0.0,0.0,0.0,0.0,7.221458046767528,21.526822558459425,1.25171939477304,0.0,0.0,0.0,0.0,0.0,0.0,0.0,0.0,0.0,0.0,0.0,0.0,0.0,0.0,0.0,0.0
93400,4753,2452,0.5158847043972228,1206,961,0.45592257521565327,1328,0.558804965285083,0.40599999999999997,3.0882225119513254,3.1756550878339493,6.677941176470588,2.2263360554583644,8295.721820336012,428.8928485531116,7853.0,8733.696380847692,8711.179776532244,5.702007044905312,7853.0,0.0,28.605722701451715,21.125839608578218,33.73519076305221,19.215327784119626,0.14201556911424362,0.094045865768988,0.08710288239006943,0.08647170208289501,0.0738480959394067,0.07069219440353461,0.0704818009678098,0.06942983378918578,0.06711550599621292,0.05133599831685252,0.04670734273090679,0.039764359351988215,0.033873343151693665,0.02608878602987587,0.020828950136755734,0.011992425836313906,0.00820534399326741,0.8893650817966401,0.022331292573964646,0.0,0.0,0.0,0.0,0.0,0.0,0.0,0.0,0.0,0.0,0.0,0.0,0.0,0.0,0.0,0.0,0.0,0.0,0.0,0.0,0.0,0.0,0.0,0.0,0.2082895013675574,4.228908058068589,16.08878602987587,8.754470860509153,0.7006101409636021,0.01893540921523249,4.266410502721742,2.927797285639953,nan,nan,nan,4.318595578673602,2.911334757325791,4.21780303030303,2.9426180917560827,0.9766608040659532,0.4092,0.0134,0.0,0.0,0.0,0.0,0.0,0.0,0.0,0.0,0.0,0.0,0.006311803071744163,7.511045655375542,21.504313065432363,0.9783294761203453,0.0,0.0,0.0,0.0,0.0,0.0,0.0,0.0,0.0,0.0,0.0,0.0,0.0,0.0,0.0,0.0,nan,nan,4.266410502721742,2.927797285639953,nan,0.4092,0.06155,0.0,0.0,0.0,0.0,0.0,0.0,0.0,0.0,0.0,0.0,0.0,0.0,0.0,0.0,0.0,0.0,0.0,0.0,0.0,0.0,0.0,0.00012623606143488322,0.0,0.0005996212918156954,0.0032190195665895223,0.00035766884073216916,0.0061119293078055964,0.005133599831685251,0.009562381653692404,0.03371554807490006,0.02230170418682937,0.009225752156532716,0.018367346938775512,0.023637702503681884,0.027140753208499895,0.025299810645907847,0.026488533557752998,0.050357668840732166,0.038533557752998104,0.06588470439722281,0.11814643383126447,0.05591205554386703,0.07390069429833789,0.0585945718493583,0.06758889122659373,0.046339154218388384,0.04586576898800757,0.013644014306753629,0.040679570797391124,0.03010730065221965,0.01748369450873133,0.028666105617504732,0.005712181779928467,0.011277088154849568,0.014559225752156534,0.0025036818851251843,0.002493162213338944,2.1039343572480537e-05,0.0004418262150220913,0.0,0.0,0.0,0.0,0.0,0.0,0.0,0.0,0.0,0.0,0.0,0.0,0.0,0.0,0.0,0.0,0.0,0.0,0.0,0.0,0.0,0.0,0.0,0.0,0.0,0.0,0.0,0.0,0.0,0.0,0.0,0.0,0.0,0.0,0.0,0.0,0.0,0.0,0.0,0.0,0.0,0.0,nan,nan,4.266410502721742,2.927797285639953,nan,0.8899926658944632,0.022037748057079466,0.0,0.0,0.0,0.0,0.0,0.0,0.0,0.0,0.0,0.0,0.0,0.0,0.0,0.0,0.0,0.0,0.0,0.0,0.0,0.0,0.0,0.0,0.0,0.0,0.15905383360522027,4.03752039151713,16.12561174551387,8.931484502446983,0.7340946166394782,0.012234910277324635,0.8886963133447225,0.02262075724160627,0.0,0.0,0.0,0.0,0.0,0.0,0.0,0.0,0.0,0.0,0.0,0.0,0.0,0.0,0.0,0.0,0.0,0.0,0.0,0.0,0.0,0.0,0.0,0.0,0.26075619295958286,4.432855280312908,16.049543676662324,8.565840938722296,0.6649282920469363,0.026075619295958283,0.4092,0.013145,0.0,0.0,0.0,0.0,0.0,0.0,0.0,0.0,0.0,0.0,0.0,7.377650897226744,21.655791190864605,0.9665579119086462,0.0,0.0,0.0,0.0,0.0,0.0,0.0,0.0,0.0,0.0,0.0,0.0,0.0,0.0,0.0,0.0,0.409,0.013664,0.0,0.0,0.0,0.0,0.0,0.0,0.0,0.0,0.0,0.0,0.013037809647979142,7.653194263363744,21.342894393741854,0.9908735332464148,0.0,0.0,0.0,0.0,0.0,0.0,0.0,0.0,0.0,0.0,0.0,0.0,0.0,0.0,0.0,0.0
93500,4797,2490,0.5190744215134458,1194,965,0.45007296226808424,1347,0.5616010006253909,0.418,3.080624187256177,3.163716868152664,6.7791044776119405,2.0880997083639237,8298.234069285316,428.58036876699396,7853.0,8731.342955493927,8710.74611661111,5.674646293694945,7853.0,0.0,28.242443193662705,20.75486555353852,33.03426176978063,18.97147189271801,0.13466750052115906,0.09526787575568063,0.09797790285595163,0.08567854909318325,0.07942464040025016,0.07734000416927246,0.0654575776526996,0.062122159683135295,0.06337294142172191,0.05274129664373567,0.04878048780487805,0.045653533458411506,0.0327287888263498,0.02564102564102564,0.017719407963310403,0.009172399416301855,0.006253908692933083,0.888711105156919,0.022005822381842552,0.0,0.0,0.0,0.0,0.0,0.0,0.0,0.0,0.0,0.0,0.0,0.0,0.0,0.0,0.0,0.0,0.0,0.0,0.0,0.0,0.0,0.0,0.0,0.0,0.19387116948092561,4.377736085053159,16.253908692933088,8.567854909318326,0.600375234521576,0.006253908692933085,4.35397946084724,2.961160686389366,nan,nan,nan,4.360103626943006,2.89046386180691,4.348185868873329,3.0299315588405595,0.9972666342157486,0.4087,0.013,0.0,0.0,0.0,0.0,0.0,0.0,0.0,0.0,0.0,0.0,0.03126954346466542,7.548467792370221,21.494684177611013,0.9255784865540965,0.0,0.0,0.0,0.0,0.0,0.0,0.0,0.0,0.0,0.0,0.0,0.0,0.0,0.0,0.0,0.0,nan,nan,4.35397946084724,2.961160686389366,nan,0.4087,0.0613,0.0,0.0,0.0,0.0,0.0,0.0,0.0,0.0,0.0,0.0,0.0,0.0,0.0,0.0,0.0,0.0,0.0,0.0,0.0,0.0,0.0,0.00022930998540754638,0.0,0.0008234313112361893,0.0026787575568063375,0.00038565770273087346,0.00579528872211799,0.005274129664373567,0.010391911611423806,0.03330206378986867,0.022566187200333543,0.00846362309776944,0.019543464665415886,0.02271211173650198,0.02674588284344382,0.02577652699603919,0.025265791119449658,0.05481550969355847,0.04072336877214926,0.06638524077548467,0.11867834062956015,0.052282676672920574,0.0742234730039608,0.059870752553679386,0.06631227850740046,0.046289347508859706,0.04648738795080259,0.01337294142172191,0.03910777569314155,0.029237023139462165,0.01707317073170732,0.02905982905982906,0.005701480091723994,0.012361892849697728,0.012768396914738378,0.0024390243902439024,0.002230560767146133,3.1269543464665416e-05,0.0005941213258286429,0.0,0.0,0.0,0.0,0.0,0.0,0.0,0.0,0.0,0.0,0.0,0.0,0.0,0.0,0.0,0.0,0.0,0.0,0.0,0.0,0.0,0.0,0.0,0.0,0.0,0.0,0.0,0.0,0.0,0.0,0.0,0.0,0.0,0.0,0.0,0.0,0.0,0.0,0.0,0.0,0.0,0.0,nan,nan,4.35397946084724,2.961160686389366,nan,0.8888350267965631,0.022018730766691842,0.0,0.0,0.0,0.0,0.0,0.0,0.0,0.0,0.0,0.0,0.0,0.0,0.0,0.0,0.0,0.0,0.0,0.0,0.0,0.0,0.0,0.0,0.0,0.0,0.18072289156626511,4.3012048192771095,16.18072289156627,8.734939759036147,0.5903614457831327,0.01204819277108434,0.8885773535822706,0.021991097972469054,0.0,0.0,0.0,0.0,0.0,0.0,0.0,0.0,0.0,0.0,0.0,0.0,0.0,0.0,0.0,0.0,0.0,0.0,0.0,0.0,0.0,0.0,0.0,0.0,0.20806241872561773,4.4603381014304295,16.33289986996099,8.387516254876465,0.611183355006502,0.0,0.4084,0.013054,0.0,0.0,0.0,0.0,0.0,0.0,0.0,0.0,0.0,0.0,0.03614457831325302,7.78313253012047,21.277108433734945,0.9036144578313254,0.0,0.0,0.0,0.0,0.0,0.0,0.0,0.0,0.0,0.0,0.0,0.0,0.0,0.0,0.0,0.0,0.409,0.01294,0.0,0.0,0.0,0.0,0.0,0.0,0.0,0.0,0.0,0.0,0.026007802340702216,7.295188556566959,21.729518855656703,0.9492847854356309,0.0,0.0,0.0,0.0,0.0,0.0,0.0,0.0,0.0,0.0,0.0,0.0,0.0,0.0,0.0,0.0
93600,4808,2548,0.5299500831946755,1203,932,0.44405158069883527,1308,0.5440931780366056,0.426,3.038938053097345,3.1350553940235586,6.5718608169440245,2.2173284722841027,8307.531525940041,428.09410449123567,7853.0,8734.751690590381,8710.687431993607,5.74534718888514,7853.0,0.0,28.400582362728784,21.146999952286023,33.511050409734295,19.301100237786073,0.14122296173044926,0.09712978369384359,0.09380199667221298,0.08049084858569051,0.07820299500831947,0.0709234608985025,0.07529118136439268,0.059276206322795344,0.05698835274542429,0.05324459234608985,0.0478369384359401,0.046381031613976706,0.037229617304492514,0.027038269550748752,0.018094841930116474,0.008527454242928452,0.008319467554076539,0.8886777486484777,0.022068635105914412,0.0,0.0,0.0,0.0,0.0,0.0,0.0,0.0,0.0,0.0,0.0,0.0,0.0,0.0,0.0,0.0,0.0,0.0,0.0,0.0,0.0,0.0,0.0,0.0,0.18094841930116476,4.461314475873545,16.435108153078207,8.186356073211316,0.7113144758735442,0.024958402662229623,4.175,2.9162701195630714,nan,nan,nan,4.159309021113244,2.8905533758734476,4.190751445086705,2.9417756884074464,1.007559530636905,0.4082,0.01293,0.0,0.0,0.0,0.0,0.0,0.0,0.0,0.0,0.0,0.0,0.018718801996672217,7.943011647254564,21.214642262895183,0.8236272878535775,0.0,0.0,0.0,0.0,0.0,0.0,0.0,0.0,0.0,0.0,0.0,0.0,0.0,0.0,0.0,0.0,nan,nan,4.175,2.9162701195630714,nan,0.4082,0.06107,0.0,0.0,0.0,0.0,0.0,0.0,0.0,0.0,0.0,0.0,0.0,0.0,0.0,0.0,0.0,0.0,0.0,0.0,0.0,0.0,0.0,0.00013519134775374377,0.0,0.0011335274542429285,0.0028182196339434275,0.00030158069883527456,0.005366056572379368,0.00562603993344426,0.010461730449251248,0.03249792013311148,0.020705074875207986,0.008631447587354409,0.02144342762063228,0.02160981697171381,0.028452579034941763,0.025561564059900167,0.02655990016638935,0.05772670549084859,0.040349417637271213,0.06663893510815308,0.11869800332778702,0.04990640599001664,0.07607113144758736,0.060898502495840265,0.06314475873544093,0.043001247920133115,0.052079866888519136,0.012614392678868552,0.039787853577371045,0.02824459234608985,0.017086106489184693,0.02767262895174709,0.005542845257903494,0.010763311148086523,0.012655990016638936,0.0026934276206322795,0.0021526622296173044,2.0798668885191348e-05,0.0009463394342762063,0.0,0.0,0.0,0.0,0.0,0.0,0.0,0.0,0.0,0.0,0.0,0.0,0.0,0.0,0.0,0.0,0.0,0.0,0.0,0.0,0.0,0.0,0.0,0.0,0.0,0.0,0.0,0.0,0.0,0.0,0.0,0.0,0.0,0.0,0.0,0.0,0.0,0.0,0.0,0.0,0.0,0.0,nan,nan,4.175,2.9162701195630714,nan,0.888889724268831,0.0223732323962251,0.0,0.0,0.0,0.0,0.0,0.0,0.0,0.0,0.0,0.0,0.0,0.0,0.0,0.0,0.0,0.0,0.0,0.0,0.0,0.0,0.0,0.0,0.0,0.0,0.20015698587127162,4.521193092621664,16.153846153846157,8.359497645211933,0.7417582417582419,0.02354788069073784,0.8884387602057077,0.021717618540094605,0.0,0.0,0.0,0.0,0.0,0.0,0.0,0.0,0.0,0.0,0.0,0.0,0.0,0.0,0.0,0.0,0.0,0.0,0.0,0.0,0.0,0.0,0.0,0.0,0.15929203539823011,4.393805309734514,16.752212389380535,7.991150442477878,0.6769911504424779,0.026548672566371688,0.4082,0.01282,0.0,0.0,0.0,0.0,0.0,0.0,0.0,0.0,0.0,0.0,0.01177394034536892,8.124018838304542,21.02825745682889,0.8359497645211933,0.0,0.0,0.0,0.0,0.0,0.0,0.0,0.0,0.0,0.0,0.0,0.0,0.0,0.0,0.0,0.0,0.4084,0.01306,0.0,0.0,0.0,0.0,0.0,0.0,0.0,0.0,0.0,0.0,0.026548672566371688,7.738938053097334,21.42477876106195,0.8097345132743364,0.0,0.0,0.0,0.0,0.0,0.0,0.0,0.0,0.0,0.0,0.0,0.0,0.0,0.0,0.0,0.0
93700,4933,2519,0.5106426109872289,1170,1030,0.4459760794648287,1404,0.5692276505169268,0.39399999999999996,2.995857497928749,3.1442770684092567,6.685294117647059,2.272810174644024,8290.930197235812,428.7247167710537,7853.0,8732.074528479576,8710.606059136268,5.623736418355651,7853.0,0.0,27.754915872694102,20.85071265890852,32.65323359073359,19.15532109927886,0.13987431583215082,0.10297993107642409,0.0900060814919927,0.09020879789174945,0.08027569430366917,0.07399148591121021,0.07318062031218325,0.06324751672410298,0.05615244273261707,0.054327995134806406,0.04581390634502331,0.03729981755524022,0.030204743563754306,0.02493411717007906,0.01844719237786337,0.010135819987837016,0.008919521589296575,0.8886538319623473,0.022363299404135055,0.0,0.0,0.0,0.0,0.0,0.0,0.0,0.0,0.0,0.0,0.0,0.0,0.0,0.0,0.0,0.0,0.0,0.0,0.0,0.0,0.0,0.0,0.0,0.0,0.25542266369349287,4.4698966146361245,15.994323940806813,8.593148185688223,0.6750456111899454,0.012162983985404422,4.305432722678459,2.918001643856124,nan,nan,nan,4.318352059925093,2.89793508316113,4.293026231605886,2.9391127688732657,0.9941353025488046,0.4084,0.01233,0.0,0.0,0.0,0.0,0.0,0.0,0.0,0.0,0.0,0.0,0.0,7.741739306709901,21.552807622136637,0.7054530711534565,0.0,0.0,0.0,0.0,0.0,0.0,0.0,0.0,0.0,0.0,0.0,0.0,0.0,0.0,0.0,0.0,nan,nan,4.305432722678459,2.918001643856124,nan,0.4084,0.06067,0.0,0.0,0.0,0.0,0.0,0.0,0.0,0.0,0.0,0.0,0.0,0.0,0.0,0.0,0.0,0.0,0.0,0.0,0.0,0.0,0.0,0.0002533954996959254,0.0,0.001277113318467464,0.0021589296574092845,0.00022298803973241435,0.005919318872896817,0.00608149199270221,0.00975065882829921,0.030083113723900264,0.019095884857084938,0.008372187309953375,0.02242043381309548,0.0214676667342388,0.028613419825663896,0.025633488749239812,0.029373606324751673,0.061220352726535573,0.039347253192783295,0.06909588485708494,0.11372390026353132,0.050314210419622946,0.07472126495033449,0.0609264139468883,0.06465639570241233,0.044111088587066694,0.05102371781877154,0.01365294952361646,0.038850598013379284,0.02883640786539631,0.016957226839651326,0.028653963105615243,0.005351712953577945,0.01076424082708291,0.011838637745793634,0.0022298803973241437,0.001946077437664707,1.0135819987837015e-05,0.0010439894587472127,0.0,0.0,0.0,0.0,0.0,0.0,0.0,0.0,0.0,0.0,0.0,0.0,0.0,0.0,0.0,0.0,0.0,0.0,0.0,0.0,0.0,0.0,0.0,0.0,0.0,0.0,0.0,0.0,0.0,0.0,0.0,0.0,0.0,0.0,0.0,0.0,0.0,0.0,0.0,0.0,0.0,0.0,nan,nan,4.305432722678459,2.918001643856124,nan,0.8885047123894989,0.02238860928740399,0.0,0.0,0.0,0.0,0.0,0.0,0.0,0.0,0.0,0.0,0.0,0.0,0.0,0.0,0.0,0.0,0.0,0.0,0.0,0.0,0.0,0.0,0.0,0.0,0.2381897578404129,4.573243350535928,16.030170702659788,8.431917427550617,0.7026597856292182,0.023818975784041293,0.8888094376806592,0.02233579662617917,0.0,0.0,0.0,0.0,0.0,0.0,0.0,0.0,0.0,0.0,0.0,0.0,0.0,0.0,0.0,0.0,0.0,0.0,0.0,0.0,0.0,0.0,0.0,0.0,0.2734051367025684,4.362054681027341,15.956917978458993,8.761391880695943,0.6462303231151617,0.0,0.4082,0.0123,0.0,0.0,0.0,0.0,0.0,0.0,0.0,0.0,0.0,0.0,0.0,7.931718936085737,21.41325922985312,0.6550218340611356,0.0,0.0,0.0,0.0,0.0,0.0,0.0,0.0,0.0,0.0,0.0,0.0,0.0,0.0,0.0,0.0,0.4087,0.012344,0.0,0.0,0.0,0.0,0.0,0.0,0.0,0.0,0.0,0.0,0.0,7.5434962717481255,21.69842584921293,0.7580778790389398,0.0,0.0,0.0,0.0,0.0,0.0,0.0,0.0,0.0,0.0,0.0,0.0,0.0,0.0,0.0,0.0
93800,4584,2299,0.5015270506108203,1054,953,0.43782722513089006,1316,0.5741710296684118,0.418,2.9715536105032823,3.1094653958520246,6.529595015576324,2.200232816449095,8283.146795047434,428.8526717362108,7853.0,8733.89528864026,8710.674166375566,5.484441835626372,7853.0,0.0,27.978184991273995,21.10210477713337,33.010413954699295,19.35496927340731,0.14288830715532286,0.10078534031413612,0.0931500872600349,0.0831151832460733,0.08115183246073299,0.0780977312390925,0.0700261780104712,0.06195462478184991,0.04952006980802792,0.05148342059336824,0.04930191972076789,0.03643106457242583,0.03883071553228621,0.02617801047120419,0.018542757417102967,0.01025305410122164,0.008289703315881327,0.8888266733465603,0.02175060994575401,0.0,0.0,0.0,0.0,0.0,0.0,0.0,0.0,0.0,0.0,0.0,0.0,0.0,0.0,0.0,0.0,0.0,0.0,0.0,0.0,0.0,0.0,0.0,0.0,0.18324607329842937,4.378272251308902,16.335078534031418,8.475130890052357,0.6151832460732986,0.013089005235602098,4.404160982264666,2.861399811272625,nan,nan,nan,4.429836512261581,2.8559623993809433,4.378415300546448,2.8666108208156302,0.9883920746120537,0.408,0.01239,0.0,0.0,0.0,0.0,0.0,0.0,0.0,0.0,0.0,0.0,0.013089005235602098,7.94502617801046,21.43324607329843,0.6086387434554975,0.0,0.0,0.0,0.0,0.0,0.0,0.0,0.0,0.0,0.0,0.0,0.0,0.0,0.0,0.0,0.0,nan,nan,4.404160982264666,2.861399811272625,nan,0.408,0.05997,0.0,0.0,0.0,0.0,0.0,0.0,0.0,0.0,0.0,0.0,0.0,0.0,0.0,0.0,0.0,0.0,0.0,0.0,0.0,0.0,0.0,0.00010907504363001745,1.0907504363001746e-05,0.0010471204188481676,0.00256326352530541,0.00015270506108202444,0.006206369982547993,0.005508289703315882,0.00894415357766143,0.02911212914485166,0.019317190226876092,0.007722513089005236,0.02369109947643979,0.022611256544502616,0.02793411867364747,0.024869109947643978,0.02994109947643979,0.061027486910994765,0.04128490401396161,0.06672120418848168,0.11780104712041885,0.04857111692844677,0.0792975567190227,0.060209424083769635,0.06496509598603839,0.045669720767888305,0.049705497382198954,0.013928883071553228,0.03959424083769633,0.025959860383944152,0.016350349040139617,0.026352530541012217,0.005104712041884817,0.011714659685863875,0.011540139616055847,0.001756108202443281,0.002465095986038394,0.0,0.00022905759162303665,0.0,1.0907504363001746e-05,0.0,0.0,0.0,0.0,0.0,0.0,0.0,0.0,0.0,0.0,0.0,0.0,0.0,0.0,0.0,0.0,0.0,0.0,0.0,0.0,0.0,0.0,0.0,0.0,0.0,0.0,0.0,0.0,0.0,0.0,0.0,0.0,0.0,0.0,0.0,0.0,0.0,0.0,0.0,0.0,nan,nan,4.404160982264666,2.861399811272625,nan,0.8890609981807329,0.02177186174397581,0.0,0.0,0.0,0.0,0.0,0.0,0.0,0.0,0.0,0.0,0.0,0.0,0.0,0.0,0.0,0.0,0.0,0.0,0.0,0.0,0.0,0.0,0.0,0.0,0.19573727707699004,4.201826881252719,16.363636363636367,8.612440191387561,0.6002609830361028,0.026098303610265338,0.8885909128241257,0.021726656615425454,0.0,0.0,0.0,0.0,0.0,0.0,0.0,0.0,0.0,0.0,0.0,0.0,0.0,0.0,0.0,0.0,0.0,0.0,0.0,0.0,0.0,0.0,0.0,0.0,0.1706783369803064,4.555798687089716,16.306345733041578,8.336980306345735,0.6301969365426697,0.0,0.408,0.012184,0.0,0.0,0.0,0.0,0.0,0.0,0.0,0.0,0.0,0.0,0.026098303610265338,7.907785993910385,21.531100478468908,0.5350152240104394,0.0,0.0,0.0,0.0,0.0,0.0,0.0,0.0,0.0,0.0,0.0,0.0,0.0,0.0,0.0,0.0,0.4082,0.01258,0.0,0.0,0.0,0.0,0.0,0.0,0.0,0.0,0.0,0.0,0.0,7.98249452954047,21.334792122538296,0.6827133479212256,0.0,0.0,0.0,0.0,0.0,0.0,0.0,0.0,0.0,0.0,0.0,0.0,0.0,0.0,0.0,0.0
93900,4544,2350,0.5171654929577465,1110,930,0.448943661971831,1266,0.5572183098591549,0.43,2.943482224247949,3.11851820366707,6.6281833616298815,2.2483996029460416,8296.495926611284,428.54274730164923,7853.0,8733.870982968807,8710.551272562412,5.737908027616946,7853.0,0.0,27.415713028169016,20.62466238567994,32.43779652082235,18.868952807939372,0.14392605633802816,0.10255281690140845,0.09308978873239436,0.08230633802816902,0.08714788732394366,0.07548415492957747,0.07108274647887323,0.06536091549295775,0.05237676056338028,0.05149647887323944,0.047975352112676055,0.03895246478873239,0.03191021126760563,0.021786971830985914,0.017605633802816902,0.011003521126760563,0.005941901408450704,0.8883700607423212,0.02224413920508911,0.0,0.0,0.0,0.0,0.0,0.0,0.0,0.0,0.0,0.0,0.0,0.0,0.0,0.0,0.0,0.0,0.0,0.0,0.0,0.0,0.0,0.0,0.0,0.006602112676056318,0.1518485915492958,4.786531690140846,16.082746478873243,8.298855633802818,0.6734154929577466,0.0,4.235557083906465,2.9486459367346027,nan,nan,nan,4.25455773126266,2.963545303616274,4.2166900420757365,2.9338239765747645,0.9910995004466221,0.408,0.01233,0.0,0.0,0.0,0.0,0.0,0.0,0.0,0.0,0.0,0.0,0.01320422535211268,7.995158450704214,21.470070422535215,0.5215669014084509,0.0,0.0,0.0,0.0,0.0,0.0,0.0,0.0,0.0,0.0,0.0,0.0,0.0,0.0,0.0,0.0,nan,nan,4.235557083906465,2.9486459367346027,nan,0.408,0.06012,0.0,0.0,0.0,0.0,0.0,0.0,0.0,0.0,0.0,0.0,0.0,0.0,0.0,0.0,0.0,0.0,0.0,0.0,0.0,0.0,0.0,0.0,0.0,0.0017605633802816902,0.0027838908450704227,0.0003961267605633803,0.006007922535211267,0.006338028169014085,0.008670774647887325,0.029247359154929577,0.019377200704225352,0.008065580985915493,0.023569542253521127,0.02169894366197183,0.02637544014084507,0.02540713028169014,0.028202024647887323,0.060090228873239435,0.04372799295774648,0.06773767605633803,0.11270906690140844,0.04944982394366197,0.08127200704225353,0.060486355633802814,0.06514084507042253,0.05001100352112676,0.05110035211267606,0.013325264084507042,0.03879841549295775,0.023558538732394368,0.014832746478873239,0.026221390845070424,0.005391725352112676,0.011938820422535211,0.012191901408450704,0.0015184859154929577,0.0024317781690140843,4.4014084507042256e-05,0.0001210387323943662,0.0,0.0,0.0,0.0,0.0,0.0,0.0,0.0,0.0,0.0,0.0,0.0,0.0,0.0,0.0,0.0,0.0,0.0,0.0,0.0,0.0,0.0,0.0,0.0,0.0,0.0,0.0,0.0,0.0,0.0,0.0,0.0,0.0,0.0,0.0,0.0,0.0,0.0,0.0,0.0,0.0,0.0,nan,nan,4.235557083906465,2.9486459367346027,nan,0.8883495215152173,0.022370851076155336,0.0,0.0,0.0,0.0,0.0,0.0,0.0,0.0,0.0,0.0,0.0,0.0,0.0,0.0,0.0,0.0,0.0,0.0,0.0,0.0,0.0,0.0,0.0,0.012765957446808472,0.16595744680851068,4.914893617021278,15.727659574468088,8.514893617021277,0.6638297872340427,0.0,0.8883920603702583,0.02210759103198759,0.0,0.0,0.0,0.0,0.0,0.0,0.0,0.0,0.0,0.0,0.0,0.0,0.0,0.0,0.0,0.0,0.0,0.0,0.0,0.0,0.0,0.0,0.0,0.0,0.1367365542388332,4.649042844120329,16.46308113035552,8.06745670009116,0.683682771194166,0.0,0.408,0.01225,0.0,0.0,0.0,0.0,0.0,0.0,0.0,0.0,0.0,0.0,0.0,7.799999999999989,21.625531914893624,0.574468085106383,0.0,0.0,0.0,0.0,0.0,0.0,0.0,0.0,0.0,0.0,0.0,0.0,0.0,0.0,0.0,0.0,0.4077,0.0124,0.0,0.0,0.0,0.0,0.0,0.0,0.0,0.0,0.0,0.0,0.02734731084776664,8.20419325432998,21.30355515041021,0.4649042844120329,0.0,0.0,0.0,0.0,0.0,0.0,0.0,0.0,0.0,0.0,0.0,0.0,0.0,0.0,0.0,0.0
94000,4591,2388,0.5201481158788935,1109,927,0.4434763668046177,1255,0.5467218470921368,0.43,2.9605083976395825,3.1260088144230327,6.694630872483222,2.119905190829838,8298.919822865942,428.318700415683,7853.0,8728.297419214248,8710.293930811364,5.72358933289071,7853.0,0.0,27.812894794162492,20.970715683474044,32.882490880667014,19.203118798686102,0.14637333914179917,0.0980178610324548,0.0978000435634938,0.08451317795687215,0.07601829666739272,0.07013722500544543,0.06883032019167937,0.06578087562622523,0.05989980396427794,0.05489000217817469,0.042910041385319106,0.040514049226747985,0.031365715530385536,0.026791548682204312,0.01895011979960793,0.00958396863428447,0.007623611413635374,0.887697216135514,0.022169553680381843,0.0,0.0,0.0,0.0,0.0,0.0,0.0,0.0,0.0,0.0,0.0,0.0,0.0,0.0,0.0,0.0,0.0,0.0,0.0,0.0,0.0,0.0,0.0,0.0,0.2679154868220432,4.86822043127859,15.996514920496628,8.272707471139187,0.5750381180570683,0.019603572206490963,4.285958904109589,2.900768929417297,nan,nan,nan,4.266304347826087,2.894148037660503,4.30822391154112,2.9070526608721896,1.0098257321319313,0.4077,0.012726,0.0,0.0,0.0,0.0,0.0,0.0,0.0,0.0,0.0,0.0,0.019603572206490963,8.037464604661283,21.282944892180357,0.6599869309518624,0.0,0.0,0.0,0.0,0.0,0.0,0.0,0.0,0.0,0.0,0.0,0.0,0.0,0.0,0.0,0.0,nan,nan,4.285958904109589,2.900768929417297,nan,0.4077,0.0599,0.0,0.0,0.0,0.0,0.0,0.0,0.0,0.0,0.0,0.0,0.0,0.0,0.0,0.0,0.0,0.0,0.0,0.0,0.0,0.0,0.0,0.0,0.0,0.002221738183402309,0.003299934654759312,0.00038118057068176867,0.005238510128512307,0.005521672838161621,0.008189936832934001,0.028719233282509256,0.01938575473752995,0.008004791984317142,0.024940100196035722,0.021999564365062077,0.025201481158788935,0.024754955347418863,0.029960792855587018,0.06091265519494663,0.04509910694837726,0.06294924852973209,0.11447397081245916,0.052199956436506205,0.08070137225005446,0.06273143106077107,0.06402744500108909,0.04782182531038989,0.05180788499237639,0.012491831844913962,0.03962099760400784,0.024253975168808537,0.014179917229361795,0.025963842300152473,0.005685035939882378,0.011533434981485515,0.01181659769113483,0.0009148333696362448,0.002798954476148987,7.623611413635374e-05,0.00011979960792855587,0.0,0.0,0.0,0.0,0.0,0.0,0.0,0.0,0.0,0.0,0.0,0.0,0.0,0.0,0.0,0.0,0.0,0.0,0.0,0.0,0.0,0.0,0.0,0.0,0.0,0.0,0.0,0.0,0.0,0.0,0.0,0.0,0.0,0.0,0.0,0.0,0.0,0.0,0.0,0.0,0.0,0.0,nan,nan,4.285958904109589,2.900768929417297,nan,0.8873301546028511,0.022612447334205123,0.0,0.0,0.0,0.0,0.0,0.0,0.0,0.0,0.0,0.0,0.0,0.0,0.0,0.0,0.0,0.0,0.0,0.0,0.0,0.0,0.0,0.0,0.0,0.0,0.2512562814070352,5.2386934673366845,15.55276381909548,8.26633165829146,0.6783919597989951,0.012562814070351761,0.8880951021727356,0.02167222934429891,0.0,0.0,0.0,0.0,0.0,0.0,0.0,0.0,0.0,0.0,0.0,0.0,0.0,0.0,0.0,0.0,0.0,0.0,0.0,0.0,0.0,0.0,0.0,0.0,0.2859736722650931,4.466636404902407,16.477530640036317,8.279618701770314,0.46300499319110316,0.027235587834770772,0.408,0.0127,0.0,0.0,0.0,0.0,0.0,0.0,0.0,0.0,0.0,0.0,0.012562814070351761,7.8015075376884315,21.482412060301513,0.7035175879396987,0.0,0.0,0.0,0.0,0.0,0.0,0.0,0.0,0.0,0.0,0.0,0.0,0.0,0.0,0.0,0.0,0.4077,0.01274,0.0,0.0,0.0,0.0,0.0,0.0,0.0,0.0,0.0,0.0,0.027235587834770772,8.293236495687687,21.06672719019519,0.6128007262823424,0.0,0.0,0.0,0.0,0.0,0.0,0.0,0.0,0.0,0.0,0.0,0.0,0.0,0.0,0.0,0.0
94100,4934,2561,0.5190514795297932,1225,1030,0.4570328334008918,1404,0.5691122821240373,0.41,2.962494732406237,3.0626044040742677,6.681020733652312,2.057469430466796,8297.979985329239,428.3556438187219,7853.0,8729.140275472402,8710.294512930288,5.696816151521323,7853.0,0.0,27.749290636400488,20.49959154346671,32.648492159227985,18.695495629529976,0.13903526550466153,0.0954600729631131,0.09667612484799351,0.08188082691528172,0.08228617754357519,0.08127280097284151,0.07336846372111877,0.06303202269963519,0.05715443858937981,0.06019456830158087,0.04600729631130928,0.035873530603972435,0.032833400891771385,0.023915687069314958,0.015200648561005269,0.008917713822456425,0.006890960680989056,0.8876856301398136,0.0220437391701287,0.0,0.0,0.0,0.0,0.0,0.0,0.0,0.0,0.0,0.0,0.0,0.0,0.0,0.0,0.0,0.0,0.0,0.0,0.0,0.0,0.0,0.0,0.0,0.0,0.23713011755168226,4.797324685853264,16.20997162545602,8.202269963518445,0.5472233481961898,0.006080259424402109,4.305329153605015,2.8639259616130928,nan,nan,nan,4.262632563942607,2.8559108671683595,4.348456206679269,2.8713547030875315,1.0201339527743112,0.4077,0.012405,0.0,0.0,0.0,0.0,0.0,0.0,0.0,0.0,0.0,0.0,0.018240778273206325,8.22659100121604,21.134981759221734,0.6201864612890151,0.0,0.0,0.0,0.0,0.0,0.0,0.0,0.0,0.0,0.0,0.0,0.0,0.0,0.0,0.0,0.0,nan,nan,4.305329153605015,2.8639259616130928,nan,0.4077,0.0599,0.0,0.0,0.0,0.0,0.0,0.0,0.0,0.0,0.0,0.0,0.0,0.0,0.0,0.0,0.0,0.0,0.0,0.0,0.0,0.0,0.0,1.0133765707336847e-05,7.093635995135792e-05,0.002898256992298338,0.002877989460883664,0.0004762869882448318,0.005907985407377381,0.006657884069720308,0.007428050263477908,0.02889136603161735,0.019466963923794083,0.007833400891771381,0.0253850830968788,0.02079448723145521,0.02455411430887718,0.02394608836643697,0.029185245237130116,0.05962707742197,0.0416396432914471,0.06217065261451155,0.11436967977300365,0.05444872314552088,0.08505269558167815,0.06622415889744629,0.06249493311714633,0.04832792865828942,0.05405350628293474,0.011542359140656667,0.038356303202269966,0.02433117146331577,0.013994730441832184,0.02445277665180381,0.0049655451965950545,0.012728009728415078,0.0112484799351439,0.0008512363194162951,0.0021483583299554115,1.0133765707336847e-05,0.0005776246453182002,0.0,0.0,0.0,0.0,0.0,0.0,0.0,0.0,0.0,0.0,0.0,0.0,0.0,0.0,0.0,0.0,0.0,0.0,0.0,0.0,0.0,0.0,0.0,0.0,0.0,0.0,0.0,0.0,0.0,0.0,0.0,0.0,0.0,0.0,0.0,0.0,0.0,0.0,0.0,0.0,0.0,0.0,nan,nan,4.305329153605015,2.8639259616130928,nan,0.8875191196339617,0.022314391799447865,0.0,0.0,0.0,0.0,0.0,0.0,0.0,0.0,0.0,0.0,0.0,0.0,0.0,0.0,0.0,0.0,0.0,0.0,0.0,0.0,0.0,0.0,0.0,0.0,0.281140179617337,4.849668098399064,16.130417805544713,8.199921905505663,0.5271378367825069,0.011714174150722376,0.8878653323755855,0.021746434974279874,0.0,0.0,0.0,0.0,0.0,0.0,0.0,0.0,0.0,0.0,0.0,0.0,0.0,0.0,0.0,0.0,0.0,0.0,0.0,0.0,0.0,0.0,0.0,0.0,0.1896333754740835,4.740834386852087,16.295828065739574,8.204804045512011,0.5689001264222504,0.0,0.4077,0.01244,0.0,0.0,0.0,0.0,0.0,0.0,0.0,0.0,0.0,0.0,0.035142522452167126,8.469347910972264,20.85122998828583,0.6442795782897307,0.0,0.0,0.0,0.0,0.0,0.0,0.0,0.0,0.0,0.0,0.0,0.0,0.0,0.0,0.0,0.0,0.4077,0.01236,0.0,0.0,0.0,0.0,0.0,0.0,0.0,0.0,0.0,0.0,0.0,7.964601769911494,21.44121365360304,0.5941845764854615,0.0,0.0,0.0,0.0,0.0,0.0,0.0,0.0,0.0,0.0,0.0,0.0,0.0,0.0,0.0,0.0
94200,4638,2373,0.5116429495472187,1094,944,0.43941354031910307,1302,0.5614489003880984,0.41,2.9187637969094924,3.0477475154149554,6.479495268138801,2.1016117588635113,8291.726709735325,428.64506949067527,7853.0,8728.058217608928,8710.486085019988,5.53462933814505,7853.0,0.0,28.214963346269943,21.04096028748926,33.03780332056194,19.356152507005923,0.1313065976714101,0.10370849504096594,0.09961190168175937,0.08495040965933592,0.07761966364812418,0.07028891763691246,0.07460112117291937,0.062095730918499355,0.054980595084087966,0.052393272962483826,0.05002156101768004,0.041828374299266925,0.030185424752048298,0.027598102630444158,0.019836136265631736,0.01250539025442001,0.00646830530401035,0.8875408978002655,0.022091809214580687,0.0,0.0,0.0,0.0,0.0,0.0,0.0,0.0,0.0,0.0,0.0,0.0,0.0,0.0,0.0,0.0,0.0,0.0,0.0,0.0,0.0,0.0,0.0,0.0,0.2005174644243209,5.045278137128073,15.937904269081503,8.31824062095731,0.498059508408797,0.0,4.242281879194631,2.8164826750397656,nan,nan,nan,4.2152070604209095,2.7590226436730196,4.268745852687458,2.871288658395132,1.0127013433739132,0.4084,0.012245,0.0,0.0,0.0,0.0,0.0,0.0,0.0,0.0,0.0,0.0,0.0064683053040103505,7.445019404915901,21.91461836998707,0.6338939197930143,0.0,0.0,0.0,0.0,0.0,0.0,0.0,0.0,0.0,0.0,0.0,0.0,0.0,0.0,0.0,0.0,nan,nan,4.242281879194631,2.8164826750397656,nan,0.4084,0.0598,0.0,0.0,0.0,0.0,0.0,0.0,0.0,0.0,0.0,0.0,0.0,0.0,0.0,0.0,0.0,0.0,1.078050884001725e-05,0.0,0.0,0.0,0.0,4.3122035360069e-05,3.234152652005175e-05,0.003040103492884864,0.002544200086244071,0.00047434238896075894,0.00603708495040966,0.007945235015092712,0.007352307028891764,0.026897369555843036,0.018477792151789563,0.007438551099611902,0.024827511858559723,0.01920008624407072,0.02328589909443726,0.024202242345838725,0.029366106080206986,0.06033850797757654,0.044760672703751614,0.05963777490297542,0.11513583441138421,0.05608020698576973,0.08231996550237171,0.06844545062526951,0.06316300129366106,0.04431867184131091,0.055907718844329456,0.010284605433376455,0.0423134971970677,0.025204829667960327,0.013022854678740836,0.025172488141440276,0.00443078913324709,0.012031047865459249,0.01226821905993963,0.0008624407072013799,0.0026196636481241914,0.0,0.00047434238896075894,0.0,3.234152652005175e-05,0.0,0.0,0.0,0.0,0.0,0.0,0.0,0.0,0.0,0.0,0.0,0.0,0.0,0.0,0.0,0.0,0.0,0.0,0.0,0.0,0.0,0.0,0.0,0.0,0.0,0.0,0.0,0.0,0.0,0.0,0.0,0.0,0.0,0.0,0.0,0.0,0.0,0.0,0.0,0.0,nan,nan,4.242281879194631,2.8164826750397656,nan,0.8874214693709259,0.022289278379868573,0.0,0.0,0.0,0.0,0.0,0.0,0.0,0.0,0.0,0.0,0.0,0.0,0.0,0.0,0.0,0.0,0.0,0.0,0.0,0.0,0.0,0.0,0.0,0.0,0.22756005056890016,5.1706700379266755,15.815423514538562,8.166877370417195,0.6194690265486726,0.0,0.8876660208302092,0.02188231381465187,0.0,0.0,0.0,0.0,0.0,0.0,0.0,0.0,0.0,0.0,0.0,0.0,0.0,0.0,0.0,0.0,0.0,0.0,0.0,0.0,0.0,0.0,0.0,0.0,0.1721854304635762,4.913907284768213,16.066225165562916,8.476821192052983,0.370860927152318,0.0,0.4087,0.012146,0.0,0.0,0.0,0.0,0.0,0.0,0.0,0.0,0.0,0.0,0.012642225031605565,7.218710493046766,22.022756005056895,0.7458912768647283,0.0,0.0,0.0,0.0,0.0,0.0,0.0,0.0,0.0,0.0,0.0,0.0,0.0,0.0,0.0,0.0,0.4082,0.012344,0.0,0.0,0.0,0.0,0.0,0.0,0.0,0.0,0.0,0.0,0.0,7.682119205298002,21.801324503311264,0.5165562913907286,0.0,0.0,0.0,0.0,0.0,0.0,0.0,0.0,0.0,0.0,0.0,0.0,0.0,0.0,0.0,0.0
94300,4836,2468,0.5103391232423491,1132,1000,0.44086021505376344,1367,0.5653432588916459,0.40599999999999997,3.0122466216216215,3.0840317844156346,6.4985337243401755,2.0862974730903963,8290.644672667822,428.70512114882234,7853.0,8728.026848638057,8710.556579020089,5.57683360686942,7853.0,0.0,28.194168734491313,21.168368119476504,33.19975369458128,19.41650686543771,0.1401985111662531,0.10421836228287841,0.09098428453267163,0.0837468982630273,0.07630272952853598,0.07154673283705541,0.07196029776674938,0.06492969396195203,0.055417700578990904,0.05066170388751034,0.04755996691480562,0.04259718775847808,0.035773366418527706,0.026674937965260544,0.018196856906534328,0.011166253101736972,0.008064516129032258,0.8877347724880434,0.022020130126814502,0.0,0.0,0.0,0.0,0.0,0.0,0.0,0.0,0.0,0.0,0.0,0.0,0.0,0.0,0.0,0.0,0.0,0.0,0.0,0.0,0.0,0.0,0.0,0.0,0.15508684863523575,4.888337468982631,16.56947890818859,7.723325062034741,0.6637717121588091,0.0,4.404884318766067,2.8589285208604047,nan,nan,nan,4.36716224951519,2.862666975427158,4.442172523961661,2.8547384087471235,1.01717597610549,0.4084,0.012344,0.0,0.0,0.0,0.0,0.0,0.0,0.0,0.0,0.0,0.0,0.01861042183622829,7.344913151364754,22.01612903225807,0.620347394540943,0.0,0.0,0.0,0.0,0.0,0.0,0.0,0.0,0.0,0.0,0.0,0.0,0.0,0.0,0.0,0.0,nan,nan,4.404884318766067,2.8589285208604047,nan,0.4087,0.0604,0.0,0.0,0.0,0.0,0.0,0.0,0.0,0.0,0.0,0.0,0.0,0.0,0.0,0.0,0.0,0.0,0.0,0.0,0.0,0.0,2.0678246484698098e-05,0.0,3.1017369727047146e-05,0.002760545905707196,0.003101736972704715,0.0006617038875103391,0.006637717121588089,0.008385028949545079,0.006730769230769231,0.027202233250620347,0.018424317617866004,0.008023159636062862,0.026437138130686516,0.018186517783291976,0.023211331679073615,0.02465880893300248,0.02823614557485525,0.059636062861869316,0.04423076923076923,0.06084574028122415,0.11145574855252274,0.05607940446650124,0.08040736145574855,0.06904466501240694,0.06117659222497932,0.04575062034739454,0.058622828784119105,0.0108767576509512,0.04109801488833747,0.02630272952853598,0.01240694789081886,0.024048800661703888,0.004683622828784119,0.013327129859387924,0.012468982630272954,0.0007340777502067825,0.0035669975186104217,0.0,0.000423904052936311,2.0678246484698098e-05,7.237386269644334e-05,1.0339123242349049e-05,0.0,0.0,0.0,0.0,0.0,0.0,0.0,0.0,0.0,0.0,0.0,0.0,0.0,0.0,0.0,0.0,0.0,0.0,0.0,0.0,0.0,0.0,0.0,0.0,0.0,0.0,0.0,0.0,0.0,0.0,0.0,0.0,0.0,0.0,0.0,0.0,0.0,0.0,0.0,nan,nan,4.404884318766067,2.8589285208604047,nan,0.8877236889720542,0.02214704752962872,0.0,0.0,0.0,0.0,0.0,0.0,0.0,0.0,0.0,0.0,0.0,0.0,0.0,0.0,0.0,0.0,0.0,0.0,0.0,0.0,0.0,0.0,0.0,0.0,0.19448946515397086,4.935170178282011,16.373581847649923,7.828200972447327,0.6685575364667748,0.0,0.8877463240579173,0.021887063840954846,0.0,0.0,0.0,0.0,0.0,0.0,0.0,0.0,0.0,0.0,0.0,0.0,0.0,0.0,0.0,0.0,0.0,0.0,0.0,0.0,0.0,0.0,0.0,0.0,0.1140202702702703,4.839527027027028,16.773648648648653,7.614020270270272,0.658783783783784,0.0,0.4087,0.01232,0.0,0.0,0.0,0.0,0.0,0.0,0.0,0.0,0.0,0.0,0.036466774716369534,7.086709886547801,22.269043760129666,0.6077795786061589,0.0,0.0,0.0,0.0,0.0,0.0,0.0,0.0,0.0,0.0,0.0,0.0,0.0,0.0,0.0,0.0,0.4084,0.012375,0.0,0.0,0.0,0.0,0.0,0.0,0.0,0.0,0.0,0.0,0.0,7.6140202702702595,21.75253378378379,0.633445945945946,0.0,0.0,0.0,0.0,0.0,0.0,0.0,0.0,0.0,0.0,0.0,0.0,0.0,0.0,0.0,0.0
94400,4905,2489,0.5074413863404689,1168,989,0.4397553516819572,1405,0.5728848114169215,0.38599999999999995,2.8981788079470197,2.9762409056211525,6.222381635581062,2.0630418844637055,8288.15499655262,428.74503358737667,7853.0,8731.0972450912,8710.547311406426,5.6462866154706965,7853.0,0.0,28.198572884811416,20.920229005760294,32.956155143338954,19.2181433051517,0.1343527013251784,0.10234454638124363,0.09051987767584098,0.0854230377166157,0.08501529051987768,0.07543323139653414,0.0691131498470948,0.06258919469928645,0.05321100917431193,0.053007135575942915,0.04892966360856269,0.04525993883792049,0.032823649337410804,0.026503567787971458,0.01834862385321101,0.010397553516819572,0.00672782874617737,0.888110794678376,0.022354311158691947,0.0,0.0,0.0,0.0,0.0,0.0,0.0,0.0,0.0,0.0,0.0,0.0,0.0,0.0,0.0,0.0,0.0,0.0,0.0,0.0,0.0,0.0,0.0,0.006116207951070317,0.19571865443425082,4.966360856269114,15.639143730886854,8.550458715596331,0.6422018348623855,0.0,4.179446888749214,2.748437406836357,nan,nan,nan,4.17548226509023,2.6749330753940948,4.184243964421855,2.8221948043222715,1.0020983682303906,0.4082,0.01223,0.0,0.0,0.0,0.0,0.0,0.0,0.0,0.0,0.0,0.0,0.006116207951070338,7.522935779816503,21.987767584097867,0.4831804281345567,0.0,0.0,0.0,0.0,0.0,0.0,0.0,0.0,0.0,0.0,0.0,0.0,0.0,0.0,0.0,0.0,nan,nan,4.179446888749214,2.748437406836357,nan,0.4082,0.0606,0.0,0.0,0.0,0.0,0.0,0.0,0.0,0.0,0.0,0.0,0.0,0.0,0.0,0.0,0.0,0.0,0.0,0.0,0.0,1.019367991845056e-05,5.0968399592252805e-05,0.0,3.0581039755351684e-05,0.002691131498470948,0.003404689092762487,0.0010703363914373089,0.006880733944954129,0.00855249745158002,0.007196738022426096,0.02854230377166157,0.016462793068297656,0.007716615698267075,0.02706422018348624,0.01783893985728848,0.02239551478083588,0.02634046890927625,0.028858307849133537,0.0591335372069317,0.04399592252803262,0.06005096839959225,0.11063200815494394,0.05527013251783894,0.08070336391437309,0.06770642201834863,0.06258919469928645,0.04850152905198777,0.05796126401630989,0.01235474006116208,0.040071355759429154,0.02454638124362895,0.012619775739041795,0.023323139653414884,0.005035677879714577,0.012905198776758409,0.012558613659531091,0.0007033639143730887,0.0035474006116207953,0.0,0.0006320081549439347,2.038735983690112e-05,3.0581039755351684e-05,0.0,0.0,0.0,0.0,0.0,0.0,0.0,0.0,0.0,0.0,0.0,0.0,0.0,0.0,0.0,0.0,0.0,0.0,0.0,0.0,0.0,0.0,0.0,0.0,0.0,0.0,0.0,0.0,0.0,0.0,0.0,0.0,0.0,0.0,0.0,0.0,0.0,0.0,0.0,0.0,nan,nan,4.179446888749214,2.748437406836357,nan,0.8879630907609694,0.022227954564962286,0.0,0.0,0.0,0.0,0.0,0.0,0.0,0.0,0.0,0.0,0.0,0.0,0.0,0.0,0.0,0.0,0.0,0.0,0.0,0.0,0.0,0.0,0.0,0.0,0.2290076335877863,4.7488951386098845,15.982322217758139,8.340699075934111,0.6990759341100845,0.0,0.8882629615038831,0.022482728272890863,0.0,0.0,0.0,0.0,0.0,0.0,0.0,0.0,0.0,0.0,0.0,0.0,0.0,0.0,0.0,0.0,0.0,0.0,0.0,0.0,0.0,0.0,0.0,0.012417218543046319,0.1614238410596027,5.190397350993379,15.285596026490069,8.76655629139073,0.5836092715231789,0.0,0.4084,0.01224,0.0,0.0,0.0,0.0,0.0,0.0,0.0,0.0,0.0,0.0,0.0,7.484933708316583,22.05705102450784,0.4580152671755726,0.0,0.0,0.0,0.0,0.0,0.0,0.0,0.0,0.0,0.0,0.0,0.0,0.0,0.0,0.0,0.0,0.4082,0.012215,0.0,0.0,0.0,0.0,0.0,0.0,0.0,0.0,0.0,0.0,0.01241721854304636,7.562086092715221,21.916390728476827,0.5091059602649007,0.0,0.0,0.0,0.0,0.0,0.0,0.0,0.0,0.0,0.0,0.0,0.0,0.0,0.0,0.0,0.0
94500,4618,2359,0.510827197921178,1108,947,0.44499783456041575,1295,0.5608488523170203,0.422,2.924745462594068,3.0950135343191727,6.616144975288303,2.071840612664725,8291.0168863866,428.6513094123384,7853.0,8730.012361907959,8710.465867457957,5.632908783395299,7853.0,0.0,27.64833261152014,20.947028884563927,32.702408702408704,19.19341613406486,0.14465136422693806,0.10155911650064964,0.09116500649631876,0.08596795149415332,0.08250324815937635,0.07600692940666956,0.07189259419662192,0.06236466002598527,0.056301429190125596,0.051104374187960155,0.0422260718925942,0.03659592897358164,0.033780857514075356,0.0259852750108272,0.019055868341273277,0.012126461671719359,0.0067128627111303595,0.8882591721039925,0.02243740710972637,0.0,0.0,0.0,0.0,0.0,0.0,0.0,0.0,0.0,0.0,0.0,0.0,0.0,0.0,0.0,0.0,0.0,0.0,0.0,0.0,0.0,0.0,0.0,0.0,0.24036379385015164,4.846253789519273,15.721091381550458,8.484192291035082,0.7080987440450414,0.0,4.2919633774160735,2.854895881775105,nan,nan,nan,4.271418779986292,2.8829719362394473,4.3120805369127515,2.826989119796306,1.0095194966873724,0.408,0.01265,0.0,0.0,0.0,0.0,0.0,0.0,0.0,0.0,0.0,0.0,0.006496318752706801,7.808575140753562,21.496318752706806,0.688609787786921,0.0,0.0,0.0,0.0,0.0,0.0,0.0,0.0,0.0,0.0,0.0,0.0,0.0,0.0,0.0,0.0,nan,nan,4.2919633774160735,2.854895881775105,nan,0.408,0.06094,0.0,0.0,0.0,0.0,0.0,0.0,0.0,0.0,0.0,0.0,0.0,0.0,0.0,0.0,0.0,0.0,0.0,0.0,0.0,0.0,8.661758336942399e-05,0.0,4.3308791684711995e-05,0.002912516240796882,0.003020788220008662,0.001364226938068428,0.006593763533997402,0.00839107838891295,0.007091814638371589,0.03155045474231269,0.01628410567345171,0.008315288003464703,0.02776093546990039,0.01797314854915548,0.021892594196621915,0.024935036812472933,0.028443048938934602,0.057449112169770465,0.04608055435253357,0.061162841056734515,0.11014508445214378,0.05940883499350368,0.07975313988739714,0.06320918146383715,0.06316587267215244,0.04771546123863144,0.05621481160675617,0.013772195755738416,0.03948679081853616,0.02483759203118233,0.011227804244261586,0.023072758770030316,0.005251190991771329,0.013295799047206583,0.012451277609354699,0.0007687310524036379,0.0041251624079688175,0.0,0.0006929406669553919,1.0827197921177999e-05,4.3308791684711995e-05,0.0,0.0,0.0,0.0,0.0,0.0,0.0,0.0,0.0,0.0,0.0,0.0,0.0,0.0,0.0,0.0,0.0,0.0,0.0,0.0,0.0,0.0,0.0,0.0,0.0,0.0,0.0,0.0,0.0,0.0,0.0,0.0,0.0,0.0,0.0,0.0,0.0,0.0,0.0,0.0,nan,nan,4.2919633774160735,2.854895881775105,nan,0.8882994863278485,0.022533338723527356,0.0,0.0,0.0,0.0,0.0,0.0,0.0,0.0,0.0,0.0,0.0,0.0,0.0,0.0,0.0,0.0,0.0,0.0,0.0,0.0,0.0,0.0,0.0,0.0,0.24162780839338707,4.921576939381095,15.565917761763462,8.507842306061892,0.7630351844001697,0.0,0.8882170732752735,0.022336711429676918,0.0,0.0,0.0,0.0,0.0,0.0,0.0,0.0,0.0,0.0,0.0,0.0,0.0,0.0,0.0,0.0,0.0,0.0,0.0,0.0,0.0,0.0,0.0,0.0,0.23904382470119526,4.767596281540506,15.883134130146086,8.459495351925632,0.6507304116865871,0.0,0.4077,0.012695,0.0,0.0,0.0,0.0,0.0,0.0,0.0,0.0,0.0,0.0,0.012717253073336163,8.088172954641784,21.21237812632472,0.6867316659601528,0.0,0.0,0.0,0.0,0.0,0.0,0.0,0.0,0.0,0.0,0.0,0.0,0.0,0.0,0.0,0.0,0.4082,0.012596,0.0,0.0,0.0,0.0,0.0,0.0,0.0,0.0,0.0,0.0,0.0,7.5166002656042386,21.79282868525897,0.6905710491367864,0.0,0.0,0.0,0.0,0.0,0.0,0.0,0.0,0.0,0.0,0.0,0.0,0.0,0.0,0.0,0.0
94600,4687,2422,0.516748453168338,1144,948,0.44634094303392363,1286,0.548751866865799,0.422,2.9399558498896248,3.083949332578194,6.449838187702265,2.2715864834538677,8295.993314268064,428.4142089786976,7853.0,8729.348623001575,8710.27071179786,5.670717100691993,7853.0,0.0,27.771922338382762,20.79467313428186,32.70963640986524,19.05639792167758,0.13974823981224663,0.10411777256240666,0.09088969490078942,0.08555579261787924,0.07958182206101984,0.0753147002346917,0.07126093449967996,0.06358011521228932,0.061233198207808835,0.0512054619159377,0.042884574354597825,0.04117772562406657,0.03371026242799232,0.024322594410070408,0.019415404309793046,0.009174311926605505,0.006827394922125027,0.8880952319052012,0.022288686081886357,0.0,0.0,0.0,0.0,0.0,0.0,0.0,0.0,0.0,0.0,0.0,0.0,0.0,0.0,0.0,0.0,0.0,0.0,0.0,0.0,0.0,0.0,0.0,0.0,0.2880307232771496,4.557286110518456,16.31534030296565,8.180072541071048,0.6592703221676981,0.0,4.229409803267756,2.8767134914611465,nan,nan,nan,4.218852999340804,2.8745858438009675,4.239702903443619,2.8797537066077035,1.0049420788318704,0.4077,0.01306,0.0,0.0,0.0,0.0,0.0,0.0,0.0,0.0,0.0,0.0,0.01920204821847664,8.333688926818848,20.834222317047153,0.8128867079155112,0.0,0.0,0.0,0.0,0.0,0.0,0.0,0.0,0.0,0.0,0.0,0.0,0.0,0.0,0.0,0.0,nan,nan,4.229409803267756,2.8767134914611465,nan,0.4077,0.06064,0.0,0.0,0.0,0.0,0.0,0.0,0.0,0.0,0.0,0.0,0.0,0.0,0.0,0.0,0.0,0.0,0.0,0.0,0.0,0.0,2.1335609131640708e-05,1.0667804565820354e-05,5.3339022829101774e-05,0.0027309579688500106,0.00360571794324728,0.0009494346063580115,0.005493919351397482,0.008246212929379134,0.007915510987838702,0.03014721570300832,0.016641775122679753,0.007734158310219757,0.02919778109665031,0.017324514614892254,0.022989118839342862,0.026029443140601665,0.02917644548751867,0.05692340516321741,0.04978664390868359,0.05947301045444847,0.11041177725624067,0.062054619159377,0.07866439086835929,0.06312139961595904,0.06002773629187113,0.046191593770002135,0.054704501813526776,0.01505227224237252,0.03962022615745679,0.02563473437166631,0.012001280136547898,0.02224237251973544,0.004992532536803926,0.013196074247919779,0.012395988905483251,0.000661403883080862,0.003797738425432046,1.0667804565820354e-05,0.000693407296778323,0.0,7.467463196074248e-05,0.0,0.0,0.0,0.0,0.0,0.0,0.0,0.0,0.0,0.0,0.0,0.0,0.0,0.0,0.0,0.0,0.0,0.0,0.0,0.0,0.0,0.0,0.0,0.0,0.0,0.0,0.0,0.0,0.0,0.0,0.0,0.0,0.0,0.0,0.0,0.0,0.0,0.0,0.0,0.0,nan,nan,4.229409803267756,2.8767134914611465,nan,0.8876801505992473,0.022510958371331206,0.0,0.0,0.0,0.0,0.0,0.0,0.0,0.0,0.0,0.0,0.0,0.0,0.0,0.0,0.0,0.0,0.0,0.0,0.0,0.0,0.0,0.0,0.0,0.0,0.2601156069364162,4.830718414533444,16.226259289843107,8.001651527663089,0.6812551610239473,0.0,0.888539084851347,0.022039880698074048,0.0,0.0,0.0,0.0,0.0,0.0,0.0,0.0,0.0,0.0,0.0,0.0,0.0,0.0,0.0,0.0,0.0,0.0,0.0,0.0,0.0,0.0,0.0,0.0,0.3178807947019868,4.264900662251656,16.41059602649007,8.37086092715232,0.6357615894039736,0.0,0.4075,0.013115,0.0,0.0,0.0,0.0,0.0,0.0,0.0,0.0,0.0,0.0,0.03715937241948803,8.472336911643257,20.747316267547486,0.7431874483897607,0.0,0.0,0.0,0.0,0.0,0.0,0.0,0.0,0.0,0.0,0.0,0.0,0.0,0.0,0.0,0.0,0.408,0.01299,0.0,0.0,0.0,0.0,0.0,0.0,0.0,0.0,0.0,0.0,0.0,8.185430463576148,20.927152317880797,0.8874172185430466,0.0,0.0,0.0,0.0,0.0,0.0,0.0,0.0,0.0,0.0,0.0,0.0,0.0,0.0,0.0,0.0
94700,4810,2419,0.5029106029106029,1117,1017,0.4436590436590437,1387,0.5767151767151767,0.418,3.028858218318695,3.136315317299223,6.701649175412294,2.042145220181565,8284.155596460914,428.67229456262424,7853.0,8727.95669093132,8710.320553525009,5.7330977639953975,7853.0,0.0,28.066320166320168,21.086722447782186,33.2713216957606,19.231629197620418,0.14677754677754679,0.09417879417879418,0.09251559251559252,0.083991683991684,0.0841995841995842,0.07234927234927235,0.06403326403326404,0.06735966735966736,0.057380457380457384,0.049272349272349275,0.0446985446985447,0.041164241164241167,0.04095634095634096,0.024324324324324326,0.01975051975051975,0.011434511434511435,0.005613305613305614,0.8876481622147708,0.02236468829582651,0.0,0.0,0.0,0.0,0.0,0.0,0.0,0.0,0.0,0.0,0.0,0.0,0.0,0.0,0.0,0.0,0.0,0.0,0.0,0.0,0.0,0.0,0.0,0.0,0.2307692307692308,4.93970893970894,16.141372141372145,7.977130977130979,0.7110187110187112,0.0,4.378378378378378,2.895489048468803,nan,nan,nan,4.431626701231368,2.881605980111495,4.325878594249201,2.908157735847653,0.9761378576961857,0.4075,0.01261,0.0,0.0,0.0,0.0,0.0,0.0,0.0,0.0,0.0,0.0,0.024948024948024953,8.264033264033252,21.087318087318092,0.6237006237006238,0.0,0.0,0.0,0.0,0.0,0.0,0.0,0.0,0.0,0.0,0.0,0.0,0.0,0.0,0.0,0.0,nan,nan,4.378378378378378,2.895489048468803,nan,0.4075,0.06085,0.0,0.0,0.0,0.0,0.0,0.0,0.0,0.0,0.0,0.0,0.0,0.0,0.0,0.0,0.0,0.0,0.0,0.0,0.0,0.0,0.0,4.158004158004158e-05,0.0,0.002162162162162162,0.0041683991683991685,0.0006029106029106029,0.004854469854469854,0.008378378378378378,0.009002079002079002,0.029334719334719334,0.016642411642411644,0.007858627858627858,0.030093555093555095,0.01873180873180873,0.024126819126819125,0.025873180873180874,0.030332640332640333,0.055301455301455305,0.050883575883575886,0.06264033264033264,0.1103950103950104,0.05944906444906445,0.07639293139293139,0.059948024948024946,0.05846153846153846,0.04597713097713098,0.056434511434511433,0.014553014553014554,0.03826403326403326,0.028908523908523907,0.012037422037422037,0.021392931392931393,0.005446985446985447,0.014012474012474012,0.012307692307692308,0.0002390852390852391,0.0037525987525987526,0.0,0.0009147609147609147,0.0,8.316008316008316e-05,0.0,0.0,0.0,0.0,0.0,0.0,0.0,0.0,0.0,0.0,0.0,0.0,0.0,0.0,0.0,0.0,0.0,0.0,0.0,0.0,0.0,0.0,0.0,0.0,0.0,0.0,0.0,0.0,0.0,0.0,0.0,0.0,0.0,0.0,0.0,0.0,0.0,0.0,0.0,0.0,nan,nan,4.378378378378378,2.895489048468803,nan,0.8877044564783696,0.0225685018796765,0.0,0.0,0.0,0.0,0.0,0.0,0.0,0.0,0.0,0.0,0.0,0.0,0.0,0.0,0.0,0.0,0.0,0.0,0.0,0.0,0.0,0.0,0.0,0.0,0.2356345597354279,5.010334849111204,15.948739148408436,8.036378668871436,0.7689127738735017,0.0,0.8875912087126189,0.022156434567621355,0.0,0.0,0.0,0.0,0.0,0.0,0.0,0.0,0.0,0.0,0.0,0.0,0.0,0.0,0.0,0.0,0.0,0.0,0.0,0.0,0.0,0.0,0.0,0.0,0.22584692597239653,4.868255959849436,16.336260978670015,7.91718946047679,0.6524466750313678,0.0,0.4077,0.01248,0.0,0.0,0.0,0.0,0.0,0.0,0.0,0.0,0.0,0.0,0.03720545680033072,8.185200496072746,21.169904919388184,0.6076891277387351,0.0,0.0,0.0,0.0,0.0,0.0,0.0,0.0,0.0,0.0,0.0,0.0,0.0,0.0,0.0,0.0,0.4075,0.01274,0.0,0.0,0.0,0.0,0.0,0.0,0.0,0.0,0.0,0.0,0.012547051442910918,8.343789209535746,21.00376411543288,0.6398996235884568,0.0,0.0,0.0,0.0,0.0,0.0,0.0,0.0,0.0,0.0,0.0,0.0,0.0,0.0,0.0,0.0
94800,4935,2522,0.5110435663627153,1236,999,0.45288753799392095,1440,0.5835866261398176,0.3339999999999999,2.8470783257355987,2.9522075090024935,6.2,2.0591260281974,8291.2031389184,428.6479134185744,7853.0,8731.85716369152,8710.467284124625,5.624908673721061,7853.0,0.0,29.059574468085106,20.883148071475087,33.59919507575758,19.129371883840797,0.12482269503546099,0.09969604863221884,0.09078014184397164,0.07922998986828773,0.07963525835866261,0.07092198581560284,0.07436676798378926,0.06342451874366768,0.06504559270516717,0.0585612968591692,0.052279635258358666,0.042958459979736574,0.03768996960486322,0.02634245187436677,0.017223910840932118,0.009523809523809525,0.007497467071935157,0.888117339449209,0.022083021464305436,0.0,0.0,0.0,0.0,0.0,0.0,0.0,0.0,0.0,0.0,0.0,0.0,0.0,0.0,0.0,0.0,0.0,0.0,0.0,0.0,0.0,0.0,0.0,0.006079027355623081,0.18844984802431616,4.869300911854104,16.066869300911858,8.303951367781156,0.5592705167173253,0.006079027355623102,4.133495885400793,2.8132750577398586,nan,nan,nan,4.204294478527608,2.852721221442805,4.0635978195033315,2.7720070625863418,0.9665350132482752,0.408,0.01281,0.0,0.0,0.0,0.0,0.0,0.0,0.0,0.0,0.0,0.0,0.006079027355623102,8.188449848024304,21.04559270516718,0.7598784194528877,0.0,0.0,0.0,0.0,0.0,0.0,0.0,0.0,0.0,0.0,0.0,0.0,0.0,0.0,0.0,0.0,nan,nan,4.133495885400793,2.8132750577398586,nan,0.408,0.06085,0.0,0.0,0.0,0.0,0.0,0.0,0.0,0.0,0.0,0.0,0.0,0.0,0.0,0.0,0.0,0.0,0.0,0.0,0.0,1.0131712259371834e-05,0.0,3.0395136778115502e-05,0.0,0.0019148936170212765,0.0045390070921985815,0.0008611955420466059,0.005481256332320162,0.007315096251266464,0.008733535967578521,0.028601823708206686,0.015339412360688956,0.008156028368794326,0.03130699088145897,0.019148936170212766,0.02276595744680851,0.026312056737588654,0.028419452887537992,0.05583586626139818,0.052239108409321174,0.061691995947315094,0.10840932117527863,0.059422492401215804,0.08,0.05802431610942249,0.05982776089159068,0.044944275582573454,0.056271529888551164,0.015724417426545085,0.03877406281661601,0.030820668693009118,0.011418439716312057,0.01982776089159068,0.00624113475177305,0.01397163120567376,0.011641337386018236,0.0004457953394123607,0.004457953394123607,0.0,0.0010030395136778115,1.0131712259371834e-05,6.0790273556231004e-05,0.0,0.0,0.0,0.0,0.0,0.0,0.0,0.0,0.0,0.0,0.0,0.0,0.0,0.0,0.0,0.0,0.0,0.0,0.0,0.0,0.0,0.0,0.0,0.0,0.0,0.0,0.0,0.0,0.0,0.0,0.0,0.0,0.0,0.0,0.0,0.0,0.0,0.0,0.0,0.0,nan,nan,4.133495885400793,2.8132750577398586,nan,0.8880762680951421,0.02194956630757382,0.0,0.0,0.0,0.0,0.0,0.0,0.0,0.0,0.0,0.0,0.0,0.0,0.0,0.0,0.0,0.0,0.0,0.0,0.0,0.0,0.0,0.0,0.0,0.011895321173671652,0.17842981760507537,4.936558287073752,15.892149088025379,8.50515463917526,0.47581284694686765,0.0,0.8881602660778692,0.022221567332430643,0.0,0.0,0.0,0.0,0.0,0.0,0.0,0.0,0.0,0.0,0.0,0.0,0.0,0.0,0.0,0.0,0.0,0.0,0.0,0.0,0.0,0.0,0.0,0.0,0.19892250310816414,4.79900538748446,16.24948197264816,8.093659345213428,0.6464981351015335,0.012432656444260259,0.408,0.01301,0.0,0.0,0.0,0.0,0.0,0.0,0.0,0.0,0.0,0.0,0.011895321173671692,8.362410785091186,20.876288659793822,0.7494052339413166,0.0,0.0,0.0,0.0,0.0,0.0,0.0,0.0,0.0,0.0,0.0,0.0,0.0,0.0,0.0,0.0,0.408,0.012596,0.0,0.0,0.0,0.0,0.0,0.0,0.0,0.0,0.0,0.0,0.0,8.006630750103593,21.222544550352264,0.7708246995441361,0.0,0.0,0.0,0.0,0.0,0.0,0.0,0.0,0.0,0.0,0.0,0.0,0.0,0.0,0.0,0.0
94900,4169,2170,0.5205085152314703,993,846,0.4411129767330295,1160,0.5564883665147518,0.43,3.010005002501251,3.110263142948548,6.583928571428571,2.153093852518998,8299.271842872977,428.34670703152415,7853.0,8731.810743951797,8710.376641906654,5.614048128008894,7853.0,0.0,27.655552890381387,20.93610064874382,32.720977011494256,19.215326054149788,0.1441592708083473,0.10362197169585033,0.09690573278963781,0.08083473254977212,0.08347325497721277,0.07387862796833773,0.06668265771168146,0.06092588150635644,0.06068601583113457,0.049892060446150154,0.04365555289038139,0.03837850803550012,0.03645958263372511,0.026864955624850084,0.01703046294075318,0.009354761333653155,0.007195970256656272,0.8876864216430035,0.021644167962512943,0.0,0.0,0.0,0.0,0.0,0.0,0.0,0.0,0.0,0.0,0.0,0.0,0.0,0.0,0.0,0.0,0.0,0.0,0.0,0.0,0.0,0.0,0.0,0.0,0.16550731590309428,4.88606380426961,16.507555768769492,7.944351163348527,0.49652194770928293,0.0,4.334586466165414,2.889715887712239,nan,nan,nan,4.344486692015209,2.8994489483685553,4.324907063197026,2.8801352216013187,0.9954932238935915,0.4087,0.01279,0.0,0.0,0.0,0.0,0.0,0.0,0.0,0.0,0.0,0.0,0.014391940513312548,7.6996881746222,21.479971216118976,0.8059486687455027,0.0,0.0,0.0,0.0,0.0,0.0,0.0,0.0,0.0,0.0,0.0,0.0,0.0,0.0,0.0,0.0,nan,nan,4.334586466165414,2.889715887712239,nan,0.4087,0.0612,0.0,0.0,0.0,0.0,0.0,0.0,0.0,0.0,0.0,0.0,0.0,0.0,0.0,0.0,0.0,0.0,0.0,0.0,0.0,0.0,0.0,0.00011993283761093787,0.0,0.001295274646198129,0.0058527224754137686,0.0009474694171264092,0.005277044854881266,0.007591748620772367,0.009294794914847686,0.029311585512113218,0.01424802110817942,0.008815063564403933,0.029539457903574,0.017426241304869274,0.023039098105061166,0.027032861597505398,0.027080834732549772,0.05569680978651955,0.05059966418805469,0.06160949868073878,0.10339409930438954,0.05905492923962581,0.08227392660110339,0.057675701607100026,0.061417606140561284,0.043895418565603264,0.058563204605420964,0.01677860398177021,0.04100503717917966,0.031278484048932596,0.012377068841448789,0.018817462221156152,0.00652434636603502,0.015159510674022547,0.011513552410650036,0.00035979851283281364,0.004173662748860638,0.0,0.0008755097145598465,0.0,8.395298632765651e-05,0.0,0.0,0.0,0.0,0.0,0.0,0.0,0.0,0.0,0.0,0.0,0.0,0.0,0.0,0.0,0.0,0.0,0.0,0.0,0.0,0.0,0.0,0.0,0.0,0.0,0.0,0.0,0.0,0.0,0.0,0.0,0.0,0.0,0.0,0.0,0.0,0.0,0.0,0.0,0.0,nan,nan,4.334586466165414,2.889715887712239,nan,0.8871177260776819,0.02139985122345709,0.0,0.0,0.0,0.0,0.0,0.0,0.0,0.0,0.0,0.0,0.0,0.0,0.0,0.0,0.0,0.0,0.0,0.0,0.0,0.0,0.0,0.0,0.0,0.0,0.17972350230414752,5.03225806451613,16.700460829493093,7.686635944700463,0.4009216589861752,0.0,0.8883037650030574,0.021889581717083894,0.0,0.0,0.0,0.0,0.0,0.0,0.0,0.0,0.0,0.0,0.0,0.0,0.0,0.0,0.0,0.0,0.0,0.0,0.0,0.0,0.0,0.0,0.0,0.0,0.15007503751875942,4.727363681840921,16.29814907453727,8.224112056028016,0.6003001500750377,0.0,0.4084,0.01299,0.0,0.0,0.0,0.0,0.0,0.0,0.0,0.0,0.0,0.0,0.01382488479262673,7.741935483870956,21.414746543778804,0.8294930875576039,0.0,0.0,0.0,0.0,0.0,0.0,0.0,0.0,0.0,0.0,0.0,0.0,0.0,0.0,0.0,0.0,0.4087,0.01255,0.0,0.0,0.0,0.0,0.0,0.0,0.0,0.0,0.0,0.0,0.015007503751875942,7.653826913456718,21.55077538769385,0.780390195097549,0.0,0.0,0.0,0.0,0.0,0.0,0.0,0.0,0.0,0.0,0.0,0.0,0.0,0.0,0.0,0.0
95000,4255,2297,0.5398354876615746,1075,822,0.44582843713278497,1129,0.5306698002350176,0.426,3.034729315628192,3.1372777936148935,6.761467889908257,2.1111285845123433,8315.834529407755,427.3389895642317,7853.0,8729.120485031604,8710.362177897256,5.70880352010699,7853.0,0.0,28.05334900117509,20.855999425847134,32.97735532569192,19.095548383552636,0.13607520564042302,0.10646298472385429,0.09165687426556991,0.08390129259694477,0.07943595769682726,0.07215041128084607,0.06862514688601645,0.06792009400705053,0.05734430082256169,0.04700352526439483,0.04935370152761457,0.04676850763807285,0.03572267920094007,0.02890716803760282,0.01245593419506463,0.009400705052878966,0.006815511163337251,0.8877426942142841,0.022071858197604294,0.0,0.0,0.0,0.0,0.0,0.0,0.0,0.0,0.0,0.0,0.0,0.0,0.0,0.0,0.0,0.0,0.0,0.0,0.0,0.0,0.0,0.0,0.0,0.0,0.21856639247943602,4.900117508813162,16.307873090481788,7.967097532314925,0.5992949471210341,0.007050528789659226,4.108333333333333,2.9334779485102893,nan,nan,nan,4.099046221570066,2.962919377906958,4.1203438395415475,2.9033848237501974,1.0051957496501038,0.408,0.01276,0.0,0.0,0.0,0.0,0.0,0.0,0.0,0.0,0.0,0.0,0.007050528789659226,8.291421856639236,21.010575793184493,0.690951821386604,0.0,0.0,0.0,0.0,0.0,0.0,0.0,0.0,0.0,0.0,0.0,0.0,0.0,0.0,0.0,0.0,nan,nan,4.108333333333333,2.9334779485102893,nan,0.408,0.06134,0.0,0.0,0.0,0.0,0.0,0.0,0.0,0.0,0.0,0.0,0.0,0.0,0.0,0.0,0.0,0.0,0.0,0.0,0.0,0.0,0.0,0.0002702702702702703,0.0,0.0017743830787309049,0.006145710928319624,0.0007285546415981199,0.005734430082256169,0.007297297297297297,0.010916568742655699,0.029036427732079907,0.01464159811985899,0.008777908343125734,0.028072855464159812,0.018848413631022326,0.022867215041128083,0.028296122209165688,0.027767332549941244,0.05681551116333725,0.050493537015276146,0.06310223266745006,0.10126909518213865,0.05799059929494712,0.08323149236192715,0.05406580493537015,0.062479435957696824,0.04615746180963572,0.05674500587544066,0.015887191539365454,0.04126909518213866,0.029870740305522916,0.012408930669800235,0.01991774383078731,0.005722679200940071,0.0163689776733255,0.010387779083431258,0.00022326674500587545,0.0036075205640423032,5.8754406580493536e-05,0.0007520564042303173,0.0,0.0,0.0,0.0,0.0,0.0,0.0,0.0,0.0,0.0,0.0,0.0,0.0,0.0,0.0,0.0,0.0,0.0,0.0,0.0,0.0,0.0,0.0,0.0,0.0,0.0,0.0,0.0,0.0,0.0,0.0,0.0,0.0,0.0,0.0,0.0,0.0,0.0,0.0,0.0,0.0,0.0,nan,nan,4.108333333333333,2.9334779485102893,nan,0.887895186880541,0.021932151247243774,0.0,0.0,0.0,0.0,0.0,0.0,0.0,0.0,0.0,0.0,0.0,0.0,0.0,0.0,0.0,0.0,0.0,0.0,0.0,0.0,0.0,0.0,0.0,0.0,0.16978667827601224,4.897692642577275,16.37788419677841,7.9016107966913385,0.6530256856769701,0.0,0.887563799600192,0.02223330133490394,0.0,0.0,0.0,0.0,0.0,0.0,0.0,0.0,0.0,0.0,0.0,0.0,0.0,0.0,0.0,0.0,0.0,0.0,0.0,0.0,0.0,0.0,0.0,0.0,0.2757916241062309,4.902962206332994,16.22574055158325,8.043922369765069,0.5362614913176712,0.015321756894790607,0.4077,0.012505,0.0,0.0,0.0,0.0,0.0,0.0,0.0,0.0,0.0,0.0,0.013060513713539402,8.162821070962114,21.262516325642146,0.5616020896821943,0.0,0.0,0.0,0.0,0.0,0.0,0.0,0.0,0.0,0.0,0.0,0.0,0.0,0.0,0.0,0.0,0.408,0.01305,0.0,0.0,0.0,0.0,0.0,0.0,0.0,0.0,0.0,0.0,0.0,8.442288049029608,20.715015321756898,0.8426966292134834,0.0,0.0,0.0,0.0,0.0,0.0,0.0,0.0,0.0,0.0,0.0,0.0,0.0,0.0,0.0,0.0
95100,4397,2282,0.5189902206049579,1018,894,0.4348419376847851,1219,0.5544689561064362,0.434,2.985342789598109,3.1888210191894384,6.735652173913043,2.3656303987235283,8298.026584564566,428.4533724024421,7853.0,8730.17327311039,8710.485491818752,5.742361422771828,7853.0,0.0,27.384125540141007,20.86028014403627,32.4537517053206,19.158749534922595,0.14760063679781668,0.10029565612917898,0.09460996133727541,0.0871048442119627,0.08733227200363884,0.07414146008642256,0.068455765294519,0.05753923129406414,0.055037525585626565,0.05162610871048442,0.042983852626791,0.04002729133500114,0.03365931316806914,0.027973618376165566,0.015010234250625426,0.009551967250397999,0.007050261541960427,0.8874081993254852,0.022132826372470812,0.0,0.0,0.0,0.0,0.0,0.0,0.0,0.0,0.0,0.0,0.0,0.0,0.0,0.0,0.0,0.0,0.0,0.0,0.0,0.0,0.0,0.0,0.0,0.0,0.26609051626108715,4.864680463952696,16.52490334318854,7.812144644075508,0.5321810325221743,0.0,4.401517889410914,2.9624144535500547,nan,nan,nan,4.493553008595988,2.996289727742781,4.305839416058395,2.9247063967276294,0.9582260202164067,0.4077,0.012985,0.0,0.0,0.0,0.0,0.0,0.0,0.0,0.0,0.0,0.0,0.013645667500568573,8.364794177848522,20.96656811462361,0.6549920400272914,0.0,0.0,0.0,0.0,0.0,0.0,0.0,0.0,0.0,0.0,0.0,0.0,0.0,0.0,0.0,0.0,nan,nan,4.401517889410914,2.9624144535500547,nan,0.4077,0.0614,0.0,0.0,0.0,0.0,0.0,0.0,0.0,0.0,0.0,0.0,0.0,0.0,0.0,0.0,0.0,0.0,0.0,0.0,0.0,0.0,1.1371389583807141e-05,0.00028428473959517855,0.0,0.002012735956333864,0.006140550375255857,0.0005913122583579714,0.006231521491926313,0.007243575164885149,0.00962019558790084,0.030043211280418466,0.013350011371389584,0.011030247896292927,0.029201728451216737,0.016261087104844214,0.023675233113486467,0.028496702297020695,0.02858767341369115,0.05531043893563793,0.04887423243120309,0.06371389583807141,0.09733909483738913,0.05836934273368206,0.08647941778485331,0.056697748464862405,0.06189447350466227,0.04814646349783944,0.05627700705026154,0.013725267227655219,0.04182397088924267,0.029269956788719582,0.011917216283829885,0.019820332044575846,0.0059244939731635205,0.01602228792358426,0.011269047077552876,5.6856947919035704e-05,0.0035023879918125995,2.2742779167614282e-05,0.0007618831021150784,0.0,0.0,0.0,0.0,0.0,0.0,0.0,0.0,0.0,0.0,0.0,0.0,0.0,0.0,0.0,0.0,0.0,0.0,0.0,0.0,0.0,0.0,0.0,0.0,0.0,0.0,0.0,0.0,0.0,0.0,0.0,0.0,0.0,0.0,0.0,0.0,0.0,0.0,0.0,0.0,0.0,0.0,nan,nan,4.401517889410914,2.9624144535500547,nan,0.8881580504171688,0.02231909489084754,0.0,0.0,0.0,0.0,0.0,0.0,0.0,0.0,0.0,0.0,0.0,0.0,0.0,0.0,0.0,0.0,0.0,0.0,0.0,0.0,0.0,0.0,0.0,0.0,0.24978089395267314,4.574934268185802,16.327782646801055,8.216476774758984,0.63102541630149,0.0,0.8865991401334181,0.02190130069892512,0.0,0.0,0.0,0.0,0.0,0.0,0.0,0.0,0.0,0.0,0.0,0.0,0.0,0.0,0.0,0.0,0.0,0.0,0.0,0.0,0.0,0.0,0.0,0.0,0.2836879432624114,5.177304964539008,16.737588652482273,7.375886524822697,0.42553191489361714,0.0,0.408,0.0131,0.0,0.0,0.0,0.0,0.0,0.0,0.0,0.0,0.0,0.0,0.013146362839614376,8.321647677475886,20.98159509202454,0.6836108676599476,0.0,0.0,0.0,0.0,0.0,0.0,0.0,0.0,0.0,0.0,0.0,0.0,0.0,0.0,0.0,0.0,0.4077,0.012856,0.0,0.0,0.0,0.0,0.0,0.0,0.0,0.0,0.0,0.0,0.01418439716312057,8.411347517730485,20.950354609929082,0.6241134751773051,0.0,0.0,0.0,0.0,0.0,0.0,0.0,0.0,0.0,0.0,0.0,0.0,0.0,0.0,0.0,0.0
95200,4595,2403,0.5229597388465723,1131,916,0.4454842219804135,1281,0.5575625680087051,0.422,3.053832116788321,3.1664331958047147,6.500770416024653,2.37158630339287,8301.463808766637,428.3410167422432,7853.0,8729.723360741138,8710.549397121385,5.521864461483851,7853.0,0.0,28.442002176278564,21.097582973126062,33.435187580853814,19.27781513555873,0.13732317736670294,0.1016322089227421,0.08487486398258977,0.08574537540805223,0.08161044613710555,0.07290533188248095,0.07159956474428728,0.061371055495103376,0.062023939064200215,0.05005440696409141,0.049183895538628945,0.04417845484221981,0.03286180631120784,0.024374319912948857,0.021109902067464634,0.013057671381936888,0.006093579978237214,0.8887117079993198,0.02218890933663874,0.0,0.0,0.0,0.0,0.0,0.0,0.0,0.0,0.0,0.0,0.0,0.0,0.0,0.0,0.0,0.0,0.0,0.0,0.0,0.0,0.0,0.0,0.0,0.0,0.18933623503808492,4.655059847660501,15.910772578890102,8.52665941240479,0.718171926006529,0.0,4.255566633433034,2.9593720231353227,nan,nan,nan,4.196286472148541,2.946010565519278,4.31512325116589,2.9715446740092264,1.0283195105496463,0.4075,0.01275,0.0,0.0,0.0,0.0,0.0,0.0,0.0,0.0,0.0,0.0,0.0,8.494015233949932,20.892274211099025,0.6137105549510339,0.0,0.0,0.0,0.0,0.0,0.0,0.0,0.0,0.0,0.0,0.0,0.0,0.0,0.0,0.0,0.0,nan,nan,4.255566633433034,2.9593720231353227,nan,0.4075,0.06152,0.0,0.0,0.0,0.0,0.0,0.0,0.0,0.0,0.0,0.0,0.0,0.0,0.0,0.0,0.0,0.0,0.0,0.0,0.0,0.0,1.088139281828074e-05,0.00039173014145810664,0.0,0.001838955386289445,0.006637649619151252,0.0007181719260065288,0.006507072905331882,0.00793253536452666,0.009880304678998912,0.030174102285092493,0.01236126224156692,0.011436343852013057,0.029314472252448313,0.015386289445048966,0.025767138193688793,0.028563656147986942,0.02842219804134929,0.05627856365614799,0.04821545157780196,0.061991294885745375,0.09639825897714907,0.055451577801958654,0.08923830250272034,0.060228509249183895,0.06272034820457019,0.048443960826985856,0.05434167573449401,0.013427638737758433,0.040554951033732314,0.029477693144722525,0.012535364526659412,0.018269858541893363,0.006017410228509249,0.014374319912948857,0.01233949945593036,7.616974972796518e-05,0.003438520130576714,6.528835690968444e-05,0.0007725788900979325,0.0,0.0,0.0,0.0,0.0,0.0,0.0,0.0,0.0,0.0,0.0,0.0,0.0,0.0,0.0,0.0,0.0,0.0,0.0,0.0,0.0,0.0,0.0,0.0,0.0,0.0,0.0,0.0,0.0,0.0,0.0,0.0,0.0,0.0,0.0,0.0,0.0,0.0,0.0,0.0,0.0,0.0,nan,nan,4.255566633433034,2.9593720231353227,nan,0.8887973893348544,0.02190805610215075,0.0,0.0,0.0,0.0,0.0,0.0,0.0,0.0,0.0,0.0,0.0,0.0,0.0,0.0,0.0,0.0,0.0,0.0,0.0,0.0,0.0,0.0,0.0,0.0,0.13732833957553062,4.619225967540575,15.96754057428215,8.564294631710364,0.711610486891386,0.0,0.8886177790534757,0.022492393157451034,0.0,0.0,0.0,0.0,0.0,0.0,0.0,0.0,0.0,0.0,0.0,0.0,0.0,0.0,0.0,0.0,0.0,0.0,0.0,0.0,0.0,0.0,0.0,0.0,0.2463503649635037,4.694343065693431,15.848540145985405,8.485401459854016,0.7253649635036499,0.0,0.4075,0.012726,0.0,0.0,0.0,0.0,0.0,0.0,0.0,0.0,0.0,0.0,0.0,8.152309612983759,21.248439450686647,0.5992509363295881,0.0,0.0,0.0,0.0,0.0,0.0,0.0,0.0,0.0,0.0,0.0,0.0,0.0,0.0,0.0,0.0,0.4072,0.01277,0.0,0.0,0.0,0.0,0.0,0.0,0.0,0.0,0.0,0.0,0.0,8.868613138686118,20.50182481751825,0.6295620437956205,0.0,0.0,0.0,0.0,0.0,0.0,0.0,0.0,0.0,0.0,0.0,0.0,0.0,0.0,0.0,0.0
95300,4323,2251,0.5207032153597039,988,899,0.4365024288688411,1236,0.5718251214434421,0.434,3.086872586872587,3.214377310369522,6.902777777777778,2.162076690888635,8299.431012208805,428.332940025454,7853.0,8727.269940191507,8710.361735130455,5.695159982585651,7853.0,0.0,27.96622715706685,21.042487389595248,32.84528716680407,19.363759425296703,0.13624797594263244,0.10131852879944483,0.09530418690724034,0.09854267869535045,0.0737913486005089,0.07471663196854036,0.06662040249826509,0.061531343974092066,0.05436039787184825,0.04950266018968309,0.04695813092759658,0.04140643071940782,0.03816793893129771,0.02590793430488087,0.018736988202637056,0.008790191996298867,0.008096229470275272,0.8886645907002303,0.022153923639249062,0.0,0.0,0.0,0.0,0.0,0.0,0.0,0.0,0.0,0.0,0.0,0.0,0.0,0.0,0.0,0.0,0.0,0.0,0.0,0.0,0.0,0.0,0.0,0.0,0.1804302567661347,4.809160305343513,15.801526717557255,8.535739070090218,0.6662040249826511,0.006939625260235949,4.425516491482421,2.944234857783754,nan,nan,nan,4.542584434654919,2.9386819773774446,4.311381531853973,2.9451620100282945,0.9491032239187186,0.4067,0.012886,0.0,0.0,0.0,0.0,0.0,0.0,0.0,0.0,0.0,0.0,0.020818875780707846,8.854961832061056,20.582928521859824,0.541290770298404,0.0,0.0,0.0,0.0,0.0,0.0,0.0,0.0,0.0,0.0,0.0,0.0,0.0,0.0,0.0,0.0,nan,nan,4.425516491482421,2.944234857783754,nan,0.4067,0.06137,0.0,0.0,0.0,0.0,0.0,0.0,0.0,0.0,0.0,0.0,0.0,0.0,0.0,0.0,0.0,0.0,0.0,0.0,0.0,0.0,0.0,0.00013879250520471896,3.469812630117974e-05,0.0016076798519546612,0.006800832755031228,0.0004510756419153366,0.006396021281517465,0.008223455933379597,0.011265325005783021,0.029238954429794125,0.012352532963219986,0.010663890816562572,0.029065463798288227,0.01682859125607217,0.028313671061762666,0.028198010640758733,0.02929678464029609,0.057633587786259544,0.04806847096923433,0.06426092990978487,0.09687716863289382,0.052405736756881795,0.09170714781401804,0.06022438121674763,0.06466574138329864,0.04643765903307888,0.05145732130464955,0.012606985889428638,0.038838769373120516,0.02708767059912098,0.013104325699745546,0.018158686097617394,0.006326625028915105,0.0140411751098774,0.013069627573444367,2.313208420078649e-05,0.0031459634513069626,8.096229470275272e-05,0.0009021512838306732,0.0,0.0,0.0,0.0,0.0,0.0,0.0,0.0,0.0,0.0,0.0,0.0,0.0,0.0,0.0,0.0,0.0,0.0,0.0,0.0,0.0,0.0,0.0,0.0,0.0,0.0,0.0,0.0,0.0,0.0,0.0,0.0,0.0,0.0,0.0,0.0,0.0,0.0,0.0,0.0,0.0,0.0,nan,nan,4.425516491482421,2.944234857783754,nan,0.8889964451158592,0.02248326446542247,0.0,0.0,0.0,0.0,0.0,0.0,0.0,0.0,0.0,0.0,0.0,0.0,0.0,0.0,0.0,0.0,0.0,0.0,0.0,0.0,0.0,0.0,0.0,0.0,0.1999111505997335,4.784540204353622,15.69968902709907,8.529542425588629,0.7729897823189695,0.013327410039982234,0.8883040673944481,0.021784762109645577,0.0,0.0,0.0,0.0,0.0,0.0,0.0,0.0,0.0,0.0,0.0,0.0,0.0,0.0,0.0,0.0,0.0,0.0,0.0,0.0,0.0,0.0,0.0,0.0,0.15926640926640928,4.835907335907336,15.912162162162165,8.542471042471044,0.5501930501930503,0.0,0.4065,0.01309,0.0,0.0,0.0,0.0,0.0,0.0,0.0,0.0,0.0,0.0,0.013327410039982234,9.142603287427796,20.324300310972905,0.5197689915593071,0.0,0.0,0.0,0.0,0.0,0.0,0.0,0.0,0.0,0.0,0.0,0.0,0.0,0.0,0.0,0.0,0.407,0.01266,0.0,0.0,0.0,0.0,0.0,0.0,0.0,0.0,0.0,0.0,0.028957528957528966,8.54247104247103,20.86389961389962,0.5646718146718148,0.0,0.0,0.0,0.0,0.0,0.0,0.0,0.0,0.0,0.0,0.0,0.0,0.0,0.0,0.0,0.0
95400,4562,2348,0.5146865409907935,1052,926,0.4335817623849189,1271,0.5572117492327926,0.422,3.0013550135501355,3.131490256454409,6.696869851729819,2.2247018394965763,8294.295177332619,428.53716036933724,7853.0,8728.91059281826,8710.405706555113,5.666817098805475,7853.0,0.0,27.648838228846998,20.86695836776015,32.59806485355649,19.168524431765515,0.13919333625602806,0.1058746163963174,0.09864094695309075,0.08702323542306006,0.07409031126698816,0.07496711968434897,0.07430951337132836,0.05940377027619465,0.05480052608505041,0.05019728189390618,0.04756685664182376,0.0394563787812363,0.03463393248575186,0.0265234546251644,0.017536168347216132,0.010960105217010083,0.004822446295484437,0.8891562017784052,0.022391625634200357,0.0,0.0,0.0,0.0,0.0,0.0,0.0,0.0,0.0,0.0,0.0,0.0,0.0,0.0,0.0,0.0,0.0,0.0,0.0,0.0,0.0,0.0,0.0,0.0,0.12494519947391497,4.616396317404648,15.835160017536172,8.686979395002194,0.7299430074528718,0.006576063130206052,4.41995841995842,2.8869320110192307,nan,nan,nan,4.44179523141655,2.8928587660405696,4.398630136986301,2.880971732501956,0.9902820611528995,0.4062,0.012505,0.0,0.0,0.0,0.0,0.0,0.0,0.0,0.0,0.0,0.0,0.013152126260412103,9.278825076720723,20.24769837790443,0.4603244191144236,0.0,0.0,0.0,0.0,0.0,0.0,0.0,0.0,0.0,0.0,0.0,0.0,0.0,0.0,0.0,0.0,nan,nan,4.41995841995842,2.8869320110192307,nan,0.4062,0.06174,0.0,0.0,0.0,0.0,0.0,0.0,0.0,0.0,0.0,0.0,0.0,0.0,0.0,0.0,0.0,0.0,0.0,0.0,0.0,0.0,0.0,7.672073651907058e-05,0.0,0.002356422621657168,0.00653222270933801,0.0007124068391056555,0.007124068391056554,0.00791319596668128,0.009907935116177114,0.03183910565541429,0.01057650153441473,0.011266988163086366,0.029734765453748355,0.017722490135905305,0.02879219640508549,0.02803594914511179,0.03140070144673389,0.0553266111354669,0.04853134590092065,0.06433581762384918,0.09864094695309075,0.0511946514686541,0.09082639193336256,0.06161771153003069,0.06219859710653222,0.04541867601928978,0.05012056115738711,0.013426128890837353,0.038842612889083736,0.02644673388864533,0.013754932047347655,0.017700569925471286,0.006378781236299869,0.01311924594476107,0.013393248575186322,2.1920210434020168e-05,0.0034633932485751864,1.0960105217010084e-05,0.0012275317843051293,1.0960105217010084e-05,0.0,0.0,0.0,0.0,0.0,0.0,0.0,0.0,0.0,0.0,0.0,0.0,0.0,0.0,0.0,0.0,0.0,0.0,0.0,0.0,0.0,0.0,0.0,0.0,0.0,0.0,0.0,0.0,0.0,0.0,0.0,0.0,0.0,0.0,0.0,0.0,0.0,0.0,0.0,0.0,0.0,nan,nan,4.41995841995842,2.8869320110192307,nan,0.8895643918538622,0.022535964507514317,0.0,0.0,0.0,0.0,0.0,0.0,0.0,0.0,0.0,0.0,0.0,0.0,0.0,0.0,0.0,0.0,0.0,0.0,0.0,0.0,0.0,0.0,0.0,0.0,0.1022146507666099,4.599659284497445,15.702725724020446,8.752129471890973,0.8432708688245317,0.0,0.8887233064318952,0.022229339021550908,0.0,0.0,0.0,0.0,0.0,0.0,0.0,0.0,0.0,0.0,0.0,0.0,0.0,0.0,0.0,0.0,0.0,0.0,0.0,0.0,0.0,0.0,0.0,0.0,0.14905149051490518,4.634146341463415,15.975609756097564,8.61788617886179,0.6097560975609757,0.013550135501355016,0.4062,0.01236,0.0,0.0,0.0,0.0,0.0,0.0,0.0,0.0,0.0,0.0,0.012776831345826238,9.416524701873922,20.187393526405454,0.38330494037478713,0.0,0.0,0.0,0.0,0.0,0.0,0.0,0.0,0.0,0.0,0.0,0.0,0.0,0.0,0.0,0.0,0.4062,0.01265,0.0,0.0,0.0,0.0,0.0,0.0,0.0,0.0,0.0,0.0,0.013550135501355016,9.132791327913266,20.31165311653117,0.5420054200542006,0.0,0.0,0.0,0.0,0.0,0.0,0.0,0.0,0.0,0.0,0.0,0.0,0.0,0.0,0.0,0.0
95500,4676,2388,0.5106928999144568,1080,959,0.43605645851154834,1353,0.5786997433704021,0.40599999999999997,3.0301573426573425,3.121583387061149,6.533234859675037,2.1462420235654536,8290.758646687376,428.5137368777858,7853.0,8731.197134667635,8710.185691754676,5.633421058401898,7853.0,0.0,28.2382378100941,21.026423369192006,33.20712468193384,19.252846856732123,0.13922155688622753,0.09901625320786997,0.09538066723695467,0.08190761334473909,0.08169375534644996,0.07078699743370402,0.06544054747647562,0.06287425149700598,0.06437125748502993,0.05260906757912746,0.04961505560307956,0.04491017964071856,0.03165098374679213,0.020530367835757058,0.019461077844311378,0.01240376390076989,0.008126603934987169,0.8887122805501988,0.022115323989704005,0.0,0.0,0.0,0.0,0.0,0.0,0.0,0.0,0.0,0.0,0.0,0.0,0.0,0.0,0.0,0.0,0.0,0.0,0.0,0.0,0.0,0.0,0.0,0.0,0.18605645851154837,4.587254063301968,16.071428571428573,8.545765611633877,0.5966638152266895,0.012831479897348164,4.349734042553192,2.8616177788526125,nan,nan,nan,4.342671009771987,2.8824703313275704,4.357094365241005,2.839705907805659,1.003321309727714,0.406,0.01242,0.0,0.0,0.0,0.0,0.0,0.0,0.0,0.0,0.0,0.0,0.019247219846022245,9.630025662959781,19.927288280581696,0.4234388366124894,0.0,0.0,0.0,0.0,0.0,0.0,0.0,0.0,0.0,0.0,0.0,0.0,0.0,0.0,0.0,0.0,nan,nan,4.349734042553192,2.8616177788526125,nan,0.4058,0.06134,0.0,0.0,0.0,0.0,0.0,0.0,0.0,0.0,0.0,0.0,0.0,0.0,0.0,0.0,0.0,0.0,0.0,0.0,0.0,0.0,0.0,0.00019247219846022241,0.0,0.002683917878528657,0.006875534644995723,0.0008875106928999144,0.006961077844311377,0.0071535500427715995,0.009719846022241232,0.031768605645851156,0.009281437125748504,0.010778443113772455,0.02864627887082977,0.017504277159965782,0.03173652694610778,0.029961505560307956,0.030506843455945253,0.05537852865697177,0.04829982891360137,0.06499144568006844,0.09894140290846877,0.053860136869118905,0.08977758768177929,0.060372112917023095,0.06282078699743371,0.047251924721984605,0.05042771599657827,0.012275449101796407,0.03951026518391788,0.024925149700598802,0.01333404619332763,0.01608212147134303,0.007164242942686056,0.01293840889649273,0.012478614200171087,3.2078699743370405e-05,0.0032827202737382376,0.0,0.0011869118905047048,1.0692899914456802e-05,0.0,0.0,0.0,0.0,0.0,0.0,0.0,0.0,0.0,0.0,0.0,0.0,0.0,0.0,0.0,0.0,0.0,0.0,0.0,0.0,0.0,0.0,0.0,0.0,0.0,0.0,0.0,0.0,0.0,0.0,0.0,0.0,0.0,0.0,0.0,0.0,0.0,0.0,0.0,0.0,0.0,nan,nan,4.349734042553192,2.8616177788526125,nan,0.8888834591586785,0.02244709567756471,0.0,0.0,0.0,0.0,0.0,0.0,0.0,0.0,0.0,0.0,0.0,0.0,0.0,0.0,0.0,0.0,0.0,0.0,0.0,0.0,0.0,0.0,0.0,0.0,0.20100502512562818,4.773869346733669,15.603015075376888,8.881909547738696,0.5276381909547739,0.012562814070351761,0.8885336203591807,0.02176222244775413,0.0,0.0,0.0,0.0,0.0,0.0,0.0,0.0,0.0,0.0,0.0,0.0,0.0,0.0,0.0,0.0,0.0,0.0,0.0,0.0,0.0,0.0,0.0,0.0,0.1704545454545455,4.392482517482518,16.560314685314687,8.194930069930072,0.6687062937062938,0.013111888111888115,0.4058,0.01251,0.0,0.0,0.0,0.0,0.0,0.0,0.0,0.0,0.0,0.0,0.025125628140703522,9.7361809045226,19.76130653266332,0.4773869346733669,0.0,0.0,0.0,0.0,0.0,0.0,0.0,0.0,0.0,0.0,0.0,0.0,0.0,0.0,0.0,0.0,0.406,0.01232,0.0,0.0,0.0,0.0,0.0,0.0,0.0,0.0,0.0,0.0,0.013111888111888115,9.519230769230754,20.10052447552448,0.36713286713286725,0.0,0.0,0.0,0.0,0.0,0.0,0.0,0.0,0.0,0.0,0.0,0.0,0.0,0.0,0.0,0.0
95600,4749,2431,0.5118972415245315,1173,959,0.448936618235418,1337,0.5630659086123394,0.434,2.9767040552200172,3.1590524853593904,6.834115805946792,2.0396754304039075,8291.68187627633,428.3840388738635,7853.0,8728.366349095106,8709.97253411612,5.652266346450099,7853.0,0.0,27.902926931985682,20.829797127465547,32.84707946853848,19.058135114237743,0.1410823331227627,0.10023162771109707,0.09496736154979996,0.08170141082333122,0.0861233943988208,0.07075173720783323,0.0684354600968625,0.05853863971362392,0.06001263423878711,0.059170351652979576,0.05158980838071173,0.036849863129079806,0.028427037271004423,0.03095388502842704,0.01558222783743946,0.008633396504527269,0.006948831332912192,0.8880416274095841,0.022146033525727443,0.0,0.0,0.0,0.0,0.0,0.0,0.0,0.0,0.0,0.0,0.0,0.0,0.0,0.0,0.0,0.0,0.0,0.0,0.0,0.0,0.0,0.0,0.0,0.0,0.2400505369551485,4.819962097283639,16.089703095388504,8.325963360707519,0.5243209096651927,0.0,4.348266841072596,2.930640091414844,nan,nan,nan,4.375402446877012,2.9167611165676326,4.320265780730897,2.9446310051690903,0.9873984926379813,0.4058,0.01284,0.0,0.0,0.0,0.0,0.0,0.0,0.0,0.0,0.0,0.0,0.031585596967782695,9.82943777637396,19.652558433354393,0.48641819330385355,0.0,0.0,0.0,0.0,0.0,0.0,0.0,0.0,0.0,0.0,0.0,0.0,0.0,0.0,0.0,0.0,nan,nan,4.348266841072596,2.930640091414844,nan,0.4058,0.0619,0.0,0.0,0.0,0.0,0.0,0.0,0.0,0.0,0.0,0.0,0.0,0.0,0.0,0.0,0.0,0.0,0.0,0.0,0.0,0.0,0.0,0.00022109917877447883,2.1057064645188462e-05,0.003190145293746052,0.005022109917877448,0.0010107391029690461,0.007906927774268267,0.006938302800589598,0.01177089913666035,0.03166982522636345,0.00950726468730259,0.011518214360918088,0.029648347020425354,0.017266793009054537,0.03319646241313961,0.03071172878500737,0.029406190777005684,0.05520109496736155,0.04602021478205938,0.06418193303853442,0.09612550010528532,0.05392714255632765,0.08988208043798694,0.06132870077911139,0.06188671299220889,0.04650452726889871,0.04910507475257949,0.013329121920404296,0.039787323647083594,0.024773636555064225,0.014013476521372921,0.016719309328279638,0.007327858496525584,0.012907980627500527,0.013718677616340283,2.1057064645188462e-05,0.0028216466624552535,6.317119393556538e-05,0.0013371236049694673,0.0,0.0,1.0528532322594231e-05,0.0,0.0,0.0,0.0,0.0,0.0,0.0,0.0,0.0,0.0,0.0,0.0,0.0,0.0,0.0,0.0,0.0,0.0,0.0,0.0,0.0,0.0,0.0,0.0,0.0,0.0,0.0,0.0,0.0,0.0,0.0,0.0,0.0,0.0,0.0,0.0,0.0,0.0,0.0,nan,nan,4.348266841072596,2.930640091414844,nan,0.887915530600993,0.021959749695360683,0.0,0.0,0.0,0.0,0.0,0.0,0.0,0.0,0.0,0.0,0.0,0.0,0.0,0.0,0.0,0.0,0.0,0.0,0.0,0.0,0.0,0.0,0.0,0.0,0.2591526120937886,4.6524064171123,16.37597696421226,8.194158782394078,0.5183052241875772,0.0,0.8881738713015966,0.022338965101153907,0.0,0.0,0.0,0.0,0.0,0.0,0.0,0.0,0.0,0.0,0.0,0.0,0.0,0.0,0.0,0.0,0.0,0.0,0.0,0.0,0.0,0.0,0.0,0.0,0.22001725625539262,4.9956859361518555,15.78947368421053,8.464193270060399,0.5306298533218292,0.0,0.4058,0.012665,0.0,0.0,0.0,0.0,0.0,0.0,0.0,0.0,0.0,0.0,0.012340600575894697,9.638009049773743,19.930069930069934,0.4195804195804197,0.0,0.0,0.0,0.0,0.0,0.0,0.0,0.0,0.0,0.0,0.0,0.0,0.0,0.0,0.0,0.0,0.4058,0.01302,0.0,0.0,0.0,0.0,0.0,0.0,0.0,0.0,0.0,0.0,0.05176876617773944,10.030198446937,19.36151855047455,0.556514236410699,0.0,0.0,0.0,0.0,0.0,0.0,0.0,0.0,0.0,0.0,0.0,0.0,0.0,0.0,0.0,0.0
95700,4861,2558,0.5262291709524789,1239,950,0.450318864431187,1327,0.5459781937872865,0.39799999999999996,3.0017368649587493,3.0737068706071806,6.352011494252873,2.24336735808386,8303.958857802818,427.9115143302911,7853.0,8729.555095785856,8709.96286465187,5.710611647130254,7853.0,0.0,28.678872659946514,20.860247160245756,33.27152158186641,19.12916174853325,0.12857436741411232,0.09607076733182472,0.08948775972022217,0.08763628882945895,0.08557909895083317,0.0730302406912158,0.07159020777617774,0.06397860522526229,0.0619214153466365,0.05266406089282041,0.04443530137831722,0.0436124254268669,0.037852293766714666,0.024686278543509566,0.02201193170129603,0.011314544332441884,0.005554412672289653,0.8882665286410422,0.0223193582144455,0.0,0.0,0.0,0.0,0.0,0.0,0.0,0.0,0.0,0.0,0.0,0.0,0.0,0.0,0.0,0.0,0.0,0.0,0.0,0.0,0.0,0.0,0.0,0.0,0.20366179798395398,4.696564492902696,16.225056572721666,8.226702324624565,0.6480148117671263,0.0,4.161109379869118,2.863667944249634,nan,nan,nan,4.205015673981191,2.876993366428802,4.118412895226286,2.850521007946845,0.9794048856248586,0.4055,0.01284,0.0,0.0,0.0,0.0,0.0,0.0,0.0,0.0,0.0,0.0,0.024686278543509573,10.11520263320303,19.4095865048344,0.45052458341904966,0.0,0.0,0.0,0.0,0.0,0.0,0.0,0.0,0.0,0.0,0.0,0.0,0.0,0.0,0.0,0.0,nan,nan,4.161109379869118,2.863667944249634,nan,0.4055,0.06207,0.0,0.0,0.0,0.0,0.0,0.0,0.0,0.0,0.0,0.0,0.0,0.0,0.0,0.0,0.0,0.0,0.0,0.0,0.0,0.0,0.0,0.00015428924089693478,4.114379757251594e-05,0.0031166426661180828,0.004854968113556881,0.001460604813824316,0.009010491668380992,0.007426455461839128,0.01145854762394569,0.02993211273400535,0.010820818761571692,0.0127751491462662,0.02911952273194816,0.016910100802304054,0.03179386957416169,0.02826578893231845,0.030847562229993828,0.0576630322978811,0.04689364328327505,0.0649763423163958,0.09547418226702324,0.05119317012960296,0.09081464719193581,0.06067681547006789,0.062312281423575394,0.046070767331824726,0.05014400329150381,0.012703147500514298,0.03943632997325653,0.02354453816087225,0.014462044846739354,0.016920386751697183,0.007045875334293355,0.013371734211067682,0.014667763834601933,2.057189878625797e-05,0.002242336967702119,6.171569635877391e-05,0.0012960296235342522,0.0,0.0,2.057189878625797e-05,0.0,0.0,0.0,0.0,0.0,0.0,0.0,0.0,0.0,0.0,0.0,0.0,0.0,0.0,0.0,0.0,0.0,0.0,0.0,0.0,0.0,0.0,0.0,0.0,0.0,0.0,0.0,0.0,0.0,0.0,0.0,0.0,0.0,0.0,0.0,0.0,0.0,0.0,0.0,nan,nan,4.161109379869118,2.863667944249634,nan,0.8880983667041847,0.022354125831546723,0.0,0.0,0.0,0.0,0.0,0.0,0.0,0.0,0.0,0.0,0.0,0.0,0.0,0.0,0.0,0.0,0.0,0.0,0.0,0.0,0.0,0.0,0.0,0.0,0.2345582486317436,4.702892885066459,16.149335418295546,8.326817826426897,0.586395621579359,0.0,0.8884533103320892,0.02227918953415429,0.0,0.0,0.0,0.0,0.0,0.0,0.0,0.0,0.0,0.0,0.0,0.0,0.0,0.0,0.0,0.0,0.0,0.0,0.0,0.0,0.0,0.0,0.0,0.0,0.16934433347807212,4.689535388623535,16.309161962657406,8.11550151975684,0.7164567954841513,0.0,0.4055,0.012955,0.0,0.0,0.0,0.0,0.0,0.0,0.0,0.0,0.0,0.0,0.046911649726348724,10.12118842845972,19.374511336982025,0.45738858483190004,0.0,0.0,0.0,0.0,0.0,0.0,0.0,0.0,0.0,0.0,0.0,0.0,0.0,0.0,0.0,0.0,0.4055,0.01271,0.0,0.0,0.0,0.0,0.0,0.0,0.0,0.0,0.0,0.0,0.0,10.108554059921827,19.44854537559705,0.4429005644811117,0.0,0.0,0.0,0.0,0.0,0.0,0.0,0.0,0.0,0.0,0.0,0.0,0.0,0.0,0.0,0.0
95800,4700,2425,0.5159574468085106,1126,945,0.44063829787234043,1292,0.5497872340425531,0.422,2.952087912087912,3.2047888331056913,6.959527824620573,2.21105175456556,8295.025052720042,428.15561567713416,7853.0,8728.003242695331,8709.708349601731,5.710465241784231,7853.0,0.0,27.452765957446807,20.821574909482266,32.476942675159236,19.1168259718697,0.1453191489361702,0.10106382978723404,0.09957446808510638,0.08340425531914894,0.08148936170212766,0.07042553191489362,0.07276595744680851,0.06446808510638298,0.0548936170212766,0.05127659574468085,0.044893617021276595,0.036808510638297876,0.030638297872340424,0.02702127659574468,0.020851063829787235,0.00978723404255319,0.005319148936170213,0.887338516217597,0.022309649637463826,0.0,0.0,0.0,0.0,0.0,0.0,0.0,0.0,0.0,0.0,0.0,0.0,0.0,0.0,0.0,0.0,0.0,0.0,0.0,0.0,0.0,0.0,0.0,0.0,0.19148936170212771,5.055319148936171,16.168085106382982,8.004255319148937,0.5808510638297874,0.0,4.387357094821789,2.9875196930222,nan,nan,nan,4.376351351351351,2.94858787746725,4.398259705488621,3.0255533171619153,1.0050060775240326,0.4055,0.01258,0.0,0.0,0.0,0.0,0.0,0.0,0.0,0.0,0.0,0.0,0.012765957446808513,9.855319148936156,19.691489361702132,0.4404255319148937,0.0,0.0,0.0,0.0,0.0,0.0,0.0,0.0,0.0,0.0,0.0,0.0,0.0,0.0,0.0,0.0,nan,nan,4.387357094821789,2.9875196930222,nan,0.4053,0.06168,0.0,0.0,0.0,0.0,0.0,0.0,0.0,0.0,0.0,0.0,0.0,0.0,0.0,0.0,0.0,0.0,0.0,0.0,0.0,0.0,0.0,0.00014893617021276596,0.0,0.003202127659574468,0.004468085106382979,0.0014148936170212767,0.009170212765957447,0.008202127659574468,0.01073404255319149,0.02702127659574468,0.009521276595744681,0.013468085106382978,0.030382978723404255,0.018127659574468085,0.02997872340425532,0.029053191489361703,0.033,0.057914893617021276,0.04970212765957447,0.06607446808510638,0.09503191489361702,0.05278723404255319,0.0913936170212766,0.06123404255319149,0.06310638297872341,0.042893617021276594,0.048095744680851066,0.013542553191489361,0.03801063829787234,0.0225,0.012702127659574469,0.016872340425531915,0.006542553191489362,0.014063829787234042,0.016223404255319148,0.0001276595744680851,0.002095744680851064,3.1914893617021275e-05,0.001148936170212766,1.0638297872340426e-05,0.0,0.0,0.0,0.0,0.0,0.0,0.0,0.0,0.0,0.0,0.0,0.0,0.0,0.0,0.0,0.0,0.0,0.0,0.0,0.0,0.0,0.0,0.0,0.0,0.0,0.0,0.0,0.0,0.0,0.0,0.0,0.0,0.0,0.0,0.0,0.0,0.0,0.0,0.0,0.0,0.0,nan,nan,4.387357094821789,2.9875196930222,nan,0.887240446965719,0.02238920876469932,0.0,0.0,0.0,0.0,0.0,0.0,0.0,0.0,0.0,0.0,0.0,0.0,0.0,0.0,0.0,0.0,0.0,0.0,0.0,0.0,0.0,0.0,0.0,0.0,0.16082474226804128,5.232989690721651,16.14432989690722,7.905154639175259,0.5567010309278352,0.0,0.8874430515739944,0.022224054773390785,0.0,0.0,0.0,0.0,0.0,0.0,0.0,0.0,0.0,0.0,0.0,0.0,0.0,0.0,0.0,0.0,0.0,0.0,0.0,0.0,0.0,0.0,0.0,0.0,0.2241758241758242,4.865934065934066,16.193406593406596,8.109890109890111,0.6065934065934067,0.0,0.4053,0.01253,0.0,0.0,0.0,0.0,0.0,0.0,0.0,0.0,0.0,0.0,0.0,9.884536082474211,19.64536082474227,0.47010309278350526,0.0,0.0,0.0,0.0,0.0,0.0,0.0,0.0,0.0,0.0,0.0,0.0,0.0,0.0,0.0,0.0,0.4055,0.012634,0.0,0.0,0.0,0.0,0.0,0.0,0.0,0.0,0.0,0.0,0.02637362637362638,9.82417582417581,19.740659340659345,0.4087912087912089,0.0,0.0,0.0,0.0,0.0,0.0,0.0,0.0,0.0,0.0,0.0,0.0,0.0,0.0,0.0,0.0
95900,4929,2515,0.5102454858997768,1165,998,0.4388314059646987,1396,0.5664434976668695,0.40599999999999997,2.975144987572494,3.0557176566841564,6.390820584144645,2.1120158968664575,8290.163689930889,428.3151718673885,7853.0,8730.966039353609,8709.77130324825,5.716482678315202,7853.0,0.0,28.470886589571922,21.163585634605717,33.35848149927919,19.40006703745951,0.137147494420775,0.09657131263948063,0.09373097991479001,0.0894704808277541,0.07547169811320754,0.06816798539257456,0.0671535808480422,0.06471900994116454,0.06187867721647393,0.05538648813146683,0.05234327449786975,0.03773584905660377,0.03530127814972611,0.026374518157841347,0.018462162710488943,0.013390139987827145,0.006695069993913573,0.8879103317273318,0.02225148724442495,0.0,0.0,0.0,0.0,0.0,0.0,0.0,0.0,0.0,0.0,0.0,0.0,0.0,0.0,0.0,0.0,0.0,0.0,0.0,0.0,0.0,0.0,0.0,0.0,0.21302495435179555,4.814363968350579,16.037735849056606,8.247108947048083,0.6816798539257458,0.0060864272671941584,4.322590738423028,2.831655989172343,nan,nan,nan,4.278088144009931,2.796581280780986,4.36782334384858,2.8661583550855445,1.0209755378612977,0.4053,0.01261,0.0,0.0,0.0,0.0,0.0,0.0,0.0,0.0,0.0,0.0,0.042604990870359113,9.945222154595237,19.561777236762023,0.4503956177723677,0.0,0.0,0.0,0.0,0.0,0.0,0.0,0.0,0.0,0.0,0.0,0.0,0.0,0.0,0.0,0.0,nan,nan,4.322590738423028,2.831655989172343,nan,0.4053,0.06165,0.0,0.0,0.0,0.0,0.0,0.0,0.0,0.0,0.0,0.0,0.0,0.0,0.0,0.0,0.0,0.0,0.0,0.0,0.0,0.0,5.0720227226617976e-05,0.00023331304524244268,0.0,0.003408399269628728,0.005305335767904241,0.0016839115439237168,0.008825319537431528,0.007709474538445932,0.008764455264759587,0.027165753702576588,0.009920876445526475,0.014850882531953742,0.03255224183404341,0.017285453438831404,0.028454047474132684,0.02880908906471901,0.03410428078717793,0.05772976262933658,0.048437817001420164,0.06487117062284439,0.0898559545546764,0.05294177317914384,0.092006492189085,0.06325826739703794,0.06912152566443498,0.04332521809697708,0.04827551227429499,0.011645364171231487,0.038892270237370664,0.02258064516129032,0.012822073442889024,0.016220328667072428,0.006269020085209982,0.012396023534185433,0.01687969162101846,0.00016230472712517753,0.002383850679651045,3.0432136335970785e-05,0.0007709474538445932,0.0,0.0,0.0,0.0,0.0,0.0,0.0,0.0,0.0,0.0,0.0,0.0,0.0,0.0,0.0,0.0,0.0,0.0,0.0,0.0,0.0,0.0,0.0,0.0,0.0,0.0,0.0,0.0,0.0,0.0,0.0,0.0,0.0,0.0,0.0,0.0,0.0,0.0,0.0,0.0,0.0,0.0,nan,nan,4.322590738423028,2.831655989172343,nan,0.8876585754912132,0.022307996098785383,0.0,0.0,0.0,0.0,0.0,0.0,0.0,0.0,0.0,0.0,0.0,0.0,0.0,0.0,0.0,0.0,0.0,0.0,0.0,0.0,0.0,0.0,0.0,0.0,0.1789264413518887,4.986083499005965,16.103379721669985,8.015904572564613,0.7157057654075548,0.0,0.8881726212608192,0.022189423131322696,0.0,0.0,0.0,0.0,0.0,0.0,0.0,0.0,0.0,0.0,0.0,0.0,0.0,0.0,0.0,0.0,0.0,0.0,0.0,0.0,0.0,0.0,0.0,0.0,0.24855012427506218,4.63545981772991,15.969345484672745,8.487986743993373,0.6462303231151617,0.01242750621375311,0.4053,0.01283,0.0,0.0,0.0,0.0,0.0,0.0,0.0,0.0,0.0,0.0,0.059642147117296235,9.888667992047699,19.514910536779325,0.5367793240556661,0.0,0.0,0.0,0.0,0.0,0.0,0.0,0.0,0.0,0.0,0.0,0.0,0.0,0.0,0.0,0.0,0.4055,0.012375,0.0,0.0,0.0,0.0,0.0,0.0,0.0,0.0,0.0,0.0,0.02485501242750622,10.004142502071236,19.610604805302405,0.3603976801988402,0.0,0.0,0.0,0.0,0.0,0.0,0.0,0.0,0.0,0.0,0.0,0.0,0.0,0.0,0.0,0.0
96000,4837,2525,0.5220177796154641,1205,989,0.45358693405003103,1356,0.5606781062642133,0.434,3.0583910034602075,3.1476852877385477,6.722727272727273,2.050963960688748,8300.156749775557,427.900640474696,7853.0,8729.774731391668,8709.592949966085,5.672584619005647,7853.0,0.0,28.103783336778996,21.03278154887369,33.32447864945382,19.173196042286722,0.1447178002894356,0.09737440562332024,0.08621046102956378,0.0824891461649783,0.08765763903245813,0.0754599958652057,0.07008476328302667,0.060781476121562955,0.05726690097167666,0.05685342154227827,0.046929915236716975,0.03762662807525326,0.03183791606367583,0.0262559437667976,0.016952656605333884,0.014678519743642754,0.006822410585073393,0.8876789106375328,0.022361359773025943,0.0,0.0,0.0,0.0,0.0,0.0,0.0,0.0,0.0,0.0,0.0,0.0,0.0,0.0,0.0,0.0,0.0,0.0,0.0,0.0,0.0,0.0,0.0,0.0062021914409757925,0.21087450899317764,4.930742195575771,16.268348149679557,7.882985321480258,0.6946454413892911,0.006202191440975813,4.238683127572016,2.903209787878129,nan,nan,nan,4.255372945638432,2.8851629398717504,4.221940393151554,2.921106024668363,0.9921434494898632,0.4045,0.01232,0.0,0.0,0.0,0.0,0.0,0.0,0.0,0.0,0.0,0.0,0.012404382881951627,10.754599958652042,18.947694852181108,0.28530080628488735,0.0,0.0,0.0,0.0,0.0,0.0,0.0,0.0,0.0,0.0,0.0,0.0,0.0,0.0,0.0,0.0,nan,nan,4.238683127572016,2.903209787878129,nan,0.4045,0.06143,0.0,0.0,0.0,0.0,0.0,0.0,0.0,0.0,0.0,0.0,0.0,0.0,0.0,0.0,0.0,0.0,0.0,0.0,0.0,0.0,2.067397146991937e-05,0.00024808765763903245,0.0,0.0027393012197643165,0.0056026462683481494,0.0020363861897870583,0.00885879677486045,0.008042174901798635,0.008683068017366137,0.029036592929501757,0.009778788505271863,0.014347736200124044,0.03390531321066777,0.016880297705189166,0.028033905313210667,0.029470746330370064,0.036747984287781685,0.055395906553648955,0.04868720281166012,0.064616497829233,0.0919474881124664,0.0546929915236717,0.0901798635517883,0.058393632416787265,0.07203845358693405,0.04308455654331197,0.049720901385156085,0.011701467851974364,0.03839156501964027,0.021232168699607194,0.012631796568120735,0.01546413065949969,0.006233202398180691,0.012032251395493075,0.016652884019020053,0.00012404382881951622,0.0016642547033285094,0.0,0.0006822410585073393,0.0,0.0,0.0,0.0,0.0,0.0,0.0,0.0,0.0,0.0,0.0,0.0,0.0,0.0,0.0,0.0,0.0,0.0,0.0,0.0,0.0,0.0,0.0,0.0,0.0,0.0,0.0,0.0,0.0,0.0,0.0,0.0,0.0,0.0,0.0,0.0,0.0,0.0,0.0,0.0,0.0,0.0,nan,nan,4.238683127572016,2.903209787878129,nan,0.8873810577864694,0.022521133765659666,0.0,0.0,0.0,0.0,0.0,0.0,0.0,0.0,0.0,0.0,0.0,0.0,0.0,0.0,0.0,0.0,0.0,0.0,0.0,0.0,0.0,0.0,0.0,0.011881188118811845,0.23762376237623767,4.97821782178218,16.14653465346535,8.00792079207921,0.617821782178218,0.0,0.8880042040843039,0.02218098273585654,0.0,0.0,0.0,0.0,0.0,0.0,0.0,0.0,0.0,0.0,0.0,0.0,0.0,0.0,0.0,0.0,0.0,0.0,0.0,0.0,0.0,0.0,0.0,0.0,0.18166089965397927,4.878892733564014,16.401384083044984,7.746539792387545,0.7785467128027683,0.012975778546712806,0.4048,0.012344,0.0,0.0,0.0,0.0,0.0,0.0,0.0,0.0,0.0,0.0,0.0,10.752475247524737,18.962376237623765,0.2851485148514852,0.0,0.0,0.0,0.0,0.0,0.0,0.0,0.0,0.0,0.0,0.0,0.0,0.0,0.0,0.0,0.0,0.4045,0.01231,0.0,0.0,0.0,0.0,0.0,0.0,0.0,0.0,0.0,0.0,0.02595155709342561,10.756920415224897,18.931660899653984,0.2854671280276817,0.0,0.0,0.0,0.0,0.0,0.0,0.0,0.0,0.0,0.0,0.0,0.0,0.0,0.0,0.0,0.0
96100,4772,2501,0.5240989103101426,1146,957,0.44069572506286675,1311,0.549455155071249,0.434,2.9370321444297667,3.1213526912095246,6.662771285475793,2.1858093704125148,8302.051293225575,427.9247085086922,7853.0,8728.92644893527,8709.806385954595,5.62866662563568,7853.0,0.0,27.631810561609388,20.76620188298164,32.58894170627971,19.05039621642701,0.13935456831517185,0.10792120704107293,0.09178541492036882,0.08968985750209556,0.08005029337803855,0.07376362112321877,0.06307627829002514,0.0626571668063705,0.054484492875104776,0.057837384744341996,0.04861693210393965,0.04316848281642917,0.03038558256496228,0.025356244761106456,0.01697401508801341,0.008801341156747695,0.006077116512992456,0.8882561675510982,0.0221168784890347,0.0,0.0,0.0,0.0,0.0,0.0,0.0,0.0,0.0,0.0,0.0,0.0,0.0,0.0,0.0,0.0,0.0,0.0,0.0,0.0,0.0,0.0,0.0,0.0,0.20746018440905287,4.63327745180218,16.137887678122382,8.373847443419951,0.6475272422464378,0.0,4.254287598944591,2.8873384008975123,nan,nan,nan,4.204682274247491,2.8919640967995153,4.302537410540013,2.8820129712568,1.0232728967160865,0.4048,0.01265,0.0,0.0,0.0,0.0,0.0,0.0,0.0,0.0,0.0,0.0,0.03143336127409892,10.599329421626138,19.036043587594303,0.33319362950544856,0.0,0.0,0.0,0.0,0.0,0.0,0.0,0.0,0.0,0.0,0.0,0.0,0.0,0.0,0.0,0.0,nan,nan,4.254287598944591,2.8873384008975123,nan,0.4048,0.06183,0.0,0.0,0.0,0.0,0.0,0.0,0.0,0.0,0.0,0.0,0.0,0.0,0.0,0.0,0.0,0.0,0.0,0.0,0.0,0.0,0.0,0.00015716680637049455,0.0,0.0027870913663034366,0.0054798826487845766,0.0016974015088013412,0.009189019279128248,0.008989941324392289,0.00759639564124057,0.028782481139983235,0.010509220452640402,0.013757334450963957,0.03448239731768651,0.018430427493713326,0.026823134953897737,0.03164291701592624,0.034147108130762785,0.05602472757753563,0.048396898575020955,0.0654861693210394,0.0893336127409891,0.05720871751886002,0.08986797988264879,0.05560561609388097,0.07287300922045264,0.042759849119865884,0.048187342833193626,0.011515088013411567,0.038317267393126575,0.02129086336965633,0.013055322715842414,0.015852891869237218,0.006339061190276614,0.013034367141659682,0.017665549036043587,0.0002514668901927913,0.0015716680637049454,0.0,0.0008801341156747695,1.0477787091366304e-05,0.0,0.0,0.0,0.0,0.0,0.0,0.0,0.0,0.0,0.0,0.0,0.0,0.0,0.0,0.0,0.0,0.0,0.0,0.0,0.0,0.0,0.0,0.0,0.0,0.0,0.0,0.0,0.0,0.0,0.0,0.0,0.0,0.0,0.0,0.0,0.0,0.0,0.0,0.0,0.0,0.0,nan,nan,4.254287598944591,2.8873384008975123,nan,0.8881416764082026,0.021622626828376953,0.0,0.0,0.0,0.0,0.0,0.0,0.0,0.0,0.0,0.0,0.0,0.0,0.0,0.0,0.0,0.0,0.0,0.0,0.0,0.0,0.0,0.0,0.0,0.0,0.21591363454618157,4.330267892842864,16.553378648540587,8.372650939624151,0.5277888844462216,0.0,0.8883822540100951,0.022648040576064687,0.0,0.0,0.0,0.0,0.0,0.0,0.0,0.0,0.0,0.0,0.0,0.0,0.0,0.0,0.0,0.0,0.0,0.0,0.0,0.0,0.0,0.0,0.0,0.0,0.1981505944517834,4.966974900924703,15.680317040951126,8.375165125495379,0.7793923381770147,0.0,0.4048,0.01271,0.0,0.0,0.0,0.0,0.0,0.0,0.0,0.0,0.0,0.0,0.03598560575769693,10.423830467812861,19.240303878448625,0.2998800479808077,0.0,0.0,0.0,0.0,0.0,0.0,0.0,0.0,0.0,0.0,0.0,0.0,0.0,0.0,0.0,0.0,0.4048,0.01257,0.0,0.0,0.0,0.0,0.0,0.0,0.0,0.0,0.0,0.0,0.026420079260237785,10.792602377807118,18.811096433289304,0.36988110964332904,0.0,0.0,0.0,0.0,0.0,0.0,0.0,0.0,0.0,0.0,0.0,0.0,0.0,0.0,0.0,0.0
96200,4745,2469,0.5203371970495259,1159,979,0.4505795574288725,1331,0.5610115911485775,0.43,2.986379613356766,3.153552531857315,6.740983606557377,2.223228862151116,8298.620798426793,427.8683585052817,7853.0,8731.847380691766,8709.407731281948,5.567894609543762,7853.0,0.0,28.008219178082193,20.84280409392649,32.877938969484745,19.0890886426482,0.139304531085353,0.09546891464699683,0.09610115911485774,0.08661749209694415,0.07903055848261328,0.07839831401475238,0.06912539515279241,0.0636459430979979,0.061959957850368806,0.04657534246575343,0.04847207586933614,0.039409905163329824,0.03329820864067439,0.028029504741833508,0.017702845100105374,0.010326659641728134,0.006533192834562698,0.8866782305112503,0.022104968398016497,0.0,0.0,0.0,0.0,0.0,0.0,0.0,0.0,0.0,0.0,0.0,0.0,0.0,0.0,0.0,0.0,0.0,0.0,0.0,0.0,0.0,0.0,0.0,0.0,0.2276080084299263,5.216016859852478,16.3940990516333,7.637513171759749,0.5184404636459432,0.006322444678609064,4.216568819308545,2.9147597887675554,nan,nan,nan,4.204015544041451,2.912668317050018,4.2314266929651545,2.916607528741266,1.0065202301553224,0.405,0.01259,0.0,0.0,0.0,0.0,0.0,0.0,0.0,0.0,0.0,0.0,0.006322444678609064,10.722866174920954,18.872497365648055,0.398314014752371,0.0,0.0,0.0,0.0,0.0,0.0,0.0,0.0,0.0,0.0,0.0,0.0,0.0,0.0,0.0,0.0,nan,nan,4.216568819308545,2.9147597887675554,nan,0.405,0.0617,0.0,0.0,0.0,0.0,0.0,0.0,0.0,0.0,0.0,0.0,0.0,0.0,0.0,0.0,0.0,0.0,0.0,0.0,0.0,0.0,0.0,0.000136986301369863,1.053740779768177e-05,0.003024236037934668,0.006343519494204425,0.0016649104320337197,0.00922023182297155,0.00850368809272919,0.007639620653319284,0.02785036880927292,0.01053740779768177,0.011464699683877765,0.03359325605900949,0.020063224446786092,0.02756585879873551,0.030621707060063223,0.03478398314014752,0.05695468914646997,0.05100105374077977,0.06389884088514225,0.0883245521601686,0.05512118018967334,0.088145416227608,0.059841938883034775,0.07458377239199157,0.04324552160168599,0.045995785036880926,0.01185458377239199,0.03811380400421496,0.02094836670179136,0.014446786090621708,0.01500526870389884,0.006701791359325606,0.013730242360379346,0.016280295047418337,0.00020021074815595365,0.0017175974710221286,2.107481559536354e-05,0.0007903055848261328,3.161222339304531e-05,2.107481559536354e-05,0.0,0.0,0.0,0.0,0.0,0.0,0.0,0.0,0.0,0.0,0.0,0.0,0.0,0.0,0.0,0.0,0.0,0.0,0.0,0.0,0.0,0.0,0.0,0.0,0.0,0.0,0.0,0.0,0.0,0.0,0.0,0.0,0.0,0.0,0.0,0.0,0.0,0.0,0.0,0.0,nan,nan,4.216568819308545,2.9147597887675554,nan,0.8863662392468334,0.022034621146111048,0.0,0.0,0.0,0.0,0.0,0.0,0.0,0.0,0.0,0.0,0.0,0.0,0.0,0.0,0.0,0.0,0.0,0.0,0.0,0.0,0.0,0.0,0.0,0.0,0.25516403402187127,5.2976913730255175,16.500607533414342,7.484811664641557,0.4495747266099636,0.012150668286755775,0.8870166779769116,0.022176065773576746,0.0,0.0,0.0,0.0,0.0,0.0,0.0,0.0,0.0,0.0,0.0,0.0,0.0,0.0,0.0,0.0,0.0,0.0,0.0,0.0,0.0,0.0,0.0,0.0,0.19771528998242535,5.127416520210897,16.278558875219687,7.80316344463972,0.593145869947276,0.0,0.4048,0.01249,0.0,0.0,0.0,0.0,0.0,0.0,0.0,0.0,0.0,0.0,0.0,10.631834750911285,19.015795868772784,0.35236938031591747,0.0,0.0,0.0,0.0,0.0,0.0,0.0,0.0,0.0,0.0,0.0,0.0,0.0,0.0,0.0,0.0,0.405,0.01269,0.0,0.0,0.0,0.0,0.0,0.0,0.0,0.0,0.0,0.0,0.013181019332161691,10.821616871704729,18.7170474516696,0.44815465729349746,0.0,0.0,0.0,0.0,0.0,0.0,0.0,0.0,0.0,0.0,0.0,0.0,0.0,0.0,0.0,0.0
96300,4626,2366,0.5114569822741029,1098,958,0.4444444444444444,1311,0.5667963683527886,0.438,3.0,3.1514851113530025,6.699029126213592,2.2237390221502755,8291.031008956688,428.125166036365,7853.0,8727.534754508733,8709.437636277955,5.607219630774187,7853.0,0.0,27.77539991353221,20.869717336608446,32.87697487697488,19.07468766921098,0.1454820579334198,0.09533073929961089,0.09424989191526156,0.08690012970168612,0.08019887591872028,0.08084738434932988,0.06441850410722005,0.06463467358408993,0.05425853869433636,0.05512321660181582,0.04582792909641158,0.0399913532209252,0.032641591007349764,0.02248162559446606,0.020103761348897537,0.010808473843493299,0.006701253782965845,0.8874230983450049,0.022177268448409882,0.0,0.0,0.0,0.0,0.0,0.0,0.0,0.0,0.0,0.0,0.0,0.0,0.0,0.0,0.0,0.0,0.0,0.0,0.0,0.0,0.0,0.0,0.0,0.0,0.22697795071335933,5.149156939040208,16.011673151750976,8.0674448767834,0.5382619974059664,0.0064850843060959805,4.340174966352625,2.908952806369136,nan,nan,nan,4.431137724550898,2.932215214509151,4.24710687542546,2.881987935729191,0.9584687137784483,0.4043,0.0124,0.0,0.0,0.0,0.0,0.0,0.0,0.0,0.0,0.0,0.0,0.0324254215304799,10.972762645914381,18.696498054474713,0.2983138780804151,0.0,0.0,0.0,0.0,0.0,0.0,0.0,0.0,0.0,0.0,0.0,0.0,0.0,0.0,0.0,0.0,nan,nan,4.340174966352625,2.908952806369136,nan,0.4043,0.0619,0.0,0.0,0.0,0.0,0.0,0.0,0.0,0.0,0.0,0.0,0.0,0.0,0.0,0.0,0.0,0.0,0.0,0.0,0.0,0.0,0.0,0.0001945525291828794,0.0,0.002993947254647644,0.007101167315175097,0.001880674448767834,0.00953307392996109,0.009489840034587116,0.00730652831820147,0.02692390834414181,0.010116731517509728,0.010959792477302204,0.033841331603977516,0.022849113705144832,0.025929528750540425,0.034446606139213146,0.03293341980112408,0.059673584089926505,0.04881106787721574,0.06303501945525292,0.08538694336359706,0.05821444012105491,0.08937527021184609,0.05737137916126243,0.07460008646779075,0.042412451361867706,0.047438391699092086,0.010397751837440553,0.03911586683960225,0.0187094682230869,0.01425637699956766,0.014418504107220061,0.007003891050583658,0.015056204063986165,0.015953307392996108,0.00014051015996541287,0.001772589710332901,5.404236921746649e-05,0.00022697795071335928,2.16169476869866e-05,5.404236921746649e-05,0.0,0.0,0.0,0.0,0.0,0.0,0.0,0.0,0.0,0.0,0.0,0.0,0.0,0.0,0.0,0.0,0.0,0.0,0.0,0.0,0.0,0.0,0.0,0.0,0.0,0.0,0.0,0.0,0.0,0.0,0.0,0.0,0.0,0.0,0.0,0.0,0.0,0.0,0.0,0.0,nan,nan,4.340174966352625,2.908952806369136,nan,0.8872438148986659,0.022035620106940428,0.0,0.0,0.0,0.0,0.0,0.0,0.0,0.0,0.0,0.0,0.0,0.0,0.0,0.0,0.0,0.0,0.0,0.0,0.0,0.0,0.0,0.0,0.0,0.0,0.26627218934911245,5.03381234150465,16.432797971259514,7.734573119188505,0.5325443786982249,0.0,0.8876107906609509,0.022323054810345265,0.0,0.0,0.0,0.0,0.0,0.0,0.0,0.0,0.0,0.0,0.0,0.0,0.0,0.0,0.0,0.0,0.0,0.0,0.0,0.0,0.0,0.0,0.0,0.0,0.1858407079646018,5.26991150442478,15.570796460176995,8.415929203539825,0.5442477876106195,0.013274336283185844,0.404,0.0122,0.0,0.0,0.0,0.0,0.0,0.0,0.0,0.0,0.0,0.0,0.038038884192730354,11.15807269653422,18.562975486052412,0.24091293322062557,0.0,0.0,0.0,0.0,0.0,0.0,0.0,0.0,0.0,0.0,0.0,0.0,0.0,0.0,0.0,0.0,0.4045,0.012596,0.0,0.0,0.0,0.0,0.0,0.0,0.0,0.0,0.0,0.0,0.026548672566371688,10.778761061946886,18.83628318584071,0.3584070796460178,0.0,0.0,0.0,0.0,0.0,0.0,0.0,0.0,0.0,0.0,0.0,0.0,0.0,0.0,0.0,0.0
96400,4905,2558,0.5215086646279307,1193,972,0.4413863404689093,1348,0.5496432212028542,0.422,3.0306774605879845,3.1877609485130454,6.7507552870090635,2.1750697534935934,8299.724346928486,427.9238647596674,7853.0,8727.19743245244,8709.60004757006,5.772791528099641,7853.0,0.0,27.47196738022426,20.583448887317093,32.37168572123571,18.882332025313236,0.13720693170234455,0.10682976554536187,0.10132517838939857,0.08419979612640163,0.07726809378185524,0.07400611620795107,0.06687054026503568,0.06442405708460755,0.05790010193679918,0.0564729867482161,0.045056065239551475,0.04097859327217125,0.03527013251783894,0.021406727828746176,0.015494393476044852,0.009785932721712538,0.005504587155963303,0.8869334913418077,0.022340522545300744,0.0,0.0,0.0,0.0,0.0,0.0,0.0,0.0,0.0,0.0,0.0,0.0,0.0,0.0,0.0,0.0,0.0,0.0,0.0,0.0,0.0,0.0,0.0,0.0,0.2446483180428135,5.192660550458717,16.238532110091747,7.737003058103977,0.5810397553516821,0.006116207951070338,4.396646243147372,2.949326144809718,nan,nan,nan,4.452707110241357,2.9587092425458037,4.341836734693878,2.9390899420790366,0.9751004562387511,0.4053,0.01241,0.0,0.0,0.0,0.0,0.0,0.0,0.0,0.0,0.0,0.0,0.024464831804281353,9.987767584097844,19.58409785932722,0.4036697247706423,0.0,0.0,0.0,0.0,0.0,0.0,0.0,0.0,0.0,0.0,0.0,0.0,0.0,0.0,0.0,0.0,nan,nan,4.396646243147372,2.949326144809718,nan,0.4053,0.06183,0.0,0.0,0.0,0.0,0.0,0.0,0.0,0.0,0.0,0.0,0.0,0.0,0.0,0.0,0.0,0.0,0.0,0.0,0.0,0.0,1.019367991845056e-05,1.019367991845056e-05,2.038735983690112e-05,0.0031192660550458714,0.006799184505606524,0.002242609582059123,0.010061162079510704,0.006972477064220183,0.008338430173292558,0.024994903160040775,0.00979612640163099,0.010132517838939857,0.03492354740061162,0.022996941896024466,0.025902140672782875,0.03381243628950051,0.031060142711518857,0.05890927624872579,0.04967380224260958,0.06126401630988787,0.08484199796126402,0.05796126401630989,0.09409785932721712,0.05971457696228338,0.073506625891947,0.040499490316004076,0.046228338430173294,0.012558613659531091,0.038144750254842,0.019938837920489297,0.015494393476044852,0.013404689092762488,0.008236493374108053,0.014689092762487258,0.017186544342507645,9.174311926605505e-05,0.0019775739041794087,0.0001529051987767584,0.0001834862385321101,3.0581039755351684e-05,2.038735983690112e-05,0.0,0.0,0.0,0.0,0.0,0.0,0.0,0.0,0.0,0.0,0.0,0.0,0.0,0.0,0.0,0.0,0.0,0.0,0.0,0.0,0.0,0.0,0.0,0.0,0.0,0.0,0.0,0.0,0.0,0.0,0.0,0.0,0.0,0.0,0.0,0.0,0.0,0.0,0.0,0.0,nan,nan,4.396646243147372,2.949326144809718,nan,0.8869375763133319,0.022673091761599606,0.0,0.0,0.0,0.0,0.0,0.0,0.0,0.0,0.0,0.0,0.0,0.0,0.0,0.0,0.0,0.0,0.0,0.0,0.0,0.0,0.0,0.0,0.0,0.0,0.31665363565285387,5.2071931196247085,16.067240031274437,7.763878029710713,0.6333072713057077,0.011727912431587181,0.8869290391231629,0.021972321710997274,0.0,0.0,0.0,0.0,0.0,0.0,0.0,0.0,0.0,0.0,0.0,0.0,0.0,0.0,0.0,0.0,0.0,0.0,0.0,0.0,0.0,0.0,0.0,0.0,0.16616957818491696,5.176821474222413,16.42522368981679,7.707711972731148,0.524073285044738,0.0,0.4053,0.01264,0.0,0.0,0.0,0.0,0.0,0.0,0.0,0.0,0.0,0.0,0.023455824863174362,10.226739640344004,19.26896012509774,0.48084440969507436,0.0,0.0,0.0,0.0,0.0,0.0,0.0,0.0,0.0,0.0,0.0,0.0,0.0,0.0,0.0,0.0,0.4053,0.01216,0.0,0.0,0.0,0.0,0.0,0.0,0.0,0.0,0.0,0.0,0.025564550489987223,9.727311461440122,19.92756710694504,0.31955688112484026,0.0,0.0,0.0,0.0,0.0,0.0,0.0,0.0,0.0,0.0,0.0,0.0,0.0,0.0,0.0,0.0
96500,4969,2576,0.5184141678406118,1229,1016,0.4518011672368686,1402,0.564298651640169,0.414,2.9820309235269535,3.137350801237529,6.751152073732719,2.0907545128720346,8297.038802871906,427.9954280072561,7853.0,8730.92136233449,8709.532923707493,5.674139176305764,7853.0,0.0,27.58603340712417,20.651091816697374,32.50287907869482,18.91676615108768,0.13986717649426444,0.09901388609378145,0.09639766552626283,0.08935399476755887,0.07949285570537332,0.08110283759307708,0.06761923928355806,0.06339303682833568,0.05836184342926142,0.04930569531092775,0.04689072247937211,0.040450794928557056,0.030790903602334475,0.024954719259408332,0.017911048500704366,0.009257395854296638,0.005836184342926142,0.8862457043041667,0.022053380250415852,0.0,0.0,0.0,0.0,0.0,0.0,0.0,0.0,0.0,0.0,0.0,0.0,0.0,0.0,0.0,0.0,0.0,0.0,0.0,0.0,0.0,0.0,0.0,0.0,0.28375930770778834,5.379351982290201,16.572751056550615,7.226806198430269,0.5373314550211311,0.0,4.249921801689084,2.8968996662099102,nan,nan,nan,4.272113022113022,2.9047590717419713,4.226896112173359,2.8885418994182674,0.9894157973570422,0.4053,0.01274,0.0,0.0,0.0,0.0,0.0,0.0,0.0,0.0,0.0,0.0,0.036224592473334684,10.10062386798147,19.452606158180725,0.4105453813644597,0.0,0.0,0.0,0.0,0.0,0.0,0.0,0.0,0.0,0.0,0.0,0.0,0.0,0.0,0.0,0.0,nan,nan,4.249921801689084,2.8968996662099102,nan,0.4053,0.062,0.0,0.0,0.0,0.0,0.0,0.0,0.0,0.0,0.0,0.0,0.0,0.0,0.0,0.0,0.0,0.0,0.0,0.0,0.0,0.0,0.0,3.0187160394445563e-05,0.0,0.0031696518414167842,0.006651237673576172,0.001911853491648219,0.009478768363855907,0.007083920305896559,0.009146709599517005,0.024028979673978667,0.010364258402092976,0.011933990742604145,0.035228416180317974,0.02321392634332864,0.026655262628295432,0.033628496679412354,0.03160595693298451,0.05694304689072248,0.05071442946266855,0.05902596095793922,0.084282551821292,0.058935399476755884,0.09124572348561079,0.06369490843228014,0.07037633326625076,0.03861944053129402,0.04837995572549809,0.013433286375528276,0.03860937814449587,0.019531092775206278,0.01524451599919501,0.013232038639565305,0.008220970014087342,0.015465888508754277,0.017327430066411752,0.00022137250955926746,0.00197222781243711,0.0002012477359629704,0.00012074864157778225,7.043670758703965e-05,0.0,0.0,0.0,0.0,0.0,0.0,0.0,0.0,0.0,0.0,0.0,0.0,0.0,0.0,0.0,0.0,0.0,0.0,0.0,0.0,0.0,0.0,0.0,0.0,0.0,0.0,0.0,0.0,0.0,0.0,0.0,0.0,0.0,0.0,0.0,0.0,0.0,0.0,0.0,0.0,0.0,nan,nan,4.249921801689084,2.8968996662099102,nan,0.8864031673079322,0.022430730373340462,0.0,0.0,0.0,0.0,0.0,0.0,0.0,0.0,0.0,0.0,0.0,0.0,0.0,0.0,0.0,0.0,0.0,0.0,0.0,0.0,0.0,0.0,0.0,0.0,0.32608695652173925,5.392080745341616,16.385869565217394,7.243788819875777,0.6521739130434785,0.0,0.8860761996248104,0.021638539467300284,0.0,0.0,0.0,0.0,0.0,0.0,0.0,0.0,0.0,0.0,0.0,0.0,0.0,0.0,0.0,0.0,0.0,0.0,0.0,0.0,0.0,0.0,0.0,0.0,0.23819473464270793,5.365649811951527,16.77392394483912,7.208524864187214,0.4137066443794401,0.0,0.4053,0.0127,0.0,0.0,0.0,0.0,0.0,0.0,0.0,0.0,0.0,0.0,0.011645962732919258,9.945652173913029,19.635093167701868,0.407608695652174,0.0,0.0,0.0,0.0,0.0,0.0,0.0,0.0,0.0,0.0,0.0,0.0,0.0,0.0,0.0,0.0,0.4053,0.01278,0.0,0.0,0.0,0.0,0.0,0.0,0.0,0.0,0.0,0.0,0.06268282490597578,10.267446719598814,19.25616381111576,0.4137066443794401,0.0,0.0,0.0,0.0,0.0,0.0,0.0,0.0,0.0,0.0,0.0,0.0,0.0,0.0,0.0,0.0
96600,4474,2328,0.5203397407241842,1063,900,0.4387572641931158,1218,0.5444792132320071,0.426,2.929636533084809,3.0832178936809136,6.404006677796327,2.201164657563125,8298.760068758187,428.000532091675,7853.0,8729.399003469944,8709.671197433043,5.662224147765024,7853.0,0.0,27.810683951721057,20.8655393109,32.745672436751,19.146197066199914,0.1399195350916406,0.09812248547161377,0.09991059454626733,0.08806437192668753,0.08225301743406348,0.06951274027715691,0.06325435851586947,0.06638354939651318,0.05744300402324542,0.05252570406794815,0.05006705409029951,0.042914617791685296,0.03173893607510058,0.021904336164506034,0.016987036209208762,0.012069736253911488,0.006928922664282521,0.8867419414691857,0.022413674716032877,0.0,0.0,0.0,0.0,0.0,0.0,0.0,0.0,0.0,0.0,0.0,0.0,0.0,0.0,0.0,0.0,0.0,0.0,0.0,0.0,0.0,0.0,0.0,0.0,0.24810013410818066,5.303978542691105,16.092981671881986,7.865444792132322,0.48949485918641045,0.0,4.275983146067416,2.889775007716269,nan,nan,nan,4.302861130495464,2.8844408110237505,4.248763250883393,2.8949127226679994,0.9874274632688779,0.4053,0.01272,0.0,0.0,0.0,0.0,0.0,0.0,0.0,0.0,0.0,0.0,0.03352704514975414,10.158694680375488,19.34510505140814,0.4626732230666072,0.0,0.0,0.0,0.0,0.0,0.0,0.0,0.0,0.0,0.0,0.0,0.0,0.0,0.0,0.0,0.0,nan,nan,4.275983146067416,2.889775007716269,nan,0.4053,0.0625,0.0,0.0,0.0,0.0,0.0,0.0,0.0,0.0,0.0,0.0,0.0,0.0,0.0,0.0,0.0,0.0,0.0,0.0,0.0,0.0,0.0,0.0,1.1175681716584712e-05,0.004358515869468038,0.006873044255699598,0.002279839070183281,0.008661153330353152,0.007666517657577112,0.00948815377738042,0.023971837282074207,0.009991059454626732,0.012282074206526598,0.033940545373267766,0.022474295932051854,0.027905677246312027,0.03224184175234689,0.03229772016092982,0.05618015198927134,0.047630755476084044,0.05771122038444345,0.0880867232901207,0.060236924452391594,0.0942221725525257,0.060236924452391594,0.06840634778721502,0.038611980330800176,0.04861421546714349,0.014025480554313813,0.03864550737594993,0.018819848010728654,0.015344210996870809,0.013455520786767993,0.008147071971390255,0.017467590523021905,0.016573535985695127,0.0004470272686633885,0.002291014751899866,0.0003017434063477872,6.705409029950827e-05,3.352704514975413e-05,0.0,0.0,0.0,0.0,0.0,0.0,0.0,0.0,0.0,0.0,0.0,0.0,0.0,0.0,0.0,0.0,0.0,0.0,0.0,0.0,0.0,0.0,0.0,0.0,0.0,0.0,0.0,0.0,0.0,0.0,0.0,0.0,0.0,0.0,0.0,0.0,0.0,0.0,0.0,0.0,0.0,nan,nan,4.275983146067416,2.889775007716269,nan,0.8870110904535478,0.0222105214078996,0.0,0.0,0.0,0.0,0.0,0.0,0.0,0.0,0.0,0.0,0.0,0.0,0.0,0.0,0.0,0.0,0.0,0.0,0.0,0.0,0.0,0.0,0.0,0.0,0.21907216494845366,5.103092783505155,16.23711340206186,7.886597938144331,0.5541237113402063,0.0,0.8864499662429066,0.022628375394213862,0.0,0.0,0.0,0.0,0.0,0.0,0.0,0.0,0.0,0.0,0.0,0.0,0.0,0.0,0.0,0.0,0.0,0.0,0.0,0.0,0.0,0.0,0.0,0.0,0.2795899347623486,5.521901211556385,15.93662628145387,7.842497670083879,0.4193849021435229,0.0,0.4055,0.01279,0.0,0.0,0.0,0.0,0.0,0.0,0.0,0.0,0.0,0.0,0.038659793814433,10.37371134020617,19.085051546391757,0.502577319587629,0.0,0.0,0.0,0.0,0.0,0.0,0.0,0.0,0.0,0.0,0.0,0.0,0.0,0.0,0.0,0.0,0.4053,0.01265,0.0,0.0,0.0,0.0,0.0,0.0,0.0,0.0,0.0,0.0,0.027958993476234862,9.925442684063361,19.62721342031687,0.4193849021435229,0.0,0.0,0.0,0.0,0.0,0.0,0.0,0.0,0.0,0.0,0.0,0.0,0.0,0.0,0.0,0.0
96700,4750,2409,0.5071578947368421,1137,991,0.448,1368,0.576,0.38999999999999996,2.9222554463904316,3.0837554072743285,6.579510703363915,2.1221726805260372,8287.44492762852,428.28885661240605,7853.0,8728.89060434103,8709.626569628666,5.733496691652685,7853.0,0.0,27.861052631578946,20.905654207398896,32.862597337352426,19.14064236353641,0.1425263157894737,0.09768421052631579,0.09094736842105264,0.08863157894736842,0.07831578947368421,0.07936842105263157,0.07452631578947369,0.06315789473684211,0.04905263157894737,0.052421052631578945,0.046526315789473686,0.040842105263157895,0.03663157894736842,0.02273684210526316,0.018526315789473686,0.010526315789473684,0.007578947368421052,0.8863505179380116,0.022276905191856107,0.0,0.0,0.0,0.0,0.0,0.0,0.0,0.0,0.0,0.0,0.0,0.0,0.0,0.0,0.0,0.0,0.0,0.0,0.0,0.0,0.0,0.0,0.0,0.0,0.2147368421052632,5.602105263157896,15.751578947368424,7.907368421052633,0.5242105263157896,0.0,4.272549019607843,2.8597210726940046,nan,nan,nan,4.30348913759052,2.854271772610805,4.242050616482803,2.864755411748908,0.9857235561323815,0.4058,0.01329,0.0,0.0,0.0,0.0,0.0,0.0,0.0,0.0,0.0,0.0,0.044210526315789485,9.896842105263143,19.50947368421053,0.5494736842105264,0.0,0.0,0.0,0.0,0.0,0.0,0.0,0.0,0.0,0.0,0.0,0.0,0.0,0.0,0.0,0.0,nan,nan,4.272549019607843,2.8597210726940046,nan,0.4058,0.0626,0.0,0.0,0.0,0.0,0.0,0.0,0.0,0.0,0.0,0.0,0.0,0.0,0.0,0.0,0.0,0.0,0.0,0.0,0.0,0.0,0.0,0.0,0.0,0.004852631578947369,0.006652631578947368,0.0024105263157894736,0.008831578947368421,0.007168421052631579,0.00983157894736842,0.023494736842105263,0.009452631578947369,0.011947368421052632,0.03496842105263158,0.022473684210526316,0.026473684210526316,0.03387368421052631,0.03017894736842105,0.05488421052631579,0.04804210526315789,0.05690526315789474,0.08785263157894736,0.0586,0.099,0.06064210526315789,0.06551578947368421,0.03673684210526316,0.05206315789473684,0.012736842105263158,0.04162105263157895,0.01725263157894737,0.017810526315789475,0.012042105263157894,0.00871578947368421,0.017705263157894738,0.016052631578947367,0.0007052631578947368,0.002305263157894737,0.00010526315789473685,8.421052631578948e-05,1.0526315789473684e-05,0.0,0.0,0.0,0.0,0.0,0.0,0.0,0.0,0.0,0.0,0.0,0.0,0.0,0.0,0.0,0.0,0.0,0.0,0.0,0.0,0.0,0.0,0.0,0.0,0.0,0.0,0.0,0.0,0.0,0.0,0.0,0.0,0.0,0.0,0.0,0.0,0.0,0.0,0.0,0.0,0.0,nan,nan,4.272549019607843,2.8597210726940046,nan,0.8864844137081322,0.02198185893177306,0.0,0.0,0.0,0.0,0.0,0.0,0.0,0.0,0.0,0.0,0.0,0.0,0.0,0.0,0.0,0.0,0.0,0.0,0.0,0.0,0.0,0.0,0.0,0.0,0.16189290161892905,5.491905354919055,15.927770859277711,7.957658779576589,0.46077210460772117,0.0,0.8862127328418046,0.022575667574997817,0.0,0.0,0.0,0.0,0.0,0.0,0.0,0.0,0.0,0.0,0.0,0.0,0.0,0.0,0.0,0.0,0.0,0.0,0.0,0.0,0.0,0.0,0.0,0.0,0.26911576249466046,5.7155061939342175,15.570269115762498,7.855617257582232,0.589491670226399,0.0,0.4058,0.0133,0.0,0.0,0.0,0.0,0.0,0.0,0.0,0.0,0.0,0.0,0.03735990037359901,9.962640099626386,19.551681195516814,0.4483188044831881,0.0,0.0,0.0,0.0,0.0,0.0,0.0,0.0,0.0,0.0,0.0,0.0,0.0,0.0,0.0,0.0,0.4058,0.01328,0.0,0.0,0.0,0.0,0.0,0.0,0.0,0.0,0.0,0.0,0.051260145237078183,9.829132849209726,19.46604015378044,0.6535668517727468,0.0,0.0,0.0,0.0,0.0,0.0,0.0,0.0,0.0,0.0,0.0,0.0,0.0,0.0,0.0,0.0
96800,4581,2340,0.5108055009823183,1079,982,0.449901768172888,1322,0.5771665575201921,0.414,2.9781347612672913,3.122511761072731,6.730508474576271,2.14403028037118,8290.45981151373,428.12436092766075,7853.0,8727.051413589716,8709.411707924955,5.570543480190804,7853.0,0.0,27.636542239685657,20.868073682030726,32.77169069462647,19.093081937589243,0.1436367605326348,0.09975987775594848,0.09408426107836716,0.08993669504475005,0.07924034053700066,0.07618423924907225,0.07050862257149094,0.06395983409735866,0.05326347958960925,0.051735428945645055,0.04453176162409954,0.03929273084479371,0.030997598777559483,0.0275049115913556,0.01768172888015717,0.009386596812922943,0.008295132067234229,0.8851688788905724,0.022173947874130906,0.0,0.0,0.0,0.0,0.0,0.0,0.0,0.0,0.0,0.0,0.0,0.0,0.0,0.0,0.0,0.0,0.0,0.0,0.0,0.0,0.0,0.0,0.0,0.0,0.28159790438768834,5.821872953503603,16.142763588736088,7.347740667976426,0.39947609692206953,0.006548788474132287,4.344769021739131,2.9284411337472633,nan,nan,nan,4.403137789904502,2.9703796439695416,4.286391333784699,2.885991715628046,0.9734856228239146,0.406,0.01259,0.0,0.0,0.0,0.0,0.0,0.0,0.0,0.0,0.0,0.0,0.04584151931892601,9.666011787819238,19.888670595939754,0.39947609692206953,0.0,0.0,0.0,0.0,0.0,0.0,0.0,0.0,0.0,0.0,0.0,0.0,0.0,0.0,0.0,0.0,nan,nan,4.344769021739131,2.9284411337472633,nan,0.406,0.0628,0.0,0.0,0.0,0.0,0.0,0.0,0.0,0.0,0.0,0.0,0.0,0.0,0.0,0.0,0.0,0.0,0.0,0.0,0.0,0.0,0.0,0.0,0.0,0.0046496398166339225,0.007007203667321545,0.002433966382885833,0.008808120497707924,0.008295132067234229,0.009714036236629557,0.02314996725605763,0.010445317616240995,0.011263916175507531,0.036116568434839555,0.020901549879938877,0.023804846103470858,0.03367168740449684,0.030932110892818162,0.05165902641344684,0.04750054573237284,0.05905915738921633,0.09112639161755075,0.05940842610783672,0.09748963108491596,0.059026413446845664,0.0638397729753329,0.036804191224623445,0.05468238375900458,0.012628247107618423,0.042763588736083824,0.01664483737175289,0.017714472822527833,0.010914647456887142,0.009899585243396639,0.01806374154114822,0.015826238812486355,0.0006221349050425671,0.0028268936913337698,0.0001855490067670814,0.00012006112202575857,0.0,0.0,0.0,0.0,0.0,0.0,0.0,0.0,0.0,0.0,0.0,0.0,0.0,0.0,0.0,0.0,0.0,0.0,0.0,0.0,0.0,0.0,0.0,0.0,0.0,0.0,0.0,0.0,0.0,0.0,0.0,0.0,0.0,0.0,0.0,0.0,0.0,0.0,0.0,0.0,0.0,0.0,nan,nan,4.344769021739131,2.9284411337472633,nan,0.8852258582909902,0.02227997870676335,0.0,0.0,0.0,0.0,0.0,0.0,0.0,0.0,0.0,0.0,0.0,0.0,0.0,0.0,0.0,0.0,0.0,0.0,0.0,0.0,0.0,0.0,0.0,0.0,0.32051282051282054,5.756410256410258,16.243589743589748,7.256410256410258,0.41025641025641035,0.012820512820512824,0.885109382327887,0.02206253206749876,0.0,0.0,0.0,0.0,0.0,0.0,0.0,0.0,0.0,0.0,0.0,0.0,0.0,0.0,0.0,0.0,0.0,0.0,0.0,0.0,0.0,0.0,0.0,0.0,0.2409638554216868,5.890227576974566,16.037483266398933,7.44310575635877,0.388219544846051,0.0,0.406,0.01245,0.0,0.0,0.0,0.0,0.0,0.0,0.0,0.0,0.0,0.0,0.051282051282051294,9.410256410256396,20.217948717948723,0.32051282051282054,0.0,0.0,0.0,0.0,0.0,0.0,0.0,0.0,0.0,0.0,0.0,0.0,0.0,0.0,0.0,0.0,0.4058,0.01272,0.0,0.0,0.0,0.0,0.0,0.0,0.0,0.0,0.0,0.0,0.04016064257028113,9.933065595716183,19.544846050870152,0.4819277108433736,0.0,0.0,0.0,0.0,0.0,0.0,0.0,0.0,0.0,0.0,0.0,0.0,0.0,0.0,0.0,0.0
96900,4751,2471,0.5201010313618185,1150,967,0.4455904020206272,1288,0.5422016417596296,0.422,2.8916666666666666,3.0931617891408734,6.629194630872483,2.1694384318919564,8298.261978284918,427.72720933289537,7853.0,8730.720474177599,8709.106701267361,5.7224544563940185,7853.0,0.0,27.68659229635866,20.804936107430922,32.722306143001006,19.03840597935065,0.1433382445800884,0.10334666386023995,0.09029677962534204,0.08650810355714586,0.07935171542833087,0.07872026941696485,0.0658808671858556,0.06714375920858767,0.051357608924436964,0.05619869501157651,0.04272784676910124,0.039781098716059775,0.035992422647863606,0.02841507051147127,0.01599663228793938,0.009471690170490423,0.005472532098505577,0.884173353931272,0.02210301196301826,0.0,0.0,0.0,0.0,0.0,0.0,0.0,0.0,0.0,0.0,0.0,0.0,0.0,0.0,0.0,0.0,0.0,0.0,0.0,0.0,0.0,0.0,0.0,0.006314460113660263,0.3220374657966744,6.093454009682174,16.562828878130922,6.585981898547676,0.4293832877288993,0.0,4.176005273566249,2.90420632276129,nan,nan,nan,4.116094986807388,2.876706477874123,4.23731048121292,2.930593320382113,1.029449148961344,0.406,0.01269,0.0,0.0,0.0,0.0,0.0,0.0,0.0,0.0,0.0,0.0,0.03157230056830142,9.591664912649955,19.934750578825515,0.4420122079562198,0.0,0.0,0.0,0.0,0.0,0.0,0.0,0.0,0.0,0.0,0.0,0.0,0.0,0.0,0.0,0.0,nan,nan,4.176005273566249,2.90420632276129,nan,0.406,0.06256,0.0,0.0,0.0,0.0,0.0,0.0,0.0,0.0,0.0,0.0,0.0,0.0,0.0,0.0,0.0,0.0,0.0,0.0,0.0,0.0,0.0,1.0524100189433804e-05,6.314460113660282e-05,0.0049673752894127555,0.006714375920858767,0.003115133656072406,0.008198274047568933,0.008250894548516102,0.009166491264996843,0.022584719006524943,0.011302883603451904,0.010787202694169648,0.03338244580088402,0.021479688486634393,0.02343717112186908,0.03567669964218059,0.031919595874552724,0.05238897074300147,0.04823195116817512,0.05730372553146706,0.09006524942117448,0.05918753946537571,0.10026310250473584,0.06029256998526626,0.06226057672069038,0.03856030309408546,0.05310460955588297,0.012586823826562829,0.04368553988633972,0.016533361397600504,0.018332982529993685,0.009734792675226268,0.008619238055146285,0.01839612713113029,0.015144180172595244,0.0008419280151547042,0.0031256577562618396,0.00010524100189433803,0.00017890970322037466,0.0,0.0,0.0,0.0,0.0,0.0,0.0,0.0,0.0,0.0,0.0,0.0,0.0,0.0,0.0,0.0,0.0,0.0,0.0,0.0,0.0,0.0,0.0,0.0,0.0,0.0,0.0,0.0,0.0,0.0,0.0,0.0,0.0,0.0,0.0,0.0,0.0,0.0,0.0,0.0,0.0,0.0,nan,nan,4.176005273566249,2.90420632276129,nan,0.8838992822946975,0.022188959366972655,0.0,0.0,0.0,0.0,0.0,0.0,0.0,0.0,0.0,0.0,0.0,0.0,0.0,0.0,0.0,0.0,0.0,0.0,0.0,0.0,0.0,0.0,0.0,0.012140833670578676,0.35208417644678275,6.118980169971673,16.52367462565763,6.556050182112506,0.43707001214083374,0.0,0.8844703850777526,0.022005631580759077,0.0,0.0,0.0,0.0,0.0,0.0,0.0,0.0,0.0,0.0,0.0,0.0,0.0,0.0,0.0,0.0,0.0,0.0,0.0,0.0,0.0,0.0,0.0,0.0,0.2894736842105264,6.065789473684212,16.60526315789474,6.6184210526315805,0.42105263157894746,0.0,0.406,0.01277,0.0,0.0,0.0,0.0,0.0,0.0,0.0,0.0,0.0,0.0,0.024281667341157432,9.615540267098327,19.923108053419675,0.43707001214083374,0.0,0.0,0.0,0.0,0.0,0.0,0.0,0.0,0.0,0.0,0.0,0.0,0.0,0.0,0.0,0.0,0.406,0.0126,0.0,0.0,0.0,0.0,0.0,0.0,0.0,0.0,0.0,0.0,0.03947368421052632,9.565789473684196,19.947368421052634,0.4473684210526317,0.0,0.0,0.0,0.0,0.0,0.0,0.0,0.0,0.0,0.0,0.0,0.0,0.0,0.0,0.0,0.0
97000,4701,2440,0.519038502446288,1162,915,0.4418208891725165,1260,0.5360561582641991,0.426,3.0168067226890756,3.1511643800760347,6.545454545454546,2.190741810806321,8297.394635343951,427.80312163108596,7853.0,8727.542675966024,8709.188188832752,5.6663155482924195,7853.0,0.0,27.942778132312274,20.811854610913393,32.88978971370661,19.044578925559176,0.14124654328866199,0.09742607955754094,0.09359710699851095,0.0874282067645182,0.0799829823441821,0.07700489257604765,0.0631780472239949,0.06424165071261434,0.05913635396724101,0.05679642629227824,0.04764943629015103,0.03935332907891938,0.03360987024037439,0.02616464582003829,0.01574133163156775,0.011274196979366092,0.006168900233992768,0.884237689709212,0.02227698811270732,0.0,0.0,0.0,0.0,0.0,0.0,0.0,0.0,0.0,0.0,0.0,0.0,0.0,0.0,0.0,0.0,0.0,0.0,0.0,0.0,0.0,0.0,0.0,0.0,0.4211869814932994,5.928525845564775,16.32418634333121,6.917677089980857,0.40842373962986606,0.0,4.262071262071262,2.9376215467445896,nan,nan,nan,4.236120401337793,2.9971725246795775,4.290643662906437,2.875969364365529,1.012871036798535,0.4062,0.01255,0.0,0.0,0.0,0.0,0.0,0.0,0.0,0.0,0.0,0.0,0.031908104658583285,9.272495213784287,20.287172941927253,0.40842373962986606,0.0,0.0,0.0,0.0,0.0,0.0,0.0,0.0,0.0,0.0,0.0,0.0,0.0,0.0,0.0,0.0,nan,nan,4.262071262071262,2.9376215467445896,nan,0.4062,0.06204,0.0,0.0,0.0,0.0,0.0,0.0,0.0,0.0,0.0,0.0,0.0,0.0,0.0,0.0,0.0,0.0,0.0,0.0,0.0,0.0,0.0,0.0,4.254413954477771e-05,0.00417996171027441,0.006785790257392044,0.0036800680706232714,0.007104871303977877,0.009572431397574984,0.009019357583492874,0.020740268028079132,0.009891512444160817,0.011710274409700063,0.03385449904275686,0.02034673473728994,0.021995320144650075,0.03553499255477558,0.032588810891299724,0.05147840884918103,0.05074452244203361,0.05917889810678579,0.09076792171878324,0.06129546904913848,0.1013401403956605,0.0601148691767709,0.060731759200170175,0.03830036162518613,0.05055307381408211,0.012582429270368007,0.04529887258030206,0.017698362050627525,0.017124016166773028,0.0101148691767709,0.00797702616464582,0.017932354818123802,0.015911508189746862,0.0008189746862369709,0.0027228249308657733,4.254413954477771e-05,0.00022335673261008297,0.0,0.0,0.0,0.0,0.0,0.0,0.0,0.0,0.0,0.0,0.0,0.0,0.0,0.0,0.0,0.0,0.0,0.0,0.0,0.0,0.0,0.0,0.0,0.0,0.0,0.0,0.0,0.0,0.0,0.0,0.0,0.0,0.0,0.0,0.0,0.0,0.0,0.0,0.0,0.0,0.0,0.0,nan,nan,4.262071262071262,2.9376215467445896,nan,0.8840548674591252,0.022147062316517946,0.0,0.0,0.0,0.0,0.0,0.0,0.0,0.0,0.0,0.0,0.0,0.0,0.0,0.0,0.0,0.0,0.0,0.0,0.0,0.0,0.0,0.0,0.0,0.0,0.44262295081967223,5.950819672131149,16.352459016393446,6.811475409836067,0.44262295081967223,0.0,0.8844349857243433,0.02241468226106646,0.0,0.0,0.0,0.0,0.0,0.0,0.0,0.0,0.0,0.0,0.0,0.0,0.0,0.0,0.0,0.0,0.0,0.0,0.0,0.0,0.0,0.0,0.0,0.0,0.39805395842547553,5.904467049977887,16.293675364882798,7.032286598850068,0.3715170278637772,0.0,0.4062,0.01251,0.0,0.0,0.0,0.0,0.0,0.0,0.0,0.0,0.0,0.0,0.012295081967213118,9.344262295081954,20.200819672131153,0.44262295081967223,0.0,0.0,0.0,0.0,0.0,0.0,0.0,0.0,0.0,0.0,0.0,0.0,0.0,0.0,0.0,0.0,0.4062,0.01259,0.0,0.0,0.0,0.0,0.0,0.0,0.0,0.0,0.0,0.0,0.05307386112339674,9.19504643962847,20.380362671384347,0.3715170278637772,0.0,0.0,0.0,0.0,0.0,0.0,0.0,0.0,0.0,0.0,0.0,0.0,0.0,0.0,0.0,0.0
97100,4675,2429,0.519572192513369,1137,930,0.4421390374331551,1289,0.5514438502673796,0.434,3.0863757791629562,3.2108483674912995,6.943396226415095,2.117597080764834,8297.849369023319,427.7832766210207,7853.0,8728.180102431774,8709.183944085638,5.653327039768001,7853.0,0.0,27.90951871657754,20.864229945344654,32.77425088877603,19.134234255078457,0.14203208556149732,0.09775401069518716,0.09518716577540107,0.08513368983957219,0.08149732620320856,0.07251336898395722,0.06909090909090909,0.06010695187165775,0.06181818181818182,0.04855614973262032,0.04919786096256684,0.0427807486631016,0.03657754010695187,0.025240641711229948,0.01625668449197861,0.010267379679144385,0.005989304812834224,0.8847538624472797,0.022229797792406844,0.0,0.0,0.0,0.0,0.0,0.0,0.0,0.0,0.0,0.0,0.0,0.0,0.0,0.0,0.0,0.0,0.0,0.0,0.0,0.0,0.0,0.0,0.0,0.006417112299465221,0.2438502673796792,5.935828877005349,16.524064171122998,6.795721925133692,0.4941176470588236,0.0,4.374331550802139,2.9685713730725656,nan,nan,nan,4.302709847984137,2.9714836466890007,4.44722598105548,2.964766444776374,1.0335872364572876,0.4055,0.012955,0.0,0.0,0.0,0.0,0.0,0.0,0.0,0.0,0.0,0.0,0.038502673796791446,10.222459893048114,19.296256684491983,0.4427807486631017,0.0,0.0,0.0,0.0,0.0,0.0,0.0,0.0,0.0,0.0,0.0,0.0,0.0,0.0,0.0,0.0,nan,nan,4.374331550802139,2.9685713730725656,nan,0.4055,0.0628,0.0,0.0,0.0,0.0,0.0,0.0,0.0,0.0,0.0,0.0,0.0,0.0,0.0,0.0,0.0,0.0,0.0,0.0,0.0,1.0695187165775402e-05,5.3475935828877e-05,6.41711229946524e-05,3.20855614973262e-05,0.004919786096256685,0.008,0.004245989304812834,0.007893048128342246,0.009807486631016042,0.009229946524064172,0.019818181818181818,0.009497326203208556,0.011850267379679145,0.03563636363636364,0.02013903743315508,0.02186096256684492,0.034288770053475935,0.03272727272727273,0.054877005347593585,0.04935828877005347,0.0593903743315508,0.08997860962566845,0.060213903743315506,0.09790374331550802,0.05916577540106952,0.06279144385026739,0.03977540106951872,0.04733689839572192,0.013112299465240642,0.046021390374331554,0.016973262032085563,0.018737967914438502,0.009657754010695187,0.007807486631016043,0.016684491978609627,0.016128342245989306,0.0006310160427807486,0.00293048128342246,0.0,0.00044919786096256684,0.0,0.0,0.0,0.0,0.0,0.0,0.0,0.0,0.0,0.0,0.0,0.0,0.0,0.0,0.0,0.0,0.0,0.0,0.0,0.0,0.0,0.0,0.0,0.0,0.0,0.0,0.0,0.0,0.0,0.0,0.0,0.0,0.0,0.0,0.0,0.0,0.0,0.0,0.0,0.0,0.0,0.0,nan,nan,4.374331550802139,2.9685713730725656,nan,0.884951850989072,0.022135677450261723,0.0,0.0,0.0,0.0,0.0,0.0,0.0,0.0,0.0,0.0,0.0,0.0,0.0,0.0,0.0,0.0,0.0,0.0,0.0,0.0,0.0,0.0,0.0,0.0,0.24701523260601074,5.817208727871553,16.624125154384522,6.867023466447099,0.44462741869081934,0.0,0.8845397421587607,0.02232916457633248,0.0,0.0,0.0,0.0,0.0,0.0,0.0,0.0,0.0,0.0,0.0,0.0,0.0,0.0,0.0,0.0,0.0,0.0,0.0,0.0,0.0,0.0,0.0,0.013357079252003521,0.24042742653606416,6.064113980409619,16.41585040071238,6.718610863757793,0.5476402493321462,0.0,0.4053,0.013,0.0,0.0,0.0,0.0,0.0,0.0,0.0,0.0,0.0,0.0,0.061753808151502686,10.28818443804033,19.26718814326884,0.3828736105393167,0.0,0.0,0.0,0.0,0.0,0.0,0.0,0.0,0.0,0.0,0.0,0.0,0.0,0.0,0.0,0.0,0.4055,0.01289,0.0,0.0,0.0,0.0,0.0,0.0,0.0,0.0,0.0,0.0,0.013357079252003565,10.151380231522692,19.327693677649158,0.5075690115761354,0.0,0.0,0.0,0.0,0.0,0.0,0.0,0.0,0.0,0.0,0.0,0.0,0.0,0.0,0.0,0.0
97200,4758,2442,0.5132408575031526,1131,961,0.4396805380411938,1355,0.569567044976881,0.38999999999999996,2.848013816925734,2.941022232460989,6.193265007320644,2.0335721871768553,8292.57577237256,428.10522643028065,7853.0,8735.132805103063,8709.470730937199,5.782516158543773,7853.0,0.0,28.98486759142497,21.27555413014874,33.74783683559951,19.506563147502902,0.1307271963009668,0.0937368642286675,0.09289617486338798,0.09163514081546868,0.0748213535098781,0.06956704497688104,0.0725094577553594,0.06116015132408575,0.057587221521647754,0.057166876839007986,0.05191256830601093,0.0439260193358554,0.03257671290458176,0.02711223203026482,0.021227406473308112,0.011769651113913409,0.009667927700714587,0.8853208474899451,0.022643565778542016,0.0,0.0,0.0,0.0,0.0,0.0,0.0,0.0,0.0,0.0,0.0,0.0,0.0,0.0,0.0,0.0,0.0,0.0,0.0,0.0,0.0,0.0,0.0,0.00630517023959645,0.3467843631778059,5.712484237074403,16.361916771752842,6.954602774274907,0.6179066834804541,0.0,4.069849407241269,2.758156052348472,nan,nan,nan,3.999355254674404,2.724746228283634,4.139490445859873,2.7890198255818004,1.03503944567607,0.4058,0.01303,0.0,0.0,0.0,0.0,0.0,0.0,0.0,0.0,0.0,0.0,0.03783102143757882,10.025220680958371,19.4703656998739,0.4665825977301388,0.0,0.0,0.0,0.0,0.0,0.0,0.0,0.0,0.0,0.0,0.0,0.0,0.0,0.0,0.0,0.0,nan,nan,4.069849407241269,2.758156052348472,nan,0.4058,0.063,0.0,0.0,0.0,0.0,0.0,0.0,0.0,0.0,0.0,0.0,0.0,0.0,0.0,0.0,0.0,0.0,0.0,0.0,0.0,0.0,0.00016813787305590584,0.00015762925598991173,2.101723413198823e-05,0.004854981084489281,0.007292980243799916,0.003741067675493905,0.007755359394703657,0.009815048339638503,0.009520807061790669,0.018862967633459436,0.010025220680958387,0.012284573350147121,0.035498108448928124,0.02119588062211013,0.023034888608659102,0.035477091214796135,0.03290248003362758,0.05324716267339218,0.04815048339638504,0.05901639344262295,0.09128835645229087,0.05814417822614544,0.09599621689785624,0.06014081546868432,0.06057166876839008,0.04191887347625053,0.04577553593947037,0.013598150483396385,0.04509247583018075,0.0189260193358554,0.021364018495166035,0.009478772593526691,0.0069777217318200925,0.017023959646910468,0.016467002942412778,0.0005359394703656999,0.0031630937368642286,1.0508617065994115e-05,0.0005044136191677175,0.0,0.0,0.0,0.0,0.0,0.0,0.0,0.0,0.0,0.0,0.0,0.0,0.0,0.0,0.0,0.0,0.0,0.0,0.0,0.0,0.0,0.0,0.0,0.0,0.0,0.0,0.0,0.0,0.0,0.0,0.0,0.0,0.0,0.0,0.0,0.0,0.0,0.0,0.0,0.0,0.0,0.0,nan,nan,4.069849407241269,2.758156052348472,nan,0.8856550206130495,0.022759296752150087,0.0,0.0,0.0,0.0,0.0,0.0,0.0,0.0,0.0,0.0,0.0,0.0,0.0,0.0,0.0,0.0,0.0,0.0,0.0,0.0,0.0,0.0,0.0,0.012285012285012248,0.34398034398034405,5.466830466830468,16.449631449631454,7.076167076167078,0.6511056511056513,0.0,0.8849684939637703,0.022515523224313938,0.0,0.0,0.0,0.0,0.0,0.0,0.0,0.0,0.0,0.0,0.0,0.0,0.0,0.0,0.0,0.0,0.0,0.0,0.0,0.0,0.0,0.0,0.0,0.0,0.3497409326424871,5.971502590673577,16.269430051813476,6.826424870466322,0.5829015544041452,0.0,0.4058,0.013084,0.0,0.0,0.0,0.0,0.0,0.0,0.0,0.0,0.0,0.0,0.024570024570024575,10.122850122850108,19.373464373464376,0.4791154791154792,0.0,0.0,0.0,0.0,0.0,0.0,0.0,0.0,0.0,0.0,0.0,0.0,0.0,0.0,0.0,0.0,0.4058,0.01297,0.0,0.0,0.0,0.0,0.0,0.0,0.0,0.0,0.0,0.0,0.051813471502590684,9.9222797927461,19.57253886010363,0.4533678756476685,0.0,0.0,0.0,0.0,0.0,0.0,0.0,0.0,0.0,0.0,0.0,0.0,0.0,0.0,0.0,0.0
97300,4413,2267,0.5137094946748244,1079,866,0.4407432585542715,1222,0.5538182642193519,0.40599999999999997,2.9613233923578752,3.06209348570142,6.460815047021944,2.093623838635924,8292.806882185738,427.9275254914978,7853.0,8727.065236532688,8709.139290289222,5.599788413428872,7853.0,0.0,28.65080444142307,21.241166381602085,33.48033181696548,19.49290783380232,0.13460231135282122,0.09879900294584183,0.09449354180829368,0.08316338092000906,0.07455245864491276,0.07704509404033537,0.06662134602311352,0.06254248810333107,0.05529118513482891,0.06095626557897122,0.051212327215046455,0.041241785633355996,0.03331067301155676,0.023340131429866306,0.020394289598912305,0.013369589848175845,0.009064128710627692,0.884942284847046,0.021849440182131943,0.0,0.0,0.0,0.0,0.0,0.0,0.0,0.0,0.0,0.0,0.0,0.0,0.0,0.0,0.0,0.0,0.0,0.0,0.0,0.0,0.0,0.0,0.0,0.0,0.25152957171991847,5.778382053025155,16.648538409245415,6.89326988443236,0.4214819850441877,0.00679809653297077,4.266109369557645,2.8565306723876036,nan,nan,nan,4.244306418219462,2.817856343750827,4.287825475017593,2.8961960759880325,1.0102535143578038,0.4058,0.012856,0.0,0.0,0.0,0.0,0.0,0.0,0.0,0.0,0.0,0.0,0.020394289598912308,9.714479945615214,19.823249490142764,0.44187627464310003,0.0,0.0,0.0,0.0,0.0,0.0,0.0,0.0,0.0,0.0,0.0,0.0,0.0,0.0,0.0,0.0,nan,nan,4.266109369557645,2.8565306723876036,nan,0.4058,0.0635,0.0,0.0,0.0,0.0,0.0,0.0,0.0,0.0,0.0,0.0,0.0,0.0,0.0,0.0,0.0,0.0,0.0,0.0,0.0,0.0,0.00010197144799456152,0.00039655563108996147,3.399048266485384e-05,0.004169499206888738,0.007647858599592114,0.0029458418309539994,0.007670518921368683,0.01173804668026286,0.009993201903467029,0.020246997507364604,0.009925220938137322,0.011647405393156583,0.03791071833220032,0.021051438930432813,0.023158848855653752,0.03367323815998187,0.03222297756628144,0.05307047360072513,0.04716745977792885,0.05832766825288919,0.08996147745297983,0.05646952186721051,0.09577384998866983,0.061896668932698844,0.06145479265805574,0.04214819850441876,0.04474280534783594,0.013471561296170406,0.044266938590527986,0.01937457511896669,0.02193519147971901,0.008599592114208021,0.007364604577384999,0.018649444822116473,0.01640607296623612,0.0003059143439836846,0.0034443689100385226,5.665080444142307e-05,0.0005778382053025153,0.0,0.0,0.0,0.0,0.0,0.0,0.0,0.0,0.0,0.0,0.0,0.0,0.0,0.0,0.0,0.0,0.0,0.0,0.0,0.0,0.0,0.0,0.0,0.0,0.0,0.0,0.0,0.0,0.0,0.0,0.0,0.0,0.0,0.0,0.0,0.0,0.0,0.0,0.0,0.0,0.0,0.0,nan,nan,4.266109369557645,2.8565306723876036,nan,0.8844309289601598,0.021901454403277933,0.0,0.0,0.0,0.0,0.0,0.0,0.0,0.0,0.0,0.0,0.0,0.0,0.0,0.0,0.0,0.0,0.0,0.0,0.0,0.0,0.0,0.0,0.0,0.0,0.2382002646669608,6.021173356859287,16.568151742390828,6.762240846934276,0.4102337891486547,0.0,0.8854824730090082,0.021781322840516894,0.0,0.0,0.0,0.0,0.0,0.0,0.0,0.0,0.0,0.0,0.0,0.0,0.0,0.0,0.0,0.0,0.0,0.0,0.0,0.0,0.0,0.0,0.0,0.0,0.2656104380242312,5.521901211556385,16.733457595526563,7.0316868592730675,0.43336439888164036,0.013979496738117431,0.4055,0.01268,0.0,0.0,0.0,0.0,0.0,0.0,0.0,0.0,0.0,0.0,0.013233348037053378,9.673577415086003,19.929422143802384,0.383767093074548,0.0,0.0,0.0,0.0,0.0,0.0,0.0,0.0,0.0,0.0,0.0,0.0,0.0,0.0,0.0,0.0,0.4058,0.01304,0.0,0.0,0.0,0.0,0.0,0.0,0.0,0.0,0.0,0.0,0.027958993476234862,9.75768872320595,19.711090400745576,0.5032618825722275,0.0,0.0,0.0,0.0,0.0,0.0,0.0,0.0,0.0,0.0,0.0,0.0,0.0,0.0,0.0,0.0
97400,4408,2322,0.5267695099818511,1057,879,0.43920145190562615,1211,0.5494555353901996,0.426,3.00575263662512,3.187789124996518,6.7612456747404845,2.241883439179842,8304.133441776723,427.6138603112835,7853.0,8728.33437281251,8709.415250366837,5.753302969781749,7853.0,0.0,27.70508166969147,21.021748990497066,32.76657608695652,19.328358930053874,0.1426950998185118,0.10390199637023594,0.09596188747731398,0.08598003629764066,0.07894736842105263,0.07418330308529945,0.06692377495462795,0.05989110707803993,0.05716878402903811,0.05308529945553539,0.04764065335753176,0.03833938294010889,0.03334845735027223,0.026996370235934663,0.016107078039927405,0.010435571687840291,0.00839382940108893,0.8848967199938916,0.022235314243044015,0.0,0.0,0.0,0.0,0.0,0.0,0.0,0.0,0.0,0.0,0.0,0.0,0.0,0.0,0.0,0.0,0.0,0.0,0.0,0.0,0.0,0.0,0.0,0.0,0.2994555353901997,5.955081669691472,16.17740471869329,7.098457350272234,0.4627949183303086,0.006805807622504539,4.338209061719586,2.977701515942869,nan,nan,nan,4.371228070175438,2.9551762913397024,4.304063860667634,3.0004350485691798,0.9846349336091474,0.4062,0.01298,0.0,0.0,0.0,0.0,0.0,0.0,0.0,0.0,0.0,0.0,0.08166969147005446,9.249092558983653,20.15199637023594,0.517241379310345,0.0,0.0,0.0,0.0,0.0,0.0,0.0,0.0,0.0,0.0,0.0,0.0,0.0,0.0,0.0,0.0,nan,nan,4.338209061719586,2.977701515942869,nan,0.4062,0.0636,0.0,0.0,0.0,0.0,0.0,0.0,0.0,0.0,0.0,0.0,0.0,0.0,0.0,0.0,0.0,0.0,0.0,0.0,0.0,0.0,5.671506352087114e-05,0.0003629764065335753,4.537205081669691e-05,0.003856624319419238,0.008563974591651542,0.0030399274047186934,0.007236842105263158,0.010197368421052632,0.008926950998185117,0.02207350272232305,0.009947822141560798,0.01212568058076225,0.03718239564428312,0.020508166969147007,0.022867513611615244,0.03193058076225045,0.03313294010889292,0.05306261343012704,0.04553085299455535,0.057985480943738656,0.09182168784029038,0.05794010889292196,0.09597323049001814,0.06310117967332124,0.06211433756805808,0.03933756805807623,0.04572368421052632,0.013430127041742287,0.04204854809437387,0.019294464609800364,0.02175589836660617,0.009902450090744102,0.007611161524500907,0.01939655172413793,0.017502268602540835,0.0001588021778584392,0.003368874773139746,6.805807622504538e-05,0.0007599818511796734,5.671506352087114e-05,0.0,0.0,0.0,0.0,0.0,0.0,0.0,0.0,0.0,0.0,0.0,0.0,0.0,0.0,0.0,0.0,0.0,0.0,0.0,0.0,0.0,0.0,0.0,0.0,0.0,0.0,0.0,0.0,0.0,0.0,0.0,0.0,0.0,0.0,0.0,0.0,0.0,0.0,0.0,0.0,0.0,nan,nan,4.338209061719586,2.977701515942869,nan,0.8851040839943569,0.022094684184391828,0.0,0.0,0.0,0.0,0.0,0.0,0.0,0.0,0.0,0.0,0.0,0.0,0.0,0.0,0.0,0.0,0.0,0.0,0.0,0.0,0.0,0.0,0.0,0.0,0.2196382428940569,5.8139534883720945,16.356589147286826,7.157622739018089,0.4392764857881138,0.012919896640826876,0.8846658958284647,0.02238855700671141,0.0,0.0,0.0,0.0,0.0,0.0,0.0,0.0,0.0,0.0,0.0,0.0,0.0,0.0,0.0,0.0,0.0,0.0,0.0,0.0,0.0,0.0,0.0,0.0,0.38830297219558974,6.112176414189839,15.977948226270378,7.032598274209014,0.48897411313518707,0.0,0.4062,0.01307,0.0,0.0,0.0,0.0,0.0,0.0,0.0,0.0,0.0,0.0,0.09043927648578814,9.289405684754508,20.103359173126616,0.516795865633075,0.0,0.0,0.0,0.0,0.0,0.0,0.0,0.0,0.0,0.0,0.0,0.0,0.0,0.0,0.0,0.0,0.4062,0.01287,0.0,0.0,0.0,0.0,0.0,0.0,0.0,0.0,0.0,0.0,0.0719079578139981,9.20421860019174,20.206136145733463,0.5177372962607864,0.0,0.0,0.0,0.0,0.0,0.0,0.0,0.0,0.0,0.0,0.0,0.0,0.0,0.0,0.0,0.0
97500,4307,2177,0.5054562340376132,991,879,0.4341769212909218,1207,0.5604829347573718,0.43,3.0272300469483566,3.1898033448793175,6.934142114384748,2.106973401749229,8285.889721160303,428.2095384892429,7853.0,8726.959722721576,8709.433637591837,5.555639051119264,7853.0,0.0,27.7334571627583,21.010837854912303,32.53899145770185,19.40773462631939,0.13977246343162295,0.10424889714418388,0.09960529370791735,0.08521012305549105,0.07661945669839795,0.07731599721383794,0.0726723937775714,0.06036684467146506,0.05015091711167866,0.04922219642442535,0.04991873693986534,0.037845368005572325,0.0325052240538658,0.02507545855583933,0.02112839563501277,0.011609008590666357,0.006733224982586487,0.885228758265697,0.021884877612458668,0.0,0.0,0.0,0.0,0.0,0.0,0.0,0.0,0.0,0.0,0.0,0.0,0.0,0.0,0.0,0.0,0.0,0.0,0.0,0.0,0.0,0.0,0.0,0.0,0.27165080102159284,5.669839795681449,16.59856048293476,7.062920826561413,0.3970280938007895,0.0,4.3288172830465035,2.9057401038316955,nan,nan,nan,4.282909090909091,2.880271245261632,4.375645756457565,2.931669084939329,1.0216527279893277,0.4065,0.012764,0.0,0.0,0.0,0.0,0.0,0.0,0.0,0.0,0.0,0.0,0.027861620617599264,9.431158579057335,20.081263060134667,0.45971674019038783,0.0,0.0,0.0,0.0,0.0,0.0,0.0,0.0,0.0,0.0,0.0,0.0,0.0,0.0,0.0,0.0,nan,nan,4.3288172830465035,2.9057401038316955,nan,0.4065,0.0638,0.0,0.0,0.0,0.0,0.0,0.0,0.0,0.0,0.0,0.0,0.0,0.0,0.0,0.0,0.0,0.0,0.0,0.0,4.643603436266543e-05,0.0,9.287206872533086e-05,0.000650104481077316,8.12630601346645e-05,0.0041211980496865565,0.008045042953331786,0.0022869746923612723,0.008056651961922451,0.010842814023682378,0.0071163222660784765,0.02158114697004876,0.009705131181797074,0.01335035987926631,0.03682377524959368,0.01944508938936615,0.023531460413280705,0.03216856280473648,0.03384026004179243,0.05485256559089854,0.04308103087996285,0.056744833991177156,0.0938588344555375,0.05895054562340376,0.09352217320640817,0.060575806826097055,0.060970513118179706,0.041211980496865565,0.04450893893661481,0.013779893197120965,0.04618063617367077,0.019421871372184814,0.020861388437427443,0.010889250058045042,0.007580682609705131,0.0188065939168795,0.01733224982586487,0.00047596935221732065,0.0037613187833758998,2.3218017181332715e-05,0.0008010215927559786,2.3218017181332715e-05,0.0,0.0,0.0,0.0,0.0,0.0,0.0,0.0,0.0,0.0,0.0,0.0,0.0,0.0,0.0,0.0,0.0,0.0,0.0,0.0,0.0,0.0,0.0,0.0,0.0,0.0,0.0,0.0,0.0,0.0,0.0,0.0,0.0,0.0,0.0,0.0,0.0,0.0,0.0,0.0,0.0,nan,nan,4.3288172830465035,2.9057401038316955,nan,0.88497758248447,0.02149889359068018,0.0,0.0,0.0,0.0,0.0,0.0,0.0,0.0,0.0,0.0,0.0,0.0,0.0,0.0,0.0,0.0,0.0,0.0,0.0,0.0,0.0,0.0,0.0,0.0,0.24804777216352783,5.594855305466239,16.881028938906756,7.014239779513093,0.26182820395039047,0.0,0.8854854764233173,0.02226954030462059,0.0,0.0,0.0,0.0,0.0,0.0,0.0,0.0,0.0,0.0,0.0,0.0,0.0,0.0,0.0,0.0,0.0,0.0,0.0,0.0,0.0,0.0,0.0,0.0,0.295774647887324,5.746478873239438,16.30985915492958,7.11267605633803,0.5352112676056339,0.0,0.4062,0.01298,0.0,0.0,0.0,0.0,0.0,0.0,0.0,0.0,0.0,0.0,0.04134129536058797,9.604960955443257,19.830041341295363,0.5236564079007809,0.0,0.0,0.0,0.0,0.0,0.0,0.0,0.0,0.0,0.0,0.0,0.0,0.0,0.0,0.0,0.0,0.4065,0.01254,0.0,0.0,0.0,0.0,0.0,0.0,0.0,0.0,0.0,0.0,0.014084507042253525,9.25352112676055,20.338028169014088,0.3943661971830987,0.0,0.0,0.0,0.0,0.0,0.0,0.0,0.0,0.0,0.0,0.0,0.0,0.0,0.0,0.0,0.0
97600,4456,2280,0.5116696588868941,1019,941,0.4398563734290844,1255,0.5632854578096947,0.438,2.969669117647059,3.1319040031001135,6.695804195804196,2.201028816206777,8291.194246734234,428.10383348011715,7853.0,8728.577416324615,8709.400685722692,5.804069270730701,7853.0,0.0,27.409335727109514,20.919554880516863,32.663958841050636,19.13554182630115,0.151032315978456,0.09605026929982047,0.09515260323159784,0.08774685816876122,0.08303411131059246,0.0763016157989228,0.07203770197486535,0.061714542190305206,0.051840215439856376,0.04421005385996409,0.04308797127468582,0.042639138240574505,0.035457809694793535,0.026481149012567325,0.017504488330341114,0.00763016157989228,0.00807899461400359,0.8854191952403401,0.02244882856129272,0.0,0.0,0.0,0.0,0.0,0.0,0.0,0.0,0.0,0.0,0.0,0.0,0.0,0.0,0.0,0.0,0.0,0.0,0.0,0.0,0.0,0.0,0.0,0.0,0.24236983842010776,5.729353680430881,16.178186714542193,7.3451526032315995,0.5049371633752245,0.0,4.214235377026075,2.873890685319409,nan,nan,nan,4.128040057224607,2.858874298223851,4.297916666666667,2.8859325651915944,1.0411518800901056,0.4062,0.01296,0.0,0.0,0.0,0.0,0.0,0.0,0.0,0.0,0.0,0.0,0.0,9.459156193895858,19.934919210053863,0.6059245960502694,0.0,0.0,0.0,0.0,0.0,0.0,0.0,0.0,0.0,0.0,0.0,0.0,0.0,0.0,0.0,0.0,nan,nan,4.214235377026075,2.873890685319409,nan,0.4062,0.06433,0.0,0.0,0.0,0.0,0.0,0.0,0.0,0.0,0.0,0.0,0.0,0.0,0.0,0.0,0.0,0.0,0.0,0.0,0.0,0.0,0.0,0.0008415619389587073,0.0001570915619389587,0.004488330341113106,0.009358168761220826,0.002300269299820467,0.006956912028725314,0.011108617594254936,0.0073159784560143624,0.02146543985637343,0.009885547576301616,0.015552064631956911,0.03632181328545781,0.01977109515260323,0.024046229802513464,0.03179982046678635,0.033830789946140034,0.05264811490125673,0.0425157091561939,0.055935816876122084,0.09456912028725314,0.06149012567324955,0.09322262118491921,0.057899461400359065,0.06181552962298025,0.041214093357271095,0.043907091561938956,0.01350987432675045,0.04631956912028725,0.018626570915619388,0.02056777378815081,0.009605026929982047,0.007405745062836625,0.020926840215439856,0.0171229802513465,0.00033662477558348296,0.004106822262118492,0.0,0.00105475763016158,0.0,0.0,0.0,0.0,0.0,0.0,0.0,0.0,0.0,0.0,0.0,0.0,0.0,0.0,0.0,0.0,0.0,0.0,0.0,0.0,0.0,0.0,0.0,0.0,0.0,0.0,0.0,0.0,0.0,0.0,0.0,0.0,0.0,0.0,0.0,0.0,0.0,0.0,0.0,0.0,0.0,0.0,nan,nan,4.214235377026075,2.873890685319409,nan,0.8849375982817851,0.022575072755491005,0.0,0.0,0.0,0.0,0.0,0.0,0.0,0.0,0.0,0.0,0.0,0.0,0.0,0.0,0.0,0.0,0.0,0.0,0.0,0.0,0.0,0.0,0.0,0.0,0.31578947368421056,5.947368421052633,15.881578947368425,7.421052631578949,0.43421052631578955,0.0,0.8859238097005907,0.022304631335933106,0.0,0.0,0.0,0.0,0.0,0.0,0.0,0.0,0.0,0.0,0.0,0.0,0.0,0.0,0.0,0.0,0.0,0.0,0.0,0.0,0.0,0.0,0.0,0.0,0.16544117647058826,5.50091911764706,16.488970588235297,7.265625000000002,0.5790441176470589,0.0,0.4062,0.0128,0.0,0.0,0.0,0.0,0.0,0.0,0.0,0.0,0.0,0.0,0.0,9.07894736842104,20.368421052631582,0.5526315789473685,0.0,0.0,0.0,0.0,0.0,0.0,0.0,0.0,0.0,0.0,0.0,0.0,0.0,0.0,0.0,0.0,0.406,0.01313,0.0,0.0,0.0,0.0,0.0,0.0,0.0,0.0,0.0,0.0,0.0,9.857536764705868,19.480698529411768,0.661764705882353,0.0,0.0,0.0,0.0,0.0,0.0,0.0,0.0,0.0,0.0,0.0,0.0,0.0,0.0,0.0,0.0
97700,4763,2442,0.5127020785219399,1144,983,0.4465672895234096,1345,0.5647701028763384,0.38999999999999996,2.8569582076691082,3.029121198787467,6.466453674121405,2.172951470810906,8292.07016184803,428.0734363756007,7853.0,8730.503188604116,8709.384594955844,5.681758688975141,7853.0,0.0,27.801175729582194,20.959408664146167,32.80767301905717,19.235784817731414,0.14297711526348938,0.09783749737560361,0.09195884946462314,0.09090909090909091,0.08062145706487509,0.07957169850934286,0.06634474070963678,0.062145706487507876,0.05584715515431451,0.049758555532227584,0.04325005248792778,0.041990342221289105,0.034012177199244174,0.025194205332773462,0.02057526768843166,0.01070753726642872,0.006298551333193366,0.8846126043844093,0.0222189149906352,0.0,0.0,0.0,0.0,0.0,0.0,0.0,0.0,0.0,0.0,0.0,0.0,0.0,0.0,0.0,0.0,0.0,0.0,0.0,0.0,0.0,0.0,0.0,0.0,0.258240604660928,6.052907831198826,16.319546504304014,6.827629645181609,0.5416754146546295,0.0,4.215615811826201,2.87355739493595,nan,nan,nan,4.150128865979381,2.8263784127124887,4.282968853545395,2.9197542834803754,1.0320086416243524,0.4067,0.013054,0.0,0.0,0.0,0.0,0.0,0.0,0.0,0.0,0.0,0.0,0.031492756665966834,8.9124501364686,20.42620197354609,0.6298551333193366,0.0,0.0,0.0,0.0,0.0,0.0,0.0,0.0,0.0,0.0,0.0,0.0,0.0,0.0,0.0,0.0,nan,nan,4.215615811826201,2.87355739493595,nan,0.4067,0.0649,0.0,0.0,0.0,0.0,0.0,0.0,0.0,0.0,0.0,0.0,0.0,0.0,0.0,0.0,0.0,0.0,0.0,0.0,0.0,0.0,0.0,0.0010182657988662607,0.00017845895444047868,0.004681923157673735,0.010382112114213731,0.0016586185177409195,0.007495276086500105,0.011631324795297082,0.007306319546504304,0.020375813562880537,0.010046189376443419,0.016029813142977117,0.03564980054587445,0.020501784589544405,0.025488137728322487,0.02750367415494436,0.032962418643711945,0.05165861851774092,0.03903002309468822,0.055416754146546295,0.09154944362796556,0.0631954650430401,0.09768003359227377,0.06005668696199874,0.06263909300860802,0.04134998950241445,0.042284274616838126,0.012880537476380433,0.045507033382322065,0.019546504304010077,0.02019735460844006,0.011032962418643712,0.006665966827629645,0.022254881377283226,0.01807684232626496,0.0004408985933235356,0.004618937644341801,0.0,0.0010077682133109384,0.0,0.0,0.0,0.0,0.0,0.0,0.0,0.0,0.0,0.0,0.0,0.0,0.0,0.0,0.0,0.0,0.0,0.0,0.0,0.0,0.0,0.0,0.0,0.0,0.0,0.0,0.0,0.0,0.0,0.0,0.0,0.0,0.0,0.0,0.0,0.0,0.0,0.0,0.0,0.0,0.0,0.0,nan,nan,4.215615811826201,2.87355739493595,nan,0.8842340958450389,0.021961379367123498,0.0,0.0,0.0,0.0,0.0,0.0,0.0,0.0,0.0,0.0,0.0,0.0,0.0,0.0,0.0,0.0,0.0,0.0,0.0,0.0,0.0,0.0,0.0,0.0,0.257985257985258,6.253071253071255,16.351351351351354,6.597051597051599,0.5405405405405407,0.0,0.8850108455964483,0.02247981350260129,0.0,0.0,0.0,0.0,0.0,0.0,0.0,0.0,0.0,0.0,0.0,0.0,0.0,0.0,0.0,0.0,0.0,0.0,0.0,0.0,0.0,0.0,0.0,0.0,0.2585092632485998,5.842309349418356,16.286083584661785,7.070228349849205,0.5428694528220596,0.0,0.407,0.01315,0.0,0.0,0.0,0.0,0.0,0.0,0.0,0.0,0.0,0.0,0.03685503685503686,8.83292383292382,20.479115479115485,0.6511056511056513,0.0,0.0,0.0,0.0,0.0,0.0,0.0,0.0,0.0,0.0,0.0,0.0,0.0,0.0,0.0,0.0,0.4065,0.012955,0.0,0.0,0.0,0.0,0.0,0.0,0.0,0.0,0.0,0.0,0.02585092632485998,8.996122361051258,20.370529943989663,0.6074967686342095,0.0,0.0,0.0,0.0,0.0,0.0,0.0,0.0,0.0,0.0,0.0,0.0,0.0,0.0,0.0,0.0
97800,4543,2343,0.5157384987893463,1117,920,0.44838212634822805,1273,0.5604226282192384,0.41,2.915,3.0731317310463013,6.429699842022117,2.1496616593216795,8294.518305906717,427.8532546654945,7853.0,8726.42890586853,8709.089485161847,5.84882732216417,7853.0,0.0,27.78252256218358,20.806716838933255,32.75393907563025,19.055621543913485,0.14241690512876953,0.09927360774818401,0.0887079022672243,0.09333039841514418,0.08078362315650452,0.07594100814439797,0.06867708562623817,0.06295399515738499,0.0561303103675985,0.049966982170372,0.04864626898525204,0.0387409200968523,0.03345806735637244,0.025533788245652653,0.01981069777679947,0.009024873431653093,0.006603565925599824,0.8843875735729192,0.02251071879826631,0.0,0.0,0.0,0.0,0.0,0.0,0.0,0.0,0.0,0.0,0.0,0.0,0.0,0.0,0.0,0.0,0.0,0.0,0.0,0.0,0.0,0.0,0.0,0.0,0.4094210873871892,5.817741580453446,16.436275588817963,6.933744221879817,0.40281752146158933,0.0,4.167578659370725,2.8874158811814565,nan,nan,nan,4.186429061000686,2.9264799066234874,4.148805460750853,2.8478553585183803,0.9910129612369832,0.4065,0.013504,0.0,0.0,0.0,0.0,0.0,0.0,0.0,0.0,0.0,0.0,0.019810697776799474,9.350649350649338,20.00220118864187,0.6273387629319833,0.0,0.0,0.0,0.0,0.0,0.0,0.0,0.0,0.0,0.0,0.0,0.0,0.0,0.0,0.0,0.0,nan,nan,4.167578659370725,2.8874158811814565,nan,0.4065,0.0654,0.0,0.0,0.0,0.0,0.0,0.0,0.0,0.0,0.0,0.0,0.0,0.0,0.0,0.0,0.0,0.0,0.0,1.100594320933304e-05,1.100594320933304e-05,0.0,0.0,0.0011556240369799693,1.100594320933304e-05,0.003951133612150561,0.011270085846357032,0.0020581113801452786,0.008100374202069117,0.010224521241470394,0.007715166189742461,0.02191283292978208,0.009311027955095752,0.017675544794188862,0.03605546995377504,0.019645608628659477,0.027206691613471275,0.02678846577151662,0.031851199647809816,0.052124147039401277,0.04092009685230024,0.054985692273827866,0.08856482500550297,0.06363636363636363,0.09454105216817081,0.062293638564825005,0.06090688972044904,0.04208672683248955,0.040975126568346905,0.011864406779661017,0.04535549196566146,0.021791767554479417,0.019425489764472816,0.01046665199207572,0.007065815540391812,0.022650231124807397,0.018985252036099493,0.00035219018269865726,0.005018710103455866,2.201188641866608e-05,0.0010125467752586396,0.0,0.0,0.0,0.0,0.0,0.0,0.0,0.0,0.0,0.0,0.0,0.0,0.0,0.0,0.0,0.0,0.0,0.0,0.0,0.0,0.0,0.0,0.0,0.0,0.0,0.0,0.0,0.0,0.0,0.0,0.0,0.0,0.0,0.0,0.0,0.0,0.0,0.0,0.0,0.0,0.0,0.0,nan,nan,4.167578659370725,2.8874158811814565,nan,0.8835471204036431,0.022696985870751755,0.0,0.0,0.0,0.0,0.0,0.0,0.0,0.0,0.0,0.0,0.0,0.0,0.0,0.0,0.0,0.0,0.0,0.0,0.0,0.0,0.0,0.0,0.0,0.0,0.4609475032010244,6.043533930857876,16.504481434058903,6.5941101152368775,0.3969270166453266,0.0,0.8852826561981981,0.02227579314266314,0.0,0.0,0.0,0.0,0.0,0.0,0.0,0.0,0.0,0.0,0.0,0.0,0.0,0.0,0.0,0.0,0.0,0.0,0.0,0.0,0.0,0.0,0.0,0.0,0.35454545454545466,5.577272727272728,16.363636363636367,7.295454545454547,0.40909090909090917,0.0,0.4062,0.01331,0.0,0.0,0.0,0.0,0.0,0.0,0.0,0.0,0.0,0.0,0.0384122919334187,9.59026888604352,19.859154929577468,0.5121638924455827,0.0,0.0,0.0,0.0,0.0,0.0,0.0,0.0,0.0,0.0,0.0,0.0,0.0,0.0,0.0,0.0,0.4067,0.01369,0.0,0.0,0.0,0.0,0.0,0.0,0.0,0.0,0.0,0.0,0.0,9.095454545454531,20.154545454545456,0.7500000000000002,0.0,0.0,0.0,0.0,0.0,0.0,0.0,0.0,0.0,0.0,0.0,0.0,0.0,0.0,0.0,0.0
97900,4265,2211,0.5184056271981242,1003,872,0.4396248534583822,1178,0.5524032825322391,0.43,2.946445959104187,3.0468676794435483,6.417962003454232,2.1251244787940617,8296.728670759503,427.7023519578683,7853.0,8726.825361603498,8708.948792758607,5.453031065824923,7853.0,0.0,27.56295427901524,20.92731431861092,32.660196905766526,19.201657789000866,0.14583821805392733,0.10293083235638921,0.09308323563892146,0.08464243845252052,0.07901524032825323,0.08042203985932005,0.06822977725674091,0.059788980070339975,0.056037514654161784,0.05345838218053927,0.044548651817116064,0.042438452520515826,0.028370457209847596,0.023681125439624855,0.01805392731535756,0.011019929660023447,0.008440797186400938,0.883246976004396,0.02149750866717541,0.0,0.0,0.0,0.0,0.0,0.0,0.0,0.0,0.0,0.0,0.0,0.0,0.0,0.0,0.0,0.0,0.0,0.0,0.0,0.0,0.0,0.0,0.0,0.0,0.26729191090269644,6.295427901524034,16.874560375146544,6.267291910902698,0.29542790152403287,0.0,4.239571797711332,2.8367361432780536,nan,nan,nan,4.25402635431918,2.8166068980328616,4.225037257824143,2.8580472771723424,0.9931854920302494,0.4062,0.01259,0.0,0.0,0.0,0.0,0.0,0.0,0.0,0.0,0.0,0.0,0.03516998827667058,9.144196951934335,20.342321219226264,0.4783118405627199,0.0,0.0,0.0,0.0,0.0,0.0,0.0,0.0,0.0,0.0,0.0,0.0,0.0,0.0,0.0,0.0,nan,nan,4.239571797711332,2.8367361432780536,nan,0.4062,0.0653,0.0,0.0,0.0,0.0,0.0,0.0,0.0,0.0,0.0,0.0,0.0,0.0,0.0,0.0,0.0,0.0,0.0,0.0,0.0,3.516998827667058e-05,1.1723329425556858e-05,0.00123094958968347,3.516998827667058e-05,0.003962485345838218,0.010691676436107855,0.0019577960140679954,0.008112543962485346,0.009859320046893317,0.007643610785463072,0.021688159437280186,0.00951934349355217,0.017889800703399766,0.03621336459554513,0.01858147713950762,0.028464243845252053,0.028604923798358734,0.034314185228604924,0.05396248534583822,0.04178194607268464,0.051887456037514657,0.09085580304806565,0.06270808909730363,0.09219226260257914,0.06316529894490035,0.05706916764361079,0.04303634232121922,0.03817116060961313,0.013106682297772567,0.046260257913247366,0.021805392731535755,0.01921453692848769,0.010199296600234466,0.007268464243845252,0.023235638921453694,0.01933177022274326,0.00023446658851113716,0.00473622508792497,2.3446658851113717e-05,0.0009378663540445487,0.0,0.0,0.0,0.0,0.0,0.0,0.0,0.0,0.0,0.0,0.0,0.0,0.0,0.0,0.0,0.0,0.0,0.0,0.0,0.0,0.0,0.0,0.0,0.0,0.0,0.0,0.0,0.0,0.0,0.0,0.0,0.0,0.0,0.0,0.0,0.0,0.0,0.0,0.0,0.0,0.0,0.0,nan,nan,4.239571797711332,2.8367361432780536,nan,0.8830463675986798,0.02138105387780878,0.0,0.0,0.0,0.0,0.0,0.0,0.0,0.0,0.0,0.0,0.0,0.0,0.0,0.0,0.0,0.0,0.0,0.0,0.0,0.0,0.0,0.0,0.0,0.0,0.20352781546811402,6.445047489823611,17.069199457259163,6.024423337856176,0.2578018995929444,0.0,0.8834629181587476,0.021620083712562396,0.0,0.0,0.0,0.0,0.0,0.0,0.0,0.0,0.0,0.0,0.0,0.0,0.0,0.0,0.0,0.0,0.0,0.0,0.0,0.0,0.0,0.0,0.0,0.0,0.33592989289191827,6.134371957156769,16.665043816942553,6.528724440116847,0.33592989289191827,0.0,0.406,0.01255,0.0,0.0,0.0,0.0,0.0,0.0,0.0,0.0,0.0,0.0,0.040705563093622804,9.402985074626853,20.149253731343286,0.40705563093622804,0.0,0.0,0.0,0.0,0.0,0.0,0.0,0.0,0.0,0.0,0.0,0.0,0.0,0.0,0.0,0.0,0.4065,0.01264,0.0,0.0,0.0,0.0,0.0,0.0,0.0,0.0,0.0,0.0,0.029211295034079852,8.86562804284322,20.550146056475175,0.5550146056475171,0.0,0.0,0.0,0.0,0.0,0.0,0.0,0.0,0.0,0.0,0.0,0.0,0.0,0.0,0.0,0.0
98000,4496,2279,0.5068950177935944,1071,940,0.4472864768683274,1271,0.5653914590747331,0.418,2.9269282814614344,3.062435726063941,6.560131795716639,2.1166770098856578,8286.695520597508,427.7746056026595,7853.0,8727.620385462045,8708.592391665816,5.675902238476647,7853.0,0.0,27.95529359430605,20.906002635060286,33.006113769271664,19.11671849296342,0.14212633451957296,0.10320284697508897,0.08763345195729537,0.08563167259786476,0.07873665480427046,0.07384341637010676,0.06917259786476869,0.06850533807829182,0.054048042704626334,0.05738434163701068,0.04693060498220641,0.04203736654804271,0.03069395017793594,0.025133451957295373,0.017126334519572954,0.00956405693950178,0.008229537366548042,0.8822529639160506,0.02204721975811132,0.0,0.0,0.0,0.0,0.0,0.0,0.0,0.0,0.0,0.0,0.0,0.0,0.0,0.0,0.0,0.0,0.0,0.0,0.0,0.0,0.0,0.0,0.0,0.0,0.42037366548042715,6.89946619217082,16.17437722419929,6.258896797153026,0.24688612099644133,0.0,4.2590799031477,2.821628500136991,nan,nan,nan,4.312760055478502,2.8676232281259777,4.205659075224292,2.7740682250641693,0.9751664876143158,0.4053,0.01296,0.0,0.0,0.0,0.0,0.0,0.0,0.0,0.0,0.0,0.0,0.05338078291814948,10.068950177935928,19.47064056939502,0.4070284697508898,0.0,0.0,0.0,0.0,0.0,0.0,0.0,0.0,0.0,0.0,0.0,0.0,0.0,0.0,0.0,0.0,nan,nan,4.2590799031477,2.821628500136991,nan,0.4053,0.0653,0.0,0.0,0.0,0.0,0.0,0.0,0.0,0.0,0.0,0.0,0.0,0.0,0.0,0.0,0.0,0.0,0.0,0.0,0.0,3.336298932384342e-05,0.0,0.0014679715302491102,1.112099644128114e-05,0.004470640569395018,0.010020017793594306,0.002491103202846975,0.008718861209964414,0.009352758007117438,0.007295373665480427,0.022597864768683276,0.01015346975088968,0.01747108540925267,0.03852313167259786,0.017515569395017794,0.028636565836298932,0.029259341637010675,0.03584297153024911,0.05479314946619217,0.0431605871886121,0.05152357651245552,0.09361654804270463,0.06224421708185053,0.08896797153024912,0.06293371886120996,0.053947953736654806,0.043249555160142346,0.03995774021352313,0.013044928825622776,0.04654137010676156,0.020651690391459074,0.018193950177935944,0.009052491103202847,0.008140569395017793,0.022709074733096087,0.01727090747330961,0.00036699288256227756,0.004559608540925267,5.560498220640569e-05,0.0010120106761565837,0.0,0.0,0.0001445729537366548,0.0,0.0,0.0,0.0,0.0,0.0,0.0,0.0,0.0,0.0,0.0,0.0,0.0,0.0,0.0,0.0,0.0,0.0,0.0,0.0,0.0,0.0,0.0,0.0,0.0,0.0,0.0,0.0,0.0,0.0,0.0,0.0,0.0,0.0,0.0,0.0,0.0,0.0,0.0,nan,nan,4.2590799031477,2.821628500136991,nan,0.8825612835530494,0.022015257416559155,0.0,0.0,0.0,0.0,0.0,0.0,0.0,0.0,0.0,0.0,0.0,0.0,0.0,0.0,0.0,0.0,0.0,0.0,0.0,0.0,0.0,0.0,0.0,0.0,0.36858271171566487,6.831943835015359,16.25713032031593,6.265906099166303,0.2764370337867486,0.0,0.8819360218985854,0.022075539688920804,0.0,0.0,0.0,0.0,0.0,0.0,0.0,0.0,0.0,0.0,0.0,0.0,0.0,0.0,0.0,0.0,0.0,0.0,0.0,0.0,0.0,0.0,0.0,0.0,0.4736129905277403,6.968876860622465,16.089309878213804,6.251691474966172,0.21650879566982414,0.0,0.405,0.01288,0.0,0.0,0.0,0.0,0.0,0.0,0.0,0.0,0.0,0.0,0.0658183413777973,10.438788942518634,19.13997367266345,0.3554190434401054,0.0,0.0,0.0,0.0,0.0,0.0,0.0,0.0,0.0,0.0,0.0,0.0,0.0,0.0,0.0,0.0,0.4055,0.01305,0.0,0.0,0.0,0.0,0.0,0.0,0.0,0.0,0.0,0.0,0.040595399188092025,9.688768606224613,19.810554803788907,0.4600811907983763,0.0,0.0,0.0,0.0,0.0,0.0,0.0,0.0,0.0,0.0,0.0,0.0,0.0,0.0,0.0,0.0
98100,4888,2518,0.515139116202946,1198,971,0.44373977086743044,1367,0.559328968903437,0.38599999999999995,2.9371308016877635,3.0267187459123392,6.294871794871795,2.136363212467917,8293.783522580627,427.6531058447746,7853.0,8727.584857726097,8708.6591971303,5.713743600387046,7853.0,0.0,28.257978723404257,20.97353219042798,33.170755404420696,19.200544475967224,0.13727495908346973,0.09656301145662848,0.0926759410801964,0.0910392798690671,0.07753682487725042,0.07528641571194762,0.06505728314238952,0.06689852700490999,0.05544189852700491,0.0544189852700491,0.05094108019639935,0.04050736497545008,0.03539279869067103,0.023527004909983634,0.01738952536824877,0.013911620294599018,0.0061374795417348605,0.8835610874155735,0.02223393539006656,0.0,0.0,0.0,0.0,0.0,0.0,0.0,0.0,0.0,0.0,0.0,0.0,0.0,0.0,0.0,0.0,0.0,0.0,0.0,0.0,0.0,0.0,0.0,0.0,0.3621112929623569,6.278641571194764,16.620294599018006,6.327741407528643,0.39893617021276606,0.012274959083469724,4.206983328090595,2.871134173239077,nan,nan,nan,4.056998100063331,2.8526034652714563,4.355,2.8816618469209745,1.0734537933187638,0.4043,0.01299,0.0,0.0,0.0,0.0,0.0,0.0,0.0,0.0,0.0,0.0,0.0490998363338789,11.01677577741406,18.6088379705401,0.3252864157119477,0.0,0.0,0.0,0.0,0.0,0.0,0.0,0.0,0.0,0.0,0.0,0.0,0.0,0.0,0.0,0.0,nan,nan,4.206983328090595,2.871134173239077,nan,0.4043,0.06525,0.0,0.0,0.0,0.0,0.0,0.0,0.0,0.0,0.0,0.0,0.0,0.0,0.0,0.0,0.0,0.0,0.0,0.0,3.06873977086743e-05,0.00016366612111292964,0.0,0.0015343698854337151,0.0,0.005523731587561375,0.009298281505728314,0.0033142389525368248,0.00845949263502455,0.009359656301145663,0.007211538461538462,0.02504091653027823,0.009349427168576105,0.01702127659574468,0.039198036006546644,0.016734860883797054,0.02742430441898527,0.030298690671031095,0.03647708674304419,0.055400981996726675,0.042614566284779054,0.051258183306055645,0.0965834697217676,0.06574263502454991,0.08777618657937807,0.06284779050736497,0.052015139116202945,0.04294189852700491,0.03696808510638298,0.013256955810147299,0.045990180032733224,0.02188011456628478,0.018821603927986905,0.008797054009819968,0.007835515548281506,0.02025368248772504,0.017062193126022914,0.0004909983633387888,0.004275777414075287,8.183306055646482e-05,0.0005523731587561375,1.0229132569558102e-05,0.0,0.00010229132569558102,0.0,0.0,0.0,0.0,0.0,0.0,0.0,0.0,0.0,0.0,0.0,0.0,0.0,0.0,0.0,0.0,0.0,0.0,0.0,0.0,0.0,0.0,0.0,0.0,0.0,0.0,0.0,0.0,0.0,0.0,0.0,0.0,0.0,0.0,0.0,0.0,0.0,0.0,0.0,nan,nan,4.206983328090595,2.871134173239077,nan,0.8836284281006874,0.0221388186512187,0.0,0.0,0.0,0.0,0.0,0.0,0.0,0.0,0.0,0.0,0.0,0.0,0.0,0.0,0.0,0.0,0.0,0.0,0.0,0.0,0.0,0.0,0.0,0.0,0.3812549642573472,6.481334392374902,16.203335980937254,6.600476568705323,0.3335980937251788,0.0,0.8834895414893638,0.022334325648877336,0.0,0.0,0.0,0.0,0.0,0.0,0.0,0.0,0.0,0.0,0.0,0.0,0.0,0.0,0.0,0.0,0.0,0.0,0.0,0.0,0.0,0.0,0.0,0.0,0.3417721518987343,6.0632911392405076,17.06329113924051,6.037974683544306,0.46835443037974694,0.025316455696202538,0.4043,0.01279,0.0,0.0,0.0,0.0,0.0,0.0,0.0,0.0,0.0,0.0,0.0238284352660842,11.11596505162826,18.57426528991263,0.28594122319301035,0.0,0.0,0.0,0.0,0.0,0.0,0.0,0.0,0.0,0.0,0.0,0.0,0.0,0.0,0.0,0.0,0.4043,0.01321,0.0,0.0,0.0,0.0,0.0,0.0,0.0,0.0,0.0,0.0,0.07594936708860761,10.911392405063276,18.645569620253166,0.3670886075949368,0.0,0.0,0.0,0.0,0.0,0.0,0.0,0.0,0.0,0.0,0.0,0.0,0.0,0.0,0.0,0.0
98200,4463,2336,0.5234147434461125,1066,882,0.4364777055792068,1225,0.5489580999327807,0.422,3.0507757404795486,3.1486085627680898,6.6118421052631575,2.211064705738841,8300.894402710239,427.40843052608176,7853.0,8727.077184730768,8708.716061342377,5.687002691152434,7853.0,0.0,27.96773470759579,21.11084535433628,33.193374629679504,19.301784621672706,0.1458660094107103,0.10150123235491822,0.08940174770333856,0.08536858615281201,0.07416535962357158,0.07931884382702219,0.06789155276719695,0.06228993950257674,0.05713645529912615,0.054223616401523636,0.044588841586376875,0.0398834864440959,0.03405780864889088,0.025095227425498544,0.022182388527896033,0.010306968406901188,0.0067219359175442524,0.883451824321251,0.021960118058138575,0.0,0.0,0.0,0.0,0.0,0.0,0.0,0.0,0.0,0.0,0.0,0.0,0.0,0.0,0.0,0.0,0.0,0.0,0.0,0.0,0.0,0.0,0.0,0.0,0.28904324445440294,6.3791171857494975,16.690566883262385,6.224512659645979,0.4100380909701995,0.006721935917544254,4.333684580259923,2.87675663099927,nan,nan,nan,4.352568613652357,2.873397497220038,4.313684210526316,2.8806411515731454,0.9910663319576225,0.404,0.01331,0.0,0.0,0.0,0.0,0.0,0.0,0.0,0.0,0.0,0.0,0.06721935917544254,11.528120098588378,17.99462245126597,0.4100380909701995,0.0,0.0,0.0,0.0,0.0,0.0,0.0,0.0,0.0,0.0,0.0,0.0,0.0,0.0,0.0,0.0,nan,nan,4.333684580259923,2.87675663099927,nan,0.404,0.06525,0.0,0.0,0.0,0.0,0.0,0.0,0.0,0.0,0.0,0.0,0.0,0.0,0.0,0.0,0.0,0.0,0.0,0.0,0.0,0.0003697064754649339,0.0,0.0019829710956755548,0.0,0.005915303607438942,0.009735603853909926,0.00345059377100605,0.008122339233699306,0.008816939278512211,0.006766748823661214,0.025061617745910824,0.009388303831503473,0.01732018821420569,0.03692583464037643,0.017051310777503922,0.026181940398834865,0.030517589065650906,0.03747479274030921,0.05535514228097692,0.04600044812906117,0.049675106430652025,0.09943983867353798,0.0648554783777728,0.08682500560161327,0.0636903428187318,0.05190454850997087,0.04121667040107551,0.03939054447680932,0.013231010531032938,0.04344611248039435,0.021857494958548062,0.018272462469191127,0.009242661886623347,0.0085368586152812,0.020412278736276046,0.016356710732691015,0.0003697064754649339,0.004055568003585032,5.601613264620211e-05,0.000582567779520502,0.0,0.0,0.0001456419448801255,0.0,0.0,0.0,0.0,0.0,0.0,0.0,0.0,0.0,0.0,0.0,0.0,0.0,0.0,0.0,0.0,0.0,0.0,0.0,0.0,0.0,0.0,0.0,0.0,0.0,0.0,0.0,0.0,0.0,0.0,0.0,0.0,0.0,0.0,0.0,0.0,0.0,0.0,0.0,nan,nan,4.333684580259923,2.87675663099927,nan,0.8836653324175779,0.021862632731306605,0.0,0.0,0.0,0.0,0.0,0.0,0.0,0.0,0.0,0.0,0.0,0.0,0.0,0.0,0.0,0.0,0.0,0.0,0.0,0.0,0.0,0.0,0.0,0.0,0.24400684931506855,6.305650684931509,16.75941780821918,6.241438356164385,0.43664383561643844,0.01284246575342466,0.8832173368210069,0.02206430572257047,0.0,0.0,0.0,0.0,0.0,0.0,0.0,0.0,0.0,0.0,0.0,0.0,0.0,0.0,0.0,0.0,0.0,0.0,0.0,0.0,0.0,0.0,0.0,0.0,0.33850493653032443,6.4598025387870255,16.614950634696758,6.205923836389283,0.3808180535966151,0.0,0.4045,0.013214,0.0,0.0,0.0,0.0,0.0,0.0,0.0,0.0,0.0,0.0,0.05136986301369864,11.314212328767107,18.146404109589046,0.4880136986301371,0.0,0.0,0.0,0.0,0.0,0.0,0.0,0.0,0.0,0.0,0.0,0.0,0.0,0.0,0.0,0.0,0.4036,0.0134,0.0,0.0,0.0,0.0,0.0,0.0,0.0,0.0,0.0,0.0,0.08462623413258111,11.763046544428756,17.827926657263756,0.32440056417489427,0.0,0.0,0.0,0.0,0.0,0.0,0.0,0.0,0.0,0.0,0.0,0.0,0.0,0.0,0.0,0.0
98300,4483,2352,0.5246486727637742,1087,927,0.4492527325451706,1271,0.5670310060227526,0.422,2.990145471609573,3.0986284681037413,6.667808219178082,2.039655992063329,8301.85276099548,427.2653623912854,7853.0,8731.244359755516,8708.530156268169,5.761921096773882,7853.0,0.0,27.58822217265224,20.691200471800716,32.586666666666666,18.931098459648055,0.14186928396163284,0.0999330805264332,0.09056435422708008,0.09078741913896944,0.08721838054873968,0.07249609636404193,0.07138077180459514,0.061788980593352666,0.060673656033905864,0.04639750167298684,0.041936203435199645,0.04349765781842516,0.03569038590229757,0.0238679455721615,0.016283738567923266,0.008476466651795673,0.007138077180459514,0.8836430201380481,0.022143811268237404,0.0,0.0,0.0,0.0,0.0,0.0,0.0,0.0,0.0,0.0,0.0,0.0,0.0,0.0,0.0,0.0,0.0,0.0,0.0,0.0,0.0,0.0,0.0,0.0,0.3145215257639974,6.330582199420033,16.56926165514165,6.364041936203437,0.42159268347089013,0.0,4.286902286902287,2.9258830668491997,nan,nan,nan,4.218836565096953,2.891966095668618,4.356002775850104,2.958699117705442,1.0325128050439183,0.404,0.01307,0.0,0.0,0.0,0.0,0.0,0.0,0.0,0.0,0.0,0.0,0.08699531563685035,11.322774927503888,18.289092125808615,0.3011376310506358,0.0,0.0,0.0,0.0,0.0,0.0,0.0,0.0,0.0,0.0,0.0,0.0,0.0,0.0,0.0,0.0,nan,nan,4.286902286902287,2.9258830668491997,nan,0.404,0.06537,0.0,0.0,0.0,0.0,0.0,0.0,0.0,0.0,0.0,0.0,0.0,0.0,0.0,0.0,0.0,0.0,0.0,0.0,0.0,0.00017845192951148784,4.461298237787196e-05,0.0018737452598706224,0.0,0.006368503234441223,0.010807494981039483,0.0027660049074280614,0.006703100602275262,0.008699531563685033,0.0063573499888467545,0.02603167521748829,0.009759089895159492,0.017733660495204105,0.03613651572607629,0.017510595583314744,0.02607628819986616,0.03091679678786527,0.036772250724960966,0.05664733437430292,0.049866161052866384,0.04889582868614767,0.09810394824894045,0.06414231541378541,0.08553424046397502,0.06585991523533348,0.0505576622797234,0.041679678786526876,0.03816640642426946,0.012346642873076066,0.04185813071603837,0.02158153022529556,0.019094356457729198,0.00953602498327013,0.0087106848092795,0.020432745929065358,0.01670756190051305,0.0004238233325897836,0.0039817086772250725,8.922596475574392e-05,0.0009145661387463752,0.0,0.0,0.0001338389471336159,0.0,0.0,0.0,0.0,0.0,0.0,0.0,0.0,0.0,0.0,0.0,0.0,0.0,0.0,0.0,0.0,0.0,0.0,0.0,0.0,0.0,0.0,0.0,0.0,0.0,0.0,0.0,0.0,0.0,0.0,0.0,0.0,0.0,0.0,0.0,0.0,0.0,0.0,0.0,nan,nan,4.286902286902287,2.9258830668491997,nan,0.8834155812149956,0.022222672290253535,0.0,0.0,0.0,0.0,0.0,0.0,0.0,0.0,0.0,0.0,0.0,0.0,0.0,0.0,0.0,0.0,0.0,0.0,0.0,0.0,0.0,0.0,0.0,0.0,0.3188775510204082,6.3775510204081645,16.46683673469388,6.479591836734696,0.35714285714285726,0.0,0.8838940461103707,0.022053721565259053,0.0,0.0,0.0,0.0,0.0,0.0,0.0,0.0,0.0,0.0,0.0,0.0,0.0,0.0,0.0,0.0,0.0,0.0,0.0,0.0,0.0,0.0,0.0,0.0,0.309713749413421,6.27874237447208,16.682308775222904,6.236508681370251,0.4927264195213516,0.0,0.4038,0.01315,0.0,0.0,0.0,0.0,0.0,0.0,0.0,0.0,0.0,0.0,0.1275510204081633,11.441326530612228,18.112244897959187,0.3188775510204082,0.0,0.0,0.0,0.0,0.0,0.0,0.0,0.0,0.0,0.0,0.0,0.0,0.0,0.0,0.0,0.0,0.404,0.012955,0.0,0.0,0.0,0.0,0.0,0.0,0.0,0.0,0.0,0.0,0.04223369310183013,11.191928671984968,18.48427968090099,0.2815579540122009,0.0,0.0,0.0,0.0,0.0,0.0,0.0,0.0,0.0,0.0,0.0,0.0,0.0,0.0,0.0,0.0
98400,4724,2499,0.5290008467400508,1185,957,0.4534292972057578,1324,0.5605419136325148,0.40599999999999997,3.0269662921348313,3.05855822849035,6.557632398753894,2.014112050995648,8305.54644037428,427.03746738136783,7853.0,8729.159894281625,8708.473943308563,5.7666234641412455,7853.0,0.0,28.470364098221847,20.95321009608311,33.40733299849322,19.106979653802423,0.1367485182049111,0.09398814563928874,0.08763759525825572,0.08848433530906012,0.08044030482641829,0.07557154953429297,0.07070279424216766,0.06731583403895004,0.05800169348010161,0.05270956816257409,0.04784081287044877,0.04254868755292125,0.03598645215918713,0.02582557154953429,0.016088060965283656,0.011854360711261643,0.00825571549534293,0.8831036543942022,0.02203734973046421,0.0,0.0,0.0,0.0,0.0,0.0,0.0,0.0,0.0,0.0,0.0,0.0,0.0,0.0,0.0,0.0,0.0,0.0,0.0,0.0,0.0,0.0,0.0,0.0,0.31752751905165116,6.344199830651991,16.84165961049958,6.064775613886538,0.4254868755292126,0.0063505503810330245,4.216277561608301,2.849826653340157,nan,nan,nan,4.232421875,2.8563736970189115,4.200258397932816,2.8432248560058206,0.9924006920819575,0.4033,0.013245,0.0,0.0,0.0,0.0,0.0,0.0,0.0,0.0,0.0,0.0,0.10160880609652839,12.015241320914463,17.540220152413212,0.3429297205757833,0.0,0.0,0.0,0.0,0.0,0.0,0.0,0.0,0.0,0.0,0.0,0.0,0.0,0.0,0.0,0.0,nan,nan,4.216277561608301,2.849826653340157,nan,0.4033,0.0654,0.0,0.0,0.0,0.0,0.0,0.0,0.0,0.0,0.0,0.0,0.0,0.0,0.0,0.0,0.0,0.0,0.0,0.0,0.0,0.0001905165114309907,1.0584250635055039e-05,0.001651143099068586,2.1168501270110077e-05,0.005429720575783234,0.012171888230313293,0.0029000846740050803,0.006795088907705335,0.008784928027095682,0.0062129551227773075,0.027063928873835734,0.008636748518204911,0.018543607112616427,0.03926756985605419,0.018077900084674005,0.026206604572396274,0.029879339542760373,0.03590177815410669,0.05689034716342083,0.04939669771380186,0.051460626587637594,0.0995554614733277,0.05878492802709568,0.08828323454699408,0.064997883149873,0.05093141405588485,0.040664690939881454,0.0379233700254022,0.013314987298899237,0.040071972904318374,0.021729466553767993,0.017950889077053344,0.009229466553767994,0.008774343776460627,0.018850550381033022,0.017485182049110922,0.000550381033022862,0.00420194750211685,0.00020110076206604572,0.0008996613039796782,0.0,0.0,0.00010584250635055038,0.0,0.0,0.0,0.0,0.0,0.0,0.0,0.0,0.0,0.0,0.0,0.0,0.0,0.0,0.0,0.0,0.0,0.0,0.0,0.0,0.0,0.0,0.0,0.0,0.0,0.0,0.0,0.0,0.0,0.0,0.0,0.0,0.0,0.0,0.0,0.0,0.0,0.0,0.0,nan,nan,4.216277561608301,2.849826653340157,nan,0.8833596494589963,0.022353178789772252,0.0,0.0,0.0,0.0,0.0,0.0,0.0,0.0,0.0,0.0,0.0,0.0,0.0,0.0,0.0,0.0,0.0,0.0,0.0,0.0,0.0,0.0,0.0,0.0,0.3241296518607444,6.278511404561826,16.68667466986795,6.206482593037216,0.4921968787515007,0.01200480192076831,0.8828161345439011,0.021673537030027206,0.0,0.0,0.0,0.0,0.0,0.0,0.0,0.0,0.0,0.0,0.0,0.0,0.0,0.0,0.0,0.0,0.0,0.0,0.0,0.0,0.0,0.0,0.0,0.0,0.3101123595505618,6.41797752808989,17.015730337078654,5.905617977528092,0.3505617977528091,0.0,0.4036,0.013275,0.0,0.0,0.0,0.0,0.0,0.0,0.0,0.0,0.0,0.0,0.09603841536614648,11.764705882352924,17.8031212484994,0.3361344537815127,0.0,0.0,0.0,0.0,0.0,0.0,0.0,0.0,0.0,0.0,0.0,0.0,0.0,0.0,0.0,0.0,0.403,0.0132,0.0,0.0,0.0,0.0,0.0,0.0,0.0,0.0,0.0,0.0,0.10786516853932587,12.296629213483127,17.244943820224723,0.3505617977528091,0.0,0.0,0.0,0.0,0.0,0.0,0.0,0.0,0.0,0.0,0.0,0.0,0.0,0.0,0.0,0.0
98500,4586,2318,0.505451373746184,1064,966,0.4426515481901439,1285,0.5604012211077192,0.43,2.931216931216931,3.1165817718447832,6.62847790507365,2.1781027812709453,8285.370341041818,427.7007169895237,7853.0,8725.7841124475,8708.414315797141,5.667551214594611,7853.0,0.0,27.35630178805059,20.782321454989326,32.570715036803364,18.989301720316373,0.14980375054513737,0.09768861753161796,0.09572612298299171,0.09049280418665503,0.07435673789795029,0.07849978194505015,0.0651984300043611,0.06563453990405582,0.056694286960314,0.04993458351504579,0.04295682511993022,0.04339293501962495,0.03554295682511993,0.022241604884430877,0.016790231138246837,0.008068033144352376,0.006977758395115569,0.8837689394988298,0.02188697848758064,0.0,0.0,0.0,0.0,0.0,0.0,0.0,0.0,0.0,0.0,0.0,0.0,0.0,0.0,0.0,0.0,0.0,0.0,0.0,0.0,0.0,0.0,0.0,0.0,0.3074574792847798,6.266899258613172,16.583078935891848,6.528565198430006,0.31399912778020067,0.0,4.314922813036021,2.9254253539888637,nan,nan,nan,4.2999313658201785,2.9137604560583474,4.329903978052126,2.9369595275556573,1.0069704861966398,0.4033,0.0129,0.0,0.0,0.0,0.0,0.0,0.0,0.0,0.0,0.0,0.0,0.06541648495420847,11.925425207152184,17.727867422590496,0.2812908853030964,0.0,0.0,0.0,0.0,0.0,0.0,0.0,0.0,0.0,0.0,0.0,0.0,0.0,0.0,0.0,0.0,nan,nan,4.314922813036021,2.9254253539888637,nan,0.4033,0.06573,0.0,0.0,0.0,0.0,0.0,0.0,0.0,0.0,0.0,0.0,0.0,0.0,0.0,0.0,0.0,2.1805494984736154e-05,0.0,0.0,0.0,0.0001853467073702573,4.361098996947231e-05,0.0016027038813781072,4.361098996947231e-05,0.005069777583951156,0.012385521151330136,0.003096380287832534,0.00646532926297427,0.010368512865242041,0.0058002616659398164,0.028281726995202792,0.009485390318360227,0.018774531181857828,0.03872655909289141,0.018022241604884432,0.026504579153946793,0.029110335804622765,0.03508504143044047,0.05509158307893589,0.04974923680767553,0.05130832969908417,0.09755778456170955,0.0618512865242041,0.08624073266463149,0.06391190580026167,0.05168992586131705,0.042662450937636286,0.036873092019188834,0.01241822939380724,0.039936764064544265,0.024454862625381595,0.017150021805494985,0.008547754034016572,0.009223724378543394,0.018338421282163106,0.01719363279546446,0.000556040122110772,0.0050043610989969475,0.00022895769733972962,0.0006868730920191889,0.0,0.0,0.00025076319232446574,0.0,0.0,0.0,0.0,0.0,0.0,0.0,0.0,0.0,0.0,0.0,0.0,0.0,0.0,0.0,0.0,0.0,0.0,0.0,0.0,0.0,0.0,0.0,0.0,0.0,0.0,0.0,0.0,0.0,0.0,0.0,0.0,0.0,0.0,0.0,0.0,0.0,0.0,0.0,nan,nan,4.314922813036021,2.9254253539888637,nan,0.8840262746893197,0.022035247377293836,0.0,0.0,0.0,0.0,0.0,0.0,0.0,0.0,0.0,0.0,0.0,0.0,0.0,0.0,0.0,0.0,0.0,0.0,0.0,0.0,0.0,0.0,0.0,0.0,0.3364969801553064,6.06988783433995,16.69542709232097,6.561691113028474,0.3364969801553064,0.0,0.8835059311339464,0.021731247173801923,0.0,0.0,0.0,0.0,0.0,0.0,0.0,0.0,0.0,0.0,0.0,0.0,0.0,0.0,0.0,0.0,0.0,0.0,0.0,0.0,0.0,0.0,0.0,0.0,0.27777777777777785,6.46825396825397,16.468253968253972,6.494708994708996,0.29100529100529104,0.0,0.4028,0.01295,0.0,0.0,0.0,0.0,0.0,0.0,0.0,0.0,0.0,0.0,0.07765314926660916,12.540983606557358,17.14840379637619,0.2329594477998275,0.0,0.0,0.0,0.0,0.0,0.0,0.0,0.0,0.0,0.0,0.0,0.0,0.0,0.0,0.0,0.0,0.4038,0.01283,0.0,0.0,0.0,0.0,0.0,0.0,0.0,0.0,0.0,0.0,0.05291005291005292,11.29629629629628,18.320105820105823,0.33068783068783075,0.0,0.0,0.0,0.0,0.0,0.0,0.0,0.0,0.0,0.0,0.0,0.0,0.0,0.0,0.0,0.0
98600,4654,2435,0.5232058444348947,1140,908,0.44005156854318866,1277,0.5487752470992694,0.43,3.0419107706173953,3.2015869134630917,6.709480122324159,2.25337030054507,8300.524450609055,427.2340341238905,7853.0,8726.805716389417,8708.350633730815,5.654958671273948,7853.0,0.0,28.710356682423722,21.140268444233733,33.44306680161943,19.422098559555195,0.1289213579716373,0.10227761065749892,0.09411259131929522,0.08508809626128062,0.07434464976364417,0.07477438762354964,0.06961753330468415,0.06080790717662226,0.05930382466695316,0.05543618392780404,0.052213149978513104,0.04211431027073485,0.03373442200257843,0.028792436613665665,0.01847872797593468,0.01310700472711646,0.006875805758487323,0.8836521992342227,0.022019971451849824,0.0,0.0,0.0,0.0,0.0,0.0,0.0,0.0,0.0,0.0,0.0,0.0,0.0,0.0,0.0,0.0,0.0,0.0,0.0,0.0,0.0,0.0,0.0,0.0,0.3351955307262571,6.21400945423292,16.527718091963905,6.5620971207563406,0.3609798023205845,0.0,4.244540039708802,2.931395411256004,nan,nan,nan,4.228852459016394,2.9063108824495654,4.260521042084168,2.9566447241946965,1.007488694243814,0.403,0.012794,0.0,0.0,0.0,0.0,0.0,0.0,0.0,0.0,0.0,0.0,0.06446067898581866,12.002578427159415,17.68801031370864,0.24495058014611093,0.0,0.0,0.0,0.0,0.0,0.0,0.0,0.0,0.0,0.0,0.0,0.0,0.0,0.0,0.0,0.0,nan,nan,4.244540039708802,2.931395411256004,nan,0.403,0.066,0.0,0.0,0.0,0.0,0.0,0.0,0.0,0.0,0.0,0.0,0.0,0.0,0.0,0.0,0.0,2.1486892995272882e-05,0.0,0.0,0.0,0.00024709926944563814,8.594757198109153e-05,0.002019767941555651,0.0001504082509669102,0.004899011602922217,0.013386334336055006,0.0038998710786420283,0.005135367425870219,0.009572410829394069,0.007069187795444779,0.027417275461968198,0.009615384615384616,0.019241512677266866,0.036968199398367,0.01793081220455522,0.027911474000859474,0.029705629565964762,0.03565749892565535,0.05687580575848732,0.04818435754189944,0.052288354103996564,0.09531585732703052,0.06174258702191663,0.08604426299957026,0.06449290932531156,0.051192522561237644,0.041770519982810485,0.036935969058874085,0.013923506660936828,0.03840782122905028,0.024699183498066178,0.017264718521701763,0.009454232917920068,0.009583154275891705,0.01742587021916631,0.01644821658788139,0.00047271164589600346,0.0049527288354104,0.00039750752041254836,0.0010206274172754619,0.0,0.0,0.00017189514396218306,0.0,0.0,0.0,0.0,0.0,0.0,0.0,0.0,0.0,0.0,0.0,0.0,0.0,0.0,0.0,0.0,0.0,0.0,0.0,0.0,0.0,0.0,0.0,0.0,0.0,0.0,0.0,0.0,0.0,0.0,0.0,0.0,0.0,0.0,0.0,0.0,0.0,0.0,0.0,nan,nan,4.244540039708802,2.931395411256004,nan,0.8833805656286235,0.021969449552637774,0.0,0.0,0.0,0.0,0.0,0.0,0.0,0.0,0.0,0.0,0.0,0.0,0.0,0.0,0.0,0.0,0.0,0.0,0.0,0.0,0.0,0.0,0.0,0.0,0.3572895277207393,6.381930184804929,16.447638603696102,6.4804928131416855,0.3326488706365504,0.0,0.883950273965919,0.022071431534154154,0.0,0.0,0.0,0.0,0.0,0.0,0.0,0.0,0.0,0.0,0.0,0.0,0.0,0.0,0.0,0.0,0.0,0.0,0.0,0.0,0.0,0.0,0.0,0.0,0.31095087877422267,6.029743127534927,16.615592609283464,6.651644885083373,0.39206849932401994,0.0,0.403,0.01288,0.0,0.0,0.0,0.0,0.0,0.0,0.0,0.0,0.0,0.0,0.07392197125256675,12.036960985626266,17.63039014373717,0.25872689938398363,0.0,0.0,0.0,0.0,0.0,0.0,0.0,0.0,0.0,0.0,0.0,0.0,0.0,0.0,0.0,0.0,0.403,0.01271,0.0,0.0,0.0,0.0,0.0,0.0,0.0,0.0,0.0,0.0,0.05407841369986482,11.96484903109507,17.751239296980625,0.22983325822442546,0.0,0.0,0.0,0.0,0.0,0.0,0.0,0.0,0.0,0.0,0.0,0.0,0.0,0.0,0.0,0.0
98700,4617,2447,0.5299978340914013,1153,920,0.4489928525016244,1263,0.5471085120207927,0.446,2.999078341013825,3.174059471469446,6.8953900709219855,2.164685952598342,8306.495009708447,427.07716140831883,7853.0,8730.022474968433,8708.65445844867,5.762395616177699,7853.0,0.0,27.48819579813732,20.699368406556893,32.466338684619366,18.975161092464592,0.14165042235217673,0.1061295213341997,0.09248429716265974,0.08685293480615118,0.07840589127138835,0.07472384665367121,0.07255793805501408,0.06735975741823695,0.05241498808750271,0.05198180636777128,0.04613385315139701,0.042018626813948454,0.03313840155945419,0.02230885856616851,0.01537795105046567,0.009746588693957114,0.006714316655837124,0.8837456235205015,0.02210783386755635,0.0,0.0,0.0,0.0,0.0,0.0,0.0,0.0,0.0,0.0,0.0,0.0,0.0,0.0,0.0,0.0,0.0,0.0,0.0,0.0,0.0,0.0,0.0,0.0,0.36387264457439905,6.348278102664069,16.419753086419757,6.419753086419755,0.4483430799220274,0.0,4.27790973871734,2.935651463664388,nan,nan,nan,4.395061728395062,2.951882573896129,4.163196776359973,2.9151123320076917,0.9472442103515669,0.404,0.01289,0.0,0.0,0.0,0.0,0.0,0.0,0.0,0.0,0.0,0.0,0.07147498375568552,11.111111111111095,18.453541260558808,0.36387264457439905,0.0,0.0,0.0,0.0,0.0,0.0,0.0,0.0,0.0,0.0,0.0,0.0,0.0,0.0,0.0,0.0,nan,nan,4.27790973871734,2.935651463664388,nan,0.404,0.0656,0.0,0.0,0.0,0.0,0.0,0.0,0.0,0.0,0.0,0.0,0.0,0.0,0.0,0.0,0.0,0.0,0.0,0.0,0.0,0.00022742040285899935,0.0,0.0019276586528048517,0.00014078405891271387,0.006032055447260125,0.012659735759150964,0.0035412605588044186,0.00451591942820013,0.009021009313406974,0.008414554905782976,0.025860948667966212,0.008392895819796405,0.018854234351310374,0.035369287416071045,0.015172189733593243,0.02857916395928092,0.028665800303227205,0.03613818496859433,0.055100714749837555,0.049469352393329,0.05167857916395928,0.09890621615767814,0.06098115659519168,0.08735109378384232,0.06380766731643925,0.051147931557288286,0.04155295646523717,0.03870478665800303,0.015215507905566385,0.038423218540177606,0.025481914663201214,0.017944552739874376,0.010277236300628113,0.009952350010829543,0.018042018626813948,0.016038553173056098,0.0003248862897985705,0.004981589776911414,0.0003682044617717132,0.0006822612085769981,2.1659085986571366e-05,0.0,2.1659085986571366e-05,1.0829542993285683e-05,0.0,0.0,0.0,0.0,0.0,0.0,0.0,0.0,0.0,0.0,0.0,0.0,0.0,0.0,0.0,0.0,0.0,0.0,0.0,0.0,0.0,0.0,0.0,0.0,0.0,0.0,0.0,0.0,0.0,0.0,0.0,0.0,0.0,0.0,0.0,0.0,0.0,0.0,nan,nan,4.27790973871734,2.935651463664388,nan,0.8837373703900873,0.022002570867110712,0.0,0.0,0.0,0.0,0.0,0.0,0.0,0.0,0.0,0.0,0.0,0.0,0.0,0.0,0.0,0.0,0.0,0.0,0.0,0.0,0.0,0.0,0.0,0.0,0.3923171230077647,6.191254597466287,16.673477727829997,6.289333878218228,0.45361667347772794,0.0,0.8837549301611114,0.022225931949716914,0.0,0.0,0.0,0.0,0.0,0.0,0.0,0.0,0.0,0.0,0.0,0.0,0.0,0.0,0.0,0.0,0.0,0.0,0.0,0.0,0.0,0.0,0.0,0.0,0.33179723502304154,6.525345622119818,16.133640552995395,6.5668202764976975,0.4423963133640554,0.0,0.404,0.012695,0.0,0.0,0.0,0.0,0.0,0.0,0.0,0.0,0.0,0.0,0.04903964037597059,11.033919084593363,18.573763792398857,0.34327748263179414,0.0,0.0,0.0,0.0,0.0,0.0,0.0,0.0,0.0,0.0,0.0,0.0,0.0,0.0,0.0,0.0,0.404,0.01312,0.0,0.0,0.0,0.0,0.0,0.0,0.0,0.0,0.0,0.0,0.09677419354838712,11.198156682027633,18.317972350230416,0.3870967741935485,0.0,0.0,0.0,0.0,0.0,0.0,0.0,0.0,0.0,0.0,0.0,0.0,0.0,0.0,0.0,0.0
98800,4955,2555,0.515640766902119,1189,1008,0.44339051463168516,1404,0.5667003027245207,0.422,3.0479166666666666,3.17618019950415,6.750724637681159,2.1872902425912786,8294.140288947769,427.5696556639581,7853.0,8727.011331015825,8708.518642558194,5.712002846137741,7853.0,0.0,28.03531786074672,20.977681760944055,32.84870936902486,19.278905646410063,0.13723511604439959,0.10191725529767912,0.09646821392532795,0.08758829465186681,0.07447023208879919,0.07689202825428859,0.06801210898082745,0.06074672048435923,0.057719475277497476,0.05529767911200807,0.04520686175580222,0.04238143289606458,0.034308779011099896,0.023814328960645812,0.01977800201816347,0.01170534813319879,0.006458123107971746,0.8833732974156362,0.02197594553625738,0.0,0.0,0.0,0.0,0.0,0.0,0.0,0.0,0.0,0.0,0.0,0.0,0.0,0.0,0.0,0.0,0.0,0.0,0.0,0.0,0.0,0.0,0.0,0.006054490413723493,0.3632694248234108,6.357214934409688,16.49243188698285,6.339051463168518,0.44197780020181643,0.0,4.382445141065831,2.9341475094977865,nan,nan,nan,4.432845321451305,2.9089367318445882,4.331273176761434,2.957092997703641,0.9770864676467853,0.404,0.012924,0.0,0.0,0.0,0.0,0.0,0.0,0.0,0.0,0.0,0.0,0.01816347124117054,11.007063572149328,18.635721493440972,0.33905146316851675,0.0,0.0,0.0,0.0,0.0,0.0,0.0,0.0,0.0,0.0,0.0,0.0,0.0,0.0,0.0,0.0,nan,nan,4.382445141065831,2.9341475094977865,nan,0.404,0.0654,0.0,0.0,0.0,0.0,0.0,0.0,0.0,0.0,0.0,0.0,0.0,0.0,0.0,0.0,0.0,0.0,0.0,0.0,0.0,0.0002926337033299697,0.0,0.0017558022199798183,0.0001311806256306761,0.006094853683148335,0.012008072653884965,0.004046417759838547,0.004651866801210898,0.008496468213925327,0.008839556004036327,0.025247225025227044,0.007769929364278507,0.019011099899091825,0.03559031281533804,0.015438950554994954,0.026296670030272452,0.029656912209889003,0.03597376387487387,0.05646821392532795,0.04928355196770939,0.0518970736629667,0.10196770938446015,0.06053481331987891,0.0884460141271443,0.06204843592330979,0.050756811301715436,0.04049445005045409,0.039515640766902116,0.0156912209889001,0.03824419778002018,0.02579212916246216,0.017800201816347123,0.009455095862764884,0.010373360242179617,0.01751765893037336,0.015388496468213926,0.0003733602421796166,0.005227043390514632,0.00042381432896064584,0.0009989909182643794,0.0,0.0,0.0,0.0,0.0,0.0,0.0,0.0,0.0,0.0,0.0,0.0,0.0,0.0,0.0,0.0,0.0,0.0,0.0,0.0,0.0,0.0,0.0,0.0,0.0,0.0,0.0,0.0,0.0,0.0,0.0,0.0,0.0,0.0,0.0,0.0,0.0,0.0,0.0,0.0,0.0,0.0,nan,nan,4.382445141065831,2.9341475094977865,nan,0.8828309387376864,0.02203697916087781,0.0,0.0,0.0,0.0,0.0,0.0,0.0,0.0,0.0,0.0,0.0,0.0,0.0,0.0,0.0,0.0,0.0,0.0,0.0,0.0,0.0,0.0,0.0,0.011741682974559652,0.3287671232876713,6.657534246575344,16.367906066536207,6.293542074363994,0.340508806262231,0.0,0.8839506834248702,0.021896024771844453,0.0,0.0,0.0,0.0,0.0,0.0,0.0,0.0,0.0,0.0,0.0,0.0,0.0,0.0,0.0,0.0,0.0,0.0,0.0,0.0,0.0,0.0,0.0,0.0,0.4000000000000001,6.037500000000001,16.625000000000004,6.387500000000002,0.55,0.0,0.4043,0.01307,0.0,0.0,0.0,0.0,0.0,0.0,0.0,0.0,0.0,0.0,0.0,10.896281800391375,18.657534246575345,0.4461839530332682,0.0,0.0,0.0,0.0,0.0,0.0,0.0,0.0,0.0,0.0,0.0,0.0,0.0,0.0,0.0,0.0,0.4038,0.01275,0.0,0.0,0.0,0.0,0.0,0.0,0.0,0.0,0.0,0.0,0.037500000000000006,11.124999999999984,18.612500000000004,0.22500000000000006,0.0,0.0,0.0,0.0,0.0,0.0,0.0,0.0,0.0,0.0,0.0,0.0,0.0,0.0,0.0,0.0
98900,4872,2557,0.5248357963875205,1219,999,0.4552545155993432,1366,0.5607553366174056,0.43,3.044924406047516,3.1590883572868242,6.71141975308642,2.1791079745042667,8302.351432242604,427.5788798445313,7853.0,8731.352870517969,8709.175274886962,5.6614636343223435,7853.0,0.0,27.783045977011493,20.852114750609797,32.81378802747792,19.08449052206953,0.14326765188834154,0.09954844006568145,0.0888752052545156,0.08969622331691297,0.08169129720853859,0.07327586206896551,0.07183908045977011,0.06609195402298851,0.06096059113300493,0.04864532019704434,0.044745484400656815,0.038998357963875206,0.03099343185550082,0.02586206896551724,0.01744663382594417,0.009852216748768473,0.008210180623973728,0.8851135734511518,0.021985346322487376,0.0,0.0,0.0,0.0,0.0,0.0,0.0,0.0,0.0,0.0,0.0,0.0,0.0,0.0,0.0,0.0,0.0,0.0,0.0,0.0,0.0,0.0,0.0,0.0,0.27093596059113306,5.548029556650248,16.527093596059117,7.25369458128079,0.4002463054187193,0.0,4.247155499367889,2.9044368822328206,nan,nan,nan,4.219230769230769,2.8699395907297194,4.27431421446384,2.937344652403754,1.0130553288610742,0.4045,0.01287,0.0,0.0,0.0,0.0,0.0,0.0,0.0,0.0,0.0,0.0,0.07389162561576355,10.603448275862053,18.953201970443352,0.36945812807881784,0.0,0.0,0.0,0.0,0.0,0.0,0.0,0.0,0.0,0.0,0.0,0.0,0.0,0.0,0.0,0.0,nan,nan,4.247155499367889,2.9044368822328206,nan,0.4045,0.0653,0.0,0.0,0.0,0.0,0.0,0.0,0.0,0.0,0.0,0.0,0.0,0.0,0.0,0.0,0.0,0.0,0.0,0.0,0.0,0.0002770935960591133,0.0,0.0020320197044334976,0.00010262725779967159,0.005028735632183908,0.010580870279146141,0.0037766830870279147,0.006003694581280788,0.00769704433497537,0.00917487684729064,0.025420771756978655,0.007471264367816092,0.018698686371100164,0.03401067323481117,0.014501231527093596,0.029566912972085385,0.030131362889983578,0.037458949096880134,0.05715311986863711,0.04814244663382594,0.05290435139573071,0.10399220032840722,0.05657840722495895,0.08873152709359607,0.06119663382594417,0.05129310344827586,0.041430623973727425,0.0375,0.015640394088669952,0.03695607553366174,0.026539408866995073,0.01683087027914614,0.009585385878489327,0.009903530377668309,0.020094417077175696,0.01579433497536946,0.0004926108374384236,0.005439244663382595,0.0007491789819376026,0.0011083743842364533,1.026272577996716e-05,0.0,0.0,0.0,0.0,0.0,0.0,0.0,0.0,0.0,0.0,0.0,0.0,0.0,0.0,0.0,0.0,0.0,0.0,0.0,0.0,0.0,0.0,0.0,0.0,0.0,0.0,0.0,0.0,0.0,0.0,0.0,0.0,0.0,0.0,0.0,0.0,0.0,0.0,0.0,0.0,0.0,nan,nan,4.247155499367889,2.9044368822328206,nan,0.8855178349410644,0.021886922077776174,0.0,0.0,0.0,0.0,0.0,0.0,0.0,0.0,0.0,0.0,0.0,0.0,0.0,0.0,0.0,0.0,0.0,0.0,0.0,0.0,0.0,0.0,0.0,0.0,0.22291748142354326,5.443879546343372,16.296441141963243,7.649589362534221,0.3871724677356278,0.0,0.8846670522288164,0.022084950759823283,0.0,0.0,0.0,0.0,0.0,0.0,0.0,0.0,0.0,0.0,0.0,0.0,0.0,0.0,0.0,0.0,0.0,0.0,0.0,0.0,0.0,0.0,0.0,0.0,0.3239740820734342,5.6630669546436305,16.78185745140389,6.8164146868250555,0.4146868250539958,0.0,0.4048,0.012924,0.0,0.0,0.0,0.0,0.0,0.0,0.0,0.0,0.0,0.0,0.058662495111458754,10.535784122017974,18.98318341806805,0.422369964802503,0.0,0.0,0.0,0.0,0.0,0.0,0.0,0.0,0.0,0.0,0.0,0.0,0.0,0.0,0.0,0.0,0.4045,0.01281,0.0,0.0,0.0,0.0,0.0,0.0,0.0,0.0,0.0,0.0,0.09071274298056158,10.678185745140373,18.920086393088557,0.3110151187904968,0.0,0.0,0.0,0.0,0.0,0.0,0.0,0.0,0.0,0.0,0.0,0.0,0.0,0.0,0.0,0.0
99000,4662,2442,0.5238095238095238,1185,926,0.4528099528099528,1287,0.5521235521235521,0.43,2.986036036036036,3.1288088224354733,6.570063694267516,2.226761521789869,8301.437483390047,427.5877744885622,7853.0,8727.262744867801,8709.107922835545,5.629294055314261,7853.0,0.0,28.45667095667096,21.126301703481026,33.45271475911292,19.29661662971047,0.14071214071214072,0.09287859287859287,0.09223509223509224,0.08301158301158301,0.08365508365508366,0.07293007293007293,0.06928356928356928,0.06906906906906907,0.0546975546975547,0.05062205062205062,0.049764049764049766,0.038395538395538394,0.03753753753753754,0.02445302445302445,0.021021021021021023,0.01287001287001287,0.006864006864006864,0.8858049532365819,0.02208133059115976,0.0,0.0,0.0,0.0,0.0,0.0,0.0,0.0,0.0,0.0,0.0,0.0,0.0,0.0,0.0,0.0,0.0,0.0,0.0,0.0,0.0,0.0,0.0,0.0,0.2895752895752896,5.270270270270271,16.653796653796658,7.342342342342344,0.4440154440154441,0.0,4.173429319371728,2.9340527818496454,nan,nan,nan,4.168310322156476,2.8819546198690986,4.178501628664495,2.9847703062282656,1.002444949084968,0.4043,0.012955,0.0,0.0,0.0,0.0,0.0,0.0,0.0,0.0,0.0,0.0,0.05148005148005149,11.280566280566266,18.352638352638355,0.31531531531531537,0.0,0.0,0.0,0.0,0.0,0.0,0.0,0.0,0.0,0.0,0.0,0.0,0.0,0.0,0.0,0.0,nan,nan,4.173429319371728,2.9340527818496454,nan,0.4043,0.0651,0.0,0.0,0.0,0.0,0.0,0.0,0.0,0.0,0.0,0.0,0.0,0.0,0.0,0.0,0.0,0.0,0.0,0.0,0.0,6.435006435006435e-05,0.0,0.002273702273702274,0.00018232518232518232,0.004429429429429429,0.01064993564993565,0.003925353925353926,0.00590948090948091,0.009041184041184041,0.01004933504933505,0.02457099957099957,0.006595881595881596,0.017374517374517374,0.03532818532818533,0.013084513084513085,0.030705705705705705,0.030587730587730587,0.03781638781638782,0.05723938223938224,0.052552552552552555,0.053346203346203346,0.10144787644787645,0.057024882024882026,0.08497425997425997,0.06516516516516517,0.04965679965679966,0.039993564993564996,0.03916773916773917,0.016033891033891034,0.03632561132561132,0.027295152295152295,0.015347490347490347,0.009834834834834836,0.009952809952809952,0.019294294294294294,0.015304590304590304,0.000311025311025311,0.005437580437580437,0.0006435006435006435,0.001018876018876019,1.0725010725010725e-05,3.217503217503217e-05,0.0,0.0,0.0,0.0,0.0,0.0,0.0,0.0,0.0,0.0,0.0,0.0,0.0,0.0,0.0,0.0,0.0,0.0,0.0,0.0,0.0,0.0,0.0,0.0,0.0,0.0,0.0,0.0,0.0,0.0,0.0,0.0,0.0,0.0,0.0,0.0,0.0,0.0,0.0,0.0,nan,nan,4.173429319371728,2.9340527818496454,nan,0.8857220461337318,0.022076680087044637,0.0,0.0,0.0,0.0,0.0,0.0,0.0,0.0,0.0,0.0,0.0,0.0,0.0,0.0,0.0,0.0,0.0,0.0,0.0,0.0,0.0,0.0,0.0,0.0,0.27027027027027034,5.294840294840296,16.633906633906637,7.3587223587223605,0.44226044226044237,0.0,0.8858961510497171,0.022086085560821006,0.0,0.0,0.0,0.0,0.0,0.0,0.0,0.0,0.0,0.0,0.0,0.0,0.0,0.0,0.0,0.0,0.0,0.0,0.0,0.0,0.0,0.0,0.0,0.0,0.31081081081081086,5.243243243243244,16.675675675675677,7.324324324324326,0.44594594594594605,0.0,0.404,0.01295,0.0,0.0,0.0,0.0,0.0,0.0,0.0,0.0,0.0,0.0,0.04914004914004915,11.351351351351335,18.292383292383295,0.30712530712530717,0.0,0.0,0.0,0.0,0.0,0.0,0.0,0.0,0.0,0.0,0.0,0.0,0.0,0.0,0.0,0.0,0.4043,0.01296,0.0,0.0,0.0,0.0,0.0,0.0,0.0,0.0,0.0,0.0,0.054054054054054064,11.202702702702686,18.418918918918923,0.3243243243243244,0.0,0.0,0.0,0.0,0.0,0.0,0.0,0.0,0.0,0.0,0.0,0.0,0.0,0.0,0.0,0.0
99100,4979,2535,0.5091383812010444,1153,1054,0.44326169913637276,1424,0.5720024101225145,0.40199999999999997,2.979541734860884,3.12799624522217,6.666666666666667,2.143033502442879,8288.886895772557,428.01061704541416,7853.0,8729.89264228344,8709.126569645585,5.627081043030639,7853.0,0.0,27.407310704960835,20.671407415391602,32.42303992303992,18.934057314823033,0.1462140992167102,0.09961839726852782,0.09600321349668609,0.09138381201044386,0.0781281381803575,0.0723036754368347,0.07109861417955413,0.05824462743522796,0.061056437035549305,0.049407511548503716,0.04659570194818237,0.039365334404498895,0.03293834103233581,0.026511347660172727,0.018477605944968868,0.007431211086563567,0.005221932114882507,0.8861234790830158,0.022411785197272823,0.0,0.0,0.0,0.0,0.0,0.0,0.0,0.0,0.0,0.0,0.0,0.0,0.0,0.0,0.0,0.0,0.0,0.0,0.0,0.0,0.0,0.0,0.0,0.0,0.2651134766017273,5.525205864631453,16.280377585860617,7.411126732275559,0.5121510343442459,0.006025306286402894,4.3882390135946885,2.9414801650850735,nan,nan,nan,4.343302180685359,2.8632204705897113,4.434810533076429,3.020230787064749,1.0210688431484245,0.4036,0.01254,0.0,0.0,0.0,0.0,0.0,0.0,0.0,0.0,0.0,0.0,0.05422775657762604,11.640891745330372,17.97348865233983,0.3313918457521592,0.0,0.0,0.0,0.0,0.0,0.0,0.0,0.0,0.0,0.0,0.0,0.0,0.0,0.0,0.0,0.0,nan,nan,4.3882390135946885,2.9414801650850735,nan,0.4036,0.06494,0.0,0.0,0.0,0.0,0.0,0.0,0.0,0.0,0.0,0.0,0.0,0.0,0.0,0.0,0.0,0.0,0.0,0.0,0.0,2.008435428800964e-05,1.004217714400482e-05,0.0024904599317131953,0.00018075918859208675,0.005201847760594497,0.01035348463546897,0.003454508937537658,0.005633661377786705,0.009580236995380598,0.011849769029925688,0.024904599317131956,0.0057340831492267525,0.017071701144808195,0.03553926491263306,0.012843944567182165,0.031130749146414942,0.029132355894757985,0.03462542679252862,0.05989154448684475,0.05552319742920265,0.05467965454910625,0.10281180960032135,0.05782285599517976,0.08368146214099216,0.06420968065876682,0.04800160674834304,0.041012251456115686,0.03912432215304278,0.016680056236192006,0.036422976501305486,0.027425185780277164,0.014932717413135168,0.00837517573810002,0.009660574412532636,0.0158264711789516,0.016670014059048003,0.00016067483430407713,0.005713998794938743,0.0007632054629443663,0.0008535850572404097,0.0,0.0,0.0,0.0,0.0,0.0,0.0,0.0,0.0,0.0,0.0,0.0,0.0,0.0,0.0,0.0,0.0,0.0,0.0,0.0,0.0,0.0,0.0,0.0,0.0,0.0,0.0,0.0,0.0,0.0,0.0,0.0,0.0,0.0,0.0,0.0,0.0,0.0,0.0,0.0,0.0,0.0,nan,nan,4.3882390135946885,2.9414801650850735,nan,0.8865165231966173,0.022506712547053304,0.0,0.0,0.0,0.0,0.0,0.0,0.0,0.0,0.0,0.0,0.0,0.0,0.0,0.0,0.0,0.0,0.0,0.0,0.0,0.0,0.0,0.0,0.0,0.0,0.2248520710059172,5.656804733727812,15.988165680473376,7.562130177514795,0.5680473372781066,0.0,0.8857158003481632,0.022305580431179407,0.0,0.0,0.0,0.0,0.0,0.0,0.0,0.0,0.0,0.0,0.0,0.0,0.0,0.0,0.0,0.0,0.0,0.0,0.0,0.0,0.0,0.0,0.0,0.0,0.3068739770867431,5.38870703764321,16.583469721767596,7.254500818330607,0.4541734860883798,0.012274959083469724,0.4036,0.012474,0.0,0.0,0.0,0.0,0.0,0.0,0.0,0.0,0.0,0.0,0.059171597633136105,11.680473372781048,17.952662721893493,0.30769230769230776,0.0,0.0,0.0,0.0,0.0,0.0,0.0,0.0,0.0,0.0,0.0,0.0,0.0,0.0,0.0,0.0,0.4038,0.01261,0.0,0.0,0.0,0.0,0.0,0.0,0.0,0.0,0.0,0.0,0.0490998363338789,11.599836333878871,17.995090016366614,0.355973813420622,0.0,0.0,0.0,0.0,0.0,0.0,0.0,0.0,0.0,0.0,0.0,0.0,0.0,0.0,0.0,0.0
99200,4772,2446,0.5125733445096395,1144,952,0.4392288348700754,1309,0.5486169321039397,0.422,3.0124677558039554,3.136109722878046,6.64751552795031,2.1514786280662803,8291.798155224184,427.9189397534394,7853.0,8733.081834191084,8709.06900929264,5.748481365114393,7853.0,0.0,27.576068734283318,20.806977172246985,32.5476846057572,19.098228830213937,0.14333612740989102,0.10247275775356245,0.09765297569153394,0.08989941324392288,0.0699916177703269,0.07271584241408215,0.07502095557418273,0.06684828164291702,0.05658005029337804,0.05092204526404023,0.042958927074601846,0.038558256496227995,0.03310980720871752,0.02451802179379715,0.01760268231349539,0.012573344509639563,0.005238893545683152,0.8865112737757962,0.02252139436648141,0.0,0.0,0.0,0.0,0.0,0.0,0.0,0.0,0.0,0.0,0.0,0.0,0.0,0.0,0.0,0.0,0.0,0.0,0.0,0.0,0.0,0.0,0.0,0.006286672254819763,0.2640402347024309,5.299664710813078,16.345347862531437,7.405699916177705,0.6663872590108971,0.012573344509639567,4.329790767186981,2.8923746659617513,nan,nan,nan,4.399322033898305,2.91085628056843,4.263020833333333,2.872931726981918,0.9690176805619766,0.4036,0.01253,0.0,0.0,0.0,0.0,0.0,0.0,0.0,0.0,0.0,0.0,0.01886001676445935,11.774937133277435,17.96730930427494,0.23889354568315177,0.0,0.0,0.0,0.0,0.0,0.0,0.0,0.0,0.0,0.0,0.0,0.0,0.0,0.0,0.0,0.0,nan,nan,4.329790767186981,2.8923746659617513,nan,0.4036,0.06506,0.0,0.0,0.0,0.0,0.0,0.0,0.0,0.0,0.0,0.0,0.0,0.0,0.0,0.0,0.0,0.0,0.0,0.0,0.0,2.095557418273261e-05,2.095557418273261e-05,0.0022317686504610226,0.00010477787091366304,0.005249371332774518,0.010551131601005868,0.003918692372170998,0.0053227158424140825,0.009409052808046941,0.01201802179379715,0.025052388935456832,0.005217937971500419,0.017309304274937133,0.034911986588432524,0.013474434199497067,0.03221919530595138,0.02797569153394803,0.034639564124057,0.06263621123218777,0.05523889354568315,0.05517602682313495,0.10002095557418274,0.05856035205364627,0.08456621961441743,0.06396689019279128,0.047558675607711653,0.0412929589270746,0.039050712489522216,0.01604149203688181,0.033287929589270744,0.027619446772841574,0.015067057837384745,0.009702430846605197,0.009995808885163453,0.015465213746856664,0.018388516345347862,0.00015716680637049455,0.004756915339480302,0.0008067896060352053,0.0009849119865884325,0.0,0.0,0.0,1.0477787091366304e-05,0.0,0.0,0.0,0.0,0.0,0.0,0.0,0.0,0.0,0.0,0.0,0.0,0.0,0.0,0.0,0.0,0.0,0.0,0.0,0.0,0.0,0.0,0.0,0.0,0.0,0.0,0.0,0.0,0.0,0.0,0.0,0.0,0.0,0.0,0.0,0.0,0.0,0.0,nan,nan,4.329790767186981,2.8923746659617513,nan,0.8862198656782788,0.02276024355524703,0.0,0.0,0.0,0.0,0.0,0.0,0.0,0.0,0.0,0.0,0.0,0.0,0.0,0.0,0.0,0.0,0.0,0.0,0.0,0.0,0.0,0.0,0.0,0.0,0.28209321340964844,5.519215044971383,16.17743254292723,7.358953393295177,0.6500408830744073,0.012264922322158629,0.8868177158250341,0.02226334514045134,0.0,0.0,0.0,0.0,0.0,0.0,0.0,0.0,0.0,0.0,0.0,0.0,0.0,0.0,0.0,0.0,0.0,0.0,0.0,0.0,0.0,0.0,0.0,0.012897678417884742,0.2450558899398109,5.068787618228719,16.521926053310406,7.454858125537405,0.6835769561478936,0.012897678417884783,0.4036,0.01246,0.0,0.0,0.0,0.0,0.0,0.0,0.0,0.0,0.0,0.0,0.036794766966475885,11.786590351594423,17.96811120196239,0.2085036794766967,0.0,0.0,0.0,0.0,0.0,0.0,0.0,0.0,0.0,0.0,0.0,0.0,0.0,0.0,0.0,0.0,0.4036,0.01259,0.0,0.0,0.0,0.0,0.0,0.0,0.0,0.0,0.0,0.0,0.0,11.762682717110902,17.966466036113502,0.2708512467755804,0.0,0.0,0.0,0.0,0.0,0.0,0.0,0.0,0.0,0.0,0.0,0.0,0.0,0.0,0.0,0.0
99300,4863,2459,0.5056549455068887,1152,1010,0.44458153403249023,1395,0.5737199259716225,0.414,2.964226289517471,3.056656048425645,6.5204236006051435,2.0407995382961004,8285.95534379096,428.1044991831058,7853.0,8728.440612757206,8709.226855166915,5.589777081780411,7853.0,0.0,27.785728973884435,20.71197627597589,32.726470588235294,18.949512004015073,0.13942011104256632,0.10034957844951677,0.0964425251902118,0.08369319350195353,0.07772979642196175,0.07443964630886284,0.07176639934196997,0.06765371170059634,0.05860579888957434,0.05716635821509356,0.043388854616491876,0.040098704503392965,0.029816985399958872,0.0238535883199671,0.018301460004112688,0.011309891013777504,0.005963397079991775,0.8864960872952937,0.021893367429593903,0.0,0.0,0.0,0.0,0.0,0.0,0.0,0.0,0.0,0.0,0.0,0.0,0.0,0.0,0.0,0.0,0.0,0.0,0.0,0.0,0.0,0.0,0.0,0.0,0.28377544725478104,5.040098704503394,16.502159161011726,7.748303516347935,0.4256631708821716,0.0,4.3393200769724185,2.782643410227192,nan,nan,nan,4.320102432778489,2.783473817730097,4.359485530546624,2.7823568612179925,1.0091162416588362,0.4036,0.01268,0.0,0.0,0.0,0.0,0.0,0.0,0.0,0.0,0.0,0.0,0.04935225169648366,11.745835903763092,17.94571252313387,0.25909932140653924,0.0,0.0,0.0,0.0,0.0,0.0,0.0,0.0,0.0,0.0,0.0,0.0,0.0,0.0,0.0,0.0,nan,nan,4.3393200769724185,2.782643410227192,nan,0.4036,0.0648,0.0,0.0,0.0,0.0,0.0,0.0,0.0,0.0,0.0,0.0,0.0,0.0,0.0,0.0,0.0,0.0,0.0,0.0,0.0,0.0,0.0,0.0023750771128932756,7.197203372403867e-05,0.005140859551717047,0.010353691137158132,0.0032078963602714373,0.005644663787785317,0.009397491260538762,0.012687641373637672,0.02599218589348139,0.005202549866337652,0.01647131400370142,0.03385770100760847,0.013427925149084927,0.0342586880526424,0.02411063129755295,0.032336006580300225,0.06714990746452806,0.05503804236068271,0.05573719925971622,0.09833436150524368,0.05984988690108986,0.08460826650215916,0.06400370141887723,0.04656590581945301,0.04573308657207485,0.04023236685173761,0.015360888340530537,0.030927411063129757,0.028243882377133458,0.014096236890808142,0.00976763314826239,0.009150730002056344,0.014096236890808142,0.019782027555007197,0.0001850709438618137,0.004544519843717869,0.0009459181575159366,0.001110425663170882,0.0,0.0,0.0,0.0,0.0,0.0,0.0,0.0,0.0,0.0,0.0,0.0,0.0,0.0,0.0,0.0,0.0,0.0,0.0,0.0,0.0,0.0,0.0,0.0,0.0,0.0,0.0,0.0,0.0,0.0,0.0,0.0,0.0,0.0,0.0,0.0,0.0,0.0,0.0,0.0,0.0,0.0,nan,nan,4.3393200769724185,2.782643410227192,nan,0.8869643207971233,0.021766174654407097,0.0,0.0,0.0,0.0,0.0,0.0,0.0,0.0,0.0,0.0,0.0,0.0,0.0,0.0,0.0,0.0,0.0,0.0,0.0,0.0,0.0,0.0,0.0,0.0,0.2196014640097601,4.78243188287922,16.73851159007727,7.747051647010982,0.5124034160227736,0.0,0.8860171412965422,0.02201240823910972,0.0,0.0,0.0,0.0,0.0,0.0,0.0,0.0,0.0,0.0,0.0,0.0,0.0,0.0,0.0,0.0,0.0,0.0,0.0,0.0,0.0,0.0,0.0,0.0,0.3494176372712147,5.303660565723796,16.2603993344426,7.749584026622298,0.3369384359400999,0.0,0.4036,0.01272,0.0,0.0,0.0,0.0,0.0,0.0,0.0,0.0,0.0,0.0,0.07320048800325336,11.943879625864154,17.76331842212282,0.2196014640097601,0.0,0.0,0.0,0.0,0.0,0.0,0.0,0.0,0.0,0.0,0.0,0.0,0.0,0.0,0.0,0.0,0.4038,0.01263,0.0,0.0,0.0,0.0,0.0,0.0,0.0,0.0,0.0,0.0,0.024958402662229623,11.543261231281182,18.13227953410982,0.2995008319467555,0.0,0.0,0.0,0.0,0.0,0.0,0.0,0.0,0.0,0.0,0.0,0.0,0.0,0.0,0.0,0.0
99400,4775,2450,0.5130890052356021,1103,1036,0.4479581151832461,1376,0.5763350785340314,0.418,2.9204301075268817,3.032886383465018,6.445820433436532,2.1156953329224075,8292.29422254465,427.95946561913917,7853.0,8730.341802114248,8709.175474551306,5.545484823592634,7853.0,0.0,27.90157068062827,20.981296773242807,32.88461538461539,19.250197478829904,0.13926701570680627,0.10282722513089006,0.09277486910994764,0.0843979057591623,0.08586387434554973,0.073717277486911,0.06806282722513089,0.06219895287958115,0.05863874345549738,0.05193717277486911,0.045654450261780104,0.037277486910994764,0.036020942408376964,0.025340314136125655,0.01842931937172775,0.010471204188481676,0.0071204188481675396,0.8860774810151903,0.02217563771730506,0.0,0.0,0.0,0.0,0.0,0.0,0.0,0.0,0.0,0.0,0.0,0.0,0.0,0.0,0.0,0.0,0.0,0.0,0.0,0.0,0.0,0.0,0.0,0.0,0.21361256544502621,5.572774869109949,16.140314136125657,7.595811518324608,0.4712041884816755,0.006282722513089006,4.27027027027027,2.8452818278341456,nan,nan,nan,4.335278858625162,2.7942479399641735,4.206806282722513,2.8941456993326655,0.9703657872787009,0.4038,0.01225,0.0,0.0,0.0,0.0,0.0,0.0,0.0,0.0,0.0,0.0,0.03141361256544503,11.183246073298413,18.54031413612566,0.24502617801047125,0.0,0.0,0.0,0.0,0.0,0.0,0.0,0.0,0.0,0.0,0.0,0.0,0.0,0.0,0.0,0.0,nan,nan,4.27027027027027,2.8452818278341456,nan,0.4038,0.06433,0.0,0.0,0.0,0.0,0.0,0.0,0.0,0.0,0.0,0.0,0.0,0.0,0.0,0.0,0.0,0.0,0.0,0.0,0.0,0.0,0.0,0.0024921465968586387,3.141361256544503e-05,0.005162303664921466,0.010209424083769634,0.0030785340314136126,0.0055916230366492145,0.00880628272251309,0.012764397905759162,0.026952879581151834,0.0054345549738219895,0.01669109947643979,0.03237696335078534,0.013172774869109947,0.03258638743455498,0.022984293193717278,0.031916230366492146,0.06836649214659686,0.055015706806282726,0.05240837696335079,0.09826178010471204,0.061162303664921466,0.08731937172774869,0.06267015706806282,0.05162303664921466,0.044921465968586385,0.04012565445026178,0.015874345549738218,0.03380104712041885,0.028785340314136126,0.01287958115183246,0.009225130890052356,0.008335078534031414,0.014596858638743455,0.018806282722513088,0.00012565445026178012,0.003738219895287958,0.0007539267015706806,0.0009528795811518325,0.0,0.0,0.0,0.0,0.0,0.0,0.0,0.0,0.0,0.0,0.0,0.0,0.0,0.0,0.0,0.0,0.0,0.0,0.0,0.0,0.0,0.0,0.0,0.0,0.0,0.0,0.0,0.0,0.0,0.0,0.0,0.0,0.0,0.0,0.0,0.0,0.0,0.0,0.0,0.0,0.0,0.0,nan,nan,4.27027027027027,2.8452818278341456,nan,0.8862237649061242,0.022128886526492954,0.0,0.0,0.0,0.0,0.0,0.0,0.0,0.0,0.0,0.0,0.0,0.0,0.0,0.0,0.0,0.0,0.0,0.0,0.0,0.0,0.0,0.0,0.0,0.0,0.23265306122448984,5.46122448979592,16.126530612244903,7.702040816326532,0.4653061224489797,0.012244897959183676,0.8859233323989376,0.02222375408923213,0.0,0.0,0.0,0.0,0.0,0.0,0.0,0.0,0.0,0.0,0.0,0.0,0.0,0.0,0.0,0.0,0.0,0.0,0.0,0.0,0.0,0.0,0.0,0.0,0.19354838709677424,5.690322580645163,16.154838709677424,7.483870967741937,0.4774193548387098,0.0,0.404,0.012215,0.0,0.0,0.0,0.0,0.0,0.0,0.0,0.0,0.0,0.0,0.036734693877551024,11.25306122448978,18.404081632653064,0.3061224489795919,0.0,0.0,0.0,0.0,0.0,0.0,0.0,0.0,0.0,0.0,0.0,0.0,0.0,0.0,0.0,0.0,0.4036,0.01229,0.0,0.0,0.0,0.0,0.0,0.0,0.0,0.0,0.0,0.0,0.025806451612903233,11.109677419354822,18.68387096774194,0.18064516129032263,0.0,0.0,0.0,0.0,0.0,0.0,0.0,0.0,0.0,0.0,0.0,0.0,0.0,0.0,0.0,0.0
99500,4758,2519,0.5294241277847835,1201,956,0.45334174022698615,1339,0.5628415300546448,0.41,2.983921393479232,3.087630465148003,6.558502340093604,2.1633942830879183,8306.18706717273,427.2779402045901,7853.0,8726.32918792367,8709.000026045196,5.6356387594635065,7853.0,0.0,28.153425809163515,20.713898078193832,32.87171215880893,18.986351864382478,0.1328289197141656,0.10025220680958385,0.0891130727196301,0.0878520386717108,0.0878520386717108,0.07566204287515763,0.06788566624632199,0.0664144598570828,0.0533837746952501,0.05653635981504834,0.050021017234131986,0.04077343421605717,0.031105506515342583,0.025851197982345524,0.017864649012189995,0.010718789407313998,0.0058848255569567045,0.8856843406535738,0.021843471492489983,0.0,0.0,0.0,0.0,0.0,0.0,0.0,0.0,0.0,0.0,0.0,0.0,0.0,0.0,0.0,0.0,0.0,0.0,0.0,0.0,0.0,0.0,0.0,0.0,0.23959646910466587,5.592686002522069,16.525851197982348,7.156368221941994,0.4854981084489282,0.0,4.151699807568955,2.869921316248239,nan,nan,nan,4.209050350541746,2.8982568204370507,4.093608779857973,2.8397513424318523,0.9725730126585643,0.4038,0.01281,0.0,0.0,0.0,0.0,0.0,0.0,0.0,0.0,0.0,0.0,0.04413619167717529,11.569987389659504,18.11475409836066,0.2711223203026482,0.0,0.0,0.0,0.0,0.0,0.0,0.0,0.0,0.0,0.0,0.0,0.0,0.0,0.0,0.0,0.0,nan,nan,4.151699807568955,2.869921316248239,nan,0.4038,0.06396,0.0,0.0,0.0,0.0,0.0,0.0,0.0,0.0,0.0,0.0,0.0,0.0,0.0,0.0,0.0,0.0,0.0,0.0,0.0,0.0,4.203446826397646e-05,0.002795292139554435,0.0,0.0048865069356872634,0.010046237915090375,0.0038776796973518284,0.004560739806641446,0.009415720891130727,0.011370323665405633,0.027133249264396805,0.005538041193778899,0.016866330390920555,0.03169398907103825,0.014050021017234132,0.03147330811265237,0.021984026902059688,0.028867171080285834,0.06843211433375368,0.058049600672551493,0.05390920554854981,0.10235393022278268,0.06193778898696931,0.087505254308533,0.06445985708280791,0.050851197982345525,0.04165615804960067,0.04016393442622951,0.015458175704077343,0.031525851197982346,0.03097940311055065,0.012610340479192938,0.009363177805800756,0.007313997477931904,0.015153425809163514,0.017885666246321985,0.0001366120218579235,0.0036885245901639345,0.0008827238335435057,0.001082387557797394,0.0,0.0,0.0,0.0,0.0,0.0,0.0,0.0,0.0,0.0,0.0,0.0,0.0,0.0,0.0,0.0,0.0,0.0,0.0,0.0,0.0,0.0,0.0,0.0,0.0,0.0,0.0,0.0,0.0,0.0,0.0,0.0,0.0,0.0,0.0,0.0,0.0,0.0,0.0,0.0,0.0,0.0,nan,nan,4.151699807568955,2.869921316248239,nan,0.8854152442870419,0.02215135242182716,0.0,0.0,0.0,0.0,0.0,0.0,0.0,0.0,0.0,0.0,0.0,0.0,0.0,0.0,0.0,0.0,0.0,0.0,0.0,0.0,0.0,0.0,0.0,0.0,0.2858277094084955,5.847558554982137,16.089718142119892,7.264787614132594,0.5121079793568878,0.0,0.8859870890891675,0.02148778844683217,0.0,0.0,0.0,0.0,0.0,0.0,0.0,0.0,0.0,0.0,0.0,0.0,0.0,0.0,0.0,0.0,0.0,0.0,0.0,0.0,0.0,0.0,0.0,0.0,0.18758374274229572,5.305940151853507,17.016525234479683,7.034390352836089,0.45556051808843245,0.0,0.404,0.01296,0.0,0.0,0.0,0.0,0.0,0.0,0.0,0.0,0.0,0.0,0.047637951568082586,11.314013497419595,18.412068281063917,0.22628026994839226,0.0,0.0,0.0,0.0,0.0,0.0,0.0,0.0,0.0,0.0,0.0,0.0,0.0,0.0,0.0,0.0,0.4033,0.012634,0.0,0.0,0.0,0.0,0.0,0.0,0.0,0.0,0.0,0.0,0.040196516301920504,11.857972309066529,17.78025904421617,0.32157213041536403,0.0,0.0,0.0,0.0,0.0,0.0,0.0,0.0,0.0,0.0,0.0,0.0,0.0,0.0,0.0,0.0
99600,4634,2390,0.5157531290461804,1083,916,0.4313767803193785,1268,0.5472593871385412,0.438,2.9393939393939394,3.1571833026147025,6.717532467532467,2.245793560521164,8294.328354320112,427.6545181864847,7853.0,8726.191552603244,8708.696901221503,5.534528896255585,7853.0,0.0,28.151920586965904,21.296745522607925,33.34661148473875,19.499489564534905,0.14630988347000431,0.1037980146741476,0.09020284851100561,0.08157099697885196,0.07466551575312905,0.07401812688821752,0.06927060854553302,0.06279671989641779,0.05265429434613725,0.053949072075960294,0.047475183426845056,0.0440224428139836,0.03215364695727233,0.029995684074233923,0.017263703064307294,0.011221406991799741,0.008631851532153647,0.8848988373036728,0.021997415069416375,0.0,0.0,0.0,0.0,0.0,0.0,0.0,0.0,0.0,0.0,0.0,0.0,0.0,0.0,0.0,0.0,0.0,0.0,0.0,0.0,0.0,0.0,0.0,0.0,0.2330599913681485,6.020716443677171,16.230038843331897,7.101855848079414,0.4013810962451447,0.012947777298230474,4.320908166723145,2.939298918367985,nan,nan,nan,4.321645313553607,2.9094650090461207,4.320163487738419,2.969133117916636,0.9996571153559177,0.4038,0.01274,0.0,0.0,0.0,0.0,0.0,0.0,0.0,0.0,0.0,0.0,0.051791109192921896,11.173931808372881,18.52179542511869,0.2524816573154942,0.0,0.0,0.0,0.0,0.0,0.0,0.0,0.0,0.0,0.0,0.0,0.0,0.0,0.0,0.0,0.0,nan,nan,4.320908166723145,2.939298918367985,nan,0.4038,0.0644,0.0,0.0,0.0,0.0,0.0,0.0,0.0,0.0,0.0,0.0,0.0,0.0,0.0,0.0,0.0,0.0,0.0,0.0,0.0,0.0,6.473888649115235e-05,0.002406128614587829,2.1579628830384117e-05,0.004056970220112214,0.011447993094518775,0.004089339663357791,0.004909365558912387,0.009969788519637462,0.01153431160984031,0.028366422097539923,0.005848079413034096,0.016281829952524817,0.0307078118256366,0.015138109624514458,0.03122572291756582,0.022313336210617176,0.025852395338800172,0.06925981873111782,0.05727233491583945,0.05318299525248166,0.10283772119119551,0.061555891238670696,0.08599482088908071,0.06605524384980578,0.05378722485973241,0.04086102719033233,0.03952309020284851,0.014220975399223134,0.029693569270608546,0.029337505394907207,0.012883038411739317,0.01179326715580492,0.008459214501510574,0.015278377211911956,0.018051359516616315,0.00017263703064307294,0.0035822183858437635,0.0010034527406128616,0.0009602934829520932,0.0,0.0,0.0,0.0,0.0,0.0,0.0,0.0,0.0,0.0,0.0,0.0,0.0,0.0,0.0,0.0,0.0,0.0,0.0,0.0,0.0,0.0,0.0,0.0,0.0,0.0,0.0,0.0,0.0,0.0,0.0,0.0,0.0,0.0,0.0,0.0,0.0,0.0,0.0,0.0,0.0,0.0,nan,nan,4.320908166723145,2.939298918367985,nan,0.8843296792217877,0.021895447649332624,0.0,0.0,0.0,0.0,0.0,0.0,0.0,0.0,0.0,0.0,0.0,0.0,0.0,0.0,0.0,0.0,0.0,0.0,0.0,0.0,0.0,0.0,0.0,0.0,0.25104602510460255,6.238493723849374,15.979079497907954,7.205020920502093,0.32635983263598334,0.0,0.8855050261698517,0.022089378113270705,0.0,0.0,0.0,0.0,0.0,0.0,0.0,0.0,0.0,0.0,0.0,0.0,0.0,0.0,0.0,0.0,0.0,0.0,0.0,0.0,0.0,0.0,0.0,0.0,0.21390374331550807,5.788770053475938,16.49732620320856,6.99197860962567,0.48128342245989314,0.02673796791443851,0.4038,0.012794,0.0,0.0,0.0,0.0,0.0,0.0,0.0,0.0,0.0,0.0,0.050209205020920515,11.284518828451866,18.414225941422597,0.25104602510460255,0.0,0.0,0.0,0.0,0.0,0.0,0.0,0.0,0.0,0.0,0.0,0.0,0.0,0.0,0.0,0.0,0.4036,0.01268,0.0,0.0,0.0,0.0,0.0,0.0,0.0,0.0,0.0,0.0,0.05347593582887702,11.056149732620305,18.63636363636364,0.25401069518716585,0.0,0.0,0.0,0.0,0.0,0.0,0.0,0.0,0.0,0.0,0.0,0.0,0.0,0.0,0.0,0.0
99700,4901,2534,0.5170373393185064,1167,1007,0.4435829422566823,1369,0.5586614976535401,0.414,2.922686945500634,3.0524808080742187,6.540031397174254,2.0649687829038568,8295.334887890378,427.5305845966539,7853.0,8728.27461861968,8708.518265805345,5.730300758124266,7853.0,0.0,27.986533360538665,20.80031621643018,32.6840077071291,19.12448708564384,0.13425831462966742,0.10487655580493777,0.09671495613140176,0.08508467659661294,0.07610691695572332,0.07590287696388492,0.0648847174046113,0.0648847174046113,0.0646806774127729,0.053458477861660886,0.045704958171801674,0.041216078351356863,0.03325851866965925,0.02407671903693124,0.01815955927361763,0.010814119567435217,0.005917159763313609,0.8836946653069537,0.022531885936181915,0.0,0.0,0.0,0.0,0.0,0.0,0.0,0.0,0.0,0.0,0.0,0.0,0.0,0.0,0.0,0.0,0.0,0.0,0.0,0.0,0.0,0.0,0.0,0.006121199755151991,0.42848398286064077,6.102836155886555,16.58845133646195,6.402774943889003,0.47133238114670484,0.0,4.303213490295896,2.8359559888868096,nan,nan,nan,4.319845857418112,2.8592228445665646,4.289589905362776,2.8116564752226587,0.9929960574858523,0.4036,0.01277,0.0,0.0,0.0,0.0,0.0,0.0,0.0,0.0,0.0,0.0,0.04284839828606408,11.973066721077313,17.641297694348093,0.3427871862885126,0.0,0.0,0.0,0.0,0.0,0.0,0.0,0.0,0.0,0.0,0.0,0.0,0.0,0.0,0.0,0.0,nan,nan,4.303213490295896,2.8359559888868096,nan,0.4036,0.06445,0.0,0.0,0.0,0.0,0.0,0.0,0.0,0.0,0.0,0.0,0.0,0.0,0.0,0.0,0.0,0.0,0.0,0.0,0.0,3.060599877576005e-05,7.141399714344011e-05,0.0026729238930830444,5.100999795960008e-05,0.0036013058559477657,0.0123342175066313,0.004142011834319527,0.004315445827382167,0.009436849622526016,0.01250765149969394,0.027484186900632524,0.005233625790654968,0.016914915323403387,0.029606202815751888,0.015772291369108345,0.03346255866149765,0.022219955111201794,0.027096510916139564,0.07054682717812691,0.05599877576004897,0.052060803917567844,0.10244847990206081,0.06324219547031218,0.08331973066721077,0.06472148541114059,0.052887165884513365,0.04107325035706998,0.040552948377882064,0.016394613344215467,0.029596000816159967,0.028432972862681087,0.01323199347072026,0.010569271577229138,0.008794123648235053,0.015405019383799224,0.01821056927157723,0.00037747398490104063,0.0033972658641093652,0.0007447459702101612,0.0010406039583758418,0.0,0.0,0.0,0.0,0.0,0.0,0.0,0.0,0.0,0.0,0.0,0.0,0.0,0.0,0.0,0.0,0.0,0.0,0.0,0.0,0.0,0.0,0.0,0.0,0.0,0.0,0.0,0.0,0.0,0.0,0.0,0.0,0.0,0.0,0.0,0.0,0.0,0.0,0.0,0.0,0.0,0.0,nan,nan,4.303213490295896,2.8359559888868096,nan,0.8837019681648278,0.02258018599119195,0.0,0.0,0.0,0.0,0.0,0.0,0.0,0.0,0.0,0.0,0.0,0.0,0.0,0.0,0.0,0.0,0.0,0.0,0.0,0.0,0.0,0.0,0.0,0.011838989739542189,0.42620363062352024,6.1207576953433325,16.716653512233627,6.2036306235201275,0.520915548539858,0.0,0.8836868472073115,0.022480060499771876,0.0,0.0,0.0,0.0,0.0,0.0,0.0,0.0,0.0,0.0,0.0,0.0,0.0,0.0,0.0,0.0,0.0,0.0,0.0,0.0,0.0,0.0,0.0,0.0,0.4309252217997466,6.08365019011407,16.451204055766798,6.615969581749051,0.4182509505703423,0.0,0.4036,0.01265,0.0,0.0,0.0,0.0,0.0,0.0,0.0,0.0,0.0,0.0,0.03551696921862668,11.862667719021292,17.79400157853197,0.30781373322809796,0.0,0.0,0.0,0.0,0.0,0.0,0.0,0.0,0.0,0.0,0.0,0.0,0.0,0.0,0.0,0.0,0.4036,0.0129,0.0,0.0,0.0,0.0,0.0,0.0,0.0,0.0,0.0,0.0,0.05069708491761725,12.091254752851695,17.477820025348546,0.38022813688212936,0.0,0.0,0.0,0.0,0.0,0.0,0.0,0.0,0.0,0.0,0.0,0.0,0.0,0.0,0.0,0.0
99800,4895,2553,0.5215526046986722,1256,981,0.45699693564862104,1374,0.5613891726251277,0.414,2.9846285226302305,3.0809909062639376,6.5276967930029155,2.151334849346572,8299.108738100616,427.29648320029156,7853.0,8726.361177408695,8708.347541324916,5.75577152524312,7853.0,0.0,28.410010214504595,20.89534264199933,33.1196725258849,19.175941079658788,0.13237997957099082,0.09458631256384066,0.09519918283963227,0.08437180796731358,0.08845760980592442,0.07538304392236976,0.07007150153217569,0.05965270684371808,0.05944841675178754,0.05352400408580184,0.04759959141981614,0.0414708886618999,0.034525025536261494,0.02676200204290092,0.015526046986721144,0.014504596527068437,0.006537282941777324,0.8836181634780214,0.022064771655668752,0.0,0.0,0.0,0.0,0.0,0.0,0.0,0.0,0.0,0.0,0.0,0.0,0.0,0.0,0.0,0.0,0.0,0.0,0.0,0.0,0.0,0.0,0.0,0.006128702757916223,0.3432073544433096,6.3064351378958134,16.639427987742597,6.386108273748724,0.31256384065372833,0.0061287027579162425,4.191167387276097,2.9383550895468074,nan,nan,nan,4.183271832718328,2.9178359975993855,4.199131513647643,2.9588868942018287,1.0037912145238264,0.4028,0.01289,0.0,0.0,0.0,0.0,0.0,0.0,0.0,0.0,0.0,0.0,0.0858018386108274,12.398365679264538,17.24004085801839,0.27579162410623087,0.0,0.0,0.0,0.0,0.0,0.0,0.0,0.0,0.0,0.0,0.0,0.0,0.0,0.0,0.0,0.0,nan,nan,4.191167387276097,2.9383550895468074,nan,0.4028,0.06433,0.0,0.0,0.0,0.0,0.0,0.0,0.0,0.0,0.0,0.0,0.0,0.0,0.0,0.0,0.0,0.0,0.0,0.0,0.0,1.0214504596527069e-05,0.00010214504596527068,0.0023493360572012256,2.0429009193054138e-05,0.0034831460674157304,0.011378958120531154,0.004627170582226762,0.004994892747701736,0.009244126659856997,0.014473953013278857,0.027262512768130746,0.00644535240040858,0.015240040858018385,0.02801838610827375,0.01738508682328907,0.0351685393258427,0.02284984678243105,0.02710929519918284,0.07182839632277835,0.05982635342185904,0.048508682328907045,0.10225740551583248,0.06183861082737487,0.0870582226762002,0.06572012257405516,0.04995914198161389,0.04160367722165475,0.03861082737487232,0.015597548518896833,0.029152196118488252,0.026843718079673135,0.01174668028600613,0.011164453524004086,0.008998978549540347,0.01599591419816139,0.0173953013278856,0.00042900919305413686,0.0033810010214504597,0.0005311542390194076,0.0013687436159346273,1.0214504596527069e-05,0.0,1.0214504596527069e-05,0.0,0.0,0.0,0.0,0.0,0.0,0.0,0.0,0.0,0.0,0.0,0.0,0.0,0.0,0.0,0.0,0.0,0.0,0.0,0.0,0.0,0.0,0.0,0.0,0.0,0.0,0.0,0.0,0.0,0.0,0.0,0.0,0.0,0.0,0.0,0.0,0.0,0.0,0.0,nan,nan,4.191167387276097,2.9383550895468074,nan,0.883811184951851,0.021980062490332155,0.0,0.0,0.0,0.0,0.0,0.0,0.0,0.0,0.0,0.0,0.0,0.0,0.0,0.0,0.0,0.0,0.0,0.0,0.0,0.0,0.0,0.0,0.0,0.011750881316098671,0.3525264394829613,6.09870740305523,16.92126909518214,6.321974148061106,0.29377203290246773,0.0,0.8834077519397263,0.022154827983416187,0.0,0.0,0.0,0.0,0.0,0.0,0.0,0.0,0.0,0.0,0.0,0.0,0.0,0.0,0.0,0.0,0.0,0.0,0.0,0.0,0.0,0.0,0.0,0.0,0.33304867634500435,6.532877882152008,16.33219470538002,6.456020495303162,0.33304867634500435,0.01280956447480786,0.4026,0.01291,0.0,0.0,0.0,0.0,0.0,0.0,0.0,0.0,0.0,0.0,0.1057579318448884,12.502937720329006,17.156286721504117,0.2350176263219742,0.0,0.0,0.0,0.0,0.0,0.0,0.0,0.0,0.0,0.0,0.0,0.0,0.0,0.0,0.0,0.0,0.403,0.01286,0.0,0.0,0.0,0.0,0.0,0.0,0.0,0.0,0.0,0.0,0.06404782237403929,12.284372331340718,17.331340734415033,0.32023911187019644,0.0,0.0,0.0,0.0,0.0,0.0,0.0,0.0,0.0,0.0,0.0,0.0,0.0,0.0,0.0,0.0
99900,4842,2494,0.5150764147046675,1188,969,0.4454770755885997,1331,0.5497728211482859,0.414,2.9646507666098807,3.113556800716806,6.62111801242236,2.0812505180761693,8293.709060058452,427.6331292006984,7853.0,8724.882082903385,8708.61879262351,5.505976551473206,7853.0,0.0,27.891780256092524,20.78565941981046,32.79322200392927,19.02840068540262,0.13899215200330442,0.09562164394878149,0.09727385377942999,0.08736059479553904,0.08013217678645188,0.08033870301528294,0.06526228831061545,0.0644361833952912,0.055349029326724496,0.053696819496076,0.04708798017348203,0.040892193308550186,0.036968194960760016,0.022304832713754646,0.016728624535315983,0.010326311441553077,0.007228418009087154,0.8838364251484215,0.021829473007948155,0.0,0.0,0.0,0.0,0.0,0.0,0.0,0.0,0.0,0.0,0.0,0.0,0.0,0.0,0.0,0.0,0.0,0.0,0.0,0.0,0.0,0.0,0.0,0.0061957868649318276,0.2602230483271376,6.375464684014871,16.375464684014872,6.6232961586121455,0.3593556381660472,0.0,4.330003222687721,2.926760783171446,nan,nan,nan,4.245295262816353,2.8894040340643103,4.4135723431498075,2.960779937813176,1.0396384868226618,0.4033,0.01274,0.0,0.0,0.0,0.0,0.0,0.0,0.0,0.0,0.0,0.0,0.08054522924411403,11.871127633209401,17.8004956629492,0.2478314745972739,0.0,0.0,0.0,0.0,0.0,0.0,0.0,0.0,0.0,0.0,0.0,0.0,0.0,0.0,0.0,0.0,nan,nan,4.330003222687721,2.926760783171446,nan,0.4033,0.064,0.0,0.0,0.0,0.0,0.0,0.0,0.0,0.0,0.0,0.0,0.0,0.0,0.0,0.0,0.0,0.0,0.0,0.0,0.0,0.0,8.261049153242462e-05,0.00201363073110285,1.0326311441553078e-05,0.0034283353985956216,0.011286658405617513,0.004285419248244527,0.005700123915737299,0.00959314332920281,0.015757951259809996,0.025444031391986782,0.0071561338289962825,0.015344898802147873,0.02540272614622057,0.01664601404378356,0.03563610078479967,0.021747211895910782,0.026363073110285008,0.06856670797191243,0.060109458901280464,0.04701569599339116,0.10568979760429574,0.06305245766212308,0.09090251961999174,0.0655824039653036,0.0485026848409748,0.04324659231722429,0.038579099545642294,0.016047087980173482,0.03032837670384139,0.027375051631557207,0.011668731928954977,0.010192069392812888,0.008157786038826931,0.01660470879801735,0.017203634861627428,0.0004853366377529946,0.00295332507228418,0.00039239983477901694,0.0014456836018174309,0.0,0.0,0.0,0.0,0.0,0.0,0.0,0.0,0.0,0.0,0.0,0.0,0.0,0.0,0.0,0.0,0.0,0.0,0.0,0.0,0.0,0.0,0.0,0.0,0.0,0.0,0.0,0.0,0.0,0.0,0.0,0.0,0.0,0.0,0.0,0.0,0.0,0.0,0.0,0.0,0.0,0.0,nan,nan,4.330003222687721,2.926760783171446,nan,0.88429661258852,0.021838324573099296,0.0,0.0,0.0,0.0,0.0,0.0,0.0,0.0,0.0,0.0,0.0,0.0,0.0,0.0,0.0,0.0,0.0,0.0,0.0,0.0,0.0,0.0,0.0,0.0,0.264635124298316,6.12269446672013,16.347233360064156,6.928628708901365,0.3368083400160386,0.0,0.8833476229867496,0.021809435130779438,0.0,0.0,0.0,0.0,0.0,0.0,0.0,0.0,0.0,0.0,0.0,0.0,0.0,0.0,0.0,0.0,0.0,0.0,0.0,0.0,0.0,0.0,0.0,0.012776831345826196,0.25553662691652473,6.643952299829643,16.40545144804089,6.298977853492335,0.38330494037478713,0.0,0.4033,0.01265,0.0,0.0,0.0,0.0,0.0,0.0,0.0,0.0,0.0,0.0,0.036086607858861273,11.776263031275043,17.94707297514034,0.24057738572574183,0.0,0.0,0.0,0.0,0.0,0.0,0.0,0.0,0.0,0.0,0.0,0.0,0.0,0.0,0.0,0.0,0.403,0.01283,0.0,0.0,0.0,0.0,0.0,0.0,0.0,0.0,0.0,0.0,0.12776831345826237,11.971890971039166,17.644804088586035,0.25553662691652473,0.0,0.0,0.0,0.0,0.0,0.0,0.0,0.0,0.0,0.0,0.0,0.0,0.0,0.0,0.0,0.0
100000,4620,2387,0.5166666666666667,1129,950,0.45,1309,0.5666666666666667,0.426,2.9650694133452755,3.099143621093611,6.51033386327504,2.188705953711086,8295.111752139468,427.63188499870756,7853.0,8728.726154887676,8708.700165431226,5.69056988110809,7853.0,0.0,28.306277056277057,20.976618698616228,33.21026957637997,19.185512754956253,0.13614718614718616,0.10108225108225108,0.08831168831168831,0.0854978354978355,0.07922077922077922,0.07510822510822511,0.07164502164502165,0.06471861471861472,0.05887445887445888,0.05822510822510823,0.044805194805194806,0.0380952380952381,0.03744588744588745,0.023376623376623377,0.01774891774891775,0.013203463203463203,0.006493506493506494,0.8851401973467369,0.02226152009697075,0.0,0.0,0.0,0.0,0.0,0.0,0.0,0.0,0.0,0.0,0.0,0.0,0.0,0.0,0.0,0.0,0.0,0.0,0.0,0.0,0.0,0.0,0.0,0.0,0.31818181818181823,5.733766233766235,16.402597402597404,7.05844155844156,0.4870129870129871,0.0,4.2939424031777556,2.8972803479739566,nan,nan,nan,4.250998668442077,2.9074006197140325,4.336405529953917,2.886610342948424,1.0200910111183688,0.4026,0.012566,0.0,0.0,0.0,0.0,0.0,0.0,0.0,0.0,0.0,0.0,0.06493506493506494,12.50649350649349,17.266233766233768,0.16233766233766236,0.0,0.0,0.0,0.0,0.0,0.0,0.0,0.0,0.0,0.0,0.0,0.0,0.0,0.0,0.0,0.0,nan,nan,4.2939424031777556,2.8972803479739566,nan,0.4026,0.0642,0.0,0.0,0.0,0.0,0.0,0.0,0.0,0.0,0.0,0.0,0.0,0.0,0.0,0.0,0.0,0.0,0.0,0.0,0.0,0.0,7.575757575757576e-05,0.002640692640692641,5.411255411255411e-05,0.0028354978354978356,0.011893939393939394,0.004924242424242424,0.005898268398268398,0.009805194805194805,0.016233766233766232,0.025887445887445886,0.006071428571428571,0.01524891774891775,0.02666666666666667,0.017673160173160174,0.03474025974025974,0.022002164502164502,0.02577922077922078,0.06923160173160173,0.05908008658008658,0.04922077922077922,0.10404761904761904,0.0633982683982684,0.0925,0.06452380952380952,0.049112554112554115,0.04551948051948052,0.0372943722943723,0.014166666666666666,0.028712121212121213,0.026796536796536798,0.011049783549783549,0.010021645021645022,0.008106060606060606,0.016147186147186146,0.01737012987012987,0.0005735930735930736,0.003073593073593074,0.00036796536796536797,0.0012554112554112554,0.0,0.0,0.0,0.0,0.0,0.0,0.0,0.0,0.0,0.0,0.0,0.0,0.0,0.0,0.0,0.0,0.0,0.0,0.0,0.0,0.0,0.0,0.0,0.0,0.0,0.0,0.0,0.0,0.0,0.0,0.0,0.0,0.0,0.0,0.0,0.0,0.0,0.0,0.0,0.0,0.0,0.0,nan,nan,4.2939424031777556,2.8972803479739566,nan,0.8855878688772703,0.022346236494850406,0.0,0.0,0.0,0.0,0.0,0.0,0.0,0.0,0.0,0.0,0.0,0.0,0.0,0.0,0.0,0.0,0.0,0.0,0.0,0.0,0.0,0.0,0.0,0.0,0.2639296187683285,5.756179304566403,16.2253875157101,7.151235860913282,0.6032677000418937,0.0,0.884661651917546,0.022160604919688943,0.0,0.0,0.0,0.0,0.0,0.0,0.0,0.0,0.0,0.0,0.0,0.0,0.0,0.0,0.0,0.0,0.0,0.0,0.0,0.0,0.0,0.0,0.0,0.0,0.37617554858934177,5.709807433945366,16.59202866099418,6.9592476489028225,0.36274070756829385,0.0,0.4023,0.01259,0.0,0.0,0.0,0.0,0.0,0.0,0.0,0.0,0.0,0.0,0.0628403854210306,12.706325932132366,17.117720988688735,0.11311269375785507,0.0,0.0,0.0,0.0,0.0,0.0,0.0,0.0,0.0,0.0,0.0,0.0,0.0,0.0,0.0,0.0,0.4026,0.01254,0.0,0.0,0.0,0.0,0.0,0.0,0.0,0.0,0.0,0.0,0.0671742051052396,12.292879534258827,17.42498880429915,0.21495745633676674,0.0,0.0,0.0,0.0,0.0,0.0,0.0,0.0,0.0,0.0,0.0,0.0,0.0,0.0,0.0,0.0