year,n,n_male,p_male,n_male_fertile,n_female_fertile,p_fertile,n_pairs,p_pair,birth_rate,m_children,sd_children,m_children_over_40,sd_children_over_40,m_energy,sd_energy,min_energy,max_energy,m_energy_male,sd_energy_male,m_energy_female,sd_energy_female,m_age,sd_age,m_age_over_5,sd_age_over_5,p_age_0-5,p_age_5-10,p_age_10-15,p_age_15-20,p_age_20-25,p_age_25-30,p_age_30-35,p_age_35-40,p_age_40-45,p_age_45-50,p_age_50-55,p_age_55-60,p_age_60-65,p_age_65-70,p_age_70-75,p_age_75-80,p_age_80-100,m_culture,sd_culture,pdf_culture_0-33,pdf_culture_33-67,pdf_culture_67-100,pdf_culture_100-133,pdf_culture_133-167,pdf_culture_167-200,pdf_culture_200-233,pdf_culture_233-267,pdf_culture_267-300,pdf_culture_300-333,pdf_culture_333-367,pdf_culture_367-400,pdf_culture_400-433,pdf_culture_433-467,pdf_culture_467-500,pdf_culture_500-533,pdf_culture_533-567,pdf_culture_567-600,pdf_culture_600-633,pdf_culture_633-667,pdf_culture_667-700,pdf_culture_700-733,pdf_culture_733-767,pdf_culture_767-800,pdf_culture_800-833,pdf_culture_833-867,pdf_culture_867-900,pdf_culture_900-933,pdf_culture_933-967,pdf_culture_967-1000,m_children_culture_over_750,sd_children_culture_over_750,m_children_culture_under_750,sd_children_culture_under_750,ratio_children_culture_under-over_750,m_children_culture_over_median,sd_children_culture_over_median,m_children_culture_under_median,sd_children_culture_under_median,ratio_children_culture_under-over_median,m_pheno,sd_pheno,pdf_pheno_0-33,pdf_pheno_33-67,pdf_pheno_67-100,pdf_pheno_100-133,pdf_pheno_133-167,pdf_pheno_167-200,pdf_pheno_200-233,pdf_pheno_233-267,pdf_pheno_267-300,pdf_pheno_300-333,pdf_pheno_333-367,pdf_pheno_367-400,pdf_pheno_400-433,pdf_pheno_433-467,pdf_pheno_467-500,pdf_pheno_500-533,pdf_pheno_533-567,pdf_pheno_567-600,pdf_pheno_600-633,pdf_pheno_633-667,pdf_pheno_667-700,pdf_pheno_700-733,pdf_pheno_733-767,pdf_pheno_767-800,pdf_pheno_800-833,pdf_pheno_833-867,pdf_pheno_867-900,pdf_pheno_900-933,pdf_pheno_933-967,pdf_pheno_967-1000,m_children_pheno_over_750,sd_children_pheno_over_750,m_children_pheno_under_750,sd_children_pheno_under_750,ratio_children_pheno_under-over,m_geno,sd_geno,p_geno_0,p_geno_1,p_geno_2,p_geno_3,p_geno_4,p_geno_5,p_geno_6,p_geno_7,p_geno_8,p_geno_9,p_geno_10,p_geno_11,p_geno_12,p_geno_13,p_geno_14,p_geno_15,p_geno_16,p_geno_17,p_geno_18,p_geno_19,p_geno_20,p_geno_21,p_geno_22,p_geno_23,p_geno_24,p_geno_25,p_geno_26,p_geno_27,p_geno_28,p_geno_29,p_geno_30,p_geno_31,p_geno_32,p_geno_33,p_geno_34,p_geno_35,p_geno_36,p_geno_37,p_geno_38,p_geno_39,p_geno_40,p_geno_41,p_geno_42,p_geno_43,p_geno_44,p_geno_45,p_geno_46,p_geno_47,p_geno_48,p_geno_49,p_geno_50,p_geno_51,p_geno_52,p_geno_53,p_geno_54,p_geno_55,p_geno_56,p_geno_57,p_geno_58,p_geno_59,p_geno_60,p_geno_61,p_geno_62,p_geno_63,p_geno_64,p_geno_65,p_geno_66,p_geno_67,p_geno_68,p_geno_69,p_geno_70,p_geno_71,p_geno_72,p_geno_73,p_geno_74,p_geno_75,p_geno_76,p_geno_77,p_geno_78,p_geno_79,p_geno_80,p_geno_81,p_geno_82,p_geno_83,p_geno_84,p_geno_85,p_geno_86,p_geno_87,p_geno_88,p_geno_89,p_geno_90,p_geno_91,p_geno_92,p_geno_93,p_geno_94,p_geno_95,p_geno_96,p_geno_97,p_geno_98,p_geno_99,p_geno_100,m_children_geno_over_750,sd_children_geno_over_750,m_children_geno_under_750,sd_children_geno_under_750,ratio_children_geno_under-over,male_m_culture,male_sd_culture,male_pdf_culture_0-33,male_pdf_culture_33-67,male_pdf_culture_67-100,male_pdf_culture_100-133,male_pdf_culture_133-167,male_pdf_culture_167-200,male_pdf_culture_200-233,male_pdf_culture_233-267,male_pdf_culture_267-300,male_pdf_culture_300-333,male_pdf_culture_333-367,male_pdf_culture_367-400,male_pdf_culture_400-433,male_pdf_culture_433-467,male_pdf_culture_467-500,male_pdf_culture_500-533,male_pdf_culture_533-567,male_pdf_culture_567-600,male_pdf_culture_600-633,male_pdf_culture_633-667,male_pdf_culture_667-700,male_pdf_culture_700-733,male_pdf_culture_733-767,male_pdf_culture_767-800,male_pdf_culture_800-833,male_pdf_culture_833-867,male_pdf_culture_867-900,male_pdf_culture_900-933,male_pdf_culture_933-967,male_pdf_culture_967-1000,female_m_culture,female_sd_culture,female_pdf_culture_0-33,female_pdf_culture_33-67,female_pdf_culture_67-100,female_pdf_culture_100-133,female_pdf_culture_133-167,female_pdf_culture_167-200,female_pdf_culture_200-233,female_pdf_culture_233-267,female_pdf_culture_267-300,female_pdf_culture_300-333,female_pdf_culture_333-367,female_pdf_culture_367-400,female_pdf_culture_400-433,female_pdf_culture_433-467,female_pdf_culture_467-500,female_pdf_culture_500-533,female_pdf_culture_533-567,female_pdf_culture_567-600,female_pdf_culture_600-633,female_pdf_culture_633-667,female_pdf_culture_667-700,female_pdf_culture_700-733,female_pdf_culture_733-767,female_pdf_culture_767-800,female_pdf_culture_800-833,female_pdf_culture_833-867,female_pdf_culture_867-900,female_pdf_culture_900-933,female_pdf_culture_933-967,female_pdf_culture_967-1000,male_m_pheno,male_sd_pheno,male_pdf_pheno_0-33,male_pdf_pheno_33-67,male_pdf_pheno_67-100,male_pdf_pheno_100-133,male_pdf_pheno_133-167,male_pdf_pheno_167-200,male_pdf_pheno_200-233,male_pdf_pheno_233-267,male_pdf_pheno_267-300,male_pdf_pheno_300-333,male_pdf_pheno_333-367,male_pdf_pheno_367-400,male_pdf_pheno_400-433,male_pdf_pheno_433-467,male_pdf_pheno_467-500,male_pdf_pheno_500-533,male_pdf_pheno_533-567,male_pdf_pheno_567-600,male_pdf_pheno_600-633,male_pdf_pheno_633-667,male_pdf_pheno_667-700,male_pdf_pheno_700-733,male_pdf_pheno_733-767,male_pdf_pheno_767-800,male_pdf_pheno_800-833,male_pdf_pheno_833-867,male_pdf_pheno_867-900,male_pdf_pheno_900-933,male_pdf_pheno_933-967,male_pdf_pheno_967-1000,female_m_pheno,female_sd_pheno,female_pdf_pheno_0-33,female_pdf_pheno_33-67,female_pdf_pheno_67-100,female_pdf_pheno_100-133,female_pdf_pheno_133-167,female_pdf_pheno_167-200,female_pdf_pheno_200-233,female_pdf_pheno_233-267,female_pdf_pheno_267-300,female_pdf_pheno_300-333,female_pdf_pheno_333-367,female_pdf_pheno_367-400,female_pdf_pheno_400-433,female_pdf_pheno_433-467,female_pdf_pheno_467-500,female_pdf_pheno_500-533,female_pdf_pheno_533-567,female_pdf_pheno_567-600,female_pdf_pheno_600-633,female_pdf_pheno_633-667,female_pdf_pheno_667-700,female_pdf_pheno_700-733,female_pdf_pheno_733-767,female_pdf_pheno_767-800,female_pdf_pheno_800-833,female_pdf_pheno_833-867,female_pdf_pheno_867-900,female_pdf_pheno_900-933,female_pdf_pheno_933-967,female_pdf_pheno_967-1000
100,976,510,0.5225409836065574,242,196,0.4487704918032787,263,0.5389344262295082,0.454,3.11587982832618,3.3009760844365847,6.913385826771654,2.2484417072675518,9352.021572460406,1432.9623361680128,7853.0,10769.183860301971,10721.715793571286,18.553306051286036,7853.0,0.0,27.22438524590164,20.85640453860193,32.42345679012346,19.094881814438974,0.1526639344262295,0.09016393442622951,0.10348360655737705,0.0942622950819672,0.0778688524590164,0.07274590163934426,0.06864754098360656,0.06762295081967214,0.05430327868852459,0.042008196721311473,0.0471311475409836,0.0389344262295082,0.025614754098360656,0.027663934426229508,0.020491803278688523,0.010245901639344262,0.006147540983606557,0.9503933257866101,0.023588965999146463,0.0,0.0,0.0,0.0,0.0,0.0,0.0,0.0,0.0,0.0,0.0,0.0,0.0,0.0,0.0,0.0,0.0,0.0,0.0,0.0,0.0,0.0,0.0,0.0,0.0,0.09221311475409838,0.5225409836065575,6.331967213114756,15.584016393442626,7.469262295081969,4.479740680713128,3.128267305506101,nan,nan,nan,4.537704918032787,3.1683974298661415,4.423076923076923,3.0874818831368427,0.9747387727879057,0.3975,0.02357,0.0,0.0,0.0,0.0,0.0,0.0,0.0,0.0,0.0,0.09221311475409838,2.797131147540984,13.58606557377047,11.772540983606559,1.6905737704918038,0.061475409836065587,0.0,0.0,0.0,0.0,0.0,0.0,0.0,0.0,0.0,0.0,0.0,0.0,0.0,0.0,0.0,nan,nan,4.479740680713128,3.128267305506101,nan,0.3975,0.111,0.00035860655737704917,0.0,0.00015368852459016395,0.0,0.0,0.0,0.0003073770491803279,0.00015368852459016395,0.001127049180327869,0.00020491803278688525,0.0011782786885245903,0.0018954918032786886,0.004149590163934426,0.0020491803278688526,0.0017418032786885246,0.004405737704918033,0.0023565573770491805,0.004354508196721311,0.004149590163934426,0.00584016393442623,0.008555327868852458,0.010809426229508196,0.0125,0.011936475409836066,0.014190573770491804,0.019723360655737706,0.015983606557377048,0.018442622950819672,0.020491803278688523,0.01951844262295082,0.022848360655737705,0.022899590163934426,0.026434426229508198,0.03171106557377049,0.03043032786885246,0.03043032786885246,0.03632172131147541,0.03119877049180328,0.03627049180327869,0.036116803278688527,0.037038934426229506,0.030686475409836066,0.03206967213114754,0.03247950819672131,0.03770491803278689,0.03493852459016394,0.026280737704918032,0.032991803278688524,0.030276639344262297,0.02028688524590164,0.0315061475409836,0.017110655737704917,0.023104508196721312,0.01839139344262295,0.01403688524590164,0.009426229508196722,0.014754098360655738,0.013217213114754099,0.009989754098360656,0.00819672131147541,0.0073258196721311475,0.004969262295081967,0.0046618852459016395,0.002663934426229508,0.002305327868852459,0.003637295081967213,0.001997950819672131,0.0009221311475409836,0.001127049180327869,0.0004098360655737705,0.0,0.0005122950819672131,0.000665983606557377,0.000665983606557377,0.0015368852459016393,0.0,5.122950819672131e-05,0.0,0.0,0.0007172131147540983,0.0,5.122950819672131e-05,0.0,5.122950819672131e-05,0.0,0.0,0.0,0.0,0.0,0.0,0.0,0.0,0.0,0.0,0.0,0.0,0.0,0.0,0.0,0.0,0.0,nan,nan,4.479740680713128,3.128267305506101,nan,0.9503287965176153,0.023456493565549026,0.0,0.0,0.0,0.0,0.0,0.0,0.0,0.0,0.0,0.0,0.0,0.0,0.0,0.0,0.0,0.0,0.0,0.0,0.0,0.0,0.0,0.0,0.0,0.0,0.0,0.11764705882352944,0.6470588235294119,5.764705882352942,16.117647058823533,7.35294117647059,0.9504639479479564,0.02373289803866252,0.0,0.0,0.0,0.0,0.0,0.0,0.0,0.0,0.0,0.0,0.0,0.0,0.0,0.0,0.0,0.0,0.0,0.0,0.0,0.0,0.0,0.0,0.0,0.0,0.0,0.06437768240343349,0.3862660944206009,6.952789699570817,15.000000000000004,7.596566523605152,0.3975,0.02376,0.0,0.0,0.0,0.0,0.0,0.0,0.0,0.0,0.0,0.05882352941176472,3.0000000000000004,13.529411764705863,11.411764705882355,2.0000000000000004,0.0,0.0,0.0,0.0,0.0,0.0,0.0,0.0,0.0,0.0,0.0,0.0,0.0,0.0,0.0,0.0,0.3975,0.02338,0.0,0.0,0.0,0.0,0.0,0.0,0.0,0.0,0.0,0.12875536480686697,2.5751072961373396,13.648068669527877,12.16738197424893,1.3519313304721032,0.12875536480686697,0.0,0.0,0.0,0.0,0.0,0.0,0.0,0.0,0.0,0.0,0.0,0.0,0.0,0.0,0.0
200,1149,590,0.5134899912967799,286,221,0.4412532637075718,318,0.5535248041775457,0.438,2.9892665474060824,3.2138830106081273,6.69811320754717,2.341194440572525,9326.066816933784,1433.9159822099286,7853.0,10775.995294570923,10721.73520789308,19.846235284004536,7853.0,0.0,27.30461270670148,20.643633509740205,32.75449735449735,18.71442426421391,0.15839860748476936,0.08616187989556136,0.09399477806788512,0.09138381201044386,0.08006962576153177,0.07484769364664925,0.07745865970409051,0.057441253263707574,0.04699738903394256,0.06005221932114883,0.04699738903394256,0.03220191470844212,0.04003481288076589,0.02610966057441253,0.013054830287206266,0.007832898172323759,0.006962576153176675,0.9512515109035635,0.023094640446678635,0.0,0.0,0.0,0.0,0.0,0.0,0.0,0.0,0.0,0.0,0.0,0.0,0.0,0.0,0.0,0.0,0.0,0.0,0.0,0.0,0.0,0.0,0.0,0.0,0.0,0.0,0.46997389033942566,5.848563968668409,15.874673629242823,7.806788511749349,4.310013717421125,3.004782858585072,nan,nan,nan,4.235294117647059,3.0849358488580725,4.3887323943661976,2.915888930040184,1.03622848200313,0.3967,0.02446,0.0,0.0,0.0,0.0,0.0,0.0,0.0,0.0,0.0,0.2088772845953003,2.8459530026109667,13.629242819843324,11.122715404699742,2.088772845953003,0.10443864229765015,0.0,0.0,0.0,0.0,0.0,0.0,0.0,0.0,0.0,0.0,0.0,0.0,0.0,0.0,0.0,nan,nan,4.310013717421125,3.004782858585072,nan,0.3967,0.11163,0.0,0.0,8.703220191470844e-05,0.0,0.0,0.0,0.001174934725848564,0.0,0.0005657093124456048,0.0002175805047867711,0.001000870322019147,0.002001740644038294,0.002959094865100087,0.0030896431679721496,0.0030896431679721496,0.002393385552654482,0.00278503046127067,0.0045691906005221935,0.004308093994778068,0.004351610095735422,0.010879025239338555,0.012924281984334204,0.015274151436031332,0.008268059181897302,0.016623150565709312,0.017972149695387293,0.017406440382941687,0.021235857267188858,0.02280243690165361,0.021192341166231504,0.021975630983463883,0.017798085291557877,0.029329852045256746,0.02328111401218451,0.02906875543951262,0.028590078328981722,0.03333333333333333,0.03455178416013925,0.035726718885987815,0.040557006092254134,0.0386858137510879,0.03215839860748477,0.03111401218450827,0.03224543080939948,0.040905134899912966,0.033028720626631855,0.026153176675369885,0.03494342906875544,0.027980852915578763,0.021975630983463883,0.029503916449086162,0.017188859878154918,0.01927763272410792,0.019538729329852046,0.01636205395996519,0.008920800696257615,0.013577023498694517,0.012358572671888599,0.010139251523063534,0.009704090513489992,0.0045691906005221935,0.004873803307223673,0.004395126196692777,0.0026109660574412533,0.0028285465622280245,0.002567449956483899,0.0016100957354221062,0.0006092254134029591,0.0030461270670147957,0.0008268059181897302,0.0,0.0005221932114882506,0.0006962576153176675,0.001392515230635335,0.001784160139251523,0.0,0.0,0.0,4.351610095735422e-05,0.00047867711053089645,0.0,0.0,0.0,0.0,0.0,0.0,0.0,0.0,0.0,0.0,0.0,0.0,0.0,0.0,0.0,0.0,0.0,0.0,0.0,0.0,0.0,nan,nan,4.310013717421125,3.004782858585072,nan,0.9503443998805547,0.023737995222182305,0.0,0.0,0.0,0.0,0.0,0.0,0.0,0.0,0.0,0.0,0.0,0.0,0.0,0.0,0.0,0.0,0.0,0.0,0.0,0.0,0.0,0.0,0.0,0.0,0.0,0.0,0.6101694915254239,6.610169491525426,14.949152542372884,7.8305084745762725,0.9522089268312471,0.022355679263008587,0.0,0.0,0.0,0.0,0.0,0.0,0.0,0.0,0.0,0.0,0.0,0.0,0.0,0.0,0.0,0.0,0.0,0.0,0.0,0.0,0.0,0.0,0.0,0.0,0.0,0.0,0.32200357781753136,5.044722719141324,16.85152057245081,7.781753130590341,0.3975,0.02502,0.0,0.0,0.0,0.0,0.0,0.0,0.0,0.0,0.0,0.10169491525423731,3.2033898305084754,12.81355932203388,11.593220338983054,2.1355932203389836,0.15254237288135597,0.0,0.0,0.0,0.0,0.0,0.0,0.0,0.0,0.0,0.0,0.0,0.0,0.0,0.0,0.0,0.3962,0.02385,0.0,0.0,0.0,0.0,0.0,0.0,0.0,0.0,0.0,0.32200357781753136,2.468694096601074,14.490161001788888,10.626118067978535,2.0393559928443654,0.05366726296958856,0.0,0.0,0.0,0.0,0.0,0.0,0.0,0.0,0.0,0.0,0.0,0.0,0.0,0.0,0.0
300,1261,620,0.4916732751784298,292,268,0.44409199048374304,355,0.56304520222046,0.40599999999999997,2.8845553822152885,3.0526981232929358,6.408045977011494,2.1172916114699594,9263.851644636052,1434.609286722449,7853.0,10787.701427698135,10722.490199816228,19.19738378848169,7853.0,0.0,27.988897700237906,20.864652854845545,32.96691871455577,19.08680405393718,0.13957176843774782,0.09040444091990484,0.1070578905630452,0.08485329103885805,0.08247422680412371,0.07137192704203013,0.06423473433782712,0.06502775574940524,0.0626486915146709,0.0499603489294211,0.047581284694686754,0.03647898493259318,0.03251387787470262,0.029341792228390166,0.014274385408406027,0.017446471054718478,0.004758128469468675,0.952089776130634,0.02305827839753167,0.0,0.0,0.0,0.0,0.0,0.0,0.0,0.0,0.0,0.0,0.0,0.0,0.0,0.0,0.0,0.0,0.0,0.0,0.0,0.0,0.0,0.0,0.0,0.0,0.0,0.0,0.38065027755749414,6.066613798572563,15.511498810467886,8.041237113402063,4.334158415841584,2.857545428491824,nan,nan,nan,4.2781954887218046,2.8889732029387094,4.388753056234719,2.82548144373601,1.0258421027754263,0.397,0.0244,0.0,0.0,0.0,0.0,0.0,0.0,0.0,0.0,0.0,0.19032513877874707,3.1403647898493268,13.275178429817585,11.419508326724824,1.9508326724821574,0.023790642347343384,0.0,0.0,0.0,0.0,0.0,0.0,0.0,0.0,0.0,0.0,0.0,0.0,0.0,0.0,0.0,nan,nan,4.334158415841584,2.857545428491824,nan,0.397,0.1125,0.0,0.0,3.965107057890563e-05,0.0,0.0,0.0,0.0007137192704203013,0.0,0.0008326724821570182,0.00031720856463124506,0.0015463917525773195,0.0010309278350515464,0.0014670896114195083,0.0036082474226804126,0.005987311657414751,0.0018636003172085647,0.0029341792228390166,0.0031720856463124504,0.005432196669310071,0.0036875495638382235,0.010864393338620142,0.013124504361617764,0.01804123711340206,0.008049167327517842,0.015503568596352102,0.015344964314036478,0.016732751784298176,0.022997620935765267,0.022640761300555114,0.02232355273592387,0.021094369547977797,0.019706582077716098,0.03215701823949246,0.027081681205392547,0.028191911181601904,0.027597145122918318,0.03183980967486122,0.03057097541633624,0.03588421887390959,0.04389373513084853,0.03766851704996035,0.027835051546391754,0.029103885804916733,0.031601903251387786,0.04091990483743061,0.029896907216494847,0.027359238699444885,0.03544805709754163,0.02874702616970658,0.023869944488501188,0.02505947660586836,0.019825535289452814,0.01823949246629659,0.016653449643140365,0.017089611419508325,0.011657414750198256,0.01843774781919112,0.011102299762093577,0.012133227597145123,0.01070578905630452,0.004797779540047582,0.0042823156225218085,0.003330689928628073,0.0021808088818398097,0.002339413164155432,0.0005551149881046788,0.0022997620935765266,0.0007930214115781126,0.003647898493259318,7.930214115781126e-05,0.0,0.0010309278350515464,0.0003965107057890563,0.0020222045995241873,0.0022204599524187152,0.0,0.0,0.0,0.0,0.0003965107057890563,0.0,0.0,0.0,0.0,0.0,0.0,0.0,0.0,0.0,0.0,0.0,0.0,0.0,0.0,0.0,0.0,0.0,0.0,0.0,0.0,0.0,nan,nan,4.334158415841584,2.857545428491824,nan,0.9525834466180494,0.02404255754371355,0.0,0.0,0.0,0.0,0.0,0.0,0.0,0.0,0.0,0.0,0.0,0.0,0.0,0.0,0.0,0.0,0.0,0.0,0.0,0.0,0.0,0.0,0.0,0.0,0.0,0.0,0.48387096774193555,5.951612903225808,15.048387096774196,8.516129032258066,0.9516122789353179,0.022054000288430735,0.0,0.0,0.0,0.0,0.0,0.0,0.0,0.0,0.0,0.0,0.0,0.0,0.0,0.0,0.0,0.0,0.0,0.0,0.0,0.0,0.0,0.0,0.0,0.0,0.0,0.0,0.280811232449298,6.177847113884557,15.959438377535104,7.5819032761310465,0.3965,0.02405,0.0,0.0,0.0,0.0,0.0,0.0,0.0,0.0,0.0,0.14516129032258066,3.3387096774193554,13.306451612903205,11.467741935483874,1.7419354838709682,0.0,0.0,0.0,0.0,0.0,0.0,0.0,0.0,0.0,0.0,0.0,0.0,0.0,0.0,0.0,0.0,0.3975,0.02473,0.0,0.0,0.0,0.0,0.0,0.0,0.0,0.0,0.0,0.23400936037441503,2.9485179407176294,13.244929797191867,11.372854914196571,2.152886115444618,0.046801872074883004,0.0,0.0,0.0,0.0,0.0,0.0,0.0,0.0,0.0,0.0,0.0,0.0,0.0,0.0,0.0
400,1304,648,0.49693251533742333,307,298,0.4639570552147239,378,0.5797546012269938,0.414,2.841463414634146,2.9958080965076075,6.237113402061856,1.959766427678946,9278.53767668625,1434.3736394262107,7853.0,10782.985636472702,10721.674583948872,19.12198673650851,7853.0,0.0,28.62346625766871,20.6499848098645,32.96342551293488,19.008742541098886,0.12423312883435583,0.08205521472392638,0.10122699386503067,0.09662576687116564,0.09355828220858896,0.07131901840490798,0.06365030674846625,0.0651840490797546,0.0651840490797546,0.04677914110429448,0.05674846625766871,0.04371165644171779,0.032208588957055216,0.014570552147239263,0.024539877300613498,0.012269938650306749,0.006134969325153374,0.9496220489221117,0.023665431209173134,0.0,0.0,0.0,0.0,0.0,0.0,0.0,0.0,0.0,0.0,0.0,0.0,0.0,0.0,0.0,0.0,0.0,0.0,0.0,0.0,0.0,0.0,0.0,0.0,0.0,0.0,0.71319018404908,6.533742331288345,15.736196319018408,7.016871165644173,4.161882893226177,2.9410930183230124,nan,nan,nan,4.269141531322505,3.000688081325248,4.056818181818182,2.877648797769767,0.9502655632411068,0.3977,0.02448,0.0,0.0,0.0,0.0,0.0,0.0,0.0,0.0,0.0,0.16104294478527612,2.9447852760736204,12.837423312883416,11.733128834355831,2.2546012269938656,0.06901840490797546,0.0,0.0,0.0,0.0,0.0,0.0,0.0,0.0,0.0,0.0,0.0,0.0,0.0,0.0,0.0,nan,nan,4.161882893226177,2.9410930183230124,nan,0.3977,0.11255,0.0,0.0,0.0,0.0,0.0,0.0,0.000843558282208589,0.0,0.0003450920245398773,0.00026840490797546015,0.002338957055214724,0.0006134969325153375,0.0018021472392638037,0.004256134969325153,0.006326687116564417,0.001687116564417178,0.0026457055214723925,0.005061349693251534,0.005406441717791411,0.0036426380368098157,0.011503067484662576,0.01142638036809816,0.015605828220858896,0.00786042944785276,0.014570552147239263,0.013458588957055215,0.016909509202453987,0.022354294478527607,0.020858895705521473,0.022430981595092023,0.020283742331288344,0.01759969325153374,0.03301380368098159,0.026265337423312884,0.02994631901840491,0.027952453987730063,0.0352760736196319,0.031096625766871167,0.040682515337423314,0.048466257668711654,0.03289877300613497,0.028374233128834355,0.029524539877300613,0.03385736196319018,0.04095092024539877,0.02503834355828221,0.0285659509202454,0.034700920245398774,0.02933282208588957,0.022967791411042944,0.02657208588957055,0.018289877300613495,0.017829754601226995,0.01710122699386503,0.015299079754601227,0.010659509202453987,0.01798312883435583,0.010927914110429447,0.011733128834355828,0.010161042944785276,0.008282208588957056,0.0036426380368098157,0.0034892638036809814,0.0019171779141104294,0.0027223926380368097,0.00030674846625766873,0.002415644171779141,0.0006134969325153375,0.004792944785276074,0.0,0.0,0.001303680981595092,0.0005368098159509203,0.0014187116564417178,0.0027607361963190185,0.0,7.668711656441718e-05,0.0,0.0,0.00015337423312883436,0.0,0.0,0.0,0.0,0.0,0.0,0.0,0.0,0.0,0.0,0.0,0.0,0.0,0.0,0.0,0.0,0.0,0.0,0.0,0.0,0.0,nan,nan,4.161882893226177,2.9410930183230124,nan,0.950320105953717,0.023545067455352703,0.0,0.0,0.0,0.0,0.0,0.0,0.0,0.0,0.0,0.0,0.0,0.0,0.0,0.0,0.0,0.0,0.0,0.0,0.0,0.0,0.0,0.0,0.0,0.0,0.0,0.0,0.6944444444444446,6.157407407407409,15.740740740740744,7.407407407407409,0.9489325047811357,0.02376360572251372,0.0,0.0,0.0,0.0,0.0,0.0,0.0,0.0,0.0,0.0,0.0,0.0,0.0,0.0,0.0,0.0,0.0,0.0,0.0,0.0,0.0,0.0,0.0,0.0,0.0,0.0,0.7317073170731709,6.90548780487805,15.731707317073173,6.631097560975611,0.3972,0.02478,0.0,0.0,0.0,0.0,0.0,0.0,0.0,0.0,0.0,0.23148148148148154,2.870370370370371,12.87037037037035,11.620370370370374,2.3148148148148153,0.09259259259259262,0.0,0.0,0.0,0.0,0.0,0.0,0.0,0.0,0.0,0.0,0.0,0.0,0.0,0.0,0.0,0.398,0.02415,0.0,0.0,0.0,0.0,0.0,0.0,0.0,0.0,0.0,0.09146341463414637,3.01829268292683,12.804878048780468,11.844512195121954,2.1951219512195124,0.045731707317073184,0.0,0.0,0.0,0.0,0.0,0.0,0.0,0.0,0.0,0.0,0.0,0.0,0.0,0.0,0.0
500,1310,717,0.5473282442748092,344,243,0.4480916030534351,336,0.5129770992366413,0.422,3.133220910623946,3.2147624146897233,6.576923076923077,2.2899962533237224,9423.337314999286,1428.1797719335057,7853.0,10784.52718758583,10722.096070640257,19.50010447454509,7853.0,0.0,28.520610687022902,20.963271106984326,33.055456171735244,19.34048007918928,0.12595419847328243,0.1083969465648855,0.09465648854961832,0.0816793893129771,0.07099236641221374,0.07786259541984733,0.07099236641221374,0.0633587786259542,0.06412213740458016,0.04961832061068702,0.05419847328244275,0.04198473282442748,0.029770992366412213,0.030534351145038167,0.017557251908396947,0.00916030534351145,0.00916030534351145,0.9514110954208228,0.02295161960724856,0.0,0.0,0.0,0.0,0.0,0.0,0.0,0.0,0.0,0.0,0.0,0.0,0.0,0.0,0.0,0.0,0.0,0.0,0.0,0.0,0.0,0.0,0.0,0.0,0.0,0.0,0.41221374045801534,6.114503816793895,15.916030534351147,7.557251908396948,4.078454332552694,2.9606600076958776,nan,nan,nan,4.111111111111111,2.9840108893323967,4.045023696682464,2.9361872582572475,0.9839246829768157,0.3972,0.02487,0.0,0.0,0.0,0.0,0.0,0.0,0.0,0.0,0.0,0.045801526717557266,3.664122137404581,13.213740458015248,10.969465648854964,1.9923664122137408,0.11450381679389315,0.0,0.0,0.0,0.0,0.0,0.0,0.0,0.0,0.0,0.0,0.0,0.0,0.0,0.0,0.0,nan,nan,4.078454332552694,2.9606600076958776,nan,0.3972,0.11206,0.0,0.0,0.0,0.0,0.0,0.0,0.0003816793893129771,0.0,0.001068702290076336,0.00019083969465648855,0.002519083969465649,0.00019083969465648855,0.0014122137404580153,0.003816793893129771,0.00816793893129771,0.0021755725190839696,0.002099236641221374,0.008091603053435115,0.004656488549618321,0.0030916030534351145,0.010763358778625954,0.010877862595419847,0.014732824427480916,0.008206106870229008,0.016106870229007635,0.011946564885496183,0.012786259541984733,0.021259541984732823,0.022290076335877863,0.02267175572519084,0.02053435114503817,0.016526717557251908,0.031603053435114506,0.02931297709923664,0.03064885496183206,0.026412213740458015,0.037442748091603056,0.030572519083969466,0.039045801526717556,0.04904580152671756,0.03148854961832061,0.03179389312977099,0.0316412213740458,0.03461832061068702,0.03900763358778626,0.024465648854961834,0.035076335877862595,0.036984732824427484,0.027862595419847327,0.021870229007633586,0.026297709923664123,0.01629770992366412,0.017557251908396947,0.01549618320610687,0.01381679389312977,0.012366412213740458,0.018587786259541984,0.01148854961832061,0.010381679389312977,0.011221374045801527,0.005954198473282443,0.003129770992366412,0.0037404580152671754,0.0016793893129770992,0.0024427480916030535,0.0,0.0020610687022900765,0.0006106870229007634,0.004198473282442748,0.0,0.0,0.001564885496183206,0.00022900763358778625,0.0016793893129770992,0.002786259541984733,3.816793893129771e-05,0.0004580152671755725,0.0,0.0,0.0004580152671755725,0.0,0.0,0.0,0.0,0.0,0.0,0.0,0.0,0.0,0.0,0.0,0.0,0.0,0.0,0.0,0.0,0.0,0.0,0.0,0.0,0.0,nan,nan,4.078454332552694,2.9606600076958776,nan,0.9514356907275265,0.02315905491316391,0.0,0.0,0.0,0.0,0.0,0.0,0.0,0.0,0.0,0.0,0.0,0.0,0.0,0.0,0.0,0.0,0.0,0.0,0.0,0.0,0.0,0.0,0.0,0.0,0.0,0.0,0.33472803347280344,6.317991631799164,15.69037656903766,7.656903765690378,0.951381357082026,0.022698241067051077,0.0,0.0,0.0,0.0,0.0,0.0,0.0,0.0,0.0,0.0,0.0,0.0,0.0,0.0,0.0,0.0,0.0,0.0,0.0,0.0,0.0,0.0,0.0,0.0,0.0,0.0,0.5059021922428332,5.868465430016865,16.18887015177066,7.436762225969647,0.397,0.02441,0.0,0.0,0.0,0.0,0.0,0.0,0.0,0.0,0.0,0.08368200836820086,3.514644351464436,13.682008368200817,10.585774058577408,2.0920502092050213,0.04184100418410043,0.0,0.0,0.0,0.0,0.0,0.0,0.0,0.0,0.0,0.0,0.0,0.0,0.0,0.0,0.0,0.3975,0.02542,0.0,0.0,0.0,0.0,0.0,0.0,0.0,0.0,0.0,0.0,3.844856661045532,12.647554806070808,11.43338954468803,1.8718381112984828,0.20236087689713328,0.0,0.0,0.0,0.0,0.0,0.0,0.0,0.0,0.0,0.0,0.0,0.0,0.0,0.0,0.0
600,1342,687,0.5119225037257824,320,278,0.4456035767511177,376,0.5603576751117735,0.414,2.981679389312977,3.1953640446942533,6.8654970760233915,2.2450809552453754,9321.75548846862,1434.2039607264119,7853.0,10780.251433849335,10722.09732973055,18.815682538764747,7853.0,0.0,27.035767511177347,20.735260564319923,32.36708860759494,18.957575220759068,0.15201192250372578,0.10730253353204174,0.08643815201192251,0.09016393442622951,0.08271236959761549,0.07451564828614009,0.06631892697466468,0.06333830104321908,0.05067064083457526,0.06035767511177347,0.044709388971684055,0.03502235469448584,0.028315946348733235,0.023099850968703428,0.020864381520119227,0.00819672131147541,0.005961251862891207,0.9528756681302265,0.02344353429279517,0.0,0.0,0.0,0.0,0.0,0.0,0.0,0.0,0.0,0.0,0.0,0.0,0.0,0.0,0.0,0.0,0.0,0.0,0.0,0.0,0.0,0.0,0.0,0.0,0.0,0.0,0.3576751117734725,5.655737704918034,15.782414307004474,8.204172876304025,4.481613285883748,3.022349530673923,nan,nan,nan,4.58472553699284,3.060153584457744,4.379716981132075,2.9810191867209497,0.9552844430475479,0.3953,0.02515,0.0,0.0,0.0,0.0,0.0,0.0,0.0,0.0,0.0,0.2682563338301044,3.3979135618479885,13.301043219075988,11.199701937406859,1.8107302533532046,0.02235469448584203,0.0,0.0,0.0,0.0,0.0,0.0,0.0,0.0,0.0,0.0,0.0,0.0,0.0,0.0,0.0,nan,nan,4.481613285883748,3.022349530673923,nan,0.3953,0.11224,0.0,0.0,0.0,0.0,0.0,0.00014903129657228018,7.451564828614009e-05,0.0,0.000819672131147541,7.451564828614009e-05,0.003315946348733234,0.00037257824143070045,0.001639344262295082,0.004992548435171386,0.0084575260804769,0.0013412816691505216,0.0007078986587183308,0.007451564828614009,0.007563338301043219,0.003241430700447094,0.009575260804769002,0.012108792846497764,0.012481371087928465,0.005625931445603576,0.01628166915052161,0.015014903129657227,0.011326378539493294,0.023286140089418778,0.02518628912071535,0.02533532041728763,0.020380029806259314,0.015424739195230998,0.03446348733233979,0.029992548435171386,0.030365126676602086,0.027570789865871834,0.038897168405365126,0.02660208643815201,0.0370715350223547,0.04634873323397914,0.031333830104321905,0.035171385991058124,0.03330849478390462,0.03334575260804769,0.03979135618479881,0.02477645305514158,0.03953055141579732,0.036289120715350225,0.02447839046199702,0.018815201192250372,0.02533532041728763,0.01583457526080477,0.01687779433681073,0.013673621460506706,0.015312965722801788,0.010022354694485843,0.01639344262295082,0.010283159463487332,0.013673621460506706,0.010506706408345752,0.006594634873323398,0.002459016393442623,0.0038002980625931448,0.0011922503725782414,0.0017511177347242922,0.0,0.002384500745156483,0.0006333830104321908,0.0065201192250372575,0.0,0.0,0.0017511177347242922,0.00022354694485842027,0.0013040238450074517,0.0028315946348733234,0.0,0.00014903129657228018,0.0,0.0,0.00011177347242921013,0.0,0.0,0.0,0.0,0.0,0.0,0.0,0.0,0.0,0.0,0.0,0.0,0.0,0.0,0.0,0.0,0.0,0.0,0.0,0.0,0.0,nan,nan,4.481613285883748,3.022349530673923,nan,0.9527404880072525,0.023041440922629254,0.0,0.0,0.0,0.0,0.0,0.0,0.0,0.0,0.0,0.0,0.0,0.0,0.0,0.0,0.0,0.0,0.0,0.0,0.0,0.0,0.0,0.0,0.0,0.0,0.0,0.0,0.34934497816593896,5.72052401746725,15.764192139737993,8.165938864628822,0.9530174524729489,0.0238571686087055,0.0,0.0,0.0,0.0,0.0,0.0,0.0,0.0,0.0,0.0,0.0,0.0,0.0,0.0,0.0,0.0,0.0,0.0,0.0,0.0,0.0,0.0,0.0,0.0,0.0,0.0,0.3664122137404581,5.5877862595419865,15.801526717557255,8.244274809160308,0.3958,0.0254,0.0,0.0,0.0,0.0,0.0,0.0,0.0,0.0,0.0,0.2620087336244542,3.449781659388647,12.663755458515265,11.746724890829697,1.8340611353711793,0.04366812227074237,0.0,0.0,0.0,0.0,0.0,0.0,0.0,0.0,0.0,0.0,0.0,0.0,0.0,0.0,0.0,0.3948,0.02486,0.0,0.0,0.0,0.0,0.0,0.0,0.0,0.0,0.0,0.2748091603053436,3.3435114503816803,13.969465648854943,10.625954198473286,1.7862595419847331,0.0,0.0,0.0,0.0,0.0,0.0,0.0,0.0,0.0,0.0,0.0,0.0,0.0,0.0,0.0,0.0
700,1227,653,0.5321923390383048,313,255,0.46291768541157297,341,0.5558272208638957,0.454,3.019163763066202,3.158084917478306,6.545454545454546,2.323671456082523,9379.608881534263,1431.3580950098728,7853.0,10778.869506120682,10721.52848031017,19.367159352254696,7853.0,0.0,27.76365118174409,20.87498120077248,33.015717092337916,19.042237937400124,0.14425427872860636,0.09616951915240424,0.08964955175224124,0.08964955175224124,0.08394458027709861,0.06845965770171149,0.08394458027709861,0.05460472697636512,0.06682966585167074,0.05134474327628362,0.042379788101059496,0.03667481662591687,0.03341483292583537,0.017114914425427872,0.017929910350448247,0.015484922575387123,0.008149959250203748,0.9524424744507308,0.023237127231816333,0.0,0.0,0.0,0.0,0.0,0.0,0.0,0.0,0.0,0.0,0.0,0.0,0.0,0.0,0.0,0.0,0.0,0.0,0.0,0.0,0.0,0.0,0.0,0.0,0.0,0.0,0.3178484107579463,5.843520782396089,15.305623471882644,8.533007334963326,4.076441102756892,2.9179113905536256,nan,nan,nan,4.07196029776675,2.9381182476431085,4.073604060913706,2.897077768990232,1.0004036785790513,0.395,0.02483,0.0,0.0,0.0,0.0,0.0,0.0,0.0,0.0,0.0,0.22004889975550126,3.5696821515892427,13.594132029339832,10.635696821515895,1.9315403422982889,0.048899755501222504,0.0,0.0,0.0,0.0,0.0,0.0,0.0,0.0,0.0,0.0,0.0,0.0,0.0,0.0,0.0,nan,nan,4.076441102756892,2.9179113905536256,nan,0.395,0.11053,0.0,0.0,0.0,0.0,0.0,0.0,0.0,0.0,0.0004889975550122249,0.0,0.002567237163814181,4.0749796251018746e-05,0.0009779951100244498,0.004237978810105949,0.008679706601466993,0.0008557457212713936,0.0008557457212713936,0.007212713936430318,0.00941320293398533,0.0041972290138549305,0.010309698451507742,0.011409942950285249,0.013039934800325998,0.008312958435207823,0.014873675631621841,0.014751426242868786,0.0117359413202934,0.021597392013039934,0.02367563162184189,0.02473512632436838,0.019967400162999183,0.015607171964140179,0.03602281988590057,0.02534637326813366,0.03394458027709862,0.028973105134474327,0.039445802770986145,0.02925835370823146,0.03581907090464548,0.04792176039119805,0.03345558272208639,0.03288508557457213,0.02819885900570497,0.03744906275468623,0.03916055419722901,0.02660961695191524,0.039038304808475956,0.03557457212713937,0.02440912795436023,0.015525672371638141,0.02762836185819071,0.01719641401792991,0.018989405052974737,0.016014669926650366,0.015647921760391197,0.009168704156479218,0.015281173594132029,0.007823960880195598,0.013732681336593318,0.010839445802770986,0.005582722086389568,0.002567237163814181,0.0041972290138549305,0.0013854930725346374,0.0006927465362673187,0.0,0.002730236348818256,0.0006519967400162999,0.005949470252648737,0.0,0.0,0.0015077424612876937,0.0,0.0006519967400162999,0.0028524857375713123,0.0,0.00032599837000814997,0.0,0.0,0.0,0.0,0.0,0.0,0.0,0.0,0.0,0.0,0.0,0.0,0.0,0.0,0.0,0.0,0.0,0.0,0.0,0.0,0.0,0.0,0.0,0.0,nan,nan,4.076441102756892,2.9179113905536256,nan,0.951740725938613,0.02264723042518533,0.0,0.0,0.0,0.0,0.0,0.0,0.0,0.0,0.0,0.0,0.0,0.0,0.0,0.0,0.0,0.0,0.0,0.0,0.0,0.0,0.0,0.0,0.0,0.0,0.0,0.0,0.2756508422664625,6.248085758039817,15.620214395099543,7.856049004594182,0.9532408050751436,0.02386543133952163,0.0,0.0,0.0,0.0,0.0,0.0,0.0,0.0,0.0,0.0,0.0,0.0,0.0,0.0,0.0,0.0,0.0,0.0,0.0,0.0,0.0,0.0,0.0,0.0,0.0,0.0,0.36585365853658547,5.3832752613240435,14.947735191637634,9.303135888501744,0.3955,0.02542,0.0,0.0,0.0,0.0,0.0,0.0,0.0,0.0,0.0,0.2756508422664625,3.491577335375192,13.27718223583459,10.842266462480861,2.067381316998469,0.04594180704441042,0.0,0.0,0.0,0.0,0.0,0.0,0.0,0.0,0.0,0.0,0.0,0.0,0.0,0.0,0.0,0.3943,0.02411,0.0,0.0,0.0,0.0,0.0,0.0,0.0,0.0,0.0,0.15679442508710803,3.6585365853658542,13.954703832752593,10.4006968641115,1.777003484320558,0.05226480836236935,0.0,0.0,0.0,0.0,0.0,0.0,0.0,0.0,0.0,0.0,0.0,0.0,0.0,0.0,0.0
800,1259,668,0.5305798252581414,310,258,0.4511517077045274,341,0.5416997617156474,0.466,3.0862944162436547,3.175253026882027,6.89873417721519,2.1411870404045685,9374.857607795853,1431.526858058492,7853.0,10778.711632847786,10721.291509303861,18.84709962367638,7853.0,0.0,27.921366163621922,20.89926699198758,32.99619771863118,19.11775558737348,0.1453534551231136,0.09054805401111994,0.09054805401111994,0.0937251787132645,0.08419380460683082,0.07148530579825259,0.08022239872915012,0.05480540111199365,0.05321683876092136,0.04527402700555997,0.04289118347895155,0.05321683876092136,0.03812549642573471,0.021445591739475776,0.020651310563939634,0.008737092930897538,0.005559968228752979,0.9536526573376584,0.022786996065948553,0.0,0.0,0.0,0.0,0.0,0.0,0.0,0.0,0.0,0.0,0.0,0.0,0.0,0.0,0.0,0.0,0.0,0.0,0.0,0.0,0.0,0.0,0.0,0.0,0.0,0.0,0.26211278792692616,5.456711675933282,15.416997617156476,8.864177918983321,4.156934306569343,2.926669771997149,nan,nan,nan,4.284037558685446,2.99005843184032,4.010126582278481,2.847143580196722,0.9360624241373331,0.3936,0.02473,0.0,0.0,0.0,0.0,0.0,0.0,0.0,0.0,0.0,0.0953137410643368,4.1461477362986505,13.915806195393149,10.15091342335187,1.6203335980937255,0.07148530579825259,0.0,0.0,0.0,0.0,0.0,0.0,0.0,0.0,0.0,0.0,0.0,0.0,0.0,0.0,0.0,nan,nan,4.156934306569343,2.926669771997149,nan,0.3936,0.1107,0.0,0.0,0.0,0.0,0.0,0.0,0.0,0.0,0.00027799841143764893,0.0,0.002819698173153296,0.0,0.0014297061159650516,0.005996822875297856,0.007069102462271644,0.0005957108816521049,0.0013105639396346306,0.007466243050039714,0.010881652104845116,0.00369340746624305,0.008339952343129467,0.010166799046862589,0.0159253375694996,0.010524225575853852,0.014336775218427323,0.013780778395552026,0.008816521048451152,0.022756155679110403,0.020611596505162828,0.029150119142176332,0.022200158856235108,0.013145353455123113,0.0403494837172359,0.02466243050039714,0.036219221604447974,0.02930897537728356,0.03816521048451152,0.026012708498808577,0.03812549642573471,0.05158856235107228,0.03554408260524226,0.030420969023034154,0.028792692613185067,0.03375694996028594,0.03641779189833201,0.02716441620333598,0.03824463860206513,0.033995234312946786,0.028792692613185067,0.012867355043685465,0.025933280381254965,0.014138204924543289,0.018149324861000793,0.016163621922160445,0.016799046862589356,0.011675933280381254,0.015329626687847498,0.009650516282764098,0.011636219221604448,0.010762509928514694,0.005440826052422558,0.0014694201747418587,0.005758538522637013,0.0007148530579825258,0.0009928514694201747,0.0,0.0020254169976171564,0.0017077045274027005,0.0046465448768864175,0.0,0.0,0.0012311358220810167,0.0,0.0007545671167593328,0.002819698173153296,0.0,0.0004765687053216839,0.0,0.0,0.0,0.0,0.0,0.0,0.0,0.0,0.0,0.0,0.0,0.0,0.0,0.0,0.0,0.0,0.0,0.0,0.0,0.0,0.0,0.0,0.0,0.0,nan,nan,4.156934306569343,2.926669771997149,nan,0.953534061858754,0.02311328162355043,0.0,0.0,0.0,0.0,0.0,0.0,0.0,0.0,0.0,0.0,0.0,0.0,0.0,0.0,0.0,0.0,0.0,0.0,0.0,0.0,0.0,0.0,0.0,0.0,0.0,0.0,0.13473053892215572,6.062874251497007,14.820359281437128,8.982035928143715,0.9537867043425791,0.022411725956541072,0.0,0.0,0.0,0.0,0.0,0.0,0.0,0.0,0.0,0.0,0.0,0.0,0.0,0.0,0.0,0.0,0.0,0.0,0.0,0.0,0.0,0.0,0.0,0.0,0.0,0.0,0.40609137055837574,4.771573604060914,16.091370558375637,8.730964467005078,0.3933,0.02518,0.0,0.0,0.0,0.0,0.0,0.0,0.0,0.0,0.0,0.1796407185628743,4.266467065868264,13.652694610778424,10.059880239520961,1.8413173652694614,0.0,0.0,0.0,0.0,0.0,0.0,0.0,0.0,0.0,0.0,0.0,0.0,0.0,0.0,0.0,0.0,0.3938,0.02423,0.0,0.0,0.0,0.0,0.0,0.0,0.0,0.0,0.0,0.0,4.0101522842639605,14.213197969543126,10.253807106598986,1.370558375634518,0.15228426395939088,0.0,0.0,0.0,0.0,0.0,0.0,0.0,0.0,0.0,0.0,0.0,0.0,0.0,0.0,0.0
900,1547,787,0.5087265675500969,370,295,0.4298642533936652,423,0.5468648998060762,0.43,2.8828947368421054,3.0985093257163587,6.742424242424242,1.9486639250382911,9312.04118043635,1433.8548453828532,7853.0,10788.291512489319,10721.026310209701,18.408341587334366,7853.0,0.0,28.09825468648998,20.985528693275715,32.72831050228311,19.379766450561835,0.129928894634777,0.1092436974789916,0.10213316095669037,0.08597285067873303,0.0698125404007757,0.0691661279896574,0.07175177763413057,0.06787330316742081,0.05623787976729153,0.04524886877828054,0.055591467356173235,0.03878474466709761,0.04201680672268908,0.021331609566903685,0.01809954751131222,0.00904977375565611,0.007756948933419522,0.9519998149557428,0.022975721922642925,0.0,0.0,0.0,0.0,0.0,0.0,0.0,0.0,0.0,0.0,0.0,0.0,0.0,0.0,0.0,0.0,0.0,0.0,0.0,0.0,0.0,0.0,0.0,0.0,0.0,0.019392372333548808,0.3296703296703297,6.244343891402716,15.261797026502911,8.1447963800905,4.371165644171779,2.818335175365249,nan,nan,nan,4.331325301204819,2.8221482479729083,4.4125,2.8137774876489434,1.0187413073713492,0.3943,0.02473,0.0,0.0,0.0,0.0,0.0,0.0,0.0,0.0,0.0,0.07756948933419523,4.033613445378152,13.632837750484791,10.471881060116356,1.7259211376858439,0.05817711700064642,0.0,0.0,0.0,0.0,0.0,0.0,0.0,0.0,0.0,0.0,0.0,0.0,0.0,0.0,0.0,nan,nan,4.371165644171779,2.818335175365249,nan,0.3943,0.10846,0.0,0.0,0.0,0.0,0.0,0.0,0.0,0.0,6.464124111182935e-05,0.0,0.0018422753716871364,0.0,0.0006140917905623788,0.005203619909502262,0.006884292178409825,0.0007110536522301228,0.0005494505494505495,0.005042016806722689,0.012605042016806723,0.0037168713639301873,0.009308338720103426,0.009469941822882999,0.017970265029088557,0.012443438914027148,0.015966386554621848,0.013025210084033614,0.00795087265675501,0.023626373626373626,0.018648998060762766,0.027278603749191985,0.018584356819650937,0.011990950226244345,0.042695539754363285,0.02524240465416936,0.038267614738202976,0.0213639301874596,0.03968972204266322,0.025500969618616677,0.037944408532643824,0.048933419521654815,0.03584356819650937,0.029896574014221074,0.03170652876535229,0.041693600517129926,0.03914027149321267,0.027278603749191985,0.038106011635423404,0.03422753716871364,0.031221719457013575,0.01182934712346477,0.02359405300581771,0.014996767937944409,0.0200387847446671,0.015740142210730446,0.016968325791855202,0.013930187459599225,0.01809954751131222,0.008597285067873304,0.00856496444731739,0.009987071751777633,0.005623787976729153,0.0014221073044602456,0.00601163542340013,0.0006787330316742081,0.0006787330316742081,0.0,0.0017129928894634777,0.0005171299288946348,0.004524886877828055,0.0,0.0,0.0012281835811247576,0.0,0.0007110536522301228,0.0020361990950226246,0.0,0.0002585649644473174,0.0,0.0,0.0,0.0,0.0,0.0,0.0,0.0,0.0,0.0,0.0,0.0,0.0,0.0,0.0,0.0,0.0,0.0,0.0,0.0,0.0,0.0,0.0,0.0,nan,nan,4.371165644171779,2.818335175365249,nan,0.9523045082104403,0.023035878335760703,0.0,0.0,0.0,0.0,0.0,0.0,0.0,0.0,0.0,0.0,0.0,0.0,0.0,0.0,0.0,0.0,0.0,0.0,0.0,0.0,0.0,0.0,0.0,0.0,0.0,0.03811944091486659,0.3430749682337993,5.717916137229988,15.133418043202035,8.767471410419317,0.95168429707226,0.02290899134167106,0.0,0.0,0.0,0.0,0.0,0.0,0.0,0.0,0.0,0.0,0.0,0.0,0.0,0.0,0.0,0.0,0.0,0.0,0.0,0.0,0.0,0.0,0.0,0.0,0.0,0.0,0.3157894736842106,6.789473684210527,15.394736842105265,7.500000000000001,0.394,0.02467,0.0,0.0,0.0,0.0,0.0,0.0,0.0,0.0,0.0,0.15247776365946636,4.155019059720458,13.646759847522215,10.368487928843713,1.67725540025413,0.0,0.0,0.0,0.0,0.0,0.0,0.0,0.0,0.0,0.0,0.0,0.0,0.0,0.0,0.0,0.0,0.3945,0.0248,0.0,0.0,0.0,0.0,0.0,0.0,0.0,0.0,0.0,0.0,3.9078947368421058,13.61842105263156,10.578947368421055,1.7763157894736845,0.11842105263157897,0.0,0.0,0.0,0.0,0.0,0.0,0.0,0.0,0.0,0.0,0.0,0.0,0.0,0.0,0.0
1000,1559,814,0.5221295702373316,373,327,0.4490057729313663,435,0.5580500320718409,0.446,2.959731543624161,3.1304505639444784,6.762626262626263,2.4182005940048947,9350.845775232856,1433.0241734333504,7853.0,10796.62679862976,10721.724279592167,19.261134649874837,7853.0,0.0,27.405388069275176,20.58577379110914,32.3448275862069,18.865501519324564,0.14560615779345734,0.09300833867864015,0.09685695958948044,0.09685695958948044,0.07440667094291212,0.07953816549069917,0.07248236048749199,0.0654265554842848,0.05195638229634381,0.05131494547787043,0.048749198203976905,0.04169339320076972,0.028223220012828735,0.02052597819114817,0.01667735728030789,0.008980115458627326,0.007697241821680564,0.951902774758183,0.02376542184438764,0.0,0.0,0.0,0.0,0.0,0.0,0.0,0.0,0.0,0.0,0.0,0.0,0.0,0.0,0.0,0.0,0.0,0.0,0.0,0.0,0.0,0.0,0.0,0.0,0.0,0.0,0.3848620910840283,6.38871071199487,15.10583707504811,8.120590121872997,4.243951612903226,2.9170251966101852,nan,nan,nan,4.395959595959596,3.0199310712556318,4.092555331991952,2.802608175426337,0.9309811072316252,0.3943,0.02403,0.0,0.0,0.0,0.0,0.0,0.0,0.0,0.0,0.0,0.11545862732520848,3.521488133418859,14.432328415651037,10.083386786401542,1.7896087235407316,0.05772931366260424,0.0,0.0,0.0,0.0,0.0,0.0,0.0,0.0,0.0,0.0,0.0,0.0,0.0,0.0,0.0,nan,nan,4.243951612903226,2.9170251966101852,nan,0.3943,0.107,0.0,0.0,0.0,0.0,0.0,0.0,0.0,0.0,0.0,0.0,0.002148813341885824,0.0,0.0001924310455420141,0.005035279025016036,0.006510583707504811,0.0007055805003207184,0.0005131494547787043,0.00391276459268762,0.012892880051314946,0.004490057729313663,0.00917254650416934,0.008915971776779988,0.017062219371391917,0.013213598460551635,0.014015394483643362,0.012283515073765234,0.0077613855035279025,0.024406670942912122,0.015298268120590122,0.025593329057087878,0.01856959589480436,0.013566388710711995,0.04339320076972418,0.029153303399615138,0.04188582424631174,0.018152661962796666,0.04201411161000641,0.02485567671584349,0.040474663245670305,0.051796023091725464,0.03588838999358563,0.032168056446440024,0.03396407953816549,0.04114817190506735,0.03717126363053239,0.03072482360487492,0.034990378447722896,0.03386786401539448,0.027934573444515717,0.012251443232841564,0.02158434894162925,0.01472097498396408,0.0186337395766517,0.014432328415651058,0.014945477870429763,0.015202052597819114,0.017415009621552277,0.011257216164207825,0.0073765234124438745,0.010038486209108403,0.006799230275817832,0.001828094932649134,0.006542655548428479,0.0009942270686337396,0.0012828736369467607,0.0,0.0011545862732520846,0.0006735086593970494,0.0032713277742142397,0.0,0.0,0.0013470173187940988,0.0,0.0005452212957023733,0.0018601667735728032,0.0,0.0,0.0,0.0,0.0,0.0,0.0,0.0,0.0,0.0,0.0,0.0,0.0,0.0,0.0,0.0,0.0,0.0,0.0,0.0,0.0,0.0,0.0,0.0,0.0,0.0,nan,nan,4.243951612903226,2.9170251966101852,nan,0.9523819672534155,0.023623672986648872,0.0,0.0,0.0,0.0,0.0,0.0,0.0,0.0,0.0,0.0,0.0,0.0,0.0,0.0,0.0,0.0,0.0,0.0,0.0,0.0,0.0,0.0,0.0,0.0,0.0,0.0,0.2948402948402949,6.375921375921377,15.000000000000002,8.329238329238331,0.9513792006761436,0.023908361439970792,0.0,0.0,0.0,0.0,0.0,0.0,0.0,0.0,0.0,0.0,0.0,0.0,0.0,0.0,0.0,0.0,0.0,0.0,0.0,0.0,0.0,0.0,0.0,0.0,0.0,0.0,0.4832214765100672,6.402684563758391,15.221476510067117,7.892617449664431,0.3953,0.02402,0.0,0.0,0.0,0.0,0.0,0.0,0.0,0.0,0.0,0.07371007371007372,3.243243243243244,14.557739557739538,10.098280098280101,1.9533169533169539,0.07371007371007372,0.0,0.0,0.0,0.0,0.0,0.0,0.0,0.0,0.0,0.0,0.0,0.0,0.0,0.0,0.0,0.393,0.02402,0.0,0.0,0.0,0.0,0.0,0.0,0.0,0.0,0.0,0.16107382550335575,3.8255033557046985,14.295302013422798,10.067114093959734,1.6107382550335574,0.04026845637583894,0.0,0.0,0.0,0.0,0.0,0.0,0.0,0.0,0.0,0.0,0.0,0.0,0.0,0.0,0.0
1100,1583,843,0.5325331648768161,379,317,0.4396715097915351,449,0.5672773215413771,0.446,3.141891891891892,3.1759444969602497,6.829596412556054,2.144473200571458,9379.997165629025,1430.7333827557773,7853.0,10774.3731392622,10720.42172383244,18.050560693377673,7853.0,0.0,28.578016424510423,21.314717732648297,33.66967644845749,19.467941426526362,0.1408717624763108,0.10044219835754896,0.082122552116235,0.09096651926721415,0.07833228048010107,0.07580543272267846,0.05622236260265319,0.053063802905874924,0.06190777005685408,0.060644346178142766,0.0574857864813645,0.047378395451674035,0.03095388502842704,0.026531901452937462,0.017056222362602652,0.013265950726468731,0.006948831332912192,0.9521094368969574,0.023222387788400196,0.0,0.0,0.0,0.0,0.0,0.0,0.0,0.0,0.0,0.0,0.0,0.0,0.0,0.0,0.0,0.0,0.0,0.0,0.0,0.0,0.0,0.0,0.0,0.0,0.0,0.0,0.47378395451674044,6.007580543272269,15.38850284270373,8.130132659507266,4.2559923298178335,2.9024818368045784,nan,nan,nan,4.3034351145038165,2.9157226517053596,4.212355212355212,2.889416490852083,0.9788355349330959,0.3936,0.02272,0.0,0.0,0.0,0.0,0.0,0.0,0.0,0.0,0.0,0.07580543272267848,3.4870499052432096,15.028427037270983,10.176879343019586,1.2128869235628557,0.01895135818066962,0.0,0.0,0.0,0.0,0.0,0.0,0.0,0.0,0.0,0.0,0.0,0.0,0.0,0.0,0.0,nan,nan,4.2559923298178335,2.9024818368045784,nan,0.3936,0.10565,0.0,0.0,0.0,0.0,0.0,0.0,0.0,0.0,0.0,0.0,0.0030322173089071384,0.0,0.0,0.0036007580543272267,0.005906506632975363,0.0007896399241945673,0.0006317119393556538,0.00527479469361971,0.01010739102969046,0.004011370814908401,0.01020214782059381,0.007296272899557802,0.017656348704990523,0.014939987365761213,0.016045483259633606,0.012697409981048641,0.006001263423878711,0.0220783322804801,0.014403032217308907,0.02770056854074542,0.016740366392924828,0.012792166771951989,0.04639924194567277,0.028111181301326595,0.042545799115603286,0.02018319646241314,0.046651926721415035,0.02204674668351232,0.04213518635502211,0.05435881238155401,0.03335439039797852,0.03547062539481996,0.03335439039797852,0.042830069488313326,0.03771320277953253,0.028774478837650032,0.03076437144662034,0.033070120025268476,0.029722046746683512,0.014687302590018951,0.019519898926089702,0.014497789008212256,0.01926721415034744,0.014118761844598864,0.013455464308275426,0.01525584333543904,0.020120025268477573,0.009349336702463677,0.006601389766266582,0.007612128869235629,0.007454200884396715,0.0017056222362602652,0.00574857864813645,0.0017056222362602652,0.0020214782059380923,6.317119393556538e-05,0.0012950094756790903,0.00022109917877447883,0.002368919772583702,0.0,0.0,0.0007264687302590019,0.0,0.0006317119393556538,0.002179406190777006,0.0,0.0,0.0,0.0,0.0,0.0,0.0,0.0,0.0,0.0,0.0,0.0,0.0,0.0,0.0,0.0,0.0,0.0,0.0,0.0,0.0,0.0,0.0,0.0,0.0,0.0,nan,nan,4.2559923298178335,2.9024818368045784,nan,0.9521930851263225,0.02316108017549054,0.0,0.0,0.0,0.0,0.0,0.0,0.0,0.0,0.0,0.0,0.0,0.0,0.0,0.0,0.0,0.0,0.0,0.0,0.0,0.0,0.0,0.0,0.0,0.0,0.0,0.0,0.4626334519572955,5.907473309608542,15.800711743772247,7.829181494661924,0.9520141457383697,0.023291666098423747,0.0,0.0,0.0,0.0,0.0,0.0,0.0,0.0,0.0,0.0,0.0,0.0,0.0,0.0,0.0,0.0,0.0,0.0,0.0,0.0,0.0,0.0,0.0,0.0,0.0,0.0,0.48648648648648657,6.121621621621623,14.918918918918921,8.472972972972975,0.393,0.0221,0.0,0.0,0.0,0.0,0.0,0.0,0.0,0.0,0.0,0.14234875444839862,3.2028469750889683,15.302491103202826,10.2491103202847,1.0676156583629897,0.035587188612099654,0.0,0.0,0.0,0.0,0.0,0.0,0.0,0.0,0.0,0.0,0.0,0.0,0.0,0.0,0.0,0.3938,0.0234,0.0,0.0,0.0,0.0,0.0,0.0,0.0,0.0,0.0,0.0,3.8108108108108114,14.716216216216194,10.094594594594597,1.3783783783783787,0.0,0.0,0.0,0.0,0.0,0.0,0.0,0.0,0.0,0.0,0.0,0.0,0.0,0.0,0.0,0.0
1200,1639,870,0.5308114704087858,395,347,0.4527150701647346,456,0.5564368517388651,0.446,2.9817945383615085,3.159345359331271,6.849740932642487,2.283804759954048,9375.113280262869,1431.1007076491496,7853.0,10768.896842002869,10720.52145557568,18.698234530916043,7853.0,0.0,27.948139109212935,20.994415013516864,32.975218658892125,19.255175318747085,0.1391092129347163,0.09945088468578402,0.09517998779743746,0.08907870652837095,0.0787065283709579,0.08053691275167785,0.07077486272117145,0.06040268456375839,0.04697986577181208,0.04758999389871873,0.05613178767541183,0.035387431360585725,0.039048200122025624,0.024405125076266018,0.018913971934106162,0.010372178157413058,0.007931665649786455,0.9510917777037606,0.023790445764268673,0.0,0.0,0.0,0.0,0.0,0.0,0.0,0.0,0.0,0.0,0.0,0.0,0.0,0.0,0.0,0.0,0.0,0.0,0.0,0.0,0.0,0.0,0.0,0.0,0.0,0.0,0.5125076266015864,6.571079926784626,14.844417327638807,8.071995118974987,4.1169811320754715,2.91345194008605,nan,nan,nan,4.176691729323308,2.972110645134881,4.05123339658444,2.8516837126089967,0.9699622713694518,0.394,0.02386,0.0,0.0,0.0,0.0,0.0,0.0,0.0,0.0,0.0,0.09151921903599758,3.4777303233679078,14.276998169615599,10.59792556436852,1.5375228798047593,0.018303843807199516,0.0,0.0,0.0,0.0,0.0,0.0,0.0,0.0,0.0,0.0,0.0,0.0,0.0,0.0,0.0,nan,nan,4.1169811320754715,2.91345194008605,nan,0.394,0.10504,0.0,0.0,0.0,0.0,0.0,0.0,0.0,0.0,0.0,0.0,0.003111653447223917,0.0,0.0,0.003691275167785235,0.004850518608907871,0.0003660768761439902,0.0011287370347773033,0.005643685173886516,0.010219646125686394,0.0037827943868212325,0.010982306284319707,0.006863941427699817,0.014887126296522269,0.014185478950579622,0.01693105552165955,0.011805979255643684,0.006223306894447834,0.02107992678462477,0.014795607077486271,0.028615009151921902,0.016534472239170227,0.012629652226967663,0.047559487492373397,0.02736424649176327,0.04627821842586943,0.021049420378279438,0.04890176937156803,0.021384990848078097,0.040634533251982914,0.054789505796217206,0.031330079316656496,0.03300793166564979,0.032031726662599146,0.03938377059182428,0.04194630872483222,0.02736424649176327,0.030048810250152533,0.03444173276388041,0.029987797437461865,0.014307504575960951,0.021629042098840756,0.012995729103111654,0.021232458816351434,0.014307504575960951,0.012080536912751677,0.014826113483831605,0.021629042098840756,0.009456985967053081,0.010555216595485051,0.006802928615009152,0.00774862721171446,0.002654057352043929,0.005704697986577181,0.0011897498474679683,0.0006711409395973154,0.00012202562538133008,0.0014032946918852958,0.00012202562538133008,0.0021964612568639414,0.0,0.0,9.151921903599755e-05,0.0,0.0006101281269066504,0.0018303843807199512,0.0,0.0,0.0,0.0,0.0,0.0,0.0,0.0,0.0,0.0,0.0,0.0,0.0,0.0,0.0,0.0,0.0,0.0,0.0,0.0,0.0,0.0,0.0,0.0,0.0,0.0,nan,nan,4.1169811320754715,2.91345194008605,nan,0.951356596234201,0.023893100439764375,0.0,0.0,0.0,0.0,0.0,0.0,0.0,0.0,0.0,0.0,0.0,0.0,0.0,0.0,0.0,0.0,0.0,0.0,0.0,0.0,0.0,0.0,0.0,0.0,0.0,0.0,0.5862068965517243,6.172413793103449,15.034482758620694,8.20689655172414,0.9507921780659412,0.023670200101953844,0.0,0.0,0.0,0.0,0.0,0.0,0.0,0.0,0.0,0.0,0.0,0.0,0.0,0.0,0.0,0.0,0.0,0.0,0.0,0.0,0.0,0.0,0.0,0.0,0.0,0.0,0.42912873862158657,7.022106631989598,14.629388816644996,7.919375812743825,0.394,0.02403,0.0,0.0,0.0,0.0,0.0,0.0,0.0,0.0,0.0,0.10344827586206898,3.6551724137931045,13.86206896551722,10.793103448275865,1.5517241379310347,0.03448275862068966,0.0,0.0,0.0,0.0,0.0,0.0,0.0,0.0,0.0,0.0,0.0,0.0,0.0,0.0,0.0,0.394,0.0237,0.0,0.0,0.0,0.0,0.0,0.0,0.0,0.0,0.0,0.07802340702210665,3.2769830949284793,14.746423927178132,10.377113133940185,1.5214564369310797,0.0,0.0,0.0,0.0,0.0,0.0,0.0,0.0,0.0,0.0,0.0,0.0,0.0,0.0,0.0,0.0
1300,1784,928,0.5201793721973094,461,356,0.4579596412556054,482,0.5403587443946188,0.434,3.022196261682243,3.1583183208294505,6.780590717299578,2.1034337180732208,9344.407863569835,1432.439400964053,7853.0,10767.24229311943,10720.103048069595,17.53930840039793,7853.0,0.0,28.043161434977577,20.833442584355634,32.87367021276596,19.119236674031296,0.1350896860986547,0.1031390134529148,0.08968609865470852,0.08464125560538116,0.08352017937219731,0.08295964125560538,0.06502242152466367,0.07006726457399103,0.05044843049327354,0.0476457399103139,0.04932735426008968,0.03755605381165919,0.04147982062780269,0.026345291479820628,0.016816143497757848,0.010089686098654708,0.00616591928251121,0.9499103006961099,0.023318906753265086,0.0,0.0,0.0,0.0,0.0,0.0,0.0,0.0,0.0,0.0,0.0,0.0,0.0,0.0,0.0,0.0,0.0,0.0,0.0,0.0,0.0,0.0,0.0,0.0,0.0,0.0,0.42040358744394624,6.961883408071751,15.319506726457403,7.298206278026908,4.159965782720274,2.9351540864549075,nan,nan,nan,4.092436974789916,2.8396697542592366,4.229965156794425,3.029369766709726,1.033605448990835,0.3948,0.02245,0.0,0.0,0.0,0.0,0.0,0.0,0.0,0.0,0.0,0.18497757847533636,2.825112107623319,14.915919282511188,10.762331838565025,1.2780269058295968,0.0336322869955157,0.0,0.0,0.0,0.0,0.0,0.0,0.0,0.0,0.0,0.0,0.0,0.0,0.0,0.0,0.0,nan,nan,4.159965782720274,2.9351540864549075,nan,0.3948,0.1059,0.0,0.0,0.0,0.0,0.0,0.0,5.6053811659192826e-05,0.0,0.0,0.0,0.00257847533632287,0.0,0.0,0.004176008968609865,0.0039517937219730945,0.0008408071748878924,0.000616591928251121,0.003475336322869955,0.009360986547085202,0.004820627802690583,0.010201793721973095,0.009080717488789237,0.016591928251121078,0.016535874439461883,0.016928251121076234,0.01398542600896861,0.006866591928251121,0.020291479820627803,0.014826233183856502,0.031446188340807174,0.015975336322869956,0.011743273542600897,0.039405829596412555,0.025980941704035875,0.04728139013452915,0.020908071748878924,0.05086883408071749,0.024411434977578476,0.041087443946188344,0.049103139013452916,0.03478139013452915,0.03192264573991031,0.030016816143497757,0.0382567264573991,0.039041479820627806,0.02920403587443946,0.03172645739910314,0.03293161434977578,0.030661434977578474,0.013621076233183857,0.022701793721973094,0.012471973094170403,0.020515695067264573,0.014630044843049327,0.012696188340807175,0.015498878923766815,0.02040358744394619,0.008884529147982063,0.010369955156950673,0.008492152466367713,0.009052690582959641,0.003054932735426009,0.008380044843049328,0.0007006726457399103,8.408071748878924e-05,0.0002242152466367713,0.0013172645739910314,0.0002522421524663677,0.002774663677130045,0.0,0.0,0.0,2.8026905829596413e-05,0.0007847533632286995,0.0011210762331838565,0.0,0.0,0.0,0.0,0.0,0.0,0.0,0.0,0.0,0.0,0.0,0.0,0.0,0.0,0.0,0.0,0.0,0.0,0.0,0.0,0.0,0.0,0.0,0.0,0.0,0.0,nan,nan,4.159965782720274,2.9351540864549075,nan,0.9492979654078854,0.023507197603181675,0.0,0.0,0.0,0.0,0.0,0.0,0.0,0.0,0.0,0.0,0.0,0.0,0.0,0.0,0.0,0.0,0.0,0.0,0.0,0.0,0.0,0.0,0.0,0.0,0.0,0.0,0.4202586206896553,7.273706896551726,15.452586206896555,6.853448275862071,0.9505741408216619,0.023094711473664473,0.0,0.0,0.0,0.0,0.0,0.0,0.0,0.0,0.0,0.0,0.0,0.0,0.0,0.0,0.0,0.0,0.0,0.0,0.0,0.0,0.0,0.0,0.0,0.0,0.0,0.0,0.42056074766355145,6.6238317757009355,15.175233644859818,7.780373831775703,0.3955,0.02248,0.0,0.0,0.0,0.0,0.0,0.0,0.0,0.0,0.0,0.1616379310344828,2.5538793103448283,14.741379310344806,11.08836206896552,1.4224137931034486,0.03232758620689656,0.0,0.0,0.0,0.0,0.0,0.0,0.0,0.0,0.0,0.0,0.0,0.0,0.0,0.0,0.0,0.394,0.02242,0.0,0.0,0.0,0.0,0.0,0.0,0.0,0.0,0.0,0.21028037383177572,3.1191588785046735,15.105140186915866,10.408878504672899,1.121495327102804,0.03504672897196263,0.0,0.0,0.0,0.0,0.0,0.0,0.0,0.0,0.0,0.0,0.0,0.0,0.0,0.0,0.0
1400,1916,1012,0.5281837160751566,478,391,0.4535490605427975,523,0.545929018789144,0.40199999999999997,2.811946902654867,3.003322454731122,6.373390557939914,2.1949170909867406,9366.926049404205,1430.9303956931005,7853.0,10774.81083226204,10719.28686823958,18.842462105115732,7853.0,0.0,27.698329853862212,20.801447710573076,32.73953778888195,19.042940845329095,0.1440501043841336,0.09864300626304802,0.09394572025052192,0.08350730688935282,0.07881002087682672,0.08037578288100208,0.07254697286012526,0.06263048016701461,0.06367432150313153,0.04488517745302714,0.0407098121085595,0.04175365344467641,0.0360125260960334,0.025052192066805846,0.013048016701461378,0.010438413361169102,0.009916492693110648,0.9493528225290003,0.02367722320828877,0.0,0.0,0.0,0.0,0.0,0.0,0.0,0.0,0.0,0.0,0.0,0.0,0.0,0.0,0.0,0.0,0.0,0.0,0.0,0.0,0.0,0.0,0.0,0.0,0.0,0.03131524008350731,0.4853862212943634,6.576200417536536,15.986430062630484,6.920668058455116,4.110474631751227,2.8514914013044548,nan,nan,nan,4.19376026272578,2.8182889360551555,4.027732463295269,2.88171615651638,0.9604107557348547,0.3945,0.02415,0.0,0.0,0.0,0.0,0.0,0.0,0.0,0.0,0.0,0.15657620041753656,3.147181628392485,14.780793319415428,10.052192066805848,1.8162839248434244,0.046972860125260966,0.0,0.0,0.0,0.0,0.0,0.0,0.0,0.0,0.0,0.0,0.0,0.0,0.0,0.0,0.0,nan,nan,4.110474631751227,2.8514914013044548,nan,0.3948,0.1067,0.0,0.0,0.0,0.0,0.0,0.0,0.0,0.0,0.0,0.0,0.0025052192066805845,5.2192066805845514e-05,0.0,0.004305845511482255,0.004906054279749478,0.00039144050104384135,0.0010177453027139876,0.0027139874739039666,0.009420668058455114,0.005741127348643006,0.01174321503131524,0.009342379958246346,0.017980167014613777,0.014274530271398748,0.016597077244258872,0.013230688935281837,0.005610647181628393,0.02168580375782881,0.014926931106471817,0.03431628392484343,0.016623173277661794,0.010360125260960334,0.03794363256784969,0.025704592901878914,0.04835594989561587,0.020302713987473905,0.05007828810020877,0.027322546972860125,0.03770876826722338,0.045433194154488515,0.037056367432150315,0.03335073068893528,0.027348643006263048,0.03903966597077244,0.039822546972860126,0.03014091858037578,0.03178496868475992,0.03308977035490605,0.030584551148225468,0.01127348643006263,0.02252087682672234,0.013282881002087682,0.018319415448851774,0.018136743215031316,0.012656576200417536,0.01448329853862213,0.018502087682672235,0.008481210855949895,0.009551148225469729,0.00900313152400835,0.01004697286012526,0.0032620041753653444,0.009994780793319415,0.0007828810020876827,5.2192066805845514e-05,0.00031315240083507306,0.0015918580375782882,0.0005219206680584551,0.002661795407098121,0.0,0.0,0.0,0.00013048016701461377,0.0004697286012526096,0.0011482254697286012,0.0,0.0,0.0,0.0,0.0,0.0,0.0,0.0,0.0,0.0,0.0,0.0,0.0,0.0,0.0,0.0,0.0,0.0,0.0,0.0,0.0,0.0,0.0,0.0,0.0,0.0,nan,nan,4.110474631751227,2.8514914013044548,nan,0.9481280785304285,0.023892507317478395,0.0,0.0,0.0,0.0,0.0,0.0,0.0,0.0,0.0,0.0,0.0,0.0,0.0,0.0,0.0,0.0,0.0,0.0,0.0,0.0,0.0,0.0,0.0,0.0,0.0,0.059288537549407126,0.6521739130434784,6.6403162055335985,16.511857707509886,6.1363636363636385,0.9507238855008531,0.023357812265511094,0.0,0.0,0.0,0.0,0.0,0.0,0.0,0.0,0.0,0.0,0.0,0.0,0.0,0.0,0.0,0.0,0.0,0.0,0.0,0.0,0.0,0.0,0.0,0.0,0.0,0.0,0.2986725663716815,6.504424778761063,15.398230088495579,7.798672566371684,0.3953,0.02383,0.0,0.0,0.0,0.0,0.0,0.0,0.0,0.0,0.0,0.17786561264822137,2.905138339920949,14.733201581027647,10.31620553359684,1.8083003952569174,0.059288537549407126,0.0,0.0,0.0,0.0,0.0,0.0,0.0,0.0,0.0,0.0,0.0,0.0,0.0,0.0,0.0,0.394,0.0245,0.0,0.0,0.0,0.0,0.0,0.0,0.0,0.0,0.0,0.13274336283185845,3.418141592920355,14.834070796460155,9.756637168141594,1.8252212389380535,0.03318584070796461,0.0,0.0,0.0,0.0,0.0,0.0,0.0,0.0,0.0,0.0,0.0,0.0,0.0,0.0,0.0
1500,1911,982,0.5138670852956567,454,380,0.4364207221350079,533,0.5578231292517006,0.422,3.071044133476857,3.131717509773698,6.637992831541219,1.9569170362299382,9325.590471260277,1432.3648622867338,7853.0,10787.842691421509,10718.703045395509,18.963637537203912,7853.0,0.0,28.15018315018315,21.06499743462909,33.04288377874456,19.363136072062932,0.13657770800627944,0.11145996860282574,0.08843537414965986,0.0837257980115123,0.07221350078492936,0.07326007326007326,0.07639979068550497,0.054945054945054944,0.06593406593406594,0.05442176870748299,0.044479330193615906,0.03924646781789639,0.03924646781789639,0.023547880690737835,0.015698587127158554,0.012035583464154892,0.00837257980115123,0.9481312447602308,0.023394514587295613,0.0,0.0,0.0,0.0,0.0,0.0,0.0,0.0,0.0,0.0,0.0,0.0,0.0,0.0,0.0,0.0,0.0,0.0,0.0,0.0,0.0,0.0,0.0,0.0,0.0,0.0,0.5808477237048667,7.472527472527474,15.227629513343803,6.718995290423864,4.345528455284553,2.8873357351656006,nan,nan,nan,4.340495867768595,2.881074710876541,4.3504,2.893375164060133,1.00228179741051,0.3945,0.0239,0.0,0.0,0.0,0.0,0.0,0.0,0.0,0.0,0.0,0.21978021978021983,3.2339089481946632,14.034536891679728,10.832025117739406,1.6326530612244903,0.04709576138147568,0.0,0.0,0.0,0.0,0.0,0.0,0.0,0.0,0.0,0.0,0.0,0.0,0.0,0.0,0.0,nan,nan,4.345528455284553,2.8873357351656006,nan,0.3945,0.1062,0.0,0.0,0.0,0.0,0.0,0.0,0.0,0.0,0.0,5.2328623757195185e-05,0.002250130821559393,2.6164311878597592e-05,7.849293563579278e-05,0.004526425954997384,0.00499738356881214,0.0004971219256933542,0.0007849293563579278,0.0018315018315018315,0.00858189429618001,0.005363683935112507,0.011564625850340135,0.007221350078492936,0.017870225013082157,0.013971742543171115,0.018210361067503924,0.01227106227106227,0.006357927786499215,0.022344322344322345,0.01664050235478807,0.03652537938252224,0.016012558869701727,0.010779696493982208,0.03880167451596023,0.024594453165881738,0.04814233385661957,0.02074829931972789,0.05054945054945055,0.02687074829931973,0.039638932496075356,0.04356357927786499,0.03686551543694401,0.029722658294086865,0.030036630036630037,0.038226059654631085,0.039952904238618525,0.032757718472004184,0.03270538984824699,0.03597592883307169,0.028205128205128206,0.01271585557299843,0.02226582940868655,0.01402407116692831,0.01698063840920984,0.01705913134484563,0.013631606488749346,0.012768184196755626,0.01577708006279435,0.008738880167451595,0.00805860805860806,0.009262166405023548,0.009942438513867086,0.003872318158032444,0.010256410256410256,0.0009942438513867084,0.00013082155939298797,0.00018315018315018315,0.00206698063840921,0.0004186289900575615,0.0021716378859236002,0.0,0.0,0.0,0.00015698587127158556,0.0010204081632653062,0.0013867085295656725,0.0,0.0,0.0,0.0,0.0,0.0,0.0,0.0,0.0,0.0,0.0,0.0,0.0,0.0,0.0,0.0,0.0,0.0,0.0,0.0,0.0,0.0,0.0,0.0,0.0,0.0,nan,nan,4.345528455284553,2.8873357351656006,nan,0.9483763706052861,0.023880005896919666,0.0,0.0,0.0,0.0,0.0,0.0,0.0,0.0,0.0,0.0,0.0,0.0,0.0,0.0,0.0,0.0,0.0,0.0,0.0,0.0,0.0,0.0,0.0,0.0,0.0,0.0,0.7026476578411407,6.995926680244401,15.274949083503058,7.026476578411407,0.9478721343405921,0.022867267039630074,0.0,0.0,0.0,0.0,0.0,0.0,0.0,0.0,0.0,0.0,0.0,0.0,0.0,0.0,0.0,0.0,0.0,0.0,0.0,0.0,0.0,0.0,0.0,0.0,0.0,0.0,0.4520990312163618,7.976318622174383,15.177610333692146,6.393972012917116,0.394,0.0241,0.0,0.0,0.0,0.0,0.0,0.0,0.0,0.0,0.0,0.21384928716904283,3.665987780040734,14.05295315682279,10.478615071283098,1.5274949083503058,0.06109979633401223,0.0,0.0,0.0,0.0,0.0,0.0,0.0,0.0,0.0,0.0,0.0,0.0,0.0,0.0,0.0,0.3953,0.02367,0.0,0.0,0.0,0.0,0.0,0.0,0.0,0.0,0.0,0.2260495156081809,2.777179763186222,14.015069967707193,11.205597416576966,1.7438105489773956,0.03229278794402584,0.0,0.0,0.0,0.0,0.0,0.0,0.0,0.0,0.0,0.0,0.0,0.0,0.0,0.0,0.0
1600,1870,996,0.532620320855615,475,358,0.44545454545454544,496,0.5304812834224599,0.438,3.040045766590389,3.1320295578463972,6.659919028340081,2.03952165382953,9379.2918098931,1429.8243813317267,7853.0,10778.2237149477,10718.628197289256,18.363164966875143,7853.0,0.0,27.93582887700535,20.75778701208696,32.65992414664981,19.075288970260026,0.13689839572192514,0.10374331550802139,0.09197860962566845,0.08128342245989305,0.08181818181818182,0.08502673796791443,0.06256684491978609,0.06631016042780749,0.0572192513368984,0.05508021390374331,0.0481283422459893,0.034759358288770054,0.03048128342245989,0.029411764705882353,0.01764705882352941,0.01229946524064171,0.0053475935828877,0.9479601242006781,0.022648308506889505,0.0,0.0,0.0,0.0,0.0,0.0,0.0,0.0,0.0,0.0,0.0,0.0,0.0,0.0,0.0,0.0,0.0,0.0,0.0,0.0,0.0,0.0,0.0,0.0,0.0,0.0,0.4652406417112301,7.49197860962567,15.721925133689844,6.320855614973263,4.262322472848789,2.8966651443803277,nan,nan,nan,4.264462809917355,2.901035993467464,4.260135135135135,2.892189852672306,0.9989851770375026,0.3953,0.02272,0.0,0.0,0.0,0.0,0.0,0.0,0.0,0.0,0.0,0.06417112299465243,3.096256684491979,14.374331550802118,10.989304812834227,1.4438502673796794,0.032085561497326213,0.0,0.0,0.0,0.0,0.0,0.0,0.0,0.0,0.0,0.0,0.0,0.0,0.0,0.0,0.0,nan,nan,4.262322472848789,2.8966651443803277,nan,0.3953,0.1063,0.0,0.0,0.0,0.0,0.0,0.0,0.0,0.0,0.0,0.0,0.0027272727272727275,0.0,0.0,0.004171122994652407,0.005802139037433155,0.00024064171122994654,0.00045454545454545455,0.0017647058823529412,0.0074866310160427805,0.004759358288770054,0.011042780748663102,0.0062299465240641715,0.017887700534759358,0.013663101604278074,0.019545454545454546,0.011283422459893049,0.007513368983957219,0.02427807486631016,0.015294117647058824,0.039491978609625666,0.0146524064171123,0.010160427807486631,0.03751336898395722,0.027593582887700533,0.04510695187165775,0.01967914438502674,0.04842245989304813,0.027620320855614975,0.04564171122994652,0.04251336898395722,0.03622994652406417,0.030668449197860964,0.031016042780748664,0.03663101604278075,0.03815508021390374,0.03264705882352941,0.03334224598930481,0.037085561497326204,0.027754010695187167,0.011283422459893049,0.02200534759358289,0.0143048128342246,0.01609625668449198,0.015614973262032086,0.014705882352941176,0.012486631016042781,0.016042780748663103,0.009625668449197862,0.00874331550802139,0.008529411764705883,0.010828877005347593,0.003422459893048128,0.010775401069518716,0.0017647058823529412,0.0002941176470588235,0.000374331550802139,0.0017647058823529412,0.000748663101604278,0.002245989304812834,0.0,0.0,0.0,0.0001871657754010695,0.0009358288770053476,0.0011497326203208555,0.0,0.0,0.0,0.0,0.0,0.0,0.0,0.0,0.0,0.0,0.0,0.0,0.0,0.0,0.0,0.0,0.0,0.0,0.0,0.0,0.0,0.0,0.0,0.0,0.0,0.0,nan,nan,4.262322472848789,2.8966651443803277,nan,0.9476202553414915,0.02252319301887375,0.0,0.0,0.0,0.0,0.0,0.0,0.0,0.0,0.0,0.0,0.0,0.0,0.0,0.0,0.0,0.0,0.0,0.0,0.0,0.0,0.0,0.0,0.0,0.0,0.0,0.0,0.42168674698795194,7.560240963855423,15.93373493975904,6.084337349397591,0.9483474347084011,0.022783871316849145,0.0,0.0,0.0,0.0,0.0,0.0,0.0,0.0,0.0,0.0,0.0,0.0,0.0,0.0,0.0,0.0,0.0,0.0,0.0,0.0,0.0,0.0,0.0,0.0,0.0,0.0,0.5148741418764303,7.414187643020597,15.480549199084672,6.590389016018308,0.3945,0.02266,0.0,0.0,0.0,0.0,0.0,0.0,0.0,0.0,0.0,0.0602409638554217,3.283132530120483,14.457831325301184,10.722891566265062,1.4759036144578315,0.0,0.0,0.0,0.0,0.0,0.0,0.0,0.0,0.0,0.0,0.0,0.0,0.0,0.0,0.0,0.0,0.3958,0.02275,0.0,0.0,0.0,0.0,0.0,0.0,0.0,0.0,0.0,0.06864988558352404,2.8832951945080096,14.279176201372977,11.292906178489705,1.4073226544622428,0.06864988558352404,0.0,0.0,0.0,0.0,0.0,0.0,0.0,0.0,0.0,0.0,0.0,0.0,0.0,0.0,0.0
1700,2004,978,0.4880239520958084,463,453,0.45708582834331335,564,0.562874251497006,0.438,2.922027290448343,3.1018704951135554,6.588652482269503,2.1140224908920398,9251.727186341188,1432.6964034498487,7853.0,10773.817627429962,10719.103559742067,18.093028426095223,7853.0,0.0,27.640219560878243,20.867890679913938,32.41089402013026,19.267566005928053,0.1312375249500998,0.10528942115768464,0.09730538922155689,0.09880239520958084,0.07984031936127745,0.0748502994011976,0.06786427145708583,0.06836327345309381,0.056387225548902194,0.04241516966067864,0.040419161676646706,0.03942115768463074,0.028942115768463075,0.028942115768463075,0.01996007984031936,0.013972055888223553,0.005988023952095809,0.9481397758343977,0.023955369873204797,0.0,0.0,0.0,0.0,0.0,0.0,0.0,0.0,0.0,0.0,0.0,0.0,0.0,0.0,0.0,0.0,0.0,0.0,0.0,0.0,0.0,0.0,0.0,0.0,0.0,0.0,0.7485029940119762,7.724550898203595,14.925149700598807,6.60179640718563,4.325635103926097,3.0100238428104427,nan,nan,nan,4.218798151001541,2.9648507557617654,4.432307692307693,3.0507304392584005,1.0506090914199024,0.3943,0.02213,0.0,0.0,0.0,0.0,0.0,0.0,0.0,0.0,0.0,0.07485029940119763,3.0538922155688626,14.62574850299399,11.152694610778445,1.0778443113772458,0.014970059880239524,0.0,0.0,0.0,0.0,0.0,0.0,0.0,0.0,0.0,0.0,0.0,0.0,0.0,0.0,0.0,nan,nan,4.325635103926097,3.0100238428104427,nan,0.3943,0.1043,0.0,0.0,0.0,0.0,0.0,0.0,0.0,9.98003992015968e-05,0.0,0.0,0.002869261477045908,0.0,0.0,0.004416167664670658,0.0054890219560878245,0.0006736526946107785,0.0,0.0019211576846307385,0.007335329341317366,0.0033932135728542913,0.010254491017964072,0.006137724550898204,0.01499500998003992,0.01347305389221557,0.0187874251497006,0.011452095808383234,0.006986027944111776,0.024226546906187623,0.015968063872255488,0.038897205588822356,0.01404690618762475,0.010404191616766468,0.04246506986027944,0.031012974051896208,0.041766467065868264,0.02285429141716567,0.04718063872255489,0.027919161676646705,0.04730538922155689,0.04156686626746507,0.03722554890219561,0.03413173652694611,0.030439121756487025,0.03570359281437126,0.04109281437125749,0.03375748502994012,0.037125748502994015,0.03630239520958084,0.025848303393213572,0.010354291417165668,0.01996007984031936,0.014296407185628742,0.016666666666666666,0.015818363273453095,0.015244510978043913,0.011427145708582834,0.013947105788423154,0.008782435129740519,0.00908183632734531,0.006487025948103792,0.009131736526946108,0.0035179640718562876,0.010878243512974051,0.0012225548902195609,7.48502994011976e-05,0.0003992015968063872,0.0015718562874251496,0.0012974051896207585,0.002969061876247505,0.0,0.0,0.0,7.48502994011976e-05,0.0005738522954091816,0.0006986027944111777,0.0,0.0,0.0,0.0,0.0,0.0,0.0,0.0,0.0,0.0,0.0,0.0,0.0,0.0,0.0,0.0,0.0,0.0,0.0,0.0,0.0,0.0,0.0,0.0,0.0,0.0,nan,nan,4.325635103926097,3.0100238428104427,nan,0.9483585151060958,0.02348312195433611,0.0,0.0,0.0,0.0,0.0,0.0,0.0,0.0,0.0,0.0,0.0,0.0,0.0,0.0,0.0,0.0,0.0,0.0,0.0,0.0,0.0,0.0,0.0,0.0,0.0,0.0,0.5214723926380369,7.975460122699388,15.153374233128838,6.349693251533744,0.9479312699789192,0.024395190321052647,0.0,0.0,0.0,0.0,0.0,0.0,0.0,0.0,0.0,0.0,0.0,0.0,0.0,0.0,0.0,0.0,0.0,0.0,0.0,0.0,0.0,0.0,0.0,0.0,0.0,0.0,0.9649122807017546,7.485380116959066,14.70760233918129,6.8421052631578965,0.3948,0.02168,0.0,0.0,0.0,0.0,0.0,0.0,0.0,0.0,0.0,0.030674846625766878,3.006134969325154,14.325153374233109,11.656441717791413,0.9815950920245401,0.0,0.0,0.0,0.0,0.0,0.0,0.0,0.0,0.0,0.0,0.0,0.0,0.0,0.0,0.0,0.0,0.394,0.02255,0.0,0.0,0.0,0.0,0.0,0.0,0.0,0.0,0.0,0.1169590643274854,3.0994152046783636,14.912280701754364,10.672514619883042,1.169590643274854,0.02923976608187135,0.0,0.0,0.0,0.0,0.0,0.0,0.0,0.0,0.0,0.0,0.0,0.0,0.0,0.0,0.0
1800,2172,1082,0.498158379373849,513,466,0.4507366482504604,622,0.572744014732965,0.442,2.8954128440366973,3.1657683190251444,6.7534246575342465,2.2469511880732496,9281.170029320769,1433.4995998614895,7853.0,10777.022246837616,10719.899541298255,18.512950869536112,7853.0,0.0,27.22099447513812,20.362709239100255,32.235099337748345,18.566357450066555,0.14594843462246776,0.09576427255985268,0.0943830570902394,0.09668508287292818,0.07965009208103131,0.07412523020257827,0.06860036832412524,0.061694290976058934,0.0630755064456722,0.04465930018416206,0.049723756906077346,0.0432780847145488,0.034530386740331494,0.019337016574585635,0.017955801104972375,0.008747697974217311,0.001841620626151013,0.949334075053533,0.02316366274523534,0.0,0.0,0.0,0.0,0.0,0.0,0.0,0.0,0.0,0.0,0.0,0.0,0.0,0.0,0.0,0.0,0.0,0.0,0.0,0.0,0.0,0.0,0.0,0.0,0.0,0.0,0.4972375690607736,7.085635359116024,15.234806629834258,7.182320441988952,4.345100864553314,2.963234938553731,nan,nan,nan,4.432314410480349,2.893199027284649,4.25962910128388,3.0278657105542615,0.9610394721123238,0.3945,0.02304,0.0,0.0,0.0,0.0,0.0,0.0,0.0,0.0,0.0,0.09668508287292821,3.066298342541437,14.765193370165724,10.745856353591162,1.2983425414364642,0.0276243093922652,0.0,0.0,0.0,0.0,0.0,0.0,0.0,0.0,0.0,0.0,0.0,0.0,0.0,0.0,0.0,nan,nan,4.345100864553314,2.963234938553731,nan,0.3945,0.1039,0.0,0.0,0.0,0.0,0.0,0.0,0.0,4.604051565377532e-05,0.0,0.0,0.0018876611418047883,0.0,0.0,0.00501841620626151,0.0054097605893186,0.001220073664825046,0.0,0.001427255985267035,0.006906077348066298,0.0034990791896869246,0.009507366482504604,0.005248618784530387,0.01397329650092081,0.013006445672191528,0.017633517495395948,0.012730202578268877,0.008379373848987109,0.02272099447513812,0.01593001841620626,0.03784530386740331,0.014871086556169429,0.012246777163904236,0.04541896869244936,0.03296500920810313,0.04042357274401473,0.025138121546961326,0.049447513812154696,0.0289134438305709,0.04877992633517495,0.0432780847145488,0.03708563535911602,0.03139963167587477,0.029742173112338857,0.03149171270718232,0.04210405156537753,0.034415285451197056,0.03388581952117864,0.03259668508287293,0.024263351749539596,0.009484346224677717,0.02124769797421731,0.016068139963167586,0.018001841620626152,0.015607734806629834,0.014019337016574585,0.010220994475138122,0.01565377532228361,0.009185082872928177,0.011256906077348066,0.006238489871086556,0.009023941068139963,0.0023020257826887663,0.012845303867403315,0.0005755064456721916,2.302025782688766e-05,2.302025782688766e-05,0.0019567219152854514,0.001427255985267035,0.002716390423572744,0.0,0.0,0.00018416206261510129,0.00023020257826887662,0.00020718232044198895,0.0006445672191528545,0.0,0.0,0.0,0.0,0.0,0.0,0.0,0.0,0.0,0.0,0.0,0.0,0.0,0.0,0.0,0.0,0.0,0.0,0.0,0.0,0.0,0.0,0.0,0.0,0.0,0.0,nan,nan,4.345100864553314,2.963234938553731,nan,0.949608477558975,0.023172580787159003,0.0,0.0,0.0,0.0,0.0,0.0,0.0,0.0,0.0,0.0,0.0,0.0,0.0,0.0,0.0,0.0,0.0,0.0,0.0,0.0,0.0,0.0,0.0,0.0,0.0,0.0,0.6099815157116452,6.9870609981515726,14.972273567467656,7.430683918669133,0.9490616865114334,0.023151590365815187,0.0,0.0,0.0,0.0,0.0,0.0,0.0,0.0,0.0,0.0,0.0,0.0,0.0,0.0,0.0,0.0,0.0,0.0,0.0,0.0,0.0,0.0,0.0,0.0,0.0,0.0,0.38532110091743127,7.183486238532112,15.4954128440367,6.935779816513763,0.3948,0.0228,0.0,0.0,0.0,0.0,0.0,0.0,0.0,0.0,0.0,0.16635859519408505,2.5785582255083184,15.110905730129367,10.757855822550834,1.358595194085028,0.027726432532347512,0.0,0.0,0.0,0.0,0.0,0.0,0.0,0.0,0.0,0.0,0.0,0.0,0.0,0.0,0.0,0.394,0.02327,0.0,0.0,0.0,0.0,0.0,0.0,0.0,0.0,0.0,0.02752293577981652,3.550458715596331,14.422018348623833,10.733944954128441,1.2385321100917432,0.02752293577981652,0.0,0.0,0.0,0.0,0.0,0.0,0.0,0.0,0.0,0.0,0.0,0.0,0.0,0.0,0.0
1900,2443,1292,0.528857961522718,588,487,0.4400327466230045,684,0.5599672533769955,0.418,3.0773240660295396,3.1155168059185985,6.52046783625731,2.238261599055749,9368.425683955604,1430.4049999450963,7853.0,10772.458021879196,10718.468224383545,17.893253473359987,7853.0,0.0,28.67703643061809,21.028489551018186,33.42857142857143,19.289871566794602,0.12853049529267294,0.10315186246418338,0.08636921817437576,0.09209987720016373,0.08104789193614409,0.06794924273434302,0.0683585755218993,0.06508391322144903,0.059762586983217354,0.05648792468276709,0.046254604993860006,0.038477282030290626,0.04257060990585346,0.029062627916496112,0.01882930822758903,0.011870650839132215,0.004093327875562832,0.9471380453689441,0.022742732947440298,0.0,0.0,0.0,0.0,0.0,0.0,0.0,0.0,0.0,0.0,0.0,0.0,0.0,0.0,0.0,0.0,0.0,0.0,0.0,0.0,0.0,0.0,0.0,0.0,0.0,0.0,0.6017191977077365,7.4907900122799855,15.939418747441673,5.968072042570611,4.251095804633688,2.9051279972213155,nan,nan,nan,4.336633663366337,2.903658422083098,4.163498098859316,2.904022110331938,0.9600760456273765,0.3958,0.0227,0.0,0.0,0.0,0.0,0.0,0.0,0.0,0.0,0.0,0.024559967253377002,2.8121162505116666,14.772820302906242,10.966025378632832,1.4121981170691775,0.012279983626688501,0.0,0.0,0.0,0.0,0.0,0.0,0.0,0.0,0.0,0.0,0.0,0.0,0.0,0.0,0.0,nan,nan,4.251095804633688,2.9051279972213155,nan,0.3958,0.10547,0.0,0.0,0.0,0.0,0.0,0.0,0.0,0.00010233319688907081,0.0,2.0466639377814162e-05,0.002394596807204257,0.0,0.0,0.006139991813344249,0.006139991813344249,0.0009619320507572657,0.0,0.001268931641424478,0.0062013917314776915,0.0031927957429390094,0.010171919770773639,0.004400327466230045,0.014510847318870241,0.011706917724109702,0.01858370855505526,0.013200982398690135,0.006733524355300859,0.022779369627507165,0.01686451084731887,0.03753581661891117,0.015002046663937781,0.011625051166598444,0.04390094146541138,0.030720425706099057,0.04011461318051576,0.02562423250102333,0.0478305362259517,0.029226361031518624,0.048219402374130166,0.04484240687679083,0.03542775276299632,0.032275890298812934,0.0309250920998772,0.028796561604584527,0.0408923454768727,0.032480556692591075,0.034199754400327464,0.032173557101923864,0.027404830126893164,0.009435120753172328,0.02142857142857143,0.01749897666803111,0.018399508800654933,0.015431846090871879,0.01381498158002456,0.011502251330331559,0.014879246827670896,0.009557920589439214,0.011297584936553418,0.006569791240278346,0.009926320098239868,0.002762996316004912,0.014838313548915268,0.0003888661481784691,2.0466639377814162e-05,0.00010233319688907081,0.001882930822758903,0.0012075317232910355,0.002885796152271797,0.0,0.0,0.00014326647564469913,0.0004297994269340974,4.0933278755628324e-05,0.0009619320507572657,0.0,0.0,0.0,0.0,0.0,0.0,0.0,0.0,0.0,0.0,0.0,0.0,0.0,0.0,0.0,0.0,0.0,0.0,0.0,0.0,0.0,0.0,0.0,0.0,0.0,0.0,nan,nan,4.251095804633688,2.9051279972213155,nan,0.9463041141490818,0.0230958946566112,0.0,0.0,0.0,0.0,0.0,0.0,0.0,0.0,0.0,0.0,0.0,0.0,0.0,0.0,0.0,0.0,0.0,0.0,0.0,0.0,0.0,0.0,0.0,0.0,0.0,0.0,0.626934984520124,8.475232198142416,15.139318885448919,5.7585139318885465,0.9480741349745584,0.02230254325634362,0.0,0.0,0.0,0.0,0.0,0.0,0.0,0.0,0.0,0.0,0.0,0.0,0.0,0.0,0.0,0.0,0.0,0.0,0.0,0.0,0.0,0.0,0.0,0.0,0.0,0.0,0.5734144222415292,6.38575152041703,16.837532580364904,6.203301476976543,0.3955,0.02213,0.0,0.0,0.0,0.0,0.0,0.0,0.0,0.0,0.0,0.0,2.6702786377708985,15.092879256965922,10.890092879256969,1.3235294117647063,0.023219814241486073,0.0,0.0,0.0,0.0,0.0,0.0,0.0,0.0,0.0,0.0,0.0,0.0,0.0,0.0,0.0,0.3958,0.02333,0.0,0.0,0.0,0.0,0.0,0.0,0.0,0.0,0.0,0.05212858384013902,2.971329278887924,14.413553431798414,11.051259774109473,1.5117289313640316,0.0,0.0,0.0,0.0,0.0,0.0,0.0,0.0,0.0,0.0,0.0,0.0,0.0,0.0,0.0,0.0
2000,2357,1206,0.5116673737802291,565,487,0.44633008061094614,673,0.5710649130250318,0.442,3.0156385751520416,3.20643880149052,6.828571428571428,2.2458023327786067,9319.767652899469,1432.99083127966,7853.0,10781.697818517685,10719.642916985116,18.279418680641594,7853.0,0.0,27.907509546033094,20.73879245641584,32.72571716155007,19.018221811520434,0.13619007212558337,0.09843020789138736,0.09546033092914723,0.0848536274925753,0.0903691132795927,0.0759439966058549,0.06406448875689436,0.06745863385659737,0.05388205345778532,0.048366567670767927,0.05515485787017395,0.03691132795927026,0.03606279168434451,0.023759015697921087,0.014849384811200678,0.010606703436571913,0.007636826474331778,0.9470067284953863,0.023527050943661722,0.0,0.0,0.0,0.0,0.0,0.0,0.0,0.0,0.0,0.0,0.0,0.0,0.0,0.0,0.0,0.0,0.0,0.0,0.0,0.0,0.0,0.0,0.0,0.0,0.0,0.0127280441238863,0.7509546033092916,7.94229953330505,15.29910903691133,5.994908782350447,4.345191040843215,2.9740998676560837,nan,nan,nan,4.301460823373174,2.99325678474268,4.3882352941176475,2.954490128345818,1.0201732560884806,0.397,0.02258,0.0,0.0,0.0,0.0,0.0,0.0,0.0,0.0,0.0,0.0254560882477726,2.5710649130250323,14.331777683495948,11.31523122613492,1.743742044972423,0.0127280441238863,0.0,0.0,0.0,0.0,0.0,0.0,0.0,0.0,0.0,0.0,0.0,0.0,0.0,0.0,0.0,nan,nan,4.345191040843215,2.9740998676560837,nan,0.397,0.1054,0.0,0.0,0.0,0.0,0.0,0.0,0.0,0.0002545608824777259,0.0,0.0,0.0019304200254560882,0.0,2.1213406873143828e-05,0.005685193042002545,0.006745863385659737,0.0006576156130674586,0.0,0.0010182435299109036,0.007382265591854052,0.0032668646584641495,0.009524819686041578,0.004582095884599066,0.013767501060670343,0.012558336868901145,0.019558761137038607,0.013555366991938905,0.004751803139584217,0.023674162070428512,0.01724649978786593,0.03604157827747136,0.011243105642766229,0.008570216376750105,0.04365719134493,0.03065337293169283,0.03408994484514213,0.027344081459482392,0.04985150615188799,0.03330504879083581,0.047199830292745014,0.04359355112431056,0.04000848536274926,0.03432329232074671,0.03190496393720831,0.028532032244378447,0.041090369113279596,0.029062367416207043,0.03551124310564276,0.03440814594823929,0.028341111582520152,0.0103097157403479,0.01996181586762834,0.014679677556215529,0.017204072974119643,0.014594823928722953,0.012834111158252016,0.015507000424268138,0.015931268561731014,0.008782350445481544,0.011243105642766229,0.007339838778107764,0.010543063215952482,0.00243954179041154,0.015782774713619007,0.0006788290199406025,0.0,0.00012728044123886295,0.001845566397963513,0.0014425116673737802,0.002545608824777259,0.0,0.0,6.364022061943148e-05,6.364022061943148e-05,0.0,0.0011667373780229104,0.0,0.0,0.0,0.0,0.0,0.0,0.0,0.0,0.0,0.0,0.0,0.0,0.0,0.0,0.0,0.0,0.0,0.0,0.0,0.0,0.0,0.0,0.0,0.0,0.0,0.0,nan,nan,4.345191040843215,2.9740998676560837,nan,0.9477097894718398,0.023172114488090628,0.0,0.0,0.0,0.0,0.0,0.0,0.0,0.0,0.0,0.0,0.0,0.0,0.0,0.0,0.0,0.0,0.0,0.0,0.0,0.0,0.0,0.0,0.0,0.0,0.0,0.0,0.5721393034825871,7.761194029850747,15.273631840796023,6.393034825870648,0.9462700720769649,0.02387108764305907,0.0,0.0,0.0,0.0,0.0,0.0,0.0,0.0,0.0,0.0,0.0,0.0,0.0,0.0,0.0,0.0,0.0,0.0,0.0,0.0,0.0,0.0,0.0,0.0,0.0,0.02606429192006951,0.9383145091225024,8.132059079061687,15.325803649000871,5.577758470894875,0.3962,0.02237,0.0,0.0,0.0,0.0,0.0,0.0,0.0,0.0,0.0,0.02487562189054727,2.761194029850747,14.303482587064655,11.442786069651744,1.4676616915422889,0.0,0.0,0.0,0.0,0.0,0.0,0.0,0.0,0.0,0.0,0.0,0.0,0.0,0.0,0.0,0.0,0.3975,0.0228,0.0,0.0,0.0,0.0,0.0,0.0,0.0,0.0,0.0,0.02606429192006951,2.3718505647263255,14.361424847958276,11.18158123370982,2.0330147697654217,0.02606429192006951,0.0,0.0,0.0,0.0,0.0,0.0,0.0,0.0,0.0,0.0,0.0,0.0,0.0,0.0,0.0
2100,2563,1337,0.5216543113538822,626,518,0.44635193133047213,727,0.5673039406944986,0.39799999999999996,2.9404567699836868,3.036839247235051,6.393767705382436,2.1503450470548486,9348.285324419052,1431.9301665872927,7853.0,10785.780465602875,10719.429533646993,18.168135937424314,7853.0,0.0,28.417869683964106,20.90230943756764,33.11218390804598,19.20115689913054,0.12875536480686695,0.11002731174404994,0.08427623878267655,0.0815450643776824,0.09285992976980101,0.0721810378462739,0.06710885680842762,0.06164650799843933,0.0518923136948888,0.060085836909871244,0.0499414748341787,0.04564962934061646,0.03394459617635583,0.023800234100663287,0.019508388607101055,0.009754194303550527,0.00702301989855638,0.9476938171169045,0.023375924346380608,0.0,0.0,0.0,0.0,0.0,0.0,0.0,0.0,0.0,0.0,0.0,0.0,0.0,0.0,0.0,0.0,0.0,0.0,0.0,0.0,0.0,0.0,0.0,0.0,0.0,0.0,0.6320717908700743,7.7604369879048,15.087787748731957,6.519703472493173,4.133451957295374,2.8237021404427574,nan,nan,nan,4.178147268408551,2.7260679464424227,4.087781731909846,2.9187299907668716,0.9783718642035504,0.3972,0.02231,0.0,0.0,0.0,0.0,0.0,0.0,0.0,0.0,0.0,0.0,2.5634022629730793,14.139680062426823,11.79867342957472,1.4514241123683187,0.04682013265704254,0.0,0.0,0.0,0.0,0.0,0.0,0.0,0.0,0.0,0.0,0.0,0.0,0.0,0.0,0.0,nan,nan,4.133451957295374,2.8237021404427574,nan,0.3972,0.1047,0.0,0.0,0.0,0.0,0.0,0.0,0.0,0.00011705033164260632,0.0,0.0,0.002243464689816621,0.0,0.0,0.006203667577058135,0.006788919235271166,0.0003901677721420211,0.0,0.0010339445961763559,0.006827936012485368,0.003316426063207179,0.008369098712446352,0.003550526726492392,0.013558330081935232,0.01149044088958252,0.019001170503316425,0.014163090128755365,0.005540382364416699,0.024307452204447914,0.01796722590714007,0.035271166601638704,0.010846664065548186,0.00852516582130316,0.04315255559890753,0.029047990635973468,0.03536870854467421,0.0296332422941865,0.046527506827936015,0.03300819352321498,0.05,0.04354272337104955,0.04049941474834179,0.03493952399531799,0.030277019118220835,0.027838470542333203,0.04143581740148264,0.03265704252828716,0.035622317596566526,0.03554428404213812,0.02854077253218884,0.010690596956691377,0.01944986344127975,0.016016387046429964,0.016250487709715176,0.012992586812329301,0.01277799453765119,0.015977370269215762,0.016972298088177917,0.0075107296137339056,0.01184159188451034,0.006632852126414358,0.010846664065548186,0.001794771751853297,0.015060476004682013,0.0007998439328911432,3.901677721420211e-05,5.852516582130316e-05,0.0020288724151385096,0.0013655872024970737,0.0027311744049941474,0.0,0.0,5.852516582130316e-05,1.9508388607101055e-05,0.0,0.0009364026531408506,0.0,0.0,0.0,0.0,0.0,0.0,0.0,0.0,0.0,0.0,0.0,0.0,0.0,0.0,0.0,0.0,0.0,0.0,0.0,0.0,0.0,0.0,0.0,0.0,0.0,0.0,nan,nan,4.133451957295374,2.8237021404427574,nan,0.947184273486897,0.02338504047202507,0.0,0.0,0.0,0.0,0.0,0.0,0.0,0.0,0.0,0.0,0.0,0.0,0.0,0.0,0.0,0.0,0.0,0.0,0.0,0.0,0.0,0.0,0.0,0.0,0.0,0.0,0.6282722513089007,7.920718025430069,15.145848915482427,6.30516080777861,0.9482494939793187,0.02335330912868986,0.0,0.0,0.0,0.0,0.0,0.0,0.0,0.0,0.0,0.0,0.0,0.0,0.0,0.0,0.0,0.0,0.0,0.0,0.0,0.0,0.0,0.0,0.0,0.0,0.0,0.0,0.6362153344208811,7.585644371941274,15.024469820554652,6.753670473083199,0.3965,0.02234,0.0,0.0,0.0,0.0,0.0,0.0,0.0,0.0,0.0,0.0,3.006731488406882,14.023934181002225,11.645474943904267,1.278982797307405,0.04487658937920719,0.0,0.0,0.0,0.0,0.0,0.0,0.0,0.0,0.0,0.0,0.0,0.0,0.0,0.0,0.0,0.3982,0.02222,0.0,0.0,0.0,0.0,0.0,0.0,0.0,0.0,0.0,0.0,2.079934747145188,14.2659053833605,11.965742251223494,1.6394779771615011,0.04893964110929854,0.0,0.0,0.0,0.0,0.0,0.0,0.0,0.0,0.0,0.0,0.0,0.0,0.0,0.0,0.0
2200,2667,1326,0.49718785151856015,615,564,0.4420697412823397,753,0.5646794150731158,0.39799999999999996,2.9321401938851603,3.0992559735511525,6.610810810810811,2.082070666789374,9278.003679433832,1433.1006003706636,7853.0,10781.094690442085,10719.127309992482,18.53758832613291,7853.0,0.0,27.736032995875515,20.99043801114983,33.10612244897959,19.12578209503891,0.151106111736033,0.09748781402324709,0.09711286089238845,0.0791151106111736,0.07424071991001124,0.07836520434945632,0.06636670416197975,0.06186726659167604,0.06299212598425197,0.047994000749906264,0.050243719535058115,0.03974503187101612,0.0359955005624297,0.023247094113235847,0.016497937757780277,0.010498687664041995,0.007124109486314211,0.9459078946183315,0.023198910739042657,0.0,0.0,0.0,0.0,0.0,0.0,0.0,0.0,0.0,0.0,0.0,0.0,0.0,0.0,0.0,0.0,0.0,0.0,0.0,0.0,0.0,0.0,0.0,0.0,0.0,0.04499437570303713,0.6861642294713163,8.087739032620924,15.534308211473569,5.64679415073116,4.410619469026549,2.884421471782096,nan,nan,nan,4.49764705882353,2.9254452238566127,4.318720379146919,2.8387268143573654,0.9602177144323518,0.397,0.02283,0.0,0.0,0.0,0.0,0.0,0.0,0.0,0.0,0.0,0.04499437570303713,2.654668166479191,14.263217097862745,11.158605174353209,1.8447694038245224,0.03374578177727785,0.0,0.0,0.0,0.0,0.0,0.0,0.0,0.0,0.0,0.0,0.0,0.0,0.0,0.0,0.0,nan,nan,4.410619469026549,2.884421471782096,nan,0.397,0.1048,0.0,0.0,0.0,0.0,0.0,0.0,0.0,0.0002249718785151856,0.0,0.0,0.002980877390326209,0.0,3.749531308586427e-05,0.006899137607799025,0.007105361829771279,0.00028121484814398203,7.499062617172853e-05,0.000843644544431946,0.0074053243344581925,0.003655793025871766,0.0068241469816272965,0.0038245219347581554,0.012673415823022123,0.01027371578552681,0.02107236595425572,0.012204724409448819,0.005943007124109487,0.023903262092238472,0.017716535433070866,0.03517060367454068,0.010854893138357705,0.008211473565804274,0.044244469441319836,0.031233595800524934,0.03882639670041245,0.029752530933633295,0.044919385076865395,0.02742782152230971,0.05324334458192726,0.04120734908136483,0.03918260217472816,0.03333333333333333,0.03038995125609299,0.027652793400824896,0.04143232095988002,0.03460817397825272,0.03449568803899512,0.03995125609298838,0.02971503562054743,0.009523809523809525,0.01837270341207349,0.017472815898012747,0.016366704161979752,0.013160854893138358,0.012992125984251968,0.014360704911886015,0.016947881514810647,0.007367829021372329,0.011736032995875516,0.007892763404574428,0.01053618297712786,0.0016497937757780278,0.01362954630671166,0.0010686164229471316,1.8747656542932134e-05,0.00018747656542932134,0.0021747281589801276,0.0012185976752905887,0.0028683914510686166,0.0,0.0,1.8747656542932134e-05,0.0,0.0,0.0006374203224596925,0.0,0.0,0.0,0.0,0.0,0.0,0.0,0.0,0.0,0.0,0.0,0.0,0.0,0.0,0.0,0.0,0.0,0.0,0.0,0.0,0.0,0.0,0.0,0.0,0.0,0.0,nan,nan,4.410619469026549,2.884421471782096,nan,0.9459648248297057,0.023801089012088515,0.0,0.0,0.0,0.0,0.0,0.0,0.0,0.0,0.0,0.0,0.0,0.0,0.0,0.0,0.0,0.0,0.0,0.0,0.0,0.0,0.0,0.0,0.0,0.0,0.0,0.045248868778280556,0.7013574660633486,8.30316742081448,14.909502262443441,6.040723981900454,0.9458516012102165,0.02258754719902973,0.0,0.0,0.0,0.0,0.0,0.0,0.0,0.0,0.0,0.0,0.0,0.0,0.0,0.0,0.0,0.0,0.0,0.0,0.0,0.0,0.0,0.0,0.0,0.0,0.0,0.044742729306487705,0.6711409395973156,7.874720357941836,16.15212527964206,5.2572706935123055,0.3972,0.02248,0.0,0.0,0.0,0.0,0.0,0.0,0.0,0.0,0.0,0.045248868778280556,2.7375565610859733,14.11764705882351,11.289592760180998,1.7647058823529416,0.045248868778280556,0.0,0.0,0.0,0.0,0.0,0.0,0.0,0.0,0.0,0.0,0.0,0.0,0.0,0.0,0.0,0.3967,0.02318,0.0,0.0,0.0,0.0,0.0,0.0,0.0,0.0,0.0,0.044742729306487705,2.572706935123043,14.407158836689016,11.02908277404922,1.9239373601789713,0.022371364653243853,0.0,0.0,0.0,0.0,0.0,0.0,0.0,0.0,0.0,0.0,0.0,0.0,0.0,0.0,0.0
2300,2572,1293,0.5027216174183515,615,518,0.4405132192846034,725,0.5637636080870918,0.422,2.8733385457388585,3.0949883629345534,6.519337016574585,2.1429343238312466,9293.568013518028,1432.8064805050235,7853.0,10778.09215939045,10718.538229519234,18.275023053718193,7853.0,0.0,28.366251944012443,21.162565899220656,33.34581599630143,19.390973702599098,0.13724727838258166,0.10225505443234836,0.09292379471228616,0.08164852255054432,0.08398133748055987,0.07076205287713841,0.06493001555209954,0.060653188180404355,0.05482115085536547,0.0583203732503888,0.04743390357698289,0.04665629860031104,0.030715396578538102,0.027993779160186624,0.02255054432348367,0.012052877138413685,0.00505443234836703,0.9454792136120759,0.02333436484902419,0.0,0.0,0.0,0.0,0.0,0.0,0.0,0.0,0.0,0.0,0.0,0.0,0.0,0.0,0.0,0.0,0.0,0.0,0.0,0.0,0.0,0.0,0.0,0.0,0.0,0.011664074650077762,0.7698289269051324,8.164852255054434,15.524883359253502,5.52877138413686,4.2831433713257345,2.938721929670204,nan,nan,nan,4.311218335343788,2.936748912160787,4.255369928400954,2.9404087102713072,0.9870457948081677,0.3962,0.02281,0.0,0.0,0.0,0.0,0.0,0.0,0.0,0.0,0.0,0.034992223950233284,2.7993779160186634,14.510108864696715,11.209175738724731,1.3530326594090205,0.0933125972006221,0.0,0.0,0.0,0.0,0.0,0.0,0.0,0.0,0.0,0.0,0.0,0.0,0.0,0.0,0.0,nan,nan,4.2831433713257345,2.938721929670204,nan,0.3962,0.105,0.0,0.0,0.0,0.0,0.0,0.0,0.0,9.720062208398134e-05,0.0,0.0,0.0033242612752721616,0.0,3.888024883359253e-05,0.0070373250388802485,0.005190513219284603,3.888024883359253e-05,3.888024883359253e-05,0.0004860031104199067,0.00598755832037325,0.00406298600311042,0.00651244167962675,0.0033048211508553654,0.01380248833592535,0.009875583203732503,0.025486003110419906,0.011936236391912908,0.007912130637636081,0.024902799377916018,0.016368584758942456,0.03658631415241057,0.01098367029548989,0.00905909797822706,0.0442846034214619,0.031784603421461895,0.038919129082426125,0.030093312597200623,0.045917573872472785,0.028265940902021773,0.05734836702954899,0.04142690513219285,0.03683903576982893,0.030948678071539656,0.02717729393468118,0.02534992223950233,0.042729393468118194,0.03302877138413686,0.035089424572317264,0.039132970451010884,0.026535769828926904,0.006609642301710731,0.0208398133748056,0.01844867807153966,0.015454898911353033,0.013413685847589424,0.014405132192846034,0.013277604976671851,0.016426905132192846,0.009311819595645412,0.011897356143079315,0.0072900466562986,0.009311819595645412,0.0016912908242612754,0.015066096423017107,0.0011664074650077762,0.0,5.8320373250388805e-05,0.0022161741835147746,0.0013608087091757388,0.0032465007776049768,0.0,0.0,0.0,0.0,3.888024883359253e-05,0.0005443234836702955,0.0,1.9440124416796266e-05,0.0,0.0,0.0,0.0,0.0,0.0,0.0,0.0,0.0,0.0,0.0,0.0,0.0,0.0,0.0,0.0,0.0,0.0,0.0,0.0,0.0,0.0,0.0,0.0,nan,nan,4.2831433713257345,2.938721929670204,nan,0.9455328757967584,0.02308891210685939,0.0,0.0,0.0,0.0,0.0,0.0,0.0,0.0,0.0,0.0,0.0,0.0,0.0,0.0,0.0,0.0,0.0,0.0,0.0,0.0,0.0,0.0,0.0,0.0,0.0,0.0,0.6960556844547565,8.0046403712297,15.823665893271464,5.4756380510440845,0.9454249640383507,0.023579783217188104,0.0,0.0,0.0,0.0,0.0,0.0,0.0,0.0,0.0,0.0,0.0,0.0,0.0,0.0,0.0,0.0,0.0,0.0,0.0,0.0,0.0,0.0,0.0,0.0,0.0,0.023455824863174362,0.844409695074277,8.326817826426897,15.22283033620016,5.582486317435498,0.3965,0.02264,0.0,0.0,0.0,0.0,0.0,0.0,0.0,0.0,0.0,0.023201856148491885,2.7378190255220423,14.547563805104389,11.206496519721581,1.392111368909513,0.09280742459396754,0.0,0.0,0.0,0.0,0.0,0.0,0.0,0.0,0.0,0.0,0.0,0.0,0.0,0.0,0.0,0.396,0.02296,0.0,0.0,0.0,0.0,0.0,0.0,0.0,0.0,0.0,0.046911649726348724,2.861610633307272,14.472243940578558,11.211884284597344,1.3135261923377641,0.09382329945269745,0.0,0.0,0.0,0.0,0.0,0.0,0.0,0.0,0.0,0.0,0.0,0.0,0.0,0.0,0.0
2400,2688,1413,0.5256696428571429,676,550,0.45610119047619047,750,0.5580357142857143,0.41,2.9686274509803923,3.0807110330328555,6.528409090909091,2.233344865261539,9359.065947096351,1430.6922240529473,7853.0,10781.222184419632,10718.04265095187,18.073114001283095,7853.0,0.0,27.901041666666668,20.590751480555006,32.5170902716915,18.915257226658564,0.1328125,0.09933035714285714,0.09151785714285714,0.0859375,0.08630952380952381,0.08444940476190477,0.06845238095238096,0.06436011904761904,0.059895833333333336,0.050595238095238096,0.046130952380952384,0.042782738095238096,0.03273809523809524,0.023065476190476192,0.013392857142857142,0.009672619047619048,0.00855654761904762,0.9458790350084504,0.02333550279556161,0.0,0.0,0.0,0.0,0.0,0.0,0.0,0.0,0.0,0.0,0.0,0.0,0.0,0.0,0.0,0.0,0.0,0.0,0.0,0.0,0.0,0.0,0.0,0.0,0.0,0.022321428571428575,0.7924107142857144,8.247767857142858,15.27901785714286,5.658482142857144,4.174785100286533,2.904762470689248,nan,nan,nan,4.202488687782806,2.865529754645537,4.146341463414634,2.9442281919832465,0.9866395299215441,0.3955,0.02306,0.0,0.0,0.0,0.0,0.0,0.0,0.0,0.0,0.0,0.07812500000000003,3.1138392857142865,14.486607142857121,10.66964285714286,1.5848214285714288,0.06696428571428573,0.0,0.0,0.0,0.0,0.0,0.0,0.0,0.0,0.0,0.0,0.0,0.0,0.0,0.0,0.0,nan,nan,4.174785100286533,2.904762470689248,nan,0.3955,0.1042,0.0,0.0,0.0,0.0,0.0,0.0,0.0,0.0001674107142857143,0.0,0.0,0.002994791666666667,0.00013020833333333333,0.00013020833333333333,0.006082589285714286,0.005040922619047619,1.8601190476190478e-05,0.00013020833333333333,0.0006696428571428571,0.0049479166666666664,0.003050595238095238,0.004780505952380953,0.004352678571428572,0.012574404761904762,0.010565476190476191,0.027622767857142856,0.011793154761904762,0.007049851190476191,0.02689732142857143,0.01876860119047619,0.0415922619047619,0.011532738095238096,0.009244791666666667,0.044661458333333334,0.029557291666666666,0.03997395833333333,0.029055059523809525,0.04728422619047619,0.027139136904761905,0.05764508928571429,0.03950892857142857,0.03415178571428571,0.03201264880952381,0.026004464285714287,0.02537202380952381,0.045665922619047616,0.03552827380952381,0.035379464285714285,0.03725818452380952,0.02609747023809524,0.005338541666666667,0.019717261904761904,0.01839657738095238,0.01603422619047619,0.014397321428571428,0.015066964285714286,0.011476934523809525,0.01568080357142857,0.007589285714285714,0.012369791666666666,0.0069010416666666664,0.009114583333333334,0.0013950892857142857,0.015885416666666666,0.0014694940476190476,0.0,0.00011160714285714285,0.0019717261904761904,0.0012462797619047618,0.002883184523809524,0.0,0.0,0.0,0.0,0.0,0.0005208333333333333,0.0,0.0,0.0,0.0,0.0,0.0,0.0,0.0,0.0,0.0,0.0,0.0,0.0,0.0,0.0,0.0,0.0,0.0,0.0,0.0,0.0,0.0,0.0,0.0,0.0,0.0,nan,nan,4.174785100286533,2.904762470689248,nan,0.9459262623149118,0.023047083761880385,0.0,0.0,0.0,0.0,0.0,0.0,0.0,0.0,0.0,0.0,0.0,0.0,0.0,0.0,0.0,0.0,0.0,0.0,0.0,0.0,0.0,0.0,0.0,0.0,0.0,0.04246284501061572,0.615711252653928,8.301486199575374,15.541401273885352,5.498938428874736,0.9458266960405836,0.023650920300095198,0.0,0.0,0.0,0.0,0.0,0.0,0.0,0.0,0.0,0.0,0.0,0.0,0.0,0.0,0.0,0.0,0.0,0.0,0.0,0.0,0.0,0.0,0.0,0.0,0.0,0.0,0.9882352941176472,8.188235294117648,14.98823529411765,5.83529411764706,0.3953,0.02234,0.0,0.0,0.0,0.0,0.0,0.0,0.0,0.0,0.0,0.08492569002123145,2.738853503184714,15.201698513800402,10.42462845010616,1.4861995753715502,0.06369426751592358,0.0,0.0,0.0,0.0,0.0,0.0,0.0,0.0,0.0,0.0,0.0,0.0,0.0,0.0,0.0,0.3958,0.02385,0.0,0.0,0.0,0.0,0.0,0.0,0.0,0.0,0.0,0.07058823529411766,3.529411764705883,13.694117647058803,10.941176470588237,1.694117647058824,0.07058823529411766,0.0,0.0,0.0,0.0,0.0,0.0,0.0,0.0,0.0,0.0,0.0,0.0,0.0,0.0,0.0
2500,2610,1360,0.5210727969348659,652,510,0.4452107279693487,729,0.5586206896551724,0.43,2.9944,3.143623488905756,6.435135135135135,2.338250237020769,9344.661228140514,1430.124155947007,7853.0,10770.079290032387,10715.6733863579,18.03164374691793,7853.0,0.0,28.722605363984673,21.2768574138972,33.863864778437645,19.37338898772726,0.14521072796934867,0.09157088122605364,0.08199233716475096,0.08544061302681992,0.0839080459770115,0.0735632183908046,0.06053639846743295,0.06743295019157088,0.06360153256704981,0.05172413793103448,0.04904214559386973,0.04674329501915709,0.03333333333333333,0.02490421455938697,0.0210727969348659,0.00996168582375479,0.00996168582375479,0.9437165662703386,0.023741418068288618,0.0,0.0,0.0,0.0,0.0,0.0,0.0,0.0,0.0,0.0,0.0,0.0,0.0,0.0,0.0,0.0,0.0,0.0,0.0,0.0,0.0,0.0,0.0,0.0,0.0,0.0,1.0000000000000002,9.103448275862071,14.885057471264371,5.011494252873565,4.2602100350058345,2.974605307490145,nan,nan,nan,4.26406429391504,2.9977536964099154,4.2562277580071175,2.9504920080028696,0.998162190959666,0.3943,0.02173,0.0,0.0,0.0,0.0,0.0,0.0,0.0,0.0,0.0,0.04597701149425289,2.9425287356321848,15.11494252873561,10.873563218390807,1.0114942528735633,0.011494252873563222,0.0,0.0,0.0,0.0,0.0,0.0,0.0,0.0,0.0,0.0,0.0,0.0,0.0,0.0,0.0,nan,nan,4.2602100350058345,2.974605307490145,nan,0.3943,0.1044,0.0,0.0,0.0,0.0,0.0,0.0,0.0,0.00013409961685823755,0.0,0.0,0.002758620689655172,5.747126436781609e-05,0.0,0.007969348659003832,0.0041954022988505745,0.0,0.0004789272030651341,0.00022988505747126436,0.005306513409961686,0.0026628352490421455,0.004425287356321839,0.004291187739463602,0.013122605363984675,0.010363984674329502,0.02810344827586207,0.01342911877394636,0.0072796934865900385,0.03045977011494253,0.01756704980842912,0.039616858237547896,0.01053639846743295,0.010900383141762452,0.045842911877394636,0.029885057471264367,0.04084291187739464,0.02971264367816092,0.047681992337164754,0.023486590038314176,0.05883141762452107,0.03955938697318007,0.03273946360153257,0.03203065134099617,0.026034482758620688,0.026130268199233718,0.04434865900383142,0.0360919540229885,0.035038314176245214,0.035114942528735635,0.02490421455938697,0.005229885057471264,0.020402298850574714,0.020881226053639845,0.01599616858237548,0.012586206896551724,0.014501915708812261,0.011532567049808429,0.01703065134099617,0.005689655172413793,0.01318007662835249,0.006168582375478927,0.009846743295019156,0.0015517241379310344,0.01557471264367816,0.0012452107279693487,1.9157088122605363e-05,0.00019157088122605365,0.0018390804597701149,0.0010727969348659004,0.0027011494252873565,0.0,9.578544061302682e-05,1.9157088122605363e-05,0.0,0.0,0.0004789272030651341,0.0,0.0,0.0,0.0,0.0,0.0,0.0,0.0,0.0,0.0,0.0,0.0,0.0,0.0,0.0,0.0,0.0,0.0,0.0,0.0,0.0,0.0,0.0,0.0,0.0,0.0,nan,nan,4.2602100350058345,2.974605307490145,nan,0.9431921706041869,0.023808030702829042,0.0,0.0,0.0,0.0,0.0,0.0,0.0,0.0,0.0,0.0,0.0,0.0,0.0,0.0,0.0,0.0,0.0,0.0,0.0,0.0,0.0,0.0,0.0,0.0,0.0,0.0,0.9705882352941179,9.573529411764708,14.669117647058826,4.786764705882354,0.9442871087551117,0.023655529975666473,0.0,0.0,0.0,0.0,0.0,0.0,0.0,0.0,0.0,0.0,0.0,0.0,0.0,0.0,0.0,0.0,0.0,0.0,0.0,0.0,0.0,0.0,0.0,0.0,0.0,0.0,1.0320000000000003,8.592000000000002,15.120000000000003,5.256000000000001,0.3938,0.02199,0.0,0.0,0.0,0.0,0.0,0.0,0.0,0.0,0.0,0.08823529411764708,3.176470588235295,15.044117647058803,10.610294117647062,1.0808823529411766,0.0,0.0,0.0,0.0,0.0,0.0,0.0,0.0,0.0,0.0,0.0,0.0,0.0,0.0,0.0,0.0,0.395,0.02144,0.0,0.0,0.0,0.0,0.0,0.0,0.0,0.0,0.0,0.0,2.6880000000000006,15.191999999999977,11.160000000000004,0.9360000000000002,0.024000000000000004,0.0,0.0,0.0,0.0,0.0,0.0,0.0,0.0,0.0,0.0,0.0,0.0,0.0,0.0,0.0
2600,2769,1476,0.5330444203683641,645,592,0.4467316720837848,771,0.5568797399783315,0.414,3.0030935808197987,3.0712079625653175,6.688760806916426,2.017492785303602,9378.8621631633,1428.2039139298276,7853.0,10773.317260622978,10715.54222886123,18.21636282263666,7853.0,0.0,27.568075117370892,20.955846356363455,32.89441535776614,19.110526878468804,0.15023474178403756,0.09859154929577464,0.09209100758396534,0.0830624774286746,0.07945106536655833,0.07764535933550018,0.06933911159263272,0.06789454676778621,0.056338028169014086,0.04947634525099314,0.045142650776453595,0.03539183820873962,0.029974720115565186,0.028169014084507043,0.01733477789815818,0.01119537739256049,0.00866738894907909,0.9434070114238721,0.02400941894957479,0.0,0.0,0.0,0.0,0.0,0.0,0.0,0.0,0.0,0.0,0.0,0.0,0.0,0.0,0.0,0.0,0.0,0.0,0.0,0.0,0.0,0.0,0.0,0.0,0.0,0.04333694474539546,1.0617551462621886,8.851570964247022,15.07042253521127,4.9729144095341296,4.2997724687144485,2.8315446313671364,nan,nan,nan,4.298043728423475,2.899507254344394,4.302927927927928,2.764705233988183,1.0011363773411965,0.3928,0.0223,0.0,0.0,0.0,0.0,0.0,0.0,0.0,0.0,0.0,0.13001083423618637,3.499458288190683,15.0379198266522,10.335861321776818,0.9967497291440955,0.0,0.0,0.0,0.0,0.0,0.0,0.0,0.0,0.0,0.0,0.0,0.0,0.0,0.0,0.0,0.0,nan,nan,4.2997724687144485,2.8315446313671364,nan,0.3928,0.104,0.0,0.0,0.0,0.0,0.0,0.0,0.0,9.028530155290719e-05,0.0,0.0,0.002564102564102564,0.00023474178403755868,0.0,0.008360418923799205,0.004550379198266522,0.0,0.00041531238714337306,0.00021668472372697725,0.004983748645720477,0.0031599855543517517,0.003665583243048032,0.0046767786204405925,0.014012278801011196,0.011412062116287468,0.024918743228602384,0.011502347417840376,0.00877573131094258,0.03367641747923438,0.01785843264716504,0.03979776092452149,0.010021668472372697,0.011339833875045143,0.04763452509931383,0.030353918382087397,0.04167569519682196,0.03066088840736728,0.048212351029252434,0.02325749368002889,0.05803539183820874,0.043409172986637774,0.03387504514265078,0.031130371975442397,0.02585771036475262,0.02473817262549657,0.045196821957385336,0.03519321054532322,0.03253882267966775,0.032213795594077284,0.023781148429035753,0.006247742867461177,0.02262549656915854,0.022517154207295054,0.01518598772119899,0.01218851570964247,0.01143011917659805,0.009082701336222463,0.017515348501263996,0.0039003250270855903,0.01330805344889852,0.005958829902491874,0.012856626941133983,0.001570964247020585,0.014247020585048753,0.0009389671361502347,0.0,0.0003791982665222102,0.0013001083423618636,0.0010834236186348862,0.003178042614662333,3.611412062116287e-05,0.00018057060310581438,0.0,0.0,0.0,0.00027085590465872155,0.0,0.0,0.0,0.0,0.0,0.0,0.0,0.0,0.0,0.0,0.0,0.0,0.0,0.0,0.0,0.0,0.0,0.0,0.0,0.0,0.0,0.0,0.0,0.0,0.0,0.0,nan,nan,4.2997724687144485,2.8315446313671364,nan,0.9439244190367256,0.023916388560347498,0.0,0.0,0.0,0.0,0.0,0.0,0.0,0.0,0.0,0.0,0.0,0.0,0.0,0.0,0.0,0.0,0.0,0.0,0.0,0.0,0.0,0.0,0.0,0.0,0.0,0.0,1.016260162601626,8.597560975609758,14.97967479674797,5.406504065040652,0.9428163744272968,0.02410160426370794,0.0,0.0,0.0,0.0,0.0,0.0,0.0,0.0,0.0,0.0,0.0,0.0,0.0,0.0,0.0,0.0,0.0,0.0,0.0,0.0,0.0,0.0,0.0,0.0,0.0,0.09280742459396754,1.1136890951276104,9.141531322505802,15.174013921113692,4.4779582366589334,0.3928,0.02219,0.0,0.0,0.0,0.0,0.0,0.0,0.0,0.0,0.0,0.12195121951219515,3.2113821138211387,15.18292682926827,10.569105691056913,0.9146341463414636,0.0,0.0,0.0,0.0,0.0,0.0,0.0,0.0,0.0,0.0,0.0,0.0,0.0,0.0,0.0,0.0,0.3928,0.02242,0.0,0.0,0.0,0.0,0.0,0.0,0.0,0.0,0.0,0.1392111368909513,3.828306264501161,14.872389791183272,10.069605568445478,1.0904872389791185,0.0,0.0,0.0,0.0,0.0,0.0,0.0,0.0,0.0,0.0,0.0,0.0,0.0,0.0,0.0,0.0
2700,2566,1339,0.5218238503507404,612,525,0.4431021044427124,713,0.5557287607170693,0.446,3.0440097799511,3.1799626678267003,6.707602339181286,2.3022746404867616,9346.633526006297,1429.8627157992537,7853.0,10786.870091676712,10715.332806372036,18.16864403395756,7853.0,0.0,27.138737334372564,20.65041966238564,32.41603773584906,18.848515465252405,0.15159781761496494,0.09742790335151988,0.0950896336710834,0.09275136399064692,0.08106001558846454,0.06780982073265783,0.06975837879968823,0.06118472330475448,0.056508183943881525,0.05455962587685113,0.04871395167575994,0.03936087295401403,0.0323460639127046,0.02299298519095869,0.013639906469212782,0.008963367108339828,0.006235385814497272,0.9435772713468303,0.022856298812080716,0.0,0.0,0.0,0.0,0.0,0.0,0.0,0.0,0.0,0.0,0.0,0.0,0.0,0.0,0.0,0.0,0.0,0.0,0.0,0.0,0.0,0.0,0.0,0.0,0.0,0.011691348402182387,0.8885424785658614,8.803585346843338,15.467653936087299,4.828526890101326,4.283950617283951,2.8956526286330506,nan,nan,nan,4.393422655298417,2.912847864634788,4.171464330413016,2.8735358434725367,0.9494794053975842,0.3928,0.02307,0.0,0.0,0.0,0.0,0.0,0.0,0.0,0.0,0.0,0.11691348402182387,3.741231488698364,15.070148090413072,9.844115354637571,1.2275915822291508,0.0,0.0,0.0,0.0,0.0,0.0,0.0,0.0,0.0,0.0,0.0,0.0,0.0,0.0,0.0,0.0,nan,nan,4.283950617283951,2.8956526286330506,nan,0.3926,0.10443,0.0,0.0,0.0,0.0,0.0,0.0,0.0,3.897116134060795e-05,0.0,0.0,0.0019290724863600935,0.00017537022603273576,0.0,0.008846453624318004,0.005124707716289946,0.0,0.00040919719407638347,0.0005845674201091193,0.0047739672642244735,0.0029423226812159003,0.0034684333593141075,0.00465705378020265,0.015530007794232269,0.009937646141855027,0.02289555728760717,0.012236944660950896,0.009138737334372564,0.03409976617303195,0.01979734996102884,0.039088074824629775,0.009431021044427125,0.01083398285268901,0.049727201870615745,0.027961808261886205,0.039516757599376465,0.03427513639906469,0.05107170693686672,0.02338269680436477,0.05378020265003897,0.04565471551052221,0.03585346843335931,0.03068978955572876,0.023421667965705377,0.02690958690568979,0.04407638347622759,0.036204208885424784,0.030007794232268122,0.0333008573655495,0.02260327357755261,0.006703039750584568,0.02234996102883866,0.022038191738113794,0.016796570537802025,0.011301636788776305,0.00892439594699922,0.007540919719407639,0.01942712392829306,0.003955572876071707,0.01245128604832424,0.005105222135619642,0.013990646921278254,0.001597817614964926,0.013854247856586127,0.0010132501948558067,0.0,0.00048713951675759937,0.0019095869056897895,0.0009742790335151987,0.004325798908807483,0.0,0.00027279812938425563,0.0,0.0,0.0,0.0006040530007794232,0.0,0.0,0.0,0.0,0.0,0.0,0.0,0.0,0.0,0.0,0.0,0.0,0.0,0.0,0.0,0.0,0.0,0.0,0.0,0.0,0.0,0.0,0.0,0.0,0.0,0.0,nan,nan,4.283950617283951,2.8956526286330506,nan,0.9438848688230308,0.02283234687948882,0.0,0.0,0.0,0.0,0.0,0.0,0.0,0.0,0.0,0.0,0.0,0.0,0.0,0.0,0.0,0.0,0.0,0.0,0.0,0.0,0.0,0.0,0.0,0.0,0.0,0.0,0.7393577296489919,9.0739357729649,15.1680358476475,5.018670649738612,0.9432415965133891,0.02287768971051933,0.0,0.0,0.0,0.0,0.0,0.0,0.0,0.0,0.0,0.0,0.0,0.0,0.0,0.0,0.0,0.0,0.0,0.0,0.0,0.0,0.0,0.0,0.0,0.0,0.0,0.024449877750611252,1.051344743276284,8.508557457212715,15.794621026894868,4.621026894865526,0.3923,0.02318,0.0,0.0,0.0,0.0,0.0,0.0,0.0,0.0,0.0,0.13442867811799852,3.719193427931293,15.168035847647477,9.835698282300227,1.1426437640029874,0.0,0.0,0.0,0.0,0.0,0.0,0.0,0.0,0.0,0.0,0.0,0.0,0.0,0.0,0.0,0.0,0.393,0.02298,0.0,0.0,0.0,0.0,0.0,0.0,0.0,0.0,0.0,0.09779951100244501,3.7652811735941327,14.963325183374062,9.853300733496335,1.3202933985330076,0.0,0.0,0.0,0.0,0.0,0.0,0.0,0.0,0.0,0.0,0.0,0.0,0.0,0.0,0.0,0.0
2800,2906,1502,0.5168616655196145,690,603,0.4449415003441156,837,0.5760495526496903,0.418,3.0534188034188032,3.214660327054149,6.877862595419847,2.209243480166203,9331.594198457635,1429.6032253372919,7853.0,10782.721402645111,10713.715539758914,18.070903571869625,7853.0,0.0,28.164831383344804,21.11983673481457,33.28465651995064,19.2935390477571,0.1459050240880936,0.09084652443220922,0.09359944941500344,0.09084652443220922,0.0743289745354439,0.07777013076393668,0.06159669649002065,0.07088781830695114,0.05987611837577426,0.04439091534755678,0.04955264969029594,0.040605643496214726,0.03475567790777701,0.02477632484514797,0.022711631108052306,0.009979353062629044,0.007570543702684102,0.9423074377091769,0.024007186255901727,0.0,0.0,0.0,0.0,0.0,0.0,0.0,0.0,0.0,0.0,0.0,0.0,0.0,0.0,0.0,0.0,0.0,0.0,0.0,0.0,0.0,0.0,0.0,0.0,0.010323468685478324,0.010323468685478324,1.0736407432897457,9.54920853406745,14.607708189951826,4.748795595320029,4.4096,2.952551637708193,nan,nan,nan,4.462113127001067,2.959150022185053,4.357142857142857,2.9450108044692214,0.9764752109884853,0.3914,0.0214,0.0,0.0,0.0,0.0,0.0,0.0,0.0,0.0,0.0,0.11355815554026155,3.675154852030283,16.15622849277355,9.198210598761186,0.8465244322092225,0.010323468685478324,0.0,0.0,0.0,0.0,0.0,0.0,0.0,0.0,0.0,0.0,0.0,0.0,0.0,0.0,0.0,nan,nan,4.4096,2.952551637708193,nan,0.3914,0.1038,0.0,0.0,0.0,0.0,0.0,0.0,0.0,0.0,0.0,0.0,0.0014452856159669649,5.1617343427391604e-05,0.0,0.007346868547832072,0.005557467309015829,0.0,0.0009463179628355127,0.0006366139022711631,0.004576737783895389,0.0047143840330351,0.0029077770130763935,0.005333792154163799,0.01570887818306951,0.01102890571231934,0.026445285615966964,0.011441844459738473,0.009291121816930488,0.034428768066070196,0.016655196145905025,0.038368891947694425,0.009497591190640055,0.009273916035788025,0.049827942188575364,0.02797660013764625,0.04325533379215416,0.03606331727460427,0.05077426015141087,0.02317618719889883,0.05321748107364074,0.04800412938747419,0.035874053682037166,0.03153819683413627,0.025017205781142464,0.025326909841706814,0.042825189263592564,0.037198898830006884,0.030832759807295253,0.030970406056434963,0.02174810736407433,0.007192016517549897,0.022591190640055058,0.01958017894012388,0.017876806607019957,0.009480385409497591,0.007639366827253957,0.006951135581555403,0.017790777701307638,0.0033895388850653818,0.012680660701995871,0.0067790777701307635,0.014693737095664143,0.0017894012388162423,0.013816242257398486,0.0009291121816930489,1.720578114246387e-05,0.00032690984170681347,0.001565726083964212,0.0007226428079834824,0.004198210598761184,0.0,0.0003785271851342051,0.0,0.0,0.0,0.00032690984170681347,0.0,0.0,0.0,0.0,0.0,0.0,0.0,0.0,0.0,0.0,0.0,0.0,0.0,0.0,0.0,0.0,0.0,0.0,0.0,0.0,0.0,0.0,0.0,0.0,0.0,0.0,nan,nan,4.4096,2.952551637708193,nan,0.9425448421314457,0.024071619319566525,0.0,0.0,0.0,0.0,0.0,0.0,0.0,0.0,0.0,0.0,0.0,0.0,0.0,0.0,0.0,0.0,0.0,0.0,0.0,0.0,0.0,0.0,0.0,0.0,0.0,0.0,1.0386151797603198,9.806924101198405,14.061251664447406,5.093209054593876,0.9420534623229605,0.023935456880625636,0.0,0.0,0.0,0.0,0.0,0.0,0.0,0.0,0.0,0.0,0.0,0.0,0.0,0.0,0.0,0.0,0.0,0.0,0.0,0.0,0.0,0.0,0.0,0.0,0.02136752136752137,0.02136752136752137,1.1111111111111114,9.273504273504276,15.192307692307695,4.380341880341882,0.3909,0.02167,0.0,0.0,0.0,0.0,0.0,0.0,0.0,0.0,0.0,0.11984021304926766,4.014647137150467,16.118508655126472,8.888149134487353,0.8388814913448737,0.019973368841544614,0.0,0.0,0.0,0.0,0.0,0.0,0.0,0.0,0.0,0.0,0.0,0.0,0.0,0.0,0.0,0.3918,0.02109,0.0,0.0,0.0,0.0,0.0,0.0,0.0,0.0,0.0,0.10683760683760686,3.3119658119658126,16.196581196581175,9.529914529914533,0.8547008547008549,0.0,0.0,0.0,0.0,0.0,0.0,0.0,0.0,0.0,0.0,0.0,0.0,0.0,0.0,0.0,0.0
2900,2996,1553,0.5183578104138852,709,630,0.4469292389853137,863,0.5761014686248331,0.418,3.0533610533610536,3.1617178237931354,6.724815724815725,2.246033556090475,9335.860531467462,1429.4392768675643,7853.0,10775.487498044968,10713.689087106579,18.059600278684556,7853.0,0.0,27.5086782376502,20.80658894789828,32.53756994404476,19.088752787537402,0.1431909212283044,0.10146862483311081,0.09512683578104139,0.08544726301735647,0.08311081441922563,0.07977303070761015,0.0664218958611482,0.06341789052069426,0.05807743658210948,0.0514018691588785,0.04606141522029372,0.033711615487316424,0.033044058744993325,0.02102803738317757,0.019692923898531375,0.011014686248331108,0.00801068090787717,0.9428152206424718,0.02316331149158973,0.0,0.0,0.0,0.0,0.0,0.0,0.0,0.0,0.0,0.0,0.0,0.0,0.0,0.0,0.0,0.0,0.0,0.0,0.0,0.0,0.0,0.0,0.0,0.0,0.0,0.030040053404539392,0.8711615487316423,9.352469959946598,15.170226969292392,4.5761014686248345,4.381002087682672,2.985688591487751,nan,nan,nan,4.290946083418108,2.937253168373379,4.47588424437299,3.0329924655946834,1.0430996235700922,0.3904,0.0221,0.0,0.0,0.0,0.0,0.0,0.0,0.0,0.0,0.0,0.16021361815754342,4.125500667556744,15.881174899866467,9.102136181575437,0.7209612817089455,0.010013351134846464,0.0,0.0,0.0,0.0,0.0,0.0,0.0,0.0,0.0,0.0,0.0,0.0,0.0,0.0,0.0,nan,nan,4.381002087682672,2.985688591487751,nan,0.3904,0.10364,0.0,0.0,0.0,0.0,0.0,0.0,0.0,0.0,0.0,1.6688918558077437e-05,0.0016688918558077437,0.0,0.0,0.006942590120160214,0.005757676902536715,0.0,0.000917890520694259,0.0009345794392523365,0.0038050734312416556,0.003955273698264352,0.002303070761014686,0.005824432576769025,0.015203604806408545,0.01360146862483311,0.02863818424566088,0.012750333778371162,0.008294392523364487,0.03492990654205608,0.015604138851802403,0.04033711615487316,0.008744993324432578,0.009529372496662216,0.05031708945260347,0.026802403204272362,0.04512683578104139,0.03496328437917223,0.048748331108144194,0.023230974632843793,0.05435580774365821,0.04791388518024032,0.03162550066755674,0.03227636849132176,0.025951268357810413,0.026285046728971962,0.04469292389853138,0.03673230974632844,0.03080774365821095,0.03169225634178905,0.022112817089452605,0.005574098798397864,0.021194926568758345,0.019025367156208277,0.01985981308411215,0.008427903871829106,0.007176234979973298,0.0065921228304405876,0.017022696929238985,0.004706275033377837,0.014168891855807744,0.006909212283044058,0.01465287049399199,0.001218291054739653,0.011899198931909213,0.0012349799732977304,0.00023364485981308412,0.00045060080106809077,0.0013518024032042723,0.00038384512683578104,0.0039886515353805075,0.0,0.0001835781041388518,0.0,0.0,0.0,0.00035046728971962614,0.0,0.0,0.0,0.0,0.0,0.0,0.0,0.0,0.0,0.0,0.0,0.0,0.0,0.0,0.0,0.0,0.0,0.0,0.0,0.0,0.0,0.0,0.0,0.0,0.0,0.0,nan,nan,4.381002087682672,2.985688591487751,nan,0.9430912969500805,0.022833083953885582,0.0,0.0,0.0,0.0,0.0,0.0,0.0,0.0,0.0,0.0,0.0,0.0,0.0,0.0,0.0,0.0,0.0,0.0,0.0,0.0,0.0,0.0,0.0,0.0,0.0,0.0,0.7920154539600774,9.465550547327755,14.971023824855122,4.771410173857052,0.9425180990168888,0.023509909524807936,0.0,0.0,0.0,0.0,0.0,0.0,0.0,0.0,0.0,0.0,0.0,0.0,0.0,0.0,0.0,0.0,0.0,0.0,0.0,0.0,0.0,0.0,0.0,0.0,0.0,0.06237006237006238,0.9563409563409565,9.230769230769234,15.384615384615387,4.365904365904367,0.3901,0.0224,0.0,0.0,0.0,0.0,0.0,0.0,0.0,0.0,0.0,0.2124919510624598,4.230521571152609,15.820991629104935,8.982614294913073,0.7533805537669029,0.0,0.0,0.0,0.0,0.0,0.0,0.0,0.0,0.0,0.0,0.0,0.0,0.0,0.0,0.0,0.0,0.3906,0.02176,0.0,0.0,0.0,0.0,0.0,0.0,0.0,0.0,0.0,0.10395010395010397,4.012474012474013,15.945945945945923,9.230769230769234,0.6860706860706862,0.020790020790020795,0.0,0.0,0.0,0.0,0.0,0.0,0.0,0.0,0.0,0.0,0.0,0.0,0.0,0.0,0.0
3000,3011,1518,0.5041514447027565,704,621,0.4400531384921953,858,0.5699103287944205,0.422,2.967180174146015,3.102555158587591,6.58560794044665,2.175772602320589,9294.691993955677,1429.8265108196845,7853.0,10775.124795675278,10712.640707378489,17.733444984349806,7853.0,0.0,27.935237462636998,21.123448035136924,32.83451816745656,19.470982005273125,0.1384921952839588,0.10395217535702425,0.09266024576552641,0.09299236134174693,0.07605446695450016,0.06941215543008968,0.07738292925938227,0.05878445699103288,0.058452341414812356,0.050813683161740286,0.04450348721355032,0.038857522417801396,0.02889405513118565,0.02889405513118565,0.017270009963467288,0.013616738625041515,0.008967120557954168,0.942520459064096,0.023124937462894204,0.0,0.0,0.0,0.0,0.0,0.0,0.0,0.0,0.0,0.0,0.0,0.0,0.0,0.0,0.0,0.0,0.0,0.0,0.0,0.0,0.0,0.0,0.0,0.0,0.0,0.0,0.9664563268017271,9.535038193291268,14.915310528063769,4.583194951843242,4.377903975219412,2.8622996096341877,nan,nan,nan,4.392894461859979,2.8435837107609774,4.363265306122449,2.88038361089963,0.9932552088390068,0.3887,0.02257,0.0,0.0,0.0,0.0,0.0,0.0,0.0,0.0,0.01992693457323149,0.15941547658585192,4.712720026569247,15.881766854865472,8.508801062769846,0.7173696446363336,0.0,0.0,0.0,0.0,0.0,0.0,0.0,0.0,0.0,0.0,0.0,0.0,0.0,0.0,0.0,0.0,nan,nan,4.377903975219412,2.8622996096341877,nan,0.3887,0.1028,0.0,0.0,0.0,0.0,0.0,0.0,0.0,0.0,0.0,0.0,0.0018100298904018598,0.0,1.6605778811026237e-05,0.007389571570906675,0.006592494187977416,0.0,0.0005812022583859183,0.0009465293922284955,0.004085021587512454,0.004051810029890402,0.0017768183327798073,0.005745599468615078,0.015210893390900032,0.014048488874128197,0.02930919960146131,0.014380604450348722,0.007140484888741282,0.03937230156094321,0.014048488874128197,0.03623380936565925,0.008884091663899037,0.009913649950182664,0.05147791431418133,0.026436399867153768,0.042394553304549984,0.03425772168714713,0.05021587512454334,0.02515775489870475,0.0567087346396546,0.05092992361341747,0.03248090335436732,0.03349385586183992,0.024593158419129856,0.02630355363666556,0.042328130189305875,0.033560278977084024,0.02907671869810694,0.03684822318166722,0.021338425772168716,0.0050979740949850545,0.019860511457987378,0.0211391564264364,0.02105612753238127,0.00812022583859183,0.006658917303221521,0.006725340418465626,0.015642643639986714,0.004035204251079376,0.013666555961474593,0.006476253736300232,0.013517103952175357,0.0015111258718033876,0.010262371305214214,0.0010295582862836267,4.981733643307871e-05,0.00046496180670873465,0.0008302889405513118,9.963467286615742e-05,0.004284290933244769,0.0,8.302889405513119e-05,0.0,0.0,0.0,0.00024908668216539354,0.0,0.0,0.0,0.0,0.0,0.0,0.0,0.0,0.0,0.0,0.0,0.0,0.0,0.0,0.0,0.0,0.0,0.0,0.0,0.0,0.0,0.0,0.0,0.0,0.0,0.0,nan,nan,4.377903975219412,2.8622996096341877,nan,0.9423665515833064,0.023094152252867338,0.0,0.0,0.0,0.0,0.0,0.0,0.0,0.0,0.0,0.0,0.0,0.0,0.0,0.0,0.0,0.0,0.0,0.0,0.0,0.0,0.0,0.0,0.0,0.0,0.0,0.0,0.7312252964426879,10.118577075098816,14.604743083003955,4.545454545454547,0.9426769436962718,0.023155147398446662,0.0,0.0,0.0,0.0,0.0,0.0,0.0,0.0,0.0,0.0,0.0,0.0,0.0,0.0,0.0,0.0,0.0,0.0,0.0,0.0,0.0,0.0,0.0,0.0,0.0,0.0,1.2056262558606834,8.941728064300069,15.231078365706633,4.62156731413262,0.3892,0.02267,0.0,0.0,0.0,0.0,0.0,0.0,0.0,0.0,0.019762845849802375,0.11857707509881425,4.584980237154151,15.69169960474306,8.695652173913047,0.8893280632411069,0.0,0.0,0.0,0.0,0.0,0.0,0.0,0.0,0.0,0.0,0.0,0.0,0.0,0.0,0.0,0.0,0.388,0.02245,0.0,0.0,0.0,0.0,0.0,0.0,0.0,0.0,0.02009377093101139,0.2009377093101139,4.842598794373745,16.075016744809083,8.318821165438717,0.5425318151373076,0.0,0.0,0.0,0.0,0.0,0.0,0.0,0.0,0.0,0.0,0.0,0.0,0.0,0.0,0.0,0.0
3100,3100,1607,0.5183870967741936,779,629,0.4541935483870968,847,0.5464516129032259,0.40599999999999997,2.8459477561955793,3.025075819426452,6.525380710659898,2.037868768841307,9335.966458394681,1429.4603843091722,7853.0,10781.15901529789,10713.731811464537,18.487805599622984,7853.0,0.0,28.29064516129032,20.844796122539037,32.89996210685866,19.15689385148895,0.13129032258064516,0.0996774193548387,0.09322580645161291,0.08709677419354839,0.08032258064516129,0.07612903225806451,0.07064516129032258,0.06741935483870967,0.05870967741935484,0.05096774193548387,0.05096774193548387,0.032903225806451615,0.034516129032258064,0.027741935483870966,0.02193548387096774,0.011612903225806452,0.004838709677419355,0.9423087630348821,0.023885164628021538,0.0,0.0,0.0,0.0,0.0,0.0,0.0,0.0,0.0,0.0,0.0,0.0,0.0,0.0,0.0,0.0,0.0,0.0,0.0,0.0,0.0,0.0,0.0,0.0,0.0,0.0,1.2193548387096778,9.387096774193552,14.845161290322583,4.548387096774195,4.1369727047146405,2.8562061228364484,nan,nan,nan,4.116417910447761,2.8226833682668273,4.157425742574257,2.8890317174250293,1.0099620186819263,0.3901,0.0233,0.0,0.0,0.0,0.0,0.0,0.0,0.0,0.0,0.0,0.21290322580645166,4.461290322580647,15.21290322580643,9.106451612903228,0.9967741935483874,0.009677419354838712,0.0,0.0,0.0,0.0,0.0,0.0,0.0,0.0,0.0,0.0,0.0,0.0,0.0,0.0,0.0,nan,nan,4.1369727047146405,2.8562061228364484,nan,0.3901,0.10406,0.0,0.0,0.0,0.0,0.0,0.0,0.0,0.0,0.0,0.0,0.0019677419354838708,0.0,4.838709677419355e-05,0.006629032258064516,0.007,0.00016129032258064516,0.0005645161290322581,0.000967741935483871,0.0032258064516129032,0.004419354838709678,0.0011935483870967741,0.006338709677419355,0.015032258064516128,0.015306451612903225,0.028919354838709676,0.015580645161290322,0.0070967741935483875,0.03795161290322581,0.013919354838709678,0.03538709677419355,0.009209677419354838,0.00903225806451613,0.04925806451612903,0.025693548387096775,0.04264516129032258,0.032370967741935486,0.04967741935483871,0.025048387096774195,0.05520967741935484,0.05325806451612903,0.03333870967741936,0.03509677419354839,0.024306451612903224,0.02638709677419355,0.040677419354838706,0.03264516129032258,0.030193548387096775,0.03493548387096774,0.021161290322580645,0.00617741935483871,0.01932258064516129,0.022338709677419355,0.020806451612903225,0.007983870967741936,0.0068548387096774195,0.006387096774193549,0.01638709677419355,0.00432258064516129,0.013951612903225807,0.007064516129032258,0.015112903225806452,0.0019838709677419356,0.011,0.0018870967741935485,0.0,4.838709677419355e-05,0.0006612903225806452,0.0001935483870967742,0.0053709677419354835,0.0,6.451612903225807e-05,0.0,0.0,0.0,0.00022580645161290321,0.0,0.0,0.0,0.0,0.0,0.0,0.0,0.0,0.0,0.0,0.0,0.0,0.0,0.0,0.0,0.0,0.0,0.0,0.0,0.0,0.0,0.0,0.0,0.0,0.0,0.0,nan,nan,4.1369727047146405,2.8562061228364484,nan,0.9424877090341346,0.024165211678206146,0.0,0.0,0.0,0.0,0.0,0.0,0.0,0.0,0.0,0.0,0.0,0.0,0.0,0.0,0.0,0.0,0.0,0.0,0.0,0.0,0.0,0.0,0.0,0.0,0.0,0.0,1.2507778469197264,9.558182949595523,14.243932794026138,4.94710640945862,0.9421161533759411,0.02357850036000029,0.0,0.0,0.0,0.0,0.0,0.0,0.0,0.0,0.0,0.0,0.0,0.0,0.0,0.0,0.0,0.0,0.0,0.0,0.0,0.0,0.0,0.0,0.0,0.0,0.0,0.0,1.185532484929672,9.202947086403217,15.492297387809781,4.119223040857335,0.3909,0.02316,0.0,0.0,0.0,0.0,0.0,0.0,0.0,0.0,0.0,0.22401991288114503,4.144368388301183,14.971997510889834,9.632856253889237,1.0080896079651527,0.018668326073428755,0.0,0.0,0.0,0.0,0.0,0.0,0.0,0.0,0.0,0.0,0.0,0.0,0.0,0.0,0.0,0.3894,0.02342,0.0,0.0,0.0,0.0,0.0,0.0,0.0,0.0,0.0,0.2009377093101139,4.802411252511723,15.472203616878746,8.539852645679842,0.9845947756195581,0.0,0.0,0.0,0.0,0.0,0.0,0.0,0.0,0.0,0.0,0.0,0.0,0.0,0.0,0.0,0.0
3200,3076,1570,0.5104031209362809,718,625,0.43660598179453836,863,0.5611183355006502,0.438,2.8904382470119523,3.0948831427324204,6.535980148883374,2.231195635722354,9312.789473861107,1429.7839472679807,7853.0,10767.684245824814,10713.07160611259,17.980841406070628,7853.0,0.0,27.567620286085827,20.92398259851588,32.56194174757282,19.215748701816537,0.14336801040312094,0.09947984395318596,0.0988296488946684,0.0900520156046814,0.08289986996098829,0.06892067620286085,0.06631989596879063,0.06729518855656696,0.05819245773732119,0.04681404421326398,0.043563068920676205,0.035435630689206764,0.03706111833550065,0.027633289986996098,0.017230169050715213,0.010078023407022107,0.0068270481144343306,0.9407103977448299,0.024240912927900433,0.0,0.0,0.0,0.0,0.0,0.0,0.0,0.0,0.0,0.0,0.0,0.0,0.0,0.0,0.0,0.0,0.0,0.0,0.0,0.0,0.0,0.0,0.0,0.0,0.0,0.029258777633289993,1.4336801040312097,10.094278283485048,13.99544863459038,4.447334200260079,4.345856922285126,2.8521271010651255,nan,nan,nan,4.3003064351378955,2.835228174756136,4.3921161825726145,2.868446903457321,1.02134958259824,0.3923,0.02324,0.0,0.0,0.0,0.0,0.0,0.0,0.0,0.0,0.0,0.10728218465539664,3.832899869960989,15.341352405721695,9.343302990897271,1.3166449934980498,0.058517555266579986,0.0,0.0,0.0,0.0,0.0,0.0,0.0,0.0,0.0,0.0,0.0,0.0,0.0,0.0,0.0,nan,nan,4.345856922285126,2.8521271010651255,nan,0.3923,0.1046,0.0,0.0,0.0,0.0,0.0,0.0,4.876462938881665e-05,0.0,0.0,0.0,0.0020318595578673604,0.0,0.0,0.007038361508452536,0.006810793237971392,0.00030884265279583874,0.0003576072821846554,0.0007639791937581274,0.0024219765929778935,0.003559817945383615,0.000959037711313394,0.006940832249674902,0.013849154746423927,0.015897269180754226,0.026154096228868662,0.01657997399219766,0.0077535760728218465,0.03824772431729519,0.013312743823146945,0.033387516254876466,0.010988296488946683,0.011215864759427829,0.04673276983094928,0.023455786736020806,0.04318920676202861,0.0310630689206762,0.04821196358907672,0.025959037711313394,0.055916775032509754,0.054616384915474644,0.03190832249674903,0.03709362808842653,0.024366059817945384,0.025520156046814044,0.03748374512353706,0.031924577373211964,0.029730169050715214,0.03577698309492848,0.020562418725617686,0.0059980494148244475,0.021976592977893367,0.02628413524057217,0.021602730819245772,0.006518205461638491,0.0073309492847854355,0.007672301690507152,0.017945383615084524,0.004470091027308193,0.012662548764629388,0.007802340702210663,0.014726918075422627,0.0011540962288686606,0.011378413524057216,0.0023081924577373213,0.0,0.0,0.000959037711313394,0.00024382314694408323,0.006355656697009103,0.0,8.127438231469441e-05,0.0,0.0,0.0,0.0003901170351105332,0.0,0.0,0.0,0.0,0.0,0.0,0.0,0.0,0.0,0.0,0.0,0.0,0.0,0.0,0.0,0.0,0.0,0.0,0.0,0.0,0.0,0.0,0.0,0.0,0.0,0.0,nan,nan,4.345856922285126,2.8521271010651255,nan,0.9409406086441817,0.023861257158397996,0.0,0.0,0.0,0.0,0.0,0.0,0.0,0.0,0.0,0.0,0.0,0.0,0.0,0.0,0.0,0.0,0.0,0.0,0.0,0.0,0.0,0.0,0.0,0.0,0.0,0.03821656050955415,1.261146496815287,10.146496815286627,14.312101910828028,4.242038216560511,0.9404704036465679,0.02462818233737027,0.0,0.0,0.0,0.0,0.0,0.0,0.0,0.0,0.0,0.0,0.0,0.0,0.0,0.0,0.0,0.0,0.0,0.0,0.0,0.0,0.0,0.0,0.0,0.0,0.0,0.019920318725099605,1.613545816733068,10.039840637450201,13.665338645418329,4.661354581673308,0.3914,0.02289,0.0,0.0,0.0,0.0,0.0,0.0,0.0,0.0,0.0,0.05732484076433122,4.108280254777071,15.687898089171952,8.980891719745225,1.1082802547770703,0.05732484076433122,0.0,0.0,0.0,0.0,0.0,0.0,0.0,0.0,0.0,0.0,0.0,0.0,0.0,0.0,0.0,0.3933,0.02356,0.0,0.0,0.0,0.0,0.0,0.0,0.0,0.0,0.0,0.15936254980079684,3.5458167330677295,14.980079681274878,9.721115537848608,1.5338645418326695,0.059760956175298814,0.0,0.0,0.0,0.0,0.0,0.0,0.0,0.0,0.0,0.0,0.0,0.0,0.0,0.0,0.0
3300,3300,1724,0.5224242424242425,806,689,0.453030303030303,931,0.5642424242424242,0.41,2.9746192893401013,3.1388131033400173,6.673758865248227,2.193359160103745,9347.580055328392,1429.047667464408,7853.0,10779.049008131027,10713.855094306084,18.029065378314666,7853.0,0.0,27.493636363636362,20.76041444646471,32.50235763511063,19.046125355786277,0.1409090909090909,0.10787878787878788,0.09454545454545454,0.08,0.08545454545454545,0.07636363636363637,0.0693939393939394,0.06,0.05909090909090909,0.05090909090909091,0.04303030303030303,0.037575757575757575,0.03424242424242424,0.03,0.015151515151515152,0.01,0.005454545454545455,0.9413250790220319,0.02348780340695661,0.0,0.0,0.0,0.0,0.0,0.0,0.0,0.0,0.0,0.0,0.0,0.0,0.0,0.0,0.0,0.0,0.0,0.0,0.0,0.0,0.0,0.0,0.0,0.0,0.0,0.02727272727272728,1.072727272727273,9.872727272727275,14.609090909090911,4.418181818181819,4.318847425602267,2.961234182350344,nan,nan,nan,4.430754536771729,2.9196056477563284,4.209345794392523,2.9973674652180593,0.9500291111724449,0.392,0.02216,0.0,0.0,0.0,0.0,0.0,0.0,0.0,0.0,0.0,0.10000000000000002,3.60909090909091,15.463636363636342,9.863636363636365,0.9545454545454548,0.009090909090909092,0.0,0.0,0.0,0.0,0.0,0.0,0.0,0.0,0.0,0.0,0.0,0.0,0.0,0.0,0.0,nan,nan,4.318847425602267,2.961234182350344,nan,0.392,0.10443,0.0,0.0,0.0,0.0,0.0,0.0,0.0,0.0,0.0,0.0,0.002181818181818182,3.0303030303030302e-05,0.0,0.007954545454545454,0.006909090909090909,0.0001818181818181818,0.0005606060606060606,0.0009696969696969697,0.002393939393939394,0.0031363636363636364,0.0005303030303030304,0.006121212121212121,0.014318181818181818,0.015696969696969695,0.02406060606060606,0.017333333333333333,0.008378787878787878,0.03681818181818182,0.01343939393939394,0.03440909090909091,0.011606060606060606,0.01109090909090909,0.04587878787878788,0.022696969696969698,0.03983333333333333,0.030287878787878787,0.04696969696969697,0.027166666666666665,0.059575757575757574,0.053696969696969694,0.034545454545454546,0.040818181818181816,0.02393939393939394,0.02706060606060606,0.03722727272727273,0.03233333333333333,0.029333333333333333,0.03475757575757576,0.022045454545454545,0.0059545454545454546,0.020984848484848485,0.02378787878787879,0.021696969696969697,0.0067424242424242425,0.008303030303030303,0.009,0.014681818181818181,0.005106060606060606,0.012954545454545455,0.007484848484848485,0.014,0.001,0.010318181818181818,0.00296969696969697,4.545454545454545e-05,1.5151515151515151e-05,0.0011666666666666668,0.00022727272727272727,0.006757575757575757,0.0,6.0606060606060605e-05,0.0,0.0,0.0,0.00045454545454545455,0.0,0.0,0.0,0.0,0.0,0.0,0.0,0.0,0.0,0.0,0.0,0.0,0.0,0.0,0.0,0.0,0.0,0.0,0.0,0.0,0.0,0.0,0.0,0.0,0.0,0.0,nan,nan,4.318847425602267,2.961234182350344,nan,0.9410774838136133,0.023157750417482855,0.0,0.0,0.0,0.0,0.0,0.0,0.0,0.0,0.0,0.0,0.0,0.0,0.0,0.0,0.0,0.0,0.0,0.0,0.0,0.0,0.0,0.0,0.0,0.0,0.0,0.034802784222737825,1.0962877030162415,9.76218097447796,14.895591647331791,4.211136890951277,0.9415959255571292,0.023840674611788237,0.0,0.0,0.0,0.0,0.0,0.0,0.0,0.0,0.0,0.0,0.0,0.0,0.0,0.0,0.0,0.0,0.0,0.0,0.0,0.0,0.0,0.0,0.0,0.0,0.0,0.019035532994923863,1.0469543147208125,9.993654822335028,14.29568527918782,4.644670050761422,0.3926,0.02246,0.0,0.0,0.0,0.0,0.0,0.0,0.0,0.0,0.0,0.10440835266821348,3.7587006960556857,14.965197215777241,10.24941995359629,0.9048723897911836,0.017401392111368912,0.0,0.0,0.0,0.0,0.0,0.0,0.0,0.0,0.0,0.0,0.0,0.0,0.0,0.0,0.0,0.3918,0.02184,0.0,0.0,0.0,0.0,0.0,0.0,0.0,0.0,0.0,0.09517766497461931,3.4454314720812187,16.008883248730942,9.441624365482236,1.0088832487309647,0.0,0.0,0.0,0.0,0.0,0.0,0.0,0.0,0.0,0.0,0.0,0.0,0.0,0.0,0.0,0.0
3400,3214,1710,0.5320472930927194,805,659,0.4555071561916615,893,0.5556938394523958,0.41,2.9554521276595747,3.047279839995033,6.537349397590361,2.1426090864174063,9374.469626704542,1426.9470778640657,7853.0,10769.255680918694,10712.651099548772,18.16183895925315,7853.0,0.0,28.20877411325451,21.06964562052158,33.044935543278086,19.347405666578474,0.1387678904791537,0.09334163036714374,0.09458618543870566,0.09023024268823895,0.07871810827629122,0.07716241443683883,0.0715619166148102,0.07125077784691973,0.04667081518357187,0.05133789670192906,0.04044803982576229,0.041381456129433725,0.03827006845052894,0.027691350342252646,0.018979464841319228,0.01120099564405725,0.008400746733042938,0.9407127744193098,0.02332541379001972,0.0,0.0,0.0,0.0,0.0,0.0,0.0,0.0,0.0,0.0,0.0,0.0,0.0,0.0,0.0,0.0,0.0,0.0,0.0,0.0,0.0,0.0,0.0,0.0,0.0,0.0,1.260112009956441,10.006222775357811,14.701306782825142,4.032358431860611,4.083570750237417,2.8634059793276427,nan,nan,nan,4.128423040604344,2.8837296282612903,4.038204393505253,2.841981602861402,0.9781469471001973,0.3914,0.02237,0.0,0.0,0.0,0.0,0.0,0.0,0.0,0.0,0.0,0.1586807716241444,3.799004355942751,15.644057249533269,9.418170504044806,0.9707529558182952,0.009334163036714378,0.0,0.0,0.0,0.0,0.0,0.0,0.0,0.0,0.0,0.0,0.0,0.0,0.0,0.0,0.0,nan,nan,4.083570750237417,2.8634059793276427,nan,0.3914,0.1032,0.0,0.0,0.0,0.0,0.0,0.0,0.0,0.0,0.0,0.0,0.0017579340385812073,0.0001866832607342875,0.0,0.007327317983820784,0.006845052893590542,0.0001088985687616677,0.001042314872433105,0.0009023024268823896,0.0023024268823895458,0.0028469197261978842,9.334163036714375e-05,0.005382700684505289,0.0164281269446173,0.015541381456129435,0.023568761667703796,0.017268201617921593,0.008167392657125077,0.03749222153080274,0.013425637834474176,0.03441194772868699,0.012243310516490354,0.009987554449284381,0.04696639701306783,0.022666459240821408,0.04296826384567517,0.029107031736154323,0.046359676415681395,0.027286869943995023,0.06037647790914748,0.053282514001244556,0.03425637834474175,0.03963907902924704,0.024362165525824517,0.030802738021157437,0.03682327317983821,0.034365276913503426,0.03105164903546982,0.03464530180460485,0.022822028624766646,0.006689483509645302,0.01697261978842564,0.022666459240821408,0.02075295581829496,0.006347230864965775,0.008307405102675794,0.008245177349097698,0.014872433105164904,0.004838207840696951,0.012881144990665836,0.006985065339141257,0.012585563161169882,0.0008867454884878656,0.010843186060983199,0.0035003111387678903,0.0,6.222775357809582e-05,0.0012289981331673927,9.334163036714375e-05,0.005429371499688861,0.0,7.778469197261979e-05,0.0,0.0,0.0,0.0006222775357809583,0.0,0.0,0.0,0.0,0.0,0.0,0.0,0.0,0.0,0.0,0.0,0.0,0.0,0.0,0.0,0.0,0.0,0.0,0.0,0.0,0.0,0.0,0.0,0.0,0.0,0.0,nan,nan,4.083570750237417,2.8634059793276427,nan,0.9405814885047444,0.023199239715240648,0.0,0.0,0.0,0.0,0.0,0.0,0.0,0.0,0.0,0.0,0.0,0.0,0.0,0.0,0.0,0.0,0.0,0.0,0.0,0.0,0.0,0.0,0.0,0.0,0.0,0.0,1.2456140350877196,10.10526315789474,14.701754385964916,3.9473684210526327,0.9408620423141946,0.023467153356611144,0.0,0.0,0.0,0.0,0.0,0.0,0.0,0.0,0.0,0.0,0.0,0.0,0.0,0.0,0.0,0.0,0.0,0.0,0.0,0.0,0.0,0.0,0.0,0.0,0.0,0.0,1.2765957446808514,9.893617021276599,14.700797872340427,4.1289893617021285,0.3909,0.02258,0.0,0.0,0.0,0.0,0.0,0.0,0.0,0.0,0.0,0.24561403508771937,3.719298245614036,15.982456140350854,9.122807017543861,0.9122807017543862,0.01754385964912281,0.0,0.0,0.0,0.0,0.0,0.0,0.0,0.0,0.0,0.0,0.0,0.0,0.0,0.0,0.0,0.3916,0.02211,0.0,0.0,0.0,0.0,0.0,0.0,0.0,0.0,0.0,0.059840425531914904,3.8896276595744688,15.259308510638276,9.75398936170213,1.0372340425531918,0.0,0.0,0.0,0.0,0.0,0.0,0.0,0.0,0.0,0.0,0.0,0.0,0.0,0.0,0.0,0.0
3500,3110,1633,0.52508038585209,810,618,0.4591639871382637,840,0.5401929260450161,0.422,2.995937711577522,3.162703225105768,6.713947990543735,2.1571738071315556,9354.572125400455,1428.1082358609615,7853.0,10773.066466331482,10712.699516224993,17.82854734452862,7853.0,0.0,27.587138263665594,20.378996544741693,32.68351987649556,18.49860985836247,0.142443729903537,0.09581993569131833,0.09260450160771704,0.08295819935691319,0.08874598070739549,0.0729903536977492,0.07684887459807074,0.060771704180064307,0.06495176848874598,0.052733118971061095,0.04565916398713826,0.037942122186495175,0.03215434083601286,0.021864951768488745,0.018327974276527333,0.007395498392282958,0.005787781350482315,0.93973352146302,0.023746598506416028,0.0,0.0,0.0,0.0,0.0,0.0,0.0,0.0,0.0,0.0,0.0,0.0,0.0,0.0,0.0,0.0,0.0,0.0,0.0,0.0,0.0,0.0,0.0,0.0,0.0,0.019292604501607722,1.591639871382637,9.935691318327976,14.729903536977494,3.72347266881029,4.130715705765407,2.960359524383852,nan,nan,nan,4.1380999020568074,2.924034604460129,4.1231079717457115,2.9973046801346435,0.9963770980242298,0.3914,0.02162,0.0,0.0,0.0,0.0,0.0,0.0,0.0,0.0,0.0,0.0964630225080386,3.742765273311898,15.627009646302227,9.704180064308684,0.829581993569132,0.0,0.0,0.0,0.0,0.0,0.0,0.0,0.0,0.0,0.0,0.0,0.0,0.0,0.0,0.0,0.0,nan,nan,4.130715705765407,2.960359524383852,nan,0.3914,0.1037,0.0,0.0,0.0,0.0,0.0,0.0,0.0,0.0,0.0,0.0,0.0025241157556270097,0.0004340836012861736,1.607717041800643e-05,0.006832797427652733,0.006736334405144695,1.607717041800643e-05,0.0009003215434083601,0.0009646302250803858,0.0013183279742765273,0.0024758842443729904,0.0001446945337620579,0.005289389067524116,0.017138263665594854,0.013617363344051447,0.023488745980707396,0.018890675241157555,0.008472668810289389,0.03856913183279743,0.01432475884244373,0.03517684887459807,0.012652733118971062,0.010884244372990353,0.04754019292604501,0.02369774919614148,0.043536977491961414,0.026205787781350482,0.04927652733118971,0.02829581993569132,0.05897106109324759,0.05118971061093248,0.02845659163987138,0.03990353697749196,0.024630225080385853,0.030128617363344053,0.03483922829581994,0.03409967845659164,0.029067524115755628,0.033906752411575564,0.023279742765273313,0.006864951768488746,0.01919614147909968,0.024035369774919615,0.02405144694533762,0.006704180064308681,0.00729903536977492,0.008553054662379421,0.016318327974276528,0.0044855305466237946,0.013971061093247588,0.0054983922829582,0.011446945337620579,0.0009646302250803858,0.010819935691318328,0.004196141479099679,0.0,0.0002090032154340836,0.0014630225080385852,0.0003697749196141479,0.005257234726688103,0.0,0.00022508038585209003,0.0,0.0,0.0,0.00011254019292604502,6.430868167202572e-05,0.0,0.0,0.0,0.0,0.0,0.0,0.0,0.0,0.0,0.0,0.0,0.0,0.0,0.0,0.0,0.0,0.0,0.0,0.0,0.0,0.0,0.0,0.0,0.0,0.0,nan,nan,4.130715705765407,2.960359524383852,nan,0.9401511530604599,0.023825934098925854,0.0,0.0,0.0,0.0,0.0,0.0,0.0,0.0,0.0,0.0,0.0,0.0,0.0,0.0,0.0,0.0,0.0,0.0,0.0,0.0,0.0,0.0,0.0,0.0,0.0,0.03674219228413963,1.6533986527862832,9.626454378444583,14.807103490508268,3.876301285976731,0.9392717798254986,0.023649990988043105,0.0,0.0,0.0,0.0,0.0,0.0,0.0,0.0,0.0,0.0,0.0,0.0,0.0,0.0,0.0,0.0,0.0,0.0,0.0,0.0,0.0,0.0,0.0,0.0,0.0,0.0,1.5233581584292488,10.277589708869332,14.644549763033178,3.554502369668247,0.3914,0.02145,0.0,0.0,0.0,0.0,0.0,0.0,0.0,0.0,0.0,0.09185548071034907,3.4721371708511946,15.854255970606223,9.81016533986528,0.7715860379669321,0.0,0.0,0.0,0.0,0.0,0.0,0.0,0.0,0.0,0.0,0.0,0.0,0.0,0.0,0.0,0.0,0.3914,0.0218,0.0,0.0,0.0,0.0,0.0,0.0,0.0,0.0,0.0,0.10155721056194991,4.0419769803656065,15.375761679079192,9.587000677048072,0.8937034529451593,0.0,0.0,0.0,0.0,0.0,0.0,0.0,0.0,0.0,0.0,0.0,0.0,0.0,0.0,0.0,0.0
3600,3210,1663,0.5180685358255451,804,640,0.44984423676012464,910,0.5669781931464174,0.414,3.010989010989011,3.119554149397537,6.542669584245076,2.3226682117079958,9334.192645662262,1428.659197768503,7853.0,10775.781450748444,10712.066982907914,18.1023438979491,7853.0,0.0,28.366355140186915,20.780990942067984,33.303366629670734,18.919101088637845,0.13707165109034267,0.0956386292834891,0.08691588785046729,0.08504672897196262,0.08566978193146417,0.07570093457943926,0.07165109034267912,0.06230529595015576,0.055763239875389406,0.05358255451713396,0.0529595015576324,0.041433021806853584,0.03707165109034268,0.028037383177570093,0.01557632398753894,0.009034267912772585,0.0065420560747663555,0.938099003766556,0.02366241644693168,0.0,0.0,0.0,0.0,0.0,0.0,0.0,0.0,0.0,0.0,0.0,0.0,0.0,0.0,0.0,0.0,0.0,0.0,0.0,0.0,0.0,0.0,0.0,0.0,0.0,0.028037383177570097,1.5140186915887854,10.794392523364488,14.336448598130843,3.327102803738318,4.214455539705183,2.9484620902865366,nan,nan,nan,4.25590179414542,2.989697546576614,4.172413793103448,2.90543247241504,0.9803830057458514,0.3923,0.0222,0.0,0.0,0.0,0.0,0.0,0.0,0.0,0.0,0.0,0.1401869158878505,3.317757009345795,15.654205607476612,9.785046728971965,1.1028037383177574,0.0,0.0,0.0,0.0,0.0,0.0,0.0,0.0,0.0,0.0,0.0,0.0,0.0,0.0,0.0,0.0,nan,nan,4.214455539705183,2.9484620902865366,nan,0.3923,0.1032,0.0,0.0,0.0,0.0,0.0,0.0,0.0,0.0,0.0,0.0,0.002071651090342679,0.00021806853582554517,0.0,0.006401869158878505,0.006853582554517134,0.0,0.0009190031152647975,0.0007632398753894081,0.001339563862928349,0.0019314641744548288,7.788161993769471e-05,0.006261682242990654,0.016277258566978193,0.015700934579439253,0.021510903426791277,0.01646417445482866,0.00985981308411215,0.03901869158878505,0.012990654205607476,0.03735202492211838,0.012975077881619938,0.01088785046728972,0.04605919003115265,0.023006230529595016,0.04221183800623053,0.02630841121495327,0.04985981308411215,0.027819314641744548,0.05914330218068536,0.0538785046728972,0.027710280373831775,0.03808411214953271,0.025218068535825547,0.029595015576323987,0.03593457943925234,0.03552959501557632,0.030404984423676014,0.032554517133956386,0.02102803738317757,0.007990654205607477,0.019376947040498443,0.02571651090342679,0.024454828660436138,0.006682242990654206,0.007632398753894081,0.008161993769470405,0.018021806853582553,0.0043457943925233646,0.014454828660436137,0.004719626168224299,0.010576323987538942,0.0007476635514018691,0.011152647975077881,0.0038161993769470406,1.557632398753894e-05,9.345794392523364e-05,0.0012772585669781932,0.00014018691588785047,0.006090342679127726,0.0,0.00028037383177570094,0.0,0.0,0.0,0.0,3.115264797507788e-05,0.0,0.0,0.0,0.0,0.0,0.0,0.0,0.0,0.0,0.0,0.0,0.0,0.0,0.0,0.0,0.0,0.0,0.0,0.0,0.0,0.0,0.0,0.0,0.0,0.0,nan,nan,4.214455539705183,2.9484620902865366,nan,0.9386460524829697,0.023337508244913194,0.0,0.0,0.0,0.0,0.0,0.0,0.0,0.0,0.0,0.0,0.0,0.0,0.0,0.0,0.0,0.0,0.0,0.0,0.0,0.0,0.0,0.0,0.0,0.0,0.0,0.018039687312086595,1.3710162357185811,10.625375826819004,14.61214672279014,3.373421527360193,0.9375109352368883,0.023992876842995052,0.0,0.0,0.0,0.0,0.0,0.0,0.0,0.0,0.0,0.0,0.0,0.0,0.0,0.0,0.0,0.0,0.0,0.0,0.0,0.0,0.0,0.0,0.0,0.0,0.0,0.038784744667097616,1.6677440206851974,10.976082740788625,14.040077569489336,3.2773109243697487,0.3918,0.02231,0.0,0.0,0.0,0.0,0.0,0.0,0.0,0.0,0.0,0.12627781118460618,3.5357787131689724,15.802766085387832,9.434756464221289,1.1004209260372824,0.0,0.0,0.0,0.0,0.0,0.0,0.0,0.0,0.0,0.0,0.0,0.0,0.0,0.0,0.0,0.0,0.3928,0.02205,0.0,0.0,0.0,0.0,0.0,0.0,0.0,0.0,0.0,0.15513897866839046,3.0833872010342604,15.494505494505471,10.161603102779576,1.1053652230122821,0.0,0.0,0.0,0.0,0.0,0.0,0.0,0.0,0.0,0.0,0.0,0.0,0.0,0.0,0.0,0.0
3700,3099,1616,0.5214585350112939,781,615,0.4504678928686673,850,0.5485640529202969,0.418,2.930546190155091,3.120403160665031,6.6650602409638555,2.1116106874057556,9343.708560836472,1428.106783214948,7853.0,10769.797522068024,10711.728855217963,18.02488446377628,7853.0,0.0,28.0648596321394,20.952981084617672,33.25629113433992,19.084610345001668,0.143594707970313,0.09486931268151017,0.09002904162633107,0.08712487899322362,0.08196192320103259,0.08131655372700872,0.06518231687641174,0.057437883188125205,0.0590513068731849,0.05227492739593417,0.05227492739593417,0.0393675379154566,0.02968699580509842,0.03291384317521781,0.01419812842852533,0.010971281058405937,0.007744433688286544,0.9377890712947913,0.02378890689686379,0.0,0.0,0.0,0.0,0.0,0.0,0.0,0.0,0.0,0.0,0.0,0.0,0.0,0.0,0.0,0.0,0.0,0.0,0.0,0.0,0.0,0.0,0.0,0.0,0.0,0.029041626331074544,1.7715392061955473,10.81316553727009,13.930300096805423,3.455953533397871,4.162605668821482,2.8772179040484778,nan,nan,nan,4.084915084915085,2.8519552186549153,4.2398414271556,2.9014125220349407,1.03792645355411,0.3918,0.02231,0.0,0.0,0.0,0.0,0.0,0.0,0.0,0.0,0.0,0.10648596321394,3.8044530493707653,15.31461761858662,9.864472410454988,0.8906098741529527,0.019361084220716366,0.0,0.0,0.0,0.0,0.0,0.0,0.0,0.0,0.0,0.0,0.0,0.0,0.0,0.0,0.0,nan,nan,4.162605668821482,2.8772179040484778,nan,0.3918,0.1044,0.0,0.0,0.0,0.0,0.0,0.0,0.0,0.0,8.067118425298483e-05,0.0,0.0011455308163923845,0.0006131010003226847,0.0,0.006582768635043562,0.00648596321393998,6.453694740238787e-05,0.0011132623426911908,0.0006453694740238787,0.001548886737657309,0.002323330106485963,6.453694740238787e-05,0.005921264924169087,0.019022265246853822,0.01727976766698935,0.023201032591158438,0.016166505324298162,0.00947079703130042,0.039319135204904807,0.012245885769603098,0.037899322362052276,0.012036140690545337,0.011971603743142949,0.0473539851565021,0.022152307195869636,0.0383188125201678,0.028476928041303647,0.04906421426266538,0.02495966440787351,0.05669570829299774,0.05601807034527267,0.027960632462084543,0.040448531784446594,0.02281381090674411,0.03068731848983543,0.03728622136172959,0.03443046143917393,0.03054211035818006,0.03168764117457244,0.02090997095837367,0.0090351726363343,0.019199741852210392,0.024056147144240078,0.020248467247499194,0.005082284607938045,0.007792836398838335,0.009228783478541464,0.019538560826072925,0.003888351080993869,0.015666343981929655,0.00484027105517909,0.009906421426266538,0.000484027105517909,0.012245885769603098,0.005695385608260729,4.84027105517909e-05,0.0,0.0010971281058405938,0.00012907389480477574,0.006518231687641174,0.0,0.00016134236850596966,0.0,0.0,0.0,0.0,0.00012907389480477574,0.0,0.0,0.0,0.0,0.0,0.0,0.0,0.0,0.0,0.0,0.0,0.0,0.0,0.0,0.0,0.0,0.0,0.0,0.0,0.0,0.0,0.0,0.0,0.0,0.0,nan,nan,4.162605668821482,2.8772179040484778,nan,0.9378091939678876,0.02372916934080904,0.0,0.0,0.0,0.0,0.0,0.0,0.0,0.0,0.0,0.0,0.0,0.0,0.0,0.0,0.0,0.0,0.0,0.0,0.0,0.0,0.0,0.0,0.0,0.0,0.0,0.01856435643564357,1.763613861386139,10.76732673267327,13.960396039603962,3.4900990099009905,0.9377671439584975,0.023853812245730976,0.0,0.0,0.0,0.0,0.0,0.0,0.0,0.0,0.0,0.0,0.0,0.0,0.0,0.0,0.0,0.0,0.0,0.0,0.0,0.0,0.0,0.0,0.0,0.0,0.0,0.0404585300067431,1.7801753202966961,10.863115306810522,13.897505057316254,3.4187457855697914,0.392,0.02245,0.0,0.0,0.0,0.0,0.0,0.0,0.0,0.0,0.0,0.09282178217821783,3.768564356435644,15.464108910891067,9.72772277227723,0.9282178217821784,0.01856435643564357,0.0,0.0,0.0,0.0,0.0,0.0,0.0,0.0,0.0,0.0,0.0,0.0,0.0,0.0,0.0,0.3918,0.02216,0.0,0.0,0.0,0.0,0.0,0.0,0.0,0.0,0.0,0.12137559002022928,3.843560350640594,15.151719487525265,10.013486176668916,0.849629130141605,0.02022926500337155,0.0,0.0,0.0,0.0,0.0,0.0,0.0,0.0,0.0,0.0,0.0,0.0,0.0,0.0,0.0
3800,3167,1666,0.5260498894853174,780,616,0.4407957057151879,888,0.5607830754657405,0.41,3.0239840106595604,3.093818015085975,6.4874715261958995,2.340921052593184,9356.782893644735,1427.4324309864937,7853.0,10775.765006303787,10711.631707186601,17.703736174765176,7853.0,0.0,28.287653931165142,20.861981587089005,33.21905476369092,19.043816417480173,0.13545942532365013,0.10262077676034102,0.08778023365961478,0.08778023365961478,0.07451847173981686,0.07451847173981686,0.07293969055888853,0.06315124723713293,0.0580991474581623,0.057467634985790966,0.0473634354278497,0.04325860435743606,0.03473318598042311,0.025260498894853173,0.020524155352068203,0.009788443321755604,0.00473634354278497,0.9367620252380997,0.023220570103576452,0.0,0.0,0.0,0.0,0.0,0.0,0.0,0.0,0.0,0.0,0.0,0.0,0.0,0.0,0.0,0.0,0.0,0.0,0.0,0.0,0.0,0.0,0.0,0.0,0.0,0.03789074834227977,1.5724660562046102,11.964003789074836,13.318598042311338,3.1070413640669408,4.320331545587519,2.9135556492006933,nan,nan,nan,4.379647749510763,2.934826423853805,4.255836575875486,2.8869279682588416,0.9717303352423474,0.393,0.02269,0.0,0.0,0.0,0.0,0.0,0.0,0.0,0.0,0.0,0.09472687085569942,3.419640037890749,15.25102620776758,9.97473950110515,1.2409220082096624,0.018945374171139884,0.0,0.0,0.0,0.0,0.0,0.0,0.0,0.0,0.0,0.0,0.0,0.0,0.0,0.0,0.0,nan,nan,4.320331545587519,2.9135556492006933,nan,0.393,0.10455,0.0,0.0,0.0,0.0,0.0,0.0,0.0,1.5787811809283235e-05,0.0,0.0,0.0007578149668455952,0.0007578149668455952,3.157562361856647e-05,0.005131038838017051,0.006425639406378276,1.5787811809283235e-05,0.0009156930849384276,0.0009630565203662772,0.0011840858856962426,0.0026365645721503,0.0,0.006930849384275339,0.01689295863593306,0.015898326491948216,0.023997473950110516,0.015882538680138933,0.011225134196400378,0.038901168298073885,0.012314493211240922,0.038790653615408906,0.012630249447426587,0.012456583517524471,0.04374802652352384,0.02162930217871803,0.041474581622987054,0.03127565519419009,0.05146826649826334,0.024834227976002526,0.05595200505209978,0.05397852857593938,0.024913167035048943,0.03931165140511525,0.022118724344805808,0.03293337543416482,0.035712030312598675,0.035964635301547206,0.029223239658983265,0.03317019261130407,0.019166403536469846,0.007451847173981686,0.019497947584464794,0.023697505525734134,0.0211872434480581,0.0042153457530786234,0.008193874329017999,0.010198926428796969,0.019703189137985477,0.004436375118408589,0.014824755288916957,0.006630880959898958,0.010925165772023997,0.00031575623618566466,0.012077676034101674,0.006267761288285443,1.5787811809283235e-05,4.73634354278497e-05,0.0005683612251341964,0.000268392800757815,0.007530786233028102,0.0,0.0001420903062835491,0.0,0.0,0.0,0.0,0.00017366592990211555,0.0,0.0,0.0,0.0,0.0,0.0,0.0,0.0,0.0,0.0,0.0,0.0,0.0,0.0,0.0,0.0,0.0,0.0,0.0,0.0,0.0,0.0,0.0,0.0,0.0,nan,nan,4.320331545587519,2.9135556492006933,nan,0.9371558051435601,0.023168160566731263,0.0,0.0,0.0,0.0,0.0,0.0,0.0,0.0,0.0,0.0,0.0,0.0,0.0,0.0,0.0,0.0,0.0,0.0,0.0,0.0,0.0,0.0,0.0,0.0,0.0,0.036014405762304934,1.476590636254502,11.524609843937577,13.829531812725092,3.133253301320529,0.9363249584009932,0.023270801606395282,0.0,0.0,0.0,0.0,0.0,0.0,0.0,0.0,0.0,0.0,0.0,0.0,0.0,0.0,0.0,0.0,0.0,0.0,0.0,0.0,0.0,0.0,0.0,0.0,0.0,0.03997335109926717,1.6788807461692208,12.45169886742172,12.751499000666225,3.0779480346435717,0.3926,0.0226,0.0,0.0,0.0,0.0,0.0,0.0,0.0,0.0,0.0,0.07202881152460987,3.65546218487395,15.252100840336112,9.813925570228093,1.2064825930372152,0.0,0.0,0.0,0.0,0.0,0.0,0.0,0.0,0.0,0.0,0.0,0.0,0.0,0.0,0.0,0.0,0.3936,0.02277,0.0,0.0,0.0,0.0,0.0,0.0,0.0,0.0,0.0,0.11992005329780149,3.1578947368421058,15.249833444370397,10.15323117921386,1.2791472351765494,0.03997335109926717,0.0,0.0,0.0,0.0,0.0,0.0,0.0,0.0,0.0,0.0,0.0,0.0,0.0,0.0,0.0
3900,3280,1678,0.5115853658536585,806,682,0.45365853658536587,943,0.575,0.40599999999999997,2.9968789013732833,3.1518958084908695,6.836829836829837,2.091484615956671,9315.701649903414,1429.2494089091704,7853.0,10773.033742547035,10712.154595758762,17.676261040435314,7853.0,0.0,27.528048780487804,20.72609863156656,32.58890105878058,18.93559637299017,0.14817073170731707,0.1003048780487805,0.09024390243902439,0.07652439024390244,0.0826219512195122,0.07957317073170732,0.07652439024390244,0.06951219512195123,0.058231707317073174,0.048170731707317074,0.042682926829268296,0.03231707317073171,0.0350609756097561,0.02347560975609756,0.020426829268292684,0.010670731707317074,0.00548780487804878,0.936717277638069,0.023557545146629808,0.0,0.0,0.0,0.0,0.0,0.0,0.0,0.0,0.0,0.0,0.0,0.0,0.0,0.0,0.0,0.0,0.0,0.0,0.0,0.0,0.0,0.0,0.0,0.0,0.0,0.05487804878048781,1.8658536585365857,11.268292682926832,13.719512195121954,3.091463414634147,4.350071056371388,2.8959778286049525,nan,nan,nan,4.310278578290106,2.884717427931681,4.388785046728972,2.9063683573424495,1.0182137806206508,0.394,0.02243,0.0,0.0,0.0,0.0,0.0,0.0,0.0,0.0,0.0,0.0731707317073171,3.39329268292683,14.789634146341442,10.45426829268293,1.2896341463414638,0.0,0.0,0.0,0.0,0.0,0.0,0.0,0.0,0.0,0.0,0.0,0.0,0.0,0.0,0.0,0.0,nan,nan,4.350071056371388,2.8959778286049525,nan,0.394,0.1058,0.0,0.0,0.0,0.0,0.0,0.0,0.0,0.0,0.0,1.524390243902439e-05,0.0007774390243902439,0.0007012195121951219,9.146341463414634e-05,0.005304878048780488,0.004695121951219512,9.146341463414634e-05,0.0007774390243902439,0.0011432926829268292,0.0010975609756097562,0.0023323170731707316,6.097560975609756e-05,0.007408536585365853,0.01711890243902439,0.016875,0.023551829268292683,0.01652439024390244,0.013140243902439024,0.04121951219512195,0.013277439024390244,0.038246951219512194,0.012682926829268294,0.012164634146341464,0.03951219512195122,0.021051829268292684,0.04128048780487805,0.03263719512195122,0.049664634146341466,0.0250609756097561,0.05509146341463415,0.05475609756097561,0.024009146341463415,0.04016768292682927,0.02167682926829268,0.03452743902439025,0.03522865853658536,0.033277439024390246,0.025960365853658535,0.029817073170731706,0.01896341463414634,0.007896341463414634,0.021554878048780486,0.02385670731707317,0.02222560975609756,0.003978658536585366,0.008353658536585366,0.011463414634146341,0.019146341463414634,0.004954268292682927,0.01548780487804878,0.00701219512195122,0.011798780487804878,0.0004115853658536585,0.012820121951219511,0.007545731707317073,6.097560975609756e-05,0.0,0.0006707317073170732,0.0005640243902439024,0.007865853658536585,0.0,0.0003048780487804878,0.0,0.0,0.0,0.0,4.573170731707317e-05,0.0,0.0,0.0,0.0,0.0,0.0,0.0,0.0,0.0,0.0,0.0,0.0,0.0,0.0,0.0,0.0,0.0,0.0,0.0,0.0,0.0,0.0,0.0,0.0,0.0,nan,nan,4.350071056371388,2.8959778286049525,nan,0.9363345419621724,0.023183259616147672,0.0,0.0,0.0,0.0,0.0,0.0,0.0,0.0,0.0,0.0,0.0,0.0,0.0,0.0,0.0,0.0,0.0,0.0,0.0,0.0,0.0,0.0,0.0,0.0,0.0,0.0,1.8593563766388563,11.531585220500599,13.694874851013113,2.914183551847438,0.9371181705620107,0.023936752828548694,0.0,0.0,0.0,0.0,0.0,0.0,0.0,0.0,0.0,0.0,0.0,0.0,0.0,0.0,0.0,0.0,0.0,0.0,0.0,0.0,0.0,0.0,0.0,0.0,0.0,0.11235955056179778,1.872659176029963,10.992509363295882,13.745318352059927,3.277153558052435,0.3943,0.02234,0.0,0.0,0.0,0.0,0.0,0.0,0.0,0.0,0.0,0.07151370679380216,3.5399284862932068,14.499404052443364,10.637663885578071,1.251489868891538,0.0,0.0,0.0,0.0,0.0,0.0,0.0,0.0,0.0,0.0,0.0,0.0,0.0,0.0,0.0,0.0,0.3938,0.0225,0.0,0.0,0.0,0.0,0.0,0.0,0.0,0.0,0.0,0.07490636704119852,3.239700374531836,15.093632958801475,10.262172284644198,1.3295880149812738,0.0,0.0,0.0,0.0,0.0,0.0,0.0,0.0,0.0,0.0,0.0,0.0,0.0,0.0,0.0,0.0
4000,3273,1705,0.5209288114879316,806,661,0.44821264894592117,911,0.5566758325695081,0.414,2.926658163265306,3.059837523278308,6.489932885906041,2.1382343894485776,9342.839835331813,1428.7907595620425,7853.0,10769.643974542618,10712.968200024063,18.129454055444647,7853.0,0.0,28.131683470821876,20.992471294034956,33.19080627508209,19.187502091886103,0.14237702413687747,0.09410326917201345,0.09227008860372747,0.08615948670944087,0.08707607699358387,0.07241063244729606,0.06080048884815154,0.07210510235258173,0.05866177818515124,0.05071799572257867,0.04246868316529178,0.04155209288114879,0.03819126183929117,0.024442407577146347,0.01955392606171708,0.008249312557286892,0.008860372746715552,0.9374551537602894,0.023149044793836712,0.0,0.0,0.0,0.0,0.0,0.0,0.0,0.0,0.0,0.0,0.0,0.0,0.0,0.0,0.0,0.0,0.0,0.0,0.0,0.0,0.0,0.0,0.0,0.0,0.0,0.07332722273143906,1.4482126489459215,11.237396883593036,14.280476626947756,2.960586617781852,4.248937175247993,2.866236112293335,nan,nan,nan,4.414448669201521,2.887843337977937,4.0855263157894735,2.836592441271553,0.9254895960832312,0.3938,0.02266,0.0,0.0,0.0,0.0,0.0,0.0,0.0,0.0,0.0,0.09165902841429882,3.2355637030247486,14.958753437213543,10.348304307974338,1.3657195233730526,0.0,0.0,0.0,0.0,0.0,0.0,0.0,0.0,0.0,0.0,0.0,0.0,0.0,0.0,0.0,0.0,nan,nan,4.248937175247993,2.866236112293335,nan,0.3938,0.10675,0.0,0.0,0.0,0.0,0.0,0.0,0.0,0.0,0.0,1.527650473571647e-05,0.0013290559120073327,0.0004277421326000611,3.055300947143294e-05,0.00670638557897953,0.004980140543843568,6.110601894286588e-05,0.0005957836846929422,0.001497097464100214,0.000687442713107241,0.00229147571035747,6.110601894286588e-05,0.007622975863122518,0.017323556370302473,0.017323556370302473,0.022868927589367552,0.015520928811487932,0.013443324167430493,0.04393522761992056,0.012786434463794684,0.03554842652001222,0.01336694164375191,0.013153070577451879,0.039291170180262756,0.02227314390467461,0.041490986862205925,0.030033608310418576,0.04804460739382829,0.026947754353803848,0.05267338832875038,0.05354414909868622,0.024366025053467768,0.03754964864039108,0.023021692636724718,0.03693858845096242,0.037885731744576844,0.0343263061411549,0.025145126794989307,0.027543538038496792,0.019706691109074245,0.008768713718301253,0.020837152459517262,0.023388328750381913,0.02296058661778185,0.002383134738771769,0.008677054689886953,0.011885120684387412,0.018026275588145433,0.004094103269172014,0.01655973113351665,0.007424381301558204,0.010219981668194317,0.00012221203788573176,0.01249618087381607,0.008631225175679805,0.00029025358997861287,1.527650473571647e-05,0.0005957836846929422,0.0009013137794072716,0.009104796822487014,0.0,0.00022914757103574703,3.055300947143294e-05,0.0,0.0,0.0,0.0,0.0,0.0,0.0,0.0,0.0,0.0,0.0,0.0,0.0,0.0,0.0,0.0,0.0,0.0,0.0,0.0,0.0,0.0,0.0,0.0,0.0,0.0,0.0,0.0,0.0,nan,nan,4.248937175247993,2.866236112293335,nan,0.938007538514403,0.02347154651241726,0.0,0.0,0.0,0.0,0.0,0.0,0.0,0.0,0.0,0.0,0.0,0.0,0.0,0.0,0.0,0.0,0.0,0.0,0.0,0.0,0.0,0.0,0.0,0.0,0.0,0.08797653958944283,1.495601173020528,10.80351906158358,14.375366568914957,3.2375366568914963,0.93685450579743,0.022777989885703596,0.0,0.0,0.0,0.0,0.0,0.0,0.0,0.0,0.0,0.0,0.0,0.0,0.0,0.0,0.0,0.0,0.0,0.0,0.0,0.0,0.0,0.0,0.0,0.0,0.0,0.05739795918367348,1.3966836734693882,11.70918367346939,14.17729591836735,2.6594387755102047,0.394,0.02258,0.0,0.0,0.0,0.0,0.0,0.0,0.0,0.0,0.0,0.0527859237536657,3.0967741935483875,15.043988269794701,10.41642228739003,1.3900293255131968,0.0,0.0,0.0,0.0,0.0,0.0,0.0,0.0,0.0,0.0,0.0,0.0,0.0,0.0,0.0,0.0,0.3936,0.02274,0.0,0.0,0.0,0.0,0.0,0.0,0.0,0.0,0.0,0.13392857142857145,3.386479591836735,14.866071428571408,10.274234693877553,1.3392857142857146,0.0,0.0,0.0,0.0,0.0,0.0,0.0,0.0,0.0,0.0,0.0,0.0,0.0,0.0,0.0,0.0
4100,3005,1509,0.5021630615640599,688,628,0.43793677204658904,853,0.567720465890183,0.454,2.985294117647059,3.1622434658046528,6.685279187817259,2.2468108358752517,9288.412445997676,1429.273525437315,7853.0,10782.01534819603,10711.45884706628,18.087978898186037,7853.0,0.0,26.887853577371047,20.348275480413896,32.04459622338288,18.556809605417126,0.1470881863560732,0.10549084858569052,0.09217970049916806,0.08718801996672212,0.08419301164725458,0.08086522462562395,0.06855241264559069,0.055906821963394346,0.056572379367720464,0.05291181364392679,0.043926788685524125,0.040931780366056575,0.033277870216306155,0.028951747088186357,0.013311148086522463,0.004326123128119801,0.004326123128119801,0.9375237450623473,0.023498182965350733,0.0,0.0,0.0,0.0,0.0,0.0,0.0,0.0,0.0,0.0,0.0,0.0,0.0,0.0,0.0,0.0,0.0,0.0,0.0,0.0,0.0,0.0,0.0,0.0,0.0,0.029950083194675545,1.6173044925124795,11.351081530782032,13.587354409317806,3.414309484193012,4.483253588516747,2.926325768424344,nan,nan,nan,4.3799359658484525,2.903047895289661,4.586426299045599,2.947167566770752,1.0471446009273213,0.3928,0.02304,0.0,0.0,0.0,0.0,0.0,0.0,0.0,0.0,0.0,0.09983361064891849,3.6638935108153086,15.154742096505801,9.793677204658904,1.247920133111481,0.039933444259567394,0.0,0.0,0.0,0.0,0.0,0.0,0.0,0.0,0.0,0.0,0.0,0.0,0.0,0.0,0.0,nan,nan,4.483253588516747,2.926325768424344,nan,0.3928,0.10596,0.0,0.0,0.0,0.0,0.0,0.0,0.0,0.0,0.0,0.0,0.0015806988352745424,0.00016638935108153079,0.0,0.006239600665557404,0.004692179700499168,6.65557404326123e-05,0.000848585690515807,0.0011813643926788687,0.0003660565723793677,0.0019800332778702164,1.6638935108153077e-05,0.007171381031613976,0.017321131447587356,0.018252911813643927,0.022146422628951747,0.015707154742096507,0.01329450915141431,0.04685524126455907,0.01329450915141431,0.03682196339434276,0.014525790349417637,0.013544093178036606,0.04011647254575707,0.020449251247920134,0.0389018302828619,0.03234608985024959,0.04905158069883527,0.03098169717138103,0.05058236272878536,0.0537603993344426,0.02271214642262895,0.034525790349417634,0.023444259567387687,0.03878535773710483,0.036239600665557405,0.035873544093178035,0.02464226289517471,0.029284525790349417,0.020249584026622296,0.007820299500831946,0.020033277870216307,0.02459234608985025,0.02281198003327787,0.0018469217970049916,0.009068219633943428,0.010449251247920134,0.01870216306156406,0.003660565723793677,0.015757071547420964,0.006738768718801997,0.00848585690515807,0.0002329450915141431,0.01194675540765391,0.008585690515806989,4.991680532445923e-05,8.319467554076539e-05,0.0005990016638935109,0.0003826955074875208,0.009833610648918469,0.0,0.0002995008319467554,0.0,0.0,0.0,0.0,0.0,0.0,0.0,0.0,0.0,0.0,0.0,0.0,0.0,0.0,0.0,0.0,0.0,0.0,0.0,0.0,0.0,0.0,0.0,0.0,0.0,0.0,0.0,0.0,0.0,0.0,nan,nan,4.483253588516747,2.926325768424344,nan,0.9368149686760268,0.023169406783363683,0.0,0.0,0.0,0.0,0.0,0.0,0.0,0.0,0.0,0.0,0.0,0.0,0.0,0.0,0.0,0.0,0.0,0.0,0.0,0.0,0.0,0.0,0.0,0.0,0.0,0.03976143141153082,1.6103379721669984,11.491053677932408,13.856858846918492,3.0019880715705773,0.9382386806017575,0.023803849736470466,0.0,0.0,0.0,0.0,0.0,0.0,0.0,0.0,0.0,0.0,0.0,0.0,0.0,0.0,0.0,0.0,0.0,0.0,0.0,0.0,0.0,0.0,0.0,0.0,0.0,0.02005347593582888,1.6243315508021394,11.209893048128345,13.315508021390377,3.8302139037433163,0.3926,0.02336,0.0,0.0,0.0,0.0,0.0,0.0,0.0,0.0,0.0,0.11928429423459247,3.8369781312127245,14.930417495029799,9.88071570576541,1.2326043737574555,0.0,0.0,0.0,0.0,0.0,0.0,0.0,0.0,0.0,0.0,0.0,0.0,0.0,0.0,0.0,0.0,0.3928,0.02269,0.0,0.0,0.0,0.0,0.0,0.0,0.0,0.0,0.0,0.08021390374331552,3.489304812834225,15.381016042780727,9.70588235294118,1.2633689839572195,0.08021390374331552,0.0,0.0,0.0,0.0,0.0,0.0,0.0,0.0,0.0,0.0,0.0,0.0,0.0,0.0,0.0
4200,3441,1762,0.5120604475443186,828,710,0.44696309212438246,971,0.5643708224353385,0.414,2.9964264443120907,3.138075129812691,6.624489795918367,2.1959638869419096,9317.130824030848,1429.2864682805525,7853.0,10774.18700003624,10712.292942956952,17.673619155237876,7853.0,0.0,28.263586166811972,21.11583535101011,33.357266736038845,19.276454317061688,0.14240046498111014,0.08544027898866609,0.0982272595175821,0.09241499564080209,0.08137169427492008,0.06829410055216507,0.07003777971519907,0.06044754431851206,0.05957570473699506,0.05899447834931706,0.04969485614646905,0.036617262423714034,0.032548677709968034,0.022667829119442023,0.01772740482417902,0.012496367335077013,0.01104330136588201,0.9375468990339231,0.023051524132772706,0.0,0.0,0.0,0.0,0.0,0.0,0.0,0.0,0.0,0.0,0.0,0.0,0.0,0.0,0.0,0.0,0.0,0.0,0.0,0.0,0.0,0.0,0.0,0.0,0.0,0.03487358326068004,1.5693112467306018,11.394943330427203,13.931996512641676,3.0688753269398434,4.249221183800623,2.935172290699279,nan,nan,nan,4.2524444444444445,2.971315575113754,4.245989304812834,2.8984762964772264,0.9984820167045231,0.3928,0.02258,0.0,0.0,0.0,0.0,0.0,0.0,0.0,0.0,0.0,0.061028770706190075,3.5919790758500447,15.143853530950285,10.113339145597212,1.0723626852659114,0.01743679163034002,0.0,0.0,0.0,0.0,0.0,0.0,0.0,0.0,0.0,0.0,0.0,0.0,0.0,0.0,0.0,nan,nan,4.249221183800623,2.935172290699279,nan,0.3928,0.106,0.0,0.0,0.0,0.0,0.0,0.0,0.0,0.0,0.0,0.0,0.0012205754141238012,0.0003777971519907004,0.0,0.006146469049694856,0.004330136588201104,0.00014530659691950015,0.0006393490264458006,0.001031676838128451,0.0003342051729148503,0.0023539668700959023,7.265329845975008e-05,0.0074251671025864574,0.018744551002615517,0.016623074687590816,0.02186864283638477,0.015082824760244116,0.014167393199651265,0.04734088927637315,0.014734088927637315,0.034815460621912236,0.015576867189770416,0.013484452194129613,0.042255158384190646,0.02048823016564952,0.03783783783783784,0.02948270851496658,0.0538360941586748,0.02933740191804708,0.04853240337111305,0.0518018018018018,0.023074687590816625,0.034176111595466435,0.02258064516129032,0.04094739901191514,0.03814298169136879,0.03522231909328684,0.024861958732926476,0.027869805289160127,0.01880267364138332,0.007977332170880558,0.02198488811392037,0.023655913978494623,0.021621621621621623,0.002034292356873002,0.00929962220284801,0.01060738157512351,0.01887532693984307,0.004359197907585004,0.016521360069747165,0.006378959604766057,0.009314152862539959,0.0003051438535309503,0.011246730601569312,0.00911072362685266,4.359197907585005e-05,5.812263876780006e-05,0.0007265329845975008,8.71839581517001e-05,0.00999709386806161,0.0,1.4530659691950014e-05,1.4530659691950014e-05,0.0,0.0,0.0,0.0,0.0,0.0,0.0,0.0,0.0,0.0,0.0,0.0,0.0,0.0,0.0,0.0,0.0,0.0,0.0,0.0,0.0,0.0,0.0,0.0,0.0,0.0,0.0,0.0,0.0,nan,nan,4.249221183800623,2.935172290699279,nan,0.937559911936826,0.0226334487008042,0.0,0.0,0.0,0.0,0.0,0.0,0.0,0.0,0.0,0.0,0.0,0.0,0.0,0.0,0.0,0.0,0.0,0.0,0.0,0.0,0.0,0.0,0.0,0.0,0.0,0.03405221339387061,1.566401816118048,11.254256526674236,14.335981838819528,2.8093076049943253,0.9375332428487445,0.02348225599767559,0.0,0.0,0.0,0.0,0.0,0.0,0.0,0.0,0.0,0.0,0.0,0.0,0.0,0.0,0.0,0.0,0.0,0.0,0.0,0.0,0.0,0.0,0.0,0.0,0.0,0.03573555687909471,1.5723645026801671,11.54258487194759,13.508040500297799,3.341274568195355,0.3933,0.02235,0.0,0.0,0.0,0.0,0.0,0.0,0.0,0.0,0.0,0.05107832009080591,3.4562996594778665,15.119182746878524,10.33484676503973,1.0215664018161184,0.017026106696935304,0.0,0.0,0.0,0.0,0.0,0.0,0.0,0.0,0.0,0.0,0.0,0.0,0.0,0.0,0.0,0.3926,0.02278,0.0,0.0,0.0,0.0,0.0,0.0,0.0,0.0,0.0,0.07147111375818942,3.734365693865397,15.169743895175678,9.880881477069687,1.1256700416914833,0.017867778439547354,0.0,0.0,0.0,0.0,0.0,0.0,0.0,0.0,0.0,0.0,0.0,0.0,0.0,0.0,0.0
4300,3065,1620,0.5285481239804242,779,621,0.4567699836867863,845,0.5513866231647635,0.446,2.9806228373702424,3.1494995965961676,6.802564102564102,2.1719643926210987,9364.326651311192,1427.4224304997679,7853.0,10771.812527894974,10712.392707573337,17.755906435765116,7853.0,0.0,28.368026101141925,20.877603902677627,33.23579435639737,19.076090850858613,0.1370309951060359,0.09722675367047308,0.08874388254486133,0.0835236541598695,0.08287112561174552,0.07275693311582382,0.07079934747145188,0.0701468189233279,0.05742251223491028,0.05513866231647634,0.0466557911908646,0.042088091353996736,0.03360522022838499,0.023491027732463296,0.021533442088091354,0.011419249592169658,0.005546492659053833,0.9370305471863677,0.02299156621740545,0.0,0.0,0.0,0.0,0.0,0.0,0.0,0.0,0.0,0.0,0.0,0.0,0.0,0.0,0.0,0.0,0.0,0.0,0.0,0.0,0.0,0.0,0.0,0.0,0.0,0.029363784665579123,1.5367047308319741,11.598694942903755,13.800978792822189,3.0342577487765094,4.101492537313433,2.9751287043014187,nan,nan,nan,4.014763779527559,2.9518409015357543,4.19436052366566,2.9947063767442907,1.0447340750292498,0.3938,0.02269,0.0,0.0,0.0,0.0,0.0,0.0,0.0,0.0,0.0,0.09787928221859708,3.3768352365415994,14.61337683523652,10.7373572593801,1.1647634584013054,0.009787928221859709,0.0,0.0,0.0,0.0,0.0,0.0,0.0,0.0,0.0,0.0,0.0,0.0,0.0,0.0,0.0,nan,nan,4.101492537313433,2.9751287043014187,nan,0.3938,0.1063,0.0,0.0,0.0,0.0,0.0,0.0,0.0,0.0,0.0,0.0,0.0015823817292006524,0.00017944535073409463,8.156606851549755e-05,0.006247960848287113,0.0038172920065252854,6.525285481239805e-05,0.0009787928221859706,0.0006688417618270799,0.0006525285481239804,0.0028548123980424145,0.0001468189233278956,0.007047308319738988,0.017112561174551386,0.015611745513866232,0.02101141924959217,0.015774877650897228,0.014078303425774878,0.04734094616639478,0.014192495921696574,0.0367047308319739,0.014518760195758564,0.013050570962479609,0.043197389885807506,0.021044045676998368,0.03721044045676998,0.030081566068515496,0.0533278955954323,0.029624796084828712,0.045823817292006526,0.05440456769983687,0.023866231647634583,0.03463295269168026,0.024208809135399675,0.0400978792822186,0.039070146818923325,0.03492659053833605,0.0232952691680261,0.026394779771615008,0.017128874388254486,0.009429037520391518,0.020130505709624796,0.0232952691680261,0.022430668841761828,0.002022838499184339,0.008939641109298532,0.011468189233278955,0.0200489396411093,0.00398042414355628,0.01836867862969005,0.006818923327895595,0.008939641109298532,0.0005872756933115824,0.010065252854812398,0.009624796084828711,0.0005546492659053834,0.0,0.0005057096247960848,0.0,0.010489396411092986,0.0,0.0001305057096247961,0.00011419249592169658,0.0,0.0,0.0,0.0,0.0,0.0,0.0,0.0,0.0,0.0,0.0,0.0,0.0,0.0,0.0,0.0,0.0,0.0,0.0,0.0,0.0,0.0,0.0,0.0,0.0,0.0,0.0,0.0,0.0,nan,nan,4.101492537313433,2.9751287043014187,nan,0.9371762815081043,0.02295614120429163,0.0,0.0,0.0,0.0,0.0,0.0,0.0,0.0,0.0,0.0,0.0,0.0,0.0,0.0,0.0,0.0,0.0,0.0,0.0,0.0,0.0,0.0,0.0,0.0,0.0,0.018518518518518524,1.6111111111111114,11.481481481481485,13.7962962962963,3.092592592592593,0.9368671633792997,0.023030120200351903,0.0,0.0,0.0,0.0,0.0,0.0,0.0,0.0,0.0,0.0,0.0,0.0,0.0,0.0,0.0,0.0,0.0,0.0,0.0,0.0,0.0,0.0,0.0,0.0,0.0,0.04152249134948098,1.4532871972318342,11.730103806228376,13.806228373702425,2.96885813148789,0.3938,0.02255,0.0,0.0,0.0,0.0,0.0,0.0,0.0,0.0,0.0,0.11111111111111113,3.3888888888888893,14.518518518518498,10.870370370370372,1.1111111111111114,0.0,0.0,0.0,0.0,0.0,0.0,0.0,0.0,0.0,0.0,0.0,0.0,0.0,0.0,0.0,0.0,0.3936,0.02283,0.0,0.0,0.0,0.0,0.0,0.0,0.0,0.0,0.0,0.08304498269896196,3.363321799307959,14.719723183390983,10.58823529411765,1.224913494809689,0.02076124567474049,0.0,0.0,0.0,0.0,0.0,0.0,0.0,0.0,0.0,0.0,0.0,0.0,0.0,0.0,0.0
4400,3393,1781,0.524904214559387,805,656,0.4305923961096375,919,0.5417035072207486,0.40199999999999997,3.0372208436724564,3.129917148771827,6.578494623655914,2.1886240319426498,9353.411458140588,1427.5138225038684,7853.0,10772.743950486183,10711.448106384625,18.61893786842411,7853.0,0.0,27.402298850574713,20.745151035911736,32.40557712672079,19.056004478906516,0.14323607427055704,0.10285882699675804,0.10079575596816977,0.08723843206601828,0.07780725022104333,0.06867079280872385,0.07250221043324491,0.06424992631889184,0.055997642204538754,0.05275567344532862,0.04921898025346301,0.036251105216622455,0.02976716769820218,0.023872679045092837,0.018272914824638962,0.008841732979664015,0.007662835249042145,0.9371849549860157,0.02366156978134545,0.0,0.0,0.0,0.0,0.0,0.0,0.0,0.0,0.0,0.0,0.0,0.0,0.0,0.0,0.0,0.0,0.0,0.0,0.0,0.0,0.0,0.0,0.0,0.0,0.0,0.04420866489832008,1.635720601237843,11.414677276746245,13.687002652519896,3.2183908045977017,4.4308636149126945,2.8605815187774124,nan,nan,nan,4.409638554216867,2.8091832326666095,4.452884615384615,2.9127853683495126,1.0098071668768391,0.3928,0.02301,0.0,0.0,0.0,0.0,0.0,0.0,0.0,0.0,0.0,0.12378426171529623,3.846153846153847,14.624226348364258,10.309460654288243,1.07869142351901,0.017683465959328033,0.0,0.0,0.0,0.0,0.0,0.0,0.0,0.0,0.0,0.0,0.0,0.0,0.0,0.0,0.0,nan,nan,4.4308636149126945,2.8605815187774124,nan,0.3928,0.10706,0.0,0.0,0.0,0.0,0.0,0.0,0.0,0.0,0.0,5.8944886531093426e-05,0.0012525788387857354,0.0001326259946949602,5.8944886531093426e-05,0.007486000589448865,0.004111405835543766,0.0,0.0010757441791924552,0.0005010315355142941,0.0009431181844974948,0.0032124963159445917,0.0003094606542882405,0.007206012378426172,0.017270851753610376,0.016755083996463308,0.021529619805481875,0.01452991452991453,0.014028882994400235,0.04998526377836723,0.014205717653993515,0.03803418803418803,0.013837312113174183,0.013454170350722074,0.04211612142646625,0.02005599764220454,0.040377247273798995,0.026790450928381962,0.05259357500736811,0.028028293545534926,0.04644857058650162,0.051871500147362214,0.02490421455938697,0.03526377836722664,0.025921013852048334,0.04117300324196876,0.037754199823165344,0.034585912172119065,0.022973769525493664,0.025272620100206308,0.016091954022988506,0.008149130562923667,0.019643383436486885,0.023784261715296198,0.022546419098143235,0.002844090775125258,0.009357500736811082,0.0123342175066313,0.017948717948717947,0.004199823165340406,0.018626584143825523,0.00891541408782788,0.008311229000884173,0.0006041850869437076,0.009298555850279989,0.009519599174771588,0.0003978779840848806,0.0,0.0003978779840848806,0.0,0.010683760683760684,2.9472443265546713e-05,0.00011788977306218685,8.841732979664014e-05,0.0,0.0,0.0,0.0,0.0,0.0,0.0,0.0,0.0,0.0,0.0,0.0,0.0,0.0,0.0,0.0,0.0,0.0,0.0,0.0,0.0,0.0,0.0,0.0,0.0,0.0,0.0,0.0,0.0,nan,nan,4.4308636149126945,2.8605815187774124,nan,0.9365180824527173,0.023942697124206932,0.0,0.0,0.0,0.0,0.0,0.0,0.0,0.0,0.0,0.0,0.0,0.0,0.0,0.0,0.0,0.0,0.0,0.0,0.0,0.0,0.0,0.0,0.0,0.0,0.0,0.05053340819764178,1.7686692869174625,11.70690623245368,13.206064008983718,3.267827063447502,0.9379217415752246,0.023324874798172555,0.0,0.0,0.0,0.0,0.0,0.0,0.0,0.0,0.0,0.0,0.0,0.0,0.0,0.0,0.0,0.0,0.0,0.0,0.0,0.0,0.0,0.0,0.0,0.0,0.0,0.03722084367245659,1.4888337468982633,11.091811414392062,14.218362282878415,3.1637717121588094,0.3928,0.02303,0.0,0.0,0.0,0.0,0.0,0.0,0.0,0.0,0.0,0.16844469399213927,3.9247613700168453,14.199887703537318,10.696238068500845,0.9938236945536219,0.01684446939921393,0.0,0.0,0.0,0.0,0.0,0.0,0.0,0.0,0.0,0.0,0.0,0.0,0.0,0.0,0.0,0.3926,0.02301,0.0,0.0,0.0,0.0,0.0,0.0,0.0,0.0,0.0,0.07444168734491317,3.759305210918115,15.09305210918112,9.882133995037224,1.1724565756823824,0.018610421836228293,0.0,0.0,0.0,0.0,0.0,0.0,0.0,0.0,0.0,0.0,0.0,0.0,0.0,0.0,0.0
4500,3375,1736,0.5143703703703704,854,701,0.46074074074074073,951,0.5635555555555556,0.40199999999999997,2.9816961561928004,3.072189299595284,6.518201284796574,2.0353383826959677,9323.604985093965,1428.9866444432125,7853.0,10777.961429357529,10712.039069523116,17.89644541926385,7853.0,0.0,28.204444444444444,20.909972338811844,33.350584898971995,19.003798865874256,0.1437037037037037,0.09570370370370371,0.08266666666666667,0.0877037037037037,0.0802962962962963,0.08148148148148149,0.064,0.06518518518518518,0.06488888888888888,0.05037037037037037,0.046814814814814816,0.03851851851851852,0.03614814814814815,0.02666666666666667,0.019555555555555555,0.008888888888888889,0.007407407407407408,0.9383192637761434,0.023162763946697744,0.0,0.0,0.0,0.0,0.0,0.0,0.0,0.0,0.0,0.0,0.0,0.0,0.0,0.0,0.0,0.0,0.0,0.0,0.0,0.0,0.0,0.0,0.0,0.0,0.0,0.00888888888888889,1.466666666666667,11.075555555555558,14.071111111111113,3.377777777777778,4.17870036101083,2.84760608315148,nan,nan,nan,4.112932604735883,2.8345378919731608,4.243291592128801,2.858910166607954,1.0316948999462852,0.3916,0.02315,0.0,0.0,0.0,0.0,0.0,0.0,0.0,0.0,0.0,0.0888888888888889,4.311111111111112,14.728888888888868,9.813333333333336,1.0488888888888892,0.00888888888888889,0.0,0.0,0.0,0.0,0.0,0.0,0.0,0.0,0.0,0.0,0.0,0.0,0.0,0.0,0.0,nan,nan,4.17870036101083,2.84760608315148,nan,0.3916,0.107,0.0,0.0,0.0,0.0,0.0,0.0,0.0,0.0,0.0,0.0,0.0006962962962962963,0.0003259259259259259,5.925925925925926e-05,0.008474074074074075,0.0044444444444444444,2.962962962962963e-05,0.000962962962962963,0.0005481481481481482,0.0009925925925925927,0.0038666666666666667,0.0004,0.008962962962962963,0.01631111111111111,0.01594074074074074,0.02331851851851852,0.013822222222222222,0.013896296296296295,0.048385185185185184,0.015125925925925926,0.035362962962962964,0.014874074074074074,0.014088888888888889,0.04133333333333333,0.020014814814814815,0.0424,0.027155555555555554,0.052562962962962964,0.02842962962962963,0.04792592592592593,0.0526962962962963,0.025037037037037038,0.037644444444444446,0.025674074074074075,0.03875555555555556,0.039066666666666666,0.03602962962962963,0.024266666666666666,0.02208888888888889,0.015437037037037037,0.006148148148148148,0.019007407407407407,0.021377777777777777,0.022681481481481483,0.0028148148148148147,0.010237037037037038,0.012325925925925926,0.017837037037037037,0.0034074074074074076,0.018651851851851853,0.010444444444444444,0.0076,0.0005481481481481482,0.008977777777777777,0.008444444444444444,0.00025185185185185185,0.0,0.00025185185185185185,1.4814814814814815e-05,0.01117037037037037,7.407407407407407e-05,0.00022222222222222223,0.0001037037037037037,0.0,0.0,0.0,0.0,0.0,0.0,0.0,0.0,0.0,0.0,0.0,0.0,0.0,0.0,0.0,0.0,0.0,0.0,0.0,0.0,0.0,0.0,0.0,0.0,0.0,0.0,0.0,0.0,0.0,nan,nan,4.17870036101083,2.84760608315148,nan,0.9386698004493516,0.023122722684220904,0.0,0.0,0.0,0.0,0.0,0.0,0.0,0.0,0.0,0.0,0.0,0.0,0.0,0.0,0.0,0.0,0.0,0.0,0.0,0.0,0.0,0.0,0.0,0.0,0.0,0.0,1.3652073732718897,11.059907834101384,14.239631336405534,3.335253456221199,0.9379479814914031,0.023199324320056853,0.0,0.0,0.0,0.0,0.0,0.0,0.0,0.0,0.0,0.0,0.0,0.0,0.0,0.0,0.0,0.0,0.0,0.0,0.0,0.0,0.0,0.0,0.0,0.0,0.0,0.018303843807199516,1.5741305674191584,11.092129347162906,13.892617449664431,3.4228187919463093,0.3916,0.02292,0.0,0.0,0.0,0.0,0.0,0.0,0.0,0.0,0.0,0.1209677419354839,4.19930875576037,15.017281105990762,9.729262672811062,0.915898617511521,0.017281105990783415,0.0,0.0,0.0,0.0,0.0,0.0,0.0,0.0,0.0,0.0,0.0,0.0,0.0,0.0,0.0,0.3914,0.0234,0.0,0.0,0.0,0.0,0.0,0.0,0.0,0.0,0.0,0.05491153142159855,4.429530201342283,14.423428920073196,9.902379499694938,1.1897498474679686,0.0,0.0,0.0,0.0,0.0,0.0,0.0,0.0,0.0,0.0,0.0,0.0,0.0,0.0,0.0,0.0
4600,3348,1752,0.5232974910394266,822,659,0.4423536439665472,906,0.5412186379928315,0.418,3.0156641604010024,3.116635009420995,6.635135135135135,2.133438144186943,9348.50601694732,1427.4342000884901,7853.0,10782.89918756485,10710.850539234947,18.2329544164199,7853.0,0.0,27.955495818399044,21.031256031202286,33.16612845353426,19.20112500559407,0.14575866188769415,0.10304659498207885,0.08422939068100359,0.08572281959378733,0.08004778972520908,0.07765830346475508,0.06571087216248507,0.06421744324970131,0.05794504181600956,0.04540023894862605,0.05077658303464755,0.04181600955794504,0.035543608124253286,0.026583034647550775,0.01941457586618877,0.009557945041816009,0.006571087216248507,0.937644340801125,0.023346376526168493,0.0,0.0,0.0,0.0,0.0,0.0,0.0,0.0,0.0,0.0,0.0,0.0,0.0,0.0,0.0,0.0,0.0,0.0,0.0,0.0,0.0,0.0,0.0,0.0,0.0,0.02688172043010753,1.6487455197132619,10.77956989247312,14.354838709677422,3.1899641577060938,4.3291608715809,2.913391759505881,nan,nan,nan,4.322314049586777,2.8995848106251874,4.336142322097379,2.927386651769442,1.0031992752844796,0.3918,0.02359,0.0,0.0,0.0,0.0,0.0,0.0,0.0,0.0,0.0,0.16129032258064518,4.130824372759858,14.93727598566306,9.551971326164876,1.1648745519713264,0.05376344086021506,0.0,0.0,0.0,0.0,0.0,0.0,0.0,0.0,0.0,0.0,0.0,0.0,0.0,0.0,0.0,nan,nan,4.3291608715809,2.913391759505881,nan,0.3918,0.1065,0.0,0.0,0.0,0.0,0.0,0.0,7.467144563918757e-05,0.0,0.0,0.0,0.00038829151732377537,8.960573476702509e-05,0.0,0.007885304659498209,0.0037783751493428914,0.0,0.0008960573476702509,0.0003733572281959379,0.0009408602150537635,0.0040919952210274795,0.00020908004778972522,0.009124850657108722,0.013724611708482676,0.017159498207885305,0.02355137395459976,0.012709080047789725,0.014441457586618876,0.05004480286738351,0.015053763440860216,0.035961768219832733,0.01490442054958184,0.014934289127837515,0.04428016726403823,0.021087216248506572,0.04056152927120669,0.025089605734767026,0.054883512544802865,0.030495818399044205,0.04592293906810036,0.05443548387096774,0.02620967741935484,0.03676821983273596,0.02632915173237754,0.03769414575866189,0.040307646356033455,0.032093787335722816,0.02186379928315412,0.021505376344086023,0.016024492234169654,0.005540621266427718,0.01959378733572282,0.021684587813620072,0.021176821983273596,0.003210872162485066,0.010349462365591398,0.013142174432497013,0.019683393070489844,0.0026284348864994028,0.01695041816009558,0.011648745519713262,0.008273596176821984,0.0005675029868578256,0.009094982078853047,0.009557945041816009,0.00017921146953405018,0.0,0.00011947431302270011,4.4802867383512545e-05,0.010289725209080048,8.960573476702509e-05,0.00026881720430107527,1.4934289127837514e-05,0.0,0.0,0.0,0.0,0.0,0.0,0.0,0.0,0.0,0.0,0.0,0.0,0.0,0.0,0.0,0.0,0.0,0.0,0.0,0.0,0.0,0.0,0.0,0.0,0.0,0.0,0.0,0.0,0.0,nan,nan,4.3291608715809,2.913391759505881,nan,0.9371842094208007,0.023118375447746784,0.0,0.0,0.0,0.0,0.0,0.0,0.0,0.0,0.0,0.0,0.0,0.0,0.0,0.0,0.0,0.0,0.0,0.0,0.0,0.0,0.0,0.0,0.0,0.0,0.0,0.03424657534246576,1.729452054794521,10.736301369863016,14.452054794520553,3.0479452054794525,0.9381494474291503,0.023583792473419577,0.0,0.0,0.0,0.0,0.0,0.0,0.0,0.0,0.0,0.0,0.0,0.0,0.0,0.0,0.0,0.0,0.0,0.0,0.0,0.0,0.0,0.0,0.0,0.0,0.0,0.018796992481203013,1.5601503759398498,10.827067669172935,14.248120300751882,3.345864661654136,0.391,0.02377,0.0,0.0,0.0,0.0,0.0,0.0,0.0,0.0,0.0,0.20547945205479456,4.297945205479453,14.965753424657514,9.366438356164386,1.1130136986301373,0.05136986301369864,0.0,0.0,0.0,0.0,0.0,0.0,0.0,0.0,0.0,0.0,0.0,0.0,0.0,0.0,0.0,0.3926,0.02336,0.0,0.0,0.0,0.0,0.0,0.0,0.0,0.0,0.0,0.11278195488721807,3.9473684210526327,14.906015037593965,9.755639097744362,1.2218045112781957,0.05639097744360903,0.0,0.0,0.0,0.0,0.0,0.0,0.0,0.0,0.0,0.0,0.0,0.0,0.0,0.0,0.0
4700,3399,1758,0.5172109443954104,819,705,0.44836716681376876,960,0.5648720211827007,0.41,2.940280316879951,3.148773734892553,6.648769574944072,2.348714162599997,9331.182468986925,1428.2102345732997,7853.0,10791.51855313778,10710.987606420113,18.69203048051037,7853.0,0.0,27.418946749043837,20.645407213714925,32.49241622574956,18.850012158069926,0.14916151809355693,0.0932627243306855,0.09561635775228008,0.08884966166519565,0.08149455722271257,0.07678729037952339,0.07355104442483083,0.059723448072962634,0.05531038540747279,0.04942630185348632,0.047072668431891736,0.03971756398940865,0.03442188879082083,0.025889967637540454,0.015298617240364814,0.009120329508679022,0.00529567519858782,0.9370365588235028,0.023597860565495808,0.0,0.0,0.0,0.0,0.0,0.0,0.0,0.0,0.0,0.0,0.0,0.0,0.0,0.0,0.0,0.0,0.0,0.0,0.0,0.0,0.0,0.0,0.0,0.0,0.0,0.05295675198587821,1.5269196822594884,11.659311562224186,13.512797881729922,3.24801412180053,4.25,2.961455822435191,nan,nan,nan,4.217625899280575,3.003495345710282,4.285042333019756,2.917593850887187,1.0159844508140659,0.3916,0.024,0.0,0.0,0.0,0.0,0.0,0.0,0.0,0.0,0.008826125330979703,0.11473962930273614,4.351279788172993,14.907325684024691,9.214474845542808,1.3768755516328335,0.026478375992939104,0.0,0.0,0.0,0.0,0.0,0.0,0.0,0.0,0.0,0.0,0.0,0.0,0.0,0.0,0.0,nan,nan,4.25,2.961455822435191,nan,0.3916,0.107,0.0,0.0,0.0,0.0,0.0,0.0,0.0,0.0,0.0,0.0,0.00032362459546925567,0.00038246543100912034,0.0,0.007840541335686967,0.004898499558693733,1.4710208884966166e-05,0.0006619593998234775,0.0005001471020888497,0.0009120329508679023,0.00441306266548985,0.000176522506619594,0.009046778464254192,0.012459546925566342,0.016357752280082377,0.024168873197999412,0.012959694027655193,0.014048249485142689,0.053912915563401,0.01343042071197411,0.03680494263018535,0.014268902618417182,0.0156957928802589,0.04407178581935863,0.01906443071491615,0.04167402177110915,0.02516916740217711,0.053309796999117386,0.03086201824065902,0.043542218299499856,0.05544277728743748,0.02755222124154163,0.03742277140335393,0.028876140041188585,0.03509855839952927,0.039923506913798174,0.03165636952044719,0.023801117975875256,0.021962341865254486,0.014577817005001471,0.005825242718446602,0.01888790820829656,0.020138275963518682,0.019932333039129155,0.0025007355104442485,0.010914974992644896,0.01312150632538982,0.01937334510150044,0.00353045013239188,0.016563695204471904,0.012606649014416004,0.008193586348926155,0.0003383348043542218,0.009576345984112975,0.009605766401882907,1.4710208884966166e-05,0.0,1.4710208884966166e-05,0.00032362459546925567,0.010723742277140335,0.00020594292438952632,0.00032362459546925567,0.0,0.0,0.0,0.0,0.0,0.0,0.0,0.0,0.0,0.0,0.0,0.0,0.0,0.0,0.0,0.0,0.0,0.0,0.0,0.0,0.0,0.0,0.0,0.0,0.0,0.0,0.0,0.0,0.0,0.0,nan,nan,4.25,2.961455822435191,nan,0.936758704186842,0.023681005118619806,0.0,0.0,0.0,0.0,0.0,0.0,0.0,0.0,0.0,0.0,0.0,0.0,0.0,0.0,0.0,0.0,0.0,0.0,0.0,0.0,0.0,0.0,0.0,0.0,0.0,0.06825938566552903,1.535836177474403,11.843003412969285,13.293515358361777,3.2593856655290105,0.9373342239370003,0.02350481780352746,0.0,0.0,0.0,0.0,0.0,0.0,0.0,0.0,0.0,0.0,0.0,0.0,0.0,0.0,0.0,0.0,0.0,0.0,0.0,0.0,0.0,0.0,0.0,0.0,0.0,0.03656307129798904,1.5173674588665451,11.462522851919564,13.747714808043877,3.23583180987203,0.3916,0.02396,0.0,0.0,0.0,0.0,0.0,0.0,0.0,0.0,0.0,0.1194539249146758,4.368600682593858,14.948805460750833,9.129692832764507,1.3993174061433449,0.03412969283276451,0.0,0.0,0.0,0.0,0.0,0.0,0.0,0.0,0.0,0.0,0.0,0.0,0.0,0.0,0.0,0.3914,0.02405,0.0,0.0,0.0,0.0,0.0,0.0,0.0,0.0,0.01828153564899452,0.10968921389396712,4.332723948811701,14.862888482632519,9.305301645338211,1.3528336380255945,0.01828153564899452,0.0,0.0,0.0,0.0,0.0,0.0,0.0,0.0,0.0,0.0,0.0,0.0,0.0,0.0,0.0
4800,3103,1667,0.5372220431840155,778,595,0.44247502417015794,824,0.5310989365130518,0.438,3.0759052924791086,3.212823184606184,6.832929782082324,2.2178410171046457,9388.951955637853,1425.6284751637713,7853.0,10783.93125808239,10712.063538298897,18.341453347430143,7853.0,0.0,28.801482436351918,21.16620623907842,33.69881814715974,19.34824491116187,0.13438607798904287,0.0970029004189494,0.08443441830486625,0.08604576216564615,0.08604576216564615,0.06896551724137931,0.07122139864647116,0.06380921688688367,0.056074766355140186,0.0602642603931679,0.0470512407347728,0.04447309055752498,0.03029326458266194,0.02997099581050596,0.019658395101514663,0.01160167579761521,0.008701256848211408,0.93693082746751,0.022892652941939956,0.0,0.0,0.0,0.0,0.0,0.0,0.0,0.0,0.0,0.0,0.0,0.0,0.0,0.0,0.0,0.0,0.0,0.0,0.0,0.0,0.0,0.0,0.0,0.0,0.0,0.029004189494038032,1.62423461166613,11.572671608121176,14.01869158878505,2.7553980019336133,4.20326409495549,2.975290463421621,nan,nan,nan,4.206726013847676,2.9294024775499192,4.1998021760633035,3.020477418921527,0.9983541029861274,0.3926,0.0232,0.0,0.0,0.0,0.0,0.0,0.0,0.0,0.0,0.0,0.11601675797615213,3.741540444730906,14.98549790525296,9.832420238478894,1.2858524009023529,0.038672252658717376,0.0,0.0,0.0,0.0,0.0,0.0,0.0,0.0,0.0,0.0,0.0,0.0,0.0,0.0,0.0,nan,nan,4.20326409495549,2.975290463421621,nan,0.3926,0.10706,0.0,0.0,0.0,0.0,0.0,0.0,0.0,0.0,0.0,0.0,0.00025781501772478247,0.0003222687721559781,3.222687721559781e-05,0.007412181759587496,0.004576216564614889,0.0,0.0006123106670963583,0.0005800837898807605,0.0014663229133097004,0.004141153722204319,0.00014502094747019013,0.008459555269094424,0.012133419271672575,0.0146954560103126,0.027457299387689333,0.011053818884950049,0.013067998710924912,0.051917499194328066,0.013664195939413471,0.03915565581695134,0.014453754431195617,0.017241379310344827,0.043200128907508864,0.01851434096036094,0.04139542378343539,0.0235256203673864,0.05169191105381889,0.03343538511118273,0.04174991943280696,0.05668707702223655,0.02929423138897841,0.0368353206574283,0.029197550757331613,0.03627135030615533,0.036561392201095715,0.03100225588140509,0.023557847244601998,0.02191427650660651,0.018401546890106348,0.005252980986142443,0.01693522397679665,0.020673541733805995,0.021350306155333548,0.002336448598130841,0.01073155011279407,0.011650016113438608,0.020995810505961974,0.0029809861424427973,0.015549468256525943,0.01398646471156945,0.009394134708346762,0.000499516596841766,0.010135352884305511,0.01044150821785369,0.0,0.0,0.0,0.00020947470190138575,0.010360941024814696,0.00017724782468578795,0.00025781501772478247,0.0,0.0,0.0,0.0,0.0,0.0,0.0,0.0,0.0,0.0,0.0,0.0,0.0,0.0,0.0,0.0,0.0,0.0,0.0,0.0,0.0,0.0,0.0,0.0,0.0,0.0,0.0,0.0,0.0,0.0,nan,nan,4.20326409495549,2.975290463421621,nan,0.9373495915583958,0.022711027861559003,0.0,0.0,0.0,0.0,0.0,0.0,0.0,0.0,0.0,0.0,0.0,0.0,0.0,0.0,0.0,0.0,0.0,0.0,0.0,0.0,0.0,0.0,0.0,0.0,0.0,0.03599280143971206,1.4577084583083386,11.643671265746853,14.109178164367128,2.753449310137973,0.9364446995152073,0.023092181217912264,0.0,0.0,0.0,0.0,0.0,0.0,0.0,0.0,0.0,0.0,0.0,0.0,0.0,0.0,0.0,0.0,0.0,0.0,0.0,0.0,0.0,0.0,0.0,0.0,0.0,0.020891364902506968,1.8175487465181062,11.490250696378833,13.91364902506964,2.7576601671309198,0.393,0.02327,0.0,0.0,0.0,0.0,0.0,0.0,0.0,0.0,0.0,0.14397120575884825,3.455308938212358,15.026994601079762,10.005998800239954,1.3137372525494904,0.053989202159568095,0.0,0.0,0.0,0.0,0.0,0.0,0.0,0.0,0.0,0.0,0.0,0.0,0.0,0.0,0.0,0.392,0.02312,0.0,0.0,0.0,0.0,0.0,0.0,0.0,0.0,0.0,0.08356545961002787,4.073816155988858,14.937325905292456,9.630919220055713,1.2534818941504182,0.020891364902506968,0.0,0.0,0.0,0.0,0.0,0.0,0.0,0.0,0.0,0.0,0.0,0.0,0.0,0.0,0.0
4900,3507,1812,0.5166809238665526,858,719,0.44967208440262335,1022,0.5828343313373253,0.40199999999999997,3.0141592920353983,3.097973471875309,6.632780082987552,2.112991858666293,9329.796759562647,1428.3835656342987,7853.0,10777.56299829483,10711.237436968102,18.271601125003162,7853.0,0.0,27.699173082406617,20.63722270126888,32.55216802168022,18.883306299938504,0.14143142286854862,0.09210151126318791,0.09580838323353294,0.0949529512403764,0.08126603934987169,0.07698887938408897,0.06387225548902195,0.06729398346164814,0.05503279155973767,0.05588822355289421,0.045337895637296836,0.04020530367835757,0.033932135728542916,0.025092671799258625,0.014827487881380098,0.009124607927003137,0.006843455945252352,0.9364807672197404,0.023357557617162013,0.0,0.0,0.0,0.0,0.0,0.0,0.0,0.0,0.0,0.0,0.0,0.0,0.0,0.0,0.0,0.0,0.0,0.0,0.0,0.0,0.0,0.0,0.0,0.0,0.0,0.008554319931565442,1.7365269461077848,11.676646706586828,13.498716852010267,3.0795551753635593,4.352448169386855,2.95439486411064,nan,nan,nan,4.34424778761062,2.916703134969233,4.360598065083553,2.9913617636129204,1.0037636613453687,0.3918,0.02354,0.0,0.0,0.0,0.0,0.0,0.0,0.0,0.0,0.0,0.18819503849443972,4.071856287425151,14.95295124037637,9.529512403763903,1.240376390076989,0.017108639863130885,0.0,0.0,0.0,0.0,0.0,0.0,0.0,0.0,0.0,0.0,0.0,0.0,0.0,0.0,0.0,nan,nan,4.352448169386855,2.95439486411064,nan,0.3918,0.1063,0.0,0.0,0.0,0.0,0.0,0.0,0.0,0.0,0.0,0.0,0.000213857998289136,0.0001853435985172512,4.2771599657827206e-05,0.007271171941830625,0.0045337895637296835,1.42571998859424e-05,0.0002708867978329056,0.000499001996007984,0.0012974051896207585,0.0050042771599657825,0.0,0.009538066723695466,0.013045337895637298,0.014143142286854862,0.025976618192187054,0.011006558311947533,0.013173652694610778,0.051211861990305106,0.013016823495865412,0.03917878528656972,0.014485315084117479,0.019917308240661534,0.04301397205588822,0.01852010265183918,0.04379811804961506,0.023609923011120616,0.0530938123752495,0.03138009694895923,0.04308525805531794,0.05585970915312233,0.027530652979754777,0.03669803250641574,0.03022526375819789,0.03504419731964642,0.036241802110065585,0.029954376960364983,0.02475049900199601,0.020544625035643,0.018562874251497007,0.005189620758483034,0.019746221842030225,0.02333903621328771,0.01911890504704876,0.0032934131736526945,0.00855431993156544,0.011904761904761904,0.021956087824351298,0.003321927573424579,0.015469061876247504,0.0129455374964357,0.008967778728257771,0.00047048759623609924,0.010322212717422298,0.008825206729398346,1.42571998859424e-05,0.0,0.0,0.0004562303963501568,0.00979469632164243,0.0001853435985172512,0.0001853435985172512,0.0,0.0,0.0,0.0,0.0,0.0,0.0,0.0,0.0,0.0,0.0,0.0,0.0,0.0,0.0,0.0,0.0,0.0,0.0,0.0,0.0,0.0,0.0,0.0,0.0,0.0,0.0,0.0,0.0,0.0,nan,nan,4.352448169386855,2.95439486411064,nan,0.9370942086836623,0.02371797348033809,0.0,0.0,0.0,0.0,0.0,0.0,0.0,0.0,0.0,0.0,0.0,0.0,0.0,0.0,0.0,0.0,0.0,0.0,0.0,0.0,0.0,0.0,0.0,0.0,0.0,0.01655629139072848,1.6887417218543048,11.473509933774837,13.576158940397354,3.245033112582782,0.9358249820087512,0.02294788077649045,0.0,0.0,0.0,0.0,0.0,0.0,0.0,0.0,0.0,0.0,0.0,0.0,0.0,0.0,0.0,0.0,0.0,0.0,0.0,0.0,0.0,0.0,0.0,0.0,0.0,0.0,1.7876106194690269,11.893805309734516,13.415929203539825,2.9026548672566377,0.3918,0.0237,0.0,0.0,0.0,0.0,0.0,0.0,0.0,0.0,0.0,0.1821192052980133,4.271523178807948,14.817880794701965,9.453642384105962,1.2582781456953644,0.01655629139072848,0.0,0.0,0.0,0.0,0.0,0.0,0.0,0.0,0.0,0.0,0.0,0.0,0.0,0.0,0.0,0.392,0.02339,0.0,0.0,0.0,0.0,0.0,0.0,0.0,0.0,0.0,0.1946902654867257,3.858407079646019,15.09734513274334,9.61061946902655,1.2212389380530977,0.01769911504424779,0.0,0.0,0.0,0.0,0.0,0.0,0.0,0.0,0.0,0.0,0.0,0.0,0.0,0.0,0.0
5000,3422,1775,0.5187025131502045,830,711,0.45032144944476915,984,0.5751022793687902,0.422,2.9508196721311477,3.0985646434586354,6.670329670329671,2.149648297607166,9335.501680880141,1428.1060646473709,7853.0,10768.522351145744,10711.096198293995,17.875757623568017,7853.0,0.0,28.137346580946815,20.966195880467126,33.28086743616649,19.097414743745652,0.14319111630625364,0.09468147282291058,0.09468147282291058,0.08182349503214495,0.08299240210403273,0.07422559906487435,0.06662770309760374,0.06224430157802455,0.0581531268264173,0.056399766218585626,0.046171829339567504,0.04178842781998831,0.03828170660432496,0.022793687901811806,0.019871420222092345,0.009351256575102279,0.0067212156633547635,0.9371762175367702,0.023030521369058313,0.0,0.0,0.0,0.0,0.0,0.0,0.0,0.0,0.0,0.0,0.0,0.0,0.0,0.0,0.0,0.0,0.0,0.0,0.0,0.0,0.0,0.0,0.0,0.0,0.0,0.017533606078316777,1.691992986557569,11.063705435417887,14.316189362945648,2.910578609000585,4.273258426966292,2.874127820916862,nan,nan,nan,4.30399274047187,2.8141402145153935,4.243098842386464,2.9314874879961996,0.9858517656145653,0.3916,0.02376,0.0,0.0,0.0,0.0,0.0,0.0,0.0,0.0,0.0,0.20163646990064293,4.199298655756868,15.008766803039137,9.41554646405611,1.1133839859731154,0.061367621274108726,0.0,0.0,0.0,0.0,0.0,0.0,0.0,0.0,0.0,0.0,0.0,0.0,0.0,0.0,0.0,nan,nan,4.273258426966292,2.874127820916862,nan,0.3916,0.1064,0.0,0.0,0.0,0.0,0.0,0.0,0.0,0.0,1.4611338398597312e-05,0.0,0.0002483927527761543,0.00018994739918176505,0.0,0.006531268264172998,0.004368790181180597,0.0,0.00020455873758036235,0.0001315020455873758,0.0013734658094681474,0.0046171829339567505,4.383401519579193e-05,0.010695499707773231,0.015458796025715956,0.01309175920514319,0.02537989479836353,0.010666277030976038,0.014114552893045003,0.048918760958503796,0.014523670368205727,0.038486265341905315,0.014757451782583284,0.02196084161309176,0.045718877849210984,0.019827586206896553,0.04070718877849211,0.025452951490356517,0.05168030391583869,0.03319696084161309,0.03933372296902396,0.05549386323787259,0.027527761542957333,0.03560783167738165,0.03087375803623612,0.038164815897136176,0.033722969023962594,0.030187025131502045,0.024298655756867328,0.019170075978959672,0.017840444184687318,0.005479251899473992,0.02086499123319696,0.023728813559322035,0.0217416715371128,0.0029368790181180594,0.008284628872004676,0.01277030976037405,0.021098772647574517,0.0030245470485096436,0.01396843950905903,0.011601402688486265,0.007583284628872005,0.0005260081823495032,0.010257159555815312,0.009585037989479836,5.844535359438925e-05,0.0,0.0,0.0001168907071887785,0.011455289304500292,7.305669199298655e-05,0.0002630040911747516,0.0,0.0,0.0,0.0,0.0,0.0,0.0,0.0,0.0,0.0,0.0,0.0,0.0,0.0,0.0,0.0,0.0,0.0,0.0,0.0,0.0,0.0,0.0,0.0,0.0,0.0,0.0,0.0,0.0,0.0,nan,nan,4.273258426966292,2.874127820916862,nan,0.9375069128963309,0.022913925858378745,0.0,0.0,0.0,0.0,0.0,0.0,0.0,0.0,0.0,0.0,0.0,0.0,0.0,0.0,0.0,0.0,0.0,0.0,0.0,0.0,0.0,0.0,0.0,0.0,0.0,0.01690140845070423,1.487323943661972,11.374647887323945,14.163380281690145,2.95774647887324,0.9368198215056711,0.023150232784250848,0.0,0.0,0.0,0.0,0.0,0.0,0.0,0.0,0.0,0.0,0.0,0.0,0.0,0.0,0.0,0.0,0.0,0.0,0.0,0.0,0.0,0.0,0.0,0.0,0.0,0.018214936247723138,1.9125683060109295,10.728597449908927,14.480874316939893,2.8597449908925325,0.391,0.02348,0.0,0.0,0.0,0.0,0.0,0.0,0.0,0.0,0.0,0.219718309859155,4.123943661971832,15.380281690140823,9.126760563380284,1.1154929577464792,0.03380281690140846,0.0,0.0,0.0,0.0,0.0,0.0,0.0,0.0,0.0,0.0,0.0,0.0,0.0,0.0,0.0,0.392,0.02405,0.0,0.0,0.0,0.0,0.0,0.0,0.0,0.0,0.0,0.18214936247723137,4.280510018214938,14.608378870673931,9.726775956284156,1.1111111111111114,0.09107468123861569,0.0,0.0,0.0,0.0,0.0,0.0,0.0,0.0,0.0,0.0,0.0,0.0,0.0,0.0,0.0
5100,3524,1882,0.5340522133938707,874,702,0.44721906923950056,976,0.5539160045402951,0.418,3.095006090133983,3.1672020344658955,6.7923728813559325,2.0124888368849683,9379.94740355901,1426.3340427885882,7853.0,10778.296195983887,10712.172502732175,18.91865056108627,7853.0,0.0,27.59761634506243,20.5835374692864,32.34039690548268,18.914571683625088,0.13649262202043133,0.10300794551645857,0.09562996594778661,0.09307604994324631,0.07945516458569807,0.07321225879682179,0.06441543700340523,0.06838819523269013,0.060158910329171394,0.05079455164585698,0.0510783200908059,0.04086265607264472,0.030079455164585697,0.022417707150964812,0.012485811577752554,0.010783200908059024,0.007661748013620885,0.9388220252534724,0.02345497986269792,0.0,0.0,0.0,0.0,0.0,0.0,0.0,0.0,0.0,0.0,0.0,0.0,0.0,0.0,0.0,0.0,0.0,0.0,0.0,0.0,0.0,0.0,0.0,0.0,0.0,0.008513053348467652,1.4557321225879685,10.896708286038594,14.216799091940981,3.422247446083996,4.350845948352627,2.9638316480040925,nan,nan,nan,4.2748433303491495,2.9499894689860753,4.4260407440212575,2.9755535397865396,1.035369112266334,0.391,0.02321,0.0,0.0,0.0,0.0,0.0,0.0,0.0,0.0,0.0,0.15323496027241773,3.967082860385926,15.340522133938684,9.372871736662885,1.1577752553916008,0.008513053348467652,0.0,0.0,0.0,0.0,0.0,0.0,0.0,0.0,0.0,0.0,0.0,0.0,0.0,0.0,0.0,nan,nan,4.350845948352627,2.9638316480040925,nan,0.391,0.1063,0.0,0.0,0.0,0.0,0.0,0.0,0.0,0.0,0.0,0.0,4.256526674233825e-05,0.0003830874006810443,1.4188422247446084e-05,0.005448354143019296,0.0034477866061293984,0.0,8.51305334846765e-05,0.00012769580022701477,0.0022985244040862655,0.004483541430192963,1.4188422247446084e-05,0.011535187287173666,0.01644438138479001,0.012599318955732122,0.026645856980703746,0.011762202043132804,0.014685017026106697,0.05009931895573212,0.01634506242905789,0.03806753688989784,0.017267309875141884,0.019211123723041998,0.042097048808172534,0.019125993189557322,0.04117480136208854,0.02457434733257662,0.05350454029511918,0.031441543700340524,0.03879114642451759,0.05388762769580023,0.030490919409761636,0.0344211123723042,0.03212258796821794,0.03799659477866061,0.03169693530079455,0.03036322360953462,0.025553348467650398,0.021240068104426787,0.018303064699205448,0.005051078320090806,0.020062429057888763,0.02054483541430193,0.0219211123723042,0.0025397275822928492,0.007746878547105562,0.013847900113507379,0.022332576617480136,0.0039301929625425655,0.013762769580022701,0.012159477866061294,0.007690124858115778,0.000681044267877412,0.009222474460839954,0.007902951191827469,0.00012769580022701477,0.0,4.256526674233825e-05,8.51305334846765e-05,0.012272985244040862,0.00015607264472190693,0.00012769580022701477,0.0,0.0,0.0,0.0,0.0,0.0,0.0,0.0,0.0,0.0,0.0,0.0,0.0,0.0,0.0,0.0,0.0,0.0,0.0,0.0,0.0,0.0,0.0,0.0,0.0,0.0,0.0,0.0,0.0,0.0,nan,nan,4.350845948352627,2.9638316480040925,nan,0.9386760689373604,0.023670428881355465,0.0,0.0,0.0,0.0,0.0,0.0,0.0,0.0,0.0,0.0,0.0,0.0,0.0,0.0,0.0,0.0,0.0,0.0,0.0,0.0,0.0,0.0,0.0,0.0,0.0,0.015940488841657816,1.3549415515409142,11.238044633368759,13.947927736450588,3.443145589798088,0.938989315014083,0.02320445089448932,0.0,0.0,0.0,0.0,0.0,0.0,0.0,0.0,0.0,0.0,0.0,0.0,0.0,0.0,0.0,0.0,0.0,0.0,0.0,0.0,0.0,0.0,0.0,0.0,0.0,0.0,1.5712545676004874,10.505481120584655,14.524969549330088,3.3982947624847752,0.3918,0.02304,0.0,0.0,0.0,0.0,0.0,0.0,0.0,0.0,0.0,0.12752391073326252,3.7141339001062708,15.127523910733242,9.899043570669502,1.115834218916047,0.015940488841657816,0.0,0.0,0.0,0.0,0.0,0.0,0.0,0.0,0.0,0.0,0.0,0.0,0.0,0.0,0.0,0.3904,0.02339,0.0,0.0,0.0,0.0,0.0,0.0,0.0,0.0,0.0,0.1827040194884288,4.257003654080391,15.58465286236295,8.769792935444581,1.20584652862363,0.0,0.0,0.0,0.0,0.0,0.0,0.0,0.0,0.0,0.0,0.0,0.0,0.0,0.0,0.0,0.0
5200,3491,1802,0.5161844743626468,815,698,0.4334001718705242,969,0.5551417931824693,0.426,3.013617525162818,3.163090760602876,6.614255765199162,2.253821846490143,9329.397470941349,1429.4158715336685,7853.0,10778.783321380615,10713.21285852178,18.051133719054654,7853.0,0.0,27.80206244629046,20.959005868554588,32.93436426116838,19.185426022762016,0.14494414207963335,0.09452878831280435,0.10111715840733314,0.08106559725007162,0.08163849899742194,0.07820108851331997,0.06617015181896305,0.06359209395588657,0.05385276425093097,0.05385276425093097,0.04497278716700086,0.03695216270409625,0.03781151532512174,0.02606702950443999,0.016614150673159554,0.013463191062732742,0.005156115726152965,0.9391930707714613,0.02354675119692963,0.0,0.0,0.0,0.0,0.0,0.0,0.0,0.0,0.0,0.0,0.0,0.0,0.0,0.0,0.0,0.0,0.0,0.0,0.0,0.0,0.0,0.0,0.0,0.0,0.0,0.051561157261529655,1.503867086794615,10.32941850472644,14.56602692638213,3.549126324835292,4.39478417266187,2.9355624251546266,nan,nan,nan,4.326184092940125,2.9235023137398457,4.465579710144928,2.9471018724409315,1.0322213789820645,0.3933,0.02249,0.0,0.0,0.0,0.0,0.0,0.0,0.0,0.0,0.0,0.04296763105127471,3.446004010312232,15.219134918361478,10.002864508736753,1.2718418791177315,0.017187052420509885,0.0,0.0,0.0,0.0,0.0,0.0,0.0,0.0,0.0,0.0,0.0,0.0,0.0,0.0,0.0,nan,nan,4.39478417266187,2.9355624251546266,nan,0.3933,0.10675,0.0,0.0,0.0,0.0,0.0,0.0,0.0,0.0,0.0,0.0,5.729017473503294e-05,0.00048696648524778,0.0,0.004883987396161559,0.0027499283872815814,0.0,0.0,0.00022916069894013177,0.00267831566886279,0.0037238613577771414,0.0,0.011171584073331424,0.016599828129475795,0.01372099684904039,0.02337439129189344,0.012861644228014895,0.013305643082211402,0.04949871097106846,0.01592666857633916,0.03847035233457462,0.016499570323689487,0.01876253222572329,0.04511601260383844,0.017716986536808938,0.03865654540246348,0.02248639358350043,0.052621025494127754,0.032798625035806356,0.04112002291606989,0.052835863649384134,0.030736178745345174,0.0331280435405328,0.03332855915210541,0.038298481810369524,0.03012030936694357,0.03527642509309653,0.026109997135491263,0.020739043254081924,0.018304210827843025,0.0048410197651102835,0.019779432827270124,0.01803208249785162,0.02330277857347465,0.002907476367802922,0.0071469492981953596,0.012933256946433687,0.023875680320824978,0.004969922658264108,0.013921512460613005,0.013534803781151532,0.006760240618733887,0.0008450300773417359,0.011157261529647666,0.007318819822400458,0.00045832139788026354,7.161271841879118e-05,0.0,0.00011458034947006589,0.013090804926955028,0.00014322543683758235,0.0003007734173589229,0.0,0.00010025780578630765,0.0,0.0,0.0,0.0,0.0,0.0,0.0,0.0,0.0,0.0,0.0,0.0,0.0,0.0,0.0,0.0,0.0,0.0,0.0,0.0,0.0,0.0,0.0,0.0,0.0,0.0,0.0,0.0,nan,nan,4.39478417266187,2.9355624251546266,nan,0.9395096193870879,0.02308136169522774,0.0,0.0,0.0,0.0,0.0,0.0,0.0,0.0,0.0,0.0,0.0,0.0,0.0,0.0,0.0,0.0,0.0,0.0,0.0,0.0,0.0,0.0,0.0,0.0,0.0,0.06659267480577138,1.3318534961154276,10.288568257491677,14.866814650388461,3.4461709211986693,0.9388553439476844,0.024028744895664613,0.0,0.0,0.0,0.0,0.0,0.0,0.0,0.0,0.0,0.0,0.0,0.0,0.0,0.0,0.0,0.0,0.0,0.0,0.0,0.0,0.0,0.0,0.0,0.0,0.0,0.0355239786856128,1.6873889875666077,10.373001776198937,14.24511545293073,3.6589698046181183,0.393,0.02254,0.0,0.0,0.0,0.0,0.0,0.0,0.0,0.0,0.0,0.06659267480577138,3.4461709211986693,15.532741398446149,9.77247502774695,1.182019977802442,0.0,0.0,0.0,0.0,0.0,0.0,0.0,0.0,0.0,0.0,0.0,0.0,0.0,0.0,0.0,0.0,0.3938,0.02245,0.0,0.0,0.0,0.0,0.0,0.0,0.0,0.0,0.0,0.0177619893428064,3.445825932504441,14.884547069271736,10.248667850799292,1.3676731793960926,0.0355239786856128,0.0,0.0,0.0,0.0,0.0,0.0,0.0,0.0,0.0,0.0,0.0,0.0,0.0,0.0,0.0
5300,3723,1950,0.523771152296535,910,741,0.44345957561106636,1024,0.5500940102068225,0.418,3.027072758037225,3.1090991859751544,6.6982248520710055,2.073039294823752,9350.3842611066,1427.868713685918,7853.0,10766.795816540718,10711.8521046666,17.93841318026918,7853.0,0.0,27.680902497985496,20.58325541509668,32.46845124282983,18.873783050542748,0.1404781090518399,0.0953532097770615,0.0972334139135106,0.08380338436744561,0.08756379264034381,0.08058017727639001,0.0679559495030889,0.0623153370937416,0.05694332527531561,0.0470051034112275,0.052377115229653506,0.038947085683588505,0.035723878592532905,0.020950846091861403,0.0166532366371206,0.011281224818694601,0.004834810636583401,0.9389952989217577,0.023226987907472307,0.0,0.0,0.0,0.0,0.0,0.0,0.0,0.0,0.0,0.0,0.0,0.0,0.0,0.0,0.0,0.0,0.0,0.0,0.0,0.0,0.0,0.0,0.0,0.0,0.0,0.06446414182111203,1.1361804995970994,10.91055600322321,14.31103948428687,3.5777598710717173,4.316185696361355,2.9147201090167574,nan,nan,nan,4.3552188552188555,2.918952588063337,4.276206322795341,2.910806576503655,0.9818579651103333,0.3918,0.02295,0.0,0.0,0.0,0.0,0.0,0.0,0.0,0.0,0.0,0.13698630136986303,3.9967767929089453,15.06849315068491,9.68573730862208,1.1039484286865433,0.008058017727639004,0.0,0.0,0.0,0.0,0.0,0.0,0.0,0.0,0.0,0.0,0.0,0.0,0.0,0.0,0.0,nan,nan,4.316185696361355,2.9147201090167574,nan,0.3918,0.1063,0.0,0.0,0.0,0.0,0.0,0.0,0.0,0.0,0.0,0.0,0.000147730325006715,0.0005774912704807951,0.0,0.004472199838839646,0.0026457158205748055,0.0,0.0,0.00024174053182917003,0.00236368520010744,0.003975288745635241,2.6860059092130003e-05,0.008675799086757991,0.01939296266451786,0.014947622884770346,0.023072790760139673,0.014464141821112006,0.013524039752887457,0.05056406124093473,0.015807144775718505,0.040572119258662366,0.016532366371206017,0.019634703196347032,0.041901692183722805,0.017606768734891216,0.039605157131345686,0.023233951114692453,0.05307547676604889,0.03648939027665861,0.04272092398603277,0.048106365834004836,0.03506580714477572,0.033467633628793986,0.03219178082191781,0.03662369057211926,0.030539887187751812,0.031506849315068496,0.02279076013967231,0.021044856298683856,0.019218372280419015,0.005170561375235026,0.017835079237174322,0.01829170024174053,0.02311308084877787,0.002672575879666935,0.007198495836690841,0.013913510609723342,0.026631748589846897,0.004042438893365565,0.011993016384636046,0.014329841525651357,0.0056003223207091056,0.0008863819500402901,0.010797743755036261,0.0075073865162503355,0.00059092130002686,9.401020682245501e-05,0.0,1.3430029546065002e-05,0.011885576148267527,0.000201450443190975,0.00034918076819769,0.0,5.372011818426001e-05,0.0,0.0,0.0,0.0,0.0,0.0,0.0,0.0,0.0,0.0,0.0,0.0,0.0,0.0,0.0,0.0,0.0,0.0,0.0,0.0,0.0,0.0,0.0,0.0,0.0,0.0,0.0,0.0,nan,nan,4.316185696361355,2.9147201090167574,nan,0.9384254987728902,0.023000246932653144,0.0,0.0,0.0,0.0,0.0,0.0,0.0,0.0,0.0,0.0,0.0,0.0,0.0,0.0,0.0,0.0,0.0,0.0,0.0,0.0,0.0,0.0,0.0,0.0,0.0,0.030769230769230778,1.3692307692307695,10.584615384615386,14.692307692307695,3.323076923076924,0.9396219826726273,0.023457858935074818,0.0,0.0,0.0,0.0,0.0,0.0,0.0,0.0,0.0,0.0,0.0,0.0,0.0,0.0,0.0,0.0,0.0,0.0,0.0,0.0,0.0,0.0,0.0,0.0,0.0,0.10152284263959392,0.8798646362098141,11.269035532994925,13.891708967851104,3.8578680203045694,0.3916,0.02301,0.0,0.0,0.0,0.0,0.0,0.0,0.0,0.0,0.0,0.12307692307692311,4.215384615384616,14.784615384615364,9.692307692307693,1.1846153846153848,0.0,0.0,0.0,0.0,0.0,0.0,0.0,0.0,0.0,0.0,0.0,0.0,0.0,0.0,0.0,0.0,0.392,0.02287,0.0,0.0,0.0,0.0,0.0,0.0,0.0,0.0,0.0,0.1522842639593909,3.7563451776649757,15.380710659898455,9.678510998307955,1.0152284263959392,0.016920473773265655,0.0,0.0,0.0,0.0,0.0,0.0,0.0,0.0,0.0,0.0,0.0,0.0,0.0,0.0,0.0
5400,3696,1919,0.5192099567099567,890,743,0.44182900432900435,1057,0.571969696969697,0.40599999999999997,2.9651097355092855,3.0230624329656326,6.351043643263757,2.109910169223784,9337.567800467374,1428.643671816201,7853.0,10768.383530974388,10712.282225392088,17.879053327177278,7853.0,0.0,28.436958874458874,20.953303778554922,33.08176901049952,19.274974794107795,0.12987012987012986,0.10254329004329005,0.09063852813852814,0.09307359307359307,0.07927489177489178,0.06601731601731602,0.0698051948051948,0.06791125541125541,0.06141774891774892,0.049512987012987016,0.0533008658008658,0.03787878787878788,0.03165584415584415,0.028409090909090908,0.021374458874458876,0.011093073593073594,0.006222943722943723,0.9390376908503053,0.023168528514923195,0.0,0.0,0.0,0.0,0.0,0.0,0.0,0.0,0.0,0.0,0.0,0.0,0.0,0.0,0.0,0.0,0.0,0.0,0.0,0.0,0.0,0.0,0.0,0.0,0.0,0.03246753246753248,1.371753246753247,10.560064935064936,14.399350649350653,3.636363636363637,4.189883913764511,2.8213114259705034,nan,nan,nan,4.157107231920199,2.8159542400284847,4.222497932175352,2.826254679580407,1.0157298565100876,0.3918,0.02289,0.0,0.0,0.0,0.0,0.0,0.0,0.0,0.0,0.0,0.0892857142857143,3.952922077922079,15.389610389610368,9.350649350649352,1.2094155844155847,0.00811688311688312,0.0,0.0,0.0,0.0,0.0,0.0,0.0,0.0,0.0,0.0,0.0,0.0,0.0,0.0,0.0,nan,nan,4.189883913764511,2.8213114259705034,nan,0.3918,0.10583,0.0,0.0,0.0,0.0,0.0,0.0,0.0,0.0,0.0,0.0,6.764069264069264e-05,0.000487012987012987,5.411255411255411e-05,0.004153138528138528,0.002313311688311688,0.0,0.0,6.764069264069264e-05,0.0027867965367965367,0.003923160173160173,5.411255411255411e-05,0.00799512987012987,0.0200487012987013,0.01462391774891775,0.021550324675324674,0.012892316017316018,0.015124458874458874,0.04945887445887446,0.016030844155844156,0.04131493506493507,0.019007034632034632,0.019439935064935066,0.04215367965367965,0.016220238095238097,0.039299242424242424,0.023877164502164504,0.05258387445887446,0.03509199134199134,0.045251623376623376,0.04752435064935065,0.03528138528138528,0.036093073593073594,0.03250811688311688,0.036052489177489176,0.03145292207792208,0.03256222943722944,0.023024891774891774,0.019696969696969695,0.020089285714285716,0.004369588744588745,0.018885281385281387,0.01765422077922078,0.020508658008658007,0.00266504329004329,0.00883387445887446,0.01323051948051948,0.02654220779220779,0.0038555194805194805,0.01148538961038961,0.012838203463203463,0.004531926406926407,0.0008387445887445888,0.012229437229437229,0.007481060606060606,0.0005817099567099567,5.411255411255411e-05,2.7056277056277056e-05,0.0,0.012635281385281385,4.0584415584415584e-05,0.0005546536796536797,0.0,0.0,0.0,0.0,0.0,0.0,0.0,0.0,0.0,0.0,0.0,0.0,0.0,0.0,0.0,0.0,0.0,0.0,0.0,0.0,0.0,0.0,0.0,0.0,0.0,0.0,0.0,0.0,0.0,0.0,nan,nan,4.189883913764511,2.8213114259705034,nan,0.9393857802929761,0.023144875413819453,0.0,0.0,0.0,0.0,0.0,0.0,0.0,0.0,0.0,0.0,0.0,0.0,0.0,0.0,0.0,0.0,0.0,0.0,0.0,0.0,0.0,0.0,0.0,0.0,0.0,0.03126628452318917,1.1881188118811883,10.755601875977073,14.28869202709745,3.7363210005211056,0.9386617855939827,0.023188177021391334,0.0,0.0,0.0,0.0,0.0,0.0,0.0,0.0,0.0,0.0,0.0,0.0,0.0,0.0,0.0,0.0,0.0,0.0,0.0,0.0,0.0,0.0,0.0,0.0,0.0,0.033764772087788414,1.5700619020821611,10.348902644907149,14.51885199774902,3.5284186831738897,0.3914,0.02274,0.0,0.0,0.0,0.0,0.0,0.0,0.0,0.0,0.0,0.09379885356956749,4.017717561229808,15.554976550286584,9.192287649817615,1.1412193850964045,0.0,0.0,0.0,0.0,0.0,0.0,0.0,0.0,0.0,0.0,0.0,0.0,0.0,0.0,0.0,0.0,0.3923,0.02303,0.0,0.0,0.0,0.0,0.0,0.0,0.0,0.0,0.0,0.08441193021947103,3.882948790095668,15.211029825548655,9.521665728756332,1.2830613393359598,0.016882386043894207,0.0,0.0,0.0,0.0,0.0,0.0,0.0,0.0,0.0,0.0,0.0,0.0,0.0,0.0,0.0
5500,3717,1914,0.5149313962873285,895,772,0.44847995695453324,1055,0.5676620930858219,0.418,2.987798114254021,3.081777940364623,6.566074950690335,2.062407245730667,9324.735859691567,1428.480821559771,7853.0,10777.507457017899,10711.120266705097,17.94449564141378,7853.0,0.0,27.836158192090394,20.902641583426302,32.84543701799486,19.158742351342056,0.13962873284907182,0.10008071025020178,0.09631423190745225,0.08824320688727469,0.08340059187516814,0.06914178100618779,0.06887274683884853,0.0645682001614205,0.05918751681463546,0.05084745762711865,0.045466774280333605,0.03981705676620931,0.03336023675006726,0.025558245897228948,0.01694915254237288,0.010492332526230832,0.008071025020177562,0.9388022636706578,0.02319273384544835,0.0,0.0,0.0,0.0,0.0,0.0,0.0,0.0,0.0,0.0,0.0,0.0,0.0,0.0,0.0,0.0,0.0,0.0,0.0,0.0,0.0,0.0,0.0,0.0,0.0,0.02421307506053269,1.4769975786924943,11.073446327683618,13.817594834543991,3.6077481840193713,4.319229157938835,2.887410184034001,nan,nan,nan,4.3669491525423725,2.9349026226084907,4.274461028192372,2.8398598229467247,0.9788208836147873,0.3901,0.0222,0.0,0.0,0.0,0.0,0.0,0.0,0.0,0.0,0.0,0.1533494753833737,4.213075060532689,16.02098466505244,8.805488297013722,0.7828894269572237,0.02421307506053269,0.0,0.0,0.0,0.0,0.0,0.0,0.0,0.0,0.0,0.0,0.0,0.0,0.0,0.0,0.0,nan,nan,4.319229157938835,2.887410184034001,nan,0.3901,0.1054,0.0,0.0,0.0,0.0,0.0,0.0,0.0,0.0,0.0,0.0,0.00013451708366962604,0.0005246166263115416,0.00013451708366962604,0.003080441216034436,0.0024885660478880817,0.0,2.690341673392521e-05,5.380683346785042e-05,0.003188054882970137,0.0044794188861985475,4.0355125100887815e-05,0.008340059187516815,0.021778315846112457,0.016801183750336294,0.01973365617433414,0.013249932741458165,0.014796879203658865,0.04995964487489911,0.015415657788539145,0.04474038202851762,0.018321226795803065,0.019693301049233253,0.04330104923325262,0.0157923056228141,0.04036857680925478,0.02320419693301049,0.05419693301049233,0.03403282216841539,0.0439198278181329,0.04814366424535916,0.034221146085552864,0.03750336292709174,0.03313155770782889,0.035768092547753566,0.029472693032015065,0.03015873015873016,0.021307506053268765,0.017958030669895077,0.020648372343287598,0.004317998385794996,0.018926553672316385,0.017984934086629004,0.021455474845305352,0.002111918213613129,0.009214420231369385,0.01369383911756793,0.027818132902878667,0.003699219800914716,0.011824051654560129,0.013344094700026904,0.005622814097390369,0.0010492332526230832,0.009981167608286252,0.006833467850417003,0.0006187785848802798,9.416195856873823e-05,5.380683346785042e-05,1.3451708366962605e-05,0.010626849609900457,2.690341673392521e-05,0.000578423459779392,0.0,0.0,0.0,0.0,0.0,0.0,0.0,0.0,0.0,0.0,0.0,0.0,0.0,0.0,0.0,0.0,0.0,0.0,0.0,0.0,0.0,0.0,0.0,0.0,0.0,0.0,0.0,0.0,0.0,0.0,nan,nan,4.319229157938835,2.887410184034001,nan,0.9384608271229106,0.023084040342941856,0.0,0.0,0.0,0.0,0.0,0.0,0.0,0.0,0.0,0.0,0.0,0.0,0.0,0.0,0.0,0.0,0.0,0.0,0.0,0.0,0.0,0.0,0.0,0.0,0.0,0.0,1.5360501567398122,11.26959247648903,13.605015673981194,3.5893416927899695,0.9391647204384828,0.023302090534511807,0.0,0.0,0.0,0.0,0.0,0.0,0.0,0.0,0.0,0.0,0.0,0.0,0.0,0.0,0.0,0.0,0.0,0.0,0.0,0.0,0.0,0.0,0.0,0.0,0.0,0.049916805324459246,1.414309484193012,10.865224625623963,14.043261231281202,3.6272878535773723,0.3901,0.02235,0.0,0.0,0.0,0.0,0.0,0.0,0.0,0.0,0.0,0.21943573667711605,4.122257053291537,15.956112852664553,8.871473354231977,0.7836990595611286,0.04702194357366772,0.0,0.0,0.0,0.0,0.0,0.0,0.0,0.0,0.0,0.0,0.0,0.0,0.0,0.0,0.0,0.3904,0.02203,0.0,0.0,0.0,0.0,0.0,0.0,0.0,0.0,0.0,0.0831946755407654,4.309484193011648,16.089850249584003,8.735440931780369,0.7820299500831948,0.0,0.0,0.0,0.0,0.0,0.0,0.0,0.0,0.0,0.0,0.0,0.0,0.0,0.0,0.0,0.0
5600,3788,1975,0.5213833157338965,888,779,0.4400739176346357,1079,0.5696937697993664,0.43,3.087699944842802,3.212209171261941,6.875494071146245,2.077146552213388,9343.241831338173,1427.8755777152057,7853.0,10771.395010709763,10711.246104865315,18.134997703559723,7853.0,0.0,27.41921858500528,20.900618924000458,32.56049539536361,19.18694881019452,0.14598732840549103,0.10163674762407603,0.09424498416050686,0.0908130939809926,0.08579725448785638,0.06890179514255544,0.06678986272439282,0.05992608236536431,0.062038014783526926,0.05332629355860612,0.038542766631467794,0.03801478352692714,0.03167898627243928,0.026399155227032733,0.016367476240760296,0.011351636747624076,0.008183738120380148,0.939009499713511,0.023782468686208424,0.0,0.0,0.0,0.0,0.0,0.0,0.0,0.0,0.0,0.0,0.0,0.0,0.0,0.0,0.0,0.0,0.0,0.0,0.0,0.0,0.0,0.0,0.0,0.0,0.0,0.03959873284054911,1.5443505807814153,10.541182682154172,14.136747624076033,3.738120380147836,4.498331943286072,2.9657126905756304,nan,nan,nan,4.4707357859531776,2.9280639203226566,4.525790349417638,3.002453309021134,1.0123144301296978,0.39,0.02264,0.0,0.0,0.0,0.0,0.0,0.0,0.0,0.0,0.0,0.11087645195353751,4.4904963041182695,15.76821541710663,8.640443505807816,0.9741288278775082,0.015839493136219646,0.0,0.0,0.0,0.0,0.0,0.0,0.0,0.0,0.0,0.0,0.0,0.0,0.0,0.0,0.0,nan,nan,4.498331943286072,2.9657126905756304,nan,0.39,0.1042,0.0,0.0,0.0,0.0,0.0,0.0,0.0,0.0,0.0,0.0,5.279831045406547e-05,0.00013199577613516366,0.00013199577613516366,0.002719112988384372,0.0021647307286166845,0.0,1.3199577613516367e-05,2.6399155227032734e-05,0.003260295670538543,0.004157866948257656,0.00010559662090813094,0.007457761351636748,0.022624076029567054,0.01737064413938754,0.02170010559662091,0.014123548046462514,0.01631467793030623,0.04823125659978881,0.015232312565997889,0.043070221752903905,0.017265047518479407,0.01865100316789863,0.04429778247096093,0.015166314677930306,0.04073389651531151,0.021964097148891235,0.05014519535374868,0.03416050686378036,0.04425818373812038,0.053313093980992605,0.03698521647307286,0.03648363252375924,0.033606124604012674,0.03862196409714889,0.029487856388595565,0.03214097148891235,0.020881731784582892,0.017410242872228088,0.019363780359028512,0.005002639915522703,0.017489440337909185,0.018545406546990495,0.02100052798310454,0.0018611404435058079,0.009239704329461458,0.012434002111932418,0.02827349524815206,0.0037882787750791974,0.012117212249208024,0.01308078141499472,0.00541182682154171,0.0010163674762407604,0.009754487856388596,0.007338965153115101,0.0007919746568109821,0.0001187961985216473,0.0,7.919746568109821e-05,0.008091341077085533,3.9598732840549105e-05,0.0006995776135163674,0.0,0.0,0.0,0.0,0.0,0.0,0.0,0.0,0.0,0.0,0.0,0.0,0.0,0.0,0.0,0.0,0.0,0.0,0.0,0.0,0.0,0.0,0.0,0.0,0.0,0.0,0.0,0.0,0.0,0.0,nan,nan,4.498331943286072,2.9657126905756304,nan,0.9395003576218327,0.024204169272398112,0.0,0.0,0.0,0.0,0.0,0.0,0.0,0.0,0.0,0.0,0.0,0.0,0.0,0.0,0.0,0.0,0.0,0.0,0.0,0.0,0.0,0.0,0.0,0.0,0.0,0.030379746835443044,1.6405063291139246,10.17721518987342,14.020253164556966,4.131645569620254,0.9384747813632984,0.023302644671519854,0.0,0.0,0.0,0.0,0.0,0.0,0.0,0.0,0.0,0.0,0.0,0.0,0.0,0.0,0.0,0.0,0.0,0.0,0.0,0.0,0.0,0.0,0.0,0.0,0.0,0.04964147821290679,1.439602868174297,10.937672366243797,14.263651406508554,3.3094318808604526,0.3894,0.02242,0.0,0.0,0.0,0.0,0.0,0.0,0.0,0.0,0.0,0.09113924050632913,4.5721518987341785,15.8278481012658,8.658227848101268,0.8354430379746838,0.015189873417721522,0.0,0.0,0.0,0.0,0.0,0.0,0.0,0.0,0.0,0.0,0.0,0.0,0.0,0.0,0.0,0.3904,0.02292,0.0,0.0,0.0,0.0,0.0,0.0,0.0,0.0,0.0,0.1323772752344181,4.4015444015444025,15.703254274682823,8.62107004964148,1.125206839492554,0.016547159404302264,0.0,0.0,0.0,0.0,0.0,0.0,0.0,0.0,0.0,0.0,0.0,0.0,0.0,0.0,0.0
5700,3997,2031,0.5081310983237428,952,856,0.4523392544408306,1145,0.5729296972729547,0.39799999999999996,2.914038657171923,3.0725768751396534,6.577437858508604,2.2260468208946773,9305.528959055648,1429.1556505237832,7853.0,10768.16238951683,10711.571269987899,18.220846247695967,7853.0,0.0,27.77132849637228,20.67378297598978,32.74059701492537,18.888846735225968,0.14085564173129847,0.09357017763322492,0.09832374280710533,0.08631473605203903,0.08006004503377533,0.08056042031523643,0.06604953715286464,0.06755066299724793,0.059794846134600954,0.05228921691268451,0.04653490117588191,0.03502626970227671,0.03377533149862397,0.026019514635976983,0.01576182136602452,0.0120090067550663,0.0055041280960720545,0.9396257130300996,0.023872835550685246,0.0,0.0,0.0,0.0,0.0,0.0,0.0,0.0,0.0,0.0,0.0,0.0,0.0,0.0,0.0,0.0,0.0,0.0,0.0,0.0,0.0,0.0,0.0,0.0,0.0,0.015011258443832878,1.5161371028271207,10.275206404803605,14.23067300475357,3.96297222917188,4.293385214007782,2.8550445183577646,nan,nan,nan,4.25599381283836,2.777974642648418,4.334639498432602,2.929167573847774,1.018478806373497,0.3904,0.02234,0.0,0.0,0.0,0.0,0.0,0.0,0.0,0.0,0.0,0.12759569677257945,4.113084813610208,15.746810107580664,9.134350763072305,0.8556417312984741,0.022516887665749316,0.0,0.0,0.0,0.0,0.0,0.0,0.0,0.0,0.0,0.0,0.0,0.0,0.0,0.0,0.0,nan,nan,4.293385214007782,2.8550445183577646,nan,0.3904,0.10364,0.0,0.0,0.0,0.0,0.0,0.0,0.0,0.0,0.0,0.0,3.752814610958219e-05,2.5018764073054793e-05,0.00011258443832874655,0.0027895921941456093,0.0023892919689767326,0.0,0.0,5.0037528146109585e-05,0.00268951713785339,0.0036777583187390544,0.00016262196647485615,0.006654991243432574,0.022942206654991245,0.015886915186389794,0.02122842131598699,0.01315986990242682,0.016437327995996998,0.05,0.013297473104828622,0.041993995496622465,0.016087065298974232,0.01843882912184138,0.04578433825369027,0.015999499624718538,0.04357017763322492,0.022116587440580437,0.05068801601200901,0.034038028521391046,0.04355766825118839,0.05138854140605454,0.03755316487365524,0.03715286464848636,0.03593945459094321,0.03984238178633975,0.029697272954716036,0.031198398799099324,0.019151863897923442,0.016775081310983236,0.0211408556417313,0.004978734050537903,0.01710032524393295,0.021791343507630723,0.020452839629722292,0.00211408556417313,0.008769076807605703,0.012034025519139355,0.026745058794095573,0.0034650988241180887,0.01224668501376032,0.013722792094070553,0.005053790342757068,0.001138353765323993,0.00840630472854641,0.007905929447085314,0.0007005253940455342,0.0003002251688766575,1.2509382036527396e-05,8.756567425569177e-05,0.008656492369276958,3.752814610958219e-05,0.0006254691018263697,0.0,0.0,0.0,0.0,0.0,0.0,0.0,0.0,0.0,0.0,0.0,0.0,0.0,0.0,0.0,0.0,0.0,0.0,0.0,0.0,0.0,0.0,0.0,0.0,0.0,0.0,0.0,0.0,0.0,0.0,nan,nan,4.293385214007782,2.8550445183577646,nan,0.9390721793893169,0.023886864353427174,0.0,0.0,0.0,0.0,0.0,0.0,0.0,0.0,0.0,0.0,0.0,0.0,0.0,0.0,0.0,0.0,0.0,0.0,0.0,0.0,0.0,0.0,0.0,0.0,0.0,0.01477104874446086,1.5214180206794687,10.827178729689809,13.751846381093062,3.884785819793206,0.9401975476305215,0.023844844083544484,0.0,0.0,0.0,0.0,0.0,0.0,0.0,0.0,0.0,0.0,0.0,0.0,0.0,0.0,0.0,0.0,0.0,0.0,0.0,0.0,0.0,0.0,0.0,0.0,0.0,0.015259409969481184,1.510681586978637,9.704984740590032,14.725330620549343,4.0437436419125135,0.3904,0.02232,0.0,0.0,0.0,0.0,0.0,0.0,0.0,0.0,0.0,0.10339734121122603,4.254062038404728,15.627769571639563,9.231905465288037,0.738552437223043,0.044313146233382575,0.0,0.0,0.0,0.0,0.0,0.0,0.0,0.0,0.0,0.0,0.0,0.0,0.0,0.0,0.0,0.3904,0.02237,0.0,0.0,0.0,0.0,0.0,0.0,0.0,0.0,0.0,0.15259409969481183,3.967446592065108,15.869786368260405,9.033570701932861,0.9766022380467958,0.0,0.0,0.0,0.0,0.0,0.0,0.0,0.0,0.0,0.0,0.0,0.0,0.0,0.0,0.0,0.0
5800,4037,2111,0.5229130542482041,981,811,0.4438939806787218,1088,0.5390141193955907,0.442,3.0109034267912773,3.182797986988799,6.786538461538462,2.204586900615819,9347.619800167035,1427.6864080460387,7853.0,10769.831203460693,10711.256813488544,18.009322423616965,7853.0,0.0,27.646767401535794,20.95802031171656,32.93512705530643,19.13839864544077,0.14763438196680703,0.10676244736190241,0.08843200396333911,0.08323012137726034,0.07629427792915532,0.07406489967797869,0.070349269259351,0.06489967797869706,0.05969779539261828,0.04756006935843448,0.04681694327470894,0.040376517215754276,0.03467921724052514,0.025761704235818677,0.015853356452811492,0.010899182561307902,0.006688134753529849,0.9392924504555302,0.023314351181690705,0.0,0.0,0.0,0.0,0.0,0.0,0.0,0.0,0.0,0.0,0.0,0.0,0.0,0.0,0.0,0.0,0.0,0.0,0.0,0.0,0.0,0.0,0.0,0.0,0.0,0.022293782511766166,1.411939559078524,10.63413425811246,14.245727025018581,3.685905375278673,4.351246105919003,2.964692017519951,nan,nan,nan,4.309837335398916,2.9908283589221996,4.393108848864526,2.9374394954191385,1.0193212659748567,0.3904,0.02313,0.0,0.0,0.0,0.0,0.0,0.0,0.0,0.0,0.0,0.1411939559078524,4.458756502353234,15.308397324746077,9.081000743126086,0.973495169680456,0.037156304186276946,0.0,0.0,0.0,0.0,0.0,0.0,0.0,0.0,0.0,0.0,0.0,0.0,0.0,0.0,0.0,nan,nan,4.351246105919003,2.964692017519951,nan,0.3904,0.10333,0.0,0.0,0.0,0.0,0.0,0.0,0.0,0.0,0.0,0.0,3.715630418627694e-05,0.0,2.4770869457517957e-05,0.0027991082486995295,0.0033069110725786476,0.0,0.0,3.715630418627694e-05,0.0026257121624969036,0.0037527867228139707,0.00030963586821897447,0.005771612583601684,0.021885063165717117,0.015667574931880108,0.020584592519197423,0.014775823631409463,0.016051523408471637,0.04977706217488234,0.012311122120386426,0.04313846916026753,0.016175377755759227,0.017773098835769136,0.04741144414168937,0.014862521674510775,0.04303938568243745,0.022318553381223682,0.047968788704483525,0.03419618528610354,0.043881595243993064,0.05079266782264057,0.039422838741639835,0.03918751548179341,0.03600445875650235,0.038667327223185534,0.03192965073074065,0.0327594748575675,0.019643299479811742,0.015395095367847412,0.022108000990834778,0.004879861283131038,0.015543720584592519,0.021488729254396828,0.022269011642308646,0.0023284617290066883,0.008793658657418876,0.011245974733713153,0.02534059945504087,0.003827099331186525,0.011208818429526876,0.014020312112955164,0.005115184542977458,0.0009784493435719595,0.008112459747337132,0.007319791924696557,0.0006935843448105029,0.0004954173891503591,3.715630418627694e-05,0.0,0.009053752786722814,3.715630418627694e-05,0.0008174386920980927,0.0,0.0,0.0,0.0,0.0,0.0,0.0,0.0,0.0,0.0,0.0,0.0,0.0,0.0,0.0,0.0,0.0,0.0,0.0,0.0,0.0,0.0,0.0,0.0,0.0,0.0,0.0,0.0,0.0,0.0,nan,nan,4.351246105919003,2.964692017519951,nan,0.9385434224785136,0.02308724814380513,0.0,0.0,0.0,0.0,0.0,0.0,0.0,0.0,0.0,0.0,0.0,0.0,0.0,0.0,0.0,0.0,0.0,0.0,0.0,0.0,0.0,0.0,0.0,0.0,0.0,0.01421127427759356,1.4779725248697304,11.013737565135008,14.126006631928,3.368072003789674,0.9401134255642956,0.02353338465682398,0.0,0.0,0.0,0.0,0.0,0.0,0.0,0.0,0.0,0.0,0.0,0.0,0.0,0.0,0.0,0.0,0.0,0.0,0.0,0.0,0.0,0.0,0.0,0.0,0.0,0.03115264797507789,1.339563862928349,10.218068535825546,14.376947040498447,4.034267912772586,0.3904,0.02318,0.0,0.0,0.0,0.0,0.0,0.0,0.0,0.0,0.0,0.12790146849834205,4.433917574609191,15.19185220274749,9.265750828991,0.9663666508763621,0.01421127427759356,0.0,0.0,0.0,0.0,0.0,0.0,0.0,0.0,0.0,0.0,0.0,0.0,0.0,0.0,0.0,0.3906,0.02307,0.0,0.0,0.0,0.0,0.0,0.0,0.0,0.0,0.0,0.15576323987538943,4.485981308411216,15.436137071651068,8.878504672897199,0.9813084112149535,0.06230529595015578,0.0,0.0,0.0,0.0,0.0,0.0,0.0,0.0,0.0,0.0,0.0,0.0,0.0,0.0,0.0
5900,4197,2186,0.5208482249225638,1031,881,0.4555634977364784,1189,0.5665951870383608,0.414,2.9293883639980107,3.0581935128849316,6.511796733212341,2.1721188737069226,9341.75623599177,1427.978080524201,7853.0,10776.798529744148,10711.330248150713,17.502053387290818,7853.0,0.0,27.9120800571837,20.865308647746232,33.00542082738944,19.061735404590053,0.1434357874672385,0.09864188706218728,0.0881582082439838,0.08434596140100072,0.0881582082439838,0.07124136287824637,0.07433881343817011,0.06337860376459375,0.05480104836788182,0.050274005241839406,0.04979747438646653,0.039313795568263046,0.032880629020729094,0.024303073624017155,0.020252561353347628,0.010245413390517035,0.006433166547533953,0.9387264268182987,0.023041778327095537,0.0,0.0,0.0,0.0,0.0,0.0,0.0,0.0,0.0,0.0,0.0,0.0,0.0,0.0,0.0,0.0,0.0,0.0,0.0,0.0,0.0,0.0,0.0,0.0,0.0,0.03573981415296641,1.5082201572551828,10.621872766261617,14.353109363831312,3.481057898498929,4.286186627479794,2.903420960861698,nan,nan,nan,4.267441860465116,2.8843479719624643,4.307806691449814,2.9223619349110295,1.0094587887321091,0.3904,0.0225,0.0,0.0,0.0,0.0,0.0,0.0,0.0,0.0,0.0,0.15010721944245892,4.045746962115798,15.904217298070026,8.899213724088636,0.9649749821300931,0.03573981415296641,0.0,0.0,0.0,0.0,0.0,0.0,0.0,0.0,0.0,0.0,0.0,0.0,0.0,0.0,0.0,nan,nan,4.286186627479794,2.903420960861698,nan,0.3904,0.1033,0.0,0.0,0.0,0.0,0.0,0.0,0.0,0.0,0.0,3.57398141529664e-05,0.0,0.0,0.0,0.0030497974743864667,0.0033118894448415535,0.0,0.0,3.57398141529664e-05,0.0019299499642601858,0.0036812008577555397,0.0003335715987610198,0.0058375029783178465,0.021336669049320942,0.013878961162735287,0.021098403621634503,0.016309268525137,0.015939957112223017,0.048856325947105074,0.01088873004527043,0.04636645222778175,0.016309268525137,0.018060519418632355,0.047259947581605906,0.016416487967595903,0.044650941148439365,0.023576364069573506,0.045961401000714795,0.03348820586132952,0.0428401238980224,0.04845127472003812,0.039349535382416014,0.04174410293066476,0.03666904932094353,0.036323564450798186,0.03108172504169645,0.032165832737669764,0.019394805813676436,0.016309268525137,0.0228734810578985,0.005194186323564451,0.015558732427924708,0.021729807005003574,0.02126518942101501,0.0027757922325470576,0.008863473909935669,0.011031689301882298,0.02505360972122945,0.0033118894448415535,0.012461281868000953,0.013664522277817488,0.005360972122944961,0.0004884441267572076,0.008672861567786514,0.008863473909935669,0.0005718370264474624,2.382654276864427e-05,0.0,0.0,0.008625208482249225,1.1913271384322135e-05,0.0006314033833690731,0.0,0.0,0.0,2.382654276864427e-05,0.0,0.0,0.0,0.0,0.0,0.0,0.0,0.0,0.0,0.0,0.0,0.0,0.0,0.0,0.0,0.0,0.0,0.0,0.0,0.0,0.0,0.0,0.0,0.0,0.0,0.0,nan,nan,4.286186627479794,2.903420960861698,nan,0.9387160269688382,0.022730566669759093,0.0,0.0,0.0,0.0,0.0,0.0,0.0,0.0,0.0,0.0,0.0,0.0,0.0,0.0,0.0,0.0,0.0,0.0,0.0,0.0,0.0,0.0,0.0,0.0,0.0,0.027447392497712723,1.4272644098810616,10.663311985361393,14.40988106129918,3.4720951509606595,0.9387377316770359,0.02337536738196832,0.0,0.0,0.0,0.0,0.0,0.0,0.0,0.0,0.0,0.0,0.0,0.0,0.0,0.0,0.0,0.0,0.0,0.0,0.0,0.0,0.0,0.0,0.0,0.0,0.0,0.04475385380407758,1.5962207856787671,10.576827449030334,14.291397314768775,3.4908005967180515,0.3904,0.02231,0.0,0.0,0.0,0.0,0.0,0.0,0.0,0.0,0.0,0.19213174748398906,3.8151875571820684,16.358645928636758,8.659652333028363,0.9332113449222326,0.041171088746569086,0.0,0.0,0.0,0.0,0.0,0.0,0.0,0.0,0.0,0.0,0.0,0.0,0.0,0.0,0.0,0.3906,0.02275,0.0,0.0,0.0,0.0,0.0,0.0,0.0,0.0,0.0,0.10442565887618104,4.296369965191448,15.41024365987069,9.159622078567878,0.9995027349577327,0.02983590253605172,0.0,0.0,0.0,0.0,0.0,0.0,0.0,0.0,0.0,0.0,0.0,0.0,0.0,0.0,0.0
6000,4143,2096,0.5059135891865798,1005,862,0.45063963311609945,1192,0.575428433502293,0.418,2.9208597948216903,3.074484819622224,6.483065953654189,2.0829881895462474,9299.381815743653,1429.4334770881935,7853.0,10773.363754153252,10711.950316138338,18.15074260421244,7853.0,0.0,27.828385228095584,20.841545464621674,32.91161178509532,19.026820994572756,0.14506396331160995,0.09751387883176442,0.09075549118995897,0.08954863625392227,0.0801351677528361,0.07192855418778663,0.06710113444363987,0.06565290852039585,0.058894520878590394,0.052618875211199616,0.047550084479845524,0.04006758387641805,0.033791938209027275,0.025585324643977794,0.01762008206613565,0.011103065411537534,0.005068790731354091,0.9374546968013285,0.023343746713773532,0.0,0.0,0.0,0.0,0.0,0.0,0.0,0.0,0.0,0.0,0.0,0.0,0.0,0.0,0.0,0.0,0.0,0.0,0.0,0.0,0.0,0.0,0.0,0.0,0.0,0.028964518464880528,1.6002896451846493,11.274438812454745,13.895727733526433,3.2005792903692987,4.2822338830584705,2.8933101433269517,nan,nan,nan,4.321375186846039,2.9068509188324474,4.245297215951844,2.878794725694419,0.9823949628058747,0.3923,0.02255,0.0,0.0,0.0,0.0,0.0,0.0,0.0,0.0,0.0,0.07241129616220132,3.83779869659667,15.05430847212163,9.92034757422158,1.0789283128167997,0.03620564808110066,0.0,0.0,0.0,0.0,0.0,0.0,0.0,0.0,0.0,0.0,0.0,0.0,0.0,0.0,0.0,nan,nan,4.2822338830584705,2.8933101433269517,nan,0.3923,0.10297,0.0,0.0,0.0,0.0,0.0,0.0,0.0,0.0,0.0,4.827419744146753e-05,0.0,0.0,0.0,0.0021240646874245714,0.002099927588703838,0.0,1.2068549360366883e-05,0.0,0.0014361573738836592,0.0034153994689838283,0.00013275404296403571,0.005780835143615737,0.021180304127443882,0.01335988414192614,0.02247163890900314,0.01425295679459329,0.01603910209992759,0.04518464880521361,0.011996138064204683,0.04587255611875453,0.019394158822109583,0.017921795800144823,0.04890176200820661,0.01708906589427951,0.04398986241853729,0.023328505913589186,0.04710354815351195,0.03160753077480087,0.040272749215544294,0.04870866521844074,0.0368452811972001,0.04111754767076997,0.037931450639633116,0.03736422881969587,0.03082307506637702,0.03264542601979242,0.02041998551774077,0.017076997344919142,0.02207337678011103,0.005792903692976104,0.014385710837557325,0.023485397055273957,0.021868211440984792,0.00313782283369539,0.00960656529085204,0.013528843832971277,0.02501810282404055,0.0029447260439295197,0.012768525223268164,0.014844315713251267,0.004875693941588221,0.00020516533912623704,0.008701424088824523,0.008629012792662321,0.0004586048756939416,9.654839488293506e-05,0.0,0.0,0.008810041033067826,7.24112961622013e-05,0.0007482500603427468,0.0,0.0,0.0,0.0,0.0,0.0,0.0,0.0,0.0,0.0,0.0,0.0,0.0,0.0,0.0,0.0,0.0,0.0,0.0,0.0,0.0,0.0,0.0,0.0,0.0,0.0,0.0,0.0,0.0,0.0,nan,nan,4.2822338830584705,2.8933101433269517,nan,0.9372333819686457,0.023280383547481215,0.0,0.0,0.0,0.0,0.0,0.0,0.0,0.0,0.0,0.0,0.0,0.0,0.0,0.0,0.0,0.0,0.0,0.0,0.0,0.0,0.0,0.0,0.0,0.0,0.0,0.014312977099236644,1.531488549618321,11.593511450381682,13.69751908396947,3.1631679389312986,0.9376813093510615,0.023406280663938024,0.0,0.0,0.0,0.0,0.0,0.0,0.0,0.0,0.0,0.0,0.0,0.0,0.0,0.0,0.0,0.0,0.0,0.0,0.0,0.0,0.0,0.0,0.0,0.0,0.0,0.04396678065461652,1.670737664875428,10.947728382999513,14.098680996580365,3.238886174890084,0.393,0.02281,0.0,0.0,0.0,0.0,0.0,0.0,0.0,0.0,0.0,0.07156488549618321,3.707061068702291,14.95706106870227,10.019083969465651,1.2022900763358781,0.04293893129770993,0.0,0.0,0.0,0.0,0.0,0.0,0.0,0.0,0.0,0.0,0.0,0.0,0.0,0.0,0.0,0.3918,0.02226,0.0,0.0,0.0,0.0,0.0,0.0,0.0,0.0,0.0,0.0732779677576942,3.9716658524670256,15.153883732291137,9.819247679531022,0.9526135808500247,0.02931118710307768,0.0,0.0,0.0,0.0,0.0,0.0,0.0,0.0,0.0,0.0,0.0,0.0,0.0,0.0,0.0
6100,4171,2172,0.520738432030688,999,862,0.4461759769839367,1178,0.5648525533445217,0.418,2.9569784892446225,3.059056879093994,6.435483870967742,2.1163205285327074,9341.843344129467,1428.379720324572,7853.0,10776.745200872421,10712.10017880479,18.11369521667991,7853.0,0.0,27.628386478062815,20.824240797802023,32.6483075157774,19.099438020694535,0.1426516422920163,0.10309278350515463,0.09086549988012467,0.08798849196835291,0.0860704866938384,0.07288420043155118,0.06305442339966436,0.06736993526732199,0.058738911532006714,0.049628386478062815,0.04555262526971949,0.03907935746823304,0.030448333732917766,0.0292495804363462,0.017501798129944856,0.008870774394629586,0.00695276912011508,0.9382110859272549,0.023358566053083674,0.0,0.0,0.0,0.0,0.0,0.0,0.0,0.0,0.0,0.0,0.0,0.0,0.0,0.0,0.0,0.0,0.0,0.0,0.0,0.0,0.0,0.0,0.0,0.0,0.0,0.02877007911771758,1.4528889954447377,10.997362742747544,14.169263965475908,3.351714217214098,4.2785714285714285,2.8923400633207774,nan,nan,nan,4.247352496217852,2.9220994946586587,4.31189229618549,2.861936636399099,1.0151953010787564,0.3916,0.02216,0.0,0.0,0.0,0.0,0.0,0.0,0.0,0.0,0.0,0.10069527691201154,3.603452409494127,16.039319108127522,9.235195396787343,1.0069527691201152,0.01438503955885879,0.0,0.0,0.0,0.0,0.0,0.0,0.0,0.0,0.0,0.0,0.0,0.0,0.0,0.0,0.0,nan,nan,4.2785714285714285,2.8923400633207774,nan,0.3916,0.1025,0.0,0.0,0.0,0.0,0.0,0.0,0.0,0.0,0.0,2.397506593143131e-05,0.0,0.0,0.0,0.0018940302085830737,0.0023615439942459844,0.0,0.0,0.0,0.0013665787580915848,0.0035363222248861186,0.00011987532965715655,0.005562215296092065,0.022464636777751137,0.01343802445456725,0.02329177655238552,0.012634859745864301,0.015499880124670342,0.04555262526971949,0.013378086789738671,0.045984176456485254,0.02064253176696236,0.018592663629824983,0.04766243107168545,0.018532725964996402,0.04399424598417646,0.021122033085590984,0.04748261807719971,0.03138336130424359,0.03795252936945576,0.04971229920882282,0.0365260129465356,0.04217214097338768,0.039331095660513064,0.03798849196835291,0.029273555502277632,0.032270438743706546,0.0197554543274994,0.01627906976744186,0.022332773915128265,0.0059098537520978186,0.0156197554543275,0.02624070966195157,0.02072644449772237,0.0035003596259889714,0.009566051306641093,0.011987532965715655,0.02604890913450012,0.0023735315272117,0.011400143850395589,0.015439942459841765,0.0063174298729321504,0.00011987532965715655,0.007144569647566531,0.008091584751858068,0.0005514265164229202,1.1987532965715656e-05,0.0,1.1987532965715656e-05,0.0075521457684008635,0.00011987532965715655,0.001150803164708703,0.0,0.0,0.0,0.0,0.0,0.0,0.0,0.0,0.0,0.0,0.0,0.0,0.0,0.0,0.0,0.0,0.0,0.0,0.0,0.0,0.0,0.0,0.0,0.0,0.0,0.0,0.0,0.0,0.0,0.0,nan,nan,4.2785714285714285,2.8923400633207774,nan,0.9389088828096074,0.023337265301232375,0.0,0.0,0.0,0.0,0.0,0.0,0.0,0.0,0.0,0.0,0.0,0.0,0.0,0.0,0.0,0.0,0.0,0.0,0.0,0.0,0.0,0.0,0.0,0.0,0.0,0.0276243093922652,1.3259668508287294,10.870165745856355,14.18508287292818,3.591160220994476,0.9374528994197664,0.023358070087721092,0.0,0.0,0.0,0.0,0.0,0.0,0.0,0.0,0.0,0.0,0.0,0.0,0.0,0.0,0.0,0.0,0.0,0.0,0.0,0.0,0.0,0.0,0.0,0.0,0.0,0.030015007503751884,1.5907953976988498,11.135567783891949,14.152076038019013,3.091545772886444,0.3916,0.02255,0.0,0.0,0.0,0.0,0.0,0.0,0.0,0.0,0.0,0.1104972375690608,3.756906077348067,16.03591160220992,9.019337016574587,1.0497237569060776,0.0276243093922652,0.0,0.0,0.0,0.0,0.0,0.0,0.0,0.0,0.0,0.0,0.0,0.0,0.0,0.0,0.0,0.3918,0.0217,0.0,0.0,0.0,0.0,0.0,0.0,0.0,0.0,0.0,0.09004502251125564,3.436718359179591,16.043021510755356,9.469734867433719,0.9604802401200603,0.0,0.0,0.0,0.0,0.0,0.0,0.0,0.0,0.0,0.0,0.0,0.0,0.0,0.0,0.0,0.0
6200,4258,2260,0.5307656176608736,1092,850,0.45608266791921087,1167,0.5481446688586191,0.41,2.955955955955956,3.077423044473528,6.530864197530864,2.117871330127418,9370.17257557712,1426.582695465761,7853.0,10776.153465032578,10711.460542835124,18.046991591881085,7853.0,0.0,28.188351338656645,20.62881228400139,32.97083333333333,18.834645511072882,0.13527477689055895,0.09934241427900423,0.0927665570690465,0.08478158759981212,0.0800845467355566,0.07374354156881165,0.06458431188351339,0.06458431188351339,0.06857679661813058,0.05354626585251292,0.04720526068576797,0.046735556599342414,0.03334899013621419,0.023954908407703146,0.017613903240958198,0.010098637858149366,0.0037576326914044154,0.9382124967617628,0.023216268313773162,0.0,0.0,0.0,0.0,0.0,0.0,0.0,0.0,0.0,0.0,0.0,0.0,0.0,0.0,0.0,0.0,0.0,0.0,0.0,0.0,0.0,0.0,0.0,0.0,0.0,0.02113668388914984,1.437294504462189,10.829027712541102,14.527947393142323,3.1845937059652427,4.135775862068965,2.9253571304315624,nan,nan,nan,4.128113879003559,2.955775997101047,4.143582306018854,2.8940150669429356,1.0037470930959465,0.3916,0.02264,0.0,0.0,0.0,0.0,0.0,0.0,0.0,0.0,0.0,0.1056834194457492,3.8609675904180376,15.591827148896172,9.349459840300613,1.085016439643025,0.00704556129638328,0.0,0.0,0.0,0.0,0.0,0.0,0.0,0.0,0.0,0.0,0.0,0.0,0.0,0.0,0.0,nan,nan,4.135775862068965,2.9253571304315624,nan,0.3916,0.1019,0.0,0.0,0.0,0.0,0.0,0.0,0.0,0.0,0.0,1.1742602160638798e-05,0.0,0.0,0.0,0.0016791921089713481,0.001961014560826679,0.0,0.0,0.0,0.0011390324095819633,0.0032174729920150303,0.00010568341944574918,0.006094410521371536,0.022909816815406294,0.012822921559417567,0.02450681070925317,0.012411930483795209,0.015359323626115548,0.04431658055425082,0.01161343353687177,0.04542038515735087,0.021124941286989198,0.018741193048379522,0.048191639267261624,0.018189290746829498,0.045960544856740254,0.019880225457961483,0.0509981211836543,0.031223579145138562,0.037458900892437766,0.05086895255988727,0.03896195396899953,0.04180366369187412,0.0371066228276186,0.03869187411930484,0.029708783466416158,0.030260685767966183,0.020361672146547674,0.016744950681070927,0.02267496477219352,0.006728511038046031,0.01445514325974636,0.024953029591357444,0.02107797087834664,0.0039572569281352745,0.010192578675434476,0.010932362611554721,0.02537576326914044,0.0021254109910756225,0.009875528417097228,0.016193048379520902,0.007292155941756693,0.00015265382808830438,0.007409581963363081,0.007750117426021606,0.000692813527477689,0.0,0.0,3.522780648191639e-05,0.006611085016439643,0.00018788163457022076,0.0013034288398309066,0.00017613903240958195,0.0,0.0,0.0,0.0,0.0,0.0,0.0,0.0,0.0,0.0,0.0,0.0,0.0,0.0,0.0,0.0,0.0,0.0,0.0,0.0,0.0,0.0,0.0,0.0,0.0,0.0,0.0,0.0,0.0,nan,nan,4.135775862068965,2.9253571304315624,nan,0.9377825567416386,0.023329084371517518,0.0,0.0,0.0,0.0,0.0,0.0,0.0,0.0,0.0,0.0,0.0,0.0,0.0,0.0,0.0,0.0,0.0,0.0,0.0,0.0,0.0,0.0,0.0,0.0,0.0,0.03982300884955753,1.4867256637168145,10.92477876106195,14.256637168141596,3.292035398230089,0.9386988153030446,0.023078342224632262,0.0,0.0,0.0,0.0,0.0,0.0,0.0,0.0,0.0,0.0,0.0,0.0,0.0,0.0,0.0,0.0,0.0,0.0,0.0,0.0,0.0,0.0,0.0,0.0,0.0,0.0,1.3813813813813816,10.720720720720722,14.834834834834838,3.0630630630630633,0.3916,0.02255,0.0,0.0,0.0,0.0,0.0,0.0,0.0,0.0,0.0,0.11946902654867259,3.8230088495575227,15.650442477876084,9.238938053097346,1.1548672566371683,0.013274336283185844,0.0,0.0,0.0,0.0,0.0,0.0,0.0,0.0,0.0,0.0,0.0,0.0,0.0,0.0,0.0,0.3916,0.02277,0.0,0.0,0.0,0.0,0.0,0.0,0.0,0.0,0.0,0.0900900900900901,3.9039039039039047,15.525525525525504,9.474474474474476,1.0060060060060063,0.0,0.0,0.0,0.0,0.0,0.0,0.0,0.0,0.0,0.0,0.0,0.0,0.0,0.0,0.0,0.0
6300,3860,2047,0.5303108808290156,986,733,0.44533678756476686,1038,0.5378238341968912,0.454,3.0678433535576395,3.204438392222425,6.711538461538462,2.180653910938171,9368.928076027898,1426.7161165732498,7853.0,10772.41066980362,10711.564911317872,18.320954859588586,7853.0,0.0,28.276943005181348,21.11235026376656,33.37569573283859,19.264896008231606,0.14430051813471503,0.09715025906735751,0.08678756476683938,0.09067357512953368,0.0727979274611399,0.06917098445595855,0.07150259067357513,0.07072538860103626,0.05906735751295337,0.04533678756476684,0.05077720207253886,0.04093264248704663,0.03678756476683938,0.03005181347150259,0.016321243523316063,0.010103626943005182,0.007512953367875648,0.9377604569487004,0.02348031510369284,0.0,0.0,0.0,0.0,0.0,0.0,0.0,0.0,0.0,0.0,0.0,0.0,0.0,0.0,0.0,0.0,0.0,0.0,0.0,0.0,0.0,0.0,0.0,0.0,0.0,0.007772020725388603,1.6554404145077726,11.199481865284977,13.974093264248708,3.163212435233161,4.190343176376696,2.9777176153348233,nan,nan,nan,4.152755905511811,2.9067346934684557,4.2289644012944985,3.0484495335503397,1.0183513063412994,0.3914,0.02321,0.0,0.0,0.0,0.0,0.0,0.0,0.0,0.0,0.0,0.18652849740932645,4.111398963730571,15.217616580310859,9.435233160621763,1.0414507772020727,0.007772020725388603,0.0,0.0,0.0,0.0,0.0,0.0,0.0,0.0,0.0,0.0,0.0,0.0,0.0,0.0,0.0,nan,nan,4.190343176376696,2.9777176153348233,nan,0.3914,0.1026,0.0,0.0,0.0,0.0,0.0,0.0,0.0,0.0,0.0,0.0,0.0,0.0,0.0,0.0016450777202072539,0.0019041450777202073,0.0,0.0,3.8860103626943e-05,0.0009974093264248705,0.0028756476683937824,0.00022020725388601037,0.006321243523316062,0.02262953367875648,0.01366580310880829,0.025984455958549223,0.012461139896373057,0.01698186528497409,0.04507772020725389,0.012098445595854922,0.04409326424870466,0.022707253886010362,0.018704663212435232,0.048147668393782386,0.017046632124352333,0.0458419689119171,0.02037564766839378,0.051761658031088086,0.02983160621761658,0.034961139896373054,0.05071243523316062,0.04022020725388601,0.040064766839378235,0.03531088082901555,0.0358160621761658,0.030803108808290156,0.029650259067357514,0.02160621761658031,0.017681347150259066,0.021968911917098446,0.007292746113989637,0.013316062176165802,0.026139896373056994,0.019792746113989637,0.004935233160621761,0.009727979274611399,0.011761658031088083,0.024740932642487046,0.00233160621761658,0.010233160621761658,0.01844559585492228,0.006839378238341969,0.00029792746113989636,0.007487046632124353,0.007603626943005181,0.0011139896373056994,5.1813471502590674e-05,0.0,0.0,0.006360103626943005,0.00027202072538860106,0.0008937823834196891,0.000155440414507772,0.0,0.0,0.0,0.0,0.0,0.0,0.0,0.0,0.0,0.0,0.0,0.0,0.0,0.0,0.0,0.0,0.0,0.0,0.0,0.0,0.0,0.0,0.0,0.0,0.0,0.0,0.0,0.0,0.0,nan,nan,4.190343176376696,2.9777176153348233,nan,0.9379533588100074,0.023456551335945347,0.0,0.0,0.0,0.0,0.0,0.0,0.0,0.0,0.0,0.0,0.0,0.0,0.0,0.0,0.0,0.0,0.0,0.0,0.0,0.0,0.0,0.0,0.0,0.0,0.0,0.0,1.5974596971177337,11.211529066927213,13.966780654616516,3.2242305813385452,0.9375426576601755,0.023505214434288445,0.0,0.0,0.0,0.0,0.0,0.0,0.0,0.0,0.0,0.0,0.0,0.0,0.0,0.0,0.0,0.0,0.0,0.0,0.0,0.0,0.0,0.0,0.0,0.0,0.0,0.016547159404302264,1.7209045780474357,11.185879757308332,13.982349696635415,3.0943188086045232,0.3916,0.02296,0.0,0.0,0.0,0.0,0.0,0.0,0.0,0.0,0.0,0.11724474841231072,3.9716658524670256,15.490962383976528,9.335613092330242,1.0698583292623354,0.01465559355153884,0.0,0.0,0.0,0.0,0.0,0.0,0.0,0.0,0.0,0.0,0.0,0.0,0.0,0.0,0.0,0.391,0.0235,0.0,0.0,0.0,0.0,0.0,0.0,0.0,0.0,0.0,0.2647545504688362,4.269167126309984,14.908990623276315,9.547710976282406,1.0093767236624382,0.0,0.0,0.0,0.0,0.0,0.0,0.0,0.0,0.0,0.0,0.0,0.0,0.0,0.0,0.0,0.0
6400,4282,2165,0.5056048575432041,1027,916,0.45375992526856607,1233,0.5758991125642223,0.414,2.920170051960321,3.1332785471197657,6.762250453720508,2.221759578602785,9298.57905327316,1429.5236826492549,7853.0,10776.17162656784,10712.108316912552,18.318501107406995,7853.0,0.0,27.220691265763662,20.612245234545096,32.347105115233276,18.848008418807776,0.1478281177020084,0.09528257823446988,0.09925268566090611,0.08804297057449789,0.0824381130312938,0.07543204110228865,0.06912657636618402,0.0658570761326483,0.05861746847267632,0.05371321812237272,0.0406352171882298,0.0375992526856609,0.029191966370854742,0.022652965903783278,0.016347501167678656,0.010976179355441382,0.007006071929005138,0.9381167850640264,0.023147247988579638,0.0,0.0,0.0,0.0,0.0,0.0,0.0,0.0,0.0,0.0,0.0,0.0,0.0,0.0,0.0,0.0,0.0,0.0,0.0,0.0,0.0,0.0,0.0,0.0,0.0,0.0350303596450257,1.457262961233069,11.230733302195237,13.935077066791223,3.3418963101354517,4.37632058287796,2.9273075737422176,nan,nan,nan,4.36417033773862,2.946085721956714,4.388286334056399,2.9086464761001216,1.0055259062895046,0.3918,0.02301,0.0,0.0,0.0,0.0,0.0,0.0,0.0,0.0,0.0,0.09808500700607195,3.8953759925268576,15.48341896310133,9.32508173750584,1.156001868285848,0.042036431574030836,0.0,0.0,0.0,0.0,0.0,0.0,0.0,0.0,0.0,0.0,0.0,0.0,0.0,0.0,0.0,nan,nan,4.37632058287796,2.9273075737422176,nan,0.3918,0.1021,0.0,0.0,0.0,0.0,0.0,0.0,0.0,0.0,0.0,0.0,0.0,0.0,0.0,0.001237739374124241,0.0022185894441849605,0.0,0.0,0.0,0.001120971508640822,0.0035614198972442786,0.0003269500233535731,0.006620737972909855,0.020831387202241942,0.014677720691265763,0.02383232134516581,0.014490892106492294,0.018998131714152267,0.04279542269967305,0.011548341896310136,0.04169780476412891,0.022022419430172815,0.017375058383932742,0.047816440915460064,0.016032227930873423,0.047057449789817844,0.020714619336758524,0.052697337692666976,0.028911723493694537,0.03764595983185427,0.04995329285380663,0.039876226062587575,0.04117234936945353,0.03284680056048576,0.035567491826249416,0.030616534329752452,0.03399112564222326,0.022804764128911723,0.019862213918729565,0.021730499766464267,0.00720457730032695,0.013510042036431575,0.025525455394675385,0.01913825315273237,0.004472209248014947,0.009983652498832322,0.011092947220924802,0.023914058851004203,0.002475478748248482,0.011676786548341896,0.01933675852405418,0.006620737972909855,0.0005371321812237273,0.006503970107426436,0.006585707613264829,0.0008757589911256422,7.006071929005138e-05,0.0,0.0,0.006457262961233069,5.838393274170948e-05,0.001144325081737506,0.00016347501167678655,0.0,0.0,0.0,0.0,0.0,0.0,0.0,0.0,0.0,0.0,0.0,0.0,0.0,0.0,0.0,0.0,0.0,0.0,0.0,0.0,0.0,0.0,0.0,0.0,0.0,0.0,0.0,0.0,0.0,nan,nan,4.37632058287796,2.9273075737422176,nan,0.9383117108091746,0.023451824950632128,0.0,0.0,0.0,0.0,0.0,0.0,0.0,0.0,0.0,0.0,0.0,0.0,0.0,0.0,0.0,0.0,0.0,0.0,0.0,0.0,0.0,0.0,0.0,0.0,0.0,0.06928406466512703,1.3856812933025406,11.279445727482681,13.745958429561204,3.5196304849884537,0.9379174396515343,0.022829841935632478,0.0,0.0,0.0,0.0,0.0,0.0,0.0,0.0,0.0,0.0,0.0,0.0,0.0,0.0,0.0,0.0,0.0,0.0,0.0,0.0,0.0,0.0,0.0,0.0,0.0,0.0,1.5304676428908837,11.18091639111951,14.128483703353806,3.1601322626358064,0.392,0.023,0.0,0.0,0.0,0.0,0.0,0.0,0.0,0.0,0.0,0.09699769053117785,3.699769053117784,15.602771362586582,9.367205542725175,1.1778290993071596,0.05542725173210163,0.0,0.0,0.0,0.0,0.0,0.0,0.0,0.0,0.0,0.0,0.0,0.0,0.0,0.0,0.0,0.3914,0.023,0.0,0.0,0.0,0.0,0.0,0.0,0.0,0.0,0.0,0.09919697685403876,4.095418044402457,15.361360415682547,9.282002834199341,1.1336797354747286,0.028341993386868217,0.0,0.0,0.0,0.0,0.0,0.0,0.0,0.0,0.0,0.0,0.0,0.0,0.0,0.0,0.0
6500,4276,2226,0.5205799812909261,1035,866,0.4445743685687559,1202,0.5622076707202993,0.434,3.075609756097561,3.1860427697437657,6.722591362126246,2.2033924151954114,9341.280591319413,1428.2931564675703,7853.0,10778.52780508995,10711.889401833698,18.11605150299285,7853.0,0.0,28.81688493919551,21.35555619459692,33.958751393534,19.456522545587568,0.1382132834424696,0.0961178671655753,0.0872310570626754,0.08816651075771749,0.07740879326473339,0.07319925163704397,0.06431244153414406,0.06524789522918616,0.0568288119738073,0.052619270346117866,0.047474275023386345,0.04443405051449953,0.039990645463049576,0.0313376987839102,0.01941066417212348,0.010056127221702526,0.007951356407857811,0.9378707381026337,0.023363002435265835,0.0,0.0,0.0,0.0,0.0,0.0,0.0,0.0,0.0,0.0,0.0,0.0,0.0,0.0,0.0,0.0,0.0,0.0,0.0,0.0,0.0,0.0,0.0,0.0,0.0,0.02806361085126287,1.6066417212347992,11.028999064546307,14.003741814780172,3.332553788587466,4.280614066404856,2.931774331300082,nan,nan,nan,4.328011611030479,2.9553693665519085,4.2347153900210825,2.9080068615893198,0.9784436296862931,0.392,0.02203,0.0,0.0,0.0,0.0,0.0,0.0,0.0,0.0,0.0,0.07015902712815716,3.6623012160898045,15.554256314312418,9.64686623012161,1.0594013096351733,0.007015902712815717,0.0,0.0,0.0,0.0,0.0,0.0,0.0,0.0,0.0,0.0,0.0,0.0,0.0,0.0,0.0,nan,nan,4.280614066404856,2.931774331300082,nan,0.392,0.1019,0.0,0.0,0.0,0.0,0.0,0.0,0.0,0.0,0.0,0.0,0.0,0.0,0.0,0.0009354536950420954,0.003098690364826941,1.1693171188026192e-05,0.0,0.0,0.0012277829747427502,0.0033559401309635173,0.000912067352666043,0.0065715622076707204,0.018931244153414406,0.013692703461178672,0.021901309635173057,0.01483863423760524,0.020474742750233862,0.042808699719363894,0.012464920486435922,0.04163938260056127,0.019819925163704396,0.01833489242282507,0.04731057062675398,0.015411599625818522,0.047930308699719364,0.01928203928905519,0.05543732460243218,0.026216089803554724,0.03831852198316183,0.05212815715622077,0.040493451824134705,0.04342843779232928,0.0320977549111319,0.03574602432179607,0.033091674462114126,0.03268241347053321,0.021538821328344247,0.020322731524789524,0.020088868101029,0.00764733395696913,0.013493919550982227,0.023479887745556594,0.01916510757717493,0.004770813844714687,0.011693171188026192,0.010664172123479887,0.02324602432179607,0.0032974742750233863,0.011050046772684752,0.020100561272217026,0.0066884939195509824,0.0005729653882132834,0.006302619270346118,0.0065715622076707204,0.0008419083255378859,2.3386342376052384e-05,4.677268475210477e-05,0.0,0.006232460243217961,0.0,0.0011225444340505146,0.0004443405051449953,0.0,0.0,0.0,0.0,0.0,0.0,0.0,0.0,0.0,0.0,0.0,0.0,0.0,0.0,0.0,0.0,0.0,0.0,0.0,0.0,0.0,0.0,0.0,0.0,0.0,0.0,0.0,0.0,0.0,nan,nan,4.280614066404856,2.931774331300082,nan,0.9377250826958591,0.023231471249229484,0.0,0.0,0.0,0.0,0.0,0.0,0.0,0.0,0.0,0.0,0.0,0.0,0.0,0.0,0.0,0.0,0.0,0.0,0.0,0.0,0.0,0.0,0.0,0.0,0.0,0.02695417789757413,1.4959568733153643,11.38814016172507,13.760107816711594,3.328840970350405,0.9380288985589655,0.02350397035647872,0.0,0.0,0.0,0.0,0.0,0.0,0.0,0.0,0.0,0.0,0.0,0.0,0.0,0.0,0.0,0.0,0.0,0.0,0.0,0.0,0.0,0.0,0.0,0.0,0.0,0.029268292682926838,1.7268292682926834,10.639024390243904,14.268292682926832,3.3365853658536593,0.3923,0.02213,0.0,0.0,0.0,0.0,0.0,0.0,0.0,0.0,0.0,0.05390835579514826,3.7601078167115913,15.336927223719654,9.743935309973047,1.1051212938005393,0.0,0.0,0.0,0.0,0.0,0.0,0.0,0.0,0.0,0.0,0.0,0.0,0.0,0.0,0.0,0.0,0.3918,0.0219,0.0,0.0,0.0,0.0,0.0,0.0,0.0,0.0,0.0,0.0878048780487805,3.5560975609756107,15.790243902439002,9.541463414634148,1.0097560975609758,0.014634146341463419,0.0,0.0,0.0,0.0,0.0,0.0,0.0,0.0,0.0,0.0,0.0,0.0,0.0,0.0,0.0
6600,4489,2268,0.5052350189351749,1093,953,0.45578079750501227,1283,0.5716195143684563,0.414,2.933813597478613,3.1321825587987546,6.72108843537415,2.1931628852319145,9297.280959801754,1429.2943337146319,7853.0,10790.482850313187,10711.631934986806,17.912496017073003,7853.0,0.0,27.88193361550457,20.78329898687766,32.889420520999465,18.972853371460857,0.13967476052572955,0.10113611049231455,0.09222543996435732,0.08643350412118513,0.07730006683002896,0.07551793272443752,0.06950323011806639,0.06727556248607708,0.06014702606371129,0.0507908220093562,0.047449320561372244,0.04210291824459791,0.03074181332145244,0.025840944531075962,0.016930274003118733,0.010915571396747606,0.00601470260637113,0.9375131072061156,0.023312819370754127,0.0,0.0,0.0,0.0,0.0,0.0,0.0,0.0,0.0,0.0,0.0,0.0,0.0,0.0,0.0,0.0,0.0,0.0,0.0,0.0,0.0,0.0,0.0,0.0,0.0,0.02004900868790377,1.5170416573847185,11.508130986856765,13.780351971485857,3.1744263755847637,4.287868403015764,2.925285674729128,nan,nan,nan,4.222972972972973,2.8539232028767327,4.354210160055672,2.9964844895518863,1.0310769659011831,0.3926,0.02254,0.0,0.0,0.0,0.0,0.0,0.0,0.0,0.0,0.0,0.060147026063711306,3.5152595232791275,15.544664736021362,9.623524170193809,1.2229895299621298,0.03341501447983961,0.0,0.0,0.0,0.0,0.0,0.0,0.0,0.0,0.0,0.0,0.0,0.0,0.0,0.0,0.0,nan,nan,4.287868403015764,2.925285674729128,nan,0.3926,0.102,0.0,0.0,0.0,0.0,0.0,0.0,0.0,0.0,0.0,0.0,0.0,0.0,0.0,0.0005457785698373803,0.0027734462018266875,6.683002895967921e-05,4.4553352639786145e-05,0.0,0.0014257072844731566,0.0033637781243038537,0.0007574069948763644,0.007150813098685676,0.018433949654711516,0.014568946313210068,0.021396747605257296,0.017175317442637558,0.019458676765426598,0.04189128981955892,0.012174203608821564,0.04151258632212074,0.019302740031187347,0.01961461349966585,0.044742704388505236,0.01566050345288483,0.047193138783693474,0.018734684785030074,0.057418133214524394,0.026520383158832702,0.0390844286032524,0.050634885275116955,0.03869458676765426,0.04371797727779016,0.031777678770327465,0.035197148585431055,0.03469592336823346,0.031120516818890623,0.019480953441746492,0.02128536422365783,0.022265537981733124,0.008030741813321453,0.012319002004900869,0.02433726887948318,0.019748273557585207,0.0044441969258186675,0.01334372911561595,0.010904433058587659,0.024259300512363555,0.003909556694141234,0.011828915125863221,0.018367119625751837,0.006315437736689686,0.00042325685007796836,0.006605034528848296,0.007028291378926264,0.0009467587435954555,5.569169079973268e-05,0.0,1.1138338159946536e-05,0.005669414123412787,0.0,0.0013254622410336378,0.0002450434395188238,0.0,0.0,0.0,0.0,0.0,0.0,0.0,0.0,0.0,0.0,0.0,0.0,0.0,0.0,0.0,0.0,0.0,0.0,0.0,0.0,0.0,0.0,0.0,0.0,0.0,0.0,0.0,0.0,0.0,nan,nan,4.287868403015764,2.925285674729128,nan,0.9372228133562801,0.023499310386966808,0.0,0.0,0.0,0.0,0.0,0.0,0.0,0.0,0.0,0.0,0.0,0.0,0.0,0.0,0.0,0.0,0.0,0.0,0.0,0.0,0.0,0.0,0.0,0.0,0.0,0.02645502645502646,1.6137566137566142,11.574074074074078,13.544973544973548,3.2407407407407414,0.9378095441495766,0.02311706803839599,0.0,0.0,0.0,0.0,0.0,0.0,0.0,0.0,0.0,0.0,0.0,0.0,0.0,0.0,0.0,0.0,0.0,0.0,0.0,0.0,0.0,0.0,0.0,0.0,0.0,0.013507429085997301,1.4182800540297167,11.440792435839715,14.020711391265198,3.1067086897793796,0.3923,0.02232,0.0,0.0,0.0,0.0,0.0,0.0,0.0,0.0,0.0,0.02645502645502646,3.6375661375661386,15.727513227513205,9.365079365079367,1.203703703703704,0.03968253968253969,0.0,0.0,0.0,0.0,0.0,0.0,0.0,0.0,0.0,0.0,0.0,0.0,0.0,0.0,0.0,0.3928,0.02275,0.0,0.0,0.0,0.0,0.0,0.0,0.0,0.0,0.0,0.09455200360198111,3.3903647005853226,15.357946870778905,9.887438090950024,1.2426834759117518,0.027014858171994602,0.0,0.0,0.0,0.0,0.0,0.0,0.0,0.0,0.0,0.0,0.0,0.0,0.0,0.0,0.0
6700,4592,2362,0.5143728222996515,1133,946,0.4527439024390244,1293,0.5631533101045296,0.41,2.9533632286995517,3.1241249735130148,6.572607260726072,2.1839140690369163,9323.435311143225,1428.8128132331387,7853.0,10768.1684653759,10711.695575262358,17.5894873697337,7853.0,0.0,27.89873693379791,20.956763981894177,33.03679540709812,19.135680609866434,0.14590592334494773,0.09973867595818815,0.08885017421602788,0.08384146341463415,0.0779616724738676,0.07709059233449478,0.0703397212543554,0.0703397212543554,0.05879790940766551,0.04660278745644599,0.044642857142857144,0.0389808362369338,0.031794425087108016,0.028745644599303136,0.017857142857142856,0.01132404181184669,0.007186411149825784,0.9371615041190116,0.023307805829576915,0.0,0.0,0.0,0.0,0.0,0.0,0.0,0.0,0.0,0.0,0.0,0.0,0.0,0.0,0.0,0.0,0.0,0.0,0.0,0.0,0.0,0.0,0.0,0.0,0.0,0.045731707317073184,1.7247386759581886,11.073606271777006,14.131097560975613,3.024825783972126,4.299629255139872,2.945901941934475,nan,nan,nan,4.397288135593221,2.9995693648597292,4.203083109919571,2.8886235459837573,0.9558352739949686,0.3926,0.0218,0.0,0.0,0.0,0.0,0.0,0.0,0.0,0.0,0.0,0.09799651567944254,3.4494773519163773,15.463850174216006,9.969512195121952,1.00609756097561,0.013066202090592338,0.0,0.0,0.0,0.0,0.0,0.0,0.0,0.0,0.0,0.0,0.0,0.0,0.0,0.0,0.0,nan,nan,4.299629255139872,2.945901941934475,nan,0.3926,0.102,0.0,0.0,0.0,0.0,0.0,0.0,0.0,0.0,0.0,0.0,0.0,0.0,0.0,0.00023954703832752613,0.0025587979094076653,3.2665505226480836e-05,3.2665505226480836e-05,0.0,0.001328397212543554,0.00272212543554007,0.000860191637630662,0.007208188153310104,0.020927700348432055,0.01332752613240418,0.020405052264808363,0.016996951219512196,0.020426829268292684,0.04397865853658536,0.01171602787456446,0.042018728222996515,0.018488675958188153,0.019316202090592333,0.04431620209059233,0.01486280487804878,0.04697299651567944,0.018456010452961674,0.061171602787456446,0.026785714285714284,0.03788109756097561,0.046722560975609756,0.039764808362369335,0.04280270034843205,0.03411367595818815,0.03439677700348432,0.03428789198606272,0.03127177700348432,0.020503048780487806,0.021352351916376307,0.02338850174216028,0.007317073170731708,0.012565331010452962,0.02528310104529617,0.020132839721254354,0.0038545296167247388,0.012924651567944251,0.011367595818815331,0.02305095818815331,0.00274390243902439,0.011443815331010453,0.015886324041811846,0.007121080139372822,0.0008057491289198606,0.00819904181184669,0.007001306620209059,0.0010344076655052264,3.2665505226480836e-05,0.0,0.0,0.0056293554006968645,0.0,0.0016877177700348432,0.0002831010452961673,0.0,0.0,0.0,0.0,0.0,0.0,0.0,0.0,0.0,0.0,0.0,0.0,0.0,0.0,0.0,0.0,0.0,0.0,0.0,0.0,0.0,0.0,0.0,0.0,0.0,0.0,0.0,0.0,0.0,nan,nan,4.299629255139872,2.945901941934475,nan,0.9374272159910323,0.02326245262393189,0.0,0.0,0.0,0.0,0.0,0.0,0.0,0.0,0.0,0.0,0.0,0.0,0.0,0.0,0.0,0.0,0.0,0.0,0.0,0.0,0.0,0.0,0.0,0.0,0.0,0.025402201524132098,1.7273497036409826,10.859441151566472,14.352243861134635,3.035563082133786,0.9368800640106201,0.023352450714499356,0.0,0.0,0.0,0.0,0.0,0.0,0.0,0.0,0.0,0.0,0.0,0.0,0.0,0.0,0.0,0.0,0.0,0.0,0.0,0.0,0.0,0.0,0.0,0.0,0.0,0.0672645739910314,1.721973094170404,11.300448430493276,13.896860986547088,3.013452914798207,0.3923,0.02173,0.0,0.0,0.0,0.0,0.0,0.0,0.0,0.0,0.0,0.10160880609652839,3.5309060118543614,15.330228619813695,10.097375105842508,0.9398814563928876,0.0,0.0,0.0,0.0,0.0,0.0,0.0,0.0,0.0,0.0,0.0,0.0,0.0,0.0,0.0,0.0,0.3928,0.02188,0.0,0.0,0.0,0.0,0.0,0.0,0.0,0.0,0.0,0.09417040358744397,3.3632286995515703,15.60538116591926,9.83408071748879,1.0762331838565025,0.02690582959641256,0.0,0.0,0.0,0.0,0.0,0.0,0.0,0.0,0.0,0.0,0.0,0.0,0.0,0.0,0.0
6800,4780,2451,0.5127615062761506,1153,971,0.44435146443514645,1371,0.5736401673640167,0.38999999999999996,2.9042507513954487,3.023853069197756,6.367732558139535,2.1370090428926787,9318.71775355304,1428.8273667762135,7853.0,10767.499790668488,10711.478523861093,17.299558359517622,7853.0,0.0,28.027615062761505,20.67706648469489,32.72844082036076,18.980700773252032,0.1307531380753138,0.10167364016736402,0.09539748953974896,0.08556485355648535,0.08158995815899582,0.08054393305439331,0.06799163179916318,0.06443514644351464,0.059414225941422594,0.05167364016736402,0.049372384937238493,0.042468619246861926,0.030543933054393305,0.02280334728033473,0.01903765690376569,0.0100418410041841,0.0066945606694560665,0.9366205563729777,0.023466643920024812,0.0,0.0,0.0,0.0,0.0,0.0,0.0,0.0,0.0,0.0,0.0,0.0,0.0,0.0,0.0,0.0,0.0,0.0,0.0,0.0,0.0,0.0,0.0,0.0,0.0,0.03138075313807532,1.8075313807531384,11.504184100418414,13.606694560669458,3.0502092050209213,4.234476067270375,2.819207638905695,nan,nan,nan,4.190568475452197,2.8083465368702107,4.278497409326425,2.8293710869029916,1.0209825789482512,0.3933,0.02122,0.0,0.0,0.0,0.0,0.0,0.0,0.0,0.0,0.0,0.04393305439330545,2.9058577405857746,16.3430962343096,9.746861924686193,0.9288702928870295,0.03138075313807532,0.0,0.0,0.0,0.0,0.0,0.0,0.0,0.0,0.0,0.0,0.0,0.0,0.0,0.0,0.0,nan,nan,4.234476067270375,2.819207638905695,nan,0.3933,0.10095,0.0,0.0,0.0,0.0,0.0,0.0,0.0,0.0,0.0,0.0,0.0,0.0,0.0,0.0002719665271966527,0.0028556485355648534,0.0002719665271966527,0.0,3.1380753138075316e-05,0.001098326359832636,0.002489539748953975,0.0010774058577405858,0.007133891213389121,0.021182008368200837,0.012468619246861925,0.01871338912133891,0.016694560669456068,0.019864016736401674,0.04202928870292887,0.010052301255230125,0.042656903765690375,0.018838912133891213,0.018702928870292887,0.04225941422594142,0.011035564853556485,0.04985355648535565,0.018964435146443515,0.06278242677824268,0.027782426778242678,0.03942468619246862,0.04927824267782427,0.04018828451882845,0.04336820083682008,0.03506276150627615,0.035135983263598326,0.03333682008368201,0.03264644351464435,0.019497907949790796,0.021610878661087865,0.022384937238493725,0.007897489539748954,0.012384937238493723,0.026349372384937238,0.018640167364016736,0.004759414225941423,0.01299163179916318,0.011317991631799163,0.02382845188284519,0.002709205020920502,0.011757322175732218,0.01817991631799163,0.008002092050209205,0.00038702928870292886,0.006265690376569038,0.005847280334728033,0.0009414225941422594,3.1380753138075316e-05,1.0460251046025105e-05,0.0,0.004728033472803347,0.0,0.0017573221757322176,0.00016736401673640169,0.0,0.0,0.0,0.0,0.0,0.0,0.0,0.0,0.0,0.0,0.0,0.0,0.0,0.0,0.0,0.0,0.0,0.0,0.0,0.0,0.0,0.0,0.0,0.0,0.0,0.0,0.0,0.0,0.0,nan,nan,4.234476067270375,2.819207638905695,nan,0.936338885469565,0.023506716975491632,0.0,0.0,0.0,0.0,0.0,0.0,0.0,0.0,0.0,0.0,0.0,0.0,0.0,0.0,0.0,0.0,0.0,0.0,0.0,0.0,0.0,0.0,0.0,0.0,0.0,0.024479804161566712,1.9339045287637702,11.505507955936356,13.659730722154226,2.876376988984089,0.9369169820424772,0.023420739615378616,0.0,0.0,0.0,0.0,0.0,0.0,0.0,0.0,0.0,0.0,0.0,0.0,0.0,0.0,0.0,0.0,0.0,0.0,0.0,0.0,0.0,0.0,0.0,0.0,0.0,0.03864319450407901,1.6745384285100906,11.502790897380853,13.550880206097041,3.233147273507944,0.393,0.021,0.0,0.0,0.0,0.0,0.0,0.0,0.0,0.0,0.0,0.03671970624235007,2.815177478580172,16.817625458996304,9.326805385556916,0.9791921664626685,0.024479804161566712,0.0,0.0,0.0,0.0,0.0,0.0,0.0,0.0,0.0,0.0,0.0,0.0,0.0,0.0,0.0,0.3936,0.02144,0.0,0.0,0.0,0.0,0.0,0.0,0.0,0.0,0.0,0.05152425933877202,3.00128810648347,15.843709746672369,10.188922284242166,0.8759124087591242,0.03864319450407901,0.0,0.0,0.0,0.0,0.0,0.0,0.0,0.0,0.0,0.0,0.0,0.0,0.0,0.0,0.0
6900,4545,2315,0.5093509350935094,1094,945,0.4486248624862486,1275,0.5610561056105611,0.414,2.9529147982062782,3.0822838231953407,6.544,2.2087245188117057,9309.271605166456,1429.3433261442078,7853.0,10780.336429834366,10712.073194592458,17.84620288252826,7853.0,0.0,27.66314631463146,20.695929867802594,32.59533175976921,18.94498084492603,0.14125412541254126,0.10319031903190319,0.08976897689768977,0.0855885588558856,0.0822882288228823,0.07898789878987898,0.06864686468646865,0.06688668866886689,0.058525852585258525,0.04972497249724973,0.04378437843784379,0.041804180418041806,0.028822882288228824,0.02574257425742574,0.01738173817381738,0.012541254125412541,0.00506050605060506,0.936527165091864,0.023767132581959963,0.0,0.0,0.0,0.0,0.0,0.0,0.0,0.0,0.0,0.0,0.0,0.0,0.0,0.0,0.0,0.0,0.0,0.0,0.0,0.0,0.0,0.0,0.0,0.0,0.0,0.02640264026402641,1.8415841584158419,11.808580858085811,13.188118811881191,3.135313531353136,4.25231719876416,2.8471501436663975,nan,nan,nan,4.265043948613928,2.8436973204617217,4.240753663642708,2.851027897794212,0.9943047984349341,0.3933,0.02196,0.0,0.0,0.0,0.0,0.0,0.0,0.0,0.0,0.0,0.06600660066006601,3.287128712871288,15.300330033003277,10.191419141914192,1.1353135313531355,0.019801980198019806,0.0,0.0,0.0,0.0,0.0,0.0,0.0,0.0,0.0,0.0,0.0,0.0,0.0,0.0,0.0,nan,nan,4.25231719876416,2.8471501436663975,nan,0.3933,0.1004,0.0,0.0,0.0,0.0,0.0,0.0,0.0,0.0,0.0,0.0,0.0,0.0,0.0,0.00019801980198019803,0.0031573157315731575,0.00011001100110011001,0.0,2.2002200220022003e-05,0.0009130913091309131,0.0026402640264026403,0.0007260726072607261,0.00713971397139714,0.021595159515951597,0.011892189218921892,0.017975797579757976,0.015137513751375137,0.02030803080308031,0.03939493949394939,0.009834983498349836,0.043069306930693066,0.020407040704070407,0.01902090209020902,0.042145214521452146,0.011595159515951595,0.051012101210121015,0.018591859185918592,0.06452145214521453,0.02812981298129813,0.038195819581958196,0.052057205720572056,0.041001100110011,0.04382838283828383,0.03682068206820682,0.035434543454345435,0.030726072607260724,0.03205720572057206,0.01761276127612761,0.02042904290429043,0.02167216721672167,0.008393839383938393,0.012497249724972497,0.02724972497249725,0.019625962596259625,0.004455445544554455,0.012838283828382839,0.011331133113311331,0.023674367436743674,0.0024642464246424642,0.012233223322332233,0.01726072607260726,0.010341034103410342,0.000286028602860286,0.005841584158415842,0.004664466446644665,0.000737073707370737,0.0,0.0,0.0,0.004818481848184819,0.0,0.0017601760176017601,0.00015401540154015401,0.0,0.0,0.0,0.0,0.0,0.0,0.0,0.0,0.0,0.0,0.0,0.0,0.0,0.0,0.0,0.0,0.0,0.0,0.0,0.0,0.0,0.0,0.0,0.0,0.0,0.0,0.0,0.0,0.0,nan,nan,4.25231719876416,2.8471501436663975,nan,0.937347065295308,0.023486221969971206,0.0,0.0,0.0,0.0,0.0,0.0,0.0,0.0,0.0,0.0,0.0,0.0,0.0,0.0,0.0,0.0,0.0,0.0,0.0,0.0,0.0,0.0,0.0,0.0,0.0,0.025917926565874737,1.6976241900647953,11.494600431965447,13.632829373650111,3.1490280777537807,0.9356760130869434,0.0240256987188019,0.0,0.0,0.0,0.0,0.0,0.0,0.0,0.0,0.0,0.0,0.0,0.0,0.0,0.0,0.0,0.0,0.0,0.0,0.0,0.0,0.0,0.0,0.0,0.0,0.0,0.02690582959641256,1.9910313901345296,12.134529147982066,12.726457399103142,3.1210762331838575,0.393,0.02171,0.0,0.0,0.0,0.0,0.0,0.0,0.0,0.0,0.0,0.0777537796976242,3.187904967602593,15.77105831533475,9.835853131749461,1.1144708423326135,0.012958963282937368,0.0,0.0,0.0,0.0,0.0,0.0,0.0,0.0,0.0,0.0,0.0,0.0,0.0,0.0,0.0,0.3936,0.0222,0.0,0.0,0.0,0.0,0.0,0.0,0.0,0.0,0.0,0.05381165919282512,3.390134529147983,14.81165919282509,10.56053811659193,1.1569506726457401,0.02690582959641256,0.0,0.0,0.0,0.0,0.0,0.0,0.0,0.0,0.0,0.0,0.0,0.0,0.0,0.0,0.0
7000,4643,2374,0.5113073443894034,1059,942,0.43097135472754683,1312,0.5651518414818005,0.40599999999999997,2.9224327897752316,3.100515899223868,6.468315301391035,2.2587971466545986,9314.796596916,1429.1596447953614,7853.0,10767.369787096977,10711.939174170593,17.635685055059213,7853.0,0.0,27.606289037260392,20.867004976664134,32.66382868937048,19.13465246265062,0.14344174025414602,0.10531983631272884,0.08938186517337927,0.09175102304544476,0.07925909972000862,0.07365927202239932,0.06332112858065905,0.06375188455739823,0.057290544906310574,0.05341374111565798,0.04716777945293991,0.03898341589489554,0.03295283222054706,0.027999138488046523,0.016368727116088735,0.008615119534783545,0.007322851604566014,0.9369759959777111,0.0236260889010795,0.0,0.0,0.0,0.0,0.0,0.0,0.0,0.0,0.0,0.0,0.0,0.0,0.0,0.0,0.0,0.0,0.0,0.0,0.0,0.0,0.0,0.0,0.0,0.0,0.0,0.05815205685978894,1.8091751023045448,11.145810898126214,13.788498815421066,3.198363127288392,4.300851788756389,2.858702477291449,nan,nan,nan,4.300542740841248,2.8553859657562595,4.298630136986302,2.8613864419282247,0.9995552645398027,0.3933,0.022,0.0,0.0,0.0,0.0,0.0,0.0,0.0,0.0,0.0,0.0646133965108766,3.2952832220547066,15.390911048890782,10.118457893603276,1.1113504199870776,0.01938401895326298,0.0,0.0,0.0,0.0,0.0,0.0,0.0,0.0,0.0,0.0,0.0,0.0,0.0,0.0,0.0,nan,nan,4.300851788756389,2.858702477291449,nan,0.3933,0.10046,0.0,0.0,0.0,0.0,0.0,0.0,0.0,0.0,0.0,0.0,0.0,0.0,0.0,0.00021537798836958864,0.0036291191040275683,3.23066982554383e-05,1.0768899418479431e-05,9.692009476631489e-05,0.001249192332543614,0.002347620073228516,0.0004630626749946156,0.006805944432479001,0.02048244669394788,0.01289037260391988,0.016756407495153995,0.01440878742192548,0.02238854189101874,0.04063105750592289,0.008884342020245531,0.0412556536721947,0.020159379711393494,0.021473185440447986,0.043430971354727545,0.013913418048675425,0.050161533491277194,0.018285591212578074,0.0651303036829636,0.028343743269437862,0.03682963601119966,0.051755330605212146,0.038132672840835664,0.04306482877449925,0.03838035752746069,0.0352896833943571,0.030206762868834804,0.03187594227869912,0.017790221839328022,0.019922463924186947,0.02161318113288822,0.008475123842343312,0.012621150118457894,0.02572690071074736,0.021074736161964248,0.0042106396726254575,0.012998061598104673,0.01058582812836528,0.02481154426017661,0.0027999138488046522,0.012718070213224209,0.01781175963816498,0.010144303252207625,0.00024768468662502693,0.0060305836743484815,0.004630626749946155,0.0006030583674348481,0.0,0.0,1.0768899418479431e-05,0.004889080335989662,0.0,0.0012061167348696963,9.692009476631489e-05,0.0,0.0,0.0,0.0,0.0,0.0,0.0,0.0,0.0,0.0,0.0,0.0,0.0,0.0,0.0,0.0,0.0,0.0,0.0,0.0,0.0,0.0,0.0,0.0,0.0,0.0,0.0,0.0,0.0,nan,nan,4.300851788756389,2.858702477291449,nan,0.9370228779998866,0.02317520818455138,0.0,0.0,0.0,0.0,0.0,0.0,0.0,0.0,0.0,0.0,0.0,0.0,0.0,0.0,0.0,0.0,0.0,0.0,0.0,0.0,0.0,0.0,0.0,0.0,0.0,0.025273799494524015,1.743892165122157,11.06992417860152,13.91322662173547,3.247683235046336,0.9369269444481189,0.024088704368970905,0.0,0.0,0.0,0.0,0.0,0.0,0.0,0.0,0.0,0.0,0.0,0.0,0.0,0.0,0.0,0.0,0.0,0.0,0.0,0.0,0.0,0.0,0.0,0.0,0.0,0.09255178492728076,1.8774790656676954,11.225209343323053,13.657999118554432,3.146760687527546,0.393,0.02206,0.0,0.0,0.0,0.0,0.0,0.0,0.0,0.0,0.0,0.07582139848357204,3.323504633529908,15.366470092670577,10.122156697556868,1.0994102780117947,0.012636899747262008,0.0,0.0,0.0,0.0,0.0,0.0,0.0,0.0,0.0,0.0,0.0,0.0,0.0,0.0,0.0,0.3933,0.02194,0.0,0.0,0.0,0.0,0.0,0.0,0.0,0.0,0.0,0.05288673424416043,3.265755839576907,15.41648303217274,10.114587924195682,1.1238431026884093,0.026443367122080216,0.0,0.0,0.0,0.0,0.0,0.0,0.0,0.0,0.0,0.0,0.0,0.0,0.0,0.0,0.0
7100,4910,2500,0.5091649694501018,1187,1017,0.4488798370672098,1404,0.5718940936863544,0.38199999999999995,2.9547717842323653,3.01724436152082,6.352773826458037,2.09399061974012,9308.577577221151,1429.1940098585371,7853.0,10776.553150892258,10711.75436166234,17.88419092668005,7853.0,0.0,28.031568228105908,20.87315052443233,33.03960155490768,19.079984481391577,0.14175152749490835,0.09735234215885948,0.09368635437881874,0.08167006109979634,0.07820773930753565,0.08187372708757637,0.064969450101833,0.06720977596741344,0.061710794297352344,0.04867617107942974,0.04643584521384929,0.04541751527494908,0.027291242362525458,0.029938900203665988,0.0164969450101833,0.009979633401221997,0.007331975560081467,0.9382778180106837,0.02343573383292656,0.0,0.0,0.0,0.0,0.0,0.0,0.0,0.0,0.0,0.0,0.0,0.0,0.0,0.0,0.0,0.0,0.0,0.0,0.0,0.0,0.0,0.0,0.0,0.0,0.0,0.03665987780040734,1.4114052953156826,11.022403258655807,14.248472505091653,3.281059063136457,4.236916327170166,2.802877782936565,nan,nan,nan,4.172979797979798,2.795040197682779,4.299937772246422,2.8091580601145294,1.0304238171313667,0.3918,0.02213,0.0,0.0,0.0,0.0,0.0,0.0,0.0,0.0,0.0,0.03665987780040734,3.806517311608962,15.574338085539692,9.549898167006111,1.0020366598778006,0.030549898167006116,0.0,0.0,0.0,0.0,0.0,0.0,0.0,0.0,0.0,0.0,0.0,0.0,0.0,0.0,0.0,nan,nan,4.236916327170166,2.802877782936565,nan,0.3918,0.10034,0.0,0.0,0.0,0.0,0.0,0.0,0.0,0.0,0.0,0.0,0.0,0.0,0.0,0.00014256619144602852,0.004195519348268839,0.0,0.00015274949083503056,1.0183299389002036e-05,0.0009368635437881873,0.0024032586558044807,0.0006619144602851324,0.006639511201629328,0.020804480651731162,0.01164969450101833,0.016975560081466397,0.01653767820773931,0.024429735234215887,0.040295315682281056,0.009470468431771894,0.042321792260692465,0.019765784114052953,0.022067209775967413,0.04365580448065173,0.013665987780040733,0.05057026476578411,0.01794297352342159,0.07102851323828921,0.027586558044806517,0.03570264765784114,0.048737270875763745,0.03454175152749491,0.04112016293279022,0.040224032586558045,0.03288187372708758,0.03066191446028513,0.034022403258655805,0.01845213849287169,0.01925661914460285,0.022219959266802446,0.007881873727087577,0.013075356415478615,0.02425661914460285,0.021578411405295317,0.003981670061099797,0.013788187372708758,0.010529531568228105,0.025020366598778005,0.0029327902240325865,0.012331975560081466,0.015488798370672097,0.010061099796334013,0.00014256619144602852,0.006771894093686354,0.004317718940936864,0.0006415478615071283,0.0,0.0,0.0,0.004103869653767821,1.0183299389002036e-05,0.0013340122199592668,2.0366598778004072e-05,0.0,0.0,0.0,0.0,0.0,0.0,0.0,0.0,0.0,0.0,0.0,0.0,0.0,0.0,0.0,0.0,0.0,0.0,0.0,0.0,0.0,0.0,0.0,0.0,0.0,0.0,0.0,0.0,0.0,nan,nan,4.236916327170166,2.802877782936565,nan,0.9384834676504135,0.023454564087885068,0.0,0.0,0.0,0.0,0.0,0.0,0.0,0.0,0.0,0.0,0.0,0.0,0.0,0.0,0.0,0.0,0.0,0.0,0.0,0.0,0.0,0.0,0.0,0.0,0.0,0.036000000000000004,1.3560000000000003,11.172000000000002,13.992000000000003,3.444000000000001,0.9380644885088892,0.023414275772290105,0.0,0.0,0.0,0.0,0.0,0.0,0.0,0.0,0.0,0.0,0.0,0.0,0.0,0.0,0.0,0.0,0.0,0.0,0.0,0.0,0.0,0.0,0.0,0.0,0.0,0.03734439834024897,1.4688796680497929,10.86721991701245,14.514522821576767,3.112033195020748,0.3914,0.02235,0.0,0.0,0.0,0.0,0.0,0.0,0.0,0.0,0.0,0.036000000000000004,4.0440000000000005,15.287999999999977,9.576000000000002,1.0080000000000002,0.04800000000000001,0.0,0.0,0.0,0.0,0.0,0.0,0.0,0.0,0.0,0.0,0.0,0.0,0.0,0.0,0.0,0.3923,0.0219,0.0,0.0,0.0,0.0,0.0,0.0,0.0,0.0,0.0,0.03734439834024897,3.560165975103735,15.871369294605785,9.522821576763487,0.9958506224066392,0.01244813278008299,0.0,0.0,0.0,0.0,0.0,0.0,0.0,0.0,0.0,0.0,0.0,0.0,0.0,0.0,0.0
7200,4575,2340,0.5114754098360655,1080,963,0.4465573770491803,1298,0.567431693989071,0.426,2.9861297539149887,3.102468528765157,6.658978583196046,2.1247767851450274,9315.094668436675,1428.9710955940782,7853.0,10787.22546339035,10711.582524828116,17.738758889086323,7853.0,0.0,27.71497267759563,20.81617868256825,32.75699712267853,19.059231780629027,0.14251366120218578,0.10469945355191257,0.09267759562841531,0.07978142076502732,0.0859016393442623,0.07366120218579235,0.06754098360655737,0.06710382513661202,0.057704918032786885,0.04961748633879781,0.04459016393442623,0.03890710382513661,0.034972677595628415,0.0253551912568306,0.019453551912568305,0.010491803278688525,0.005027322404371585,0.9373159733365793,0.023441634010101214,0.0,0.0,0.0,0.0,0.0,0.0,0.0,0.0,0.0,0.0,0.0,0.0,0.0,0.0,0.0,0.0,0.0,0.0,0.0,0.0,0.0,0.0,0.0,0.0,0.0,0.02622950819672132,1.6393442622950825,11.35081967213115,13.73770491803279,3.2459016393442632,4.322668481960517,2.8778224242910992,nan,nan,nan,4.342995169082125,2.9069455154492196,4.302887844190732,2.849056679660018,0.9907650542241173,0.3918,0.02248,0.0,0.0,0.0,0.0,0.0,0.0,0.0,0.0,0.0,0.08524590163934428,3.8885245901639354,15.285245901639321,9.652459016393443,1.0819672131147542,0.00655737704918033,0.0,0.0,0.0,0.0,0.0,0.0,0.0,0.0,0.0,0.0,0.0,0.0,0.0,0.0,0.0,nan,nan,4.322668481960517,2.8778224242910992,nan,0.3918,0.1009,0.0,0.0,0.0,0.0,0.0,0.0,0.0,0.0,0.0,0.0,0.0,0.0,0.0,0.00013114754098360657,0.004076502732240437,2.185792349726776e-05,0.0001092896174863388,0.0,0.0006885245901639345,0.00239344262295082,0.0008524590163934427,0.007191256830601093,0.021759562841530054,0.010939890710382514,0.0173551912568306,0.017562841530054645,0.02414207650273224,0.03998907103825137,0.009748633879781421,0.04365027322404372,0.019672131147540985,0.02126775956284153,0.04310382513661202,0.01340983606557377,0.05088524590163934,0.016207650273224045,0.07012021857923498,0.026612021857923496,0.03684153005464481,0.049398907103825135,0.03475409836065574,0.04101639344262295,0.04024043715846994,0.032633879781420766,0.028240437158469946,0.03434972677595628,0.01821857923497268,0.020371584699453552,0.023486338797814206,0.007442622950819672,0.012513661202185793,0.024732240437158468,0.021584699453551914,0.004721311475409836,0.012120218579234973,0.010513661202185793,0.025726775956284153,0.002109289617486339,0.011978142076502732,0.016863387978142075,0.010360655737704918,5.46448087431694e-05,0.0069180327868852455,0.004601092896174864,0.0005245901639344263,0.0,2.185792349726776e-05,0.0,0.003956284153005464,0.0,0.0018142076502732241,0.0,0.0,0.0,0.0,0.0,0.0,0.0,0.0,0.0,0.0,0.0,0.0,0.0,0.0,0.0,0.0,0.0,0.0,0.0,0.0,0.0,0.0,0.0,0.0,0.0,0.0,0.0,0.0,0.0,0.0,nan,nan,4.322668481960517,2.8778224242910992,nan,0.937733299100501,0.023133825085691142,0.0,0.0,0.0,0.0,0.0,0.0,0.0,0.0,0.0,0.0,0.0,0.0,0.0,0.0,0.0,0.0,0.0,0.0,0.0,0.0,0.0,0.0,0.0,0.0,0.0,0.025641025641025647,1.5641025641025645,11.282051282051285,13.897435897435901,3.2307692307692317,0.9368790416642857,0.02375177497204923,0.0,0.0,0.0,0.0,0.0,0.0,0.0,0.0,0.0,0.0,0.0,0.0,0.0,0.0,0.0,0.0,0.0,0.0,0.0,0.0,0.0,0.0,0.0,0.0,0.0,0.026845637583892624,1.718120805369128,11.422818791946312,13.57046979865772,3.261744966442954,0.3918,0.02208,0.0,0.0,0.0,0.0,0.0,0.0,0.0,0.0,0.0,0.06410256410256411,3.8974358974358982,15.435897435897415,9.589743589743591,1.012820512820513,0.0,0.0,0.0,0.0,0.0,0.0,0.0,0.0,0.0,0.0,0.0,0.0,0.0,0.0,0.0,0.0,0.392,0.02286,0.0,0.0,0.0,0.0,0.0,0.0,0.0,0.0,0.0,0.1073825503355705,3.879194630872484,15.127516778523468,9.718120805369129,1.1543624161073827,0.013422818791946312,0.0,0.0,0.0,0.0,0.0,0.0,0.0,0.0,0.0,0.0,0.0,0.0,0.0,0.0,0.0
7300,4754,2506,0.5271350441733277,1193,950,0.45077829196466135,1336,0.5620530079932688,0.414,2.9830960854092528,3.0843247970019383,6.605678233438486,2.1020568109661952,9359.71037302917,1427.1036381325994,7853.0,10775.443349003792,10711.300524094442,17.95259164017089,7853.0,0.0,28.114640302902817,20.90148839910803,33.25717884130982,19.029993695509706,0.14135464871687,0.09907446360959192,0.08855700462768196,0.08624316365166176,0.07824989482541019,0.07467395877156079,0.06941522928060581,0.06310475389145982,0.05679427850231384,0.05931846865797223,0.04985275557425326,0.04312158182583088,0.03218342448464451,0.023979806478754733,0.016196886832141353,0.01072780816154817,0.00715187210769878,0.937783380077825,0.023732236493651897,0.0,0.0,0.0,0.0,0.0,0.0,0.0,0.0,0.0,0.0,0.0,0.0,0.0,0.0,0.0,0.0,0.0,0.0,0.0,0.0,0.0,0.0,0.0,0.0,0.006310475389145984,0.03155237694572992,1.5965502734539339,11.308371897349604,13.605384938998741,3.451830037862853,4.166072007784625,2.8410691757915565,nan,nan,nan,4.072351421188631,2.829100422307516,4.260586319218241,2.849968909175257,1.0462226557978802,0.3916,0.02237,0.0,0.0,0.0,0.0,0.0,0.0,0.0,0.0,0.0,0.10727808161548172,3.7925957088767364,15.599495161968846,9.528817837610434,0.9528817837610435,0.01893142616743795,0.0,0.0,0.0,0.0,0.0,0.0,0.0,0.0,0.0,0.0,0.0,0.0,0.0,0.0,0.0,nan,nan,4.166072007784625,2.8410691757915565,nan,0.3916,0.1009,0.0,0.0,0.0,0.0,0.0,0.0,0.0,0.0,0.0,0.0,0.0,0.0,0.0,0.00027345393352965923,0.004438367690366008,1.051745898190997e-05,0.00011569204880100968,2.103491796381994e-05,0.0009676062263357173,0.0027029869583508623,0.0005153554901135886,0.00713083718973496,0.022023559108119477,0.011453512831299958,0.016733277240218763,0.016459823306689103,0.02186579722339083,0.04097602019352124,0.009739167017248633,0.044572991165334454,0.019236432477913335,0.02058266722759781,0.04301640723601178,0.013062684055532183,0.0540071518721077,0.017196045435422802,0.07000420698359276,0.02465292385359697,0.03791543962978544,0.05138830458561212,0.03503365586874211,0.040366007572570466,0.043090029448885146,0.030384938998737905,0.026651241060159866,0.034718132099284815,0.018289861169541437,0.01790071518721077,0.024610854017669333,0.008529659234328987,0.011769036600757257,0.02587294909549853,0.02059318468657972,0.005363904080774085,0.013167858645351284,0.009518300378628523,0.025,0.0015776188472864956,0.011180058897770299,0.015923432898611697,0.010233487589398401,0.00011569204880100968,0.006520824568784182,0.005332351703828355,0.0008308792595708876,2.103491796381994e-05,3.155237694572991e-05,0.0,0.0043121581825830875,0.0,0.0019983172065628943,0.0,0.0,0.0,0.0,0.0,0.0,0.0,0.0,0.0,0.0,0.0,0.0,0.0,0.0,0.0,0.0,0.0,0.0,0.0,0.0,0.0,0.0,0.0,0.0,0.0,0.0,0.0,0.0,0.0,0.0,nan,nan,4.166072007784625,2.8410691757915565,nan,0.9375459154605484,0.023521566790682832,0.0,0.0,0.0,0.0,0.0,0.0,0.0,0.0,0.0,0.0,0.0,0.0,0.0,0.0,0.0,0.0,0.0,0.0,0.0,0.0,0.0,0.0,0.0,0.0,0.01197126895450918,0.03591380686352754,1.6400638467677577,11.169193934557066,13.790901835594576,3.3519553072625707,0.9380480981965507,0.023962127883789524,0.0,0.0,0.0,0.0,0.0,0.0,0.0,0.0,0.0,0.0,0.0,0.0,0.0,0.0,0.0,0.0,0.0,0.0,0.0,0.0,0.0,0.0,0.0,0.0,0.0,0.02669039145907474,1.548042704626335,11.4635231316726,13.39857651245552,3.5631672597864776,0.3916,0.02199,0.0,0.0,0.0,0.0,0.0,0.0,0.0,0.0,0.0,0.08379888268156427,3.591380686352754,15.814046288906601,9.6488427773344,0.8499600957701519,0.01197126895450918,0.0,0.0,0.0,0.0,0.0,0.0,0.0,0.0,0.0,0.0,0.0,0.0,0.0,0.0,0.0,0.3918,0.02281,0.0,0.0,0.0,0.0,0.0,0.0,0.0,0.0,0.0,0.13345195729537368,4.016903914590748,15.360320284697487,9.395017793594308,1.0676156583629894,0.02669039145907474,0.0,0.0,0.0,0.0,0.0,0.0,0.0,0.0,0.0,0.0,0.0,0.0,0.0,0.0,0.0
7400,4548,2393,0.526165347405453,1051,947,0.4393139841688654,1279,0.5624450307827616,0.434,3.059396751740139,3.1687567892925808,6.730703259005145,2.185528739015604,9357.230497000164,1427.5249431126042,7853.0,10785.62579536438,10711.855119246446,17.42688272715995,7853.0,0.0,27.637862796833772,20.908702156358757,32.55712788259958,19.237056595745692,0.13940193491644678,0.10708003518029903,0.09542656112576957,0.08553210202286719,0.07893579595426561,0.07805628847845207,0.06662269129287599,0.06376429199648197,0.05650835532102023,0.05079155672823219,0.04001759014951627,0.04287598944591029,0.03342128408091469,0.02704485488126649,0.016710642040457344,0.010993843447669306,0.006816182937554969,0.9381743681173945,0.023141031665746162,0.0,0.0,0.0,0.0,0.0,0.0,0.0,0.0,0.0,0.0,0.0,0.0,0.0,0.0,0.0,0.0,0.0,0.0,0.0,0.0,0.0,0.0,0.0,0.0,0.0,0.03298153034300792,1.4643799472295518,11.213720316622695,13.94459102902375,3.3443271767810034,4.361937716262976,2.9319510107920888,nan,nan,nan,4.450371370695476,2.9557394807880266,4.268985095812633,2.903835432506866,0.9592424407371432,0.3916,0.02156,0.0,0.0,0.0,0.0,0.0,0.0,0.0,0.0,0.0,0.08575197889182061,3.654353562005278,15.923482849604198,9.478891820580477,0.857519788918206,0.0,0.0,0.0,0.0,0.0,0.0,0.0,0.0,0.0,0.0,0.0,0.0,0.0,0.0,0.0,0.0,nan,nan,4.361937716262976,2.9319510107920888,nan,0.3916,0.1002,0.0,0.0,0.0,0.0,0.0,0.0,0.0,0.0,0.0,0.0,0.0,0.0,0.0,0.00016490765171503957,0.0044415127528584,0.0,0.0002638522427440633,2.198768689533861e-05,0.0010004397537379068,0.002803430079155673,0.000648636763412489,0.007113016710642041,0.02059146877748461,0.011939313984168866,0.015072559366754617,0.01664467897977133,0.02227352682497801,0.04145778364116095,0.008443271767810026,0.044052330694810904,0.019239226033421285,0.02244942832014072,0.04499780123131047,0.012148197009674582,0.05362796833773087,0.015919085312225155,0.06996481970096746,0.02504397537379068,0.03724714160070361,0.05106640281442392,0.03788478452066842,0.0405452946350044,0.04329375549692172,0.029782321899736147,0.02598944591029024,0.03670844327176781,0.020327616534740547,0.015864116094986808,0.02576956904133685,0.008597185576077396,0.01155452946350044,0.024692172383465258,0.020041776605101144,0.004507475813544415,0.012631926121372032,0.009432717678100264,0.026385224274406333,0.0015281442392260335,0.0113896218117854,0.01664467897977133,0.010872911169744943,0.00028583992963940194,0.006222515391380827,0.0047053649956024625,0.0007036059806508355,5.496921723834653e-05,0.00012093227792436236,0.0,0.002957343887423043,3.2981530343007914e-05,0.001835971855760774,0.0,0.0,0.0,0.0,0.0,0.0,0.0,0.0,0.0,0.0,0.0,0.0,0.0,0.0,0.0,0.0,0.0,0.0,0.0,0.0,0.0,0.0,0.0,0.0,0.0,0.0,0.0,0.0,0.0,0.0,nan,nan,4.361937716262976,2.9319510107920888,nan,0.9387644756751932,0.023342368854540493,0.0,0.0,0.0,0.0,0.0,0.0,0.0,0.0,0.0,0.0,0.0,0.0,0.0,0.0,0.0,0.0,0.0,0.0,0.0,0.0,0.0,0.0,0.0,0.0,0.0,0.037609694943585466,1.353949017969077,11.107396573338908,13.928123694107818,3.5729210196406194,0.9375190885880154,0.022897572685949556,0.0,0.0,0.0,0.0,0.0,0.0,0.0,0.0,0.0,0.0,0.0,0.0,0.0,0.0,0.0,0.0,0.0,0.0,0.0,0.0,0.0,0.0,0.0,0.0,0.0,0.02784222737819026,1.5870069605568449,11.331786542923435,13.962877030162417,3.090487238979119,0.3914,0.02148,0.0,0.0,0.0,0.0,0.0,0.0,0.0,0.0,0.0,0.12536564981195156,3.635603844546595,15.921437526117819,9.565399080651902,0.7521938988717093,0.0,0.0,0.0,0.0,0.0,0.0,0.0,0.0,0.0,0.0,0.0,0.0,0.0,0.0,0.0,0.0,0.3918,0.02164,0.0,0.0,0.0,0.0,0.0,0.0,0.0,0.0,0.0,0.04176334106728539,3.6751740139211146,15.925754060324802,9.382830626450117,0.9744779582366592,0.0,0.0,0.0,0.0,0.0,0.0,0.0,0.0,0.0,0.0,0.0,0.0,0.0,0.0,0.0,0.0
7500,4738,2379,0.502110595187843,1082,967,0.4324609539890249,1329,0.5609962009286619,0.426,2.9512505298855447,3.166122189780041,6.826224328593997,2.1207187804066,9288.083563252007,1429.0927198625975,7853.0,10777.54579436779,10711.10253160488,17.562419892091295,7853.0,0.0,27.83051920641621,21.342208168281445,33.03956378392087,19.621693652510658,0.1494301392992824,0.09603208104685522,0.09518784297171802,0.08822287885183622,0.08273533136344449,0.07344871253693541,0.06563951034191642,0.06057408189109329,0.054242296327564374,0.04685521317011397,0.04242296327564373,0.04242296327564373,0.036724356268467706,0.025749261291684256,0.019206416209371042,0.010975094976783452,0.010130856901646263,0.9377077478379225,0.023345372000108812,0.0,0.0,0.0,0.0,0.0,0.0,0.0,0.0,0.0,0.0,0.0,0.0,0.0,0.0,0.0,0.0,0.0,0.0,0.0,0.0,0.0,0.0,0.0,0.0,0.0,0.03165892781764458,1.3993246095398906,11.409877585479109,13.771633600675393,3.3875052764879703,4.442410119840213,2.9698348592902453,nan,nan,nan,4.489902280130293,2.9959357361392507,4.392784206943499,2.94149481925042,0.9783696688418849,0.3914,0.02162,0.0,0.0,0.0,0.0,0.0,0.0,0.0,0.0,0.0,0.08231321232587592,3.7484170536091184,15.956099620092845,9.434360489658085,0.7661460531869989,0.012663571127057833,0.0,0.0,0.0,0.0,0.0,0.0,0.0,0.0,0.0,0.0,0.0,0.0,0.0,0.0,0.0,nan,nan,4.442410119840213,2.9698348592902453,nan,0.3914,0.1006,0.0,0.0,0.0,0.0,0.0,0.0,0.0,0.0,0.0,0.0,0.0,0.0,0.0,4.2211903756859436e-05,0.003809624314056564,0.0,0.00020050654284508232,2.1105951878429718e-05,0.0012135922330097086,0.0036724356268467706,0.000675390460109751,0.0057302659349936684,0.023670325031658928,0.012030392570704939,0.016367665681722245,0.015523427606585058,0.02382861967074715,0.04251794005909666,0.008716758125791473,0.04519839594765724,0.018362178134233853,0.020367243562684677,0.0433938370620515,0.01309624314056564,0.05278598564795272,0.0152701561840439,0.0678239763613339,0.024050232165470663,0.0360067539046011,0.05158294639088223,0.03777965386238919,0.03989024905023217,0.04320388349514563,0.032292106373997466,0.025,0.03884550443224989,0.019639088222878853,0.017116926973406502,0.024905023216547067,0.007724778387505277,0.011249472351203039,0.024746728577458844,0.019607429295061207,0.005529759392148586,0.01383495145631068,0.009571549176867877,0.02619248628113128,0.0016568172224567328,0.011745462220346137,0.01568172224567328,0.011112283663993246,0.00034824820599409033,0.005983537357534825,0.004717180244829042,0.000823132123258759,1.0552975939214859e-05,0.0004643309413254538,0.0,0.002374419586323343,0.00014774166314900802,0.0017412410299704516,0.0,0.0,0.00010552975939214858,0.0,0.0,0.0,0.0,0.0,0.0,0.0,0.0,0.0,0.0,0.0,0.0,0.0,0.0,0.0,0.0,0.0,0.0,0.0,0.0,0.0,0.0,0.0,0.0,0.0,0.0,0.0,nan,nan,4.442410119840213,2.9698348592902453,nan,0.9374289489584141,0.023326738709435062,0.0,0.0,0.0,0.0,0.0,0.0,0.0,0.0,0.0,0.0,0.0,0.0,0.0,0.0,0.0,0.0,0.0,0.0,0.0,0.0,0.0,0.0,0.0,0.0,0.0,0.025220680958385883,1.475409836065574,11.349306431273648,13.959646910466585,3.190416141235814,0.937988910421369,0.02336077870489288,0.0,0.0,0.0,0.0,0.0,0.0,0.0,0.0,0.0,0.0,0.0,0.0,0.0,0.0,0.0,0.0,0.0,0.0,0.0,0.0,0.0,0.0,0.0,0.0,0.0,0.038151759220008484,1.322594319626961,11.470962272149219,13.582026282323021,3.5862653666807978,0.3914,0.02179,0.0,0.0,0.0,0.0,0.0,0.0,0.0,0.0,0.0,0.08827238335435059,3.7957124842370753,16.065573770491778,9.230769230769232,0.7944514501891553,0.025220680958385883,0.0,0.0,0.0,0.0,0.0,0.0,0.0,0.0,0.0,0.0,0.0,0.0,0.0,0.0,0.0,0.3916,0.02144,0.0,0.0,0.0,0.0,0.0,0.0,0.0,0.0,0.0,0.07630351844001697,3.7007206443408234,15.845697329376833,9.63967782958881,0.7376006782534974,0.0,0.0,0.0,0.0,0.0,0.0,0.0,0.0,0.0,0.0,0.0,0.0,0.0,0.0,0.0,0.0
7600,4789,2529,0.5280851952390896,1172,957,0.4445604510336187,1339,0.5591981624556275,0.41,3.05,3.0531682369607216,6.4343891402714934,2.0641652480712667,9362.376539879413,1426.906320947341,7853.0,10783.933899760246,10711.20650434263,17.9074214483714,7853.0,0.0,28.43599916475256,21.175694321921334,33.59221362615423,19.29988522037436,0.1417832532887868,0.09417414909166841,0.09229484234704531,0.08310712048444352,0.0787220714136563,0.07099603257465024,0.07183128001670495,0.06535811234078095,0.05825850908331593,0.05324702443098768,0.04823553977865943,0.04092712466068073,0.03549801628732512,0.025266235122154937,0.021925245353936102,0.010858216746711212,0.007517226978492378,0.9371547097078468,0.022946788981818705,0.0,0.0,0.0,0.0,0.0,0.0,0.0,0.0,0.0,0.0,0.0,0.0,0.0,0.0,0.0,0.0,0.0,0.0,0.0,0.0,0.0,0.0,0.0,0.0,0.0,0.018793067446230948,1.5472958864063482,11.526414700354984,13.81916892879516,3.088327416997286,4.297366730892742,2.849051854543161,nan,nan,nan,4.35025706940874,2.887802321409829,4.2453436095054595,2.809548671710166,0.9758833884459293,0.392,0.0218,0.0,0.0,0.0,0.0,0.0,0.0,0.0,0.0,0.0,0.06264355815410316,3.56441845896847,15.648360826894946,9.784923783670914,0.9145959490499063,0.025057423261641266,0.0,0.0,0.0,0.0,0.0,0.0,0.0,0.0,0.0,0.0,0.0,0.0,0.0,0.0,0.0,nan,nan,4.297366730892742,2.849051854543161,nan,0.392,0.1015,0.0,0.0,0.0,0.0,0.0,0.0,0.0,0.0,0.0,0.0,0.0,0.0,1.0440593025683859e-05,1.0440593025683859e-05,0.004604301524326582,0.0,0.00019837126748799332,1.0440593025683859e-05,0.0014616830235957402,0.003769054082271873,0.0011589058258509083,0.005335143036124452,0.022666527458759658,0.012507830444769262,0.016047191480476092,0.01588014199206515,0.023355606598454794,0.0424305700563792,0.009219043641678847,0.043297139277510964,0.018709542702025475,0.018218834829818335,0.04352683232407601,0.013196909584464397,0.05502192524535394,0.013781582793902694,0.06647525579452913,0.025777824180413446,0.037387763624973896,0.04992691584882021,0.03646899143871372,0.039893505951138025,0.04532261432449363,0.0320839423679265,0.02288577991229902,0.03837961996241387,0.01831280016704949,0.01699728544581332,0.02573606180831071,0.006118187513050741,0.011369805804969723,0.024368344121946127,0.02002505742326164,0.005617039047817916,0.016193359782835665,0.010649404886197537,0.027312591355188976,0.0019732720818542494,0.01206932553769054,0.016297765713092504,0.01179787011902276,0.00044894550010440593,0.004886197536020046,0.004969722280225517,0.0007726038839006056,0.0,0.0005324702443098767,2.0881186051367718e-05,0.002213405721444978,0.0001252871163082063,0.0017644602213405722,0.0,0.0,0.0004071831280016705,0.0,0.0,0.0,0.0,0.0,0.0,0.0,0.0,0.0,0.0,0.0,0.0,0.0,0.0,0.0,0.0,0.0,0.0,0.0,0.0,0.0,0.0,0.0,0.0,0.0,0.0,0.0,nan,nan,4.297366730892742,2.849051854543161,nan,0.9371858031300039,0.02299610221107939,0.0,0.0,0.0,0.0,0.0,0.0,0.0,0.0,0.0,0.0,0.0,0.0,0.0,0.0,0.0,0.0,0.0,0.0,0.0,0.0,0.0,0.0,0.0,0.0,0.0,0.023724792408066436,1.5539739027283515,11.720047449584818,13.629893238434166,3.072360616844603,0.9371199153429639,0.022891430145161765,0.0,0.0,0.0,0.0,0.0,0.0,0.0,0.0,0.0,0.0,0.0,0.0,0.0,0.0,0.0,0.0,0.0,0.0,0.0,0.0,0.0,0.0,0.0,0.0,0.0,0.013274336283185844,1.539823008849558,11.30973451327434,14.030973451327437,3.1061946902654873,0.3916,0.0215,0.0,0.0,0.0,0.0,0.0,0.0,0.0,0.0,0.0,0.08303677342823253,3.653618030842231,15.812574139976252,9.655990510083038,0.7829181494661923,0.011862396204033218,0.0,0.0,0.0,0.0,0.0,0.0,0.0,0.0,0.0,0.0,0.0,0.0,0.0,0.0,0.0,0.3928,0.02214,0.0,0.0,0.0,0.0,0.0,0.0,0.0,0.0,0.0,0.03982300884955753,3.4646017699115053,15.464601769911482,9.92920353982301,1.0619469026548674,0.03982300884955753,0.0,0.0,0.0,0.0,0.0,0.0,0.0,0.0,0.0,0.0,0.0,0.0,0.0,0.0,0.0
7700,4871,2491,0.5113939642783822,1160,970,0.43728187230548143,1365,0.5604598645042086,0.40599999999999997,2.981512605042017,3.1695231035003713,6.688427299703264,2.2021603005961645,9314.745937738691,1428.8648543478037,7853.0,10777.188474416733,10711.355866208416,18.010360837129312,7853.0,0.0,27.8193389447752,20.915384260451663,32.827163520470705,19.171188840540882,0.14206528433586532,0.09402586737836173,0.10346951344693081,0.08622459453910901,0.08129747485115993,0.07308560870457811,0.06384725928967358,0.06241018271402176,0.05666187641141449,0.05686717306507904,0.04968179018681995,0.03880106754259906,0.028946828166700883,0.024225005132416343,0.021966741942106342,0.010059536029562718,0.006364196263600903,0.9367756982575058,0.023630612419075044,0.0,0.0,0.0,0.0,0.0,0.0,0.0,0.0,0.0,0.0,0.0,0.0,0.0,0.0,0.0,0.0,0.0,0.0,0.0,0.0,0.0,0.0,0.0,0.0,0.0,0.06774789570929995,1.6690617942927535,11.480188872921374,13.678916033668655,3.1040854034079253,4.4239095315024235,2.940103780583913,nan,nan,nan,4.545278137128072,2.9369540207589933,4.302775984506133,2.9382495747913486,0.9466474558199064,0.3923,0.02263,0.0,0.0,0.0,0.0,0.0,0.0,0.0,0.0,0.0,0.12317799219872719,3.6152740710326428,15.046191747074502,10.075959761855882,1.1270786286183536,0.01231779921987272,0.0,0.0,0.0,0.0,0.0,0.0,0.0,0.0,0.0,0.0,0.0,0.0,0.0,0.0,0.0,nan,nan,4.4239095315024235,2.940103780583913,nan,0.3923,0.1016,0.0,0.0,0.0,0.0,0.0,0.0,0.0,0.0,0.0,0.0,0.0,0.0,0.0,0.0,0.005009238349414904,0.0,5.1324163416136314e-05,6.158899609936358e-05,0.0016013138985834531,0.003777458427427633,0.0010778074317388626,0.004968179018681996,0.02291110654896325,0.01432970642578526,0.01556148634777253,0.015848901662902894,0.023865735988503386,0.041120919729008415,0.009063847259289673,0.04084376924656128,0.01853828782590844,0.019267090946417573,0.04221925682611374,0.012892629850133442,0.055645657975775,0.01346746048039417,0.06795319236296449,0.024676657770478342,0.03538287825908438,0.05094436460685691,0.04019708478751796,0.0401354957914186,0.04290700061588996,0.032806405255594334,0.023290905358242662,0.03876000821186615,0.018209813180045165,0.01565386984192158,0.02423526996509957,0.005204270170396223,0.010490659002258262,0.027253130773968383,0.019667419421063436,0.00630260726750154,0.017357832067337303,0.010973106138369944,0.027171012112502568,0.002217203859577089,0.011239991788133853,0.01736809690002053,0.012174091562307534,0.0008725107780743174,0.004290700061588996,0.004947649353315541,0.0006364196263600904,0.0,0.000739067953192363,6.158899609936358e-05,0.002032436871278998,0.0001129131595154999,0.0011291315951549989,0.0,0.0,0.0004824471361116814,0.0,0.0,0.0,0.0,0.0,0.0,0.0,0.0,0.0,0.0,0.0,0.0,0.0,0.0,0.0,0.0,0.0,0.0,0.0,0.0,0.0,0.0,0.0,0.0,0.0,0.0,0.0,nan,nan,4.4239095315024235,2.940103780583913,nan,0.9366345711378437,0.023583972058426717,0.0,0.0,0.0,0.0,0.0,0.0,0.0,0.0,0.0,0.0,0.0,0.0,0.0,0.0,0.0,0.0,0.0,0.0,0.0,0.0,0.0,0.0,0.0,0.0,0.0,0.08430349257326378,1.6499397832195908,11.645925331192295,13.560818948213571,3.059012444801285,0.9369234073562782,0.023678428749367337,0.0,0.0,0.0,0.0,0.0,0.0,0.0,0.0,0.0,0.0,0.0,0.0,0.0,0.0,0.0,0.0,0.0,0.0,0.0,0.0,0.0,0.0,0.0,0.0,0.0,0.050420168067226906,1.6890756302521013,11.306722689075633,13.802521008403364,3.1512605042016815,0.3926,0.0227,0.0,0.0,0.0,0.0,0.0,0.0,0.0,0.0,0.0,0.07226013649136893,3.5407466880770784,15.415495784825348,9.694901645925333,1.2525090325170618,0.024086712163789648,0.0,0.0,0.0,0.0,0.0,0.0,0.0,0.0,0.0,0.0,0.0,0.0,0.0,0.0,0.0,0.3923,0.02255,0.0,0.0,0.0,0.0,0.0,0.0,0.0,0.0,0.0,0.17647058823529416,3.6932773109243704,14.659663865546197,10.47478991596639,0.9957983193277313,0.0,0.0,0.0,0.0,0.0,0.0,0.0,0.0,0.0,0.0,0.0,0.0,0.0,0.0,0.0,0.0
7800,4770,2469,0.5176100628930818,1148,1000,0.45031446540880504,1331,0.5580712788259958,0.422,2.9756627553237722,3.1365169948346567,6.734527687296417,2.1528437420240647,9332.22112556566,1428.0651177373811,7853.0,10768.56372642517,10710.790509902065,17.637788275161732,7853.0,0.0,27.7937106918239,20.964755346388156,32.84106292303836,19.21896386505863,0.14339622641509434,0.1010482180293501,0.09371069182389936,0.08490566037735849,0.08259958071278826,0.07484276729559748,0.06477987421383648,0.06771488469601677,0.0559748427672956,0.048846960167714885,0.04737945492662474,0.03920335429769392,0.03459119496855346,0.024528301886792454,0.018448637316561847,0.011740041928721174,0.006289308176100629,0.9372924909901569,0.02345988350080198,0.0,0.0,0.0,0.0,0.0,0.0,0.0,0.0,0.0,0.0,0.0,0.0,0.0,0.0,0.0,0.0,0.0,0.0,0.0,0.0,0.0,0.0,0.0,0.0,0.0,0.03144654088050315,1.6855345911949688,11.295597484276733,13.698113207547173,3.2893081761006298,4.326803787136794,2.9688704545222113,nan,nan,nan,4.302432610124918,2.9536058706737536,4.350843060959792,2.983655639541892,1.011251878930294,0.391,0.02179,0.0,0.0,0.0,0.0,0.0,0.0,0.0,0.0,0.0,0.10691823899371071,3.8742138364779883,15.754716981132054,9.48427672955975,0.748427672955975,0.03144654088050315,0.0,0.0,0.0,0.0,0.0,0.0,0.0,0.0,0.0,0.0,0.0,0.0,0.0,0.0,0.0,nan,nan,4.326803787136794,2.9688704545222113,nan,0.391,0.10175,0.0,0.0,0.0,0.0,0.0,0.0,0.0,0.0,0.0,0.0,0.0,0.0,0.0,0.0,0.005660377358490566,0.0,0.00010482180293501048,0.00012578616352201257,0.0014255765199161425,0.0030922431865828093,0.0010377358490566038,0.004979035639412998,0.027075471698113206,0.013459119496855345,0.014968553459119497,0.015828092243186584,0.02511530398322851,0.043574423480083856,0.009371069182389937,0.040020964360587004,0.018721174004192872,0.01789308176100629,0.04141509433962264,0.012809224318658281,0.053071278825995806,0.014853249475890985,0.06874213836477987,0.024549266247379454,0.035859538784067085,0.050733752620545074,0.03926624737945493,0.041488469601677146,0.042274633123689724,0.031949685534591196,0.02389937106918239,0.03912997903563941,0.019863731656184488,0.01640461215932914,0.024549266247379454,0.004580712788259958,0.011048218029350104,0.025188679245283018,0.01861635220125786,0.006666666666666667,0.015880503144654088,0.010146750524109014,0.025754716981132075,0.001991614255765199,0.011226415094339623,0.01759958071278826,0.011069182389937107,0.0009224318658280922,0.005492662473794549,0.0055870020964360586,0.0005765199161425577,0.0,0.0008385744234800838,5.241090146750524e-05,0.0018448637316561844,0.0001781970649895178,0.000880503144654088,0.0,0.0,0.0005450733752620545,0.0,0.0,0.0,0.0,0.0,0.0,0.0,0.0,0.0,0.0,0.0,0.0,0.0,0.0,0.0,0.0,0.0,0.0,0.0,0.0,0.0,0.0,0.0,0.0,0.0,0.0,0.0,nan,nan,4.326803787136794,2.9688704545222113,nan,0.9371783233403483,0.023413499158829634,0.0,0.0,0.0,0.0,0.0,0.0,0.0,0.0,0.0,0.0,0.0,0.0,0.0,0.0,0.0,0.0,0.0,0.0,0.0,0.0,0.0,0.0,0.0,0.0,0.0,0.02430133657351155,1.773997569866343,11.227217496962336,13.65735115431349,3.3171324422843265,0.937414994218048,0.02350893603273487,0.0,0.0,0.0,0.0,0.0,0.0,0.0,0.0,0.0,0.0,0.0,0.0,0.0,0.0,0.0,0.0,0.0,0.0,0.0,0.0,0.0,0.0,0.0,0.0,0.0,0.03911342894393743,1.5906127770534555,11.368970013037814,13.741851368970016,3.259452411994786,0.3909,0.02187,0.0,0.0,0.0,0.0,0.0,0.0,0.0,0.0,0.0,0.10935601458080196,4.009720534629405,15.662211421628166,9.416767922235724,0.7776427703523696,0.02430133657351155,0.0,0.0,0.0,0.0,0.0,0.0,0.0,0.0,0.0,0.0,0.0,0.0,0.0,0.0,0.0,0.3916,0.0217,0.0,0.0,0.0,0.0,0.0,0.0,0.0,0.0,0.0,0.10430247718383313,3.7288135593220346,15.853976531942612,9.55671447196871,0.7170795306388529,0.03911342894393743,0.0,0.0,0.0,0.0,0.0,0.0,0.0,0.0,0.0,0.0,0.0,0.0,0.0,0.0,0.0
7900,4969,2533,0.5097605151942041,1173,1034,0.44415375327027573,1384,0.5570537331455021,0.414,2.9170771756978655,3.146481966285339,6.732522796352583,2.277457926755825,9310.210555523088,1429.0903995525985,7853.0,10781.013524889946,10711.61794330605,17.36597140995146,7853.0,0.0,27.925538337693702,21.148796031766622,33.13826444283297,19.3470455948921,0.14650835178104246,0.1014288589253371,0.09015898571141075,0.08311531495270678,0.08110283759307708,0.074864157778225,0.06983296437915074,0.059569329845039244,0.058563091165224394,0.050110686254779636,0.04326826323203864,0.04125578587240893,0.03481585832159388,0.02897967397866774,0.01911853491648219,0.010666130006037432,0.006641175286778024,0.9374212795134929,0.022972666485928044,0.0,0.0,0.0,0.0,0.0,0.0,0.0,0.0,0.0,0.0,0.0,0.0,0.0,0.0,0.0,0.0,0.0,0.0,0.0,0.0,0.0,0.0,0.0,0.0,0.0,0.024149728315556455,1.599919500905615,11.235661098812642,14.000804990943855,3.139464681022339,4.295241077019411,2.9441996755670052,nan,nan,nan,4.296435272045028,2.9599673866426137,4.291091593475533,2.926851149972433,0.9987562529792399,0.392,0.02121,0.0,0.0,0.0,0.0,0.0,0.0,0.0,0.0,0.0,0.0845240491044476,3.2179512980478977,15.950895552425012,9.925538337693704,0.8029784664922521,0.018112296236667342,0.0,0.0,0.0,0.0,0.0,0.0,0.0,0.0,0.0,0.0,0.0,0.0,0.0,0.0,0.0,nan,nan,4.295241077019411,2.9441996755670052,nan,0.392,0.1009,0.0,0.0,0.0,0.0,0.0,0.0,0.0,0.0,0.0,0.0,0.0,0.0,0.0,0.0,0.00490038237069833,0.0,8.049909438518817e-05,4.0249547192594086e-05,0.0015999195009056147,0.002958341718655665,0.0008452404910444757,0.004336888710002013,0.026705574562286175,0.013050915677198632,0.01627087945260616,0.015465888508754277,0.025075467900986113,0.04170859327832562,0.008261219561279936,0.03928355805997182,0.017065808009659893,0.018524854095391428,0.03985711410746629,0.012769168846850473,0.054004829945663115,0.014610585630911652,0.06873616421815254,0.026916884685047292,0.03770376333266251,0.0513483598309519,0.04062185550412558,0.04063191789092373,0.04131616019319782,0.03198832763131415,0.02271080700342121,0.03994767558864963,0.021050513181726706,0.01746830348158583,0.026534513986717648,0.004960756691487221,0.012014489836989333,0.022690682229824913,0.01720668142483397,0.006993358824713222,0.016311128999798752,0.011028375930770778,0.02488428255182129,0.002274099416381566,0.012034614610585631,0.01916884685047293,0.009991950090561481,0.0009760515194204066,0.005353189776615013,0.006127993560072449,0.00031193399074260414,0.0,0.0007446166230629906,0.00011068625477963373,0.0010464882270074462,0.00017106057556852487,0.0006037432078889113,0.0,0.0,0.0006037432078889113,0.0,0.0,0.0,0.0,0.0,0.0,0.0,0.0,0.0,0.0,0.0,0.0,0.0,0.0,0.0,0.0,0.0,0.0,0.0,0.0,0.0,0.0,0.0,0.0,0.0,0.0,0.0,nan,nan,4.295241077019411,2.9441996755670052,nan,0.9371866713716632,0.023011056582748053,0.0,0.0,0.0,0.0,0.0,0.0,0.0,0.0,0.0,0.0,0.0,0.0,0.0,0.0,0.0,0.0,0.0,0.0,0.0,0.0,0.0,0.0,0.0,0.0,0.0,0.023687327279905256,1.7054875641531784,11.275167785234903,13.88077378602448,3.114883537307541,0.9376652296051408,0.022930134052024695,0.0,0.0,0.0,0.0,0.0,0.0,0.0,0.0,0.0,0.0,0.0,0.0,0.0,0.0,0.0,0.0,0.0,0.0,0.0,0.0,0.0,0.0,0.0,0.0,0.0,0.024630541871921187,1.490147783251232,11.19458128078818,14.1256157635468,3.1650246305418728,0.3923,0.02115,0.0,0.0,0.0,0.0,0.0,0.0,0.0,0.0,0.0,0.059218318199763136,3.162258191867352,16.060007895775737,9.842084484800635,0.8409001184366366,0.03553099091985788,0.0,0.0,0.0,0.0,0.0,0.0,0.0,0.0,0.0,0.0,0.0,0.0,0.0,0.0,0.0,0.3918,0.02124,0.0,0.0,0.0,0.0,0.0,0.0,0.0,0.0,0.0,0.11083743842364534,3.275862068965518,15.837438423645295,10.012315270935963,0.7635467980295568,0.0,0.0,0.0,0.0,0.0,0.0,0.0,0.0,0.0,0.0,0.0,0.0,0.0,0.0,0.0,0.0
8000,4661,2482,0.5325037545591075,1184,893,0.44561252950010727,1254,0.5380819566616606,0.418,2.9623680587425425,3.0544180402156944,6.4206471494607085,2.119744776405632,9375.646560238069,1426.7375886459574,7853.0,10769.27790403366,10712.409998899933,17.436348806728855,7853.0,0.0,28.60437674318816,20.907025776551222,33.30901287553648,19.14224625215053,0.13216048058356575,0.08989487234499034,0.09633125938639776,0.08903668740613602,0.07766573696631623,0.0847457627118644,0.06307659300579274,0.05985839948508904,0.06500750911821497,0.0512765500965458,0.04505470928985196,0.042694700708002575,0.03711649860544947,0.030680111564042052,0.020810984767217336,0.009654580562111135,0.004934563398412358,0.9376702345228328,0.02279074235578679,0.0,0.0,0.0,0.0,0.0,0.0,0.0,0.0,0.0,0.0,0.0,0.0,0.0,0.0,0.0,0.0,0.0,0.0,0.0,0.0,0.0,0.0,0.0,0.0,0.0,0.019309161124222273,1.621969534434671,10.961167131516845,14.475434456125297,2.9221197167989708,4.085845347313237,2.884376755163701,nan,nan,nan,4.024151436031332,2.8298237308751775,4.147465437788019,2.937910000178321,1.0306434794308588,0.3943,0.02203,0.0,0.0,0.0,0.0,0.0,0.0,0.0,0.0,0.0,0.09010941857970395,2.97361081313023,14.971036258313644,10.716584423943363,1.229349924908818,0.019309161124222273,0.0,0.0,0.0,0.0,0.0,0.0,0.0,0.0,0.0,0.0,0.0,0.0,0.0,0.0,0.0,nan,nan,4.085845347313237,2.884376755163701,nan,0.3943,0.1012,0.0,0.0,0.0,0.0,0.0,0.0,0.0,0.0,0.0,0.0,0.0,0.0,0.0,0.0,0.0054923836086676675,6.436387041407424e-05,0.0001716369877708646,0.0001716369877708646,0.0015018236429950654,0.0032718300793821067,0.0005792748337266681,0.00468783522849174,0.024039905599656727,0.012475863548594722,0.015189873417721518,0.015189873417721518,0.024940999785453766,0.04173996996352714,0.0072194807981119935,0.03769577343917614,0.01671315168418794,0.016444968890795966,0.04009869126796825,0.013258957305299293,0.05121218622613173,0.014299506543660159,0.06928770650075092,0.027751555460201673,0.037545591074876636,0.05343273975541729,0.040227419008796395,0.03943359794035615,0.04260888221411714,0.03235357219480798,0.023610813130229565,0.039884145033254666,0.02154044196524351,0.01754988199957091,0.027429736108131302,0.005192018880068655,0.01440677966101695,0.022130444110705857,0.017013516412786957,0.006994207251662734,0.016541514696417077,0.011692769791890153,0.02599227633555031,0.0020381892297790176,0.012550954730744475,0.018000429092469426,0.00980476292641064,0.0010405492383608668,0.006329113924050633,0.007809482943574341,0.0004398197811628406,0.0,0.0006007294571980262,8.58184938854323e-05,0.0010190946148895088,1.0727311735679038e-05,0.0005149109633125939,0.0,2.1454623471358076e-05,0.0006436387041407423,0.0,0.0,0.0,1.0727311735679038e-05,0.0,0.0,0.0,0.0,0.0,0.0,0.0,0.0,0.0,0.0,0.0,0.0,0.0,0.0,0.0,0.0,0.0,0.0,0.0,0.0,0.0,0.0,0.0,nan,nan,4.085845347313237,2.884376755163701,nan,0.9372996164607387,0.0225089274506122,0.0,0.0,0.0,0.0,0.0,0.0,0.0,0.0,0.0,0.0,0.0,0.0,0.0,0.0,0.0,0.0,0.0,0.0,0.0,0.0,0.0,0.0,0.0,0.0,0.0,0.012087026591458504,1.752618855761483,10.878323932312654,14.589041095890414,2.7679290894439976,0.9380923887358286,0.02310031548026996,0.0,0.0,0.0,0.0,0.0,0.0,0.0,0.0,0.0,0.0,0.0,0.0,0.0,0.0,0.0,0.0,0.0,0.0,0.0,0.0,0.0,0.0,0.0,0.0,0.0,0.027535566773749433,1.4731528223955948,11.055530059660397,14.346030289123455,3.0977512620468115,0.3938,0.02211,0.0,0.0,0.0,0.0,0.0,0.0,0.0,0.0,0.0,0.09669621273166804,3.07010475423046,15.07252215954873,10.515713134568898,1.2207896857373088,0.02417405318291701,0.0,0.0,0.0,0.0,0.0,0.0,0.0,0.0,0.0,0.0,0.0,0.0,0.0,0.0,0.0,0.3948,0.02193,0.0,0.0,0.0,0.0,0.0,0.0,0.0,0.0,0.0,0.0826067003212483,2.863698944469941,14.855438274437795,10.945387792565398,1.2391005048187245,0.013767783386874717,0.0,0.0,0.0,0.0,0.0,0.0,0.0,0.0,0.0,0.0,0.0,0.0,0.0,0.0,0.0
8100,4818,2539,0.5269821502698215,1152,971,0.4406392694063927,1312,0.5446243254462433,0.426,3.0772268538832823,3.216647683975397,6.7921875,2.3005980667738877,9359.57245085424,1427.4095621513509,7853.0,10787.960312128067,10711.868085157828,17.786191454461193,7853.0,0.0,27.768991282689914,20.78301130749334,32.629657044164816,19.08044648977123,0.13802407638024075,0.10460772104607721,0.09630552096305521,0.08322955583229556,0.08011623080116231,0.07887090078870901,0.06579493565794936,0.06122872561228725,0.0647571606475716,0.04877542548775426,0.0406807804068078,0.039435450394354504,0.03798256537982565,0.028435035284350353,0.01639684516396845,0.0112079701120797,0.004151100041511001,0.9372750706151097,0.023124221442521898,0.0,0.0,0.0,0.0,0.0,0.0,0.0,0.0,0.0,0.0,0.0,0.0,0.0,0.0,0.0,0.0,0.0,0.0,0.0,0.0,0.0,0.0,0.0,0.0,0.0,0.02490660024906601,1.63760896637609,11.50062266500623,13.754669987546704,3.0821917808219186,4.402741514360313,3.0127566557667143,nan,nan,nan,4.344603381014304,3.044891713165518,4.461336828309306,2.9788704211753667,1.0268686084914267,0.3928,0.02162,0.0,0.0,0.0,0.0,0.0,0.0,0.0,0.0,0.0,0.056039850560398514,3.163138231631383,15.784557907845555,10.062266500622666,0.9153175591531758,0.018679950186799504,0.0,0.0,0.0,0.0,0.0,0.0,0.0,0.0,0.0,0.0,0.0,0.0,0.0,0.0,0.0,nan,nan,4.402741514360313,3.0127566557667143,nan,0.3928,0.1001,0.0,0.0,0.0,0.0,0.0,0.0,0.0,0.0,0.0,0.0,1.0377750103777502e-05,0.0,0.0,0.0,0.004867164798671648,7.26442507264425e-05,0.000145288501452885,0.00025944375259443755,0.00112079701120797,0.0026982150269821504,0.0008405977584059776,0.004213366542133666,0.022447073474470735,0.013563719385637194,0.016666666666666666,0.01470527189705272,0.025352843503528434,0.041915732669157324,0.007814445828144459,0.03848069738480697,0.01864881693648817,0.01603362391033624,0.04274595267745953,0.014103362391033623,0.048287671232876715,0.014508094645080946,0.07081776670817767,0.028102947281029474,0.03771274387712744,0.05481527604815276,0.04194686591946866,0.03854296388542964,0.043555417185554175,0.03240971357409714,0.024449979244499792,0.037349522623495224,0.020745122457451224,0.01602324616023246,0.027999169779991697,0.006019095060190951,0.013314653383146535,0.022322540473225405,0.017496886674968865,0.006693648816936488,0.01564964715649647,0.010751349107513491,0.0245848899958489,0.002646326276463263,0.012432544624325446,0.01657326691573267,0.009786218347862183,0.0008302200083022001,0.006486093814860938,0.007503113325031134,0.00036322125363221256,0.00010377750103777501,0.00049813200498132,4.1511000415110007e-05,0.00099626400996264,0.0,0.0005707762557077625,0.0,0.0,0.00036322125363221256,0.0,0.0,0.0,0.0,0.0,0.0,0.0,0.0,0.0,0.0,0.0,0.0,0.0,0.0,0.0,0.0,0.0,0.0,0.0,0.0,0.0,0.0,0.0,0.0,0.0,0.0,0.0,nan,nan,4.402741514360313,3.0127566557667143,nan,0.9372827715411718,0.023256660734998415,0.0,0.0,0.0,0.0,0.0,0.0,0.0,0.0,0.0,0.0,0.0,0.0,0.0,0.0,0.0,0.0,0.0,0.0,0.0,0.0,0.0,0.0,0.0,0.0,0.0,0.03544702638834187,1.6896415911776292,11.390311146120522,13.859787317841672,3.02481291847184,0.9372664911279348,0.02297577074425492,0.0,0.0,0.0,0.0,0.0,0.0,0.0,0.0,0.0,0.0,0.0,0.0,0.0,0.0,0.0,0.0,0.0,0.0,0.0,0.0,0.0,0.0,0.0,0.0,0.0,0.013163668275559459,1.579640193067135,11.623519087319004,13.6375603334796,3.146116717858711,0.3928,0.02174,0.0,0.0,0.0,0.0,0.0,0.0,0.0,0.0,0.0,0.07089405277668374,3.142969673099646,15.821189444663231,9.972430090586847,0.9807010634107919,0.011815675462780626,0.0,0.0,0.0,0.0,0.0,0.0,0.0,0.0,0.0,0.0,0.0,0.0,0.0,0.0,0.0,0.393,0.02147,0.0,0.0,0.0,0.0,0.0,0.0,0.0,0.0,0.0,0.039491004826678375,3.185607722685389,15.743747257569087,10.162351908731901,0.8424747696358054,0.026327336551118918,0.0,0.0,0.0,0.0,0.0,0.0,0.0,0.0,0.0,0.0,0.0,0.0,0.0,0.0,0.0
8200,4899,2580,0.5266380894060012,1251,943,0.44784649928556847,1313,0.5360277607675036,0.40599999999999997,2.976282880551962,3.119559209032433,6.629080118694362,2.1554120791555658,9358.356025756975,1427.2425720351328,7853.0,10778.720053195953,10711.426034954815,17.927967553897478,7853.0,0.0,28.42865890998163,20.891167243783286,33.07466986794718,19.201914280765727,0.12941416615635845,0.1002245356195142,0.09593794651969789,0.08471116554398857,0.07797509695856297,0.07981220657276995,0.0718513982445397,0.06225760359256991,0.05490916513574199,0.05245968565013268,0.0491937130026536,0.043274137579097774,0.03449683608899776,0.027556644213104716,0.018779342723004695,0.011635027556644213,0.005511328842620943,0.9374259923837408,0.023492186568843353,0.0,0.0,0.0,0.0,0.0,0.0,0.0,0.0,0.0,0.0,0.0,0.0,0.0,0.0,0.0,0.0,0.0,0.0,0.0,0.0,0.0,0.0,0.0,0.0,0.0,0.0428658909981629,1.6656460502143298,11.304347826086959,13.83343539497857,3.153704837721985,4.22048230504228,2.9407331056452093,nan,nan,nan,4.21104903786468,2.951526798987838,4.2314990512333965,2.9300587654364856,1.004856275285525,0.3918,0.02115,0.0,0.0,0.0,0.0,0.0,0.0,0.0,0.0,0.0,0.06736068585425599,3.5517452541334973,16.12982241273727,9.387630128597674,0.8634415186772813,0.0,0.0,0.0,0.0,0.0,0.0,0.0,0.0,0.0,0.0,0.0,0.0,0.0,0.0,0.0,0.0,nan,nan,4.22048230504228,2.9407331056452093,nan,0.3918,0.0995,0.0,0.0,0.0,0.0,0.0,0.0,0.0,0.0,0.0,0.0,0.0,0.0,0.0,0.0,0.005052051439069198,9.185548071034906e-05,5.1030822616860586e-05,0.00028577260665441925,0.0014186568687487241,0.002163706878954889,0.00039804041641151253,0.0044907123902837316,0.02338232292304552,0.0129210042865891,0.01720759338640539,0.01484996938150643,0.025015309246785057,0.04057971014492753,0.0074198816084915286,0.04022249438660951,0.019657072872014698,0.016238007756685036,0.03969177383139416,0.01456419677485201,0.05284751990202082,0.013441518677281078,0.07014696876913656,0.03018983466013472,0.037477036129822415,0.05579710144927536,0.04189630536844254,0.04028373137374974,0.04283527250459277,0.03444580526638089,0.02497448458869157,0.034945907328026125,0.021779955092876096,0.014890794039599918,0.027158603796693204,0.005348030210246989,0.01421718718105736,0.02059604000816493,0.016258420085731782,0.006919779546846295,0.01567666870789957,0.010246989181465604,0.02445397019799959,0.0031945294958154727,0.012645437844458053,0.014768320065319453,0.009165135741988161,0.0007552561747295367,0.006195141865686875,0.0080526638089406,0.00044907123902837316,1.0206164523372116e-05,0.00034700959379465197,2.0412329046744232e-05,0.0009797917942437231,0.0,0.0006736068585425597,0.0,0.0,0.00021432945499081445,0.0,0.0,0.0,0.0,0.0,0.0,0.0,0.0,0.0,0.0,0.0,0.0,0.0,0.0,0.0,0.0,0.0,0.0,0.0,0.0,0.0,0.0,0.0,0.0,0.0,0.0,0.0,nan,nan,4.22048230504228,2.9407331056452093,nan,0.9373353716476943,0.023344552745021844,0.0,0.0,0.0,0.0,0.0,0.0,0.0,0.0,0.0,0.0,0.0,0.0,0.0,0.0,0.0,0.0,0.0,0.0,0.0,0.0,0.0,0.0,0.0,0.0,0.0,0.02325581395348838,1.6976744186046515,11.500000000000004,13.616279069767444,3.1627906976744193,0.937526812348812,0.023654945643281525,0.0,0.0,0.0,0.0,0.0,0.0,0.0,0.0,0.0,0.0,0.0,0.0,0.0,0.0,0.0,0.0,0.0,0.0,0.0,0.0,0.0,0.0,0.0,0.0,0.0,0.06468305304010351,1.6300129366106084,11.086675291073742,14.075032341526523,3.1435963777490303,0.3918,0.02097,0.0,0.0,0.0,0.0,0.0,0.0,0.0,0.0,0.0,0.08139534883720932,3.453488372093024,16.104651162790674,9.616279069767444,0.7441860465116281,0.0,0.0,0.0,0.0,0.0,0.0,0.0,0.0,0.0,0.0,0.0,0.0,0.0,0.0,0.0,0.0,0.3918,0.02133,0.0,0.0,0.0,0.0,0.0,0.0,0.0,0.0,0.0,0.051746442432082804,3.6610608020698585,16.15782664941783,9.133247089262614,0.996119016817594,0.0,0.0,0.0,0.0,0.0,0.0,0.0,0.0,0.0,0.0,0.0,0.0,0.0,0.0,0.0,0.0
8300,5029,2682,0.5333068204414396,1248,1026,0.45217737124676877,1378,0.5480214754424338,0.414,2.89987217724755,3.1160941242596465,6.698175787728027,2.216726701527392,9377.230005404897,1425.917477973409,7853.0,10767.780336856842,10711.073339739458,17.13708009811082,7853.0,0.0,27.655796380990257,20.887569305889816,32.72452380952381,19.12952264637057,0.1435673096042951,0.09882680453370452,0.0922648637900179,0.08987870351958639,0.08331676277589978,0.07774905547822629,0.0666136408828793,0.06382978723404255,0.05508053290912706,0.05130244581427719,0.04831974547623782,0.036388944124080336,0.02942931000198847,0.02664545635315172,0.019288128852654605,0.00994233446013124,0.007556174189699742,0.937170713932525,0.023157718895514302,0.0,0.0,0.0,0.0,0.0,0.0,0.0,0.0,0.0,0.0,0.0,0.0,0.0,0.0,0.0,0.0,0.0,0.0,0.0,0.0,0.0,0.0,0.0,0.0,0.0,0.04772320540862996,1.6285543845694972,11.334261284549616,13.899383575263474,3.0900775502087896,4.1325675256131635,2.918024878531755,nan,nan,nan,4.128332300061996,2.9043904185883527,4.134411947728687,2.930959033883203,1.0014726643169203,0.3918,0.02141,0.0,0.0,0.0,0.0,0.0,0.0,0.0,0.0,0.0,0.06561940743686619,3.4718631934778292,16.154305030821213,9.365679061443629,0.9365679061443629,0.005965400676078745,0.0,0.0,0.0,0.0,0.0,0.0,0.0,0.0,0.0,0.0,0.0,0.0,0.0,0.0,0.0,nan,nan,4.1325675256131635,2.918024878531755,nan,0.3918,0.09955,0.0,0.0,0.0,0.0,0.0,0.0,0.0,0.0,0.0,0.0,0.0,0.0,0.0,0.0,0.0062338437065022866,9.942334460131239e-06,9.942334460131239e-06,0.0002783853648836747,0.001332272817657586,0.0019685822231059855,0.0003280970371843309,0.0031020083515609464,0.023980910717836548,0.011861205010936567,0.01564923444024657,0.014426327301650428,0.024915490157088886,0.042931000198846686,0.007039172797772917,0.039431298468880494,0.02118711473453967,0.01594750447405051,0.039202624776297476,0.014217538277987671,0.053012527341419764,0.014664943328693577,0.07497514416384968,0.029101212964804137,0.035126267647643664,0.057914098230264464,0.04141976536090674,0.039361702127659576,0.04186717041161265,0.035265460330085506,0.026029031616623583,0.034012726188108966,0.019576456551998408,0.01436667329488964,0.02664545635315172,0.005677072976734938,0.01444621197057069,0.021008152714257308,0.016464505865977332,0.007138596142374229,0.015848081129449194,0.009654006760787433,0.023871545038775106,0.0035195863988864585,0.012984688804931399,0.015301252734141976,0.00890833167627759,0.000497116723006562,0.005547822628753231,0.008520580632332471,0.0008948101014118115,0.0,0.00010936567906144363,9.942334460131239e-06,0.001242791807516405,0.0,0.0006561940743686618,0.0,0.0,0.0003082123682640684,0.0,0.0,0.0,0.0,0.0,0.0,0.0,0.0,0.0,0.0,0.0,0.0,0.0,0.0,0.0,0.0,0.0,0.0,0.0,0.0,0.0,0.0,0.0,0.0,0.0,0.0,0.0,nan,nan,4.1325675256131635,2.918024878531755,nan,0.9369906311956117,0.02303965321352488,0.0,0.0,0.0,0.0,0.0,0.0,0.0,0.0,0.0,0.0,0.0,0.0,0.0,0.0,0.0,0.0,0.0,0.0,0.0,0.0,0.0,0.0,0.0,0.0,0.0,0.044742729306487705,1.6442953020134232,11.454138702460853,13.75838926174497,3.0984340044742735,0.937376500852168,0.023290199375492617,0.0,0.0,0.0,0.0,0.0,0.0,0.0,0.0,0.0,0.0,0.0,0.0,0.0,0.0,0.0,0.0,0.0,0.0,0.0,0.0,0.0,0.0,0.0,0.0,0.0,0.051129100979974446,1.6105666808691952,11.197273114614404,14.060502769492972,3.0805283340434606,0.3916,0.02132,0.0,0.0,0.0,0.0,0.0,0.0,0.0,0.0,0.0,0.07829977628635348,3.489932885906041,16.331096196867986,9.205816554809847,0.8948545861297541,0.0,0.0,0.0,0.0,0.0,0.0,0.0,0.0,0.0,0.0,0.0,0.0,0.0,0.0,0.0,0.0,0.392,0.02147,0.0,0.0,0.0,0.0,0.0,0.0,0.0,0.0,0.0,0.051129100979974446,3.4512143161482753,15.952279505752003,9.548359608010227,0.9842351938645081,0.012782275244993611,0.0,0.0,0.0,0.0,0.0,0.0,0.0,0.0,0.0,0.0,0.0,0.0,0.0,0.0,0.0
8400,4598,2412,0.5245759025663332,1106,901,0.4364941278816877,1255,0.5458895171813832,0.434,3.001829826166514,3.092060538180454,6.560897435897436,2.090763377884049,9352.127527966739,1427.2260545153893,7853.0,10766.452926754951,10710.789541289829,17.82026611900988,7853.0,0.0,28.42105263157895,21.258720504773027,33.406670113753876,19.495878358933066,0.14158329708568942,0.09612875163114397,0.09721618094823836,0.078294910830796,0.08133971291866028,0.07329273597216181,0.06720313179643324,0.06546324488908221,0.05371900826446281,0.050239234449760764,0.05219660722053066,0.0411048281861679,0.03501522401043932,0.028055676381035233,0.019138755980861243,0.011526750761200522,0.008481948673336234,0.9362456240618732,0.02323967880051763,0.0,0.0,0.0,0.0,0.0,0.0,0.0,0.0,0.0,0.0,0.0,0.0,0.0,0.0,0.0,0.0,0.0,0.0,0.0,0.0,0.0,0.0,0.0,0.0,0.0,0.052196607220530676,1.8856024358416708,11.541974771639847,13.44062635928665,3.07959982601131,4.2876897133220915,2.852152270043286,nan,nan,nan,4.3083109919571045,2.8409794387465244,4.266802443991853,2.863273379608654,0.99036547082076,0.3918,0.02165,0.0,0.0,0.0,0.0,0.0,0.0,0.0,0.0,0.0,0.09786863853849502,3.5102218355806882,15.913440626359264,9.604175728577644,0.8677685950413225,0.0065245759025663345,0.0,0.0,0.0,0.0,0.0,0.0,0.0,0.0,0.0,0.0,0.0,0.0,0.0,0.0,0.0,nan,nan,4.2876897133220915,2.852152270043286,nan,0.3918,0.1004,0.0,0.0,0.0,0.0,0.0,0.0,0.0,0.0,0.0,0.0,0.0,0.0,0.0,4.349717268377556e-05,0.00763375380600261,0.0,1.087429317094389e-05,0.0002827316224445411,0.001468029578077425,0.003001304915180513,0.0003806002609830361,0.002849064810787299,0.024032187907785992,0.011939973901696389,0.01418007829491083,0.01537625054371466,0.024380165289256198,0.04448673336233145,0.00830795998260113,0.036570247933884296,0.021944323618964767,0.015115267507612004,0.03603740756850805,0.015028273162244454,0.053055676381035234,0.013810352327098738,0.07647890387124837,0.02793605915615485,0.03554806437581557,0.05789473684210526,0.043170943888647235,0.03841887777294476,0.041713788603740753,0.033927794693344934,0.027805567638103525,0.032622879512831666,0.01854066985645933,0.015952588081774684,0.02795780774249674,0.00620922140060896,0.015180513266637668,0.020226185297955633,0.01462592431491953,0.007742496737712048,0.01478903871248369,0.008927794693344933,0.023314484558503698,0.0034036537625054372,0.012407568508046977,0.017464114832535887,0.010015224010439321,0.0007285776424532406,0.004327968682035667,0.008829926054806437,0.0011418007829491082,6.524575902566333e-05,0.00013049151805132666,0.0,0.0013375380600260983,0.0,0.0009025663331883427,0.0,0.0,0.00032622879512831667,0.0,0.0,0.0,0.0,0.0,0.0,0.0,0.0,0.0,0.0,0.0,0.0,0.0,0.0,0.0,0.0,0.0,0.0,0.0,0.0,0.0,0.0,0.0,0.0,0.0,0.0,0.0,nan,nan,4.2876897133220915,2.852152270043286,nan,0.9362236346128964,0.02358774498367121,0.0,0.0,0.0,0.0,0.0,0.0,0.0,0.0,0.0,0.0,0.0,0.0,0.0,0.0,0.0,0.0,0.0,0.0,0.0,0.0,0.0,0.0,0.0,0.0,0.0,0.0373134328358209,2.0273631840796025,11.43034825870647,13.370646766169157,3.134328358208956,0.9362698868939556,0.022849451337893817,0.0,0.0,0.0,0.0,0.0,0.0,0.0,0.0,0.0,0.0,0.0,0.0,0.0,0.0,0.0,0.0,0.0,0.0,0.0,0.0,0.0,0.0,0.0,0.0,0.0,0.06861848124428181,1.7291857273559017,11.665141811527908,13.517840805123516,3.0192131747484,0.3918,0.0218,0.0,0.0,0.0,0.0,0.0,0.0,0.0,0.0,0.0,0.13681592039800997,3.3208955223880605,16.10696517412933,9.539800995024876,0.883084577114428,0.012437810945273634,0.0,0.0,0.0,0.0,0.0,0.0,0.0,0.0,0.0,0.0,0.0,0.0,0.0,0.0,0.0,0.3916,0.0215,0.0,0.0,0.0,0.0,0.0,0.0,0.0,0.0,0.0,0.054894784995425445,3.719121683440074,15.699908508691651,9.675205855443734,0.8508691674290945,0.0,0.0,0.0,0.0,0.0,0.0,0.0,0.0,0.0,0.0,0.0,0.0,0.0,0.0,0.0,0.0
8500,4928,2515,0.510349025974026,1155,1021,0.44155844155844154,1382,0.5608766233766234,0.418,3.009946125155408,3.14939270111322,6.812213740458016,2.1536059907688134,9311.169832827669,1428.3488859292972,7853.0,10761.562388539314,10710.20116746511,17.441578101274136,7853.0,0.0,27.850649350649352,21.070547076993478,32.930289045421425,19.338884883425372,0.1416396103896104,0.10572240259740259,0.09273538961038962,0.08299512987012987,0.07974837662337662,0.0773133116883117,0.06635551948051949,0.06716720779220779,0.05539772727272727,0.04748376623376623,0.04667207792207792,0.03814935064935065,0.032467532467532464,0.026785714285714284,0.021103896103896104,0.01075487012987013,0.007508116883116883,0.9354990059993677,0.02316871130852316,0.0,0.0,0.0,0.0,0.0,0.0,0.0,0.0,0.0,0.0,0.0,0.0,0.0,0.0,0.0,0.0,0.0,0.0,0.0,0.0,0.0,0.0,0.0,0.0,0.0,0.030438311688311695,1.941964285714286,11.877029220779225,13.496347402597406,2.65422077922078,4.397133757961783,2.8849363990727412,nan,nan,nan,4.356603773584905,2.9145919658300987,4.438709677419355,2.853597324414632,1.0188463096718312,0.3916,0.02141,0.0,0.0,0.0,0.0,0.0,0.0,0.0,0.0,0.0,0.06087662337662339,3.6221590909090917,15.864448051948028,9.57589285714286,0.8766233766233769,0.0,0.0,0.0,0.0,0.0,0.0,0.0,0.0,0.0,0.0,0.0,0.0,0.0,0.0,0.0,0.0,nan,nan,4.397133757961783,2.8849363990727412,nan,0.3916,0.10034,0.0,0.0,0.0,0.0,0.0,0.0,0.0,0.0,0.0,0.0,0.0,0.0,0.0,0.00011160714285714285,0.007406655844155844,0.0,2.0292207792207792e-05,0.0003449675324675325,0.0016132305194805196,0.003043831168831169,0.0007000811688311688,0.0023031655844155843,0.02401582792207792,0.01203327922077922,0.014437905844155843,0.015280032467532468,0.02401582792207792,0.04589082792207792,0.007974837662337662,0.03533887987012987,0.02265625,0.016619318181818183,0.03626217532467532,0.01484375,0.05272930194805195,0.012581168831168832,0.07408685064935065,0.027566964285714285,0.036728896103896104,0.05984172077922078,0.0424512987012987,0.04019886363636364,0.04173092532467532,0.0336038961038961,0.027090097402597404,0.029829545454545456,0.018445616883116883,0.016548295454545454,0.031026785714285715,0.0060267857142857146,0.015482954545454546,0.01951095779220779,0.01455965909090909,0.008502435064935065,0.014590097402597403,0.0091112012987013,0.020900974025974024,0.004068587662337662,0.01263189935064935,0.017715097402597402,0.00979099025974026,0.0008522727272727272,0.003936688311688311,0.009364853896103895,0.0009030032467532467,0.0002232142857142857,0.00015219155844155844,1.0146103896103896e-05,0.0009232954545454545,0.0,0.0008928571428571428,0.0,0.0,0.0004464285714285714,0.0,3.0438311688311688e-05,0.0,0.0,0.0,0.0,0.0,0.0,0.0,0.0,0.0,0.0,0.0,0.0,0.0,0.0,0.0,0.0,0.0,0.0,0.0,0.0,0.0,0.0,0.0,0.0,0.0,nan,nan,4.397133757961783,2.8849363990727412,nan,0.9357805355168716,0.023129399612956566,0.0,0.0,0.0,0.0,0.0,0.0,0.0,0.0,0.0,0.0,0.0,0.0,0.0,0.0,0.0,0.0,0.0,0.0,0.0,0.0,0.0,0.0,0.0,0.0,0.0,0.023856858846918495,1.884691848906561,11.689860834990062,13.62226640159046,2.7793240556660046,0.9352055759386457,0.023205979104819956,0.0,0.0,0.0,0.0,0.0,0.0,0.0,0.0,0.0,0.0,0.0,0.0,0.0,0.0,0.0,0.0,0.0,0.0,0.0,0.0,0.0,0.0,0.0,0.0,0.0,0.037297969332780775,2.001657687525902,12.072109407376713,13.365105677579779,2.5238292581848327,0.3914,0.02115,0.0,0.0,0.0,0.0,0.0,0.0,0.0,0.0,0.0,0.07157057654075548,3.578528827037774,16.19880715705763,9.32803180914513,0.8230616302186881,0.0,0.0,0.0,0.0,0.0,0.0,0.0,0.0,0.0,0.0,0.0,0.0,0.0,0.0,0.0,0.0,0.392,0.02165,0.0,0.0,0.0,0.0,0.0,0.0,0.0,0.0,0.0,0.049730625777041036,3.6676336510567764,15.51595524243678,9.834231247409864,0.9324492333195195,0.0,0.0,0.0,0.0,0.0,0.0,0.0,0.0,0.0,0.0,0.0,0.0,0.0,0.0,0.0,0.0
8600,4614,2358,0.5110533159947984,1142,974,0.458604247941049,1354,0.5869094061551798,0.36999999999999994,2.8497340425531914,2.8524640835085644,5.968842729970326,2.053565220471951,9313.186207808118,1428.3132317814159,7853.0,10774.70556139946,10710.209144540568,17.971855206286076,7853.0,0.0,29.26744690073689,21.01053449379352,34.13873275421564,19.063844459834797,0.1330732553099263,0.08495882097962722,0.08755960121369745,0.082358040745557,0.07932379713914174,0.07954052882531426,0.07173818812310359,0.06653662765496315,0.0611183355006502,0.054833116601647164,0.05093194625054183,0.045730385782401385,0.036194191590810575,0.026441265713047248,0.02319029042045947,0.009319462505418293,0.007152145643693108,0.9347741393284411,0.02353944342691244,0.0,0.0,0.0,0.0,0.0,0.0,0.0,0.0,0.0,0.0,0.0,0.0,0.0,0.0,0.0,0.0,0.0,0.0,0.0,0.0,0.0,0.0,0.0,0.0,0.0,0.06501950585175553,2.093628088426528,12.249674902470744,13.081924577373215,2.5097529258777636,3.9864995178399227,2.701204713540185,nan,nan,nan,4.072528883183569,2.7353066721355352,3.900193174500966,2.663764377363699,0.9576833673557926,0.392,0.02187,0.0,0.0,0.0,0.0,0.0,0.0,0.0,0.0,0.0,0.0845253576072822,3.5955786736020814,15.578673602080602,9.850455136540964,0.8842652795838754,0.006501950585175554,0.0,0.0,0.0,0.0,0.0,0.0,0.0,0.0,0.0,0.0,0.0,0.0,0.0,0.0,0.0,nan,nan,3.9864995178399227,2.701204713540185,nan,0.392,0.09973,0.0,0.0,0.0,0.0,0.0,0.0,0.0,0.0,0.0,0.0,0.0,0.0,0.0,6.501950585175553e-05,0.0055700043346337234,0.0,7.585609016038145e-05,0.00046597312527091463,0.0012787169484178586,0.0027091460771564804,0.0009102730819245773,0.00247074122236671,0.02338534893801474,0.012613784135240572,0.01621153012570438,0.014813610749891635,0.023049414824447334,0.044635890767230166,0.008517555266579975,0.03539228435197226,0.02212830515821413,0.017663632423060252,0.03592327698309493,0.014542696142175985,0.054822280017338534,0.014260944950151712,0.07224750758560902,0.02803424360641526,0.03522973558734287,0.05962288686605982,0.04206762028608583,0.04130905938448201,0.040821413090593846,0.03408105765062852,0.026679670567837016,0.031610316428261814,0.01857390550498483,0.016200693541395753,0.031393584742089295,0.006231035977459905,0.014791937581274383,0.018953185955786735,0.01583224967490247,0.008062418725617686,0.015052015604681404,0.010381447767663633,0.020242739488513222,0.004453836150845254,0.011844386649328131,0.017685305591677504,0.009460338101430429,0.0009102730819245773,0.004388816644993498,0.008788469874295622,0.0010403120936280884,0.0002058951018638925,0.0001517121803207629,0.0,0.000552665799739922,0.0,0.0012028608582574773,0.0,0.0,0.00034677069787602947,0.0,4.3346337234503684e-05,0.0,0.0,0.0,0.0,0.0,0.0,0.0,0.0,0.0,0.0,0.0,0.0,0.0,0.0,0.0,0.0,0.0,0.0,0.0,0.0,0.0,0.0,0.0,0.0,0.0,nan,nan,3.9864995178399227,2.701204713540185,nan,0.9348509777037141,0.02347835372098879,0.0,0.0,0.0,0.0,0.0,0.0,0.0,0.0,0.0,0.0,0.0,0.0,0.0,0.0,0.0,0.0,0.0,0.0,0.0,0.0,0.0,0.0,0.0,0.0,0.0,0.08905852417302801,2.0737913486005093,12.264631043257001,13.066157760814253,2.506361323155217,0.9346938268776904,0.02360285880700057,0.0,0.0,0.0,0.0,0.0,0.0,0.0,0.0,0.0,0.0,0.0,0.0,0.0,0.0,0.0,0.0,0.0,0.0,0.0,0.0,0.0,0.0,0.0,0.0,0.0,0.039893617021276605,2.11436170212766,12.234042553191493,13.098404255319153,2.513297872340426,0.392,0.02182,0.0,0.0,0.0,0.0,0.0,0.0,0.0,0.0,0.0,0.08905852417302801,3.5750636132315528,15.407124681933821,10.127226463104327,0.7888040712468195,0.012722646310432573,0.0,0.0,0.0,0.0,0.0,0.0,0.0,0.0,0.0,0.0,0.0,0.0,0.0,0.0,0.0,0.392,0.02194,0.0,0.0,0.0,0.0,0.0,0.0,0.0,0.0,0.0,0.07978723404255321,3.6170212765957457,15.757978723404232,9.561170212765958,0.9840425531914896,0.0,0.0,0.0,0.0,0.0,0.0,0.0,0.0,0.0,0.0,0.0,0.0,0.0,0.0,0.0,0.0
8700,4153,2155,0.5189019985552613,981,840,0.4384782085239586,1149,0.5533349385986034,0.426,2.997997997997998,3.122618571445884,6.583333333333333,2.1965008170368385,9335.873672287951,1427.8915771196039,7853.0,10768.232294917107,10710.714320655157,17.524277152121364,7853.0,0.0,27.91476041415844,21.1724133534852,33.080854750216574,19.399290577914105,0.14615940284131954,0.09583433662412713,0.09318564892848544,0.0895738020707922,0.08355405730797014,0.07151456778232602,0.06573561281001686,0.06477245364796533,0.05441849265591139,0.048880327474115096,0.04695400915001204,0.04117505417770286,0.03419215025282928,0.0257645075848784,0.018059234288466168,0.011557909944618349,0.008668432458463762,0.935085238719773,0.02327619479200044,0.0,0.0,0.0,0.0,0.0,0.0,0.0,0.0,0.0,0.0,0.0,0.0,0.0,0.0,0.0,0.0,0.0,0.0,0.0,0.0,0.0,0.0,0.0,0.0,0.0,0.05056585600770529,1.8564892848543226,12.388634721887795,12.966530219118713,2.7377799181314715,4.263513513513513,2.881220487756297,nan,nan,nan,4.283866057838661,2.902410424328855,4.244625648628614,2.861165238211576,0.9908399542188664,0.3926,0.02188,0.0,0.0,0.0,0.0,0.0,0.0,0.0,0.0,0.0,0.08668432458463762,3.4023597399470273,15.552612569227042,9.997592102094872,0.953527570431014,0.0072236937153864695,0.0,0.0,0.0,0.0,0.0,0.0,0.0,0.0,0.0,0.0,0.0,0.0,0.0,0.0,0.0,nan,nan,4.263513513513513,2.881220487756297,nan,0.3926,0.1,0.0,0.0,0.0,0.0,0.0,0.0,0.0,0.0,0.0,0.0,0.0,0.0,0.0,1.2039489525644112e-05,0.005333493859860342,0.0,0.00020467132193594992,0.0008066457982181556,0.001721647002167108,0.0023958584156031784,0.0006140139658078498,0.0022995424993980254,0.02288706958824946,0.013014688177221286,0.017228509511196727,0.015073440886106428,0.022694437755839153,0.04463038767156272,0.008981459186130508,0.03439682157476523,0.01987719720683843,0.01870936672285095,0.03729833855044546,0.01486876956417048,0.05500842764266795,0.014134360703106188,0.06737298338550446,0.02590898145918613,0.03560077052732964,0.06238863472188779,0.043631110040934264,0.04352275463520347,0.037779918131471225,0.033891163014688176,0.027365759691789067,0.03255477967734168,0.0202504213821334,0.017144233084517218,0.029906091981699977,0.006597640260052974,0.014543703346978088,0.01893811702383819,0.015374428124247531,0.007705273296412232,0.013929689381170238,0.009788104984348664,0.02039489525644113,0.004153623886347219,0.012906332771490489,0.019804960269684566,0.008764748374668913,0.0005538165181796291,0.003515530941488081,0.010679027209246328,0.0007584878401155791,0.00022875030098723815,9.63159162051529e-05,0.0,0.0002889477486154587,2.4078979051288225e-05,0.0009029617144233085,0.0,0.0,0.0005417770286539851,0.0,0.0,0.0,0.0,0.0,0.0,0.0,0.0,0.0,0.0,0.0,0.0,0.0,0.0,0.0,0.0,0.0,0.0,0.0,0.0,0.0,0.0,0.0,0.0,0.0,0.0,0.0,nan,nan,4.263513513513513,2.881220487756297,nan,0.9355327678943731,0.023243586045293176,0.0,0.0,0.0,0.0,0.0,0.0,0.0,0.0,0.0,0.0,0.0,0.0,0.0,0.0,0.0,0.0,0.0,0.0,0.0,0.0,0.0,0.0,0.0,0.0,0.0,0.02784222737819026,1.7540603248259865,12.501160092807428,12.863109048723901,2.853828306264502,0.9346025433387604,0.02330168192558969,0.0,0.0,0.0,0.0,0.0,0.0,0.0,0.0,0.0,0.0,0.0,0.0,0.0,0.0,0.0,0.0,0.0,0.0,0.0,0.0,0.0,0.0,0.0,0.0,0.0,0.07507507507507509,1.9669669669669674,12.267267267267268,13.078078078078082,2.612612612612613,0.3923,0.02182,0.0,0.0,0.0,0.0,0.0,0.0,0.0,0.0,0.0,0.06960556844547565,3.4524361948955926,15.522041763341043,9.911832946635732,1.0440835266821349,0.0,0.0,0.0,0.0,0.0,0.0,0.0,0.0,0.0,0.0,0.0,0.0,0.0,0.0,0.0,0.0,0.3926,0.02194,0.0,0.0,0.0,0.0,0.0,0.0,0.0,0.0,0.0,0.10510510510510514,3.3483483483483494,15.585585585585564,10.090090090090092,0.8558558558558561,0.015015015015015018,0.0,0.0,0.0,0.0,0.0,0.0,0.0,0.0,0.0,0.0,0.0,0.0,0.0,0.0,0.0
8800,4086,2091,0.5117474302496329,980,857,0.44958394517865885,1138,0.5570239843367597,0.438,2.9784461152882207,3.1903734575241947,6.855212355212355,2.25161500453573,9315.018873288709,1428.1197663287771,7853.0,10768.820992827415,10709.914928865455,17.776128408084755,7853.0,0.0,27.088105726872246,20.492816464833773,32.09392427355445,18.76741882786917,0.14390602055800295,0.10572687224669604,0.09446891825746451,0.08883994126284875,0.08418991678903573,0.07366617719040626,0.06705824767498776,0.06387665198237885,0.05898188937836515,0.048213411649535,0.0465002447381302,0.03768967205090553,0.03401860009789525,0.021047479197258932,0.01762114537444934,0.011257953989231522,0.002936857562408223,0.9347140438347777,0.02312708239498988,0.0,0.0,0.0,0.0,0.0,0.0,0.0,0.0,0.0,0.0,0.0,0.0,0.0,0.0,0.0,0.0,0.0,0.0,0.0,0.0,0.0,0.0,0.0,0.0,0.0,0.04405286343612336,2.0411160058737154,12.224669603524232,13.142437591776803,2.547723935389134,4.2265023112480735,2.9201505333653466,nan,nan,nan,4.211375864719447,2.9362783753097075,4.241698841698842,2.90377842823259,1.0072002542526362,0.3918,0.02199,0.0,0.0,0.0,0.0,0.0,0.0,0.0,0.0,0.0,0.15418502202643175,3.4801762114537453,15.932452276064588,9.500734214390604,0.9324522760646111,0.0,0.0,0.0,0.0,0.0,0.0,0.0,0.0,0.0,0.0,0.0,0.0,0.0,0.0,0.0,0.0,nan,nan,4.2265023112480735,2.9201505333653466,nan,0.3918,0.1006,0.0,0.0,0.0,0.0,0.0,0.0,0.0,0.0,0.0,0.0,0.0,2.4473813020068526e-05,0.0,0.0,0.006020558002936858,0.0,0.0003303964757709251,0.0010890846793930493,0.0016397454723445914,0.0026798825256975035,0.0008565834557023984,0.0019089574155653451,0.02265051395007342,0.013644150758688203,0.017914831130690163,0.014096916299559472,0.022883015173764072,0.04695301027900147,0.0100709740577582,0.034618208516886934,0.018220753793441017,0.021316691140479686,0.03465491923641703,0.015394028389623103,0.054588839941262846,0.015173764072442487,0.07001957905041606,0.026676456191874694,0.03240332843857073,0.059813999021047476,0.042033773861967695,0.043037200195790506,0.03833822809593735,0.03338228095937347,0.028928046989721,0.03016397454723446,0.021279980420949585,0.01595692608908468,0.03016397454723446,0.007537934410181107,0.013399412628487518,0.01670337738619677,0.01616495349975526,0.008137542829172785,0.0140357317670093,0.009593734703866862,0.021426823299069996,0.004784630445423397,0.012665198237885462,0.02088839941262849,0.008284385707293196,0.0005261869799314733,0.004087126774351444,0.010168869309838473,0.0007953989231522271,0.0004038179148311307,1.2236906510034263e-05,0.0,0.0003793441018110622,0.0,0.0006607929515418502,0.0,0.0,0.00041605482134116496,0.0,0.0,0.0,0.0,0.0,0.0,0.0,0.0,0.0,0.0,0.0,0.0,0.0,0.0,0.0,0.0,0.0,0.0,0.0,0.0,0.0,0.0,0.0,0.0,0.0,0.0,0.0,nan,nan,4.2265023112480735,2.9201505333653466,nan,0.9348582005968281,0.022853701534195716,0.0,0.0,0.0,0.0,0.0,0.0,0.0,0.0,0.0,0.0,0.0,0.0,0.0,0.0,0.0,0.0,0.0,0.0,0.0,0.0,0.0,0.0,0.0,0.0,0.0,0.05738880918220948,1.9942611190817794,12.051649928263991,13.414634146341466,2.48206599713056,0.9345629502059822,0.023409239221655165,0.0,0.0,0.0,0.0,0.0,0.0,0.0,0.0,0.0,0.0,0.0,0.0,0.0,0.0,0.0,0.0,0.0,0.0,0.0,0.0,0.0,0.0,0.0,0.0,0.0,0.03007518796992482,2.090225563909775,12.406015037593988,12.857142857142861,2.616541353383459,0.3916,0.02203,0.0,0.0,0.0,0.0,0.0,0.0,0.0,0.0,0.0,0.2008608321377332,3.472022955523674,16.011477761836417,9.38307030129125,0.9325681492109041,0.0,0.0,0.0,0.0,0.0,0.0,0.0,0.0,0.0,0.0,0.0,0.0,0.0,0.0,0.0,0.0,0.3918,0.02194,0.0,0.0,0.0,0.0,0.0,0.0,0.0,0.0,0.0,0.10526315789473686,3.488721804511279,15.849624060150353,9.624060150375941,0.9323308270676695,0.0,0.0,0.0,0.0,0.0,0.0,0.0,0.0,0.0,0.0,0.0,0.0,0.0,0.0,0.0,0.0
8900,4338,2173,0.5009220839096358,1002,925,0.4442139234670355,1242,0.5726141078838174,0.40199999999999997,2.890069284064665,3.05105414635265,6.333868378812199,2.2301578726110316,9283.622487403132,1428.042853592744,7853.0,10771.881739854813,10708.978071953425,17.907774424735095,7853.0,0.0,28.0696173351775,21.027013819867705,32.950985761226725,19.336334162736957,0.13577685569386813,0.10603964960811434,0.08898109727985247,0.08875057630244353,0.08575380359612725,0.07192254495159059,0.06800368833563854,0.05532503457814661,0.05716920239741816,0.05486399262332872,0.05232826187183034,0.0396496081143384,0.034578146611341634,0.024435223605348087,0.015444905486399263,0.01313969571230982,0.007837713231904103,0.9343680195843586,0.02358006617655636,0.0,0.0,0.0,0.0,0.0,0.0,0.0,0.0,0.0,0.0,0.0,0.0,0.0,0.0,0.0,0.0,0.0,0.0,0.0,0.0,0.0,0.0,0.0,0.0,0.0,0.041493775933609964,2.2268326417704016,12.358229598893503,12.724757952973723,2.6486860304287694,4.257020974049058,2.8410413163177894,nan,nan,nan,4.240912330719886,2.8196656449668005,4.273049645390071,2.8620624273346777,1.007577924786936,0.3904,0.02176,0.0,0.0,0.0,0.0,0.0,0.0,0.0,0.0,0.0,0.08298755186721993,3.948824343015215,16.23789764868601,9.038727524204704,0.6708160442600277,0.020746887966804982,0.0,0.0,0.0,0.0,0.0,0.0,0.0,0.0,0.0,0.0,0.0,0.0,0.0,0.0,0.0,nan,nan,4.257020974049058,2.8410413163177894,nan,0.3904,0.10016,0.0,0.0,0.0,0.0,0.0,0.0,0.0,0.0,0.0,0.0,0.0,0.0,1.152604887044721e-05,0.0,0.00529045643153527,2.305209774089442e-05,0.0005878284923928077,0.0012102351313969572,0.0022706316274781007,0.0027547256800368835,0.0009105578607653297,0.0014983863531581375,0.023536191793453204,0.01355463347164592,0.02049331489165514,0.015099124020285846,0.022913785154449053,0.04776394651913324,0.01040802213001383,0.033079760258183495,0.018360995850622407,0.02082757030889811,0.034209313047487325,0.014084831719686492,0.055693868142000925,0.015514061779621946,0.07162286768095896,0.027305209774089442,0.02987551867219917,0.06073075149838635,0.041666666666666664,0.0423582295988935,0.037621023513139694,0.034451360073766715,0.030716920239741815,0.027916090364223146,0.022625633932687874,0.016470723835869065,0.030313508529276164,0.008241124942369756,0.014672660212079299,0.01632088520055325,0.01649377593360996,0.008448593822037805,0.011883356385431074,0.00818349469801752,0.019882434301521437,0.00396496081143384,0.013162747810050715,0.01987090825265099,0.008414015675426463,0.00016136468418626095,0.004011065006915629,0.009889349930843706,0.0005647763946519134,0.0005417242969110189,0.0,0.0,0.0004495159059474412,0.0,0.0006108805901337022,0.0,0.0,0.0004610419548178884,0.0,0.0,0.0,0.0,0.0,0.0,0.0,0.0,0.0,0.0,0.0,0.0,0.0,0.0,0.0,0.0,0.0,0.0,0.0,0.0,0.0,0.0,0.0,0.0,0.0,0.0,0.0,nan,nan,4.257020974049058,2.8410413163177894,nan,0.9342866249200774,0.02333441135774903,0.0,0.0,0.0,0.0,0.0,0.0,0.0,0.0,0.0,0.0,0.0,0.0,0.0,0.0,0.0,0.0,0.0,0.0,0.0,0.0,0.0,0.0,0.0,0.0,0.0,0.027611596870685696,2.305568338702255,12.383801196502535,12.70133456051542,2.581684307409112,0.9344497150141428,0.02382380218184027,0.0,0.0,0.0,0.0,0.0,0.0,0.0,0.0,0.0,0.0,0.0,0.0,0.0,0.0,0.0,0.0,0.0,0.0,0.0,0.0,0.0,0.0,0.0,0.0,0.0,0.05542725173210163,2.1478060046189382,12.332563510392614,12.748267898383375,2.7159353348729796,0.3906,0.02162,0.0,0.0,0.0,0.0,0.0,0.0,0.0,0.0,0.0,0.05522319374137139,3.9484583525080543,16.18039576622179,9.056603773584907,0.7317073170731709,0.027611596870685696,0.0,0.0,0.0,0.0,0.0,0.0,0.0,0.0,0.0,0.0,0.0,0.0,0.0,0.0,0.0,0.3901,0.02188,0.0,0.0,0.0,0.0,0.0,0.0,0.0,0.0,0.0,0.11085450346420327,3.949191685912241,16.295612009237853,9.02078521939954,0.6096997690531178,0.013856812933025408,0.0,0.0,0.0,0.0,0.0,0.0,0.0,0.0,0.0,0.0,0.0,0.0,0.0,0.0,0.0
9000,4271,2212,0.5179114961367361,1049,877,0.4509482556778272,1193,0.5586513697026457,0.426,2.938319572608062,3.0462810698207634,6.513840830449827,2.0865317298776365,9331.903430325705,1426.9005247655232,7853.0,10773.4631472826,10708.513811447145,18.18618770255867,7853.0,0.0,28.10021072348396,20.972789619590817,33.21596638655462,19.1353463979406,0.14165300866307656,0.09669866541793491,0.0899086864902833,0.0819480215406228,0.08663076562865839,0.077499414656989,0.06860220088972138,0.06438773121048935,0.05525638023881995,0.05689534066963241,0.04659330367595411,0.03699367829548115,0.02973542495902599,0.027862327323811754,0.019433387965347694,0.013814095059704988,0.006087567314446265,0.933692838932976,0.023323230178357024,0.0,0.0,0.0,0.0,0.0,0.0,0.0,0.0,0.0,0.0,0.0,0.0,0.0,0.0,0.0,0.0,0.0,0.0,0.0,0.0,0.0,0.0,0.0,0.0,0.0,0.07726527745258722,2.0580660266916415,12.706626082884574,12.804963708733322,2.3530789042378837,4.203102453102453,2.8411944243891734,nan,nan,nan,4.056752873563219,2.86909269708139,4.3517041334300215,2.805829358089989,1.0727062429138638,0.3901,0.02187,0.0,0.0,0.0,0.0,0.0,0.0,0.0,0.0,0.0,0.11238585811285416,4.08803558885507,16.169515335986866,8.780145165066731,0.821821587450246,0.02809646452821354,0.0,0.0,0.0,0.0,0.0,0.0,0.0,0.0,0.0,0.0,0.0,0.0,0.0,0.0,0.0,nan,nan,4.203102453102453,2.8411944243891734,nan,0.3901,0.09985,0.0,0.0,0.0,0.0,0.0,0.0,0.0,0.0,0.0,0.0,0.0,0.0,9.365488176071178e-05,0.0,0.004916881292437368,4.682744088035589e-05,0.000819480215406228,0.0014282369468508545,0.0019316319363146804,0.002154062280496371,0.0009833762584874736,0.0016155467103722782,0.022594240224771717,0.014504799812690237,0.02128307188012175,0.014387731210489347,0.022734722547412784,0.04735424959025989,0.009400608756731444,0.03406696324045891,0.018051978459377196,0.02244205104191056,0.03674783423085928,0.013755560758604542,0.054144228517911494,0.014411144930929525,0.07306251463357527,0.02746429407632873,0.028307188012175133,0.06127370639194568,0.04158276750175603,0.03761414188714587,0.04079840786701007,0.03803558885506907,0.03169047061578085,0.028178412549754155,0.022418637321470383,0.015886209318660735,0.028904237883399672,0.00900257550924842,0.01583938187778038,0.015347693748536643,0.014610161554671037,0.007667993444158277,0.01070007024116132,0.00841723249824397,0.02121283071880122,0.003746195270428471,0.013076562865839383,0.019538749707328495,0.009810348864434559,0.00017560290330133457,0.0038866775930695386,0.009623039100913135,0.000421446967923203,0.0005385155701240927,0.0,0.0,0.0003394989463825802,0.0,0.0006321704518848045,0.0,0.0,0.00032779208616249124,0.0,0.0,0.0,0.0,0.0,0.0,0.0,0.0,0.0,0.0,0.0,0.0,0.0,0.0,0.0,0.0,0.0,0.0,0.0,0.0,0.0,0.0,0.0,0.0,0.0,0.0,0.0,nan,nan,4.203102453102453,2.8411944243891734,nan,0.9341754179050435,0.02369838221919616,0.0,0.0,0.0,0.0,0.0,0.0,0.0,0.0,0.0,0.0,0.0,0.0,0.0,0.0,0.0,0.0,0.0,0.0,0.0,0.0,0.0,0.0,0.0,0.0,0.0,0.10849909584086802,2.0750452079566006,12.341772151898738,12.924954792043403,2.5497287522603984,0.9331744005229647,0.022902031257693013,0.0,0.0,0.0,0.0,0.0,0.0,0.0,0.0,0.0,0.0,0.0,0.0,0.0,0.0,0.0,0.0,0.0,0.0,0.0,0.0,0.0,0.0,0.0,0.0,0.0,0.04371053909664886,2.0398251578436137,13.098591549295778,12.676056338028172,2.1418164157357946,0.39,0.02188,0.0,0.0,0.0,0.0,0.0,0.0,0.0,0.0,0.0,0.135623869801085,4.028028933092225,16.261301989150066,8.720614828209767,0.8408679927667272,0.013562386980108502,0.0,0.0,0.0,0.0,0.0,0.0,0.0,0.0,0.0,0.0,0.0,0.0,0.0,0.0,0.0,0.3906,0.02184,0.0,0.0,0.0,0.0,0.0,0.0,0.0,0.0,0.0,0.08742107819329772,4.152501214181642,16.070908207867873,8.844099077221955,0.8013598834385627,0.04371053909664886,0.0,0.0,0.0,0.0,0.0,0.0,0.0,0.0,0.0,0.0,0.0,0.0,0.0,0.0,0.0
9100,4583,2338,0.5101461924503601,1134,942,0.45297839842897664,1317,0.574732707833297,0.38199999999999995,2.9469933184855233,3.0831601094549765,6.5182926829268295,2.105372225289303,9309.885069958695,1427.673170920183,7853.0,10762.927772760391,10708.818766304832,17.987991271847722,7853.0,0.0,27.728343879554878,20.535471874066154,32.48151021463667,18.830944084885807,0.13702814750163647,0.10037093606807768,0.09535238926467379,0.08989744708706088,0.08335151647392537,0.07156884137028148,0.06480471307004146,0.06633209687977308,0.061968143137682744,0.05694959633427886,0.04865808422430722,0.036875409120663324,0.02967488544621427,0.02574732707833297,0.016801221907047786,0.00850970979707615,0.006109535238926467,0.9341050101086065,0.023444474013033352,0.0,0.0,0.0,0.0,0.0,0.0,0.0,0.0,0.0,0.0,0.0,0.0,0.0,0.0,0.0,0.0,0.0,0.0,0.0,0.0,0.0,0.0,0.0,0.0,0.0,0.06545930613135502,2.192886755400393,12.352171066986694,12.95439668339516,2.4350861880864065,4.216508795669824,2.8690072195510474,nan,nan,nan,4.168577208361429,2.8752267725990404,4.264765784114053,2.8619209534717975,1.023074677748486,0.391,0.02182,0.0,0.0,0.0,0.0,0.0,0.0,0.0,0.0,0.0,0.07855116735762602,3.731180449487236,15.867335806240431,9.537420903338425,0.7789657429631248,0.006545930613135503,0.0,0.0,0.0,0.0,0.0,0.0,0.0,0.0,0.0,0.0,0.0,0.0,0.0,0.0,0.0,nan,nan,4.216508795669824,2.8690072195510474,nan,0.391,0.09937,0.0,0.0,0.0,0.0,0.0,0.0,0.0,0.0,0.0,0.0,0.0,0.0,4.363953742090334e-05,0.0,0.004363953742090334,2.181976871045167e-05,0.0011455378572987126,0.00117826751036439,0.0015928431158629718,0.0018765001090988436,0.0008727907484180668,0.0016473925376391011,0.021274274492690377,0.014204669430504037,0.021317914030111282,0.013975561859044295,0.02307440541130264,0.04648701723761728,0.008989744708706088,0.03220597861662666,0.017924939995636047,0.022332533275147285,0.03967924939995636,0.015753873008946106,0.05570586951778311,0.012928212960942613,0.073816277547458,0.02941304822168885,0.028638446432467816,0.05820423303512983,0.042112153611171724,0.03498799912720925,0.0385118917739472,0.03936286275365481,0.03334060658957015,0.02810386209906175,0.020925158193323152,0.015590224743617717,0.03004582151429195,0.008978834824350862,0.017619463233689722,0.016386646301549204,0.014630154920357845,0.007626009164302858,0.011488108226052804,0.00837879118481344,0.021045166921230634,0.003611171721579751,0.012295439668339516,0.0196377918394065,0.01118263146410648,0.00024001745581496837,0.0041457560549858176,0.009437049967270347,0.0003491162993672267,0.00039275583678813006,0.0,0.0,0.00042548548985380755,0.0,0.00039275583678813006,0.0,0.0,8.727907484180668e-05,0.0,0.0,0.0,0.0,0.0,0.0,0.0,0.0,0.0,0.0,0.0,0.0,0.0,0.0,0.0,0.0,0.0,0.0,0.0,0.0,0.0,0.0,0.0,0.0,0.0,0.0,0.0,nan,nan,4.216508795669824,2.8690072195510474,nan,0.9341567523261234,0.02353338648607848,0.0,0.0,0.0,0.0,0.0,0.0,0.0,0.0,0.0,0.0,0.0,0.0,0.0,0.0,0.0,0.0,0.0,0.0,0.0,0.0,0.0,0.0,0.0,0.0,0.0,0.10265183917878531,2.065868263473054,12.318220701454237,13.049615055603082,2.4636441402908473,0.9340511244495622,0.023351396568914655,0.0,0.0,0.0,0.0,0.0,0.0,0.0,0.0,0.0,0.0,0.0,0.0,0.0,0.0,0.0,0.0,0.0,0.0,0.0,0.0,0.0,0.0,0.0,0.0,0.0,0.026726057906458805,2.325167037861916,12.387527839643656,12.855233853006684,2.405345211581292,0.3904,0.02206,0.0,0.0,0.0,0.0,0.0,0.0,0.0,0.0,0.0,0.08982035928143715,3.939264328485886,16.231822070145398,8.969204448246366,0.7698887938408898,0.0,0.0,0.0,0.0,0.0,0.0,0.0,0.0,0.0,0.0,0.0,0.0,0.0,0.0,0.0,0.0,0.3918,0.02156,0.0,0.0,0.0,0.0,0.0,0.0,0.0,0.0,0.0,0.066815144766147,3.5144766146993325,15.48775055679285,10.129175946547885,0.7884187082405347,0.013363028953229402,0.0,0.0,0.0,0.0,0.0,0.0,0.0,0.0,0.0,0.0,0.0,0.0,0.0,0.0,0.0
9200,4291,2197,0.5120018643672803,995,874,0.4355628058727569,1213,0.5653693777674201,0.41,2.9250238777459407,3.0688710944060906,6.510033444816053,2.1551213792769452,9315.282922732222,1427.651923059351,7853.0,10776.904394984245,10709.01093374782,17.97042771158635,7853.0,0.0,28.23467723141459,21.134225407541688,33.10503040353787,19.440019077888298,0.13633185737590306,0.1018410626893498,0.09601491493824284,0.09065485900722442,0.07434164530412492,0.07224423211372641,0.06781635982288511,0.05942670706129107,0.05616406432067117,0.053833605220228384,0.04917268701934281,0.042880447448147285,0.03472384059659753,0.030062922395711955,0.017711489163365183,0.009554882311815428,0.0072244232113726405,0.9349482626077096,0.0232150298899162,0.0,0.0,0.0,0.0,0.0,0.0,0.0,0.0,0.0,0.0,0.0,0.0,0.0,0.0,0.0,0.0,0.0,0.0,0.0,0.0,0.0,0.0,0.0,0.0,0.0,0.06292239571195526,1.96457702167327,11.822419016546263,13.780004660918204,2.370076905150315,4.301344965467103,2.842860478009643,nan,nan,nan,4.341445427728614,2.7925985676957232,4.261836441893831,2.8913155597787346,0.981663022797356,0.3901,0.0221,0.0,0.0,0.0,0.0,0.0,0.0,0.0,0.0,0.0,0.06292239571195526,4.215800512701003,16.178047075273806,8.872057795385693,0.6432067117222093,0.027965509205313453,0.0,0.0,0.0,0.0,0.0,0.0,0.0,0.0,0.0,0.0,0.0,0.0,0.0,0.0,0.0,nan,nan,4.301344965467103,2.842860478009643,nan,0.3901,0.09985,0.0,0.0,0.0,0.0,0.0,0.0,0.0,0.0,0.0,0.0,0.0,0.0,3.4956886506641806e-05,0.0,0.0037170822652062454,0.0,0.0012351433232346773,0.002004194826380797,0.0015264507107900257,0.002004194826380797,0.0011652295502213937,0.0018993241668608717,0.022721976229317174,0.014367280354229784,0.021661617338615706,0.013574924260079236,0.02196457702167327,0.04852015847121883,0.00958983919832207,0.031239804241435562,0.0184805406665113,0.02267536704730832,0.039920764390584944,0.01669773945467257,0.059438359356793286,0.013015614075972968,0.06978559776275926,0.029713353530645536,0.030633884875320438,0.0594500116522955,0.0415520857608949,0.03181076672104405,0.038312747611279424,0.03830109531577721,0.03332556513633186,0.02826846888837101,0.019995339081799113,0.015241202516895829,0.0285131670939175,0.007177814029363785,0.018806804940573293,0.017152178979258914,0.013609881146585878,0.006420414821719879,0.011174551386623165,0.009042181309718015,0.021987881612677698,0.0032043812631088325,0.012269867163831275,0.019202982987648567,0.011698904684222793,0.0002563505010487066,0.004020041948263808,0.009811232812864135,0.0001281752505243533,0.0008739221626660452,0.0,0.0,0.0001980890235376369,0.0,0.0005243532975996271,0.0,0.0,8.156606851549755e-05,0.0,0.0,0.0,0.0,0.0,0.0,0.0,0.0,0.0,0.0,0.0,0.0,0.0,0.0,0.0,0.0,0.0,0.0,0.0,0.0,0.0,0.0,0.0,0.0,0.0,0.0,0.0,nan,nan,4.301344965467103,2.842860478009643,nan,0.934685016063652,0.02316625955893949,0.0,0.0,0.0,0.0,0.0,0.0,0.0,0.0,0.0,0.0,0.0,0.0,0.0,0.0,0.0,0.0,0.0,0.0,0.0,0.0,0.0,0.0,0.0,0.0,0.0,0.06827492034592628,2.0072826581702325,12.111970869367322,13.422849340009106,2.3896222121074198,0.9352244577640108,0.023262887128850995,0.0,0.0,0.0,0.0,0.0,0.0,0.0,0.0,0.0,0.0,0.0,0.0,0.0,0.0,0.0,0.0,0.0,0.0,0.0,0.0,0.0,0.0,0.0,0.0,0.0,0.05730659025787967,1.9197707736389689,11.518624641833812,14.154727793696278,2.3495702005730665,0.3901,0.02242,0.0,0.0,0.0,0.0,0.0,0.0,0.0,0.0,0.0,0.10923987255348205,4.178425125170688,15.83978152025487,9.121529358215751,0.7100591715976333,0.04096495220755576,0.0,0.0,0.0,0.0,0.0,0.0,0.0,0.0,0.0,0.0,0.0,0.0,0.0,0.0,0.0,0.39,0.02173,0.0,0.0,0.0,0.0,0.0,0.0,0.0,0.0,0.0,0.014326647564469917,4.255014326647565,16.532951289398255,8.610315186246421,0.5730659025787966,0.014326647564469917,0.0,0.0,0.0,0.0,0.0,0.0,0.0,0.0,0.0,0.0,0.0,0.0,0.0,0.0,0.0
9300,4278,2175,0.5084151472650772,1016,920,0.4525479195885928,1237,0.5783076203833567,0.39799999999999996,2.856871136471707,3.003874357638858,6.4089285714285715,2.174263158086492,9304.979826464365,1427.8032749464062,7853.0,10767.346474289894,10708.89411384577,18.122084142374018,7853.0,0.0,27.836605890603085,20.76243544143891,32.8139470013947,18.996152459657516,0.1402524544179523,0.1002805049088359,0.08976157082748948,0.08625525946704067,0.08532024310425433,0.0822814399251987,0.06708742402992052,0.057971014492753624,0.0546984572230014,0.05399719495091164,0.04838709677419355,0.04324450677886863,0.03272557269752221,0.02407667134174848,0.0182328190743338,0.009350163627863487,0.006077606358111267,0.9349341127654001,0.023624589961945712,0.0,0.0,0.0,0.0,0.0,0.0,0.0,0.0,0.0,0.0,0.0,0.0,0.0,0.0,0.0,0.0,0.0,0.0,0.0,0.0,0.0,0.0,0.0,0.0,0.0,0.035063113604488085,2.173913043478261,11.879382889200565,13.260869565217394,2.650771388499299,4.179302910528207,2.816557471930311,nan,nan,nan,4.226590421729807,2.808285865818177,4.131502890173411,2.8240895092666642,0.9775025441151025,0.3896,0.02173,0.0,0.0,0.0,0.0,0.0,0.0,0.0,0.0,0.0,0.07713884992987378,4.410939691444601,16.339410939691422,8.527349228611502,0.6030855539971951,0.0420757363253857,0.0,0.0,0.0,0.0,0.0,0.0,0.0,0.0,0.0,0.0,0.0,0.0,0.0,0.0,0.0,nan,nan,4.179302910528207,2.816557471930311,nan,0.3896,0.1002,0.0,0.0,0.0,0.0,0.0,0.0,0.0,0.0,0.0,0.0,0.0,0.0,1.168770453482936e-05,0.0,0.003868630201028518,0.0,0.0010986442262739598,0.0020102851799906497,0.0013908368396446937,0.002407667134174848,0.0009350163627863488,0.0017765310892940626,0.024333800841514725,0.015521271622253389,0.021610565684899486,0.011898083216456287,0.021645628798503975,0.04984805984104722,0.008894343151005143,0.032433380084151475,0.01881720430107527,0.022557269752220666,0.03852267414679757,0.01730949041608228,0.061360448807854136,0.012634408602150538,0.07242870500233754,0.028880317905563346,0.029663394109396914,0.058274894810659186,0.03950444132772323,0.031077606358111267,0.0375409069658719,0.039294062646096306,0.031778868630201025,0.028401122019635343,0.021178120617110798,0.016222533894343152,0.02958158017765311,0.007164562879850398,0.017192613370733988,0.016643291257597007,0.013721365123889669,0.0064165497896213185,0.010881252921926134,0.009817671809256662,0.020745675549322114,0.002816736792893876,0.011617578307620384,0.02026647966339411,0.011243571762505844,0.0003740065451145395,0.004184198223468911,0.010273492286115007,0.00015194015895278167,0.0008532024310425432,0.0,1.168770453482936e-05,0.00028050490883590464,0.0,0.0005142589995324918,0.0,0.0,0.0001168770453482936,0.0,0.0,0.0,0.0,0.0,0.0,0.0,0.0,0.0,0.0,0.0,0.0,0.0,0.0,0.0,0.0,0.0,0.0,0.0,0.0,0.0,0.0,0.0,0.0,0.0,0.0,0.0,nan,nan,4.179302910528207,2.816557471930311,nan,0.935079224767356,0.023818713179299338,0.0,0.0,0.0,0.0,0.0,0.0,0.0,0.0,0.0,0.0,0.0,0.0,0.0,0.0,0.0,0.0,0.0,0.0,0.0,0.0,0.0,0.0,0.0,0.0,0.0,0.05517241379310346,2.06896551724138,11.903448275862072,13.21379310344828,2.758620689655173,0.934784032592193,0.0234211824212587,0.0,0.0,0.0,0.0,0.0,0.0,0.0,0.0,0.0,0.0,0.0,0.0,0.0,0.0,0.0,0.0,0.0,0.0,0.0,0.0,0.0,0.0,0.0,0.0,0.0,0.014265335235378035,2.2824536376604856,11.854493580599147,13.309557774607708,2.53922967189729,0.3896,0.02162,0.0,0.0,0.0,0.0,0.0,0.0,0.0,0.0,0.0,0.09655172413793106,4.4413793103448285,16.22068965517239,8.648275862068967,0.5793103448275864,0.013793103448275865,0.0,0.0,0.0,0.0,0.0,0.0,0.0,0.0,0.0,0.0,0.0,0.0,0.0,0.0,0.0,0.3894,0.02184,0.0,0.0,0.0,0.0,0.0,0.0,0.0,0.0,0.0,0.05706134094151214,4.379457917261057,16.462196861626225,8.402282453637662,0.6276747503566334,0.07132667617689017,0.0,0.0,0.0,0.0,0.0,0.0,0.0,0.0,0.0,0.0,0.0,0.0,0.0,0.0,0.0
9400,4222,2185,0.5175272382756987,1024,866,0.4476551397441971,1202,0.5693983893889152,0.40199999999999997,2.9823269513991164,3.0734235211772334,6.525043177892919,2.1127080224485346,9331.139508907234,1427.2575225496341,7853.0,10765.569252490997,10709.157897760339,17.616563178849063,7853.0,0.0,27.753671245855045,20.829527435632777,32.63651732882502,19.130913698338418,0.14021790620558977,0.09758408337280909,0.09711037423022265,0.09118900994789199,0.0812411179535765,0.0738986262434865,0.06939838938891521,0.06418758882046423,0.05045002368545713,0.0556608242539081,0.04642349597347229,0.039554713405968736,0.03481762198010421,0.024159166271909047,0.01634296541923259,0.009711037423022264,0.008053055423969682,0.9354174127515489,0.02370845265178439,0.0,0.0,0.0,0.0,0.0,0.0,0.0,0.0,0.0,0.0,0.0,0.0,0.0,0.0,0.0,0.0,0.0,0.0,0.0,0.0,0.0,0.0,0.0,0.0,0.0,0.049739459971577464,1.8829938417811467,12.00852676456656,13.138323069635247,2.920416864045477,4.261764705882353,2.869567984074417,nan,nan,nan,4.180073800738008,2.8783531054614375,4.3428571428571425,2.8585124922302727,1.0389426957223566,0.3892,0.02118,0.0,0.0,0.0,0.0,0.0,0.0,0.0,0.0,0.0,0.15632401705352916,4.021790620558978,16.86878256750353,8.356229275225013,0.5968735196589295,0.0,0.0,0.0,0.0,0.0,0.0,0.0,0.0,0.0,0.0,0.0,0.0,0.0,0.0,0.0,0.0,nan,nan,4.261764705882353,2.869567984074417,nan,0.3892,0.09973,0.0,0.0,0.0,0.0,0.0,0.0,0.0,0.0,0.0,0.0,0.0,0.0,0.0,0.0,0.004180483183325438,1.1842728564661298e-05,0.000876361913784936,0.0021790620558976787,0.0010895310279488393,0.002060634770251066,0.000793462813832307,0.002025106584557082,0.021506395073424917,0.01807200378967314,0.019777356702984368,0.011096636665087636,0.02270251065845571,0.05132638559924207,0.007650402652771199,0.0332306963524396,0.019422074846044527,0.02361440075793463,0.038180956892468025,0.019197063003315962,0.0627309332070109,0.012470393178588347,0.07148270961629559,0.028268593083846518,0.02874230222643297,0.05866887730933207,0.03950734249171009,0.03134770251065846,0.03996920890573188,0.038666508763619135,0.030518711511132165,0.029239696826148746,0.020487920416864046,0.016011369019422076,0.029073898626243485,0.00711747986736144,0.017858834675509236,0.016319279962103268,0.01332306963524396,0.006027948839412601,0.009876835622927523,0.009083372809095215,0.02179062055897679,0.0034107058266224536,0.011108479393652297,0.02052344860255803,0.010622927522501184,0.00045002368545712934,0.004322595926101374,0.009770251065845571,0.00018948365703458077,0.0011605873993368071,4.737091425864519e-05,0.0,0.00029606821411653247,0.0,0.00045002368545712934,0.0,5.921364282330649e-05,0.0,0.0,1.1842728564661298e-05,0.0,0.0,0.0,0.0,0.0,0.0,0.0,0.0,0.0,0.0,0.0,0.0,0.0,0.0,0.0,0.0,0.0,0.0,0.0,0.0,0.0,0.0,0.0,0.0,0.0,nan,nan,4.261764705882353,2.869567984074417,nan,0.935661838911218,0.023596915811468264,0.0,0.0,0.0,0.0,0.0,0.0,0.0,0.0,0.0,0.0,0.0,0.0,0.0,0.0,0.0,0.0,0.0,0.0,0.0,0.0,0.0,0.0,0.0,0.0,0.0,0.04118993135011442,1.9221967963386732,11.670480549199088,13.441647597254008,2.9244851258581246,0.9351552275974608,0.023824725518316818,0.0,0.0,0.0,0.0,0.0,0.0,0.0,0.0,0.0,0.0,0.0,0.0,0.0,0.0,0.0,0.0,0.0,0.0,0.0,0.0,0.0,0.0,0.0,0.0,0.0,0.05891016200294552,1.8409425625920475,12.37113402061856,12.812960235640652,2.916053019145803,0.3894,0.02132,0.0,0.0,0.0,0.0,0.0,0.0,0.0,0.0,0.0,0.20594965675057214,3.926773455377575,16.6407322654462,8.608695652173914,0.6178489702517164,0.0,0.0,0.0,0.0,0.0,0.0,0.0,0.0,0.0,0.0,0.0,0.0,0.0,0.0,0.0,0.0,0.389,0.02104,0.0,0.0,0.0,0.0,0.0,0.0,0.0,0.0,0.0,0.10309278350515466,4.123711340206187,17.113402061855645,8.085419734904272,0.5743740795287188,0.0,0.0,0.0,0.0,0.0,0.0,0.0,0.0,0.0,0.0,0.0,0.0,0.0,0.0,0.0,0.0
9500,4143,2092,0.5049481052377505,946,861,0.43615737388365916,1185,0.5720492396813903,0.418,2.998537298878596,3.0940873775793523,6.533898305084746,2.148244073616319,9294.922227168152,1427.7771217716324,7853.0,10765.382023572922,10708.584984300982,17.563138294144157,7853.0,0.0,28.289403813661597,20.9939131485711,33.08818493150685,19.26741748096749,0.1351677528361091,0.09847936278059377,0.09582428192131306,0.09051412020275162,0.07216992517499396,0.0755491189958967,0.06492879555877383,0.06637702148201786,0.05937726285300507,0.05213613323678494,0.049239681390296886,0.041998551774076756,0.03427468018344195,0.027516292541636494,0.02075790489983104,0.009172097513878832,0.0065170166545981175,0.9345966144630133,0.023315087650062096,0.0,0.0,0.0,0.0,0.0,0.0,0.0,0.0,0.0,0.0,0.0,0.0,0.0,0.0,0.0,0.0,0.0,0.0,0.0,0.0,0.0,0.0,0.0,0.0,0.0,0.07241129616220132,1.9840695148443162,12.375090514120206,13.005068790731357,2.5633598841419265,4.346226060833646,2.839609037571964,nan,nan,nan,4.33033033033033,2.853880801052771,4.36213373403456,2.825164840997676,1.0073443366390489,0.39,0.02159,0.0,0.0,0.0,0.0,0.0,0.0,0.0,0.0,0.0,0.057929036929761056,4.221578566256337,16.068066618392443,8.942795076031862,0.7023895727733528,0.007241129616220132,0.0,0.0,0.0,0.0,0.0,0.0,0.0,0.0,0.0,0.0,0.0,0.0,0.0,0.0,0.0,nan,nan,4.346226060833646,2.839609037571964,nan,0.39,0.10004,0.0,0.0,0.0,0.0,0.0,0.0,0.0,0.0,0.0,0.0,0.0,0.0,0.0,0.0,0.004405020516533913,0.0,0.0007723871590634805,0.001774076755973932,0.001037895244991552,0.002293024378469708,0.0005430847212165098,0.001955104996379435,0.019925174993965726,0.019683804006758388,0.019502775766352884,0.011320299300024136,0.024233647115616704,0.048660391020999276,0.007216992517499397,0.03292300265508086,0.020516533912623702,0.02687665942553705,0.038510741008930725,0.019961380642046826,0.060258266956311854,0.0111151339608979,0.07090272749215544,0.02811972000965484,0.028940381366159788,0.0593289886555636,0.03590393434709148,0.028795558773835384,0.03876418054549843,0.04173304368814868,0.03135409123823316,0.028276611151339608,0.020963070238957278,0.016714940864108133,0.030895486362539224,0.006613565049481052,0.020033791938209027,0.016292541636495295,0.015158097996620806,0.005467052860246198,0.009558291093410573,0.008496258749698286,0.020697562153029207,0.0037774559497948347,0.012237509051412021,0.020347574221578565,0.009932416123581946,0.0006275645667390779,0.0038015930485155685,0.010547912140960656,7.24112961622013e-05,0.0009051412020275163,0.0,8.447984552256818e-05,0.00044653632633357473,0.0,0.0005551532705768766,0.0,0.00016895969104513636,0.0,0.0,0.0,0.0,0.0,0.0,0.0,0.0,0.0,0.0,0.0,0.0,0.0,0.0,0.0,0.0,0.0,0.0,0.0,0.0,0.0,0.0,0.0,0.0,0.0,0.0,0.0,0.0,nan,nan,4.346226060833646,2.839609037571964,nan,0.9343560409534502,0.023475959049859246,0.0,0.0,0.0,0.0,0.0,0.0,0.0,0.0,0.0,0.0,0.0,0.0,0.0,0.0,0.0,0.0,0.0,0.0,0.0,0.0,0.0,0.0,0.0,0.0,0.0,0.08604206500956024,1.9502868068833656,12.519120458891017,12.820267686424478,2.6242829827915872,0.9348419970968536,0.02314727310784461,0.0,0.0,0.0,0.0,0.0,0.0,0.0,0.0,0.0,0.0,0.0,0.0,0.0,0.0,0.0,0.0,0.0,0.0,0.0,0.0,0.0,0.0,0.0,0.0,0.0,0.058508044856167736,2.018527547537787,12.228181374939057,13.193564115065826,2.5012189176011708,0.39,0.02116,0.0,0.0,0.0,0.0,0.0,0.0,0.0,0.0,0.0,0.04302103250478012,4.072657743785852,16.27629063097512,8.962715105162525,0.6453154875717019,0.0,0.0,0.0,0.0,0.0,0.0,0.0,0.0,0.0,0.0,0.0,0.0,0.0,0.0,0.0,0.0,0.39,0.02202,0.0,0.0,0.0,0.0,0.0,0.0,0.0,0.0,0.0,0.07313505607020966,4.373476352998538,15.85568015602143,8.92247684056558,0.7606045831301806,0.014627011214041934,0.0,0.0,0.0,0.0,0.0,0.0,0.0,0.0,0.0,0.0,0.0,0.0,0.0,0.0,0.0
9600,4040,2152,0.5326732673267327,1015,778,0.4438118811881188,1112,0.5504950495049505,0.418,2.9915254237288136,3.1682903551880095,6.621621621621622,2.2066813126023344,9374.640083065953,1425.3101952008033,7853.0,10764.727349758148,10709.610564863593,17.576350043444904,7853.0,0.0,28.596039603960396,21.07027807074766,33.372262773722625,19.320065322791624,0.13415841584158417,0.1,0.09356435643564356,0.08663366336633663,0.07797029702970297,0.06806930693069307,0.06361386138613861,0.06435643564356436,0.059158415841584155,0.05891089108910891,0.05272277227722772,0.043069306930693066,0.03415841584158416,0.026485148514851484,0.02103960396039604,0.010396039603960397,0.005693069306930693,0.9352373909537155,0.023718283900953593,0.0,0.0,0.0,0.0,0.0,0.0,0.0,0.0,0.0,0.0,0.0,0.0,0.0,0.0,0.0,0.0,0.0,0.0,0.0,0.0,0.0,0.0,0.0,0.0,0.0,0.02227722772277228,2.086633663366337,11.977722772277229,13.10643564356436,2.806930693069307,4.17101778282255,2.9629251507881516,nan,nan,nan,4.152923538230884,2.9479242815692777,4.1894576012223075,2.9780216713092473,1.0087971913412561,0.39,0.02115,0.0,0.0,0.0,0.0,0.0,0.0,0.0,0.0,0.0,0.05940594059405942,3.965346534653466,16.62623762376235,8.673267326732676,0.6757425742574259,0.0,0.0,0.0,0.0,0.0,0.0,0.0,0.0,0.0,0.0,0.0,0.0,0.0,0.0,0.0,0.0,nan,nan,4.17101778282255,2.9629251507881516,nan,0.39,0.10065,0.0,0.0,0.0,0.0,0.0,0.0,0.0,0.0,0.0,0.0,0.0,0.0,0.0,0.0,0.005346534653465347,2.4752475247524754e-05,0.0009282178217821782,0.0018564356435643563,0.0011014851485148514,0.0021534653465346536,0.0005321782178217822,0.0018316831683168316,0.020123762376237624,0.021212871287128714,0.019653465346534654,0.011064356435643564,0.025173267326732675,0.04657178217821782,0.007066831683168317,0.032202970297029704,0.018774752475247524,0.02391089108910891,0.040804455445544556,0.02021039603960396,0.06167079207920792,0.010284653465346535,0.07014851485148516,0.030247524752475247,0.02879950495049505,0.0564480198019802,0.0375,0.027487623762376238,0.03907178217821782,0.04376237623762376,0.031126237623762376,0.030346534653465346,0.02077970297029703,0.015507425742574257,0.03099009900990099,0.006819306930693069,0.020321782178217822,0.014863861386138613,0.014344059405940595,0.004443069306930693,0.009888613861386139,0.007574257425742574,0.020346534653465347,0.00400990099009901,0.014826732673267326,0.02061881188118812,0.008428217821782179,0.0006435643564356436,0.004591584158415841,0.010965346534653465,9.900990099009902e-05,0.0010767326732673268,0.0,0.0001485148514851485,0.00044554455445544556,0.0,0.0006064356435643564,0.0,0.00022277227722772278,0.0,0.0,0.0,0.0,0.0,0.0,0.0,0.0,0.0,0.0,0.0,0.0,0.0,0.0,0.0,0.0,0.0,0.0,0.0,0.0,0.0,0.0,0.0,0.0,0.0,0.0,0.0,0.0,nan,nan,4.17101778282255,2.9629251507881516,nan,0.9355565131153759,0.023701668962137643,0.0,0.0,0.0,0.0,0.0,0.0,0.0,0.0,0.0,0.0,0.0,0.0,0.0,0.0,0.0,0.0,0.0,0.0,0.0,0.0,0.0,0.0,0.0,0.0,0.0,0.013940520446096658,1.9795539033457252,11.947026022304836,13.090148698884763,2.969330855018588,0.9348736457779245,0.023731975280815863,0.0,0.0,0.0,0.0,0.0,0.0,0.0,0.0,0.0,0.0,0.0,0.0,0.0,0.0,0.0,0.0,0.0,0.0,0.0,0.0,0.0,0.0,0.0,0.0,0.0,0.03177966101694916,2.2086864406779667,12.012711864406782,13.125000000000004,2.6218220338983054,0.3904,0.02095,0.0,0.0,0.0,0.0,0.0,0.0,0.0,0.0,0.0,0.04182156133828997,3.736059479553904,16.533457249070608,8.991635687732344,0.6970260223048328,0.0,0.0,0.0,0.0,0.0,0.0,0.0,0.0,0.0,0.0,0.0,0.0,0.0,0.0,0.0,0.0,0.3894,0.02138,0.0,0.0,0.0,0.0,0.0,0.0,0.0,0.0,0.0,0.07944915254237289,4.226694915254238,16.731991525423705,8.310381355932206,0.6514830508474577,0.0,0.0,0.0,0.0,0.0,0.0,0.0,0.0,0.0,0.0,0.0,0.0,0.0,0.0,0.0,0.0
9700,4134,2206,0.5336236090953073,990,843,0.44339622641509435,1159,0.5607160135462023,0.418,3.1358921161825726,3.134634216780067,6.7344322344322345,2.0704146007585535,9376.46365688357,1424.3000436904038,7853.0,10769.926105737686,10707.940506598676,18.058720351551976,7853.0,0.0,28.092646347363328,20.871919852477486,33.037410071942446,19.08613671948848,0.14029995162070633,0.098451862602806,0.09313014029995162,0.08538945331398162,0.07547169811320754,0.07256894049346879,0.07232704402515723,0.07111756168359942,0.05926463473633285,0.04499274310595065,0.05128205128205128,0.040638606676342524,0.03555878084179971,0.027092404450895016,0.014997581035316884,0.00822447992259313,0.009192065795839382,0.9348955156437486,0.023520011932893544,0.0,0.0,0.0,0.0,0.0,0.0,0.0,0.0,0.0,0.0,0.0,0.0,0.0,0.0,0.0,0.0,0.0,0.0,0.0,0.0,0.0,0.0,0.0,0.0,0.0,0.0798258345428157,2.053701015965167,12.119013062409293,12.93904208998549,2.808417997097243,4.384266263237519,2.8874228727182696,nan,nan,nan,4.366792452830189,2.870505690499206,4.401819560272934,2.9042119465300678,1.0080212439270029,0.3884,0.02167,0.0,0.0,0.0,0.0,0.0,0.0,0.0,0.0,0.0,0.13788098693759074,4.535558780841801,16.647314949201718,8.069666182873732,0.6095791001451379,0.0,0.0,0.0,0.0,0.0,0.0,0.0,0.0,0.0,0.0,0.0,0.0,0.0,0.0,0.0,0.0,nan,nan,4.384266263237519,2.8874228727182696,nan,0.3884,0.10034,0.0,0.0,0.0,0.0,0.0,0.0,0.0,0.0,0.0,0.0,0.0,0.0,0.0,7.256894049346879e-05,0.006652152878567973,0.0,0.0004112239961296565,0.0019956458635703917,0.000641025641025641,0.0017053701015965167,0.0004716981132075472,0.0018021286889211418,0.01949685534591195,0.023875181422351233,0.021141751330430576,0.010764392839864538,0.026910982099661345,0.04582728592162554,0.007873730043541364,0.031591678761490084,0.016751330430575712,0.023234155781325594,0.04032414126753749,0.022000483792936624,0.06337687469762941,0.010147556845670053,0.07110546686018385,0.029934687953555878,0.02596758587324625,0.05615626511852927,0.040953072085147556,0.027830188679245284,0.03888485728108369,0.04388001935171747,0.031615868408321236,0.03056361877116594,0.02091194968553459,0.01463473633284954,0.03128930817610063,0.006833575229801645,0.020162070633768747,0.013207547169811321,0.013957426221577165,0.00434204160619255,0.008659893565553942,0.00673681664247702,0.019013062409288826,0.003676826318335752,0.014610546686018385,0.020416061925495887,0.010220125786163521,0.0006531204644412192,0.004886308659893566,0.009542815674891146,8.466376390904693e-05,0.0011248185776487664,0.0,6.047411707789066e-05,0.000362844702467344,0.0,0.0004958877600387034,0.0,0.00015723270440251572,0.0,0.0,0.0,0.0,0.0,0.0,0.0,0.0,0.0,0.0,0.0,0.0,0.0,0.0,0.0,0.0,0.0,0.0,0.0,0.0,0.0,0.0,0.0,0.0,0.0,0.0,0.0,0.0,nan,nan,4.384266263237519,2.8874228727182696,nan,0.9344942939357118,0.023348498896075612,0.0,0.0,0.0,0.0,0.0,0.0,0.0,0.0,0.0,0.0,0.0,0.0,0.0,0.0,0.0,0.0,0.0,0.0,0.0,0.0,0.0,0.0,0.0,0.0,0.0,0.06799637352674526,2.0806890299184047,12.307343608340892,12.796917497733457,2.747053490480508,0.9353545898594797,0.023706405660310664,0.0,0.0,0.0,0.0,0.0,0.0,0.0,0.0,0.0,0.0,0.0,0.0,0.0,0.0,0.0,0.0,0.0,0.0,0.0,0.0,0.0,0.0,0.0,0.0,0.0,0.09336099585062242,2.022821576763486,11.903526970954358,13.101659751037348,2.8786307053941913,0.3884,0.02138,0.0,0.0,0.0,0.0,0.0,0.0,0.0,0.0,0.0,0.09519492293744336,4.392565729827743,16.903898458748845,8.091568449682685,0.516772438803264,0.0,0.0,0.0,0.0,0.0,0.0,0.0,0.0,0.0,0.0,0.0,0.0,0.0,0.0,0.0,0.0,0.3882,0.02197,0.0,0.0,0.0,0.0,0.0,0.0,0.0,0.0,0.0,0.18672199170124484,4.699170124481329,16.353734439834,8.044605809128633,0.7157676348547719,0.0,0.0,0.0,0.0,0.0,0.0,0.0,0.0,0.0,0.0,0.0,0.0,0.0,0.0,0.0,0.0
9800,4152,2139,0.5151734104046243,997,829,0.43978805394990367,1119,0.5390173410404624,0.414,2.9264778936910085,3.086363991279995,6.495527728085867,2.222723280646056,9323.484336706886,1426.5736738838707,7853.0,10760.557031989098,10707.34827770313,17.74375609588881,7853.0,0.0,27.698217726396916,21.03200187325319,32.90034762456547,19.2593577771451,0.14860308285163776,0.098747591522158,0.1001926782273603,0.08261078998073218,0.0739402697495183,0.06767822736030829,0.07442196531791907,0.06213872832369942,0.0626204238921002,0.05250481695568401,0.041666666666666664,0.034922928709055875,0.036127167630057806,0.02697495183044316,0.018063583815028903,0.011801541425818882,0.006984585741811176,0.9343433105503434,0.02335334980586287,0.0,0.0,0.0,0.0,0.0,0.0,0.0,0.0,0.0,0.0,0.0,0.0,0.0,0.0,0.0,0.0,0.0,0.0,0.0,0.0,0.0,0.0,0.0,0.0,0.0,0.03612716763005781,2.1170520231213876,12.124277456647402,13.171965317919078,2.5505780346820814,4.317678503245514,2.8703492346783532,nan,nan,nan,4.373447204968944,2.858105491189134,4.263711495116453,2.8811203453149825,0.9749086464956493,0.3884,0.02121,0.0,0.0,0.0,0.0,0.0,0.0,0.0,0.0,0.0,0.0578034682080925,4.653179190751446,16.589595375722517,8.208092485549134,0.4913294797687862,0.0,0.0,0.0,0.0,0.0,0.0,0.0,0.0,0.0,0.0,0.0,0.0,0.0,0.0,0.0,0.0,nan,nan,4.317678503245514,2.8703492346783532,nan,0.3884,0.1004,0.0,0.0,0.0,0.0,0.0,0.0,0.0,0.0,0.0,0.0,1.2042389210019268e-05,0.0,0.0,6.021194605009634e-05,0.006502890173410405,0.0,0.0006141618497109827,0.001962909441233141,0.0008670520231213873,0.0017220616570327552,0.00046965317919075143,0.0019267822736030828,0.021158477842003854,0.024000481695568402,0.018846339113680156,0.009513487475915221,0.025397398843930635,0.04717003853564547,0.0066594412331406555,0.0335019267822736,0.018027456647398844,0.02319364161849711,0.041534200385356455,0.02661368015414258,0.06092244701348747,0.010404624277456647,0.06995423892100193,0.028660886319845858,0.02450626204238921,0.055274566473988436,0.04277456647398844,0.028046724470134874,0.03717485549132948,0.04214836223506744,0.030671965317919075,0.028480250481695567,0.02167630057803468,0.01710019267822736,0.030659922928709057,0.005852601156069364,0.02024325626204239,0.01599229287090559,0.014234104046242774,0.004214836223506744,0.00920038535645472,0.006888246628131021,0.0203757225433526,0.0036970134874759154,0.014077552986512525,0.01923169556840077,0.011331888246628131,0.0005178227360308285,0.004539980732177264,0.00874277456647399,6.021194605009634e-05,0.0013607899807321772,0.0,6.021194605009634e-05,0.0004094412331406551,0.0,0.0005900770712909441,0.0,0.00016859344894026976,0.0,0.0,0.0,0.0,0.0,0.0,0.0,0.0,0.0,0.0,0.0,0.0,0.0,0.0,0.0,0.0,0.0,0.0,0.0,0.0,0.0,0.0,0.0,0.0,0.0,0.0,0.0,0.0,nan,nan,4.317678503245514,2.8703492346783532,nan,0.9338205772451621,0.023334807799002974,0.0,0.0,0.0,0.0,0.0,0.0,0.0,0.0,0.0,0.0,0.0,0.0,0.0,0.0,0.0,0.0,0.0,0.0,0.0,0.0,0.0,0.0,0.0,0.0,0.0,0.05610098176718094,2.1318373071528756,12.173913043478263,13.18373071528752,2.454417952314166,0.9348987633768623,0.023360221406322105,0.0,0.0,0.0,0.0,0.0,0.0,0.0,0.0,0.0,0.0,0.0,0.0,0.0,0.0,0.0,0.0,0.0,0.0,0.0,0.0,0.0,0.0,0.0,0.0,0.0,0.014903129657228021,2.101341281669151,12.071535022354697,13.159463487332344,2.6527570789865877,0.3882,0.02104,0.0,0.0,0.0,0.0,0.0,0.0,0.0,0.0,0.0,0.07012622720897617,4.572230014025246,16.984572230014003,7.896213183730717,0.47685834502103797,0.0,0.0,0.0,0.0,0.0,0.0,0.0,0.0,0.0,0.0,0.0,0.0,0.0,0.0,0.0,0.0,0.389,0.02141,0.0,0.0,0.0,0.0,0.0,0.0,0.0,0.0,0.0,0.04470938897168406,4.739195230998511,16.169895678092377,8.539493293591656,0.5067064083457528,0.0,0.0,0.0,0.0,0.0,0.0,0.0,0.0,0.0,0.0,0.0,0.0,0.0,0.0,0.0,0.0
9900,3975,2062,0.5187421383647799,954,843,0.4520754716981132,1143,0.5750943396226416,0.426,3.03450078410873,3.144018536921569,6.795454545454546,2.1514217862797937,9333.455845326058,1426.0178792890522,7853.0,10774.513049125671,10706.934037425353,17.183710535808938,7853.0,0.0,28.040754716981134,20.884127147812517,32.90835820895522,19.137420294111674,0.13886792452830188,0.10113207547169811,0.0890566037735849,0.08704402515723271,0.0810062893081761,0.0789937106918239,0.06691823899371069,0.059622641509433964,0.059622641509433964,0.05610062893081761,0.04855345911949686,0.03949685534591195,0.03220125786163522,0.024654088050314465,0.018364779874213838,0.011572327044025157,0.006792452830188679,0.9335428977912327,0.02315369785844506,0.0,0.0,0.0,0.0,0.0,0.0,0.0,0.0,0.0,0.0,0.0,0.0,0.0,0.0,0.0,0.0,0.0,0.0,0.0,0.0,0.0,0.0,0.0,0.0,0.0,0.09056603773584906,2.0905660377358495,12.754716981132079,12.807547169811324,2.256603773584906,4.314142194744977,2.9210107603902165,nan,nan,nan,4.223412394797245,2.9214091909284146,4.406713505074161,2.917697789924531,1.0434011867992625,0.3877,0.02182,0.0,0.0,0.0,0.0,0.0,0.0,0.0,0.0,0.0075471698113207565,0.1207547169811321,4.852830188679246,16.35471698113205,8.07547169811321,0.588679245283019,0.0,0.0,0.0,0.0,0.0,0.0,0.0,0.0,0.0,0.0,0.0,0.0,0.0,0.0,0.0,0.0,nan,nan,4.314142194744977,2.9210107603902165,nan,0.3877,0.10004,0.0,0.0,0.0,0.0,0.0,0.0,0.0,0.0,0.0,0.0,0.0,0.0,0.0,2.5157232704402517e-05,0.0063144654088050315,0.0,0.0007672955974842768,0.0018364779874213836,0.0010943396226415095,0.0014088050314465409,0.0004025157232704403,0.0013962264150943395,0.0220251572327044,0.022716981132075473,0.02080503144654088,0.012125786163522013,0.026150943396226416,0.044729559748427676,0.006427672955974842,0.031949685534591196,0.017383647798742137,0.023245283018867923,0.04612578616352201,0.028264150943396227,0.05753459119496855,0.008716981132075472,0.07251572327044026,0.028050314465408805,0.02561006289308176,0.05415094339622641,0.04369811320754717,0.027421383647798742,0.03773584905660377,0.04358490566037736,0.02979874213836478,0.0269937106918239,0.02237735849056604,0.01669182389937107,0.02972327044025157,0.005823899371069183,0.02150943396226415,0.015622641509433962,0.01391194968553459,0.004867924528301887,0.008880503144654089,0.006666666666666667,0.019672955974842768,0.004842767295597484,0.014314465408805032,0.01640251572327044,0.010213836477987421,0.0007169811320754717,0.00539622641509434,0.009421383647798742,2.5157232704402517e-05,0.001018867924528302,0.0,0.00010062893081761007,0.00022641509433962264,0.0,0.0005031446540880503,0.0,6.289308176100629e-05,0.0,0.0,0.0,0.0,0.0,0.0,0.0,0.0,0.0,0.0,0.0,0.0,0.0,0.0,0.0,0.0,0.0,0.0,0.0,0.0,0.0,0.0,0.0,0.0,0.0,0.0,0.0,0.0,nan,nan,4.314142194744977,2.9210107603902165,nan,0.9334249382569417,0.022936276996380327,0.0,0.0,0.0,0.0,0.0,0.0,0.0,0.0,0.0,0.0,0.0,0.0,0.0,0.0,0.0,0.0,0.0,0.0,0.0,0.0,0.0,0.0,0.0,0.0,0.0,0.13094083414161012,1.9932104752667317,12.861299709020372,12.890397672162953,2.124151309408342,0.933670044973516,0.02338512332394504,0.0,0.0,0.0,0.0,0.0,0.0,0.0,0.0,0.0,0.0,0.0,0.0,0.0,0.0,0.0,0.0,0.0,0.0,0.0,0.0,0.0,0.0,0.0,0.0,0.0,0.04704652378463148,2.195504443282802,12.63983272347099,12.718243596445376,2.3993727130162052,0.3877,0.02174,0.0,0.0,0.0,0.0,0.0,0.0,0.0,0.0,0.0,0.14548981571290012,4.597478176527644,16.760426770126067,7.972841901066927,0.5237633365664405,0.0,0.0,0.0,0.0,0.0,0.0,0.0,0.0,0.0,0.0,0.0,0.0,0.0,0.0,0.0,0.0,0.3875,0.02191,0.0,0.0,0.0,0.0,0.0,0.0,0.0,0.0,0.01568217459487716,0.09409304756926296,5.128071092524831,15.91740721380029,8.186095138525877,0.6586513329848407,0.0,0.0,0.0,0.0,0.0,0.0,0.0,0.0,0.0,0.0,0.0,0.0,0.0,0.0,0.0,0.0
10000,4048,2085,0.5150691699604744,992,795,0.44145256916996045,1132,0.5592885375494071,0.39799999999999996,2.9414161996943453,3.0058749456653264,6.280612244897959,2.123203113668327,9322.855093672311,1426.2588901522568,7853.0,10762.792221665382,10706.70427778682,17.439412816814137,7853.0,0.0,28.58695652173913,21.08370406032223,33.42289719626168,19.31898100626098,0.13142292490118576,0.10054347826086957,0.08843873517786562,0.08547430830039526,0.08448616600790514,0.07312252964426877,0.07361660079051384,0.059041501976284584,0.057065217391304345,0.053853754940711464,0.04792490118577075,0.043725296442687744,0.036561264822134384,0.0266798418972332,0.02050395256916996,0.007905138339920948,0.009634387351778656,0.9336793851180981,0.02320581017730428,0.0,0.0,0.0,0.0,0.0,0.0,0.0,0.0,0.0,0.0,0.0,0.0,0.0,0.0,0.0,0.0,0.0,0.0,0.0,0.0,0.0,0.0,0.0,0.0,0.0,0.059288537549407126,2.060276679841898,12.64328063241107,12.932312252964431,2.304841897233202,4.093584905660378,2.787627038709083,nan,nan,nan,4.192393736017897,2.8192322371948917,3.9923605805958746,2.7511958099849054,0.9522866486266574,0.386,0.02155,0.0,0.0,0.0,0.0,0.0,0.0,0.0,0.0,0.0,0.17045454545454547,5.528656126482215,16.711956521739104,7.114624505928855,0.46689723320158116,0.007411067193675891,0.0,0.0,0.0,0.0,0.0,0.0,0.0,0.0,0.0,0.0,0.0,0.0,0.0,0.0,0.0,nan,nan,4.093584905660378,2.787627038709083,nan,0.386,0.10077,0.0,0.0,0.0,0.0,0.0,0.0,0.0,0.0,0.0,0.0,0.0,0.0,0.0,0.0,0.007299901185770751,0.0,0.0005805335968379447,0.001741600790513834,0.0009757905138339921,0.002025691699604743,0.0004199604743083004,0.0014698616600790514,0.024234189723320157,0.022307312252964426,0.021850296442687746,0.01524209486166008,0.024135375494071146,0.04483695652173913,0.006632905138339921,0.03206521739130435,0.016625494071146246,0.024073616600790514,0.04960474308300395,0.026976284584980238,0.05868330039525692,0.008473320158102766,0.07381422924901186,0.03016304347826087,0.026062252964426876,0.05219861660079051,0.04089673913043478,0.025765810276679842,0.03551136363636364,0.04513339920948617,0.028446146245059287,0.02759387351778656,0.02117094861660079,0.014649209486166008,0.03117588932806324,0.006509387351778656,0.018231225296442687,0.01524209486166008,0.01379693675889328,0.004137845849802372,0.009152667984189723,0.007633399209486166,0.018947628458498025,0.005187747035573123,0.014797430830039525,0.015711462450592885,0.009634387351778656,0.0010004940711462451,0.005694169960474308,0.009004446640316206,3.705533596837945e-05,0.0012351778656126482,0.0,0.0003211462450592885,0.00022233201581027667,1.2351778656126482e-05,0.0006546442687747036,0.0,0.0,0.0,0.0,0.0,0.0,0.0,0.0,0.0,0.0,0.0,0.0,0.0,0.0,0.0,0.0,0.0,0.0,0.0,0.0,0.0,0.0,0.0,0.0,0.0,0.0,0.0,0.0,0.0,0.0,nan,nan,4.093584905660378,2.787627038709083,nan,0.9340907140601453,0.023048429763245063,0.0,0.0,0.0,0.0,0.0,0.0,0.0,0.0,0.0,0.0,0.0,0.0,0.0,0.0,0.0,0.0,0.0,0.0,0.0,0.0,0.0,0.0,0.0,0.0,0.0,0.0,1.928057553956835,12.58992805755396,13.079136690647486,2.4028776978417272,0.9332424921765962,0.023363881852808997,0.0,0.0,0.0,0.0,0.0,0.0,0.0,0.0,0.0,0.0,0.0,0.0,0.0,0.0,0.0,0.0,0.0,0.0,0.0,0.0,0.0,0.0,0.0,0.0,0.0,0.12226184411614878,2.200713194090678,12.699949057564956,12.776362710137548,2.200713194090678,0.3867,0.02177,0.0,0.0,0.0,0.0,0.0,0.0,0.0,0.0,0.0,0.15827338129496404,5.410071942446044,16.30215827338127,7.611510791366908,0.5035971223021584,0.014388489208633098,0.0,0.0,0.0,0.0,0.0,0.0,0.0,0.0,0.0,0.0,0.0,0.0,0.0,0.0,0.0,0.385,0.02127,0.0,0.0,0.0,0.0,0.0,0.0,0.0,0.0,0.0,0.18339276617422315,5.654610290371881,17.147223637289837,6.586856851757516,0.42791645440652076,0.0,0.0,0.0,0.0,0.0,0.0,0.0,0.0,0.0,0.0,0.0,0.0,0.0,0.0,0.0,0.0
10100,4001,2074,0.5183704073981504,990,811,0.4501374656335916,1114,0.5568607848037991,0.43,3.0461857810067463,3.2237836850986854,6.947169811320754,2.242185908975747,9332.6709391996,1426.3265083296003,7853.0,10771.772440433502,10707.46645503259,17.69651082038907,7853.0,0.0,27.9775056235941,20.98895804432855,32.94609886837403,19.25291098164575,0.14021494626343414,0.10022494376405898,0.09197700574856287,0.09172706823294176,0.07673081729567609,0.07173206698325418,0.07223194201449637,0.06473381654586353,0.056485878530367406,0.052486878280429895,0.046238440389902526,0.04023994001499625,0.03274181454636341,0.022994251437140716,0.02024493876530867,0.010747313171707074,0.008247938015496127,0.9351520409318275,0.02370634042113232,0.0,0.0,0.0,0.0,0.0,0.0,0.0,0.0,0.0,0.0,0.0,0.0,0.0,0.0,0.0,0.0,0.0,0.0,0.0,0.0,0.0,0.0,0.0,0.0,0.0,0.03749062734316422,1.9345163709072737,12.36440889777556,12.821794551362164,2.8417895526118473,4.3916246607212095,3.0169778790299184,nan,nan,nan,4.409233176838811,3.03074633640696,4.373846153846154,3.004395596356825,0.9919743362227834,0.3865,0.02162,0.0,0.0,0.0,0.0,0.0,0.0,0.0,0.0,0.0,0.1724568857785554,5.263684078980256,16.563359160209924,7.483129217695578,0.5098725318670334,0.007498125468632844,0.0,0.0,0.0,0.0,0.0,0.0,0.0,0.0,0.0,0.0,0.0,0.0,0.0,0.0,0.0,nan,nan,4.3916246607212095,3.0169778790299184,nan,0.3865,0.1013,0.0,0.0,0.0,0.0,0.0,0.0,0.0,0.0,0.0,0.0,0.0,0.0,0.0,0.0,0.006748312921769558,0.0,0.0010122469382654337,0.0017620594851287179,0.001512121969507623,0.0024743814046488378,0.00039990002499375155,0.0014871282179455135,0.023356660834791303,0.02165708572856786,0.021407148212946762,0.014896275931017246,0.025793551612096975,0.044451387153211695,0.006935766058485378,0.03406648337915521,0.01395901024743814,0.023869032741814546,0.05017495626093477,0.02675581104723819,0.05931017245688578,0.007935516120969757,0.07391902024493877,0.02899275181204699,0.02860534866283429,0.05274931267183204,0.03824043989002749,0.0232191952011997,0.03336665833541615,0.046063484128967755,0.02986753311672082,0.02690577355661085,0.021619595101224694,0.013421644588852788,0.032266933266683326,0.007135716070982254,0.017645588602849288,0.014621344663834041,0.015196200949762559,0.004098975256185954,0.009072731817045739,0.007260684828792802,0.02036990752311922,0.0057735566108472886,0.01569607598100475,0.01569607598100475,0.010247438140464884,0.0013371657085728568,0.005423644088977756,0.008672831792051987,3.749062734316421e-05,0.0014371407148212948,2.4993751562109472e-05,0.00014996250937265683,0.00037490627343164207,1.2496875781054736e-05,0.0004998750312421895,0.0,0.0,1.2496875781054736e-05,0.0,0.0,0.0,0.0,0.0,0.0,0.0,0.0,0.0,0.0,0.0,0.0,0.0,0.0,0.0,0.0,0.0,0.0,0.0,0.0,0.0,0.0,0.0,0.0,0.0,0.0,0.0,nan,nan,4.3916246607212095,3.0169778790299184,nan,0.9351977183768236,0.02378627950259959,0.0,0.0,0.0,0.0,0.0,0.0,0.0,0.0,0.0,0.0,0.0,0.0,0.0,0.0,0.0,0.0,0.0,0.0,0.0,0.0,0.0,0.0,0.0,0.0,0.0,0.028929604628736748,2.0395371263259405,12.251687560270014,12.757955641272906,2.921890067502411,0.935102879011266,0.023619902251361086,0.0,0.0,0.0,0.0,0.0,0.0,0.0,0.0,0.0,0.0,0.0,0.0,0.0,0.0,0.0,0.0,0.0,0.0,0.0,0.0,0.0,0.0,0.0,0.0,0.0,0.04670472236637261,1.8214841722885318,12.485729112610278,12.890503373118841,2.7555786196159837,0.387,0.02185,0.0,0.0,0.0,0.0,0.0,0.0,0.0,0.0,0.0,0.1591128254580521,5.207328833172614,16.316297010607496,7.73866923818708,0.5641272902603666,0.014464802314368374,0.0,0.0,0.0,0.0,0.0,0.0,0.0,0.0,0.0,0.0,0.0,0.0,0.0,0.0,0.0,0.386,0.02136,0.0,0.0,0.0,0.0,0.0,0.0,0.0,0.0,0.0,0.18681888946549044,5.324338349766477,16.8292682926829,7.2080954852101735,0.45147898287493526,0.0,0.0,0.0,0.0,0.0,0.0,0.0,0.0,0.0,0.0,0.0,0.0,0.0,0.0,0.0,0.0
10200,4397,2274,0.5171707982715488,1005,902,0.4337047987264044,1258,0.5722083238571753,0.40199999999999997,2.97362223268959,3.052262841348325,6.487479131886477,2.10796093923745,9328.952399550282,1426.1623180761426,7853.0,10760.920559883118,10706.897405814685,17.463250638933218,7853.0,0.0,27.525130770980216,20.813938364932856,32.80477759472817,18.97457905807244,0.14896520354787354,0.10302478962929269,0.09233568342051399,0.07891744371162156,0.08028201046167842,0.07505117125312713,0.073231748919718,0.060268364794177846,0.05822151466909256,0.05162610871048442,0.046850125085285424,0.04002729133500114,0.03206731862633614,0.02569934045940414,0.020241073459176712,0.007732544916988856,0.005458267000227428,0.9351469077574873,0.02330033243036159,0.0,0.0,0.0,0.0,0.0,0.0,0.0,0.0,0.0,0.0,0.0,0.0,0.0,0.0,0.0,0.0,0.0,0.0,0.0,0.0,0.0,0.0,0.0,0.0,0.0,0.03411416875142143,2.1082556288378442,11.796679554241532,13.522856493063456,2.5380941551057545,4.3297452457839976,2.861217866257867,nan,nan,nan,4.26226012793177,2.8718452934192276,4.400290065264684,2.848996348088945,1.0323842124107738,0.3857,0.02124,0.0,0.0,0.0,0.0,0.0,0.0,0.0,0.0,0.0,0.1501023425062543,5.294518990220606,17.002501705708415,7.157152604048217,0.3957243575164886,0.0,0.0,0.0,0.0,0.0,0.0,0.0,0.0,0.0,0.0,0.0,0.0,0.0,0.0,0.0,0.0,nan,nan,4.3297452457839976,2.861217866257867,nan,0.386,0.1019,0.0,0.0,0.0,0.0,0.0,0.0,0.0,0.0,0.0,0.0,0.0,0.0,0.0,0.0,0.007869001591994542,0.0,0.001375938139640664,0.0017625653854901069,0.001614737320900614,0.0031953604730498067,0.0004434841937684785,0.0015010234250625427,0.02422105981350921,0.019615647032067317,0.023402319763475097,0.015840345690243347,0.02501705708437571,0.04537184443939049,0.007073004321128042,0.03277234478053218,0.01412326586308847,0.024641801228110074,0.04869229019786218,0.027302706390720945,0.056106436206504434,0.007334546281555606,0.07503979986354332,0.02859904480327496,0.02971344098248806,0.04979531498749147,0.03944735046622697,0.023766204230156924,0.03215828974300659,0.047157152604048215,0.030930179667955426,0.02644985217193541,0.021571526040482146,0.014634978394359791,0.03226063224926086,0.007880372981578348,0.015340004548555834,0.014202865590175119,0.015453718444393905,0.005219467818967478,0.009051626108710485,0.006686377075278599,0.020309301796679554,0.005503752558562656,0.015487832613145326,0.016170115988173753,0.00974528087332272,0.0010689106208778712,0.005117125312713214,0.008755969979531498,1.1371389583807141e-05,0.0021946781896747783,5.6856947919035704e-05,2.2742779167614282e-05,0.0005458267000227428,0.0,0.00037525585626563566,0.0,0.0,0.0,0.0,0.0,0.0,0.0,0.0,0.0,0.0,0.0,0.0,0.0,0.0,0.0,0.0,0.0,0.0,0.0,0.0,0.0,0.0,0.0,0.0,0.0,0.0,0.0,0.0,0.0,0.0,nan,nan,4.3297452457839976,2.861217866257867,nan,0.935361880897532,0.023445289712039328,0.0,0.0,0.0,0.0,0.0,0.0,0.0,0.0,0.0,0.0,0.0,0.0,0.0,0.0,0.0,0.0,0.0,0.0,0.0,0.0,0.0,0.0,0.0,0.0,0.0,0.01319261213720317,2.2427440633245386,11.662269129287601,13.469656992084436,2.612137203166227,0.9349166444883108,0.02314184294424858,0.0,0.0,0.0,0.0,0.0,0.0,0.0,0.0,0.0,0.0,0.0,0.0,0.0,0.0,0.0,0.0,0.0,0.0,0.0,0.0,0.0,0.0,0.0,0.0,0.0,0.056523787093735296,1.9642016015073014,11.940650023551582,13.579839849269904,2.458784738577485,0.3857,0.02135,0.0,0.0,0.0,0.0,0.0,0.0,0.0,0.0,0.0,0.17150395778364122,5.382585751978892,16.912928759894434,7.137203166226914,0.39577836411609507,0.0,0.0,0.0,0.0,0.0,0.0,0.0,0.0,0.0,0.0,0.0,0.0,0.0,0.0,0.0,0.0,0.386,0.02112,0.0,0.0,0.0,0.0,0.0,0.0,0.0,0.0,0.0,0.1271785209609044,5.200188412623647,17.098445595854898,7.1785209609043825,0.3956665096561471,0.0,0.0,0.0,0.0,0.0,0.0,0.0,0.0,0.0,0.0,0.0,0.0,0.0,0.0,0.0,0.0
10300,4387,2273,0.5181217232733075,1102,895,0.45520857077729654,1226,0.5589240939138364,0.418,3.051087984862819,3.212181351338357,6.951134380453752,2.1295853977324053,9331.248905495437,1425.6665870040802,7853.0,10783.432344198227,10706.09192626858,17.846830284407762,7853.0,0.0,27.463414634146343,20.63786158401743,32.53019950806231,18.85082919655652,0.1477091406428083,0.09550945976749488,0.09573740597219056,0.08525188055618874,0.08092090266697059,0.07681787098244815,0.07157510827444723,0.06747207658992478,0.05767038978801003,0.04969227262366081,0.04285388648279006,0.038750854798267606,0.03214041486209255,0.024390243902439025,0.01618418053339412,0.012309095053567358,0.00501481650330522,0.9349551961583376,0.023354734821630085,0.0,0.0,0.0,0.0,0.0,0.0,0.0,0.0,0.0,0.0,0.0,0.0,0.0,0.0,0.0,0.0,0.0,0.0,0.0,0.0,0.0,0.0,0.0,0.0,0.0,0.027353544563483025,1.9147481194438116,12.452701162525647,12.904034647823117,2.7011625256439484,4.367021276595745,3.013982367029901,nan,nan,nan,4.378777231201687,2.975283409188286,4.35243553008596,3.05238430446081,0.9939842335599938,0.385,0.02101,0.0,0.0,0.0,0.0,0.0,0.0,0.0,0.0,0.0,0.16412126738089813,5.559607932527924,17.109642124458606,6.899931616138593,0.2666970594939595,0.0,0.0,0.0,0.0,0.0,0.0,0.0,0.0,0.0,0.0,0.0,0.0,0.0,0.0,0.0,0.0,nan,nan,4.367021276595745,3.013982367029901,nan,0.385,0.1012,0.0,0.0,0.0,0.0,0.0,0.0,0.0,0.0,0.0,0.0,0.0,0.0,0.0,0.0,0.007761568269888306,1.1397310234784591e-05,0.0010143606108958287,0.0020515158422612263,0.0018577615682698883,0.0031342603145657626,0.0005128789605653066,0.0019717346706177342,0.02353544563483018,0.01896512423068156,0.024356051971734672,0.01700478687029861,0.023945748803282426,0.04487121039434693,0.007282881240027354,0.03266469113289264,0.01504444950991566,0.023717802598586732,0.05132208798723501,0.029006154547526784,0.05348757693184408,0.007567813995896969,0.0744814223843173,0.028584454068839756,0.03011169364030089,0.050706633234556646,0.03864827900615455,0.02256667426487349,0.03285844540688398,0.04920218828356508,0.033610667882379756,0.025529974925917482,0.021791657168908136,0.016503305219968088,0.031080465010257578,0.0069181673125142465,0.014428994757237293,0.012730795532254388,0.015352176886254844,0.005482106222931388,0.008661955778436288,0.0061317529063141096,0.01980852518805562,0.0051857761568269885,0.01576248005470709,0.016275359015272394,0.00906086163665375,0.0005926601322087988,0.006291315249601094,0.00792113061317529,0.0,0.0016981992249829041,9.117848187827673e-05,3.4191930704353773e-05,0.0005128789605653066,0.0,0.0002963300661043994,0.0,0.0,0.0,0.0,0.0,0.0,0.0,0.0,0.0,0.0,0.0,0.0,0.0,0.0,0.0,0.0,0.0,0.0,0.0,0.0,0.0,0.0,0.0,0.0,0.0,0.0,0.0,0.0,0.0,0.0,nan,nan,4.367021276595745,3.013982367029901,nan,0.9347214793980619,0.02357939078390361,0.0,0.0,0.0,0.0,0.0,0.0,0.0,0.0,0.0,0.0,0.0,0.0,0.0,0.0,0.0,0.0,0.0,0.0,0.0,0.0,0.0,0.0,0.0,0.0,0.0,0.026396832380114393,2.098548174219094,12.28772547294325,12.921249450065995,2.6660800703915535,0.9352064914261269,0.023108108520633115,0.0,0.0,0.0,0.0,0.0,0.0,0.0,0.0,0.0,0.0,0.0,0.0,0.0,0.0,0.0,0.0,0.0,0.0,0.0,0.0,0.0,0.0,0.0,0.0,0.0,0.028382213812677394,1.7171239356669825,12.630085146641441,12.885525070955538,2.7388836329233683,0.385,0.0212,0.0,0.0,0.0,0.0,0.0,0.0,0.0,0.0,0.0,0.21117465904091515,5.450945886493622,17.223933128024612,6.823581170259571,0.2903651561812583,0.0,0.0,0.0,0.0,0.0,0.0,0.0,0.0,0.0,0.0,0.0,0.0,0.0,0.0,0.0,0.0,0.385,0.02081,0.0,0.0,0.0,0.0,0.0,0.0,0.0,0.0,0.0,0.11352885525070958,5.676442762535479,16.986754966887393,6.982024597918639,0.24124881740775786,0.0,0.0,0.0,0.0,0.0,0.0,0.0,0.0,0.0,0.0,0.0,0.0,0.0,0.0,0.0,0.0
10400,4155,2171,0.522503008423586,1023,834,0.4469314079422383,1144,0.550661853188929,0.414,2.9994959677419355,3.1211265910828394,6.552631578947368,2.1377644712272135,9343.302288506464,1424.7316471750526,7853.0,10771.613015174866,10705.236761282524,17.83518007128192,7853.0,0.0,28.27797833935018,21.03686486903842,33.05602957906712,19.338402807460792,0.13574007220216608,0.09891696750902527,0.0950661853188929,0.08808664259927798,0.08134777376654632,0.06762936221419975,0.06594464500601685,0.06859205776173286,0.05872442839951865,0.05246690734055355,0.049819494584837545,0.039470517448856796,0.03417569193742479,0.02454873646209386,0.020216606498194945,0.01058965102286402,0.008664259927797834,0.9339238561160872,0.023405481290496216,0.0,0.0,0.0,0.0,0.0,0.0,0.0,0.0,0.0,0.0,0.0,0.0,0.0,0.0,0.0,0.0,0.0,0.0,0.0,0.0,0.0,0.0,0.0,0.0,0.0,0.06498194945848376,2.209386281588448,12.664259927797838,12.577617328519858,2.4837545126353797,4.205784204671858,2.9028765965536842,nan,nan,nan,4.196536144578313,2.8677822003585924,4.215643274853801,2.9373807346596235,1.004553071775677,0.3843,0.02191,0.0,0.0,0.0,0.0,0.0,0.0,0.0,0.0,0.0,0.24548736462093868,6.043321299638991,16.635379061371818,6.657039711191337,0.41877256317689543,0.0,0.0,0.0,0.0,0.0,0.0,0.0,0.0,0.0,0.0,0.0,0.0,0.0,0.0,0.0,0.0,nan,nan,4.205784204671858,2.9028765965536842,nan,0.3843,0.1009,0.0,0.0,0.0,0.0,0.0,0.0,0.0,0.0,0.0,0.0,0.0,0.0,0.0,0.0,0.008038507821901323,0.0,0.0010589651022864018,0.002045728038507822,0.0020216606498194944,0.002900120336943442,0.0009265944645006017,0.001937424789410349,0.02388688327316486,0.01971119133574007,0.0257280385078219,0.015740072202166066,0.022587244283995188,0.044681107099879665,0.007605294825511432,0.02993983152827918,0.016690734055354994,0.023646209386281588,0.05279181708784597,0.028098676293622143,0.05184115523465704,0.008965102286401926,0.07368231046931407,0.03126353790613719,0.029578820697954273,0.05061371841155235,0.04070998796630566,0.022226233453670276,0.03036101083032491,0.049831528279181705,0.036341756919374246,0.025342960288808666,0.023670276774969915,0.016269554753309264,0.0298676293622142,0.007581227436823105,0.015030084235860408,0.012575210589651022,0.013935018050541516,0.004825511432009627,0.008158844765342961,0.005776173285198556,0.019747292418772565,0.005138387484957882,0.014187725631768953,0.015126353790613719,0.009229843561973526,0.0008904933814681107,0.006173285198555957,0.008628158844765343,0.0,0.0015403128760529483,6.016847172081829e-05,0.0,0.0005415162454873646,0.0,0.0002527075812274368,0.0,0.0,0.0,0.0,0.0,0.0,0.0,0.0,0.0,0.0,0.0,0.0,0.0,0.0,0.0,0.0,0.0,0.0,0.0,0.0,0.0,0.0,0.0,0.0,0.0,0.0,0.0,0.0,0.0,0.0,nan,nan,4.205784204671858,2.9028765965536842,nan,0.933715007125041,0.0235069848609957,0.0,0.0,0.0,0.0,0.0,0.0,0.0,0.0,0.0,0.0,0.0,0.0,0.0,0.0,0.0,0.0,0.0,0.0,0.0,0.0,0.0,0.0,0.0,0.0,0.0,0.06909258406264396,2.238599723629664,12.782128051589133,12.450483648088442,2.4596959926301247,0.9341523899666725,0.023291758147645218,0.0,0.0,0.0,0.0,0.0,0.0,0.0,0.0,0.0,0.0,0.0,0.0,0.0,0.0,0.0,0.0,0.0,0.0,0.0,0.0,0.0,0.0,0.0,0.0,0.0,0.06048387096774195,2.17741935483871,12.53528225806452,12.716733870967746,2.510080645161291,0.3843,0.02197,0.0,0.0,0.0,0.0,0.0,0.0,0.0,0.0,0.0,0.24873330262551824,6.06632888070014,16.58222017503452,6.63288807001382,0.46982957162597894,0.0,0.0,0.0,0.0,0.0,0.0,0.0,0.0,0.0,0.0,0.0,0.0,0.0,0.0,0.0,0.0,0.3843,0.02182,0.0,0.0,0.0,0.0,0.0,0.0,0.0,0.0,0.0,0.2419354838709678,6.018145161290324,16.693548387096747,6.683467741935486,0.3629032258064517,0.0,0.0,0.0,0.0,0.0,0.0,0.0,0.0,0.0,0.0,0.0,0.0,0.0,0.0,0.0,0.0
10500,4216,2177,0.5163662239089184,1015,850,0.44236242884250476,1178,0.5588235294117647,0.422,3.049043648847474,3.145880608650291,6.579564489112228,2.1739552783748377,9325.915055838663,1425.5237034169654,7853.0,10773.485304355621,10705.462046585119,17.728627842775236,7853.0,0.0,28.18595825426945,21.006065632138515,33.04246344206974,19.2846374279011,0.13638519924098672,0.10270398481973435,0.09653700189753321,0.08088235294117647,0.075426944971537,0.07400379506641366,0.07281783681214421,0.06000948766603416,0.06214421252371916,0.05479127134724858,0.0472011385199241,0.03913662239089184,0.033444022770398485,0.027277039848197345,0.019924098671726755,0.009724857685009488,0.007590132827324478,0.9332896717585468,0.023289519913136023,0.0,0.0,0.0,0.0,0.0,0.0,0.0,0.0,0.0,0.0,0.0,0.0,0.0,0.0,0.0,0.0,0.0,0.0,0.0,0.0,0.0,0.0,0.0,0.0,0.0,0.07115749525616699,2.24146110056926,12.886622390891844,12.545066413662243,2.255692599620494,4.375046142488003,2.9295249312957083,nan,nan,nan,4.429098966026588,2.9638009924005226,4.321033210332104,2.8938604756918767,0.9756009616124175,0.3855,0.0215,0.0,0.0,0.0,0.0,0.0,0.0,0.0,0.0,0.0,0.213472485768501,5.528937381404176,16.778937381404152,7.05170777988615,0.426944971537002,0.0,0.0,0.0,0.0,0.0,0.0,0.0,0.0,0.0,0.0,0.0,0.0,0.0,0.0,0.0,0.0,nan,nan,4.375046142488003,2.9295249312957083,nan,0.3855,0.1017,0.0,0.0,0.0,0.0,0.0,0.0,0.0,0.0,0.0,0.0,1.1859582542694497e-05,0.0,0.0,0.0,0.008361005692599621,0.0,0.001316413662239089,0.0021703036053130928,0.001933111954459203,0.003261385199240987,0.0007827324478178368,0.0012926944971537002,0.023849620493358634,0.020208728652751425,0.02526091081593928,0.014397533206831119,0.02223671726755218,0.04480550284629981,0.0088353889943074,0.027644686907020873,0.017054079696394688,0.023161764705882354,0.05113851992409867,0.030206356736242883,0.050462523719165084,0.008645635673624289,0.07212998102466793,0.02922201138519924,0.030633301707779885,0.051340132827324476,0.04392789373814042,0.021762333965844403,0.030834914611005692,0.05119781783681215,0.03442836812144213,0.025830170777988614,0.02338709677419355,0.016971062618595826,0.028237666034155597,0.00743595825426945,0.015227703984819735,0.011954459203036054,0.013958728652751422,0.0049573055028463,0.00957068311195446,0.006404174573055028,0.018975332068311195,0.005348671726755218,0.013946869070208728,0.01532258064516129,0.009606261859582542,0.0007708728652751424,0.006890417457305503,0.010092504743833016,9.487666034155598e-05,0.001411290322580645,4.743833017077799e-05,0.0,0.0006878557874762808,0.0,0.0003557874762808349,0.0,0.0,0.0,0.0,0.0,0.0,0.0,0.0,0.0,0.0,0.0,0.0,0.0,0.0,0.0,0.0,0.0,0.0,0.0,0.0,0.0,0.0,0.0,0.0,0.0,0.0,0.0,0.0,0.0,0.0,nan,nan,4.375046142488003,2.9295249312957083,nan,0.9336019443929003,0.023156654241162422,0.0,0.0,0.0,0.0,0.0,0.0,0.0,0.0,0.0,0.0,0.0,0.0,0.0,0.0,0.0,0.0,0.0,0.0,0.0,0.0,0.0,0.0,0.0,0.0,0.0,0.06890215893431328,2.0395039044556733,12.967386311437762,12.581534221405608,2.3426734037666517,0.9329562644387882,0.02342595200085998,0.0,0.0,0.0,0.0,0.0,0.0,0.0,0.0,0.0,0.0,0.0,0.0,0.0,0.0,0.0,0.0,0.0,0.0,0.0,0.0,0.0,0.0,0.0,0.0,0.0,0.07356547327121139,2.4570868072584604,12.800392349190783,12.506130456105938,2.162824914173615,0.385,0.02147,0.0,0.0,0.0,0.0,0.0,0.0,0.0,0.0,0.0,0.22048690858980252,5.760220486908591,16.88102893890673,6.711070280202114,0.42719338539274243,0.0,0.0,0.0,0.0,0.0,0.0,0.0,0.0,0.0,0.0,0.0,0.0,0.0,0.0,0.0,0.0,0.386,0.0215,0.0,0.0,0.0,0.0,0.0,0.0,0.0,0.0,0.0,0.2059833251593919,5.2820009808729775,16.669936243256473,7.415399705738109,0.42667974497302613,0.0,0.0,0.0,0.0,0.0,0.0,0.0,0.0,0.0,0.0,0.0,0.0,0.0,0.0,0.0,0.0
10600,4255,2259,0.5309048178613396,1114,857,0.46321974148061107,1179,0.554171562867215,0.434,3.001002004008016,3.082856956139878,6.5630550621669625,2.118392577922536,9367.295534278082,1423.4785809099278,7853.0,10769.91038775444,10705.291942608785,17.856650568665806,7853.0,0.0,28.09400705052879,20.815130519928104,33.17069062324537,18.93978326852188,0.14242068155111634,0.09541715628672151,0.08836662749706228,0.08343125734430082,0.08202115158636898,0.07802585193889541,0.0745005875440658,0.06251468860164512,0.05781433607520564,0.05123384253819036,0.047708578143360755,0.03971797884841363,0.03971797884841363,0.026792009400705055,0.012925969447708578,0.010340775558166862,0.007050528789659225,0.9337061183713158,0.02336803351421021,0.0,0.0,0.0,0.0,0.0,0.0,0.0,0.0,0.0,0.0,0.0,0.0,0.0,0.0,0.0,0.0,0.0,0.0,0.0,0.0,0.0,0.0,0.0,0.0,0.0,0.049353701527614584,2.09400705052879,12.916568742655702,12.430082256169216,2.5099882491186842,4.114876917588298,2.9028145600081694,nan,nan,nan,4.128407460545193,2.9072233624243804,4.104403409090909,2.897350462214999,0.9941856389700657,0.3843,0.0219,0.0,0.0,0.0,0.0,0.0,0.0,0.0,0.0,0.0,0.21856639247943602,6.211515863689779,16.434782608695627,6.733254994124561,0.4018801410105759,0.0,0.0,0.0,0.0,0.0,0.0,0.0,0.0,0.0,0.0,0.0,0.0,0.0,0.0,0.0,0.0,nan,nan,4.114876917588298,2.9028145600081694,nan,0.3843,0.10114,0.0,0.0,0.0,0.0,0.0,0.0,0.0,0.0,0.0,0.0,0.0,0.0,0.0,0.0,0.008049353701527614,0.0,0.0013396004700352527,0.002044653349001175,0.0021151586368977674,0.0029494712103407756,0.0009283196239717979,0.0018566392479435958,0.023572267920094005,0.023207990599294948,0.025781433607520565,0.014712103407755582,0.020669800235017625,0.0426909518213866,0.009717978848413631,0.026698002350176265,0.018495887191539367,0.022702702702702703,0.05031727379553467,0.03225616921269095,0.05318448883666275,0.008789659224441833,0.07380728554641598,0.028401880141010576,0.029142185663924795,0.05098707403055229,0.044535840188014104,0.021504112808460634,0.029212690951821385,0.05336075205640423,0.03393654524089307,0.02743830787309048,0.023877790834312573,0.01618096357226792,0.028672150411280847,0.007708578143360752,0.01500587544065805,0.01064629847238543,0.014559341950646298,0.0038307873090481785,0.008672150411280846,0.0062749706227967095,0.015981198589894243,0.0058049353701527615,0.014512338425381903,0.014817861339600471,0.00855464159811986,0.0005170387779083431,0.007074030552291422,0.009882491186839013,0.00018801410105757932,0.0012925969447708577,2.3501762632197415e-05,0.0,0.0009518213866039953,0.0,0.0005287896592244418,3.525264394829612e-05,0.0,0.0,0.0,0.0,0.0,0.0,0.0,0.0,0.0,0.0,0.0,0.0,0.0,0.0,0.0,0.0,0.0,0.0,0.0,0.0,0.0,0.0,0.0,0.0,0.0,0.0,0.0,0.0,0.0,nan,nan,4.114876917588298,2.9028145600081694,nan,0.9341963971278582,0.023290815184272413,0.0,0.0,0.0,0.0,0.0,0.0,0.0,0.0,0.0,0.0,0.0,0.0,0.0,0.0,0.0,0.0,0.0,0.0,0.0,0.0,0.0,0.0,0.0,0.0,0.0,0.013280212483399738,2.03187250996016,12.802124833997347,12.563081009296152,2.5896414342629486,0.9331512387565716,0.023442753781344,0.0,0.0,0.0,0.0,0.0,0.0,0.0,0.0,0.0,0.0,0.0,0.0,0.0,0.0,0.0,0.0,0.0,0.0,0.0,0.0,0.0,0.0,0.0,0.0,0.0,0.0901803607214429,2.1643286573146296,13.04609218436874,12.279559118236476,2.419839679358718,0.384,0.02226,0.0,0.0,0.0,0.0,0.0,0.0,0.0,0.0,0.0,0.252324037184595,6.520584329349271,16.095617529880457,6.706507304116868,0.4249667994687916,0.0,0.0,0.0,0.0,0.0,0.0,0.0,0.0,0.0,0.0,0.0,0.0,0.0,0.0,0.0,0.0,0.3845,0.02147,0.0,0.0,0.0,0.0,0.0,0.0,0.0,0.0,0.0,0.1803607214428858,5.861723446893788,16.818637274549072,6.763527054108218,0.37575150300601207,0.0,0.0,0.0,0.0,0.0,0.0,0.0,0.0,0.0,0.0,0.0,0.0,0.0,0.0,0.0,0.0
10700,4587,2350,0.5123174187922389,1108,937,0.44582515805537387,1313,0.5724874645737955,0.40599999999999997,3.0433616450603487,3.159646794797128,6.808917197452229,2.013121788936969,9314.360834838208,1425.852066323418,7853.0,10779.271767616272,10705.4519784693,18.10861098746431,7853.0,0.0,27.827774144320905,20.61854673576918,32.808892355694226,18.784422629149763,0.14301286243732286,0.09505123174187922,0.09330717244386309,0.0880749945498147,0.07957270547198604,0.07521255722694571,0.06365816437758884,0.06910834968388925,0.06256812731632876,0.05014170481796381,0.047307608458687596,0.0446915195116634,0.03248310442555047,0.02659690429474602,0.01526051885764116,0.010028340963592761,0.003924133420536298,0.9328899068694139,0.023333442302408428,0.0,0.0,0.0,0.0,0.0,0.0,0.0,0.0,0.0,0.0,0.0,0.0,0.0,0.0,0.0,0.0,0.0,0.0,0.0,0.0,0.0,0.0,0.0,0.0,0.0,0.09156311314584699,2.2956180510137347,12.72073250490517,12.766514061478093,2.125572269457162,4.388135593220339,2.9220717485456063,nan,nan,nan,4.42828418230563,2.9772738857139243,4.346602608098833,2.864830129310966,0.9815545771580838,0.385,0.02211,0.0,0.0,0.0,0.0,0.0,0.0,0.0,0.0,0.0,0.2681491170699804,5.853499018966646,16.429038587311947,6.926095487246568,0.5101373446697188,0.013080444735120997,0.0,0.0,0.0,0.0,0.0,0.0,0.0,0.0,0.0,0.0,0.0,0.0,0.0,0.0,0.0,nan,nan,4.388135593220339,2.9220717485456063,nan,0.385,0.10065,0.0,0.0,0.0,0.0,0.0,0.0,0.0,0.0,0.0,0.0,0.0,0.0,0.0,5.450185306300414e-05,0.007270547198604753,1.0900370612600829e-05,0.001395247438412906,0.0024852844996729887,0.0025397863527359932,0.002081970787006758,0.0010900370612600828,0.0013189448441247003,0.02315238718116416,0.022650970132984522,0.026640505777196424,0.012731632875517767,0.02078700675822978,0.04202092871157619,0.009766732068890342,0.02777414432090691,0.01882494004796163,0.023065184216263353,0.050174405929801616,0.03229779812513626,0.05334641377806845,0.008469587965990844,0.07086330935251799,0.029954218443427078,0.027414432090691082,0.05170045781556573,0.04445171135818618,0.020318290821887946,0.030575539568345324,0.052190974493132765,0.037192064530194024,0.02804665358622193,0.022781774580335732,0.017015478526269893,0.03063004142140833,0.008807499454981469,0.016132548506649226,0.010551558752997603,0.016099847394811424,0.002866797471114018,0.0077937649880095924,0.0069326357096141265,0.014824504033137127,0.004861565293219969,0.012949640287769784,0.014715500327011119,0.0092108131676477,0.000446915195116634,0.008120776106387617,0.00947242206235012,0.00021800741225201656,0.0016023544800523217,0.0,0.0,0.0007739263134946588,0.0,0.0004905166775670373,4.3601482450403315e-05,0.0,0.0,0.0,0.0,0.0,0.0,0.0,0.0,0.0,0.0,0.0,0.0,0.0,0.0,0.0,0.0,0.0,0.0,0.0,0.0,0.0,0.0,0.0,0.0,0.0,0.0,0.0,0.0,0.0,nan,nan,4.388135593220339,2.9220717485456063,nan,0.9334258239827258,0.02321896383608039,0.0,0.0,0.0,0.0,0.0,0.0,0.0,0.0,0.0,0.0,0.0,0.0,0.0,0.0,0.0,0.0,0.0,0.0,0.0,0.0,0.0,0.0,0.0,0.0,0.0,0.07659574468085108,2.131914893617022,12.71489361702128,12.919148936170215,2.1574468085106386,0.9323269183954385,0.02343990846033368,0.0,0.0,0.0,0.0,0.0,0.0,0.0,0.0,0.0,0.0,0.0,0.0,0.0,0.0,0.0,0.0,0.0,0.0,0.0,0.0,0.0,0.0,0.0,0.0,0.0,0.10728654447921326,2.467590523021905,12.726866338846673,12.606168976307558,2.0920876173446583,0.385,0.02238,0.0,0.0,0.0,0.0,0.0,0.0,0.0,0.0,0.0,0.24255319148936175,6.0510638297872354,15.855319148936148,7.327659574468087,0.497872340425532,0.025531914893617027,0.0,0.0,0.0,0.0,0.0,0.0,0.0,0.0,0.0,0.0,0.0,0.0,0.0,0.0,0.0,0.3848,0.02182,0.0,0.0,0.0,0.0,0.0,0.0,0.0,0.0,0.0,0.2950379973178364,5.645954403218598,17.031738936075076,6.504246759052304,0.5230219043361646,0.0,0.0,0.0,0.0,0.0,0.0,0.0,0.0,0.0,0.0,0.0,0.0,0.0,0.0,0.0,0.0
10800,4226,2225,0.5265026029342168,1038,843,0.44510175106483674,1164,0.5508755324183625,0.426,3.0409795102448776,3.096534446327267,6.48135593220339,2.0794779801484884,9354.1856820677,1423.6743862080248,7853.0,10766.657128453255,10704.240760637347,17.724448619879894,7853.0,0.0,28.43208707998107,21.06219245509847,33.28387458006719,19.29162760437613,0.13724562233790819,0.10033128253667771,0.0866067203028869,0.08849976336961665,0.07643161381921439,0.0743019403691434,0.07122574538570753,0.061997160435399906,0.06152389966871746,0.05679129200189304,0.04519640321817321,0.03951727401798391,0.03454803596781827,0.029105537150970185,0.017510648367250355,0.010411736867013724,0.008755324183625178,0.9332066433750167,0.023501994426462038,0.0,0.0,0.0,0.0,0.0,0.0,0.0,0.0,0.0,0.0,0.0,0.0,0.0,0.0,0.0,0.0,0.0,0.0,0.0,0.0,0.0,0.0,0.0,0.0,0.0,0.04259346900141979,2.3710364410790348,12.543776620918129,12.643161381921443,2.3994320870799815,4.295636363636364,2.915578697359388,nan,nan,nan,4.231654676258993,2.9239038644950464,4.361029411764706,2.905589764830522,1.0305730843850631,0.384,0.02205,0.0,0.0,0.0,0.0,0.0,0.0,0.0,0.0,0.0,0.2981542830099385,6.452910553715099,16.327496450544224,6.538097491717938,0.3762423095125415,0.007098911500236632,0.0,0.0,0.0,0.0,0.0,0.0,0.0,0.0,0.0,0.0,0.0,0.0,0.0,0.0,0.0,nan,nan,4.295636363636364,2.915578697359388,nan,0.384,0.1002,0.0,0.0,0.0,0.0,0.0,0.0,0.0,0.0,0.0,0.0,0.0,0.0,0.0,0.0,0.006460009465215333,0.0,0.001419782300047326,0.0031590156176053005,0.0023071462375769047,0.0022834831992427826,0.0012778040700425935,0.0013132986275437766,0.025248461902508283,0.023615712257453857,0.026301467108376716,0.01441079034548036,0.022089446284902982,0.042652626597255085,0.010790345480359679,0.026325130146710837,0.01667061050638902,0.020669663984855657,0.050402271651680076,0.03118788452437293,0.054661618551822055,0.00845953620444865,0.07042120208234737,0.02961429247515381,0.02613582584003786,0.050390440132513016,0.04636772361571226,0.02171083767155703,0.029815428300993846,0.051443445338381445,0.0373639375295788,0.02904637955513488,0.022373402744912448,0.017841930903928063,0.03309275911026976,0.008909133932796971,0.01585423568386181,0.010967818267865593,0.015617605300520587,0.002792238523426408,0.008305726455276857,0.006116895409370563,0.015061523899668718,0.004626123994320871,0.011890676762896357,0.01384287742546143,0.008199242782773309,0.0006270705158542357,0.008069096071935636,0.009039280643634642,0.000236630383341221,0.001597255087553242,0.0,0.0,0.00040227165168007573,1.183151916706105e-05,0.00043776620918125887,7.098911500236631e-05,0.0,0.0,0.0,0.0,0.0,0.0,0.0,0.0,0.0,0.0,0.0,0.0,0.0,0.0,0.0,0.0,0.0,0.0,0.0,0.0,0.0,0.0,0.0,0.0,0.0,0.0,0.0,0.0,0.0,nan,nan,4.295636363636364,2.915578697359388,nan,0.9324704432219602,0.02359255285576193,0.0,0.0,0.0,0.0,0.0,0.0,0.0,0.0,0.0,0.0,0.0,0.0,0.0,0.0,0.0,0.0,0.0,0.0,0.0,0.0,0.0,0.0,0.0,0.0,0.0,0.053932584269662937,2.5348314606741575,12.916853932584273,12.296629213483149,2.1977528089887644,0.9340252567386103,0.02337367585247244,0.0,0.0,0.0,0.0,0.0,0.0,0.0,0.0,0.0,0.0,0.0,0.0,0.0,0.0,0.0,0.0,0.0,0.0,0.0,0.0,0.0,0.0,0.0,0.0,0.0,0.02998500749625188,2.1889055472263874,12.128935532233886,13.028485757121443,2.6236881559220393,0.3838,0.02223,0.0,0.0,0.0,0.0,0.0,0.0,0.0,0.0,0.0,0.404494382022472,6.2292134831460695,16.422471910112336,6.5393258426966305,0.39101123595505627,0.013483146067415734,0.0,0.0,0.0,0.0,0.0,0.0,0.0,0.0,0.0,0.0,0.0,0.0,0.0,0.0,0.0,0.384,0.02185,0.0,0.0,0.0,0.0,0.0,0.0,0.0,0.0,0.0,0.17991004497751129,6.701649175412296,16.22188905547224,6.53673163418291,0.35982008995502257,0.0,0.0,0.0,0.0,0.0,0.0,0.0,0.0,0.0,0.0,0.0,0.0,0.0,0.0,0.0,0.0
10900,4480,2264,0.5053571428571428,1093,942,0.45424107142857145,1286,0.5741071428571428,0.41,2.911552346570397,3.104575075414409,6.648241206030151,2.2424750972051277,9294.426016058187,1426.119118437359,7853.0,10773.460208415985,10705.291763224683,17.634113179603922,7853.0,0.0,27.88236607142857,20.75316782466833,32.747745358090185,19.02175988251339,0.13705357142857144,0.09821428571428571,0.09486607142857142,0.08883928571428572,0.08035714285714286,0.07901785714285714,0.07053571428571428,0.06316964285714285,0.052455357142857144,0.05580357142857143,0.04776785714285714,0.04151785714285714,0.029910714285714287,0.024553571428571428,0.018526785714285714,0.011160714285714286,0.00625,0.9330558673877801,0.023293262014692655,0.0,0.0,0.0,0.0,0.0,0.0,0.0,0.0,0.0,0.0,0.0,0.0,0.0,0.0,0.0,0.0,0.0,0.0,0.0,0.0,0.0,0.0,0.0,0.0,0.0,0.04017857142857143,2.5178571428571432,12.441964285714288,12.823660714285717,2.176339285714286,4.282235939643347,2.9068010585975603,nan,nan,nan,4.3561736770692,2.9599324339003994,4.206657420249654,2.849485449908642,0.9656771589235305,0.3853,0.02223,0.0,0.0,0.0,0.0,0.0,0.0,0.0,0.0,0.0,0.26116071428571436,5.725446428571431,16.38616071428569,7.104910714285716,0.5223214285714287,0.0,0.0,0.0,0.0,0.0,0.0,0.0,0.0,0.0,0.0,0.0,0.0,0.0,0.0,0.0,0.0,nan,nan,4.282235939643347,2.9068010585975603,nan,0.3853,0.10095,0.0,0.0,0.0,0.0,0.0,0.0,0.0,0.0,0.0,0.0,0.0,0.0,0.0,0.0,0.007098214285714286,2.232142857142857e-05,0.0015178571428571428,0.0034263392857142856,0.002924107142857143,0.002332589285714286,0.0014174107142857144,0.0014508928571428572,0.02388392857142857,0.022633928571428572,0.025424107142857144,0.013314732142857142,0.023258928571428573,0.04244419642857143,0.009866071428571429,0.02416294642857143,0.016305803571428572,0.020457589285714287,0.04963169642857143,0.03154017857142857,0.05354910714285714,0.009899553571428571,0.07052455357142857,0.03026785714285714,0.025345982142857142,0.05029017857142857,0.045334821428571426,0.024587053571428572,0.02984375,0.048214285714285716,0.04021205357142857,0.030290178571428572,0.021462053571428573,0.019732142857142858,0.032935267857142854,0.008549107142857143,0.016941964285714286,0.009698660714285713,0.014676339285714286,0.0028459821428571427,0.007544642857142857,0.006395089285714286,0.016183035714285716,0.004441964285714286,0.01130580357142857,0.015,0.00875,0.0009040178571428571,0.008415178571428572,0.009698660714285713,0.00012276785714285715,0.0014397321428571428,0.0,0.0,0.0005691964285714286,8.928571428571429e-05,0.0006473214285714285,0.00017857142857142857,0.0,0.0,0.0,0.0,0.0,0.0,0.0,0.0,0.0,0.0,0.0,0.0,0.0,0.0,0.0,0.0,0.0,0.0,0.0,0.0,0.0,0.0,0.0,0.0,0.0,0.0,0.0,0.0,0.0,nan,nan,4.282235939643347,2.9068010585975603,nan,0.9330069603326042,0.023409987463019623,0.0,0.0,0.0,0.0,0.0,0.0,0.0,0.0,0.0,0.0,0.0,0.0,0.0,0.0,0.0,0.0,0.0,0.0,0.0,0.0,0.0,0.0,0.0,0.0,0.0,0.03975265017667845,2.5706713780918733,12.323321554770322,12.932862190812724,2.1333922261484104,0.9331058338015519,0.023173294437387998,0.0,0.0,0.0,0.0,0.0,0.0,0.0,0.0,0.0,0.0,0.0,0.0,0.0,0.0,0.0,0.0,0.0,0.0,0.0,0.0,0.0,0.0,0.0,0.0,0.0,0.040613718411552355,2.4638989169675094,12.563176895306862,12.712093862815887,2.2202166064981954,0.3853,0.0222,0.0,0.0,0.0,0.0,0.0,0.0,0.0,0.0,0.0,0.2517667844522969,5.75088339222615,16.23233215547701,7.287985865724384,0.47703180212014146,0.0,0.0,0.0,0.0,0.0,0.0,0.0,0.0,0.0,0.0,0.0,0.0,0.0,0.0,0.0,0.0,0.3853,0.02226,0.0,0.0,0.0,0.0,0.0,0.0,0.0,0.0,0.0,0.2707581227436824,5.699458483754515,16.543321299638965,6.9178700361010845,0.5685920577617329,0.0,0.0,0.0,0.0,0.0,0.0,0.0,0.0,0.0,0.0,0.0,0.0,0.0,0.0,0.0,0.0
11000,4487,2364,0.5268553599286828,1110,880,0.4435034544238912,1210,0.5393358591486517,0.43,2.9872821479039096,3.1509859553498134,6.723076923076923,2.205330938802246,9355.775584993184,1424.1712200913328,7853.0,10763.738305568695,10705.349428876654,17.26479324785936,7853.0,0.0,27.73657232003566,20.91448744924448,32.754928076718166,19.184635053028654,0.1419656786271451,0.10697570759973256,0.08602629819478494,0.09226654780476934,0.08268330733229329,0.06663695119233341,0.06997994205482505,0.06128816581234678,0.05816804100735458,0.056162246489859596,0.043904613327390235,0.04078448852239804,0.0343213728549142,0.023178069979942054,0.018497882772453754,0.010474704702473813,0.006685981724983285,0.9323852192805608,0.023630957268090114,0.0,0.0,0.0,0.0,0.0,0.0,0.0,0.0,0.0,0.0,0.0,0.0,0.0,0.0,0.0,0.0,0.0,0.0,0.0,0.0,0.0,0.0,0.0,0.0,0.0,0.05348785379986629,2.4671272565188325,13.004234455092492,12.155114776019616,2.3200356585692004,4.23264736658528,2.94738326102481,nan,nan,nan,4.250690607734807,2.9322458664654127,4.212976022566996,2.9633017790700547,0.9911274217184418,0.386,0.02153,0.0,0.0,0.0,0.0,0.0,0.0,0.0,0.0,0.0,0.1470915979496323,5.515934923111212,16.61466458658344,7.260976153331849,0.46133273902384675,0.0,0.0,0.0,0.0,0.0,0.0,0.0,0.0,0.0,0.0,0.0,0.0,0.0,0.0,0.0,0.0,nan,nan,4.23264736658528,2.94738326102481,nan,0.386,0.10046,0.0,0.0,0.0,0.0,0.0,0.0,0.0,0.0,0.0,0.0,0.0,0.0,0.0,0.0,0.0070202808112324495,1.1143302874972142e-05,0.0013483396478716292,0.001961221305995097,0.0028861154446177847,0.0021729440606195675,0.0006685981724983285,0.001493202585246267,0.022609761533318475,0.022197459326944505,0.024069534209939826,0.013806552262090484,0.024047247604189883,0.04176509917539559,0.010430131490973925,0.025930465790060173,0.016982393581457544,0.020225094718074436,0.04830621796300424,0.033218185870291954,0.05054602184087364,0.010697570759973256,0.07275462447069311,0.03179184310229552,0.024849565411187876,0.05152663249387118,0.04492979719188767,0.02450412302206374,0.027969690216180076,0.04900824604412748,0.039781591263650544,0.02980833519055048,0.021105415645197235,0.020202808112324493,0.03259416090929351,0.009839536438600402,0.01795186093158012,0.009304657900601738,0.014319144194339202,0.0032761310452418097,0.008145754401604635,0.005683084466235792,0.01601292623133497,0.00436817472698908,0.012045910407844885,0.015600624024960999,0.008546913305103633,0.0012369066191219077,0.0071651437486070875,0.009349231112101626,0.00016714954312458213,0.00187207488299532,0.0,3.3429908624916424e-05,0.000546021840873635,6.685981724983285e-05,0.0010697570759973256,0.00017829284599955427,0.0,0.0,0.0,0.0,0.0,0.0,0.0,0.0,0.0,0.0,0.0,0.0,0.0,0.0,0.0,0.0,0.0,0.0,0.0,0.0,0.0,0.0,0.0,0.0,0.0,0.0,0.0,0.0,0.0,nan,nan,4.23264736658528,2.94738326102481,nan,0.9323083444446476,0.023344306985451434,0.0,0.0,0.0,0.0,0.0,0.0,0.0,0.0,0.0,0.0,0.0,0.0,0.0,0.0,0.0,0.0,0.0,0.0,0.0,0.0,0.0,0.0,0.0,0.0,0.0,0.012690355329949242,2.538071065989848,13.007614213197973,12.195431472081221,2.2461928934010156,0.932470820840664,0.023945819836535088,0.0,0.0,0.0,0.0,0.0,0.0,0.0,0.0,0.0,0.0,0.0,0.0,0.0,0.0,0.0,0.0,0.0,0.0,0.0,0.0,0.0,0.0,0.0,0.0,0.0,0.09891662741403677,2.388130004710316,13.000471031559117,12.110221384832787,2.4022609514837496,0.386,0.02133,0.0,0.0,0.0,0.0,0.0,0.0,0.0,0.0,0.0,0.15228426395939088,5.456852791878174,16.865482233502515,7.106598984771575,0.41878172588832496,0.0,0.0,0.0,0.0,0.0,0.0,0.0,0.0,0.0,0.0,0.0,0.0,0.0,0.0,0.0,0.0,0.3862,0.02173,0.0,0.0,0.0,0.0,0.0,0.0,0.0,0.0,0.0,0.14130946773433822,5.5817239755063595,16.335374470089473,7.432878002826191,0.5087140838436176,0.0,0.0,0.0,0.0,0.0,0.0,0.0,0.0,0.0,0.0,0.0,0.0,0.0,0.0,0.0,0.0
11100,4900,2507,0.5116326530612245,1180,1011,0.4471428571428571,1420,0.5795918367346938,0.38199999999999995,3.0104471374843293,3.0616140340934552,6.492220650636492,2.109689109328121,9312.43361696888,1425.9176370222872,7853.0,10774.892724275589,10705.502881191667,17.064879271100303,7853.0,0.0,28.19448979591837,20.74736103811312,33.15521010444498,18.913349712913064,0.1377551020408163,0.10102040816326531,0.09081632653061225,0.0763265306122449,0.0836734693877551,0.07775510204081633,0.07142857142857142,0.06326530612244897,0.05918367346938776,0.05714285714285714,0.044489795918367346,0.042653061224489794,0.035918367346938776,0.026326530612244898,0.01653061224489796,0.01020408163265306,0.005510204081632653,0.9327031987662218,0.023067368906739782,0.0,0.0,0.0,0.0,0.0,0.0,0.0,0.0,0.0,0.0,0.0,0.0,0.0,0.0,0.0,0.0,0.0,0.0,0.0,0.0,0.0,0.0,0.0,0.0,0.0,0.06122448979591838,2.2897959183673473,13.046938775510206,12.495918367346942,2.106122448979592,4.28692380056444,2.8244589067953276,nan,nan,nan,4.350560398505604,2.810055163549751,4.22236260265319,2.837539212634462,0.9705330384801807,0.3862,0.02133,0.0,0.0,0.0,0.0,0.0,0.0,0.0,0.0,0.0,0.2081632653061225,5.014285714285715,17.038775510204058,7.242857142857145,0.4959183673469389,0.0,0.0,0.0,0.0,0.0,0.0,0.0,0.0,0.0,0.0,0.0,0.0,0.0,0.0,0.0,0.0,nan,nan,4.28692380056444,2.8244589067953276,nan,0.3862,0.1007,0.0,0.0,0.0,0.0,0.0,0.0,0.0,0.0,0.0,0.0,0.0,0.0,4.0816326530612245e-05,0.0,0.00726530612244898,3.061224489795918e-05,0.0011122448979591837,0.002826530612244898,0.0029489795918367346,0.0023775510204081633,0.0006938775510204082,0.0014387755102040817,0.022408163265306123,0.021683673469387755,0.023653061224489794,0.013061224489795919,0.024051020408163266,0.0413265306122449,0.011153061224489795,0.027581632653061225,0.01689795918367347,0.019877551020408165,0.04722448979591837,0.03404081632653061,0.048846938775510204,0.012091836734693877,0.07231632653061225,0.030408163265306123,0.0265,0.05142857142857143,0.047520408163265304,0.0231734693877551,0.02592857142857143,0.04851020408163265,0.03794897959183673,0.029510204081632654,0.020020408163265307,0.022448979591836733,0.03192857142857143,0.009775510204081633,0.019857142857142858,0.010112244897959184,0.014836734693877552,0.002826530612244898,0.008255102040816326,0.0065816326530612245,0.015642857142857142,0.004153061224489796,0.01216326530612245,0.015540816326530612,0.008908163265306123,0.0012857142857142856,0.007051020408163265,0.008183673469387755,0.00024489795918367346,0.0024081632653061226,7.142857142857143e-05,8.163265306122449e-05,0.00027551020408163264,2.0408163265306123e-05,0.0012857142857142856,0.0001530612244897959,1.0204081632653061e-05,0.0,0.0,0.0,0.0,0.0,0.0,0.0,0.0,0.0,0.0,0.0,0.0,0.0,0.0,0.0,0.0,0.0,0.0,0.0,0.0,0.0,0.0,0.0,0.0,0.0,0.0,0.0,0.0,nan,nan,4.28692380056444,2.8244589067953276,nan,0.9329156950502506,0.022887153447931127,0.0,0.0,0.0,0.0,0.0,0.0,0.0,0.0,0.0,0.0,0.0,0.0,0.0,0.0,0.0,0.0,0.0,0.0,0.0,0.0,0.0,0.0,0.0,0.0,0.0,0.07179896290386918,2.1180694056641407,13.05544475468688,12.58875149581173,2.165935380933387,0.9324805793829957,0.02325258890157684,0.0,0.0,0.0,0.0,0.0,0.0,0.0,0.0,0.0,0.0,0.0,0.0,0.0,0.0,0.0,0.0,0.0,0.0,0.0,0.0,0.0,0.0,0.0,0.0,0.0,0.05014625992478062,2.4697033012954455,13.03802758044296,12.398662766402008,2.04346009193481,0.3857,0.02122,0.0,0.0,0.0,0.0,0.0,0.0,0.0,0.0,0.0,0.21539688871160753,5.085759872357401,17.471080973274805,6.72516952532908,0.5025927403270842,0.0,0.0,0.0,0.0,0.0,0.0,0.0,0.0,0.0,0.0,0.0,0.0,0.0,0.0,0.0,0.0,0.3867,0.02144,0.0,0.0,0.0,0.0,0.0,0.0,0.0,0.0,0.0,0.20058503969912247,4.939406602590891,16.585875470121163,7.785206853322191,0.488926034266611,0.0,0.0,0.0,0.0,0.0,0.0,0.0,0.0,0.0,0.0,0.0,0.0,0.0,0.0,0.0,0.0
11200,4783,2437,0.5095128580388877,1151,979,0.44532720050177715,1348,0.5636629730294794,0.39799999999999996,2.9352088661551576,3.049754490115732,6.373352855051245,2.073960083383932,9306.165966716517,1425.831889769125,7853.0,10772.578713536263,10705.069273206853,17.604206988025894,7853.0,0.0,28.22684507631194,20.93620464848021,32.96174728529122,19.239098468454273,0.13338908634748067,0.097637466025507,0.09533765419192976,0.0903198829186703,0.08237507840267615,0.06941250261342254,0.07610286431110182,0.05749529583943132,0.061049550491323434,0.05415011499059168,0.04515994145933515,0.03972402257997073,0.0315701442609241,0.02759774200292703,0.019862011289985364,0.011708132970938742,0.0071085093037842354,0.9323761515629334,0.02343314489508686,0.0,0.0,0.0,0.0,0.0,0.0,0.0,0.0,0.0,0.0,0.0,0.0,0.0,0.0,0.0,0.0,0.0,0.0,0.0,0.0,0.0,0.0,0.0,0.0,0.0,0.08781099728204059,2.6531465607359404,12.356261760401425,12.801588960903201,2.1011917206773996,4.220355411954766,2.8376488942194547,nan,nan,nan,4.207498383968972,2.857801332189435,4.235940530058177,2.8161600461696743,1.0067598709479182,0.386,0.0216,0.0,0.0,0.0,0.0,0.0,0.0,0.0,0.0,0.0,0.21952749320510145,5.3125653355634554,16.633911770855086,7.438845912607152,0.39514948776918263,0.0,0.0,0.0,0.0,0.0,0.0,0.0,0.0,0.0,0.0,0.0,0.0,0.0,0.0,0.0,0.0,nan,nan,4.220355411954766,2.8376488942194547,nan,0.386,0.1018,0.0,0.0,0.0,0.0,0.0,0.0,0.0,0.0,0.0,0.0,0.0,1.0453690152623876e-05,1.0453690152623876e-05,0.0,0.008174785699351872,1.0453690152623876e-05,0.001014007944804516,0.0034183566799080075,0.0024043487351034917,0.002540246707087602,0.0009617394940413966,0.0012335354380096173,0.02335354380096174,0.02367760819569308,0.021963203010662763,0.012418983901317165,0.02415847794271378,0.0409784653982856,0.01151996654819151,0.02996027597742003,0.018785281204265106,0.020395149487769184,0.0470206983065022,0.03182103282458708,0.05117081329709387,0.011279531674681162,0.07007108509303785,0.03128789462680326,0.025277022789044534,0.04813924315283295,0.04598578298139243,0.023499895463098473,0.0265314656073594,0.04431319255697261,0.03615931423792599,0.031047459753292914,0.023071294166840894,0.024127116872255907,0.03036796989337236,0.009701024461634957,0.020478779008990172,0.009544219109345598,0.014708342044741795,0.003104745975329291,0.008551118544846331,0.0057077148233326365,0.016004599623667154,0.0037528747647919717,0.012209910098264687,0.017436755174576626,0.009659209701024461,0.0014530629312147188,0.006272214091574326,0.00846748902362534,0.00032406439473134016,0.0024670708760192346,0.0,0.00015680535228935815,0.0003867865356470834,0.0,0.0014112481706042234,4.18147606104955e-05,0.0,0.0,0.0,0.0,0.0,0.0,0.0,0.0,0.0,0.0,0.0,0.0,0.0,0.0,0.0,0.0,0.0,0.0,0.0,0.0,0.0,0.0,0.0,0.0,0.0,0.0,0.0,0.0,0.0,nan,nan,4.220355411954766,2.8376488942194547,nan,0.9322505229850945,0.023282686030156007,0.0,0.0,0.0,0.0,0.0,0.0,0.0,0.0,0.0,0.0,0.0,0.0,0.0,0.0,0.0,0.0,0.0,0.0,0.0,0.0,0.0,0.0,0.0,0.0,0.0,0.08617152236356178,2.548215018465327,12.704144439885107,12.630283135002054,2.031185884283956,0.9325066532015496,0.023587715207632556,0.0,0.0,0.0,0.0,0.0,0.0,0.0,0.0,0.0,0.0,0.0,0.0,0.0,0.0,0.0,0.0,0.0,0.0,0.0,0.0,0.0,0.0,0.0,0.0,0.0,0.08951406649616371,2.762148337595909,11.994884910485936,12.979539641943736,2.173913043478261,0.3855,0.02174,0.0,0.0,0.0,0.0,0.0,0.0,0.0,0.0,0.0,0.22158391464915886,5.453426343865409,16.729585556011465,7.1153057037341005,0.48009848173984415,0.0,0.0,0.0,0.0,0.0,0.0,0.0,0.0,0.0,0.0,0.0,0.0,0.0,0.0,0.0,0.0,0.3865,0.02147,0.0,0.0,0.0,0.0,0.0,0.0,0.0,0.0,0.0,0.21739130434782614,5.166240409207162,16.534526854219923,7.774936061381076,0.30690537084398983,0.0,0.0,0.0,0.0,0.0,0.0,0.0,0.0,0.0,0.0,0.0,0.0,0.0,0.0,0.0,0.0
11300,4706,2474,0.5257118572035699,1140,970,0.4483637909052274,1320,0.5609859753506162,0.41,3.0560035842293907,3.136957377999421,6.716510903426792,2.1481010176358892,9352.322994755092,1424.163164048572,7853.0,10766.804468035698,10704.986262456534,17.531338998989806,7853.0,0.0,28.33064173395665,20.932091856738296,33.16021126760563,19.174204994698112,0.13557161070973225,0.09434764130896728,0.09647258818529537,0.09009774755631109,0.0784105397365066,0.07097322566935826,0.06778580535486613,0.06523586910327242,0.060985975350616235,0.05673608159796005,0.045898852528686786,0.03909902252443689,0.033999150021249466,0.027411814704632383,0.020399490012749683,0.00998725031874203,0.006587335316617085,0.9311433422833972,0.02362362363396517,0.0,0.0,0.0,0.0,0.0,0.0,0.0,0.0,0.0,0.0,0.0,0.0,0.0,0.0,0.0,0.0,0.0,0.0,0.0,0.0,0.0,0.0,0.0,0.0,0.0,0.09562260943476415,2.5881852953676163,13.527411814704635,11.742456438589038,2.046323841903953,4.2938481675392675,2.913124994484687,nan,nan,nan,4.2865535248041775,2.9075398296002963,4.301181102362205,2.918710330963545,1.003412433199162,0.3857,0.02176,0.0,0.0,0.0,0.0,0.0,0.0,0.0,0.0,0.0,0.17849553761155976,5.4058648533786675,16.867828304292367,7.05057373565661,0.4972375690607736,0.0,0.0,0.0,0.0,0.0,0.0,0.0,0.0,0.0,0.0,0.0,0.0,0.0,0.0,0.0,0.0,nan,nan,4.2938481675392675,2.913124994484687,nan,0.3857,0.10284,0.0,0.0,0.0,0.0,0.0,0.0,0.0,0.0,0.0,0.0,0.0,0.0,8.499787505312367e-05,1.0624734381640459e-05,0.0087972800679983,0.0,0.0012005949851253718,0.0027199320016999574,0.0022524436889077774,0.0027518062048448788,0.0010305992350191245,0.0012537186570335743,0.025594985125371866,0.023682532936676583,0.0208776030599235,0.013057798555036124,0.02501062473438164,0.039630259243518914,0.011995325116872077,0.030917977050573735,0.01986825329366766,0.02110072248193795,0.04688695282617934,0.030907352316192096,0.05031874203144921,0.010890352741181471,0.0684870378240544,0.03237356566085848,0.026296217594560137,0.04745006374840629,0.04695070123246919,0.021844453888652783,0.027294942626434338,0.043561410964725884,0.03575223119422014,0.027603059923501913,0.022598810029749256,0.024798130046748832,0.032288567785805355,0.008967275818104548,0.020654483637909053,0.00788355291117722,0.013557161070973225,0.003261793455163621,0.00858478538036549,0.005535486612834679,0.01599022524436889,0.004037399065023374,0.012632809179770506,0.019124521886952826,0.009456013599660008,0.0011368465788355292,0.006491712707182321,0.008669783255418614,0.000509987250318742,0.003187420314492138,1.0624734381640459e-05,0.00013812154696132598,0.0005418614534636634,0.0,0.001413089672758181,7.437314067148321e-05,0.0,0.0,0.0,0.0,0.0,0.0,0.0,0.0,0.0,0.0,0.0,0.0,0.0,0.0,0.0,0.0,0.0,0.0,0.0,0.0,0.0,0.0,0.0,0.0,0.0,0.0,0.0,0.0,0.0,nan,nan,4.2938481675392675,2.913124994484687,nan,0.9318044627734318,0.023379737951139117,0.0,0.0,0.0,0.0,0.0,0.0,0.0,0.0,0.0,0.0,0.0,0.0,0.0,0.0,0.0,0.0,0.0,0.0,0.0,0.0,0.0,0.0,0.0,0.0,0.0,0.07275666936135813,2.4373484236054974,13.290218270008086,12.053354890864998,2.146321746160065,0.930410541166755,0.023869655921969903,0.0,0.0,0.0,0.0,0.0,0.0,0.0,0.0,0.0,0.0,0.0,0.0,0.0,0.0,0.0,0.0,0.0,0.0,0.0,0.0,0.0,0.0,0.0,0.0,0.0,0.1209677419354839,2.7553763440860224,13.790322580645164,11.397849462365595,1.9354838709677424,0.3857,0.02185,0.0,0.0,0.0,0.0,0.0,0.0,0.0,0.0,0.0,0.18189167340339535,5.408245755860955,16.637025060630535,7.239288601455135,0.5335489086499596,0.0,0.0,0.0,0.0,0.0,0.0,0.0,0.0,0.0,0.0,0.0,0.0,0.0,0.0,0.0,0.0,0.3855,0.02165,0.0,0.0,0.0,0.0,0.0,0.0,0.0,0.0,0.0,0.17473118279569896,5.403225806451614,17.123655913978467,6.841397849462367,0.45698924731182805,0.0,0.0,0.0,0.0,0.0,0.0,0.0,0.0,0.0,0.0,0.0,0.0,0.0,0.0,0.0,0.0
11400,4560,2341,0.5133771929824561,1086,929,0.4418859649122807,1266,0.5552631578947368,0.43,2.9761153672825595,3.2170774396999797,6.884228187919463,2.255869207382418,9317.685934483718,1426.0648238954782,7853.0,10764.415103435516,10706.040521676954,17.512475867380058,7853.0,0.0,27.704166666666666,20.760908783482527,32.462438263582015,19.117808343909886,0.1355263157894737,0.10394736842105264,0.09846491228070176,0.09517543859649123,0.07653508771929825,0.0662280701754386,0.06995614035087719,0.06359649122807018,0.05482456140350877,0.05635964912280702,0.04824561403508772,0.04342105263157895,0.03070175438596491,0.021929824561403508,0.019078947368421053,0.01030701754385965,0.005701754385964913,0.9321481038081019,0.02323799373228783,0.0,0.0,0.0,0.0,0.0,0.0,0.0,0.0,0.0,0.0,0.0,0.0,0.0,0.0,0.0,0.0,0.0,0.0,0.0,0.0,0.0,0.0,0.0,0.0,0.0,0.09868421052631582,2.368421052631579,13.197368421052635,12.203947368421057,2.1315789473684212,4.3620987228167065,2.943323707876764,nan,nan,nan,4.329861111111111,2.9472581387224013,4.393960192175704,2.939082592530876,1.0148039577759445,0.3867,0.02223,0.0,0.0,0.0,0.0,0.0,0.0,0.0,0.0,0.0,0.18421052631578952,5.256578947368422,16.296052631578924,7.644736842105265,0.5986842105263159,0.01973684210526316,0.0,0.0,0.0,0.0,0.0,0.0,0.0,0.0,0.0,0.0,0.0,0.0,0.0,0.0,0.0,nan,nan,4.3620987228167065,2.943323707876764,nan,0.3867,0.103,0.0,0.0,0.0,0.0,0.0,0.0,0.0,0.0,0.0,0.0,0.0,0.0,0.0002192982456140351,8.771929824561403e-05,0.008026315789473683,0.0,0.0007456140350877193,0.0029605263157894738,0.002675438596491228,0.0034539473684210525,0.0013596491228070175,0.0011842105263157896,0.025657894736842105,0.02167763157894737,0.021392543859649123,0.013289473684210526,0.024583333333333332,0.03914473684210526,0.011469298245614035,0.03344298245614035,0.019835526315789474,0.01930921052631579,0.0450109649122807,0.028607456140350877,0.04642543859649123,0.010723684210526316,0.0688157894736842,0.03326754385964912,0.027927631578947367,0.048848684210526315,0.047598684210526314,0.020449561403508773,0.02816885964912281,0.04540570175438596,0.03888157894736842,0.02838815789473684,0.02174342105263158,0.02223684210526316,0.034528508771929825,0.00962719298245614,0.020427631578947367,0.007182017543859649,0.013322368421052631,0.0026206140350877195,0.008070175438596491,0.005131578947368421,0.01625,0.00412280701754386,0.012160087719298246,0.021041666666666667,0.010646929824561403,0.0010416666666666667,0.006809210526315789,0.00817982456140351,0.0004605263157894737,0.002905701754385965,6.578947368421052e-05,8.771929824561403e-05,0.0002412280701754386,0.0,0.001831140350877193,0.0002192982456140351,0.0,0.0,1.0964912280701754e-05,0.0,0.0,0.0,0.0,0.0,0.0,0.0,0.0,0.0,0.0,0.0,0.0,0.0,0.0,0.0,0.0,0.0,0.0,0.0,0.0,0.0,0.0,0.0,0.0,0.0,0.0,nan,nan,4.3620987228167065,2.943323707876764,nan,0.9324898658426131,0.023035020419979953,0.0,0.0,0.0,0.0,0.0,0.0,0.0,0.0,0.0,0.0,0.0,0.0,0.0,0.0,0.0,0.0,0.0,0.0,0.0,0.0,0.0,0.0,0.0,0.0,0.0,0.10252029047415637,2.2682614267407093,13.058521999145666,12.469030328919269,2.1016659547202052,0.9317875517924232,0.023444822428903486,0.0,0.0,0.0,0.0,0.0,0.0,0.0,0.0,0.0,0.0,0.0,0.0,0.0,0.0,0.0,0.0,0.0,0.0,0.0,0.0,0.0,0.0,0.0,0.0,0.0,0.09463722397476343,2.4740874267688153,13.343848580441644,11.924290220820193,2.1631365479945925,0.387,0.02222,0.0,0.0,0.0,0.0,0.0,0.0,0.0,0.0,0.0,0.1922255446390432,5.126014523707818,16.18539085860741,7.842802221272962,0.6407518154634773,0.012815036309269546,0.0,0.0,0.0,0.0,0.0,0.0,0.0,0.0,0.0,0.0,0.0,0.0,0.0,0.0,0.0,0.3865,0.02223,0.0,0.0,0.0,0.0,0.0,0.0,0.0,0.0,0.0,0.17575484452456067,5.394321766561515,16.412798557908946,7.435781883731412,0.5543037404236143,0.02703920684993241,0.0,0.0,0.0,0.0,0.0,0.0,0.0,0.0,0.0,0.0,0.0,0.0,0.0,0.0,0.0
11500,4684,2440,0.5209222886421861,1184,938,0.45303159692570455,1296,0.5533731853116994,0.426,2.9590017825311943,3.121301959084209,6.669934640522876,2.104044811997011,9338.658190705983,1424.79637046541,7853.0,10763.084457278252,10704.976625109353,17.66332357556863,7853.0,0.0,27.843509820666096,20.821053958369884,32.735518292682926,19.116125089852414,0.13791631084543127,0.10482493595217762,0.09180187873612297,0.08603757472245943,0.0802732707087959,0.07664389410760034,0.07023911187019641,0.0629803586678053,0.056789069171648165,0.05465414175918019,0.048035866780529464,0.03928266438941076,0.029248505550811273,0.023697694278394535,0.017506404782237403,0.012169086251067465,0.007899231426131512,0.9319055817582279,0.023485634259055897,0.0,0.0,0.0,0.0,0.0,0.0,0.0,0.0,0.0,0.0,0.0,0.0,0.0,0.0,0.0,0.0,0.0,0.0,0.0,0.0,0.0,0.0,0.0,0.0,0.0,0.07685738684884715,2.5811272416737836,13.123398804440653,12.117847993168235,2.1007685738684887,4.264100862641008,2.910166589688718,nan,nan,nan,4.334008097165992,2.913237736710773,4.196475195822455,2.905592537419877,0.9682665795125142,0.3862,0.02242,0.0,0.0,0.0,0.0,0.0,0.0,0.0,0.0,0.0,0.2882152006831768,5.2711357813834345,16.594790777113552,7.2181895815542285,0.6148590947907772,0.01280956447480786,0.0,0.0,0.0,0.0,0.0,0.0,0.0,0.0,0.0,0.0,0.0,0.0,0.0,0.0,0.0,nan,nan,4.264100862641008,2.910166589688718,nan,0.3862,0.1026,0.0,0.0,0.0,0.0,0.0,0.0,0.0,0.0,0.0,0.0,0.0,0.0,6.404782237403929e-05,2.134927412467976e-05,0.008614432109308283,4.269854824935952e-05,0.0008219470538001708,0.0023697694278394534,0.0020708795900939367,0.0035226302305721604,0.0015371477369769428,0.0014944491887275832,0.026302305721605464,0.02221391972672929,0.023516225448334756,0.013823654995730145,0.024316823228010247,0.038716908625106745,0.011005550811272417,0.03125533731853117,0.018947480785653288,0.019235695986336464,0.04685098206660974,0.02592869342442357,0.04918872758326217,0.01159265584970111,0.06843509820666098,0.03172502134927412,0.027882152006831768,0.046690862510674634,0.049519641332194705,0.018424423569598634,0.030999146029035012,0.045954312553373185,0.04046754910333049,0.029067036720751494,0.021210503842869342,0.02230999146029035,0.03522630230572161,0.009180187873612296,0.021989752348420155,0.006725021349274125,0.013962425277540564,0.0024444918872758327,0.007055935098206661,0.0048462852263023055,0.015809137489325362,0.0037894961571306577,0.010973526900085398,0.019982920580700256,0.009713919726729291,0.0014624252775405637,0.006052519214346712,0.007792485055508113,0.0005123825789923143,0.003842869342442357,0.00011742100768573868,1.067463706233988e-05,8.539709649871905e-05,0.0,0.0019107600341588386,0.00035226302305721603,2.134927412467976e-05,0.0,0.0,0.0,0.0,0.0,0.0,0.0,0.0,0.0,0.0,0.0,0.0,0.0,0.0,0.0,0.0,0.0,0.0,0.0,0.0,0.0,0.0,0.0,0.0,0.0,0.0,0.0,0.0,nan,nan,4.264100862641008,2.910166589688718,nan,0.9311348922672819,0.023428659148889378,0.0,0.0,0.0,0.0,0.0,0.0,0.0,0.0,0.0,0.0,0.0,0.0,0.0,0.0,0.0,0.0,0.0,0.0,0.0,0.0,0.0,0.0,0.0,0.0,0.0,0.08606557377049183,2.618852459016394,13.438524590163937,11.778688524590168,2.0778688524590168,0.9327435863740516,0.023518786883268562,0.0,0.0,0.0,0.0,0.0,0.0,0.0,0.0,0.0,0.0,0.0,0.0,0.0,0.0,0.0,0.0,0.0,0.0,0.0,0.0,0.0,0.0,0.0,0.0,0.0,0.06684491978609627,2.540106951871658,12.780748663101608,12.486631016042784,2.1256684491978612,0.3865,0.02194,0.0,0.0,0.0,0.0,0.0,0.0,0.0,0.0,0.0,0.3319672131147542,4.77049180327869,17.249999999999975,6.959016393442624,0.6762295081967215,0.012295081967213118,0.0,0.0,0.0,0.0,0.0,0.0,0.0,0.0,0.0,0.0,0.0,0.0,0.0,0.0,0.0,0.3857,0.02289,0.0,0.0,0.0,0.0,0.0,0.0,0.0,0.0,0.0,0.24064171122994657,5.815508021390376,15.882352941176448,7.500000000000002,0.5481283422459894,0.013368983957219254,0.0,0.0,0.0,0.0,0.0,0.0,0.0,0.0,0.0,0.0,0.0,0.0,0.0,0.0,0.0
11600,4871,2514,0.5161157873126668,1158,994,0.44179839868610143,1381,0.567029357421474,0.38999999999999996,3.0313958421722527,3.104711729054048,6.5139911634756995,2.1178868939007054,9324.977653135586,1425.3314764979248,7853.0,10763.562039613724,10705.029891974316,17.812841940218146,7853.0,0.0,27.77869020734962,20.762647814052137,32.54733511803359,19.106915969054597,0.13529049476493532,0.1061383699445699,0.09710531718332992,0.08129747485115993,0.0825292547731472,0.07472798193389447,0.06631081913364813,0.06959556559228085,0.05912543625538904,0.056251283104085406,0.04188051734756724,0.039211660849928144,0.030589201396017243,0.024840895093409976,0.016423732293163622,0.011086019297885445,0.007595976185588175,0.9314413320917878,0.02334489533346175,0.0,0.0,0.0,0.0,0.0,0.0,0.0,0.0,0.0,0.0,0.0,0.0,0.0,0.0,0.0,0.0,0.0,0.0,0.0,0.0,0.0,0.0,0.0,0.0,0.0,0.05543009648942723,2.5928967357832073,13.161568466434,12.20078012728393,1.989324574009444,4.389727126805779,2.90606667525813,nan,nan,nan,4.448562300319489,2.883145830841967,4.3253712072304715,2.922278455183444,0.9723076614932041,0.3865,0.02176,0.0,0.0,0.0,0.0,0.0,0.0,0.0,0.0,0.00615889960993636,0.21556148634777259,5.062615479367688,16.949291726544832,7.193594744405668,0.566618764114145,0.00615889960993636,0.0,0.0,0.0,0.0,0.0,0.0,0.0,0.0,0.0,0.0,0.0,0.0,0.0,0.0,0.0,nan,nan,4.389727126805779,2.90606667525813,nan,0.3865,0.1021,0.0,0.0,0.0,0.0,0.0,0.0,0.0,0.0,0.0,0.0,0.0,1.0264832683227263e-05,0.0004208581400123178,2.0529665366454526e-05,0.00825292547731472,4.105933073290905e-05,0.0010983370971053173,0.0022069390268938615,0.0019195237117634982,0.002576473003490043,0.0012728392527201807,0.0014986655717511804,0.025292547731471975,0.023485937179223978,0.022941901047012932,0.015335660028741531,0.02442003695339766,0.03946828166700883,0.01163005543009649,0.0304968179018682,0.01818928351467871,0.02021145555327448,0.042814617121740915,0.026575651816875386,0.04752617532334223,0.01158899609936358,0.06709094641757339,0.03046602340381852,0.028033258057893657,0.04811127078628619,0.048193389447752,0.017881338534181893,0.033678916033668654,0.047105317183329914,0.04093615274071033,0.0333607062204886,0.02059125436255389,0.02242865941285157,0.034715664134674605,0.010151919523711764,0.02224389242455348,0.006456579757749948,0.014688975569698214,0.002247998357626771,0.0063744610962841305,0.00532744816259495,0.016967768425374667,0.003161568466433997,0.011650585095462945,0.018025046191747076,0.00922808458222131,0.0020016423732293165,0.0059330732909053585,0.007442003695339766,0.000195031820981318,0.004146992404023815,6.158899609936358e-05,5.1324163416136314e-05,0.00010264832683227263,0.0,0.0011496612605214535,0.000502976801478136,0.0,0.0,0.0,0.0,0.0,0.0,0.0,0.0,0.0,0.0,0.0,0.0,0.0,0.0,0.0,0.0,0.0,0.0,0.0,0.0,0.0,0.0,0.0,0.0,0.0,0.0,0.0,0.0,0.0,nan,nan,4.389727126805779,2.90606667525813,nan,0.9310378676951643,0.02327943522210838,0.0,0.0,0.0,0.0,0.0,0.0,0.0,0.0,0.0,0.0,0.0,0.0,0.0,0.0,0.0,0.0,0.0,0.0,0.0,0.0,0.0,0.0,0.0,0.0,0.0,0.05966587112171839,2.6252983293556094,13.26968973747017,12.195704057279238,1.84964200477327,0.9318716712912413,0.02340685049087319,0.0,0.0,0.0,0.0,0.0,0.0,0.0,0.0,0.0,0.0,0.0,0.0,0.0,0.0,0.0,0.0,0.0,0.0,0.0,0.0,0.0,0.0,0.0,0.0,0.0,0.0509121764955452,2.558336868901146,13.046245226983457,12.206194314806961,2.138311412812898,0.3867,0.02182,0.0,0.0,0.0,0.0,0.0,0.0,0.0,0.0,0.011933174224343679,0.2505966587112172,4.964200477326971,16.99284009546537,7.243436754176613,0.5250596658711219,0.011933174224343679,0.0,0.0,0.0,0.0,0.0,0.0,0.0,0.0,0.0,0.0,0.0,0.0,0.0,0.0,0.0,0.3862,0.0217,0.0,0.0,0.0,0.0,0.0,0.0,0.0,0.0,0.0,0.1781926177344082,5.167585914297837,16.902842596520976,7.140432753500214,0.6109461179465423,0.0,0.0,0.0,0.0,0.0,0.0,0.0,0.0,0.0,0.0,0.0,0.0,0.0,0.0,0.0,0.0
11700,4388,2286,0.5209662716499545,1085,860,0.4432543299908842,1186,0.5405651777575206,0.43,3.0085632730732637,3.171579749443674,6.634710743801653,2.1947612586444465,9339.087011270314,1425.0826466565502,7853.0,10767.571182012558,10705.558970014932,17.759930561984184,7853.0,0.0,28.04443938012762,20.90523357597799,33.051658510059816,19.12625253041702,0.14015496809480402,0.10095715587967183,0.0913855970829535,0.0861440291704649,0.0788514129443938,0.07178669097538742,0.07566089334548769,0.05993618960802188,0.059252506836827715,0.053783044667274384,0.050820419325433,0.03441203281677302,0.03167730173199635,0.029854147675478577,0.020510483135824976,0.008204193254329991,0.006608933454876937,0.9307233549131517,0.023294364852368094,0.0,0.0,0.0,0.0,0.0,0.0,0.0,0.0,0.0,0.0,0.0,0.0,0.0,0.0,0.0,0.0,0.0,0.0,0.0,0.0,0.0,0.0,0.0,0.0,0.00683682771194166,0.08204193254329992,2.7689152233363723,13.41385597082954,11.9302643573382,1.7980856882406568,4.2239915074309975,2.936290572625908,nan,nan,nan,4.144055944055944,2.9163542327461314,4.305873925501433,2.9543314606727344,1.039048213544895,0.3877,0.02213,0.0,0.0,0.0,0.0,0.0,0.0,0.0,0.0,0.0,0.23245214220601645,4.956700091157703,16.093892433910643,8.122151321786692,0.5948040109389244,0.0,0.0,0.0,0.0,0.0,0.0,0.0,0.0,0.0,0.0,0.0,0.0,0.0,0.0,0.0,0.0,nan,nan,4.2239915074309975,2.936290572625908,nan,0.3877,0.1031,0.0,0.0,0.0,0.0,0.0,0.0,0.0,0.0,0.0,0.0,0.0,0.0,0.00012534184138559708,0.0,0.007873746581586145,2.2789425706472198e-05,0.0011964448495897903,0.00186873290793072,0.0015382862351868733,0.0023928896991795806,0.001629443938012762,0.0013559708295350957,0.026321786690975388,0.022789425706472195,0.02298313582497721,0.015770282588878762,0.023438924339106656,0.04097538742023701,0.013320419325432998,0.031027803099361897,0.017798541476754786,0.019940747493163172,0.03928896991795807,0.025660893345487695,0.04799453053783045,0.010528714676390155,0.06570191431175934,0.030275752051048314,0.029660437556973566,0.04664995442114859,0.047846399270738374,0.020248404740200548,0.03517547857793984,0.04605742935278031,0.040189152233363716,0.03340929808568824,0.02085232452142206,0.020168641750227895,0.03526663628076573,0.008796718322698268,0.02100045578851413,0.006164539653600729,0.015177757520510484,0.0029170464904284413,0.0066203281677301735,0.006369644484958979,0.01836827711941659,0.00368049225159526,0.011987237921604376,0.018391066545123062,0.00969690063810392,0.0018801276207839562,0.005674567000911577,0.008329535095715587,0.00018231540565177758,0.005070647219690064,0.0,9.115770282588879e-05,0.00012534184138559708,0.0,0.0015154968094804012,0.0006153144940747493,0.0,0.0,0.0,0.0,0.0,0.0,0.0,0.0,0.0,0.0,0.0,0.0,0.0,0.0,0.0,0.0,0.0,0.0,0.0,0.0,0.0,0.0,0.0,0.0,0.0,0.0,0.0,0.0,0.0,nan,nan,4.2239915074309975,2.936290572625908,nan,0.9310115275159804,0.023054612375811037,0.0,0.0,0.0,0.0,0.0,0.0,0.0,0.0,0.0,0.0,0.0,0.0,0.0,0.0,0.0,0.0,0.0,0.0,0.0,0.0,0.0,0.0,0.0,0.0,0.0,0.07874015748031497,2.5590551181102366,13.687664041994754,11.889763779527563,1.7847769028871394,0.9304099569254892,0.023548331280801523,0.0,0.0,0.0,0.0,0.0,0.0,0.0,0.0,0.0,0.0,0.0,0.0,0.0,0.0,0.0,0.0,0.0,0.0,0.0,0.0,0.0,0.0,0.0,0.0,0.014272121788772602,0.0856327307326356,2.9971455756422465,13.11607992388202,11.974310180780213,1.8125594671741203,0.3877,0.02185,0.0,0.0,0.0,0.0,0.0,0.0,0.0,0.0,0.0,0.23622047244094493,4.658792650918636,16.837270341207322,7.650918635170605,0.6167979002624673,0.0,0.0,0.0,0.0,0.0,0.0,0.0,0.0,0.0,0.0,0.0,0.0,0.0,0.0,0.0,0.0,0.388,0.0224,0.0,0.0,0.0,0.0,0.0,0.0,0.0,0.0,0.0,0.22835394862036162,5.280685061845862,15.28544243577543,8.634633682207424,0.5708848715509041,0.0,0.0,0.0,0.0,0.0,0.0,0.0,0.0,0.0,0.0,0.0,0.0,0.0,0.0,0.0,0.0
11800,4337,2233,0.5148720313580816,1078,860,0.4468526631311967,1190,0.5487664284067327,0.422,2.95532319391635,3.109671560621367,6.522314049586777,2.230127580507402,9321.862071072228,1425.8618383217686,7853.0,10762.702206492424,10705.868249995634,18.05285324640262,7853.0,0.0,27.956652063638458,20.879055142532373,32.962585969738655,19.096748620988553,0.14041964491584044,0.09799400507263085,0.09407424486972561,0.08784874337099377,0.07908692644685267,0.07309199907770349,0.06917223887479824,0.06363845976481439,0.0606409960802398,0.05280147567442933,0.047037122434862806,0.039889324417800326,0.0341249711782338,0.023979709476596726,0.01913765275536085,0.009914687572054416,0.0071477980170624855,0.9320649561696209,0.023189893124986698,0.0,0.0,0.0,0.0,0.0,0.0,0.0,0.0,0.0,0.0,0.0,0.0,0.0,0.0,0.0,0.0,0.0,0.0,0.0,0.0,0.0,0.0,0.0,0.0,0.0,0.04842056721235879,2.4902005994927374,13.059718699561913,12.444085773576209,1.9575743601567908,4.262760603882099,2.9194138100740052,nan,nan,nan,4.220963172804533,2.932800184009072,4.305839416058395,2.9049232416547994,1.0201082643413513,0.3872,0.02225,0.0,0.0,0.0,0.0,0.0,0.0,0.0,0.0,0.0,0.16601337329951582,5.374682960571825,15.978787180078372,7.9409730228268405,0.5395434632234264,0.0,0.0,0.0,0.0,0.0,0.0,0.0,0.0,0.0,0.0,0.0,0.0,0.0,0.0,0.0,0.0,nan,nan,4.262760603882099,2.9194138100740052,nan,0.3872,0.10333,0.0,0.0,0.0,0.0,0.0,0.0,0.0,0.0,0.0,0.0,0.0,0.0,8.07009453539313e-05,0.0,0.008081623241872261,1.1528706479133041e-05,0.0012681577127046345,0.0018676504496195527,0.0020521097532856815,0.002490200599492737,0.0017523633848282223,0.001152870647913304,0.027403735300899238,0.022884482361079088,0.0236914918146184,0.015886557528245332,0.023218814848973944,0.04101913765275536,0.014341710860041504,0.030159096149412035,0.018180770117592806,0.017857966336177082,0.04015448466682038,0.0263085081853816,0.047740373530089926,0.011505649066174775,0.06328106986396126,0.031969103066635925,0.02949043117362232,0.049365921143647684,0.045803550841595576,0.019275997233110444,0.03358312197371455,0.04655291676273922,0.03923218814848974,0.03439013142725386,0.021062946737376066,0.019633387133963568,0.03263776804242564,0.008854046575974175,0.0210053032049804,0.006824994235646761,0.015702098224579204,0.0032280378141572516,0.006456075628314503,0.00670970717085543,0.01944892783029744,0.00367765736684344,0.012220428867881024,0.018492045192529397,0.00906156329259857,0.001406502190454231,0.006075628314503112,0.008508185381600185,0.000276688955499193,0.0050149873184228725,1.1528706479133041e-05,5.764353239566521e-05,0.00020751671662439474,0.0,0.0009222965183306433,0.0004496195526861886,0.0,0.0,0.0,0.0,0.0,0.0,0.0,0.0,0.0,0.0,0.0,0.0,0.0,0.0,0.0,0.0,0.0,0.0,0.0,0.0,0.0,0.0,0.0,0.0,0.0,0.0,0.0,0.0,0.0,nan,nan,4.262760603882099,2.9194138100740052,nan,0.9319081097988072,0.023497792914359425,0.0,0.0,0.0,0.0,0.0,0.0,0.0,0.0,0.0,0.0,0.0,0.0,0.0,0.0,0.0,0.0,0.0,0.0,0.0,0.0,0.0,0.0,0.0,0.0,0.0,0.08060904612628751,2.472010747872817,13.17957904164801,12.185400806090465,2.0824003582624275,0.9322314190717251,0.02285740209693103,0.0,0.0,0.0,0.0,0.0,0.0,0.0,0.0,0.0,0.0,0.0,0.0,0.0,0.0,0.0,0.0,0.0,0.0,0.0,0.0,0.0,0.0,0.0,0.0,0.0,0.014258555133079852,2.509505703422054,12.932509505703425,12.718631178707227,1.825095057034221,0.3875,0.02196,0.0,0.0,0.0,0.0,0.0,0.0,0.0,0.0,0.0,0.16121809225257502,5.172413793103449,16.135244066278528,8.0743394536498,0.4567845947156293,0.0,0.0,0.0,0.0,0.0,0.0,0.0,0.0,0.0,0.0,0.0,0.0,0.0,0.0,0.0,0.0,0.387,0.02255,0.0,0.0,0.0,0.0,0.0,0.0,0.0,0.0,0.0,0.1711026615969582,5.589353612167301,15.812737642585526,7.799429657794678,0.6273764258555135,0.0,0.0,0.0,0.0,0.0,0.0,0.0,0.0,0.0,0.0,0.0,0.0,0.0,0.0,0.0,0.0
11900,4549,2352,0.5170367113651352,1064,927,0.43767861068366676,1283,0.5640800175862827,0.426,3.0837505689576696,3.181978004564885,6.791068580542265,2.099453101130233,9327.968955225435,1425.5968494353663,7853.0,10772.660836696625,10705.73544954103,17.786550930512117,7853.0,0.0,27.822818201802594,20.9142918644709,32.895871680252434,19.122718165459588,0.1446471752033414,0.09672455484721917,0.09540558364475708,0.08705209936249725,0.08133655748516157,0.07254341613541437,0.06726753132556605,0.06001318971202462,0.0602330182457683,0.05012090569355902,0.0470433062211475,0.043526049681248624,0.03495273686524511,0.02506045284677951,0.017366454165750715,0.010771598153440316,0.005935370411079358,0.9310658303400426,0.02318425756771828,0.0,0.0,0.0,0.0,0.0,0.0,0.0,0.0,0.0,0.0,0.0,0.0,0.0,0.0,0.0,0.0,0.0,0.0,0.0,0.0,0.0,0.0,0.0,0.0,0.0,0.0857331281600352,2.5390195647395037,13.71730050560563,11.659705429764786,1.998241371730051,4.529188255613126,2.9583921549471333,nan,nan,nan,4.585024492652204,2.961724518462673,4.474761255115962,2.954124705193245,0.9759514397986432,0.3877,0.02255,0.0,0.0,0.0,0.0,0.0,0.0,0.0,0.0,0.0065948560123104,0.28357880852934714,4.860408881072764,15.985930973840382,8.177621455264894,0.6792701692679712,0.0065948560123104,0.0,0.0,0.0,0.0,0.0,0.0,0.0,0.0,0.0,0.0,0.0,0.0,0.0,0.0,0.0,nan,nan,4.529188255613126,2.9583921549471333,nan,0.3877,0.10315,0.0,0.0,0.0,0.0,0.0,0.0,0.0,0.0,0.0,0.0,0.0,0.0,0.0,3.297428006155199e-05,0.007540118707408222,3.297428006155199e-05,0.0012420312156517916,0.0016597054297647835,0.0019454825236315675,0.002967685205539679,0.0017366454165750715,0.0009892284018465597,0.027896240932072984,0.022807210375906793,0.022334579028357882,0.016553088590899098,0.023840404484502087,0.04026159595515498,0.013563420531985051,0.031281600351725655,0.017113651351945484,0.018707408221587164,0.03768960211035392,0.02810507803912948,0.045856232138931634,0.011925697955594635,0.06481644317432403,0.029358100681468456,0.03116069465816663,0.05141789404264673,0.04454825236315674,0.020059353704110792,0.033622774236095845,0.04514178940426467,0.03846999340514399,0.03586502528028138,0.02076280501209057,0.019355902396131018,0.03174324027258738,0.009100901296988349,0.022070784787865463,0.007639041547592877,0.015552868762365356,0.0022422510441855352,0.007474170147285118,0.006067267531325566,0.02045504506484942,0.004330622114750495,0.012563200703451308,0.018773356781710267,0.00924378984392174,0.0010881512420312157,0.006177181798197406,0.008694218509562542,6.594856012310399e-05,0.004660364915366015,4.396570674873599e-05,0.0,0.0,0.0,0.0010222026819081116,0.0003187513739283359,0.0,0.0,1.0991426687183997e-05,0.0,0.0,0.0,0.0,0.0,0.0,0.0,0.0,0.0,0.0,0.0,0.0,0.0,0.0,0.0,0.0,0.0,0.0,0.0,0.0,0.0,0.0,0.0,0.0,0.0,0.0,nan,nan,4.529188255613126,2.9583921549471333,nan,0.9309411715640097,0.02344580517432503,0.0,0.0,0.0,0.0,0.0,0.0,0.0,0.0,0.0,0.0,0.0,0.0,0.0,0.0,0.0,0.0,0.0,0.0,0.0,0.0,0.0,0.0,0.0,0.0,0.0,0.08928571428571432,2.742346938775511,13.354591836734697,11.798469387755105,2.01530612244898,0.9311992838863464,0.022900195108662633,0.0,0.0,0.0,0.0,0.0,0.0,0.0,0.0,0.0,0.0,0.0,0.0,0.0,0.0,0.0,0.0,0.0,0.0,0.0,0.0,0.0,0.0,0.0,0.0,0.0,0.08192990441511153,2.3213472917614935,14.10559854346837,11.511151570323172,1.979972690031862,0.3882,0.02261,0.0,0.0,0.0,0.0,0.0,0.0,0.0,0.0,0.01275510204081633,0.2551020408163266,4.79591836734694,15.82908163265304,8.469387755102042,0.6250000000000001,0.01275510204081633,0.0,0.0,0.0,0.0,0.0,0.0,0.0,0.0,0.0,0.0,0.0,0.0,0.0,0.0,0.0,0.3872,0.02249,0.0,0.0,0.0,0.0,0.0,0.0,0.0,0.0,0.0,0.31406463359126086,4.929449248975877,16.153846153846132,7.865270823850707,0.7373691397360038,0.0,0.0,0.0,0.0,0.0,0.0,0.0,0.0,0.0,0.0,0.0,0.0,0.0,0.0,0.0,0.0
12000,4764,2464,0.5172124265323258,1171,985,0.45256087321578503,1363,0.572208228379513,0.414,3.066521739130435,3.1439951165683557,6.676077265973254,2.166674804565794,9329.04912826046,1426.1400361732078,7853.0,10772.37266266346,10706.854726880209,17.950155331603092,7853.0,0.0,28.285264483627206,20.86426750689403,33.259545794858994,19.006678402643345,0.14042821158690177,0.0883711167086482,0.09634760705289673,0.0829135180520571,0.08543240973971453,0.07388748950461797,0.06633081444164568,0.06339210747271201,0.061712846347607056,0.05772460117548279,0.04764903442485306,0.04093198992443325,0.03526448362720403,0.025398824517212426,0.01616288832913518,0.0109151973131822,0.007136859781696054,0.931795959846499,0.02325102249893902,0.0,0.0,0.0,0.0,0.0,0.0,0.0,0.0,0.0,0.0,0.0,0.0,0.0,0.0,0.0,0.0,0.0,0.0,0.0,0.0,0.0,0.0,0.0,0.0,0.0,0.04408060453400505,2.588161209068011,13.14861460957179,12.204030226700255,2.015113350125945,4.2963081861958266,2.907647940703249,nan,nan,nan,4.286636539703034,2.9119567601966394,4.305874840357599,2.9033479102207744,1.004487971041253,0.3892,0.02278,0.0,0.0,0.0,0.0,0.0,0.0,0.0,0.0,0.0,0.2329974811083124,4.596977329974812,15.63602015113348,8.76574307304786,0.7556675062972295,0.012594458438287156,0.0,0.0,0.0,0.0,0.0,0.0,0.0,0.0,0.0,0.0,0.0,0.0,0.0,0.0,0.0,nan,nan,4.2963081861958266,2.907647940703249,nan,0.3892,0.10333,0.0,0.0,0.0,0.0,0.0,0.0,0.0,0.0,0.0,0.0,0.0,0.0,4.1981528127623844e-05,0.0001889168765743073,0.0074622166246851385,1.0495382031905961e-05,0.0013958858102434929,0.0018261964735516373,0.0014168765743073047,0.003421494542401343,0.0017212426532325776,0.0012699412258606213,0.026469353484466836,0.02100125944584383,0.0228904282115869,0.018471872376154493,0.024548698572628043,0.03789882451721242,0.012510495382031906,0.0343303946263644,0.01660369437447523,0.01853484466834593,0.03597816960537364,0.02647984886649874,0.041152392947103274,0.01418975650713686,0.061586901763224185,0.028883291351805205,0.030856423173803528,0.05244542401343409,0.044920235096557515,0.021735936188077246,0.03271410579345088,0.04604324097397145,0.03931570109151973,0.037909319899244336,0.019185558354324096,0.01943744752308984,0.033690176322418136,0.01060033585222502,0.021840890008396306,0.007294290512174643,0.014515113350125945,0.003211586901763224,0.00823887489504618,0.007325776658270361,0.021400083963056257,0.0042401343408900085,0.014147774979009237,0.017107472712006716,0.010180520570948783,0.001364399664147775,0.006801007556675063,0.007451721242653232,8.396305625524769e-05,0.004492023509655751,1.0495382031905961e-05,0.0,0.0,0.0,0.0009655751469353484,0.0001889168765743073,0.0,0.0,0.0,0.0,0.0,0.0,0.0,0.0,0.0,0.0,0.0,0.0,0.0,0.0,0.0,0.0,0.0,0.0,0.0,0.0,0.0,0.0,0.0,0.0,0.0,0.0,0.0,0.0,0.0,nan,nan,4.2963081861958266,2.907647940703249,nan,0.9317833346302633,0.023014807333910283,0.0,0.0,0.0,0.0,0.0,0.0,0.0,0.0,0.0,0.0,0.0,0.0,0.0,0.0,0.0,0.0,0.0,0.0,0.0,0.0,0.0,0.0,0.0,0.0,0.0,0.06087662337662339,2.4472402597402603,13.173701298701301,12.406655844155846,1.9115259740259745,0.9318094852955445,0.023501439260899346,0.0,0.0,0.0,0.0,0.0,0.0,0.0,0.0,0.0,0.0,0.0,0.0,0.0,0.0,0.0,0.0,0.0,0.0,0.0,0.0,0.0,0.0,0.0,0.0,0.0,0.026086956521739136,2.7391304347826093,13.121739130434786,11.986956521739133,2.1260869565217395,0.3892,0.02269,0.0,0.0,0.0,0.0,0.0,0.0,0.0,0.0,0.0,0.21915584415584421,4.602272727272728,15.474837662337638,8.973214285714286,0.718344155844156,0.012175324675324678,0.0,0.0,0.0,0.0,0.0,0.0,0.0,0.0,0.0,0.0,0.0,0.0,0.0,0.0,0.0,0.389,0.0229,0.0,0.0,0.0,0.0,0.0,0.0,0.0,0.0,0.0,0.24782608695652178,4.591304347826088,15.80869565217389,8.543478260869566,0.7956521739130437,0.013043478260869568,0.0,0.0,0.0,0.0,0.0,0.0,0.0,0.0,0.0,0.0,0.0,0.0,0.0,0.0,0.0
12100,4950,2578,0.5208080808080808,1192,1008,0.4444444444444444,1395,0.5636363636363636,0.414,2.991989881956155,3.113158699119112,6.684129429892142,2.079412079530909,9339.221407874136,1425.6657629542892,7853.0,10769.665966510773,10706.683463528694,18.145777983672392,7853.0,0.0,27.99111111111111,20.974479966772552,32.881449484041276,19.25651576944442,0.1387878787878788,0.09636363636363636,0.09595959595959595,0.09434343434343434,0.07737373737373737,0.07696969696969697,0.06747474747474748,0.06363636363636363,0.05454545454545454,0.04909090909090909,0.043838383838383836,0.042222222222222223,0.032929292929292926,0.03191919191919192,0.01818181818181818,0.009696969696969697,0.006666666666666667,0.9329624295114267,0.02327626780358114,0.0,0.0,0.0,0.0,0.0,0.0,0.0,0.0,0.0,0.0,0.0,0.0,0.0,0.0,0.0,0.0,0.0,0.0,0.0,0.0,0.0,0.0,0.0,0.0,0.0,0.06666666666666668,2.303030303030303,12.884848484848488,12.478787878787882,2.266666666666667,4.3570081709616595,2.9288889610448865,nan,nan,nan,4.404642409033877,2.921817472721018,4.30919395465995,2.935192715520235,0.978330033289839,0.388,0.0227,0.0,0.0,0.0,0.0,0.0,0.0,0.0,0.0,0.0,0.20000000000000004,4.915151515151516,15.999999999999977,8.175757575757578,0.684848484848485,0.02424242424242425,0.0,0.0,0.0,0.0,0.0,0.0,0.0,0.0,0.0,0.0,0.0,0.0,0.0,0.0,0.0,nan,nan,4.3570081709616595,2.9288889610448865,nan,0.388,0.1031,0.0,0.0,0.0,0.0,0.0,0.0,0.0,0.0,0.0,0.0,0.0,0.0,0.0,2.0202020202020203e-05,0.007626262626262626,8.080808080808081e-05,0.0015151515151515152,0.0032323232323232323,0.001494949494949495,0.002696969696969697,0.001585858585858586,0.0021313131313131315,0.027282828282828284,0.02004040404040404,0.024161616161616162,0.018676767676767677,0.02470707070707071,0.0374949494949495,0.01191919191919192,0.03374747474747475,0.016202020202020204,0.019414141414141415,0.03648484848484849,0.025222222222222222,0.04006060606060606,0.014767676767676768,0.06273737373737373,0.03176767676767677,0.031464646464646466,0.05052525252525253,0.04293939393939394,0.021737373737373736,0.03456565656565656,0.04321212121212121,0.03984848484848485,0.03955555555555555,0.019353535353535352,0.021919191919191918,0.03098989898989899,0.010868686868686868,0.021343434343434345,0.007070707070707071,0.014696969696969696,0.0028282828282828283,0.008393939393939395,0.007212121212121212,0.021474747474747476,0.003777777777777778,0.014919191919191919,0.015646464646464648,0.011535353535353536,0.0013737373737373738,0.00598989898989899,0.006171717171717172,8.080808080808081e-05,0.004242424242424243,1.0101010101010101e-05,1.0101010101010101e-05,0.0,0.0,0.0011111111111111111,6.0606060606060605e-05,0.0,0.0,0.0,0.0,0.0,0.0,0.0,0.0,0.0,0.0,0.0,0.0,0.0,0.0,0.0,0.0,0.0,0.0,0.0,0.0,0.0,0.0,0.0,0.0,0.0,0.0,0.0,0.0,0.0,nan,nan,4.3570081709616595,2.9288889610448865,nan,0.9327619549745363,0.02322844495203496,0.0,0.0,0.0,0.0,0.0,0.0,0.0,0.0,0.0,0.0,0.0,0.0,0.0,0.0,0.0,0.0,0.0,0.0,0.0,0.0,0.0,0.0,0.0,0.0,0.0,0.06982156710628395,2.245927075252134,13.01008533747091,12.486423584173782,2.1877424359968973,0.9331803145688059,0.023326178902713168,0.0,0.0,0.0,0.0,0.0,0.0,0.0,0.0,0.0,0.0,0.0,0.0,0.0,0.0,0.0,0.0,0.0,0.0,0.0,0.0,0.0,0.0,0.0,0.0,0.0,0.06323777403035415,2.365092748735245,12.748735244519397,12.470489038785837,2.352445193929174,0.388,0.02245,0.0,0.0,0.0,0.0,0.0,0.0,0.0,0.0,0.0,0.24437548487199384,4.736229635376262,16.175329712955758,8.122575640031034,0.7214895267649343,0.0,0.0,0.0,0.0,0.0,0.0,0.0,0.0,0.0,0.0,0.0,0.0,0.0,0.0,0.0,0.0,0.3882,0.02296,0.0,0.0,0.0,0.0,0.0,0.0,0.0,0.0,0.0,0.15177065767284995,5.109612141652614,15.809443507588512,8.233558178752109,0.6450252951096123,0.05059021922428332,0.0,0.0,0.0,0.0,0.0,0.0,0.0,0.0,0.0,0.0,0.0,0.0,0.0,0.0,0.0
12200,4659,2397,0.5144880875724405,1073,981,0.4408671388710024,1339,0.574801459540674,0.38599999999999995,2.9031830238726792,2.974233369948642,6.23943661971831,2.1740992764414684,9320.255440051527,1425.3955930032023,7853.0,10767.062956213951,10704.874466082629,17.788410821443634,7853.0,0.0,28.570294054518136,21.1967941983655,33.6058748403576,19.372446001509402,0.13801244902339557,0.0987336338270015,0.09057737711955355,0.08542605709379696,0.0746941403734707,0.07061601201974672,0.07083065035415326,0.07104528868855978,0.05194247692637905,0.053015668598411676,0.047435071903842024,0.041425198540459326,0.03842026185876798,0.03133719682335265,0.02103455677183945,0.009658725048293626,0.005795235028976175,0.9311833830958504,0.023579820870680383,0.0,0.0,0.0,0.0,0.0,0.0,0.0,0.0,0.0,0.0,0.0,0.0,0.0,0.0,0.0,0.0,0.0,0.0,0.0,0.0,0.0,0.0,0.0,0.0,0.0,0.06439150032195752,2.8267868641339353,13.090792015453964,11.963940759819707,2.054088860270445,4.1919258769027135,2.756658684898912,nan,nan,nan,4.170991350632069,2.7510422899747007,4.213438735177865,2.7627827059872483,1.010176809534588,0.3867,0.02213,0.0,0.0,0.0,0.0,0.0,0.0,0.0,0.0,0.0,0.1996136509980683,5.453960077269802,16.29748873148742,7.450096587250484,0.5859626529298133,0.012878300064391503,0.0,0.0,0.0,0.0,0.0,0.0,0.0,0.0,0.0,0.0,0.0,0.0,0.0,0.0,0.0,nan,nan,4.1919258769027135,2.756658684898912,nan,0.3867,0.10333,0.0,0.0,0.0,0.0,0.0,0.0,0.0,0.0,0.0,0.0,0.0,0.0,0.0,4.2927666881305004e-05,0.007973814123202404,8.585533376261001e-05,0.0013629534234814338,0.0035415325177076628,0.0017814981755741575,0.0028117621807254778,0.00154539600772698,0.0026937110968018887,0.02784932388924662,0.01977892251556128,0.02527366387636832,0.020347714101738572,0.024254131787937325,0.037851470272590684,0.011837304142519853,0.03672461901695643,0.015121270658939687,0.01966087143163769,0.03580167417900837,0.024168276454174714,0.03803391285683623,0.014123202403949346,0.06346855548400944,0.03243185232882593,0.032732345996995066,0.05333762610002146,0.0408027473706804,0.022451169778922517,0.032614294913071475,0.046608714316376906,0.037969521356514276,0.03734707018673535,0.018212062674393646,0.022343850611719254,0.03140158832367461,0.011043142305215711,0.021517493024254132,0.00661086069972097,0.01408027473706804,0.0026400515132002575,0.00798454603992273,0.007136724619016956,0.021624812191457395,0.0037347070186735352,0.013683193818415968,0.013758317235458253,0.012416827645417471,0.0015239321742863275,0.0061064606138656365,0.0058488946125778065,5.365958360163125e-05,0.0041639836874865855,1.0731916720326251e-05,0.0,4.2927666881305004e-05,0.0,0.0015239321742863275,0.0001073191672032625,0.0,0.0,0.0,0.0,0.0,0.0,0.0,0.0,0.0,0.0,0.0,0.0,0.0,0.0,0.0,0.0,0.0,0.0,0.0,0.0,0.0,0.0,0.0,0.0,0.0,0.0,0.0,0.0,0.0,nan,nan,4.1919258769027135,2.756658684898912,nan,0.9312151243252013,0.023333945486127713,0.0,0.0,0.0,0.0,0.0,0.0,0.0,0.0,0.0,0.0,0.0,0.0,0.0,0.0,0.0,0.0,0.0,0.0,0.0,0.0,0.0,0.0,0.0,0.0,0.0,0.06257822277847311,2.8660826032540685,13.254067584480604,11.902377972465585,1.914893617021277,0.9311497474960475,0.023837556889704237,0.0,0.0,0.0,0.0,0.0,0.0,0.0,0.0,0.0,0.0,0.0,0.0,0.0,0.0,0.0,0.0,0.0,0.0,0.0,0.0,0.0,0.0,0.0,0.0,0.0,0.06631299734748011,2.7851458885941653,12.917771883289127,12.029177718832894,2.20159151193634,0.3862,0.02237,0.0,0.0,0.0,0.0,0.0,0.0,0.0,0.0,0.0,0.21276595744680857,5.644555694618274,16.370463078848537,7.108886107634545,0.6508135168961203,0.012515644555694622,0.0,0.0,0.0,0.0,0.0,0.0,0.0,0.0,0.0,0.0,0.0,0.0,0.0,0.0,0.0,0.387,0.02184,0.0,0.0,0.0,0.0,0.0,0.0,0.0,0.0,0.0,0.18567639257294435,5.251989389920425,16.220159151193613,7.811671087533158,0.517241379310345,0.013262599469496024,0.0,0.0,0.0,0.0,0.0,0.0,0.0,0.0,0.0,0.0,0.0,0.0,0.0,0.0,0.0
12300,4371,2250,0.5147563486616334,1065,864,0.4413177762525738,1213,0.5550217341569434,0.414,2.979255068363979,3.098195488774234,6.490228013029316,2.156514774831995,9320.655391979833,1425.0196049931337,7853.0,10767.788327932358,10704.165208152825,17.916270296031637,7853.0,0.0,27.91008922443377,20.76665834021823,32.65457498646454,19.088864350686183,0.1347517730496454,0.10638297872340426,0.09471516815374056,0.08808053077099062,0.07526881720430108,0.07549759780370624,0.06543125142987874,0.06382978723404255,0.06154198123999085,0.050102951269732326,0.05170441546556852,0.040265385495309995,0.03385952871196522,0.02653854953099977,0.017158544955387784,0.009380004575611988,0.00549073438572409,0.9307543702595732,0.023387327669649113,0.0,0.0,0.0,0.0,0.0,0.0,0.0,0.0,0.0,0.0,0.0,0.0,0.0,0.0,0.0,0.0,0.0,0.0,0.0,0.0,0.0,0.0,0.0,0.0,0.0,0.07549759780370625,2.6561427590940294,13.678792038435144,11.667810569663695,1.921757035003432,4.277005347593583,2.90305431664485,nan,nan,nan,4.247869318181818,2.880243933989949,4.308739255014327,2.9252792805089234,1.0143295219963504,0.3857,0.02177,0.0,0.0,0.0,0.0,0.0,0.0,0.0,0.0,0.0,0.19217570350034321,5.566231983527798,16.705559368565524,7.048730267673303,0.48730267673301314,0.0,0.0,0.0,0.0,0.0,0.0,0.0,0.0,0.0,0.0,0.0,0.0,0.0,0.0,0.0,0.0,nan,nan,4.277005347593583,2.90305431664485,nan,0.3857,0.1028,0.0,0.0,0.0,0.0,0.0,0.0,0.0,0.0,0.0,0.0,0.0,1.1439029970258522e-05,0.0,1.1439029970258522e-05,0.008991077556623199,0.00018302447952413636,0.001338366506520247,0.003260123541523679,0.001601464195836193,0.0018760009151223976,0.0011667810569663693,0.002768245252802562,0.02733928162891787,0.0198009608785175,0.025440402653854954,0.020876229695721803,0.023781743308167468,0.03837794555021734,0.012045298558682223,0.03968199496682681,0.014493250972317547,0.01888583848089682,0.039361702127659576,0.02452528025623427,0.03540379775795013,0.016140471288034773,0.06304049416609471,0.02979867307252345,0.03238389384580188,0.052425074353694805,0.04278197208876687,0.022946694120338597,0.0314115762983299,0.04911919469229009,0.038103408830931135,0.03645618851521391,0.01849691146190803,0.02097918096545413,0.03350491878288721,0.012685884237016701,0.020864790665751545,0.006097002974147793,0.012731640356897734,0.002802562342713338,0.006371539693433997,0.007950125829329673,0.02035003431708991,0.003786318920155571,0.012720201326927477,0.013269274765499885,0.01245710363761153,0.0015900251658659346,0.006280027453671929,0.005056051246854267,0.00017158544955387783,0.004186684969114619,1.1439029970258522e-05,0.0,5.719514985129261e-05,0.0,0.0016472203157172271,0.0001029512697323267,0.0,0.0,0.0,0.0,0.0,0.0,0.0,0.0,0.0,0.0,0.0,0.0,0.0,0.0,0.0,0.0,0.0,0.0,0.0,0.0,0.0,0.0,0.0,0.0,0.0,0.0,0.0,0.0,0.0,nan,nan,4.277005347593583,2.90305431664485,nan,0.9307968815432655,0.02392043788413617,0.0,0.0,0.0,0.0,0.0,0.0,0.0,0.0,0.0,0.0,0.0,0.0,0.0,0.0,0.0,0.0,0.0,0.0,0.0,0.0,0.0,0.0,0.0,0.0,0.0,0.08000000000000002,2.880000000000001,13.42666666666667,11.520000000000003,2.0933333333333337,0.9307092734239732,0.022808090375403083,0.0,0.0,0.0,0.0,0.0,0.0,0.0,0.0,0.0,0.0,0.0,0.0,0.0,0.0,0.0,0.0,0.0,0.0,0.0,0.0,0.0,0.0,0.0,0.0,0.0,0.07072135785007073,2.418670438472419,13.94625176803395,11.824611032531829,1.73974540311174,0.3853,0.02219,0.0,0.0,0.0,0.0,0.0,0.0,0.0,0.0,0.0,0.2666666666666667,5.493333333333335,16.639999999999976,7.160000000000002,0.4400000000000001,0.0,0.0,0.0,0.0,0.0,0.0,0.0,0.0,0.0,0.0,0.0,0.0,0.0,0.0,0.0,0.0,0.3862,0.0213,0.0,0.0,0.0,0.0,0.0,0.0,0.0,0.0,0.0,0.11315417256011318,5.643564356435644,16.77510608203675,6.930693069306932,0.5374823196605376,0.0,0.0,0.0,0.0,0.0,0.0,0.0,0.0,0.0,0.0,0.0,0.0,0.0,0.0,0.0,0.0
12400,4512,2383,0.5281471631205674,1133,897,0.4499113475177305,1232,0.5460992907801419,0.41,2.97463597933302,3.0496617822070666,6.43859649122807,2.0497737708883434,9358.968495437704,1423.5044248846618,7853.0,10755.559241652489,10704.418317840922,17.39461815725363,7853.0,0.0,28.39206560283688,20.95074769284651,33.24468364400105,19.189045529243753,0.13364361702127658,0.10549645390070922,0.08710106382978723,0.08089539007092199,0.08399822695035461,0.06715425531914894,0.07180851063829788,0.06848404255319149,0.06094858156028369,0.05740248226950355,0.047429078014184396,0.03900709219858156,0.034574468085106384,0.023714539007092198,0.01950354609929078,0.00997340425531915,0.008865248226950355,0.9298402135465162,0.02318213873926814,0.0,0.0,0.0,0.0,0.0,0.0,0.0,0.0,0.0,0.0,0.0,0.0,0.0,0.0,0.0,0.0,0.0,0.0,0.0,0.0,0.0,0.0,0.0,0.0,0.0,0.05319148936170214,2.8457446808510647,13.882978723404259,11.55585106382979,1.6622340425531918,4.186133879781421,2.85807007634718,nan,nan,nan,4.161246612466124,2.849383438541169,4.211432506887053,2.866651877931175,1.012060302859865,0.3862,0.02173,0.0,0.0,0.0,0.0,0.0,0.0,0.0,0.0,0.0,0.21276595744680857,5.073138297872341,16.79521276595742,7.486702127659576,0.43218085106382986,0.0,0.0,0.0,0.0,0.0,0.0,0.0,0.0,0.0,0.0,0.0,0.0,0.0,0.0,0.0,0.0,nan,nan,4.186133879781421,2.85807007634718,nan,0.3862,0.1022,0.0,0.0,0.0,0.0,0.0,0.0,0.0,0.0,0.0,0.0,0.0,3.324468085106383e-05,0.0,4.4326241134751776e-05,0.008156028368794326,0.00038785460992907803,0.001163563829787234,0.0030917553191489363,0.002271719858156028,0.0018617021276595746,0.0014184397163120568,0.0021054964539007092,0.025675975177304966,0.020988475177304965,0.0256427304964539,0.022096631205673758,0.02476728723404255,0.03674645390070922,0.012721631205673758,0.035848847517730494,0.01428413120567376,0.01816267730496454,0.03816489361702128,0.023936170212765957,0.03634751773049645,0.013752216312056737,0.06668882978723405,0.02579787234042553,0.03300088652482269,0.0573470744680851,0.04545656028368794,0.023503989361702126,0.029288563829787236,0.05054299645390071,0.03475177304964539,0.03696808510638298,0.01929299645390071,0.02139849290780142,0.03518395390070922,0.012211879432624114,0.0221520390070922,0.005718085106382978,0.015370124113475178,0.003302304964539007,0.006582446808510638,0.007834663120567376,0.019470301418439716,0.003945035460992907,0.011901595744680851,0.011513741134751773,0.011391843971631207,0.0015625,0.006227836879432624,0.0050310283687943266,9.973404255319148e-05,0.0050421099290780145,0.0,0.0,0.0,1.1081560283687944e-05,0.0016954787234042554,4.4326241134751776e-05,0.0,0.0,0.0,0.0,0.0,0.0,0.0,0.0,0.0,0.0,0.0,0.0,0.0,0.0,0.0,0.0,0.0,0.0,0.0,0.0,0.0,0.0,0.0,0.0,0.0,0.0,0.0,0.0,0.0,nan,nan,4.186133879781421,2.85807007634718,nan,0.9300550740154361,0.022966654359110956,0.0,0.0,0.0,0.0,0.0,0.0,0.0,0.0,0.0,0.0,0.0,0.0,0.0,0.0,0.0,0.0,0.0,0.0,0.0,0.0,0.0,0.0,0.0,0.0,0.0,0.06294586655476292,2.7444397817876633,14.011749895090226,11.506504406210661,1.6743600503566936,0.9295997191841695,0.02341864211885907,0.0,0.0,0.0,0.0,0.0,0.0,0.0,0.0,0.0,0.0,0.0,0.0,0.0,0.0,0.0,0.0,0.0,0.0,0.0,0.0,0.0,0.0,0.0,0.0,0.0,0.04227336777829968,2.959135744480978,13.738844527947396,11.611085016439647,1.6486613433536876,0.3865,0.02165,0.0,0.0,0.0,0.0,0.0,0.0,0.0,0.0,0.0,0.20142677297524134,4.809064204783887,17.05832983634072,7.5157364666386925,0.4154427192614353,0.0,0.0,0.0,0.0,0.0,0.0,0.0,0.0,0.0,0.0,0.0,0.0,0.0,0.0,0.0,0.0,0.386,0.0218,0.0,0.0,0.0,0.0,0.0,0.0,0.0,0.0,0.0,0.22545796148426497,5.368717707844059,16.500704556129616,7.45420385157351,0.45091592296852995,0.0,0.0,0.0,0.0,0.0,0.0,0.0,0.0,0.0,0.0,0.0,0.0,0.0,0.0,0.0,0.0
12500,4444,2273,0.5114761476147615,1054,938,0.44824482448244823,1278,0.5751575157515751,0.45,2.975126669737448,3.2083103198290264,6.935087719298245,2.1895278052240363,9311.464984613694,1425.4229832471704,7853.0,10763.698746442795,10704.481914484495,17.920953788861233,7853.0,0.0,27.153240324032403,20.655050420227404,32.2991059333514,18.88809598361084,0.1482898289828983,0.09900990099009901,0.09473447344734473,0.09158415841584158,0.08393339333933393,0.07605760576057606,0.06593159315931593,0.06053105310531053,0.058055805580558055,0.05130513051305131,0.04770477047704771,0.037803780378037805,0.02857785778577858,0.024752475247524754,0.014626462646264627,0.011026102610261027,0.0060756075607560755,0.9302042074347272,0.02332155658361421,0.0,0.0,0.0,0.0,0.0,0.0,0.0,0.0,0.0,0.0,0.0,0.0,0.0,0.0,0.0,0.0,0.0,0.0,0.0,0.0,0.0,0.0,0.0,0.0,0.0,0.12826282628262828,2.86903690369037,13.494599459945999,11.78667866786679,1.7214221422142217,4.442628774422736,2.93956199218286,nan,nan,nan,4.426751592356688,2.9369005512114708,4.458630527817403,2.942155188718492,1.0072014285860897,0.3867,0.02232,0.0,0.0,0.0,0.0,0.0,0.0,0.0,0.0,0.0,0.2700270027002701,5.150765076507652,16.478397839783955,7.554005400540055,0.5400540054005402,0.006750675067506752,0.0,0.0,0.0,0.0,0.0,0.0,0.0,0.0,0.0,0.0,0.0,0.0,0.0,0.0,0.0,nan,nan,4.442628774422736,2.93956199218286,nan,0.3867,0.10266,0.0,0.0,0.0,0.0,0.0,0.0,0.0,0.0,0.0,0.0,0.0,0.0,0.0,9.000900090009e-05,0.008067056705670567,0.0002812781278127813,0.0007763276327632763,0.003049054905490549,0.003397839783978398,0.001788928892889289,0.0014513951395139515,0.0022277227722772275,0.02304230423042304,0.02210846084608461,0.02563006300630063,0.021455895589558956,0.025405040504050406,0.04027902790279028,0.012443744374437444,0.03443969396939694,0.01602160216021602,0.016134113411341133,0.03942394239423942,0.023953645364536452,0.03451845184518452,0.014041404140414042,0.061116111611161116,0.026586408640864086,0.03415841584158416,0.05957470747074708,0.045432043204320434,0.022851035103510352,0.027182718271827184,0.05225022502250225,0.035924842484248425,0.036082358235823585,0.020567056705670567,0.021883438343834383,0.03550855085508551,0.011588658865886588,0.021714671467146715,0.006120612061206121,0.014052655265526553,0.003409090909090909,0.006458145814581458,0.007594509450945095,0.018969396939693968,0.004365436543654366,0.012184968496849686,0.01168991899189919,0.011678667866786679,0.0014626462646264626,0.0068519351935193516,0.005051755175517552,0.00014626462646264625,0.005715571557155716,0.0,0.0,0.0,0.0,0.0016314131413141314,0.00016876687668766877,0.0,0.0,0.0,0.0,0.0,0.0,0.0,0.0,0.0,0.0,0.0,0.0,0.0,0.0,0.0,0.0,0.0,0.0,0.0,0.0,0.0,0.0,0.0,0.0,0.0,0.0,0.0,0.0,0.0,nan,nan,4.442628774422736,2.93956199218286,nan,0.9302486056962623,0.022829574442722045,0.0,0.0,0.0,0.0,0.0,0.0,0.0,0.0,0.0,0.0,0.0,0.0,0.0,0.0,0.0,0.0,0.0,0.0,0.0,0.0,0.0,0.0,0.0,0.0,0.0,0.09238891333040038,2.7056753189617253,13.765948086229656,11.667399912010563,1.7685877694676644,0.9301577232115722,0.02382568114822456,0.0,0.0,0.0,0.0,0.0,0.0,0.0,0.0,0.0,0.0,0.0,0.0,0.0,0.0,0.0,0.0,0.0,0.0,0.0,0.0,0.0,0.0,0.0,0.0,0.0,0.16582220175034548,3.040073698756334,13.210502072777524,11.91156149239982,1.6720405343159839,0.3865,0.02231,0.0,0.0,0.0,0.0,0.0,0.0,0.0,0.0,0.0,0.2771667399912011,5.08139023317202,16.841179058512953,7.232732072151343,0.5675318961724594,0.0,0.0,0.0,0.0,0.0,0.0,0.0,0.0,0.0,0.0,0.0,0.0,0.0,0.0,0.0,0.0,0.387,0.02235,0.0,0.0,0.0,0.0,0.0,0.0,0.0,0.0,0.0,0.26255181943804706,5.223399355135883,16.098572086596015,7.89037309995394,0.5112851220635652,0.013818516812528792,0.0,0.0,0.0,0.0,0.0,0.0,0.0,0.0,0.0,0.0,0.0,0.0,0.0,0.0,0.0
12600,4796,2492,0.5195996663886572,1182,985,0.4518348623853211,1370,0.5713094245204337,0.426,3.045138888888889,3.1161893542949195,6.535232383808096,2.166226394003112,9333.937608962386,1424.0409787090666,7853.0,10769.006603717804,10703.151192850562,18.237277481876074,7853.0,0.0,28.20350291909925,20.910116735479008,33.07987141444115,19.13890089790699,0.1371976647206005,0.10279399499582986,0.08590492076730609,0.08444537114261885,0.0823603002502085,0.07610508757297749,0.07360300250208507,0.05984153461217681,0.05817347789824854,0.05212677231025855,0.05087572977481234,0.04128440366972477,0.034403669724770644,0.025020850708924104,0.017097581317764805,0.013135946622185155,0.005629691409507923,0.9293196210272616,0.023699263255066643,0.0,0.0,0.0,0.0,0.0,0.0,0.0,0.0,0.0,0.0,0.0,0.0,0.0,0.0,0.0,0.0,0.0,0.0,0.0,0.0,0.0,0.0,0.0,0.0,0.0,0.11884904086738951,3.0963302752293584,13.880316930775649,11.115512927439536,1.7889908256880738,4.260841836734694,2.9072959428778793,nan,nan,nan,4.240324594257179,2.895007868091463,4.282268578878749,2.9199196405939674,1.0098916919422574,0.3855,0.02217,0.0,0.0,0.0,0.0,0.0,0.0,0.0,0.0,0.0,0.2814845704753962,5.679733110925773,16.62010008340281,6.8432026688907435,0.5754795663052544,0.0,0.0,0.0,0.0,0.0,0.0,0.0,0.0,0.0,0.0,0.0,0.0,0.0,0.0,0.0,0.0,nan,nan,4.260841836734694,2.9072959428778793,nan,0.3855,0.1032,0.0,0.0,0.0,0.0,0.0,0.0,0.0,0.0,0.0,0.0,0.0,3.127606338615513e-05,8.340283569641368e-05,0.00027105921601334445,0.008819849874895747,0.00016680567139282736,0.0005316930775646372,0.00237698081734779,0.0035237698081734777,0.0016993327773144288,0.0014491242702251877,0.0020954962468723937,0.02353002502085071,0.023811509591326104,0.02572977481234362,0.02090283569641368,0.025656797331109257,0.041138448707256046,0.015387823185988324,0.03621768140116764,0.01560675562969141,0.01792118432026689,0.04238949124270225,0.02274812343619683,0.03313177648040033,0.013990825688073395,0.05713094245204337,0.028701000834028358,0.03390325271059216,0.057558381984987486,0.043692660550458715,0.024124270225187656,0.02543786488740617,0.05330483736447039,0.035404503753127606,0.03384070058381985,0.021757714762301917,0.020454545454545454,0.03594662218515429,0.01182235195996664,0.020152210175145954,0.0065992493744787325,0.01353211009174312,0.0034924937447873227,0.006713928273561301,0.007787739783152627,0.019161801501251043,0.004785237698081735,0.009361968306922435,0.012510425354462052,0.011457464553794828,0.0013969974979149292,0.007579232693911593,0.005389908256880734,0.00011467889908256881,0.005598415346121768,0.0,1.042535446205171e-05,0.0,2.085070892410342e-05,0.0018035863219349458,0.00023978315262718932,0.0,0.0,0.0,0.0,0.0,0.0,0.0,0.0,0.0,0.0,0.0,0.0,0.0,0.0,0.0,0.0,0.0,0.0,0.0,0.0,0.0,0.0,0.0,0.0,0.0,0.0,0.0,0.0,0.0,nan,nan,4.260841836734694,2.9072959428778793,nan,0.9290504203705688,0.02370407494247609,0.0,0.0,0.0,0.0,0.0,0.0,0.0,0.0,0.0,0.0,0.0,0.0,0.0,0.0,0.0,0.0,0.0,0.0,0.0,0.0,0.0,0.0,0.0,0.0,0.0,0.13242375601926165,3.2263242375601933,13.832263242375605,11.039325842696632,1.769662921348315,0.929610787709761,0.023690614533483766,0.0,0.0,0.0,0.0,0.0,0.0,0.0,0.0,0.0,0.0,0.0,0.0,0.0,0.0,0.0,0.0,0.0,0.0,0.0,0.0,0.0,0.0,0.0,0.0,0.0,0.10416666666666669,2.9557291666666674,13.93229166666667,11.19791666666667,1.8098958333333337,0.3853,0.02216,0.0,0.0,0.0,0.0,0.0,0.0,0.0,0.0,0.0,0.19261637239165333,5.898876404494383,16.516853932584247,6.765650080256823,0.6260032102728734,0.0,0.0,0.0,0.0,0.0,0.0,0.0,0.0,0.0,0.0,0.0,0.0,0.0,0.0,0.0,0.0,0.3855,0.02217,0.0,0.0,0.0,0.0,0.0,0.0,0.0,0.0,0.0,0.37760416666666674,5.442708333333335,16.731770833333307,6.927083333333335,0.5208333333333335,0.0,0.0,0.0,0.0,0.0,0.0,0.0,0.0,0.0,0.0,0.0,0.0,0.0,0.0,0.0,0.0
12700,5005,2611,0.5216783216783217,1240,1021,0.45174825174825173,1431,0.5718281718281718,0.37399999999999994,3.008771929824561,3.1286009021007453,6.671511627906977,2.0873935106896933,9340.04064912403,1423.9641423291575,7853.0,10760.347447872162,10703.493469500487,17.736511869641966,7853.0,0.0,28.266333666333665,20.675466633767456,32.81082981715893,19.002321394832524,0.12627372627372627,0.1028971028971029,0.0931068931068931,0.09090909090909091,0.07852147852147852,0.07112887112887113,0.07652347652347652,0.06633366633366633,0.057942057942057944,0.05554445554445554,0.047752247752247755,0.04075924075924076,0.03256743256743257,0.025174825174825177,0.017582417582417582,0.008991008991008992,0.007992007992007992,0.9299261007632885,0.023157179656067884,0.0,0.0,0.0,0.0,0.0,0.0,0.0,0.0,0.0,0.0,0.0,0.0,0.0,0.0,0.0,0.0,0.0,0.0,0.0,0.0,0.0,0.0,0.0,0.0,0.0,0.07192807192807193,2.907092907092908,13.894105894105897,11.47852147852148,1.6483516483516487,4.245549416820135,2.9187672239482905,nan,nan,nan,4.244265344079356,2.9391176493966475,4.249391727493918,2.8976613390532675,1.0012078376347777,0.3848,0.02202,0.0,0.0,0.0,0.0,0.0,0.0,0.0,0.0,0.005994005994005996,0.22777222777222783,6.035964035964038,16.387612387612364,6.995004995004996,0.34765234765234776,0.0,0.0,0.0,0.0,0.0,0.0,0.0,0.0,0.0,0.0,0.0,0.0,0.0,0.0,0.0,0.0,nan,nan,4.245549416820135,2.9187672239482905,nan,0.3848,0.1026,0.0,0.0,0.0,0.0,0.0,0.0,0.0,0.0,0.0,0.0,0.0,9.99000999000999e-05,3.996003996003996e-05,0.0004095904095904096,0.007412587412587413,8.991008991008991e-05,0.00042957042957042957,0.002347652347652348,0.0026773226773226773,0.0012987012987012987,0.001018981018981019,0.0022577422577422577,0.024715284715284714,0.024025974025974027,0.028191808191808193,0.021358641358641357,0.026653346653346652,0.04014985014985015,0.014645354645354646,0.03539460539460539,0.01703296703296703,0.02111888111888112,0.04073926073926074,0.022527472527472527,0.03273726273726274,0.014345654345654347,0.05507492507492508,0.03133866133866134,0.03331668331668332,0.06005994005994006,0.04041958041958042,0.024935064935064935,0.026083916083916085,0.05411588411588412,0.03709290709290709,0.03040959040959041,0.021828171828171827,0.0215984015984016,0.0361038961038961,0.01064935064935065,0.01955044955044955,0.006753246753246753,0.013686313686313687,0.0025874125874125876,0.006533466533466534,0.008141858141858142,0.018431568431568433,0.005094905094905095,0.01020979020979021,0.011618381618381619,0.01138861138861139,0.001098901098901099,0.0068931068931068935,0.005854145854145855,8.991008991008991e-05,0.005294705294705295,0.0,9.99000999000999e-06,1.998001998001998e-05,1.998001998001998e-05,0.0018781218781218781,9.99000999000999e-05,0.0,0.0,0.0,0.0,0.0,0.0,0.0,0.0,0.0,0.0,0.0,0.0,0.0,0.0,0.0,0.0,0.0,0.0,0.0,0.0,0.0,0.0,0.0,0.0,0.0,0.0,0.0,0.0,0.0,nan,nan,4.245549416820135,2.9187672239482905,nan,0.9302373612488608,0.023234355803840645,0.0,0.0,0.0,0.0,0.0,0.0,0.0,0.0,0.0,0.0,0.0,0.0,0.0,0.0,0.0,0.0,0.0,0.0,0.0,0.0,0.0,0.0,0.0,0.0,0.0,0.0919188050555343,2.6656453466104946,14.109536576024514,11.271543469934894,1.8613558023745695,0.9295866266079714,0.023067926003551478,0.0,0.0,0.0,0.0,0.0,0.0,0.0,0.0,0.0,0.0,0.0,0.0,0.0,0.0,0.0,0.0,0.0,0.0,0.0,0.0,0.0,0.0,0.0,0.0,0.0,0.05012531328320803,3.170426065162908,13.659147869674188,11.704260651629076,1.4160401002506269,0.3848,0.02205,0.0,0.0,0.0,0.0,0.0,0.0,0.0,0.0,0.011489850631941788,0.21830716200689396,5.9747223286097295,16.45346610494061,6.9973190348525485,0.3446955189582536,0.0,0.0,0.0,0.0,0.0,0.0,0.0,0.0,0.0,0.0,0.0,0.0,0.0,0.0,0.0,0.0,0.3848,0.02199,0.0,0.0,0.0,0.0,0.0,0.0,0.0,0.0,0.0,0.23809523809523814,6.102756892230578,16.315789473684188,6.992481203007521,0.35087719298245623,0.0,0.0,0.0,0.0,0.0,0.0,0.0,0.0,0.0,0.0,0.0,0.0,0.0,0.0,0.0,0.0
12800,4579,2396,0.5232583533522603,1109,915,0.4420179078401398,1279,0.5586372570430225,0.434,3.058634906092533,3.1776313021862777,6.728455284552846,2.1974308844427775,9345.037210591106,1424.2326508595797,7853.0,10776.926783204079,10704.43505312883,17.83697760894003,7853.0,0.0,27.93317318191745,20.93601120006231,32.8258499870231,19.218120081332003,0.13823979034723738,0.10242411006770037,0.09587246123607775,0.08560821139986896,0.07425202009172309,0.07949333915702118,0.06988425420397466,0.06005678095654073,0.0618038873116401,0.05110286088665648,0.04760864817645774,0.039965057872898016,0.030792749508626337,0.02576981873771566,0.017689451845381086,0.012011356191308145,0.007425202009172308,0.9306556123082464,0.023321249336384433,0.0,0.0,0.0,0.0,0.0,0.0,0.0,0.0,0.0,0.0,0.0,0.0,0.0,0.0,0.0,0.0,0.0,0.0,0.0,0.0,0.0,0.0,0.0,0.0,0.0,0.11137803013758465,2.738589211618258,13.39157021183665,11.943655820048049,1.8148067263594676,4.363139931740615,2.9231113392959935,nan,nan,nan,4.3253588516746415,2.8956715979451446,4.40081799591002,2.949740207663982,1.017445753479197,0.3857,0.02213,0.0,0.0,0.0,0.0,0.0,0.0,0.0,0.0,0.0,0.20965276261192406,5.450971827910026,16.92946058091284,6.853024677877268,0.543786853024678,0.013103297663245254,0.0,0.0,0.0,0.0,0.0,0.0,0.0,0.0,0.0,0.0,0.0,0.0,0.0,0.0,0.0,nan,nan,4.363139931740615,2.9231113392959935,nan,0.3857,0.10254,0.0,0.0,0.0,0.0,0.0,0.0,0.0,0.0,0.0,0.0,0.0,5.4597073596855206e-05,3.275824415811313e-05,0.00045861541821358377,0.007250491373662371,7.643590303559729e-05,0.00040401834461672857,0.002336754749945403,0.0030028390478270364,0.0009936667394627647,0.0010045861541821358,0.003046516706704521,0.024961782048482203,0.020801485040401836,0.02965713037781175,0.021751474120987116,0.02588993229962874,0.03964839484603625,0.014304433282376065,0.0335990390915047,0.017045206376938196,0.021019873334789257,0.03769381961126884,0.022930770910679188,0.034963965931426075,0.0128958287835772,0.05353789036907622,0.030126665210744703,0.03514959598165538,0.06338720244594889,0.039561039528281286,0.02326927276697969,0.028051976414064206,0.05515396374754313,0.03900414937759336,0.0314479143917886,0.021609521729635293,0.021096309237824854,0.0374426730727233,0.011902162044114435,0.018934265123389388,0.006234985804760865,0.012666521074470409,0.0014413627429569775,0.00649705175802577,0.009357938414500984,0.017558418868748635,0.004935575453155711,0.011094125354880979,0.010952172963529155,0.012295260974011794,0.0012229744485695567,0.006617165319938851,0.006114872242847783,0.00015287180607119458,0.0050993666739462765,0.0,0.0,2.1838829438742085e-05,0.0,0.0022384800174710634,0.0,0.0,0.0,0.0,0.0,0.0,0.0,0.0,0.0,0.0,0.0,0.0,0.0,0.0,0.0,0.0,0.0,0.0,0.0,0.0,0.0,0.0,0.0,0.0,0.0,0.0,0.0,0.0,0.0,0.0,nan,nan,4.363139931740615,2.9231113392959935,nan,0.9307811165194281,0.0231577457972622,0.0,0.0,0.0,0.0,0.0,0.0,0.0,0.0,0.0,0.0,0.0,0.0,0.0,0.0,0.0,0.0,0.0,0.0,0.0,0.0,0.0,0.0,0.0,0.0,0.0,0.08764607679465779,2.729549248747914,13.25959933222037,12.195325542570954,1.7278797996661106,0.9305178623815441,0.023498625176395272,0.0,0.0,0.0,0.0,0.0,0.0,0.0,0.0,0.0,0.0,0.0,0.0,0.0,0.0,0.0,0.0,0.0,0.0,0.0,0.0,0.0,0.0,0.0,0.0,0.0,0.13742556115437474,2.748511223087495,13.536417773705912,11.667430142006417,1.9102153000458089,0.386,0.02228,0.0,0.0,0.0,0.0,0.0,0.0,0.0,0.0,0.0,0.18781302170283812,5.396494156928215,16.903171953255402,6.986644407345578,0.5258764607679467,0.0,0.0,0.0,0.0,0.0,0.0,0.0,0.0,0.0,0.0,0.0,0.0,0.0,0.0,0.0,0.0,0.3855,0.02196,0.0,0.0,0.0,0.0,0.0,0.0,0.0,0.0,0.0,0.23362345396243706,5.510765002290427,16.958314246449817,6.706367384333488,0.5634448007329365,0.02748511223087495,0.0,0.0,0.0,0.0,0.0,0.0,0.0,0.0,0.0,0.0,0.0,0.0,0.0,0.0,0.0
12900,4728,2419,0.5116328257191202,1123,1004,0.4498730964467005,1355,0.573181049069374,0.41,2.962754439151148,3.0867910992649117,6.595576619273301,2.1966755056914624,9311.764440130284,1425.2654654696066,7853.0,10772.27974164486,10704.193994599416,17.401441120460007,7853.0,0.0,27.560913705583758,20.602045021395796,32.42684462352052,18.890168167006138,0.13684433164128595,0.10532994923857868,0.08967851099830795,0.0901015228426396,0.08375634517766498,0.07973773265651438,0.06789340101522842,0.06324027072758037,0.05964467005076142,0.04949238578680203,0.04568527918781726,0.04145516074450085,0.03003384094754653,0.02284263959390863,0.018189509306260575,0.010575296108291032,0.005499153976311337,0.9298439185858378,0.0231131704845016,0.0,0.0,0.0,0.0,0.0,0.0,0.0,0.0,0.0,0.0,0.0,0.0,0.0,0.0,0.0,0.0,0.0,0.0,0.0,0.0,0.0,0.0,0.0,0.0,0.0,0.09517766497461931,2.8997461928934016,13.648477157360409,11.675126903553302,1.6814720812182744,4.190194142810135,2.817941144756726,nan,nan,nan,4.155629139072848,2.7910010490574266,4.224329627207325,2.8438837722931907,1.0165319102921213,0.3862,0.02173,0.0,0.0,0.0,0.0,0.0,0.0,0.0,0.0,0.0,0.19035532994923862,5.399746192893403,16.345177664974596,7.722081218274114,0.3362944162436549,0.006345177664974621,0.0,0.0,0.0,0.0,0.0,0.0,0.0,0.0,0.0,0.0,0.0,0.0,0.0,0.0,0.0,nan,nan,4.190194142810135,2.817941144756726,nan,0.3862,0.1019,0.0,0.0,0.0,0.0,0.0,0.0,0.0,0.0,0.0,0.0,0.0,0.00020093062605752962,0.00011632825719120135,0.00022208121827411168,0.00635575296108291,0.00010575296108291032,0.00041243654822335025,0.0018612521150592216,0.003310067681895093,0.0015651438240270727,0.0007825719120135363,0.0027390016920473773,0.02325507614213198,0.019416243654822335,0.029843485617597292,0.0225253807106599,0.025846023688663282,0.042089678510998305,0.014424703891708968,0.03200084602368866,0.017882825719120136,0.020114213197969542,0.03858925549915398,0.023656937394247037,0.033978426395939086,0.013462351945854484,0.05191412859560068,0.029536802030456853,0.03746827411167513,0.05983502538071066,0.042406937394247037,0.024069373942470388,0.02758037225042301,0.05271785109983079,0.03854695431472081,0.03183164128595601,0.022916666666666665,0.02151015228426396,0.039382402707275804,0.011950084602368866,0.01958544839255499,0.007032571912013536,0.011632825719120136,0.0015651438240270727,0.006292301184433164,0.010765651438240272,0.018305837563451777,0.004325296108291033,0.009866751269035533,0.010733925549915398,0.012415397631133671,0.0011421319796954316,0.006503807106598985,0.006091370558375634,9.517766497461929e-05,0.005456852791878172,0.0,0.0,0.0,0.0,0.0017660744500846025,0.0,0.0,0.0,0.0,0.0,0.0,0.0,0.0,0.0,0.0,0.0,0.0,0.0,0.0,0.0,0.0,0.0,0.0,0.0,0.0,0.0,0.0,0.0,0.0,0.0,0.0,0.0,0.0,0.0,0.0,nan,nan,4.190194142810135,2.817941144756726,nan,0.9301267810329124,0.023209316642746673,0.0,0.0,0.0,0.0,0.0,0.0,0.0,0.0,0.0,0.0,0.0,0.0,0.0,0.0,0.0,0.0,0.0,0.0,0.0,0.0,0.0,0.0,0.0,0.0,0.0,0.08681273253410503,2.8772219925589093,13.555188094253827,11.707317073170735,1.7734601074824312,0.9295475806648879,0.023008283452770405,0.0,0.0,0.0,0.0,0.0,0.0,0.0,0.0,0.0,0.0,0.0,0.0,0.0,0.0,0.0,0.0,0.0,0.0,0.0,0.0,0.0,0.0,0.0,0.0,0.0,0.10394110004330881,2.9233434387180606,13.74621048072759,11.641403204850588,1.5851017756604595,0.386,0.02147,0.0,0.0,0.0,0.0,0.0,0.0,0.0,0.0,0.0,0.18602728400165364,5.382389417114512,16.457213724679594,7.614716825134354,0.35965274906986366,0.0,0.0,0.0,0.0,0.0,0.0,0.0,0.0,0.0,0.0,0.0,0.0,0.0,0.0,0.0,0.0,0.3865,0.022,0.0,0.0,0.0,0.0,0.0,0.0,0.0,0.0,0.0,0.19488956258120405,5.417929839757472,16.227804244261563,7.834560415764401,0.31182330012992643,0.012992637505413601,0.0,0.0,0.0,0.0,0.0,0.0,0.0,0.0,0.0,0.0,0.0,0.0,0.0,0.0,0.0
13000,4846,2497,0.5152703260420965,1140,999,0.44139496491952124,1351,0.5575732562938506,0.418,2.9655172413793105,3.1092089762996213,6.704361873990307,2.1841321655392507,9322.374169118311,1425.2180673689347,7853.0,10759.864384055138,10704.656877672141,17.401669785169542,7853.0,0.0,27.705117622781675,20.89255581250541,32.47994129158513,19.263902362790585,0.13743293437886916,0.1040033016921172,0.09863805200165085,0.08439950474618242,0.08151052414362361,0.0751134956665291,0.07346264960792406,0.06520841931489889,0.0520016508460586,0.051588939331407346,0.03838217086256707,0.04085843995047462,0.03528683450268263,0.025794469665703673,0.018159306644655385,0.00990507635163021,0.008254230293025175,0.9295296058077188,0.02315587606379149,0.0,0.0,0.0,0.0,0.0,0.0,0.0,0.0,0.0,0.0,0.0,0.0,0.0,0.0,0.0,0.0,0.0,0.0,0.0,0.0,0.0,0.0,0.0,0.0,0.006190672719768883,0.09286009079653325,2.8786628146925306,14.02806438299629,11.341312422616594,1.6529096161782917,4.296859825186145,2.835558992686443,nan,nan,nan,4.316742081447964,2.870035144809861,4.276913099870298,2.8004027534078064,0.99077337009574,0.3867,0.022,0.0,0.0,0.0,0.0,0.0,0.0,0.0,0.0,0.0,0.09286009079653325,5.367313248039622,16.374329343788666,7.558811390837806,0.6004952538175816,0.006190672719768883,0.0,0.0,0.0,0.0,0.0,0.0,0.0,0.0,0.0,0.0,0.0,0.0,0.0,0.0,0.0,nan,nan,4.296859825186145,2.835558992686443,nan,0.3867,0.1017,0.0,0.0,0.0,0.0,0.0,0.0,0.0,0.0,0.0,0.0,0.0,0.0003611225753198514,8.254230293025175e-05,0.00015476681799422203,0.006500206355757325,7.222451506397028e-05,0.00042302930251754027,0.0019913330581923234,0.00358027238959967,0.001733388361535287,0.000505571605447792,0.0027135782088320262,0.022234832851836566,0.019841106066859265,0.02949855550969872,0.021935617003714405,0.025402393726784978,0.041188609162195626,0.013784564589352044,0.03242880726372266,0.01707593891869583,0.019882377218324393,0.038433759801898476,0.024040445728435823,0.03433759801898473,0.014723483285183657,0.05224927775484936,0.029189021873710277,0.03829962855963681,0.059110606685926534,0.04199339661576558,0.023854725546842755,0.027166735451919107,0.052569129178704085,0.03769087907552621,0.033532810565414774,0.023782501031778785,0.02190466364011556,0.04061081304168386,0.011617829137432934,0.019552208006603383,0.006933553446141148,0.011607511349566653,0.0013103590590177465,0.0064176640528270735,0.011463062319438713,0.01856170037144036,0.004508873297565002,0.010142385472554685,0.01186545604622369,0.01158687577383409,0.0009801898472967395,0.005303342963268675,0.00582955014444903,7.222451506397028e-05,0.005344614114733801,1.0317787866281469e-05,0.0,0.0,5.158893933140735e-05,0.001960379694593479,0.0,0.0,0.0,0.0,0.0,0.0,0.0,0.0,0.0,0.0,0.0,0.0,0.0,0.0,0.0,0.0,0.0,0.0,0.0,0.0,0.0,0.0,0.0,0.0,0.0,0.0,0.0,0.0,0.0,0.0,nan,nan,4.296859825186145,2.835558992686443,nan,0.9298978933440145,0.0228805402742476,0.0,0.0,0.0,0.0,0.0,0.0,0.0,0.0,0.0,0.0,0.0,0.0,0.0,0.0,0.0,0.0,0.0,0.0,0.0,0.0,0.0,0.0,0.0,0.0,0.0,0.09611533840608733,2.7032438926712063,14.020824989987988,11.533840608730479,1.6459751702042456,0.9291381141184339,0.023438669907236472,0.0,0.0,0.0,0.0,0.0,0.0,0.0,0.0,0.0,0.0,0.0,0.0,0.0,0.0,0.0,0.0,0.0,0.0,0.0,0.0,0.0,0.0,0.0,0.0,0.012771392081736912,0.0893997445721584,3.0651340996168592,14.035759897828866,11.136653895274588,1.6602809706257986,0.3872,0.02208,0.0,0.0,0.0,0.0,0.0,0.0,0.0,0.0,0.0,0.08410092110532641,5.23828594313176,16.267521025230252,7.7733279935923125,0.6247496996395676,0.012014417300760916,0.0,0.0,0.0,0.0,0.0,0.0,0.0,0.0,0.0,0.0,0.0,0.0,0.0,0.0,0.0,0.3862,0.02191,0.0,0.0,0.0,0.0,0.0,0.0,0.0,0.0,0.0,0.1021711366538953,5.504469987228609,16.487867177522325,7.330779054916987,0.574712643678161,0.0,0.0,0.0,0.0,0.0,0.0,0.0,0.0,0.0,0.0,0.0,0.0,0.0,0.0,0.0,0.0
13100,4570,2390,0.5229759299781181,1078,922,0.437636761487965,1252,0.5479212253829322,0.446,2.988532110091743,3.0588054050314604,6.3984,2.1599253320427536,9343.685489351457,1423.7454280892603,7853.0,10763.174208283424,10703.390245328937,17.430648180964173,7853.0,0.0,28.310284463894966,21.33453460653653,33.28753577933906,19.619721109252495,0.13785557986870897,0.10043763676148797,0.09299781181619256,0.08840262582056893,0.08336980306345733,0.06892778993435449,0.06695842450765864,0.06542669584245077,0.052078774617067836,0.04835886214442013,0.04726477024070022,0.04245076586433261,0.035667396061269147,0.02975929978118162,0.019037199124726477,0.013347921225382932,0.007658643326039387,0.9281705906928499,0.023512894035959644,0.0,0.0,0.0,0.0,0.0,0.0,0.0,0.0,0.0,0.0,0.0,0.0,0.0,0.0,0.0,0.0,0.0,0.0,0.0,0.0,0.0,0.0,0.0,0.0,0.0,0.11816192560175057,3.288840262582058,14.113785557986875,11.028446389496722,1.4507658643326042,4.226057529610829,2.8454251922356217,nan,nan,nan,4.2050237610319074,2.834670762675755,4.246963562753036,2.8559206839105995,1.0099737371545403,0.3872,0.0217,0.0,0.0,0.0,0.0,0.0,0.0,0.0,0.0,0.0,0.17724288840262586,4.897155361050329,16.66739606126912,7.719912472647704,0.5317286652078775,0.006564551422319476,0.0,0.0,0.0,0.0,0.0,0.0,0.0,0.0,0.0,0.0,0.0,0.0,0.0,0.0,0.0,nan,nan,4.226057529610829,2.8454251922356217,nan,0.3872,0.10095,0.0,0.0,0.0,0.0,0.0,0.0,0.0,0.0,0.0,0.0,0.0,0.0004814004376367615,0.00012035010940919038,0.00010940919037199125,0.0057439824945295405,0.0,0.0005798687089715537,0.00200218818380744,0.0036542669584245075,0.0017177242888402626,0.0003938730853391685,0.0019912472647702407,0.02089715536105033,0.018172866520787746,0.030634573304157548,0.02272428884026258,0.023293216630196935,0.04113785557986871,0.013894967177242888,0.0312363238512035,0.017188183807439826,0.01839168490153173,0.04135667396061269,0.023336980306345734,0.03614879649890591,0.015382932166301969,0.05155361050328228,0.02788840262582057,0.042166301969365425,0.0599671772428884,0.04137855579868709,0.023522975929978117,0.02688183807439825,0.05394967177242888,0.0362910284463895,0.035568927789934354,0.023150984682713347,0.022319474835886213,0.04026258205689278,0.011772428884026258,0.02164113785557987,0.005492341356673961,0.012155361050328228,0.0010831509846827134,0.0062582056892779,0.010689277899343545,0.017560175054704596,0.005,0.01074398249452954,0.012155361050328228,0.011323851203501094,0.0005908096280087527,0.005361050328227571,0.0052078774617067836,8.7527352297593e-05,0.005273522975929978,1.0940919037199125e-05,0.0,0.0,0.00012035010940919038,0.0019693654266958426,0.0,1.0940919037199125e-05,0.0,0.0,0.0,0.0,0.0,0.0,0.0,0.0,0.0,0.0,0.0,0.0,0.0,0.0,0.0,0.0,0.0,0.0,0.0,0.0,0.0,0.0,0.0,0.0,0.0,0.0,0.0,0.0,nan,nan,4.226057529610829,2.8454251922356217,nan,0.9283119280717362,0.023723021539914936,0.0,0.0,0.0,0.0,0.0,0.0,0.0,0.0,0.0,0.0,0.0,0.0,0.0,0.0,0.0,0.0,0.0,0.0,0.0,0.0,0.0,0.0,0.0,0.0,0.0,0.11297071129707115,3.351464435146444,13.933054393305442,10.995815899581594,1.6066945606694565,0.928015638245355,0.023279359477092112,0.0,0.0,0.0,0.0,0.0,0.0,0.0,0.0,0.0,0.0,0.0,0.0,0.0,0.0,0.0,0.0,0.0,0.0,0.0,0.0,0.0,0.0,0.0,0.0,0.0,0.12385321100917433,3.220183486238533,14.31192660550459,11.06422018348624,1.279816513761468,0.3865,0.02164,0.0,0.0,0.0,0.0,0.0,0.0,0.0,0.0,0.0,0.1380753138075314,5.209205020920503,16.7196652719665,7.405857740585776,0.5146443514644352,0.012552301255230129,0.0,0.0,0.0,0.0,0.0,0.0,0.0,0.0,0.0,0.0,0.0,0.0,0.0,0.0,0.0,0.3882,0.02171,0.0,0.0,0.0,0.0,0.0,0.0,0.0,0.0,0.0,0.22018348623853215,4.555045871559634,16.61009174311924,8.06422018348624,0.5504587155963304,0.0,0.0,0.0,0.0,0.0,0.0,0.0,0.0,0.0,0.0,0.0,0.0,0.0,0.0,0.0,0.0
13200,4780,2519,0.5269874476987447,1245,927,0.45439330543933054,1306,0.5464435146443515,0.418,2.9668288367978772,3.11964798042772,6.512121212121212,2.202926094821843,9355.669093657463,1423.6934896608732,7853.0,10758.396634817123,10704.432420675932,17.325442858855897,7853.0,0.0,28.554602510460253,20.874474155904306,33.19390513639715,19.14797321037453,0.1311715481171548,0.09560669456066946,0.09330543933054393,0.08786610878661087,0.08221757322175732,0.07510460251046025,0.06778242677824267,0.06778242677824267,0.05167364016736402,0.05753138075313807,0.047280334728033474,0.04560669456066946,0.03472803347280335,0.026569037656903764,0.01799163179916318,0.011715481171548118,0.006066945606694561,0.9281330738855705,0.022714405758553435,0.0,0.0,0.0,0.0,0.0,0.0,0.0,0.0,0.0,0.0,0.0,0.0,0.0,0.0,0.0,0.0,0.0,0.0,0.0,0.0,0.0,0.0,0.0,0.0,0.0,0.09414225941422596,3.2761506276150634,14.196652719665275,11.19037656903766,1.2426778242677827,4.104581358609795,2.9923749105267756,nan,nan,nan,4.0922299431459255,2.9993191929440903,4.116940581542352,2.9853589204572444,1.0060384286170951,0.3884,0.02226,0.0,0.0,0.0,0.0,0.0,0.0,0.0,0.0,0.0,0.20083682008368206,4.656903765690378,16.048117154811692,8.347280334728035,0.7468619246861926,0.0,0.0,0.0,0.0,0.0,0.0,0.0,0.0,0.0,0.0,0.0,0.0,0.0,0.0,0.0,0.0,nan,nan,4.104581358609795,2.9923749105267756,nan,0.3884,0.10114,0.0,0.0,0.0,0.0,0.0,0.0,0.0,0.0,0.0,0.0,0.0,0.0006694560669456067,3.1380753138075316e-05,2.092050209205021e-05,0.0052615062761506275,3.1380753138075316e-05,0.0006380753138075314,0.0014539748953974895,0.004131799163179916,0.0014644351464435147,0.0003661087866108787,0.002719665271966527,0.020481171548117155,0.01880753138075314,0.030523012552301255,0.0226255230125523,0.022384937238493725,0.038838912133891214,0.013514644351464435,0.032635983263598324,0.017552301255230125,0.017646443514644353,0.04076359832635983,0.0226255230125523,0.03331589958158996,0.015209205020920501,0.05322175732217573,0.028661087866108787,0.04255230125523012,0.06192468619246862,0.03905857740585774,0.024518828451882847,0.026192468619246862,0.0572071129707113,0.03265690376569037,0.03412133891213389,0.023085774058577407,0.022719665271966526,0.040910041841004184,0.0125,0.022269874476987448,0.006307531380753138,0.012332635983263599,0.001307531380753138,0.005523012552301255,0.010523012552301255,0.019131799163179915,0.00502092050209205,0.012604602510460252,0.012259414225941423,0.011129707112970712,0.0007845188284518828,0.005460251046025105,0.00555439330543933,7.322175732217574e-05,0.004884937238493724,0.0,0.0,0.0,0.00012552301255230126,0.0016631799163179916,0.0,0.0,0.0,0.0,0.0,0.0,0.0,0.0,0.0,0.0,0.0,0.0,0.0,0.0,0.0,0.0,0.0,0.0,0.0,0.0,0.0,0.0,0.0,0.0,0.0,0.0,0.0,0.0,0.0,0.0,nan,nan,4.104581358609795,2.9923749105267756,nan,0.9282279161055347,0.0226893042238546,0.0,0.0,0.0,0.0,0.0,0.0,0.0,0.0,0.0,0.0,0.0,0.0,0.0,0.0,0.0,0.0,0.0,0.0,0.0,0.0,0.0,0.0,0.0,0.0,0.0,0.1071853910281858,3.1441048034934505,14.339023421992858,11.171099642715365,1.2385867407701472,0.9280274093335628,0.022741873173250438,0.0,0.0,0.0,0.0,0.0,0.0,0.0,0.0,0.0,0.0,0.0,0.0,0.0,0.0,0.0,0.0,0.0,0.0,0.0,0.0,0.0,0.0,0.0,0.0,0.0,0.0796107916850951,3.4232640424590897,14.038036267138438,11.211853162317562,1.2472357363998232,0.3884,0.0223,0.0,0.0,0.0,0.0,0.0,0.0,0.0,0.0,0.0,0.25009924573243353,4.692338229456134,15.827709408495412,8.515283842794762,0.7145692735212388,0.0,0.0,0.0,0.0,0.0,0.0,0.0,0.0,0.0,0.0,0.0,0.0,0.0,0.0,0.0,0.0,0.3884,0.02223,0.0,0.0,0.0,0.0,0.0,0.0,0.0,0.0,0.0,0.14595311808934103,4.617425917735516,16.293675364882773,8.160106147722248,0.7828394515701019,0.0,0.0,0.0,0.0,0.0,0.0,0.0,0.0,0.0,0.0,0.0,0.0,0.0,0.0,0.0,0.0
13300,4869,2546,0.5228999794619018,1206,972,0.44731977818853974,1347,0.5532963647566236,0.40599999999999997,3.0361601377529057,3.214860200351491,6.894495412844036,2.1172511835249916,9343.841542161474,1424.115528296537,7853.0,10769.2040361166,10704.102697872826,18.0942697820538,7853.0,0.0,27.594167180119122,20.677387130372956,32.54179946065212,18.944329631852487,0.1421236393509961,0.10125282398849866,0.09714520435407681,0.0835900595604847,0.07804477305401519,0.0809201067981105,0.06818648593140275,0.06079277058944342,0.05750667488190594,0.05545286506469501,0.04682686383240912,0.03717395769151777,0.03306633805709591,0.02649414664202095,0.014992811665639762,0.010885192031217909,0.005545286506469501,0.9280371229172145,0.023372687574649283,0.0,0.0,0.0,0.0,0.0,0.0,0.0,0.0,0.0,0.0,0.0,0.0,0.0,0.0,0.0,0.0,0.0,0.0,0.0,0.0,0.0,0.0,0.0,0.0,0.00616142945163278,0.09858287122612448,3.2593961799137405,14.245224892174988,10.831792975970428,1.5588416512630934,4.313882654697018,3.010705962842325,nan,nan,nan,4.353993610223642,3.0434434361165574,4.273663876368319,2.9777769782979555,0.9815503326264191,0.3884,0.02196,0.0,0.0,0.0,0.0,0.0,0.0,0.0,0.0,0.0,0.1478743068391867,4.584103512014789,16.487985212569292,8.02218114602588,0.7455329636475664,0.01232285890326556,0.0,0.0,0.0,0.0,0.0,0.0,0.0,0.0,0.0,0.0,0.0,0.0,0.0,0.0,0.0,nan,nan,4.313882654697018,3.010705962842325,nan,0.3884,0.1004,0.0,0.0,0.0,0.0,0.0,0.0,0.0,0.0,0.0,0.0,0.0,0.0003491476689258575,0.00011295953994660094,9.242144177449168e-05,0.0053707126720065725,3.080714725816389e-05,0.000277264325323475,0.0017457383446292873,0.003039638529472171,0.0009550215650030807,0.00047237625795851305,0.003265557609365373,0.022355719860340934,0.016933661942904087,0.030570959129184637,0.022314643663996714,0.02234545081125488,0.04033682481002259,0.013555144793592114,0.028989525569932225,0.01811460258780037,0.018196754980488807,0.0392483056069008,0.02243787225302937,0.032296159375641814,0.014736085438488396,0.056356541384267815,0.030550421031012527,0.04075785582255083,0.06601971657424523,0.03775929348942288,0.025713698911480797,0.025128363113575684,0.059457794208256316,0.03217293078660916,0.035007188334360236,0.022653522283836516,0.021965495995070857,0.04088108441158349,0.0120866707742863,0.02170876976791949,0.007414253440131443,0.012333127952351612,0.0011604025467241734,0.005576093653727665,0.00931402752105155,0.019079893201889506,0.005689053193674265,0.011675908810844116,0.011686177859930171,0.012096939823372356,0.0011090573012939,0.004826453070445677,0.00541178886835079,1.0269049086054631e-05,0.004302731567056891,0.0,0.0,0.0,0.00021565003080714726,0.0017354692955432328,0.0,0.0,0.0,0.0,0.0,0.0,0.0,0.0,0.0,0.0,0.0,0.0,0.0,0.0,0.0,0.0,0.0,0.0,0.0,0.0,0.0,0.0,0.0,0.0,0.0,0.0,0.0,0.0,0.0,0.0,nan,nan,4.313882654697018,3.010705962842325,nan,0.9277676335723963,0.02340000367072905,0.0,0.0,0.0,0.0,0.0,0.0,0.0,0.0,0.0,0.0,0.0,0.0,0.0,0.0,0.0,0.0,0.0,0.0,0.0,0.0,0.0,0.0,0.0,0.0,0.0,0.1060487038491752,3.240377062058131,14.540455616653578,10.439905734485471,1.6732128829536532,0.9283324823110616,0.023339138673259457,0.0,0.0,0.0,0.0,0.0,0.0,0.0,0.0,0.0,0.0,0.0,0.0,0.0,0.0,0.0,0.0,0.0,0.0,0.0,0.0,0.0,0.0,0.0,0.0,0.012914334911752048,0.09040034438226434,3.28024106758502,13.921653034868708,11.261300043047786,1.4334911752044774,0.3882,0.0219,0.0,0.0,0.0,0.0,0.0,0.0,0.0,0.0,0.0,0.1531814611154753,4.595443833464258,16.802827965435956,7.635506677140614,0.8012568735271015,0.011783189316575023,0.0,0.0,0.0,0.0,0.0,0.0,0.0,0.0,0.0,0.0,0.0,0.0,0.0,0.0,0.0,0.3887,0.02203,0.0,0.0,0.0,0.0,0.0,0.0,0.0,0.0,0.0,0.14205768402927252,4.5716745587602245,16.142918639690034,8.445975032285839,0.6844597503228586,0.012914334911752048,0.0,0.0,0.0,0.0,0.0,0.0,0.0,0.0,0.0,0.0,0.0,0.0,0.0,0.0,0.0
13400,4746,2378,0.5010535187526338,1105,996,0.44268857985672144,1380,0.5815423514538559,0.422,2.960304054054054,3.105973741119539,6.586309523809524,2.106182102063389,9281.501561734178,1425.5471191997826,7853.0,10760.944731235504,10703.995968036335,17.250772867931513,7853.0,0.0,28.115044247787612,20.996433716007814,33.1586224233283,19.187970383907604,0.1430678466076696,0.09713442899283607,0.0922882427307206,0.08638853771597134,0.0762747576906869,0.07269279393173199,0.07163927517909818,0.06236831015592077,0.0606826801517067,0.05520438263801096,0.04993678887484197,0.03581963758954909,0.032448377581120944,0.0269700800674252,0.020227560050568902,0.009270965023177412,0.007585335018963337,0.9282175006742875,0.02309919930452155,0.0,0.0,0.0,0.0,0.0,0.0,0.0,0.0,0.0,0.0,0.0,0.0,0.0,0.0,0.0,0.0,0.0,0.0,0.0,0.0,0.0,0.0,0.0,0.0,0.0,0.08849557522123896,3.1479140328697857,14.323640960809106,10.954487989886223,1.485461441213654,4.246268656716418,2.8228051829851246,nan,nan,nan,4.318300653594771,2.837653866341519,4.175257731958763,2.8062809129593953,0.9668751823667183,0.388,0.02121,0.0,0.0,0.0,0.0,0.0,0.0,0.0,0.0,0.0,0.17699115044247793,4.481668773704173,16.8773704171934,7.9393173198482945,0.5183312262958282,0.006321112515802783,0.0,0.0,0.0,0.0,0.0,0.0,0.0,0.0,0.0,0.0,0.0,0.0,0.0,0.0,0.0,nan,nan,4.246268656716418,2.8228051829851246,nan,0.388,0.1005,0.0,0.0,0.0,0.0,0.0,0.0,0.0,0.0,0.0,0.0,0.0,0.0004108723135271808,4.2140750105351876e-05,7.374631268436578e-05,0.004498525073746313,6.321112515802781e-05,0.00012642225031605562,0.0016434892541087231,0.0037926675094816687,0.001021913190054783,0.00042140750105351877,0.003118415507796039,0.022850821744627055,0.01627686472819216,0.0334913611462284,0.023114201432785503,0.022945638432364097,0.040834386852085965,0.013348082595870206,0.028455541508638854,0.01960598398651496,0.016940581542351455,0.03781078803202697,0.02385166455962916,0.03176359039190898,0.01607669616519174,0.05187526337968816,0.029435313948588285,0.04091866835229667,0.06715128529287821,0.03758954909397387,0.026306363253265908,0.02556890012642225,0.057437842393594604,0.03194268857985672,0.034681837336704595,0.023367045933417614,0.019058154235145387,0.044721871049304675,0.013042562157606406,0.022324062368310155,0.007764433206911083,0.012220817530552043,0.0011061946902654867,0.005193847450484619,0.008512431521281078,0.02038558786346397,0.006342182890855457,0.011967973029919933,0.01027180783817952,0.010798567214496417,0.0012642225031605564,0.004329962073324905,0.004509060261272651,1.0535187526337969e-05,0.005046354825115887,0.0,0.0,1.0535187526337969e-05,0.00025284450063211124,0.002001685630004214,1.0535187526337969e-05,0.0,0.0,0.0,0.0,0.0,0.0,0.0,0.0,0.0,0.0,0.0,0.0,0.0,0.0,0.0,0.0,0.0,0.0,0.0,0.0,0.0,0.0,0.0,0.0,0.0,0.0,0.0,0.0,0.0,nan,nan,4.246268656716418,2.8228051829851246,nan,0.9281698230738595,0.023394540668170524,0.0,0.0,0.0,0.0,0.0,0.0,0.0,0.0,0.0,0.0,0.0,0.0,0.0,0.0,0.0,0.0,0.0,0.0,0.0,0.0,0.0,0.0,0.0,0.0,0.0,0.10092514718250634,3.292682926829269,14.129520605550885,10.874684608915057,1.602186711522288,0.9282653796159335,0.022798660507628882,0.0,0.0,0.0,0.0,0.0,0.0,0.0,0.0,0.0,0.0,0.0,0.0,0.0,0.0,0.0,0.0,0.0,0.0,0.0,0.0,0.0,0.0,0.0,0.0,0.0,0.07601351351351353,3.0025337837837847,14.518581081081084,11.03462837837838,1.3682432432432436,0.3877,0.021,0.0,0.0,0.0,0.0,0.0,0.0,0.0,0.0,0.0,0.15138772077375948,4.516400336417158,17.182506307821676,7.657695542472668,0.47939444911690504,0.012615643397813292,0.0,0.0,0.0,0.0,0.0,0.0,0.0,0.0,0.0,0.0,0.0,0.0,0.0,0.0,0.0,0.3884,0.02144,0.0,0.0,0.0,0.0,0.0,0.0,0.0,0.0,0.0,0.20270270270270274,4.446790540540541,16.570945945945923,8.22212837837838,0.5574324324324326,0.0,0.0,0.0,0.0,0.0,0.0,0.0,0.0,0.0,0.0,0.0,0.0,0.0,0.0,0.0,0.0
13500,4632,2431,0.5248272884283247,1165,905,0.44689119170984454,1266,0.5466321243523317,0.418,2.9741026805997275,3.0640240630237905,6.340625,2.1957856474107396,9348.96980895187,1423.5014930222096,7853.0,10766.829795122147,10703.404012778716,17.667695093742374,7853.0,0.0,28.84520725388601,21.16143034383817,33.54653816890692,19.41451678238435,0.13082901554404144,0.09715025906735751,0.09455958549222798,0.08160621761658031,0.08009499136442141,0.07253886010362694,0.06476683937823834,0.06563039723661486,0.06196027633851468,0.05850604490500864,0.044905008635578586,0.0403713298791019,0.040803108808290155,0.028065630397236616,0.018134715025906734,0.013385146804835924,0.006692573402417962,0.9280612948439076,0.02365611123626118,0.0,0.0,0.0,0.0,0.0,0.0,0.0,0.0,0.0,0.0,0.0,0.0,0.0,0.0,0.0,0.0,0.0,0.0,0.0,0.0,0.0,0.0,0.0,0.0,0.0,0.11658031088082904,3.3354922279792754,14.306994818652853,10.621761658031092,1.619170984455959,4.2097625329815305,2.890514867096789,nan,nan,nan,4.145118733509235,2.8597463168009227,4.274406332453826,2.9195283447396543,1.031190324633991,0.3867,0.02089,0.0,0.0,0.0,0.0,0.0,0.0,0.0,0.0,0.0,0.12305699481865287,4.9740932642487055,17.124352331606193,7.325129533678758,0.4533678756476685,0.0,0.0,0.0,0.0,0.0,0.0,0.0,0.0,0.0,0.0,0.0,0.0,0.0,0.0,0.0,0.0,nan,nan,4.2097625329815305,2.890514867096789,nan,0.3867,0.0999,0.0,0.0,0.0,0.0,0.0,0.0,0.0,0.0,0.0,0.0,0.0,0.0003022452504317789,0.0,4.317789291882556e-05,0.004641623488773748,2.158894645941278e-05,8.635578583765112e-05,0.0019537996545768567,0.0028605354058721935,0.0007987910189982729,0.0003238341968911917,0.003400259067357513,0.02293825561312608,0.01618091537132988,0.032847582037996544,0.02493523316062176,0.024719343696027633,0.04135362694300518,0.016072970639032815,0.02969559585492228,0.01973229706390328,0.01724956822107081,0.03761873920552677,0.024082469775474957,0.030634715025906735,0.01716321243523316,0.05180267702936097,0.027353195164075993,0.04088946459412781,0.06717400690846287,0.037478411053540585,0.025906735751295335,0.026252158894645942,0.05673575129533679,0.03125,0.03330094991364421,0.02028281519861831,0.02030440414507772,0.04530440414507772,0.012446027633851468,0.02434153713298791,0.00849525043177893,0.012014248704663213,0.0010902417962003455,0.005235319516407599,0.008624784110535405,0.02045552677029361,0.006660189982728843,0.01184153713298791,0.008808290155440414,0.010546200345423144,0.0015975820379965457,0.003421848013816926,0.004155872193436961,0.0,0.00469559585492228,8.635578583765112e-05,0.0,4.317789291882556e-05,5.397236614853195e-05,0.001683937823834197,0.0,0.0,0.0,0.0,0.0,0.0,1.079447322970639e-05,0.0,0.0,0.0,0.0,0.0,0.0,0.0,0.0,0.0,0.0,0.0,0.0,0.0,0.0,0.0,0.0,0.0,0.0,0.0,0.0,0.0,0.0,0.0,nan,nan,4.2097625329815305,2.890514867096789,nan,0.9278463735741286,0.023385471452164682,0.0,0.0,0.0,0.0,0.0,0.0,0.0,0.0,0.0,0.0,0.0,0.0,0.0,0.0,0.0,0.0,0.0,0.0,0.0,0.0,0.0,0.0,0.0,0.0,0.0,0.11106540518305226,3.2702591526120943,14.463183874948584,10.600575894693545,1.5549156725627318,0.9282986749469665,0.02394923699335662,0.0,0.0,0.0,0.0,0.0,0.0,0.0,0.0,0.0,0.0,0.0,0.0,0.0,0.0,0.0,0.0,0.0,0.0,0.0,0.0,0.0,0.0,0.0,0.0,0.0,0.12267151294865973,3.4075420263516594,14.134484325306682,10.645161290322582,1.690140845070423,0.387,0.02109,0.0,0.0,0.0,0.0,0.0,0.0,0.0,0.0,0.0,0.17276840806252575,4.86219662690251,16.857260386672127,7.675853558206501,0.4319210201563144,0.0,0.0,0.0,0.0,0.0,0.0,0.0,0.0,0.0,0.0,0.0,0.0,0.0,0.0,0.0,0.0,0.3865,0.02068,0.0,0.0,0.0,0.0,0.0,0.0,0.0,0.0,0.0,0.06815084052703319,5.097682871422082,17.41935483870965,6.937755565651978,0.4770558836892323,0.0,0.0,0.0,0.0,0.0,0.0,0.0,0.0,0.0,0.0,0.0,0.0,0.0,0.0,0.0,0.0
13600,4705,2385,0.5069075451647184,1099,992,0.4444208289054198,1351,0.5742826780021254,0.422,2.9443965517241377,3.123039188640004,6.688,2.2379133137813896,9297.867752644765,1425.100270752584,7853.0,10758.68111050129,10703.35755815246,17.980646018511283,7853.0,0.0,27.500318809776832,20.71459951983424,32.530923899211,18.967873421376407,0.14282678002125399,0.09883103081827843,0.09628055260361318,0.09117959617428267,0.08012752391073326,0.07566418703506908,0.06971307120085016,0.06036131774707758,0.056535600425079706,0.04909670563230606,0.049309245483528164,0.04059511158342189,0.03251859723698194,0.0257173219978746,0.015727948990435708,0.00977683315621679,0.005738575982996812,0.9279897063115451,0.02324837545133718,0.0,0.0,0.0,0.0,0.0,0.0,0.0,0.0,0.0,0.0,0.0,0.0,0.0,0.0,0.0,0.0,0.0,0.0,0.0,0.0,0.0,0.0,0.0,0.0,0.0,0.10201912858661001,3.3666312433581305,14.473963868225296,10.48246546227418,1.574920297555792,4.456005352960856,2.955421254045513,nan,nan,nan,4.3948582729070536,2.9578983673939323,4.519374575118967,2.9525131104378435,1.0283322679549232,0.3867,0.02167,0.0,0.0,0.0,0.0,0.0,0.0,0.0,0.0,0.0,0.1657810839532413,5.3751328374070155,16.47608926673749,7.549415515409141,0.43358129649309257,0.0,0.0,0.0,0.0,0.0,0.0,0.0,0.0,0.0,0.0,0.0,0.0,0.0,0.0,0.0,0.0,nan,nan,4.456005352960856,2.955421254045513,nan,0.3867,0.1002,0.0,0.0,0.0,0.0,0.0,0.0,0.0,0.0,0.0,0.0,0.0,0.0001594048884165781,0.0,0.0001700318809776833,0.005526036131774708,8.501594048884166e-05,1.0626992561105207e-05,0.0017321997874601488,0.002784272051009564,0.0006376195536663124,0.00026567481402763017,0.0028905419766206164,0.021147715196599363,0.015526036131774707,0.03438894792773645,0.02609989373007439,0.025313496280552603,0.04085015940488842,0.016811902231668438,0.02895855472901169,0.021317747077577047,0.017056323060573857,0.03756641870350691,0.023230605738575983,0.02995749202975558,0.016546227417640808,0.05397449521785335,0.027555791710945802,0.041168969181721575,0.06604675876726886,0.038820403825717324,0.025313496280552603,0.02732199787460149,0.05759829968119022,0.0310201912858661,0.0320403825717322,0.017566418703506906,0.019436769394261425,0.04451647183846971,0.012327311370882041,0.02594048884165781,0.007715196599362381,0.011880977683315622,0.0012752391073326248,0.004867162592986185,0.008575982996811901,0.02155154091392136,0.006450584484590861,0.012561105207226355,0.00895855472901169,0.010499468650371945,0.0022316684378320935,0.0032518597236981936,0.0038682252922422953,1.0626992561105207e-05,0.0047290116896918175,0.00019128586609989373,0.0,4.250797024442083e-05,0.0001700318809776833,0.001434643995749203,0.0,0.0,0.0,0.0,0.0,0.0,5.313496280552604e-05,0.0,0.0,0.0,0.0,0.0,0.0,0.0,0.0,0.0,0.0,0.0,0.0,0.0,0.0,0.0,0.0,0.0,0.0,0.0,0.0,0.0,0.0,0.0,nan,nan,4.456005352960856,2.955421254045513,nan,0.9284216386467156,0.02294153461055907,0.0,0.0,0.0,0.0,0.0,0.0,0.0,0.0,0.0,0.0,0.0,0.0,0.0,0.0,0.0,0.0,0.0,0.0,0.0,0.0,0.0,0.0,0.0,0.0,0.0,0.10062893081761008,3.2578616352201264,14.088050314465411,11.06918238993711,1.4842767295597488,0.9275456724238806,0.023551391471896433,0.0,0.0,0.0,0.0,0.0,0.0,0.0,0.0,0.0,0.0,0.0,0.0,0.0,0.0,0.0,0.0,0.0,0.0,0.0,0.0,0.0,0.0,0.0,0.0,0.0,0.10344827586206899,3.47844827586207,14.870689655172416,9.879310344827587,1.6681034482758625,0.3862,0.02177,0.0,0.0,0.0,0.0,0.0,0.0,0.0,0.0,0.0,0.21383647798742142,5.433962264150945,16.603773584905635,7.333333333333335,0.4150943396226416,0.0,0.0,0.0,0.0,0.0,0.0,0.0,0.0,0.0,0.0,0.0,0.0,0.0,0.0,0.0,0.0,0.387,0.02155,0.0,0.0,0.0,0.0,0.0,0.0,0.0,0.0,0.0,0.11637931034482761,5.3146551724137945,16.344827586206872,7.771551724137932,0.4525862068965518,0.0,0.0,0.0,0.0,0.0,0.0,0.0,0.0,0.0,0.0,0.0,0.0,0.0,0.0,0.0,0.0
13700,4840,2513,0.5192148760330578,1193,1008,0.45475206611570246,1364,0.5636363636363636,0.40599999999999997,2.913622690159003,3.0186099591365476,6.3859375,2.1049322426372186,9332.597969964294,1423.8425804331468,7853.0,10763.84146308899,10702.68331660453,17.1209739469378,7853.0,0.0,28.13099173553719,20.99827300671164,33.1089790897909,19.225999221554478,0.1396694214876033,0.09669421487603305,0.09152892561983471,0.08904958677685951,0.08243801652892561,0.07148760330578513,0.07169421487603306,0.06508264462809918,0.05991735537190083,0.04772727272727273,0.043801652892561986,0.04173553719008265,0.03202479338842975,0.031198347107438018,0.017768595041322315,0.010330578512396695,0.007851239669421488,0.926582722144186,0.022814382770608755,0.0,0.0,0.0,0.0,0.0,0.0,0.0,0.0,0.0,0.0,0.0,0.0,0.0,0.0,0.0,0.0,0.0,0.0,0.0,0.0,0.0,0.0,0.0,0.0,0.0,0.1053719008264463,3.570247933884298,14.863636363636367,10.35743801652893,1.1033057851239672,4.193066157760814,2.8689467108539755,nan,nan,nan,4.209331651954603,2.898503972466739,4.176508344030808,2.8384464152491993,0.9922022518922801,0.387,0.02158,0.0,0.0,0.0,0.0,0.0,0.0,0.0,0.0,0.0,0.11157024793388431,5.113636363636365,16.74173553719006,7.580578512396696,0.4524793388429753,0.0,0.0,0.0,0.0,0.0,0.0,0.0,0.0,0.0,0.0,0.0,0.0,0.0,0.0,0.0,0.0,nan,nan,4.193066157760814,2.8689467108539755,nan,0.387,0.1007,0.0,0.0,0.0,0.0,0.0,0.0,0.0,0.0,0.0,0.0,0.0,5.165289256198347e-05,0.0,7.231404958677686e-05,0.0054958677685950415,9.297520661157024e-05,0.0,0.0018491735537190083,0.0032851239669421488,0.0006198347107438017,0.00020661157024793388,0.002964876033057851,0.02015495867768595,0.015671487603305785,0.03587809917355372,0.028016528925619833,0.02684917355371901,0.03800619834710744,0.017024793388429754,0.029576446280991736,0.0196900826446281,0.016002066115702478,0.03668388429752066,0.02128099173553719,0.02915289256198347,0.016322314049586777,0.05408057851239669,0.029555785123966942,0.04171487603305785,0.06746900826446281,0.04178719008264463,0.02552685950413223,0.025950413223140494,0.05678719008264463,0.031270661157024794,0.030485537190082644,0.017572314049586778,0.020103305785123968,0.04276859504132231,0.012510330578512396,0.024917355371900825,0.007076446280991735,0.01274793388429752,0.0016425619834710744,0.004803719008264463,0.0077169421487603305,0.021260330578512395,0.007045454545454546,0.012985537190082644,0.00899793388429752,0.010774793388429751,0.0020557851239669423,0.004090909090909091,0.004049586776859504,4.132231404958678e-05,0.005206611570247934,0.00032024793388429754,0.0,0.0,6.198347107438017e-05,0.0016425619834710744,0.0,0.0,1.0330578512396695e-05,0.0,0.0,0.0,2.066115702479339e-05,0.0,0.0,0.0,0.0,0.0,0.0,0.0,0.0,0.0,0.0,0.0,0.0,0.0,0.0,0.0,0.0,0.0,0.0,0.0,0.0,0.0,0.0,0.0,nan,nan,4.193066157760814,2.8689467108539755,nan,0.9269228187206965,0.022252987536909498,0.0,0.0,0.0,0.0,0.0,0.0,0.0,0.0,0.0,0.0,0.0,0.0,0.0,0.0,0.0,0.0,0.0,0.0,0.0,0.0,0.0,0.0,0.0,0.0,0.0,0.07162753680859532,3.402307998408278,15.19697572622364,10.242737763629131,1.0863509749303624,0.9262154412259347,0.02339998228128214,0.0,0.0,0.0,0.0,0.0,0.0,0.0,0.0,0.0,0.0,0.0,0.0,0.0,0.0,0.0,0.0,0.0,0.0,0.0,0.0,0.0,0.0,0.0,0.0,0.0,0.14181349376880106,3.7516115169746462,14.5036527718092,10.481306403094115,1.1216158143532446,0.3865,0.02144,0.0,0.0,0.0,0.0,0.0,0.0,0.0,0.0,0.0,0.08356545961002788,5.300437723836054,16.653402307998384,7.4970155192996435,0.46557898925586955,0.0,0.0,0.0,0.0,0.0,0.0,0.0,0.0,0.0,0.0,0.0,0.0,0.0,0.0,0.0,0.0,0.3872,0.02173,0.0,0.0,0.0,0.0,0.0,0.0,0.0,0.0,0.0,0.14181349376880106,4.911903738719382,16.837129351095808,7.670820799312421,0.4383326171035669,0.0,0.0,0.0,0.0,0.0,0.0,0.0,0.0,0.0,0.0,0.0,0.0,0.0,0.0,0.0,0.0
13800,4680,2444,0.5222222222222223,1167,953,0.452991452991453,1334,0.5700854700854701,0.40199999999999997,3.016994633273703,3.0629468170222607,6.462365591397849,2.145200751131766,9341.192032088913,1423.5139134217989,7853.0,10775.000207543373,10702.729423148981,17.654391585109487,7853.0,0.0,28.252136752136753,20.772961133110254,33.07970647773279,18.9897285552507,0.1371794871794872,0.09594017094017095,0.08867521367521368,0.08931623931623932,0.08226495726495726,0.07606837606837606,0.06688034188034188,0.06666666666666667,0.05726495726495726,0.05726495726495726,0.05106837606837607,0.03888888888888889,0.03376068376068376,0.023717948717948717,0.016666666666666666,0.011965811965811967,0.00641025641025641,0.9262361450455128,0.02312442964523242,0.0,0.0,0.0,0.0,0.0,0.0,0.0,0.0,0.0,0.0,0.0,0.0,0.0,0.0,0.0,0.0,0.0,0.0,0.0,0.0,0.0,0.0,0.0,0.0,0.0,0.14743589743589747,3.6153846153846163,14.858974358974361,10.12820512820513,1.2500000000000002,4.181996086105675,2.861356345909334,nan,nan,nan,4.186878727634195,2.880811060277068,4.1772639691714835,2.8423663267754233,0.9977035975751454,0.3867,0.02213,0.0,0.0,0.0,0.0,0.0,0.0,0.0,0.0,0.0,0.15384615384615388,5.442307692307694,16.378205128205103,7.416666666666668,0.5897435897435899,0.019230769230769235,0.0,0.0,0.0,0.0,0.0,0.0,0.0,0.0,0.0,0.0,0.0,0.0,0.0,0.0,0.0,nan,nan,4.181996086105675,2.861356345909334,nan,0.3867,0.1011,0.0,0.0,0.0,0.0,0.0,0.0,0.0,0.0,0.0,0.0,0.0,6.41025641025641e-05,0.0,6.41025641025641e-05,0.0050427350427350425,7.478632478632479e-05,1.0683760683760684e-05,0.0019017094017094018,0.003376068376068376,0.0004700854700854701,0.0003418803418803419,0.002735042735042735,0.020341880341880343,0.01699786324786325,0.03717948717948718,0.029412393162393163,0.026645299145299145,0.03705128205128205,0.017425213675213675,0.030705128205128204,0.01810897435897436,0.016837606837606836,0.03637820512820513,0.019957264957264957,0.03127136752136752,0.015587606837606838,0.05269230769230769,0.028739316239316238,0.04177350427350427,0.0691559829059829,0.04186965811965812,0.024433760683760682,0.02449786324786325,0.056880341880341884,0.02922008547008547,0.03049145299145299,0.018162393162393164,0.019914529914529914,0.041944444444444444,0.01325854700854701,0.024444444444444446,0.006901709401709402,0.01310897435897436,0.0014957264957264958,0.005833333333333334,0.0076495726495726495,0.020993589743589742,0.007467948717948718,0.015534188034188033,0.008899572649572649,0.011132478632478633,0.0013675213675213675,0.0035363247863247865,0.004166666666666667,3.205128205128205e-05,0.00452991452991453,0.0003205128205128205,0.0,0.0,7.478632478632479e-05,0.0014957264957264958,0.0,0.0,0.0,0.0,0.0,0.0,0.0,0.0,0.0,0.0,0.0,0.0,0.0,0.0,0.0,0.0,0.0,0.0,0.0,0.0,0.0,0.0,0.0,0.0,0.0,0.0,0.0,0.0,0.0,0.0,nan,nan,4.181996086105675,2.861356345909334,nan,0.9264899419830981,0.02323686206895964,0.0,0.0,0.0,0.0,0.0,0.0,0.0,0.0,0.0,0.0,0.0,0.0,0.0,0.0,0.0,0.0,0.0,0.0,0.0,0.0,0.0,0.0,0.0,0.0,0.0,0.14729950900163669,3.5842880523731595,14.803600654664487,10.151391162029462,1.3134206219312605,0.9259587390904777,0.02299770619655569,0.0,0.0,0.0,0.0,0.0,0.0,0.0,0.0,0.0,0.0,0.0,0.0,0.0,0.0,0.0,0.0,0.0,0.0,0.0,0.0,0.0,0.0,0.0,0.0,0.0,0.14758497316636854,3.6493738819320223,14.91949910554562,10.102862254025046,1.1806797853309483,0.3872,0.0222,0.0,0.0,0.0,0.0,0.0,0.0,0.0,0.0,0.0,0.15957446808510642,5.3764320785597395,16.26432078559736,7.622749590834698,0.5400981996726678,0.03682487725040917,0.0,0.0,0.0,0.0,0.0,0.0,0.0,0.0,0.0,0.0,0.0,0.0,0.0,0.0,0.0,0.3862,0.02202,0.0,0.0,0.0,0.0,0.0,0.0,0.0,0.0,0.0,0.14758497316636854,5.5143112701252255,16.502683363148456,7.191413237924867,0.6440071556350627,0.0,0.0,0.0,0.0,0.0,0.0,0.0,0.0,0.0,0.0,0.0,0.0,0.0,0.0,0.0,0.0
13900,4386,2288,0.5216598267213862,1093,896,0.45348837209302323,1222,0.5572275421796625,0.43,3.022878932316492,3.106537113351385,6.585284280936455,2.134738359220671,9338.680394416984,1422.7141483417897,7853.0,10753.834886431694,10700.986979857034,17.69631252368845,7853.0,0.0,28.344961240310077,20.87626169227335,33.07119828049436,19.117078492124907,0.1324669402644779,0.09758321933424532,0.09188326493388053,0.09325125398996809,0.07706338349293206,0.07455540355677155,0.0702234382124943,0.060191518467852256,0.06087551299589603,0.053807569539443684,0.047879616963064295,0.045371637026903784,0.03602371181030552,0.02416780665754674,0.017555859553123575,0.009347925216598267,0.007751937984496124,0.9242570112814819,0.022935777138259426,0.0,0.0,0.0,0.0,0.0,0.0,0.0,0.0,0.0,0.0,0.0,0.0,0.0,0.0,0.0,0.0,0.0,0.0,0.0,0.0,0.0,0.0,0.0,0.0,0.0,0.15731874145006844,4.035567715458277,15.779753761969907,8.994528043775652,1.0328317373461013,4.187718073970691,2.868543916284427,nan,nan,nan,4.195138888888889,2.880268840198947,4.180224403927069,2.8566354841060515,0.9964448173572221,0.386,0.0219,0.0,0.0,0.0,0.0,0.0,0.0,0.0,0.0,0.0,0.19835841313269498,5.451436388508893,16.621067031463724,7.243502051983586,0.48563611491108083,0.0,0.0,0.0,0.0,0.0,0.0,0.0,0.0,0.0,0.0,0.0,0.0,0.0,0.0,0.0,0.0,nan,nan,4.187718073970691,2.868543916284427,nan,0.386,0.101,0.0,0.0,0.0,0.0,0.0,0.0,0.0,0.0,1.1399908800729594e-05,0.0,0.0,2.2799817601459188e-05,0.0,2.2799817601459188e-05,0.004434564523483812,0.0,1.1399908800729594e-05,0.002131782945736434,0.005232558139534884,0.0005585955312357501,0.00012539899680802553,0.0028727770177838577,0.02024623803009576,0.019231646146830827,0.036662106703146374,0.028750569995440036,0.025159598723210216,0.03651390788873689,0.018969448244414044,0.03178294573643411,0.018125854993160054,0.01800045599635203,0.03604651162790698,0.01876424988600091,0.03207934336525308,0.013919288645690834,0.052735978112175105,0.027108983128134975,0.04284085727314182,0.06912904696762426,0.04212266301869585,0.025706794345645236,0.02367761057911537,0.05584815321477428,0.02973096215230278,0.032466940264477884,0.017875056999544003,0.020725034199726402,0.04176926584587323,0.0117875056999544,0.024110807113543093,0.005927952576379389,0.01292749658002736,0.0021203830369357045,0.005312357501139991,0.007888736890104879,0.0224578203374373,0.007364341085271318,0.015025079799361605,0.009370725034199726,0.00953032375740994,0.0007751937984496124,0.003055175558595531,0.004639762881896945,0.0,0.00392156862745098,0.0005243958048335613,0.0,0.0,0.00010259917920656635,0.0017441860465116279,0.0,0.0,0.0,0.0,0.0,0.0,0.0,0.0,0.0,0.0,0.0,0.0,0.0,0.0,0.0,0.0,0.0,0.0,0.0,0.0,0.0,0.0,0.0,0.0,0.0,0.0,0.0,0.0,0.0,0.0,nan,nan,4.187718073970691,2.868543916284427,nan,0.9245382294944533,0.022958169716689444,0.0,0.0,0.0,0.0,0.0,0.0,0.0,0.0,0.0,0.0,0.0,0.0,0.0,0.0,0.0,0.0,0.0,0.0,0.0,0.0,0.0,0.0,0.0,0.0,0.0,0.11800699300699304,4.130244755244756,15.537587412587415,9.125874125874127,1.0882867132867136,0.9239503252608533,0.022907396568974628,0.0,0.0,0.0,0.0,0.0,0.0,0.0,0.0,0.0,0.0,0.0,0.0,0.0,0.0,0.0,0.0,0.0,0.0,0.0,0.0,0.0,0.0,0.0,0.0,0.0,0.20019065776930414,3.9323164918970455,16.043851286939947,8.851286939942804,0.9723546234509058,0.386,0.02176,0.0,0.0,0.0,0.0,0.0,0.0,0.0,0.0,0.0,0.1704545454545455,5.546328671328673,16.82255244755242,6.923076923076924,0.5375874125874127,0.0,0.0,0.0,0.0,0.0,0.0,0.0,0.0,0.0,0.0,0.0,0.0,0.0,0.0,0.0,0.0,0.3857,0.02205,0.0,0.0,0.0,0.0,0.0,0.0,0.0,0.0,0.0,0.228789323164919,5.347950428979982,16.401334604385106,7.59294566253575,0.4289799809342232,0.0,0.0,0.0,0.0,0.0,0.0,0.0,0.0,0.0,0.0,0.0,0.0,0.0,0.0,0.0,0.0
14000,4465,2306,0.5164613661814109,1092,900,0.44613661814109745,1242,0.5563269876819709,0.422,3.0208429828624364,3.1459820987000207,6.699029126213592,2.141446225722932,9323.898886838258,1423.3022422411004,7853.0,10758.184012770653,10701.032753570174,17.852437975287724,7853.0,0.0,27.986114221724524,21.033760198866364,32.99118354261288,19.293081800441083,0.1395296752519597,0.1043673012318029,0.09182530795072788,0.08309070548712207,0.08152295632698768,0.07502799552071669,0.06808510638297872,0.06226203807390818,0.05733482642777156,0.054199328107502796,0.04434490481522956,0.04098544232922732,0.03628219484882419,0.024860022396416572,0.015453527435610303,0.01366181410974244,0.007166853303471445,0.9240195358320152,0.02316001620079311,0.0,0.0,0.0,0.0,0.0,0.0,0.0,0.0,0.0,0.0,0.0,0.0,0.0,0.0,0.0,0.0,0.0,0.0,0.0,0.0,0.0,0.0,0.0,0.0,0.0,0.23516237402015683,4.118701007838746,15.33930571108623,9.352743561030238,0.9540873460246363,4.2809027777777775,2.946970528543405,nan,nan,nan,4.302988186240444,2.977783985461621,4.258848022206801,2.915707977526719,0.9897419741530341,0.3865,0.02187,0.0,0.0,0.0,0.0,0.0,0.0,0.0,0.0,0.0,0.14781634938409857,5.3549832026875706,16.347144456886877,7.585666293393059,0.5643896976483763,0.0,0.0,0.0,0.0,0.0,0.0,0.0,0.0,0.0,0.0,0.0,0.0,0.0,0.0,0.0,0.0,nan,nan,4.2809027777777775,2.946970528543405,nan,0.3865,0.1001,0.0,0.0,0.0,0.0,0.0,0.0,0.0,0.0,0.0,0.0,0.0,0.0,0.0,0.0,0.003941769316909294,1.1198208286674133e-05,4.479283314669653e-05,0.0014557670772676371,0.005162374020156775,0.0006159014557670773,6.71892497200448e-05,0.0037625979843225084,0.019249720044792834,0.018980963045912656,0.03576707726763718,0.0280515117581187,0.022586786114221723,0.03694288913773796,0.01942889137737962,0.03021276595744681,0.01782754759238522,0.018465845464725645,0.038085106382978726,0.019753639417693168,0.031858902575587905,0.01490481522956327,0.055711086226203806,0.028253079507278834,0.041590145576707725,0.07040313549832027,0.038611422172452406,0.026058230683090707,0.024400895856662934,0.05631578947368421,0.029092945128779395,0.033796192609182533,0.016786114221724525,0.021478163493840987,0.04209406494960806,0.011500559910414333,0.02284434490481523,0.006472564389697648,0.013482642777155655,0.0025083986562150057,0.005554311310190369,0.006371780515117581,0.024053751399776037,0.007200447928331467,0.016024636058230683,0.010313549832026876,0.008141097424412094,0.0008958566629339306,0.0026763717805151177,0.004434490481522956,3.35946248600224e-05,0.0036058230683090704,0.000503919372900336,0.0,0.0,0.0003135498320268757,0.0012989921612541993,0.0,0.0,0.0,0.0,0.0,0.0,0.0,0.0,0.0,0.0,0.0,0.0,0.0,0.0,0.0,0.0,0.0,0.0,0.0,0.0,0.0,0.0,0.0,0.0,0.0,0.0,0.0,0.0,0.0,0.0,nan,nan,4.2809027777777775,2.946970528543405,nan,0.9243551408686228,0.02324930192739512,0.0,0.0,0.0,0.0,0.0,0.0,0.0,0.0,0.0,0.0,0.0,0.0,0.0,0.0,0.0,0.0,0.0,0.0,0.0,0.0,0.0,0.0,0.0,0.0,0.0,0.23417172593235044,4.0069384215091075,15.364267129228104,9.379878577623591,1.0147441457068518,0.9236610804293209,0.023058875499384263,0.0,0.0,0.0,0.0,0.0,0.0,0.0,0.0,0.0,0.0,0.0,0.0,0.0,0.0,0.0,0.0,0.0,0.0,0.0,0.0,0.0,0.0,0.0,0.0,0.0,0.23622047244094493,4.238073182028717,15.312644742936548,9.323761000463179,0.8893006021306162,0.3862,0.02182,0.0,0.0,0.0,0.0,0.0,0.0,0.0,0.0,0.0,0.11708586296617522,5.633130962705986,16.261925411968754,7.4284475281873386,0.5594102341717261,0.0,0.0,0.0,0.0,0.0,0.0,0.0,0.0,0.0,0.0,0.0,0.0,0.0,0.0,0.0,0.0,0.3867,0.02188,0.0,0.0,0.0,0.0,0.0,0.0,0.0,0.0,0.0,0.18063918480778143,5.05789717461788,16.438165817508082,7.7535896248263105,0.569708198239926,0.0,0.0,0.0,0.0,0.0,0.0,0.0,0.0,0.0,0.0,0.0,0.0,0.0,0.0,0.0,0.0
14100,4557,2306,0.5060346719332894,1109,945,0.45073513276278254,1288,0.565284178187404,0.414,2.932918702798756,3.0654688693200907,6.548231511254019,2.1148886748891167,9293.81557271793,1423.5854687372785,7853.0,10754.119890451431,10700.266506884476,17.73585739933961,7853.0,0.0,28.37393021724819,21.11974503206421,33.382667710780474,19.30112130194507,0.1424182576256309,0.09545753785385122,0.08821593153390389,0.08624094799210007,0.0836076366030283,0.07197717796796138,0.06539389949528199,0.06341891595347816,0.05859117840684661,0.055080096554750935,0.04805793285055958,0.041255211762124204,0.03511081852095677,0.028966425279789335,0.019530392802282203,0.008558262014483212,0.008119376782971253,0.9241818592609584,0.023234279048831536,0.0,0.0,0.0,0.0,0.0,0.0,0.0,0.0,0.0,0.0,0.0,0.0,0.0,0.0,0.0,0.0,0.0,0.0,0.0,0.0,0.0,0.0,0.0,0.0,0.0,0.21724818959842007,4.292297564186966,15.167873601053328,9.25608953258723,1.0664911125740622,4.246644295302014,2.883749682128958,nan,nan,nan,4.257957559681698,2.8830721656346334,4.235214140040789,2.8853713303786805,0.9946586081889908,0.3862,0.02101,0.0,0.0,0.0,0.0,0.0,0.0,0.0,0.0,0.0,0.1777485187623437,4.990125082290982,17.169190256747836,7.241606319947335,0.42132982225148136,0.0,0.0,0.0,0.0,0.0,0.0,0.0,0.0,0.0,0.0,0.0,0.0,0.0,0.0,0.0,0.0,nan,nan,4.246644295302014,2.883749682128958,nan,0.3862,0.10004,0.0,0.0,0.0,0.0,0.0,0.0,0.0,0.0,0.0,0.0,0.0,0.0,1.0972130787798991e-05,0.0,0.004059688391485627,1.0972130787798991e-05,2.1944261575597983e-05,0.001042352424840904,0.0049923195084485405,0.001053324555628703,0.00013166556945358788,0.003719552337063858,0.019574281325433398,0.017950405968839147,0.03451832345841562,0.02772657450076805,0.023096335308316875,0.03760149220978714,0.018795260039499672,0.03118279569892473,0.018136932192231732,0.018520956769804697,0.038325652841781875,0.018652622339258285,0.033980689049813474,0.01621680930436691,0.058678955453149,0.026673249945139345,0.042879087118718455,0.0728659205617731,0.03674566600833882,0.025587008997147245,0.023908272986614,0.05391705069124424,0.028198376124643407,0.03298222514812377,0.0162936142198815,0.021439543559359227,0.038720649550142636,0.012003511081852096,0.024610489357033135,0.005080096554750933,0.01391266183892912,0.0025784507351327627,0.007417160412552117,0.006594250603467193,0.025093263111696292,0.006703971911345183,0.016677638797454465,0.009699363616414308,0.00814132104454685,0.001130129471143296,0.0025784507351327627,0.004158437568575818,0.00012069343866578889,0.003445249067368883,0.0003401360544217687,0.0,0.0,0.0003401360544217687,0.001163045863506693,0.0,0.0,0.0,0.0,0.0,0.0,0.0,0.0,0.0,0.0,0.0,0.0,0.0,0.0,0.0,0.0,0.0,0.0,0.0,0.0,0.0,0.0,0.0,0.0,0.0,0.0,0.0,0.0,0.0,0.0,nan,nan,4.246644295302014,2.883749682128958,nan,0.9234581851793804,0.023280858546302168,0.0,0.0,0.0,0.0,0.0,0.0,0.0,0.0,0.0,0.0,0.0,0.0,0.0,0.0,0.0,0.0,0.0,0.0,0.0,0.0,0.0,0.0,0.0,0.0,0.0,0.23417172593235044,4.618386816999133,14.986990459670428,9.236773633998267,0.9236773633998268,0.924923215294774,0.023163031390553764,0.0,0.0,0.0,0.0,0.0,0.0,0.0,0.0,0.0,0.0,0.0,0.0,0.0,0.0,0.0,0.0,0.0,0.0,0.0,0.0,0.0,0.0,0.0,0.0,0.0,0.1999111505997335,3.958240781874723,15.353176366059532,9.275877387827634,1.2127943136383832,0.3857,0.02116,0.0,0.0,0.0,0.0,0.0,0.0,0.0,0.0,0.0,0.23417172593235044,5.034692107545534,17.484822202948806,6.830008673026888,0.4163052905464008,0.0,0.0,0.0,0.0,0.0,0.0,0.0,0.0,0.0,0.0,0.0,0.0,0.0,0.0,0.0,0.0,0.387,0.02084,0.0,0.0,0.0,0.0,0.0,0.0,0.0,0.0,0.0,0.1199466903598401,4.944469124833408,16.845846290537512,7.663260772989784,0.4264771212794315,0.0,0.0,0.0,0.0,0.0,0.0,0.0,0.0,0.0,0.0,0.0,0.0,0.0,0.0,0.0,0.0
14200,4499,2384,0.5298955323405201,1112,875,0.44165370082240496,1238,0.5503445210046677,0.43,3.039243498817967,3.120870248214904,6.579365079365079,2.2008410174697706,9362.044956159316,1421.415711308077,7853.0,10755.209615588188,10700.815963825824,17.212256040992116,7853.0,0.0,28.384085352300513,21.058995342693127,33.482090740249404,19.198472132353647,0.14092020448988665,0.09624360969104245,0.0875750166703712,0.08224049788841965,0.0862413869748833,0.07868415203378529,0.06690375639030896,0.05579017559457657,0.061124694376528114,0.0531229162036008,0.0480106690375639,0.04045343409646588,0.03778617470549011,0.03111802622805068,0.018670815736830406,0.009113136252500556,0.006001333629695488,0.9243122435829644,0.023038804449366054,0.0,0.0,0.0,0.0,0.0,0.0,0.0,0.0,0.0,0.0,0.0,0.0,0.0,0.0,0.0,0.0,0.0,0.0,0.0,0.0,0.0,0.0,0.0,0.0,0.0,0.16003556345854636,4.174260946877085,15.196710380084467,9.455434541009115,1.0135585685707937,4.122789115646259,2.8588490815665746,nan,nan,nan,4.124481327800829,2.8706066752435575,4.123911587407903,2.8463765707070956,0.9998618637477915,0.3867,0.02132,0.0,0.0,0.0,0.0,0.0,0.0,0.0,0.0,0.0,0.1667037119359858,5.0544565458990895,16.797066014669905,7.494998888641922,0.48010669037563913,0.006668148477439432,0.0,0.0,0.0,0.0,0.0,0.0,0.0,0.0,0.0,0.0,0.0,0.0,0.0,0.0,0.0,nan,nan,4.122789115646259,2.8588490815665746,nan,0.3867,0.0991,0.0,0.0,0.0,0.0,0.0,0.0,0.0,0.0,0.0,0.0,0.0,0.0,0.0,0.0,0.0036785952433874194,0.0,1.1113580795732385e-05,0.0009891086908201824,0.004823294065347855,0.0008112913980884641,0.00012224938875305622,0.004178706379195376,0.019815514558790843,0.016103578573016225,0.034541009113136255,0.02666148032896199,0.022960657923983108,0.036974883307401646,0.017515003334074238,0.0332184929984441,0.015636808179595466,0.019726605912424984,0.03825294509891087,0.019082018226272503,0.03387419426539231,0.015536785952433874,0.059757723938653036,0.025639030895754613,0.04578795287841743,0.072716159146477,0.03578573016225828,0.02600577906201378,0.023360746832629474,0.05382307179373194,0.030162258279617694,0.03569682151589242,0.01555901311402534,0.021126917092687263,0.040831295843520785,0.012680595687930651,0.023938653034007558,0.0058679706601467,0.014781062458324072,0.0028450766837074906,0.00699044232051567,0.005434541009113137,0.023560791286952657,0.005934652144921094,0.016281395865747943,0.008968659702156035,0.007835074460991331,0.0013780840186708157,0.0025783507446099133,0.005012224938875306,0.00017781729273171816,0.0032118248499666594,0.0003445210046677039,0.0,0.0,0.00032229384307623916,0.0010891309179817737,0.0,0.0,0.0,0.0,0.0,0.0,0.0,0.0,0.0,0.0,0.0,0.0,0.0,0.0,0.0,0.0,0.0,0.0,0.0,0.0,0.0,0.0,0.0,0.0,0.0,0.0,0.0,0.0,0.0,0.0,nan,nan,4.122789115646259,2.8588490815665746,nan,0.9236522686461475,0.02337112932548399,0.0,0.0,0.0,0.0,0.0,0.0,0.0,0.0,0.0,0.0,0.0,0.0,0.0,0.0,0.0,0.0,0.0,0.0,0.0,0.0,0.0,0.0,0.0,0.0,0.0,0.17617449664429535,4.391778523489934,15.440436241610742,8.984899328859061,1.0067114093959733,0.9250561585944876,0.022635311714617887,0.0,0.0,0.0,0.0,0.0,0.0,0.0,0.0,0.0,0.0,0.0,0.0,0.0,0.0,0.0,0.0,0.0,0.0,0.0,0.0,0.0,0.0,0.0,0.0,0.0,0.1418439716312057,3.929078014184398,14.92198581560284,9.985815602836881,1.021276595744681,0.3865,0.02074,0.0,0.0,0.0,0.0,0.0,0.0,0.0,0.0,0.0,0.17617449664429535,4.869966442953021,17.11409395973152,7.512583892617451,0.3271812080536914,0.0,0.0,0.0,0.0,0.0,0.0,0.0,0.0,0.0,0.0,0.0,0.0,0.0,0.0,0.0,0.0,0.3872,0.02194,0.0,0.0,0.0,0.0,0.0,0.0,0.0,0.0,0.0,0.15602836879432627,5.262411347517731,16.439716312056714,7.475177304964541,0.6524822695035462,0.01418439716312057,0.0,0.0,0.0,0.0,0.0,0.0,0.0,0.0,0.0,0.0,0.0,0.0,0.0,0.0,0.0
14300,4592,2376,0.5174216027874564,1175,961,0.4651567944250871,1277,0.556184668989547,0.426,2.986913357400722,3.121242903018135,6.773037542662116,2.035023539781363,9327.006590116418,1423.5672678871347,7853.0,10761.768538475037,10701.753477194694,17.463215310583557,7853.0,0.0,27.32404181184669,20.28471035672167,32.13079513079513,18.537689535020295,0.14002613240418119,0.09625435540069686,0.09364111498257839,0.09298780487804878,0.08340592334494773,0.08144599303135888,0.07142857142857142,0.06903310104529617,0.05553135888501742,0.050522648083623695,0.04333623693379791,0.03636759581881533,0.0313588850174216,0.024390243902439025,0.0156794425087108,0.0078397212543554,0.006750871080139373,0.9243357423887644,0.022907011341192066,0.0,0.0,0.0,0.0,0.0,0.0,0.0,0.0,0.0,0.0,0.0,0.0,0.0,0.0,0.0,0.0,0.0,0.0,0.0,0.0,0.0,0.0,0.0,0.0,0.0,0.15026132404181186,4.2595818815331015,14.980400696864114,9.780052264808363,0.8297038327526134,4.241309483631454,2.9228153755599564,nan,nan,nan,4.315358361774744,2.9655938791205343,4.168891855807743,2.8785230182640533,0.9660592484590863,0.387,0.0216,0.0,0.0,0.0,0.0,0.0,0.0,0.0,0.0,0.0,0.1633275261324042,4.912891986062719,16.698606271776978,7.630662020905925,0.5945121951219513,0.0,0.0,0.0,0.0,0.0,0.0,0.0,0.0,0.0,0.0,0.0,0.0,0.0,0.0,0.0,0.0,nan,nan,4.241309483631454,2.9228153755599564,nan,0.387,0.1001,0.0,0.0,0.0,0.0,0.0,0.0,0.0,0.0,0.0,0.0,0.0,0.0,0.0,0.0,0.004181184668989547,0.0,5.4442508710801394e-05,0.0011541811846689895,0.005313588850174216,0.0011215156794425088,6.533101045296167e-05,0.004584059233449477,0.020590156794425087,0.015625,0.034690766550522646,0.025707752613240417,0.02305095818815331,0.03830574912891986,0.018292682926829267,0.03367813588850174,0.015113240418118467,0.01955574912891986,0.03377613240418118,0.01907665505226481,0.03505008710801394,0.014220383275261324,0.05725174216027874,0.02739547038327526,0.04686411149825784,0.06931620209059233,0.0373366724738676,0.02542465156794425,0.02385670731707317,0.053418989547038324,0.029703832752613242,0.03705357142857143,0.015788327526132403,0.020905923344947737,0.04162674216027874,0.013469076655052264,0.023290505226480837,0.005934233449477352,0.014394599303135889,0.0027547909407665506,0.007883275261324043,0.005172038327526132,0.023530052264808362,0.006587543554006968,0.014993466898954705,0.009538327526132404,0.0078397212543554,0.0016550522648083625,0.0026676829268292685,0.005378919860627177,2.1777003484320557e-05,0.003353658536585366,0.0004137630662020906,0.0,0.0,0.0004137630662020906,0.0015570557491289198,0.0,0.0,0.0,0.0,0.0,0.0,0.0,0.0,0.0,0.0,0.0,0.0,0.0,0.0,0.0,0.0,0.0,0.0,0.0,0.0,0.0,0.0,0.0,0.0,0.0,0.0,0.0,0.0,0.0,0.0,nan,nan,4.241309483631454,2.9228153755599564,nan,0.9238171136941171,0.022832379349339207,0.0,0.0,0.0,0.0,0.0,0.0,0.0,0.0,0.0,0.0,0.0,0.0,0.0,0.0,0.0,0.0,0.0,0.0,0.0,0.0,0.0,0.0,0.0,0.0,0.0,0.13888888888888892,4.532828282828284,14.646464646464649,9.974747474747476,0.7070707070707073,0.9248918171985485,0.0229737599396043,0.0,0.0,0.0,0.0,0.0,0.0,0.0,0.0,0.0,0.0,0.0,0.0,0.0,0.0,0.0,0.0,0.0,0.0,0.0,0.0,0.0,0.0,0.0,0.0,0.0,0.16245487364620942,3.9666064981949467,15.338447653429606,9.57129963898917,0.9611913357400724,0.388,0.02151,0.0,0.0,0.0,0.0,0.0,0.0,0.0,0.0,0.0,0.13888888888888892,4.570707070707072,16.590909090909065,8.080808080808083,0.6186868686868687,0.0,0.0,0.0,0.0,0.0,0.0,0.0,0.0,0.0,0.0,0.0,0.0,0.0,0.0,0.0,0.0,0.386,0.02167,0.0,0.0,0.0,0.0,0.0,0.0,0.0,0.0,0.0,0.18953068592057767,5.2797833935018055,16.814079422382648,7.148014440433214,0.5685920577617329,0.0,0.0,0.0,0.0,0.0,0.0,0.0,0.0,0.0,0.0,0.0,0.0,0.0,0.0,0.0,0.0
14400,4610,2406,0.5219088937093276,1161,909,0.4490238611713666,1297,0.5626898047722343,0.40599999999999997,3.027223230490018,3.0822339847484037,6.513260530421217,2.0008334010453157,9340.273470719958,1423.5307172594567,7853.0,10762.684210062027,10702.680257697008,17.953844009784518,7853.0,0.0,28.530802603036875,21.030203081643734,33.36685479733197,19.262448399082086,0.13427331887201735,0.10043383947939262,0.09088937093275488,0.07917570498915401,0.08329718004338395,0.07418655097613883,0.07505422993492408,0.061605206073752715,0.05553145336225596,0.056616052060737526,0.047071583514099784,0.04013015184381779,0.03644251626898048,0.028199566160520606,0.018655097613882864,0.012147505422993492,0.006290672451193058,0.9255945929089751,0.023038427355704966,0.0,0.0,0.0,0.0,0.0,0.0,0.0,0.0,0.0,0.0,0.0,0.0,0.0,0.0,0.0,0.0,0.0,0.0,0.0,0.0,0.0,0.0,0.0,0.0,0.0,0.20824295010845992,3.7353579175704996,14.908893709327552,10.086767895878527,1.0607375271149677,4.28476821192053,2.8781604763687585,nan,nan,nan,4.348821548821549,2.867360784852872,4.222801302931596,2.8872179224739827,0.9710219781439176,0.3875,0.02179,0.0,0.0,0.0,0.0,0.0,0.0,0.0,0.0,0.0,0.13015184381778744,4.978308026030369,16.47722342733186,7.822125813449025,0.5856832971800435,0.006507592190889372,0.0,0.0,0.0,0.0,0.0,0.0,0.0,0.0,0.0,0.0,0.0,0.0,0.0,0.0,0.0,nan,nan,4.28476821192053,2.8781604763687585,nan,0.3875,0.0993,0.0,0.0,0.0,0.0,0.0,0.0,0.0,0.0,0.0,0.0,0.0,0.0,0.0,0.0,0.003611713665943601,0.0,0.0,0.0009110629067245119,0.0042190889370932756,0.0014316702819956615,0.00014099783080260303,0.004772234273318872,0.01997830802603037,0.016952277657266812,0.031301518438177876,0.024446854663774404,0.023904555314533622,0.039273318872017356,0.016572668112798266,0.03432754880694143,0.014511930585683298,0.019360086767895877,0.03578091106290673,0.018893709327548806,0.03685466377440347,0.013980477223427332,0.06087852494577006,0.026344902386117138,0.04507592190889371,0.06779826464208243,0.03915401301518438,0.026984815618221258,0.023741865509761387,0.05438177874186551,0.029251626898047722,0.03584598698481562,0.015466377440347071,0.021149674620390455,0.0406941431670282,0.014121475054229934,0.026258134490238613,0.0060954446854663774,0.014479392624728851,0.002689804772234273,0.008112798264642082,0.005238611713665944,0.022212581344902387,0.0064750542299349245,0.013893709327548806,0.009414316702819957,0.007559652928416486,0.0019956616052060738,0.002212581344902386,0.0050216919739696315,3.253796095444685e-05,0.0032971800433839477,0.0005531453362255965,0.0,0.0,0.00044468546637744036,0.001898047722342733,0.0,0.0,0.0,0.0,0.0,0.0,0.0,0.0,0.0,0.0,0.0,0.0,0.0,0.0,0.0,0.0,0.0,0.0,0.0,0.0,0.0,0.0,0.0,0.0,0.0,0.0,0.0,0.0,0.0,0.0,nan,nan,4.28476821192053,2.8781604763687585,nan,0.9260880599047676,0.02319615063454389,0.0,0.0,0.0,0.0,0.0,0.0,0.0,0.0,0.0,0.0,0.0,0.0,0.0,0.0,0.0,0.0,0.0,0.0,0.0,0.0,0.0,0.0,0.0,0.0,0.0,0.19950124688279305,3.5536159600997514,14.750623441396511,10.336658354114716,1.1596009975062347,0.9250558989017715,0.02285284444256396,0.0,0.0,0.0,0.0,0.0,0.0,0.0,0.0,0.0,0.0,0.0,0.0,0.0,0.0,0.0,0.0,0.0,0.0,0.0,0.0,0.0,0.0,0.0,0.0,0.0,0.21778584392014524,3.9337568058076235,15.081669691470058,9.813974591651544,0.9528130671506354,0.3875,0.0221,0.0,0.0,0.0,0.0,0.0,0.0,0.0,0.0,0.0,0.1496259351620948,4.975062344139651,16.359102244389003,7.905236907730675,0.5985037406483792,0.012468827930174566,0.0,0.0,0.0,0.0,0.0,0.0,0.0,0.0,0.0,0.0,0.0,0.0,0.0,0.0,0.0,0.3875,0.02144,0.0,0.0,0.0,0.0,0.0,0.0,0.0,0.0,0.0,0.10889292196007262,4.981851179673322,16.60617059891105,7.731397459165156,0.5716878402903812,0.0,0.0,0.0,0.0,0.0,0.0,0.0,0.0,0.0,0.0,0.0,0.0,0.0,0.0,0.0,0.0
14500,4542,2398,0.5279612505504183,1089,914,0.4409951563188023,1246,0.5486569793042713,0.442,3.0928171641791047,3.1954761475959486,6.805555555555555,2.192478642964341,9356.730083017794,1421.9183952192168,7853.0,10754.791801214218,10701.182667667563,17.306152538390155,7853.0,0.0,27.315499779832674,20.8546103000078,32.52416356877323,19.107497708952405,0.15059445178335534,0.10259797446059005,0.09070893879348305,0.08564509026860415,0.08168207837956847,0.07639806252752092,0.07045354469396742,0.06693086745926904,0.05151915455746367,0.05063848524878908,0.041831792162043156,0.037648612945838836,0.03236459709379128,0.02399823866138265,0.018273888154997798,0.012769704975781594,0.0059445178335535,0.9239144462916569,0.022945332930106,0.0,0.0,0.0,0.0,0.0,0.0,0.0,0.0,0.0,0.0,0.0,0.0,0.0,0.0,0.0,0.0,0.0,0.0,0.0,0.0,0.0,0.0,0.0,0.0,0.0,0.1981505944517834,4.134742404227214,15.554821664464997,9.18758256274769,0.9247027741083226,4.3745632424877705,2.935509258474139,nan,nan,nan,4.482155353393982,2.9489231303595305,4.267271458478716,2.9181238214657546,0.9520579100961881,0.3872,0.02179,0.0,0.0,0.0,0.0,0.0,0.0,0.0,0.0,0.0,0.17833553500660507,4.947159841479525,16.512549537648592,7.859973579920742,0.501981505944518,0.0,0.0,0.0,0.0,0.0,0.0,0.0,0.0,0.0,0.0,0.0,0.0,0.0,0.0,0.0,0.0,nan,nan,4.3745632424877705,2.935509258474139,nan,0.3872,0.09894,0.0,0.0,0.0,0.0,0.0,0.0,0.0,0.0,0.0,0.0,0.0,0.0,0.0,0.0,0.0033245266402465875,0.0,0.0,0.0010568031704095112,0.004139145750770586,0.0021025979744605902,0.00018714222809335093,0.0047556142668428005,0.02006825187142228,0.016699691765741966,0.029293262879788638,0.023789079700572435,0.024097313958608542,0.03905768383971819,0.01751431087626596,0.03578819903126376,0.015918097754293262,0.020123293703214442,0.03633861734918538,0.017525319242624394,0.03404887714663144,0.014949361514751212,0.06450902686041392,0.026387054161162483,0.0428335535006605,0.06762439453985028,0.037010127697049755,0.026475121092029943,0.02617789520035227,0.05535006605019815,0.029458388375165127,0.03477542932628798,0.014696169088507266,0.023844121532364596,0.038826508146191104,0.014178775869660942,0.02604579480405108,0.006726111845002202,0.01625935711140467,0.002080581241743725,0.00822324966974901,0.005019815059445178,0.021873623954205196,0.006428885953324527,0.011503742844561867,0.009434169969176575,0.007199471598414795,0.001805372082782915,0.002399823866138265,0.005647291941875826,0.0,0.0036217525319242622,0.000539409951563188,0.0,0.0,0.00020915896081021576,0.0020585645090268603,0.0,0.0,0.0,0.0,0.0,0.0,0.0,0.0,0.0,0.0,0.0,0.0,0.0,0.0,0.0,0.0,0.0,0.0,0.0,0.0,0.0,0.0,0.0,0.0,0.0,0.0,0.0,0.0,0.0,0.0,nan,nan,4.3745632424877705,2.935509258474139,nan,0.9233255028674958,0.02265969344066936,0.0,0.0,0.0,0.0,0.0,0.0,0.0,0.0,0.0,0.0,0.0,0.0,0.0,0.0,0.0,0.0,0.0,0.0,0.0,0.0,0.0,0.0,0.0,0.0,0.0,0.21267723102585492,4.128440366972478,16.125938281901586,8.70725604670559,0.8256880733944956,0.9245731619311802,0.023242984102932122,0.0,0.0,0.0,0.0,0.0,0.0,0.0,0.0,0.0,0.0,0.0,0.0,0.0,0.0,0.0,0.0,0.0,0.0,0.0,0.0,0.0,0.0,0.0,0.0,0.0,0.1819029850746269,4.14179104477612,14.916044776119406,9.724813432835823,1.03544776119403,0.3875,0.02203,0.0,0.0,0.0,0.0,0.0,0.0,0.0,0.0,0.0,0.16263552960800673,4.854045037531277,16.376146788990802,8.094245204336948,0.5129274395329442,0.0,0.0,0.0,0.0,0.0,0.0,0.0,0.0,0.0,0.0,0.0,0.0,0.0,0.0,0.0,0.0,0.387,0.0215,0.0,0.0,0.0,0.0,0.0,0.0,0.0,0.0,0.0,0.19589552238805977,5.051305970149254,16.665111940298484,7.597947761194032,0.48973880597014935,0.0,0.0,0.0,0.0,0.0,0.0,0.0,0.0,0.0,0.0,0.0,0.0,0.0,0.0,0.0,0.0
14600,4619,2386,0.5165620264126435,1119,943,0.4464169733708595,1283,0.5555315003247456,0.426,3.044334975369458,3.1931837136369814,6.755627009646302,2.3327857935582923,9323.88454041096,1422.9977058170605,7853.0,10755.42781817913,10700.449996713422,17.245102581435432,7853.0,0.0,27.694306126867286,20.822523278854778,32.65099457504521,19.105530892581598,0.13985711192898895,0.10305260878978134,0.09504221693007145,0.0803204156743884,0.08703182507036156,0.07750595366962545,0.06949556180991556,0.06516562026412644,0.055856245940679804,0.048711842390127734,0.04719636284910154,0.03615501190733925,0.030959082052392294,0.028144620047629357,0.01731976618315653,0.01212383632820957,0.006061918164104785,0.9220284820764347,0.023176719045284712,0.0,0.0,0.0,0.0,0.0,0.0,0.0,0.0,0.0,0.0,0.0,0.0,0.0,0.0,0.0,0.0,0.0,0.0,0.0,0.0,0.0,0.0,0.0,0.0,0.0,0.27278631738471537,4.747780904957784,15.464386230785887,8.703182507036157,0.8118640398354624,4.260047281323877,2.9566131801874067,nan,nan,nan,4.289261744966443,2.98321120931942,4.228571428571429,2.9292333746673904,0.9858506381742183,0.3872,0.02107,0.0,0.0,0.0,0.0,0.0,0.0,0.0,0.0,0.0,0.11041350941762289,4.851699502056723,17.042649924225998,7.508118640398356,0.48062351158259375,0.0064949123186836995,0.0,0.0,0.0,0.0,0.0,0.0,0.0,0.0,0.0,0.0,0.0,0.0,0.0,0.0,0.0,nan,nan,4.260047281323877,2.9566131801874067,nan,0.3872,0.0981,0.0,0.0,0.0,0.0,0.0,0.0,0.0,0.0,0.0,0.0,0.0,0.0,0.0,0.0,0.0028361117124918816,0.0,3.247456159341849e-05,0.0011799090712275384,0.00394024680666811,0.00221909504221693,0.00020567222342498376,0.003918597098939164,0.019030093093743233,0.01576098722667244,0.030623511582593636,0.022851266507902143,0.0243017969257415,0.04047412859926391,0.016810998051526305,0.03656635635418922,0.014700151547954102,0.01897596882442087,0.0377679151331457,0.01660532582810132,0.03682615284693656,0.015338817925957999,0.06395323663130548,0.02662914050660316,0.04085299848452046,0.06778523489932886,0.03743234466334704,0.02602294869019268,0.024756440788049363,0.05557479974020351,0.029140506603160858,0.03747564407880494,0.015338817925957999,0.026488417406365015,0.04018185754492314,0.01384498809266075,0.027321931153929422,0.0063758389261744965,0.015479541026196147,0.0019268239878761637,0.008735657068629573,0.004882009092877246,0.01965793461788266,0.006419138341632388,0.011560943927256982,0.00849751028361117,0.006949556180991557,0.002673738904524789,0.00221909504221693,0.0046763368694522625,0.0,0.003258281013206322,0.0006603160857328426,1.0824853864472829e-05,0.0,7.577397705130981e-05,0.0021757956267590387,0.0,0.0,0.0,0.0,0.0,0.0,0.0,0.0,0.0,0.0,0.0,0.0,0.0,0.0,0.0,0.0,0.0,0.0,0.0,0.0,0.0,0.0,0.0,0.0,0.0,0.0,0.0,0.0,0.0,0.0,nan,nan,4.260047281323877,2.9566131801874067,nan,0.9220621414975968,0.023438709727396985,0.0,0.0,0.0,0.0,0.0,0.0,0.0,0.0,0.0,0.0,0.0,0.0,0.0,0.0,0.0,0.0,0.0,0.0,0.0,0.0,0.0,0.0,0.0,0.0,0.0,0.3017602682313496,4.6521374685666395,15.729253981559097,8.373847443419951,0.9430008382229675,0.9219925163895145,0.022893409536950026,0.0,0.0,0.0,0.0,0.0,0.0,0.0,0.0,0.0,0.0,0.0,0.0,0.0,0.0,0.0,0.0,0.0,0.0,0.0,0.0,0.0,0.0,0.0,0.0,0.0,0.24182713837886258,4.849977608598299,15.18137035378415,9.055082848186299,0.6717420510523959,0.3875,0.02084,0.0,0.0,0.0,0.0,0.0,0.0,0.0,0.0,0.0,0.10058675607711653,4.853310980720872,17.22548197820618,7.342833193629507,0.47778709136630354,0.0,0.0,0.0,0.0,0.0,0.0,0.0,0.0,0.0,0.0,0.0,0.0,0.0,0.0,0.0,0.0,0.3872,0.0213,0.0,0.0,0.0,0.0,0.0,0.0,0.0,0.0,0.0,0.12091356918943129,4.849977608598299,16.847290640394064,7.68472906403941,0.48365427675772515,0.013434841021047922,0.0,0.0,0.0,0.0,0.0,0.0,0.0,0.0,0.0,0.0,0.0,0.0,0.0,0.0,0.0
14700,4697,2449,0.5213966361507345,1133,961,0.4458164786033639,1317,0.5607834788162657,0.41,2.99288256227758,3.0534886209793504,6.518867924528302,2.097757707088788,9337.569747610272,1422.3968280100446,7853.0,10776.73932313919,10700.294448560819,17.12294308875046,7853.0,0.0,27.90142644241005,20.861615885144914,32.90139771283354,19.098565592821988,0.13902490951671279,0.10900574835001064,0.08665105386416862,0.08409623163721525,0.08090270385352352,0.07047051309346392,0.06940600383223335,0.06812859271875665,0.0615286352991271,0.052799659357036406,0.04449648711943794,0.03938684266553119,0.03449010006387056,0.02533532041728763,0.017032148179689163,0.011922503725782414,0.0053225463061528635,0.9213730830803104,0.02258290024373937,0.0,0.0,0.0,0.0,0.0,0.0,0.0,0.0,0.0,0.0,0.0,0.0,0.0,0.0,0.0,0.0,0.0,0.0,0.0,0.0,0.0,0.0,0.0,0.0,0.0,0.17883755588673625,4.9563551202895475,15.967638918458594,8.200979348520333,0.6961890568447947,4.2229573271584515,2.7829003141714725,nan,nan,nan,4.158896913985555,2.790983859504642,4.288,2.7731551224793276,1.031042627091885,0.3882,0.0215,0.0,0.0,0.0,0.0,0.0,0.0,0.0,0.0,0.0,0.09580583351075157,4.668937619757292,16.676602086438127,7.977432403661913,0.5812220566318927,0.0,0.0,0.0,0.0,0.0,0.0,0.0,0.0,0.0,0.0,0.0,0.0,0.0,0.0,0.0,0.0,nan,nan,4.2229573271584515,2.7829003141714725,nan,0.3882,0.09796,0.0,0.0,0.0,0.0,0.0,0.0,0.0,0.0,0.0,0.0,0.0,0.0,0.0,0.0,0.0025548222269533745,0.0,7.451564828614009e-05,0.0007983819459229295,0.003704492229082393,0.002160953800298063,0.0002448371300830317,0.003747072599531616,0.019523099850968704,0.015233127528209496,0.03161592505854801,0.021652118373429848,0.023397913561847988,0.042473919523099854,0.01689376197572919,0.03403236108154141,0.013806685118160527,0.017926335959122845,0.03683202043857781,0.016499893549073878,0.03757717692143921,0.015233127528209496,0.06581860762188631,0.025282094954226102,0.039354907387694274,0.06863955716414732,0.038194592292952946,0.026676602086438152,0.026676602086438152,0.056610602512241856,0.028890781349797744,0.037545241643602296,0.015584415584415584,0.027113050883542687,0.03873749201618054,0.013380881413668298,0.028464977645305513,0.006844794549712582,0.016308281882052373,0.0017351500958058335,0.008398978071109219,0.005248030657866724,0.018373429848839686,0.0058228656589312325,0.012114115392803918,0.008739621034703002,0.0071641473280817545,0.002778369171811795,0.0022780498190334256,0.004949968064722163,0.0,0.0028954651905471578,0.0006706408345752608,0.0,1.0645092612305727e-05,3.193527783691718e-05,0.002682563338301043,0.0,0.0,0.0,0.0,0.0,0.0,0.0,0.0,0.0,0.0,0.0,0.0,0.0,0.0,0.0,0.0,0.0,0.0,0.0,0.0,0.0,0.0,0.0,0.0,0.0,0.0,0.0,0.0,0.0,0.0,nan,nan,4.2229573271584515,2.7829003141714725,nan,0.9210889230167782,0.02245865077937024,0.0,0.0,0.0,0.0,0.0,0.0,0.0,0.0,0.0,0.0,0.0,0.0,0.0,0.0,0.0,0.0,0.0,0.0,0.0,0.0,0.0,0.0,0.0,0.0,0.0,0.13474887709269093,5.279706002449981,15.924867292772563,7.986933442221316,0.6737443854634546,0.9216826506940071,0.022713440117797957,0.0,0.0,0.0,0.0,0.0,0.0,0.0,0.0,0.0,0.0,0.0,0.0,0.0,0.0,0.0,0.0,0.0,0.0,0.0,0.0,0.0,0.0,0.0,0.0,0.0,0.22686832740213528,4.604092526690392,16.014234875444842,8.434163701067618,0.720640569395018,0.3882,0.0215,0.0,0.0,0.0,0.0,0.0,0.0,0.0,0.0,0.0,0.13474887709269093,4.6182115149040435,16.69661086157613,8.011433238056352,0.5389955083707637,0.0,0.0,0.0,0.0,0.0,0.0,0.0,0.0,0.0,0.0,0.0,0.0,0.0,0.0,0.0,0.0,0.3882,0.02148,0.0,0.0,0.0,0.0,0.0,0.0,0.0,0.0,0.0,0.05338078291814948,4.724199288256228,16.65480427046261,7.940391459074735,0.6272241992882563,0.0,0.0,0.0,0.0,0.0,0.0,0.0,0.0,0.0,0.0,0.0,0.0,0.0,0.0,0.0,0.0
14800,4407,2288,0.5191740412979351,1110,896,0.45518493306103924,1218,0.5527569775357386,0.438,3.06512505899009,3.216654743732569,6.892255892255892,2.137962298483771,9331.29075708986,1422.7047346228117,7853.0,10754.121541500092,10700.38958325831,17.698346675877435,7853.0,0.0,27.695030633083732,20.78862752875606,32.73134328358209,19.010288079793238,0.14295439074200136,0.10211027910142954,0.09053778080326753,0.08441116405718176,0.08214204674381666,0.0739732244157023,0.07601542999773088,0.06398910823689585,0.05831631495348309,0.051735874744724304,0.04243249375992739,0.037667347401860674,0.03380984796914,0.02450646698434309,0.018152938506920808,0.010891763104152484,0.006353528477422283,0.9209829351786775,0.02311833852667406,0.0,0.0,0.0,0.0,0.0,0.0,0.0,0.0,0.0,0.0,0.0,0.0,0.0,0.0,0.0,0.0,0.0,0.0,0.0,0.0,0.0,0.0,0.0,0.0,0.0,0.2791014295439075,5.241660993873384,15.507147719537103,8.332198774676652,0.6398910823689585,4.291578947368421,2.967112004504731,nan,nan,nan,4.415666901905434,3.000608288692808,4.167597765363128,2.929070311291046,0.9438206861945906,0.3887,0.02176,0.0,0.0,0.0,0.0,0.0,0.0,0.0,0.0,0.0,0.1361470388019061,4.7106875425459505,15.867937372362128,8.658951667801228,0.6262763784887679,0.0,0.0,0.0,0.0,0.0,0.0,0.0,0.0,0.0,0.0,0.0,0.0,0.0,0.0,0.0,0.0,nan,nan,4.291578947368421,2.967112004504731,nan,0.3887,0.09845,0.0,0.0,0.0,0.0,0.0,0.0,0.0,0.0,0.0,0.0,0.0,0.0,0.0,0.0,0.0024619922850011348,0.0,5.672793283412752e-05,0.0004992058089403222,0.003687315634218289,0.002178352620830497,0.0004084411164057182,0.004628999319264806,0.019820739732244158,0.013955071477195371,0.030201951440889493,0.023099614250056726,0.024597231676877693,0.04219423644202405,0.01784660766961652,0.03404810528704334,0.01269571136827774,0.01716587247560699,0.035976855003403675,0.017483548899478105,0.03742909008395734,0.014363512593601089,0.0640571817562968,0.02511912865895167,0.03968686181075562,0.06742682096664397,0.040174722033129114,0.02619695938280009,0.02679827547084184,0.05512820512820513,0.029419105967778535,0.037667347401860674,0.01663262990696619,0.02809167233945995,0.039482641252552755,0.012173814386203767,0.027773995915588837,0.007635579759473565,0.014805990469707283,0.0014862718402541412,0.009144542772861357,0.005808940322214659,0.018799636941229863,0.006671204901293397,0.012865895166780123,0.008951667801225324,0.006988881325164511,0.00292716133424098,0.0015316541865214432,0.005241660993873383,1.1345586566825506e-05,0.0022123893805309734,0.0005332425686407987,5.672793283412752e-05,0.0,7.941910596777853e-05,0.0035852053551168597,3.4036759700476515e-05,0.0,0.0,0.0,0.0,0.0,0.0,0.0,0.0,0.0,0.0,0.0,0.0,0.0,0.0,0.0,0.0,0.0,0.0,0.0,0.0,0.0,0.0,0.0,0.0,0.0,0.0,0.0,0.0,0.0,nan,nan,4.291578947368421,2.967112004504731,nan,0.9207181185223423,0.023016397881107736,0.0,0.0,0.0,0.0,0.0,0.0,0.0,0.0,0.0,0.0,0.0,0.0,0.0,0.0,0.0,0.0,0.0,0.0,0.0,0.0,0.0,0.0,0.0,0.0,0.0,0.32779720279720287,5.231643356643358,15.603146853146857,8.312937062937065,0.5244755244755246,0.9212688721818371,0.023224516926490708,0.0,0.0,0.0,0.0,0.0,0.0,0.0,0.0,0.0,0.0,0.0,0.0,0.0,0.0,0.0,0.0,0.0,0.0,0.0,0.0,0.0,0.0,0.0,0.0,0.0,0.2265219443133554,5.252477583765928,15.403492213308168,8.35299669655498,0.7645115620575745,0.3887,0.022,0.0,0.0,0.0,0.0,0.0,0.0,0.0,0.0,0.0,0.13111888111888115,4.785839160839162,15.983391608391587,8.41783216783217,0.681818181818182,0.0,0.0,0.0,0.0,0.0,0.0,0.0,0.0,0.0,0.0,0.0,0.0,0.0,0.0,0.0,0.0,0.389,0.02148,0.0,0.0,0.0,0.0,0.0,0.0,0.0,0.0,0.0,0.14157621519584712,4.629542236904201,15.743275129778173,8.919301557338368,0.5663048607833885,0.0,0.0,0.0,0.0,0.0,0.0,0.0,0.0,0.0,0.0,0.0,0.0,0.0,0.0,0.0,0.0
14900,4410,2310,0.5238095238095238,1071,879,0.4421768707482993,1211,0.5492063492063493,0.418,2.991904761904762,3.1261464473017457,6.496677740863787,2.3114956669672098,9344.768435633561,1422.4017924241734,7853.0,10764.568023562431,10700.921558936798,17.501046979413072,7853.0,0.0,28.296145124716553,21.0270705256463,33.021401819154626,19.35300668642559,0.13378684807256236,0.09773242630385487,0.09773242630385487,0.09047619047619047,0.07596371882086168,0.07551020408163266,0.07188208616780045,0.05895691609977324,0.05510204081632653,0.054648526077097505,0.04671201814058957,0.039909297052154194,0.03537414965986395,0.032426303854875285,0.01473922902494331,0.011791383219954649,0.0072562358276643995,0.9208501877968543,0.02255039943853023,0.0,0.0,0.0,0.0,0.0,0.0,0.0,0.0,0.0,0.0,0.0,0.0,0.0,0.0,0.0,0.0,0.0,0.0,0.0,0.0,0.0,0.0,0.0,0.0,0.0,0.2244897959183674,5.07482993197279,15.993197278911568,8.074829931972792,0.6326530612244899,4.201683619782532,2.9045998135171107,nan,nan,nan,4.210119465917076,2.875512026841122,4.19327731092437,2.9332746996684267,0.9959996016433615,0.389,0.02148,0.0,0.0,0.0,0.0,0.0,0.0,0.0,0.0,0.0,0.054421768707483005,4.401360544217688,16.564625850340114,8.319727891156464,0.6462585034013606,0.013605442176870751,0.0,0.0,0.0,0.0,0.0,0.0,0.0,0.0,0.0,0.0,0.0,0.0,0.0,0.0,0.0,nan,nan,4.201683619782532,2.9045998135171107,nan,0.389,0.0989,0.0,0.0,0.0,0.0,0.0,0.0,0.0,0.0,0.0,0.0,0.0,0.0,0.0,0.0,0.0024489795918367346,0.0,0.00012471655328798187,0.0006349206349206349,0.0041156462585034016,0.0025283446712018143,0.0006802721088435374,0.005442176870748299,0.019467120181405895,0.013480725623582766,0.02947845804988662,0.0218140589569161,0.025770975056689342,0.04207482993197279,0.016122448979591836,0.03527210884353742,0.012154195011337868,0.016666666666666666,0.03531746031746032,0.01693877551020408,0.0373015873015873,0.01427437641723356,0.06772108843537415,0.02505668934240363,0.04150793650793651,0.0641609977324263,0.039909297052154194,0.026201814058956916,0.026984126984126985,0.05577097505668934,0.029365079365079365,0.0377437641723356,0.01772108843537415,0.02660997732426304,0.039217687074829935,0.011179138321995465,0.026054421768707484,0.007585034013605442,0.01526077097505669,0.001201814058956916,0.009376417233560091,0.00772108843537415,0.020249433106575964,0.0072675736961451244,0.01253968253968254,0.008310657596371882,0.006893424036281179,0.0028798185941043084,0.0014965986394557824,0.0056916099773242634,0.0,0.001746031746031746,0.0003514739229024943,0.00015873015873015873,0.0,0.00011337868480725624,0.003764172335600907,7.936507936507937e-05,0.0,0.0,0.0,0.0,0.0,0.0,0.0,0.0,0.0,0.0,0.0,0.0,0.0,0.0,0.0,0.0,0.0,0.0,0.0,0.0,0.0,0.0,0.0,0.0,0.0,0.0,0.0,0.0,0.0,nan,nan,4.201683619782532,2.9045998135171107,nan,0.9213422706890931,0.022682827480755702,0.0,0.0,0.0,0.0,0.0,0.0,0.0,0.0,0.0,0.0,0.0,0.0,0.0,0.0,0.0,0.0,0.0,0.0,0.0,0.0,0.0,0.0,0.0,0.0,0.0,0.22077922077922082,4.77922077922078,15.948051948051951,8.363636363636365,0.6883116883116885,0.9203088966153917,0.022391337523942383,0.0,0.0,0.0,0.0,0.0,0.0,0.0,0.0,0.0,0.0,0.0,0.0,0.0,0.0,0.0,0.0,0.0,0.0,0.0,0.0,0.0,0.0,0.0,0.0,0.0,0.22857142857142862,5.400000000000001,16.042857142857148,7.757142857142859,0.5714285714285715,0.389,0.02171,0.0,0.0,0.0,0.0,0.0,0.0,0.0,0.0,0.0,0.10389610389610392,4.363636363636364,16.519480519480496,8.350649350649352,0.6493506493506495,0.01298701298701299,0.0,0.0,0.0,0.0,0.0,0.0,0.0,0.0,0.0,0.0,0.0,0.0,0.0,0.0,0.0,0.389,0.02124,0.0,0.0,0.0,0.0,0.0,0.0,0.0,0.0,0.0,0.0,4.442857142857144,16.61428571428569,8.285714285714288,0.642857142857143,0.014285714285714289,0.0,0.0,0.0,0.0,0.0,0.0,0.0,0.0,0.0,0.0,0.0,0.0,0.0,0.0,0.0
15000,4263,2204,0.5170068027210885,1042,852,0.44428806005160687,1179,0.5531315974665728,0.438,3.0237979601748424,3.2063434197353153,6.880514705882353,2.11925410707918,9325.21674306782,1423.020669679377,7853.0,10763.814451932907,10700.577121460125,17.55055797754829,7853.0,0.0,27.704433497536947,20.955666182624956,32.92998306041784,19.142078043797504,0.14684494487450153,0.10039878020173587,0.0931269059347877,0.0844475721323012,0.07647196809758386,0.07576823832981469,0.06638517475955899,0.0692000938306357,0.05747126436781609,0.05606380483227774,0.0422237860661506,0.03823598404879193,0.032136992728125736,0.02345765892563922,0.019704433497536946,0.01055594651653765,0.00750645085620455,0.9205632380076817,0.023435586961439405,0.0,0.0,0.0,0.0,0.0,0.0,0.0,0.0,0.0,0.0,0.0,0.0,0.0,0.0,0.0,0.0,0.0,0.0,0.0,0.0,0.0,0.0,0.0,0.0,0.014074595355383536,0.36593947923997194,5.242786769880367,15.277973258268828,8.40253342716397,0.6966924700914849,4.405375552282769,2.9220784609604658,nan,nan,nan,4.369612856099343,2.91177502848665,4.442050520059436,2.933130416811405,1.016577593106213,0.3896,0.02147,0.0,0.0,0.0,0.0,0.0,0.0,0.0,0.0,0.0,0.07037297677691767,4.208304011259677,16.27726952850103,8.726249120337792,0.7107670654468685,0.007037297677691768,0.0,0.0,0.0,0.0,0.0,0.0,0.0,0.0,0.0,0.0,0.0,0.0,0.0,0.0,0.0,nan,nan,4.405375552282769,2.9220784609604658,nan,0.3896,0.1001,0.0,0.0,0.0,0.0,0.0,0.0,0.0,0.0,0.0,0.0,0.0,0.0,0.0,0.0,0.0020994604738447105,3.518648838845883e-05,0.0001993901008679334,0.0007975604034717336,0.004679802955665025,0.0024161388693408397,0.0010673234811165845,0.005453905700211119,0.0198569082805536,0.012678864649308,0.031773399014778325,0.021170537180389398,0.024055829228243022,0.043115177105324885,0.016959887403237155,0.035116115411681914,0.010989913206661974,0.018214872155758854,0.03550316678395496,0.018531550551254983,0.033204316209242316,0.014144968332160451,0.06705371803893971,0.024290405817499413,0.039948393150363595,0.06291344123856439,0.03728594886230354,0.028172648369692705,0.027269528501055594,0.05686136523574947,0.030623973727422003,0.03617171006333568,0.017546328876378137,0.027902885292047853,0.03878723903354445,0.012244897959183673,0.02497067792634295,0.006274923762608492,0.01299554304480413,0.0015833919774806474,0.009840487919305653,0.008573774337321136,0.02112362186253812,0.007823129251700681,0.01353506920009383,0.008702791461412151,0.007283603096410978,0.0031198686371100163,0.001630307295331926,0.00662678864649308,3.518648838845883e-05,0.0020408163265306124,0.0003049495660333099,0.00038705137227304715,0.0,1.172882946281961e-05,0.003929157870044569,7.037297677691766e-05,0.0,0.0,0.0,0.0,0.0,0.0,0.0,0.0,0.0,0.0,0.0,0.0,0.0,0.0,0.0,0.0,0.0,0.0,0.0,0.0,0.0,0.0,0.0,0.0,0.0,0.0,0.0,0.0,0.0,nan,nan,4.405375552282769,2.9220784609604658,nan,0.9206866298797126,0.023107511711522276,0.0,0.0,0.0,0.0,0.0,0.0,0.0,0.0,0.0,0.0,0.0,0.0,0.0,0.0,0.0,0.0,0.0,0.0,0.0,0.0,0.0,0.0,0.0,0.0,0.0,0.3811252268602542,5.15880217785844,15.394736842105267,8.343920145190564,0.7214156079854811,0.9204311565671979,0.023781041994500072,0.0,0.0,0.0,0.0,0.0,0.0,0.0,0.0,0.0,0.0,0.0,0.0,0.0,0.0,0.0,0.0,0.0,0.0,0.0,0.0,0.0,0.0,0.0,0.0,0.02914035939776591,0.3496843127731909,5.332685769791162,15.152986886838274,8.465274405050998,0.670228266148616,0.389,0.02182,0.0,0.0,0.0,0.0,0.0,0.0,0.0,0.0,0.0,0.06805807622504538,4.696007259528131,15.884754990925567,8.725045372050818,0.6125226860254085,0.013611615245009078,0.0,0.0,0.0,0.0,0.0,0.0,0.0,0.0,0.0,0.0,0.0,0.0,0.0,0.0,0.0,0.3906,0.02106,0.0,0.0,0.0,0.0,0.0,0.0,0.0,0.0,0.0,0.07285089849441478,3.686255463817388,16.69742593491984,8.72753763963089,0.8159300631374455,0.0,0.0,0.0,0.0,0.0,0.0,0.0,0.0,0.0,0.0,0.0,0.0,0.0,0.0,0.0,0.0
15100,4467,2318,0.5189164987687486,1073,886,0.43854936198791133,1222,0.5471233490038057,0.426,2.991624011167985,3.119748205482678,6.604918032786885,2.162188192587921,9330.488268669724,1422.663863461487,7853.0,10762.429255127907,10700.256296871292,17.353908765681762,7853.0,0.0,27.807253190060443,20.985422707103158,32.891479099678456,19.219685621517602,0.14372061786433848,0.10543989254533244,0.09424669800761137,0.08036713678083725,0.0776807700917842,0.07387508394895903,0.06805462278934409,0.06559211999104544,0.056413700470114174,0.05081710320125364,0.04947391985672711,0.038504589209760465,0.03760913364674278,0.022610252966196554,0.019476158495634655,0.008730691739422432,0.007387508394895903,0.9207505664490255,0.02291927264346904,0.0,0.0,0.0,0.0,0.0,0.0,0.0,0.0,0.0,0.0,0.0,0.0,0.0,0.0,0.0,0.0,0.0,0.0,0.0,0.0,0.0,0.0,0.0,0.0,0.0,0.26192075218267297,5.144392209536602,15.802552048354604,8.153122901276026,0.6380120886501008,4.26115992970123,2.844842907392974,nan,nan,nan,4.305964912280702,2.841126450466572,4.214235377026075,2.84790298398494,0.978697101085749,0.3892,0.02205,0.0,0.0,0.0,0.0,0.0,0.0,0.0,0.0,0.0,0.12088650100738753,4.734721289456012,16.01746138347882,8.374748153122903,0.7387508394895905,0.013431833445265282,0.0,0.0,0.0,0.0,0.0,0.0,0.0,0.0,0.0,0.0,0.0,0.0,0.0,0.0,0.0,nan,nan,4.26115992970123,2.844842907392974,nan,0.3892,0.0997,0.0,0.0,0.0,0.0,0.0,0.0,0.0,0.0,0.0,0.0,0.0,0.0,0.0,0.0,0.0019028430714125811,4.477277815088426e-05,2.238638907544213e-05,0.0004589209760465637,0.0047011417058428475,0.0024625027982986343,0.0012424445936870382,0.0054286993507947166,0.01953212446832326,0.014047459144839937,0.03266174166107007,0.022017013655697335,0.023651220058204612,0.0428811282740094,0.015983881799865682,0.03513543765390643,0.011428251623013207,0.018737407656145063,0.03479964181777479,0.02059547794940676,0.03188941123796732,0.013062458025520484,0.06597268860532796,0.025699574658607567,0.0376203268412805,0.06522274457130064,0.03717259905977166,0.026729348556077906,0.028453100514886948,0.05576449518692635,0.03307588985896575,0.036176404745914485,0.01796507723304231,0.029259010521602867,0.03933288560555182,0.013263935527199462,0.024916051040967092,0.005921199910454444,0.011618535930154467,0.0015782404298186703,0.009626147302440116,0.009055294381016342,0.019901499888068056,0.007074098947839714,0.012189388851578241,0.00840608909782852,0.007622565480188046,0.002753525856279382,0.0015110812625923438,0.006850235057085292,2.238638907544213e-05,0.0019923886277143496,0.0004141481978956794,0.00022386389075442132,0.0,0.0,0.003760913364674278,0.000167897918065816,0.0,0.0,0.0,0.0,0.0,0.0,0.0,0.0,0.0,0.0,0.0,0.0,0.0,0.0,0.0,0.0,0.0,0.0,0.0,0.0,0.0,0.0,0.0,0.0,0.0,0.0,0.0,0.0,0.0,nan,nan,4.26115992970123,2.844842907392974,nan,0.9202105475716595,0.022938212549086175,0.0,0.0,0.0,0.0,0.0,0.0,0.0,0.0,0.0,0.0,0.0,0.0,0.0,0.0,0.0,0.0,0.0,0.0,0.0,0.0,0.0,0.0,0.0,0.0,0.0,0.24590163934426235,5.396893874029337,15.647109577221746,8.050043140638483,0.6600517687661779,0.9213330530743091,0.02288454445361438,0.0,0.0,0.0,0.0,0.0,0.0,0.0,0.0,0.0,0.0,0.0,0.0,0.0,0.0,0.0,0.0,0.0,0.0,0.0,0.0,0.0,0.0,0.0,0.0,0.0,0.2791996277338297,4.872033503955329,15.97021870637506,8.26430898092136,0.6142391810144254,0.389,0.02199,0.0,0.0,0.0,0.0,0.0,0.0,0.0,0.0,0.0,0.09059534081104403,4.866264020707507,15.944779982743723,8.30888697152718,0.7635893011216568,0.02588438308886972,0.0,0.0,0.0,0.0,0.0,0.0,0.0,0.0,0.0,0.0,0.0,0.0,0.0,0.0,0.0,0.3892,0.02213,0.0,0.0,0.0,0.0,0.0,0.0,0.0,0.0,0.0,0.15355979525360636,4.5928338762214995,16.095858538855257,8.44578873894835,0.7119590507212659,0.0,0.0,0.0,0.0,0.0,0.0,0.0,0.0,0.0,0.0,0.0,0.0,0.0,0.0,0.0,0.0
15200,4646,2424,0.5217391304347826,1150,941,0.45006457167455877,1286,0.553594489883771,0.41,3.012151215121512,3.1459167252075293,6.687888198757764,2.1082010552515706,9338.24767723863,1422.0739324864403,7853.0,10761.510050296783,10699.724714707374,17.711165722713343,7853.0,0.0,27.958028411536805,20.763809285691583,32.813697929976996,19.02204718258116,0.13452432199741712,0.10309944037882049,0.09341368919500646,0.0858803271631511,0.08114507102884201,0.07748600947051226,0.06909169177787344,0.06306500215238915,0.06284976323719328,0.050365906155832973,0.045200172191132156,0.037666810159276795,0.03379250968575118,0.0297029702970297,0.019371502367628066,0.0064571674558760225,0.006887645286267757,0.9201308433166927,0.022968788709042665,0.0,0.0,0.0,0.0,0.0,0.0,0.0,0.0,0.0,0.0,0.0,0.0,0.0,0.0,0.0,0.0,0.0,0.0,0.0,0.0,0.0,0.0,0.0,0.0,0.0,0.28411536805854504,5.29487731381834,16.110632802410677,7.613000430477832,0.6973740852346106,4.275965379494008,2.952814941491406,nan,nan,nan,4.338775510204082,2.9334210479988085,4.215775749674055,2.9700348580320752,0.9716510429634464,0.3892,0.02156,0.0,0.0,0.0,0.0,0.0,0.0,0.0,0.0,0.0,0.11622901420576842,4.474817046922085,16.168747309513538,8.613861386138616,0.6263452432199743,0.0,0.0,0.0,0.0,0.0,0.0,0.0,0.0,0.0,0.0,0.0,0.0,0.0,0.0,0.0,0.0,nan,nan,4.275965379494008,2.952814941491406,nan,0.3892,0.10034,0.0,0.0,0.0,0.0,0.0,0.0,0.0,0.0,0.0,0.0,0.0,0.0,0.0,0.0,0.0026582006026689624,0.0,0.0,0.0008501937150236763,0.0044984933275936285,0.002615152819629789,0.0010977184674989238,0.006091261300043047,0.019177787343951785,0.014980628497632372,0.034588893671975894,0.021706844597503227,0.021975893241498064,0.041444253120964274,0.01647653895824365,0.035848041325871716,0.011278519156263453,0.01992036160137753,0.03560051657339647,0.02006026689625484,0.031661644425312094,0.01267757210503659,0.06067585019371503,0.024537236332328884,0.036698235040895394,0.06562634524321997,0.03715023676280672,0.0271093413689195,0.029197158846319415,0.05620964270340077,0.0331145071028842,0.03605251829530779,0.01918854928971158,0.02917563495479983,0.03872148084373655,0.011482996125699526,0.026894102453723635,0.005488592337494619,0.014291863969005596,0.0012914334911752045,0.009395178648299612,0.008932414980628498,0.01944683598794662,0.007834696513129574,0.011203185535944899,0.009083082221265604,0.008243650452001722,0.003400774860094705,0.0013882910030133448,0.006295738269479122,1.076194575979337e-05,0.0022169608265174344,0.0003013344812742144,0.0001829530779164873,0.0,0.0,0.003594489883770986,0.0003336203185535945,0.0,0.0,2.152389151958674e-05,0.0,0.0,0.0,0.0,0.0,0.0,0.0,0.0,0.0,0.0,0.0,0.0,0.0,0.0,0.0,0.0,0.0,0.0,0.0,0.0,0.0,0.0,0.0,0.0,0.0,0.0,nan,nan,4.275965379494008,2.952814941491406,nan,0.9193903253269274,0.0234381662611991,0.0,0.0,0.0,0.0,0.0,0.0,0.0,0.0,0.0,0.0,0.0,0.0,0.0,0.0,0.0,0.0,0.0,0.0,0.0,0.0,0.0,0.0,0.0,0.0,0.0,0.3217821782178219,5.730198019801982,15.829207920792083,7.363861386138615,0.7549504950495052,0.9209386811237095,0.022417667917350396,0.0,0.0,0.0,0.0,0.0,0.0,0.0,0.0,0.0,0.0,0.0,0.0,0.0,0.0,0.0,0.0,0.0,0.0,0.0,0.0,0.0,0.0,0.0,0.0,0.0,0.2430243024302431,4.819981998199821,16.41764176417642,7.884788478847886,0.6345634563456347,0.3887,0.0214,0.0,0.0,0.0,0.0,0.0,0.0,0.0,0.0,0.0,0.09900990099009903,4.715346534653466,16.126237623762353,8.52722772277228,0.5321782178217823,0.0,0.0,0.0,0.0,0.0,0.0,0.0,0.0,0.0,0.0,0.0,0.0,0.0,0.0,0.0,0.0,0.3896,0.02174,0.0,0.0,0.0,0.0,0.0,0.0,0.0,0.0,0.0,0.13501350135013504,4.212421242124213,16.215121512151192,8.70837083708371,0.7290729072907293,0.0,0.0,0.0,0.0,0.0,0.0,0.0,0.0,0.0,0.0,0.0,0.0,0.0,0.0,0.0,0.0
15300,4653,2401,0.5160111755856437,1132,955,0.4485278315065549,1310,0.5630775843541801,0.418,3.081261101243339,3.1769966672122916,6.674809160305344,2.2553530388815903,9322.199929600989,1422.9369637008033,7853.0,10759.628878474236,10700.225019755686,17.34476331804644,7853.0,0.0,27.81431334622824,20.78728536654548,32.674668028600614,19.070922461198656,0.13969482054588436,0.10186976144422953,0.09176875134321943,0.08596604341285193,0.0836019772189985,0.07264130668385987,0.06791317429615303,0.06769825918762089,0.0569525037610144,0.05931656995486783,0.041693531055233185,0.037825059101654845,0.030947775628626693,0.02364066193853428,0.02213625617880937,0.010315925209542231,0.006017623038899635,0.9193404802911235,0.022615408088763136,0.0,0.0,0.0,0.0,0.0,0.0,0.0,0.0,0.0,0.0,0.0,0.0,0.0,0.0,0.0,0.0,0.0,0.0,0.0,0.0,0.0,0.0,0.0,0.0,0.0,0.2901353965183753,5.647969052224373,16.021921341070282,7.485493230174082,0.554480980012895,4.387550200803213,2.926544768085462,nan,nan,nan,4.389671361502347,2.9066173649707525,4.385437541750167,2.9462568145657047,0.9990355041634071,0.3894,0.02184,0.0,0.0,0.0,0.0,0.0,0.0,0.0,0.0,0.0,0.12250161186331401,4.358478401031594,16.17666021921339,8.620245003223728,0.7092198581560286,0.012894906511927791,0.0,0.0,0.0,0.0,0.0,0.0,0.0,0.0,0.0,0.0,0.0,0.0,0.0,0.0,0.0,nan,nan,4.387550200803213,2.926544768085462,nan,0.3894,0.10034,0.0,0.0,0.0,0.0,0.0,0.0,0.0,0.0,0.0,3.223726627981947e-05,0.0,0.0,0.0,0.0,0.0022028798624543306,0.0,1.074575542660649e-05,0.000569525037610144,0.004362776703202235,0.003223726627981947,0.0011712873415001075,0.0068020631850419086,0.017676767676767676,0.015237481194928003,0.03330109606705351,0.022372662798194713,0.022823984526112187,0.04182248012035246,0.015484633569739953,0.03548248441865463,0.012045991833225876,0.019202664947345797,0.03686868686868687,0.02130883301096067,0.030840318074360627,0.015022566086395874,0.059133892112615515,0.024532559638942616,0.03492370513647109,0.0655491081022996,0.037029873200085967,0.027487642381259402,0.02981947130883301,0.0556200300881152,0.03330109606705351,0.03512787448957662,0.019331614012465078,0.029411132602621966,0.03826563507414571,0.010649043627767031,0.026477541371158392,0.0050075220287986244,0.01609714162905652,0.0020094562647754136,0.009757145927358693,0.008790027938964108,0.019922630560928432,0.008102299591661293,0.01053084031807436,0.00854287556415216,0.0097678916827853,0.0031807436062755213,0.0012894906511927789,0.005813453685794111,9.671179883945841e-05,0.0024392864818396733,0.0001289490651192779,0.00017193208682570385,6.447453255963895e-05,0.0,0.003223726627981947,0.0005372877713303245,0.0,0.0,0.0,0.0,0.0,0.0,0.0,0.0,0.0,0.0,0.0,0.0,0.0,0.0,0.0,0.0,0.0,0.0,0.0,0.0,0.0,0.0,0.0,0.0,0.0,0.0,0.0,0.0,0.0,nan,nan,4.387550200803213,2.926544768085462,nan,0.9195972965787421,0.02260325756925024,0.0,0.0,0.0,0.0,0.0,0.0,0.0,0.0,0.0,0.0,0.0,0.0,0.0,0.0,0.0,0.0,0.0,0.0,0.0,0.0,0.0,0.0,0.0,0.0,0.0,0.3248646397334445,5.335276967930031,16.243231986672225,7.59683465222824,0.4997917534360684,0.9190666721620949,0.022625144777503395,0.0,0.0,0.0,0.0,0.0,0.0,0.0,0.0,0.0,0.0,0.0,0.0,0.0,0.0,0.0,0.0,0.0,0.0,0.0,0.0,0.0,0.0,0.0,0.0,0.0,0.25310834813499117,5.981349911190055,15.785968028419186,7.366785079928953,0.6127886323268207,0.3894,0.02167,0.0,0.0,0.0,0.0,0.0,0.0,0.0,0.0,0.0,0.09995835068721369,4.323198667221992,16.168263223656787,8.646397334443984,0.7621824239900044,0.0,0.0,0.0,0.0,0.0,0.0,0.0,0.0,0.0,0.0,0.0,0.0,0.0,0.0,0.0,0.0,0.3894,0.022,0.0,0.0,0.0,0.0,0.0,0.0,0.0,0.0,0.0,0.14653641207815277,4.396092362344583,16.185612788632305,8.592362344582595,0.652753108348135,0.026642984014209597,0.0,0.0,0.0,0.0,0.0,0.0,0.0,0.0,0.0,0.0,0.0,0.0,0.0,0.0,0.0
15400,4476,2288,0.5111706881143878,1054,941,0.4457104557640751,1265,0.565236818588025,0.442,2.859689213893967,3.0820531237054505,6.488734835355286,2.3127170005187416,9307.862512590393,1422.7692615081246,7853.0,10765.244425177574,10699.13837690323,17.540521508222234,7853.0,0.0,28.0017873100983,20.968954378887382,33.03599040255932,19.17326282292351,0.14119749776586238,0.09874888293118857,0.08802502234137623,0.09294012511170688,0.08109919571045576,0.07596067917783736,0.06613047363717604,0.06456657730116175,0.05786416443252904,0.04579982126899017,0.04624664879356569,0.04244861483467382,0.03663985701519214,0.02837354781054513,0.01831992850759607,0.009159964253798034,0.006478999106344951,0.9195501629239858,0.0226849107196687,0.0,0.0,0.0,0.0,0.0,0.0,0.0,0.0,0.0,0.0,0.0,0.0,0.0,0.0,0.0,0.0,0.0,0.0,0.0,0.0,0.0,0.0,0.0,0.0,0.00670241286863271,0.3083109919571046,5.522788203753353,15.985254691689011,7.5938337801608595,0.5831099195710456,4.14920744314266,2.8796436849514766,nan,nan,nan,4.147260273972603,2.840670748629709,4.15117891816921,2.9185716249538087,1.0009448753967045,0.3877,0.0223,0.0,0.0,0.0,0.0,0.0,0.0,0.0,0.0,0.0,0.18096514745308315,5.234584450402146,16.079088471849843,7.835120643431637,0.6568364611260055,0.01340482573726542,0.0,0.0,0.0,0.0,0.0,0.0,0.0,0.0,0.0,0.0,0.0,0.0,0.0,0.0,0.0,nan,nan,4.14920744314266,2.8796436849514766,nan,0.3877,0.0997,0.0,0.0,0.0,0.0,0.0,0.0,0.0,0.0,0.0,4.468275245755138e-05,0.0,0.0,0.0,0.0,0.00233467381590706,0.0,0.0,0.0007707774798927614,0.004524128686327078,0.0026027703306523682,0.0012734584450402144,0.006881143878462914,0.0193029490616622,0.015203306523681858,0.031881143878462914,0.02387176050044683,0.022106791778373547,0.042336907953529936,0.015359696157283288,0.037622877569258265,0.012578194816800715,0.019906166219839143,0.03946604110813226,0.021693476318141197,0.029378909740840037,0.014912868632707774,0.05825513851653262,0.024921805183199284,0.03694146559428061,0.06655495978552278,0.03629356568364611,0.027245308310991957,0.026899016979445935,0.05647899910634495,0.03219392314566577,0.0370420017873101,0.019124218051831992,0.031110366398570153,0.036528150134048254,0.01120420017873101,0.023782394995531725,0.005697050938337802,0.014577747989276139,0.002558087578194817,0.00907059874888293,0.009405719392314566,0.019269436997319034,0.008277479892761393,0.008880697050938339,0.008232797140303843,0.009461572832886506,0.003205987488829312,0.0011058981233243968,0.005775245755138517,7.819481680071492e-05,0.001809651474530831,0.0001228775692582663,0.00020107238605898123,5.585344057193923e-05,0.0,0.0026474530831099197,0.0009383378016085791,0.0,0.0,0.0,0.0,0.0,0.0,0.0,0.0,0.0,0.0,0.0,0.0,0.0,0.0,0.0,0.0,0.0,0.0,0.0,0.0,0.0,0.0,0.0,0.0,0.0,0.0,0.0,0.0,0.0,nan,nan,4.14920744314266,2.8796436849514766,nan,0.9195765026330531,0.022520946159778094,0.0,0.0,0.0,0.0,0.0,0.0,0.0,0.0,0.0,0.0,0.0,0.0,0.0,0.0,0.0,0.0,0.0,0.0,0.0,0.0,0.0,0.0,0.0,0.0,0.0,0.3802447552447553,5.310314685314686,16.245629370629374,7.51311188811189,0.5506993006993008,0.9195226193890929,0.02285507848921934,0.0,0.0,0.0,0.0,0.0,0.0,0.0,0.0,0.0,0.0,0.0,0.0,0.0,0.0,0.0,0.0,0.0,0.0,0.0,0.0,0.0,0.0,0.0,0.0,0.01371115173674589,0.23308957952468012,5.744972577696529,15.71297989031079,7.678244972577698,0.617001828153565,0.3875,0.02226,0.0,0.0,0.0,0.0,0.0,0.0,0.0,0.0,0.0,0.15734265734265737,5.270979020979022,16.16695804195802,7.736013986013988,0.6424825174825176,0.02622377622377623,0.0,0.0,0.0,0.0,0.0,0.0,0.0,0.0,0.0,0.0,0.0,0.0,0.0,0.0,0.0,0.3877,0.02234,0.0,0.0,0.0,0.0,0.0,0.0,0.0,0.0,0.0,0.20566727605118834,5.196526508226692,15.98720292504568,7.93875685557587,0.6718464351005485,0.0,0.0,0.0,0.0,0.0,0.0,0.0,0.0,0.0,0.0,0.0,0.0,0.0,0.0,0.0,0.0
15500,4720,2443,0.5175847457627119,1127,952,0.44046610169491524,1332,0.5644067796610169,0.39799999999999996,2.9161176987263944,3.050805237264583,6.431643625192012,2.119947011670431,9326.163253268296,1422.289125194798,7853.0,10757.44209754467,10699.22617905295,17.609981564897794,7853.0,0.0,28.04470338983051,20.923881253048716,32.97379032258065,19.174977355950038,0.1385593220338983,0.10254237288135593,0.09322033898305085,0.08601694915254238,0.07754237288135593,0.07415254237288135,0.06610169491525424,0.06843220338983051,0.056567796610169495,0.05360169491525424,0.04449152542372881,0.03792372881355932,0.03961864406779661,0.026483050847457626,0.017796610169491526,0.011864406779661017,0.005084745762711864,0.9194613584648754,0.023395811987150582,0.0,0.0,0.0,0.0,0.0,0.0,0.0,0.0,0.0,0.0,0.0,0.0,0.0,0.0,0.0,0.0,0.0,0.0,0.0,0.0,0.0,0.0,0.0,0.0,0.0,0.3495762711864408,5.7838983050847474,15.400423728813562,7.773305084745764,0.6927966101694917,4.27027027027027,2.8681403148466735,nan,nan,nan,4.252631578947368,2.8707909090028303,4.2879788639365914,2.8653675250680197,1.008311861569248,0.3882,0.02126,0.0,0.0,0.0,0.0,0.0,0.0,0.0,0.0,0.0,0.13347457627118647,4.474576271186441,16.817796610169466,8.027542372881358,0.5402542372881357,0.006355932203389832,0.0,0.0,0.0,0.0,0.0,0.0,0.0,0.0,0.0,0.0,0.0,0.0,0.0,0.0,0.0,nan,nan,4.27027027027027,2.8681403148466735,nan,0.3882,0.0997,0.0,0.0,0.0,0.0,0.0,0.0,0.0,0.0,0.0,4.2372881355932206e-05,0.0,3.177966101694915e-05,0.0,0.0,0.0019067796610169492,1.0593220338983052e-05,0.0,0.0005826271186440678,0.005370762711864407,0.001694915254237288,0.0011334745762711864,0.006822033898305085,0.018040254237288136,0.01573093220338983,0.03191737288135593,0.023908898305084747,0.024883474576271186,0.040074152542372884,0.014745762711864407,0.03561440677966102,0.012891949152542373,0.01885593220338983,0.04088983050847458,0.022161016949152543,0.031514830508474576,0.014258474576271187,0.06166313559322034,0.024417372881355932,0.03503177966101695,0.06944915254237288,0.032860169491525426,0.02680084745762712,0.02555084745762712,0.054110169491525424,0.03503177966101695,0.03524364406779661,0.020180084745762713,0.03024364406779661,0.03735169491525424,0.009322033898305085,0.02489406779661017,0.005815677966101695,0.013516949152542373,0.0026483050847457626,0.008813559322033898,0.011016949152542373,0.020508474576271186,0.00847457627118644,0.010476694915254237,0.008940677966101694,0.010127118644067797,0.003771186440677966,0.0007838983050847458,0.004872881355932204,4.2372881355932206e-05,0.0015783898305084746,0.0002966101694915254,0.000211864406779661,2.1186440677966103e-05,0.0,0.001853813559322034,0.0009957627118644067,0.0,0.0,0.0,0.0,0.0,0.0,0.0,0.0,0.0,0.0,0.0,0.0,0.0,0.0,0.0,0.0,0.0,0.0,0.0,0.0,0.0,0.0,0.0,0.0,0.0,0.0,0.0,0.0,0.0,nan,nan,4.27027027027027,2.8681403148466735,nan,0.9189890393750179,0.023403741059086457,0.0,0.0,0.0,0.0,0.0,0.0,0.0,0.0,0.0,0.0,0.0,0.0,0.0,0.0,0.0,0.0,0.0,0.0,0.0,0.0,0.0,0.0,0.0,0.0,0.0,0.3806794924273435,5.9066721244371685,15.411379451494067,7.601309864920181,0.6999590667212445,0.9199681110061676,0.023376692278237344,0.0,0.0,0.0,0.0,0.0,0.0,0.0,0.0,0.0,0.0,0.0,0.0,0.0,0.0,0.0,0.0,0.0,0.0,0.0,0.0,0.0,0.0,0.0,0.0,0.0,0.316205533596838,5.65217391304348,15.388669301712783,7.95783926218709,0.6851119894598158,0.3882,0.02141,0.0,0.0,0.0,0.0,0.0,0.0,0.0,0.0,0.0,0.14735980352026198,4.445354072861237,16.65165779778958,8.190749079001229,0.564879246827671,0.0,0.0,0.0,0.0,0.0,0.0,0.0,0.0,0.0,0.0,0.0,0.0,0.0,0.0,0.0,0.0,0.3882,0.02109,0.0,0.0,0.0,0.0,0.0,0.0,0.0,0.0,0.0,0.11857707509881425,4.505928853754941,16.996047430830014,7.85243741765481,0.5138339920948618,0.013175230566534918,0.0,0.0,0.0,0.0,0.0,0.0,0.0,0.0,0.0,0.0,0.0,0.0,0.0,0.0,0.0
15600,4717,2455,0.5204579181683273,1197,976,0.4606741573033708,1346,0.5707017171931312,0.40599999999999997,2.905393457117595,3.0101327699261344,6.356340288924558,2.074415137694764,9333.725980992132,1421.3873419875022,7853.0,10759.460471510887,10698.044583437837,17.53207051256365,7853.0,0.0,28.039007843968623,20.868440296649407,32.80646778641263,19.160682676368683,0.13567945728217087,0.10281958872164511,0.08861564553741785,0.08670765316938732,0.08352766588933644,0.07271570913716345,0.0739877040491838,0.06677973288106848,0.059359762560949755,0.05278778884884461,0.04049183803264787,0.0423998304006784,0.031587873648505405,0.026287894848420607,0.016323934704261182,0.010811956752172992,0.009115963536145855,0.9197226109988916,0.02310644061258681,0.0,0.0,0.0,0.0,0.0,0.0,0.0,0.0,0.0,0.0,0.0,0.0,0.0,0.0,0.0,0.0,0.0,0.0,0.0,0.0,0.0,0.0,0.0,0.0,0.006359974560101761,0.31799872800508805,5.584057663769347,15.626457494170026,7.848208607165573,0.6169175323298708,4.144936913620188,2.827229768963799,nan,nan,nan,4.140706806282722,2.7844402227068947,4.147887323943662,2.868973729630822,1.001734128494692,0.3857,0.02141,0.0,0.0,0.0,0.0,0.0,0.0,0.0,0.0,0.0,0.20351918592325635,5.291498834004665,17.03837184651259,7.015051939792242,0.44519821920712327,0.006359974560101761,0.0,0.0,0.0,0.0,0.0,0.0,0.0,0.0,0.0,0.0,0.0,0.0,0.0,0.0,0.0,nan,nan,4.144936913620188,2.827229768963799,nan,0.3857,0.09906,0.0,0.0,0.0,0.0,0.0,0.0,0.0,0.0,0.0,0.0,0.0,7.419970320118719e-05,0.0,0.0,0.0018443926224295103,0.0,0.0,0.0004027983888064448,0.005596777612889549,0.0023107907568369725,0.001642993428026288,0.006815772736909052,0.019217723129107484,0.01750052999788001,0.031948272206911175,0.02355310578757685,0.024114903540385837,0.043300826796692816,0.014712741149035403,0.034990460038159844,0.014405342378630486,0.01748993004027984,0.041096035615857535,0.022238711045155818,0.031948272206911175,0.015772736909052364,0.06430994276022896,0.024825100699597202,0.03433326266694933,0.06513673945304219,0.034269662921348316,0.02833368666525334,0.027400890396438414,0.05214119143523426,0.03283866864532542,0.03662285350858597,0.021104515581937672,0.031418274326902695,0.03581725673097308,0.00873436506253975,0.022175111299554802,0.005851176595293619,0.014140343438626246,0.0026605893576425693,0.007557769768920924,0.01058935764256943,0.01909052363790545,0.007706169175323299,0.009073563705745177,0.008691965232139071,0.010684757260970956,0.0037735849056603774,0.0005723977104091584,0.005130379478482086,0.0,0.001218995124019504,0.0002437990248039008,0.0002437990248039008,0.0,2.1199915200339197e-05,0.0014945940216239135,0.0008161967352130591,0.0,0.0,0.0,0.0,0.0,0.0,0.0,0.0,0.0,0.0,0.0,0.0,0.0,0.0,0.0,0.0,0.0,0.0,0.0,0.0,0.0,0.0,0.0,0.0,0.0,0.0,0.0,0.0,0.0,nan,nan,4.144936913620188,2.827229768963799,nan,0.9195256976634567,0.022919100601907865,0.0,0.0,0.0,0.0,0.0,0.0,0.0,0.0,0.0,0.0,0.0,0.0,0.0,0.0,0.0,0.0,0.0,0.0,0.0,0.0,0.0,0.0,0.0,0.0,0.0,0.35437881873727095,5.633401221995928,15.592668024439922,7.8574338085539726,0.5621181262729125,0.9199363255163509,0.023306178469386405,0.0,0.0,0.0,0.0,0.0,0.0,0.0,0.0,0.0,0.0,0.0,0.0,0.0,0.0,0.0,0.0,0.0,0.0,0.0,0.0,0.0,0.0,0.0,0.0,0.013262599469496024,0.2785145888594165,5.5305039787798425,15.663129973474804,7.83819628647215,0.6763925729442972,0.3855,0.02199,0.0,0.0,0.0,0.0,0.0,0.0,0.0,0.0,0.0,0.28105906313645623,5.535641547861508,16.582484725050893,7.075356415478616,0.5132382892057027,0.012219959266802447,0.0,0.0,0.0,0.0,0.0,0.0,0.0,0.0,0.0,0.0,0.0,0.0,0.0,0.0,0.0,0.386,0.02075,0.0,0.0,0.0,0.0,0.0,0.0,0.0,0.0,0.0,0.11936339522546421,5.026525198938993,17.533156498673716,6.949602122015917,0.3713527851458887,0.0,0.0,0.0,0.0,0.0,0.0,0.0,0.0,0.0,0.0,0.0,0.0,0.0,0.0,0.0,0.0
15700,4607,2417,0.5246364228348166,1171,926,0.4551769047102236,1275,0.5535055350553506,0.41,3.0095890410958903,3.1552520997295823,6.7353896103896105,2.1493990803583456,9345.547077116827,1420.7871384976106,7853.0,10756.358382225037,10697.916998046017,17.48094798827746,7853.0,0.0,28.121771217712176,20.92766484125793,32.972458172458175,19.19999767417707,0.13696548730193184,0.09767744736270892,0.09290210549164316,0.08790970262643803,0.08031256783156067,0.07597134794877361,0.07054482309528978,0.062296505317994355,0.060125895376600826,0.055350553505535055,0.04797047970479705,0.03776861298024745,0.031907966138484914,0.0240937703494682,0.018233123507705666,0.010853049706967658,0.009116561753852833,0.9194701382543043,0.023129789795120596,0.0,0.0,0.0,0.0,0.0,0.0,0.0,0.0,0.0,0.0,0.0,0.0,0.0,0.0,0.0,0.0,0.0,0.0,0.0,0.0,0.0,0.0,0.0,0.0,0.019535489472541787,0.338615150857391,5.515519861080965,15.927935749945737,7.599305404818756,0.5990883438246148,4.27621910487642,2.974090229320559,nan,nan,nan,4.2481703260146375,2.9619939504674573,4.306711409395973,2.9857416069648597,1.0137803051405085,0.386,0.02116,0.0,0.0,0.0,0.0,0.0,0.0,0.0,0.0,0.0,0.1823312350770567,5.124810071630129,17.11960060777076,7.136965487301933,0.42978076839591933,0.006511829824180596,0.0,0.0,0.0,0.0,0.0,0.0,0.0,0.0,0.0,0.0,0.0,0.0,0.0,0.0,0.0,nan,nan,4.27621910487642,2.974090229320559,nan,0.386,0.0992,0.0,0.0,0.0,0.0,0.0,0.0,0.0,0.0,0.0,0.0,0.0,4.3412198827870635e-05,0.0,0.0,0.0018558714998914694,2.1706099413935317e-05,0.0,0.0001519426958975472,0.0050575211634469285,0.0028326459735185587,0.0014217495116127632,0.006826568265682657,0.01960060777078359,0.017592793574994575,0.031799435641415234,0.022444106794009117,0.024017799001519426,0.0460060777078359,0.014152376817885826,0.03390492728456696,0.013186455393965704,0.017364879531148254,0.04218580421098329,0.022596049489906664,0.03156066854786195,0.016626872151074452,0.06595398306924245,0.02438680269155633,0.03294985891035381,0.06578033427393097,0.034599522465812896,0.03105057521163447,0.025797699153462122,0.05060777078359019,0.033785543737790316,0.036042978076839594,0.01988278706316475,0.029314087258519646,0.03584762318211417,0.008964619057955285,0.02403950510093336,0.0062947688300412415,0.014434556110266984,0.0023008465378771435,0.007000217060994139,0.012253093119166485,0.018276535706533537,0.006913392663338398,0.008812676362057738,0.0091274148035598,0.010451486867809855,0.0031256783156066855,0.00045582808769264164,0.005708704145864988,3.2559149120902974e-05,0.0009659214239201216,0.0003472975906229651,0.00019535489472541785,0.0,2.1706099413935317e-05,0.0017581940525287607,0.001269806815715216,0.0,0.0,0.0,0.0,0.0,0.0,0.0,0.0,0.0,0.0,0.0,0.0,0.0,0.0,0.0,0.0,0.0,0.0,0.0,0.0,0.0,0.0,0.0,0.0,0.0,0.0,0.0,0.0,0.0,nan,nan,4.27621910487642,2.974090229320559,nan,0.9190154749103258,0.023278374241819638,0.0,0.0,0.0,0.0,0.0,0.0,0.0,0.0,0.0,0.0,0.0,0.0,0.0,0.0,0.0,0.0,0.0,0.0,0.0,0.0,0.0,0.0,0.0,0.0,0.024824162184526277,0.35995035167563105,5.560612329333886,16.110881257757555,7.310715763342989,0.63301613570542,0.9199719288033438,0.02295423627074802,0.0,0.0,0.0,0.0,0.0,0.0,0.0,0.0,0.0,0.0,0.0,0.0,0.0,0.0,0.0,0.0,0.0,0.0,0.0,0.0,0.0,0.0,0.0,0.0,0.013698630136986304,0.31506849315068497,5.465753424657535,15.726027397260276,7.917808219178084,0.5616438356164385,0.386,0.0212,0.0,0.0,0.0,0.0,0.0,0.0,0.0,0.0,0.0,0.17376913529168395,5.287546545304098,16.967314853123682,7.112122465866778,0.4592470004137361,0.0,0.0,0.0,0.0,0.0,0.0,0.0,0.0,0.0,0.0,0.0,0.0,0.0,0.0,0.0,0.0,0.386,0.0211,0.0,0.0,0.0,0.0,0.0,0.0,0.0,0.0,0.0,0.19178082191780826,4.9452054794520555,17.287671232876686,7.164383561643837,0.39726027397260283,0.013698630136986304,0.0,0.0,0.0,0.0,0.0,0.0,0.0,0.0,0.0,0.0,0.0,0.0,0.0,0.0,0.0
15800,4558,2369,0.5197455024133392,1084,901,0.4354980254497587,1270,0.5572619569986836,0.38999999999999996,2.916400182731841,3.0378833330911155,6.3147853736089035,2.1852491812473445,9331.91473441895,1421.677069440832,7853.0,10760.87175488472,10698.45941725689,17.688692209238017,7853.0,0.0,28.45480473892058,21.025675343386865,33.32579303172127,19.272310189069884,0.13339183852566916,0.09982448442299253,0.09741114523913998,0.0822729267222466,0.0776656428258008,0.07569109258446687,0.06801228609039052,0.0660377358490566,0.051777095217200524,0.05397103992979377,0.04892496709082931,0.04804738920579201,0.03356735410267661,0.025230364194822292,0.02106186924089513,0.010092145677928916,0.007020623080298377,0.9195106684403128,0.022804956517584993,0.0,0.0,0.0,0.0,0.0,0.0,0.0,0.0,0.0,0.0,0.0,0.0,0.0,0.0,0.0,0.0,0.0,0.0,0.0,0.0,0.0,0.0,0.0,0.0,0.0,0.30934620447564726,5.58797718297499,16.06625713032032,7.437472575691094,0.5989469065379553,4.219262295081967,2.8171286203227797,nan,nan,nan,4.223951285520974,2.812940342854386,4.214482758620689,2.82138335622903,0.9977583721354122,0.3862,0.02174,0.0,0.0,0.0,0.0,0.0,0.0,0.0,0.0,0.0,0.2237823606845108,5.555068012286092,16.303203159280365,7.424308907415535,0.4936375603334797,0.0,0.0,0.0,0.0,0.0,0.0,0.0,0.0,0.0,0.0,0.0,0.0,0.0,0.0,0.0,0.0,nan,nan,4.219262295081967,2.8171286203227797,nan,0.3862,0.0998,0.0,0.0,0.0,0.0,0.0,0.0,0.0,0.0,0.0,0.0,0.0,0.00010969723562966213,0.0,0.0,0.0017112768758227293,0.0,0.0,0.00017551557700745942,0.004552435278630978,0.00225976305397104,0.0013602457218078105,0.007711715664765248,0.020458534444931988,0.018791136463361124,0.030671347082053532,0.02361781483106626,0.023935936814392277,0.045008775778850374,0.014831066257130321,0.03644142167617376,0.013777972795085565,0.017968407196138656,0.03988591487494515,0.022202720491443617,0.029168494953927163,0.015072400175515577,0.0637340939008337,0.024659938569548047,0.03287626151820974,0.06928477402369461,0.0330188679245283,0.029870557261957,0.025131636682755594,0.04995612110574814,0.036880210618692406,0.03657305835892936,0.018824045634050022,0.031186924089512943,0.03499341816586222,0.008402808249232119,0.02302544975866608,0.005824923211935059,0.014611671785870996,0.0022487933304080735,0.006669591926283458,0.01242869679684072,0.01996489688459851,0.006702501096972356,0.007898200965335674,0.009346204475647213,0.012044756472136903,0.00338964458095656,0.0005813953488372093,0.005484861781483106,2.1939447125932428e-05,0.0008336989907854322,0.0004168494953927161,0.0002413339183852567,0.0,0.0,0.0016564282580078982,0.001491882404563405,0.0,0.0,1.0969723562966214e-05,0.0,0.0,0.0,0.0,0.0,0.0,0.0,0.0,0.0,0.0,0.0,0.0,0.0,0.0,0.0,0.0,0.0,0.0,0.0,0.0,0.0,0.0,0.0,0.0,0.0,0.0,nan,nan,4.219262295081967,2.8171286203227797,nan,0.9196264704051729,0.023066489404285073,0.0,0.0,0.0,0.0,0.0,0.0,0.0,0.0,0.0,0.0,0.0,0.0,0.0,0.0,0.0,0.0,0.0,0.0,0.0,0.0,0.0,0.0,0.0,0.0,0.0,0.3545799915576193,5.571971295905447,15.880118193330523,7.585479105107642,0.607851414098776,0.919385344157648,0.022517824823466568,0.0,0.0,0.0,0.0,0.0,0.0,0.0,0.0,0.0,0.0,0.0,0.0,0.0,0.0,0.0,0.0,0.0,0.0,0.0,0.0,0.0,0.0,0.0,0.0,0.0,0.26039287345820017,5.605299223389676,16.267702147099136,7.277295568752857,0.5893101873001372,0.3862,0.0218,0.0,0.0,0.0,0.0,0.0,0.0,0.0,0.0,0.0,0.1899535669058675,5.546644153651331,16.399324609539864,7.319544111439427,0.5445335584634868,0.0,0.0,0.0,0.0,0.0,0.0,0.0,0.0,0.0,0.0,0.0,0.0,0.0,0.0,0.0,0.0,0.386,0.02167,0.0,0.0,0.0,0.0,0.0,0.0,0.0,0.0,0.0,0.26039287345820017,5.564184559159434,16.19917770671537,7.537688442211057,0.43855641845591603,0.0,0.0,0.0,0.0,0.0,0.0,0.0,0.0,0.0,0.0,0.0,0.0,0.0,0.0,0.0,0.0
15900,4351,2256,0.5185014939094461,1054,869,0.44196736382440815,1203,0.5529763272810848,0.418,2.9579952267303105,3.095327418568108,6.517766497461929,2.0972802675781494,9327.949606901337,1421.4011755540137,7853.0,10758.307742357254,10697.639068983917,17.476681498749418,7853.0,0.0,28.424959779361068,21.062302920466276,33.32070844686648,19.29306129705702,0.13812916570903241,0.09538037232820042,0.09469087566076764,0.08411859342679844,0.07699379452999311,0.07837278786485866,0.06619168007354631,0.06435302229372558,0.05745805561939784,0.052171914502413236,0.048264766720294186,0.04022063893357849,0.0399908067111009,0.02895886003217651,0.019535738910595266,0.008963456676626062,0.006205470006894967,0.919809742648967,0.02311945715162304,0.0,0.0,0.0,0.0,0.0,0.0,0.0,0.0,0.0,0.0,0.0,0.0,0.0,0.0,0.0,0.0,0.0,0.0,0.0,0.0,0.0,0.0,0.0,0.0,0.0,0.33785336704205937,5.509078372787866,15.610204550678008,7.949896575499887,0.5929671339921858,4.207567185289958,2.8797909507754014,nan,nan,nan,4.219787985865724,2.8956706976056976,4.197592067988668,2.8634988964392414,0.9947400395585272,0.385,0.02205,0.0,0.0,0.0,0.0,0.0,0.0,0.0,0.0,0.0,0.2620087336244542,5.667662606297404,16.720294185244747,6.922546541025054,0.42748793380832,0.0,0.0,0.0,0.0,0.0,0.0,0.0,0.0,0.0,0.0,0.0,0.0,0.0,0.0,0.0,0.0,nan,nan,4.207567185289958,2.8797909507754014,nan,0.385,0.09973,0.0,0.0,0.0,0.0,0.0,0.0,0.0,0.0,0.0,0.0,0.0,0.0002068490002298322,0.0,1.1491611123879568e-05,0.0010572282233969202,4.5966444495518273e-05,0.0,6.89496667432774e-05,0.00480349344978166,0.0017007584463341761,0.0017007584463341761,0.008687658009652953,0.021328430245920477,0.020845782578717536,0.03213054470236727,0.025453918639393242,0.024534589749482878,0.04287520110319467,0.013433693403815216,0.03700298781889221,0.014284072626982303,0.020041369800045967,0.03876120432084578,0.02286830613652034,0.028637094920707883,0.01326131923695702,0.06197425879108251,0.021374396690415996,0.03226844403585383,0.0733969202482188,0.031774304757527,0.030142495977936105,0.025568834750632038,0.049597793610664215,0.03834750632038612,0.034382900482647666,0.019007124798896807,0.03182027120202252,0.03510687198345208,0.008205010342450011,0.025890599862100665,0.005929671339921857,0.014238106182486785,0.001781199724201333,0.005378074005975638,0.013456676626062975,0.01921397379912664,0.005515973339462192,0.007251206619168007,0.008860032176511146,0.01197425879108251,0.003481958170535509,0.0006205470006894967,0.005918179728797978,0.0,0.0007009882785566536,0.0005171225005745806,3.44748333716387e-05,0.0,0.0,0.0012410940013789934,0.0012870604458745116,0.0,0.0,0.0,0.0,0.0,0.0,0.0,0.0,0.0,0.0,0.0,0.0,0.0,0.0,0.0,0.0,0.0,0.0,0.0,0.0,0.0,0.0,0.0,0.0,0.0,0.0,0.0,0.0,0.0,nan,nan,4.207567185289958,2.8797909507754014,nan,0.9192015559062467,0.023235400041146645,0.0,0.0,0.0,0.0,0.0,0.0,0.0,0.0,0.0,0.0,0.0,0.0,0.0,0.0,0.0,0.0,0.0,0.0,0.0,0.0,0.0,0.0,0.0,0.0,0.0,0.3457446808510639,5.824468085106385,15.412234042553195,7.938829787234044,0.47872340425531923,0.9204646683251374,0.022975955007510377,0.0,0.0,0.0,0.0,0.0,0.0,0.0,0.0,0.0,0.0,0.0,0.0,0.0,0.0,0.0,0.0,0.0,0.0,0.0,0.0,0.0,0.0,0.0,0.0,0.0,0.3293556085918855,5.169451073985681,15.823389021479716,7.961813842482102,0.7159904534606206,0.3853,0.022,0.0,0.0,0.0,0.0,0.0,0.0,0.0,0.0,0.0,0.29255319148936176,5.5718085106382995,16.32978723404253,7.367021276595747,0.43882978723404265,0.0,0.0,0.0,0.0,0.0,0.0,0.0,0.0,0.0,0.0,0.0,0.0,0.0,0.0,0.0,0.0,0.3845,0.0221,0.0,0.0,0.0,0.0,0.0,0.0,0.0,0.0,0.0,0.22911694510739863,5.770883054892602,17.14081145584723,6.443914081145587,0.41527446300716003,0.0,0.0,0.0,0.0,0.0,0.0,0.0,0.0,0.0,0.0,0.0,0.0,0.0,0.0,0.0,0.0
16000,4511,2273,0.503879405896697,1055,973,0.4495677233429395,1278,0.5666149412547107,0.414,2.9320822162645217,3.10406897311329,6.6314049586776855,2.1608091940748846,9286.117024147281,1422.093121075871,7853.0,10763.545529127121,10697.166694205183,17.227281091096554,7853.0,0.0,27.09111061848814,20.599685736324624,32.06425916091344,18.91832270464971,0.14254045666149412,0.10818000443360674,0.0964309465750388,0.08601197073819553,0.07559299490135225,0.0837951673686544,0.06938594546663711,0.061627133673243184,0.06051873198847262,0.05298160053203281,0.039459099977831966,0.033917091553979165,0.031035247173575704,0.024163156727998226,0.017956107293283084,0.010862336510751497,0.005542008423852805,0.9202241256876019,0.022741357362262453,0.0,0.0,0.0,0.0,0.0,0.0,0.0,0.0,0.0,0.0,0.0,0.0,0.0,0.0,0.0,0.0,0.0,0.0,0.0,0.0,0.0,0.0,0.0,0.0,0.006650410108623367,0.28596763467080477,5.227222345377966,16.067390822434053,7.7676790068720925,0.6450897805364665,4.317004898530441,2.8493055617151333,nan,nan,nan,4.311715481171548,2.8310963989283953,4.3218552354181305,2.8684669795020605,1.0023516751721817,0.384,0.0212,0.0,0.0,0.0,0.0,0.0,0.0,0.0,0.0,0.0,0.2194635335845711,6.018621148304147,16.99179782753267,6.4974506761250295,0.272666814453558,0.0,0.0,0.0,0.0,0.0,0.0,0.0,0.0,0.0,0.0,0.0,0.0,0.0,0.0,0.0,0.0,nan,nan,4.317004898530441,2.8493055617151333,nan,0.384,0.0991,0.0,0.0,0.0,0.0,0.0,0.0,0.0,0.0,0.0,0.0,0.0,0.00021059632010640657,0.0,2.2168033695411216e-05,0.0005763688760806917,8.867213478164486e-05,0.0,0.00017734426956328973,0.006340057636887608,0.002371979605409,0.002238971403236533,0.008889381511859898,0.02112613611172689,0.019829306140545334,0.03176679228552427,0.02634670804699623,0.023930392374196408,0.04329416980713811,0.011305697184659722,0.03797384172023942,0.014763910441143871,0.0195632897362004,0.03702061627133673,0.02400798049213035,0.028541343382841942,0.013167812015074262,0.06314564398137885,0.02092662380846819,0.03176679228552427,0.07659055641764576,0.03124584349368211,0.030802482819773887,0.026213699844823763,0.05043227665706052,0.038206606074041236,0.03720904455774773,0.019707381955220572,0.02962757703391709,0.03233207714475726,0.007880735978718688,0.02537131456439814,0.005675016626025271,0.014553314121037464,0.001950786965196187,0.004810463311904234,0.014076701396586122,0.018864996674794944,0.005353580137441809,0.006628242074927954,0.00918864996674795,0.011859898027045,0.0028264242961649304,0.0006428729771669253,0.004810463311904234,0.0,0.0008091332298825094,0.0004433606739082243,7.758811793393926e-05,0.0,0.0,0.001219241853247617,0.0011859898027045,0.0,0.0,1.1084016847705608e-05,0.0,0.0,0.0,0.0,0.0,0.0,0.0,0.0,0.0,0.0,0.0,0.0,0.0,0.0,0.0,0.0,0.0,0.0,0.0,0.0,0.0,0.0,0.0,0.0,0.0,0.0,nan,nan,4.317004898530441,2.8493055617151333,nan,0.9202307455874308,0.023033638605036568,0.0,0.0,0.0,0.0,0.0,0.0,0.0,0.0,0.0,0.0,0.0,0.0,0.0,0.0,0.0,0.0,0.0,0.0,0.0,0.0,0.0,0.0,0.0,0.0,0.013198416190057197,0.31676198856137266,5.252969643642763,15.917289925208978,7.81346238451386,0.6863176418829743,0.9202174022594022,0.022440606851512033,0.0,0.0,0.0,0.0,0.0,0.0,0.0,0.0,0.0,0.0,0.0,0.0,0.0,0.0,0.0,0.0,0.0,0.0,0.0,0.0,0.0,0.0,0.0,0.0,0.0,0.25469168900804295,5.201072386058982,16.219839142091157,7.721179624664881,0.6032171581769438,0.3833,0.02098,0.0,0.0,0.0,0.0,0.0,0.0,0.0,0.0,0.0,0.23757149142102954,6.216454025516939,17.223933128024612,6.084469863616367,0.23757149142102954,0.0,0.0,0.0,0.0,0.0,0.0,0.0,0.0,0.0,0.0,0.0,0.0,0.0,0.0,0.0,0.0,0.3845,0.02138,0.0,0.0,0.0,0.0,0.0,0.0,0.0,0.0,0.0,0.20107238605898128,5.817694369973192,16.756032171581747,6.916890080428956,0.3083109919571046,0.0,0.0,0.0,0.0,0.0,0.0,0.0,0.0,0.0,0.0,0.0,0.0,0.0,0.0,0.0,0.0
16100,4478,2225,0.4968736042876284,1035,947,0.44260830728003575,1276,0.5698972755694507,0.40599999999999997,2.8615179760319576,3.015332443016763,6.326086956521739,2.096107653911504,9266.144888945726,1422.0603199443865,7853.0,10751.171612858772,10697.073174246723,17.174569531011848,7853.0,0.0,27.95712371594462,20.96009398638629,33.059059326563336,19.150797876246685,0.14359088878963824,0.09580169718624386,0.09155873157659669,0.08753907994640464,0.08642251004912907,0.07034390352836088,0.06811076373380974,0.06163465832961143,0.05850826261723984,0.049799017418490396,0.054041983028137563,0.03506029477445288,0.033720410897722194,0.028584189370254576,0.01898168825368468,0.009602501116569897,0.006699419383653417,0.920183024059294,0.023577850170279635,0.0,0.0,0.0,0.0,0.0,0.0,0.0,0.0,0.0,0.0,0.0,0.0,0.0,0.0,0.0,0.0,0.0,0.0,0.0,0.0,0.0,0.0,0.0,0.0,0.0,0.32827154979901746,5.560518088432337,15.509155873157663,7.838320678874499,0.7637338097364897,4.224149895905621,2.8106567777464044,nan,nan,nan,4.179291174426686,2.764279104833982,4.2688842688842685,2.8554543379057558,1.0214373899109515,0.3833,0.02106,0.0,0.0,0.0,0.0,0.0,0.0,0.0,0.0,0.006699419383653418,0.24787851719517648,6.2706565430996,17.22420723537291,5.922286735149622,0.32827154979901746,0.0,0.0,0.0,0.0,0.0,0.0,0.0,0.0,0.0,0.0,0.0,0.0,0.0,0.0,0.0,0.0,nan,nan,4.224149895905621,2.8106567777464044,nan,0.3833,0.0993,0.0,0.0,0.0,0.0,0.0,0.0,0.0,0.0,0.0,0.0,0.0,0.00030147387226440374,0.0,0.00010049129075480125,0.0005917820455560518,5.582849486377847e-05,0.0,0.000256811076373381,0.005873157659669496,0.002556945064761054,0.0023336310853059403,0.007615006699419384,0.02134881643590889,0.020634211701652524,0.031185797230906656,0.027422956677087985,0.024218401071907102,0.043602054488610986,0.011846806610093791,0.0414805716837874,0.015230013398838768,0.018870031263957122,0.036880303707012056,0.02607190710138455,0.02746761947297901,0.014448414470745869,0.0615676641357749,0.0189258597588209,0.03194506476105404,0.07726663689146941,0.03230236712818223,0.03003573023671282,0.023492630638677982,0.04919606967396159,0.037673068334077714,0.03836534167038857,0.020690040196516303,0.028372041089772218,0.03359758820902189,0.007704332291201429,0.02393925859758821,0.005928986154533274,0.013242518981688253,0.002188476998660116,0.0043211255024564535,0.01390129522108084,0.020008932559178204,0.005515855292541313,0.005314872711031711,0.008664582402858419,0.013800803930326039,0.0024564537740062527,0.0008150960250111657,0.004443948191156766,0.0,0.0012617239839213935,0.0004912907548012506,4.466279589102278e-05,0.0,0.0,0.0013287181777579277,0.00080393032603841,0.0,0.0,0.0,0.0,0.0,0.0,0.0,0.0,0.0,0.0,0.0,0.0,0.0,0.0,0.0,0.0,0.0,0.0,0.0,0.0,0.0,0.0,0.0,0.0,0.0,0.0,0.0,0.0,0.0,nan,nan,4.224149895905621,2.8106567777464044,nan,0.9200708588321557,0.023686083212699677,0.0,0.0,0.0,0.0,0.0,0.0,0.0,0.0,0.0,0.0,0.0,0.0,0.0,0.0,0.0,0.0,0.0,0.0,0.0,0.0,0.0,0.0,0.0,0.0,0.0,0.26966292134831465,5.7168539325842715,15.35730337078652,7.90112359550562,0.7550561797752811,0.9202937953111282,0.02346994630206116,0.0,0.0,0.0,0.0,0.0,0.0,0.0,0.0,0.0,0.0,0.0,0.0,0.0,0.0,0.0,0.0,0.0,0.0,0.0,0.0,0.0,0.0,0.0,0.0,0.0,0.38615179760319585,5.406125166444741,15.659121171770975,7.776298268974702,0.7723035952063917,0.3833,0.02094,0.0,0.0,0.0,0.0,0.0,0.0,0.0,0.0,0.0,0.22921348314606746,6.269662921348316,17.21797752808986,5.946067415730338,0.3370786516853933,0.0,0.0,0.0,0.0,0.0,0.0,0.0,0.0,0.0,0.0,0.0,0.0,0.0,0.0,0.0,0.0,0.383,0.02118,0.0,0.0,0.0,0.0,0.0,0.0,0.0,0.0,0.013315579227696408,0.26631158455392817,6.271637816245009,17.230359520639123,5.898801597869509,0.31957390146471376,0.0,0.0,0.0,0.0,0.0,0.0,0.0,0.0,0.0,0.0,0.0,0.0,0.0,0.0,0.0,0.0
16200,4447,2249,0.5057342028333708,1086,914,0.4497413986957499,1238,0.5567798515853384,0.414,2.8498635122838945,3.0517566771739726,6.514237855946399,2.08814512122054,9291.40979953045,1422.06012491702,7853.0,10759.038199305534,10697.201146514853,17.276444213670437,7853.0,0.0,27.53564200584664,20.917229564014974,32.824647122692724,19.090708113533374,0.14976388576568472,0.10096694400719586,0.08522599505284462,0.08927366764110636,0.07780526197436474,0.08072858106588711,0.07060939959523274,0.06273892511805712,0.05824151113109962,0.04654823476501012,0.04677310546435799,0.04025185518326962,0.02855857881718012,0.025860130425005623,0.019788621542613,0.008320215875871374,0.00854508657521925,0.9209315058003926,0.023022158143018806,0.0,0.0,0.0,0.0,0.0,0.0,0.0,0.0,0.0,0.0,0.0,0.0,0.0,0.0,0.0,0.0,0.0,0.0,0.0,0.0,0.0,0.0,0.0,0.0,0.0,0.3170676860805038,5.154036429053295,15.610523948729483,8.237013717112662,0.6813582190240612,4.239915819010873,2.8598686469111843,nan,nan,nan,4.28781512605042,2.9066604649078975,4.189873417721519,2.811311061679949,0.9771581317175125,0.3823,0.02055,0.0,0.0,0.0,0.0,0.0,0.0,0.0,0.0,0.0,0.19563750843265126,6.5504834720036,17.222846863053718,5.84888689003823,0.18214526647177878,0.0,0.0,0.0,0.0,0.0,0.0,0.0,0.0,0.0,0.0,0.0,0.0,0.0,0.0,0.0,0.0,nan,nan,4.239915819010873,2.8598686469111843,nan,0.3823,0.0982,0.0,0.0,0.0,0.0,0.0,0.0,0.0,0.0,0.0,0.0,0.0,0.00035979311895659996,0.0,0.00016865302451090622,0.0007083427029458062,3.3730604902181246e-05,0.0,0.00011243534967393749,0.005790420508207781,0.001517877220598156,0.0023498988081852934,0.006341353721610074,0.02033955475601529,0.019732403867776027,0.034281538115583536,0.02681583089723409,0.024072408365190017,0.04346750618394423,0.01266022037328536,0.041432426354845966,0.016730380031481897,0.018349449066786597,0.03749718911625815,0.0271531369462559,0.025781425680233866,0.015358668765459861,0.06560602653474253,0.018979087024960647,0.03231391949628963,0.07908702496064762,0.030301326737126152,0.029660445243984708,0.02372385878120081,0.04680683606926018,0.0388464133123454,0.04133123454013942,0.019631212053069485,0.02771531369462559,0.0329098268495615,0.007285810658871149,0.023836294130874746,0.006206431302001349,0.011108612547785024,0.0028671014166854057,0.005059590735327187,0.013053744097144142,0.019305149539015066,0.005633011018664268,0.004733528221272768,0.008117832246458286,0.014324263548459636,0.0021362716438048123,0.0005172026085001124,0.004688554081403193,5.621767483696874e-05,0.0010793793568697999,0.00029233190915223744,0.0,0.0,0.0,0.001203058241511131,0.0005284461434675062,0.0,0.0,0.0,0.0,0.0,0.0,0.0,0.0,0.0,0.0,0.0,0.0,0.0,0.0,0.0,0.0,0.0,0.0,0.0,0.0,0.0,0.0,0.0,0.0,0.0,0.0,0.0,0.0,0.0,nan,nan,4.239915819010873,2.8598686469111843,nan,0.9211801317544872,0.02305857213766907,0.0,0.0,0.0,0.0,0.0,0.0,0.0,0.0,0.0,0.0,0.0,0.0,0.0,0.0,0.0,0.0,0.0,0.0,0.0,0.0,0.0,0.0,0.0,0.0,0.0,0.29346376167185423,5.175633614939974,15.433526011560696,8.37705646954202,0.7203201422854604,0.9206771110002294,0.02298205565500465,0.0,0.0,0.0,0.0,0.0,0.0,0.0,0.0,0.0,0.0,0.0,0.0,0.0,0.0,0.0,0.0,0.0,0.0,0.0,0.0,0.0,0.0,0.0,0.0,0.0,0.3412192902638763,5.131938125568699,15.791628753412196,8.093721565059147,0.6414922656960874,0.3823,0.02026,0.0,0.0,0.0,0.0,0.0,0.0,0.0,0.0,0.0,0.16007114273010228,6.482881280569144,17.44775455758112,5.775900400177859,0.13339261894175192,0.0,0.0,0.0,0.0,0.0,0.0,0.0,0.0,0.0,0.0,0.0,0.0,0.0,0.0,0.0,0.0,0.3823,0.02084,0.0,0.0,0.0,0.0,0.0,0.0,0.0,0.0,0.0,0.2320291173794359,6.619654231119201,16.992720655141014,5.9235668789808935,0.2320291173794359,0.0,0.0,0.0,0.0,0.0,0.0,0.0,0.0,0.0,0.0,0.0,0.0,0.0,0.0,0.0,0.0
16300,4307,2206,0.5121894590201996,1022,886,0.4429997678198282,1198,0.5563036916647318,0.43,2.9514516896715848,3.0403480655993285,6.35678391959799,2.184537187175691,9309.544391776144,1421.5103220682256,7853.0,10755.30369234085,10696.76096798724,17.060115776060922,7853.0,0.0,28.404457859298816,21.312284589857473,33.534109816971714,19.499330196643264,0.14232644532156954,0.09380078941258417,0.09101462735082425,0.08962154631994428,0.0777803575574646,0.07499419549570467,0.06802879034130485,0.06152774553053169,0.06083120501509171,0.05015091711167866,0.0436498723009055,0.0427211516136522,0.03343394474111911,0.028790341304852564,0.019967494775946133,0.012537729277919666,0.008822846528906431,0.9208623253471591,0.02332354816295817,0.0,0.0,0.0,0.0,0.0,0.0,0.0,0.0,0.0,0.0,0.0,0.0,0.0,0.0,0.0,0.0,0.0,0.0,0.0,0.0,0.0,0.0,0.0,0.0,0.006965405154399816,0.27165080102159284,5.328534943115859,15.393545391223594,8.233108892500582,0.7661945669839798,4.275627240143369,2.824689068582305,nan,nan,nan,4.324187725631769,2.8456616814358484,4.228632478632479,2.8038446557418317,0.9779021510946707,0.3826,0.02121,0.0,0.0,0.0,0.0,0.0,0.0,0.0,0.0,0.0,0.27861620617599264,6.638031112143024,16.828418853029927,5.990248432783842,0.264685395867193,0.0,0.0,0.0,0.0,0.0,0.0,0.0,0.0,0.0,0.0,0.0,0.0,0.0,0.0,0.0,0.0,nan,nan,4.275627240143369,2.824689068582305,nan,0.3826,0.09845,0.0,0.0,0.0,0.0,0.0,0.0,0.0,0.0,0.0,0.0,0.0,0.00037148827490132344,0.0,9.287206872533086e-05,0.0010912468075226377,3.4827025771999075e-05,0.0,0.00010448107731599721,0.006222428604597168,0.0018574413745066172,0.00312282331088925,0.006280473647550499,0.021244485720919432,0.017425121894590202,0.03538425818435106,0.02454144416066868,0.025528209890875318,0.04131646157418156,0.013710239145576968,0.04273276062224286,0.01519619224518226,0.017401903877408868,0.03604597167401904,0.027664267471557927,0.025644299976781984,0.014070118411887624,0.07019967494775946,0.017866264221035523,0.032957975388901786,0.08018342233573253,0.030659391687949848,0.027513350359879268,0.0213257487810541,0.0474111910842814,0.040863710239145576,0.042825632690968195,0.019456698397956815,0.027420478291153936,0.0323310889250058,0.007511028558161133,0.024657534246575342,0.006431390759229162,0.010599024843278383,0.0023566287439052707,0.004446250290225215,0.01283956350127699,0.019236127234734154,0.005537497097747852,0.00513118179707453,0.008265614116554446,0.013872765265846297,0.0022637566751799398,0.000487578360807987,0.0045971674019038775,8.12630601346645e-05,0.0010215927559786395,0.0003830972834919898,0.0,0.0,0.0,0.0017181332714186208,0.00044114232644532157,0.0,0.0,2.3218017181332715e-05,0.0,0.0,0.0,0.0,0.0,0.0,0.0,0.0,0.0,0.0,0.0,0.0,0.0,0.0,0.0,0.0,0.0,0.0,0.0,0.0,0.0,0.0,0.0,0.0,0.0,0.0,nan,nan,4.275627240143369,2.824689068582305,nan,0.92052501691328,0.02318667438479069,0.0,0.0,0.0,0.0,0.0,0.0,0.0,0.0,0.0,0.0,0.0,0.0,0.0,0.0,0.0,0.0,0.0,0.0,0.0,0.0,0.0,0.0,0.0,0.0,0.0,0.33998186763372623,5.426110607434271,15.244786944696287,8.377153218495016,0.6119673617407073,0.9212164911754015,0.023461184587159626,0.0,0.0,0.0,0.0,0.0,0.0,0.0,0.0,0.0,0.0,0.0,0.0,0.0,0.0,0.0,0.0,0.0,0.0,0.0,0.0,0.0,0.0,0.0,0.0,0.014278914802475015,0.19990480723465023,5.226082817705855,15.549738219895291,8.081865778200859,0.928129462160876,0.3823,0.02122,0.0,0.0,0.0,0.0,0.0,0.0,0.0,0.0,0.0,0.258386219401632,6.922030825022667,16.8359020852221,5.698096101541252,0.2855847688123301,0.0,0.0,0.0,0.0,0.0,0.0,0.0,0.0,0.0,0.0,0.0,0.0,0.0,0.0,0.0,0.0,0.3828,0.02118,0.0,0.0,0.0,0.0,0.0,0.0,0.0,0.0,0.0,0.2998572108519753,6.339838172298907,16.82056163731554,6.297001427891482,0.24274155164207525,0.0,0.0,0.0,0.0,0.0,0.0,0.0,0.0,0.0,0.0,0.0,0.0,0.0,0.0,0.0,0.0
16400,4581,2374,0.5182274612530016,1162,912,0.4527395765116787,1291,0.563632394673652,0.38999999999999996,2.968282736746715,3.0814189317983445,6.438759689922481,2.196837405376629,9326.818276281909,1421.0861803967546,7853.0,10756.36881685257,10696.960203726801,16.768603873346827,7853.0,0.0,28.23619297096704,20.65561759272668,32.9984520123839,18.87613739977568,0.1325038201266099,0.10216110019646366,0.09190133158698974,0.08164156297751583,0.07727570399476097,0.07858546168958742,0.07160008731717965,0.068762278978389,0.058284217419777344,0.05850251036891509,0.04605981226806374,0.042348832132722114,0.026850032743942372,0.028596376337044312,0.01920977952412137,0.010478061558611657,0.005239030779305829,0.921036578322883,0.02309104749902491,0.0,0.0,0.0,0.0,0.0,0.0,0.0,0.0,0.0,0.0,0.0,0.0,0.0,0.0,0.0,0.0,0.0,0.0,0.0,0.0,0.0,0.0,0.0,0.0,0.0,0.26850032743942376,5.088408644400786,15.854616895874267,8.068107400130977,0.7203667321545516,4.260709504685408,2.9070787501179898,nan,nan,nan,4.209677419354839,2.887284489602422,4.313542361574383,2.925427970841488,1.024672898151769,0.3826,0.02045,0.0,0.0,0.0,0.0,0.0,0.0,0.0,0.0,0.0,0.26850032743942376,6.254092992796334,17.629338572364087,5.592665356908974,0.2554027504911592,0.0,0.0,0.0,0.0,0.0,0.0,0.0,0.0,0.0,0.0,0.0,0.0,0.0,0.0,0.0,0.0,nan,nan,4.260709504685408,2.9070787501179898,nan,0.3826,0.0995,0.0,0.0,0.0,0.0,0.0,0.0,0.0,0.0,0.0,0.0,0.0,0.0005239030779305828,0.0,0.0,0.0008840864440078585,3.2743942370661426e-05,1.0914647456887143e-05,4.365858982754857e-05,0.0056974459724950886,0.0020628683693516697,0.00320890635232482,0.00595939751146038,0.02055228116131849,0.016895874263261296,0.040100414756603364,0.023783016808557083,0.024776249727133815,0.0427854180309976,0.015029469548133596,0.044313468674961796,0.016251910063304956,0.01589172669722768,0.03587644619078804,0.029382230953940186,0.023280943025540277,0.011787819253438114,0.07351015062213491,0.017769046059812266,0.03195808775376555,0.08104125736738703,0.027603143418467584,0.02539838463217638,0.02111984282907662,0.045426762715564284,0.03924907225496616,0.04297096703776468,0.019351669941060905,0.029556865313250382,0.029251255184457543,0.00970312158917267,0.02364112639161755,0.005948482864003493,0.011504038419559048,0.0021611001964636544,0.004955249945426763,0.01321763807029033,0.01914429163938005,0.006254092992796332,0.004758786291202794,0.008819035145164812,0.013272211307574765,0.0027286618642217856,0.0006003056101287928,0.005850251036891509,7.640253219821e-05,0.0012770137524557956,0.0001746343593101943,2.1829294913774286e-05,0.0,0.0,0.0019428072473259114,0.00061122025758568,0.0,0.0,0.0,0.0,0.0,0.0,0.0,0.0,0.0,0.0,0.0,0.0,0.0,0.0,0.0,0.0,0.0,0.0,0.0,0.0,0.0,0.0,0.0,0.0,0.0,0.0,0.0,0.0,0.0,nan,nan,4.260709504685408,2.9070787501179898,nan,0.9211323559786355,0.023600401434435953,0.0,0.0,0.0,0.0,0.0,0.0,0.0,0.0,0.0,0.0,0.0,0.0,0.0,0.0,0.0,0.0,0.0,0.0,0.0,0.0,0.0,0.0,0.0,0.0,0.0,0.32855939342881224,4.953664700926707,15.808761583824772,8.12552653748947,0.7834877843302445,0.9209335533320553,0.022529845532278898,0.0,0.0,0.0,0.0,0.0,0.0,0.0,0.0,0.0,0.0,0.0,0.0,0.0,0.0,0.0,0.0,0.0,0.0,0.0,0.0,0.0,0.0,0.0,0.0,0.0,0.20389669234254648,5.233348436792026,15.903942002718626,8.00634345265066,0.6524694154961487,0.382,0.02017,0.0,0.0,0.0,0.0,0.0,0.0,0.0,0.0,0.0,0.24010109519797815,6.4448188711036245,17.603201347935947,5.509688289806236,0.20219039595619212,0.0,0.0,0.0,0.0,0.0,0.0,0.0,0.0,0.0,0.0,0.0,0.0,0.0,0.0,0.0,0.0,0.3828,0.0207,0.0,0.0,0.0,0.0,0.0,0.0,0.0,0.0,0.0,0.2990484821024015,6.048935206162213,17.657453556864496,5.681921159945629,0.3126415949252379,0.0,0.0,0.0,0.0,0.0,0.0,0.0,0.0,0.0,0.0,0.0,0.0,0.0,0.0,0.0,0.0
16500,4475,2340,0.5229050279329609,1127,901,0.45318435754189945,1255,0.5608938547486033,0.418,3.0515222482435598,3.140006455391954,6.768189509306261,2.1124247552253617,9340.300082929467,1420.7106137304277,7853.0,10748.427801132202,10697.302509021098,16.87056423019303,7853.0,0.0,28.070837988826817,20.769802662753683,32.93582604083797,18.996939486803043,0.13743016759776536,0.09608938547486033,0.09631284916201117,0.08156424581005586,0.07910614525139664,0.0817877094972067,0.07418994413407821,0.06301675977653631,0.05452513966480447,0.052067039106145255,0.04782122905027933,0.04402234636871508,0.034189944134078214,0.02100558659217877,0.019217877094972066,0.012067039106145252,0.00558659217877095,0.9214464700022224,0.02301865688265838,0.0,0.0,0.0,0.0,0.0,0.0,0.0,0.0,0.0,0.0,0.0,0.0,0.0,0.0,0.0,0.0,0.0,0.0,0.0,0.0,0.0,0.0,0.0,0.0,0.0,0.23463687150837995,5.041340782122906,15.774301675977657,8.185474860335198,0.7642458100558661,4.296385542168674,2.8955311314058965,nan,nan,nan,4.275862068965517,2.9193356793217937,4.317056396148556,2.8724413890052904,1.0096341571637752,0.3823,0.02065,0.0,0.0,0.0,0.0,0.0,0.0,0.0,0.0,0.0,0.2480446927374302,6.475977653631286,17.456983240223437,5.597765363128493,0.22122905027932965,0.0,0.0,0.0,0.0,0.0,0.0,0.0,0.0,0.0,0.0,0.0,0.0,0.0,0.0,0.0,0.0,nan,nan,4.296385542168674,2.8955311314058965,nan,0.3823,0.0993,0.0,0.0,0.0,0.0,0.0,0.0,0.0,0.0,0.0,0.0,0.0,0.000446927374301676,0.0,0.0,0.0007150837988826816,1.11731843575419e-05,0.0,7.821229050279329e-05,0.006011173184357542,0.0024134078212290503,0.0032737430167597767,0.005553072625698324,0.02040223463687151,0.0166927374301676,0.04222346368715084,0.024201117318435755,0.024770949720670392,0.0423463687150838,0.015787709497206703,0.04328491620111732,0.014279329608938547,0.01675977653631285,0.034837988826815644,0.027910614525139665,0.02312849162011173,0.011608938547486033,0.07239106145251396,0.01823463687150838,0.03129608938547486,0.08067039106145252,0.028804469273743017,0.025184357541899443,0.023865921787709497,0.0469608938547486,0.0402122905027933,0.04319553072625698,0.019206703910614527,0.0304804469273743,0.028379888268156423,0.009251396648044693,0.023396648044692738,0.005396648044692738,0.011564245810055865,0.002100558659217877,0.005050279329608939,0.01182122905027933,0.0196536312849162,0.0067039106145251395,0.005486033519553073,0.00871508379888268,0.012189944134078212,0.0032290502793296087,0.0005586592178770949,0.005430167597765363,0.0002011173184357542,0.0009720670391061453,0.0002905027932960894,2.23463687150838e-05,0.0,0.0,0.0019664804469273745,0.0003798882681564246,0.0,0.0,0.0,0.0,0.0,0.0,0.0,0.0,0.0,0.0,0.0,0.0,0.0,0.0,0.0,0.0,0.0,0.0,0.0,0.0,0.0,0.0,0.0,0.0,0.0,0.0,0.0,0.0,0.0,nan,nan,4.296385542168674,2.8955311314058965,nan,0.9212889451501716,0.022916788072079676,0.0,0.0,0.0,0.0,0.0,0.0,0.0,0.0,0.0,0.0,0.0,0.0,0.0,0.0,0.0,0.0,0.0,0.0,0.0,0.0,0.0,0.0,0.0,0.0,0.0,0.2307692307692308,5.038461538461539,15.730769230769234,8.243589743589745,0.7564102564102566,0.9216191201913552,0.023128559359950968,0.0,0.0,0.0,0.0,0.0,0.0,0.0,0.0,0.0,0.0,0.0,0.0,0.0,0.0,0.0,0.0,0.0,0.0,0.0,0.0,0.0,0.0,0.0,0.0,0.0,0.23887587822014056,5.044496487119439,15.822014051522252,8.121779859484779,0.772833723653396,0.3826,0.02094,0.0,0.0,0.0,0.0,0.0,0.0,0.0,0.0,0.0,0.2692307692307693,6.5128205128205146,17.19230769230767,5.807692307692309,0.217948717948718,0.0,0.0,0.0,0.0,0.0,0.0,0.0,0.0,0.0,0.0,0.0,0.0,0.0,0.0,0.0,0.0,0.382,0.02031,0.0,0.0,0.0,0.0,0.0,0.0,0.0,0.0,0.0,0.224824355971897,6.435597189695552,17.747072599531588,5.36768149882904,0.224824355971897,0.0,0.0,0.0,0.0,0.0,0.0,0.0,0.0,0.0,0.0,0.0,0.0,0.0,0.0,0.0,0.0
16600,4520,2334,0.5163716814159292,1104,927,0.44933628318584073,1285,0.5685840707964602,0.41,3.0205855443732847,3.106236801651439,6.5927672955974845,2.0678455996123315,9321.765949159202,1421.4890178526418,7853.0,10758.76620554924,10697.396782433414,17.117494289621426,7853.0,0.0,28.20907079646018,20.928996209145378,33.20305504345536,19.103080680433287,0.1422566371681416,0.09535398230088496,0.08561946902654867,0.09225663716814159,0.07610619469026549,0.07632743362831858,0.07256637168141593,0.06415929203539823,0.05575221238938053,0.058849557522123896,0.046460176991150445,0.03584070796460177,0.034070796460176994,0.02743362831858407,0.02013274336283186,0.010176991150442478,0.00663716814159292,0.920694878328163,0.02344875847304127,0.0,0.0,0.0,0.0,0.0,0.0,0.0,0.0,0.0,0.0,0.0,0.0,0.0,0.0,0.0,0.0,0.0,0.0,0.0,0.0,0.0,0.0,0.0,0.0,0.013274336283185844,0.26548672566371684,5.409292035398231,15.404867256637171,8.163716814159294,0.7433628318584072,4.2733469665985,2.87069530331375,nan,nan,nan,4.306177868295994,2.85648032103127,4.240246406570842,2.884577878208666,0.9846890993029876,0.3828,0.02072,0.0,0.0,0.0,0.0,0.0,0.0,0.0,0.0,0.0,0.22566371681415934,6.106194690265489,17.462389380530947,5.993362831858409,0.20575221238938057,0.006637168141592922,0.0,0.0,0.0,0.0,0.0,0.0,0.0,0.0,0.0,0.0,0.0,0.0,0.0,0.0,0.0,nan,nan,4.2733469665985,2.87069530331375,nan,0.3828,0.09973,0.0,0.0,0.0,0.0,0.0,0.0,0.0,0.0,0.0,0.0,0.0,0.00021017699115044247,0.0,0.0,0.0007079646017699115,1.1061946902654867e-05,0.0,0.0,0.005641592920353982,0.0027212389380530974,0.002820796460176991,0.0048672566371681415,0.01961283185840708,0.01804203539823009,0.04398230088495575,0.025265486725663717,0.023495575221238938,0.04044247787610619,0.015088495575221239,0.04292035398230089,0.015674778761061946,0.018163716814159292,0.03515486725663717,0.0268141592920354,0.022787610619469028,0.01247787610619469,0.07320796460176991,0.01831858407079646,0.03274336283185841,0.07731194690265487,0.028263274336283187,0.025265486725663717,0.022378318584070796,0.048584070796460176,0.03701327433628319,0.04370575221238938,0.018462389380530974,0.03191371681415929,0.02945796460176991,0.008584070796460177,0.022942477876106194,0.0055309734513274336,0.012168141592920354,0.002134955752212389,0.004413716814159292,0.012057522123893806,0.019015486725663718,0.00713495575221239,0.006050884955752212,0.007588495575221239,0.015353982300884956,0.004236725663716814,0.0006526548672566372,0.005287610619469026,0.00014380530973451326,0.0008517699115044248,5.5309734513274336e-05,2.2123893805309735e-05,3.3185840707964604e-05,0.0,0.0021128318584070797,9.955752212389381e-05,0.0,0.0,0.0,0.0,0.0,0.0,0.0,0.0,0.0,0.0,0.0,0.0,0.0,0.0,0.0,0.0,0.0,0.0,0.0,0.0,0.0,0.0,0.0,0.0,0.0,0.0,0.0,0.0,0.0,nan,nan,4.2733469665985,2.87069530331375,nan,0.9209213274456848,0.023238682406707088,0.0,0.0,0.0,0.0,0.0,0.0,0.0,0.0,0.0,0.0,0.0,0.0,0.0,0.0,0.0,0.0,0.0,0.0,0.0,0.0,0.0,0.0,0.0,0.0,0.0,0.25706940874035994,5.282776349614397,15.565552699228794,8.14910025706941,0.7455012853470439,0.920453097797378,0.023668608108852632,0.0,0.0,0.0,0.0,0.0,0.0,0.0,0.0,0.0,0.0,0.0,0.0,0.0,0.0,0.0,0.0,0.0,0.0,0.0,0.0,0.0,0.0,0.0,0.0,0.027447392497712723,0.27447392497712725,5.544373284537969,15.233302836230562,8.179322964318391,0.7410795974382436,0.383,0.02058,0.0,0.0,0.0,0.0,0.0,0.0,0.0,0.0,0.0,0.23136246786632395,5.84832904884319,17.814910025706915,5.899742930591261,0.19280205655526997,0.012853470437017999,0.0,0.0,0.0,0.0,0.0,0.0,0.0,0.0,0.0,0.0,0.0,0.0,0.0,0.0,0.0,0.3828,0.02087,0.0,0.0,0.0,0.0,0.0,0.0,0.0,0.0,0.0,0.21957913998170178,6.381518755718209,17.08600182982614,6.093321134492225,0.21957913998170178,0.0,0.0,0.0,0.0,0.0,0.0,0.0,0.0,0.0,0.0,0.0,0.0,0.0,0.0,0.0,0.0
16700,4636,2451,0.5286885245901639,1151,933,0.44952545297670404,1258,0.542709232096635,0.414,3.009153318077803,3.0856438033737885,6.536348949919224,2.1449614660489646,9357.017481394221,1420.1151596262891,7853.0,10754.056820392609,10697.808259381318,17.0836106731129,7853.0,0.0,27.98921484037964,20.882769155807814,32.962210796915166,19.116645359914674,0.1408541846419327,0.10051768766177739,0.08994823123382226,0.08692838654012079,0.07765314926660914,0.07808455565142364,0.06665228645383951,0.06600517687661778,0.06018119068162209,0.05241587575496117,0.046807592752372736,0.035159620362381364,0.0362381363244176,0.026747195858498704,0.019628990509059533,0.00992234685073339,0.006255392579810181,0.9208553750341159,0.022973111656419486,0.0,0.0,0.0,0.0,0.0,0.0,0.0,0.0,0.0,0.0,0.0,0.0,0.0,0.0,0.0,0.0,0.0,0.0,0.0,0.0,0.0,0.0,0.0,0.0,0.0,0.36238136324417614,4.827437446074203,16.17126833477136,7.933563416738569,0.7053494391716999,4.244057582859056,2.877540915693765,nan,nan,nan,4.25658338960162,2.9314124827101553,4.231739707835326,2.8235072378435704,0.994163468798242,0.3843,0.02061,0.0,0.0,0.0,0.0,0.0,0.0,0.0,0.0,0.0,0.19413287316652292,5.66867989646247,17.62726488352025,6.205780845556516,0.3041415012942192,0.0,0.0,0.0,0.0,0.0,0.0,0.0,0.0,0.0,0.0,0.0,0.0,0.0,0.0,0.0,0.0,nan,nan,4.244057582859056,2.877540915693765,nan,0.3843,0.0999,0.0,0.0,0.0,0.0,0.0,0.0,0.0,0.0,0.0,0.0,0.0,9.706643658326143e-05,0.0,0.0,0.0008951682484900777,6.47109577221743e-05,1.0785159620362381e-05,0.0,0.00502588438308887,0.003990509059534081,0.002771786022433132,0.004659188955996549,0.019229939603106126,0.017741587575496116,0.04474762726488352,0.022767471958584987,0.024849007765314925,0.036615616911130286,0.015185504745470233,0.04232096635030198,0.01458153580672994,0.017374892148403796,0.036022433132010354,0.02654227782571182,0.023522433132010353,0.012402933563416738,0.07058886971527178,0.01911130284728214,0.031945642795513374,0.0817407247627265,0.027167817083692838,0.02676876617773943,0.022929249352890424,0.046861518550474546,0.03778041415012942,0.045081967213114756,0.017331751509922347,0.033455565142364106,0.02807377049180328,0.009156600517687661,0.023964624676445213,0.005187661777394306,0.011885245901639344,0.0020276100086281277,0.004475841242450388,0.012532355478861086,0.02065358067299396,0.0076466781708369284,0.006125970664365833,0.008034943917169975,0.01340595340811044,0.004130716134598792,0.0006902502157031924,0.006309318377911993,0.0001294219154443486,0.0010677308024158757,0.0,1.0785159620362381e-05,4.3140638481449525e-05,0.0,0.0021462467644521137,0.0001186367558239862,0.0,0.0,0.0,0.0,0.0,0.0,0.0,0.0,0.0,0.0,0.0,0.0,0.0,0.0,0.0,0.0,0.0,0.0,0.0,0.0,0.0,0.0,0.0,0.0,0.0,0.0,0.0,0.0,0.0,nan,nan,4.244057582859056,2.877540915693765,nan,0.9208241424867932,0.023208422337784286,0.0,0.0,0.0,0.0,0.0,0.0,0.0,0.0,0.0,0.0,0.0,0.0,0.0,0.0,0.0,0.0,0.0,0.0,0.0,0.0,0.0,0.0,0.0,0.0,0.0,0.37943696450428405,5.006119951040392,15.801713586291312,8.151774785801715,0.6609547123623013,0.9208904098045908,0.02270620155717318,0.0,0.0,0.0,0.0,0.0,0.0,0.0,0.0,0.0,0.0,0.0,0.0,0.0,0.0,0.0,0.0,0.0,0.0,0.0,0.0,0.0,0.0,0.0,0.0,0.0,0.3432494279176202,4.62700228832952,16.585812356979407,7.688787185354693,0.7551487414187645,0.3838,0.0205,0.0,0.0,0.0,0.0,0.0,0.0,0.0,0.0,0.0,0.15911872705018365,5.8384332925336615,17.723378212974268,5.9975520195838445,0.2815177478580172,0.0,0.0,0.0,0.0,0.0,0.0,0.0,0.0,0.0,0.0,0.0,0.0,0.0,0.0,0.0,0.0,0.3845,0.02074,0.0,0.0,0.0,0.0,0.0,0.0,0.0,0.0,0.0,0.23340961098398175,5.478260869565219,17.519450800915305,6.439359267734555,0.3295194508009154,0.0,0.0,0.0,0.0,0.0,0.0,0.0,0.0,0.0,0.0,0.0,0.0,0.0,0.0,0.0,0.0
16800,4406,2290,0.5197458011802089,1083,899,0.4498411257376305,1215,0.5515206536541081,0.442,3.0274102079395084,3.118516730932452,6.663247863247864,2.132636035504261,9331.51198925993,1421.2856023196284,7853.0,10757.036500930786,10697.682892873037,17.14068907654971,7853.0,0.0,28.03608715388107,21.061316262319345,33.184611201740076,19.24380403519468,0.14321379936450296,0.09759418974126191,0.09078529278256922,0.08556513844757149,0.08556513844757149,0.0737630503858375,0.06513844757149342,0.06332274171584204,0.059691330004539266,0.053563322741715845,0.04380390376758965,0.03949160236041761,0.03381752156150704,0.026327734906945077,0.018157058556513846,0.013390830685428961,0.006808896958692692,0.9205488172840434,0.023096785267783564,0.0,0.0,0.0,0.0,0.0,0.0,0.0,0.0,0.0,0.0,0.0,0.0,0.0,0.0,0.0,0.0,0.0,0.0,0.0,0.0,0.0,0.0,0.0,0.0,0.0,0.3132092600998639,5.392646391284613,15.456196096232414,8.136631865637769,0.7013163867453475,4.304745166959578,2.933281896698558,nan,nan,nan,4.362999299229152,2.8782788941364217,4.246121297602257,2.9864649616145185,0.9732115470090622,0.3838,0.02155,0.0,0.0,0.0,0.0,0.0,0.0,0.0,0.0,0.0,0.17022242396731732,6.318656377666819,16.62051747616884,6.475261007716751,0.4153427144802543,0.0,0.0,0.0,0.0,0.0,0.0,0.0,0.0,0.0,0.0,0.0,0.0,0.0,0.0,0.0,0.0,nan,nan,4.304745166959578,2.933281896698558,nan,0.3838,0.10065,0.0,0.0,0.0,0.0,0.0,0.0,0.0,0.0,0.0,0.0,0.0,0.00014752610077167498,0.0,0.0,0.0008738084430322287,7.943713118474807e-05,2.2696323195642304e-05,0.0,0.005935088515660463,0.003710848842487517,0.002814344076259646,0.0046640944167044935,0.018758511121198366,0.016613708579210167,0.04809350885156605,0.022571493418066274,0.024761688606445755,0.036677258284157965,0.01584203359055833,0.04356559237403541,0.01467317294598275,0.017408079891057648,0.03464593735814798,0.025329096686336813,0.024784384929641398,0.012153881071266455,0.0699046754425783,0.019348615524285066,0.03180889695869269,0.08276214253290967,0.02707671357240127,0.026781661370857923,0.021743077621425327,0.047855197458011804,0.035088515660463004,0.04507489786654562,0.01771448025419882,0.03155923740354063,0.029073990013617795,0.009418974126191557,0.022378574670903314,0.005061280072628235,0.010996368588288697,0.002008624602814344,0.004857013163867454,0.012517022242396732,0.0212437585111212,0.007319564230594644,0.005231502496595552,0.008397639582387654,0.013765320018157058,0.005049931911030413,0.0008511121198365865,0.007625964593735815,7.943713118474807e-05,0.0011688606445755788,1.1348161597821152e-05,0.0,0.0,0.0,0.0018951429868361326,0.00020426690876078075,0.0,0.0,0.0,0.0,0.0,0.0,0.0,0.0,0.0,0.0,0.0,0.0,0.0,0.0,0.0,0.0,0.0,0.0,0.0,0.0,0.0,0.0,0.0,0.0,0.0,0.0,0.0,0.0,0.0,nan,nan,4.304745166959578,2.933281896698558,nan,0.9204688091725761,0.022581827264411474,0.0,0.0,0.0,0.0,0.0,0.0,0.0,0.0,0.0,0.0,0.0,0.0,0.0,0.0,0.0,0.0,0.0,0.0,0.0,0.0,0.0,0.0,0.0,0.0,0.0,0.2620087336244542,5.3842794759825345,15.95633187772926,7.689956331877731,0.7074235807860264,0.920635404512427,0.023641148600495755,0.0,0.0,0.0,0.0,0.0,0.0,0.0,0.0,0.0,0.0,0.0,0.0,0.0,0.0,0.0,0.0,0.0,0.0,0.0,0.0,0.0,0.0,0.0,0.0,0.0,0.3686200378071835,5.401701323251419,14.914933837429116,8.620037807183367,0.6947069943289226,0.384,0.02151,0.0,0.0,0.0,0.0,0.0,0.0,0.0,0.0,0.0,0.15720524017467252,6.248908296943233,16.585152838427923,6.641921397379914,0.3668122270742359,0.0,0.0,0.0,0.0,0.0,0.0,0.0,0.0,0.0,0.0,0.0,0.0,0.0,0.0,0.0,0.0,0.3838,0.02158,0.0,0.0,0.0,0.0,0.0,0.0,0.0,0.0,0.0,0.18431001890359175,6.394139886578452,16.658790170132303,6.294896030245749,0.46786389413988666,0.0,0.0,0.0,0.0,0.0,0.0,0.0,0.0,0.0,0.0,0.0,0.0,0.0,0.0,0.0,0.0
16900,4444,2286,0.5144014401440145,1091,917,0.45184518451845185,1254,0.5643564356435643,0.43,3.056997219647822,3.1697414797085646,6.79734219269103,2.0970140722266954,9316.199040759559,1421.7013102795297,7853.0,10754.406776666641,10697.46917634973,17.717640924608723,7853.0,0.0,28.005625562556254,20.877276628529714,33.042450295540036,19.069214782090768,0.1413141314131413,0.10103510351035104,0.0855085508550855,0.08595859585958596,0.08505850585058505,0.07718271827182718,0.06930693069306931,0.06278127812781278,0.05670567056705671,0.05175517551755175,0.045004500450045004,0.04207920792079208,0.03532853285328533,0.027002700270027002,0.01935193519351935,0.00765076507650765,0.006975697569756975,0.9190116335179331,0.022880228477215173,0.0,0.0,0.0,0.0,0.0,0.0,0.0,0.0,0.0,0.0,0.0,0.0,0.0,0.0,0.0,0.0,0.0,0.0,0.0,0.0,0.0,0.0,0.0,0.0,0.0,0.3375337533753376,5.650315031503152,16.201620162016205,7.270477047704772,0.5400540054005402,4.272475795297372,2.8962756330564976,nan,nan,nan,4.256164383561644,2.8847965338080943,4.289106145251397,2.9078383349198207,1.007739776644197,0.385,0.02158,0.0,0.0,0.0,0.0,0.0,0.0,0.0,0.0,0.0,0.23627362736273633,5.71782178217822,16.579657965796557,7.013951395139515,0.44554455445544566,0.006750675067506752,0.0,0.0,0.0,0.0,0.0,0.0,0.0,0.0,0.0,0.0,0.0,0.0,0.0,0.0,0.0,nan,nan,4.272475795297372,2.8962756330564976,nan,0.385,0.1008,0.0,0.0,0.0,0.0,0.0,0.0,0.0,0.0,0.0,0.0,0.0,5.625562556255625e-05,0.0,0.0,0.0010913591359135914,0.0,2.25022502250225e-05,0.0,0.005771827182718272,0.0034653465346534654,0.0036116111611161116,0.004421692169216921,0.018215571557155717,0.015897839783978397,0.048256075607560754,0.022592259225922593,0.02465121512151215,0.036431143114311434,0.014648964896489649,0.045195769576957694,0.012927542754275427,0.015999099909991,0.033967146714671465,0.024156165616561656,0.023706120612061204,0.012218721872187218,0.0686993699369937,0.018643114311431144,0.031514401440144016,0.08708370837083708,0.030479297929792978,0.026012601260126014,0.02265976597659766,0.04805355535553555,0.036453645364536456,0.045004500450045004,0.017450495049504952,0.02869036903690369,0.028352835283528353,0.009754725472547255,0.022097209720972098,0.005794329432943294,0.010632313231323132,0.0020814581458145813,0.00522052205220522,0.012477497749774977,0.021827182718271828,0.007842034203420343,0.004995499549954995,0.009023402340234023,0.014975247524752475,0.00592934293429343,0.0004950495049504951,0.007459495949594959,0.0001125112511251125,0.0007875787578757876,5.625562556255625e-05,0.0,0.0,0.0,0.0017439243924392439,0.0002925292529252925,0.0,0.0,0.0,0.0,0.0,0.0,0.0,0.0,0.0,0.0,0.0,0.0,0.0,0.0,0.0,0.0,0.0,0.0,0.0,0.0,0.0,0.0,0.0,0.0,0.0,0.0,0.0,0.0,0.0,nan,nan,4.272475795297372,2.8962756330564976,nan,0.9188943078459508,0.022997433233896372,0.0,0.0,0.0,0.0,0.0,0.0,0.0,0.0,0.0,0.0,0.0,0.0,0.0,0.0,0.0,0.0,0.0,0.0,0.0,0.0,0.0,0.0,0.0,0.0,0.0,0.3280839895013124,5.774278215223099,16.167979002624676,7.165354330708663,0.5643044619422574,0.9191359182659181,0.022754753556147457,0.0,0.0,0.0,0.0,0.0,0.0,0.0,0.0,0.0,0.0,0.0,0.0,0.0,0.0,0.0,0.0,0.0,0.0,0.0,0.0,0.0,0.0,0.0,0.0,0.0,0.3475440222428175,5.518999073215942,16.237256719184433,7.3818350324374435,0.5143651529193699,0.3853,0.02148,0.0,0.0,0.0,0.0,0.0,0.0,0.0,0.0,0.0,0.20997375328083995,5.551181102362206,16.77165354330706,6.99475065616798,0.45931758530183736,0.013123359580052497,0.0,0.0,0.0,0.0,0.0,0.0,0.0,0.0,0.0,0.0,0.0,0.0,0.0,0.0,0.0,0.3845,0.02168,0.0,0.0,0.0,0.0,0.0,0.0,0.0,0.0,0.0,0.2641334569045413,5.8943466172381855,16.376274328081532,7.034291010194626,0.43095458758109373,0.0,0.0,0.0,0.0,0.0,0.0,0.0,0.0,0.0,0.0,0.0,0.0,0.0,0.0,0.0,0.0
17000,4679,2439,0.5212652276127377,1142,951,0.44731780294934814,1306,0.5582389399444325,0.426,2.9669642857142855,3.1725352748477142,6.7344262295081965,2.333286238502988,9336.00011775539,1421.2688548766337,7853.0,10757.166405439377,10698.001045911222,17.38912252628115,7853.0,0.0,27.62641590083351,20.662830121267476,32.731350935657524,18.834554410204625,0.1444753152382988,0.10151741825176319,0.09040393246420175,0.08441974780936097,0.08313742252618081,0.07330626202179953,0.07159649497755931,0.06176533447317803,0.05962812566787775,0.050865569566146615,0.04915580252190639,0.04253045522547553,0.03334045736268433,0.023936738619363112,0.013891857234451806,0.010258602265441334,0.00577046377431075,0.9201024530356346,0.02285001673074556,0.0,0.0,0.0,0.0,0.0,0.0,0.0,0.0,0.0,0.0,0.0,0.0,0.0,0.0,0.0,0.0,0.0,0.0,0.0,0.0,0.0,0.0,0.0,0.0,0.0,0.33340457362684345,5.328061551613594,15.97777302842488,7.738833083992308,0.6219277623423809,4.307615230460922,2.989275328832217,nan,nan,nan,4.2408660351826795,2.9543495252544894,4.375577557755776,3.020425119209293,1.0317650973776382,0.3845,0.02171,0.0,0.0,0.0,0.0,0.0,0.0,0.0,0.0,0.0,0.2179952981406284,5.898696302628768,16.73434494550115,6.725796110279976,0.4231673434494551,0.0,0.0,0.0,0.0,0.0,0.0,0.0,0.0,0.0,0.0,0.0,0.0,0.0,0.0,0.0,0.0,nan,nan,4.307615230460922,2.989275328832217,nan,0.3845,0.1007,0.0,0.0,0.0,0.0,0.0,0.0,0.0,0.0,0.0,0.0,0.0,1.0686044026501389e-05,0.0,2.1372088053002777e-05,0.0007266509938020945,5.3430220132506944e-05,0.0,0.0,0.005289591793118188,0.0028959179311818764,0.0037935456294079933,0.004872836076084634,0.018016670228681343,0.016103868347937592,0.0476704424022227,0.02200256465056636,0.024663389613165207,0.0369630262876683,0.01662748450523616,0.04550117546484291,0.013710194486001283,0.01671297285744817,0.03416328275272494,0.024642017525112202,0.02525112203462278,0.011658474032913016,0.06973712331694806,0.017728147039965805,0.03053002778371447,0.08635392177815773,0.030284248771104937,0.024428296644582174,0.022408634323573415,0.047830733062620215,0.03572344518059414,0.04757426800598418,0.017706774951912804,0.027334900619790554,0.0284676212865997,0.009435776875400727,0.022483436631758922,0.00522547552895918,0.009905962812566787,0.0023188715537508014,0.0046163710194486,0.012395811070741612,0.021051506732207736,0.007715323787134003,0.005546056849754221,0.010055567428937807,0.015099380209446463,0.005204103440906177,0.0006732207736695875,0.007747381919213507,0.00035263945287454583,0.0007907672579611028,1.0686044026501389e-05,0.0,1.0686044026501389e-05,1.0686044026501389e-05,0.001399871767471682,0.00045949989313955975,0.0,0.0,0.0,3.205813207950417e-05,0.0,0.0,0.0,0.0,0.0,0.0,0.0,0.0,0.0,0.0,0.0,0.0,0.0,0.0,0.0,0.0,0.0,0.0,0.0,0.0,0.0,0.0,0.0,0.0,0.0,nan,nan,4.307615230460922,2.989275328832217,nan,0.9203885112350326,0.02299810766015818,0.0,0.0,0.0,0.0,0.0,0.0,0.0,0.0,0.0,0.0,0.0,0.0,0.0,0.0,0.0,0.0,0.0,0.0,0.0,0.0,0.0,0.0,0.0,0.0,0.0,0.30750307503075036,5.313653136531367,15.608856088560888,8.1549815498155,0.6150061500615007,0.9197909816301295,0.02268356824943108,0.0,0.0,0.0,0.0,0.0,0.0,0.0,0.0,0.0,0.0,0.0,0.0,0.0,0.0,0.0,0.0,0.0,0.0,0.0,0.0,0.0,0.0,0.0,0.0,0.0,0.36160714285714296,5.343750000000001,16.37946428571429,7.285714285714287,0.6294642857142858,0.3848,0.02142,0.0,0.0,0.0,0.0,0.0,0.0,0.0,0.0,0.0,0.2706027060270603,5.571955719557197,17.097170971709694,6.715867158671588,0.34440344403444045,0.0,0.0,0.0,0.0,0.0,0.0,0.0,0.0,0.0,0.0,0.0,0.0,0.0,0.0,0.0,0.0,0.3845,0.02202,0.0,0.0,0.0,0.0,0.0,0.0,0.0,0.0,0.0,0.16071428571428573,6.254464285714287,16.33928571428569,6.736607142857144,0.5089285714285715,0.0,0.0,0.0,0.0,0.0,0.0,0.0,0.0,0.0,0.0,0.0,0.0,0.0,0.0,0.0,0.0
17100,4928,2528,0.512987012987013,1205,1007,0.44886363636363635,1409,0.5718344155844156,0.39799999999999996,2.9995833333333333,3.0876770923120973,6.534883720930233,2.2096388972514536,9312.621436556608,1422.2444206995174,7853.0,10756.635593295097,10698.337990249589,17.52800261920294,7853.0,0.0,28.41883116883117,20.94157152924186,33.328681424446586,19.11959612568197,0.137987012987013,0.09862012987012987,0.08908279220779221,0.08319805194805195,0.08015422077922078,0.07203733766233766,0.06655844155844155,0.07284902597402597,0.057021103896103896,0.05377435064935065,0.04606331168831169,0.045048701298701296,0.03632305194805195,0.026582792207792208,0.01948051948051948,0.009537337662337662,0.005681818181818182,0.9202135286547921,0.022937222494687586,0.0,0.0,0.0,0.0,0.0,0.0,0.0,0.0,0.0,0.0,0.0,0.0,0.0,0.0,0.0,0.0,0.0,0.0,0.0,0.0,0.0,0.0,0.0,0.0,0.0,0.3043831168831169,5.144074675324677,16.071428571428573,7.792207792207794,0.6879058441558443,4.194117647058824,2.8351666145553422,nan,nan,nan,4.1700305810397555,2.845967316833375,4.218808777429467,2.8238389282300673,1.0116973234228774,0.3853,0.0219,0.0,0.0,0.0,0.0,0.0,0.0,0.0,0.0,0.0,0.2800324675324676,5.765016233766235,16.333198051948028,7.2260551948051965,0.395698051948052,0.0,0.0,0.0,0.0,0.0,0.0,0.0,0.0,0.0,0.0,0.0,0.0,0.0,0.0,0.0,0.0,nan,nan,4.194117647058824,2.8351666145553422,nan,0.3853,0.1017,0.0,0.0,0.0,0.0,0.0,0.0,0.0,0.0,0.0,0.0,0.0,0.0,0.0,4.0584415584415584e-05,0.0009841720779220778,6.0876623376623377e-05,0.0,0.0,0.005032467532467532,0.0028003246753246754,0.003287337662337662,0.004048295454545455,0.018821022727272728,0.015959821428571427,0.04797077922077922,0.020403814935064934,0.027455357142857142,0.03604910714285714,0.01698457792207792,0.046702516233766235,0.014285714285714285,0.01698457792207792,0.03361404220779221,0.025,0.02544642857142857,0.010978084415584415,0.06983563311688312,0.01796875,0.029961444805194803,0.08290381493506493,0.029149756493506495,0.02380275974025974,0.0234375,0.04463271103896104,0.037642045454545456,0.04845779220779221,0.016761363636363637,0.02594358766233766,0.028875811688311687,0.009243100649350649,0.021996753246753247,0.006412337662337663,0.008959009740259741,0.003135146103896104,0.004575892857142857,0.01411323051948052,0.02297077922077922,0.007711038961038961,0.005002029220779221,0.010896915584415584,0.014275568181818183,0.006381899350649351,0.00037540584415584417,0.007913961038961038,0.0004565746753246753,0.000974025974025974,0.0,0.0,0.0,1.0146103896103896e-05,0.0017045454545454545,0.0005073051948051948,0.0,0.0,0.0,0.00010146103896103897,0.0,0.0,0.0,0.0,0.0,0.0,0.0,0.0,0.0,0.0,0.0,0.0,0.0,0.0,0.0,0.0,0.0,0.0,0.0,0.0,0.0,0.0,0.0,0.0,0.0,nan,nan,4.194117647058824,2.8351666145553422,nan,0.9201363538969544,0.022903222724590534,0.0,0.0,0.0,0.0,0.0,0.0,0.0,0.0,0.0,0.0,0.0,0.0,0.0,0.0,0.0,0.0,0.0,0.0,0.0,0.0,0.0,0.0,0.0,0.0,0.0,0.35601265822784817,5.138449367088609,16.044303797468356,7.76107594936709,0.7001582278481014,0.9202948193997145,0.022972700799773177,0.0,0.0,0.0,0.0,0.0,0.0,0.0,0.0,0.0,0.0,0.0,0.0,0.0,0.0,0.0,0.0,0.0,0.0,0.0,0.0,0.0,0.0,0.0,0.0,0.0,0.25000000000000006,5.150000000000001,16.1,7.825000000000002,0.6750000000000002,0.3855,0.02208,0.0,0.0,0.0,0.0,0.0,0.0,0.0,0.0,0.0,0.3204113924050634,5.696202531645571,16.04430379746833,7.547468354430381,0.391613924050633,0.0,0.0,0.0,0.0,0.0,0.0,0.0,0.0,0.0,0.0,0.0,0.0,0.0,0.0,0.0,0.0,0.385,0.02168,0.0,0.0,0.0,0.0,0.0,0.0,0.0,0.0,0.0,0.23750000000000004,5.837500000000001,16.637499999999974,6.887500000000002,0.4000000000000001,0.0,0.0,0.0,0.0,0.0,0.0,0.0,0.0,0.0,0.0,0.0,0.0,0.0,0.0,0.0,0.0
17200,4880,2513,0.5149590163934427,1208,967,0.4456967213114754,1384,0.5672131147540984,0.39799999999999996,3.0054921841994084,3.0914062849439925,6.469444444444444,2.1302476961408923,9317.904389182222,1421.7652768177682,7853.0,10755.063134551048,10697.700922884696,16.867019880629062,7853.0,0.0,28.556762295081967,21.08011784136397,33.43148193063303,19.291899687677194,0.13422131147540983,0.09692622950819672,0.09016393442622951,0.08647540983606557,0.08422131147540983,0.07459016393442623,0.06885245901639345,0.06086065573770492,0.06024590163934426,0.05245901639344262,0.05,0.038114754098360654,0.033401639344262296,0.029508196721311476,0.022131147540983605,0.011065573770491803,0.006762295081967213,0.9200846886414974,0.022598430321411015,0.0,0.0,0.0,0.0,0.0,0.0,0.0,0.0,0.0,0.0,0.0,0.0,0.0,0.0,0.0,0.0,0.0,0.0,0.0,0.0,0.0,0.0,0.0,0.0,0.0,0.31352459016393447,5.336065573770493,15.989754098360658,7.813524590163936,0.5471311475409837,4.233916302311056,2.866038660675657,nan,nan,nan,4.278822055137844,2.8705273791589305,4.1892901618929015,2.860872707202261,0.9790755745176557,0.384,0.0211,0.0,0.0,0.0,0.0,0.0,0.0,0.0,0.0,0.0,0.24590163934426235,5.704918032786887,17.24385245901637,6.473360655737706,0.3319672131147542,0.0,0.0,0.0,0.0,0.0,0.0,0.0,0.0,0.0,0.0,0.0,0.0,0.0,0.0,0.0,0.0,nan,nan,4.233916302311056,2.866038660675657,nan,0.384,0.1009,0.0,0.0,0.0,0.0,0.0,0.0,0.0,0.0,0.0,0.0,0.0,0.0,0.0,0.0,0.0011782786885245903,0.0,0.0,9.221311475409836e-05,0.0053483606557377045,0.002848360655737705,0.003125,0.003514344262295082,0.01752049180327869,0.01617827868852459,0.04711065573770492,0.02175204918032787,0.027274590163934426,0.037274590163934425,0.01766393442622951,0.048903688524590164,0.015922131147540982,0.016823770491803277,0.033668032786885245,0.024006147540983607,0.023596311475409835,0.011547131147540983,0.06762295081967214,0.01908811475409836,0.029815573770491804,0.08551229508196721,0.03175204918032787,0.02302254098360656,0.024415983606557376,0.04430327868852459,0.03807377049180328,0.04770491803278688,0.01752049180327869,0.02453893442622951,0.028668032786885247,0.008411885245901638,0.021875,0.0056352459016393444,0.008319672131147541,0.002807377049180328,0.00382172131147541,0.01444672131147541,0.022756147540983606,0.007418032786885246,0.0050204918032786885,0.011434426229508196,0.014743852459016393,0.005747950819672131,0.0003176229508196721,0.00665983606557377,0.0005122950819672131,0.0005122950819672131,0.0,0.0,3.073770491803279e-05,0.0,0.0014139344262295082,0.0006967213114754099,0.0,0.0,0.0,3.073770491803279e-05,0.0,0.0,0.0,0.0,0.0,0.0,0.0,0.0,0.0,0.0,0.0,0.0,0.0,0.0,0.0,0.0,0.0,0.0,0.0,0.0,0.0,0.0,0.0,0.0,0.0,nan,nan,4.233916302311056,2.866038660675657,nan,0.9200589767358145,0.022859121975735735,0.0,0.0,0.0,0.0,0.0,0.0,0.0,0.0,0.0,0.0,0.0,0.0,0.0,0.0,0.0,0.0,0.0,0.0,0.0,0.0,0.0,0.0,0.0,0.0,0.0,0.34619976124154406,5.324313569438919,15.817747711898132,8.010346199761242,0.5013927576601672,0.9201119864948902,0.022318294093782876,0.0,0.0,0.0,0.0,0.0,0.0,0.0,0.0,0.0,0.0,0.0,0.0,0.0,0.0,0.0,0.0,0.0,0.0,0.0,0.0,0.0,0.0,0.0,0.0,0.0,0.27883396704689484,5.34854245880862,16.1723700887199,7.6045627376425875,0.5956907477820026,0.3845,0.02078,0.0,0.0,0.0,0.0,0.0,0.0,0.0,0.0,0.0,0.19100676482292087,5.5750099482690025,17.369677676084336,6.601671309192202,0.2626343016315162,0.0,0.0,0.0,0.0,0.0,0.0,0.0,0.0,0.0,0.0,0.0,0.0,0.0,0.0,0.0,0.0,0.3838,0.02144,0.0,0.0,0.0,0.0,0.0,0.0,0.0,0.0,0.0,0.30418250950570347,5.842839036755388,17.110266159695794,6.337135614702156,0.405576679340938,0.0,0.0,0.0,0.0,0.0,0.0,0.0,0.0,0.0,0.0,0.0,0.0,0.0,0.0,0.0,0.0
17300,4842,2453,0.5066088393225939,1116,983,0.43349855431639817,1386,0.5724907063197026,0.38999999999999996,2.953955629970699,3.0684213111186196,6.504373177842566,2.090338346539227,9294.056562614165,1422.1875529306342,7853.0,10752.971949338913,10697.51523692531,17.44089608554733,7853.0,0.0,28.052870714580752,20.95834101387601,32.97371007371007,19.2371862134201,0.13630731102850063,0.10326311441553077,0.09892606361007848,0.080545229244114,0.080545229244114,0.0735233374638579,0.06319702602230483,0.06753407682775713,0.05679471292854193,0.05390334572490706,0.04460966542750929,0.04626187525815779,0.03634861627426683,0.023130937629078894,0.017967781908302356,0.010326311441553077,0.006815365551425031,0.9199943288649867,0.023080078471632414,0.0,0.0,0.0,0.0,0.0,0.0,0.0,0.0,0.0,0.0,0.0,0.0,0.0,0.0,0.0,0.0,0.0,0.0,0.0,0.0,0.0,0.0,0.0,0.0,0.0,0.2973977695167287,5.371747211895912,15.978934324659235,7.676579925650559,0.6753407682775714,4.400387471746852,2.849441228810696,nan,nan,nan,4.390544041450777,2.857077153221333,4.41017385705087,2.841795417198823,1.0044709301204517,0.385,0.02184,0.0,0.0,0.0,0.0,0.0,0.0,0.0,0.0,0.0,0.1672862453531599,6.003717472118961,16.703841387856233,6.765799256505578,0.3593556381660472,0.0,0.0,0.0,0.0,0.0,0.0,0.0,0.0,0.0,0.0,0.0,0.0,0.0,0.0,0.0,0.0,nan,nan,4.400387471746852,2.849441228810696,nan,0.385,0.1005,0.0,0.0,0.0,0.0,0.0,0.0,0.0,0.0,0.0,0.0,0.0,0.0,0.0,0.0,0.0009809995869475424,4.130524576621231e-05,0.0,8.261049153242462e-05,0.004502271788517142,0.0023027674514663364,0.0031185460553490294,0.0030978934324659233,0.01967162329615861,0.016553077240809583,0.046086327963651384,0.02124122263527468,0.024979347377116892,0.037897562990499796,0.0192998760842627,0.04678851714167699,0.015024783147459727,0.015634035522511358,0.03705080545229244,0.022624948368442793,0.022738537794299876,0.011885584469227592,0.06625361420900454,0.02010532837670384,0.029636513837257333,0.08608013217678645,0.03158818669971086,0.021530359355638167,0.02553696819496076,0.045724907063197026,0.03935357290375878,0.047934737711689386,0.018711276332094177,0.022903758777364724,0.02755059892606361,0.00808550185873606,0.023007021891780256,0.006144155307724081,0.008632796365138373,0.0029016935150764146,0.002942998760842627,0.016253614209004542,0.023141263940520445,0.007755059892606361,0.0059995869475423375,0.012061131763733994,0.013940520446096654,0.005328376703841388,0.00029946303180503926,0.006330028913672036,0.00042337876910367617,0.0006299049979347377,4.130524576621231e-05,0.0,0.0,0.0,0.0008157786038826931,0.0007228418009087154,0.0,0.0,0.0,3.0978934324659233e-05,0.0,0.0,0.0,0.0,0.0,0.0,0.0,0.0,0.0,0.0,0.0,0.0,0.0,0.0,0.0,0.0,0.0,0.0,0.0,0.0,0.0,0.0,0.0,0.0,0.0,nan,nan,4.400387471746852,2.849441228810696,nan,0.9192199223001685,0.023118987510680193,0.0,0.0,0.0,0.0,0.0,0.0,0.0,0.0,0.0,0.0,0.0,0.0,0.0,0.0,0.0,0.0,0.0,0.0,0.0,0.0,0.0,0.0,0.0,0.0,0.0,0.3546677537708929,5.552384834896047,15.947818997146355,7.484712596820222,0.6604158173664902,0.9207894813570332,0.023012958665030957,0.0,0.0,0.0,0.0,0.0,0.0,0.0,0.0,0.0,0.0,0.0,0.0,0.0,0.0,0.0,0.0,0.0,0.0,0.0,0.0,0.0,0.0,0.0,0.0,0.0,0.23859355378819594,5.186270406027628,16.0108832147342,7.8735872750104665,0.6906655504395146,0.385,0.02165,0.0,0.0,0.0,0.0,0.0,0.0,0.0,0.0,0.0,0.1589889930697106,6.029351814105179,16.76722380758253,6.665307786384021,0.37912759885854064,0.0,0.0,0.0,0.0,0.0,0.0,0.0,0.0,0.0,0.0,0.0,0.0,0.0,0.0,0.0,0.0,0.3848,0.02205,0.0,0.0,0.0,0.0,0.0,0.0,0.0,0.0,0.0,0.17580577647551282,5.977396400167436,16.638760987861005,6.868982838007536,0.339053997488489,0.0,0.0,0.0,0.0,0.0,0.0,0.0,0.0,0.0,0.0,0.0,0.0,0.0,0.0,0.0,0.0
17400,4460,2340,0.5246636771300448,1070,939,0.45044843049327354,1229,0.5511210762331838,0.446,2.9660377358490564,3.1142971220828852,6.7103825136612025,2.2032228503636526,9345.36677410533,1420.5383305140826,7853.0,10755.158565163612,10697.425560901613,17.54677873370829,7853.0,0.0,27.668385650224216,20.846516535238315,32.67479239217787,19.10069751563384,0.14394618834080716,0.10067264573991032,0.09237668161434978,0.08744394618834081,0.0757847533632287,0.07600896860986547,0.07892376681614349,0.06502242152466367,0.054708520179372194,0.046860986547085204,0.042600896860986545,0.03968609865470852,0.031614349775784756,0.028026905829596414,0.02040358744394619,0.010089686098654708,0.005829596412556054,0.9194448025103642,0.022738625750391064,0.0,0.0,0.0,0.0,0.0,0.0,0.0,0.0,0.0,0.0,0.0,0.0,0.0,0.0,0.0,0.0,0.0,0.0,0.0,0.0,0.0,0.0,0.0,0.0,0.00672645739910314,0.22869955156950678,5.69730941704036,15.941704035874443,7.533632286995517,0.5919282511210764,4.256752016836198,2.9122594031393545,nan,nan,nan,4.269607843137255,2.8718181735833066,4.243851018973999,2.9522296083072304,0.9939674028366197,0.385,0.02173,0.0,0.0,0.0,0.0,0.0,0.0,0.0,0.0,0.0,0.1816143497757848,5.7578475336322885,16.701793721973072,6.934977578475338,0.42376681614349787,0.0,0.0,0.0,0.0,0.0,0.0,0.0,0.0,0.0,0.0,0.0,0.0,0.0,0.0,0.0,0.0,nan,nan,4.256752016836198,2.9122594031393545,nan,0.385,0.10095,0.0,0.0,0.0,0.0,0.0,0.0,0.0,0.0,0.0,0.0,0.0,0.0,0.0,0.0,0.0009192825112107623,0.0,4.484304932735426e-05,0.0,0.0037780269058295965,0.002017937219730942,0.003217488789237668,0.002556053811659193,0.020493273542600898,0.01570627802690583,0.04922645739910314,0.02336322869955157,0.024798206278026907,0.03584080717488789,0.018721973094170404,0.045605381165919286,0.015896860986547086,0.01757847533632287,0.036367713004484305,0.02102017937219731,0.024674887892376682,0.011726457399103139,0.0666255605381166,0.02039237668161435,0.027937219730941706,0.08595291479820628,0.031457399103139015,0.02211883408071749,0.025347533632286996,0.044338565022421526,0.03831838565022422,0.04532511210762332,0.018340807174887893,0.023408071748878923,0.02623318385650224,0.008643497757847533,0.025358744394618833,0.006580717488789238,0.008565022421524664,0.0026681614349775783,0.0019730941704035874,0.018172645739910315,0.02349775784753363,0.008239910313901345,0.006860986547085202,0.012130044843049328,0.014103139013452915,0.00554932735426009,0.0003139013452914798,0.005145739910313901,0.000616591928251121,0.0006390134529147982,2.242152466367713e-05,0.0,0.0,0.0,0.0007399103139013453,0.0007959641255605381,0.0,0.0,0.0,3.36322869955157e-05,0.0,0.0,0.0,0.0,0.0,0.0,0.0,0.0,0.0,0.0,0.0,0.0,0.0,0.0,0.0,0.0,0.0,0.0,0.0,0.0,0.0,0.0,0.0,0.0,0.0,nan,nan,4.256752016836198,2.9122594031393545,nan,0.9191360781335424,0.02274021069366483,0.0,0.0,0.0,0.0,0.0,0.0,0.0,0.0,0.0,0.0,0.0,0.0,0.0,0.0,0.0,0.0,0.0,0.0,0.0,0.0,0.0,0.0,0.0,0.0,0.012820512820512824,0.24358974358974364,5.6282051282051295,16.16666666666667,7.384615384615386,0.5641025641025642,0.9197855643225166,0.022732008697141565,0.0,0.0,0.0,0.0,0.0,0.0,0.0,0.0,0.0,0.0,0.0,0.0,0.0,0.0,0.0,0.0,0.0,0.0,0.0,0.0,0.0,0.0,0.0,0.0,0.0,0.2122641509433963,5.773584905660378,15.693396226415098,7.698113207547172,0.6226415094339623,0.3848,0.02191,0.0,0.0,0.0,0.0,0.0,0.0,0.0,0.0,0.0,0.217948717948718,5.833333333333335,16.43589743589741,7.102564102564104,0.41025641025641035,0.0,0.0,0.0,0.0,0.0,0.0,0.0,0.0,0.0,0.0,0.0,0.0,0.0,0.0,0.0,0.0,0.3853,0.02153,0.0,0.0,0.0,0.0,0.0,0.0,0.0,0.0,0.0,0.14150943396226418,5.674528301886793,16.9952830188679,6.750000000000002,0.438679245283019,0.0,0.0,0.0,0.0,0.0,0.0,0.0,0.0,0.0,0.0,0.0,0.0,0.0,0.0,0.0,0.0
17500,4792,2433,0.5077212020033389,1141,988,0.4442821368948247,1360,0.5676126878130217,0.414,2.956761339550657,3.1190582958783923,6.665171898355755,2.2500617846463666,9296.997074102395,1421.9197896993578,7853.0,10751.791383504868,10697.074796177016,17.059142212735143,7853.0,0.0,27.95575959933222,20.908361054506713,32.93063152660368,19.137309377049835,0.1419031719532554,0.09849749582637729,0.09348914858096828,0.08284641068447413,0.08347245409015025,0.0778380634390651,0.06615191986644407,0.06010016694490818,0.05926544240400668,0.05300500834724541,0.046953255425709516,0.04152754590984975,0.03380634390651085,0.027337228714524205,0.01669449081803005,0.010225375626043406,0.006886477462437396,0.9185022505650138,0.023164136300534863,0.0,0.0,0.0,0.0,0.0,0.0,0.0,0.0,0.0,0.0,0.0,0.0,0.0,0.0,0.0,0.0,0.0,0.0,0.0,0.0,0.0,0.0,0.0,0.0,0.006260434056761271,0.32554257095158606,6.016277128547581,15.738731218697833,7.362270450751254,0.5509181969949918,4.280452342487884,2.9100998082423764,nan,nan,nan,4.287371134020619,2.957803813362545,4.27349319507453,2.861298495579007,0.9967630656380628,0.3848,0.0213,0.0,0.0,0.0,0.0,0.0,0.0,0.0,0.0,0.0,0.25667779632721205,5.590567612687814,17.25375626043403,6.529632721202005,0.36936560934891494,0.0,0.0,0.0,0.0,0.0,0.0,0.0,0.0,0.0,0.0,0.0,0.0,0.0,0.0,0.0,0.0,nan,nan,4.280452342487884,2.9100998082423764,nan,0.3848,0.10095,0.0,0.0,0.0,0.0,0.0,0.0,0.0,0.0,0.0,0.0,0.0,0.0,0.0,0.0,0.0006260434056761269,1.0434056761268781e-05,0.0,3.130217028380634e-05,0.0037040901502504173,0.0022224540901502506,0.003777128547579299,0.0026919866444073456,0.020513355592654423,0.017090984974958263,0.05006260434056761,0.021389816360601003,0.025208681135225376,0.035924457429048415,0.018979549248747913,0.04617070116861436,0.015536310517529215,0.018896076794657764,0.03468280467445743,0.01926126878130217,0.02510434056761269,0.011060100166944907,0.06570325542570951,0.02304883138564274,0.02749373956594324,0.08681135225375626,0.03131260434056761,0.01959515859766277,0.025626043405676126,0.044323873121869785,0.038992070116861434,0.04380217028380634,0.01813439065108514,0.023925292153589316,0.025751252086811352,0.010454924874791318,0.02578255425709516,0.006364774624373956,0.008973288814691152,0.0029841402337228715,0.0019198664440734558,0.017518781302170282,0.024864357262103506,0.008743739565943239,0.007783806343906511,0.011592237061769615,0.01335559265442404,0.004601419031719532,0.0002712854757929883,0.004184056761268781,0.0005425709515859766,0.0006990818030050084,9.390651085141903e-05,0.0,0.0,0.0,0.000813856427378965,0.0009912353923205342,0.0,0.0,0.0,0.0,0.0,0.0,0.0,0.0,0.0,0.0,0.0,0.0,0.0,0.0,0.0,0.0,0.0,0.0,0.0,0.0,0.0,0.0,0.0,0.0,0.0,0.0,0.0,0.0,0.0,nan,nan,4.280452342487884,2.9100998082423764,nan,0.9188370361428079,0.022875633184502423,0.0,0.0,0.0,0.0,0.0,0.0,0.0,0.0,0.0,0.0,0.0,0.0,0.0,0.0,0.0,0.0,0.0,0.0,0.0,0.0,0.0,0.0,0.0,0.0,0.012330456226880398,0.2712700369913687,5.807644882860667,15.930949445129473,7.44759556103576,0.5302096177558571,0.9181569630233551,0.02345296723491479,0.0,0.0,0.0,0.0,0.0,0.0,0.0,0.0,0.0,0.0,0.0,0.0,0.0,0.0,0.0,0.0,0.0,0.0,0.0,0.0,0.0,0.0,0.0,0.0,0.0,0.38151759220008485,6.23145400593472,15.54048325561679,7.274268757948285,0.5722763883001273,0.3845,0.02106,0.0,0.0,0.0,0.0,0.0,0.0,0.0,0.0,0.0,0.2712700369913687,5.57336621454994,17.422934648581975,6.350184956843405,0.38224414303329235,0.0,0.0,0.0,0.0,0.0,0.0,0.0,0.0,0.0,0.0,0.0,0.0,0.0,0.0,0.0,0.0,0.385,0.02156,0.0,0.0,0.0,0.0,0.0,0.0,0.0,0.0,0.0,0.24162780839338707,5.608308605341247,17.079270877490437,6.714709622721494,0.35608308605341255,0.0,0.0,0.0,0.0,0.0,0.0,0.0,0.0,0.0,0.0,0.0,0.0,0.0,0.0,0.0,0.0
17600,4785,2507,0.5239289446185998,1194,979,0.4541274817136886,1338,0.5592476489028213,0.422,3.0333625987708515,3.0936129253246074,6.545592705167174,2.1639250821510876,9342.412637127803,1419.8161703128928,7853.0,10751.724615097046,10695.776014621675,17.553751215138107,7853.0,0.0,27.792685475444095,20.779231372324272,32.83337496877342,18.974639326555412,0.14273772204806687,0.09989550679205851,0.0896551724137931,0.08672936259143156,0.07899686520376176,0.07962382445141065,0.07063740856844306,0.062486938349007315,0.05788923719958203,0.05412748171368861,0.047439916405433644,0.0374085684430512,0.034273772204806686,0.024242424242424242,0.01671891327063741,0.009404388714733543,0.007732497387669801,0.9172728474112762,0.022988579696186826,0.0,0.0,0.0,0.0,0.0,0.0,0.0,0.0,0.0,0.0,0.0,0.0,0.0,0.0,0.0,0.0,0.0,0.0,0.0,0.0,0.0,0.0,0.0,0.0,0.0,0.4451410658307211,6.445141065830723,15.905956112852667,6.752351097178685,0.4514106583072101,4.275193798449612,2.9079068279545854,nan,nan,nan,4.323186528497409,2.8657041564609176,4.225660863958736,2.94862726889426,0.9774412545246874,0.3843,0.02153,0.0,0.0,0.0,0.0,0.0,0.0,0.0,0.0,0.0,0.25078369905956116,6.025078369905958,16.833855799373016,6.413793103448278,0.47021943573667724,0.00626959247648903,0.0,0.0,0.0,0.0,0.0,0.0,0.0,0.0,0.0,0.0,0.0,0.0,0.0,0.0,0.0,nan,nan,4.275193798449612,2.9079068279545854,nan,0.3843,0.10156,0.0,0.0,0.0,0.0,0.0,0.0,0.0,0.0,0.0,0.0,0.0,0.0,0.0,0.0,0.0011494252873563218,0.0,0.0,0.00011494252873563218,0.004566353187042843,0.002612330198537095,0.0032915360501567397,0.003051201671891327,0.020752351097178684,0.017377220480668757,0.05089864158829676,0.021828631138975967,0.024284221525600835,0.03493207941483804,0.018223615464994774,0.046917450365726227,0.01541274817136886,0.01993730407523511,0.034597701149425286,0.021745036572622778,0.025736677115987462,0.012037617554858934,0.06428422152560083,0.022988505747126436,0.026687565308254963,0.08450365726227795,0.03290491118077325,0.018934169278996864,0.02404388714733542,0.04330198537095089,0.03948798328108673,0.04355276907001045,0.019184952978056426,0.02213166144200627,0.02528735632183908,0.009644723092998955,0.026018808777429465,0.006332288401253918,0.00910135841170324,0.0026227795193312434,0.0020480668756530825,0.01785788923719958,0.025391849529780564,0.009059561128526647,0.00819226750261233,0.01199582027168234,0.012716823406478579,0.004043887147335423,0.00012539184952978057,0.004148380355276907,0.0009090909090909091,0.0009195402298850574,0.00017763845350052246,9.404388714733542e-05,0.0,0.0,0.0007628004179728318,0.0010658307210031348,0.0,0.0,0.0,0.0,1.044932079414838e-05,0.0,0.0,0.0,0.0,0.0,0.0,0.0,0.0,0.0,0.0,0.0,0.0,0.0,0.0,0.0,0.0,0.0,0.0,0.0,0.0,0.0,0.0,0.0,0.0,nan,nan,4.275193798449612,2.9079068279545854,nan,0.9170869732930168,0.023292492839470883,0.0,0.0,0.0,0.0,0.0,0.0,0.0,0.0,0.0,0.0,0.0,0.0,0.0,0.0,0.0,0.0,0.0,0.0,0.0,0.0,0.0,0.0,0.0,0.0,0.0,0.4906262465097727,6.342241723175111,16.071001196649384,6.653370562425211,0.44276027124052664,0.9174774068557348,0.02264763897999403,0.0,0.0,0.0,0.0,0.0,0.0,0.0,0.0,0.0,0.0,0.0,0.0,0.0,0.0,0.0,0.0,0.0,0.0,0.0,0.0,0.0,0.0,0.0,0.0,0.0,0.39508340649692725,6.558384547848992,15.724319578577703,6.861281826163303,0.4609306409130817,0.384,0.02165,0.0,0.0,0.0,0.0,0.0,0.0,0.0,0.0,0.0,0.29916234543278825,6.246509772636619,16.47786198643795,6.665337056242523,0.3111288392500998,0.0,0.0,0.0,0.0,0.0,0.0,0.0,0.0,0.0,0.0,0.0,0.0,0.0,0.0,0.0,0.0,0.3845,0.02141,0.0,0.0,0.0,0.0,0.0,0.0,0.0,0.0,0.0,0.19754170324846362,5.781387181738369,17.225636523265997,6.136962247585603,0.6453028972783144,0.013169446883230908,0.0,0.0,0.0,0.0,0.0,0.0,0.0,0.0,0.0,0.0,0.0,0.0,0.0,0.0,0.0
17700,4770,2461,0.5159329140461216,1122,978,0.44025157232704404,1340,0.5618448637316562,0.422,2.964919878735383,3.089551154480716,6.6046875,2.0882805193133778,9320.24540571804,1421.2668958231136,7853.0,10751.6812915802,10696.868584020745,17.36384574118949,7853.0,0.0,27.99664570230608,20.693692748426923,32.77394540942928,18.951662846100223,0.1348008385744235,0.09958071278825996,0.09958071278825996,0.08469601677148847,0.07505241090146751,0.07547169811320754,0.0729559748427673,0.0649895178197065,0.05828092243186583,0.056184486373165615,0.04465408805031446,0.03731656184486373,0.03773584905660377,0.029769392033542976,0.014255765199161425,0.00880503144654088,0.005870020964360587,0.9182464860020444,0.022934477483382672,0.0,0.0,0.0,0.0,0.0,0.0,0.0,0.0,0.0,0.0,0.0,0.0,0.0,0.0,0.0,0.0,0.0,0.0,0.0,0.0,0.0,0.0,0.0,0.0,0.00628930817610063,0.40251572327044033,5.9811320754717,15.937106918238996,7.201257861635222,0.4716981132075473,4.325032765399738,2.8467617146046855,nan,nan,nan,4.288473921442369,2.892221920753746,4.362908605737158,2.7983815152791496,1.0173569166230942,0.3848,0.02156,0.0,0.0,0.0,0.0,0.0,0.0,0.0,0.0,0.0,0.19496855345911954,6.100628930817612,16.597484276729535,6.754716981132077,0.3522012578616353,0.0,0.0,0.0,0.0,0.0,0.0,0.0,0.0,0.0,0.0,0.0,0.0,0.0,0.0,0.0,0.0,nan,nan,4.325032765399738,2.8467617146046855,nan,0.3848,0.1021,0.0,0.0,0.0,0.0,0.0,0.0,0.0,0.0,0.0,0.0,0.0,0.0,0.0,0.0,0.0006289308176100629,0.0,0.0,3.144654088050314e-05,0.0042452830188679245,0.002683438155136268,0.0024528301886792454,0.003846960167714885,0.021425576519916143,0.015744234800838575,0.05323899371069182,0.022033542976939203,0.02389937106918239,0.035429769392033544,0.01729559748427673,0.04738993710691824,0.013962264150943397,0.021781970649895177,0.035974842767295595,0.020408805031446542,0.025628930817610064,0.013354297693920335,0.06284067085953879,0.023134171907756813,0.026331236897274634,0.08646750524109015,0.029758909853249475,0.017767295597484276,0.02250524109014675,0.044371069182389936,0.040062893081761,0.04085953878406708,0.01990566037735849,0.02119496855345912,0.027515723270440252,0.009654088050314466,0.025628930817610064,0.006163522012578616,0.00960167714884696,0.0029559748427672957,0.0025366876310272536,0.01671907756813417,0.025031446540880502,0.009748427672955974,0.008951781970649894,0.012672955974842767,0.013448637316561846,0.004014675052410902,6.289308176100629e-05,0.004643605870020964,0.001090146750524109,0.000870020964360587,7.337526205450733e-05,0.0,0.0,0.0,0.0007442348008385745,0.0011530398322851154,0.0,0.0,0.0,0.0,6.289308176100629e-05,0.0,0.0,0.0,0.0,0.0,0.0,0.0,0.0,0.0,0.0,0.0,0.0,0.0,0.0,0.0,0.0,0.0,0.0,0.0,0.0,0.0,0.0,0.0,0.0,nan,nan,4.325032765399738,2.8467617146046855,nan,0.9185197644725848,0.02279794244210168,0.0,0.0,0.0,0.0,0.0,0.0,0.0,0.0,0.0,0.0,0.0,0.0,0.0,0.0,0.0,0.0,0.0,0.0,0.0,0.0,0.0,0.0,0.0,0.0,0.012190166598943522,0.4022754977651362,5.826899634295003,16.176351076798053,7.0824867939861855,0.4997968305566844,0.9179552177837681,0.023075548627045635,0.0,0.0,0.0,0.0,0.0,0.0,0.0,0.0,0.0,0.0,0.0,0.0,0.0,0.0,0.0,0.0,0.0,0.0,0.0,0.0,0.0,0.0,0.0,0.0,0.0,0.40277176266782166,6.145517540060633,15.682113469034217,7.327847553053271,0.44174967518406244,0.3845,0.02191,0.0,0.0,0.0,0.0,0.0,0.0,0.0,0.0,0.0,0.26818366517675746,6.070702966273874,16.554246241365274,6.753352295814711,0.3535148313693621,0.0,0.0,0.0,0.0,0.0,0.0,0.0,0.0,0.0,0.0,0.0,0.0,0.0,0.0,0.0,0.0,0.385,0.02118,0.0,0.0,0.0,0.0,0.0,0.0,0.0,0.0,0.0,0.11693373754872241,6.13252490255522,16.643568644434794,6.756171502815073,0.35080121264616726,0.0,0.0,0.0,0.0,0.0,0.0,0.0,0.0,0.0,0.0,0.0,0.0,0.0,0.0,0.0,0.0
17800,4817,2545,0.5283371392983185,1222,957,0.4523562383226074,1343,0.557608470002076,0.39399999999999996,3.070862676056338,3.072308674892253,6.451659451659451,2.024250735782004,9355.622237044843,1419.8038982109056,7853.0,10753.501770853996,10697.059456127707,17.922713088151436,7853.0,0.0,28.917583558231264,21.13410171938436,33.62399414776883,19.366586351358443,0.13037160058127464,0.09466472908449242,0.08947477683205314,0.08926717874195557,0.07909487232717459,0.07286692962424746,0.06850736973219847,0.06996055636288147,0.053975503425368485,0.050446335893709775,0.052937512974880634,0.04774756072244135,0.03404608677600166,0.026987751712684242,0.019929416649366826,0.011625493045463982,0.008096325513805272,0.9185285787624964,0.02326201012773775,0.0,0.0,0.0,0.0,0.0,0.0,0.0,0.0,0.0,0.0,0.0,0.0,0.0,0.0,0.0,0.0,0.0,0.0,0.0,0.0,0.0,0.0,0.0,0.0,0.0,0.34253684866099243,5.767074942910527,16.14905542869006,7.118538509445715,0.6227942702927134,4.212358845671267,2.8636536544526727,nan,nan,nan,4.1931034482758625,2.852104116633853,4.231155778894473,2.8758803189456206,1.0090749801639778,0.3853,0.02165,0.0,0.0,0.0,0.0,0.0,0.0,0.0,0.0,0.0,0.24911770811708536,5.592692547228567,16.684658501141765,7.099854681336933,0.37367656217562806,0.0,0.0,0.0,0.0,0.0,0.0,0.0,0.0,0.0,0.0,0.0,0.0,0.0,0.0,0.0,0.0,nan,nan,4.212358845671267,2.8636536544526727,nan,0.3853,0.1025,0.0,0.0,0.0,0.0,0.0,0.0,0.0,0.0,0.0,0.0,0.0,1.0379904504878555e-05,0.0,0.0,0.0005086153207390492,0.0,4.151961801951422e-05,0.00015569856757317833,0.0035291675316587085,0.002636495744239153,0.002242059373053768,0.004619057504670957,0.022275275067469378,0.014552626115839734,0.056238322607432015,0.02040689225659124,0.02449657463151339,0.03523977579406269,0.015569856757317833,0.046896408553041315,0.013275897861739673,0.021444882707079095,0.035135976749013906,0.020458791779115634,0.02692547228565497,0.014386547643761677,0.06082624039858833,0.022991488478306,0.028908034046086776,0.08517749636703342,0.029302470417272162,0.016337969690678845,0.023749221507162133,0.0452563836412705,0.039620095495121445,0.04104214241228981,0.020105875025949762,0.021579821465642517,0.025451525845962216,0.010826240398588333,0.02614697944778908,0.006072244135353955,0.008386962839941873,0.0032489101100269878,0.0021797799460244968,0.015414158189744655,0.025804442599128088,0.009819389661615113,0.00969483080755657,0.013545775378866514,0.014957442391529997,0.0034876479136391947,0.00023873780361220677,0.004619057504670957,0.0015466057712269048,0.0009549512144488271,1.0379904504878555e-05,0.0,0.0,2.075980900975711e-05,0.0004982354162341707,0.0010898899730122484,0.0,0.0,0.0,0.0,4.151961801951422e-05,0.0,0.0,0.0,0.0,0.0,0.0,0.0,0.0,0.0,0.0,0.0,0.0,0.0,0.0,0.0,0.0,0.0,0.0,0.0,0.0,0.0,0.0,0.0,0.0,nan,nan,4.212358845671267,2.8636536544526727,nan,0.9187905939248315,0.023293065949530175,0.0,0.0,0.0,0.0,0.0,0.0,0.0,0.0,0.0,0.0,0.0,0.0,0.0,0.0,0.0,0.0,0.0,0.0,0.0,0.0,0.0,0.0,0.0,0.0,0.0,0.3536345776031435,5.69351669941061,15.972495088408648,7.284872298624756,0.6954813359528489,0.9182350802641939,0.02322366337994626,0.0,0.0,0.0,0.0,0.0,0.0,0.0,0.0,0.0,0.0,0.0,0.0,0.0,0.0,0.0,0.0,0.0,0.0,0.0,0.0,0.0,0.0,0.0,0.0,0.0,0.33010563380281693,5.849471830985917,16.346830985915496,6.932218309859157,0.5413732394366199,0.3845,0.02168,0.0,0.0,0.0,0.0,0.0,0.0,0.0,0.0,0.0,0.2829076620825148,5.740667976424363,16.939096267190543,6.683693516699412,0.3536345776031435,0.0,0.0,0.0,0.0,0.0,0.0,0.0,0.0,0.0,0.0,0.0,0.0,0.0,0.0,0.0,0.0,0.386,0.02159,0.0,0.0,0.0,0.0,0.0,0.0,0.0,0.0,0.0,0.21126760563380287,5.426936619718312,16.399647887323923,7.566021126760565,0.39612676056338036,0.0,0.0,0.0,0.0,0.0,0.0,0.0,0.0,0.0,0.0,0.0,0.0,0.0,0.0,0.0,0.0
17900,4636,2399,0.5174719585849871,1095,940,0.4389559965487489,1277,0.5509059534081104,0.418,2.9803308001788107,3.152872582759225,6.785834738617201,2.140038695574718,9324.58202177047,1421.0811692208833,7853.0,10751.114915847778,10696.79085157478,17.24244825212008,7853.0,0.0,27.690897325280414,20.88292716744748,32.69623517276947,19.169355736127272,0.13934426229508196,0.1046160483175151,0.09534081104400345,0.08671268334771355,0.07894736842105263,0.07592752372735116,0.06967213114754098,0.061259706643658325,0.05823986194995686,0.04896462467644521,0.045944779982743746,0.04163071613459879,0.03386540120793788,0.023943054357204487,0.018550474547023296,0.009275237273511648,0.007765314926660914,0.9183244270636565,0.023247501443832266,0.0,0.0,0.0,0.0,0.0,0.0,0.0,0.0,0.0,0.0,0.0,0.0,0.0,0.0,0.0,0.0,0.0,0.0,0.0,0.0,0.0,0.0,0.0,0.0,0.0,0.3817946505608284,6.154012079378776,15.679465056082833,7.247627264883522,0.5371009490940467,4.383566314353904,2.9295331200581862,nan,nan,nan,4.4468517264725795,2.943507579809412,4.319368131868132,2.9138846539571257,0.9713317190574348,0.3853,0.02098,0.0,0.0,0.0,0.0,0.0,0.0,0.0,0.0,0.0,0.16177739430543575,5.312769628990511,17.336065573770465,6.801121656600519,0.38826574633304584,0.0,0.0,0.0,0.0,0.0,0.0,0.0,0.0,0.0,0.0,0.0,0.0,0.0,0.0,0.0,0.0,nan,nan,4.383566314353904,2.9295331200581862,nan,0.3853,0.1027,0.0,0.0,0.0,0.0,0.0,0.0,0.0,0.0,0.0,0.0,0.0,6.47109577221743e-05,0.0,0.0,0.0006255392579810181,0.0,7.549611734253667e-05,0.0003235547886108714,0.004508196721311476,0.0030198446937014668,0.003030629853321829,0.004874892148403797,0.022077221742881795,0.015153149266609146,0.054702329594477996,0.01965056082830026,0.0250862812769629,0.03237704918032787,0.015595340811044004,0.04801553062985332,0.013654012079378774,0.0214732528041415,0.03555867126833477,0.020534943917169975,0.02610008628127696,0.014570750647109576,0.06109792924935289,0.02242234685073339,0.02781492666091458,0.0831427955133736,0.0297886108714409,0.014959016393442623,0.02490293356341674,0.04554572907679034,0.04380931837791199,0.039150129421915446,0.019197584124245038,0.022713546160483176,0.024946074201898188,0.010612597066436583,0.02440681622088007,0.008013373597929248,0.009113459879206212,0.003526747195858499,0.0021031061259706644,0.013740293356341674,0.02725409836065574,0.009534081104400346,0.010375323554788611,0.01354616048317515,0.015433563416738568,0.0036669542709232097,8.628127696289905e-05,0.00457290767903365,0.0010569456427955133,0.0009167385677308024,0.0,0.0,0.0,0.0,0.0005608283002588438,0.00090595340811044,0.0,0.0,0.0,0.0,1.0785159620362381e-05,0.0,0.0,0.0,0.0,0.0,0.0,0.0,0.0,0.0,0.0,0.0,0.0,0.0,0.0,0.0,0.0,0.0,0.0,0.0,0.0,0.0,0.0,0.0,0.0,nan,nan,4.383566314353904,2.9295331200581862,nan,0.9175978222952728,0.023623663107205005,0.0,0.0,0.0,0.0,0.0,0.0,0.0,0.0,0.0,0.0,0.0,0.0,0.0,0.0,0.0,0.0,0.0,0.0,0.0,0.0,0.0,0.0,0.0,0.0,0.0,0.4626927886619426,6.565235514797834,15.356398499374743,7.05293872446853,0.5627344726969572,0.9191036513995314,0.022811510045668615,0.0,0.0,0.0,0.0,0.0,0.0,0.0,0.0,0.0,0.0,0.0,0.0,0.0,0.0,0.0,0.0,0.0,0.0,0.0,0.0,0.0,0.0,0.0,0.0,0.0,0.2950379973178364,5.713008493518106,16.02592758158248,7.456414841305321,0.509611086276263,0.3853,0.02092,0.0,0.0,0.0,0.0,0.0,0.0,0.0,0.0,0.0,0.10004168403501461,5.377240516882035,17.444768653605646,6.715298040850356,0.36265110462692796,0.0,0.0,0.0,0.0,0.0,0.0,0.0,0.0,0.0,0.0,0.0,0.0,0.0,0.0,0.0,0.0,0.3853,0.02104,0.0,0.0,0.0,0.0,0.0,0.0,0.0,0.0,0.0,0.22798390701832816,5.243629861421548,17.219490388913698,6.893160482789452,0.41573535985695137,0.0,0.0,0.0,0.0,0.0,0.0,0.0,0.0,0.0,0.0,0.0,0.0,0.0,0.0,0.0,0.0
18000,4769,2444,0.5124764101488781,1188,987,0.4560704550220172,1368,0.5737051792828686,0.38999999999999996,2.9178494623655915,3.02614480229139,6.439097744360902,2.0802629455856936,9310.29418236196,1421.428809388196,7853.0,10749.379333496094,10696.631733095002,17.570483467518574,7853.0,0.0,28.633885510589224,20.91032067211077,33.463462967550164,19.07874417417821,0.13629691759278675,0.08785908995596561,0.08576221430069197,0.09184315370098553,0.08639127699727406,0.07276158523799539,0.07339064793457747,0.0650031453134829,0.06059970643740826,0.054728454602642064,0.04403438876074649,0.04256657580205494,0.03229188509121409,0.027259383518557348,0.02075906898720906,0.013210316628223947,0.005242189138184106,0.9170252212465222,0.02277495601223422,0.0,0.0,0.0,0.0,0.0,0.0,0.0,0.0,0.0,0.0,0.0,0.0,0.0,0.0,0.0,0.0,0.0,0.0,0.0,0.0,0.0,0.0,0.0,0.0,0.006290626965820928,0.3585657370517929,6.586286433214512,15.978192493185157,6.57370517928287,0.4969595302998533,4.108502538071066,2.8338560107365134,nan,nan,nan,4.079623824451411,2.7955279753563183,4.138174807197943,2.873208888418339,1.0143520543231472,0.385,0.02206,0.0,0.0,0.0,0.0,0.0,0.0,0.0,0.0,0.0,0.22646257076955342,6.02642063325645,16.210945690920504,7.0203396938561555,0.5158314111973161,0.0,0.0,0.0,0.0,0.0,0.0,0.0,0.0,0.0,0.0,0.0,0.0,0.0,0.0,0.0,0.0,nan,nan,4.108502538071066,2.8338560107365134,nan,0.385,0.1032,0.0,0.0,0.0,0.0,0.0,0.0,0.0,0.0,0.0,0.0,0.0,0.00010484378276368212,0.0,0.0,0.00031453134829104634,2.0968756552736423e-05,0.00013629691759278674,0.00028307821346194173,0.004172782553994548,0.0027993289997903124,0.00457118892849654,0.004843782763682114,0.02427133570979241,0.015569301740406794,0.05561962675613336,0.018179911931222478,0.024019710631159572,0.03320402600125812,0.015495911092472217,0.04842734325854477,0.013503879219962257,0.02108408471377647,0.034483120150975044,0.021042147200671,0.02567624239882575,0.01500314531348291,0.061176347242608516,0.022834975885929965,0.028465087020339695,0.08020549381421682,0.031044244076326274,0.014877332774166491,0.023778569930803104,0.04358356049486265,0.0434367791989935,0.03846718389599497,0.01911302159781925,0.02384147620046131,0.02782553994548123,0.010065003145313483,0.02403019500943594,0.007989096246592577,0.00915286223526945,0.0036485636401761374,0.0019291256028517508,0.012707066470958272,0.028590899559656113,0.009582721744600545,0.011459425456070454,0.011826378695743342,0.015107989096246593,0.0031662822394632,0.00010484378276368212,0.004854267141958482,0.0014782973369679177,0.0010274690710840846,2.0968756552736423e-05,2.0968756552736423e-05,1.0484378276368211e-05,0.0,0.0007548752358985112,0.00099601593625498,0.0,0.0,0.0,0.0,0.0,0.0,0.0,0.0,0.0,0.0,0.0,0.0,0.0,0.0,0.0,0.0,0.0,0.0,0.0,0.0,0.0,0.0,0.0,0.0,0.0,0.0,0.0,0.0,0.0,nan,nan,4.108502538071066,2.8338560107365134,nan,0.9171243684576693,0.022859476880068636,0.0,0.0,0.0,0.0,0.0,0.0,0.0,0.0,0.0,0.0,0.0,0.0,0.0,0.0,0.0,0.0,0.0,0.0,0.0,0.0,0.0,0.0,0.0,0.0,0.0,0.3436988543371523,6.603927986906712,15.846972176759413,6.70212765957447,0.5032733224222586,0.9169209994039228,0.02268530248378351,0.0,0.0,0.0,0.0,0.0,0.0,0.0,0.0,0.0,0.0,0.0,0.0,0.0,0.0,0.0,0.0,0.0,0.0,0.0,0.0,0.0,0.0,0.0,0.0,0.012903225806451616,0.3741935483870969,6.567741935483872,16.11612903225807,6.438709677419356,0.4903225806451614,0.3855,0.02173,0.0,0.0,0.0,0.0,0.0,0.0,0.0,0.0,0.0,0.18412438625204589,5.891980360065468,16.21522094926348,7.180851063829789,0.5278232405891982,0.0,0.0,0.0,0.0,0.0,0.0,0.0,0.0,0.0,0.0,0.0,0.0,0.0,0.0,0.0,0.0,0.3845,0.02237,0.0,0.0,0.0,0.0,0.0,0.0,0.0,0.0,0.0,0.2709677419354839,6.167741935483873,16.206451612903205,6.851612903225808,0.503225806451613,0.0,0.0,0.0,0.0,0.0,0.0,0.0,0.0,0.0,0.0,0.0,0.0,0.0,0.0,0.0,0.0
18100,4603,2445,0.5311753204431893,1180,882,0.4479687160547469,1252,0.543993048012166,0.43,2.984244670991659,3.145046587042564,6.612012987012987,2.2506388356781075,9362.34512167927,1418.0542810612685,7853.0,10753.659842252731,10694.519670793323,17.71994182551619,7853.0,0.0,28.34738214208125,20.88723713663445,33.12057465366855,19.127474201957,0.13426026504453617,0.10036932435368238,0.0934173365196611,0.08255485552900282,0.080165109711058,0.07212687377797089,0.07125787529871823,0.0651748859439496,0.057788398870301974,0.05496415381273083,0.051053660656093854,0.04040842928524875,0.03801868346730393,0.024331957419074516,0.016945470345426896,0.010862480990658266,0.006300238974581794,0.9153623003921326,0.022885756521927963,0.0,0.0,0.0,0.0,0.0,0.0,0.0,0.0,0.0,0.0,0.0,0.0,0.0,0.0,0.0,0.0,0.0,0.0,0.0,0.0,0.0,0.0,0.0,0.0,0.0,0.5213990875515969,7.0454051705409535,15.967847056267654,6.074299369976104,0.39104931566369766,4.152202937249666,2.9666929134410926,nan,nan,nan,4.176391683433937,2.9992855159982312,4.127659574468085,2.9347388972017177,0.9883315281085459,0.383,0.02208,0.0,0.0,0.0,0.0,0.0,0.0,0.0,0.0,0.0,0.3845318270693027,6.510971105800566,16.384966326308906,6.380621333912667,0.332391918314143,0.006517488594394961,0.0,0.0,0.0,0.0,0.0,0.0,0.0,0.0,0.0,0.0,0.0,0.0,0.0,0.0,0.0,nan,nan,4.152202937249666,2.9666929134410926,nan,0.383,0.1034,0.0,0.0,0.0,0.0,0.0,0.0,0.0,0.0,0.0,0.0,0.0,0.0,0.0,0.0,0.0005322615685422551,0.0,0.0001303497718878992,0.00018466217684119052,0.004203780143384749,0.0035737562459265695,0.004616554421029763,0.005300890723441234,0.024201607647186617,0.016011296980230284,0.05562676515316098,0.01685857049750163,0.026352378883336955,0.03502063871388225,0.01597870953725831,0.04972843797523354,0.014240712578752987,0.022202911144905496,0.03582446230719096,0.022778622637410383,0.023962633065392137,0.01679339561155768,0.06230719096241582,0.023343471648924613,0.028155550727786225,0.08134912013903976,0.03190310666956333,0.01290462741690202,0.021757549424288508,0.041961764066912884,0.04122311535954812,0.03658483597653704,0.018640017379969585,0.022778622637410383,0.02650445361720617,0.009515533347816641,0.024462307190962415,0.0081468607429937,0.008950684336302412,0.003063219639365631,0.002161633717140995,0.011622854660004345,0.02851401260047795,0.009450358461872692,0.011568542255051054,0.010992830762546165,0.014631761894416685,0.0030740821203562893,0.0002606995437757984,0.0053226156854225505,0.002074733869215729,0.0008472735172713447,1.0862480990658266e-05,7.603736693460787e-05,0.0,2.1724961981316532e-05,0.0007603736693460786,0.0009341733651966109,0.0,0.0,0.0,0.0,0.0,0.0,0.0,0.0,0.0,0.0,0.0,0.0,0.0,0.0,0.0,0.0,0.0,0.0,0.0,0.0,0.0,0.0,0.0,0.0,0.0,0.0,0.0,0.0,0.0,nan,nan,4.152202937249666,2.9666929134410926,nan,0.9154608029773142,0.023099675292706588,0.0,0.0,0.0,0.0,0.0,0.0,0.0,0.0,0.0,0.0,0.0,0.0,0.0,0.0,0.0,0.0,0.0,0.0,0.0,0.0,0.0,0.0,0.0,0.0,0.0,0.5644171779141105,7.018404907975461,15.766871165644174,6.282208588957057,0.36809815950920255,0.9152506976021563,0.02264042798730756,0.0,0.0,0.0,0.0,0.0,0.0,0.0,0.0,0.0,0.0,0.0,0.0,0.0,0.0,0.0,0.0,0.0,0.0,0.0,0.0,0.0,0.0,0.0,0.0,0.0,0.4726598702502318,7.075996292863764,16.195551436515295,5.838739573679335,0.417052826691381,0.3833,0.0219,0.0,0.0,0.0,0.0,0.0,0.0,0.0,0.0,0.0,0.36809815950920255,6.319018404907977,16.466257668711634,6.552147239263805,0.294478527607362,0.0,0.0,0.0,0.0,0.0,0.0,0.0,0.0,0.0,0.0,0.0,0.0,0.0,0.0,0.0,0.0,0.3826,0.02226,0.0,0.0,0.0,0.0,0.0,0.0,0.0,0.0,0.0,0.4031510658016683,6.728452270620947,16.292863762743256,6.186283595922152,0.3753475440222429,0.0139017608897127,0.0,0.0,0.0,0.0,0.0,0.0,0.0,0.0,0.0,0.0,0.0,0.0,0.0,0.0,0.0
18200,4761,2484,0.5217391304347826,1208,958,0.4549464398235665,1347,0.5658475110270952,0.418,2.9877031181379006,3.084924148055646,6.50834597875569,2.145929589810944,9334.811804209756,1418.785531803789,7853.0,10763.278653621674,10693.13929140203,17.87376403291104,7853.0,0.0,28.32976265490443,20.866567179140606,33.1298411122145,19.09014764518008,0.136315900021004,0.09829867674858223,0.09199747952110901,0.08191556395715185,0.07918504515858013,0.07477420709934887,0.06784289014912834,0.06679269061121614,0.06994328922495274,0.05755093467758874,0.043478260869565216,0.03864734299516908,0.029825666876706573,0.023734509556815796,0.019743751312749424,0.011342155009451797,0.008611636210880068,0.9153203336012211,0.023072763729280597,0.0,0.0,0.0,0.0,0.0,0.0,0.0,0.0,0.0,0.0,0.0,0.0,0.0,0.0,0.0,0.0,0.0,0.0,0.0,0.0,0.0,0.0,0.0,0.0,0.006301197227473221,0.6049149338374292,7.006931316950222,15.897920604914937,6.149968494013864,0.3339634530560808,4.234746307000642,2.907225316291482,nan,nan,nan,4.1791426743442095,2.855648458714622,4.290780141843972,2.957234204988126,1.0267130069966517,0.3809,0.0221,0.0,0.0,0.0,0.0,0.0,0.0,0.0,0.0,0.0,0.4158790170132326,7.479521109010713,16.23188405797099,5.526149968494015,0.3465658475110272,0.0,0.0,0.0,0.0,0.0,0.0,0.0,0.0,0.0,0.0,0.0,0.0,0.0,0.0,0.0,0.0,nan,nan,4.234746307000642,2.907225316291482,nan,0.3809,0.1035,0.0,0.0,0.0,0.0,0.0,0.0,0.0,0.0,0.0,0.0,0.0,0.0,0.0,0.0,0.0006721277042638101,0.0,0.00024154589371980676,0.00023104389834068472,0.0047994118882587694,0.0031926065952530983,0.005387523629489603,0.005282503675698383,0.02743121193026675,0.016572148708254568,0.05723587481621508,0.017223272421760135,0.02923755513547574,0.03364839319470699,0.01529090527200168,0.04983196807393405,0.01379962192816635,0.023072883847931106,0.03312329342575089,0.02174963243016173,0.02402856542743121,0.017527830287754672,0.06346355807603445,0.02484772106700273,0.02731568998109641,0.078313379542113,0.03279773156899811,0.01373660995589162,0.021151018693551776,0.04106280193236715,0.04294265910522999,0.0346040747742071,0.018031926065952532,0.023881537492123503,0.0284078975005251,0.009168241965973534,0.021518588531821047,0.008034026465028356,0.008874186095358118,0.0030665826507036338,0.0018483511867254778,0.011888258769166141,0.027042638101239237,0.009535811804242806,0.0111531190926276,0.010323461457676958,0.014723797521529091,0.0023944549464398235,0.0004410838059231254,0.005545053560176433,0.0017748372190716235,0.0008506616257088847,4.2007981516488134e-05,3.15059861373661e-05,0.0,4.2007981516488134e-05,0.0008191556395715186,0.0007456416719176643,0.0,0.0,0.0,0.0,0.0,0.0,0.0,0.0,0.0,0.0,0.0,0.0,0.0,0.0,0.0,0.0,0.0,0.0,0.0,0.0,0.0,0.0,0.0,0.0,0.0,0.0,0.0,0.0,0.0,nan,nan,4.234746307000642,2.907225316291482,nan,0.9152345855070965,0.023386416792243847,0.0,0.0,0.0,0.0,0.0,0.0,0.0,0.0,0.0,0.0,0.0,0.0,0.0,0.0,0.0,0.0,0.0,0.0,0.0,0.0,0.0,0.0,0.0,0.0,0.0,0.5797101449275364,7.1859903381642525,15.59178743961353,6.268115942028987,0.3743961352657006,0.9154138769766297,0.02272529113540391,0.0,0.0,0.0,0.0,0.0,0.0,0.0,0.0,0.0,0.0,0.0,0.0,0.0,0.0,0.0,0.0,0.0,0.0,0.0,0.0,0.0,0.0,0.0,0.0,0.013175230566534918,0.632411067193676,6.8115942028985526,16.23188405797102,6.021080368906458,0.2898550724637682,0.381,0.02205,0.0,0.0,0.0,0.0,0.0,0.0,0.0,0.0,0.0,0.4468599033816426,7.4154589371980695,16.280193236714954,5.531400966183576,0.32608695652173925,0.0,0.0,0.0,0.0,0.0,0.0,0.0,0.0,0.0,0.0,0.0,0.0,0.0,0.0,0.0,0.0,0.3809,0.02213,0.0,0.0,0.0,0.0,0.0,0.0,0.0,0.0,0.0,0.3820816864295126,7.549407114624508,16.179183135704854,5.520421607378131,0.3689064558629777,0.0,0.0,0.0,0.0,0.0,0.0,0.0,0.0,0.0,0.0,0.0,0.0,0.0,0.0,0.0,0.0
18300,4854,2500,0.5150391429748661,1191,991,0.4495261639884631,1366,0.5628347754429337,0.426,3.0135938827527613,3.170834391349184,6.705089820359281,2.257689022534154,9315.879865314006,1419.5792805378912,7853.0,10750.236888170242,10693.327546493674,17.89087103894826,7853.0,0.0,28.090440873506388,21.025605362324058,33.14514145141452,19.237138426613512,0.14050267820354348,0.09620931190770499,0.09517923362175525,0.08879274824886692,0.07828594973217964,0.0718994643592913,0.06983930778739184,0.06036258755665431,0.061598681499793986,0.053976102183765966,0.048207663782447466,0.037906880922950144,0.0319324268644417,0.02843016069221261,0.01792336217552534,0.011948908117016894,0.007004532344458179,0.9158661380490011,0.02294414555288396,0.0,0.0,0.0,0.0,0.0,0.0,0.0,0.0,0.0,0.0,0.0,0.0,0.0,0.0,0.0,0.0,0.0,0.0,0.0,0.0,0.0,0.0,0.0,0.0,0.0,0.48825710754017315,6.85414091470952,16.143386897404206,6.106304079110014,0.40791100123609403,4.29955385595921,2.9471886213348157,nan,nan,nan,4.381957773512476,2.964167667509515,4.217777777777778,2.9279498458518094,0.9625327298389059,0.3806,0.02242,0.0,0.0,0.0,0.0,0.0,0.0,0.0,0.0,0.0,0.4449938195302844,7.77503090234858,16.02595797280591,5.475896168108778,0.2781211372064277,0.0,0.0,0.0,0.0,0.0,0.0,0.0,0.0,0.0,0.0,0.0,0.0,0.0,0.0,0.0,0.0,nan,nan,4.29955385595921,2.9471886213348157,nan,0.3806,0.10333,0.0,0.0,0.0,0.0,0.0,0.0,0.0,0.0,0.0,0.0,0.0,0.0,0.0,0.0,0.0007210548001648125,0.0,8.240626287597858e-05,0.00030902348578491963,0.004964977338277709,0.0025442933662958383,0.005026782035434693,0.005593325092707046,0.02792542233209724,0.017830655129789864,0.059301606922126084,0.01626493613514627,0.030284301606922127,0.03487845076225793,0.015358467243510508,0.04751751133086114,0.013504326328800989,0.02122991347342398,0.03411619283065513,0.021672847136382366,0.024474660074165638,0.01684177997527812,0.06296868562010713,0.02627729707457767,0.023836011536876804,0.07736918005768438,0.03414709517923362,0.013133498145859086,0.020158632056036258,0.04241862381540997,0.04217140502678204,0.03624845488257108,0.01795426452410383,0.024134734239802225,0.030799340749896993,0.009250103007828595,0.02234239802224969,0.008292130201895344,0.00827152863617635,0.0028636176349402555,0.0015554182117840955,0.010877626699629172,0.028213844252163164,0.009239802224969097,0.011444169756901525,0.009528224145035022,0.013782447466007416,0.0026060980634528223,0.0005356407086938607,0.005356407086938607,0.0018026370004120312,0.0006283477544293366,0.0,0.0,0.0,1.0300782859497322e-05,0.0006283477544293366,0.0006283477544293366,6.180469715698394e-05,0.0,2.0601565718994644e-05,0.0,0.0,0.0,0.0,0.0,0.0,0.0,0.0,0.0,0.0,0.0,0.0,0.0,0.0,0.0,0.0,0.0,0.0,0.0,0.0,0.0,0.0,0.0,0.0,0.0,0.0,nan,nan,4.29955385595921,2.9471886213348157,nan,0.9159209230184555,0.02334621830035545,0.0,0.0,0.0,0.0,0.0,0.0,0.0,0.0,0.0,0.0,0.0,0.0,0.0,0.0,0.0,0.0,0.0,0.0,0.0,0.0,0.0,0.0,0.0,0.0,0.0,0.5160000000000001,6.816000000000002,16.188000000000002,5.952000000000002,0.5280000000000001,0.9158079552012373,0.02250912676294486,0.0,0.0,0.0,0.0,0.0,0.0,0.0,0.0,0.0,0.0,0.0,0.0,0.0,0.0,0.0,0.0,0.0,0.0,0.0,0.0,0.0,0.0,0.0,0.0,0.0,0.4587935429056925,6.894647408666102,16.096006796941378,6.270178419711131,0.28037383177570097,0.3806,0.02223,0.0,0.0,0.0,0.0,0.0,0.0,0.0,0.0,0.0,0.3600000000000001,7.848000000000002,16.055999999999976,5.448000000000001,0.28800000000000003,0.0,0.0,0.0,0.0,0.0,0.0,0.0,0.0,0.0,0.0,0.0,0.0,0.0,0.0,0.0,0.0,0.3804,0.02258,0.0,0.0,0.0,0.0,0.0,0.0,0.0,0.0,0.0,0.5352591333899747,7.697536108751064,15.994052676295645,5.505522514868311,0.26762956669498733,0.0,0.0,0.0,0.0,0.0,0.0,0.0,0.0,0.0,0.0,0.0,0.0,0.0,0.0,0.0,0.0
18400,4932,2555,0.5180454176804542,1171,1017,0.44363341443633414,1394,0.5652879156528792,0.418,3.039124947412705,3.165692285780498,6.769115442278861,2.1294127049335576,9324.209098627363,1419.092447734887,7853.0,10755.267765522003,10692.923003690863,17.520574176822073,7853.0,0.0,27.265206812652067,20.546483161208048,32.21518680252305,18.84916847462776,0.14193025141930252,0.10604217356042174,0.09428223844282238,0.09022708840227088,0.08252230332522303,0.0770478507704785,0.06062449310624493,0.06285482562854826,0.05677210056772101,0.05535279805352798,0.04339010543390105,0.04359286293592863,0.03446877534468775,0.022303325223033254,0.017437145174371452,0.0062854825628548255,0.004866180048661801,0.9157505669394645,0.022951325016965254,0.0,0.0,0.0,0.0,0.0,0.0,0.0,0.0,0.0,0.0,0.0,0.0,0.0,0.0,0.0,0.0,0.0,0.0,0.0,0.0,0.0,0.0,0.0,0.0,0.0,0.4562043795620439,6.99513381995134,15.91240875912409,6.265206812652069,0.3710462287104624,4.409542106948447,2.938977826471887,nan,nan,nan,4.304798962386511,2.9523611083214205,4.511701454775459,2.922251383014876,1.0480632183283756,0.3796,0.02235,0.0,0.0,0.0,0.0,0.0,0.0,0.0,0.0,0.0,0.5413625304136254,8.156934306569344,15.693430656934282,5.364963503649636,0.24330900243309006,0.0,0.0,0.0,0.0,0.0,0.0,0.0,0.0,0.0,0.0,0.0,0.0,0.0,0.0,0.0,0.0,nan,nan,4.409542106948447,2.938977826471887,nan,0.3796,0.10297,0.0,0.0,0.0,0.0,0.0,0.0,0.0,0.0,0.0,0.0,0.0,0.0,0.0,0.0,0.0007502027575020276,0.0,1.0137875101378751e-05,0.0003142741281427413,0.004186942416869424,0.0023925385239253853,0.006072587185725872,0.006893755068937551,0.03004866180048662,0.015521086780210868,0.05879967558799676,0.014811435523114355,0.03259326845093268,0.03466139497161395,0.013746958637469586,0.05008110300081103,0.013980129764801298,0.021096918085969182,0.034732360097323604,0.02226277372262774,0.025871857258718572,0.01630170316301703,0.0641220600162206,0.026125304136253042,0.02183698296836983,0.07498986212489862,0.03578669910786699,0.012611516626115166,0.020255474452554746,0.04260948905109489,0.04279197080291971,0.037053933495539336,0.016342254663422547,0.023165044606650444,0.03295823195458232,0.00901257096512571,0.02264801297648013,0.008495539334955393,0.007370235198702352,0.0026358475263584752,0.0009529602595296025,0.009620843471208436,0.028051500405515004,0.009448499594484997,0.010654906731549067,0.010097323600973237,0.013574614760746147,0.0022607461476074615,0.0005575831305758313,0.004592457420924574,0.0018248175182481751,0.0009529602595296025,0.0,0.0,0.0,0.0,0.0006690997566909976,0.0006995133819951338,0.00010137875101378751,0.0,0.0,0.0,0.0,0.0,0.0,0.0,0.0,0.0,0.0,0.0,0.0,0.0,0.0,0.0,0.0,0.0,0.0,0.0,0.0,0.0,0.0,0.0,0.0,0.0,0.0,0.0,0.0,nan,nan,4.409542106948447,2.938977826471887,nan,0.9162451110240765,0.022647901548893814,0.0,0.0,0.0,0.0,0.0,0.0,0.0,0.0,0.0,0.0,0.0,0.0,0.0,0.0,0.0,0.0,0.0,0.0,0.0,0.0,0.0,0.0,0.0,0.0,0.0,0.38747553816046976,6.692759295499023,16.133072407045013,6.457925636007829,0.3287671232876713,0.9152189892633251,0.023261337494617902,0.0,0.0,0.0,0.0,0.0,0.0,0.0,0.0,0.0,0.0,0.0,0.0,0.0,0.0,0.0,0.0,0.0,0.0,0.0,0.0,0.0,0.0,0.0,0.0,0.0,0.5300799326882626,7.320151451409341,15.675220866638623,6.058056373580144,0.4164913756836349,0.3796,0.02231,0.0,0.0,0.0,0.0,0.0,0.0,0.0,0.0,0.0,0.5048923679060666,8.195694716242663,15.557729941291562,5.518590998043054,0.2230919765166341,0.0,0.0,0.0,0.0,0.0,0.0,0.0,0.0,0.0,0.0,0.0,0.0,0.0,0.0,0.0,0.0,0.3796,0.02242,0.0,0.0,0.0,0.0,0.0,0.0,0.0,0.0,0.0,0.5805637358014305,8.115271350441734,15.839293226756395,5.199831720656291,0.2650399663441313,0.0,0.0,0.0,0.0,0.0,0.0,0.0,0.0,0.0,0.0,0.0,0.0,0.0,0.0,0.0,0.0
18500,4808,2417,0.5027038269550749,1132,1030,0.4496672212978369,1445,0.60108153078203,0.3539999999999999,2.8774571309075703,2.9107090332542063,6.17966573816156,2.069752693291834,9280.542289543742,1419.9013953453873,7853.0,10757.004536628723,10692.72831118176,18.100830419816013,7853.0,0.0,29.023294509151416,21.217063106142575,34.03601381351751,19.31509005911999,0.13560732113144758,0.09712978369384359,0.0802828618968386,0.08485856905158069,0.07841098169717138,0.0754991680532446,0.06842762063227953,0.07113144758735442,0.05823627287853577,0.053452579034941765,0.048252911813643926,0.04367720465890183,0.0370216306156406,0.02745424292845258,0.021630615640599003,0.010815307820299502,0.008111480865224625,0.915111583451463,0.023380771556761604,0.0,0.0,0.0,0.0,0.0,0.0,0.0,0.0,0.0,0.0,0.0,0.0,0.0,0.0,0.0,0.0,0.0,0.0,0.0,0.0,0.0,0.0,0.0,0.0,0.0,0.5428452579034942,7.131863560732115,15.829866888519138,6.033693843594011,0.461730449251248,4.064042486722899,2.7169887549412657,nan,nan,nan,4.037841191066997,2.716630577001833,4.090623033354311,2.717093906578521,1.013071797475365,0.3806,0.02206,0.0,0.0,0.0,0.0,0.0,0.0,0.0,0.0,0.0,0.461730449251248,7.574875207986691,16.104409317803636,5.659317803660567,0.19966722129783698,0.0,0.0,0.0,0.0,0.0,0.0,0.0,0.0,0.0,0.0,0.0,0.0,0.0,0.0,0.0,0.0,nan,nan,4.064042486722899,2.7169887549412657,nan,0.3806,0.10333,0.0,0.0,0.0,0.0,0.0,0.0,0.0,0.0,0.0,0.0,0.0,0.0,0.0,1.0399334442595674e-05,0.0006863560732113145,0.0,3.119800332778702e-05,0.00033277870216306157,0.004346921797004992,0.0018926788685524126,0.006260399334442596,0.007237936772046589,0.027870216306156406,0.014923044925124793,0.057393926788685524,0.015214226289517472,0.03376663893510815,0.03442179700499168,0.013186356073211315,0.05122712146422629,0.015547004991680533,0.021620216306156407,0.03406821963394343,0.021235440931780366,0.026643094841930115,0.015214226289517472,0.06260399334442596,0.025634359400998338,0.021152246256239602,0.07247296173044925,0.03614808652246256,0.013591930116472545,0.02160981697171381,0.044561148086522465,0.04312603993344426,0.03781198003327787,0.01603577371048253,0.02223377703826955,0.03131239600665557,0.00910981697171381,0.02281613976705491,0.00879783693843594,0.007497920133111481,0.0034837770382695507,0.000956738768718802,0.01011855241264559,0.029242928452579035,0.00978577371048253,0.011075291181364393,0.00923460898502496,0.013529534109816973,0.00293261231281198,0.0005199667221297837,0.005262063227953411,0.001788685524126456,0.0008839434276206323,0.0,0.0,0.0,0.0,0.0005719633943427621,0.0008735440931780367,9.359400998336106e-05,0.0,0.0,0.0,0.0,0.0,0.0,0.0,0.0,0.0,0.0,0.0,0.0,0.0,0.0,0.0,0.0,0.0,0.0,0.0,0.0,0.0,0.0,0.0,0.0,0.0,0.0,0.0,0.0,nan,nan,4.064042486722899,2.7169887549412657,nan,0.9145930325092242,0.023320651919408332,0.0,0.0,0.0,0.0,0.0,0.0,0.0,0.0,0.0,0.0,0.0,0.0,0.0,0.0,0.0,0.0,0.0,0.0,0.0,0.0,0.0,0.0,0.0,0.0,0.0,0.5709557302441044,7.23624327678941,15.974348365742658,5.796441870086886,0.42201075713694675,0.915635773174337,0.023429726593307578,0.0,0.0,0.0,0.0,0.0,0.0,0.0,0.0,0.0,0.0,0.0,0.0,0.0,0.0,0.0,0.0,0.0,0.0,0.0,0.0,0.0,0.0,0.0,0.0,0.0,0.5144291091593477,7.026348808030114,15.683814303638648,6.273525721455459,0.5018820577164367,0.3809,0.02213,0.0,0.0,0.0,0.0,0.0,0.0,0.0,0.0,0.0,0.446834919321473,7.422424493173357,16.086057095573,5.796441870086886,0.24824162184526277,0.0,0.0,0.0,0.0,0.0,0.0,0.0,0.0,0.0,0.0,0.0,0.0,0.0,0.0,0.0,0.0,0.3804,0.022,0.0,0.0,0.0,0.0,0.0,0.0,0.0,0.0,0.0,0.4767879548306149,7.728983688833126,16.122961104140504,5.520702634880805,0.150564617314931,0.0,0.0,0.0,0.0,0.0,0.0,0.0,0.0,0.0,0.0,0.0,0.0,0.0,0.0,0.0,0.0
18600,4300,2256,0.5246511627906977,1053,871,0.4474418604651163,1186,0.5516279069767441,0.422,2.919765166340509,3.0546907792747575,6.477954144620811,2.1138138199998013,9343.119095471404,1418.4352608800846,7853.0,10750.766313433647,10693.209268850638,17.650038088050174,7853.0,0.0,28.280930232558138,21.10831774927682,33.269102990033225,19.34676876805496,0.13790697674418603,0.10162790697674419,0.09023255813953489,0.0869767441860465,0.0786046511627907,0.07604651162790697,0.06302325581395349,0.06651162790697675,0.057906976744186045,0.05558139534883721,0.04302325581395349,0.04232558139534884,0.032325581395348836,0.03,0.018837209302325582,0.012790697674418604,0.006279069767441861,0.9144600520161695,0.022647181545764377,0.0,0.0,0.0,0.0,0.0,0.0,0.0,0.0,0.0,0.0,0.0,0.0,0.0,0.0,0.0,0.0,0.0,0.0,0.0,0.0,0.0,0.0,0.0,0.0,0.0,0.516279069767442,7.297674418604653,15.997674418604655,5.867441860465118,0.32093023255813957,4.16284074605452,2.8901498909471406,nan,nan,nan,4.112223016440314,2.8660070509876356,4.213822894168467,2.9133755493831677,1.0247068014847358,0.3816,0.02196,0.0,0.0,0.0,0.0,0.0,0.0,0.0,0.0,0.0,0.3767441860465117,7.046511627906979,16.541860465116255,5.776744186046513,0.258139534883721,0.0,0.0,0.0,0.0,0.0,0.0,0.0,0.0,0.0,0.0,0.0,0.0,0.0,0.0,0.0,0.0,nan,nan,4.16284074605452,2.8901498909471406,nan,0.3816,0.10376,0.0,0.0,0.0,0.0,0.0,0.0,0.0,0.0,0.0,0.0,0.0,0.0,0.0,0.0,0.0005,0.0,1.1627906976744185e-05,0.0001744186046511628,0.0046395348837209305,0.0025813953488372093,0.0059069767441860465,0.008604651162790697,0.028174418604651162,0.013953488372093023,0.05655813953488372,0.01472093023255814,0.03374418604651163,0.03248837209302326,0.012151162790697674,0.05132558139534884,0.016546511627906976,0.021988372093023255,0.03248837209302326,0.021848837209302325,0.025046511627906977,0.014406976744186046,0.061430232558139536,0.02505813953488372,0.020965116279069766,0.07451162790697674,0.0376046511627907,0.012988372093023256,0.02230232558139535,0.043534883720930236,0.045430232558139536,0.03696511627906977,0.016372093023255815,0.02191860465116279,0.03133720930232558,0.009918604651162791,0.02413953488372093,0.00783720930232558,0.007720930232558139,0.0038488372093023254,0.0014186046511627907,0.00977906976744186,0.03016279069767442,0.008151162790697674,0.01122093023255814,0.009604651162790698,0.014430232558139534,0.0025930232558139536,0.0004883720930232558,0.005930232558139535,0.0018953488372093024,0.0010465116279069768,0.0,0.0,0.0,0.0,0.0006279069767441861,0.0007790697674418605,0.00012790697674418605,0.0,0.0,0.0,0.0,0.0,0.0,0.0,0.0,0.0,0.0,0.0,0.0,0.0,0.0,0.0,0.0,0.0,0.0,0.0,0.0,0.0,0.0,0.0,0.0,0.0,0.0,0.0,0.0,nan,nan,4.16284074605452,2.8901498909471406,nan,0.9146549870781865,0.02273426850145507,0.0,0.0,0.0,0.0,0.0,0.0,0.0,0.0,0.0,0.0,0.0,0.0,0.0,0.0,0.0,0.0,0.0,0.0,0.0,0.0,0.0,0.0,0.0,0.0,0.0,0.4654255319148937,7.32712765957447,15.704787234042556,6.143617021276597,0.3590425531914895,0.9142448986404796,0.02254871525554927,0.0,0.0,0.0,0.0,0.0,0.0,0.0,0.0,0.0,0.0,0.0,0.0,0.0,0.0,0.0,0.0,0.0,0.0,0.0,0.0,0.0,0.0,0.0,0.0,0.0,0.5724070450097849,7.265166340508808,16.32093933463797,5.5626223091976525,0.27886497064579263,0.3818,0.02203,0.0,0.0,0.0,0.0,0.0,0.0,0.0,0.0,0.0,0.41223404255319157,6.688829787234044,17.021276595744656,5.611702127659576,0.2659574468085107,0.0,0.0,0.0,0.0,0.0,0.0,0.0,0.0,0.0,0.0,0.0,0.0,0.0,0.0,0.0,0.0,0.3816,0.02188,0.0,0.0,0.0,0.0,0.0,0.0,0.0,0.0,0.0,0.33757338551859106,7.441291585127203,16.01272015655575,5.958904109589042,0.24951076320939342,0.0,0.0,0.0,0.0,0.0,0.0,0.0,0.0,0.0,0.0,0.0,0.0,0.0,0.0,0.0,0.0
18700,4267,2198,0.5151160065619873,1037,883,0.4499648464963675,1219,0.5713616123740333,0.414,2.925567907201547,3.064991006250246,6.541012216404886,2.1038841387561598,9316.048440543249,1419.522584088988,7853.0,10751.599993944168,10693.230980799835,17.602015025138623,7853.0,0.0,28.194281696742443,21.075332981799903,33.338284753363226,19.210676233877393,0.1441293648933677,0.09772674009842981,0.08741504569955472,0.08319662526365128,0.0824935551910007,0.07616592453714553,0.06538551675650339,0.06280759315678462,0.06210452308413405,0.053667682212327164,0.0435903445043356,0.04499648464963675,0.03116943988750879,0.02976329974220764,0.016639325052730254,0.010780407780642137,0.00796812749003984,0.9142960096400153,0.022568755932861617,0.0,0.0,0.0,0.0,0.0,0.0,0.0,0.0,0.0,0.0,0.0,0.0,0.0,0.0,0.0,0.0,0.0,0.0,0.0,0.0,0.0,0.0,0.0,0.0,0.0,0.47808764940239057,7.431450667916571,16.08624326224514,5.6878368877431456,0.3163815326927584,4.247838616714698,2.8701162649850622,nan,nan,nan,4.209665955934613,2.833341512133263,4.286549707602339,2.907903189753649,1.0182636229269781,0.382,0.02205,0.0,0.0,0.0,0.0,0.0,0.0,0.0,0.0,0.0,0.37262713850480444,6.7846262010780425,16.747129130536653,5.7511131942816975,0.3445043355987814,0.0,0.0,0.0,0.0,0.0,0.0,0.0,0.0,0.0,0.0,0.0,0.0,0.0,0.0,0.0,0.0,nan,nan,4.247838616714698,2.8701162649850622,nan,0.382,0.1032,0.0,0.0,0.0,0.0,0.0,0.0,0.0,0.0,0.0,0.0,0.0,0.0,0.0,0.0,0.0002226388563393485,0.0,0.0,0.0001874853527068198,0.0048160299976564335,0.0024958987579095384,0.005319896883056011,0.008483712209983596,0.027408014998828216,0.01463557534567612,0.05289430513241153,0.014951956878368878,0.03337239278181392,0.0329857042418561,0.013522381063979377,0.048511835012889616,0.01651042887274432,0.023646590110147643,0.033196625263651275,0.022990391375673776,0.025193344269978907,0.014869932036559643,0.06099132880243731,0.025662057651745958,0.0203655964377783,0.07522849777361143,0.037497070541363954,0.015842512303726273,0.022170142957581438,0.04356690883524725,0.04626201078040778,0.03549332083430982,0.017518162643543472,0.020389032106866652,0.03059526599484415,0.011026482306069839,0.023670025779235996,0.007194750410124209,0.008261073353644247,0.004042652917740802,0.0014530114834778534,0.010780407780642137,0.03041949847668151,0.007358800093742676,0.011213967658776658,0.009971877197093977,0.013780173423951254,0.002120928052495899,0.0003749707054136396,0.006022966955706585,0.002027185376142489,0.0006679165690180454,0.0,0.0,0.0,0.0,0.0007499414108272792,0.0009374267635340989,0.0001288961799859386,0.0,0.0,0.0,0.0,0.0,0.0,0.0,0.0,0.0,0.0,0.0,0.0,0.0,0.0,0.0,0.0,0.0,0.0,0.0,0.0,0.0,0.0,0.0,0.0,0.0,0.0,0.0,0.0,nan,nan,4.247838616714698,2.8701162649850622,nan,0.9141301476651695,0.022586035473239712,0.0,0.0,0.0,0.0,0.0,0.0,0.0,0.0,0.0,0.0,0.0,0.0,0.0,0.0,0.0,0.0,0.0,0.0,0.0,0.0,0.0,0.0,0.0,0.0,0.0,0.47770700636942687,7.616014558689719,15.887170154686082,5.732484076433122,0.2866242038216561,0.9144722129366374,0.022549048078766853,0.0,0.0,0.0,0.0,0.0,0.0,0.0,0.0,0.0,0.0,0.0,0.0,0.0,0.0,0.0,0.0,0.0,0.0,0.0,0.0,0.0,0.0,0.0,0.0,0.0,0.47849202513291456,7.235379410343163,16.297728371193816,5.640405993233447,0.3479942000966651,0.3823,0.02211,0.0,0.0,0.0,0.0,0.0,0.0,0.0,0.0,0.0,0.36851683348498643,6.810737033666972,16.56960873521381,5.909918107370339,0.3412192902638763,0.0,0.0,0.0,0.0,0.0,0.0,0.0,0.0,0.0,0.0,0.0,0.0,0.0,0.0,0.0,0.0,0.382,0.02199,0.0,0.0,0.0,0.0,0.0,0.0,0.0,0.0,0.0,0.37699371677138727,6.7568873852102485,16.935717738037674,5.582406959884003,0.3479942000966651,0.0,0.0,0.0,0.0,0.0,0.0,0.0,0.0,0.0,0.0,0.0,0.0,0.0,0.0,0.0,0.0
18800,4172,2156,0.5167785234899329,1035,842,0.4499041227229147,1161,0.5565675934803451,0.414,2.9875992063492065,3.131278611705824,6.622340425531915,2.1323905734806936,9320.980216352731,1419.5742569724848,7853.0,10750.05031967163,10693.637042033208,17.485823815468528,7853.0,0.0,27.994487056567593,20.888284740641403,33.01973684210526,19.084657523549115,0.14165867689357622,0.10091083413231064,0.08676893576222436,0.08341323106423777,0.08413231064237775,0.07526366251198466,0.06951102588686481,0.06423777564717162,0.05536912751677853,0.05920421860019175,0.04674017257909875,0.0400287631831256,0.032837967401725794,0.023729626078619368,0.018696069031639503,0.01174496644295302,0.005752636625119847,0.9139619341775532,0.02277083390594867,0.0,0.0,0.0,0.0,0.0,0.0,0.0,0.0,0.0,0.0,0.0,0.0,0.0,0.0,0.0,0.0,0.0,0.0,0.0,0.0,0.0,0.0,0.0,0.0,0.00719079578139981,0.4961649089165869,7.665388302972198,15.87727708533078,5.594439117929052,0.35953978906999046,4.242233727810651,2.9182866181388003,nan,nan,nan,4.292988929889299,2.961335516362146,4.191252779836916,2.8734949369294163,0.9763017907304489,0.3828,0.02158,0.0,0.0,0.0,0.0,0.0,0.0,0.0,0.0,0.0,0.23010546500479392,6.701821668264623,16.64669223394053,6.097794822627039,0.3235858101629914,0.0,0.0,0.0,0.0,0.0,0.0,0.0,0.0,0.0,0.0,0.0,0.0,0.0,0.0,0.0,0.0,nan,nan,4.242233727810651,2.9182866181388003,nan,0.3828,0.1032,0.0,0.0,0.0,0.0,0.0,0.0,0.0,0.0,0.0,0.0,0.0,0.0,0.0,0.0,0.0003595397890699904,0.0,0.0,0.00014381591562799616,0.004865771812080537,0.0022651006711409396,0.004769894534995206,0.008077660594439118,0.027732502396931927,0.0161673058485139,0.05103068072866731,0.01466922339405561,0.03246644295302013,0.032682166826462127,0.011948705656759349,0.05035953978906999,0.016718600191754553,0.026042665388302973,0.032130872483221475,0.022039789069990413,0.02443672099712368,0.015136625119846597,0.06164908916586769,0.024928092042186004,0.022171620325982744,0.07168024928092043,0.03848274209012464,0.016646692233940556,0.021919942473633748,0.044954458293384465,0.046931927133269415,0.0348993288590604,0.015771812080536914,0.020325982742090125,0.03071668264621285,0.012284276126558006,0.022651006711409395,0.007346596356663471,0.008065675934803451,0.004014860977948226,0.0018456375838926174,0.01102588686481304,0.03402444870565676,0.006723394055608821,0.011349472674976031,0.00925215723873442,0.014333652924256951,0.00137823585810163,0.00013183125599232982,0.006411792905081495,0.0018815915627996165,0.0006351869606903164,8.389261744966443e-05,1.1984659635666346e-05,0.0,0.0,0.0005393096836049856,0.0007070949185043145,0.0001797698945349952,0.0,0.0,0.0,0.0,0.0,0.0,0.0,0.0,0.0,0.0,0.0,0.0,0.0,0.0,0.0,0.0,0.0,0.0,0.0,0.0,0.0,0.0,0.0,0.0,0.0,0.0,0.0,0.0,nan,nan,4.242233727810651,2.9182866181388003,nan,0.9141264386433617,0.02275601226040007,0.0,0.0,0.0,0.0,0.0,0.0,0.0,0.0,0.0,0.0,0.0,0.0,0.0,0.0,0.0,0.0,0.0,0.0,0.0,0.0,0.0,0.0,0.0,0.0,0.013914656771799632,0.4591836734693879,7.625231910946199,15.918367346938778,5.66326530612245,0.3200371057513915,0.913786005790508,0.02278535994145105,0.0,0.0,0.0,0.0,0.0,0.0,0.0,0.0,0.0,0.0,0.0,0.0,0.0,0.0,0.0,0.0,0.0,0.0,0.0,0.0,0.0,0.0,0.0,0.0,0.0,0.5357142857142858,7.708333333333335,15.833333333333337,5.520833333333334,0.4017857142857144,0.383,0.02122,0.0,0.0,0.0,0.0,0.0,0.0,0.0,0.0,0.0,0.18089053803339522,6.595547309833026,16.69758812615953,6.233766233766236,0.29220779220779225,0.0,0.0,0.0,0.0,0.0,0.0,0.0,0.0,0.0,0.0,0.0,0.0,0.0,0.0,0.0,0.0,0.3823,0.02194,0.0,0.0,0.0,0.0,0.0,0.0,0.0,0.0,0.0,0.2827380952380953,6.8154761904761925,16.59226190476188,5.952380952380953,0.3571428571428572,0.0,0.0,0.0,0.0,0.0,0.0,0.0,0.0,0.0,0.0,0.0,0.0,0.0,0.0,0.0,0.0
18900,4223,2140,0.5067487568079564,1023,865,0.4470755387165522,1217,0.5763675112479281,0.41,3.0355256841094573,3.133098903178508,6.561290322580645,2.2298093972290243,9292.195400627168,1419.9533088103294,7853.0,10754.954561591148,10693.057091985294,17.415464213788766,7853.0,0.0,28.26545110111295,20.894372725285447,33.278827177896815,19.031062702735486,0.14065829978688135,0.0954297892493488,0.08998342410608572,0.08808903623016813,0.07956429078853895,0.07032914989344068,0.06890835898650248,0.06251479990528061,0.06133080748283211,0.055884442339569025,0.05280606204120294,0.040729339332228276,0.03646696661141369,0.02273265451101113,0.018233483305706844,0.010419133317546767,0.005919962112242482,0.9132053408751464,0.023233231565924668,0.0,0.0,0.0,0.0,0.0,0.0,0.0,0.0,0.0,0.0,0.0,0.0,0.0,0.0,0.0,0.0,0.0,0.0,0.0,0.0,0.0,0.0,0.0,0.0,0.0,0.667771726260952,7.9493251243192065,15.607388112716082,5.427421264503908,0.348093772199858,4.341232227488152,2.8822186482844785,nan,nan,nan,4.3192111029948865,2.909080610525029,4.361252731245448,2.855186390853132,1.0097336358997155,0.383,0.02153,0.0,0.0,0.0,0.0,0.0,0.0,0.0,0.0,0.0,0.3836135448733129,6.350935354013736,16.630357565711556,6.400663035756573,0.23443049964480234,0.0,0.0,0.0,0.0,0.0,0.0,0.0,0.0,0.0,0.0,0.0,0.0,0.0,0.0,0.0,0.0,nan,nan,4.341232227488152,2.8822186482844785,nan,0.383,0.10236,0.0,0.0,0.0,0.0,0.0,0.0,0.0,0.0,0.0,0.0,0.0,0.0,0.0,0.0,0.0006748756807956429,0.0,0.0,0.00021311863604072935,0.004878048780487805,0.0022022259057542033,0.0050911674165285345,0.007317073170731708,0.026497750414397347,0.017570447549135684,0.04989344068197964,0.01455126687189202,0.031044281316599573,0.032334833057068434,0.010845370589628226,0.04990528060620412,0.016729812929197254,0.027089746625621598,0.03141131896755861,0.02032914989344068,0.024496803220459388,0.013308074828321099,0.06264503907174994,0.025633435946009947,0.022176178072460338,0.06979635330333886,0.04133317546767701,0.017973004972768176,0.02144210277054227,0.04957376272791854,0.049704001894387874,0.03531849396163864,0.015344541794932512,0.02063698792327729,0.030689083589865024,0.011910963769831874,0.02254321572341937,0.008157707790670139,0.007435472412976557,0.0042150130239166465,0.001977267345488989,0.010466493014444708,0.030996921619701634,0.006429078853895335,0.012645039071749941,0.009353540137343122,0.013686952403504617,0.0011958323466729813,0.0002723182571631542,0.006855316125976793,0.0015747099218565,0.0004854368932038835,4.735969689793985e-05,0.0,0.0,0.0,0.0005209566658773383,0.0004143973478569737,0.00016575893914278948,0.0,0.0,0.0,0.0,0.0,0.0,0.0,0.0,0.0,0.0,0.0,0.0,0.0,0.0,0.0,0.0,0.0,0.0,0.0,0.0,0.0,0.0,0.0,0.0,0.0,0.0,0.0,0.0,nan,nan,4.341232227488152,2.8822186482844785,nan,0.9132562322315768,0.02368596016041185,0.0,0.0,0.0,0.0,0.0,0.0,0.0,0.0,0.0,0.0,0.0,0.0,0.0,0.0,0.0,0.0,0.0,0.0,0.0,0.0,0.0,0.0,0.0,0.0,0.0,0.7850467289719628,7.920560747663553,15.420560747663554,5.551401869158879,0.3224299065420561,0.9131530569083863,0.022758618807905123,0.0,0.0,0.0,0.0,0.0,0.0,0.0,0.0,0.0,0.0,0.0,0.0,0.0,0.0,0.0,0.0,0.0,0.0,0.0,0.0,0.0,0.0,0.0,0.0,0.0,0.5472875660105618,7.978876620259244,15.799327892462797,5.30004800768123,0.3744599135861739,0.3828,0.02159,0.0,0.0,0.0,0.0,0.0,0.0,0.0,0.0,0.0,0.37850467289719636,6.448598130841123,16.528037383177548,6.434579439252338,0.21028037383177575,0.0,0.0,0.0,0.0,0.0,0.0,0.0,0.0,0.0,0.0,0.0,0.0,0.0,0.0,0.0,0.0,0.3833,0.02145,0.0,0.0,0.0,0.0,0.0,0.0,0.0,0.0,0.0,0.3888622179548729,6.250600096015364,16.735477676428204,6.365818530964956,0.2592414786365819,0.0,0.0,0.0,0.0,0.0,0.0,0.0,0.0,0.0,0.0,0.0,0.0,0.0,0.0,0.0,0.0
19000,4117,2056,0.4993927617196988,923,870,0.4355112946320136,1156,0.5615739616225407,0.426,2.9490538573508007,3.059625060276507,6.4567474048442905,2.0366107120043955,9270.889486956574,1419.6641821077935,7853.0,10753.764848947525,10692.227148735512,17.13710839249032,7853.0,0.0,28.136507165411707,21.224131451808873,33.1928095100029,19.481230654990743,0.14063638571775564,0.10274471702696138,0.09715812484819043,0.08234151080884139,0.07796939519067282,0.06946805926645616,0.06922516395433569,0.06023803740587807,0.060966723342239494,0.05319407335438426,0.042506679621083315,0.04153509837260141,0.03521982025746903,0.026475589021131892,0.021374787466601895,0.012630556230264756,0.006315278115132378,0.9137889214560393,0.02246619347339014,0.0,0.0,0.0,0.0,0.0,0.0,0.0,0.0,0.0,0.0,0.0,0.0,0.0,0.0,0.0,0.0,0.0,0.0,0.0,0.0,0.0,0.0,0.0,0.0,0.0,0.5683750303619142,7.337867379159584,16.32985183385961,5.49429196016517,0.2696137964537285,4.358169440242057,2.7984362893752692,nan,nan,nan,4.340393343419062,2.825058471468761,4.375945537065053,2.7714443860432985,1.0081910073196236,0.3813,0.02153,0.0,0.0,0.0,0.0,0.0,0.0,0.0,0.0,0.007286859363614284,0.39349040563517135,6.798639786252127,17.10954578576631,5.414136507165413,0.2769006558173428,0.0,0.0,0.0,0.0,0.0,0.0,0.0,0.0,0.0,0.0,0.0,0.0,0.0,0.0,0.0,0.0,nan,nan,4.358169440242057,2.7984362893752692,nan,0.3813,0.10114,0.0,0.0,0.0,0.0,0.0,0.0,0.0,0.0,0.0,0.0,0.0,0.0,0.0,0.0,0.000680106873937333,0.0,1.2144765606023803e-05,0.00015788195287830945,0.00558659217877095,0.0016152538256011659,0.005963079912557688,0.007274714598008258,0.024532426524168083,0.019528783094486277,0.05187029390332767,0.014986640757833373,0.0314792324508137,0.031357784794753464,0.010359485061938305,0.04696380859849405,0.016966237551615256,0.030726256983240222,0.030665533155210103,0.018872965751760992,0.02579548214719456,0.012654845761476803,0.06315278115132378,0.025370415350983725,0.02611124605295118,0.06730629098858391,0.04074568860820986,0.018787952392518823,0.02305076512023318,0.048469759533641,0.05143308234151081,0.03814670876852077,0.014427981539956279,0.0215812484819043,0.02957250425066796,0.010930289045421423,0.024629584649016274,0.007869808112703425,0.007165411707554044,0.0038498906971095458,0.0016273985912071897,0.009327179985426282,0.02777507894097644,0.0062909885839203305,0.012922030604809327,0.00852562545542871,0.013152781151323779,0.0011173184357541898,6.072382803011902e-05,0.005695895069225164,0.0015180957007529755,0.00026718484333252367,1.2144765606023803e-05,0.0,0.0,4.8579062424095214e-05,0.0005465144522710712,0.0003157639057566189,0.00014573718727228565,0.0,0.0,0.0,0.0,0.0,0.0,0.0,0.0,0.0,0.0,0.0,0.0,0.0,0.0,0.0,0.0,0.0,0.0,0.0,0.0,0.0,0.0,0.0,0.0,0.0,0.0,0.0,0.0,nan,nan,4.358169440242057,2.7984362893752692,nan,0.9133976882011974,0.02226512988593513,0.0,0.0,0.0,0.0,0.0,0.0,0.0,0.0,0.0,0.0,0.0,0.0,0.0,0.0,0.0,0.0,0.0,0.0,0.0,0.0,0.0,0.0,0.0,0.0,0.0,0.5544747081712064,7.558365758754865,16.225680933852143,5.398832684824904,0.2626459143968872,0.9141792055763475,0.02265826243538975,0.0,0.0,0.0,0.0,0.0,0.0,0.0,0.0,0.0,0.0,0.0,0.0,0.0,0.0,0.0,0.0,0.0,0.0,0.0,0.0,0.0,0.0,0.0,0.0,0.0,0.5822416302765648,7.117903930131006,16.433770014556043,5.589519650655022,0.27656477438136834,0.3813,0.02145,0.0,0.0,0.0,0.0,0.0,0.0,0.0,0.0,0.014591439688715957,0.39396887159533084,6.887159533073932,17.159533073929936,5.26750972762646,0.2772373540856032,0.0,0.0,0.0,0.0,0.0,0.0,0.0,0.0,0.0,0.0,0.0,0.0,0.0,0.0,0.0,0.0,0.3816,0.02162,0.0,0.0,0.0,0.0,0.0,0.0,0.0,0.0,0.0,0.3930131004366813,6.710334788937411,17.059679767103322,5.560407569141194,0.27656477438136834,0.0,0.0,0.0,0.0,0.0,0.0,0.0,0.0,0.0,0.0,0.0,0.0,0.0,0.0,0.0,0.0
19100,4411,2310,0.5236907730673317,1103,882,0.4500113352981183,1218,0.5522557243255498,0.422,2.9985721085197525,3.0932666826939488,6.584615384615384,2.12516928977215,9340.014542111436,1418.2058504568215,7853.0,10750.174610614777,10692.48967326993,17.35020291834024,7853.0,0.0,28.238494672409885,20.936210094758263,33.15231431646932,19.143190182968233,0.1371571072319202,0.09725685785536159,0.09544321015642711,0.08297438222625254,0.08025391067785083,0.06937202448424394,0.07458626161868057,0.06642484697347541,0.06030378598957153,0.05032872364543187,0.0507821355701655,0.04330083881206076,0.02901836318295171,0.024484243935615508,0.02040353661301292,0.00974835638177284,0.00816141464520517,0.9151134507452325,0.02296718624556097,0.0,0.0,0.0,0.0,0.0,0.0,0.0,0.0,0.0,0.0,0.0,0.0,0.0,0.0,0.0,0.0,0.0,0.0,0.0,0.0,0.0,0.0,0.0,0.0,0.0,0.6121060983903878,6.978009521650421,16.03717977782816,6.039446837451827,0.3332577646792111,4.323189926547744,2.915468299731636,nan,nan,nan,4.313236313236313,2.83997027724205,4.3356890459363955,2.9901543625351743,1.0052055419804335,0.3806,0.02179,0.0,0.0,0.0,0.0,0.0,0.0,0.0,0.0,0.0,0.2992518703241896,7.773747449557925,16.63568351847651,4.985264112446158,0.29245069145318525,0.013602357742008618,0.0,0.0,0.0,0.0,0.0,0.0,0.0,0.0,0.0,0.0,0.0,0.0,0.0,0.0,0.0,nan,nan,4.323189926547744,2.915468299731636,nan,0.3806,0.10077,0.0,0.0,0.0,0.0,0.0,0.0,0.0,0.0,0.0,0.0,0.0,0.0,0.0,0.0,0.0007481296758104738,0.0,0.0,0.00017002947177510768,0.0052142371344366355,0.0012242121967807754,0.006121060983903877,0.007719338018589889,0.023101337565177963,0.021729766492858762,0.05147358875538427,0.015461346633416459,0.03163681704828837,0.031557469961459986,0.011085921559737021,0.04776694627068692,0.016107458626161867,0.030174563591022444,0.03366583541147132,0.019825436408977555,0.025334391294491044,0.011992745409204262,0.06233280435275448,0.025300385400136023,0.02679664475175697,0.0684652006347767,0.04060303785989572,0.019133983223758786,0.022205849013829063,0.046576739968261165,0.05273180684652006,0.036306959873044664,0.013602357742008615,0.020278848333711175,0.03317841759238268,0.010938562684198594,0.023328043527544775,0.007798685105418273,0.0077306733167082295,0.003491271820448878,0.00132622987984584,0.010575833144411698,0.02760145091815915,0.006449784629335751,0.010439809566991611,0.008898209022897303,0.011641351167535707,0.0011902063024257538,0.00010201768306506462,0.006347766946270687,0.0012695533892541375,0.00010201768306506462,0.0,0.0,2.2670596236681024e-05,5.667649059170256e-05,0.0006687825889820902,0.00014735887553842667,0.00024937655860349125,0.0,0.0,0.0,0.0,0.0,0.0,0.0,0.0,0.0,0.0,0.0,0.0,0.0,0.0,0.0,0.0,0.0,0.0,0.0,0.0,0.0,0.0,0.0,0.0,0.0,0.0,0.0,0.0,nan,nan,4.323189926547744,2.915468299731636,nan,0.9148563648973193,0.02243245375046436,0.0,0.0,0.0,0.0,0.0,0.0,0.0,0.0,0.0,0.0,0.0,0.0,0.0,0.0,0.0,0.0,0.0,0.0,0.0,0.0,0.0,0.0,0.0,0.0,0.0,0.6883116883116885,6.727272727272729,16.584415584415588,5.68831168831169,0.31168831168831174,0.9153961105780168,0.02353785670719633,0.0,0.0,0.0,0.0,0.0,0.0,0.0,0.0,0.0,0.0,0.0,0.0,0.0,0.0,0.0,0.0,0.0,0.0,0.0,0.0,0.0,0.0,0.0,0.0,0.0,0.5283198476915756,7.253688719657307,15.435506901475492,6.425511661113757,0.35697287006187534,0.3804,0.02197,0.0,0.0,0.0,0.0,0.0,0.0,0.0,0.0,0.0,0.3376623376623378,8.025974025974028,16.23376623376621,5.142857142857143,0.25974025974025977,0.0,0.0,0.0,0.0,0.0,0.0,0.0,0.0,0.0,0.0,0.0,0.0,0.0,0.0,0.0,0.0,0.3809,0.02158,0.0,0.0,0.0,0.0,0.0,0.0,0.0,0.0,0.0,0.2570204664445503,7.496430271299383,17.07758210376009,4.81199428843408,0.3284150404569253,0.02855782960495003,0.0,0.0,0.0,0.0,0.0,0.0,0.0,0.0,0.0,0.0,0.0,0.0,0.0,0.0,0.0
19200,4676,2400,0.5132591958939264,1157,967,0.4542343883661249,1336,0.5714285714285714,0.40599999999999997,3.0641476274165202,3.1318867488113513,6.645112781954888,2.1297204506241063,9310.521335038597,1419.42501780287,7853.0,10749.520795345306,10692.737401100198,17.543900339778613,7853.0,0.0,28.164456800684345,20.93573680174767,33.22747000255298,19.097256720604516,0.14221556886227546,0.09388366124893072,0.08982035928143713,0.08404619332763046,0.0825491873396065,0.07891360136869119,0.07378100940975192,0.059880239520958084,0.05667236954662104,0.05282292557741659,0.05132591958939264,0.041060735671514116,0.032506415739948676,0.02352437981180496,0.017536355859709155,0.0106928999144568,0.008768177929854577,0.9151169199837488,0.022739297382303354,0.0,0.0,0.0,0.0,0.0,0.0,0.0,0.0,0.0,0.0,0.0,0.0,0.0,0.0,0.0,0.0,0.0,0.0,0.0,0.0,0.0,0.0,0.0,0.0,0.0,0.5260906757912747,7.1984602224123195,15.885372112917025,6.037211291702311,0.3528656971770745,4.357002617801047,2.9494825031931216,nan,nan,nan,4.335761589403973,2.968350588236431,4.377749029754204,2.930787919815033,1.0096839827293185,0.3806,0.0223,0.0,0.0,0.0,0.0,0.0,0.0,0.0,0.0,0.0,0.4234388366124894,7.782292557741661,16.01368691189048,5.434131736526948,0.34644995722840044,0.0,0.0,0.0,0.0,0.0,0.0,0.0,0.0,0.0,0.0,0.0,0.0,0.0,0.0,0.0,0.0,nan,nan,4.357002617801047,2.9494825031931216,nan,0.3806,0.10065,0.0,0.0,0.0,0.0,0.0,0.0,0.0,0.0,0.0,0.0,0.0,0.0,0.0,0.0,0.0007378100940975193,0.0,0.0,0.00012831479897348162,0.005966638152266895,0.0018177929854576562,0.007388793840889649,0.007463644140290847,0.022005988023952094,0.020958083832335328,0.04908041060735672,0.015290846877673224,0.03327630453378956,0.03025021385799829,0.011537639007698887,0.047102224123182206,0.017130025662959795,0.029287852865697177,0.03318006843455945,0.01984602224123182,0.026454234388366124,0.01169803250641574,0.06114200171086399,0.02493584260051326,0.028421727972626175,0.06845594525235243,0.04107142857142857,0.01845594525235244,0.023449529512403765,0.04878100940975193,0.05151839178785286,0.035104790419161674,0.012949101796407186,0.020872540633019673,0.034003421727972626,0.01122754491017964,0.02255132591958939,0.00902480752780154,0.008426005132591959,0.0032399486740804107,0.0011441402908468777,0.010147562018819504,0.028464499572284002,0.006768605645851155,0.009570145423438836,0.008137296834901626,0.011355859709153123,0.0009944396920444824,4.2771599657827206e-05,0.006298118049615055,0.0017001710863986314,0.0,0.0,0.0,0.0,6.415739948674081e-05,0.0006629597946963216,9.623609923011121e-05,0.00032078699743370403,0.0,0.0,0.0,0.0,0.0,0.0,0.0,0.0,0.0,0.0,0.0,0.0,0.0,0.0,0.0,0.0,0.0,0.0,0.0,0.0,0.0,0.0,0.0,0.0,0.0,0.0,0.0,0.0,nan,nan,4.357002617801047,2.9494825031931216,nan,0.9150152231256167,0.022752579852040655,0.0,0.0,0.0,0.0,0.0,0.0,0.0,0.0,0.0,0.0,0.0,0.0,0.0,0.0,0.0,0.0,0.0,0.0,0.0,0.0,0.0,0.0,0.0,0.0,0.0,0.5250000000000001,7.275000000000001,15.800000000000002,6.075000000000002,0.3250000000000001,0.9152241574439935,0.022724789882385837,0.0,0.0,0.0,0.0,0.0,0.0,0.0,0.0,0.0,0.0,0.0,0.0,0.0,0.0,0.0,0.0,0.0,0.0,0.0,0.0,0.0,0.0,0.0,0.0,0.0,0.5272407732864676,7.117750439367312,15.975395430579969,5.997363796133569,0.382249560632689,0.3806,0.02222,0.0,0.0,0.0,0.0,0.0,0.0,0.0,0.0,0.0,0.4500000000000001,7.562500000000002,16.424999999999976,5.262500000000002,0.30000000000000004,0.0,0.0,0.0,0.0,0.0,0.0,0.0,0.0,0.0,0.0,0.0,0.0,0.0,0.0,0.0,0.0,0.3809,0.02235,0.0,0.0,0.0,0.0,0.0,0.0,0.0,0.0,0.0,0.3954305799648507,8.014059753954307,15.579964850615092,5.61511423550088,0.3954305799648507,0.0,0.0,0.0,0.0,0.0,0.0,0.0,0.0,0.0,0.0,0.0,0.0,0.0,0.0,0.0,0.0
19300,4636,2414,0.5207075064710958,1137,903,0.4400345125107852,1298,0.5599654874892148,0.41,3.0157515751575157,3.0929530466119464,6.535660091047041,2.0700597030750063,9331.597131527684,1418.6309586123928,7853.0,10747.90356016159,10692.592502801303,16.96948674852225,7853.0,0.0,28.147756686798964,20.89182762033633,33.14594039054471,19.06959118005556,0.14106988783433994,0.0959879206212252,0.09404659188955997,0.08735979292493529,0.07830025884383089,0.07182916307161347,0.06643658326143227,0.06880931837791199,0.0588869715271786,0.05090595340811044,0.04874892148403796,0.039257981018119066,0.03731665228645384,0.02545297670405522,0.01984469370146678,0.011432269197584125,0.004314063848144953,0.9149509326356356,0.023057267195026963,0.0,0.0,0.0,0.0,0.0,0.0,0.0,0.0,0.0,0.0,0.0,0.0,0.0,0.0,0.0,0.0,0.0,0.0,0.0,0.0,0.0,0.0,0.0,0.0,0.01294219154443486,0.5500431406384816,7.1311475409836085,15.847713546160486,6.160483175150993,0.2976704055220018,4.245081693897966,2.834836929784114,nan,nan,nan,4.244233378561737,2.821471750406715,4.245901639344262,2.8476952873054335,1.0003930652802817,0.3809,0.02135,0.0,0.0,0.0,0.0,0.0,0.0,0.0,0.0,0.0,0.44003451251078524,6.988783433994825,16.967213114754074,5.3580672993960325,0.24590163934426235,0.0,0.0,0.0,0.0,0.0,0.0,0.0,0.0,0.0,0.0,0.0,0.0,0.0,0.0,0.0,0.0,nan,nan,4.245081693897966,2.834836929784114,nan,0.3809,0.1011,0.0,0.0,0.0,0.0,0.0,0.0,0.0,0.0,0.0,0.0,0.0,0.0,0.0,0.0,0.0005823986194995686,1.0785159620362381e-05,0.0,0.00015099223468507334,0.005586712683347713,0.0020815358067299396,0.007377049180327869,0.007118205349439172,0.02169974115616911,0.023263589301121657,0.05061475409836066,0.014883520276100086,0.031859361518550476,0.030230802415875755,0.011874460742018983,0.045189818809318376,0.01544434857635893,0.03002588438308887,0.03375754961173425,0.019564279551337358,0.030036669542709234,0.011313632441760138,0.059954702329594475,0.023285159620362383,0.028677739430543574,0.07116048317515099,0.041695427092320964,0.018636755823986197,0.022929249352890424,0.04783218291630716,0.04784296807592752,0.03098576358930112,0.01313632441760138,0.022713546160483176,0.03603321829163072,0.01101164797238999,0.02268119068162209,0.009685073339085418,0.009253666954270923,0.0030845556514236413,0.0007010353753235548,0.010213546160483176,0.02793356341673857,0.0078839516824849,0.00887618636755824,0.008358498705780846,0.01237057808455565,0.000992234685073339,7.549611734253667e-05,0.00638481449525453,0.0016501294219154444,6.47109577221743e-05,1.0785159620362381e-05,0.0,0.0,2.1570319240724762e-05,0.000959879206212252,4.3140638481449525e-05,0.00019413287316652285,0.0,0.0,0.0,0.0,0.0,0.0,0.0,0.0,0.0,0.0,0.0,0.0,0.0,0.0,0.0,0.0,0.0,0.0,0.0,0.0,0.0,0.0,0.0,0.0,0.0,0.0,0.0,0.0,nan,nan,4.245081693897966,2.834836929784114,nan,0.9144803448560915,0.02313188801946619,0.0,0.0,0.0,0.0,0.0,0.0,0.0,0.0,0.0,0.0,0.0,0.0,0.0,0.0,0.0,0.0,0.0,0.0,0.0,0.0,0.0,0.0,0.0,0.0,0.02485501242750622,0.6586578293289148,6.9966859983430005,15.969345484672745,6.052195526097765,0.2982601491300746,0.9154621832656173,0.022964997492693023,0.0,0.0,0.0,0.0,0.0,0.0,0.0,0.0,0.0,0.0,0.0,0.0,0.0,0.0,0.0,0.0,0.0,0.0,0.0,0.0,0.0,0.0,0.0,0.0,0.0,0.43204320432043214,7.277227722772279,15.71557155715572,6.27812781278128,0.29702970297029707,0.3809,0.02109,0.0,0.0,0.0,0.0,0.0,0.0,0.0,0.0,0.0,0.43496271748135884,6.87241093620547,17.062966031482993,5.455675227837616,0.17398508699254353,0.0,0.0,0.0,0.0,0.0,0.0,0.0,0.0,0.0,0.0,0.0,0.0,0.0,0.0,0.0,0.0,0.3809,0.02159,0.0,0.0,0.0,0.0,0.0,0.0,0.0,0.0,0.0,0.44554455445544566,7.1152115211521165,16.86318631863184,5.252025202520253,0.32403240324032406,0.0,0.0,0.0,0.0,0.0,0.0,0.0,0.0,0.0,0.0,0.0,0.0,0.0,0.0,0.0,0.0
19400,4711,2453,0.520696242835916,1120,968,0.4432180004245383,1333,0.5659095733389938,0.422,3.063330380868025,3.155544262180894,6.783699059561129,2.0117797569099345,9332.139360508882,1419.1863909746635,7853.0,10752.582896232605,10693.695282249222,17.47769273205871,7853.0,0.0,27.855444703884526,20.85156197953736,33.064524356031626,18.972420387441282,0.14689025684568033,0.09870515814052218,0.08957758437699002,0.08448312460199534,0.08045001061345787,0.07089789853534281,0.06877520696242836,0.06516663128847379,0.06070897898535343,0.05285502016556994,0.04606240713224369,0.04691148376140947,0.03226491190829973,0.022925068987476118,0.01634472511144131,0.01103799617915517,0.005943536404160475,0.914979687176852,0.023018052111639892,0.0,0.0,0.0,0.0,0.0,0.0,0.0,0.0,0.0,0.0,0.0,0.0,0.0,0.0,0.0,0.0,0.0,0.0,0.0,0.0,0.0,0.0,0.0,0.0,0.0,0.5476544258119296,7.023986414773935,16.18764593504564,5.814052218212695,0.42666100615580566,4.376074025115664,2.913379791716036,nan,nan,nan,4.398406374501992,2.948760760631283,4.352863726135616,2.878361879920304,0.9896456478804707,0.3818,0.02155,0.0,0.0,0.0,0.0,0.0,0.0,0.0,0.0,0.0,0.31840373593716836,6.8074718743366605,16.811717257482464,5.7822118446189785,0.2801952876247082,0.0,0.0,0.0,0.0,0.0,0.0,0.0,0.0,0.0,0.0,0.0,0.0,0.0,0.0,0.0,0.0,nan,nan,4.376074025115664,2.913379791716036,nan,0.3818,0.10114,0.0,0.0,0.0,0.0,0.0,0.0,0.0,0.0,0.0,0.0,0.0,0.0,0.0,2.1226915729144554e-05,0.0004139248567183188,0.0,1.0613457864572277e-05,0.00010613457864572278,0.0046911483761409465,0.001645085969008703,0.007694756951814902,0.006580343876034812,0.020101889195499895,0.024527701125026533,0.05065803438760348,0.015771598386754404,0.029929951178093824,0.02995117809382297,0.013224368499257058,0.045085969008703035,0.014126512417745702,0.031819146677987686,0.03175546593080025,0.019741031628104436,0.02912332838038633,0.009711313946083634,0.06103799617915517,0.023126724686902994,0.027478242411377626,0.07100403311398854,0.04396094247505838,0.020112502653364468,0.0242729781362768,0.047909148800679265,0.047378475907450646,0.02973890893653152,0.01225854383358098,0.023116111229038422,0.03634047972829548,0.01244958607514328,0.02398641477393335,0.009626406283167056,0.009520271704521332,0.003619189131819147,0.0003714710252600297,0.010210146465718531,0.026809594565909572,0.007684143493950329,0.008299724050095521,0.008596900870303546,0.012194863086393547,0.0017406070897898536,0.00012736149437486734,0.007280832095096583,0.0016238590532795586,0.0,0.0,0.0,0.0,0.0,0.0011674803651029505,0.0,0.0002653364466143069,0.0,0.0,0.0,0.0,0.0,0.0,0.0,0.0,0.0,0.0,0.0,0.0,0.0,0.0,0.0,0.0,0.0,0.0,0.0,0.0,0.0,0.0,0.0,0.0,0.0,0.0,0.0,0.0,nan,nan,4.376074025115664,2.913379791716036,nan,0.9154301500786969,0.02294980778811123,0.0,0.0,0.0,0.0,0.0,0.0,0.0,0.0,0.0,0.0,0.0,0.0,0.0,0.0,0.0,0.0,0.0,0.0,0.0,0.0,0.0,0.0,0.0,0.0,0.0,0.5258866693844273,6.836526701997555,16.21687729311048,6.017121891561355,0.40358744394618845,0.9144903224743606,0.023082000868385414,0.0,0.0,0.0,0.0,0.0,0.0,0.0,0.0,0.0,0.0,0.0,0.0,0.0,0.0,0.0,0.0,0.0,0.0,0.0,0.0,0.0,0.0,0.0,0.0,0.0,0.571302037201063,7.227635075287867,16.155890168290526,5.593445527015059,0.4517271922054917,0.3818,0.02138,0.0,0.0,0.0,0.0,0.0,0.0,0.0,0.0,0.0,0.2812882185079495,6.799836934366084,16.86506318793312,5.821443130860173,0.23236852833265395,0.0,0.0,0.0,0.0,0.0,0.0,0.0,0.0,0.0,0.0,0.0,0.0,0.0,0.0,0.0,0.0,0.382,0.02173,0.0,0.0,0.0,0.0,0.0,0.0,0.0,0.0,0.0,0.358724534986714,6.815766164747566,16.753764393268355,5.739592559787424,0.3321523472099203,0.0,0.0,0.0,0.0,0.0,0.0,0.0,0.0,0.0,0.0,0.0,0.0,0.0,0.0,0.0,0.0
19500,4698,2492,0.530438484461473,1191,926,0.4506172839506173,1319,0.5615155385270327,0.41,3.0770625566636447,3.099798151338606,6.458333333333333,2.1591304119488632,9359.787174921306,1417.7483146993488,7853.0,10752.451241612434,10693.64452158118,17.962184518867943,7853.0,0.0,28.33929331630481,20.954628592294313,33.19894099848714,19.183129167779796,0.13665389527458494,0.09578544061302682,0.09450830140485313,0.08194976585781183,0.08258833546189868,0.07833120476798637,0.06917837377607493,0.06598552575564069,0.05747126436781609,0.04980842911877394,0.04725415070242656,0.04299702000851426,0.03469561515538527,0.02490421455938697,0.017454235845040442,0.013835674755214985,0.00659855257556407,0.9150647701304636,0.0231459834433263,0.0,0.0,0.0,0.0,0.0,0.0,0.0,0.0,0.0,0.0,0.0,0.0,0.0,0.0,0.0,0.0,0.0,0.0,0.0,0.0,0.0,0.0,0.0,0.0,0.012771392081736912,0.5300127713920818,7.1008939974457235,16.04086845466156,6.008939974457217,0.30651340996168586,4.217760365654587,2.8560955334882423,nan,nan,nan,4.201680672268908,2.8862372789524877,4.234168865435357,2.8249115675759313,1.007732189973615,0.382,0.02176,0.0,0.0,0.0,0.0,0.0,0.0,0.0,0.0,0.0,0.3512132822477651,7.043422733077907,16.289910600255403,6.034482758620691,0.280970625798212,0.0,0.0,0.0,0.0,0.0,0.0,0.0,0.0,0.0,0.0,0.0,0.0,0.0,0.0,0.0,0.0,nan,nan,4.217760365654587,2.8560955334882423,nan,0.382,0.10144,0.0,0.0,0.0,0.0,0.0,0.0,0.0,0.0,0.0,0.0,0.0,0.0,0.0,6.385696040868455e-05,0.0006172839506172839,0.0,7.449978714346531e-05,0.00010642826734780758,0.0032141336739037888,0.0017028522775649213,0.007237122179650915,0.006811409110259685,0.020317156236696467,0.025308641975308643,0.05087271179225202,0.015538527032779907,0.02979991485738612,0.029661558109833973,0.012877820349084718,0.048084291187739464,0.013026819923371647,0.03018305661983823,0.03279054916985952,0.020104299702000852,0.02933163048105577,0.010855683269476373,0.06022775649212431,0.022839506172839506,0.029842486164325246,0.0696892294593444,0.04461472967220094,0.021519795657726694,0.02331843337590464,0.045870583226905064,0.04656236696466581,0.028767560664112388,0.012228607918263091,0.02432950191570881,0.03529161345253299,0.012462750106428267,0.023371647509578545,0.009344401873137505,0.010174542358450405,0.0034163473818646234,0.0004789272030651341,0.010344827586206896,0.026149425287356323,0.008375904640272457,0.00786504895700298,0.008514261387824606,0.011877394636015325,0.0019902085994040015,0.0001809280544912729,0.008386547467007238,0.0013729246487867177,0.0,0.0,1.0642826734780758e-05,0.0,0.0,0.001841209025117071,0.0,0.00015964240102171138,0.0,0.0,0.0,0.0,0.0,0.0,0.0,0.0,0.0,0.0,0.0,0.0,0.0,0.0,0.0,0.0,0.0,0.0,0.0,0.0,0.0,0.0,0.0,0.0,0.0,0.0,0.0,0.0,nan,nan,4.217760365654587,2.8560955334882423,nan,0.9152990981194985,0.02329902122659664,0.0,0.0,0.0,0.0,0.0,0.0,0.0,0.0,0.0,0.0,0.0,0.0,0.0,0.0,0.0,0.0,0.0,0.0,0.0,0.0,0.0,0.0,0.0,0.0,0.0,0.4815409309791333,7.235152487961479,15.81861958266453,6.127608346709472,0.33707865168539336,0.9148000623568122,0.022969003118988734,0.0,0.0,0.0,0.0,0.0,0.0,0.0,0.0,0.0,0.0,0.0,0.0,0.0,0.0,0.0,0.0,0.0,0.0,0.0,0.0,0.0,0.0,0.0,0.0,0.027198549410698103,0.5847688123300092,6.949229374433365,16.291931097008163,5.87488667271079,0.27198549410698103,0.3818,0.02191,0.0,0.0,0.0,0.0,0.0,0.0,0.0,0.0,0.0,0.36115569823435,7.15088282504013,15.97512038523272,6.235955056179777,0.27688603531300165,0.0,0.0,0.0,0.0,0.0,0.0,0.0,0.0,0.0,0.0,0.0,0.0,0.0,0.0,0.0,0.0,0.382,0.0216,0.0,0.0,0.0,0.0,0.0,0.0,0.0,0.0,0.0,0.33998186763372623,6.922030825022667,16.645512239347212,5.806890299184045,0.2855847688123301,0.0,0.0,0.0,0.0,0.0,0.0,0.0,0.0,0.0,0.0,0.0,0.0,0.0,0.0,0.0,0.0
19600,4617,2347,0.5083387481048299,1141,933,0.44920944336149016,1300,0.5631362356508556,0.41,2.959911894273128,3.178905692518891,6.859903381642512,2.1100219390464843,9297.316894180542,1420.482418419276,7853.0,10761.827249765396,10694.248871082898,17.621434180575704,7853.0,0.0,27.909898202295864,20.842221717445543,32.67042542286007,19.15984026575311,0.13840155945419103,0.096816114359974,0.09573316006064544,0.08663634394628547,0.08685293480615118,0.07688975525232836,0.06714316655837124,0.06172839506172839,0.05804635044401126,0.04873294346978557,0.04829976175005415,0.03898635477582846,0.03313840155945419,0.026857266623348496,0.017760450508988522,0.011479315572882825,0.00649772579597141,0.9157056584486281,0.023154998642061535,0.0,0.0,0.0,0.0,0.0,0.0,0.0,0.0,0.0,0.0,0.0,0.0,0.0,0.0,0.0,0.0,0.0,0.0,0.0,0.0,0.0,0.0,0.0,0.0,0.019493177387914232,0.474333983105913,7.1410006497725815,15.65302144249513,6.244314489928526,0.4678362573099416,4.25751503006012,2.986523723636714,nan,nan,nan,4.2235528942115765,2.992437377031033,4.28993288590604,2.980332510759551,1.0157166237424038,0.382,0.02226,0.0,0.0,0.0,0.0,0.0,0.0,0.0,0.0,0.0,0.35087719298245623,7.251461988304095,15.990903183885617,6.003898635477585,0.4028589993502275,0.0,0.0,0.0,0.0,0.0,0.0,0.0,0.0,0.0,0.0,0.0,0.0,0.0,0.0,0.0,0.0,nan,nan,4.25751503006012,2.986523723636714,nan,0.382,0.102,0.0,0.0,0.0,0.0,0.0,0.0,0.0,0.0,0.0,0.0,0.0,0.0,0.0,7.580680095299978e-05,0.0008122157244964262,0.0,2.1659085986571366e-05,0.0001949317738791423,0.0024474767164825643,0.0018626813948451376,0.005598873727528699,0.007071691574615551,0.021962313190383366,0.0249620965995235,0.0539311241065627,0.016915746155512237,0.031113277019709767,0.027766948234784494,0.013341996967727962,0.04518085336798787,0.014035087719298246,0.03168724279835391,0.03266190166774962,0.018778427550357375,0.02978124323153563,0.01124106562703054,0.05695256660168941,0.023792505956248645,0.029672947801602772,0.06819363222871995,0.0431882174572233,0.02079272254710851,0.023705869612302363,0.04687026207494044,0.04808317089018843,0.027377084687026206,0.012616417587177822,0.022850335715832792,0.036593025774312324,0.01322287199480182,0.02360840372536279,0.010450508988520684,0.00988737275286983,0.002664067576348278,0.0004981589776911414,0.01141433831492311,0.025222005631362357,0.00705003248862898,0.007710634611219407,0.009215941087286116,0.012204894953432965,0.0022633744855967077,0.00022742040285899935,0.008187134502923977,0.0017543859649122807,0.0,0.0,0.0,0.0,0.0,0.002155079055663851,0.0,0.0001299545159194282,0.0,0.0,0.0,0.0,0.0,0.0,0.0,0.0,0.0,0.0,0.0,0.0,0.0,0.0,0.0,0.0,0.0,0.0,0.0,0.0,0.0,0.0,0.0,0.0,0.0,0.0,0.0,0.0,nan,nan,4.25751503006012,2.986523723636714,nan,0.9159962860990394,0.02305379368715437,0.0,0.0,0.0,0.0,0.0,0.0,0.0,0.0,0.0,0.0,0.0,0.0,0.0,0.0,0.0,0.0,0.0,0.0,0.0,0.0,0.0,0.0,0.0,0.0,0.025564550489987223,0.46016190881977004,7.132509586706435,15.479335321687264,6.467831273966768,0.4345973583297828,0.9154051725034672,0.023255354903747447,0.0,0.0,0.0,0.0,0.0,0.0,0.0,0.0,0.0,0.0,0.0,0.0,0.0,0.0,0.0,0.0,0.0,0.0,0.0,0.0,0.0,0.0,0.0,0.0,0.013215859030837008,0.48898678414096924,7.149779735682821,15.832599118942735,6.013215859030838,0.5022026431718063,0.3823,0.02248,0.0,0.0,0.0,0.0,0.0,0.0,0.0,0.0,0.0,0.35790370685982115,7.030251384746486,16.16957818491689,6.007669365146998,0.4345973583297828,0.0,0.0,0.0,0.0,0.0,0.0,0.0,0.0,0.0,0.0,0.0,0.0,0.0,0.0,0.0,0.0,0.3816,0.02202,0.0,0.0,0.0,0.0,0.0,0.0,0.0,0.0,0.0,0.34361233480176223,7.480176211453746,15.806167400881035,6.000000000000002,0.3700440528634362,0.0,0.0,0.0,0.0,0.0,0.0,0.0,0.0,0.0,0.0,0.0,0.0,0.0,0.0,0.0,0.0
19700,4636,2417,0.5213546160483176,1117,946,0.44499568593615185,1320,0.5694564279551337,0.422,2.932401982875169,3.0461272997951974,6.522834645669291,2.0902544386574657,9334.172762552118,1419.264185020231,7853.0,10755.15843307972,10694.008244597275,17.493667696551007,7853.0,0.0,28.163503019844693,20.905938243004307,33.0406857727738,19.141773830131367,0.13805004314063848,0.09577221742881795,0.08800690250215704,0.0959879206212252,0.08369283865401209,0.07635893011216566,0.06471095772217429,0.058671268334771355,0.056082830025884385,0.054357204486626405,0.04918032786885246,0.04378774805867127,0.034081104400345126,0.02631578947368421,0.018334771354616048,0.010569456427955135,0.0060396893874029335,0.9160125155815079,0.022552830764649666,0.0,0.0,0.0,0.0,0.0,0.0,0.0,0.0,0.0,0.0,0.0,0.0,0.0,0.0,0.0,0.0,0.0,0.0,0.0,0.0,0.0,0.0,0.0,0.0,0.00647109577221743,0.37532355478861096,6.8787748058671285,16.320103537532358,5.979292493528906,0.44003451251078524,4.145076007931262,2.8379516337291664,nan,nan,nan,4.059016393442623,2.78740593014426,4.2325116588940705,2.885772657621582,1.0427431792913502,0.381,0.02264,0.0,0.0,0.0,0.0,0.0,0.0,0.0,0.0,0.0,0.4918032786885247,7.396462467644523,15.821829163071591,5.992234685073341,0.29119930974978436,0.00647109577221743,0.0,0.0,0.0,0.0,0.0,0.0,0.0,0.0,0.0,0.0,0.0,0.0,0.0,0.0,0.0,nan,nan,4.145076007931262,2.8379516337291664,nan,0.381,0.1027,0.0,0.0,0.0,0.0,0.0,0.0,0.0,0.0,0.0,0.0,0.0,0.0,0.0,3.235547886108715e-05,0.0009383088869715272,0.0,5.392579810181191e-05,0.00024805867126833476,0.0025021570319240724,0.0022756686798964623,0.006028904227782571,0.00702113891285591,0.022249784296807594,0.024288179465056084,0.055532786885245905,0.01676013805004314,0.034501725625539256,0.026704055220017255,0.01440897325280414,0.04477998274374461,0.016188524590163934,0.032258412424503884,0.03182700603968939,0.018830888697152718,0.027922778257118204,0.011356773080241588,0.05800258843830889,0.02250862812769629,0.030198446937014668,0.06731018119068162,0.04308671268334771,0.019801553062985332,0.023813632441760137,0.04653796376186368,0.04511432269197584,0.026251078515962038,0.010774374460742019,0.02400776531492666,0.03677739430543572,0.012704918032786885,0.023446937014667817,0.011572476272648836,0.010030198446937014,0.0022756686798964623,0.0005176876617773944,0.011453839516824849,0.025830457290767904,0.007182916307161346,0.007808455565142364,0.008455565142364107,0.012715703192407248,0.0024158757549611735,0.0001617773943054357,0.008477135461604831,0.0019628990509059532,0.0,0.0,0.0,0.0,0.0,0.001952113891285591,0.0,0.00014020707506471095,0.0,0.0,0.0,0.0,0.0,0.0,0.0,0.0,0.0,0.0,0.0,0.0,0.0,0.0,0.0,0.0,0.0,0.0,0.0,0.0,0.0,0.0,0.0,0.0,0.0,0.0,0.0,0.0,nan,nan,4.145076007931262,2.8379516337291664,nan,0.9165071202892876,0.022829753249947494,0.0,0.0,0.0,0.0,0.0,0.0,0.0,0.0,0.0,0.0,0.0,0.0,0.0,0.0,0.0,0.0,0.0,0.0,0.0,0.0,0.0,0.0,0.0,0.0,0.0,0.4095986760446836,6.901117087298305,15.93711212246587,6.218452627223833,0.533719486967315,0.9154737776010194,0.0222347617499523,0.0,0.0,0.0,0.0,0.0,0.0,0.0,0.0,0.0,0.0,0.0,0.0,0.0,0.0,0.0,0.0,0.0,0.0,0.0,0.0,0.0,0.0,0.0,0.0,0.013519603424966204,0.33799008562415506,6.854438936457866,16.73726904010816,5.718792248760705,0.33799008562415506,0.3813,0.0225,0.0,0.0,0.0,0.0,0.0,0.0,0.0,0.0,0.0,0.4716590815059993,7.347952006619778,15.788167149358685,6.131568059577991,0.26065370293752593,0.0,0.0,0.0,0.0,0.0,0.0,0.0,0.0,0.0,0.0,0.0,0.0,0.0,0.0,0.0,0.0,0.3809,0.0228,0.0,0.0,0.0,0.0,0.0,0.0,0.0,0.0,0.0,0.5137449301487157,7.4493014871563785,15.858494817485331,5.840468679585401,0.3244704821991889,0.013519603424966204,0.0,0.0,0.0,0.0,0.0,0.0,0.0,0.0,0.0,0.0,0.0,0.0,0.0,0.0,0.0
19800,4699,2469,0.5254309427537774,1154,923,0.4420089380719302,1269,0.540114918067674,0.426,2.9713004484304935,3.117156576910659,6.728314238952537,2.08372234111719,9345.655019895983,1418.6301885819396,7853.0,10754.620950698853,10693.820550219209,17.751173079360875,7853.0,0.0,28.07256863162375,20.86970622765562,32.88575031525851,19.164248219250137,0.13577356884443498,0.10278782719727601,0.09363694403064482,0.08427324962758033,0.08235794849968078,0.07384549904234944,0.0704405192594169,0.06363055969355182,0.05447967652692062,0.05277718663545435,0.047882528197488824,0.042136624813790165,0.03617791019365822,0.02489891466269419,0.019365822515428815,0.009150883166631199,0.00638433709299851,0.9166351977270394,0.022986990258233954,0.0,0.0,0.0,0.0,0.0,0.0,0.0,0.0,0.0,0.0,0.0,0.0,0.0,0.0,0.0,0.0,0.0,0.0,0.0,0.0,0.0,0.0,0.0,0.0,0.006384337092998512,0.4915939561608854,6.39072143009151,16.101298148542245,6.658863587997447,0.3511385401149182,4.333112801852464,2.9306436126384536,nan,nan,nan,4.33420365535248,2.9432056252970793,4.331991951710261,2.917679404581053,0.9994897093403796,0.381,0.0223,0.0,0.0,0.0,0.0,0.0,0.0,0.0,0.0,0.012768674185997024,0.40859757395190477,7.456905724622262,16.107682485635216,5.720366035326667,0.29367950627793155,0.0,0.0,0.0,0.0,0.0,0.0,0.0,0.0,0.0,0.0,0.0,0.0,0.0,0.0,0.0,0.0,nan,nan,4.333112801852464,2.9306436126384536,nan,0.381,0.1032,0.0,0.0,0.0,0.0,0.0,0.0,0.0,0.0,0.0,0.0,0.0,0.0,0.0,3.192168546499255e-05,0.0010214939348797615,0.0,0.0,0.0005001064056182167,0.002734624388167695,0.0020217067461161947,0.006309853160246861,0.007161098105979996,0.022866567354756333,0.026186422643115558,0.05590551181102362,0.016588635879974462,0.03337944243456054,0.025579910619280697,0.013577356884443498,0.044445626729091296,0.016386465205362844,0.03235794849968078,0.032804852096190676,0.018652904873377313,0.025324537135560758,0.009810597999574377,0.059565865077676104,0.02206852521813152,0.031059799957437753,0.06671632262183444,0.043487976165141516,0.02138752926154501,0.02459033836986593,0.04740370291551394,0.04452011066184294,0.0251330070227708,0.010002128112364332,0.02301553522025963,0.03683762502660141,0.011736539689295595,0.02341987656948287,0.011842945307512237,0.010342626090657586,0.0022877207916577997,0.0005639497765482017,0.011098105979995743,0.026888699723345393,0.007033411364120026,0.008991274739306235,0.008959353053841242,0.011204511598212386,0.0025750159608427326,0.00015960842732496276,0.00943817833581613,0.0020004256224728668,0.0,0.0,0.0,0.0,0.0,0.0019365822515428814,0.0,8.512449457331348e-05,0.0,0.0,0.0,0.0,0.0,0.0,0.0,0.0,0.0,0.0,0.0,0.0,0.0,0.0,0.0,0.0,0.0,0.0,0.0,0.0,0.0,0.0,0.0,0.0,0.0,0.0,0.0,0.0,nan,nan,4.333112801852464,2.9306436126384536,nan,0.9168049988596002,0.023146199899492178,0.0,0.0,0.0,0.0,0.0,0.0,0.0,0.0,0.0,0.0,0.0,0.0,0.0,0.0,0.0,0.0,0.0,0.0,0.0,0.0,0.0,0.0,0.0,0.0,0.012150668286755775,0.36452004860267323,6.682867557715676,15.662211421628193,6.925880923450792,0.35236938031591747,0.9164471981771324,0.022807946483157475,0.0,0.0,0.0,0.0,0.0,0.0,0.0,0.0,0.0,0.0,0.0,0.0,0.0,0.0,0.0,0.0,0.0,0.0,0.0,0.0,0.0,0.0,0.0,0.0,0.0,0.6322869955156951,6.067264573991033,16.587443946188344,6.363228699551571,0.34977578475336335,0.3806,0.02214,0.0,0.0,0.0,0.0,0.0,0.0,0.0,0.0,0.012150668286755775,0.376670716889429,7.727825030376672,16.05103280680435,5.601458080194412,0.23086269744835972,0.0,0.0,0.0,0.0,0.0,0.0,0.0,0.0,0.0,0.0,0.0,0.0,0.0,0.0,0.0,0.0,0.3818,0.02245,0.0,0.0,0.0,0.0,0.0,0.0,0.0,0.0,0.01345291479820628,0.4439461883408073,7.156950672645742,16.170403587443925,5.852017937219733,0.3632286995515696,0.0,0.0,0.0,0.0,0.0,0.0,0.0,0.0,0.0,0.0,0.0,0.0,0.0,0.0,0.0,0.0
19900,4700,2491,0.53,1206,941,0.45680851063829786,1281,0.5451063829787234,0.414,3.066545948392938,3.151322970192912,6.727858293075684,2.112385091646476,9358.40762952792,1417.697438302811,7853.0,10751.144436597824,10693.391753826261,17.94859289061173,7853.0,0.0,28.374893617021275,20.92774518684954,33.28520949015649,19.11576170604384,0.13680851063829788,0.09659574468085107,0.08893617021276595,0.08212765957446809,0.0797872340425532,0.08297872340425531,0.07106382978723404,0.06234042553191489,0.062127659574468086,0.049574468085106384,0.047021276595744683,0.043191489361702126,0.03489361702127659,0.026382978723404255,0.01851063829787234,0.010851063829787235,0.006808510638297872,0.9161351497883492,0.022788541421101084,0.0,0.0,0.0,0.0,0.0,0.0,0.0,0.0,0.0,0.0,0.0,0.0,0.0,0.0,0.0,0.0,0.0,0.0,0.0,0.0,0.0,0.0,0.0,0.0,0.0,0.5872340425531916,6.65744680851064,15.900000000000004,6.497872340425533,0.35744680851063837,4.174959349593496,2.9134882213995175,nan,nan,nan,4.121790651744568,2.9360608661540373,4.226863753213368,2.8903390510052387,1.025492100484125,0.3796,0.02274,0.0,0.0,0.0,0.0,0.0,0.0,0.0,0.0,0.006382978723404257,0.574468085106383,8.004255319148937,15.727659574468063,5.419148936170214,0.2617021276595745,0.006382978723404257,0.0,0.0,0.0,0.0,0.0,0.0,0.0,0.0,0.0,0.0,0.0,0.0,0.0,0.0,0.0,nan,nan,4.174959349593496,2.9134882213995175,nan,0.3796,0.1032,0.0,0.0,0.0,0.0,0.0,0.0,0.0,0.0,0.0,0.0,0.0,0.0,0.0,0.0,0.0007446808510638298,5.319148936170213e-05,2.1276595744680852e-05,0.0002978723404255319,0.003308510638297872,0.0024148936170212765,0.0075212765957446805,0.00852127659574468,0.023829787234042554,0.02796808510638298,0.05525531914893617,0.016936170212765958,0.03262765957446809,0.025404255319148937,0.014914893617021276,0.04476595744680851,0.015159574468085106,0.0330531914893617,0.030127659574468085,0.019106382978723403,0.025680851063829786,0.01,0.06122340425531915,0.0235531914893617,0.03135106382978724,0.06495744680851064,0.041457446808510635,0.02219148936170213,0.024148936170212767,0.04611702127659575,0.04448936170212766,0.024223404255319148,0.009968085106382979,0.02269148936170213,0.038478723404255316,0.011648936170212766,0.021808510638297873,0.010882978723404255,0.010170212765957446,0.002425531914893617,0.0006808510638297873,0.011797872340425532,0.028457446808510638,0.0073297872340425535,0.00825531914893617,0.00876595744680851,0.011117021276595744,0.0015851063829787234,7.446808510638298e-05,0.00875531914893617,0.0021914893617021275,1.0638297872340426e-05,0.0,0.0,0.0,0.0,0.001425531914893617,1.0638297872340426e-05,4.2553191489361704e-05,0.0,0.0,0.0,0.0,0.0,0.0,0.0,0.0,0.0,0.0,0.0,0.0,0.0,0.0,0.0,0.0,0.0,0.0,0.0,0.0,0.0,0.0,0.0,0.0,0.0,0.0,0.0,0.0,nan,nan,4.174959349593496,2.9134882213995175,nan,0.916759802581124,0.022748627889026613,0.0,0.0,0.0,0.0,0.0,0.0,0.0,0.0,0.0,0.0,0.0,0.0,0.0,0.0,0.0,0.0,0.0,0.0,0.0,0.0,0.0,0.0,0.0,0.0,0.0,0.541951023685267,6.4431955038137305,15.800883179446009,6.84062625451626,0.37334403853873954,0.9154307540858585,0.022812957302522634,0.0,0.0,0.0,0.0,0.0,0.0,0.0,0.0,0.0,0.0,0.0,0.0,0.0,0.0,0.0,0.0,0.0,0.0,0.0,0.0,0.0,0.0,0.0,0.0,0.0,0.6382978723404257,6.899049343594388,16.01177003168855,6.111362607514714,0.33952014486192855,0.38,0.02281,0.0,0.0,0.0,0.0,0.0,0.0,0.0,0.0,0.012043356081894824,0.6744279405861102,7.695704536330792,15.897230028101141,5.46768366118025,0.24086712163789648,0.012043356081894824,0.0,0.0,0.0,0.0,0.0,0.0,0.0,0.0,0.0,0.0,0.0,0.0,0.0,0.0,0.0,0.3794,0.02264,0.0,0.0,0.0,0.0,0.0,0.0,0.0,0.0,0.0,0.46174739701222284,8.352195563603441,15.536441828881824,5.364418288818471,0.28519692168401994,0.0,0.0,0.0,0.0,0.0,0.0,0.0,0.0,0.0,0.0,0.0,0.0,0.0,0.0,0.0,0.0
20000,4419,2312,0.5231952930527268,1085,881,0.4448970355284001,1185,0.5363204344874406,0.45,3.0332225913621262,3.2158301508166,6.960360360360361,2.173189596720351,9338.759921647623,1418.4179951201345,7853.0,10749.684942603111,10692.780749896561,17.47270858183054,7853.0,0.0,27.364109527042316,20.63706543425496,32.40352781546812,18.899081799025087,0.14392396469789545,0.10726408689748812,0.09323376329486309,0.080561212944105,0.07942973523421588,0.08124009957003847,0.06811495813532474,0.0629101606698348,0.05928943199818964,0.05250056573885494,0.04503281285358678,0.03801765105227427,0.031907671418873046,0.02308214528173795,0.018103643358225844,0.009051821679112922,0.006336275175379045,0.9158169217551017,0.022531609534928554,0.0,0.0,0.0,0.0,0.0,0.0,0.0,0.0,0.0,0.0,0.0,0.0,0.0,0.0,0.0,0.0,0.0,0.0,0.0,0.0,0.0,0.0,0.0,0.0,0.0,0.4820095044127632,6.795655125594028,16.137135098438563,6.1982348947725745,0.3869653767820775,4.364025695931478,3.0034891552479968,nan,nan,nan,4.294881038211968,3.0243417244361335,4.4318021201413424,2.9813518057785173,1.031880063897271,0.38,0.02194,0.0,0.0,0.0,0.0,0.0,0.0,0.0,0.0,0.006788866259334693,0.4684317718940938,7.834351663272235,16.293279022403237,5.145960624575697,0.2511880515953836,0.0,0.0,0.0,0.0,0.0,0.0,0.0,0.0,0.0,0.0,0.0,0.0,0.0,0.0,0.0,0.0,nan,nan,4.364025695931478,3.0034891552479968,nan,0.38,0.10333,0.0,0.0,0.0,0.0,0.0,0.0,0.0,0.0,0.0,0.0,0.0,0.0,0.0,0.0,0.0008486082824168364,7.920343969223806e-05,6.788866259334691e-05,0.00020366598778004074,0.002840009051821679,0.0029192124915139173,0.0064154786150712835,0.008259787282190541,0.025503507580900656,0.028762163385381307,0.05668703326544467,0.01776420004525911,0.031522968997510746,0.024507807196198234,0.013351436976691559,0.04523647884136683,0.015976465263634308,0.029916270649468207,0.030289658293731613,0.019959266802443993,0.02563928490608735,0.00961756053405748,0.06152975786377008,0.024666214075582713,0.028173794976238967,0.06409821226521838,0.042113600362072866,0.022210907445123333,0.025605340574790678,0.04536094138945463,0.0424530436750396,0.025367730255713962,0.010330391491287621,0.022765331522968998,0.0414347137361394,0.012717809459153654,0.02083050463905861,0.011337406653088935,0.010715093912649921,0.0023647884136682507,0.000599683186241231,0.012333107037791356,0.029418420457116994,0.006720977596741344,0.006856754921928038,0.009017877347816249,0.010579316587463227,0.0013238289205702647,4.525910839556461e-05,0.009108395564607377,0.0017651052274270196,5.657388549445576e-05,0.0,0.0,0.0,1.1314777098891152e-05,0.0016745870106358906,0.0,4.525910839556461e-05,0.0,0.0,0.0,0.0,0.0,0.0,0.0,0.0,0.0,0.0,0.0,0.0,0.0,0.0,0.0,0.0,0.0,0.0,0.0,0.0,0.0,0.0,0.0,0.0,0.0,0.0,0.0,0.0,nan,nan,4.364025695931478,3.0034891552479968,nan,0.9157377439953877,0.02236297317593273,0.0,0.0,0.0,0.0,0.0,0.0,0.0,0.0,0.0,0.0,0.0,0.0,0.0,0.0,0.0,0.0,0.0,0.0,0.0,0.0,0.0,0.0,0.0,0.0,0.0,0.3762975778546714,6.9160899653979255,16.219723183391007,6.085640138408306,0.402249134948097,0.9159038030937151,0.02271489521124338,0.0,0.0,0.0,0.0,0.0,0.0,0.0,0.0,0.0,0.0,0.0,0.0,0.0,0.0,0.0,0.0,0.0,0.0,0.0,0.0,0.0,0.0,0.0,0.0,0.0,0.5980066445182726,6.663502610346466,16.04651162790698,6.321784527764596,0.37019458946369255,0.38,0.02191,0.0,0.0,0.0,0.0,0.0,0.0,0.0,0.0,0.0,0.4930795847750866,7.824394463667821,16.219723183390983,5.2292387543252605,0.2335640138408305,0.0,0.0,0.0,0.0,0.0,0.0,0.0,0.0,0.0,0.0,0.0,0.0,0.0,0.0,0.0,0.0,0.38,0.02197,0.0,0.0,0.0,0.0,0.0,0.0,0.0,0.0,0.014238253440911251,0.4413858566682488,7.845277645942099,16.37399145704791,5.054579971523494,0.27052681537731377,0.0,0.0,0.0,0.0,0.0,0.0,0.0,0.0,0.0,0.0,0.0,0.0,0.0,0.0,0.0,0.0
20100,4648,2452,0.5275387263339071,1123,937,0.44320137693631667,1275,0.5486230636833046,0.43,3.0546448087431695,3.192049736813463,6.860426929392447,2.1454256102830476,9351.393777798945,1418.0750705411413,7853.0,10749.263264775276,10693.348400982664,17.4397511195244,7853.0,0.0,28.010111876075733,20.966895289818098,32.85222052067381,19.277846982961726,0.13618760757314974,0.10283993115318417,0.09466437177280551,0.08993115318416524,0.07465576592082616,0.07594664371772805,0.06927710843373494,0.062177280550774525,0.05572289156626506,0.05421686746987952,0.04475043029259897,0.04475043029259897,0.03248709122203098,0.02495697074010327,0.019793459552495698,0.01161790017211704,0.006024096385542169,0.9167526432035712,0.022646948827273396,0.0,0.0,0.0,0.0,0.0,0.0,0.0,0.0,0.0,0.0,0.0,0.0,0.0,0.0,0.0,0.0,0.0,0.0,0.0,0.0,0.0,0.0,0.0,0.0,0.0,0.4582616179001722,6.280120481927712,16.432874354561104,6.4221170395869205,0.4066265060240965,4.303780528604885,2.988220840888431,nan,nan,nan,4.181878747501665,2.968112465336083,4.426747311827957,3.0033600646749252,1.0585546781987836,0.3794,0.02176,0.0,0.0,0.0,0.0,0.0,0.0,0.0,0.0,0.0,0.3872633390705681,8.145438898450948,16.458691910499116,4.72461273666093,0.2839931153184166,0.0,0.0,0.0,0.0,0.0,0.0,0.0,0.0,0.0,0.0,0.0,0.0,0.0,0.0,0.0,0.0,nan,nan,4.303780528604885,2.988220840888431,nan,0.3794,0.1031,0.0,0.0,0.0,0.0,0.0,0.0,0.0,0.0,0.0,0.0,0.0,0.0,0.0,0.0,0.0010757314974182443,1.0757314974182445e-05,8.605851979345956e-05,0.00016135972461273667,0.0030120481927710845,0.00286144578313253,0.005690619621342513,0.00783132530120482,0.02742039586919105,0.02808734939759036,0.057594664371772804,0.01805077452667814,0.03191695352839931,0.023225043029259897,0.01447934595524957,0.044567555938037864,0.0159315834767642,0.027678571428571427,0.028732788296041308,0.018986660929432013,0.024569707401032703,0.010380808950086058,0.06583476764199656,0.025365748709122202,0.027796901893287436,0.06678141135972461,0.04229776247848537,0.02174053356282272,0.02732358003442341,0.04551419965576592,0.04158777969018933,0.0248171256454389,0.010058089500860585,0.022999139414802066,0.039059810671256454,0.01148881239242685,0.022160068846815834,0.011962134251290878,0.011112306368330464,0.001957831325301205,0.0008283132530120482,0.012758175559380379,0.028044320137693632,0.0063790877796901894,0.006368330464716007,0.00875645438898451,0.009853700516351118,0.001527538726333907,0.0,0.00858433734939759,0.002517211703958692,0.0002151462994836489,2.151462994836489e-05,0.0,0.0,3.227194492254733e-05,0.0018287435456110154,0.0,7.530120481927712e-05,0.0,0.0,0.0,0.0,0.0,0.0,0.0,0.0,0.0,0.0,0.0,0.0,0.0,0.0,0.0,0.0,0.0,0.0,0.0,0.0,0.0,0.0,0.0,0.0,0.0,0.0,0.0,0.0,nan,nan,4.303780528604885,2.988220840888431,nan,0.9174885545381714,0.022556822261556603,0.0,0.0,0.0,0.0,0.0,0.0,0.0,0.0,0.0,0.0,0.0,0.0,0.0,0.0,0.0,0.0,0.0,0.0,0.0,0.0,0.0,0.0,0.0,0.0,0.0,0.41598694942903763,6.007340946166396,16.455954323001635,6.668026101141926,0.45269168026101153,0.9159309425694913,0.022719009598133104,0.0,0.0,0.0,0.0,0.0,0.0,0.0,0.0,0.0,0.0,0.0,0.0,0.0,0.0,0.0,0.0,0.0,0.0,0.0,0.0,0.0,0.0,0.0,0.0,0.0,0.5054644808743171,6.584699453551914,16.407103825136616,6.147540983606559,0.3551912568306012,0.3792,0.0215,0.0,0.0,0.0,0.0,0.0,0.0,0.0,0.0,0.0,0.37928221859706374,8.160685154975532,16.810766721044022,4.38009787928222,0.269168026101142,0.0,0.0,0.0,0.0,0.0,0.0,0.0,0.0,0.0,0.0,0.0,0.0,0.0,0.0,0.0,0.0,0.38,0.02203,0.0,0.0,0.0,0.0,0.0,0.0,0.0,0.0,0.0,0.39617486338797825,8.12841530054645,16.06557377049178,5.10928961748634,0.30054644808743175,0.0,0.0,0.0,0.0,0.0,0.0,0.0,0.0,0.0,0.0,0.0,0.0,0.0,0.0,0.0,0.0
20200,4950,2539,0.5129292929292929,1208,1023,0.4507070707070707,1410,0.5696969696969697,0.40599999999999997,2.943177104935711,3.079697318195915,6.627043090638931,2.1272266773723882,9309.785962135358,1419.6466864264025,7853.0,10749.290441036224,10693.130174308792,17.67738179136051,7853.0,0.0,27.9589898989899,20.80366457107393,32.75550766283525,19.11186175901069,0.13434343434343435,0.0995959595959596,0.09454545454545454,0.08525252525252525,0.08444444444444445,0.08404040404040404,0.06666666666666667,0.062424242424242424,0.05454545454545454,0.05515151515151515,0.04666666666666667,0.03737373737373737,0.03373737373737374,0.024444444444444446,0.016565656565656565,0.011717171717171718,0.008484848484848486,0.9170865086714427,0.02257050184699153,0.0,0.0,0.0,0.0,0.0,0.0,0.0,0.0,0.0,0.0,0.0,0.0,0.0,0.0,0.0,0.0,0.0,0.0,0.0,0.0,0.0,0.0,0.0,0.0,0.0,0.3818181818181819,6.400000000000001,16.139393939393944,6.690909090909092,0.387878787878788,4.312694461729931,2.8821890483847414,nan,nan,nan,4.374291115311909,2.9024977920026345,4.252612169637369,2.8609633853806407,0.9721831623760452,0.3794,0.0219,0.0,0.0,0.0,0.0,0.0,0.0,0.0,0.0,0.0,0.4666666666666668,8.012121212121214,16.3212121212121,4.9696969696969715,0.23030303030303034,0.0,0.0,0.0,0.0,0.0,0.0,0.0,0.0,0.0,0.0,0.0,0.0,0.0,0.0,0.0,0.0,nan,nan,4.312694461729931,2.8821890483847414,nan,0.3794,0.10364,0.0,0.0,0.0,0.0,0.0,0.0,0.0,0.0,0.0,1.0101010101010101e-05,0.0,0.0,0.0,0.0,0.0010202020202020202,1.0101010101010101e-05,0.0001313131313131313,7.07070707070707e-05,0.00301010101010101,0.0036666666666666666,0.006434343434343434,0.008484848484848486,0.027656565656565657,0.02884848484848485,0.060515151515151515,0.019090909090909092,0.03004040404040404,0.021161616161616163,0.01504040404040404,0.04027272727272727,0.013898989898989899,0.027575757575757576,0.028343434343434344,0.01826262626262626,0.024232323232323234,0.011909090909090909,0.06713131313131313,0.024838383838383837,0.029313131313131312,0.06863636363636363,0.04195959595959596,0.020969696969696968,0.027525252525252526,0.04855555555555555,0.042555555555555555,0.022363636363636363,0.009868686868686869,0.023585858585858585,0.038585858585858585,0.010565656565656566,0.02185858585858586,0.011444444444444445,0.010818181818181819,0.0014444444444444444,0.0010303030303030303,0.013131313131313131,0.02523232323232323,0.006424242424242424,0.0070404040404040405,0.008838383838383838,0.009797979797979799,0.002,0.00012121212121212121,0.009767676767676767,0.0024848484848484847,0.0001818181818181818,3.0303030303030302e-05,1.0101010101010101e-05,2.0202020202020203e-05,5.0505050505050505e-05,0.0020707070707070706,0.0,6.0606060606060605e-05,0.0,0.0,0.0,0.0,0.0,0.0,0.0,0.0,0.0,0.0,0.0,0.0,0.0,0.0,0.0,0.0,0.0,0.0,0.0,0.0,0.0,0.0,0.0,0.0,0.0,0.0,0.0,0.0,nan,nan,4.312694461729931,2.8821890483847414,nan,0.9169951321666473,0.022643268604065868,0.0,0.0,0.0,0.0,0.0,0.0,0.0,0.0,0.0,0.0,0.0,0.0,0.0,0.0,0.0,0.0,0.0,0.0,0.0,0.0,0.0,0.0,0.0,0.0,0.0,0.3662859393461994,6.5931469082315886,16.022055927530527,6.62859393461993,0.38991729027176064,0.9171827363552567,0.022493216137044227,0.0,0.0,0.0,0.0,0.0,0.0,0.0,0.0,0.0,0.0,0.0,0.0,0.0,0.0,0.0,0.0,0.0,0.0,0.0,0.0,0.0,0.0,0.0,0.0,0.0,0.3981750311074244,6.196598921609292,16.262961426793865,6.756532559104108,0.3857320613853174,0.3792,0.02232,0.0,0.0,0.0,0.0,0.0,0.0,0.0,0.0,0.0,0.5317053958251281,8.022843639228045,16.104765655769967,5.09255612445845,0.24812918471839313,0.0,0.0,0.0,0.0,0.0,0.0,0.0,0.0,0.0,0.0,0.0,0.0,0.0,0.0,0.0,0.0,0.3794,0.02147,0.0,0.0,0.0,0.0,0.0,0.0,0.0,0.0,0.0,0.3981750311074244,8.000829531314809,16.5491497304023,4.840315221899627,0.21153048527581922,0.0,0.0,0.0,0.0,0.0,0.0,0.0,0.0,0.0,0.0,0.0,0.0,0.0,0.0,0.0,0.0
20300,4735,2565,0.5417106652587117,1261,912,0.45892291446673705,1290,0.5448785638859557,0.434,3.064516129032258,3.131596649782471,6.595846645367412,2.1842996264870567,9391.86644423154,1415.4884632457765,7853.0,10749.085876107216,10693.753455530737,18.094077622842253,7853.0,0.0,28.052375923970434,20.524099264961283,32.775449101796404,18.755477604357853,0.13326293558606125,0.09376979936642027,0.09989440337909188,0.08299894403379092,0.08278775079197466,0.07349524815205913,0.07349524815205913,0.06821541710665259,0.06209081309398099,0.053009503695881734,0.046884899683210135,0.03970432946145723,0.03463569165786695,0.024287222808870117,0.017106652587117212,0.009081309398099261,0.005279831045406547,0.917958275028116,0.02346413454447469,0.0,0.0,0.0,0.0,0.0,0.0,0.0,0.0,0.0,0.0,0.0,0.0,0.0,0.0,0.0,0.0,0.0,0.0,0.0,0.0,0.0,0.0,0.0,0.0,0.012671594508975715,0.41182682154171074,6.1330517423442465,15.776135163674766,7.064413938753962,0.6019007391763465,4.179022337325995,2.9390044323274025,nan,nan,nan,4.134977287475665,2.909841958485845,4.224305106658048,2.967521468137823,1.0216029769868256,0.3796,0.02235,0.0,0.0,0.0,0.0,0.0,0.0,0.0,0.0,0.0,0.5322069693769801,7.913410770855334,16.118268215417082,5.163674762407604,0.2724392819429779,0.0,0.0,0.0,0.0,0.0,0.0,0.0,0.0,0.0,0.0,0.0,0.0,0.0,0.0,0.0,0.0,nan,nan,4.179022337325995,2.9390044323274025,nan,0.3796,0.1037,0.0,0.0,0.0,0.0,0.0,0.0,0.0,0.0,0.0,9.503695881731785e-05,0.0,0.0,0.0,0.0,0.001235480464625132,2.1119324181626187e-05,0.0001795142555438226,2.1119324181626187e-05,0.0033157338965153116,0.0037697993664202747,0.005934530095036959,0.007518479408658923,0.02801478352692714,0.025881731784582893,0.06144667370644139,0.019324181626187962,0.030834213305174236,0.02051742344244984,0.01423442449841605,0.04041182682154171,0.015512143611404435,0.029651531151003167,0.028817317845828933,0.0170960929250264,0.02458289334741288,0.01071805702217529,0.06473072861668426,0.027022175290390707,0.029472016895459346,0.07050686378035903,0.04085533262935586,0.019873284054910244,0.026979936642027455,0.04791974656810982,0.04519535374868004,0.02126715945089757,0.009915522703273495,0.022756071805702216,0.04030623020063358,0.010253431890179514,0.020464625131995776,0.011362196409714889,0.01133051742344245,0.00146779303062302,0.0012038014783526927,0.01180570221752904,0.024899683210137274,0.0069799366420274555,0.007085533262935586,0.010844772967265048,0.009630411826821542,0.0018162618796198522,1.0559662090813093e-05,0.010295670538542767,0.0025237592397043293,1.0559662090813093e-05,6.335797254487857e-05,0.0,0.0,0.0,0.0019324181626187962,0.0,8.447729672650475e-05,0.0,0.0,0.0,0.0,0.0,0.0,0.0,0.0,0.0,0.0,0.0,0.0,0.0,0.0,0.0,0.0,0.0,0.0,0.0,0.0,0.0,0.0,0.0,0.0,0.0,0.0,0.0,0.0,nan,nan,4.179022337325995,2.9390044323274025,nan,0.9180515817499068,0.023634523889124206,0.0,0.0,0.0,0.0,0.0,0.0,0.0,0.0,0.0,0.0,0.0,0.0,0.0,0.0,0.0,0.0,0.0,0.0,0.0,0.0,0.0,0.0,0.0,0.0,0.01169590643274854,0.3976608187134504,6.187134502923978,15.62573099415205,7.181286549707604,0.5964912280701755,0.9178479839030499,0.023260637427029846,0.0,0.0,0.0,0.0,0.0,0.0,0.0,0.0,0.0,0.0,0.0,0.0,0.0,0.0,0.0,0.0,0.0,0.0,0.0,0.0,0.0,0.0,0.0,0.0,0.01382488479262673,0.42857142857142866,6.069124423963135,15.953917050691247,6.926267281105993,0.6082949308755762,0.3794,0.02238,0.0,0.0,0.0,0.0,0.0,0.0,0.0,0.0,0.0,0.5497076023391814,8.023391812865498,16.081871345029217,5.087719298245616,0.2573099415204679,0.0,0.0,0.0,0.0,0.0,0.0,0.0,0.0,0.0,0.0,0.0,0.0,0.0,0.0,0.0,0.0,0.3801,0.02231,0.0,0.0,0.0,0.0,0.0,0.0,0.0,0.0,0.0,0.5115207373271891,7.78341013824885,16.161290322580623,5.2534562211981575,0.29032258064516137,0.0,0.0,0.0,0.0,0.0,0.0,0.0,0.0,0.0,0.0,0.0,0.0,0.0,0.0,0.0,0.0
20400,4848,2534,0.5226897689768977,1215,935,0.4434818481848185,1302,0.5371287128712872,0.438,3.033707865168539,3.2141494374251844,6.835680751173709,2.2895785121927785,9337.90734197514,1419.0410567716879,7853.0,10755.067295193672,10693.89613018764,17.485771588769314,7853.0,0.0,27.74092409240924,20.630464075995423,32.61261040235525,18.88408752066291,0.14005775577557755,0.0983910891089109,0.09756600660066006,0.08395214521452145,0.07879537953795379,0.07817656765676567,0.0721947194719472,0.05981848184818482,0.06146864686468647,0.05528052805280528,0.04434818481848185,0.03650990099009901,0.03259075907590759,0.03197194719471947,0.014645214521452146,0.009900990099009901,0.004331683168316832,0.9181369992446388,0.022973108439062896,0.0,0.0,0.0,0.0,0.0,0.0,0.0,0.0,0.0,0.0,0.0,0.0,0.0,0.0,0.0,0.0,0.0,0.0,0.0,0.0,0.0,0.0,0.0,0.0,0.0,0.3650990099009902,6.1324257425742585,15.9220297029703,7.0297029702970315,0.5507425742574258,4.375647668393782,2.98128058172164,nan,nan,nan,4.45152895250488,2.997791304376343,4.300451321727918,2.9629116932800885,0.9660616313206386,0.3796,0.02151,0.0,0.0,0.0,0.0,0.0,0.0,0.0,0.0,0.006188118811881189,0.48886138613861396,7.580445544554457,16.84405940594057,4.894801980198021,0.1856435643564357,0.0,0.0,0.0,0.0,0.0,0.0,0.0,0.0,0.0,0.0,0.0,0.0,0.0,0.0,0.0,0.0,nan,nan,4.375647668393782,2.98128058172164,nan,0.3796,0.10364,0.0,0.0,0.0,0.0,0.0,0.0,0.0,0.0,0.0,1.0313531353135314e-05,0.0,0.0,0.0,0.0,0.0009694719471947194,2.0627062706270627e-05,0.00024752475247524753,0.0,0.0025783828382838284,0.0036097359735973596,0.005837458745874587,0.006971947194719472,0.02911509900990099,0.025123762376237625,0.061334570957095706,0.020544554455445545,0.03094059405940594,0.022101897689768977,0.014212046204620462,0.039335808580858084,0.014696782178217821,0.031848184818481846,0.028712871287128714,0.016429455445544555,0.026856435643564356,0.01069513201320132,0.05943688118811881,0.028403465346534654,0.029826732673267325,0.07253506600660066,0.03943894389438944,0.02097772277227723,0.02603135313531353,0.049752475247524755,0.043234323432343236,0.02092615511551155,0.009653465346534653,0.02332920792079208,0.04010932343234323,0.009983498349834984,0.021049917491749174,0.012159653465346535,0.009715346534653465,0.0018461221122112212,0.0014026402640264027,0.011767739273927392,0.025567244224422442,0.007415429042904291,0.005940594059405941,0.01051980198019802,0.009962871287128713,0.0012685643564356436,0.0,0.010509488448844884,0.0026712046204620463,0.0,0.00013407590759075908,0.0,0.0,0.0,0.0020936468646864685,0.0,0.0001443894389438944,0.0,0.0,0.0,0.0,0.0,0.0,0.0,0.0,0.0,0.0,0.0,0.0,0.0,0.0,0.0,0.0,0.0,0.0,0.0,0.0,0.0,0.0,0.0,0.0,0.0,0.0,0.0,0.0,nan,nan,4.375647668393782,2.98128058172164,nan,0.9182151089809782,0.02286108420120935,0.0,0.0,0.0,0.0,0.0,0.0,0.0,0.0,0.0,0.0,0.0,0.0,0.0,0.0,0.0,0.0,0.0,0.0,0.0,0.0,0.0,0.0,0.0,0.0,0.0,0.39068666140489355,5.966850828729283,16.029992107340178,7.008681925808999,0.6037884767166536,0.9180514633449481,0.023094856848119932,0.0,0.0,0.0,0.0,0.0,0.0,0.0,0.0,0.0,0.0,0.0,0.0,0.0,0.0,0.0,0.0,0.0,0.0,0.0,0.0,0.0,0.0,0.0,0.0,0.0,0.33707865168539336,6.313742437337945,15.803802938634403,7.0527225583405375,0.4926534140017287,0.3794,0.02184,0.0,0.0,0.0,0.0,0.0,0.0,0.0,0.0,0.0,0.4617205998421469,8.086029992107342,16.243093922651912,5.031570639305447,0.17758484609313344,0.0,0.0,0.0,0.0,0.0,0.0,0.0,0.0,0.0,0.0,0.0,0.0,0.0,0.0,0.0,0.0,0.38,0.02116,0.0,0.0,0.0,0.0,0.0,0.0,0.0,0.0,0.012964563526361283,0.5185825410544512,7.026793431287815,17.502160760587703,4.745030250648229,0.19446845289541922,0.0,0.0,0.0,0.0,0.0,0.0,0.0,0.0,0.0,0.0,0.0,0.0,0.0,0.0,0.0,0.0
20500,4910,2537,0.5167006109979634,1201,1013,0.4509164969450102,1402,0.5710794297352342,0.38999999999999996,2.9523809523809526,3.0844019205663455,6.471615720524017,2.2217649417535097,9320.664633182352,1419.4934738350412,7853.0,10760.023809313774,10693.454611322566,17.946782819457727,7853.0,0.0,28.440325865580448,20.84149284303786,33.188656572939195,19.08304688314228,0.1305498981670061,0.09775967413441955,0.09368635437881874,0.08533604887983706,0.08655804480651731,0.07433808553971487,0.06517311608961303,0.06415478615071284,0.059470468431771895,0.05234215885947047,0.05071283095723014,0.042566191446028516,0.036456211812627294,0.02810590631364562,0.017107942973523423,0.008553971486761711,0.007128309572301426,0.9172995631053832,0.02315113178952449,0.0,0.0,0.0,0.0,0.0,0.0,0.0,0.0,0.0,0.0,0.0,0.0,0.0,0.0,0.0,0.0,0.0,0.0,0.0,0.0,0.0,0.0,0.0,0.0,0.006109979633401224,0.4154786150712832,6.4643584521384945,15.659877800407335,6.9959266802444,0.45824847250509176,4.1502943910753025,2.9098694682721677,nan,nan,nan,4.188315724052206,2.915203107545424,4.1124845488257105,2.9040621790431587,0.981894589562334,0.38,0.02223,0.0,0.0,0.0,0.0,0.0,0.0,0.0,0.0,0.0,0.5437881873727088,7.454175152749492,16.637474541751505,5.077393075356417,0.2871690427698575,0.0,0.0,0.0,0.0,0.0,0.0,0.0,0.0,0.0,0.0,0.0,0.0,0.0,0.0,0.0,0.0,nan,nan,4.1502943910753025,2.9098694682721677,nan,0.38,0.1038,0.0,0.0,0.0,0.0,0.0,0.0,0.0,0.0,0.0,0.0,0.0,0.0,0.0,0.0,0.0008859470468431772,4.0733197556008144e-05,0.00010183299389002037,0.0,0.0023523421588594706,0.004613034623217923,0.00554989816700611,0.006659877800407332,0.026812627291242362,0.026883910386965377,0.059714867617107946,0.022627291242362527,0.031232179226069245,0.022260692464358453,0.013095723014256619,0.03985743380855397,0.015274949083503055,0.03177189409368635,0.03014256619144603,0.01570264765784114,0.026578411405295314,0.010427698574338085,0.059164969450101836,0.029389002036659877,0.0294908350305499,0.07135437881873727,0.03770875763747454,0.019480651731160897,0.028665987780040734,0.04947046843177189,0.0429735234215886,0.02070264765784114,0.010621181262729124,0.024643584521384928,0.040030549898167005,0.009633401221995927,0.020814663951120162,0.011221995926680245,0.009908350305498982,0.0023523421588594706,0.0017922606924643584,0.012016293279022403,0.02369653767820774,0.00709775967413442,0.005264765784114053,0.01109979633401222,0.010936863543788188,0.001079429735234216,7.128309572301426e-05,0.011344195519348269,0.0031873727087576376,0.0,0.00017311608961303462,0.0,1.0183299389002036e-05,1.0183299389002036e-05,0.0018940936863543788,0.0,0.0001120162932790224,0.0,0.0,0.0,0.0,0.0,0.0,0.0,0.0,0.0,0.0,0.0,0.0,0.0,0.0,0.0,0.0,0.0,0.0,0.0,0.0,0.0,0.0,0.0,0.0,0.0,0.0,0.0,0.0,nan,nan,4.1502943910753025,2.9098694682721677,nan,0.9171897322350616,0.023123140718001537,0.0,0.0,0.0,0.0,0.0,0.0,0.0,0.0,0.0,0.0,0.0,0.0,0.0,0.0,0.0,0.0,0.0,0.0,0.0,0.0,0.0,0.0,0.0,0.0,0.011824990145841548,0.4493496255419788,6.385494678754436,15.75088687426094,6.976744186046513,0.4256996452502957,0.9174169844783312,0.0231804443934556,0.0,0.0,0.0,0.0,0.0,0.0,0.0,0.0,0.0,0.0,0.0,0.0,0.0,0.0,0.0,0.0,0.0,0.0,0.0,0.0,0.0,0.0,0.0,0.0,0.0,0.379266750948167,6.548672566371683,15.56257901390645,7.016434892541088,0.49304677623261706,0.3796,0.02234,0.0,0.0,0.0,0.0,0.0,0.0,0.0,0.0,0.0,0.626724477729602,7.4497437918801745,16.590461174615665,5.061095782420183,0.2719747733543556,0.0,0.0,0.0,0.0,0.0,0.0,0.0,0.0,0.0,0.0,0.0,0.0,0.0,0.0,0.0,0.0,0.3801,0.02213,0.0,0.0,0.0,0.0,0.0,0.0,0.0,0.0,0.0,0.4551201011378003,7.458912768647283,16.68773704171932,5.094816687737042,0.30341340075853357,0.0,0.0,0.0,0.0,0.0,0.0,0.0,0.0,0.0,0.0,0.0,0.0,0.0,0.0,0.0,0.0
20600,4660,2450,0.5257510729613734,1169,931,0.45064377682403434,1297,0.5566523605150214,0.418,3.0809954751131223,3.188816842526887,6.842433697347894,2.15364792418106,9346.212987546092,1418.2520675908636,7853.0,10753.056615114212,10693.152049781545,18.088686867366093,7853.0,0.0,28.07381974248927,20.80031056845862,32.81354642313546,19.106911395350185,0.13304721030042918,0.09742489270386266,0.09678111587982832,0.08798283261802575,0.08540772532188841,0.07510729613733906,0.06909871244635193,0.06351931330472103,0.05708154506437768,0.05278969957081545,0.04721030042918455,0.04098712446351931,0.029399141630901286,0.02703862660944206,0.01866952789699571,0.011158798283261802,0.007296137339055794,0.9170194989493988,0.022859458733480845,0.0,0.0,0.0,0.0,0.0,0.0,0.0,0.0,0.0,0.0,0.0,0.0,0.0,0.0,0.0,0.0,0.0,0.0,0.0,0.0,0.0,0.0,0.0,0.0,0.006437768240343349,0.4442060085836911,6.450643776824036,15.97210300429185,6.695278969957083,0.4313304721030044,4.253790375741596,2.958657197037935,nan,nan,nan,4.267241379310345,2.9582978792316594,4.240498034076015,2.9589521653956616,0.9937328726319551,0.3794,0.02275,0.0,0.0,0.0,0.0,0.0,0.0,0.0,0.0,0.0,0.6115879828326182,8.143776824034337,15.778969957081523,5.182403433476396,0.28326180257510736,0.0,0.0,0.0,0.0,0.0,0.0,0.0,0.0,0.0,0.0,0.0,0.0,0.0,0.0,0.0,0.0,nan,nan,4.253790375741596,2.958657197037935,nan,0.3794,0.10504,0.0,0.0,0.0,0.0,0.0,0.0,0.0,0.0,0.0,0.0,0.0,0.0,0.0,0.0,0.000944206008583691,6.437768240343348e-05,0.00019313304721030043,0.0,0.0021995708154506437,0.004849785407725322,0.005729613733905579,0.006555793991416309,0.027972103004291846,0.02913090128755365,0.062188841201716735,0.021244635193133046,0.03149141630901287,0.022585836909871246,0.012714592274678112,0.04201716738197425,0.01611587982832618,0.031609442060085834,0.029517167381974248,0.014420600858369098,0.025879828326180257,0.009624463519313304,0.058991416309012876,0.030032188841201717,0.0278862660944206,0.06776824034334764,0.03699570815450644,0.01886266094420601,0.029066523605150215,0.04839055793991416,0.04291845493562232,0.019892703862660944,0.010869098712446353,0.026437768240343346,0.03959227467811159,0.01104077253218884,0.019034334763948498,0.010987124463519314,0.010300429184549357,0.0027253218884120173,0.001963519313304721,0.010160944206008583,0.024667381974248927,0.007467811158798283,0.006512875536480687,0.01028969957081545,0.012178111587982833,0.0007296137339055794,3.218884120171674e-05,0.011148068669527897,0.003240343347639485,2.145922746781116e-05,0.00013948497854077252,0.0,0.0,0.00012875536480686696,0.0023927038626609443,0.0,8.583690987124464e-05,0.0,0.0,0.0,0.0,0.0,0.0,0.0,0.0,0.0,0.0,0.0,0.0,0.0,0.0,0.0,0.0,0.0,0.0,0.0,0.0,0.0,0.0,0.0,0.0,0.0,0.0,0.0,0.0,nan,nan,4.253790375741596,2.958657197037935,nan,0.9169787289658371,0.02302581111835844,0.0,0.0,0.0,0.0,0.0,0.0,0.0,0.0,0.0,0.0,0.0,0.0,0.0,0.0,0.0,0.0,0.0,0.0,0.0,0.0,0.0,0.0,0.0,0.0,0.012244897959183676,0.4653061224489797,6.551020408163267,15.734693877551024,6.832653061224491,0.4040816326530613,0.9170646964424876,0.022673528782525713,0.0,0.0,0.0,0.0,0.0,0.0,0.0,0.0,0.0,0.0,0.0,0.0,0.0,0.0,0.0,0.0,0.0,0.0,0.0,0.0,0.0,0.0,0.0,0.0,0.0,0.42081447963800916,6.3393665158371055,16.23529411764706,6.542986425339368,0.4615384615384616,0.3794,0.02281,0.0,0.0,0.0,0.0,0.0,0.0,0.0,0.0,0.0,0.6612244897959185,8.19183673469388,15.636734693877527,5.179591836734695,0.33061224489795926,0.0,0.0,0.0,0.0,0.0,0.0,0.0,0.0,0.0,0.0,0.0,0.0,0.0,0.0,0.0,0.0,0.3796,0.0227,0.0,0.0,0.0,0.0,0.0,0.0,0.0,0.0,0.0,0.5565610859728508,8.090497737556563,15.936651583710384,5.185520361990951,0.2307692307692308,0.0,0.0,0.0,0.0,0.0,0.0,0.0,0.0,0.0,0.0,0.0,0.0,0.0,0.0,0.0,0.0
20700,4685,2402,0.5127001067235859,1138,934,0.44226254002134474,1295,0.5528281750266809,0.414,2.9899255365746824,3.129611326561175,6.6915739268680445,2.0826199340841893,9308.550668795513,1419.0919408596853,7853.0,10749.038854241371,10691.990376064521,17.406745423145665,7853.0,0.0,27.51035218783351,20.67151612883933,32.47627551020408,18.94882874000321,0.1423692636072572,0.1056563500533618,0.09775880469583778,0.08110992529348986,0.08004268943436499,0.07257203842049093,0.06574172892209178,0.06254002134471719,0.06552828175026681,0.058057630736392744,0.04525080042689435,0.03372465314834579,0.0288153681963714,0.0288153681963714,0.01622198505869797,0.009391675560298827,0.0064034151547491995,0.9174857433221384,0.02267284606095869,0.0,0.0,0.0,0.0,0.0,0.0,0.0,0.0,0.0,0.0,0.0,0.0,0.0,0.0,0.0,0.0,0.0,0.0,0.0,0.0,0.0,0.0,0.0,0.0,0.0,0.42262540021344724,6.185699039487728,15.950907150480258,6.998932764140877,0.44183564567769484,4.397098515519568,2.875017751939178,nan,nan,nan,4.396644295302013,2.8346588423774737,4.397557666214382,2.915246871183403,1.0002077427353733,0.3774,0.0222,0.0,0.0,0.0,0.0,0.0,0.0,0.0,0.0,0.0,0.6595517609391678,8.862326574172894,15.528281750266787,4.802561366061901,0.14727854855923161,0.0,0.0,0.0,0.0,0.0,0.0,0.0,0.0,0.0,0.0,0.0,0.0,0.0,0.0,0.0,0.0,nan,nan,4.397098515519568,2.875017751939178,nan,0.3774,0.10364,0.0,0.0,0.0,0.0,0.0,0.0,0.0,0.0,0.0,0.0,0.0,0.0,0.0,0.0,0.0010138740661686232,0.00016008537886872998,0.00035218783351120597,2.1344717182497334e-05,0.002785485592315902,0.00471718249733191,0.006574172892209179,0.0061366061899679825,0.027310565635005335,0.029210245464247598,0.06336179295624333,0.021494130202774814,0.03173959445037353,0.02247598719316969,0.012347918890074706,0.042091782283884736,0.01663820704375667,0.03180362860192103,0.02983991462113127,0.015240128068303094,0.026051227321237994,0.010384204909284952,0.05832443970117396,0.03219850586979722,0.027011739594450374,0.06901814300960513,0.03637139807897545,0.01753468516542156,0.02799359658484525,0.04804695837780149,0.045784418356456774,0.020181430096051226,0.011334044823906084,0.027886872998932763,0.03753468516542156,0.010341515474919957,0.019775880469583777,0.010811099252934898,0.010053361792956243,0.002678762006403415,0.0018890074706510139,0.008858057630736393,0.025805763073639274,0.00663820704375667,0.007310565635005336,0.008762006403415155,0.011878335112059765,0.0006403415154749199,4.268943436499467e-05,0.009498399146211313,0.002049092849519744,6.4034151547492e-05,0.00011739594450373532,0.0,0.0,3.2017075773746e-05,0.0017822838847385272,0.0,0.0,0.0,0.0,0.0,0.0,0.0,0.0,0.0,0.0,0.0,0.0,0.0,0.0,0.0,0.0,0.0,0.0,0.0,0.0,0.0,0.0,0.0,0.0,0.0,0.0,0.0,0.0,0.0,0.0,nan,nan,4.397098515519568,2.875017751939178,nan,0.917582137201549,0.022569465718318235,0.0,0.0,0.0,0.0,0.0,0.0,0.0,0.0,0.0,0.0,0.0,0.0,0.0,0.0,0.0,0.0,0.0,0.0,0.0,0.0,0.0,0.0,0.0,0.0,0.0,0.44962531223980023,6.007493755203998,16.211490424646133,6.881765195670276,0.44962531223980023,0.9173843249698193,0.022780668270525627,0.0,0.0,0.0,0.0,0.0,0.0,0.0,0.0,0.0,0.0,0.0,0.0,0.0,0.0,0.0,0.0,0.0,0.0,0.0,0.0,0.0,0.0,0.0,0.0,0.0,0.39421813403416567,6.373193166885678,15.676741130091987,7.122207621550593,0.4336399474375822,0.3767,0.02232,0.0,0.0,0.0,0.0,0.0,0.0,0.0,0.0,0.0,0.7743547044129894,9.317235636969194,15.162364696086573,4.633638634471275,0.11240632805995006,0.0,0.0,0.0,0.0,0.0,0.0,0.0,0.0,0.0,0.0,0.0,0.0,0.0,0.0,0.0,0.0,0.3784,0.02203,0.0,0.0,0.0,0.0,0.0,0.0,0.0,0.0,0.0,0.5387647831800264,8.383705650459923,15.913272010512461,4.980289093298293,0.18396846254927732,0.0,0.0,0.0,0.0,0.0,0.0,0.0,0.0,0.0,0.0,0.0,0.0,0.0,0.0,0.0,0.0
20800,4813,2482,0.5156866819031789,1187,985,0.4512777893205901,1349,0.5605651360897569,0.39799999999999996,3.0433290433290434,3.0441216898406767,6.428364688856729,2.085441247891151,9316.98792479109,1418.8142877629625,7853.0,10756.137438893318,10691.90970266701,17.89304626233733,7853.0,0.0,29.027010180760442,21.10861805561529,33.71672354948805,19.32281660452375,0.12881778516517764,0.09225015582796593,0.09308123831290256,0.08352378973613131,0.08019945979638479,0.07313525867442344,0.07126532308331601,0.06731768127986702,0.06212341574901309,0.05464367338458342,0.04529399542904633,0.0444629129441097,0.03594431747350925,0.030957822563889466,0.017037190941200913,0.010388531061707874,0.009557448576771245,0.9169556138521913,0.023076390746216074,0.0,0.0,0.0,0.0,0.0,0.0,0.0,0.0,0.0,0.0,0.0,0.0,0.0,0.0,0.0,0.0,0.0,0.0,0.0,0.0,0.0,0.0,0.0,0.0,0.0,0.4300851859547061,6.607105755246209,15.813421982131729,6.644504467068358,0.5048826095990028,4.322044528065224,2.8583283313319505,nan,nan,nan,4.360343769183548,2.893598935400312,4.2803078896728675,2.8205360551438146,0.9816445941541744,0.3765,0.02226,0.0,0.0,0.0,0.0,0.0,0.0,0.0,0.0,0.0,0.7604404737170166,9.062954498233951,15.819655100768728,4.20735507999169,0.14336172865156868,0.0062331186370247265,0.0,0.0,0.0,0.0,0.0,0.0,0.0,0.0,0.0,0.0,0.0,0.0,0.0,0.0,0.0,nan,nan,4.322044528065224,2.8583283313319505,nan,0.3765,0.1034,0.0,0.0,0.0,0.0,0.0,0.0,0.0,0.0,0.0,0.0,0.0,1.0388531061707875e-05,0.0,0.0,0.0009661333887388323,3.1165593185123624e-05,0.00034282152503635986,7.271971743195512e-05,0.003220444629129441,0.00513193434448369,0.0061188447953459384,0.0056721379596925,0.0241429461874091,0.02986702680241014,0.06651776438811552,0.019717431955121545,0.031882401828381465,0.02571161437772699,0.012694784957407022,0.04255142322875546,0.018044878454186578,0.0325784334095159,0.0315291917722834,0.014627051734884688,0.02567006025348016,0.011011842925410346,0.0577913982962809,0.03244338250571369,0.028339912736339082,0.07122376895906919,0.036806565551631,0.01617494286307916,0.027290671099106587,0.04456679825472678,0.04649906503220445,0.0184708082277166,0.011136505298150842,0.02712445460211926,0.038541450238936216,0.009370455017660503,0.020070642011219615,0.009110741741117806,0.00957822563889466,0.0026698524828589238,0.0017764388115520465,0.008528984001662165,0.02564928319135674,0.006762933721171827,0.006617494286307916,0.008954913775192188,0.012092250155827966,0.0009038022023685851,8.3108248493663e-05,0.008923748182007064,0.0021815915229586535,3.1165593185123624e-05,0.00010388531061707874,0.0,0.0,0.0,0.002067317681279867,0.0,0.0,0.0,0.0,0.0,0.0,0.0,0.0,0.0,0.0,0.0,0.0,0.0,0.0,0.0,0.0,0.0,0.0,0.0,0.0,0.0,0.0,0.0,0.0,0.0,0.0,0.0,0.0,0.0,0.0,nan,nan,4.322044528065224,2.8583283313319505,nan,0.9173849834538966,0.023138445190967978,0.0,0.0,0.0,0.0,0.0,0.0,0.0,0.0,0.0,0.0,0.0,0.0,0.0,0.0,0.0,0.0,0.0,0.0,0.0,0.0,0.0,0.0,0.0,0.0,0.0,0.45930701047542316,6.369863013698631,15.725221595487513,6.986301369863015,0.45930701047542316,0.9164984300892428,0.02300132344784565,0.0,0.0,0.0,0.0,0.0,0.0,0.0,0.0,0.0,0.0,0.0,0.0,0.0,0.0,0.0,0.0,0.0,0.0,0.0,0.0,0.0,0.0,0.0,0.0,0.0,0.39897039897039904,6.859716859716861,15.907335907335911,6.2805662805662825,0.5534105534105536,0.3767,0.02237,0.0,0.0,0.0,0.0,0.0,0.0,0.0,0.0,0.0,0.6526994359387592,9.113618049959712,15.70104754230457,4.375503626107978,0.14504431909750204,0.012087026591458504,0.0,0.0,0.0,0.0,0.0,0.0,0.0,0.0,0.0,0.0,0.0,0.0,0.0,0.0,0.0,0.376,0.02216,0.0,0.0,0.0,0.0,0.0,0.0,0.0,0.0,0.0,0.8751608751608754,9.009009009009011,15.945945945945924,4.028314028314029,0.14157014157014158,0.0,0.0,0.0,0.0,0.0,0.0,0.0,0.0,0.0,0.0,0.0,0.0,0.0,0.0,0.0,0.0
20900,4574,2333,0.510056843025798,1129,918,0.4475295146480105,1252,0.5474420638390906,0.438,2.964301651048639,3.2024605759215747,6.7901639344262295,2.2518265750153086,9300.768590615236,1418.9960243134199,7853.0,10767.886895537376,10691.445578000037,18.323664369892544,7853.0,0.0,27.837997376475734,20.87451292633358,33.02731092436975,19.025449837214577,0.14604285089637078,0.09925666812418014,0.09073021425448186,0.08220376038478355,0.08439003060778312,0.07433318758198514,0.06843025797988632,0.06427634455618715,0.057717533887188456,0.052907739396589416,0.04285089637079143,0.041320507214691736,0.03519895059029296,0.027547004809794492,0.015741145605596852,0.010712724092697858,0.006340183646698732,0.9169465095443292,0.02323690012045338,0.0,0.0,0.0,0.0,0.0,0.0,0.0,0.0,0.0,0.0,0.0,0.0,0.0,0.0,0.0,0.0,0.0,0.0,0.0,0.0,0.0,0.0,0.0,0.0,0.00655881066899869,0.43944031482291224,6.60472234368168,15.596851770878883,6.893310013117623,0.4591167468299083,4.280952380952381,2.9835109968761175,nan,nan,nan,4.293253173012692,2.995461034908471,4.268191268191268,2.971009145473615,0.9941624908172286,0.376,0.02242,0.0,0.0,0.0,0.0,0.0,0.0,0.0,0.0,0.00655881066899869,0.8067337122868389,9.35286401399213,15.360734586794905,4.2894621775251425,0.17708788806296463,0.00655881066899869,0.0,0.0,0.0,0.0,0.0,0.0,0.0,0.0,0.0,0.0,0.0,0.0,0.0,0.0,0.0,nan,nan,4.280952380952381,2.9835109968761175,nan,0.376,0.1042,0.0,0.0,0.0,0.0,0.0,0.0,0.0,0.0,0.0,0.0,0.0,0.0,0.0,0.0,0.0014429383471797114,2.1862702229995627e-05,0.0004809794490599038,7.65194578049847e-05,0.003268473983384346,0.004361609094884127,0.0061434193266287716,0.00565150852645387,0.0254919108001749,0.029678618277219064,0.06721687800612156,0.02063839090511587,0.031176213379973765,0.025371665937909925,0.013270660253607345,0.04473108876257106,0.018178836904241363,0.03395277656318321,0.030115872321818976,0.015194578049846962,0.02424573677306515,0.011773065150852646,0.05660253607345868,0.033165719282903364,0.028071709663314386,0.07093353738522082,0.03676213379973765,0.01720594665500656,0.026814604285089638,0.043856580673371226,0.044621775251421074,0.018397463926541322,0.01095321381722781,0.025480979449059905,0.038664188893747266,0.008919982509838217,0.018463052033231307,0.008635767380848272,0.008275032794053346,0.0029623961521644073,0.0017818102317446436,0.008734149540883253,0.02665063401836467,0.0076738084827284656,0.006668124180148666,0.008515522518583297,0.013522081329252296,0.0011259291648447749,0.0001530389156099694,0.009313511149978138,0.002361171840839528,4.3725404459991255e-05,7.65194578049847e-05,0.0,2.1862702229995627e-05,0.0,0.0020878880629645823,0.0,0.0,0.0,0.0,0.0,0.0,0.0,0.0,0.0,0.0,0.0,0.0,0.0,0.0,0.0,0.0,0.0,0.0,0.0,0.0,0.0,0.0,0.0,0.0,0.0,0.0,0.0,0.0,0.0,0.0,nan,nan,4.280952380952381,2.9835109968761175,nan,0.9167814527874181,0.023694226010119456,0.0,0.0,0.0,0.0,0.0,0.0,0.0,0.0,0.0,0.0,0.0,0.0,0.0,0.0,0.0,0.0,0.0,0.0,0.0,0.0,0.0,0.0,0.0,0.0,0.012858979854264898,0.5529361337333906,6.635233604800687,15.482211744534936,6.750964423489071,0.5657951135876554,0.917118342393001,0.022749762728734416,0.0,0.0,0.0,0.0,0.0,0.0,0.0,0.0,0.0,0.0,0.0,0.0,0.0,0.0,0.0,0.0,0.0,0.0,0.0,0.0,0.0,0.0,0.0,0.0,0.0,0.32128514056224905,6.572958500669346,15.716198125836684,7.041499330655959,0.34805890227576985,0.3765,0.02255,0.0,0.0,0.0,0.0,0.0,0.0,0.0,0.0,0.0,0.7329618516930992,9.245606515216462,15.327903986283733,4.513501928846979,0.1671667381054437,0.012858979854264898,0.0,0.0,0.0,0.0,0.0,0.0,0.0,0.0,0.0,0.0,0.0,0.0,0.0,0.0,0.0,0.3755,0.02223,0.0,0.0,0.0,0.0,0.0,0.0,0.0,0.0,0.013386880856760378,0.883534136546185,9.464524765729587,15.394912985274408,4.056224899598394,0.1874163319946453,0.0,0.0,0.0,0.0,0.0,0.0,0.0,0.0,0.0,0.0,0.0,0.0,0.0,0.0,0.0,0.0
21000,4799,2517,0.5244842675557407,1183,976,0.4498853927901646,1353,0.5638674723900813,0.43,3.0854513584574934,3.123399641757368,6.602698650674663,2.1079257667489424,9341.599550984283,1417.4623765018328,7853.0,10747.09656059742,10691.215830422556,17.542326138338147,7853.0,0.0,28.75599083142321,21.154337475137382,33.51251226692836,19.395086295067813,0.13294436340904356,0.10002083767451553,0.0860595957491144,0.08897687018128776,0.07564075849135236,0.07209835382371327,0.07188997707855803,0.07043133986247135,0.05605334444675974,0.050218795582413,0.045009376953531986,0.045217753698687226,0.035424046676390916,0.03209001875390707,0.019170660554282144,0.012085851219003959,0.006668055844967702,0.9182235719412907,0.022789421918237254,0.0,0.0,0.0,0.0,0.0,0.0,0.0,0.0,0.0,0.0,0.0,0.0,0.0,0.0,0.0,0.0,0.0,0.0,0.0,0.0,0.0,0.0,0.0,0.0,0.0,0.39383204834340496,5.982496353406962,16.20337570327152,6.982704730152117,0.4375911648260055,4.256863363837173,2.9599681681185923,nan,nan,nan,4.276582667486171,2.9379505878776846,4.238157040882544,2.982709894822987,0.9910148757568121,0.375,0.02226,0.0,0.0,0.0,0.0,0.0,0.0,0.0,0.0,0.018753907063971665,0.9501979579078976,9.526984788497606,15.484475932485914,3.863304855178163,0.15003125651177332,0.006251302354657221,0.0,0.0,0.0,0.0,0.0,0.0,0.0,0.0,0.0,0.0,0.0,0.0,0.0,0.0,0.0,nan,nan,4.256863363837173,2.9599681681185923,nan,0.375,0.10455,0.0,0.0,0.0,0.0,0.0,0.0,0.0,0.0,0.0,0.0,0.0,2.0837674515524066e-05,0.0,0.0,0.0014273807043133986,0.0,0.0004063346530527193,5.209418628881017e-05,0.0038028755990831423,0.005594915607418212,0.00630339654094603,0.005969993748697645,0.02515107314023755,0.028672640133361117,0.07073348614294644,0.02044175869972911,0.029537403625755364,0.025619920816836842,0.014534277974578036,0.04447801625338612,0.01945196916024172,0.03344446759741613,0.03167326526359658,0.015544905188580954,0.024192540112523444,0.012617211919149824,0.05527193165242759,0.0332048343404876,0.028558032923525736,0.07057720358408001,0.03393415294853094,0.01726401333611169,0.02613044384246718,0.04204000833506981,0.043550739737445304,0.01845176078349656,0.010033340279224838,0.025619920816836842,0.03900812669306106,0.009793707022296311,0.01885809543654928,0.00799124817670348,0.007741196082517191,0.0027193165242758908,0.0019587414044592625,0.009147739112315065,0.0287872473431965,0.007136903521566993,0.006334653052719317,0.008001667013961242,0.013179829131068972,0.001239841633673682,0.00013544488435090644,0.008970618878933112,0.0025630339654094604,2.0837674515524066e-05,0.0002187955824130027,0.0,1.0418837257762033e-05,0.0,0.001875390706397166,0.0,0.0,0.0,0.0,0.0,0.0,0.0,0.0,0.0,0.0,0.0,0.0,0.0,0.0,0.0,0.0,0.0,0.0,0.0,0.0,0.0,0.0,0.0,0.0,0.0,0.0,0.0,0.0,0.0,0.0,nan,nan,4.256863363837173,2.9599681681185923,nan,0.9177135261079836,0.02266328131776758,0.0,0.0,0.0,0.0,0.0,0.0,0.0,0.0,0.0,0.0,0.0,0.0,0.0,0.0,0.0,0.0,0.0,0.0,0.0,0.0,0.0,0.0,0.0,0.0,0.0,0.38140643623361153,6.197854588796187,16.328963051251492,6.698450536352802,0.3933253873659119,0.9187861422140488,0.022914584625514836,0.0,0.0,0.0,0.0,0.0,0.0,0.0,0.0,0.0,0.0,0.0,0.0,0.0,0.0,0.0,0.0,0.0,0.0,0.0,0.0,0.0,0.0,0.0,0.0,0.0,0.4075372480280457,5.744960560911482,16.064855390008766,7.296231375985979,0.48641542506573193,0.375,0.02243,0.0,0.0,0.0,0.0,0.0,0.0,0.0,0.0,0.02383790226460072,0.9296781883194281,9.451728247914184,15.45887961859354,3.9690107270560198,0.1549463647199047,0.01191895113230036,0.0,0.0,0.0,0.0,0.0,0.0,0.0,0.0,0.0,0.0,0.0,0.0,0.0,0.0,0.0,0.3748,0.02211,0.0,0.0,0.0,0.0,0.0,0.0,0.0,0.0,0.013146362839614376,0.9728308501314639,9.609991235758109,15.512708150744938,3.746713409290097,0.14460999123575813,0.0,0.0,0.0,0.0,0.0,0.0,0.0,0.0,0.0,0.0,0.0,0.0,0.0,0.0,0.0,0.0
21100,4808,2485,0.516846921797005,1229,957,0.45465890183028285,1304,0.5424292845257903,0.43,2.9100301334481276,3.1206335864711683,6.658022690437601,2.167553119959968,9319.914062192827,1418.3499510731244,7853.0,10755.847250580788,10691.198314295016,17.61826865586288,7853.0,0.0,27.876455906821963,20.64352891203196,32.759891196834815,18.867790933393948,0.13831114808652245,0.09692179700499168,0.09671381031613976,0.0850665557404326,0.08007487520798669,0.07529118136439268,0.07321131447587355,0.0663477537437604,0.05886023294509152,0.049500831946755405,0.04742096505823627,0.04097337770382695,0.03410981697171381,0.025374376039933443,0.016014975041597337,0.01019134775374376,0.005615640599001664,0.9184202579982864,0.022999803207211983,0.0,0.0,0.0,0.0,0.0,0.0,0.0,0.0,0.0,0.0,0.0,0.0,0.0,0.0,0.0,0.0,0.0,0.0,0.0,0.0,0.0,0.0,0.0,0.0,0.006239600665557406,0.3306988352745425,6.0149750415973395,15.917221297836942,7.181780366056574,0.5490848585690516,4.2066623544631305,2.9184109538085705,nan,nan,nan,4.123216601815823,2.902053126885831,4.289677419354839,2.932238475395016,1.0403715917969742,0.3743,0.02245,0.0,0.0,0.0,0.0,0.0,0.0,0.0,0.0,0.018718801996672217,0.8548252911813646,10.357737104825294,14.918885191347732,3.7250415973377713,0.12479201331114811,0.0,0.0,0.0,0.0,0.0,0.0,0.0,0.0,0.0,0.0,0.0,0.0,0.0,0.0,0.0,0.0,nan,nan,4.2066623544631305,2.9184109538085705,nan,0.3743,0.105,0.0,0.0,0.0,0.0,0.0,0.0,0.0,0.0,0.0,0.0,0.0,1.0399334442595674e-05,0.0,0.0,0.0015183028286189684,0.0,0.00033277870216306157,6.239600665557404e-05,0.003130199667221298,0.006083610648918469,0.005740432612312812,0.006468386023294509,0.025873544093178037,0.030698835274542428,0.0735544925124792,0.01975873544093178,0.027922212978369384,0.0240432612312812,0.014475873544093179,0.04478993344425957,0.020996256239600667,0.03325707154742096,0.03406821963394343,0.01662853577371048,0.025031198003327787,0.01288477537437604,0.05269342762063228,0.03336106489184692,0.028754159733777037,0.06818843594009984,0.03157237936772046,0.01747088186356073,0.02531198003327787,0.04219009983361065,0.042491680532445925,0.018614808652246257,0.009577787021630617,0.02507279534109817,0.041742928452579035,0.009910565723793677,0.01719009983361065,0.007612312811980033,0.007414725457570715,0.0022774542429284525,0.002579034941763727,0.008465058236272879,0.031114808652246258,0.006572379367720466,0.006977953410981697,0.0073731281198003325,0.012531198003327786,0.0010711314475873545,0.00010399334442595674,0.009972961730449252,0.0023190515806988353,0.00016638935108153079,0.00032237936772046586,0.0,0.0,7.279534109816971e-05,0.001559900166389351,2.0798668885191348e-05,0.0,0.0,0.0,0.0,0.0,0.0,0.0,0.0,0.0,0.0,0.0,0.0,0.0,0.0,0.0,0.0,0.0,0.0,0.0,0.0,0.0,0.0,0.0,0.0,0.0,0.0,0.0,0.0,0.0,nan,nan,4.2066623544631305,2.9184109538085705,nan,0.9186479376835123,0.022637500981987094,0.0,0.0,0.0,0.0,0.0,0.0,0.0,0.0,0.0,0.0,0.0,0.0,0.0,0.0,0.0,0.0,0.0,0.0,0.0,0.0,0.0,0.0,0.0,0.0,0.012072434607645878,0.2655935613682093,5.903420523138834,16.189134808853122,7.038229376257546,0.591549295774648,0.9181767005218394,0.023378702788219706,0.0,0.0,0.0,0.0,0.0,0.0,0.0,0.0,0.0,0.0,0.0,0.0,0.0,0.0,0.0,0.0,0.0,0.0,0.0,0.0,0.0,0.0,0.0,0.0,0.0,0.40034438226431346,6.134309083082223,15.626345243219978,7.335342229875163,0.5036590615583298,0.374,0.0226,0.0,0.0,0.0,0.0,0.0,0.0,0.0,0.0,0.024144869215291756,0.8571428571428573,10.478873239436624,14.728370221327948,3.7786720321931595,0.13279678068410464,0.0,0.0,0.0,0.0,0.0,0.0,0.0,0.0,0.0,0.0,0.0,0.0,0.0,0.0,0.0,0.0,0.3745,0.02226,0.0,0.0,0.0,0.0,0.0,0.0,0.0,0.0,0.012914334911752048,0.8523461041756352,10.22815325010762,15.122686181661622,3.6676711149375816,0.11622901420576842,0.0,0.0,0.0,0.0,0.0,0.0,0.0,0.0,0.0,0.0,0.0,0.0,0.0,0.0,0.0,0.0
21200,4887,2567,0.5252711274810722,1216,948,0.4428074483323102,1351,0.5528954368733374,0.418,3.080603448275862,3.190903501062287,6.825,2.070867607322792,9343.721886036707,1417.2488549118405,7853.0,10759.018155574799,10691.004619034431,18.014386001984995,7853.0,0.0,28.21915285451197,21.09639702709019,33.27789987789988,19.303018736498803,0.1397585430734602,0.09249028033558421,0.09903826478412114,0.08594229588704727,0.0847145488029466,0.07223245344792306,0.06425209740126867,0.063024350317168,0.0560671168405975,0.0560671168405975,0.04767751176590956,0.038264784121137714,0.03396766932678535,0.02864743196234909,0.01841620626151013,0.011049723756906077,0.008389605074687948,0.9181910535419355,0.022926720448448266,0.0,0.0,0.0,0.0,0.0,0.0,0.0,0.0,0.0,0.0,0.0,0.0,0.0,0.0,0.0,0.0,0.0,0.0,0.0,0.0,0.0,0.0,0.0,0.0,0.0,0.3130755064456722,6.249232658072438,15.923879680785761,6.918354818907306,0.5954573357888276,4.355379746835443,2.9665811921665637,nan,nan,nan,4.410386320455985,2.977652639285436,4.30253164556962,2.9542278086161686,0.9755452998785797,0.3738,0.0229,0.0,0.0,0.0,0.0,0.0,0.0,0.0,0.0,0.006138735420503378,1.0313075506445675,10.21485573971762,14.904849600982176,3.621853898096993,0.2209944751381216,0.0,0.0,0.0,0.0,0.0,0.0,0.0,0.0,0.0,0.0,0.0,0.0,0.0,0.0,0.0,0.0,nan,nan,4.355379746835443,2.9665811921665637,nan,0.3738,0.10516,0.0,0.0,0.0,0.0,0.0,0.0,0.0,0.0,0.0,0.0,0.0,0.0,0.0,0.0,0.0016165336607325558,0.0,0.0006650296705545324,3.069367710251688e-05,0.0034683855125844077,0.007305095150399018,0.005320237364436259,0.006414978514426028,0.025035809289952936,0.02955801104972376,0.0724780028647432,0.020237364436259463,0.026908123593206466,0.0253939021894823,0.017055453243298546,0.04234704317577246,0.02429916103949253,0.0356353591160221,0.03317986494782075,0.015981174544710455,0.022774708410067526,0.01221608348680172,0.05441988950276243,0.035011254348270925,0.02941477388991201,0.06760793943114385,0.03110292613055044,0.018027419684878247,0.025260896255371392,0.044444444444444446,0.03907305095150399,0.01773071413955392,0.009699201964395334,0.023992224268467362,0.041753632085123796,0.008614692040106404,0.016175567833026396,0.007315326376099857,0.007151626764886433,0.0019643953345610805,0.0026498874565172906,0.008184980560671169,0.031215469613259668,0.006967464702271332,0.0070697769592797215,0.008133824432166974,0.01348475547370575,0.001565377532228361,0.00022508696541845714,0.009596889707386945,0.002128094945774504,0.0001023122570083896,0.0003887865766318805,1.023122570083896e-05,0.0,3.069367710251688e-05,0.001565377532228361,0.0,0.0,0.0,0.0,0.0,0.0,0.0,0.0,0.0,0.0,0.0,0.0,0.0,0.0,0.0,0.0,0.0,0.0,0.0,0.0,0.0,0.0,0.0,0.0,0.0,0.0,0.0,0.0,0.0,0.0,nan,nan,4.355379746835443,2.9665811921665637,nan,0.9186644435253968,0.023021751291622188,0.0,0.0,0.0,0.0,0.0,0.0,0.0,0.0,0.0,0.0,0.0,0.0,0.0,0.0,0.0,0.0,0.0,0.0,0.0,0.0,0.0,0.0,0.0,0.0,0.0,0.30385664199454626,6.088819633813792,15.870666147253607,7.0938839111803675,0.642773665757694,0.9176672638490282,0.02280966444400861,0.0,0.0,0.0,0.0,0.0,0.0,0.0,0.0,0.0,0.0,0.0,0.0,0.0,0.0,0.0,0.0,0.0,0.0,0.0,0.0,0.0,0.0,0.0,0.0,0.0,0.3232758620689656,6.4267241379310365,15.982758620689658,6.724137931034484,0.5431034482758622,0.3738,0.02261,0.0,0.0,0.0,0.0,0.0,0.0,0.0,0.0,0.011686793922867162,1.0167510712894432,10.027269185820026,15.356447214647426,3.4008570315543443,0.1869887027658746,0.0,0.0,0.0,0.0,0.0,0.0,0.0,0.0,0.0,0.0,0.0,0.0,0.0,0.0,0.0,0.0,0.374,0.02322,0.0,0.0,0.0,0.0,0.0,0.0,0.0,0.0,0.0,1.0474137931034484,10.42241379310345,14.405172413793082,3.8663793103448283,0.2586206896551725,0.0,0.0,0.0,0.0,0.0,0.0,0.0,0.0,0.0,0.0,0.0,0.0,0.0,0.0,0.0,0.0
21300,4931,2613,0.5299127965929832,1267,965,0.45264652200365035,1354,0.549178665585074,0.418,2.977998274374461,3.078346955638613,6.568356374807988,2.0929653741351752,9356.872089564644,1416.5005831106428,7853.0,10756.369312167168,10690.961451834388,18.12814489836841,7853.0,0.0,27.930034475765567,20.717121427411527,32.785026480500726,18.955418826818818,0.1372946663962685,0.10079091462178057,0.0924761711620361,0.08902859460555668,0.07219630906509836,0.0817278442506591,0.07199351044412898,0.06266477387953762,0.05252484283106875,0.059217197323058204,0.05333603731494626,0.041979314540661124,0.031028189008314742,0.01967146623402961,0.015007097951733928,0.011356722774285136,0.007706347596836341,0.9177092989712887,0.022833394873955276,0.0,0.0,0.0,0.0,0.0,0.0,0.0,0.0,0.0,0.0,0.0,0.0,0.0,0.0,0.0,0.0,0.0,0.0,0.0,0.0,0.0,0.0,0.0,0.0,0.006083958629081324,0.3589535591157981,6.315149056986414,15.879132021902254,6.94179679578179,0.4988846075846685,4.203331238214959,2.895706779463689,nan,nan,nan,4.253299811439346,2.8822393539170803,4.153362664990572,2.908253444143998,0.976503620511305,0.3748,0.02336,0.0,0.0,0.0,0.0,0.0,0.0,0.0,0.0,0.006083958629081324,1.0829446359764756,9.84384506185358,14.942202393023706,3.893733522612047,0.23119042790509028,0.0,0.0,0.0,0.0,0.0,0.0,0.0,0.0,0.0,0.0,0.0,0.0,0.0,0.0,0.0,0.0,nan,nan,4.203331238214959,2.895706779463689,nan,0.3748,0.1056,0.0,0.0,0.0,0.0,0.0,0.0,0.0,0.0,0.0,0.0,0.0,0.0,0.0,0.0,0.00125735145001014,5.0699655242344355e-05,0.0005881160008111945,5.0699655242344355e-05,0.0033461772459947273,0.0074427093895761505,0.004319610626647739,0.005982559318596634,0.02685053741634557,0.02827012776313121,0.07339282092881769,0.01929628878523626,0.026546339484891504,0.02522814844859055,0.017349422023930236,0.040245386331372944,0.02327114175623606,0.03536807949705942,0.0337456905293044,0.017106063678766985,0.022723585479618738,0.01356722774285135,0.0542689109714054,0.03477996349624823,0.030571892111133644,0.06487527884810383,0.03181910363009532,0.018332995335631718,0.02459947272358548,0.04551815047657676,0.03875481646724802,0.01752180085175421,0.010738186980328534,0.022845264652200364,0.04369296288785236,0.008111944838775096,0.015483674711011966,0.0074427093895761505,0.0074224295274792134,0.001652808760900426,0.002504562968971811,0.008771040356925573,0.030227134455485704,0.006479415939971608,0.008132224700872034,0.00816264449401744,0.01507807746907321,0.0014297302778341107,0.0003751774487933482,0.009490975461366864,0.0023119042790509027,0.0003346177245994727,0.0004867166903265058,1.0139931048468871e-05,0.0,5.0699655242344355e-05,0.001723788278239708,0.0,0.0,0.0,0.0,0.0,0.0,0.0,0.0,0.0,0.0,0.0,0.0,0.0,0.0,0.0,0.0,0.0,0.0,0.0,0.0,0.0,0.0,0.0,0.0,0.0,0.0,0.0,0.0,0.0,0.0,nan,nan,4.203331238214959,2.895706779463689,nan,0.9174863153429174,0.022884977196891483,0.0,0.0,0.0,0.0,0.0,0.0,0.0,0.0,0.0,0.0,0.0,0.0,0.0,0.0,0.0,0.0,0.0,0.0,0.0,0.0,0.0,0.0,0.0,0.0,0.011481056257175663,0.3903559127439725,6.257175660160736,15.981630309988521,6.831228473019519,0.5281285878300804,0.9179606605851517,0.022772490109542475,0.0,0.0,0.0,0.0,0.0,0.0,0.0,0.0,0.0,0.0,0.0,0.0,0.0,0.0,0.0,0.0,0.0,0.0,0.0,0.0,0.0,0.0,0.0,0.0,0.0,0.3235547886108715,6.380500431406387,15.76358930112166,7.066436583261434,0.465918895599655,0.3748,0.02345,0.0,0.0,0.0,0.0,0.0,0.0,0.0,0.0,0.011481056257175663,1.0907003444316878,9.804822043628016,14.971297359357038,3.8461538461538467,0.2755453501722159,0.0,0.0,0.0,0.0,0.0,0.0,0.0,0.0,0.0,0.0,0.0,0.0,0.0,0.0,0.0,0.0,0.3748,0.02327,0.0,0.0,0.0,0.0,0.0,0.0,0.0,0.0,0.0,1.0742018981880934,9.887834339948233,14.909404659188935,3.9473684210526323,0.18119068162208807,0.0,0.0,0.0,0.0,0.0,0.0,0.0,0.0,0.0,0.0,0.0,0.0,0.0,0.0,0.0,0.0
21400,4924,2619,0.5318846466287571,1235,951,0.4439480097481722,1325,0.5381803411860276,0.422,3.0559652928416488,3.185772362122561,6.749253731343283,2.1440214087765184,9363.15555262936,1416.7972333427542,7853.0,10757.223994016647,10692.253891235956,17.83387512654949,7853.0,0.0,28.009341998375305,20.999611086240865,33.04504722693146,19.190405018144457,0.14480097481722176,0.09565393988627133,0.0934199837530463,0.08509341998375304,0.07818846466287571,0.07615759545085296,0.07006498781478472,0.060519902518277824,0.057473598700243704,0.05381803411860276,0.05117790414297319,0.038180341186027617,0.03290008123476848,0.02538586515028432,0.01949634443541836,0.012185215272136474,0.005483346872461413,0.919389689687691,0.023022929800194977,0.0,0.0,0.0,0.0,0.0,0.0,0.0,0.0,0.0,0.0,0.0,0.0,0.0,0.0,0.0,0.0,0.0,0.0,0.0,0.0,0.0,0.0,0.0,0.0,0.012185215272136478,0.28025995125913894,5.7331437855402125,15.645816409423237,7.7376116978066625,0.5909829406986191,4.19046114971573,2.94796694972614,nan,nan,nan,4.183492063492063,2.9220530718484423,4.197360150848523,2.973381692285077,1.003314954862107,0.3752,0.02257,0.0,0.0,0.0,0.0,0.0,0.0,0.0,0.0,0.006092607636068239,0.8164094232331439,9.870024370430546,15.194963444354164,3.893176279447604,0.2193338748984566,0.0,0.0,0.0,0.0,0.0,0.0,0.0,0.0,0.0,0.0,0.0,0.0,0.0,0.0,0.0,0.0,nan,nan,4.19046114971573,2.94796694972614,nan,0.3752,0.105,0.0,0.0,0.0,0.0,0.0,0.0,0.0,0.0,0.0,0.0,0.0,0.0,0.0,0.0,0.0009341998375304631,0.0003046303818034119,0.0007818846466287571,0.00011169780666125102,0.002924451665312754,0.0075852965069049556,0.003482940698619009,0.006123070674248578,0.027000406173842403,0.029884240454914703,0.06912063363119415,0.01892770105605199,0.026594232331437855,0.02445166531275386,0.017881803411860277,0.03951056051990252,0.024979691307879772,0.03551990251827782,0.03301177904142973,0.018988627132412672,0.022705117790414297,0.013149878147847278,0.05356417546709992,0.03607839155158408,0.030188870836718115,0.061636880584890336,0.03249390739236393,0.018724614134849715,0.024350121852152722,0.04812144597887896,0.039561332250203085,0.0159017059301381,0.009270917952883834,0.024746141348497157,0.045948415922014624,0.008407798537774167,0.016602355808285948,0.008123476848090982,0.006904955320877335,0.0019699431356620632,0.0027924451665312755,0.008945978878960195,0.030046709991876523,0.00503655564581641,0.008072705117790414,0.007757920389926889,0.015393988627132413,0.001502843216896832,0.0003554021121039805,0.009128757108042241,0.0017059301380991064,0.00036555645816409424,0.0005381803411860276,0.0,0.0,4.061738424045491e-05,0.0017465475223395613,0.0,0.0,0.0,0.0,0.0,0.0,0.0,0.0,0.0,0.0,0.0,0.0,0.0,0.0,0.0,0.0,0.0,0.0,0.0,0.0,0.0,0.0,0.0,0.0,0.0,0.0,0.0,0.0,0.0,0.0,nan,nan,4.19046114971573,2.94796694972614,nan,0.9189099809649155,0.023168412508989523,0.0,0.0,0.0,0.0,0.0,0.0,0.0,0.0,0.0,0.0,0.0,0.0,0.0,0.0,0.0,0.0,0.0,0.0,0.0,0.0,0.0,0.0,0.0,0.0,0.022909507445589925,0.309278350515464,5.922107674684995,15.589919816723944,7.59450171821306,0.5612829324169532,0.9199347470173866,0.02284428280902365,0.0,0.0,0.0,0.0,0.0,0.0,0.0,0.0,0.0,0.0,0.0,0.0,0.0,0.0,0.0,0.0,0.0,0.0,0.0,0.0,0.0,0.0,0.0,0.0,0.0,0.24728850325379614,5.518438177874188,15.709327548806945,7.900216919739698,0.6247288503253797,0.3757,0.02238,0.0,0.0,0.0,0.0,0.0,0.0,0.0,0.0,0.011454753722794963,0.7674684994272625,9.50744558991982,15.532646048109944,3.9747995418098516,0.20618556701030932,0.0,0.0,0.0,0.0,0.0,0.0,0.0,0.0,0.0,0.0,0.0,0.0,0.0,0.0,0.0,0.0,0.3748,0.02277,0.0,0.0,0.0,0.0,0.0,0.0,0.0,0.0,0.0,0.8720173535791759,10.281995661605208,14.811279826464187,3.8004338394793935,0.2342733188720174,0.0,0.0,0.0,0.0,0.0,0.0,0.0,0.0,0.0,0.0,0.0,0.0,0.0,0.0,0.0,0.0
21500,4883,2506,0.5132090927708376,1200,983,0.4470612328486586,1392,0.5701413065738276,0.41,2.9688683214135465,3.0265753402470006,6.428571428571429,2.0891221809364016,9310.140492476647,1419.1981512762009,7853.0,10761.721516609192,10692.272555771535,17.810507954504455,7853.0,0.0,28.148474298586933,20.922163249497128,33.1062119366626,19.127240407383784,0.13946344460372723,0.09952897808724145,0.0923612533278722,0.08539832070448494,0.07843538808109769,0.07249641613762031,0.07229162400163834,0.062052017202539424,0.05857055089084579,0.05242678681138644,0.04566864632398116,0.04894532049969281,0.03235715748515257,0.025599016997747286,0.01679295515052222,0.009420438255171002,0.008191685439279131,0.9199426748482585,0.022913523943694187,0.0,0.0,0.0,0.0,0.0,0.0,0.0,0.0,0.0,0.0,0.0,0.0,0.0,0.0,0.0,0.0,0.0,0.0,0.0,0.0,0.0,0.0,0.0,0.0,0.00614376407945935,0.28875691173458945,5.449518738480444,15.912348965799715,7.722711447880403,0.6205201720253943,4.239494470774091,2.785340954176361,nan,nan,nan,4.193916349809886,2.7871993289799932,4.283732660781841,2.7832955489205085,1.0214158565599496,0.375,0.02275,0.0,0.0,0.0,0.0,0.0,0.0,0.0,0.0,0.0122875281589187,1.0198648371902521,9.694859717386853,15.10137210731106,4.0180217079664144,0.15359410198648374,0.0,0.0,0.0,0.0,0.0,0.0,0.0,0.0,0.0,0.0,0.0,0.0,0.0,0.0,0.0,0.0,nan,nan,4.239494470774091,2.785340954176361,nan,0.375,0.10474,0.0,0.0,0.0,0.0,0.0,0.0,0.0,0.0,0.0,0.0,0.0,0.0,0.0,3.071882039729674e-05,0.0011673151750972762,0.00024575056317837393,0.0005734179807495392,4.095842719639566e-05,0.002764693835756707,0.007003891050583658,0.0030616424329305753,0.006266639361048536,0.025486381322957198,0.030606184722506657,0.07100143354495188,0.019076387466721276,0.02612123694450133,0.02575261109973377,0.017581404874052835,0.04037476960884702,0.022803604341593283,0.0349068195781282,0.03535736227728855,0.019383575670694247,0.02330534507474913,0.013065738275650215,0.052815891869752205,0.03570550890845792,0.030432111406921973,0.06142740118779439,0.032582428834732745,0.01866680319475732,0.023745648167110382,0.0481261519557649,0.038797870161785784,0.015615400368625845,0.009123489657997133,0.025895965594921154,0.0461806266639361,0.00894941634241245,0.017806676223633012,0.009492115502764693,0.006379275035838624,0.0022117550686053655,0.0031845177145197624,0.008058570550890846,0.027053041163219334,0.005017407331558468,0.007864018021707966,0.007648986278926889,0.015994265820192505,0.0016076182674585296,0.0006655744419414295,0.009031333196805243,0.001095637927503584,0.0007782101167315176,0.00017407331558468155,1.0239606799098915e-05,0.0,0.0,0.0018840876510342003,0.0,0.0,0.0,0.0,0.0,0.0,0.0,0.0,0.0,0.0,0.0,0.0,0.0,0.0,0.0,0.0,0.0,0.0,0.0,0.0,0.0,0.0,0.0,0.0,0.0,0.0,0.0,0.0,0.0,0.0,nan,nan,4.239494470774091,2.785340954176361,nan,0.9199256147514413,0.02295526490857588,0.0,0.0,0.0,0.0,0.0,0.0,0.0,0.0,0.0,0.0,0.0,0.0,0.0,0.0,0.0,0.0,0.0,0.0,0.0,0.0,0.0,0.0,0.0,0.0,0.01197126895450918,0.21548284118116526,5.55466879489226,15.9098164405427,7.649640861931366,0.658419792498005,0.9199606607980371,0.022869421412854717,0.0,0.0,0.0,0.0,0.0,0.0,0.0,0.0,0.0,0.0,0.0,0.0,0.0,0.0,0.0,0.0,0.0,0.0,0.0,0.0,0.0,0.0,0.0,0.0,0.0,0.36600757257046707,5.338662179217502,15.91501893142617,7.799747580984436,0.5805637358014305,0.3748,0.02284,0.0,0.0,0.0,0.0,0.0,0.0,0.0,0.0,0.0,1.0893854748603353,9.888268156424584,14.820430965682341,3.986432561851557,0.21548284118116526,0.0,0.0,0.0,0.0,0.0,0.0,0.0,0.0,0.0,0.0,0.0,0.0,0.0,0.0,0.0,0.0,0.3752,0.02264,0.0,0.0,0.0,0.0,0.0,0.0,0.0,0.0,0.025241901556583936,0.9465713083718975,9.49095498527556,15.397559949516175,4.051325199831721,0.08834665544804378,0.0,0.0,0.0,0.0,0.0,0.0,0.0,0.0,0.0,0.0,0.0,0.0,0.0,0.0,0.0,0.0
21600,4744,2442,0.5147554806070826,1130,955,0.4395025295109612,1327,0.5594435075885329,0.422,3.0560382276281493,3.1563494313340645,6.672782874617737,2.134604767995167,9314.350459215764,1418.9010594539193,7853.0,10758.21653842926,10691.921612825381,17.95665941200307,7853.0,0.0,27.847807757166947,21.111554849067073,32.921291624621595,19.3964653106083,0.1431281618887015,0.10623946037099494,0.08916526138279933,0.08579258010118043,0.08157672849915683,0.06956155143338955,0.07166947723440135,0.06070826306913996,0.060075885328836426,0.049747048903878585,0.04700674536256324,0.036467116357504215,0.03351602023608769,0.025084317032040473,0.021500843170320406,0.011593591905564924,0.007166947723440135,0.9199923294114222,0.022789047708683695,0.0,0.0,0.0,0.0,0.0,0.0,0.0,0.0,0.0,0.0,0.0,0.0,0.0,0.0,0.0,0.0,0.0,0.0,0.0,0.0,0.0,0.0,0.0,0.0,0.0,0.2655986509274874,5.368887015177068,15.866357504215856,7.8920741989881975,0.6070826306913998,4.355893034004622,2.9062805426727243,nan,nan,nan,4.35611038107753,2.8912605835167504,4.355673523556735,2.921371607866739,0.9998997138542007,0.3748,0.0233,0.0,0.0,0.0,0.0,0.0,0.0,0.0,0.0,0.0,1.0497470489038787,9.959949409780776,14.677487352445173,4.167369308600338,0.14544688026981453,0.0,0.0,0.0,0.0,0.0,0.0,0.0,0.0,0.0,0.0,0.0,0.0,0.0,0.0,0.0,0.0,nan,nan,4.355893034004622,2.9062805426727243,nan,0.3748,0.1052,0.0,0.0,0.0,0.0,0.0,0.0,0.0,0.0,0.0,0.0,0.0,0.0,0.0,0.0,0.0010750421585160202,0.000484822934232715,0.00026349072512647553,5.269814502529511e-05,0.0027086846543001686,0.0075674536256323775,0.003193507588532884,0.0068929173693086,0.025147554806070827,0.02928962900505902,0.07345067453625632,0.01863406408094435,0.024873524451939293,0.025822091062394605,0.017970067453625633,0.03736298482293423,0.024662731871838112,0.0353393760539629,0.0375,0.021184654300168634,0.025516441821247893,0.013511804384485666,0.052550590219224286,0.033547639123102865,0.030238195615514333,0.06175168634064081,0.031882377740303544,0.018570826306913996,0.023440134907251265,0.04644814502529511,0.039702782462057336,0.015271922428330522,0.008473861720067453,0.025263490725126476,0.045415261382799325,0.00851602023608769,0.016852866779089377,0.009443507588532884,0.006861298482293423,0.0018655143338954469,0.002951096121416526,0.00721964586846543,0.026243676222596966,0.0054806070826306915,0.008263069139966273,0.008031197301854975,0.01646290050590219,0.001496627318718381,0.0007483136593591905,0.01023397976391231,0.0011593591905564925,0.0012858347386172006,4.215851602023609e-05,1.0539629005059022e-05,0.0,0.0,0.0017706576728499157,0.0,0.0,0.0,0.0,0.0,0.0,0.0,0.0,0.0,0.0,0.0,0.0,0.0,0.0,0.0,0.0,0.0,0.0,0.0,0.0,0.0,0.0,0.0,0.0,0.0,0.0,0.0,0.0,0.0,0.0,nan,nan,4.355893034004622,2.9062805426727243,nan,0.9195845686051809,0.02272546234423908,0.0,0.0,0.0,0.0,0.0,0.0,0.0,0.0,0.0,0.0,0.0,0.0,0.0,0.0,0.0,0.0,0.0,0.0,0.0,0.0,0.0,0.0,0.0,0.0,0.0,0.30712530712530717,5.503685503685505,15.933660933660937,7.665847665847667,0.5896805896805898,0.9204248888766009,0.02284835378347457,0.0,0.0,0.0,0.0,0.0,0.0,0.0,0.0,0.0,0.0,0.0,0.0,0.0,0.0,0.0,0.0,0.0,0.0,0.0,0.0,0.0,0.0,0.0,0.0,0.0,0.22154648132059085,5.225890529973936,15.794960903562123,8.132059079061687,0.6255430060816682,0.3745,0.02354,0.0,0.0,0.0,0.0,0.0,0.0,0.0,0.0,0.0,1.203931203931204,9.914004914004915,14.47174447174445,4.275184275184276,0.13513513513513517,0.0,0.0,0.0,0.0,0.0,0.0,0.0,0.0,0.0,0.0,0.0,0.0,0.0,0.0,0.0,0.0,0.375,0.02301,0.0,0.0,0.0,0.0,0.0,0.0,0.0,0.0,0.0,0.8861859252823634,10.008688097306692,14.8957428323197,4.052997393570808,0.15638575152041706,0.0,0.0,0.0,0.0,0.0,0.0,0.0,0.0,0.0,0.0,0.0,0.0,0.0,0.0,0.0,0.0
21700,4946,2488,0.5030327537403962,1175,1049,0.44965628790942175,1417,0.5729882733522038,0.422,2.9442636289666395,3.120404782032298,6.699851411589896,2.153600249439315,9281.610225753075,1420.0305043202372,7853.0,10760.757238149643,10692.994443960895,18.313354689444754,7853.0,0.0,28.086332389809947,21.058993908490475,32.92812649736464,19.357878622664607,0.137484836231298,0.10028305701577032,0.09320663162151234,0.08896077638495754,0.0812778002426203,0.07177517185604529,0.06752931661949049,0.06773150020218359,0.05863323898099474,0.051556813586736756,0.04751314193287505,0.039021431459765464,0.030934088152042055,0.024464213505863325,0.016376870198139912,0.012333198544278204,0.010917913465426607,0.9201169967217528,0.023376918647597684,0.0,0.0,0.0,0.0,0.0,0.0,0.0,0.0,0.0,0.0,0.0,0.0,0.0,0.0,0.0,0.0,0.0,0.0,0.0,0.0,0.0,0.0,0.0,0.0,0.0,0.35179943388596857,5.39830165790538,15.709664375252732,7.879094217549537,0.6611403154063892,4.320100031259769,2.853197674592508,nan,nan,nan,4.326683291770574,2.8583362305592774,4.313479623824452,2.8480054273406177,0.9969483165150461,0.3757,0.0229,0.0,0.0,0.0,0.0,0.0,0.0,0.0,0.0,0.012131014961585123,0.8613020622725437,9.68661544682572,15.163768701981379,4.076021027092601,0.19409623938536197,0.0060655074807925615,0.0,0.0,0.0,0.0,0.0,0.0,0.0,0.0,0.0,0.0,0.0,0.0,0.0,0.0,0.0,nan,nan,4.320100031259769,2.853197674592508,nan,0.3757,0.10565,0.0,0.0,0.0,0.0,0.0,0.0,0.0,0.0,0.0,0.0,0.0,0.0,0.0,0.0,0.0011322280630812777,0.0003538212697128993,0.0003942579862515164,4.0436716538617066e-05,0.0027901334411645773,0.007238172260412455,0.003376465830974525,0.005893651435503437,0.02538414880711686,0.028801051354630004,0.07419126566922767,0.017711281843914274,0.023443186413263244,0.02582895268904165,0.017953902143145975,0.03857662757784068,0.025030327537403963,0.034917104731095834,0.038687828548321875,0.020481196926809542,0.024818034775576224,0.01348564496562879,0.05253740396279822,0.03321876263647392,0.029437929640113224,0.06260614638091387,0.03168216740800647,0.017539425798625153,0.022472705216336434,0.04616862110796603,0.03909219571370805,0.016012939749292358,0.007976142337242215,0.02597048119692681,0.04480388192478771,0.008299636069551152,0.018924383340072785,0.00985644965628791,0.007106752931661949,0.002042054185200162,0.0031338455317428226,0.008350181965224425,0.027547513141932874,0.005084917104731096,0.007035988677719369,0.008451273756570966,0.0164678528103518,0.0014759401536595228,0.0007379700768297614,0.010695511524464213,0.0015972503032753741,0.0011625556004852405,4.0436716538617066e-05,0.0,0.0,2.0218358269308533e-05,0.0019207440355843105,0.0,0.0,0.0,0.0,0.0,0.0,0.0,0.0,0.0,0.0,0.0,0.0,0.0,0.0,0.0,0.0,0.0,0.0,0.0,0.0,0.0,0.0,0.0,0.0,0.0,0.0,0.0,0.0,0.0,0.0,nan,nan,4.320100031259769,2.853197674592508,nan,0.92034562372893,0.023398060093395394,0.0,0.0,0.0,0.0,0.0,0.0,0.0,0.0,0.0,0.0,0.0,0.0,0.0,0.0,0.0,0.0,0.0,0.0,0.0,0.0,0.0,0.0,0.0,0.0,0.0,0.3617363344051448,5.341639871382638,15.687299035369778,7.97025723472669,0.6390675241157558,0.9198855793117215,0.023353220399682618,0.0,0.0,0.0,0.0,0.0,0.0,0.0,0.0,0.0,0.0,0.0,0.0,0.0,0.0,0.0,0.0,0.0,0.0,0.0,0.0,0.0,0.0,0.0,0.0,0.0,0.3417412530512613,5.455655004068349,15.732302685109849,7.786818551668024,0.6834825061025226,0.3757,0.02324,0.0,0.0,0.0,0.0,0.0,0.0,0.0,0.0,0.012057877813504826,0.9525723472668812,9.706591639871384,14.891479099678437,4.220257234726689,0.20498392282958203,0.012057877813504826,0.0,0.0,0.0,0.0,0.0,0.0,0.0,0.0,0.0,0.0,0.0,0.0,0.0,0.0,0.0,0.3757,0.02255,0.0,0.0,0.0,0.0,0.0,0.0,0.0,0.0,0.012205044751830759,0.7689178193653379,9.66639544344996,15.439381611065883,3.9300244100895045,0.1830756712774614,0.0,0.0,0.0,0.0,0.0,0.0,0.0,0.0,0.0,0.0,0.0,0.0,0.0,0.0,0.0,0.0
21800,4843,2521,0.5205451166632252,1187,973,0.4460045426388602,1342,0.5542019409456949,0.43,3.0607235142118863,3.1106799708987443,6.539797395079595,2.1056245989528515,9331.349462639859,1418.8628429707398,7853.0,10753.115359425545,10693.002557542579,18.211641256252403,7853.0,0.0,28.392525294239107,20.9824799801948,33.29715825575698,19.2001918157305,0.13504026429898824,0.09849266983274829,0.08920090852777204,0.08713607268222176,0.08610365475944662,0.07226925459425976,0.0652488127193888,0.06153210819739831,0.06235804253561842,0.05513111707619244,0.04687177369399133,0.041916167664670656,0.03345034069791451,0.028701218253148874,0.019202973363617593,0.011356597150526533,0.005988023952095809,0.9206269517457857,0.023057106050015264,0.0,0.0,0.0,0.0,0.0,0.0,0.0,0.0,0.0,0.0,0.0,0.0,0.0,0.0,0.0,0.0,0.0,0.0,0.0,0.0,0.0,0.0,0.0,0.0,0.0,0.26016931653933517,5.203386330786704,15.82077224860624,8.003303737352882,0.7123683667148464,4.275620623806493,2.881674166604765,nan,nan,nan,4.324151185137732,2.8401779568538537,4.227703984819734,2.9212764581838346,0.9776956918968304,0.3762,0.02324,0.0,0.0,0.0,0.0,0.0,0.0,0.0,0.0,0.006194507536650838,0.9415651455709273,9.32273384265951,15.164154449721226,4.317571753045634,0.2477803014660335,0.0,0.0,0.0,0.0,0.0,0.0,0.0,0.0,0.0,0.0,0.0,0.0,0.0,0.0,0.0,0.0,nan,nan,4.275620623806493,2.881674166604765,nan,0.3762,0.1058,0.0,0.0,0.0,0.0,0.0,0.0,0.0,0.0,0.0,0.0,0.0,0.0,0.0,0.0,0.0007123683667148462,0.00027875283914928766,0.00021680776378277928,4.1296716911005576e-05,0.0023952095808383233,0.006545529630394384,0.0032624406359694404,0.0067829857526326654,0.025975634937022506,0.028350196159405327,0.07363204625232295,0.016704521990501753,0.025686557918645467,0.02615114598389428,0.018521577534586,0.03652694610778443,0.025872393144744994,0.03578360520338633,0.036939913276894484,0.01940945694817262,0.026688003303737353,0.014278339871980178,0.05103241792277514,0.03430724757381788,0.027503613462729712,0.062399339252529426,0.031044806937848442,0.01643609333058022,0.021918232500516208,0.04629361965723725,0.0415238488540161,0.015692752426182118,0.008341936816023127,0.02599628329547801,0.04611810861036548,0.008713607268222177,0.018242824695436713,0.009911212058641337,0.006803634111088168,0.002808176749948379,0.003985133181912038,0.00910592607887673,0.02628536031385505,0.004934957670865167,0.006308073508156101,0.008331612636795376,0.016322527359074954,0.0016725170348957257,0.0006504232913483378,0.011738591781953335,0.001517654346479455,0.0011872806111914102,2.0648358455502788e-05,4.1296716911005576e-05,2.0648358455502788e-05,4.1296716911005576e-05,0.001992566590956019,0.0,0.0,0.0,0.0,0.0,0.0,0.0,0.0,0.0,0.0,0.0,0.0,0.0,0.0,0.0,0.0,0.0,0.0,0.0,0.0,0.0,0.0,0.0,0.0,0.0,0.0,0.0,0.0,0.0,0.0,nan,nan,4.275620623806493,2.881674166604765,nan,0.9200395031705445,0.023078285734264663,0.0,0.0,0.0,0.0,0.0,0.0,0.0,0.0,0.0,0.0,0.0,0.0,0.0,0.0,0.0,0.0,0.0,0.0,0.0,0.0,0.0,0.0,0.0,0.0,0.0,0.2975009916699723,5.4145180483934965,15.934153113843715,7.639825466084888,0.7140023800079336,0.9212647458276905,0.023017119967946247,0.0,0.0,0.0,0.0,0.0,0.0,0.0,0.0,0.0,0.0,0.0,0.0,0.0,0.0,0.0,0.0,0.0,0.0,0.0,0.0,0.0,0.0,0.0,0.0,0.0,0.2196382428940569,4.974160206718347,15.697674418604654,8.39793281653747,0.7105943152454782,0.376,0.02312,0.0,0.0,0.0,0.0,0.0,0.0,0.0,0.0,0.0,0.9282030940103135,9.389131297104326,15.315351051170147,4.08171360571202,0.28560095200317337,0.0,0.0,0.0,0.0,0.0,0.0,0.0,0.0,0.0,0.0,0.0,0.0,0.0,0.0,0.0,0.0,0.3765,0.02338,0.0,0.0,0.0,0.0,0.0,0.0,0.0,0.0,0.012919896640826876,0.9560723514211888,9.250645994832043,14.999999999999979,4.573643410852714,0.20671834625323002,0.0,0.0,0.0,0.0,0.0,0.0,0.0,0.0,0.0,0.0,0.0,0.0,0.0,0.0,0.0,0.0
21900,4805,2523,0.5250780437044745,1179,968,0.44682622268470346,1328,0.5527575442247659,0.39799999999999996,2.861963190184049,2.9735555493601558,6.236722306525038,2.1643656074761575,9344.336709318028,1418.3847084128238,7853.0,10755.668210864067,10693.219139228348,18.375471637206235,7853.0,0.0,28.86888657648283,21.09506453831779,33.779719419148414,19.223198057528837,0.13694068678459936,0.09136316337148803,0.08928199791883455,0.08574401664932361,0.07804370447450572,0.07200832466181062,0.07096774193548387,0.0659729448491155,0.06222684703433923,0.04994797086368366,0.046618106139438086,0.043704474505723206,0.04120707596253902,0.02830385015608741,0.021019771071800208,0.012903225806451613,0.0037460978147762745,0.9202824300211252,0.02323366934035363,0.0,0.0,0.0,0.0,0.0,0.0,0.0,0.0,0.0,0.0,0.0,0.0,0.0,0.0,0.0,0.0,0.0,0.0,0.0,0.0,0.0,0.0,0.0,0.0,0.0,0.299687825182102,5.600416233090532,15.36524453694069,8.116545265348597,0.6181061394380855,3.998423707440101,2.798564762233763,nan,nan,nan,4.019242706393545,2.8152730871086047,3.9775641025641026,2.781833782706798,0.9896302346302346,0.376,0.02357,0.0,0.0,0.0,0.0,0.0,0.0,0.0,0.0,0.006243496357960459,0.9427679500520293,9.627471383975028,14.722164412070738,4.389177939646203,0.3121748178980229,0.0,0.0,0.0,0.0,0.0,0.0,0.0,0.0,0.0,0.0,0.0,0.0,0.0,0.0,0.0,0.0,nan,nan,3.998423707440101,2.798564762233763,nan,0.376,0.1056,0.0,0.0,0.0,0.0,0.0,0.0,0.0,0.0,0.0,0.0,0.0,0.0,0.0,0.0,0.0007388137356919875,0.0003121748178980229,8.324661810613944e-05,2.081165452653486e-05,0.002497398543184183,0.006066597294484911,0.0037669094693028094,0.007627471383975026,0.024797086368366285,0.027939646201873048,0.0740894901144641,0.016971904266389178,0.025681581685744016,0.027075962539021853,0.018283038501560874,0.03521331945889698,0.025712799167533818,0.0386576482830385,0.03599375650364204,0.018855359001040583,0.02660770031217482,0.013173777315296566,0.05088449531737773,0.03563995837669095,0.027669094693028095,0.06254942767950052,0.03189386056191467,0.016337148803329864,0.021644120707596255,0.046493236212278875,0.03985431841831426,0.015858480749219563,0.0081789802289282,0.026586888657648283,0.045327783558792925,0.009573361082206036,0.017419354838709676,0.010582726326742975,0.006576482830385016,0.00331945889698231,0.003870967741935484,0.010176899063475546,0.025015608740894903,0.006077003121748179,0.005431841831425598,0.008428720083246619,0.01611862643080125,0.0016545265348595214,0.0004474505723204995,0.01125910509885536,0.0012903225806451613,0.0015088449531737774,2.081165452653486e-05,2.081165452653486e-05,0.0,3.121748178980229e-05,0.0020915712799167534,0.0,0.0,0.0,0.0,0.0,0.0,0.0,0.0,0.0,0.0,0.0,0.0,0.0,0.0,0.0,0.0,0.0,0.0,0.0,0.0,0.0,0.0,0.0,0.0,0.0,0.0,0.0,0.0,0.0,0.0,nan,nan,3.998423707440101,2.798564762233763,nan,0.9202742783313604,0.023001550005808842,0.0,0.0,0.0,0.0,0.0,0.0,0.0,0.0,0.0,0.0,0.0,0.0,0.0,0.0,0.0,0.0,0.0,0.0,0.0,0.0,0.0,0.0,0.0,0.0,0.0,0.29726516052318674,5.4458977407847815,15.755053507728897,7.89536266349584,0.6064209274673009,0.9202914426036303,0.023487629318857513,0.0,0.0,0.0,0.0,0.0,0.0,0.0,0.0,0.0,0.0,0.0,0.0,0.0,0.0,0.0,0.0,0.0,0.0,0.0,0.0,0.0,0.0,0.0,0.0,0.0,0.30236634531113066,5.771253286590712,14.934268185801931,8.361086765994743,0.63102541630149,0.3762,0.02367,0.0,0.0,0.0,0.0,0.0,0.0,0.0,0.0,0.01189060642092747,0.9750297265160525,9.3935790725327,14.875148632580242,4.387633769322236,0.3567181926278241,0.0,0.0,0.0,0.0,0.0,0.0,0.0,0.0,0.0,0.0,0.0,0.0,0.0,0.0,0.0,0.0,0.376,0.02347,0.0,0.0,0.0,0.0,0.0,0.0,0.0,0.0,0.0,0.9070990359333919,9.88606485539001,14.55302366345309,4.390885188431201,0.2629272567922875,0.0,0.0,0.0,0.0,0.0,0.0,0.0,0.0,0.0,0.0,0.0,0.0,0.0,0.0,0.0,0.0
22000,4794,2434,0.507717980809345,1141,994,0.4453483521068002,1338,0.55819774718398,0.40199999999999997,2.9338983050847456,3.0642614709811395,6.514503816793893,2.14426706413913,9294.681672453657,1419.6549837810353,7853.0,10754.410838246346,10692.532431283003,17.997402069199396,7853.0,0.0,28.021693783896538,20.9197253073509,33.12602944846519,19.08571130777982,0.14351272423863162,0.10095953274926991,0.08802670004171881,0.08239465999165624,0.07884856070087609,0.07154776804338757,0.07676261994159365,0.06466416353775553,0.059866499791405924,0.052774301209845643,0.04609929078014184,0.03754693366708386,0.03629536921151439,0.025657071339173967,0.017104714226115977,0.011055486024196913,0.00688360450563204,0.919248125169692,0.023191223471572906,0.0,0.0,0.0,0.0,0.0,0.0,0.0,0.0,0.0,0.0,0.0,0.0,0.0,0.0,0.0,0.0,0.0,0.0,0.0,0.0,0.0,0.0,0.0,0.0,0.025031289111389243,0.3504380475594494,5.663329161451816,15.700876095118902,7.622027534418024,0.6382978723404257,4.264010366051182,2.821766910547893,nan,nan,nan,4.316766070245196,2.8179329426372086,4.2135614702154625,2.8245068419484856,0.9760921489952613,0.3762,0.02307,0.0,0.0,0.0,0.0,0.0,0.0,0.0,0.0,0.006257822277847311,0.8823529411764708,9.205256570713393,15.306633291614498,4.349186483103881,0.25031289111389243,0.0,0.0,0.0,0.0,0.0,0.0,0.0,0.0,0.0,0.0,0.0,0.0,0.0,0.0,0.0,0.0,nan,nan,4.264010366051182,2.821766910547893,nan,0.3762,0.106,0.0,0.0,0.0,0.0,0.0,0.0,0.0,0.0,0.0,0.0,0.0,0.0,1.0429703796412182e-05,0.0,0.0005006257822277847,0.0006049228201919065,0.00014601585314977055,0.0,0.002190237797246558,0.006497705465164789,0.004265748852732582,0.008656654151022111,0.023143512724238632,0.02752398831873175,0.07329995828118481,0.019388819357530247,0.02490613266583229,0.026564455569461826,0.01877346683354193,0.0365561118064247,0.02629328327075511,0.03765123070504798,0.03375052148518982,0.02041093032957864,0.025260742594910304,0.013777638715060492,0.04883187317480184,0.03796412181894034,0.02734668335419274,0.06069044639132248,0.031946182728410516,0.017480183562786817,0.022152690863579474,0.047914059240717566,0.03908010012515645,0.01443471005423446,0.0082186065915728,0.02666875260742595,0.044336670838548184,0.010544430538172715,0.017136003337505215,0.009324155193992491,0.006195244055068836,0.004224030037546934,0.003566958698372966,0.010763454317897372,0.024895702962035877,0.006111806424697538,0.00678973717146433,0.007874426366291197,0.017031706299541094,0.001606174384647476,0.0005840634125990822,0.011159783062161035,0.0007926574885273258,0.0017626199415936587,0.0,1.0429703796412182e-05,0.0,4.171881518564873e-05,0.002346683354192741,0.0,0.0,0.0,0.0,0.0,0.0,0.0,0.0,0.0,0.0,0.0,0.0,0.0,0.0,0.0,0.0,0.0,0.0,0.0,0.0,0.0,0.0,0.0,0.0,0.0,0.0,0.0,0.0,0.0,0.0,nan,nan,4.264010366051182,2.821766910547893,nan,0.9187995915591178,0.02304027607619064,0.0,0.0,0.0,0.0,0.0,0.0,0.0,0.0,0.0,0.0,0.0,0.0,0.0,0.0,0.0,0.0,0.0,0.0,0.0,0.0,0.0,0.0,0.0,0.0,0.03697617091207889,0.32046014790468375,6.002465078060807,15.566967953985213,7.530813475760067,0.542317173377157,0.9197107229697502,0.02333685285772111,0.0,0.0,0.0,0.0,0.0,0.0,0.0,0.0,0.0,0.0,0.0,0.0,0.0,0.0,0.0,0.0,0.0,0.0,0.0,0.0,0.0,0.0,0.0,0.0,0.012711864406779664,0.3813559322033899,5.3135593220339,15.83898305084746,7.716101694915256,0.7372881355932205,0.3765,0.02303,0.0,0.0,0.0,0.0,0.0,0.0,0.0,0.0,0.0,0.912078882497946,9.096138044371406,15.320460147904663,4.412489728841414,0.2588331963845522,0.0,0.0,0.0,0.0,0.0,0.0,0.0,0.0,0.0,0.0,0.0,0.0,0.0,0.0,0.0,0.0,0.3762,0.0231,0.0,0.0,0.0,0.0,0.0,0.0,0.0,0.0,0.012711864406779664,0.8516949152542375,9.317796610169493,15.292372881355911,4.283898305084747,0.2415254237288136,0.0,0.0,0.0,0.0,0.0,0.0,0.0,0.0,0.0,0.0,0.0,0.0,0.0,0.0,0.0,0.0
22100,4707,2453,0.5211387295517315,1139,1004,0.455279371149352,1364,0.579562353940939,0.39399999999999996,2.966282165039929,3.0310020016860673,6.508716323296355,2.092815443876162,9333.007142256241,1418.767184947434,7853.0,10757.66201722622,10692.948478842287,18.451921917411862,7853.0,0.0,28.26428723178245,21.0317939269521,33.49566768603466,19.11683407746766,0.14489058848523476,0.09305289993626514,0.08689186318249416,0.08710431272572763,0.07903123008285533,0.0769067346505205,0.07265774378585087,0.06203526662417676,0.05842362438920756,0.053749734438070955,0.04928829403016784,0.039728064584661146,0.032504780114722756,0.02400679838538347,0.01954535797748035,0.014021669853409816,0.00616103675377098,0.920220483532118,0.023327507484363415,0.0,0.0,0.0,0.0,0.0,0.0,0.0,0.0,0.0,0.0,0.0,0.0,0.0,0.0,0.0,0.0,0.0,0.0,0.0,0.0,0.0,0.0,0.0,0.0,0.0,0.3951561504142767,5.481198215423839,15.385595920968774,8.01147227533461,0.7265774378585088,4.21966255678131,2.81763983511865,nan,nan,nan,4.203788373612018,2.806917137956758,4.235332043842682,2.8280970087967856,1.0075036294473503,0.375,0.0233,0.0,0.0,0.0,0.0,0.0,0.0,0.0,0.0,0.0,1.032504780114723,9.955385595920971,14.856596558317378,3.91332058636074,0.24219247928616958,0.0,0.0,0.0,0.0,0.0,0.0,0.0,0.0,0.0,0.0,0.0,0.0,0.0,0.0,0.0,0.0,nan,nan,4.21966255678131,2.81763983511865,nan,0.375,0.1065,0.0,0.0,0.0,0.0,0.0,0.0,0.0,0.0,0.0,0.0,0.0,0.0,1.0622477161674103e-05,0.0,0.0006904610155088166,0.0002974293605268749,0.00014871468026343744,1.0622477161674103e-05,0.0023369449755683024,0.00639473125132781,0.004525175270873168,0.009230932653494795,0.023040152963671127,0.027278521351179096,0.07699171446781389,0.02237093690248566,0.02498406628425749,0.02537709793923943,0.020968769917144678,0.03746547694922456,0.0269492245591672,0.03509666454217123,0.03296154663267474,0.021659230932653494,0.02493095389844912,0.013660505629912896,0.04862970044614404,0.037816018695559804,0.025801997025706395,0.05764818355640535,0.030805183768854896,0.018727427236031442,0.023475674527299765,0.04811982154238369,0.0384746122795836,0.013394943700871043,0.008763543658381135,0.025228383258975993,0.044316974718504355,0.010293180369662206,0.016709156575313362,0.008189929891650733,0.00644784363713618,0.003760356915232632,0.0029530486509454007,0.011674102400679839,0.02519651582749097,0.006968345018058211,0.006564690885914595,0.007563203739111961,0.01620990014871468,0.0009029105587422987,0.0006267261525387721,0.01273635011684725,0.0009454004673889951,0.001561504142766093,0.0,2.1244954323348205e-05,0.0,0.0,0.002092628000849798,0.0,0.0,0.0,0.0,0.0,0.0,0.0,0.0,0.0,0.0,0.0,0.0,0.0,0.0,0.0,0.0,0.0,0.0,0.0,0.0,0.0,0.0,0.0,0.0,0.0,0.0,0.0,0.0,0.0,0.0,nan,nan,4.21966255678131,2.81763983511865,nan,0.9203060163170573,0.02384820761982452,0.0,0.0,0.0,0.0,0.0,0.0,0.0,0.0,0.0,0.0,0.0,0.0,0.0,0.0,0.0,0.0,0.0,0.0,0.0,0.0,0.0,0.0,0.0,0.0,0.0,0.40358744394618845,5.784753363228701,14.871585813289853,8.083978801467593,0.8560945780676724,0.9201273992723771,0.02274693052809413,0.0,0.0,0.0,0.0,0.0,0.0,0.0,0.0,0.0,0.0,0.0,0.0,0.0,0.0,0.0,0.0,0.0,0.0,0.0,0.0,0.0,0.0,0.0,0.0,0.0,0.3859804791481811,5.150842945874002,15.944986690328308,7.93256433007986,0.585625554569654,0.3757,0.02339,0.0,0.0,0.0,0.0,0.0,0.0,0.0,0.0,0.0,0.9783938035059113,9.52710966163881,15.165103954341602,4.035874439461884,0.2935181410517734,0.0,0.0,0.0,0.0,0.0,0.0,0.0,0.0,0.0,0.0,0.0,0.0,0.0,0.0,0.0,0.0,0.3743,0.0232,0.0,0.0,0.0,0.0,0.0,0.0,0.0,0.0,0.0,1.091393078970719,10.421472937000889,14.520851818988444,3.7799467613132216,0.18633540372670812,0.0,0.0,0.0,0.0,0.0,0.0,0.0,0.0,0.0,0.0,0.0,0.0,0.0,0.0,0.0,0.0
22200,4531,2307,0.509159126020746,1083,907,0.43919664533215624,1282,0.5658794967998234,0.41,3.007643884892086,3.0978402529656464,6.5038051750380514,2.211854214695459,9298.663482547412,1419.4790288188794,7853.0,10751.133803844452,10692.315665115873,18.19955085712694,7853.0,0.0,28.446259103950563,21.172743625500352,33.49855377333684,19.355013578656152,0.1390421540498786,0.10086073714411829,0.08938424188920768,0.08364599426175237,0.0743765173250938,0.08055616861619952,0.06621054954756124,0.06466563672478481,0.05672037077907747,0.049878613992496136,0.04634738468329287,0.04458177002869124,0.03884352240123593,0.030456852791878174,0.017435444714191128,0.010593687927609799,0.00640035312293092,0.9205272192987641,0.022840154760361348,0.0,0.0,0.0,0.0,0.0,0.0,0.0,0.0,0.0,0.0,0.0,0.0,0.0,0.0,0.0,0.0,0.0,0.0,0.0,0.0,0.0,0.0,0.0,0.0,0.006621054954756126,0.2582211432354889,5.14455969984551,15.963363495917019,7.938644890752595,0.6885897152946372,4.288722826086956,2.8618903374534472,nan,nan,nan,4.253224711473184,2.8263318127382355,4.324269204622706,2.8966240211989764,1.0167036773199114,0.3743,0.02322,0.0,0.0,0.0,0.0,0.0,0.0,0.0,0.0,0.006621054954756126,1.099095122489517,10.123593025822116,14.678878834694306,3.9064224233061142,0.18538953873317154,0.0,0.0,0.0,0.0,0.0,0.0,0.0,0.0,0.0,0.0,0.0,0.0,0.0,0.0,0.0,0.0,nan,nan,4.288722826086956,2.8618903374534472,nan,0.3743,0.1061,0.0,0.0,0.0,0.0,0.0,0.0,0.0,0.0,0.0,0.0,0.0,0.0,1.1035091591260208e-05,0.0,0.0009379827852571177,0.0005517545795630103,5.517545795630104e-05,1.1035091591260208e-05,0.0026263517987199295,0.005285808872213639,0.004513352460825425,0.009346722577797395,0.023118516883690134,0.025932465239461487,0.0758993599646877,0.02393511366144339,0.023129551975281396,0.026307658353564335,0.02241227102184948,0.040002207018318255,0.02651732509379828,0.037706907967336126,0.03165967777532554,0.022037077907746633,0.02490620172147429,0.014731847274332377,0.0491392628558817,0.03615096005296844,0.026373868903111896,0.05910395056278967,0.02874641359523284,0.018914146987419996,0.024641359523284043,0.048642683734274994,0.037497241227102185,0.012028249834473627,0.009379827852571177,0.024089604943721032,0.040763628338115206,0.011035091591260208,0.017225777973957183,0.008728757448686824,0.006323107481792099,0.0028580887221363936,0.003299492385786802,0.012977267711322004,0.02613109688810417,0.007250055175457956,0.005385124696534981,0.008463915250496579,0.015228426395939087,0.0009710880600308983,0.0008055616861619952,0.011443389980136835,0.0013242109909512249,0.0015669830059589494,0.0,0.0,0.0,1.1035091591260208e-05,0.0018649304789229752,0.0,0.0,0.0,0.0,0.0,0.0,0.0,0.0,0.0,0.0,0.0,0.0,0.0,0.0,0.0,0.0,0.0,0.0,0.0,0.0,0.0,0.0,0.0,0.0,0.0,0.0,0.0,0.0,0.0,0.0,nan,nan,4.288722826086956,2.8618903374534472,nan,0.920467999521974,0.02295614367946585,0.0,0.0,0.0,0.0,0.0,0.0,0.0,0.0,0.0,0.0,0.0,0.0,0.0,0.0,0.0,0.0,0.0,0.0,0.0,0.0,0.0,0.0,0.0,0.0,0.013003901170351108,0.31209362808842656,5.0715214564369315,15.942782834850458,7.932379713914176,0.7282184655396621,0.9205886491661449,0.022719048292861015,0.0,0.0,0.0,0.0,0.0,0.0,0.0,0.0,0.0,0.0,0.0,0.0,0.0,0.0,0.0,0.0,0.0,0.0,0.0,0.0,0.0,0.0,0.0,0.0,0.0,0.20233812949640292,5.220323741007195,15.98471223021583,7.945143884892088,0.6474820143884893,0.3743,0.02312,0.0,0.0,0.0,0.0,0.0,0.0,0.0,0.0,0.0,1.092327698309493,10.33810143042913,14.356306892067598,4.005201560468141,0.20806241872561773,0.0,0.0,0.0,0.0,0.0,0.0,0.0,0.0,0.0,0.0,0.0,0.0,0.0,0.0,0.0,0.0,0.3743,0.02333,0.0,0.0,0.0,0.0,0.0,0.0,0.0,0.0,0.013489208633093528,1.1061151079136693,9.90107913669065,15.01348920863307,3.803956834532375,0.16187050359712232,0.0,0.0,0.0,0.0,0.0,0.0,0.0,0.0,0.0,0.0,0.0,0.0,0.0,0.0,0.0,0.0
22300,4475,2267,0.5065921787709498,1056,920,0.4415642458100559,1259,0.5626815642458101,0.414,2.9655797101449277,3.1194068829854995,6.678333333333334,2.095597899301189,9291.659733558048,1419.8726504182387,7853.0,10764.633140921593,10692.877506692661,17.92413740201623,7853.0,0.0,27.310167597765364,20.745768834943586,32.469733656174334,18.98292171748123,0.1477094972067039,0.10145251396648045,0.09698324022346369,0.08670391061452513,0.07508379888268156,0.07597765363128492,0.07262569832402235,0.06346368715083799,0.05385474860335195,0.053184357541899444,0.04670391061452514,0.03642458100558659,0.03441340782122905,0.02212290502793296,0.016536312849162012,0.010726256983240224,0.006033519553072626,0.9207923502895419,0.02329429524138231,0.0,0.0,0.0,0.0,0.0,0.0,0.0,0.0,0.0,0.0,0.0,0.0,0.0,0.0,0.0,0.0,0.0,0.0,0.0,0.0,0.0,0.0,0.0,0.0,0.0,0.2614525139664805,5.436871508379889,15.472625698324025,8.12513966480447,0.7039106145251399,4.37795831861533,2.8512878967424644,nan,nan,nan,4.388734353268428,2.8377175367125895,4.366834170854271,2.8651867057970986,0.995009909315234,0.375,0.02324,0.0,0.0,0.0,0.0,0.0,0.0,0.0,0.0,0.020111731843575422,1.0055865921787712,9.720670391061454,15.01675977653629,4.02905027932961,0.2078212290502794,0.0,0.0,0.0,0.0,0.0,0.0,0.0,0.0,0.0,0.0,0.0,0.0,0.0,0.0,0.0,0.0,nan,nan,4.37795831861533,2.8512878967424644,nan,0.375,0.1058,0.0,0.0,0.0,0.0,0.0,0.0,0.0,0.0,0.0,0.0,0.0,0.0,0.0,0.0,0.0011396648044692738,0.0010391061452513966,0.0,7.821229050279329e-05,0.0022346368715083797,0.005318435754189944,0.0045921787709497204,0.008837988826815642,0.021798882681564245,0.02582122905027933,0.07394413407821229,0.024223463687150837,0.02071508379888268,0.026592178770949722,0.022692737430167597,0.03804469273743017,0.030324022346368714,0.03832402234636872,0.029508379888268155,0.020513966480446927,0.02622346368715084,0.015229050279329609,0.04949720670391061,0.0369608938547486,0.026435754189944136,0.06173184357541899,0.028145251396648044,0.019206703910614527,0.0256536312849162,0.04757541899441341,0.04006703910614525,0.0108268156424581,0.009128491620111732,0.02423463687150838,0.03941899441340782,0.011541899441340783,0.017843575418994412,0.00782122905027933,0.006290502793296089,0.002558659217877095,0.0028603351955307265,0.013497206703910615,0.026916201117318437,0.007407821229050279,0.0048603351955307265,0.007877094972067039,0.016558659217877095,0.0012067039106145251,0.0008715083798882682,0.01129608938547486,0.0015083798882681565,0.0013519553072625697,0.0,0.0,0.0,5.58659217877095e-05,0.0015754189944134078,0.0,2.23463687150838e-05,0.0,0.0,0.0,0.0,0.0,0.0,0.0,0.0,0.0,0.0,0.0,0.0,0.0,0.0,0.0,0.0,0.0,0.0,0.0,0.0,0.0,0.0,0.0,0.0,0.0,0.0,0.0,0.0,nan,nan,4.37795831861533,2.8512878967424644,nan,0.9210413604987893,0.022877200551765703,0.0,0.0,0.0,0.0,0.0,0.0,0.0,0.0,0.0,0.0,0.0,0.0,0.0,0.0,0.0,0.0,0.0,0.0,0.0,0.0,0.0,0.0,0.0,0.0,0.0,0.19850022055580066,5.412439347154831,15.681517423908252,8.019408910454347,0.6881340979267757,0.9205366862748844,0.02371218336013287,0.0,0.0,0.0,0.0,0.0,0.0,0.0,0.0,0.0,0.0,0.0,0.0,0.0,0.0,0.0,0.0,0.0,0.0,0.0,0.0,0.0,0.0,0.0,0.0,0.0,0.3260869565217392,5.461956521739131,15.258152173913047,8.233695652173914,0.7201086956521742,0.3748,0.02296,0.0,0.0,0.0,0.0,0.0,0.0,0.0,0.0,0.03970004411116013,0.9660344067048965,9.832377591530658,15.178650198500199,3.7715041905602127,0.21173356859285405,0.0,0.0,0.0,0.0,0.0,0.0,0.0,0.0,0.0,0.0,0.0,0.0,0.0,0.0,0.0,0.0,0.3752,0.0235,0.0,0.0,0.0,0.0,0.0,0.0,0.0,0.0,0.0,1.0461956521739133,9.605978260869566,14.850543478260846,4.293478260869566,0.203804347826087,0.0,0.0,0.0,0.0,0.0,0.0,0.0,0.0,0.0,0.0,0.0,0.0,0.0,0.0,0.0,0.0
22400,4742,2486,0.5242513707296499,1204,959,0.45613665120202446,1315,0.5546183045128638,0.41,3.0004432624113475,3.0704638135742277,6.557275541795666,2.114149883293585,9341.760366469232,1418.2799637160747,7853.0,10756.020709753036,10692.783450441311,17.92441266033181,7853.0,0.0,28.283424715309994,20.88295128576798,33.12690482138396,19.118087172748886,0.13665120202446226,0.09700548291859974,0.09131168283424715,0.0828764234500211,0.08224377899620414,0.07486292703500633,0.07296499367355547,0.065373260227752,0.05967946014339941,0.052720371151412905,0.04808097849008857,0.04048924504428511,0.030999578237030787,0.026992830029523407,0.018768452129902996,0.013285533530156053,0.005693800084352594,0.9198938623252975,0.02291075330233659,0.0,0.0,0.0,0.0,0.0,0.0,0.0,0.0,0.0,0.0,0.0,0.0,0.0,0.0,0.0,0.0,0.0,0.0,0.0,0.0,0.0,0.0,0.0,0.0,0.0,0.32264867144664705,5.478700970054831,15.854070012652892,7.768873892872207,0.575706452973429,4.207419354838709,2.873102703824241,nan,nan,nan,4.259571706683971,2.870577468299658,4.155869146889032,2.874666926887815,0.9756542284210844,0.375,0.02304,0.0,0.0,0.0,0.0,0.0,0.0,0.0,0.0,0.0126528890763391,1.069169126950654,9.571910586250528,15.196119780683235,3.954027836355969,0.19611978068325606,0.0,0.0,0.0,0.0,0.0,0.0,0.0,0.0,0.0,0.0,0.0,0.0,0.0,0.0,0.0,0.0,nan,nan,4.207419354838709,2.873102703824241,nan,0.375,0.10535,0.0,0.0,0.0,0.0,0.0,0.0,0.0,0.0,0.0,0.0,0.0,0.0,0.0,0.0,0.0008224377899620413,0.0008857022353437368,0.0,0.0,0.0014550822437789962,0.005177140447068748,0.00416490932096162,0.008540700126528892,0.01988612399831295,0.02679249261914804,0.07551665963728385,0.026381273724167018,0.019654154365246732,0.026075495571488822,0.020993251792492618,0.0373471109236609,0.03067271193589203,0.03993040911008013,0.031547870097005486,0.022121467735132856,0.02631800927878532,0.015447068747363981,0.04819696330662168,0.035849852382960776,0.026518346689160692,0.06233656684943062,0.026613243357233234,0.018083087304934627,0.02487347110923661,0.04752214255588359,0.043578658793757906,0.012357654997891186,0.00915225643188528,0.022849008857022353,0.03981442429354703,0.011756642766765078,0.01712357654997891,0.00747574862927035,0.005799240826655419,0.002741459299873471,0.0020982707718262337,0.013169548713622943,0.029080556727119358,0.008234921973850695,0.004713201180936314,0.006474061577393505,0.016280050611556306,0.0012442007591733446,0.0007697174188106284,0.010312104597216364,0.0014023618726275832,0.0019928300295234077,4.2176296921130326e-05,0.0,0.0,5.2720371151412904e-05,0.0017292281737663433,1.0544074230282582e-05,2.1088148460565163e-05,0.0,0.0,0.0,0.0,0.0,0.0,0.0,0.0,0.0,0.0,0.0,0.0,0.0,0.0,0.0,0.0,0.0,0.0,0.0,0.0,0.0,0.0,0.0,0.0,0.0,0.0,0.0,0.0,nan,nan,4.207419354838709,2.873102703824241,nan,0.9199006650012439,0.022915630405336937,0.0,0.0,0.0,0.0,0.0,0.0,0.0,0.0,0.0,0.0,0.0,0.0,0.0,0.0,0.0,0.0,0.0,0.0,0.0,0.0,0.0,0.0,0.0,0.0,0.0,0.3016894609814964,5.575221238938054,15.506838294448917,8.073209975864845,0.5430410297666936,0.919886366114126,0.02290537543451283,0.0,0.0,0.0,0.0,0.0,0.0,0.0,0.0,0.0,0.0,0.0,0.0,0.0,0.0,0.0,0.0,0.0,0.0,0.0,0.0,0.0,0.0,0.0,0.0,0.0,0.3457446808510639,5.372340425531916,16.236702127659576,7.433510638297874,0.6117021276595745,0.3757,0.02284,0.0,0.0,0.0,0.0,0.0,0.0,0.0,0.0,0.012067578439259858,1.0016090104585682,9.074818986323413,15.724054706355568,3.9460981496379732,0.24135156878519715,0.0,0.0,0.0,0.0,0.0,0.0,0.0,0.0,0.0,0.0,0.0,0.0,0.0,0.0,0.0,0.0,0.3743,0.02324,0.0,0.0,0.0,0.0,0.0,0.0,0.0,0.0,0.013297872340425535,1.143617021276596,10.119680851063832,14.614361702127637,3.9627659574468095,0.14627659574468088,0.0,0.0,0.0,0.0,0.0,0.0,0.0,0.0,0.0,0.0,0.0,0.0,0.0,0.0,0.0,0.0
22500,4842,2503,0.5169351507641471,1169,993,0.4465097067327551,1386,0.5724907063197026,0.40199999999999997,3.0423257802479693,3.1154780368233688,6.563953488372093,2.2043779268420143,9320.227842443617,1418.4038366762063,7853.0,10747.344184875488,10691.320900164601,17.786371664504063,7853.0,0.0,28.36389921520033,21.03861838046164,33.34274490547508,19.22260009877223,0.13878562577447337,0.09582817017761255,0.08508880627839735,0.08901280462618752,0.08715406856670797,0.07806691449814127,0.06546881453944652,0.060099132589838906,0.05947955390334572,0.05452292441140025,0.044816191656340355,0.04419661296984717,0.03283767038413878,0.027261462205700124,0.017761255679471292,0.010945890128046263,0.008674101610904586,0.91955914129555,0.023254225861331065,0.0,0.0,0.0,0.0,0.0,0.0,0.0,0.0,0.0,0.0,0.0,0.0,0.0,0.0,0.0,0.0,0.0,0.0,0.0,0.0,0.0,0.0,0.0,0.0,0.0,0.3221809169764561,5.774473358116483,15.681536555142506,7.583643122676581,0.6381660470879804,4.281081081081081,2.888468621523801,nan,nan,nan,4.331632653061225,2.895011435555135,4.230818008877616,2.8810691496391145,0.9767259478680951,0.374,0.02275,0.0,0.0,0.0,0.0,0.0,0.0,0.0,0.0,0.012391573729863695,1.090458488228005,10.123915737298638,15.099132589838888,3.457249070631971,0.21685254027261466,0.0,0.0,0.0,0.0,0.0,0.0,0.0,0.0,0.0,0.0,0.0,0.0,0.0,0.0,0.0,0.0,nan,nan,4.281081081081081,2.888468621523801,nan,0.374,0.105,0.0,0.0,0.0,0.0,0.0,0.0,0.0,0.0,0.0,0.0,0.0,0.0,0.0,0.0,0.0007434944237918215,0.0007744733581164808,0.00013424204874019,0.0,0.0017657992565055763,0.005441966129698472,0.003965303593556382,0.008839322593969435,0.0192998760842627,0.025547294506402314,0.07866584056175134,0.02695167286245353,0.020662949194547708,0.027034283353985958,0.020724907063197025,0.03928128872366791,0.027612556794712927,0.03931226765799257,0.031567534076827754,0.023285832300702188,0.025485336637752994,0.015613382899628252,0.04843040066088393,0.03464477488641057,0.025433705080545228,0.06292854192482446,0.0280152829409335,0.01741016109045849,0.024049979347377116,0.046592317224287486,0.04491945477075589,0.014714993804213134,0.00885997521685254,0.02191243287897563,0.04104708798017348,0.010987195373812474,0.015582403965303594,0.007321354812061131,0.005266418835192069,0.003325072284180091,0.0022201569599339115,0.013641057414291615,0.02909954564229657,0.007662123089632383,0.004378356051218505,0.006237092110698059,0.01641883519206939,0.0012185047501032632,0.0005679471292854192,0.010037174721189592,0.0013527467988434531,0.0015386204047914086,4.130524576621231e-05,0.0,5.163155720776539e-05,0.0,0.0013837257331681123,0.0,0.0,0.0,0.0,0.0,0.0,0.0,0.0,0.0,0.0,0.0,0.0,0.0,0.0,0.0,0.0,0.0,0.0,0.0,0.0,0.0,0.0,0.0,0.0,0.0,0.0,0.0,0.0,0.0,0.0,nan,nan,4.281081081081081,2.888468621523801,nan,0.9192613424942392,0.023479471035153587,0.0,0.0,0.0,0.0,0.0,0.0,0.0,0.0,0.0,0.0,0.0,0.0,0.0,0.0,0.0,0.0,0.0,0.0,0.0,0.0,0.0,0.0,0.0,0.0,0.0,0.335597283260088,5.968837395125851,15.341590091889735,7.75469436675989,0.5992808629644427,0.9198778203890434,0.0230064762450627,0.0,0.0,0.0,0.0,0.0,0.0,0.0,0.0,0.0,0.0,0.0,0.0,0.0,0.0,0.0,0.0,0.0,0.0,0.0,0.0,0.0,0.0,0.0,0.0,0.0,0.3078238563488671,5.56648140230868,16.045318512184696,7.4005985463873465,0.679777682770415,0.3738,0.02245,0.0,0.0,0.0,0.0,0.0,0.0,0.0,0.0,0.0,1.0307630842988416,10.37954454654415,15.233719536556109,3.1162604874151025,0.2397123451857771,0.0,0.0,0.0,0.0,0.0,0.0,0.0,0.0,0.0,0.0,0.0,0.0,0.0,0.0,0.0,0.0,0.3745,0.02307,0.0,0.0,0.0,0.0,0.0,0.0,0.0,0.0,0.02565198802907226,1.1543394613082516,9.850363403163747,14.955109020949102,3.8221462163317663,0.19238991021804194,0.0,0.0,0.0,0.0,0.0,0.0,0.0,0.0,0.0,0.0,0.0,0.0,0.0,0.0,0.0,0.0
22600,4799,2464,0.5134403000625131,1164,983,0.4473848718483017,1311,0.546363825797041,0.418,2.9323340471092076,3.1453925230340594,6.619718309859155,2.262365274279485,9310.197327329905,1418.5997538438273,7853.0,10753.978791832924,10691.104697181903,18.23533379194727,7853.0,0.0,27.67868305897062,21.031379572179567,32.855747558226895,19.2714337018033,0.14586372160866848,0.10127109814544696,0.09564492602625548,0.08793498645551157,0.07459887476557617,0.07230673056886851,0.07168160033340279,0.05980412585955407,0.058137111898312145,0.0558449677016045,0.043550739737445304,0.038758074598874766,0.0312565117732861,0.026463846634715564,0.017712023338195458,0.010418837257762034,0.008751823296520108,0.9189747361670834,0.023251703477123298,0.0,0.0,0.0,0.0,0.0,0.0,0.0,0.0,0.0,0.0,0.0,0.0,0.0,0.0,0.0,0.0,0.0,0.0,0.0,0.0,0.0,0.0,0.0,0.0,0.0,0.2625546988956033,6.001250260470933,15.834548864346742,7.3265263596582635,0.5751198166284643,4.297455968688846,2.928854146822277,nan,nan,nan,4.335064935064935,2.920050090024308,4.259672131147541,2.9381794113290214,0.982608610240745,0.3733,0.02367,0.0,0.0,0.0,0.0,0.0,0.0,0.0,0.0,0.018753907063971665,1.156490935611586,10.727234840591793,14.00916857678681,3.9070639716607634,0.18128776828505944,0.0,0.0,0.0,0.0,0.0,0.0,0.0,0.0,0.0,0.0,0.0,0.0,0.0,0.0,0.0,0.0,nan,nan,4.297455968688846,2.928854146822277,nan,0.3733,0.1059,0.0,0.0,0.0,0.0,0.0,0.0,0.0,0.0,0.0,0.0,0.0,0.0,0.0,0.0,0.0009064388414252969,0.0013023546572202543,0.00010418837257762034,1.0418837257762033e-05,0.0022817253594498853,0.005011460720983538,0.004136278391331527,0.00855386538862263,0.019899979162325485,0.025901229422796417,0.08052719316524276,0.027641175244842674,0.022202542196290895,0.027547405709522816,0.020452177536986874,0.04184205042717233,0.026734736403417378,0.03832048343404876,0.028130860595957492,0.024671806626380497,0.025609501979579077,0.014951031464888518,0.049218587205667845,0.03315274015419879,0.0237653677849552,0.06626380495936654,0.026005417795374037,0.01742029589497812,0.0251093977912065,0.045780370910606376,0.04174828089185247,0.014450927276515941,0.008480933527818296,0.021275265680350073,0.04070639716607627,0.010418837257762034,0.01568035007293186,0.006793081892060846,0.005146905605334444,0.0030110439674932276,0.0023129818712231717,0.014419670764742655,0.03115232340070848,0.007782871431548239,0.004000833506980621,0.004938528860179204,0.016972285892894352,0.0010939779120650135,0.0005834548864346739,0.010439674932277558,0.00122942279641592,0.002135861637841217,4.167534903104813e-05,0.00010418837257762034,7.293186080433424e-05,0.0,0.001552406751406543,0.0,0.0,0.0,0.0,0.0,0.0,0.0,0.0,0.0,0.0,0.0,0.0,0.0,0.0,0.0,0.0,0.0,0.0,0.0,0.0,0.0,0.0,0.0,0.0,0.0,0.0,0.0,0.0,0.0,0.0,nan,nan,4.297455968688846,2.928854146822277,nan,0.9190744829739069,0.023370055155636317,0.0,0.0,0.0,0.0,0.0,0.0,0.0,0.0,0.0,0.0,0.0,0.0,0.0,0.0,0.0,0.0,0.0,0.0,0.0,0.0,0.0,0.0,0.0,0.0,0.0,0.24350649350649356,5.905032467532469,15.87662337662338,7.414772727272728,0.5600649350649352,0.9188694787229664,0.023125689983754926,0.0,0.0,0.0,0.0,0.0,0.0,0.0,0.0,0.0,0.0,0.0,0.0,0.0,0.0,0.0,0.0,0.0,0.0,0.0,0.0,0.0,0.0,0.0,0.0,0.0,0.2826552462526767,6.102783725910066,15.790149892933622,7.233404710920772,0.5910064239828695,0.3735,0.0233,0.0,0.0,0.0,0.0,0.0,0.0,0.0,0.0,0.024350649350649355,1.0105519480519483,10.677759740259743,14.159902597402576,3.95698051948052,0.1704545454545455,0.0,0.0,0.0,0.0,0.0,0.0,0.0,0.0,0.0,0.0,0.0,0.0,0.0,0.0,0.0,0.0,0.3733,0.02403,0.0,0.0,0.0,0.0,0.0,0.0,0.0,0.0,0.012847965738758033,1.3104925053533192,10.77944325481799,13.850107066381137,3.8543897216274097,0.1927194860813705,0.0,0.0,0.0,0.0,0.0,0.0,0.0,0.0,0.0,0.0,0.0,0.0,0.0,0.0,0.0,0.0
22700,4822,2451,0.5082953131480713,1152,1002,0.4467026130236416,1369,0.5678141849854832,0.414,2.888654576128216,3.048089528121794,6.4636785162287484,2.0821224922770565,9295.673379792064,1418.991960339977,7853.0,10749.670743584633,10691.258277175573,18.017213440067184,7853.0,0.0,28.098299460804647,21.001685688380867,32.983259478089614,19.277118618367606,0.13749481542928246,0.09954375777685608,0.09332227291580257,0.0916632102861883,0.0802571547075902,0.0690584819576939,0.07092492741600996,0.06428867689755288,0.05309000414765657,0.052675238490253004,0.04458730817088345,0.04458730817088345,0.03608461219411033,0.027581916217337205,0.016798009124844464,0.012235586893405226,0.005806719203649938,0.9198845423563344,0.02276747756339368,0.0,0.0,0.0,0.0,0.0,0.0,0.0,0.0,0.0,0.0,0.0,0.0,0.0,0.0,0.0,0.0,0.0,0.0,0.0,0.0,0.0,0.0,0.0,0.0,0.0062214848610535065,0.28618830360846126,5.543343011198674,15.908336789713815,7.615097469929491,0.6408129406885111,4.167894905479013,2.8674678757455805,nan,nan,nan,4.175064599483204,2.8576880182728823,4.160839160839161,2.8770424009168996,0.9965927620267709,0.373,0.02345,0.0,0.0,0.0,0.0,0.0,0.0,0.0,0.0,0.0062214848610535065,1.2940688510991294,10.700953961012031,14.141435089174594,3.664454583160515,0.1928660306926587,0.0,0.0,0.0,0.0,0.0,0.0,0.0,0.0,0.0,0.0,0.0,0.0,0.0,0.0,0.0,0.0,nan,nan,4.167894905479013,2.8674678757455805,nan,0.373,0.1064,0.0,0.0,0.0,0.0,0.0,0.0,0.0,0.0,0.0,0.0,0.0,1.0369141435089174e-05,1.0369141435089174e-05,0.0,0.0005806719203649938,0.00100580671920365,0.0004043965159684778,2.0738282870178348e-05,0.002924097884695147,0.005008295313148071,0.004282455412691829,0.008440481128162588,0.0213604313562837,0.025456242223143924,0.07959352965574451,0.02713604313562837,0.021795935296557444,0.03040232268768146,0.02074865201161344,0.04149730402322688,0.02588137702198258,0.03931978432185815,0.02903359601824969,0.02424305267523849,0.02634798838656159,0.018031936955620075,0.048392783077561174,0.034000414765657405,0.022189962671090833,0.06586478639568644,0.02562214848610535,0.01592700124429697,0.024440066362505185,0.044556200746578185,0.04078183326420572,0.013448776441310659,0.007351721277478225,0.02173372044794691,0.0411862297801742,0.010203235172127748,0.014558274574865202,0.007600580671920365,0.004873496474491912,0.003048527581916217,0.0018871837411862298,0.013417669017005392,0.031822895064288675,0.009311489008710079,0.004686851928660307,0.003950642886768976,0.018301534632932392,0.00047698050601410204,0.000653255910410618,0.011758606387391124,0.0012339278307756118,0.001420572376607217,3.110742430526752e-05,0.00015553712152633763,1.0369141435089174e-05,0.0,0.0015657403566984654,0.0,0.0,0.0,0.0,0.0,0.0,0.0,0.0,0.0,0.0,0.0,0.0,0.0,0.0,0.0,0.0,0.0,0.0,0.0,0.0,0.0,0.0,0.0,0.0,0.0,0.0,0.0,0.0,0.0,0.0,nan,nan,4.167894905479013,2.8674678757455805,nan,0.9196591052363133,0.02231022319426401,0.0,0.0,0.0,0.0,0.0,0.0,0.0,0.0,0.0,0.0,0.0,0.0,0.0,0.0,0.0,0.0,0.0,0.0,0.0,0.0,0.0,0.0,0.0,0.0,0.012239902080783356,0.24479804161566712,5.4712362301101605,16.315789473684212,7.417380660954714,0.5385556915544677,0.9201175859586843,0.02322840144446895,0.0,0.0,0.0,0.0,0.0,0.0,0.0,0.0,0.0,0.0,0.0,0.0,0.0,0.0,0.0,0.0,0.0,0.0,0.0,0.0,0.0,0.0,0.0,0.0,0.0,0.3289751159848166,5.6178827498945605,15.487136229439058,7.819485449177564,0.7465204555040069,0.3733,0.02365,0.0,0.0,0.0,0.0,0.0,0.0,0.0,0.0,0.012239902080783356,1.3463892288861692,10.550795593635254,14.173806609547103,3.708690330477357,0.20807833537331705,0.0,0.0,0.0,0.0,0.0,0.0,0.0,0.0,0.0,0.0,0.0,0.0,0.0,0.0,0.0,0.0,0.3728,0.02327,0.0,0.0,0.0,0.0,0.0,0.0,0.0,0.0,0.0,1.2399831294812318,10.85617882749895,14.107971320118072,3.618726275832983,0.1771404470687474,0.0,0.0,0.0,0.0,0.0,0.0,0.0,0.0,0.0,0.0,0.0,0.0,0.0,0.0,0.0,0.0
22800,4860,2526,0.519753086419753,1200,952,0.44279835390946504,1354,0.557201646090535,0.39799999999999996,2.961868037703513,3.0079590406331427,6.254957507082153,2.084649021323182,9328.242001252018,1418.1262049785712,7853.0,10747.633514642715,10691.3515938578,17.839482189133182,7853.0,0.0,28.771810699588478,20.937797049380286,33.43993231810491,19.18275479444385,0.13148148148148148,0.09465020576131687,0.09176954732510288,0.0860082304526749,0.08065843621399177,0.07181069958847737,0.0705761316872428,0.0662551440329218,0.0588477366255144,0.05740740740740741,0.04670781893004115,0.04465020576131687,0.03518518518518519,0.029012345679012345,0.01831275720164609,0.009259259259259259,0.007407407407407408,0.9196772214193893,0.02263023868559613,0.0,0.0,0.0,0.0,0.0,0.0,0.0,0.0,0.0,0.0,0.0,0.0,0.0,0.0,0.0,0.0,0.0,0.0,0.0,0.0,0.0,0.0,0.0,0.0,0.006172839506172841,0.29629629629629634,5.296296296296298,16.407407407407412,7.339506172839507,0.6543209876543212,4.088651367494498,2.7609915979044577,nan,nan,nan,4.124371859296482,2.7892217142544267,4.052863436123348,2.7319473792376794,0.9826619845123928,0.373,0.02298,0.0,0.0,0.0,0.0,0.0,0.0,0.0,0.0,0.0,1.1790123456790125,10.716049382716053,14.425925925925904,3.5493827160493834,0.12962962962962965,0.0,0.0,0.0,0.0,0.0,0.0,0.0,0.0,0.0,0.0,0.0,0.0,0.0,0.0,0.0,0.0,nan,nan,4.088651367494498,2.7609915979044577,nan,0.373,0.107,0.0,0.0,0.0,0.0,0.0,0.0,0.0,0.0,0.0,0.0,0.0,0.0,0.0,0.0,0.0005246913580246914,0.0012037037037037038,0.0002880658436213992,6.17283950617284e-05,0.003096707818930041,0.005905349794238683,0.004269547325102881,0.00860082304526749,0.019300411522633745,0.02388888888888889,0.08137860082304527,0.02801440329218107,0.023919753086419752,0.030555555555555555,0.021152263374485596,0.040524691358024695,0.02707818930041152,0.03897119341563786,0.028467078189300412,0.024331275720164608,0.026512345679012346,0.018734567901234567,0.04813786008230453,0.034146090534979426,0.02073045267489712,0.06198559670781893,0.02610082304526749,0.016131687242798353,0.026255144032921812,0.04310699588477366,0.041368312757201646,0.01175925925925926,0.0077880658436213996,0.02288065843621399,0.040668724279835394,0.010853909465020576,0.013446502057613169,0.007757201646090535,0.004989711934156379,0.00360082304526749,0.0026440329218106995,0.012602880658436214,0.030030864197530864,0.01007201646090535,0.005277777777777778,0.004032921810699588,0.018333333333333333,0.0005041152263374485,0.0005246913580246914,0.012633744855967079,0.0013065843621399176,0.0016358024691358025,0.0,2.05761316872428e-05,0.0,0.0,0.0018930041152263374,0.0,0.0,0.0,0.0,0.0,0.0,0.0,0.0,0.0,0.0,0.0,0.0,0.0,0.0,0.0,0.0,0.0,0.0,0.0,0.0,0.0,0.0,0.0,0.0,0.0,0.0,0.0,0.0,0.0,0.0,nan,nan,4.088651367494498,2.7609915979044577,nan,0.9199163680593834,0.02269883236438888,0.0,0.0,0.0,0.0,0.0,0.0,0.0,0.0,0.0,0.0,0.0,0.0,0.0,0.0,0.0,0.0,0.0,0.0,0.0,0.0,0.0,0.0,0.0,0.0,0.0,0.3800475059382424,5.190023752969123,16.30641330166271,7.505938242280286,0.6175771971496439,0.9194184020480848,0.022552910124727554,0.0,0.0,0.0,0.0,0.0,0.0,0.0,0.0,0.0,0.0,0.0,0.0,0.0,0.0,0.0,0.0,0.0,0.0,0.0,0.0,0.0,0.0,0.0,0.0,0.012853470437017999,0.20565552699228798,5.411311053984577,16.516709511568127,7.159383033419025,0.6940874035989719,0.373,0.02286,0.0,0.0,0.0,0.0,0.0,0.0,0.0,0.0,0.0,1.2351543942992878,10.522565320665086,14.501187648456037,3.6104513064133026,0.1306413301662708,0.0,0.0,0.0,0.0,0.0,0.0,0.0,0.0,0.0,0.0,0.0,0.0,0.0,0.0,0.0,0.0,0.3728,0.02313,0.0,0.0,0.0,0.0,0.0,0.0,0.0,0.0,0.0,1.1182519280205658,10.925449871465299,14.344473007712061,3.4832904884318774,0.12853470437017997,0.0,0.0,0.0,0.0,0.0,0.0,0.0,0.0,0.0,0.0,0.0,0.0,0.0,0.0,0.0,0.0
22900,4815,2448,0.508411214953271,1150,1000,0.446521287642783,1374,0.5707165109034268,0.414,2.9700042247570764,3.122405660744342,6.652567975830816,2.1245545594771147,9295.984604294947,1418.9694943505895,7853.0,10751.445125579834,10691.223394477192,18.087593953969805,7853.0,0.0,27.87871235721703,20.881991366989176,32.840425531914896,19.118281238208557,0.14101765316718587,0.10259605399792315,0.08909657320872275,0.08722741433021806,0.08452751817237798,0.07455867082035306,0.06292834890965732,0.06583592938733125,0.05669781931464175,0.05524402907580478,0.043821391484942886,0.04153686396677051,0.032191069574247146,0.029698857736240914,0.017860851505711317,0.009761163032191069,0.0053997923156801665,0.9189631936829905,0.022658739655987612,0.0,0.0,0.0,0.0,0.0,0.0,0.0,0.0,0.0,0.0,0.0,0.0,0.0,0.0,0.0,0.0,0.0,0.0,0.0,0.0,0.0,0.0,0.0,0.0,0.0,0.23676012461059195,5.98753894080997,15.90654205607477,7.3271028037383195,0.5420560747663552,4.379154565989029,2.884206830868372,nan,nan,nan,4.360677083333333,2.8668572295968096,4.396927016645327,2.9019293826557098,1.0083129139395675,0.3738,0.02327,0.0,0.0,0.0,0.0,0.0,0.0,0.0,0.0,0.012461059190031156,1.0841121495327104,10.429906542056077,14.535825545171319,3.750778816199378,0.18068535825545176,0.006230529595015578,0.0,0.0,0.0,0.0,0.0,0.0,0.0,0.0,0.0,0.0,0.0,0.0,0.0,0.0,0.0,nan,nan,4.379154565989029,2.884206830868372,nan,0.3738,0.1075,0.0,0.0,0.0,0.0,0.0,0.0,0.0,0.0,0.0,0.0,0.0,0.0,0.0,1.0384215991692628e-05,0.0006230529595015577,0.0013187954309449637,0.00012461059190031152,0.0,0.0036863966770508826,0.0047040498442367604,0.004392523364485981,0.008805815160955348,0.019543094496365526,0.023416407061266874,0.08022845275181724,0.027487019730010383,0.024454828660436138,0.028878504672897196,0.020311526479750777,0.039221183800623054,0.02988577362409138,0.03716510903426791,0.030269989615784008,0.024444444444444446,0.027133956386292835,0.01973001038421599,0.05009345794392523,0.0328245067497404,0.021713395638629285,0.06125649013499481,0.02581516095534787,0.015950155763239875,0.026355140186915888,0.03982346832814122,0.037268951194184836,0.012201453790238837,0.007642782969885774,0.02588785046728972,0.04150571131879543,0.012824506749740394,0.01332294911734164,0.007954309449636552,0.005441329179646937,0.003208722741433022,0.002533748701973001,0.011754932502596054,0.03046728971962617,0.010893042575285566,0.005046728971962617,0.0033125649013499483,0.01925233644859813,0.000446521287642783,0.0004257528556593977,0.013021806853582554,0.0019314641744548288,0.001983385254413292,0.0,0.0,0.0,0.0,0.002004153686396677,0.0,0.0,0.0,0.0,0.0,0.0,0.0,0.0,0.0,0.0,0.0,0.0,0.0,0.0,0.0,0.0,0.0,0.0,0.0,0.0,0.0,0.0,0.0,0.0,0.0,0.0,0.0,0.0,0.0,0.0,nan,nan,4.379154565989029,2.884206830868372,nan,0.9189947006456992,0.022430513336647268,0.0,0.0,0.0,0.0,0.0,0.0,0.0,0.0,0.0,0.0,0.0,0.0,0.0,0.0,0.0,0.0,0.0,0.0,0.0,0.0,0.0,0.0,0.0,0.0,0.0,0.20833333333333337,6.078431372549021,15.906862745098042,7.365196078431374,0.4411764705882354,0.918930608535246,0.02289233707692659,0.0,0.0,0.0,0.0,0.0,0.0,0.0,0.0,0.0,0.0,0.0,0.0,0.0,0.0,0.0,0.0,0.0,0.0,0.0,0.0,0.0,0.0,0.0,0.0,0.0,0.26615969581749055,5.893536121673005,15.90621039290241,7.287705956907479,0.6463878326996199,0.3738,0.02364,0.0,0.0,0.0,0.0,0.0,0.0,0.0,0.0,0.024509803921568634,1.1887254901960786,10.41666666666667,14.289215686274488,3.872549019607844,0.19607843137254907,0.012254901960784317,0.0,0.0,0.0,0.0,0.0,0.0,0.0,0.0,0.0,0.0,0.0,0.0,0.0,0.0,0.0,0.374,0.02287,0.0,0.0,0.0,0.0,0.0,0.0,0.0,0.0,0.0,0.975918884664132,10.443599493029154,14.790874524714807,3.6248415716096334,0.16476552598225608,0.0,0.0,0.0,0.0,0.0,0.0,0.0,0.0,0.0,0.0,0.0,0.0,0.0,0.0,0.0,0.0
23000,4776,2523,0.5282663316582915,1229,957,0.45770519262981574,1337,0.5598827470686767,0.41,3.012871726586773,3.096368068437118,6.6415094339622645,1.9993175529624991,9351.813008508465,1416.4074347621404,7853.0,10740.033143281937,10690.229856772268,18.11949100430447,7853.0,0.0,28.235971524288107,20.90173558034227,33.24956369982548,19.044628573982116,0.141750418760469,0.09087102177554439,0.09505862646566164,0.08165829145728644,0.0829145728643216,0.07370184254606366,0.07139865996649916,0.06804857621440535,0.05757956448911223,0.056323283082077055,0.04417922948073702,0.04271356783919598,0.031407035175879394,0.026591289782244554,0.017797319932998323,0.009631490787269681,0.008375209380234505,0.9191993165455472,0.022554986442662232,0.0,0.0,0.0,0.0,0.0,0.0,0.0,0.0,0.0,0.0,0.0,0.0,0.0,0.0,0.0,0.0,0.0,0.0,0.0,0.0,0.0,0.0,0.0,0.0,0.0,0.29522613065326636,5.690954773869349,16.080402010050253,7.4309045226130666,0.5025125628140704,4.252237851662404,2.922703283008897,nan,nan,nan,4.188508715300194,2.87965587920759,4.314756174794174,2.9629938581824913,1.030141386368091,0.3723,0.02306,0.0,0.0,0.0,0.0,0.0,0.0,0.0,0.0,0.006281407035175881,1.2500000000000002,10.76633165829146,14.554020100502491,3.3040201005025134,0.11934673366834173,0.0,0.0,0.0,0.0,0.0,0.0,0.0,0.0,0.0,0.0,0.0,0.0,0.0,0.0,0.0,0.0,nan,nan,4.252237851662404,2.922703283008897,nan,0.3723,0.1075,0.0,0.0,0.0,0.0,0.0,0.0,0.0,0.0,0.0,0.0,0.0,0.0,0.0,0.0,0.0005757956448911223,0.0012981574539363484,4.187604690117253e-05,0.0,0.0039782244556113905,0.005171691792294807,0.005307788944723618,0.00855318257956449,0.0192106365159129,0.024926716917922948,0.08355318257956448,0.02751256281407035,0.025889865996649917,0.02882118927973199,0.019399078726968173,0.039803182579564486,0.0313965661641541,0.034819932998324955,0.029156197654941374,0.025722361809045226,0.027931323283082076,0.01952470686767169,0.0461892797319933,0.03305067001675042,0.02102177554438861,0.060971524288107204,0.026245812395309882,0.017022613065326632,0.02693676716917923,0.03974036850921273,0.03813860971524288,0.012091708542713568,0.0067629815745393635,0.026497068676716917,0.03925879396984925,0.013211892797319933,0.013274706867671692,0.006616415410385259,0.005674204355108878,0.003088358458961474,0.0021984924623115578,0.012395309882747068,0.03057998324958124,0.011474036850921273,0.004794807370184255,0.002554438860971524,0.018729061976549412,0.0005443886097152428,0.00047110552763819093,0.011955611390284757,0.0015598827470686767,0.0021670854271356784,0.0,0.0,0.0,0.0,0.002188023450586265,0.0,0.0,0.0,0.0,0.0,0.0,0.0,0.0,0.0,0.0,0.0,0.0,0.0,0.0,0.0,0.0,0.0,0.0,0.0,0.0,0.0,0.0,0.0,0.0,0.0,0.0,0.0,0.0,0.0,0.0,nan,nan,4.252237851662404,2.922703283008897,nan,0.918677192309807,0.02265866660248111,0.0,0.0,0.0,0.0,0.0,0.0,0.0,0.0,0.0,0.0,0.0,0.0,0.0,0.0,0.0,0.0,0.0,0.0,0.0,0.0,0.0,0.0,0.0,0.0,0.0,0.38049940546967903,5.707491082045186,16.087990487514865,7.3483947681331765,0.4756242568370988,0.9197840122609365,0.022423887258048347,0.0,0.0,0.0,0.0,0.0,0.0,0.0,0.0,0.0,0.0,0.0,0.0,0.0,0.0,0.0,0.0,0.0,0.0,0.0,0.0,0.0,0.0,0.0,0.0,0.0,0.19973368841544611,5.67243675099867,16.071904127829566,7.52330226364847,0.5326231691078563,0.3723,0.02315,0.0,0.0,0.0,0.0,0.0,0.0,0.0,0.0,0.01189060642092747,1.3198573127229491,10.618311533888232,14.64922711058262,3.234244946492272,0.1664684898929846,0.0,0.0,0.0,0.0,0.0,0.0,0.0,0.0,0.0,0.0,0.0,0.0,0.0,0.0,0.0,0.0,0.3723,0.02295,0.0,0.0,0.0,0.0,0.0,0.0,0.0,0.0,0.0,1.1717709720372838,10.93209054593875,14.447403462050579,3.3821571238348875,0.06657789613848204,0.0,0.0,0.0,0.0,0.0,0.0,0.0,0.0,0.0,0.0,0.0,0.0,0.0,0.0,0.0,0.0
23100,4546,2378,0.5230972283326001,1107,923,0.4465464144302684,1261,0.5547734271887373,0.442,2.9930811808118083,3.140828637233338,6.647457627118644,2.1996421844768212,9336.94579796908,1416.9695023866793,7853.0,10746.786955952644,10689.845078876131,18.205093135444738,7853.0,0.0,27.897052353717555,20.985591083082838,32.85163826998689,19.27457684410262,0.14034315882094148,0.10514738231412231,0.08996920369555653,0.08908930928288605,0.07787065552133744,0.07369115706115266,0.06709194896612407,0.06445226572811262,0.05851297844258689,0.05411350637923449,0.045974483062032556,0.03849538055433348,0.031236251649802024,0.027716673999120107,0.01781786185657721,0.010998680158380994,0.007479102507699076,0.9168959833743863,0.022983202990357103,0.0,0.0,0.0,0.0,0.0,0.0,0.0,0.0,0.0,0.0,0.0,0.0,0.0,0.0,0.0,0.0,0.0,0.0,0.0,0.0,0.0,0.0,0.0,0.0,0.0,0.3761548614166301,6.6256049274087125,16.016278046634408,6.500219973603169,0.48174219093708764,4.338456284153006,2.9350662701860766,nan,nan,nan,4.430472388556221,2.9249294837254713,4.2414035087719295,2.942603834770957,0.9573253451996111,0.3728,0.02316,0.0,0.0,0.0,0.0,0.0,0.0,0.0,0.0,0.03299604047514299,1.3330400351957767,10.459744830620327,14.51825780906289,3.510778706555214,0.14518257809062915,0.0,0.0,0.0,0.0,0.0,0.0,0.0,0.0,0.0,0.0,0.0,0.0,0.0,0.0,0.0,0.0,nan,nan,4.338456284153006,2.9350662701860766,nan,0.3728,0.10846,0.0,0.0,0.0,0.0,0.0,0.0,0.0,0.0,0.0,0.0,0.0,0.0,0.0,0.0,0.0006269247690277167,0.0013198416190057193,2.199736031676199e-05,0.0,0.0029146502419709636,0.006093268807743071,0.0052353717553893534,0.008336999560052794,0.02079850417949846,0.022943246810382754,0.08249010118785746,0.02752969643642763,0.027826660800703916,0.03044434667839859,0.018268807743070832,0.03971623405191377,0.030686317641882975,0.03640563132424109,0.030070391553013637,0.025032996040475142,0.027287725472943246,0.019995600527936648,0.0462384513858337,0.03109326880774307,0.019621645402551693,0.05928288605367356,0.028024637043554772,0.017443906731192258,0.029080510338759347,0.03812142542894852,0.038539375274967,0.01063572371315442,0.0060492740871095465,0.027727672679278486,0.037890453145622525,0.01216454025516938,0.012890453145622526,0.007028156621205455,0.005257369115706115,0.004124505059392873,0.0024527056753189617,0.011823581170259568,0.031302243730752306,0.010701715794104708,0.004718433787945447,0.0031016278046634405,0.020336559612846458,0.00048394192696876373,0.00042894852617685877,0.012956445226572811,0.0013198416190057193,0.001902771667399912,0.0,6.599208095028597e-05,0.0,0.0,0.003145622525296964,0.0,0.0,0.0,0.0,0.0,0.0,0.0,0.0,0.0,0.0,0.0,0.0,0.0,0.0,0.0,0.0,0.0,0.0,0.0,0.0,0.0,0.0,0.0,0.0,0.0,0.0,0.0,0.0,0.0,0.0,nan,nan,4.338456284153006,2.9350662701860766,nan,0.916849535663555,0.023317539930540546,0.0,0.0,0.0,0.0,0.0,0.0,0.0,0.0,0.0,0.0,0.0,0.0,0.0,0.0,0.0,0.0,0.0,0.0,0.0,0.0,0.0,0.0,0.0,0.0,0.0,0.40370058873002534,6.585365853658538,15.98402018502944,6.522287636669471,0.5046257359125317,0.9169469301715988,0.022610686805756515,0.0,0.0,0.0,0.0,0.0,0.0,0.0,0.0,0.0,0.0,0.0,0.0,0.0,0.0,0.0,0.0,0.0,0.0,0.0,0.0,0.0,0.0,0.0,0.0,0.0,0.34594095940959413,6.669741697416976,16.05166051660517,6.476014760147603,0.4566420664206643,0.3735,0.02301,0.0,0.0,0.0,0.0,0.0,0.0,0.0,0.0,0.03784693019343987,1.2741799831791423,10.067283431455007,14.899074852817472,3.595458368376788,0.12615643397813292,0.0,0.0,0.0,0.0,0.0,0.0,0.0,0.0,0.0,0.0,0.0,0.0,0.0,0.0,0.0,0.0,0.3723,0.02332,0.0,0.0,0.0,0.0,0.0,0.0,0.0,0.0,0.027675276752767534,1.3976014760147604,10.890221402214024,14.100553505535036,3.4178966789667906,0.1660516605166052,0.0,0.0,0.0,0.0,0.0,0.0,0.0,0.0,0.0,0.0,0.0,0.0,0.0,0.0,0.0,0.0
23200,5018,2552,0.5085691510561977,1206,1024,0.44440015942606614,1414,0.5635711438820247,0.36999999999999994,2.982968369829684,3.0557993122840603,6.543385490753912,2.132998457995082,9295.46771637799,1418.013028561856,7853.0,10752.751567363739,10689.325627266753,18.061891670732525,7853.0,0.0,28.283579115185333,20.95712693034971,33.16646961456609,19.206773982077667,0.13431646074133122,0.10542048624950179,0.08668792347548825,0.08150657632522917,0.08170585890793144,0.08150657632522917,0.06556396970904743,0.06735751295336788,0.05759266640095655,0.053806297329613395,0.047827819848545235,0.04045436428856118,0.03347947389398167,0.02610601833399761,0.016939019529693105,0.012953367875647668,0.006775607811877242,0.9165774805225572,0.023130718541854202,0.0,0.0,0.0,0.0,0.0,0.0,0.0,0.0,0.0,0.0,0.0,0.0,0.0,0.0,0.0,0.0,0.0,0.0,0.0,0.0,0.0,0.0,0.0,0.0,0.005978477481068156,0.44838581108011166,6.58230370665604,15.98047030689518,6.456755679553608,0.5261060183339977,4.269880257906048,2.801802966457389,nan,nan,nan,4.282338308457711,2.779390481335151,4.257731958762887,2.823433939397729,0.9942539921130877,0.372,0.02295,0.0,0.0,0.0,0.0,0.0,0.0,0.0,0.0,0.005978477481068156,1.345157433240335,10.743324033479476,14.539657233957731,3.2343563172578724,0.13152650458349943,0.0,0.0,0.0,0.0,0.0,0.0,0.0,0.0,0.0,0.0,0.0,0.0,0.0,0.0,0.0,0.0,nan,nan,4.269880257906048,2.801802966457389,nan,0.372,0.10767,0.0,0.0,0.0,0.0,0.0,0.0,0.0,0.0,0.0,0.0,0.0,0.0,0.0,0.0,0.0002491032283778398,0.00116580310880829,0.00016939019529693105,9.964129135113591e-06,0.0028098844161020325,0.005679553607014747,0.004483858110801116,0.007542845755280988,0.02142287764049422,0.022787963332004783,0.08264248704663213,0.028686727779992028,0.029095257074531686,0.03254284575528099,0.017297728178557195,0.04053407732164209,0.030121562375448385,0.03276205659625349,0.03139697090474292,0.023216420884814667,0.02702271821442806,0.01881227580709446,0.05277999202869669,0.033090872857712235,0.020127540852929456,0.05996412913511359,0.02852730171383021,0.018662813870067758,0.030589876444798724,0.037724192905540056,0.03742526903148665,0.009924272618573137,0.007303706656038262,0.02658429653248306,0.03421681944998007,0.010023913909924272,0.012793941809485851,0.006755679553607015,0.004862495017935432,0.0036667995217218017,0.002072538860103627,0.011897170187325628,0.03204463929852531,0.009864487843762456,0.005221203666799522,0.0035173375846950976,0.019270625747309686,0.0004184934236747708,0.0006476683937823834,0.013601036269430052,0.0012056596253487446,0.0020326823435631728,0.0,5.9784774810681545e-05,0.0,0.0,0.0026703866082104424,0.0,0.0,0.0,0.0,0.0,0.0,0.0,0.0,0.0,0.0,0.0,0.0,0.0,0.0,0.0,0.0,0.0,0.0,0.0,0.0,0.0,0.0,0.0,0.0,0.0,0.0,0.0,0.0,0.0,0.0,nan,nan,4.269880257906048,2.801802966457389,nan,0.9166216098916568,0.023050289065446667,0.0,0.0,0.0,0.0,0.0,0.0,0.0,0.0,0.0,0.0,0.0,0.0,0.0,0.0,0.0,0.0,0.0,0.0,0.0,0.0,0.0,0.0,0.0,0.0,0.0,0.44670846394984337,6.5478056426332305,16.034482758620694,6.489028213166145,0.48197492163009414,0.9165318121730266,0.023213571196279075,0.0,0.0,0.0,0.0,0.0,0.0,0.0,0.0,0.0,0.0,0.0,0.0,0.0,0.0,0.0,0.0,0.0,0.0,0.0,0.0,0.0,0.0,0.0,0.0,0.012165450121654504,0.45012165450121666,6.61800486618005,15.924574209245746,6.423357664233578,0.5717761557177616,0.3728,0.02298,0.0,0.0,0.0,0.0,0.0,0.0,0.0,0.0,0.01175548589341693,1.363636363636364,10.144984326018811,15.058777429467062,3.2562695924764897,0.16457680250783704,0.0,0.0,0.0,0.0,0.0,0.0,0.0,0.0,0.0,0.0,0.0,0.0,0.0,0.0,0.0,0.0,0.3713,0.02286,0.0,0.0,0.0,0.0,0.0,0.0,0.0,0.0,0.0,1.326034063260341,11.362530413625308,14.00243309002431,3.211678832116789,0.09732360097323603,0.0,0.0,0.0,0.0,0.0,0.0,0.0,0.0,0.0,0.0,0.0,0.0,0.0,0.0,0.0,0.0
23300,4791,2502,0.5222291797119599,1213,969,0.4554372782300146,1351,0.5639741181381758,0.40599999999999997,3.035386631716907,3.097098635424702,6.562403697996919,2.0895671030915053,9334.147167208796,1416.7567764310083,7853.0,10744.022208929062,10689.201470062888,17.7708434170239,7853.0,0.0,27.687539135879774,20.481876192531512,32.48897149938042,18.746176870746847,0.13775829680651222,0.09810060530160718,0.09622208307242747,0.08641202254226675,0.08390732623669381,0.07263619286161553,0.07284491755374661,0.06637445209768315,0.060321436025881865,0.0509288248799833,0.05051137549572114,0.040075140889167186,0.029430181590482152,0.022124817365894386,0.015445627217699855,0.010018785222291797,0.0068879148403256105,0.9177992530019367,0.022230354496304703,0.0,0.0,0.0,0.0,0.0,0.0,0.0,0.0,0.0,0.0,0.0,0.0,0.0,0.0,0.0,0.0,0.0,0.0,0.0,0.0,0.0,0.0,0.0,0.0,0.0,0.3193487789605511,6.005009392611147,16.51221039448967,6.6499686912961815,0.5134627426424547,4.302873748789151,2.8929844228837527,nan,nan,nan,4.241176470588235,2.9108772662299267,4.365261813537676,2.8737894050330985,1.0292572930671358,0.372,0.02321,0.0,0.0,0.0,0.0,0.0,0.0,0.0,0.0,0.0,1.452723857232311,10.839073262366941,14.113963681903549,3.4564809016906706,0.13775829680651222,0.0,0.0,0.0,0.0,0.0,0.0,0.0,0.0,0.0,0.0,0.0,0.0,0.0,0.0,0.0,0.0,nan,nan,4.302873748789151,2.8929844228837527,nan,0.372,0.10834,0.0,0.0,0.0,0.0,0.0,0.0,0.0,0.0,0.0,0.0,0.0,0.0,0.0,0.0,0.00019828845752452515,0.0013358380296389063,0.0001878522229179712,0.0,0.0037674806929659777,0.005896472552702985,0.004257983719474014,0.006773116259653517,0.022897098726779377,0.02292840743059904,0.08398037987893968,0.02897098726779378,0.02838655812982676,0.03168440826549781,0.018065122103944897,0.03967856397411814,0.029451054059695263,0.033176789814235025,0.031830515549989565,0.023471091630139846,0.0244103527447297,0.018378209142141517,0.05231684408265498,0.03656856606136506,0.019588812356501773,0.060321436025881865,0.02839699436443331,0.0178146524733876,0.02981632227092465,0.038436652055938214,0.035608432477562096,0.009590899603423086,0.007733249843456481,0.02693592151951576,0.03278021289918597,0.010676268002504697,0.01208515967438948,0.006773116259653517,0.004633688165309956,0.003934460446670841,0.0018263410561469421,0.012116468378209143,0.03231058234189105,0.010321436025881862,0.00559382174911292,0.003569192235441453,0.0192652890836986,0.0004905030265080359,0.0012314756835733666,0.012794823627635149,0.0013254017950323524,0.0020663744520976832,0.0,0.00015654351909830932,2.087246921310791e-05,0.0,0.0031621790857858487,0.0,0.0,0.0,0.0,0.0,1.0436234606553956e-05,0.0,0.0,0.0,0.0,0.0,0.0,0.0,0.0,0.0,0.0,0.0,0.0,0.0,0.0,0.0,0.0,0.0,0.0,0.0,0.0,0.0,0.0,0.0,0.0,nan,nan,4.302873748789151,2.8929844228837527,nan,0.9178301445681224,0.022235743099328534,0.0,0.0,0.0,0.0,0.0,0.0,0.0,0.0,0.0,0.0,0.0,0.0,0.0,0.0,0.0,0.0,0.0,0.0,0.0,0.0,0.0,0.0,0.0,0.0,0.0,0.3836930455635493,5.683453237410073,16.642685851318948,6.786570743405277,0.5035971223021584,0.9177654868601295,0.022224413851051353,0.0,0.0,0.0,0.0,0.0,0.0,0.0,0.0,0.0,0.0,0.0,0.0,0.0,0.0,0.0,0.0,0.0,0.0,0.0,0.0,0.0,0.0,0.0,0.0,0.0,0.24901703800786373,6.356487549148101,16.369593709043254,6.5006553079947595,0.5242463958060289,0.3713,0.02324,0.0,0.0,0.0,0.0,0.0,0.0,0.0,0.0,0.0,1.522781774580336,10.89928057553957,14.160671462829717,3.3093525179856123,0.10791366906474822,0.0,0.0,0.0,0.0,0.0,0.0,0.0,0.0,0.0,0.0,0.0,0.0,0.0,0.0,0.0,0.0,0.3726,0.02315,0.0,0.0,0.0,0.0,0.0,0.0,0.0,0.0,0.0,1.376146788990826,10.773263433813895,14.062909567496703,3.6173001310615995,0.17038007863695942,0.0,0.0,0.0,0.0,0.0,0.0,0.0,0.0,0.0,0.0,0.0,0.0,0.0,0.0,0.0,0.0
23400,4737,2470,0.5214270635423264,1149,974,0.4481739497572303,1329,0.5611146295123496,0.438,3.0569033965593295,3.105529557752294,6.627388535031847,2.0699583510677644,9331.755446768673,1416.7434909828307,7853.0,10747.866081357002,10688.977551151094,17.655630274243734,7853.0,0.0,28.004010977411863,20.854861617132705,33.02393550012598,19.053271159605462,0.1416508338610935,0.09499683343888538,0.09563014566181127,0.08233058898036733,0.08043065231158962,0.07916402786573781,0.07135317711631835,0.06248680599535571,0.056575891914713954,0.05087608190838083,0.047076208570825416,0.044120751530504536,0.031665611146295125,0.02744352966012244,0.016466117796073463,0.011399620012666244,0.006333122229259025,0.9176617616436414,0.022699834983124695,0.0,0.0,0.0,0.0,0.0,0.0,0.0,0.0,0.0,0.0,0.0,0.0,0.0,0.0,0.0,0.0,0.0,0.0,0.0,0.0,0.0,0.0,0.0,0.0,0.006333122229259026,0.3926535782140596,6.016466117796075,16.301456618112734,6.858771374287525,0.42431918936035473,4.315291816106945,2.873266637778672,nan,nan,nan,4.274661508704062,2.8860805810148373,4.3568601583113455,2.8595000502137666,1.0192292768538305,0.3713,0.02284,0.0,0.0,0.0,0.0,0.0,0.0,0.0,0.0,0.0,1.3806206459784678,11.494616846105133,13.875870804306501,3.141228625712477,0.10766307789740344,0.0,0.0,0.0,0.0,0.0,0.0,0.0,0.0,0.0,0.0,0.0,0.0,0.0,0.0,0.0,0.0,nan,nan,4.315291816106945,2.873266637778672,nan,0.3713,0.10876,0.0,0.0,0.0,0.0,0.0,0.0,0.0,0.0,0.0,0.0,0.0,0.0,0.0,0.0,7.388642600802195e-05,0.0012455140384209414,7.388642600802195e-05,9.499683343888537e-05,0.004338188727042432,0.005668144395186827,0.005298712265146718,0.006565336710998522,0.024055309267468863,0.02213426219126029,0.08301667722187038,0.0292273590880304,0.026957990289212582,0.03351277179649567,0.020466540004222083,0.039856449229470126,0.02929069031032299,0.03516993877981845,0.03218281612835128,0.02286257124762508,0.02404475406375343,0.016909436352121596,0.052744352966012244,0.038853704876504115,0.020487650411652944,0.058138062064597845,0.028963478995144606,0.01693054675955246,0.02983956090352544,0.036151572725353597,0.03407219759341355,0.00846527337977623,0.008919147139539793,0.028594046865104496,0.030050664977834072,0.009848005066497783,0.010597424530293435,0.0068186616001688835,0.004433185560481318,0.004454295967912181,0.0017416086130462318,0.013204559848005067,0.032710576314122865,0.010344099641123074,0.006238125395820139,0.0029871226514671732,0.02088874815283935,0.0004644289634789951,0.0015305045387375977,0.010555203715431708,0.0015727253535993244,0.0029026810217437195,2.1110407430863417e-05,0.00010555203715431708,0.0,0.0,0.003293223559214693,0.0,2.1110407430863417e-05,0.0,0.0,0.0,1.0555203715431708e-05,0.0,0.0,0.0,0.0,0.0,0.0,0.0,0.0,0.0,0.0,0.0,0.0,0.0,0.0,0.0,0.0,0.0,0.0,0.0,0.0,0.0,0.0,0.0,0.0,nan,nan,4.315291816106945,2.873266637778672,nan,0.9171949085918998,0.022239270209984344,0.0,0.0,0.0,0.0,0.0,0.0,0.0,0.0,0.0,0.0,0.0,0.0,0.0,0.0,0.0,0.0,0.0,0.0,0.0,0.0,0.0,0.0,0.0,0.0,0.0,0.3522267206477734,6.303643724696358,16.469635627530366,6.473684210526318,0.4008097165991904,0.9181704193577137,0.023180531387767586,0.0,0.0,0.0,0.0,0.0,0.0,0.0,0.0,0.0,0.0,0.0,0.0,0.0,0.0,0.0,0.0,0.0,0.0,0.0,0.0,0.0,0.0,0.0,0.0,0.013233348037053378,0.43670048522276145,5.703573003970006,16.118217909131012,7.278341420379357,0.44993383325981484,0.3716,0.02284,0.0,0.0,0.0,0.0,0.0,0.0,0.0,0.0,0.0,1.3481781376518223,11.30769230769231,14.02834008097164,3.1700404858299605,0.14574898785425103,0.0,0.0,0.0,0.0,0.0,0.0,0.0,0.0,0.0,0.0,0.0,0.0,0.0,0.0,0.0,0.0,0.371,0.02283,0.0,0.0,0.0,0.0,0.0,0.0,0.0,0.0,0.0,1.4159682399647116,11.698279664755185,13.709748566387276,3.1098367887075438,0.06616674018526689,0.0,0.0,0.0,0.0,0.0,0.0,0.0,0.0,0.0,0.0,0.0,0.0,0.0,0.0,0.0,0.0
23500,5001,2576,0.5150969806038792,1205,1033,0.4475104979004199,1406,0.5622875424915017,0.40599999999999997,2.877113402061856,3.040712056719978,6.481538461538461,2.0622163064709182,9313.736264338757,1417.3366803587483,7853.0,10751.454833745956,10688.847072188713,18.115548936488086,7853.0,0.0,27.452909418116377,20.607205066516485,32.455959789372905,18.856722105123232,0.14177164567086584,0.10317936412717456,0.09378124375124974,0.08358328334333133,0.08658268346330734,0.07518496300739852,0.07258548290341932,0.0609878024395121,0.05718856228754249,0.05118976204759048,0.044191161767646474,0.04239152169566087,0.033793241351729654,0.021995600879824034,0.015596880623875225,0.009198160367926415,0.006798640271945611,0.9173587367573254,0.022869676315215325,0.0,0.0,0.0,0.0,0.0,0.0,0.0,0.0,0.0,0.0,0.0,0.0,0.0,0.0,0.0,0.0,0.0,0.0,0.0,0.0,0.0,0.0,0.0,0.0,0.011997600479904022,0.3719256148770247,6.250749850029996,16.076784643071388,6.844631073785244,0.4439112177564488,4.202194357366771,2.8669877937039003,nan,nan,nan,4.166561514195584,2.869619805795224,4.234413965087282,2.8623731009046556,1.0162849991919052,0.3713,0.02307,0.0,0.0,0.0,0.0,0.0,0.0,0.0,0.0,0.01799640071985603,1.3797240551889625,11.607678464307142,13.64127174565085,3.233353329334134,0.1139772045590882,0.005998800239952011,0.0,0.0,0.0,0.0,0.0,0.0,0.0,0.0,0.0,0.0,0.0,0.0,0.0,0.0,0.0,nan,nan,4.202194357366771,2.8669877937039003,nan,0.3713,0.10876,0.0,0.0,0.0,0.0,0.0,0.0,0.0,0.0,0.0,0.0,0.0,0.0,0.0,0.0,0.0,0.0009398120375924815,3.9992001599680064e-05,2.999400119976005e-05,0.004149170165966807,0.005768846230753849,0.005218956208758248,0.0067886422715456906,0.023075384923015398,0.021925614877024595,0.08120375924815038,0.03013397320535893,0.028254349130173967,0.036392721455708855,0.022055588882223556,0.03822235552889422,0.029234153169366128,0.034663067386522695,0.03111377724455109,0.023335332933413316,0.022695460907818436,0.016356728654269147,0.053669266146770644,0.03915216956608678,0.02033593281343731,0.06025794841031794,0.03089382123575285,0.01759648070385923,0.028674265146970607,0.034843031393721254,0.03289342131573685,0.008488302339532093,0.008138372325534894,0.029994001199760048,0.028764247150569886,0.010917816436712658,0.010257948410317937,0.00645870825834833,0.004159168166366726,0.0046990601879624075,0.0013897220555888822,0.0131373725254949,0.03138372325534893,0.009948010397920416,0.007168566286742652,0.004069186162767447,0.01946610677864427,0.0007698460307938412,0.0011297740451909617,0.010647870425914818,0.0020295940811837633,0.003009398120375925,0.0,0.00014997000599880023,0.0,0.0,0.0038392321535692863,0.0,5.99880023995201e-05,0.0,9.998000399920016e-06,0.0,0.0,0.0,0.0,0.0,0.0,0.0,0.0,0.0,0.0,0.0,0.0,0.0,0.0,0.0,0.0,0.0,0.0,0.0,0.0,0.0,0.0,0.0,0.0,0.0,0.0,nan,nan,4.202194357366771,2.8669877937039003,nan,0.9171429834565761,0.0228042415985555,0.0,0.0,0.0,0.0,0.0,0.0,0.0,0.0,0.0,0.0,0.0,0.0,0.0,0.0,0.0,0.0,0.0,0.0,0.0,0.0,0.0,0.0,0.0,0.0,0.011645962732919258,0.43090062111801253,6.137422360248449,16.222826086956523,6.801242236024846,0.39596273291925477,0.9175879245935027,0.02293675821776577,0.0,0.0,0.0,0.0,0.0,0.0,0.0,0.0,0.0,0.0,0.0,0.0,0.0,0.0,0.0,0.0,0.0,0.0,0.0,0.0,0.0,0.0,0.0,0.0,0.01237113402061856,0.309278350515464,6.371134020618558,15.921649484536086,6.890721649484537,0.49484536082474234,0.3713,0.02338,0.0,0.0,0.0,0.0,0.0,0.0,0.0,0.0,0.023291925465838515,1.3858695652173916,11.471273291925469,13.788819875776378,3.167701863354038,0.15139751552795036,0.011645962732919258,0.0,0.0,0.0,0.0,0.0,0.0,0.0,0.0,0.0,0.0,0.0,0.0,0.0,0.0,0.0,0.371,0.02274,0.0,0.0,0.0,0.0,0.0,0.0,0.0,0.0,0.01237113402061856,1.3731958762886602,11.752577319587632,13.484536082474207,3.3030927835051553,0.07422680412371135,0.0,0.0,0.0,0.0,0.0,0.0,0.0,0.0,0.0,0.0,0.0,0.0,0.0,0.0,0.0,0.0
23600,4643,2392,0.515184148180056,1136,957,0.450786129657549,1318,0.5677363773422356,0.414,2.9853398489560194,3.109187044224446,6.6742671009771986,2.1143427607094742,9314.013485942118,1417.3550237177626,7853.0,10746.492673039436,10688.905357537311,17.606268897902595,7853.0,0.0,28.04307559767392,20.830068357224143,32.988464496283,19.046392187114634,0.13913418048675424,0.09584320482446694,0.0928279129872927,0.08852035321990093,0.08012061167348697,0.07538229592935602,0.07516691794098643,0.06353650656902865,0.05362911910402757,0.051259961231962095,0.0493215593366358,0.035968124057721304,0.038337281929786776,0.02519922463924187,0.02046090889511092,0.009476631488261899,0.005815205685978893,0.91758753711387,0.02259900445280764,0.0,0.0,0.0,0.0,0.0,0.0,0.0,0.0,0.0,0.0,0.0,0.0,0.0,0.0,0.0,0.0,0.0,0.0,0.0,0.0,0.0,0.0,0.0,0.0,0.0,0.3295283222054706,6.345035537368083,16.004738315744135,6.8360973508507445,0.4846004738315745,4.181278839815425,2.8529262312780785,nan,nan,nan,4.104399212081418,2.8822822955612812,4.26158940397351,2.8197120919948597,1.0382979782837394,0.371,0.02263,0.0,0.0,0.0,0.0,0.0,0.0,0.0,0.0,0.01292267930217532,1.2082705147533923,11.733792806375192,13.898341589489533,3.075597673917726,0.0646133965108766,0.00646133965108766,0.0,0.0,0.0,0.0,0.0,0.0,0.0,0.0,0.0,0.0,0.0,0.0,0.0,0.0,0.0,nan,nan,4.181278839815425,2.8529262312780785,nan,0.371,0.1076,0.0,0.0,0.0,0.0,0.0,0.0,0.0,0.0,0.0,0.0,0.0,0.0,0.0,0.0,0.0,0.0007753607581305191,0.00010768899418479432,3.23066982554383e-05,0.0036506569028645275,0.005039844927848374,0.005255222916217962,0.005782898987723455,0.020030152918371742,0.021268576351496878,0.08344820159379711,0.030239069567090243,0.02936678871419341,0.03561275037691148,0.024122334697393926,0.037077320697824684,0.030572905449063107,0.03610811975016153,0.03130519060951971,0.0242407925909972,0.0212578074520784,0.016304113719577858,0.052369157872065475,0.04041567951755331,0.022636226577643765,0.059379711393495585,0.03157441309498169,0.016993323282360542,0.027396080120611673,0.03699116950247685,0.03341589489554168,0.008281283652810683,0.008561275037691147,0.0295283222054706,0.02897910833512815,0.011221193194055568,0.010445832435925048,0.007333620503984493,0.004199870773206978,0.0045767822528537585,0.0010122765453370666,0.01155502907602843,0.03200516907172087,0.009810467370234763,0.006665948740038768,0.0036075813051906097,0.018694809390480294,0.0011091966401033813,0.0008938186517337928,0.01004738315744131,0.0017445617057936678,0.0032629765237992677,1.0768899418479431e-05,8.615119534783545e-05,0.0,0.0,0.003564505707516692,0.0,3.23066982554383e-05,0.0,0.0,0.0,0.0,0.0,0.0,0.0,0.0,0.0,0.0,0.0,0.0,0.0,0.0,0.0,0.0,0.0,0.0,0.0,0.0,0.0,0.0,0.0,0.0,0.0,0.0,0.0,0.0,nan,nan,4.181278839815425,2.8529262312780785,nan,0.9175101624533883,0.02281403384169084,0.0,0.0,0.0,0.0,0.0,0.0,0.0,0.0,0.0,0.0,0.0,0.0,0.0,0.0,0.0,0.0,0.0,0.0,0.0,0.0,0.0,0.0,0.0,0.0,0.0,0.3637123745819399,6.371237458193981,15.97826086956522,6.760033444816055,0.5267558528428095,0.9176697584323383,0.022367947277539692,0.0,0.0,0.0,0.0,0.0,0.0,0.0,0.0,0.0,0.0,0.0,0.0,0.0,0.0,0.0,0.0,0.0,0.0,0.0,0.0,0.0,0.0,0.0,0.0,0.0,0.2932030208796091,6.317192358951579,16.032874278098625,6.916925810750779,0.4398045313194137,0.371,0.0226,0.0,0.0,0.0,0.0,0.0,0.0,0.0,0.0,0.012541806020066893,1.1036789297658864,11.78929765886288,14.034280936454827,2.9974916387959873,0.06270903010033446,0.0,0.0,0.0,0.0,0.0,0.0,0.0,0.0,0.0,0.0,0.0,0.0,0.0,0.0,0.0,0.0,0.3708,0.02264,0.0,0.0,0.0,0.0,0.0,0.0,0.0,0.0,0.013327410039982234,1.319413593958241,11.674811195024438,13.753887161261643,3.1585961794757895,0.06663705019991116,0.013327410039982234,0.0,0.0,0.0,0.0,0.0,0.0,0.0,0.0,0.0,0.0,0.0,0.0,0.0,0.0,0.0
23700,4439,2323,0.5233160621761658,1095,895,0.4482991664789367,1245,0.5609371480063077,0.442,3.0264650283553873,3.1345472653631954,6.642384105960265,2.1161453487959716,9337.126976121328,1416.5184504206559,7853.0,10755.0805696249,10689.005013776401,17.802619828855693,7853.0,0.0,27.975444920027034,20.880237152832407,32.816991717873364,19.156342012690512,0.13719306150033792,0.10227528722685289,0.09348952466771795,0.08425321018247353,0.08492903807163775,0.07073665239918901,0.06983554854697004,0.0626267177292183,0.06240144176616355,0.05181347150259067,0.04505519261094841,0.04032439738679883,0.03198918675377337,0.027934219418788014,0.01779680108132462,0.01193962604190133,0.005406623113313809,0.9164383518961696,0.023184484575857558,0.0,0.0,0.0,0.0,0.0,0.0,0.0,0.0,0.0,0.0,0.0,0.0,0.0,0.0,0.0,0.0,0.0,0.0,0.0,0.0,0.0,0.0,0.0,0.0,0.0,0.5339040324397388,6.751520612750621,15.638657355260197,6.6501464293759875,0.4257715701734626,4.300767620376832,2.92406445463063,nan,nan,nan,4.292253521126761,2.9512130221189086,4.309342560553633,2.8981229906288375,1.003981367676154,0.3726,0.02252,0.0,0.0,0.0,0.0,0.0,0.0,0.0,0.0,0.02027483667492679,1.1151160171209733,10.995719756701961,14.611398963730549,3.0885334534805144,0.16895697229105658,0.0,0.0,0.0,0.0,0.0,0.0,0.0,0.0,0.0,0.0,0.0,0.0,0.0,0.0,0.0,0.0,nan,nan,4.300767620376832,2.92406445463063,nan,0.3726,0.1076,0.0,0.0,0.0,0.0,0.0,0.0,0.0,0.0,0.0,0.0,0.0,0.0,0.0,0.0,0.0,0.00033791394458211306,0.00024780355936021624,5.6318990763685515e-05,0.003165127280919126,0.0055079972966884435,0.004640684838927687,0.006747015093489525,0.017413831944131562,0.021682811444018922,0.08189907636855148,0.02943230457310205,0.03169632800180221,0.033690020274836675,0.024059472854246453,0.03820680333408425,0.031606217616580314,0.03402793421941879,0.03132462266276188,0.023687767515206126,0.01998197792295562,0.016850642036494706,0.05144176616355035,0.038646091462041,0.022223473755350304,0.061252534354584366,0.030344672223473756,0.017132236990313132,0.027010587970263573,0.0390403243973868,0.035796350529398516,0.008909664338815048,0.008560486596080198,0.029240820004505518,0.028835323271006984,0.012502815949538185,0.010024780355936022,0.007332732597431854,0.005079972966884433,0.00404370353683262,0.0008222572651498085,0.011658031088082901,0.032011714350078845,0.010283847713448976,0.0062739355710745666,0.004482991664789367,0.019891867537733723,0.0010362694300518134,0.0011376436134264475,0.010734399639558459,0.0018134715025906736,0.003593151610723136,0.0,0.0,0.0,0.0,0.0025568821806713224,2.2527596305474206e-05,0.0,0.0,0.0,0.0,0.0,0.0,0.0,0.0,0.0,0.0,0.0,0.0,0.0,0.0,0.0,0.0,0.0,0.0,0.0,0.0,0.0,0.0,0.0,0.0,0.0,0.0,0.0,0.0,0.0,nan,nan,4.300767620376832,2.92406445463063,nan,0.9168025835341438,0.022921127021000236,0.0,0.0,0.0,0.0,0.0,0.0,0.0,0.0,0.0,0.0,0.0,0.0,0.0,0.0,0.0,0.0,0.0,0.0,0.0,0.0,0.0,0.0,0.0,0.0,0.0,0.4390873869995696,6.780025828669825,15.574687903572968,6.805854498493329,0.40034438226431346,0.9160384889023065,0.023463692866003024,0.0,0.0,0.0,0.0,0.0,0.0,0.0,0.0,0.0,0.0,0.0,0.0,0.0,0.0,0.0,0.0,0.0,0.0,0.0,0.0,0.0,0.0,0.0,0.0,0.0,0.6379962192816636,6.720226843100191,15.708884688090741,6.47920604914934,0.45368620037807195,0.372,0.02269,0.0,0.0,0.0,0.0,0.0,0.0,0.0,0.0,0.025828669823504097,1.1622901420576843,11.145071028842018,14.502798105897524,2.957382694791219,0.20662935858803277,0.0,0.0,0.0,0.0,0.0,0.0,0.0,0.0,0.0,0.0,0.0,0.0,0.0,0.0,0.0,0.0,0.373,0.02234,0.0,0.0,0.0,0.0,0.0,0.0,0.0,0.0,0.014177693761814748,1.0633270321361061,10.831758034026466,14.7306238185255,3.2325141776937625,0.12759924385633273,0.0,0.0,0.0,0.0,0.0,0.0,0.0,0.0,0.0,0.0,0.0,0.0,0.0,0.0,0.0,0.0
23800,4786,2532,0.5290430422064354,1220,943,0.45194316757208525,1323,0.5528625156707062,0.418,3.055456965394854,3.1469529973297474,6.638297872340425,2.1522289617922246,9353.115137786932,1415.4296460543158,7853.0,10753.115194320679,10688.525690935328,18.00456980211977,7853.0,0.0,27.807563727538653,20.571513406928887,32.50432205482835,18.87823596433804,0.13497701629753447,0.09736732135394902,0.09882992060175512,0.08671124111993314,0.08253238612620142,0.07480150438779774,0.07208524864187213,0.06393648140409527,0.061011282908483074,0.055996656916005014,0.041788549937317176,0.03949017969076473,0.033221897200167154,0.02528207271207689,0.0162975344755537,0.008984538236523192,0.006686167989970748,0.9162519698954007,0.02302737569125515,0.0,0.0,0.0,0.0,0.0,0.0,0.0,0.0,0.0,0.0,0.0,0.0,0.0,0.0,0.0,0.0,0.0,0.0,0.0,0.0,0.0,0.0,0.0,0.0,0.0,0.5014625992478062,6.681989134977018,15.959047221061432,6.450062682824908,0.4074383618888425,4.324158031088083,2.964957131845084,nan,nan,nan,4.309079201545396,2.9303617439805634,4.339413680781759,2.99947503249519,1.007039666206526,0.3728,0.02298,0.0,0.0,0.0,0.0,0.0,0.0,0.0,0.0,0.006268282490597577,1.2661930631007106,10.888006686167992,14.097367321353929,3.604262432093607,0.1379022147931467,0.0,0.0,0.0,0.0,0.0,0.0,0.0,0.0,0.0,0.0,0.0,0.0,0.0,0.0,0.0,0.0,nan,nan,4.324158031088083,2.964957131845084,nan,0.3728,0.10803,0.0,0.0,0.0,0.0,0.0,0.0,0.0,0.0,0.0,0.0,0.0,0.0,0.0,0.0,0.0,0.00014625992478061012,0.00042833263685750105,0.0,0.0032490597576264103,0.005933974091099039,0.004795236105307145,0.007783117425825324,0.01671541997492687,0.022116590054325116,0.08279356456330965,0.02899080651901379,0.03020267446719599,0.03265775177601337,0.02423735896364396,0.03779774341830339,0.031299623903050564,0.03194734642707898,0.030568324279147515,0.023547847889678227,0.01969285415796072,0.01729001253656498,0.05371918094442123,0.042937735060593396,0.020539072294191392,0.0631947346427079,0.029648976180526535,0.01624529878813205,0.027580442958629336,0.037557459256163814,0.03525908900961137,0.008608441287087338,0.008336815712494776,0.02855202674467196,0.027298370246552444,0.01289176765566235,0.010133723359799415,0.007208524864187213,0.005693689928959465,0.004199749268700376,0.001065608023401588,0.010509820309235269,0.03208315921437526,0.010259089009611366,0.006936899289594651,0.004523610530714584,0.020977852068533222,0.0014103635603844547,0.0013058921855411618,0.011251567070622649,0.002413288758880067,0.003771416631842875,0.0,0.0,0.0,0.0,0.0016924362724613457,0.0,0.0,0.0,0.0,0.0,0.0,0.0,0.0,0.0,0.0,0.0,0.0,0.0,0.0,0.0,0.0,0.0,0.0,0.0,0.0,0.0,0.0,0.0,0.0,0.0,0.0,0.0,0.0,0.0,0.0,nan,nan,4.324158031088083,2.964957131845084,nan,0.9158821237313239,0.02304262362804805,0.0,0.0,0.0,0.0,0.0,0.0,0.0,0.0,0.0,0.0,0.0,0.0,0.0,0.0,0.0,0.0,0.0,0.0,0.0,0.0,0.0,0.0,0.0,0.0,0.0,0.580568720379147,6.670616113744077,16.10189573459716,6.27962085308057,0.3672985781990522,0.9166674315136094,0.023003144419872248,0.0,0.0,0.0,0.0,0.0,0.0,0.0,0.0,0.0,0.0,0.0,0.0,0.0,0.0,0.0,0.0,0.0,0.0,0.0,0.0,0.0,0.0,0.0,0.0,0.0,0.4125998225377108,6.6947648624667275,15.798580301685895,6.641526175687668,0.4525288376220054,0.372,0.02293,0.0,0.0,0.0,0.0,0.0,0.0,0.0,0.0,0.0,1.2914691943127965,11.267772511848344,13.95734597156396,3.3056872037914697,0.17772511848341238,0.0,0.0,0.0,0.0,0.0,0.0,0.0,0.0,0.0,0.0,0.0,0.0,0.0,0.0,0.0,0.0,0.3735,0.02301,0.0,0.0,0.0,0.0,0.0,0.0,0.0,0.0,0.013309671694764866,1.2377994676131323,10.461401952085183,14.254658385093146,3.9396628216504,0.09316770186335406,0.0,0.0,0.0,0.0,0.0,0.0,0.0,0.0,0.0,0.0,0.0,0.0,0.0,0.0,0.0,0.0
23900,4820,2519,0.5226141078838175,1198,980,0.45186721991701245,1342,0.5568464730290457,0.422,2.9526292916123427,3.0806793440214553,6.54874213836478,2.1277919112977437,9335.177093757806,1416.6525486907076,7853.0,10747.758432984352,10689.083204411523,18.34183722335485,7853.0,0.0,27.567427385892117,20.753998195516424,32.606158430593496,18.99018453920622,0.14502074688796682,0.09854771784232365,0.09045643153526971,0.08983402489626556,0.08506224066390042,0.07655601659751038,0.06535269709543569,0.06431535269709543,0.05726141078838174,0.0504149377593361,0.0475103734439834,0.04004149377593361,0.02987551867219917,0.025726141078838173,0.016804979253112032,0.00995850622406639,0.007261410788381743,0.9160542262169336,0.022965387286044834,0.0,0.0,0.0,0.0,0.0,0.0,0.0,0.0,0.0,0.0,0.0,0.0,0.0,0.0,0.0,0.0,0.0,0.0,0.0,0.0,0.0,0.0,0.0,0.0,0.0,0.4605809128630706,6.815352697095437,16.02074688796681,6.304979253112035,0.3983402489626557,4.2335387609471296,2.8691799086282344,nan,nan,nan,4.227506426735219,2.8600005758147145,4.239685658153242,2.878490455311634,1.0028809492378297,0.3728,0.02374,0.0,0.0,0.0,0.0,0.0,0.0,0.0,0.0,0.0,1.356846473029046,10.69917012448133,14.265560165975083,3.4232365145228223,0.2551867219917013,0.0,0.0,0.0,0.0,0.0,0.0,0.0,0.0,0.0,0.0,0.0,0.0,0.0,0.0,0.0,0.0,nan,nan,4.2335387609471296,2.8691799086282344,nan,0.3728,0.10846,0.0,0.0,0.0,0.0,0.0,0.0,0.0,0.0,0.0,0.0,0.0,0.0,0.0,0.0,0.0,9.336099585062241e-05,0.00037344398340248964,3.112033195020747e-05,0.004056016597510374,0.006898340248962655,0.005197095435684647,0.006981327800829875,0.018827800829875518,0.02309128630705394,0.07980290456431535,0.030093360995850624,0.02941908713692946,0.032489626556016594,0.02283195020746888,0.038506224066390045,0.030560165975103734,0.031109958506224066,0.030591286307053944,0.024242738589211617,0.018350622406639004,0.01575726141078838,0.05426348547717842,0.04359958506224067,0.020446058091286308,0.06609958506224066,0.02870331950207469,0.01767634854771784,0.02858921161825726,0.03822614107883818,0.035466804979253114,0.008350622406639004,0.00907676348547718,0.02512448132780083,0.02562240663900415,0.011919087136929461,0.009854771784232365,0.00737551867219917,0.005923236514522821,0.0037966804979253114,0.001037344398340249,0.01058091286307054,0.030798755186721993,0.01146265560165975,0.0074481327800829875,0.00479253112033195,0.022686721991701245,0.0017531120331950208,0.0015871369294605808,0.011524896265560166,0.002012448132780083,0.0034024896265560166,4.149377593360996e-05,0.0,0.0,0.0,0.0014522821576763486,0.0,0.0,0.0,0.0,0.0,0.0,0.0,0.0,0.0,0.0,0.0,0.0,0.0,0.0,0.0,0.0,0.0,0.0,0.0,0.0,0.0,0.0,0.0,0.0,0.0,0.0,0.0,0.0,0.0,0.0,nan,nan,4.2335387609471296,2.8691799086282344,nan,0.916408206390549,0.023210816039836303,0.0,0.0,0.0,0.0,0.0,0.0,0.0,0.0,0.0,0.0,0.0,0.0,0.0,0.0,0.0,0.0,0.0,0.0,0.0,0.0,0.0,0.0,0.0,0.0,0.0,0.4525605398967845,6.6335847558555,16.042080190551808,6.383485510123066,0.48828900357284644,0.9156667094601594,0.022687331293636353,0.0,0.0,0.0,0.0,0.0,0.0,0.0,0.0,0.0,0.0,0.0,0.0,0.0,0.0,0.0,0.0,0.0,0.0,0.0,0.0,0.0,0.0,0.0,0.0,0.0,0.4693611473272491,7.014341590612779,15.997392438070408,6.219035202086051,0.29986962190352023,0.3726,0.0236,0.0,0.0,0.0,0.0,0.0,0.0,0.0,0.0,0.0,1.3934100833664156,10.611353711790397,14.44620881302102,3.334656609765781,0.2143707820563716,0.0,0.0,0.0,0.0,0.0,0.0,0.0,0.0,0.0,0.0,0.0,0.0,0.0,0.0,0.0,0.0,0.3728,0.0239,0.0,0.0,0.0,0.0,0.0,0.0,0.0,0.0,0.0,1.3168187744458932,10.79530638852673,14.067796610169472,3.5202086049543686,0.29986962190352023,0.0,0.0,0.0,0.0,0.0,0.0,0.0,0.0,0.0,0.0,0.0,0.0,0.0,0.0,0.0,0.0
24000,4968,2539,0.5110708534621579,1252,1052,0.463768115942029,1465,0.5897745571658615,0.3499999999999999,2.933305887196377,3.0291023956058964,6.422475106685633,2.133364599397087,9301.892192538282,1417.2202902660124,7853.0,10751.657318353653,10688.012372008738,18.48577889146597,7853.0,0.0,28.128623188405797,20.3870499462722,32.71415049692381,18.635281293754854,0.13063607085346216,0.09842995169082126,0.08856682769726248,0.08675523349436393,0.08373590982286634,0.08152173913043478,0.06642512077294686,0.06702898550724638,0.0640096618357488,0.05998389694041868,0.044887278582930755,0.04126409017713366,0.032407407407407406,0.024758454106280192,0.015297906602254429,0.008655394524959743,0.005636070853462158,0.9151628069855549,0.023010885025646247,0.0,0.0,0.0,0.0,0.0,0.0,0.0,0.0,0.0,0.0,0.0,0.0,0.0,0.0,0.0,0.0,0.0,0.0,0.0,0.0,0.0,0.0,0.0,0.0,0.006038647342995171,0.5132850241545894,7.1195652173913055,15.857487922705317,6.1111111111111125,0.39251207729468607,4.176524670548575,2.8273608345815244,nan,nan,nan,4.247873633049818,2.8584325121149385,4.103896103896104,2.7935061916233304,0.9661059764034592,0.3716,0.02332,0.0,0.0,0.0,0.0,0.0,0.0,0.0,0.0,0.024154589371980683,1.304347826086957,11.286231884057974,14.08816425120771,3.152173913043479,0.1449275362318841,0.0,0.0,0.0,0.0,0.0,0.0,0.0,0.0,0.0,0.0,0.0,0.0,0.0,0.0,0.0,0.0,nan,nan,4.176524670548575,2.8273608345815244,nan,0.3716,0.108,0.0,0.0,0.0,0.0,0.0,0.0,0.0,0.0,0.0,0.0,0.0,0.0,0.0,0.0,3.0193236714975845e-05,7.045088566827698e-05,0.000251610305958132,8.051529790660226e-05,0.004770531400966184,0.008685587761674718,0.004951690821256039,0.007558373590982287,0.019082125603864734,0.023792270531400966,0.07992149758454106,0.029237117552334945,0.028673510466988728,0.03185386473429952,0.023802334943639293,0.03950281803542673,0.02881441223832528,0.032739533011272144,0.02890499194847021,0.02339975845410628,0.018438003220611916,0.017461755233494365,0.052103462157809984,0.045098631239935585,0.02069243156199678,0.06792471819645733,0.029720209339774557,0.01804549114331723,0.029216988727858294,0.03744967793880837,0.0349134460547504,0.007991143317230274,0.009078099838969404,0.023520531400966185,0.02655998389694042,0.010738727858293075,0.009943639291465379,0.007105475040257649,0.004528985507246377,0.00392512077294686,0.0009158615136876006,0.010678341384863123,0.032075281803542674,0.011322463768115942,0.0070752818035426735,0.005444847020933978,0.02214170692431562,0.0021235909822866343,0.0011976650563607085,0.010225442834138487,0.0016505636070853463,0.003250805152979066,4.025764895330113e-05,0.0,0.0,0.0,0.0012781803542673109,0.0,0.0,0.0,0.0,0.0,0.0,0.0,0.0,0.0,0.0,0.0,0.0,0.0,0.0,0.0,0.0,0.0,0.0,0.0,0.0,0.0,0.0,0.0,0.0,0.0,0.0,0.0,0.0,0.0,0.0,nan,nan,4.176524670548575,2.8273608345815244,nan,0.9155024728609756,0.02309687605207649,0.0,0.0,0.0,0.0,0.0,0.0,0.0,0.0,0.0,0.0,0.0,0.0,0.0,0.0,0.0,0.0,0.0,0.0,0.0,0.0,0.0,0.0,0.0,0.0,0.011815675462780626,0.4844426939740056,6.841276092949982,15.998424576604965,6.309570697124854,0.35447026388341873,0.9148077589585095,0.02291527364657461,0.0,0.0,0.0,0.0,0.0,0.0,0.0,0.0,0.0,0.0,0.0,0.0,0.0,0.0,0.0,0.0,0.0,0.0,0.0,0.0,0.0,0.0,0.0,0.0,0.0,0.5434335117332236,7.4104569781803225,15.710168793742284,5.903664059283657,0.4322766570605188,0.3716,0.0233,0.0,0.0,0.0,0.0,0.0,0.0,0.0,0.0,0.02363135092556125,1.193383221740843,11.650256006301696,13.883418668767211,3.0366285939346205,0.21268215833005125,0.0,0.0,0.0,0.0,0.0,0.0,0.0,0.0,0.0,0.0,0.0,0.0,0.0,0.0,0.0,0.0,0.3713,0.02333,0.0,0.0,0.0,0.0,0.0,0.0,0.0,0.0,0.024701523260601075,1.4203375874845618,10.905722519555376,14.302181967887998,3.2729518320296425,0.07410456978180323,0.0,0.0,0.0,0.0,0.0,0.0,0.0,0.0,0.0,0.0,0.0,0.0,0.0,0.0,0.0,0.0
24100,4229,2210,0.5225821707259399,1067,877,0.45968314022227474,1198,0.5665641995743674,0.40599999999999997,2.983159980188212,3.0853331350757625,6.400332225913621,2.2811228560317236,9334.189589723286,1415.798648672072,7853.0,10750.459713697433,10687.366866488586,18.23246336470187,7853.0,0.0,28.7271222511232,21.026793810557837,33.336567784862766,19.322137503430174,0.12816268621423504,0.09624024592102152,0.08867344525892645,0.08938283282099788,0.08394419484511705,0.07779616930716482,0.0730669188933554,0.06124379285883187,0.05438637975880823,0.056041617403641525,0.05013005438637976,0.036178765665641995,0.03688815322771341,0.02908489004492788,0.019153464175928114,0.013005438637975882,0.006620950579333176,0.9140825679353519,0.02293440399502571,0.0,0.0,0.0,0.0,0.0,0.0,0.0,0.0,0.0,0.0,0.0,0.0,0.0,0.0,0.0,0.0,0.0,0.0,0.0,0.0,0.0,0.0,0.0,0.0,0.0070938756207141185,0.6100733033814142,7.427287774887682,15.932844644123909,5.7105698746748645,0.3121305273114212,4.1162460007109845,2.9327688542439843,nan,nan,nan,4.17680744452398,2.959440514895412,4.054416961130742,2.9049500696940562,0.970697599777146,0.3713,0.02339,0.0,0.0,0.0,0.0,0.0,0.0,0.0,0.0,0.021281626862142355,1.4329628753842518,11.314731615039019,13.655710569874657,3.454717427287776,0.12059588555214001,0.0,0.0,0.0,0.0,0.0,0.0,0.0,0.0,0.0,0.0,0.0,0.0,0.0,0.0,0.0,0.0,nan,nan,4.1162460007109845,2.9327688542439843,nan,0.3713,0.1083,0.0,0.0,0.0,0.0,0.0,0.0,0.0,0.0,0.0,0.0,0.0,2.3646252069047056e-05,0.0,0.0,2.3646252069047056e-05,2.3646252069047056e-05,0.00017734689051785292,8.27618822416647e-05,0.00405533222984157,0.007590446914164105,0.004953889808465358,0.007791440056751005,0.018065736580751952,0.02530148971388035,0.0808583589501064,0.029699692598723102,0.029699692598723102,0.033719555450461104,0.022724048238354222,0.04064790730669189,0.02818633246630409,0.03232442657838733,0.030716481437692126,0.02208559943248995,0.01883423977299598,0.017521872783163868,0.05135965949397021,0.04445495388980847,0.020855994324899502,0.0677938046819579,0.030775597067864743,0.01733270276661149,0.030645542681484984,0.035646724994088434,0.034724521163395604,0.007436746275715299,0.008370773232442659,0.023303381414045875,0.026755734216126745,0.010664459683140223,0.00834712698037361,0.0061480255379522345,0.003464175928115394,0.004410026010877276,0.0010640813431071175,0.010841806573658075,0.03364861669425396,0.011976826672972334,0.0068692362260581695,0.005154882951052258,0.022830456372664933,0.0026483802317332703,0.001099550721210688,0.009375738945377158,0.0018680539134547174,0.0036533459446677703,5.911563017261764e-05,0.0,0.0,1.1823126034523528e-05,0.001276897611728541,0.0,2.3646252069047056e-05,0.0,0.0,0.0,0.0,0.0,0.0,0.0,0.0,0.0,0.0,0.0,0.0,0.0,0.0,0.0,0.0,0.0,0.0,0.0,0.0,0.0,0.0,0.0,0.0,0.0,0.0,0.0,0.0,nan,nan,4.1162460007109845,2.9327688542439843,nan,0.9144021345479456,0.02275445324610066,0.0,0.0,0.0,0.0,0.0,0.0,0.0,0.0,0.0,0.0,0.0,0.0,0.0,0.0,0.0,0.0,0.0,0.0,0.0,0.0,0.0,0.0,0.0,0.0,0.0,0.5158371040723982,7.235294117647061,16.248868778280546,5.728506787330319,0.2714932126696833,0.9137327699096797,0.023124711367575403,0.0,0.0,0.0,0.0,0.0,0.0,0.0,0.0,0.0,0.0,0.0,0.0,0.0,0.0,0.0,0.0,0.0,0.0,0.0,0.0,0.0,0.0,0.0,0.0,0.014858841010401191,0.7132243684992572,7.637444279346213,15.58692421991085,5.690936106983656,0.3566121842496286,0.3713,0.02316,0.0,0.0,0.0,0.0,0.0,0.0,0.0,0.0,0.027149321266968333,1.3438914027149322,11.212669683257921,13.832579185520343,3.4615384615384626,0.12217194570135749,0.0,0.0,0.0,0.0,0.0,0.0,0.0,0.0,0.0,0.0,0.0,0.0,0.0,0.0,0.0,0.0,0.371,0.02365,0.0,0.0,0.0,0.0,0.0,0.0,0.0,0.0,0.014858841010401191,1.530460624071323,11.426448736998516,13.462109955423458,3.447251114413077,0.11887072808320953,0.0,0.0,0.0,0.0,0.0,0.0,0.0,0.0,0.0,0.0,0.0,0.0,0.0,0.0,0.0,0.0
24200,4182,2151,0.5143472022955524,988,885,0.44787183165949307,1197,0.5724533715925395,0.418,2.9935992122107336,3.1681045834657713,6.864130434782608,2.046917876853141,9310.347386983465,1416.1719362086742,7853.0,10753.517125606537,10686.392269811648,18.048003923267892,7853.0,0.0,27.425872788139646,20.581634129823783,32.26473099914603,18.902282164915185,0.1401243424198948,0.10306073648971784,0.0942132950741272,0.09349593495934959,0.08058345289335246,0.07317073170731707,0.06647537063605931,0.06384505021520803,0.06025824964131994,0.05332376853180296,0.04423720707795313,0.04375896700143472,0.027498804399808705,0.02271640363462458,0.017694882831181254,0.009564801530368245,0.005978000956480153,0.9132964061043127,0.023096157225030466,0.0,0.0,0.0,0.0,0.0,0.0,0.0,0.0,0.0,0.0,0.0,0.0,0.0,0.0,0.0,0.0,0.0,0.0,0.0,0.0,0.0,0.0,0.0,0.0,0.007173601147776185,0.6312769010043042,7.7116212338593995,15.860832137733146,5.451936872309901,0.3371592539454807,4.3290566037735845,2.907184505928888,nan,nan,nan,4.326103216155572,2.9243540602968543,4.332063975628332,2.889593180429101,1.0013778588200344,0.3716,0.02264,0.0,0.0,0.0,0.0,0.0,0.0,0.0,0.0,0.0,1.3271162123385942,11.11190817790531,14.426111908177884,2.977044476327117,0.15781922525107606,0.0,0.0,0.0,0.0,0.0,0.0,0.0,0.0,0.0,0.0,0.0,0.0,0.0,0.0,0.0,0.0,nan,nan,4.3290566037735845,2.907184505928888,nan,0.3716,0.1085,0.0,0.0,0.0,0.0,0.0,0.0,0.0,0.0,0.0,0.0,0.0,5.9780009564801534e-05,0.0,0.0,0.0,0.0,0.00010760401721664275,0.00027498804399808706,0.004124820659971305,0.007663797226207556,0.003598756575801052,0.008321377331420373,0.018627450980392157,0.025179340028694406,0.07798900047824008,0.029005260640841704,0.029878048780487804,0.034648493543758964,0.022584887613582016,0.0424079387852702,0.028204208512673364,0.03347680535628886,0.030272596843615496,0.020946915351506456,0.017395982783357244,0.018113342898134863,0.053694404591104736,0.04673601147776184,0.019679579148732664,0.06863940698230511,0.034887613582018175,0.016642754662840747,0.029459588713534195,0.03583213773314204,0.03236489717838355,0.006480153036824486,0.006587757054041129,0.023170731707317073,0.025442372070779533,0.010808225729316117,0.007735533237685318,0.007317073170731708,0.0030129124820659973,0.00467479674796748,0.0011597321855571496,0.011346245815399331,0.032101865136298424,0.0109038737446198,0.008488761358201818,0.004220468675274988,0.024067431850789096,0.0032520325203252032,0.0012314681970349115,0.009170253467240555,0.0019727403156384504,0.003825920612147298,0.00015542802486848397,3.586800573888092e-05,0.0,0.0,0.0019846963175514107,3.586800573888092e-05,0.0,0.0,0.0,0.0,0.0,0.0,0.0,0.0,0.0,0.0,0.0,0.0,0.0,0.0,0.0,0.0,0.0,0.0,0.0,0.0,0.0,0.0,0.0,0.0,0.0,0.0,0.0,0.0,0.0,nan,nan,4.3290566037735845,2.907184505928888,nan,0.9129358604307898,0.023269544966266157,0.0,0.0,0.0,0.0,0.0,0.0,0.0,0.0,0.0,0.0,0.0,0.0,0.0,0.0,0.0,0.0,0.0,0.0,0.0,0.0,0.0,0.0,0.0,0.0,0.013947001394700143,0.6415620641562065,7.782426778242679,15.829846582984661,5.453277545327755,0.27894002789400285,0.9136782543287084,0.02290490690039571,0.0,0.0,0.0,0.0,0.0,0.0,0.0,0.0,0.0,0.0,0.0,0.0,0.0,0.0,0.0,0.0,0.0,0.0,0.0,0.0,0.0,0.0,0.0,0.0,0.0,0.6203840472673561,7.636632200886265,15.893648449039885,5.450516986706057,0.39881831610044327,0.371,0.02295,0.0,0.0,0.0,0.0,0.0,0.0,0.0,0.0,0.0,1.450488145048815,11.185495118549513,14.225941422594122,2.9567642956764306,0.18131101813110187,0.0,0.0,0.0,0.0,0.0,0.0,0.0,0.0,0.0,0.0,0.0,0.0,0.0,0.0,0.0,0.0,0.372,0.02232,0.0,0.0,0.0,0.0,0.0,0.0,0.0,0.0,0.0,1.1964549483013296,11.033973412112262,14.638109305760688,2.9985228951255545,0.13293943870014774,0.0,0.0,0.0,0.0,0.0,0.0,0.0,0.0,0.0,0.0,0.0,0.0,0.0,0.0,0.0,0.0
24300,4449,2245,0.5046077770285458,1033,944,0.44436952124072826,1280,0.5754102045403462,0.39799999999999996,2.838475499092559,3.025638874330024,6.386934673366834,2.174782412902754,9283.491130970468,1417.4255085514787,7853.0,10740.182199954987,10687.85747959359,17.88807105026471,7853.0,0.0,27.80939536974601,20.878278965007947,32.85748857219683,19.118926066740425,0.1431782423016408,0.09957293773881772,0.08788491795909192,0.09372892784895483,0.08046752079118903,0.0717015059563947,0.06945380984490897,0.06877950101146325,0.054169476286806025,0.05147224095302315,0.04293099572937739,0.038660373117554506,0.037761294672960216,0.024275118004045852,0.019330186558777253,0.00899078444594291,0.007642166779051472,0.9139873181790227,0.02269253840234513,0.0,0.0,0.0,0.0,0.0,0.0,0.0,0.0,0.0,0.0,0.0,0.0,0.0,0.0,0.0,0.0,0.0,0.0,0.0,0.0,0.0,0.0,0.0,0.0,0.0,0.5327039784221175,7.4376264329062725,16.318273769386384,5.394470667565746,0.3169251517194876,4.198470629127564,2.8416482260331346,nan,nan,nan,4.2259182259182255,2.822829249990509,4.170850767085077,2.860194466531371,0.9869691139560129,0.3718,0.02216,0.0,0.0,0.0,0.0,0.0,0.0,0.0,0.0,0.0,1.22049898853675,11.045178691840865,14.632501685772063,3.0006743088334464,0.10114632501685775,0.0,0.0,0.0,0.0,0.0,0.0,0.0,0.0,0.0,0.0,0.0,0.0,0.0,0.0,0.0,0.0,nan,nan,4.198470629127564,2.8416482260331346,nan,0.3718,0.108,0.0,0.0,0.0,0.0,0.0,0.0,0.0,0.0,0.0,0.0,0.0,1.1238480557428635e-05,0.0,0.0,0.0,1.1238480557428635e-05,4.495392222971454e-05,4.495392222971454e-05,0.004753877275792313,0.007406158687345471,0.003854798831198022,0.006900427062261182,0.019869633625533827,0.025151719487525287,0.07621937514048101,0.0278264778601933,0.028691840863115308,0.032557878174870755,0.024421218251292426,0.043796358732299395,0.027567992807372443,0.03290627107215104,0.03145650708024275,0.023274893234434706,0.017666891436277816,0.01686895931670038,0.057788267026298044,0.045605754102045405,0.019566194650483256,0.0673859294223421,0.03543492919757249,0.0173859294223421,0.028141155315801303,0.0350865363002922,0.03102944481906046,0.00658574960665318,0.006934142503933468,0.023016408181613844,0.024601033940211285,0.012317374690941785,0.007069004270622612,0.008923353562598336,0.0027534277365700156,0.004866262081366599,0.0008091706001348617,0.010328163632276916,0.03591818386154192,0.01144077320746235,0.00905821532928748,0.003146774556080018,0.02389300966509328,0.003146774556080018,0.0011463250168577209,0.00840638345695662,0.001910541694762868,0.00329287480332659,0.00017981568891885816,3.371544167228591e-05,0.0,0.0,0.0014947179141380086,0.0,0.0,0.0,0.0,0.0,0.0,0.0,0.0,0.0,0.0,0.0,0.0,0.0,0.0,0.0,0.0,0.0,0.0,0.0,0.0,0.0,0.0,0.0,0.0,0.0,0.0,0.0,0.0,0.0,0.0,nan,nan,4.198470629127564,2.8416482260331346,nan,0.9145797980389244,0.02289212553824238,0.0,0.0,0.0,0.0,0.0,0.0,0.0,0.0,0.0,0.0,0.0,0.0,0.0,0.0,0.0,0.0,0.0,0.0,0.0,0.0,0.0,0.0,0.0,0.0,0.0,0.5211581291759466,7.028953229398665,16.610244988864146,5.478841870824055,0.36080178173719385,0.9133838166883333,0.022471363155973353,0.0,0.0,0.0,0.0,0.0,0.0,0.0,0.0,0.0,0.0,0.0,0.0,0.0,0.0,0.0,0.0,0.0,0.0,0.0,0.0,0.0,0.0,0.0,0.0,0.0,0.544464609800363,7.8539019963702374,16.020871143375683,5.3085299455535395,0.2722323049001815,0.372,0.02188,0.0,0.0,0.0,0.0,0.0,0.0,0.0,0.0,0.0,1.069042316258352,10.95768374164811,14.80623608017815,3.060133630289533,0.10690423162583522,0.0,0.0,0.0,0.0,0.0,0.0,0.0,0.0,0.0,0.0,0.0,0.0,0.0,0.0,0.0,0.0,0.3713,0.02245,0.0,0.0,0.0,0.0,0.0,0.0,0.0,0.0,0.0,1.3747731397459166,11.134301270417424,14.455535390199616,2.9401088929219608,0.09528130671506355,0.0,0.0,0.0,0.0,0.0,0.0,0.0,0.0,0.0,0.0,0.0,0.0,0.0,0.0,0.0,0.0
24400,4402,2297,0.5218082689686506,1088,901,0.4518400726942299,1220,0.5542935029532031,0.422,2.968646080760095,3.113828679578013,6.593537414965986,2.1899023998135085,9332.179001432882,1416.069899503568,7853.0,10747.210251808167,10687.717442014604,18.047711729115925,7853.0,0.0,28.289868241708316,21.05661937429131,33.0870265914585,19.351324467108448,0.13516583371194912,0.09382099045888233,0.1004089050431622,0.08359836437982734,0.0833711949114039,0.07178555202180827,0.0708768741481145,0.06633348477964561,0.06451612903225806,0.045206724216265336,0.04202635165833712,0.043162199000454336,0.03339391185824625,0.027714675147660156,0.017037710131758293,0.01226715129486597,0.0093139482053612,0.913503599161454,0.022821160117025355,0.0,0.0,0.0,0.0,0.0,0.0,0.0,0.0,0.0,0.0,0.0,0.0,0.0,0.0,0.0,0.0,0.0,0.0,0.0,0.0,0.0,0.0,0.0,0.0,0.013630168105406636,0.5929123125851886,7.70104497955475,15.920036347114952,5.452067242162654,0.32030895047705593,4.252885624344176,2.928563227776259,nan,nan,nan,4.271328671328671,2.944085510540371,4.23442967109867,2.9128303877615327,0.9913612360299768,0.3726,0.02246,0.0,0.0,0.0,0.0,0.0,0.0,0.0,0.0,0.013630168105406636,1.158564288959564,10.624716038164472,14.822807814629693,3.2780554293502964,0.10222626079054978,0.0,0.0,0.0,0.0,0.0,0.0,0.0,0.0,0.0,0.0,0.0,0.0,0.0,0.0,0.0,0.0,nan,nan,4.252885624344176,2.928563227776259,nan,0.3726,0.10864,0.0,0.0,0.0,0.0,0.0,0.0,0.0,0.0,0.0,0.0,0.0,0.0,1.1358473421172194e-05,0.0,0.0,0.0,1.1358473421172194e-05,0.0,0.005792821444797819,0.007825988187187641,0.0032258064516129032,0.007326215356656065,0.016912766924125397,0.027033166742389824,0.07403452975920036,0.027623807360290777,0.028430258973194,0.034075420263516586,0.024091322126306224,0.04576328941390277,0.026079054975011357,0.03199681962744207,0.032064970467969106,0.02297819173103135,0.017832803271240344,0.0167083144025443,0.05864379827351204,0.04543389368468878,0.02080872330758746,0.06511812812358019,0.03408677873693776,0.018037255792821446,0.027033166742389824,0.03576783280327124,0.032178555202180825,0.006917310313493867,0.007019536574284416,0.02251249432076329,0.02216038164470695,0.012358019082235348,0.006587914584279873,0.009416174466151749,0.002396637891867333,0.004827351203998183,0.0010222626079054976,0.01129032258064516,0.036983189459336666,0.011165379373012266,0.01040436165379373,0.002964561562925943,0.025147660154475237,0.0027373920945024987,0.0012607905497501136,0.008359836437982736,0.002748750567923671,0.0028282598818718764,0.00019309404815992732,0.0,0.0,0.0,0.0017719218537028624,0.0,0.0,0.0,0.0,0.0,0.0,0.0,0.0,0.0,0.0,0.0,0.0,0.0,0.0,0.0,0.0,0.0,0.0,0.0,0.0,0.0,0.0,0.0,0.0,0.0,0.0,0.0,0.0,0.0,0.0,nan,nan,4.252885624344176,2.928563227776259,nan,0.9137325076679068,0.022840652197934377,0.0,0.0,0.0,0.0,0.0,0.0,0.0,0.0,0.0,0.0,0.0,0.0,0.0,0.0,0.0,0.0,0.0,0.0,0.0,0.0,0.0,0.0,0.0,0.0,0.013060513713539402,0.6138441445363518,7.353069220722683,16.247279059643017,5.459294732259471,0.31345232912494564,0.9132538115893294,0.022797248756784138,0.0,0.0,0.0,0.0,0.0,0.0,0.0,0.0,0.0,0.0,0.0,0.0,0.0,0.0,0.0,0.0,0.0,0.0,0.0,0.0,0.0,0.0,0.0,0.0,0.01425178147268409,0.5700712589073635,8.080760095011879,15.562945368171025,5.444180522565322,0.327790973871734,0.3728,0.02237,0.0,0.0,0.0,0.0,0.0,0.0,0.0,0.0,0.013060513713539402,1.070962124510231,10.774923813670007,14.73225946887242,3.3043099695254687,0.10448410970831522,0.0,0.0,0.0,0.0,0.0,0.0,0.0,0.0,0.0,0.0,0.0,0.0,0.0,0.0,0.0,0.0,0.3726,0.02255,0.0,0.0,0.0,0.0,0.0,0.0,0.0,0.0,0.01425178147268409,1.2541567695961997,10.46080760095012,14.921615201900217,3.2494061757719725,0.09976247030878863,0.0,0.0,0.0,0.0,0.0,0.0,0.0,0.0,0.0,0.0,0.0,0.0,0.0,0.0,0.0,0.0
24500,4471,2305,0.5155446208901812,1109,912,0.45202415566987253,1260,0.563632297025274,0.40599999999999997,2.958448753462604,3.0603547483108233,6.583196046128501,2.000637707092923,9313.991222367647,1416.3159931888067,7853.0,10752.464251875877,10686.879286423318,18.349271153341583,7853.0,0.0,28.270185640796242,20.90769360600528,33.24501197126895,19.07668778952496,0.13889510176694253,0.09818832475956162,0.08365019011406843,0.09125475285171103,0.08297919928427645,0.07224334600760456,0.07090136434802058,0.06307313800044732,0.05770521136211138,0.057034220532319393,0.0469693580854395,0.04294341310668754,0.034891523149183624,0.023932006262581077,0.017445761574591812,0.008722880787295906,0.009170208007157236,0.9129079204495122,0.023286323360045783,0.0,0.0,0.0,0.0,0.0,0.0,0.0,0.0,0.0,0.0,0.0,0.0,0.0,0.0,0.0,0.0,0.0,0.0,0.0,0.0,0.0,0.0,0.0,0.0,0.0,0.7447998210691122,7.957951241333037,15.667635875643036,5.3008275553567445,0.32878550659807654,4.204242216900445,2.8526996173050123,nan,nan,nan,4.220362622036262,2.8500856885301036,4.188844086021505,2.8560837269346155,0.9925317943415133,0.3723,0.02281,0.0,0.0,0.0,0.0,0.0,0.0,0.0,0.0,0.01341981659583986,1.1742339521359877,10.675464101990608,14.74166853053006,3.2274658912994862,0.16774770744799825,0.0,0.0,0.0,0.0,0.0,0.0,0.0,0.0,0.0,0.0,0.0,0.0,0.0,0.0,0.0,0.0,nan,nan,4.204242216900445,2.8526996173050123,nan,0.3723,0.1086,0.0,0.0,0.0,0.0,0.0,0.0,0.0,0.0,0.0,0.0,0.0,0.0,0.0,0.0,0.0,0.0,6.709908297919928e-05,5.591590248266607e-05,0.006161932453589801,0.00807425631849698,0.0029076269290986357,0.009002460299709237,0.015455155446208901,0.02714157906508611,0.0727913218519347,0.027130395884589577,0.027980317602326103,0.03303511518675911,0.024401699843435473,0.04738313576381123,0.028125698948781034,0.031133974502348467,0.032308208454484455,0.023954372623574145,0.01749049429657795,0.015913665846566765,0.05816372176246925,0.045683292328338176,0.021527622455826435,0.06318496980541266,0.03485797360769403,0.018552896443748603,0.028807872959069558,0.032945649742786846,0.03312458063073138,0.007705211362111384,0.00870051442630284,0.023328114515768286,0.02031983896220085,0.011719973160366808,0.00654216059047193,0.00863341534332364,0.0023932006262581077,0.00431670767166182,0.0011071348691567883,0.011764705882352941,0.0377432341757996,0.01008722880787296,0.010277342876314023,0.003500335495414896,0.02467009617535227,0.0021136211138447773,0.0014202639230597182,0.007872959069559383,0.003824647729814359,0.002605681055692239,7.82822634757325e-05,0.0,0.0,0.0,0.0019123238649071796,0.0,0.0,0.0,0.0,0.0,0.0,0.0,0.0,0.0,0.0,0.0,0.0,0.0,0.0,0.0,0.0,0.0,0.0,0.0,0.0,0.0,0.0,0.0,0.0,0.0,0.0,0.0,0.0,0.0,0.0,nan,nan,4.204242216900445,2.8526996173050123,nan,0.912349513942404,0.0231407776695114,0.0,0.0,0.0,0.0,0.0,0.0,0.0,0.0,0.0,0.0,0.0,0.0,0.0,0.0,0.0,0.0,0.0,0.0,0.0,0.0,0.0,0.0,0.0,0.0,0.0,0.8069414316702822,7.9392624728850345,16.086767895878527,4.9067245119305865,0.2603036876355749,0.9135021619079076,0.023425601525516627,0.0,0.0,0.0,0.0,0.0,0.0,0.0,0.0,0.0,0.0,0.0,0.0,0.0,0.0,0.0,0.0,0.0,0.0,0.0,0.0,0.0,0.0,0.0,0.0,0.0,0.6786703601108034,7.977839335180057,15.22160664819945,5.7202216066482015,0.40166204986149595,0.3726,0.02312,0.0,0.0,0.0,0.0,0.0,0.0,0.0,0.0,0.013015184381778745,1.275488069414317,10.516268980477225,14.733188720173514,3.2798264642082438,0.18221258134490242,0.0,0.0,0.0,0.0,0.0,0.0,0.0,0.0,0.0,0.0,0.0,0.0,0.0,0.0,0.0,0.0,0.372,0.02249,0.0,0.0,0.0,0.0,0.0,0.0,0.0,0.0,0.013850415512465377,1.066481994459834,10.84487534626039,14.750692520775601,3.1717451523545717,0.15235457063711913,0.0,0.0,0.0,0.0,0.0,0.0,0.0,0.0,0.0,0.0,0.0,0.0,0.0,0.0,0.0,0.0
24600,4339,2223,0.5123300299608204,1052,896,0.44895137128370594,1243,0.5729430744411155,0.422,3.0699432892249527,3.124968687419283,6.706176961602671,2.054469920237022,9305.329555498616,1417.007247908955,7853.0,10751.005979657173,10687.753909720423,18.417934334116087,7853.0,0.0,27.74625489744181,20.746861729888366,32.71412864211105,18.97375790984733,0.14104632403779674,0.09587462548974418,0.09564415764000922,0.08435123300299609,0.08550357225167089,0.07559345471306753,0.0751325190135976,0.06522240147499424,0.0539294768379811,0.04655450564646232,0.04701544134593224,0.04079280940308827,0.03410924176077437,0.025120995621110854,0.01866789582853192,0.00829684259045863,0.007144503341783821,0.9133720459765513,0.0226671566642956,0.0,0.0,0.0,0.0,0.0,0.0,0.0,0.0,0.0,0.0,0.0,0.0,0.0,0.0,0.0,0.0,0.0,0.0,0.0,0.0,0.0,0.0,0.0,0.0,0.006914035492048861,0.5738649458400554,7.716063609126529,15.95759391564877,5.510486287162942,0.23507720672966126,4.330229226361031,2.8470771629030436,nan,nan,nan,4.3187679083094554,2.8115536651531348,4.344086021505376,2.8817605517990144,1.0058623463296574,0.373,0.02327,0.0,0.0,0.0,0.0,0.0,0.0,0.0,0.0,0.013828070984097721,1.2168702466005994,10.619958515787049,14.339709610509313,3.6782668817699937,0.13136667434892835,0.0,0.0,0.0,0.0,0.0,0.0,0.0,0.0,0.0,0.0,0.0,0.0,0.0,0.0,0.0,0.0,nan,nan,4.330229226361031,2.8470771629030436,nan,0.373,0.1093,0.0,0.0,0.0,0.0,0.0,0.0,0.0,0.0,0.0,0.0,0.0,0.0,0.0,0.0,1.1523392486748098e-05,0.0,0.0001382807098409772,8.06637474072367e-05,0.0050587693016824154,0.00896519935469002,0.003180456326342475,0.008342936160405623,0.016997003917953446,0.02793270338787739,0.07191749250979489,0.026261811477298915,0.029672735653376355,0.03097487900437889,0.023830375662595066,0.04441115464392717,0.028773911039410002,0.029142659598985942,0.03427056925558884,0.024371975109472227,0.016443881078589538,0.016144272873934086,0.06401244526388569,0.04468771606360913,0.021053238073288776,0.06380502419912422,0.03217331182300069,0.018886840285780134,0.027852039640470155,0.03385572712606592,0.032530536990089884,0.0077437197510947225,0.008769301682415303,0.023173542290850425,0.019612814012445263,0.009806407006222631,0.006775754782207882,0.008135515095644157,0.002419912422217101,0.004839824844434202,0.0014519474533302604,0.013609126526849504,0.03749711915187831,0.010152108780825075,0.010855035722516709,0.0029845586540677574,0.025236229545978334,0.0022240147499423832,0.0014173772758700161,0.008135515095644157,0.003848813090573865,0.003065222401474994,0.00014980410232772528,0.0,6.91403549204886e-05,0.0,0.0022470615349158792,0.0,0.0,0.0,0.0,0.0,0.0,0.0,0.0,0.0,0.0,0.0,0.0,0.0,0.0,0.0,0.0,0.0,0.0,0.0,0.0,0.0,0.0,0.0,0.0,0.0,0.0,0.0,0.0,0.0,0.0,nan,nan,4.330229226361031,2.8470771629030436,nan,0.9130782814000139,0.022646344065523908,0.0,0.0,0.0,0.0,0.0,0.0,0.0,0.0,0.0,0.0,0.0,0.0,0.0,0.0,0.0,0.0,0.0,0.0,0.0,0.0,0.0,0.0,0.0,0.0,0.0,0.5668016194331985,7.975708502024293,15.897435897435901,5.344129554655871,0.21592442645074228,0.9136806653780838,0.0226849039008466,0.0,0.0,0.0,0.0,0.0,0.0,0.0,0.0,0.0,0.0,0.0,0.0,0.0,0.0,0.0,0.0,0.0,0.0,0.0,0.0,0.0,0.0,0.0,0.0,0.014177693761814748,0.5812854442344046,7.443289224952743,16.020793950850663,5.685255198487713,0.25519848771266546,0.3735,0.02348,0.0,0.0,0.0,0.0,0.0,0.0,0.0,0.0,0.0,1.1875843454790824,10.634278002699057,14.035087719298225,3.9946018893387323,0.1484480431848853,0.0,0.0,0.0,0.0,0.0,0.0,0.0,0.0,0.0,0.0,0.0,0.0,0.0,0.0,0.0,0.0,0.3728,0.02301,0.0,0.0,0.0,0.0,0.0,0.0,0.0,0.0,0.028355387523629497,1.2476370510396977,10.604914933837431,14.659735349716426,3.3459357277882806,0.11342155009451799,0.0,0.0,0.0,0.0,0.0,0.0,0.0,0.0,0.0,0.0,0.0,0.0,0.0,0.0,0.0,0.0
24700,4451,2353,0.5286452482588182,1096,904,0.4493372275893058,1222,0.5490900921141316,0.434,2.9780743565300285,3.1395104617090155,6.685025817555938,2.2176570898929318,9351.95313931173,1415.4629424471448,7853.0,10754.762907862663,10688.461293275184,18.05075445486927,7853.0,0.0,27.679622556728823,20.830515813907326,32.740112994350284,19.070299898454337,0.14288923837339923,0.10244888789036172,0.09031678274545046,0.08896877106268254,0.08222871264884296,0.07728600314536059,0.06650190968321726,0.0581891709728151,0.06313188047629746,0.05099977533138621,0.04381037968995731,0.04133902493821613,0.03033026286227814,0.028532913951920917,0.017748820489777578,0.00853740732419681,0.006740058413839587,0.9133295166146966,0.023086975914377597,0.0,0.0,0.0,0.0,0.0,0.0,0.0,0.0,0.0,0.0,0.0,0.0,0.0,0.0,0.0,0.0,0.0,0.0,0.0,0.0,0.0,0.0,0.0,0.0,0.0,0.7009660750393172,7.744327117501687,15.677375870590883,5.600988541900698,0.2763423949674231,4.247108307045216,2.936218149579213,nan,nan,nan,4.199158485273492,2.922495690165152,4.295024526979677,2.9490885214447426,1.0228298222232832,0.3748,0.02286,0.0,0.0,0.0,0.0,0.0,0.0,0.0,0.0,0.020220175241518763,0.9301280611098631,10.184228263311617,14.80116827679171,3.8687935295439235,0.19546169400134805,0.0,0.0,0.0,0.0,0.0,0.0,0.0,0.0,0.0,0.0,0.0,0.0,0.0,0.0,0.0,0.0,nan,nan,4.247108307045216,2.936218149579213,nan,0.3748,0.1088,0.0,0.0,0.0,0.0,0.0,0.0,0.0,0.0,0.0,0.0,0.0,3.3700292069197934e-05,0.0,0.0,0.0,0.0,0.00013480116827679174,5.616715344866322e-05,0.004650640305549315,0.008818243091440126,0.002561222197259043,0.0086722084924736,0.015007863401482812,0.02612895978431813,0.07234329364187823,0.02480341496292968,0.028555380813300384,0.029712424174342843,0.02527521905189845,0.04072118625028084,0.028611547966749046,0.02851044709054145,0.03328465513367782,0.023421702988092562,0.017771287351157045,0.019299033924960685,0.06515389800044934,0.046596270501011006,0.02086048079083352,0.06227813974387778,0.032307346663671084,0.019130532464614693,0.03083576724331611,0.037946528869916875,0.034700067400584136,0.007335430240395417,0.008896877106268254,0.022489328240844753,0.019096832172545496,0.010065153898000449,0.006638957537631993,0.008346439002471355,0.0029880925634688834,0.0036171646820939113,0.0013929454055268478,0.01444619186699618,0.035149404628173446,0.010244888789036172,0.010649292293866547,0.0035834643900247137,0.024623680071893958,0.001999550662772411,0.0014828128510447091,0.008458773309368681,0.004201303077960009,0.002909458548640755,0.000157268029656257,0.0,3.3700292069197934e-05,0.0,0.0029768591327791506,0.0,3.3700292069197934e-05,0.0,0.0,0.0,0.0,0.0,0.0,0.0,0.0,0.0,0.0,0.0,0.0,0.0,0.0,0.0,0.0,0.0,0.0,0.0,0.0,0.0,0.0,0.0,0.0,0.0,0.0,0.0,0.0,nan,nan,4.247108307045216,2.936218149579213,nan,0.9133940680048286,0.02302193944695185,0.0,0.0,0.0,0.0,0.0,0.0,0.0,0.0,0.0,0.0,0.0,0.0,0.0,0.0,0.0,0.0,0.0,0.0,0.0,0.0,0.0,0.0,0.0,0.0,0.0,0.7267318317042076,7.649808754781132,15.707607309817258,5.597110072248196,0.3187420314492138,0.9132571193692341,0.02315948586488825,0.0,0.0,0.0,0.0,0.0,0.0,0.0,0.0,0.0,0.0,0.0,0.0,0.0,0.0,0.0,0.0,0.0,0.0,0.0,0.0,0.0,0.0,0.0,0.0,0.0,0.6720686367969496,7.850333651096284,15.643469971401338,5.605338417540516,0.228789323164919,0.3745,0.02261,0.0,0.0,0.0,0.0,0.0,0.0,0.0,0.0,0.012749681257968553,0.943476413089673,10.21249468763281,14.840628984275371,3.824904377390566,0.1657458563535912,0.0,0.0,0.0,0.0,0.0,0.0,0.0,0.0,0.0,0.0,0.0,0.0,0.0,0.0,0.0,0.0,0.375,0.02315,0.0,0.0,0.0,0.0,0.0,0.0,0.0,0.0,0.028598665395614876,0.915157292659676,10.152526215443281,14.756911344137253,3.918017159199238,0.228789323164919,0.0,0.0,0.0,0.0,0.0,0.0,0.0,0.0,0.0,0.0,0.0,0.0,0.0,0.0,0.0,0.0
24800,4727,2471,0.5227416966363444,1169,974,0.4533530780621959,1328,0.5618785699174952,0.414,2.94459219858156,3.094269040908982,6.640776699029126,2.102646054935857,9335.047545229429,1416.1632077892755,7853.0,10742.328629255295,10688.14315916613,17.83073828620067,7853.0,0.0,27.971652210704463,20.76849231879228,32.88106613024893,18.978533883655157,0.13983499048022002,0.0954093505394542,0.09075523587899302,0.09054368521260842,0.08144700655807066,0.07742754389676328,0.0704463719060715,0.06071504125237995,0.06304209858261053,0.048022001269304,0.046541146604611804,0.04421408927438122,0.03300190395599746,0.022212819970382908,0.01692405331076793,0.014596995980537339,0.0048656653268457795,0.9130315275885273,0.022702234189365823,0.0,0.0,0.0,0.0,0.0,0.0,0.0,0.0,0.0,0.0,0.0,0.0,0.0,0.0,0.0,0.0,0.0,0.0,0.0,0.0,0.0,0.0,0.0,0.0,0.006346519991537975,0.6219589591707215,7.939496509414006,15.904379098794164,5.2485720330019054,0.27924687962767086,4.170358306188925,2.907135028437976,nan,nan,nan,4.133774834437086,2.8520908426040767,4.204618345093008,2.959609082146602,1.0171377284669083,0.3745,0.02222,0.0,0.0,0.0,0.0,0.0,0.0,0.0,0.0,0.0,0.9583245187222341,9.90057118679924,15.37127141950495,3.6555955151258734,0.11423735984768355,0.0,0.0,0.0,0.0,0.0,0.0,0.0,0.0,0.0,0.0,0.0,0.0,0.0,0.0,0.0,0.0,nan,nan,4.170358306188925,2.907135028437976,nan,0.3745,0.109,0.0,0.0,0.0,0.0,0.0,0.0,0.0,0.0,0.0,0.0,0.0,0.0,0.0,0.0,0.0,0.0,0.00020097313306536915,7.404273323460969e-05,0.004601226993865031,0.007848529722868628,0.0024962978633382696,0.00942458218743389,0.016278823778294902,0.0266236513645018,0.07163105563782526,0.02559763063253649,0.029828643960228475,0.027194838163740215,0.027184260630420985,0.04043790987941612,0.029447852760736196,0.028242013962343982,0.03235667442352443,0.022561878569917496,0.01690289824412947,0.019875185106833088,0.06471334884704887,0.04666807700444257,0.019854030040194627,0.06186799238417601,0.03412312248783584,0.02101755870530992,0.028252591495663212,0.03812143008250476,0.035466469219378044,0.005976306325364925,0.008218743389041676,0.021874338904167547,0.020869473238840704,0.009731330653691559,0.005743600592341866,0.008017770255976307,0.004135815527818913,0.0031521049291305266,0.0020203088639729216,0.015168182779775757,0.03353078062195896,0.009392849587476201,0.011487201184683733,0.004209858261053522,0.024804315633594247,0.0015760524645652633,0.0017135603977152527,0.00976306325364925,0.004347366194203512,0.0029828643960228473,7.404273323460969e-05,0.0,0.0,2.115506663845991e-05,0.0022953247302729004,0.0,0.0,0.0,0.0,0.0,0.0,0.0,0.0,0.0,0.0,0.0,0.0,0.0,0.0,0.0,0.0,0.0,0.0,0.0,0.0,0.0,0.0,0.0,0.0,0.0,0.0,0.0,0.0,0.0,0.0,nan,nan,4.170358306188925,2.907135028437976,nan,0.9126231427715645,0.022642946177111194,0.0,0.0,0.0,0.0,0.0,0.0,0.0,0.0,0.0,0.0,0.0,0.0,0.0,0.0,0.0,0.0,0.0,0.0,0.0,0.0,0.0,0.0,0.0,0.0,0.012140833670578716,0.6070416835289357,8.085795224605425,16.038041278834484,4.9898826386078525,0.26709834075273176,0.9134788320578159,0.02275858782811305,0.0,0.0,0.0,0.0,0.0,0.0,0.0,0.0,0.0,0.0,0.0,0.0,0.0,0.0,0.0,0.0,0.0,0.0,0.0,0.0,0.0,0.0,0.0,0.0,0.0,0.6382978723404257,7.7792553191489375,15.757978723404259,5.531914893617023,0.29255319148936176,0.3748,0.02245,0.0,0.0,0.0,0.0,0.0,0.0,0.0,0.0,0.0,0.8984216916228249,10.12545528126265,15.188182921893949,3.6422501011736146,0.14569000404694457,0.0,0.0,0.0,0.0,0.0,0.0,0.0,0.0,0.0,0.0,0.0,0.0,0.0,0.0,0.0,0.0,0.3745,0.02196,0.0,0.0,0.0,0.0,0.0,0.0,0.0,0.0,0.0,1.023936170212766,9.654255319148938,15.571808510638276,3.6702127659574475,0.07978723404255321,0.0,0.0,0.0,0.0,0.0,0.0,0.0,0.0,0.0,0.0,0.0,0.0,0.0,0.0,0.0,0.0
24900,4785,2508,0.5241379310344828,1164,964,0.44472309299895507,1329,0.5554858934169279,0.40199999999999997,3.0008783487044357,3.0950396118755688,6.520865533230293,2.1264029154992903,9339.31594312642,1416.2723415220476,7853.0,10746.314326763153,10688.734365175405,17.755078763360956,7853.0,0.0,27.84576802507837,20.826166007077205,32.84006986027944,19.067785930059124,0.1400208986415883,0.1019853709508882,0.09195402298850575,0.08589341692789969,0.08254963427377221,0.07607105538140022,0.06666666666666667,0.0652037617554859,0.05768025078369906,0.04806687565308255,0.04932079414838036,0.041588296760710554,0.03322884012539185,0.026332288401253918,0.01755485893416928,0.008986415882967606,0.006896551724137931,0.9136417833366115,0.022809277254977348,0.0,0.0,0.0,0.0,0.0,0.0,0.0,0.0,0.0,0.0,0.0,0.0,0.0,0.0,0.0,0.0,0.0,0.0,0.0,0.0,0.0,0.0,0.0,0.0,0.00626959247648903,0.6269592476489029,7.699059561128528,15.887147335423201,5.49843260188088,0.2821316614420063,4.299543676662321,2.902350313222165,nan,nan,nan,4.277053455019557,2.9188561414459553,4.322033898305085,2.885574793126274,1.0105166895290352,0.3743,0.02301,0.0,0.0,0.0,0.0,0.0,0.0,0.0,0.0,0.01253918495297806,1.0031347962382446,10.100313479623827,14.846394984325997,3.855799373040753,0.18181818181818188,0.0,0.0,0.0,0.0,0.0,0.0,0.0,0.0,0.0,0.0,0.0,0.0,0.0,0.0,0.0,0.0,nan,nan,4.299543676662321,2.902350313222165,nan,0.3743,0.1093,0.0,0.0,0.0,0.0,0.0,0.0,0.0,0.0,0.0,0.0,0.0,0.0,0.0,0.0,0.0,0.0,0.00019853709508881924,7.314524555903866e-05,0.005172413793103448,0.00800417972831766,0.0022570532915360503,0.010741901776384535,0.015141065830721003,0.0293521421107628,0.07074190177638454,0.02612330198537095,0.030752351097178682,0.023176593521421106,0.027398119122257054,0.04144200626959248,0.029707419017763845,0.027387669801462906,0.03250783699059561,0.022737722048066875,0.017565308254963427,0.01988505747126437,0.06499477533960292,0.04758620689655172,0.017565308254963427,0.06396029258098224,0.033500522466039705,0.020856844305120168,0.025893416927899687,0.03755485893416928,0.036656217345872516,0.005391849529780565,0.0074085684430512016,0.023260188087774296,0.020919540229885056,0.009153605015673982,0.0063009404388714736,0.007920585161964472,0.0049425287356321835,0.0034796238244514106,0.0018808777429467085,0.014535005224660396,0.03435736677115987,0.008557993730407524,0.010846394984326019,0.004587251828631139,0.02431556948798328,0.001891327063740857,0.0014733542319749215,0.0096760710553814,0.004190177638453501,0.0031974921630094043,3.134796238244514e-05,1.044932079414838e-05,0.0,0.0,0.0027377220480668757,0.0,0.0,0.0,0.0,0.0,0.0,0.0,0.0,0.0,0.0,0.0,0.0,0.0,0.0,0.0,0.0,0.0,0.0,0.0,0.0,0.0,0.0,0.0,0.0,0.0,0.0,0.0,0.0,0.0,0.0,nan,nan,4.299543676662321,2.902350313222165,nan,0.9138119116164091,0.02314268162459695,0.0,0.0,0.0,0.0,0.0,0.0,0.0,0.0,0.0,0.0,0.0,0.0,0.0,0.0,0.0,0.0,0.0,0.0,0.0,0.0,0.0,0.0,0.0,0.0,0.011961722488038281,0.7894736842105265,7.248803827751198,16.04066985645933,5.598086124401915,0.3110047846889953,0.9134543956661099,0.02243482312828077,0.0,0.0,0.0,0.0,0.0,0.0,0.0,0.0,0.0,0.0,0.0,0.0,0.0,0.0,0.0,0.0,0.0,0.0,0.0,0.0,0.0,0.0,0.0,0.0,0.0,0.4479578392621872,8.194993412384719,15.718050065876156,5.388669301712781,0.25032938076416344,0.3745,0.02286,0.0,0.0,0.0,0.0,0.0,0.0,0.0,0.0,0.023923444976076562,0.8851674641148327,10.143540669856462,14.988038277511942,3.7799043062200965,0.1794258373205742,0.0,0.0,0.0,0.0,0.0,0.0,0.0,0.0,0.0,0.0,0.0,0.0,0.0,0.0,0.0,0.0,0.374,0.02318,0.0,0.0,0.0,0.0,0.0,0.0,0.0,0.0,0.0,1.133069828722003,10.05270092226614,14.690382081686407,3.9393939393939403,0.18445322793148886,0.0,0.0,0.0,0.0,0.0,0.0,0.0,0.0,0.0,0.0,0.0,0.0,0.0,0.0,0.0,0.0
25000,4570,2391,0.5231947483588621,1081,936,0.4413566739606127,1269,0.5553610503282276,0.434,2.989903625516292,3.107510471547314,6.58112582781457,2.1263970220600004,9337.042795133983,1416.7837561553038,7853.0,10752.839304089546,10689.50170379017,17.989245589848124,7853.0,0.0,27.932166301969364,21.031688977801945,33.01387434554974,19.266539536783217,0.1422319474835886,0.09956236323851203,0.09693654266958425,0.08446389496717724,0.07986870897155361,0.0687089715536105,0.06958424507658643,0.06389496717724288,0.06433260393873086,0.0474835886214442,0.046170678336980304,0.04113785557986871,0.03238512035010941,0.027571115973741796,0.015536105032822756,0.012910284463894967,0.007221006564551422,0.9145883252766774,0.02288761837345888,0.0,0.0,0.0,0.0,0.0,0.0,0.0,0.0,0.0,0.0,0.0,0.0,0.0,0.0,0.0,0.0,0.0,0.0,0.0,0.0,0.0,0.0,0.0,0.0,0.0,0.5317286652078775,7.503282275711161,15.984682713347924,5.632385120350111,0.34792122538293224,4.294017094017094,2.8481300087454473,nan,nan,nan,4.285419532324622,2.8398993160375583,4.302515295717199,2.856216840265662,1.0039892858245558,0.3743,0.02281,0.0,0.0,0.0,0.0,0.0,0.0,0.0,0.0,0.013129102844638953,0.951859956236324,10.280087527352299,14.84245076586431,3.787746170678338,0.12472647702407004,0.0,0.0,0.0,0.0,0.0,0.0,0.0,0.0,0.0,0.0,0.0,0.0,0.0,0.0,0.0,0.0,nan,nan,4.294017094017094,2.8481300087454473,nan,0.3743,0.1091,0.0,0.0,0.0,0.0,0.0,0.0,0.0,0.0,0.0,0.0,0.0,0.0,0.0,0.0,0.0,0.0,0.00028446389496717723,5.4704595185995626e-05,0.004824945295404814,0.008107221006564552,0.002450765864332604,0.011334792122538294,0.015098468271334792,0.02850109409190372,0.07040481400437637,0.025437636761487966,0.029912472647702408,0.024649890590809628,0.027078774617067834,0.03911378555798687,0.031072210065645513,0.02851203501094092,0.031575492341356676,0.02314004376367615,0.01563457330415755,0.020328227571115975,0.0687199124726477,0.04765864332603939,0.01915754923413567,0.06312910284463895,0.030525164113785558,0.02147702407002188,0.02611597374179431,0.03832603938730853,0.03819474835886214,0.00550328227571116,0.0076914660831509845,0.020951859956236323,0.021411378555798687,0.008479212253829322,0.006181619256017505,0.007407002188183807,0.004573304157549234,0.00400437636761488,0.001487964989059081,0.014048140043763676,0.03648796498905908,0.008851203501094092,0.012013129102844638,0.004759299781181619,0.02235229759299781,0.0018927789934354486,0.0015536105032822756,0.009474835886214441,0.0043326039387308534,0.0027571115973741792,6.564551422319475e-05,2.188183807439825e-05,5.4704595185995626e-05,0.0,0.002822757111597374,0.0,0.0,0.0,0.0,0.0,0.0,0.0,0.0,0.0,0.0,0.0,0.0,0.0,0.0,0.0,0.0,0.0,0.0,0.0,0.0,0.0,0.0,0.0,0.0,0.0,0.0,0.0,0.0,0.0,0.0,nan,nan,4.294017094017094,2.8481300087454473,nan,0.9147359137004611,0.023102011811050097,0.0,0.0,0.0,0.0,0.0,0.0,0.0,0.0,0.0,0.0,0.0,0.0,0.0,0.0,0.0,0.0,0.0,0.0,0.0,0.0,0.0,0.0,0.0,0.0,0.0,0.5018820577164367,7.691342534504393,15.934755332496866,5.483061480552072,0.38895859473023847,0.9144263776303869,0.022648924499860966,0.0,0.0,0.0,0.0,0.0,0.0,0.0,0.0,0.0,0.0,0.0,0.0,0.0,0.0,0.0,0.0,0.0,0.0,0.0,0.0,0.0,0.0,0.0,0.0,0.0,0.5644791188618633,7.2969251950436,16.039467645709045,5.796236805874256,0.3028912345112437,0.375,0.02278,0.0,0.0,0.0,0.0,0.0,0.0,0.0,0.0,0.012547051442910918,0.9535759096612298,10.037641154328734,14.893350062735236,3.989962358845672,0.11292346298619826,0.0,0.0,0.0,0.0,0.0,0.0,0.0,0.0,0.0,0.0,0.0,0.0,0.0,0.0,0.0,0.0,0.3738,0.02284,0.0,0.0,0.0,0.0,0.0,0.0,0.0,0.0,0.013767783386874717,0.9499770536943554,10.546122074346032,14.78659935750342,3.5658558972005516,0.13767783386874716,0.0,0.0,0.0,0.0,0.0,0.0,0.0,0.0,0.0,0.0,0.0,0.0,0.0,0.0,0.0,0.0
25100,4711,2449,0.5198471662067502,1138,973,0.4481001910422416,1339,0.5684568032264912,0.41,2.9283819628647216,3.06548033876122,6.565705128205129,2.1157627624326834,9327.397004688932,1417.0450732965785,7853.0,10751.130138516426,10689.212449607823,17.55069051132357,7853.0,0.0,27.84737847590745,20.741504055257106,33.097318007662835,18.813027210072203,0.1485884101040119,0.0959456590957334,0.08257270218637232,0.08766716196136701,0.08533220123116111,0.07344512842284016,0.07153470600721715,0.0647420929738909,0.05540225005306729,0.04945871364890681,0.05052005943536404,0.04457652303120357,0.033963065166631286,0.026958182976013587,0.01570791763956697,0.00764168966249204,0.005943536404160475,0.9158682929965954,0.022470707839026414,0.0,0.0,0.0,0.0,0.0,0.0,0.0,0.0,0.0,0.0,0.0,0.0,0.0,0.0,0.0,0.0,0.0,0.0,0.0,0.0,0.0,0.0,0.0,0.0,0.0,0.433029080874549,6.71195075355551,16.047548291233287,6.482700063680749,0.32477181065591176,4.2146373482113555,2.844026967341345,nan,nan,nan,4.1739986868023635,2.8371064333196645,4.255249343832021,2.8503474031080986,1.0194659038313933,0.3738,0.02257,0.0,0.0,0.0,0.0,0.0,0.0,0.0,0.0,0.0,0.9615792825302486,10.443642538739125,14.875822542984483,3.527913394183826,0.19104224156230104,0.0,0.0,0.0,0.0,0.0,0.0,0.0,0.0,0.0,0.0,0.0,0.0,0.0,0.0,0.0,0.0,nan,nan,4.2146373482113555,2.844026967341345,nan,0.3738,0.1092,0.0,0.0,0.0,0.0,0.0,0.0,0.0,0.0,0.0,0.0,0.0,0.0,0.0,0.0,1.0613457864572277e-05,0.0,0.00020165569942687326,0.00018042878369772873,0.005105073232859266,0.007514328168117173,0.0030460624071322437,0.013542772235194227,0.013850562513266822,0.029388664827000636,0.06754404585013797,0.025652727658671194,0.0318509870515814,0.02557843345361919,0.027319040543409043,0.0396624920399066,0.03268945022288262,0.02804075567819996,0.028582042029293143,0.02394396094247506,0.01658883464232647,0.020749310125238802,0.0658883464232647,0.047473997028231796,0.020133729569093612,0.06333050307790278,0.030067926130333263,0.021916790490341752,0.023965187858204205,0.04082997240500955,0.03717894289959669,0.0052324347272341325,0.007514328168117173,0.0205582678836765,0.022298874973466356,0.009817448524729357,0.006070897898535343,0.006792613033326258,0.0047866694969220976,0.0032264911908299722,0.0015071110167692635,0.014423689237953726,0.03542772235194226,0.009170027594990448,0.010900021226915729,0.004627467628953513,0.022044151984716622,0.0015814052218212694,0.0017087667161961367,0.010178306092124815,0.004839736786244959,0.002780725960517937,0.0,0.0,0.00012736149437486734,0.0,0.002557843345361919,0.0,0.0,0.0,0.0,0.0,0.0,0.0,0.0,0.0,0.0,0.0,0.0,0.0,0.0,0.0,0.0,0.0,0.0,0.0,0.0,0.0,0.0,0.0,0.0,0.0,0.0,0.0,0.0,0.0,0.0,nan,nan,4.2146373482113555,2.844026967341345,nan,0.9153974981831745,0.02244082162896426,0.0,0.0,0.0,0.0,0.0,0.0,0.0,0.0,0.0,0.0,0.0,0.0,0.0,0.0,0.0,0.0,0.0,0.0,0.0,0.0,0.0,0.0,0.0,0.0,0.0,0.4532462229481422,6.908942425479789,16.010616578195183,6.296447529603921,0.33074724377296866,0.9163780085129827,0.022491912496172745,0.0,0.0,0.0,0.0,0.0,0.0,0.0,0.0,0.0,0.0,0.0,0.0,0.0,0.0,0.0,0.0,0.0,0.0,0.0,0.0,0.0,0.0,0.0,0.0,0.0,0.41114058355437677,6.498673740053052,16.087533156498676,6.684350132625997,0.31830238726790455,0.3738,0.02242,0.0,0.0,0.0,0.0,0.0,0.0,0.0,0.0,0.0,1.0167415271539406,10.265414454879545,14.981625153123703,3.650469579420172,0.0857492854226215,0.0,0.0,0.0,0.0,0.0,0.0,0.0,0.0,0.0,0.0,0.0,0.0,0.0,0.0,0.0,0.0,0.3738,0.02274,0.0,0.0,0.0,0.0,0.0,0.0,0.0,0.0,0.0,0.9018567639257297,10.63660477453581,14.76127320954905,3.395225464190982,0.3050397877984085,0.0,0.0,0.0,0.0,0.0,0.0,0.0,0.0,0.0,0.0,0.0,0.0,0.0,0.0,0.0,0.0
25200,4570,2407,0.5266958424507658,1103,890,0.4361050328227571,1282,0.5610503282275712,0.414,3.0624133148404993,3.0855107231689884,6.380517503805175,2.171095096462233,9346.763113536537,1416.0850429512436,7853.0,10747.771013975143,10689.101964628988,17.461259782029618,7853.0,0.0,28.696498905908097,21.156973202578808,33.40185232827373,19.43170149697306,0.13172866520787746,0.09518599562363239,0.09781181619256017,0.08468271334792123,0.07527352297592997,0.07155361050328228,0.0737417943107221,0.06630196936542669,0.05776805251641138,0.05557986870897155,0.045295404814004375,0.04223194748358862,0.03391684901531729,0.02910284463894967,0.018599562363238512,0.013566739606126914,0.007658643326039387,0.9158247211699413,0.022949445021119484,0.0,0.0,0.0,0.0,0.0,0.0,0.0,0.0,0.0,0.0,0.0,0.0,0.0,0.0,0.0,0.0,0.0,0.0,0.0,0.0,0.0,0.0,0.0,0.0,0.0,0.33479212253829327,7.089715536105034,15.846827133479215,6.334792122538294,0.3938730853391686,4.220430107526882,2.861815129688305,nan,nan,nan,4.269617706237424,2.866304823539133,4.171043771043771,2.8564481820854577,0.9769127022661425,0.3733,0.02228,0.0,0.0,0.0,0.0,0.0,0.0,0.0,0.0,0.006564551422319476,1.0437636761487967,10.424507658643329,14.967177242888381,3.4398249452954057,0.11816192560175057,0.0,0.0,0.0,0.0,0.0,0.0,0.0,0.0,0.0,0.0,0.0,0.0,0.0,0.0,0.0,0.0,nan,nan,4.220430107526882,2.861815129688305,nan,0.3733,0.1092,0.0,0.0,0.0,0.0,0.0,0.0,0.0,0.0,0.0,0.0,0.0,0.0,0.0,0.0,3.282275711159737e-05,0.0,0.00019693654266958425,0.00020787746170678338,0.005076586433260394,0.00700218818380744,0.0037527352297593,0.014299781181619255,0.013030634573304157,0.02900437636761488,0.06782275711159737,0.027188183807439825,0.030185995623632386,0.02648796498905908,0.02737417943107221,0.04050328227571116,0.03184901531728665,0.03025164113785558,0.02924507658643326,0.024442013129102845,0.016400437636761488,0.020557986870897157,0.061925601750547045,0.04861050328227571,0.020043763676148796,0.06343544857768052,0.030711159737417944,0.02099562363238512,0.024365426695842452,0.041684901531728664,0.03567833698030635,0.005010940919037199,0.008566739606126915,0.020601750547045952,0.02164113785557987,0.008785557986870897,0.006553610503282276,0.008555798687089715,0.006050328227571116,0.00312910284463895,0.002461706783369803,0.012439824945295405,0.03305251641137855,0.009573304157549234,0.01049234135667396,0.0035339168490153175,0.022680525164113785,0.001400437636761488,0.001761487964989059,0.010601750547045952,0.005,0.0027242888402625822,0.00012035010940919038,0.0,0.00014223194748358862,0.0,0.0027461706783369804,1.0940919037199125e-05,0.0,0.0,0.0,0.0,0.0,0.0,0.0,0.0,0.0,0.0,0.0,0.0,0.0,0.0,0.0,0.0,0.0,0.0,0.0,0.0,0.0,0.0,0.0,0.0,0.0,0.0,0.0,0.0,0.0,nan,nan,4.220430107526882,2.861815129688305,nan,0.9161118809048645,0.022499133074357493,0.0,0.0,0.0,0.0,0.0,0.0,0.0,0.0,0.0,0.0,0.0,0.0,0.0,0.0,0.0,0.0,0.0,0.0,0.0,0.0,0.0,0.0,0.0,0.0,0.0,0.22434565849605323,6.879933527212299,16.165351059410057,6.381387619443292,0.34898213543830503,0.9155051680113836,0.023436251516986722,0.0,0.0,0.0,0.0,0.0,0.0,0.0,0.0,0.0,0.0,0.0,0.0,0.0,0.0,0.0,0.0,0.0,0.0,0.0,0.0,0.0,0.0,0.0,0.0,0.0,0.4576976421636617,7.323162274618587,15.492371705963942,6.282940360610265,0.4438280166435507,0.3728,0.02249,0.0,0.0,0.0,0.0,0.0,0.0,0.0,0.0,0.01246364769422518,1.1092646447860408,10.631491483174079,14.769422517656814,3.352721229746573,0.12463647694225179,0.0,0.0,0.0,0.0,0.0,0.0,0.0,0.0,0.0,0.0,0.0,0.0,0.0,0.0,0.0,0.0,0.3738,0.022,0.0,0.0,0.0,0.0,0.0,0.0,0.0,0.0,0.0,0.9708737864077672,10.194174757281555,15.187239944521474,3.5367545076282947,0.11095700416088768,0.0,0.0,0.0,0.0,0.0,0.0,0.0,0.0,0.0,0.0,0.0,0.0,0.0,0.0,0.0,0.0
25300,4591,2368,0.5157917664996733,1127,918,0.44543672402526685,1253,0.5458505772162927,0.418,2.9334233018443543,3.103561624768755,6.645214521452146,2.1235443945358674,9315.640565039623,1417.2086296603243,7853.0,10746.04008758068,10688.71910223687,17.608856402065697,7853.0,0.0,27.722936179481593,20.819067749760926,32.75325690463783,19.067509410910134,0.14267044216946198,0.10084948812894794,0.09605750381180571,0.08712698758440426,0.07427575691570464,0.07645393160531475,0.06795905031583532,0.06643432803310825,0.05881071661947288,0.04944456545414942,0.046177303419734264,0.043999128730124154,0.029623175778697452,0.024831191461555217,0.01873230233064692,0.010890873448050533,0.0056632541929862775,0.9153269856642389,0.022653719398510047,0.0,0.0,0.0,0.0,0.0,0.0,0.0,0.0,0.0,0.0,0.0,0.0,0.0,0.0,0.0,0.0,0.0,0.0,0.0,0.0,0.0,0.0,0.0,0.0,0.0,0.4835547810934438,7.181441951644524,15.780875626225226,6.188194293182315,0.36593334785449805,4.273192360163711,2.8740128455039504,nan,nan,nan,4.438056125941136,2.866125899609883,4.109449354180829,2.8724740511787688,0.9259570491144651,0.373,0.02216,0.0,0.0,0.0,0.0,0.0,0.0,0.0,0.0,0.0065345240688303215,0.9997821825310392,10.795033761707693,14.781093443694163,3.332607275103464,0.08494881289479418,0.0,0.0,0.0,0.0,0.0,0.0,0.0,0.0,0.0,0.0,0.0,0.0,0.0,0.0,0.0,0.0,nan,nan,4.273192360163711,2.8740128455039504,nan,0.373,0.10895,0.0,0.0,0.0,0.0,0.0,0.0,0.0,0.0,0.0,0.0,0.0,0.0,0.0,0.0,2.178174689610107e-05,0.0,0.0007079067741232847,0.0001306904813766064,0.005401873230233065,0.006153343498148551,0.004367240252668264,0.013112611631452843,0.014397734698322805,0.030091483336963626,0.06653234589414071,0.025996514920496625,0.03040731866695709,0.027804399912873014,0.02837072533217164,0.039925942060553256,0.030690481376606404,0.0306251361359181,0.029274667828359833,0.02572424308429536,0.018067959050315836,0.020126334131997388,0.05996514920496624,0.04794162491831845,0.01814419516445219,0.06330864735351775,0.031387497277281635,0.0214441298192115,0.023709431496406013,0.04105859289915051,0.03671313439337835,0.005151383140927902,0.009072097582226095,0.01976693530821172,0.02386190372467872,0.009006752341537791,0.0071444129819211505,0.007917664996732738,0.006447397081245916,0.003408843389239817,0.002156392942714006,0.012437377477673709,0.03226965802657373,0.010270093661511654,0.010302766281855804,0.004410803746460466,0.021531256806795906,0.0015465040296231759,0.001513831409279024,0.00980178610324548,0.0049226747985188415,0.002385101285123067,0.0001306904813766064,1.0890873448050534e-05,0.00011979960792855587,0.0,0.0028098453495970376,0.0,0.0,0.0,0.0,0.0,0.0,0.0,0.0,0.0,0.0,0.0,0.0,0.0,0.0,0.0,0.0,0.0,0.0,0.0,0.0,0.0,0.0,0.0,0.0,0.0,0.0,0.0,0.0,0.0,0.0,nan,nan,4.273192360163711,2.8740128455039504,nan,0.9150874224063512,0.022461369120726226,0.0,0.0,0.0,0.0,0.0,0.0,0.0,0.0,0.0,0.0,0.0,0.0,0.0,0.0,0.0,0.0,0.0,0.0,0.0,0.0,0.0,0.0,0.0,0.0,0.0,0.5320945945945947,7.309966216216218,15.60810810810811,6.195101351351353,0.3547297297297298,0.915582174955592,0.022854073634545884,0.0,0.0,0.0,0.0,0.0,0.0,0.0,0.0,0.0,0.0,0.0,0.0,0.0,0.0,0.0,0.0,0.0,0.0,0.0,0.0,0.0,0.0,0.0,0.0,0.0,0.43184885290148456,7.044534412955467,15.964912280701757,6.1808367071524986,0.37786774628879904,0.3733,0.02199,0.0,0.0,0.0,0.0,0.0,0.0,0.0,0.0,0.0,0.9755067567567569,10.730574324324328,14.885979729729709,3.3192567567567575,0.08868243243243246,0.0,0.0,0.0,0.0,0.0,0.0,0.0,0.0,0.0,0.0,0.0,0.0,0.0,0.0,0.0,0.0,0.3728,0.02234,0.0,0.0,0.0,0.0,0.0,0.0,0.0,0.0,0.013495276653171392,1.0256410256410258,10.86369770580297,14.669365721997279,3.3468286099865057,0.08097165991902835,0.0,0.0,0.0,0.0,0.0,0.0,0.0,0.0,0.0,0.0,0.0,0.0,0.0,0.0,0.0,0.0
25400,4539,2391,0.5267680105750165,1153,889,0.44987882793566863,1242,0.5472571050892266,0.414,3.0046554934823093,3.105826914321683,6.540192926045016,2.12037094705932,9346.416951254776,1415.5553292215066,7853.0,10752.706526756287,10688.056270073368,17.963897865395552,7853.0,0.0,28.624146287728575,20.90300512293893,33.35573430202387,19.12283300551205,0.13196739369905267,0.0956157743996475,0.09275170742454285,0.08349856796651245,0.08129543952412426,0.07270323859881031,0.07688918263934788,0.0656532275831681,0.05662040096937652,0.05485789821546596,0.0495703899537343,0.03745318352059925,0.037232870676360434,0.027098479841374753,0.018726591760299626,0.01233751927737387,0.005728133950209297,0.9150817458207819,0.02295047098729577,0.0,0.0,0.0,0.0,0.0,0.0,0.0,0.0,0.0,0.0,0.0,0.0,0.0,0.0,0.0,0.0,0.0,0.0,0.0,0.0,0.0,0.0,0.0,0.0,0.013218770654329151,0.528750826173166,7.15135492399207,15.888962326503638,6.093853271645739,0.32385988103106417,4.117627345844504,2.89249472563123,nan,nan,nan,4.116248348745046,2.8564904761907766,4.117086453369639,2.9291452424920195,1.000203608857772,0.3726,0.02261,0.0,0.0,0.0,0.0,0.0,0.0,0.0,0.0,0.03304692663582288,1.196298744216788,10.700594844679447,14.705882352941154,3.251817580964971,0.11235955056179778,0.0,0.0,0.0,0.0,0.0,0.0,0.0,0.0,0.0,0.0,0.0,0.0,0.0,0.0,0.0,0.0,nan,nan,4.117627345844504,2.89249472563123,nan,0.3726,0.1083,0.0,0.0,0.0,0.0,0.0,0.0,0.0,0.0,0.0,0.0,0.0,0.0,0.0,0.0,0.0,0.0,0.0007710949548358669,7.710949548358669e-05,0.005287508261731659,0.005816259087904825,0.005199383124036131,0.013339942718660498,0.013890724829257546,0.03197840934126459,0.06481603877506059,0.02467503855474774,0.030149812734082397,0.02696629213483146,0.02579863406036572,0.0405595946243666,0.03122934567085261,0.03178012778144966,0.032430050671954175,0.02683410442828817,0.019883234192553424,0.020114562679004185,0.06026657854152897,0.04874421678783873,0.016281119189248735,0.06341705221414408,0.029753249614452523,0.020533157083057942,0.022482925754571493,0.04394139678343247,0.03826834104428288,0.005540868032606301,0.009209076889182639,0.021249173826834104,0.023033707865168538,0.0075016523463317915,0.006774619960343688,0.00738048028200044,0.005706102665785415,0.003293677021370346,0.0023683630755673055,0.012976426525666447,0.031053095395461555,0.010806345009914078,0.009737827715355805,0.004130865829477859,0.021866049790702797,0.001244767569949328,0.0011566424322538005,0.009131967393699052,0.005562899317030183,0.0019387530293016083,2.2031284423881914e-05,0.0,0.0001762502753910553,0.0,0.0028089887640449437,0.0,4.406256884776383e-05,0.0,0.0,0.0,0.0,0.0,0.0,0.0,0.0,0.0,0.0,0.0,0.0,0.0,0.0,0.0,0.0,0.0,0.0,0.0,0.0,0.0,0.0,0.0,0.0,0.0,0.0,0.0,0.0,nan,nan,4.117627345844504,2.89249472563123,nan,0.9152960634191681,0.022903646222138876,0.0,0.0,0.0,0.0,0.0,0.0,0.0,0.0,0.0,0.0,0.0,0.0,0.0,0.0,0.0,0.0,0.0,0.0,0.0,0.0,0.0,0.0,0.0,0.0,0.012547051442910918,0.5269761606022586,7.063989962358847,15.84692597239649,6.260978670012548,0.2885821831869511,0.9148431827957626,0.023000132289987586,0.0,0.0,0.0,0.0,0.0,0.0,0.0,0.0,0.0,0.0,0.0,0.0,0.0,0.0,0.0,0.0,0.0,0.0,0.0,0.0,0.0,0.0,0.0,0.0,0.013966480446927377,0.5307262569832403,7.248603351955309,15.935754189944138,5.907821229050281,0.36312849162011185,0.3718,0.02261,0.0,0.0,0.0,0.0,0.0,0.0,0.0,0.0,0.05018820577164367,1.1668757841907154,11.179422835633629,14.378920953575888,3.086574654956086,0.1380175658720201,0.0,0.0,0.0,0.0,0.0,0.0,0.0,0.0,0.0,0.0,0.0,0.0,0.0,0.0,0.0,0.0,0.3733,0.02257,0.0,0.0,0.0,0.0,0.0,0.0,0.0,0.0,0.013966480446927377,1.2290502793296092,10.16759776536313,15.069832402234615,3.435754189944135,0.08379888268156425,0.0,0.0,0.0,0.0,0.0,0.0,0.0,0.0,0.0,0.0,0.0,0.0,0.0,0.0,0.0,0.0
25500,4578,2378,0.5194408038444736,1116,943,0.44975972040192225,1271,0.5552643075578856,0.422,3.0213636363636365,3.137891294621199,6.681666666666667,2.13627336473797,9325.766990751614,1416.631408677638,7853.0,10745.92758512497,10688.293222733762,17.599320284396754,7853.0,0.0,27.687418086500656,20.838231989991765,32.77027734170591,19.0541538939366,0.14591524683267804,0.10332022717343818,0.08256880733944955,0.09043250327653997,0.08016601135867191,0.07754477937964177,0.072520751419834,0.061380515508955874,0.05307994757536042,0.05439056356487549,0.04281345565749235,0.03910004368719965,0.037352555701179554,0.025338575797291395,0.019877675840978593,0.008300567933595456,0.005897771952817824,0.9148965752270608,0.022221229938317492,0.0,0.0,0.0,0.0,0.0,0.0,0.0,0.0,0.0,0.0,0.0,0.0,0.0,0.0,0.0,0.0,0.0,0.0,0.0,0.0,0.0,0.0,0.0,0.0,0.0,0.44560943643512463,7.260812581913501,16.179554390563567,5.865006553079949,0.24901703800786373,4.426575809199319,2.9478099217118077,nan,nan,nan,4.482686980609419,2.9822381830915554,4.372233400402415,2.9130491655934616,0.9753599614060074,0.373,0.02237,0.0,0.0,0.0,0.0,0.0,0.0,0.0,0.0,0.006553079947575362,0.9633027522935782,11.055045871559637,14.528178243774551,3.3093053735255578,0.1376146788990826,0.0,0.0,0.0,0.0,0.0,0.0,0.0,0.0,0.0,0.0,0.0,0.0,0.0,0.0,0.0,0.0,nan,nan,4.426575809199319,2.9478099217118077,nan,0.373,0.1078,0.0,0.0,0.0,0.0,0.0,0.0,0.0,0.0,0.0,0.0,0.0,0.0,0.0,5.4608999563128004e-05,0.0,1.0921799912625601e-05,0.0006116207951070336,7.64525993883792e-05,0.0051223241590214064,0.005100480559196156,0.0045543905635648755,0.01372870249017038,0.01489733508082132,0.03301660113586719,0.06189384010484928,0.0263215377894277,0.029499781564001747,0.026299694189602447,0.02527304499781564,0.039067278287461774,0.029750982961992137,0.03249235474006116,0.03257972913936217,0.02786151157710791,0.019648318042813456,0.02172346002621232,0.0595128877238969,0.0489733508082132,0.017715159458278725,0.06202490170380079,0.02989296636085627,0.02016164263870686,0.022149410222804717,0.04422236784622106,0.039984709480122324,0.0055155089558759285,0.008103975535168196,0.022935779816513763,0.023274355613805156,0.0075906509392747925,0.006979030144167759,0.007601572739187418,0.006465705548274356,0.0025884665792922676,0.0033529925731760595,0.012876802096985582,0.03083224115334207,0.010124508519003933,0.010146352118829183,0.005111402359108781,0.020915246832678026,0.0011031017911751857,0.0011140235910878113,0.009021406727828746,0.006214504150283967,0.0015399737876802097,0.0,3.27653997378768e-05,0.00010921799912625601,0.0,0.0021952817824377456,0.0,3.27653997378768e-05,0.0,0.0,0.0,0.0,0.0,0.0,0.0,0.0,0.0,0.0,0.0,0.0,0.0,0.0,0.0,0.0,0.0,0.0,0.0,0.0,0.0,0.0,0.0,0.0,0.0,0.0,0.0,0.0,nan,nan,4.426575809199319,2.9478099217118077,nan,0.915065379279115,0.022596269914340182,0.0,0.0,0.0,0.0,0.0,0.0,0.0,0.0,0.0,0.0,0.0,0.0,0.0,0.0,0.0,0.0,0.0,0.0,0.0,0.0,0.0,0.0,0.0,0.0,0.0,0.47939444911690504,7.304457527333896,15.71909167367536,6.282590412111019,0.21446593776282596,0.9147141133926131,0.021807124171607708,0.0,0.0,0.0,0.0,0.0,0.0,0.0,0.0,0.0,0.0,0.0,0.0,0.0,0.0,0.0,0.0,0.0,0.0,0.0,0.0,0.0,0.0,0.0,0.0,0.0,0.40909090909090917,7.213636363636366,16.67727272727273,5.413636363636364,0.28636363636363643,0.3726,0.02231,0.0,0.0,0.0,0.0,0.0,0.0,0.0,0.0,0.012615643397813292,1.0092514718250634,11.316232127838523,14.28090832632462,3.2296047098402028,0.15138772077375948,0.0,0.0,0.0,0.0,0.0,0.0,0.0,0.0,0.0,0.0,0.0,0.0,0.0,0.0,0.0,0.0,0.3735,0.02246,0.0,0.0,0.0,0.0,0.0,0.0,0.0,0.0,0.0,0.9136363636363638,10.772727272727275,14.795454545454524,3.3954545454545464,0.12272727272727275,0.0,0.0,0.0,0.0,0.0,0.0,0.0,0.0,0.0,0.0,0.0,0.0,0.0,0.0,0.0,0.0
25600,4479,2341,0.5226613083277517,1098,910,0.4483143558830096,1226,0.5474436258093325,0.438,2.8886810102899907,3.0587868246049,6.4573378839590445,2.2051109756301766,9335.01076223212,1416.3581982763133,7853.0,10751.933274626732,10688.508844099815,18.1313024365536,7853.0,0.0,27.937039517749497,20.915229050595975,32.86500132872708,19.187477512601028,0.13887028354543424,0.09645010046885466,0.09511051574012057,0.08997544094663988,0.08193793257423532,0.07590980129493191,0.07010493413708417,0.06050457691448984,0.05916499218575575,0.05291359678499665,0.04197365483366823,0.03750837240455459,0.038401428890377315,0.025228845724492074,0.01719133735208752,0.012502790801518195,0.006251395400759098,0.9155451088884256,0.023123781677630604,0.0,0.0,0.0,0.0,0.0,0.0,0.0,0.0,0.0,0.0,0.0,0.0,0.0,0.0,0.0,0.0,0.0,0.0,0.0,0.0,0.0,0.0,0.0,0.0,0.0,0.4554588077695915,7.153382451440055,15.733422638981919,6.296048225050236,0.3616878767582051,4.1320885200553255,2.9178198975981706,nan,nan,nan,4.154646324549237,2.892732520515256,4.109730848861283,2.9433989726332936,0.989189097656146,0.3723,0.02327,0.0,0.0,0.0,0.0,0.0,0.0,0.0,0.0,0.006697923643670464,1.3529805760214335,11.25251172136638,13.683858004018735,3.5432016075016755,0.16075016744809112,0.0,0.0,0.0,0.0,0.0,0.0,0.0,0.0,0.0,0.0,0.0,0.0,0.0,0.0,0.0,0.0,nan,nan,4.1320885200553255,2.9178198975981706,nan,0.3723,0.10724,0.0,0.0,0.0,0.0,0.0,0.0,0.0,0.0,0.0,0.0,0.0,0.0,0.0,0.00011163206072784104,3.348961821835231e-05,0.0,0.0006363027461486939,2.2326412145568206e-05,0.005012279526680062,0.005615092654610404,0.004688546550569324,0.014076802857780754,0.015048001786112972,0.03241795043536504,0.0632730520205403,0.024134851529359232,0.03046438937262782,0.026456798392498326,0.024570216566197813,0.04035498995311453,0.028823398079928557,0.03221701272605492,0.032585398526456796,0.02674704175039071,0.01985934360348292,0.021846394284438492,0.06101808439383791,0.0492967180174146,0.01640991292699263,0.06347398972985041,0.03120116097343157,0.020875195356106272,0.02355436481357446,0.04537843268586738,0.038044206296048225,0.00516856441169904,0.009745478901540523,0.020473319937486047,0.02328644786782764,0.00704398303192677,0.008517526233534271,0.006954677383344496,0.006195579370395178,0.0019758874748827863,0.0023219468631390937,0.01319490957803081,0.030643000669792364,0.00995757981692342,0.008908238446081714,0.005391828533154722,0.02182406787229292,0.000971198928332217,0.0008149140433132395,0.007669122572002679,0.007010493413708417,0.0014847064076802857,2.2326412145568206e-05,0.0,7.814244250948873e-05,0.0,0.001953561062737218,0.0,0.00014512167894619336,0.0,0.0,0.0,0.0,0.0,0.0,0.0,0.0,0.0,0.0,0.0,0.0,0.0,0.0,0.0,0.0,0.0,0.0,0.0,0.0,0.0,0.0,0.0,0.0,0.0,0.0,0.0,0.0,nan,nan,4.1320885200553255,2.9178198975981706,nan,0.9157682391936226,0.022936191217405963,0.0,0.0,0.0,0.0,0.0,0.0,0.0,0.0,0.0,0.0,0.0,0.0,0.0,0.0,0.0,0.0,0.0,0.0,0.0,0.0,0.0,0.0,0.0,0.0,0.0,0.422896198205895,6.9841947885519025,15.80093976932935,6.420333190944042,0.37163605296881685,0.9153007926842786,0.02332500547430227,0.0,0.0,0.0,0.0,0.0,0.0,0.0,0.0,0.0,0.0,0.0,0.0,0.0,0.0,0.0,0.0,0.0,0.0,0.0,0.0,0.0,0.0,0.0,0.0,0.0,0.4911131898971002,7.33863423760524,15.65949485500468,6.1599625818522,0.35079513564078585,0.372,0.02353,0.0,0.0,0.0,0.0,0.0,0.0,0.0,0.0,0.0,1.5634344297308846,11.05937633489962,13.622383596753505,3.575395130286203,0.17941050832977365,0.0,0.0,0.0,0.0,0.0,0.0,0.0,0.0,0.0,0.0,0.0,0.0,0.0,0.0,0.0,0.0,0.3723,0.02295,0.0,0.0,0.0,0.0,0.0,0.0,0.0,0.0,0.014031805425631434,1.1225444340505146,11.463985032740881,13.751169317118782,3.5079513564078586,0.14031805425631433,0.0,0.0,0.0,0.0,0.0,0.0,0.0,0.0,0.0,0.0,0.0,0.0,0.0,0.0,0.0,0.0
25700,4696,2419,0.5151192504258943,1163,928,0.4452725724020443,1310,0.5579216354344123,0.41,2.917874396135266,3.0725127950502666,6.458461538461538,2.1892669871051367,9313.298174825119,1416.8502459963033,7853.0,10770.017474770546,10687.874009499277,18.380908030449454,7853.0,0.0,28.41844122657581,21.057724483719404,33.57273885350318,19.185374492292546,0.1407580919931857,0.1030664395229983,0.0870954003407155,0.07453151618398637,0.07942930153321977,0.07751277683134583,0.0706984667802385,0.06473594548551959,0.05600511073253833,0.05706984667802385,0.047487223168654176,0.0436541737649063,0.035136286201022146,0.028534923339011926,0.016396933560477,0.011499148211243612,0.006388415672913117,0.915423780527391,0.02285212678772234,0.0,0.0,0.0,0.0,0.0,0.0,0.0,0.0,0.0,0.0,0.0,0.0,0.0,0.0,0.0,0.0,0.0,0.0,0.0,0.0,0.0,0.0,0.0,0.0,0.0,0.5813458262350938,6.822827938671211,16.194633730834756,5.992333901192506,0.4088586030664396,4.188790560471976,2.8713971989028226,nan,nan,nan,4.196979645436638,2.9109012517464268,4.180628272251309,2.831450449356088,0.9961040141800288,0.3723,0.02315,0.0,0.0,0.0,0.0,0.0,0.0,0.0,0.0,0.006388415672913119,1.4182282793867125,10.802810902896084,14.233390119250403,3.4241908006814317,0.11499148211243614,0.0,0.0,0.0,0.0,0.0,0.0,0.0,0.0,0.0,0.0,0.0,0.0,0.0,0.0,0.0,0.0,nan,nan,4.188790560471976,2.8713971989028226,nan,0.3723,0.10815,0.0,0.0,0.0,0.0,0.0,0.0,0.0,0.0,0.0,0.0,0.0,0.0,0.0,0.0,1.0647359454855195e-05,1.0647359454855195e-05,0.0011179727427597956,4.258943781942078e-05,0.005589863713798978,0.004674190800681431,0.0048977853492333905,0.014022572402044292,0.0160881601362862,0.034007666098807496,0.06609880749574105,0.02563884156729131,0.028204855195911413,0.024009795570698468,0.026448040885860308,0.04086456558773424,0.027491482112436117,0.0326767461669506,0.032719335604770014,0.023924616695059624,0.01866482112436116,0.022646933560477003,0.05919931856899489,0.04887137989778535,0.017142248722316865,0.05999787052810903,0.030685689948892675,0.020453577512776832,0.022348807495741058,0.04632666098807496,0.04014054514480409,0.005749574105621806,0.011115843270868824,0.020783645655877342,0.024925468483816014,0.006856899488926746,0.007964224872231687,0.006601362862010221,0.00625,0.001682282793867121,0.0024488926746166952,0.013458262350936967,0.031239352640545146,0.009273850085178876,0.00793228279386712,0.005238500851788757,0.02094335604770017,0.0008624361158432709,0.0009689097103918228,0.009902044293015333,0.006963373083475298,0.0014267461669505961,0.0,1.0647359454855195e-05,4.258943781942078e-05,1.0647359454855195e-05,0.002278534923339012,0.0,2.129471890971039e-05,0.0,0.0,3.194207836456559e-05,0.0,0.0,0.0,0.0,0.0,0.0,0.0,0.0,0.0,0.0,0.0,0.0,0.0,0.0,0.0,0.0,0.0,0.0,0.0,0.0,0.0,0.0,0.0,0.0,0.0,nan,nan,4.188790560471976,2.8713971989028226,nan,0.915217574074427,0.022973922970191542,0.0,0.0,0.0,0.0,0.0,0.0,0.0,0.0,0.0,0.0,0.0,0.0,0.0,0.0,0.0,0.0,0.0,0.0,0.0,0.0,0.0,0.0,0.0,0.0,0.0,0.6821000413393966,6.684580405126087,16.420008267879293,5.779247622984706,0.4340636626705251,0.9156428465834824,0.022719969722039487,0.0,0.0,0.0,0.0,0.0,0.0,0.0,0.0,0.0,0.0,0.0,0.0,0.0,0.0,0.0,0.0,0.0,0.0,0.0,0.0,0.0,0.0,0.0,0.0,0.0,0.474308300395257,6.9696969696969715,15.955204216073785,6.218708827404481,0.3820816864295126,0.3716,0.0237,0.0,0.0,0.0,0.0,0.0,0.0,0.0,0.0,0.012401818933443574,1.6246382802811083,10.963207937164121,13.840429929723005,3.4601074824307574,0.0992145514675486,0.0,0.0,0.0,0.0,0.0,0.0,0.0,0.0,0.0,0.0,0.0,0.0,0.0,0.0,0.0,0.0,0.373,0.02252,0.0,0.0,0.0,0.0,0.0,0.0,0.0,0.0,0.0,1.1989459815546775,10.632411067193678,14.650856389986803,3.3860342555994736,0.13175230566534918,0.0,0.0,0.0,0.0,0.0,0.0,0.0,0.0,0.0,0.0,0.0,0.0,0.0,0.0,0.0,0.0
25800,4601,2344,0.5094544664203434,1135,947,0.4525103238426429,1310,0.569441425777005,0.39799999999999996,2.9539211342490033,3.0329170189370562,6.424846625766871,2.0594379052738634,9297.283809379582,1417.2850651912222,7853.0,10747.108183979988,10687.961521738676,17.92288658963724,7853.0,0.0,28.1084546837644,20.68209229687146,32.94049459041731,18.893525070932974,0.13605737883068897,0.09802216909367528,0.09367528798087373,0.08324277331014997,0.08237339708758966,0.0699847859161052,0.07324494675070636,0.07020212997174527,0.05955227124538144,0.05042382090849815,0.050206476852858076,0.04585959574005651,0.02847207128885025,0.026733318843729623,0.01608346011736579,0.009780482503803522,0.006085633557922191,0.9152728614665145,0.022987387460673116,0.0,0.0,0.0,0.0,0.0,0.0,0.0,0.0,0.0,0.0,0.0,0.0,0.0,0.0,0.0,0.0,0.0,0.0,0.0,0.0,0.0,0.0,0.0,0.0,0.006520321669202349,0.4694631601825691,7.0875896544229535,15.929145837861338,6.181264942403827,0.3260160834601174,4.279745989304812,2.8301313133822235,nan,nan,nan,4.332671957671957,2.8321269613476834,4.226504394861393,2.827843908027572,0.9754960532789538,0.3723,0.02263,0.0,0.0,0.0,0.0,0.0,0.0,0.0,0.0,0.006520321669202349,1.2258204738100416,11.006302977613565,14.416431210606367,3.2079982612475555,0.1369267550532493,0.0,0.0,0.0,0.0,0.0,0.0,0.0,0.0,0.0,0.0,0.0,0.0,0.0,0.0,0.0,0.0,nan,nan,4.279745989304812,2.8301313133822235,nan,0.3723,0.10785,0.0,0.0,0.0,0.0,0.0,0.0,0.0,0.0,0.0,0.0,0.0,0.0,0.0,0.0,0.0,5.433601391001956e-05,0.0009454466420343404,7.607041947402738e-05,0.00544446859378396,0.004270810693327538,0.005672679852206042,0.01577917843946968,0.014627254944577266,0.03282981960443382,0.06619213214518582,0.026103021082373397,0.025016300804173004,0.023375353184090415,0.02718974136057379,0.04435992175613997,0.025396652901543144,0.03439469680504238,0.031895240165181485,0.024864159965224952,0.01922408172136492,0.023494892414692457,0.05949793523147142,0.04886981091067159,0.01577917843946968,0.0597152792871115,0.02872201695283634,0.01986524668550315,0.023929580525972615,0.04677244077374484,0.0433384046946316,0.005031514888067811,0.010356444251249729,0.019289284938056945,0.025755270593349273,0.007846120408606825,0.008063464464246902,0.006476852858074332,0.00669419691371441,0.0013257987394044773,0.0026841990871549664,0.014420778091719192,0.029102369050206477,0.009704412084329494,0.007052814605520539,0.004716366007389698,0.021071506194305586,0.0007933058030862856,0.000869376222560313,0.00988915453162356,0.00738969789176266,0.0013910019560965008,1.0867202782003912e-05,0.0,0.00011953923060204303,0.0,0.002216909367528798,0.0,0.0,0.0,0.0,3.260160834601174e-05,0.0,0.0,0.0,0.0,0.0,0.0,0.0,0.0,0.0,0.0,0.0,0.0,0.0,0.0,0.0,0.0,0.0,0.0,0.0,0.0,0.0,0.0,0.0,0.0,0.0,nan,nan,4.279745989304812,2.8301313133822235,nan,0.9148608217518077,0.022763683966194867,0.0,0.0,0.0,0.0,0.0,0.0,0.0,0.0,0.0,0.0,0.0,0.0,0.0,0.0,0.0,0.0,0.0,0.0,0.0,0.0,0.0,0.0,0.0,0.0,0.0,0.5247440273037544,6.9624573378839605,16.33105802047782,5.861774744027305,0.3199658703071673,0.9157007839704014,0.02320969046454875,0.0,0.0,0.0,0.0,0.0,0.0,0.0,0.0,0.0,0.0,0.0,0.0,0.0,0.0,0.0,0.0,0.0,0.0,0.0,0.0,0.0,0.0,0.0,0.0,0.013291980505095263,0.4120513956579531,7.217545414266727,15.511741249446171,6.513070447496679,0.33229951262738155,0.372,0.02264,0.0,0.0,0.0,0.0,0.0,0.0,0.0,0.0,0.012798634812286692,1.3054607508532425,10.968430034129696,14.44965870307165,3.1484641638225264,0.11518771331058023,0.0,0.0,0.0,0.0,0.0,0.0,0.0,0.0,0.0,0.0,0.0,0.0,0.0,0.0,0.0,0.0,0.3723,0.02261,0.0,0.0,0.0,0.0,0.0,0.0,0.0,0.0,0.0,1.1431103234381925,11.045635799734164,14.381922906513049,3.2698272042534344,0.15950376606114314,0.0,0.0,0.0,0.0,0.0,0.0,0.0,0.0,0.0,0.0,0.0,0.0,0.0,0.0,0.0,0.0
25900,4606,2334,0.5067303517151541,1105,961,0.4485453755970473,1312,0.5696917064698219,0.41,3.027288732394366,3.1716107075134374,6.642748091603053,2.2235392506401994,9289.523863636563,1417.3743780021318,7853.0,10753.304140329361,10687.888138778922,18.125396309831427,7853.0,0.0,27.79895788102475,20.853633771292223,32.83000259538022,19.090381909982273,0.14307425097698653,0.10117238384715588,0.08966565349544073,0.08727746417716023,0.07946157186278767,0.07729049066435084,0.06752062527138515,0.06426400347372992,0.06469821971341728,0.04928354320451585,0.044072948328267476,0.039296569691706466,0.030178028658271818,0.026052974381241857,0.018671298306556665,0.011940946591402518,0.0060790273556231,0.9143362859125713,0.02297934005243869,0.0,0.0,0.0,0.0,0.0,0.0,0.0,0.0,0.0,0.0,0.0,0.0,0.0,0.0,0.0,0.0,0.0,0.0,0.0,0.0,0.0,0.0,0.0,0.0,0.0,0.5015197568389059,7.509769865392967,15.703430308293534,5.920538428137214,0.3647416413373861,4.318181818181818,2.937870583075733,nan,nan,nan,4.318977119784657,2.963075232807514,4.317385444743936,2.912413187804872,0.9996314694436722,0.3723,0.02287,0.0,0.0,0.0,0.0,0.0,0.0,0.0,0.0,0.006513243595310466,1.1202778983934,11.150673035171518,14.244463742943964,3.3347807207989586,0.14329135909683025,0.0,0.0,0.0,0.0,0.0,0.0,0.0,0.0,0.0,0.0,0.0,0.0,0.0,0.0,0.0,0.0,nan,nan,4.318181818181818,2.937870583075733,nan,0.3723,0.10846,0.0,0.0,0.0,0.0,0.0,0.0,0.0,0.0,0.0,0.0,0.0,0.0,0.0,0.0,3.256621797655232e-05,7.598784194528876e-05,0.0008684324793747286,1.0855405992184108e-05,0.0057316543638732086,0.004429005644811116,0.007142857142857143,0.016825879287885367,0.01588145896656535,0.03409683022145028,0.06150673035171515,0.025206252713851497,0.02642205818497612,0.023925314806773772,0.02299174989144594,0.044887103777681285,0.02370820668693009,0.03466131133304386,0.033716891011723836,0.026530612244897958,0.020147633521493704,0.02339339991315675,0.05965045592705167,0.04892531480677377,0.016804168475900997,0.0584672166739036,0.02798523664785063,0.02022362136343899,0.02505427702996092,0.044507164567954845,0.04377985236647851,0.00499348675640469,0.010236647850629613,0.018638732088580114,0.025195397307859312,0.007750759878419453,0.008054711246200608,0.0052214502822405555,0.007685627442466348,0.0012917933130699088,0.0038753799392097265,0.014264003473729917,0.02721450282240556,0.012429439861050804,0.007262266608771168,0.004472427268779853,0.019398610508033,0.0005427702996092054,0.001009552757273122,0.010508033000434217,0.007750759878419453,0.001726009552757273,0.0,6.513243595310464e-05,0.00020625271385149804,0.0,0.0025944420321320017,0.0,0.0,0.0,0.0,2.1710811984368215e-05,0.0,0.0,0.0,0.0,0.0,0.0,0.0,0.0,0.0,0.0,0.0,0.0,0.0,0.0,0.0,0.0,0.0,0.0,0.0,0.0,0.0,0.0,0.0,0.0,0.0,nan,nan,4.318181818181818,2.937870583075733,nan,0.9142624521316783,0.022668480887004034,0.0,0.0,0.0,0.0,0.0,0.0,0.0,0.0,0.0,0.0,0.0,0.0,0.0,0.0,0.0,0.0,0.0,0.0,0.0,0.0,0.0,0.0,0.0,0.0,0.0,0.5269922879177379,7.416452442159384,16.015424164524426,5.7069408740359915,0.33419023136246795,0.9144121345237527,0.023294119169127527,0.0,0.0,0.0,0.0,0.0,0.0,0.0,0.0,0.0,0.0,0.0,0.0,0.0,0.0,0.0,0.0,0.0,0.0,0.0,0.0,0.0,0.0,0.0,0.0,0.0,0.4753521126760564,7.605633802816903,15.382922535211272,6.139964788732396,0.39612676056338036,0.3726,0.02303,0.0,0.0,0.0,0.0,0.0,0.0,0.0,0.0,0.0,1.1825192802056557,10.822622107969154,14.447300771208205,3.4061696658097693,0.14138817480719798,0.0,0.0,0.0,0.0,0.0,0.0,0.0,0.0,0.0,0.0,0.0,0.0,0.0,0.0,0.0,0.0,0.372,0.02272,0.0,0.0,0.0,0.0,0.0,0.0,0.0,0.0,0.01320422535211268,1.0563380281690142,11.487676056338032,14.036091549295755,3.261443661971832,0.14524647887323947,0.0,0.0,0.0,0.0,0.0,0.0,0.0,0.0,0.0,0.0,0.0,0.0,0.0,0.0,0.0,0.0
26000,4834,2393,0.49503516756309474,1120,1024,0.44352503103020274,1383,0.5721969383533305,0.40199999999999997,2.9352724293322408,3.06409564398023,6.476811594202899,2.045896913799559,9256.577799126093,1417.640307329306,7853.0,10748.930545449257,10688.309269108036,17.83902183464675,7853.0,0.0,27.701282581712867,20.87146000619589,32.88935852809548,19.044725842943233,0.1466694249069094,0.09971038477451385,0.08998758791890774,0.08709143566404634,0.08212660322714109,0.0719900703351262,0.06619776582540339,0.06537029375258585,0.06143980140670252,0.051096400496483244,0.046131568059577986,0.037856847331402564,0.03434009102192801,0.025031030202730658,0.019031857674803476,0.010136532892014894,0.005792304509722797,0.9137537398390598,0.023131053085860952,0.0,0.0,0.0,0.0,0.0,0.0,0.0,0.0,0.0,0.0,0.0,0.0,0.0,0.0,0.0,0.0,0.0,0.0,0.0,0.0,0.0,0.0,0.0,0.0,0.012412081092263138,0.6143980140670253,7.509309060819199,16.09846917666529,5.362019031857677,0.40339263549855203,4.340850515463917,2.841007026761458,nan,nan,nan,4.339091490722969,2.797755419443044,4.342634652822842,2.8842125375765986,1.0008165677325425,0.3735,0.02278,0.0,0.0,0.0,0.0,0.0,0.0,0.0,0.0,0.012412081092263138,1.135705419942077,10.494414563508485,14.702110053785663,3.475382705833679,0.17376913529168395,0.006206040546131569,0.0,0.0,0.0,0.0,0.0,0.0,0.0,0.0,0.0,0.0,0.0,0.0,0.0,0.0,0.0,nan,nan,4.340850515463917,2.841007026761458,nan,0.3735,0.1096,0.0,0.0,0.0,0.0,0.0,0.0,0.0,0.0,0.0,0.0,0.0,0.0,0.0,0.0,6.206040546131568e-05,4.137360364087712e-05,0.000661977658254034,2.068680182043856e-05,0.004871741828713281,0.004395945386843194,0.006795614398014067,0.017190732312784444,0.016342573438146463,0.03606743897393463,0.061284650393049235,0.02747207281754241,0.023913942904426975,0.02370707488622259,0.022072817542407943,0.04177699627637567,0.02498965659908978,0.032343814646255686,0.03551923872569301,0.026903185767480346,0.020242035581299132,0.025672321059164255,0.05764377327265205,0.04775548200248242,0.01823541580471659,0.05835746793545718,0.02935457178320232,0.021048820852296236,0.0232829954489036,0.04241828713280927,0.04208729830368225,0.004995862639635912,0.010664046338436078,0.018328506412908563,0.024513860157219694,0.007829954489035996,0.008088539511791478,0.005585436491518411,0.008150599917252793,0.0012412081092263137,0.0036615639222176252,0.014532478278858089,0.028775341332230038,0.012877534133223003,0.007426561853537443,0.004416632188663633,0.019848986346710798,0.0009102192800992966,0.0010446834919321474,0.01061232933388498,0.008460901944559372,0.001323955316508068,0.0,0.0001034340091021928,0.00023789822093504343,0.0,0.003651220521307406,0.00011377741001241208,0.0,0.0,0.0,7.240380637153497e-05,0.0,0.0,0.0,0.0,0.0,0.0,0.0,0.0,0.0,0.0,0.0,0.0,0.0,0.0,0.0,0.0,0.0,0.0,0.0,0.0,0.0,0.0,0.0,0.0,0.0,nan,nan,4.340850515463917,2.841007026761458,nan,0.9143121612156678,0.023309100221952497,0.0,0.0,0.0,0.0,0.0,0.0,0.0,0.0,0.0,0.0,0.0,0.0,0.0,0.0,0.0,0.0,0.0,0.0,0.0,0.0,0.0,0.0,0.0,0.0,0.02507312996239031,0.6142916840785626,7.346427078980361,15.85875470121187,5.729210196406187,0.42624320936063526,0.9132062993006645,0.02294197637555601,0.0,0.0,0.0,0.0,0.0,0.0,0.0,0.0,0.0,0.0,0.0,0.0,0.0,0.0,0.0,0.0,0.0,0.0,0.0,0.0,0.0,0.0,0.0,0.0,0.0,0.6145022531749283,7.668988119623107,16.333469889389598,5.002048340843917,0.38099139696845563,0.3733,0.02245,0.0,0.0,0.0,0.0,0.0,0.0,0.0,0.0,0.0,1.0781445883827834,10.781445883827834,14.567488508148745,3.4224822398662775,0.15043877977434186,0.0,0.0,0.0,0.0,0.0,0.0,0.0,0.0,0.0,0.0,0.0,0.0,0.0,0.0,0.0,0.0,0.3738,0.02309,0.0,0.0,0.0,0.0,0.0,0.0,0.0,0.0,0.024580090126997137,1.192134371159361,10.213027447767312,14.83408439164275,3.5272429332240893,0.1966407210159771,0.012290045063498569,0.0,0.0,0.0,0.0,0.0,0.0,0.0,0.0,0.0,0.0,0.0,0.0,0.0,0.0,0.0
26100,4825,2496,0.5173056994818653,1192,1009,0.4561658031088083,1365,0.5658031088082901,0.41,2.9424645770717044,3.0230466018766413,6.417168674698795,2.086042354912432,9319.592024222902,1416.7351491340476,7853.0,10751.28140759468,10688.058700671276,17.37499760412935,7853.0,0.0,28.29554404145078,20.850847346492017,33.1851487582985,19.052369062682576,0.13471502590673576,0.09823834196891192,0.08601036269430051,0.08787564766839379,0.08808290155440414,0.07025906735751296,0.07295336787564767,0.06839378238341969,0.062383419689119174,0.047875647668393785,0.04331606217616581,0.041036269430051814,0.035025906735751296,0.026528497409326425,0.020518134715025907,0.008911917098445596,0.007875647668393783,0.9132953577708703,0.022512347509945668,0.0,0.0,0.0,0.0,0.0,0.0,0.0,0.0,0.0,0.0,0.0,0.0,0.0,0.0,0.0,0.0,0.0,0.0,0.0,0.0,0.0,0.0,0.0,0.0,0.006217616580310882,0.6093264248704664,7.728497409326426,15.9979274611399,5.396891191709846,0.26113989637305707,4.23108448928121,2.875167360080655,nan,nan,nan,4.192019950124688,2.862699519379454,4.271045918367347,2.8873189364440925,1.0188515248455121,0.3735,0.02235,0.0,0.0,0.0,0.0,0.0,0.0,0.0,0.0,0.006217616580310882,1.0818652849740935,10.209326424870468,15.10880829015542,3.4507772020725396,0.1430051813471503,0.0,0.0,0.0,0.0,0.0,0.0,0.0,0.0,0.0,0.0,0.0,0.0,0.0,0.0,0.0,0.0,nan,nan,4.23108448928121,2.875167360080655,nan,0.3735,0.1097,0.0,0.0,0.0,0.0,0.0,0.0,0.0,0.0,0.0,0.0,0.0,0.0,0.0,0.0,8.290155440414508e-05,2.072538860103627e-05,0.0004974093264248705,3.108808290155441e-05,0.004538860103626943,0.0038134715025906736,0.007046632124352332,0.01671502590673575,0.018642487046632124,0.03609326424870466,0.06052849740932643,0.025968911917098447,0.024155440414507772,0.025150259067357513,0.021243523316062177,0.04043523316062176,0.02638341968911917,0.033015544041450774,0.03528497409326425,0.026839378238341968,0.019792746113989637,0.023813471502590673,0.05812435233160622,0.0514300518134715,0.019067357512953367,0.05907772020725389,0.02894300518134715,0.020787564766839378,0.021305699481865285,0.03947150259067358,0.04272538860103627,0.003927461139896373,0.011150259067357513,0.018829015544041452,0.024435233160621763,0.008404145077720207,0.008673575129533678,0.005761658031088083,0.00772020725388601,0.0012953367875647669,0.003751295336787565,0.013471502590673576,0.029792746113989636,0.01277720207253886,0.00750259067357513,0.0035751295336787564,0.020476683937823835,0.0010362694300518134,0.0014715025906735751,0.011191709844559585,0.008870466321243524,0.0013886010362694301,0.0,0.00010362694300518135,0.0003005181347150259,0.0,0.0027253886010362694,0.00025906735751295336,0.0,7.253886010362694e-05,0.0,1.0362694300518135e-05,0.0,0.0,0.0,0.0,0.0,0.0,0.0,0.0,0.0,0.0,0.0,0.0,0.0,0.0,0.0,0.0,0.0,0.0,0.0,0.0,0.0,0.0,0.0,0.0,0.0,nan,nan,4.23108448928121,2.875167360080655,nan,0.9132262961700176,0.02224139560611098,0.0,0.0,0.0,0.0,0.0,0.0,0.0,0.0,0.0,0.0,0.0,0.0,0.0,0.0,0.0,0.0,0.0,0.0,0.0,0.0,0.0,0.0,0.0,0.0,0.012019230769230772,0.5889423076923078,7.608173076923078,16.262019230769234,5.28846153846154,0.24038461538461542,0.9133693714057902,0.022798921262308976,0.0,0.0,0.0,0.0,0.0,0.0,0.0,0.0,0.0,0.0,0.0,0.0,0.0,0.0,0.0,0.0,0.0,0.0,0.0,0.0,0.0,0.0,0.0,0.0,0.0,0.6311721768999572,7.857449549162732,15.714899098325464,5.513095749248606,0.2833834263632461,0.3738,0.0225,0.0,0.0,0.0,0.0,0.0,0.0,0.0,0.0,0.0,1.0937500000000002,10.000000000000004,15.300480769230745,3.4495192307692313,0.15625000000000006,0.0,0.0,0.0,0.0,0.0,0.0,0.0,0.0,0.0,0.0,0.0,0.0,0.0,0.0,0.0,0.0,0.3733,0.02217,0.0,0.0,0.0,0.0,0.0,0.0,0.0,0.0,0.012881064834693005,1.0691283812795194,10.433662516101332,14.903392013739781,3.452125375697725,0.12881064834693004,0.0,0.0,0.0,0.0,0.0,0.0,0.0,0.0,0.0,0.0,0.0,0.0,0.0,0.0,0.0,0.0
26200,4889,2520,0.5154428308447535,1203,1009,0.4524442626303948,1409,0.5763959910002046,0.39399999999999996,2.9442802870409457,3.0506242915386257,6.28932584269663,2.200101784036064,9314.335535915236,1416.9315488931272,7853.0,10744.506593585014,10688.106918686344,17.28920266822796,7853.0,0.0,28.329719779095928,20.82957608469975,33.36695906432749,18.92736037261238,0.14256494170587033,0.0899979545919411,0.08897525056248722,0.09040703620372265,0.07874821026794845,0.0726119860912252,0.0693393331969728,0.06197586418490489,0.06218040499079566,0.05686234403763551,0.05072611986091225,0.04131724278993659,0.031908365718960933,0.028431172018817754,0.019022294947842095,0.011249744323992637,0.0036817345060339538,0.9135348983497604,0.02261536950909311,0.0,0.0,0.0,0.0,0.0,0.0,0.0,0.0,0.0,0.0,0.0,0.0,0.0,0.0,0.0,0.0,0.0,0.0,0.0,0.0,0.0,0.0,0.0,0.0,0.006136224176723258,0.5829412967887094,7.700961341787688,15.960319083657193,5.44283084475353,0.30681120883616286,4.168961201501878,2.880209594175315,nan,nan,nan,4.1124845488257105,2.8531776802759405,4.22574508560558,2.907104841634791,1.0275406595295806,0.3738,0.02228,0.0,0.0,0.0,0.0,0.0,0.0,0.0,0.0,0.0,0.9695234199222746,10.308856616895074,14.953978318674555,3.6387809367968917,0.1288607077111884,0.0,0.0,0.0,0.0,0.0,0.0,0.0,0.0,0.0,0.0,0.0,0.0,0.0,0.0,0.0,0.0,nan,nan,4.168961201501878,2.880209594175315,nan,0.3738,0.1096,0.0,0.0,0.0,0.0,0.0,0.0,0.0,0.0,0.0,0.0,0.0,0.0,0.0,0.0,0.00014317856412354266,0.0,0.00029658416854162404,0.0,0.005052157905502148,0.004366946205768051,0.007660053180609532,0.015708733892411536,0.01857230517488239,0.034373082429944773,0.057895275107383924,0.025086929842503578,0.025516465534874206,0.023573327878911844,0.021098384127633464,0.041511556555532826,0.025363059930456126,0.03510942933115156,0.03811617917774596,0.03036408263448558,0.017866639394559215,0.0255676007363469,0.05931683370832481,0.050920433626508485,0.019175700552260175,0.05494988750255676,0.029955001022704028,0.020024544896706895,0.021067703006749847,0.04100020454080589,0.04042749028431172,0.003569237062794027,0.01195541010431581,0.018909797504602168,0.02499488647985273,0.007793004704438535,0.00866230312947433,0.006279402740846799,0.007353241971773369,0.0014011045203518103,0.0025363059930456127,0.012978114133769687,0.031529965228063,0.012436080998159132,0.007189609327060749,0.0037737778686848028,0.02104724892616077,0.001493147883002659,0.0013499693188791164,0.010615667825731234,0.008560032726528943,0.0018408672530169769,0.0,0.00020454080589077522,0.0004397627326651667,6.136224176723256e-05,0.002526078952751074,0.00024544896706893025,0.0,0.00017385968500715894,0.0,0.0,0.0,0.0,0.0,0.0,0.0,0.0,0.0,0.0,0.0,0.0,0.0,0.0,0.0,0.0,0.0,0.0,0.0,0.0,0.0,0.0,0.0,0.0,0.0,0.0,0.0,nan,nan,4.168961201501878,2.880209594175315,nan,0.9133604379873427,0.022350760621365907,0.0,0.0,0.0,0.0,0.0,0.0,0.0,0.0,0.0,0.0,0.0,0.0,0.0,0.0,0.0,0.0,0.0,0.0,0.0,0.0,0.0,0.0,0.0,0.0,0.0,0.5714285714285715,7.750000000000002,16.011904761904766,5.42857142857143,0.23809523809523814,0.9137204788112601,0.02289202842227169,0.0,0.0,0.0,0.0,0.0,0.0,0.0,0.0,0.0,0.0,0.0,0.0,0.0,0.0,0.0,0.0,0.0,0.0,0.0,0.0,0.0,0.0,0.0,0.0,0.012663571127057833,0.5951878429717181,7.648796960742931,15.905445335584638,5.457999155761926,0.379907133811735,0.3738,0.02235,0.0,0.0,0.0,0.0,0.0,0.0,0.0,0.0,0.0,0.9404761904761907,10.500000000000004,14.773809523809504,3.6547619047619055,0.130952380952381,0.0,0.0,0.0,0.0,0.0,0.0,0.0,0.0,0.0,0.0,0.0,0.0,0.0,0.0,0.0,0.0,0.374,0.0222,0.0,0.0,0.0,0.0,0.0,0.0,0.0,0.0,0.0,1.0004221190375688,10.10552975939215,15.145631067961144,3.62178134233854,0.12663571127057832,0.0,0.0,0.0,0.0,0.0,0.0,0.0,0.0,0.0,0.0,0.0,0.0,0.0,0.0,0.0,0.0
26300,4732,2457,0.5192307692307693,1155,968,0.44864750633981404,1350,0.5705832628909552,0.40199999999999997,2.9556043956043956,3.0890459456741937,6.476263399693721,2.277421664407334,9324.911759860895,1416.4065058257922,7853.0,10760.25512123108,10687.793018991355,17.90378725621856,7853.0,0.0,28.20097210481826,20.93894778004178,32.872260956175296,19.282675673854428,0.13102282333051563,0.10397295012679628,0.08854606931530008,0.09298393913778528,0.08009298393913779,0.08262890955198647,0.06339814032121724,0.06276415891800508,0.05959425190194421,0.05536770921386306,0.044167371090448014,0.03444632290786137,0.03550295857988166,0.02768385460693153,0.019230769230769232,0.012045646661031277,0.006551141166525782,0.9130632084930538,0.02301460684218734,0.0,0.0,0.0,0.0,0.0,0.0,0.0,0.0,0.0,0.0,0.0,0.0,0.0,0.0,0.0,0.0,0.0,0.0,0.0,0.0,0.0,0.0,0.0,0.0,0.012679628064243453,0.6593406593406596,7.842349957734575,15.805156382079462,5.338123415046494,0.3423499577345732,4.214448421737716,2.889869109873556,nan,nan,nan,4.204225352112676,2.883998428420501,4.225016545334216,2.8958874939509798,1.0049453089404667,0.373,0.02295,0.0,0.0,0.0,0.0,0.0,0.0,0.0,0.0,0.006339814032121726,1.2552831783601017,10.378275570583265,14.828825021132692,3.3601014370245146,0.1711749788672866,0.0,0.0,0.0,0.0,0.0,0.0,0.0,0.0,0.0,0.0,0.0,0.0,0.0,0.0,0.0,0.0,nan,nan,4.214448421737716,2.889869109873556,nan,0.373,0.10876,0.0,0.0,0.0,0.0,0.0,0.0,0.0,0.0,0.0,0.0,0.0,0.0,0.0,0.0,0.00012679628064243449,0.0,0.0005283178360101438,0.0,0.004913355874894336,0.004289940828402367,0.007639475908706678,0.01708579881656805,0.01852282333051564,0.033770076077768385,0.058400253592561284,0.025031699070160607,0.025950972104818257,0.023330515638207944,0.021344040574809806,0.04307903634826712,0.024767540152155536,0.03433009298393914,0.03828191039729501,0.02863482671174979,0.019273034657650043,0.026183431952662723,0.057692307692307696,0.04860524091293322,0.019209636517328824,0.055135249366018595,0.030336010143702453,0.019864750633981403,0.019579459002535927,0.04323753169907016,0.042487320371935755,0.0038778529163144546,0.013070583262890956,0.019907016060862214,0.024566779374471683,0.007068892645815722,0.009182163989856298,0.007142857142857143,0.0068153000845308535,0.001341927303465765,0.002863482671174979,0.01371513102282333,0.03048393913778529,0.013207945900253593,0.006540574809805579,0.0030642434488588333,0.019843617920541,0.0017117497886728656,0.001510989010989011,0.009847844463229078,0.007861369399830937,0.0015532544378698224,0.0,0.0003275570583262891,0.0005705832628909551,0.0,0.0021238377007607775,0.00010566356720202873,0.0,6.339814032121724e-05,0.0,0.0,0.0,0.0,0.0,0.0,0.0,0.0,0.0,0.0,0.0,0.0,0.0,0.0,0.0,0.0,0.0,0.0,0.0,0.0,0.0,0.0,0.0,0.0,0.0,0.0,0.0,nan,nan,4.214448421737716,2.889869109873556,nan,0.9135318229147027,0.02300950865274705,0.0,0.0,0.0,0.0,0.0,0.0,0.0,0.0,0.0,0.0,0.0,0.0,0.0,0.0,0.0,0.0,0.0,0.0,0.0,0.0,0.0,0.0,0.0,0.0,0.024420024420024427,0.683760683760684,7.655677655677657,16.031746031746035,5.213675213675216,0.39072039072039083,0.912557104917673,0.023009394400321705,0.0,0.0,0.0,0.0,0.0,0.0,0.0,0.0,0.0,0.0,0.0,0.0,0.0,0.0,0.0,0.0,0.0,0.0,0.0,0.0,0.0,0.0,0.0,0.0,0.0,0.632967032967033,8.043956043956046,15.560439560439564,5.472527472527474,0.29010989010989013,0.373,0.02281,0.0,0.0,0.0,0.0,0.0,0.0,0.0,0.0,0.012210012210012213,1.221001221001221,10.14652014652015,15.177045177045157,3.3089133089133096,0.13431013431013433,0.0,0.0,0.0,0.0,0.0,0.0,0.0,0.0,0.0,0.0,0.0,0.0,0.0,0.0,0.0,0.0,0.373,0.02312,0.0,0.0,0.0,0.0,0.0,0.0,0.0,0.0,0.0,1.2923076923076926,10.62857142857143,14.45274725274723,3.415384615384616,0.21098901098901104,0.0,0.0,0.0,0.0,0.0,0.0,0.0,0.0,0.0,0.0,0.0,0.0,0.0,0.0,0.0,0.0
26400,4709,2457,0.5217668294754725,1168,959,0.45168825653004885,1310,0.5563813973242727,0.40599999999999997,2.9413854351687387,3.044537874489611,6.4939024390243905,2.1061667620362465,9332.111251732907,1416.1204633634297,7853.0,10743.289902806282,10687.81273276771,17.72098515857268,7853.0,0.0,28.1221066043746,20.933029297922964,33.05554152991669,19.160899269312484,0.14015714589084732,0.09471225313229985,0.09088978551709492,0.09131450414100659,0.07878530473561265,0.07772350817583351,0.07092801019324697,0.062221278403057974,0.05754937354002973,0.04969207899766405,0.046719048630282436,0.04013590995965173,0.03695052028031429,0.02654491399447866,0.01783818220428966,0.011042684221703122,0.006795497982586537,0.9127636153902008,0.02304363670386477,0.0,0.0,0.0,0.0,0.0,0.0,0.0,0.0,0.0,0.0,0.0,0.0,0.0,0.0,0.0,0.0,0.0,0.0,0.0,0.0,0.0,0.0,0.0,0.0,0.01274155871734976,0.7326396262476111,7.89976640475685,15.888723720535149,5.128477383733277,0.3376513060097686,4.138688524590164,2.811471509819022,nan,nan,nan,4.1068601583113455,2.833633357403707,4.168949771689498,2.78955768893398,1.0151185117059554,0.374,0.02255,0.0,0.0,0.0,0.0,0.0,0.0,0.0,0.0,0.0,0.9619876831599068,10.422595030792102,14.901252919940518,3.574007220216607,0.14015714589084735,0.0,0.0,0.0,0.0,0.0,0.0,0.0,0.0,0.0,0.0,0.0,0.0,0.0,0.0,0.0,0.0,nan,nan,4.138688524590164,2.811471509819022,nan,0.374,0.1081,0.0,0.0,0.0,0.0,0.0,0.0,0.0,0.0,0.0,0.0,0.0,0.0,0.0,0.0,0.00021235931195582927,0.0,0.0007432575918454024,0.0,0.003779995752813761,0.00471437672541941,0.006806115948184328,0.015003185389679338,0.017912507963474197,0.034083669568910596,0.0582076874070928,0.025302612019537058,0.026863452962412403,0.023274580590358886,0.021225313229985134,0.04011467402845615,0.025992779783393503,0.03373327670418348,0.03850074325759185,0.02932682098110002,0.018592057761732853,0.027489912932682097,0.055818645147589725,0.04834359736674453,0.019473348906349542,0.05369505202803143,0.03136547037587598,0.02031216818857507,0.020163516670205987,0.042195795285623276,0.04392652367806328,0.003907411339987258,0.015512847738373328,0.02220216606498195,0.024485028668507113,0.008186451475897218,0.009057124654916118,0.006636228498619665,0.007135272881715863,0.0010936504565725207,0.003365895094499894,0.013983860692291357,0.030579740921639415,0.013474198343597367,0.007379486090465067,0.0031747717137396475,0.017806328307496285,0.001284773837332767,0.0014015714589084732,0.010787853047356126,0.007390104056062858,0.0010830324909747292,2.1235931195582926e-05,0.0003822467615204927,0.0003716287959227012,0.0,0.0021235931195582925,0.0,0.0,0.0,0.0,0.0,0.0,0.0,0.0,0.0,0.0,0.0,0.0,0.0,0.0,0.0,0.0,0.0,0.0,0.0,0.0,0.0,0.0,0.0,0.0,0.0,0.0,0.0,0.0,0.0,0.0,nan,nan,4.138688524590164,2.811471509819022,nan,0.9126483057638859,0.023082104374719047,0.0,0.0,0.0,0.0,0.0,0.0,0.0,0.0,0.0,0.0,0.0,0.0,0.0,0.0,0.0,0.0,0.0,0.0,0.0,0.0,0.0,0.0,0.0,0.0,0.012210012210012213,0.7570207570207572,7.912087912087913,15.934065934065938,5.0549450549450565,0.3296703296703298,0.9128894216743286,0.023000934533317016,0.0,0.0,0.0,0.0,0.0,0.0,0.0,0.0,0.0,0.0,0.0,0.0,0.0,0.0,0.0,0.0,0.0,0.0,0.0,0.0,0.0,0.0,0.0,0.0,0.013321492007104798,0.7060390763765544,7.8863232682060405,15.839253996447605,5.208703374777976,0.3463587921847248,0.374,0.02263,0.0,0.0,0.0,0.0,0.0,0.0,0.0,0.0,0.0,0.9523809523809526,10.341880341880344,14.945054945054924,3.614163614163615,0.14652014652014655,0.0,0.0,0.0,0.0,0.0,0.0,0.0,0.0,0.0,0.0,0.0,0.0,0.0,0.0,0.0,0.0,0.3738,0.02245,0.0,0.0,0.0,0.0,0.0,0.0,0.0,0.0,0.0,0.9724689165186503,10.510657193605686,14.853463587921825,3.5301953818827716,0.133214920071048,0.0,0.0,0.0,0.0,0.0,0.0,0.0,0.0,0.0,0.0,0.0,0.0,0.0,0.0,0.0,0.0
26500,4813,2447,0.5084147101599834,1174,984,0.44836900062331186,1339,0.5564097236650738,0.418,2.9023668639053253,3.036718567100738,6.455521472392638,2.103061645874593,9293.941539374777,1416.9490246279054,7853.0,10744.349017500877,10687.18538169628,17.82900458416297,7853.0,0.0,28.567421566590482,21.099633895642743,33.35229222848737,19.354733941075043,0.13255765634739247,0.09848327446499065,0.08975690837315603,0.08248493662996052,0.08248493662996052,0.08144608352378974,0.06960315811344275,0.06357781009765219,0.0581757739455641,0.05298150841471016,0.04550176605028049,0.03906087679202161,0.03532100560980677,0.029503428215250364,0.016829420319966756,0.013505090380220236,0.008726366091834614,0.9127281059749206,0.02283635898695208,0.0,0.0,0.0,0.0,0.0,0.0,0.0,0.0,0.0,0.0,0.0,0.0,0.0,0.0,0.0,0.0,0.0,0.0,0.0,0.0,0.0,0.0,0.0,0.0,0.0,0.6918761687097447,7.965925618117599,15.881986287139002,5.167255350093498,0.2929565759401621,4.197080291970803,2.8083055139967983,nan,nan,nan,4.214147909967846,2.776762641840211,4.178056426332288,2.837879907029546,0.9914356390884645,0.3738,0.02266,0.0,0.0,0.0,0.0,0.0,0.0,0.0,0.0,0.0062331186370247265,1.1281944733014753,10.297111988364849,14.834822356118824,3.546644504467069,0.18699355911074178,0.0,0.0,0.0,0.0,0.0,0.0,0.0,0.0,0.0,0.0,0.0,0.0,0.0,0.0,0.0,0.0,nan,nan,4.197080291970803,2.8083055139967983,nan,0.3738,0.10803,0.0,0.0,0.0,0.0,0.0,0.0,0.0,0.0,0.0,0.0,0.0,0.0,0.0,0.0,7.271971743195512e-05,0.0,0.000332432993974652,0.00010388531061707874,0.0040307500519426555,0.004695616039891959,0.00889258258882194,0.014928319135674216,0.019146062746727612,0.03175773945564097,0.059765219198005405,0.026366091834614587,0.02761271556201953,0.022075628506129232,0.022293787658425098,0.039840016621649696,0.023966341159360065,0.03239143985040515,0.036089756908373155,0.030822771660087265,0.016902140037398712,0.027841263245377102,0.05513193434448369,0.045335549553293164,0.01915645127778932,0.054217743611053394,0.033108248493663,0.020340743818824017,0.018959069187616872,0.04390193226677748,0.04454602119260337,0.004487845418657802,0.01691252856846042,0.023478080199459798,0.026314149179306048,0.008965302306253895,0.009557448576771245,0.0064616663203822975,0.0057136920839393306,0.0017037190941200915,0.0034801579056721378,0.013380428007479742,0.028516517764388117,0.013484313318096821,0.007926449200083108,0.0032516102223145646,0.017722833991273633,0.0011635154789112819,0.0016206108456264284,0.010575524620818616,0.007001869935591107,0.0007375857053812591,0.0,0.00043631830459173074,0.0005402036152088095,0.0,0.0019426553085393726,0.0,0.0,0.0,0.0,0.0,0.0,0.0,0.0,0.0,0.0,0.0,0.0,0.0,0.0,0.0,0.0,0.0,0.0,0.0,0.0,0.0,0.0,0.0,0.0,0.0,0.0,0.0,0.0,0.0,0.0,nan,nan,4.197080291970803,2.8083055139967983,nan,0.9125270116899177,0.022677373897702555,0.0,0.0,0.0,0.0,0.0,0.0,0.0,0.0,0.0,0.0,0.0,0.0,0.0,0.0,0.0,0.0,0.0,0.0,0.0,0.0,0.0,0.0,0.0,0.0,0.0,0.6497752349816103,8.054760931753169,15.93788312219044,5.051082958724971,0.30649775234981613,0.9129360847219208,0.022997781257454195,0.0,0.0,0.0,0.0,0.0,0.0,0.0,0.0,0.0,0.0,0.0,0.0,0.0,0.0,0.0,0.0,0.0,0.0,0.0,0.0,0.0,0.0,0.0,0.0,0.0,0.7354184277261202,7.874049027895183,15.824175824175827,5.28740490278952,0.2789518174133559,0.373,0.02284,0.0,0.0,0.0,0.0,0.0,0.0,0.0,0.0,0.012259910093992648,1.3485901103391913,10.457703310175729,14.552513281569247,3.5063342868818967,0.12259910093992646,0.0,0.0,0.0,0.0,0.0,0.0,0.0,0.0,0.0,0.0,0.0,0.0,0.0,0.0,0.0,0.0,0.3748,0.02245,0.0,0.0,0.0,0.0,0.0,0.0,0.0,0.0,0.0,0.900253592561285,10.131022823330516,15.126796280642413,3.588334742180897,0.253592561284869,0.0,0.0,0.0,0.0,0.0,0.0,0.0,0.0,0.0,0.0,0.0,0.0,0.0,0.0,0.0,0.0
26600,4792,2515,0.5248330550918197,1241,912,0.4492904841402337,1311,0.5471619365609349,0.438,3.0557751427316644,3.1319900518769606,6.581845238095238,2.156626869033962,9341.009113131984,1415.9145246078558,7853.0,10763.11576116085,10688.204640210126,18.245683604844395,7853.0,0.0,28.55863939899833,21.110783400389177,33.339158257445234,19.36129182028777,0.13459933222036727,0.09787145242070117,0.08952420701168615,0.08263772954924875,0.08618530884808014,0.0719949916527546,0.07825542570951587,0.06093489148580968,0.052170283806343906,0.05237896494156928,0.04862270450751252,0.04006677796327212,0.036936560934891484,0.02963272120200334,0.020242070116861435,0.011686143572621035,0.006260434056761269,0.9141092356885215,0.022638413527643203,0.0,0.0,0.0,0.0,0.0,0.0,0.0,0.0,0.0,0.0,0.0,0.0,0.0,0.0,0.0,0.0,0.0,0.0,0.0,0.0,0.0,0.0,0.0,0.0,0.006260434056761271,0.5258764607679467,7.356010016694492,16.22704507512521,5.553005008347247,0.33180300500834736,4.259106746911625,2.9774812472046355,nan,nan,nan,4.375954198473282,3.018476928835534,4.143217665615142,2.931660051249413,0.9468146780559679,0.374,0.02367,0.0,0.0,0.0,0.0,0.0,0.0,0.0,0.0,0.0,1.0893155258764609,10.335976627712858,14.348914858096807,3.9753756260434066,0.2504173622704508,0.0,0.0,0.0,0.0,0.0,0.0,0.0,0.0,0.0,0.0,0.0,0.0,0.0,0.0,0.0,0.0,nan,nan,4.259106746911625,2.9774812472046355,nan,0.374,0.10815,0.0,0.0,0.0,0.0,0.0,0.0,0.0,0.0,0.0,0.0,0.0,0.0,0.0,0.0,0.00012520868113522537,0.0,0.00031302170283806343,0.00010434056761268782,0.004382303839732888,0.0046848914858096825,0.009630634390651085,0.015598914858096828,0.019730801335559267,0.028005008347245407,0.06126878130217028,0.024937395659432388,0.02842237061769616,0.023737479131886476,0.021024624373956594,0.0407762938230384,0.023914858096828046,0.03262729549248748,0.03518363939899833,0.02920492487479132,0.01626669449081803,0.025208681135225376,0.053975375626043404,0.0498330550918197,0.01830133555926544,0.056521285475792986,0.035235809682804674,0.019751669449081802,0.017623121869782973,0.04239357262103506,0.04427170283806344,0.004382303839732888,0.017330968280467447,0.02372704507512521,0.025751252086811352,0.008399415692821368,0.011091402337228714,0.005936978297161936,0.005540484140233723,0.0016068447412353924,0.002525041736227045,0.014357262103505844,0.028912771285475793,0.014252921535893154,0.009557595993322204,0.00333889816360601,0.01549457429048414,0.0013042570951585977,0.0016485809682804675,0.012186978297161937,0.006479549248747913,0.0007512520868113523,0.0001147746243739566,0.00031302170283806343,0.00031302170283806343,1.0434056761268781e-05,0.0016172787979966611,0.0,0.0,0.0,0.0,0.0,0.0,0.0,0.0,0.0,0.0,0.0,0.0,0.0,0.0,0.0,0.0,0.0,0.0,0.0,0.0,0.0,0.0,0.0,0.0,0.0,0.0,0.0,0.0,0.0,0.0,nan,nan,4.259106746911625,2.9774812472046355,nan,0.9135123520437813,0.0230434850656781,0.0,0.0,0.0,0.0,0.0,0.0,0.0,0.0,0.0,0.0,0.0,0.0,0.0,0.0,0.0,0.0,0.0,0.0,0.0,0.0,0.0,0.0,0.0,0.0,0.0,0.6083499005964216,7.825049701789266,15.805168986083501,5.4751491053677945,0.2862823061630219,0.9147685076984126,0.022163732389340194,0.0,0.0,0.0,0.0,0.0,0.0,0.0,0.0,0.0,0.0,0.0,0.0,0.0,0.0,0.0,0.0,0.0,0.0,0.0,0.0,0.0,0.0,0.0,0.0,0.013175230566534918,0.4347826086956523,6.837944664031622,16.693017127799738,5.638998682476945,0.3820816864295126,0.3738,0.02351,0.0,0.0,0.0,0.0,0.0,0.0,0.0,0.0,0.0,1.061630218687873,10.520874751491057,14.242544731610318,3.96023856858847,0.21471172962226645,0.0,0.0,0.0,0.0,0.0,0.0,0.0,0.0,0.0,0.0,0.0,0.0,0.0,0.0,0.0,0.0,0.3743,0.0238,0.0,0.0,0.0,0.0,0.0,0.0,0.0,0.0,0.0,1.119894598155468,10.131752305665351,14.466403162055313,3.99209486166008,0.2898550724637682,0.0,0.0,0.0,0.0,0.0,0.0,0.0,0.0,0.0,0.0,0.0,0.0,0.0,0.0,0.0,0.0
26700,4849,2528,0.5213446071354918,1160,977,0.4407094246236337,1360,0.5609404000824912,0.40599999999999997,2.97845756139595,3.0354024054585,6.387096774193548,2.1271207983864033,9330.890302671209,1416.1521099058552,7853.0,10742.303434252739,10687.766644641097,18.185264679797427,7853.0,0.0,28.777892348937925,21.178097525970326,33.70004885197851,19.36514162884901,0.13301711693132603,0.09816457001443597,0.09135904310167045,0.08579088471849866,0.07547948030521758,0.07547948030521758,0.06743658486285832,0.060837286038358425,0.06042482986182718,0.05444421530212415,0.05031965353681171,0.042070530006186845,0.040420705300061865,0.028665704268921427,0.01711693132604661,0.011961229119406063,0.00701175500103114,0.9136496260501007,0.022780091743518825,0.0,0.0,0.0,0.0,0.0,0.0,0.0,0.0,0.0,0.0,0.0,0.0,0.0,0.0,0.0,0.0,0.0,0.0,0.0,0.0,0.0,0.0,0.0,0.0,0.006186842647968655,0.5877500515570222,7.6531243555372255,15.949680346463191,5.475355743452259,0.3279026603423387,4.165663604687995,2.7968010786040933,nan,nan,nan,4.132194813409234,2.8020697243352726,4.199365079365079,2.791983918300818,1.0162553483049428,0.3728,0.02321,0.0,0.0,0.0,0.0,0.0,0.0,0.0,0.0,0.02474737059187462,1.1878737884099817,10.684677253041867,14.619509177149906,3.316147659311199,0.1670447514951537,0.0,0.0,0.0,0.0,0.0,0.0,0.0,0.0,0.0,0.0,0.0,0.0,0.0,0.0,0.0,0.0,nan,nan,4.165663604687995,2.7968010786040933,nan,0.3728,0.10785,0.0,0.0,0.0,0.0,0.0,0.0,0.0,0.0,3.093421323984327e-05,0.0,0.0,0.0,0.0,0.0,0.00016498247061249742,2.0622808826562177e-05,0.0001856052794390596,0.00010311404413281089,0.0055578469787585065,0.004392658280057744,0.010063930707362343,0.015848628583213033,0.022489173025366054,0.02982058156320891,0.06010517632501547,0.02472674778304805,0.02766549804083316,0.023045988863683232,0.020519694782429366,0.03888430604248298,0.02395339245205197,0.031707568570839346,0.036193029490616625,0.030511445658898743,0.016322953186223964,0.023334708187255103,0.05651680758919365,0.0524541142503609,0.01827180862033409,0.05541348731697257,0.03627552072592287,0.01902454114250361,0.017446896267271604,0.041585893998762634,0.04572076716848835,0.004763868838935863,0.01730253660548567,0.025417611878737884,0.023881212621159,0.008393483192410806,0.01013611053825531,0.005722829449371004,0.00549597855227882,0.0008661579707156115,0.002680965147453083,0.014353474943287276,0.027191173437822232,0.0132501546710662,0.00946586925139204,0.002536605485667148,0.015209321509589606,0.001505465044339039,0.0016085790884718498,0.01211590018560528,0.00672303567745927,0.0009795834192617035,0.0,0.0002990307279851516,0.0002784079191585894,3.093421323984327e-05,0.0014332852134460714,0.0,0.0,0.0,0.0,0.0,0.0,0.0,0.0,0.0,0.0,0.0,0.0,0.0,0.0,0.0,0.0,0.0,0.0,0.0,0.0,0.0,0.0,0.0,0.0,0.0,0.0,0.0,0.0,0.0,0.0,nan,nan,4.165663604687995,2.7968010786040933,nan,0.9134891602340378,0.02280092152149562,0.0,0.0,0.0,0.0,0.0,0.0,0.0,0.0,0.0,0.0,0.0,0.0,0.0,0.0,0.0,0.0,0.0,0.0,0.0,0.0,0.0,0.0,0.0,0.0,0.01186708860759494,0.6764240506329116,7.594936708860761,15.901898734177218,5.494462025316457,0.3204113924050634,0.9138244031216245,0.022756095183639576,0.0,0.0,0.0,0.0,0.0,0.0,0.0,0.0,0.0,0.0,0.0,0.0,0.0,0.0,0.0,0.0,0.0,0.0,0.0,0.0,0.0,0.0,0.0,0.0,0.0,0.4911676001723396,7.716501507970704,16.001723395088327,5.454545454545456,0.33606204222317976,0.373,0.02316,0.0,0.0,0.0,0.0,0.0,0.0,0.0,0.0,0.02373417721518988,1.0443037974683547,10.585443037974686,14.845727848101246,3.322784810126583,0.17800632911392408,0.0,0.0,0.0,0.0,0.0,0.0,0.0,0.0,0.0,0.0,0.0,0.0,0.0,0.0,0.0,0.0,0.3723,0.02322,0.0,0.0,0.0,0.0,0.0,0.0,0.0,0.0,0.02585092632485998,1.344248168892719,10.792761740629043,14.373115036622124,3.3089185695820773,0.15510555794915987,0.0,0.0,0.0,0.0,0.0,0.0,0.0,0.0,0.0,0.0,0.0,0.0,0.0,0.0,0.0,0.0
26800,4623,2391,0.5171966255678131,1190,956,0.4642007354531689,1323,0.5723556132381571,0.41,3.0797491039426523,3.1530411913350367,6.711864406779661,2.191564808138439,9319.204127644296,1416.677561562761,7853.0,10752.84759235382,10687.906600627177,18.556741486080206,7853.0,0.0,28.27406446030716,20.753227834958942,33.108578745198464,18.94244914656433,0.13584252649794507,0.09085009733939,0.09085009733939,0.08652390222799049,0.0882543802725503,0.07527579493835172,0.07289638762708198,0.06792126324897253,0.05732208522604369,0.054510058403634,0.04715552671425481,0.037854207224745834,0.03071598529093662,0.02682240969067705,0.018170019467878003,0.012329656067488644,0.006705602422669262,0.9131901181803981,0.023101646123494916,0.0,0.0,0.0,0.0,0.0,0.0,0.0,0.0,0.0,0.0,0.0,0.0,0.0,0.0,0.0,0.0,0.0,0.0,0.0,0.0,0.0,0.0,0.0,0.0,0.0,0.6164828033744323,7.83257624918884,15.905256327060354,5.27579493835172,0.3698896820246594,4.223929388689114,2.9244384248828026,nan,nan,nan,4.2765126870527,2.926944144004581,4.172912557527942,2.92077327099727,0.975774623599642,0.3738,0.02321,0.0,0.0,0.0,0.0,0.0,0.0,0.0,0.0,0.019467878001297862,1.083711875405581,10.629461388708632,14.334847501622301,3.770279039584686,0.16223231667748217,0.0,0.0,0.0,0.0,0.0,0.0,0.0,0.0,0.0,0.0,0.0,0.0,0.0,0.0,0.0,0.0,nan,nan,4.223929388689114,2.9244384248828026,nan,0.3738,0.1088,0.0,0.0,0.0,0.0,0.0,0.0,0.0,0.0,0.0,0.0,0.0,0.0,0.0,0.0,0.00027038719446247024,1.081548777849881e-05,4.326195111399524e-05,0.00019467878001297857,0.0054185593770279036,0.004218040233614536,0.011064243997404282,0.01582305861994376,0.023415531040449925,0.030737616266493618,0.0581981397361021,0.025059485182781744,0.029050400173047806,0.022312351287043047,0.02229072031148605,0.036523902227990485,0.022377244213714037,0.029850746268656716,0.03650227125243349,0.030402336145360156,0.01490374215877136,0.023761626649361885,0.056132381570408826,0.05140601341120485,0.01864590093013195,0.05440190352584902,0.03645900930131949,0.01864590093013195,0.01662340471555267,0.04277525416396279,0.04584685269305646,0.0051698031581224315,0.017423750811161584,0.026324897252866103,0.024172615184944842,0.007646549859398659,0.01017737399956738,0.005678131083711875,0.005580791693705386,0.0005840363400389357,0.002509193164611724,0.01509842093878434,0.02801211334631192,0.01382219338092148,0.010166558511788881,0.0028552887735236857,0.015422885572139304,0.0021306510923642654,0.001990049751243781,0.012924507895306078,0.0055916071814838845,0.0011897036556348692,4.326195111399524e-05,0.00023794073112697384,0.00043261951113995244,0.00011897036556348692,0.0013303049967553536,0.0,0.0,0.0,0.0,0.0,0.0,0.0,0.0,0.0,0.0,0.0,0.0,0.0,0.0,0.0,0.0,0.0,0.0,0.0,0.0,0.0,0.0,0.0,0.0,0.0,0.0,0.0,0.0,0.0,0.0,nan,nan,4.223929388689114,2.9244384248828026,nan,0.9130733870203552,0.02326609527792965,0.0,0.0,0.0,0.0,0.0,0.0,0.0,0.0,0.0,0.0,0.0,0.0,0.0,0.0,0.0,0.0,0.0,0.0,0.0,0.0,0.0,0.0,0.0,0.0,0.0,0.6148055207026349,7.904642409033879,15.922208281053955,5.169385194479299,0.38895859473023847,0.9133151648666269,0.02292351403664132,0.0,0.0,0.0,0.0,0.0,0.0,0.0,0.0,0.0,0.0,0.0,0.0,0.0,0.0,0.0,0.0,0.0,0.0,0.0,0.0,0.0,0.0,0.0,0.0,0.0,0.6182795698924732,7.755376344086023,15.887096774193552,5.38978494623656,0.3494623655913979,0.3738,0.02347,0.0,0.0,0.0,0.0,0.0,0.0,0.0,0.0,0.03764115432873275,1.1292346298619826,10.51442910915935,14.316185696361334,3.7766624843161867,0.22584692597239653,0.0,0.0,0.0,0.0,0.0,0.0,0.0,0.0,0.0,0.0,0.0,0.0,0.0,0.0,0.0,0.0,0.3735,0.02292,0.0,0.0,0.0,0.0,0.0,0.0,0.0,0.0,0.0,1.03494623655914,10.752688172043012,14.354838709677399,3.7634408602150544,0.09408602150537637,0.0,0.0,0.0,0.0,0.0,0.0,0.0,0.0,0.0,0.0,0.0,0.0,0.0,0.0,0.0,0.0
26900,4758,2428,0.5102984447246742,1102,1011,0.4440941572089113,1362,0.5725094577553594,0.422,3.06480686695279,3.220589219348095,6.939346811819596,2.141435444527996,9299.15004103514,1416.7232481493957,7853.0,10747.855745792389,10686.929940381053,18.079666090012427,7853.0,0.0,27.73160992013451,20.8191953669391,32.59065934065934,19.117649911187005,0.13808322824716268,0.10151324085750316,0.09058427910886928,0.0914249684741488,0.08680117696511139,0.07503152585119799,0.06830601092896176,0.06368221941992434,0.05779739386296763,0.04728877679697352,0.044976881042454814,0.03762084909625893,0.03257671290458176,0.027742749054224466,0.019546027742749054,0.011769651113913409,0.005254308532997058,0.9136239914094364,0.022955060561243436,0.0,0.0,0.0,0.0,0.0,0.0,0.0,0.0,0.0,0.0,0.0,0.0,0.0,0.0,0.0,0.0,0.0,0.0,0.0,0.0,0.0,0.0,0.0,0.0,0.006305170239596471,0.6242118537200505,7.5031525851198,15.939470365699878,5.611601513240859,0.3152585119798235,4.456834532374101,2.946481543362167,nan,nan,nan,4.3968565815324165,2.9307109614811018,4.516655780535598,2.960917346596235,1.027246555984191,0.372,0.0235,0.0,0.0,0.0,0.0,0.0,0.0,0.0,0.0,0.0,1.418663303909206,11.134930643127367,13.827238335435036,3.4237074401008836,0.18915510718789413,0.006305170239596471,0.0,0.0,0.0,0.0,0.0,0.0,0.0,0.0,0.0,0.0,0.0,0.0,0.0,0.0,0.0,nan,nan,4.456834532374101,2.946481543362167,nan,0.372,0.1098,0.0,0.0,0.0,0.0,0.0,0.0,0.0,0.0,0.0,0.0,0.0,0.0,1.0508617065994115e-05,0.0,0.0002942412778478352,1.0508617065994115e-05,0.00011559478772593527,0.00030474989491382934,0.005685161832702817,0.005128205128205128,0.011675073560319462,0.017065994115174444,0.024243379571248422,0.03298654897015553,0.058333333333333334,0.025756620428751577,0.029119377889869694,0.02144808743169399,0.022845733501471205,0.036485918453131566,0.022772173182009248,0.03171500630517024,0.0353509878100042,0.029077343421605718,0.015269020596889449,0.02599831862126944,0.05663093736864229,0.053047498949138294,0.01664564943253468,0.05257461118116856,0.033942833123160994,0.019262295081967213,0.014712063892391762,0.04407313997477932,0.04515552753257671,0.004445145018915511,0.015762925598991173,0.02515762925598991,0.022383354350567465,0.007503152585119798,0.009289617486338797,0.006452290878520387,0.005222782681799075,0.0006725514922236234,0.0025851197982345525,0.015279529213955444,0.025651534258091635,0.014575451870533837,0.011170659941151745,0.002826817990752417,0.01630937368642287,0.0025010508617065996,0.0024485077763766287,0.013524590163934426,0.0047498949138293405,0.001555275325767129,7.35603194619588e-05,0.000273224043715847,0.0004203446826397646,0.00023118957545187053,0.0011979823455233291,0.0,0.0,0.0,0.0,0.0,0.0,0.0,0.0,0.0,0.0,0.0,0.0,0.0,0.0,0.0,0.0,0.0,0.0,0.0,0.0,0.0,0.0,0.0,0.0,0.0,0.0,0.0,0.0,0.0,0.0,nan,nan,4.456834532374101,2.946481543362167,nan,0.9128826277505429,0.022751410494583773,0.0,0.0,0.0,0.0,0.0,0.0,0.0,0.0,0.0,0.0,0.0,0.0,0.0,0.0,0.0,0.0,0.0,0.0,0.0,0.0,0.0,0.0,0.0,0.0,0.012355848434925867,0.6177924217462933,7.747116968698519,15.963756177924221,5.387149917627679,0.2718286655683691,0.9143965368874595,0.023140113832113448,0.0,0.0,0.0,0.0,0.0,0.0,0.0,0.0,0.0,0.0,0.0,0.0,0.0,0.0,0.0,0.0,0.0,0.0,0.0,0.0,0.0,0.0,0.0,0.0,0.0,0.6309012875536482,7.248927038626611,15.914163090128758,5.845493562231761,0.3605150214592276,0.372,0.02321,0.0,0.0,0.0,0.0,0.0,0.0,0.0,0.0,0.0,1.322075782537068,10.88550247116969,14.172158154859947,3.4719934102141687,0.1482701812191104,0.0,0.0,0.0,0.0,0.0,0.0,0.0,0.0,0.0,0.0,0.0,0.0,0.0,0.0,0.0,0.0,0.372,0.0238,0.0,0.0,0.0,0.0,0.0,0.0,0.0,0.0,0.0,1.5193133047210305,11.394849785407729,13.467811158798265,3.373390557939915,0.23175965665236056,0.012875536480686699,0.0,0.0,0.0,0.0,0.0,0.0,0.0,0.0,0.0,0.0,0.0,0.0,0.0,0.0,0.0
27000,4757,2400,0.5045196552449023,1128,1003,0.44797141055286943,1361,0.5722093756569266,0.422,2.963512940178193,3.096993910633535,6.551459293394777,2.1363024582309107,9283.165115551135,1417.351105523004,7853.0,10741.211364626884,10687.706439448644,17.705070734212423,7853.0,0.0,27.773386588185833,20.808463691052513,32.71661237785016,19.07161521188268,0.13916333823838553,0.10405717889426108,0.09501786840445658,0.0840866092074837,0.07967206222409082,0.07567794828673534,0.06937145259617405,0.061803657767500526,0.05738911078410763,0.05549716207693925,0.046668068110153456,0.03783897414336767,0.03468572629808703,0.024595333193188986,0.019970569686777382,0.00861887744376708,0.00588606264452386,0.9136579005638541,0.02271968772553699,0.0,0.0,0.0,0.0,0.0,0.0,0.0,0.0,0.0,0.0,0.0,0.0,0.0,0.0,0.0,0.0,0.0,0.0,0.0,0.0,0.0,0.0,0.0,0.0,0.01261299138112256,0.5801976035316376,7.517342863149045,16.176161446289683,5.442505780954384,0.27117931469413503,4.318404707420726,2.855566062978877,nan,nan,nan,4.285900783289817,2.8910566446877373,4.3512450851900395,2.820043016962989,1.0152463403154341,0.373,0.02295,0.0,0.0,0.0,0.0,0.0,0.0,0.0,0.0,0.0,1.1730081984443979,10.676897204120246,14.391423165860814,3.632541517763297,0.1261299138112256,0.0,0.0,0.0,0.0,0.0,0.0,0.0,0.0,0.0,0.0,0.0,0.0,0.0,0.0,0.0,0.0,nan,nan,4.318404707420726,2.855566062978877,nan,0.373,0.1107,0.0,0.0,0.0,0.0,0.0,0.0,0.0,0.0,0.0,0.0,0.0,0.0,0.0,0.0,0.0003994113937355476,3.153247845280639e-05,1.0510826150935463e-05,0.0004834980029430313,0.005549716207693925,0.0042989278957326045,0.011751103636745848,0.016670170275383644,0.023922640319529113,0.03295143998318268,0.05762034895942821,0.028599957956695395,0.030113516922430104,0.022703384486020602,0.02243010300609628,0.03732394366197183,0.020212318688248895,0.03288837502627707,0.03281479924322052,0.028883750262770652,0.015650620138742907,0.02618246794198024,0.052585663233130124,0.053373975194450286,0.016512507883119615,0.051860416228715574,0.03472776960269077,0.01869875972251419,0.015440403615724196,0.04631070002102165,0.042243010300609625,0.003994113937355476,0.015745217574101324,0.025268026066848855,0.021515661130964894,0.00783056548244692,0.010437250367878915,0.006453647256674374,0.0045196552449022495,0.0010090393104898044,0.0030796720622240908,0.01452596174059281,0.02756989699390372,0.015860836661761614,0.011341181416859365,0.0029535421484128653,0.01739541727979819,0.002806390582299769,0.0020285894471305443,0.013443346647046458,0.004614252680260668,0.001997056968677738,3.153247845280639e-05,8.40866092074837e-05,0.0006832036998108052,0.00036787891528274123,0.0011982341812066429,0.0,0.0,0.0,0.0,0.0,0.0,0.0,0.0,0.0,0.0,0.0,0.0,0.0,0.0,0.0,0.0,0.0,0.0,0.0,0.0,0.0,0.0,0.0,0.0,0.0,0.0,0.0,0.0,0.0,0.0,nan,nan,4.318404707420726,2.855566062978877,nan,0.9133230826507012,0.02304249606538811,0.0,0.0,0.0,0.0,0.0,0.0,0.0,0.0,0.0,0.0,0.0,0.0,0.0,0.0,0.0,0.0,0.0,0.0,0.0,0.0,0.0,0.0,0.0,0.0,0.025000000000000005,0.6375000000000001,7.612500000000002,16.1625,5.262500000000002,0.30000000000000004,0.9139988267376203,0.022381061546209252,0.0,0.0,0.0,0.0,0.0,0.0,0.0,0.0,0.0,0.0,0.0,0.0,0.0,0.0,0.0,0.0,0.0,0.0,0.0,0.0,0.0,0.0,0.0,0.0,0.0,0.5218498090793382,7.420449724225712,16.19007212558337,5.625795502757745,0.24183283835383967,0.373,0.02301,0.0,0.0,0.0,0.0,0.0,0.0,0.0,0.0,0.0,1.1625,10.825000000000003,14.249999999999979,3.6125000000000007,0.15000000000000002,0.0,0.0,0.0,0.0,0.0,0.0,0.0,0.0,0.0,0.0,0.0,0.0,0.0,0.0,0.0,0.0,0.373,0.02289,0.0,0.0,0.0,0.0,0.0,0.0,0.0,0.0,0.0,1.1837081035214256,10.52609249045397,14.535426389478129,3.652948663555368,0.1018243529910904,0.0,0.0,0.0,0.0,0.0,0.0,0.0,0.0,0.0,0.0,0.0,0.0,0.0,0.0,0.0,0.0
27100,4521,2387,0.5279805352798054,1123,892,0.44569785445697857,1242,0.5494359654943597,0.438,3.0384254920337392,3.1459982695962116,6.74457429048414,2.0905702373440853,9349.7248283776,1415.2431094614062,7853.0,10742.542407035828,10687.810619646054,17.775895414858585,7853.0,0.0,28.099756690997566,20.973941393828746,33.11073029264435,19.17805817708018,0.1426675514266755,0.09975669099756691,0.090687900906879,0.0827250608272506,0.0789648307896483,0.0776376907763769,0.0692324706923247,0.06281796062817961,0.0577305905773059,0.05286441052864411,0.051537270515372706,0.0380446803804468,0.031630170316301706,0.028312320283123204,0.0163680601636806,0.0123866401238664,0.006635700066357001,0.912692742177908,0.022849746484463165,0.0,0.0,0.0,0.0,0.0,0.0,0.0,0.0,0.0,0.0,0.0,0.0,0.0,0.0,0.0,0.0,0.0,0.0,0.0,0.0,0.0,0.0,0.0,0.0,0.006635700066357002,0.6702057067020571,8.062375580623758,15.872594558725948,5.15593895155939,0.23224950232249508,4.227739726027397,2.937683429550819,nan,nan,nan,4.2586685159500695,2.9435885148984466,4.197564276048714,2.9315962519016128,0.9856517971115855,0.374,0.02216,0.0,0.0,0.0,0.0,0.0,0.0,0.0,0.0,0.006635700066357002,0.9157266091572663,10.318513603185137,15.10285335102851,3.5434638354346393,0.11280690112806904,0.0,0.0,0.0,0.0,0.0,0.0,0.0,0.0,0.0,0.0,0.0,0.0,0.0,0.0,0.0,0.0,nan,nan,4.227739726027397,2.937683429550819,nan,0.374,0.1103,0.0,0.0,0.0,0.0,0.0,0.0,0.0,0.0,0.0,0.0,0.0,0.0,0.0,0.0,0.00026542800265428,1.1059500110595001e-05,0.0,0.00043132050431320503,0.006326034063260341,0.0040145985401459855,0.010163680601636806,0.016954213669542136,0.024386197743861977,0.03049104180491042,0.05540809555408095,0.027626631276266314,0.029517805795178056,0.021389073213890733,0.02284892722848927,0.03933864189338642,0.020072992700729927,0.03286883432868834,0.034583056845830566,0.027704047777040476,0.014930325149303252,0.02845609378456094,0.05174740101747401,0.05697854456978545,0.016113691661136915,0.054147312541473126,0.035080734350807344,0.01853572218535722,0.014565361645653616,0.046317186463171865,0.04401681044016811,0.0038487060384870602,0.014344171643441716,0.025082946250829463,0.021621322716213226,0.007354567573545676,0.010672417606724176,0.004855120548551205,0.004025658040256581,0.0012054855120548552,0.003594337535943375,0.013127626631276266,0.028953771289537713,0.015560716655607166,0.011523999115239991,0.003019243530192435,0.017805795178057953,0.0029307675293076753,0.0018248175182481751,0.014266755142667552,0.005098429550984295,0.0017916390179163902,9.953550099535501e-05,4.4238000442380005e-05,0.0006082725060827251,0.00033178500331785003,0.0011059500110595002,0.0,0.0,0.0,1.1059500110595001e-05,0.0,0.0,0.0,0.0,0.0,0.0,0.0,0.0,0.0,0.0,0.0,0.0,0.0,0.0,0.0,0.0,0.0,0.0,0.0,0.0,0.0,0.0,0.0,0.0,0.0,0.0,nan,nan,4.227739726027397,2.937683429550819,nan,0.9121474925823475,0.02272476371401465,0.0,0.0,0.0,0.0,0.0,0.0,0.0,0.0,0.0,0.0,0.0,0.0,0.0,0.0,0.0,0.0,0.0,0.0,0.0,0.0,0.0,0.0,0.0,0.0,0.01256807708420612,0.7792207792207794,8.018433179723504,16.036866359447007,4.939254294093004,0.21365731043150402,0.9133026347667565,0.022973413604573063,0.0,0.0,0.0,0.0,0.0,0.0,0.0,0.0,0.0,0.0,0.0,0.0,0.0,0.0,0.0,0.0,0.0,0.0,0.0,0.0,0.0,0.0,0.0,0.0,0.0,0.548266166822868,8.111527647610124,15.688847235238992,5.398313027179007,0.25304592314901597,0.3745,0.02203,0.0,0.0,0.0,0.0,0.0,0.0,0.0,0.0,0.01256807708420612,0.84206116464181,10.155006284038544,15.30791788856303,3.5567658148303316,0.1256807708420612,0.0,0.0,0.0,0.0,0.0,0.0,0.0,0.0,0.0,0.0,0.0,0.0,0.0,0.0,0.0,0.0,0.3735,0.02226,0.0,0.0,0.0,0.0,0.0,0.0,0.0,0.0,0.0,0.998125585754452,10.501405810684163,14.87347703842547,3.528584817244612,0.098406747891284,0.0,0.0,0.0,0.0,0.0,0.0,0.0,0.0,0.0,0.0,0.0,0.0,0.0,0.0,0.0,0.0
27200,4675,2394,0.5120855614973262,1105,967,0.44320855614973265,1297,0.5548663101604278,0.422,2.917580008768084,3.1253587284955953,6.716442953020135,2.2536617701559436,9304.509384041521,1416.89672732246,7853.0,10745.155224561691,10687.505584959947,17.916075304433292,7853.0,0.0,27.170909090909092,20.599758285464006,32.257716049382715,18.865574994853727,0.14866310160427806,0.09732620320855614,0.09946524064171124,0.09262032085561497,0.07550802139037432,0.07358288770053475,0.07401069518716577,0.06160427807486631,0.052406417112299465,0.05304812834224599,0.04855614973262032,0.03657754010695187,0.029518716577540106,0.024385026737967913,0.019037433155080215,0.008556149732620321,0.0051336898395721925,0.9121930356459184,0.022720262042772586,0.0,0.0,0.0,0.0,0.0,0.0,0.0,0.0,0.0,0.0,0.0,0.0,0.0,0.0,0.0,0.0,0.0,0.0,0.0,0.0,0.0,0.0,0.0,0.0,0.0064171122994652425,0.6609625668449199,8.464171122994655,15.721925133689842,4.870588235294118,0.2759358288770054,4.340916808149406,2.926010021058333,nan,nan,nan,4.409581646423752,2.9761063718760417,4.272229822161423,2.873489912197213,0.9688515067242889,0.374,0.02261,0.0,0.0,0.0,0.0,0.0,0.0,0.0,0.0,0.0,1.1037433155080216,10.036363636363637,15.182887700534737,3.503743315508022,0.17326203208556154,0.0,0.0,0.0,0.0,0.0,0.0,0.0,0.0,0.0,0.0,0.0,0.0,0.0,0.0,0.0,0.0,nan,nan,4.340916808149406,2.926010021058333,nan,0.374,0.1095,0.0,0.0,0.0,0.0,0.0,0.0,0.0,0.0,0.0,0.0,0.0,0.0,0.0,0.0,0.0003101604278074866,0.0,0.0,0.0001283422459893048,0.006941176470588235,0.004352941176470588,0.010716577540106952,0.015561497326203209,0.023497326203208557,0.02867379679144385,0.055828877005347596,0.026609625668449197,0.029508021390374332,0.021112299465240642,0.021946524064171122,0.0401283422459893,0.019796791443850267,0.03243850267379679,0.03854545454545454,0.028481283422459893,0.015818181818181818,0.027411764705882354,0.04966844919786096,0.05946524064171123,0.014213903743315508,0.054149732620320856,0.0333903743315508,0.017433155080213904,0.016117647058823528,0.04872727272727273,0.046181818181818185,0.0037219251336898396,0.013893048128342246,0.02532620320855615,0.022213903743315506,0.0073475935828877,0.01106951871657754,0.005122994652406417,0.003935828877005347,0.0013262032085561498,0.0034759358288770055,0.013058823529411765,0.029048128342245988,0.015197860962566844,0.010203208556149732,0.002609625668449198,0.017903743315508022,0.0025240641711229946,0.0014438502673796792,0.015454545454545455,0.004502673796791444,0.00146524064171123,9.625668449197861e-05,4.2780748663101606e-05,0.0008877005347593583,0.0001818181818181818,0.0007914438502673797,0.0,0.0,0.0,0.0,0.0,0.0,0.0,0.0,0.0,0.0,0.0,0.0,0.0,0.0,0.0,0.0,0.0,0.0,0.0,0.0,0.0,0.0,0.0,0.0,0.0,0.0,0.0,0.0,0.0,0.0,nan,nan,4.340916808149406,2.926010021058333,nan,0.9122513029459823,0.022509533618684095,0.0,0.0,0.0,0.0,0.0,0.0,0.0,0.0,0.0,0.0,0.0,0.0,0.0,0.0,0.0,0.0,0.0,0.0,0.0,0.0,0.0,0.0,0.0,0.0,0.0,0.6015037593984963,8.408521303258146,16.02756892230577,4.661654135338346,0.30075187969924816,0.9121318818027123,0.022939188750352547,0.0,0.0,0.0,0.0,0.0,0.0,0.0,0.0,0.0,0.0,0.0,0.0,0.0,0.0,0.0,0.0,0.0,0.0,0.0,0.0,0.0,0.0,0.0,0.0,0.013152126260412103,0.7233669443226657,8.522577816747042,15.401139850942572,5.089872862779483,0.24989039894782994,0.3738,0.02298,0.0,0.0,0.0,0.0,0.0,0.0,0.0,0.0,0.0,1.2030075187969926,10.162907268170427,14.862155388471157,3.571428571428572,0.20050125313283212,0.0,0.0,0.0,0.0,0.0,0.0,0.0,0.0,0.0,0.0,0.0,0.0,0.0,0.0,0.0,0.0,0.3743,0.02225,0.0,0.0,0.0,0.0,0.0,0.0,0.0,0.0,0.0,0.9995615957913198,9.903551074090313,15.519508987286256,3.432704953967559,0.14467338886453313,0.0,0.0,0.0,0.0,0.0,0.0,0.0,0.0,0.0,0.0,0.0,0.0,0.0,0.0,0.0,0.0
27300,4869,2488,0.5109878825220785,1190,1020,0.4538919696036147,1397,0.5738344629287327,0.40599999999999997,2.918101637967241,3.0475050087594524,6.429438543247344,2.129875961629851,9301.751007289435,1417.312316805049,7853.0,10753.081645011902,10688.196404538689,17.697244345341513,7853.0,0.0,27.853974121996302,20.778191600083886,32.747741147741145,19.02916222654341,0.14171287738755392,0.0973505853357979,0.09385910864653933,0.08523310741425344,0.08112548777983158,0.07393715341959335,0.0751694393099199,0.061614294516327786,0.06346272335181762,0.04970219757650442,0.04477305401519819,0.039022386527007596,0.03368248100225919,0.024645717806531114,0.01560895461080304,0.012322858903265557,0.006777572396796057,0.9129028244659039,0.02298633345456645,0.0,0.0,0.0,0.0,0.0,0.0,0.0,0.0,0.0,0.0,0.0,0.0,0.0,0.0,0.0,0.0,0.0,0.0,0.0,0.0,0.0,0.0,0.0,0.0,0.0,0.6407886629698092,8.207024029574862,15.48983364140481,5.38508934072705,0.2772643253234751,4.25717017208413,2.835598596075447,nan,nan,nan,4.280934343434343,2.8528720484771384,4.233097231165486,2.818577274231903,0.9888255440445552,0.3745,0.0229,0.0,0.0,0.0,0.0,0.0,0.0,0.0,0.0,0.0,1.0412815773259398,9.827479975354283,15.12630930375845,3.7707948243992613,0.23413431916204563,0.0,0.0,0.0,0.0,0.0,0.0,0.0,0.0,0.0,0.0,0.0,0.0,0.0,0.0,0.0,0.0,nan,nan,4.25717017208413,2.835598596075447,nan,0.3745,0.1097,0.0,0.0,0.0,0.0,0.0,0.0,0.0,0.0,0.0,0.0,0.0,0.0,0.0,2.0538098172109262e-05,0.0002567262271513658,0.0,0.0,6.161429451632779e-05,0.006171698500718833,0.004354076812487164,0.011141918258369275,0.015003080714725817,0.02299240090367632,0.030776340110905732,0.0534401314438283,0.0251694393099199,0.03024234955843089,0.022520024645717805,0.021503388786198396,0.0421236393509961,0.019429040870815362,0.03123844731977819,0.0364859314027521,0.029081947011706716,0.015424111727254056,0.02672006572191415,0.05031834052166769,0.06093653727664818,0.015413842678168001,0.05126309303758472,0.034175395358389815,0.017590881084411585,0.017416307249948654,0.05061614294516328,0.04884986650236188,0.003142329020332717,0.013544875744506059,0.024686794002875333,0.02035325528856028,0.006520846169644691,0.010649003902238652,0.004600533990552475,0.004179502978024235,0.0014787430683918669,0.0033579790511398646,0.012774697063051961,0.028157732593961798,0.014777161634832614,0.009899363318956664,0.0032450195111932635,0.01920312179092216,0.0024440336824810022,0.0015403573629081946,0.01589648798521257,0.004970219757650441,0.0014890121174779215,3.080714725816389e-05,8.215239268843705e-05,0.0009550215650030807,0.00020538098172109262,0.0010782501540357362,0.0,0.0,0.0,0.0,0.0,0.0,0.0,0.0,0.0,0.0,0.0,0.0,0.0,0.0,0.0,0.0,0.0,0.0,0.0,0.0,0.0,0.0,0.0,0.0,0.0,0.0,0.0,0.0,0.0,0.0,nan,nan,4.25717017208413,2.835598596075447,nan,0.9128385620053941,0.023016821722515204,0.0,0.0,0.0,0.0,0.0,0.0,0.0,0.0,0.0,0.0,0.0,0.0,0.0,0.0,0.0,0.0,0.0,0.0,0.0,0.0,0.0,0.0,0.0,0.0,0.0,0.7355305466237944,7.958199356913185,15.723472668810292,5.305466237942124,0.277331189710611,0.9129699748236308,0.02295423958914245,0.0,0.0,0.0,0.0,0.0,0.0,0.0,0.0,0.0,0.0,0.0,0.0,0.0,0.0,0.0,0.0,0.0,0.0,0.0,0.0,0.0,0.0,0.0,0.0,0.0,0.5417891642167157,8.467030659386813,15.245695086098282,5.468290634187317,0.27719445611087784,0.3745,0.02264,0.0,0.0,0.0,0.0,0.0,0.0,0.0,0.0,0.0,1.0249196141479102,9.911575562700968,15.217041800643063,3.653536977491962,0.1929260450160772,0.0,0.0,0.0,0.0,0.0,0.0,0.0,0.0,0.0,0.0,0.0,0.0,0.0,0.0,0.0,0.0,0.3748,0.02318,0.0,0.0,0.0,0.0,0.0,0.0,0.0,0.0,0.0,1.0583788324233516,9.739605207895844,15.031499370012579,3.8933221335573296,0.27719445611087784,0.0,0.0,0.0,0.0,0.0,0.0,0.0,0.0,0.0,0.0,0.0,0.0,0.0,0.0,0.0,0.0
27400,4837,2495,0.5158155881744884,1175,986,0.4467645234649576,1349,0.5577837502584246,0.434,2.984201537147737,3.135729434265098,6.720679012345679,2.1280181548420343,9315.596553274168,1417.098562787982,7853.0,10746.04966366291,10688.50281690868,17.632380207582123,7853.0,0.0,27.87450899317759,21.009388939261655,32.76480707790612,19.325616663341464,0.13789538970436221,0.10150919991730412,0.09241265247053959,0.08972503617945007,0.0857969816001654,0.07649369443870167,0.06801736613603473,0.06057473640686376,0.057060161256977465,0.052718627248294396,0.04114120322513955,0.03721314864585487,0.03142443663427744,0.027909861484391153,0.021914409758114532,0.010750465164358073,0.007442629729170974,0.9136920570587851,0.022823948139059646,0.0,0.0,0.0,0.0,0.0,0.0,0.0,0.0,0.0,0.0,0.0,0.0,0.0,0.0,0.0,0.0,0.0,0.0,0.0,0.0,0.0,0.0,0.0,0.0,0.012404382881951627,0.5892081868927022,7.541864792226588,15.989249534835645,5.588174488319208,0.2790986148439116,4.283061159141851,2.9457564813304282,nan,nan,nan,4.3242894056847545,2.958717544473554,4.242693773824651,2.933322008246866,0.9811308577652463,0.3752,0.0228,0.0,0.0,0.0,0.0,0.0,0.0,0.0,0.0,0.0,0.9241265247053961,9.718833988009099,15.170560264626813,4.01281786231135,0.17366136034732277,0.0,0.0,0.0,0.0,0.0,0.0,0.0,0.0,0.0,0.0,0.0,0.0,0.0,0.0,0.0,0.0,nan,nan,4.283061159141851,2.9457564813304282,nan,0.3752,0.10956,0.0,0.0,0.0,0.0,0.0,0.0,0.0,0.0,0.0,0.0,0.0,0.0,0.0,0.0,0.0005168492867479843,0.0,0.0,0.0,0.005964440769071738,0.004837709323961133,0.011381021294190614,0.015598511474054166,0.02133553855695679,0.02929501757287575,0.05391771759354972,0.024188546619805663,0.03029770518916684,0.022544965887947074,0.02164564812900558,0.04104817035352491,0.02040520984081042,0.031176348976638412,0.03526979532768245,0.02988422575976845,0.01583626214595824,0.027124250568534215,0.049152367169733306,0.06070911722141824,0.01477155261525739,0.052832334091378955,0.03411205292536696,0.018151746950589208,0.017789952449865618,0.05196402728964234,0.04885259458341947,0.002563572462270002,0.014037626628075252,0.023578664461443043,0.01911308662394046,0.007101509199917304,0.010957204879057266,0.004403555923092826,0.004558610709117222,0.0015402108745089932,0.0033285094066570187,0.013427744469712632,0.02860243952863345,0.01480256357246227,0.00985114740541658,0.004062435393839156,0.020208807111846187,0.00196402728964234,0.00164358073185859,0.01484391151540211,0.006078147612156295,0.001219764316725243,7.23589001447178e-05,2.067397146991937e-05,0.0008062848873268555,3.1010957204879056e-05,0.0005788712011577424,0.0,0.0,0.0,0.0,0.0,0.0,0.0,0.0,0.0,0.0,0.0,0.0,0.0,0.0,0.0,0.0,0.0,0.0,0.0,0.0,0.0,0.0,0.0,0.0,0.0,0.0,0.0,0.0,0.0,0.0,nan,nan,4.283061159141851,2.9457564813304282,nan,0.9135609588307704,0.022761767302856596,0.0,0.0,0.0,0.0,0.0,0.0,0.0,0.0,0.0,0.0,0.0,0.0,0.0,0.0,0.0,0.0,0.0,0.0,0.0,0.0,0.0,0.0,0.0,0.0,0.012024048096192388,0.5651302605210422,7.647294589178358,15.979959919839683,5.470941883767536,0.3246492985971945,0.9138317197739416,0.022889179311577208,0.0,0.0,0.0,0.0,0.0,0.0,0.0,0.0,0.0,0.0,0.0,0.0,0.0,0.0,0.0,0.0,0.0,0.0,0.0,0.0,0.0,0.0,0.0,0.0,0.01280956447480786,0.6148590947907772,7.429547395388559,15.999146029035016,5.713065755764306,0.23057216054654148,0.3743,0.02242,0.0,0.0,0.0,0.0,0.0,0.0,0.0,0.0,0.0,0.9498997995991986,9.847695390781565,15.366733466933844,3.7154308617234477,0.12024048096192387,0.0,0.0,0.0,0.0,0.0,0.0,0.0,0.0,0.0,0.0,0.0,0.0,0.0,0.0,0.0,0.0,0.376,0.02316,0.0,0.0,0.0,0.0,0.0,0.0,0.0,0.0,0.0,0.8966695132365502,9.581554227156278,14.961571306575555,4.329632792485056,0.23057216054654148,0.0,0.0,0.0,0.0,0.0,0.0,0.0,0.0,0.0,0.0,0.0,0.0,0.0,0.0,0.0,0.0
27500,4900,2542,0.5187755102040816,1144,979,0.43326530612244896,1337,0.5457142857142857,0.426,2.96607294317218,3.0977354882211356,6.5,2.135691515114985,9324.039491551968,1416.8567007568404,7853.0,10754.554941773415,10688.599334620238,17.643582345495307,7853.0,0.0,27.364489795918367,20.69742674148851,32.30983166626007,19.02240248977526,0.14061224489795918,0.1083673469387755,0.09612244897959184,0.0926530612244898,0.07428571428571429,0.07653061224489796,0.06510204081632653,0.05857142857142857,0.05653061224489796,0.05448979591836735,0.047551020408163266,0.041428571428571426,0.0326530612244898,0.0236734693877551,0.018571428571428572,0.0069387755102040816,0.005918367346938775,0.9133802774609352,0.023047496882200275,0.0,0.0,0.0,0.0,0.0,0.0,0.0,0.0,0.0,0.0,0.0,0.0,0.0,0.0,0.0,0.0,0.0,0.0,0.0,0.0,0.0,0.0,0.0,0.0,0.006122448979591838,0.5938775510204083,7.855102040816328,15.61836734693878,5.638775510204083,0.2877551020408164,4.291044776119403,2.9068343931894765,nan,nan,nan,4.323529411764706,2.9244130120113376,4.259020618556701,2.889042767592224,0.9850795988498494,0.3745,0.02245,0.0,0.0,0.0,0.0,0.0,0.0,0.0,0.0,0.0,0.9183673469387756,10.120408163265308,15.055102040816307,3.7959183673469394,0.11020408163265308,0.0,0.0,0.0,0.0,0.0,0.0,0.0,0.0,0.0,0.0,0.0,0.0,0.0,0.0,0.0,0.0,nan,nan,4.291044776119403,2.9068343931894765,nan,0.3745,0.1089,0.0,0.0,0.0,0.0,0.0,0.0,0.0,0.0,0.0,0.0,0.0,0.0,0.0,0.0,0.0008571428571428571,0.0,0.0,7.142857142857143e-05,0.0054285714285714284,0.00526530612244898,0.011877551020408163,0.015785714285714285,0.02023469387755102,0.028183673469387754,0.0538469387755102,0.023602040816326532,0.03029591836734694,0.02280612244897959,0.023112244897959183,0.04140816326530612,0.019142857142857142,0.030622448979591838,0.03543877551020408,0.030051020408163265,0.01656122448979592,0.030255102040816325,0.05120408163265306,0.05963265306122449,0.014214285714285714,0.0523265306122449,0.033438775510204084,0.018020408163265306,0.021112244897959185,0.051387755102040814,0.051153061224489794,0.0027959183673469386,0.013214285714285715,0.021581632653061223,0.016183673469387753,0.007928571428571429,0.009795918367346938,0.003775510204081633,0.004591836734693878,0.0017653061224489797,0.0037142857142857142,0.013530612244897959,0.029989795918367347,0.013785714285714287,0.010642857142857143,0.004214285714285715,0.01963265306122449,0.0016122448979591837,0.0015102040816326531,0.013673469387755101,0.006255102040816326,0.0009795918367346938,0.0,1.0204081632653061e-05,0.0011122448979591837,5.102040816326531e-05,0.0003163265306122449,0.0,0.0,0.0,0.0,0.0,0.0,0.0,0.0,0.0,0.0,0.0,0.0,0.0,0.0,0.0,0.0,0.0,0.0,0.0,0.0,0.0,0.0,0.0,0.0,0.0,0.0,0.0,0.0,0.0,0.0,nan,nan,4.291044776119403,2.9068343931894765,nan,0.9132140427710596,0.022727426596668952,0.0,0.0,0.0,0.0,0.0,0.0,0.0,0.0,0.0,0.0,0.0,0.0,0.0,0.0,0.0,0.0,0.0,0.0,0.0,0.0,0.0,0.0,0.0,0.0,0.011801730920535014,0.5664830841856806,7.800944138473644,15.979543666404409,5.334382376081827,0.3068450039339104,0.9135594838144822,0.023386313634093284,0.0,0.0,0.0,0.0,0.0,0.0,0.0,0.0,0.0,0.0,0.0,0.0,0.0,0.0,0.0,0.0,0.0,0.0,0.0,0.0,0.0,0.0,0.0,0.0,0.0,0.623409669211196,7.91348600508906,15.22900763358779,5.966921119592877,0.267175572519084,0.3748,0.02261,0.0,0.0,0.0,0.0,0.0,0.0,0.0,0.0,0.0,0.896931549960661,10.055074744295833,15.047206923682117,3.9063729346970897,0.09441384736428012,0.0,0.0,0.0,0.0,0.0,0.0,0.0,0.0,0.0,0.0,0.0,0.0,0.0,0.0,0.0,0.0,0.374,0.02223,0.0,0.0,0.0,0.0,0.0,0.0,0.0,0.0,0.0,0.9414758269720104,10.190839694656491,15.063613231552141,3.6768447837150133,0.12722646310432573,0.0,0.0,0.0,0.0,0.0,0.0,0.0,0.0,0.0,0.0,0.0,0.0,0.0,0.0,0.0,0.0
27600,4649,2429,0.5224779522477953,1154,951,0.4527855452785545,1290,0.5549580554958056,0.434,2.998198198198198,3.127759523427776,6.694533762057878,2.1201685816879094,9334.525618584035,1416.4129689840029,7853.0,10743.35138785839,10688.57538114334,17.83999344902878,7853.0,0.0,28.01849860184986,20.903903953546184,33.221533694810226,19.017867881495828,0.14196601419660143,0.09916110991611099,0.08517960851796086,0.08711550871155087,0.08474940847494085,0.07765110776511078,0.06409980640998064,0.06323940632394064,0.06151860615186062,0.05140890514089051,0.04904280490428049,0.03936330393633039,0.033340503334050337,0.027317702731770272,0.017208001720800174,0.012475801247580125,0.005162400516240052,0.9132620568530845,0.02289308884970373,0.0,0.0,0.0,0.0,0.0,0.0,0.0,0.0,0.0,0.0,0.0,0.0,0.0,0.0,0.0,0.0,0.0,0.0,0.0,0.0,0.0,0.0,0.0,0.0,0.0,0.6323940632394064,7.724241772424179,16.003441600344164,5.336631533663155,0.3032910303291031,4.222626529937148,2.92689471137181,nan,nan,nan,4.187376725838265,2.8699166973155568,4.25832223701731,2.983060360748733,1.0169427103946191,0.3748,0.02243,0.0,0.0,0.0,0.0,0.0,0.0,0.0,0.0,0.0193590019359002,0.8969670896967091,10.053775005377503,15.08066250806623,3.800817380081739,0.1484190148419015,0.0,0.0,0.0,0.0,0.0,0.0,0.0,0.0,0.0,0.0,0.0,0.0,0.0,0.0,0.0,0.0,nan,nan,4.222626529937148,2.92689471137181,nan,0.3748,0.1088,0.0,0.0,0.0,0.0,0.0,0.0,0.0,0.0,0.0,1.0755001075500108e-05,0.0,0.0,0.0,0.0,0.00048397504839750485,1.0755001075500108e-05,0.0,0.00011830501183050118,0.005087115508711551,0.005087115508711551,0.012465046246504624,0.015799096579909657,0.019509571950957195,0.028619057861905786,0.05417294041729404,0.026371262637126264,0.02897397289739729,0.021456227145622713,0.023144762314476233,0.04162185416218542,0.019735426973542698,0.030404388040438803,0.03416863841686384,0.030425898042589803,0.01610023661002366,0.03213594321359432,0.049763389976339,0.058249085824908585,0.01397074639707464,0.05067756506775651,0.032598408259840825,0.018563131856313187,0.02284362228436223,0.0499032049903205,0.054377285437728545,0.0031404603140460312,0.014132071413207142,0.020445257044525704,0.017315551731555173,0.007162830716283071,0.009808560980856099,0.003807270380727038,0.004420305442030544,0.0017423101742310174,0.0039793503979350395,0.014110561411056141,0.029812862981286298,0.013196386319638632,0.010615186061518607,0.004947300494730049,0.019789201978920198,0.0012583351258335126,0.0017530651753065176,0.013508281350828134,0.005872230587223058,0.0007636050763605076,1.0755001075500108e-05,3.226500322650032e-05,0.0012475801247580124,4.302000430200043e-05,0.00023661002366100236,0.0,0.0,0.0,0.0,0.0,0.0,0.0,0.0,0.0,0.0,0.0,0.0,0.0,0.0,0.0,0.0,0.0,0.0,0.0,0.0,0.0,0.0,0.0,0.0,0.0,0.0,0.0,0.0,0.0,0.0,nan,nan,4.222626529937148,2.92689471137181,nan,0.9130211974819681,0.022764746027079043,0.0,0.0,0.0,0.0,0.0,0.0,0.0,0.0,0.0,0.0,0.0,0.0,0.0,0.0,0.0,0.0,0.0,0.0,0.0,0.0,0.0,0.0,0.0,0.0,0.0,0.5804857966241252,7.990942774804448,15.883079456566492,5.249073692877729,0.2964182791272129,0.9135255917235537,0.023029809336684727,0.0,0.0,0.0,0.0,0.0,0.0,0.0,0.0,0.0,0.0,0.0,0.0,0.0,0.0,0.0,0.0,0.0,0.0,0.0,0.0,0.0,0.0,0.0,0.0,0.0,0.6891891891891893,7.432432432432434,16.135135135135137,5.432432432432433,0.31081081081081086,0.375,0.02211,0.0,0.0,0.0,0.0,0.0,0.0,0.0,0.0,0.012350761630300537,0.7410456978180323,10.275833676410048,15.01852614244543,3.766982297241664,0.18526142445450808,0.0,0.0,0.0,0.0,0.0,0.0,0.0,0.0,0.0,0.0,0.0,0.0,0.0,0.0,0.0,0.0,0.3743,0.02275,0.0,0.0,0.0,0.0,0.0,0.0,0.0,0.0,0.027027027027027032,1.0675675675675678,9.810810810810812,15.148648648648626,3.8378378378378386,0.10810810810810813,0.0,0.0,0.0,0.0,0.0,0.0,0.0,0.0,0.0,0.0,0.0,0.0,0.0,0.0,0.0,0.0
27700,4883,2525,0.5171001433544952,1188,952,0.4382551710014335,1372,0.5619496211345484,0.414,3.0441051738761664,3.1396269599750064,6.609442060085837,2.111477485274319,9318.958180410998,1416.7045593222763,7853.0,10750.010925650597,10687.959918790855,17.173677279225565,7853.0,0.0,28.281179602703258,21.03465899535546,33.18716577540107,19.280809287853803,0.13721073110792545,0.10198648371902519,0.09277083759983616,0.08335039934466516,0.08150727012082735,0.07413475322547614,0.06532869137825108,0.05877534302682777,0.05898013516280975,0.05426991603522425,0.05058365758754864,0.04443989350808929,0.033381118165062465,0.02744214622158509,0.019045668646323982,0.010444398935080893,0.006348556215441327,0.91319168569757,0.022745860256523334,0.0,0.0,0.0,0.0,0.0,0.0,0.0,0.0,0.0,0.0,0.0,0.0,0.0,0.0,0.0,0.0,0.0,0.0,0.0,0.0,0.0,0.0,0.0,0.0,0.0,0.5775138234691789,7.913168134343643,15.807904976448908,5.437231210321525,0.26418185541675204,4.352068203347016,2.918666120136017,nan,nan,nan,4.355288157061431,2.935843798950428,4.348456206679269,2.90234936425702,0.9984313436595268,0.3743,0.02177,0.0,0.0,0.0,0.0,0.0,0.0,0.0,0.0,0.00614376407945935,0.8355519148064716,10.149498259266847,15.297972557853758,3.6063895146426383,0.10444398935080895,0.0,0.0,0.0,0.0,0.0,0.0,0.0,0.0,0.0,0.0,0.0,0.0,0.0,0.0,0.0,0.0,nan,nan,4.352068203347016,2.918666120136017,nan,0.3743,0.1093,0.0,0.0,0.0,0.0,0.0,0.0,0.0,0.0,0.0,0.0,0.0,0.0,0.0,0.0,0.00039934466516485765,0.0,0.0,0.00010239606799098914,0.004771656768380094,0.004935490477165677,0.01272783125127995,0.01643456891255376,0.020120827360229368,0.02868113864427606,0.05394224861765308,0.02596764284251485,0.03027851730493549,0.021810362482080688,0.024237149293467132,0.04072291624001639,0.020479213598197828,0.03182469793159943,0.03480442351013721,0.031077206635265205,0.015308212164652878,0.03328896170387057,0.05078844972353062,0.055682981773499896,0.014489043620724965,0.04867909072291624,0.03164038500921565,0.01877943886954741,0.021564611918902313,0.04785992217898833,0.053809133729264796,0.0035633831660864222,0.013884906819578128,0.02207659225885726,0.018052426786811387,0.0070243702641818555,0.00895965594921155,0.003245955355314356,0.00405488429244317,0.0018636084374360025,0.004699979520786402,0.013475322547614172,0.029315994265820194,0.012799508498873643,0.009891460167929552,0.005201720253942248,0.021728445627687897,0.001075158713905386,0.001894327257833299,0.013383166086422281,0.005795617448289985,0.0010342002867089904,1.0239606799098915e-05,0.0,0.0012799508498873642,1.0239606799098915e-05,0.0004710219127585501,0.0,0.0,0.0,0.0,0.0,0.0,0.0,0.0,0.0,0.0,0.0,0.0,0.0,0.0,0.0,0.0,0.0,0.0,0.0,0.0,0.0,0.0,0.0,0.0,0.0,0.0,0.0,0.0,0.0,0.0,nan,nan,4.352068203347016,2.918666120136017,nan,0.9134104151300865,0.022486826026055208,0.0,0.0,0.0,0.0,0.0,0.0,0.0,0.0,0.0,0.0,0.0,0.0,0.0,0.0,0.0,0.0,0.0,0.0,0.0,0.0,0.0,0.0,0.0,0.0,0.0,0.5227722772277229,7.829702970297031,15.95643564356436,5.441584158415843,0.24950495049504956,0.9129574652492646,0.023017704045839343,0.0,0.0,0.0,0.0,0.0,0.0,0.0,0.0,0.0,0.0,0.0,0.0,0.0,0.0,0.0,0.0,0.0,0.0,0.0,0.0,0.0,0.0,0.0,0.0,0.0,0.6361323155216286,8.002544529262089,15.648854961832065,5.432569974554709,0.2798982188295166,0.3735,0.02176,0.0,0.0,0.0,0.0,0.0,0.0,0.0,0.0,0.0,0.9267326732673269,10.479207920792081,14.97029702970295,3.564356435643565,0.05940594059405942,0.0,0.0,0.0,0.0,0.0,0.0,0.0,0.0,0.0,0.0,0.0,0.0,0.0,0.0,0.0,0.0,0.375,0.02174,0.0,0.0,0.0,0.0,0.0,0.0,0.0,0.0,0.012722646310432573,0.7379134860050892,9.79643765903308,15.64885496183204,3.6513994910941485,0.15267175572519087,0.0,0.0,0.0,0.0,0.0,0.0,0.0,0.0,0.0,0.0,0.0,0.0,0.0,0.0,0.0,0.0
27800,4800,2518,0.5245833333333333,1161,952,0.4402083333333333,1320,0.55,0.426,2.992988606485539,3.1358300726271087,6.699044585987261,2.2623051440712127,9340.102422979524,1415.7567653688452,7853.0,10746.49950838089,10687.825905600363,17.700832672648676,7853.0,0.0,27.96625,20.888436456665843,32.91840277777778,19.119832495895547,0.139375,0.10145833333333333,0.09583333333333334,0.08375,0.074375,0.079375,0.06875,0.06979166666666667,0.050625,0.050416666666666665,0.04604166666666667,0.0425,0.035208333333333335,0.027708333333333335,0.020416666666666666,0.010416666666666666,0.003958333333333334,0.912698372763892,0.022929679609797915,0.0,0.0,0.0,0.0,0.0,0.0,0.0,0.0,0.0,0.0,0.0,0.0,0.0,0.0,0.0,0.0,0.0,0.0,0.0,0.0,0.0,0.0,0.0,0.0,0.006250000000000001,0.7000000000000002,7.843750000000002,15.925000000000002,5.268750000000002,0.25625000000000003,4.265822784810126,2.916299154621686,nan,nan,nan,4.179818887451487,2.8991244551186153,4.352442996742671,2.9309455666223267,1.0412994232380333,0.374,0.02213,0.0,0.0,0.0,0.0,0.0,0.0,0.0,0.0,0.012500000000000002,0.9187500000000002,10.343750000000004,15.04999999999998,3.5437500000000006,0.12500000000000003,0.006250000000000001,0.0,0.0,0.0,0.0,0.0,0.0,0.0,0.0,0.0,0.0,0.0,0.0,0.0,0.0,0.0,nan,nan,4.265822784810126,2.916299154621686,nan,0.374,0.1092,0.0,0.0,0.0,0.0,0.0,0.0,0.0,0.0,0.0,0.0,0.0,0.0,0.0,0.0,0.00042708333333333335,0.0,1.0416666666666666e-05,7.291666666666667e-05,0.004895833333333334,0.0049479166666666664,0.01296875,0.017875,0.020552083333333332,0.028197916666666666,0.05340625,0.027583333333333335,0.02803125,0.01971875,0.023614583333333335,0.04184375,0.0200625,0.03326041666666667,0.034833333333333334,0.03371875,0.016479166666666666,0.03263541666666667,0.049416666666666664,0.0535,0.015354166666666667,0.04923958333333334,0.030375,0.01876041666666667,0.023083333333333334,0.04709375,0.051833333333333335,0.0036041666666666665,0.014510416666666666,0.022177083333333333,0.019291666666666665,0.006427083333333333,0.008822916666666666,0.0034583333333333332,0.00396875,0.0016458333333333333,0.00528125,0.013729166666666667,0.03129166666666667,0.011395833333333332,0.00859375,0.00528125,0.021989583333333333,0.00121875,0.0023333333333333335,0.013041666666666667,0.005322916666666667,0.0013958333333333333,0.0,1.0416666666666666e-05,0.0011666666666666668,0.0,0.00025,0.0,0.0,0.0,0.0,0.0,0.0,0.0,0.0,0.0,0.0,0.0,0.0,0.0,0.0,0.0,0.0,0.0,0.0,0.0,0.0,0.0,0.0,0.0,0.0,0.0,0.0,0.0,0.0,0.0,0.0,nan,nan,4.265822784810126,2.916299154621686,nan,0.9125256243445174,0.023044688065555343,0.0,0.0,0.0,0.0,0.0,0.0,0.0,0.0,0.0,0.0,0.0,0.0,0.0,0.0,0.0,0.0,0.0,0.0,0.0,0.0,0.0,0.0,0.0,0.0,0.0,0.7744241461477365,7.94678316123908,15.702938840349487,5.337569499602861,0.238284352660842,0.9128889864886883,0.02280058524033177,0.0,0.0,0.0,0.0,0.0,0.0,0.0,0.0,0.0,0.0,0.0,0.0,0.0,0.0,0.0,0.0,0.0,0.0,0.0,0.0,0.0,0.0,0.0,0.0,0.013146362839614376,0.6178790534618757,7.730061349693253,16.170026292725684,5.192813321647678,0.2760736196319019,0.3743,0.02231,0.0,0.0,0.0,0.0,0.0,0.0,0.0,0.0,0.0119142176330421,0.953137410643368,10.258141382049248,15.035742652899103,3.5861795075456717,0.14297061159650518,0.0119142176330421,0.0,0.0,0.0,0.0,0.0,0.0,0.0,0.0,0.0,0.0,0.0,0.0,0.0,0.0,0.0,0.3738,0.02196,0.0,0.0,0.0,0.0,0.0,0.0,0.0,0.0,0.013146362839614376,0.8808063102541632,10.438212094653814,15.065731814198049,3.496932515337424,0.10517090271691501,0.0,0.0,0.0,0.0,0.0,0.0,0.0,0.0,0.0,0.0,0.0,0.0,0.0,0.0,0.0,0.0
27900,4863,2484,0.5107958050586058,1177,991,0.44581534032490233,1409,0.5794776886695455,0.3539999999999999,2.9159310634720472,2.936427889205765,6.149797570850202,2.0441722798970816,9300.78702359949,1416.9152305452362,7853.0,10750.047876119614,10687.37532035601,17.930780331098624,7853.0,0.0,28.709027349372814,20.820587622569093,33.27384393063584,19.095942478326783,0.12625951059017068,0.0999383096853794,0.09232983754883817,0.08554390294057167,0.07855233395023647,0.07485091507300021,0.06971005552128316,0.0658030022619782,0.06210158338474193,0.05511001439440674,0.049557886078552334,0.04256631708821715,0.037425457536500104,0.025704297758585234,0.01645075056549455,0.010487353485502776,0.0076084721365412295,0.9124721087179826,0.0232682131870781,0.0,0.0,0.0,0.0,0.0,0.0,0.0,0.0,0.0,0.0,0.0,0.0,0.0,0.0,0.0,0.0,0.0,0.0,0.0,0.0,0.0,0.0,0.0,0.0,0.018507094386181373,0.740283775447255,8.118445404071561,15.687847008019745,5.126465144972241,0.30845157310302285,4.1081843838193794,2.7203561405418233,nan,nan,nan,4.030437539632213,2.705889557865287,4.1842431761786605,2.732294659189791,1.0381610271922197,0.3733,0.02231,0.0,0.0,0.0,0.0,0.0,0.0,0.0,0.0,0.0,1.036397285626157,10.555212831585443,14.75632325724859,3.5533621221468237,0.09870450339296732,0.0,0.0,0.0,0.0,0.0,0.0,0.0,0.0,0.0,0.0,0.0,0.0,0.0,0.0,0.0,0.0,nan,nan,4.1081843838193794,2.7203561405418233,nan,0.3733,0.1101,0.0,0.0,0.0,0.0,0.0,0.0,0.0,0.0,0.0,0.0,0.0,0.0,0.0,0.0,0.0005346493933785729,0.0,3.0845157310302283e-05,2.0563438206868188e-05,0.004863253135924326,0.0053979025293029,0.01373637672218795,0.017314414970183014,0.021612173555418467,0.03141065186099116,0.05353691137158133,0.02670162451161834,0.028685996298581123,0.018239769689492084,0.023997532387415175,0.04385153197614641,0.019494139420111044,0.032264034546576184,0.035019535266296524,0.03399136335595312,0.017612584824182605,0.03239769689492083,0.050894509561998764,0.05067859346082665,0.015525395846185482,0.04768661320172733,0.02742134484885873,0.019267941599835494,0.02235245733086572,0.047306189594900266,0.05085338268558503,0.0038762081019946535,0.014301871272876824,0.02199259716224553,0.018805264240180957,0.00612790458564672,0.008451573103022825,0.003989307012132429,0.004215504832407979,0.0017067653711700596,0.005644663787785317,0.013088628418671602,0.0314826238947152,0.012461443553362123,0.00914044828295291,0.00436973061895949,0.021807526218383715,0.0009150730002056344,0.0022414147645486325,0.013633559531153609,0.0058194530125436975,0.0015833847419288506,1.0281719103434094e-05,0.0,0.0013469052025498664,0.0,0.00028788813489615466,0.0,0.0,0.0,0.0,0.0,0.0,0.0,0.0,0.0,0.0,0.0,0.0,0.0,0.0,0.0,0.0,0.0,0.0,0.0,0.0,0.0,0.0,0.0,0.0,0.0,0.0,0.0,0.0,0.0,0.0,nan,nan,4.1081843838193794,2.7203561405418233,nan,0.9124776551352991,0.023306189337235227,0.0,0.0,0.0,0.0,0.0,0.0,0.0,0.0,0.0,0.0,0.0,0.0,0.0,0.0,0.0,0.0,0.0,0.0,0.0,0.0,0.0,0.0,0.0,0.0,0.012077294685990341,0.7004830917874398,8.14009661835749,15.664251207729471,5.132850241545895,0.3502415458937199,0.9124663175029282,0.02322849324313297,0.0,0.0,0.0,0.0,0.0,0.0,0.0,0.0,0.0,0.0,0.0,0.0,0.0,0.0,0.0,0.0,0.0,0.0,0.0,0.0,0.0,0.0,0.0,0.0,0.025220680958385883,0.7818411097099623,8.095838587641868,15.712484237074404,5.119798234552333,0.26481715006305173,0.3733,0.02248,0.0,0.0,0.0,0.0,0.0,0.0,0.0,0.0,0.0,0.9903381642512079,10.567632850241548,14.722222222222202,3.623188405797102,0.09661835748792273,0.0,0.0,0.0,0.0,0.0,0.0,0.0,0.0,0.0,0.0,0.0,0.0,0.0,0.0,0.0,0.0,0.3733,0.02213,0.0,0.0,0.0,0.0,0.0,0.0,0.0,0.0,0.0,1.0844892812105928,10.542244640605299,14.791929382093295,3.480453972257252,0.10088272383354353,0.0,0.0,0.0,0.0,0.0,0.0,0.0,0.0,0.0,0.0,0.0,0.0,0.0,0.0,0.0,0.0
28000,4077,2128,0.5219524159921511,974,846,0.44640667157223446,1152,0.565121412803532,0.438,3.0805541303232427,3.1652254469605854,6.811009174311927,2.1407080818409017,9332.5443625932,1416.0089756973823,7853.0,10750.14168870449,10687.634570626164,17.798156762703204,7853.0,0.0,27.942850134903114,20.955116804840213,32.802853814793245,19.261054371493664,0.13760117733627666,0.09835663478047584,0.09467745891586951,0.0892813343144469,0.08805494235957811,0.06965906303654648,0.0684326710816777,0.06377238165317635,0.05518763796909492,0.048810399803777285,0.05126318371351484,0.038753985773853326,0.03237674760853569,0.025754231052244298,0.01839587932303164,0.012999754721609027,0.006622516556291391,0.9121829285643865,0.02295191544596096,0.0,0.0,0.0,0.0,0.0,0.0,0.0,0.0,0.0,0.0,0.0,0.0,0.0,0.0,0.0,0.0,0.0,0.0,0.0,0.0,0.0,0.0,0.0,0.0,0.0,0.7137601177336278,8.322295805739516,15.643855776306111,5.033112582781458,0.2869757174392937,4.344840667678301,2.946895941124327,nan,nan,nan,4.346065699006876,2.9358083023845065,4.346153846153846,2.957480913192336,1.000020282055789,0.3743,0.02261,0.0,0.0,0.0,0.0,0.0,0.0,0.0,0.0,0.0,1.0007358351729214,9.904341427520237,15.342163355408367,3.6276674025018405,0.12509197939661518,0.0,0.0,0.0,0.0,0.0,0.0,0.0,0.0,0.0,0.0,0.0,0.0,0.0,0.0,0.0,0.0,nan,nan,4.344840667678301,2.946895941124327,nan,0.3743,0.11053,0.0,0.0,0.0,0.0,0.0,0.0,0.0,0.0,0.0,0.0,0.0,0.0,0.0,0.0,0.00023301447142506744,0.0,1.226391954868776e-05,0.00011037527593818985,0.0037650233014471426,0.0048319843021829775,0.015047829286239883,0.0171326956095168,0.02278636252146186,0.030966396860436597,0.053372577875889136,0.02684571989207751,0.028660779985283297,0.01746382143733137,0.025374049546234977,0.04259259259259259,0.01978170223203336,0.03165317635516311,0.034890851116016676,0.03386068187392691,0.016850625459896983,0.030868285504047095,0.050159430954132944,0.05295560461123375,0.01577140053961246,0.045867059112092226,0.025545744419916604,0.01768457198920775,0.0212411086583272,0.04789060583762571,0.05268579838116262,0.004537650233014471,0.01572234486141771,0.022982585234240863,0.018150600932057885,0.00766494971792985,0.00810645082168261,0.004096149129261712,0.004316899681138092,0.001790532254108413,0.00537159676232524,0.013723325974981604,0.03298994358597008,0.011613931812607309,0.00848663232769193,0.004292371842040716,0.023620309050772628,0.0008584743684081432,0.0024159921510914888,0.013919548687760607,0.004856512141280353,0.0017292126563649742,0.0,1.226391954868776e-05,0.0016311012999754722,0.0,0.00020848663232769194,0.0,0.0,0.0,0.0,0.0,0.0,0.0,0.0,0.0,0.0,0.0,0.0,0.0,0.0,0.0,0.0,0.0,0.0,0.0,0.0,0.0,0.0,0.0,0.0,0.0,0.0,0.0,0.0,0.0,0.0,nan,nan,4.344840667678301,2.946895941124327,nan,0.9119330025032947,0.022882917550675223,0.0,0.0,0.0,0.0,0.0,0.0,0.0,0.0,0.0,0.0,0.0,0.0,0.0,0.0,0.0,0.0,0.0,0.0,0.0,0.0,0.0,0.0,0.0,0.0,0.0,0.7471804511278197,8.458646616541355,15.493421052631582,5.089285714285715,0.21146616541353389,0.9124558083273436,0.023023916204486523,0.0,0.0,0.0,0.0,0.0,0.0,0.0,0.0,0.0,0.0,0.0,0.0,0.0,0.0,0.0,0.0,0.0,0.0,0.0,0.0,0.0,0.0,0.0,0.0,0.0,0.6772703950743972,8.173422267829658,15.80810672139559,4.971780400205234,0.36942021549512577,0.3745,0.02255,0.0,0.0,0.0,0.0,0.0,0.0,0.0,0.0,0.0,1.0150375939849625,9.713345864661656,15.620300751879675,3.468045112781956,0.1832706766917294,0.0,0.0,0.0,0.0,0.0,0.0,0.0,0.0,0.0,0.0,0.0,0.0,0.0,0.0,0.0,0.0,0.3743,0.02266,0.0,0.0,0.0,0.0,0.0,0.0,0.0,0.0,0.0,0.9851205746536688,10.112878399179069,15.038481272447386,3.801949717804003,0.0615700359158543,0.0,0.0,0.0,0.0,0.0,0.0,0.0,0.0,0.0,0.0,0.0,0.0,0.0,0.0,0.0,0.0
28100,4132,2172,0.5256534365924492,1016,822,0.44482090997095836,1159,0.5609874152952565,0.418,3.111734693877551,3.1798576933600073,6.722614840989399,2.148814501838936,9342.925928594874,1415.4064592247526,7853.0,10746.9846855402,10687.42630614826,17.955533649207407,7853.0,0.0,28.100919651500483,20.67535276908637,32.85489410417859,18.935928417550034,0.1345595353339787,0.09753146176185866,0.09656340755082285,0.08833494675701839,0.07889641819941917,0.07115198451113262,0.0701839303000968,0.06606969990319458,0.06268151016456922,0.05179090029041626,0.048644724104549855,0.043804453049370765,0.028557599225556632,0.02758954501452081,0.01887705711519845,0.009922555663117135,0.00484027105517909,0.9117241844405047,0.02277191097629581,0.0,0.0,0.0,0.0,0.0,0.0,0.0,0.0,0.0,0.0,0.0,0.0,0.0,0.0,0.0,0.0,0.0,0.0,0.0,0.0,0.0,0.0,0.0,0.0,0.007260406582768637,0.8567279767666992,8.20425943852856,15.726040658276867,5.009680542110359,0.1960309777347532,4.315176558978212,2.9327912964463354,nan,nan,nan,4.438570364854803,2.9509116244920928,4.1895375284306295,2.9088523510000264,0.9438934575880449,0.375,0.0225,0.0,0.0,0.0,0.0,0.0,0.0,0.0,0.0,0.021781219748305908,0.9438528557599227,9.80154888673766,15.232333010648576,3.8407550822846086,0.15972894482091,0.0,0.0,0.0,0.0,0.0,0.0,0.0,0.0,0.0,0.0,0.0,0.0,0.0,0.0,0.0,0.0,nan,nan,4.315176558978212,2.9327912964463354,nan,0.375,0.1102,0.0,0.0,0.0,0.0,0.0,0.0,0.0,0.0,0.0,0.0,0.0,0.0,0.0,0.0,0.0004719264278799613,0.0,4.84027105517909e-05,4.84027105517909e-05,0.00393272023233301,0.004961277831558568,0.015537270087124879,0.014944336882865441,0.022277347531461763,0.0318973862536302,0.0540053242981607,0.025363020329138432,0.0284486931268151,0.016348015488867378,0.02584704743465634,0.041892545982575025,0.020026621490803486,0.032901742497579864,0.03466844143272023,0.03125605033881897,0.01750968054211036,0.029791868344627298,0.04984269119070668,0.0531703775411423,0.016154404646660212,0.047156340755082286,0.025399322362052276,0.017836398838334946,0.021781219748305904,0.047725072604065825,0.05164569215876089,0.004670861568247822,0.0172918683446273,0.02293078412391094,0.020583252662149082,0.008470474346563407,0.00670377541142304,0.005045982575024201,0.004586156824782188,0.0016456921587608905,0.006207647628267183,0.013589060987415295,0.03261132623426912,0.01132623426911907,0.009813649564375604,0.00468296224588577,0.021841723136495645,0.0009801548886737657,0.0019482090997095837,0.013964181994191674,0.004622458857696031,0.0020208131655372703,0.0,0.0,0.0015125847047434656,0.0,6.050338818973863e-05,0.0,0.0,0.0,0.0,0.0,0.0,0.0,0.0,0.0,0.0,0.0,0.0,0.0,0.0,0.0,0.0,0.0,0.0,0.0,0.0,0.0,0.0,0.0,0.0,0.0,0.0,0.0,0.0,0.0,0.0,nan,nan,4.315176558978212,2.9327912964463354,nan,0.9111101397932344,0.023037350752635636,0.0,0.0,0.0,0.0,0.0,0.0,0.0,0.0,0.0,0.0,0.0,0.0,0.0,0.0,0.0,0.0,0.0,0.0,0.0,0.0,0.0,0.0,0.0,0.0,0.0138121546961326,0.966850828729282,8.522099447513813,15.372928176795584,4.930939226519338,0.19337016574585641,0.9124046461618677,0.02245449276273451,0.0,0.0,0.0,0.0,0.0,0.0,0.0,0.0,0.0,0.0,0.0,0.0,0.0,0.0,0.0,0.0,0.0,0.0,0.0,0.0,0.0,0.0,0.0,0.0,0.0,0.7346938775510206,7.852040816326532,16.117346938775515,5.096938775510205,0.19897959183673475,0.3748,0.02261,0.0,0.0,0.0,0.0,0.0,0.0,0.0,0.0,0.041436464088397795,0.9116022099447516,9.889502762430942,15.041436464088376,3.977900552486189,0.138121546961326,0.0,0.0,0.0,0.0,0.0,0.0,0.0,0.0,0.0,0.0,0.0,0.0,0.0,0.0,0.0,0.0,0.375,0.02237,0.0,0.0,0.0,0.0,0.0,0.0,0.0,0.0,0.0,0.9795918367346941,9.704081632653063,15.443877551020385,3.6887755102040827,0.18367346938775514,0.0,0.0,0.0,0.0,0.0,0.0,0.0,0.0,0.0,0.0,0.0,0.0,0.0,0.0,0.0,0.0
28200,4319,2206,0.5107663811067377,1083,929,0.465848576059273,1222,0.5658717295670294,0.414,2.915286322763843,3.101671705630699,6.743970315398887,2.126198408565911,9301.64682731109,1417.841033717438,7853.0,10774.095366835594,10689.221961539708,18.075584208340892,7853.0,0.0,27.504051863857374,20.71268786393564,32.73703290574456,18.834804663501206,0.15142394072702015,0.08821486455197962,0.09330863625839314,0.08914100486223663,0.07663811067376708,0.08427876823338736,0.0731650845103033,0.06691363741606854,0.05556841861542024,0.04954850659874971,0.04445473489233619,0.036119472100023156,0.030099560083352628,0.02824727946283862,0.015281315119240566,0.010187543412827044,0.007409122482056031,0.9126710672294632,0.02280728316005408,0.0,0.0,0.0,0.0,0.0,0.0,0.0,0.0,0.0,0.0,0.0,0.0,0.0,0.0,0.0,0.0,0.0,0.0,0.0,0.0,0.0,0.0,0.0,0.0,0.006946052326927531,0.6737670757119705,7.987960175966661,15.746700625144713,5.334568187080343,0.25005788376939114,4.21180679785331,2.9094018451979244,nan,nan,nan,4.152857142857143,2.9281013560019415,4.2709677419354835,2.8893047362946107,1.0284408047316265,0.3774,0.02245,0.0,0.0,0.0,0.0,0.0,0.0,0.0,0.0,0.0,0.757119703635101,8.884000926140311,15.746700625144685,4.438527436906692,0.16670525584626072,0.006946052326927531,0.0,0.0,0.0,0.0,0.0,0.0,0.0,0.0,0.0,0.0,0.0,0.0,0.0,0.0,0.0,nan,nan,4.21180679785331,2.9094018451979244,nan,0.3774,0.1103,0.0,0.0,0.0,0.0,0.0,0.0,0.0,0.0,0.0,0.0,0.0,0.0,0.0,0.0,0.0005209539245195647,1.1576753878212549e-05,2.3153507756425098e-05,8.103727714748784e-05,0.0034614494095855522,0.00531373003009956,0.015339198888631628,0.014505672609400324,0.021868488075943507,0.029254457050243113,0.05170178282009724,0.024496411206297756,0.02715906459828664,0.015593887473952303,0.025133132669599444,0.04124797406807131,0.021509608705718917,0.031407733271590646,0.03257698541329011,0.031454040287103496,0.017700856679786988,0.030076406575596203,0.05171335957397546,0.05532530678397777,0.014980319518407038,0.04600601991201667,0.026371845334568187,0.019946746932160222,0.024056494558925678,0.047163695299837924,0.05093771706413522,0.006008335262792313,0.018476499189627228,0.021278073628154665,0.020108821486455198,0.008879370224589025,0.008346839546191248,0.005533688353785598,0.004792776105579996,0.0017365130817318824,0.006841861542023616,0.014876128733503125,0.03205603148877055,0.01148413984718685,0.010245427182218107,0.005163232229682797,0.02089604075017365,0.000821949525353091,0.0018870108821486455,0.01489928224125955,0.004341282704329706,0.0027436906691363744,0.0,0.0,0.001539708265802269,0.0,0.00010419078490391295,0.0,0.0,0.0,0.0,0.0,0.0,0.0,0.0,0.0,0.0,0.0,0.0,0.0,0.0,0.0,0.0,0.0,0.0,0.0,0.0,0.0,0.0,0.0,0.0,0.0,0.0,0.0,0.0,0.0,0.0,nan,nan,4.21180679785331,2.9094018451979244,nan,0.9125619763314238,0.022940471528130727,0.0,0.0,0.0,0.0,0.0,0.0,0.0,0.0,0.0,0.0,0.0,0.0,0.0,0.0,0.0,0.0,0.0,0.0,0.0,0.0,0.0,0.0,0.0,0.0,0.013599274705349051,0.7071622846781507,8.00997280145059,15.61196736174071,5.398912058023573,0.258386219401632,0.9127849595726129,0.022666837549625632,0.0,0.0,0.0,0.0,0.0,0.0,0.0,0.0,0.0,0.0,0.0,0.0,0.0,0.0,0.0,0.0,0.0,0.0,0.0,0.0,0.0,0.0,0.0,0.0,0.0,0.6389020350212968,7.964978703265501,15.887363937529582,5.2673923331755805,0.24136299100804548,0.3767,0.02298,0.0,0.0,0.0,0.0,0.0,0.0,0.0,0.0,0.0,0.8703535811423393,9.247506799637355,15.38077969174975,4.2973708068903,0.19038984587488672,0.013599274705349051,0.0,0.0,0.0,0.0,0.0,0.0,0.0,0.0,0.0,0.0,0.0,0.0,0.0,0.0,0.0,0.3782,0.02184,0.0,0.0,0.0,0.0,0.0,0.0,0.0,0.0,0.0,0.6389020350212968,8.504495977283485,16.1287269285376,4.585896829152864,0.14197823000473264,0.0,0.0,0.0,0.0,0.0,0.0,0.0,0.0,0.0,0.0,0.0,0.0,0.0,0.0,0.0,0.0
28300,4330,2228,0.5145496535796766,1039,905,0.4489607390300231,1217,0.5621247113163972,0.426,2.9600380589914366,3.098651006090061,6.596153846153846,2.1449695331192196,9312.928381530297,1418.1036016833832,7853.0,10749.294634699821,10690.293488342095,17.820952390035522,7853.0,0.0,27.44041570438799,20.621638936730747,32.2763266428375,18.962020792452275,0.13926096997690532,0.10554272517321016,0.09653579676674365,0.08498845265588914,0.08175519630484988,0.07806004618937644,0.07113163972286374,0.06004618937644342,0.05542725173210162,0.052655889145496536,0.04503464203233257,0.03995381062355658,0.03233256351039261,0.025173210161662816,0.016628175519630486,0.009699769053117783,0.005773672055427252,0.9123679059069372,0.022849415994028073,0.0,0.0,0.0,0.0,0.0,0.0,0.0,0.0,0.0,0.0,0.0,0.0,0.0,0.0,0.0,0.0,0.0,0.0,0.0,0.0,0.0,0.0,0.0,0.0,0.013856812933025408,0.6443418013856814,8.14780600461894,15.91454965357968,5.009237875288685,0.27020785219399546,4.221699819168173,2.8806957424421586,nan,nan,nan,4.158045977011494,2.817641199464651,4.286234522942462,2.941838467801433,1.0308290352342617,0.3782,0.02298,0.0,0.0,0.0,0.0,0.0,0.0,0.0,0.0,0.0,0.6443418013856814,8.799076212471133,15.318706697459561,4.926096997690532,0.31177829099307164,0.0,0.0,0.0,0.0,0.0,0.0,0.0,0.0,0.0,0.0,0.0,0.0,0.0,0.0,0.0,0.0,nan,nan,4.221699819168173,2.8806957424421586,nan,0.3782,0.1104,0.0,0.0,0.0,0.0,0.0,0.0,0.0,0.0,0.0,0.0,0.0,0.0,0.0,0.0,0.00042725173210161665,4.618937644341802e-05,0.0,1.1547344110854504e-05,0.0026558891454965356,0.005542725173210162,0.01451501154734411,0.015057736720554273,0.019214780600461893,0.02884526558891455,0.05339491916859122,0.027009237875288684,0.02640877598152425,0.015242494226327945,0.024237875288683604,0.04005773672055427,0.020681293302540416,0.032806004618937644,0.03272517321016166,0.03210161662817552,0.016789838337182447,0.0292378752886836,0.051778290993071595,0.055219399538106236,0.014110854503464203,0.04892609699769053,0.02569284064665127,0.0197459584295612,0.023106235565819862,0.04904157043879907,0.05337182448036951,0.005819861431870669,0.01689376443418014,0.021628175519630484,0.02023094688221709,0.009607390300230946,0.007956120092378753,0.0052424942263279446,0.003822170900692841,0.0017321016166281756,0.005750577367205543,0.015646651270207854,0.03,0.012321016166281755,0.009699769053117783,0.006096997690531178,0.021143187066974597,0.0010046189376443418,0.0019168591224018475,0.015450346420323325,0.005219399538106235,0.003233256351039261,0.0,1.1547344110854504e-05,0.001489607390300231,3.464203233256351e-05,4.618937644341802e-05,0.0,0.0,0.0,0.0,0.0,0.0,0.0,0.0,0.0,0.0,0.0,0.0,0.0,0.0,0.0,0.0,0.0,0.0,0.0,0.0,0.0,0.0,0.0,0.0,0.0,0.0,0.0,0.0,0.0,0.0,nan,nan,4.221699819168173,2.8806957424421586,nan,0.9129510243127333,0.02276530895322226,0.0,0.0,0.0,0.0,0.0,0.0,0.0,0.0,0.0,0.0,0.0,0.0,0.0,0.0,0.0,0.0,0.0,0.0,0.0,0.0,0.0,0.0,0.0,0.0,0.0,0.7001795332136447,7.701974865350091,16.157989228007185,5.15709156193896,0.2827648114901257,0.9117498336861408,0.02292203918488287,0.0,0.0,0.0,0.0,0.0,0.0,0.0,0.0,0.0,0.0,0.0,0.0,0.0,0.0,0.0,0.0,0.0,0.0,0.0,0.0,0.0,0.0,0.0,0.0,0.028544243577545203,0.5851569933396766,8.620361560418651,15.656517602283543,4.852521408182684,0.2568981921979068,0.3782,0.02315,0.0,0.0,0.0,0.0,0.0,0.0,0.0,0.0,0.0,0.6597845601436266,8.886894075403951,15.067324955116673,5.062836624775584,0.32315978456014366,0.0,0.0,0.0,0.0,0.0,0.0,0.0,0.0,0.0,0.0,0.0,0.0,0.0,0.0,0.0,0.0,0.3782,0.02281,0.0,0.0,0.0,0.0,0.0,0.0,0.0,0.0,0.0,0.6279733587059944,8.705994291151287,15.585156993339654,4.781160799238821,0.2997145575642246,0.0,0.0,0.0,0.0,0.0,0.0,0.0,0.0,0.0,0.0,0.0,0.0,0.0,0.0,0.0,0.0
28400,4594,2336,0.5084893339138006,1108,941,0.4460165433173705,1276,0.5555071832825424,0.40599999999999997,2.9397697077059344,3.102172777815978,6.596122778675283,2.2033278893150046,9295.788589771177,1418.5551526494896,7853.0,10752.57038128376,10690.401875603076,18.099944379629626,7853.0,0.0,27.77340008707009,20.69370039043459,32.778413524057214,18.90453195830084,0.1410535481062255,0.10274270787984327,0.09425337396604266,0.07966913365259033,0.08249891162385721,0.07357422725293862,0.07248585111014366,0.06269046582498912,0.060296038310840225,0.05093600348280366,0.05354810622551154,0.038963865912059206,0.029168480626904657,0.02503265128428385,0.016325642141924248,0.011754462342185459,0.00500653025685677,0.9135215506898251,0.022961374722007783,0.0,0.0,0.0,0.0,0.0,0.0,0.0,0.0,0.0,0.0,0.0,0.0,0.0,0.0,0.0,0.0,0.0,0.0,0.0,0.0,0.0,0.0,0.0,0.0,0.006530256856769701,0.6007836308228125,7.757945145842405,15.822812363952986,5.46582498911624,0.3461036134087942,4.341854124062713,2.8923022859210628,nan,nan,nan,4.326488706365503,2.8703760705683163,4.357094365241005,2.9138068645523814,1.0070740179745463,0.3777,0.02267,0.0,0.0,0.0,0.0,0.0,0.0,0.0,0.0,0.0,0.6595559425337397,8.855028297779715,15.679146713104027,4.4993469743143235,0.30039181541140625,0.006530256856769701,0.0,0.0,0.0,0.0,0.0,0.0,0.0,0.0,0.0,0.0,0.0,0.0,0.0,0.0,0.0,nan,nan,4.341854124062713,2.8923022859210628,nan,0.3777,0.1095,0.0,0.0,0.0,0.0,0.0,0.0,0.0,0.0,0.0,0.0,0.0,0.0,0.0,0.0,0.0002503265128428385,4.3535045711798e-05,0.0,0.0,0.00261210274270788,0.004745319982585982,0.014420983892033086,0.014638659120592076,0.018447975620374403,0.029680017414018284,0.054484109708315194,0.027144101001306053,0.026371353939921637,0.015291684806269046,0.022768828907270354,0.03641706573791902,0.02065737919024815,0.03436003482803657,0.03458859381802351,0.032074444928167176,0.01780583369612538,0.03138876795820636,0.04949934697431432,0.057520679146713105,0.014377448846321288,0.049172834131475836,0.026458424031345233,0.019601654331737047,0.022747061384414454,0.05069656073138877,0.05509360034828036,0.005333043099695255,0.016586852416195036,0.020973008271658686,0.01951458424031345,0.010731388767958207,0.007716586852416195,0.0056704397039616895,0.002786242925555072,0.0008489333913800609,0.005953417501088376,0.017239878101872008,0.02800391815411406,0.012625163256421419,0.00893556813234654,0.0055616020896821945,0.019862864606007835,0.001218981279930344,0.001937309534175011,0.014606007836308228,0.0056813234653896386,0.0035481062255115366,0.0,0.00010883761427949499,0.0010774923813670005,6.5302568567697e-05,5.4418807139747494e-05,0.0,0.0,0.0,0.0,0.0,0.0,0.0,0.0,0.0,0.0,0.0,0.0,0.0,0.0,0.0,0.0,0.0,0.0,0.0,0.0,0.0,0.0,0.0,0.0,0.0,0.0,0.0,0.0,0.0,0.0,nan,nan,4.341854124062713,2.8923022859210628,nan,0.9136659112082769,0.023437682475856456,0.0,0.0,0.0,0.0,0.0,0.0,0.0,0.0,0.0,0.0,0.0,0.0,0.0,0.0,0.0,0.0,0.0,0.0,0.0,0.0,0.0,0.0,0.0,0.0,0.0,0.5265410958904111,8.090753424657535,15.26969178082192,5.753424657534248,0.3595890410958905,0.9133722034041284,0.022457007971275082,0.0,0.0,0.0,0.0,0.0,0.0,0.0,0.0,0.0,0.0,0.0,0.0,0.0,0.0,0.0,0.0,0.0,0.0,0.0,0.0,0.0,0.0,0.0,0.0,0.013286093888396815,0.6775907883082375,7.413640389725423,16.395039858281667,5.168290522586361,0.3321523472099203,0.3777,0.02243,0.0,0.0,0.0,0.0,0.0,0.0,0.0,0.0,0.0,0.7448630136986303,8.424657534246577,16.168664383561623,4.4049657534246585,0.24400684931506855,0.01284246575342466,0.0,0.0,0.0,0.0,0.0,0.0,0.0,0.0,0.0,0.0,0.0,0.0,0.0,0.0,0.0,0.378,0.02293,0.0,0.0,0.0,0.0,0.0,0.0,0.0,0.0,0.0,0.571302037201063,9.30026572187777,15.172719220549135,4.596988485385298,0.358724534986714,0.0,0.0,0.0,0.0,0.0,0.0,0.0,0.0,0.0,0.0,0.0,0.0,0.0,0.0,0.0,0.0
28500,4601,2363,0.5135840034775049,1094,953,0.44490328189524014,1309,0.5690067376657248,0.40199999999999997,2.9311885612153707,3.080786188324534,6.486486486486487,2.2403778124823437,9309.797588042295,1417.7979024928409,7853.0,10752.723697662354,10689.532248236394,17.47116487231699,7853.0,0.0,28.17061508367746,20.943435412685055,32.95681233933162,19.235215298420986,0.13670941099760922,0.09345794392523364,0.10106498587263639,0.0908498152575527,0.0788958921973484,0.06976744186046512,0.07150619430558575,0.056726798522060425,0.06085633557922191,0.056074766355140186,0.04781569224081721,0.03977396218213432,0.032818952401651814,0.025429254509889154,0.020212997174527278,0.011953923060204303,0.006085633557922191,0.9133362365245715,0.022523511933080543,0.0,0.0,0.0,0.0,0.0,0.0,0.0,0.0,0.0,0.0,0.0,0.0,0.0,0.0,0.0,0.0,0.0,0.0,0.0,0.0,0.0,0.0,0.0,0.0,0.0,0.580308628559009,7.687459247989569,16.124755487937406,5.30102151706151,0.3064551184525104,4.240161453077699,2.8745800507870634,nan,nan,nan,4.186314363143631,2.856524357069414,4.293253173012692,2.891290431407595,1.0255448589361926,0.3765,0.02213,0.0,0.0,0.0,0.0,0.0,0.0,0.0,0.0,0.0,0.7693979569658772,8.958921973484026,15.850901977830885,4.290371658335145,0.13040643338404698,0.0,0.0,0.0,0.0,0.0,0.0,0.0,0.0,0.0,0.0,0.0,0.0,0.0,0.0,0.0,0.0,nan,nan,4.240161453077699,2.8745800507870634,nan,0.3765,0.1094,0.0,0.0,0.0,0.0,0.0,0.0,0.0,0.0,0.0,0.0,0.0,0.0,0.0,0.0,0.0004455553140621604,4.346881112801565e-05,0.0,0.0,0.0028906759400130406,0.005172788524233862,0.0144425124972832,0.0124972831993045,0.019332753749184958,0.031058465550967182,0.05733536187785264,0.027591827863507935,0.02741795261899587,0.015996522495109758,0.021930015214083894,0.03457943925233645,0.01988698109106716,0.03363399261030211,0.03559008911106281,0.03261247554879374,0.018289502282112586,0.03285155400999783,0.04765268419908716,0.05963920886763747,0.013268854596826777,0.04929363181916974,0.025048902412519017,0.019093675287980873,0.023244946750706368,0.05247772223429689,0.055172788524233865,0.00564007824386003,0.015648772006085634,0.02156053031949576,0.01747446207346229,0.00938926320365138,0.0069767441860465115,0.005922625516192132,0.0037926537709193652,0.0004564225168441643,0.00544446859378396,0.016463812214735928,0.028363399261030212,0.013692675505324929,0.007270158661160617,0.0054009997826559445,0.01958269941317105,0.0018039556618126495,0.0024994566398608997,0.013453597044120844,0.0052271245381438815,0.0038578569876113887,0.0,0.00010867202782003912,0.001217126711584438,0.0001738752445120626,8.69376222560313e-05,0.0,0.0,0.0,0.0,0.0,0.0,0.0,0.0,0.0,0.0,0.0,0.0,0.0,0.0,0.0,0.0,0.0,0.0,0.0,0.0,0.0,0.0,0.0,0.0,0.0,0.0,0.0,0.0,0.0,0.0,nan,nan,4.240161453077699,2.8745800507870634,nan,0.9131037070495922,0.022275931386141437,0.0,0.0,0.0,0.0,0.0,0.0,0.0,0.0,0.0,0.0,0.0,0.0,0.0,0.0,0.0,0.0,0.0,0.0,0.0,0.0,0.0,0.0,0.0,0.0,0.0,0.5205247566652561,7.845958527295812,16.148963182395264,5.167160389335591,0.317393144308083,0.9135817535707629,0.022779424679034307,0.0,0.0,0.0,0.0,0.0,0.0,0.0,0.0,0.0,0.0,0.0,0.0,0.0,0.0,0.0,0.0,0.0,0.0,0.0,0.0,0.0,0.0,0.0,0.0,0.0,0.64343163538874,7.5201072386059,16.099195710455767,5.442359249329759,0.29490616621983917,0.3767,0.02213,0.0,0.0,0.0,0.0,0.0,0.0,0.0,0.0,0.0,0.7363520947947526,8.988573846804911,15.869657215404125,4.240372407955989,0.1650444350402032,0.0,0.0,0.0,0.0,0.0,0.0,0.0,0.0,0.0,0.0,0.0,0.0,0.0,0.0,0.0,0.0,0.3765,0.0221,0.0,0.0,0.0,0.0,0.0,0.0,0.0,0.0,0.0,0.8042895442359251,8.927613941018768,15.831099195710433,4.343163538873996,0.09383378016085793,0.0,0.0,0.0,0.0,0.0,0.0,0.0,0.0,0.0,0.0,0.0,0.0,0.0,0.0,0.0,0.0
28600,4509,2330,0.516744289199379,1110,914,0.4488800177422932,1251,0.5548902195608783,0.41,2.8636989444699403,3.102392050102846,6.723661485319516,2.087790742848992,9318.956223520425,1417.715740893907,7853.0,10750.308114409447,10689.908417104549,17.707150371963003,7853.0,0.0,27.463295630960303,20.60503750322743,32.37648927720413,18.907958382386216,0.13639387890884896,0.10955866045686405,0.09603016189842536,0.08760257263251275,0.0771789753825682,0.07762253271235307,0.06542470614326902,0.06564648480816146,0.05588822355289421,0.056553559547571526,0.041472610334885786,0.044799290308272344,0.02949656243069417,0.024617431803060547,0.018629407850964737,0.006209802616988246,0.006875138611665558,0.9128093292904048,0.022995452798170446,0.0,0.0,0.0,0.0,0.0,0.0,0.0,0.0,0.0,0.0,0.0,0.0,0.0,0.0,0.0,0.0,0.0,0.0,0.0,0.0,0.0,0.0,0.0,0.0,0.0,0.6387225548902197,8.063872255489024,15.635395874916837,5.369261477045909,0.2927478376580174,4.231462231462231,2.92664908286869,nan,nan,nan,4.2018093249826025,2.8701272943863034,4.260869565217392,2.9813535196406558,1.0140559067932082,0.3772,0.02226,0.0,0.0,0.0,0.0,0.0,0.0,0.0,0.0,0.0,0.6919494344644047,8.769128409846974,15.908183632734508,4.491017964071857,0.13972055888223556,0.0,0.0,0.0,0.0,0.0,0.0,0.0,0.0,0.0,0.0,0.0,0.0,0.0,0.0,0.0,0.0,nan,nan,4.231462231462231,2.92664908286869,nan,0.3772,0.10925,0.0,0.0,0.0,0.0,0.0,0.0,0.0,0.0,0.0,0.0,0.0,0.0,0.0,0.0,0.0004546462630294966,7.762253271235307e-05,8.871146595697493e-05,6.65335994677312e-05,0.003104901308494123,0.005577733422044799,0.01341760922599246,0.012031492570414725,0.02065868263473054,0.032035928143712575,0.05587713461964959,0.025426923929917942,0.027167886449323574,0.013883344422266578,0.02151253049456642,0.034264803725881574,0.019738301175426923,0.03451984919050787,0.03573963184741628,0.03205810601020182,0.01929474384564205,0.03347748946551342,0.04788201375027722,0.06001330671989354,0.013073852295409182,0.049157241073408735,0.024617431803060547,0.019394544244843645,0.023231315147482813,0.05185185185185185,0.05663118208028388,0.004823685961410512,0.01687735639831448,0.021989354624085165,0.017298735861610112,0.010589931248613883,0.007329784874695054,0.0064537591483699265,0.0038811266356176535,0.0006320691949434464,0.005455755156353959,0.016001330671989354,0.028709248170326013,0.013694832557108006,0.006342869815923708,0.005622089155023287,0.019028609447771124,0.0018851186515857175,0.0025282767797737858,0.013805721889554225,0.00463517409625194,0.004546462630294966,0.0,0.00011088933244621867,0.0009092925260589932,0.0002439565313816811,0.0002439565313816811,0.0,3.32667997338656e-05,0.0,0.0,0.0,0.0,0.0,0.0,0.0,0.0,0.0,0.0,0.0,0.0,0.0,0.0,0.0,0.0,0.0,0.0,0.0,0.0,0.0,0.0,0.0,0.0,0.0,0.0,0.0,0.0,nan,nan,4.231462231462231,2.92664908286869,nan,0.9128245181280145,0.022909712823341387,0.0,0.0,0.0,0.0,0.0,0.0,0.0,0.0,0.0,0.0,0.0,0.0,0.0,0.0,0.0,0.0,0.0,0.0,0.0,0.0,0.0,0.0,0.0,0.0,0.0,0.6051502145922748,8.18884120171674,15.553648068669531,5.38197424892704,0.2703862660944206,0.9127930878991105,0.023086771029841028,0.0,0.0,0.0,0.0,0.0,0.0,0.0,0.0,0.0,0.0,0.0,0.0,0.0,0.0,0.0,0.0,0.0,0.0,0.0,0.0,0.0,0.0,0.0,0.0,0.0,0.674621385956861,7.930243230839836,15.722808627810926,5.355667737494264,0.31665901789811846,0.3777,0.02214,0.0,0.0,0.0,0.0,0.0,0.0,0.0,0.0,0.0,0.6566523605150215,8.819742489270388,15.785407725321866,4.583690987124465,0.15450643776824036,0.0,0.0,0.0,0.0,0.0,0.0,0.0,0.0,0.0,0.0,0.0,0.0,0.0,0.0,0.0,0.0,0.377,0.02242,0.0,0.0,0.0,0.0,0.0,0.0,0.0,0.0,0.0,0.72969251950436,8.715006883891695,16.039467645709017,4.391922900413034,0.12391005048187244,0.0,0.0,0.0,0.0,0.0,0.0,0.0,0.0,0.0,0.0,0.0,0.0,0.0,0.0,0.0,0.0
28700,4604,2393,0.5197654213727194,1126,914,0.4430929626411816,1274,0.5534317984361424,0.422,3.066938037087291,3.2108261271900362,6.809968847352025,2.2384407816571557,9327.238355925712,1417.126198337354,7853.0,10751.581667304039,10689.353276507305,17.79559156047058,7853.0,0.0,28.055603822762816,20.955538994671674,33.045819311416,19.183831381726,0.13857515204170287,0.10034752389226759,0.08861859252823631,0.0894874022589053,0.08275412684622067,0.07797567332754127,0.06624674196350999,0.058644656820156384,0.060599478714161596,0.05451781059947872,0.04713292788879236,0.036490008688097306,0.0369244135534318,0.026498696785403997,0.016507384882710686,0.010860121633362294,0.007819287576020852,0.9112535487766581,0.02298521536745693,0.0,0.0,0.0,0.0,0.0,0.0,0.0,0.0,0.0,0.0,0.0,0.0,0.0,0.0,0.0,0.0,0.0,0.0,0.0,0.0,0.0,0.0,0.0,0.0,0.0065160729800173775,0.6907037358818421,8.711989574283233,15.547350130321464,4.756733275412685,0.2867072111207646,4.317327065144392,2.9833388880975695,nan,nan,nan,4.422999327505043,3.030769512060969,4.2119382964453385,2.931480822226543,0.9522810166967035,0.378,0.02246,0.0,0.0,0.0,0.0,0.0,0.0,0.0,0.0,0.0065160729800173775,0.5668983492615118,9.011728931364033,15.286707211120742,4.945699391833189,0.18245004344048657,0.0,0.0,0.0,0.0,0.0,0.0,0.0,0.0,0.0,0.0,0.0,0.0,0.0,0.0,0.0,0.0,nan,nan,4.317327065144392,2.9833388880975695,nan,0.378,0.10956,0.0,0.0,0.0,0.0,0.0,0.0,0.0,0.0,0.0,0.0,0.0,0.0,0.0,0.0,0.0003149435273675065,0.00011946133796698524,0.00027150304083405736,6.516072980017376e-05,0.0031277150304083404,0.0053649000868809735,0.014357080799304952,0.0125,0.019537358818418768,0.033025629887054736,0.0546372719374457,0.02518462206776716,0.026781059947871416,0.012793223284100782,0.0244244135534318,0.03528453518679409,0.017256733275412686,0.03272154648132059,0.035056472632493486,0.03389443961772372,0.018646828844483057,0.03053866203301477,0.04778453518679409,0.05736316246741963,0.01548653344917463,0.049630755864465685,0.022893136403127717,0.0210251954821894,0.022936576889661164,0.05325803649000869,0.05493049522154648,0.005288879235447437,0.017311033883579498,0.02452215464813206,0.01798436142484796,0.009980451781059947,0.0076998262380538664,0.006505212858384014,0.004039965247610773,0.0004995655951346655,0.005180278019113814,0.016692006950477845,0.030375760208514336,0.01326020851433536,0.005799304952215464,0.004854474370112946,0.018375325803649,0.002172024326672459,0.0034969591659426585,0.014856646394439618,0.004083405734144222,0.0037141615986099044,0.0,0.00011946133796698524,0.0012489139878366637,0.00046698523023457864,0.00023892267593397047,0.0,2.1720243266724587e-05,0.0,0.0,0.0,0.0,0.0,0.0,0.0,0.0,0.0,0.0,0.0,0.0,0.0,0.0,0.0,0.0,0.0,0.0,0.0,0.0,0.0,0.0,0.0,0.0,0.0,0.0,0.0,0.0,nan,nan,4.317327065144392,2.9833388880975695,nan,0.9114193302091573,0.02320278063339007,0.0,0.0,0.0,0.0,0.0,0.0,0.0,0.0,0.0,0.0,0.0,0.0,0.0,0.0,0.0,0.0,0.0,0.0,0.0,0.0,0.0,0.0,0.0,0.0,0.0,0.7145842039281238,8.612620142081072,15.545340576681992,4.86418721270372,0.26326786460509827,0.9110741209304478,0.022746034802116954,0.0,0.0,0.0,0.0,0.0,0.0,0.0,0.0,0.0,0.0,0.0,0.0,0.0,0.0,0.0,0.0,0.0,0.0,0.0,0.0,0.0,0.0,0.0,0.0,0.0135685210312076,0.6648575305291724,8.81953867028494,15.54952510176391,4.640434192672999,0.31207598371777484,0.378,0.02264,0.0,0.0,0.0,0.0,0.0,0.0,0.0,0.0,0.012536564981195155,0.5014625992478062,9.21437526117844,15.119097367321332,4.951943167572086,0.20058503969912247,0.0,0.0,0.0,0.0,0.0,0.0,0.0,0.0,0.0,0.0,0.0,0.0,0.0,0.0,0.0,0.0,0.3782,0.02226,0.0,0.0,0.0,0.0,0.0,0.0,0.0,0.0,0.0,0.6377204884667572,8.792401628222525,15.468113975576639,4.938941655359566,0.16282225237449122,0.0,0.0,0.0,0.0,0.0,0.0,0.0,0.0,0.0,0.0,0.0,0.0,0.0,0.0,0.0,0.0
28800,4721,2429,0.5145096377886041,1138,930,0.43804278754501164,1295,0.5486125820800678,0.434,3.055410122164049,3.2186169643789464,6.815950920245399,2.1414382638969482,9311.882932013486,1417.1999317475077,7853.0,10747.18000459671,10688.482223975163,17.548063254670627,7853.0,0.0,27.773988561745394,20.76573647712203,32.50927318295739,19.100743053243313,0.13683541622537598,0.09680152510061428,0.10442702817199746,0.09087057826731625,0.07604321118407117,0.07117136199957635,0.07032408388053378,0.06587587375556027,0.05782673162465579,0.04744757466638424,0.047659394196144886,0.042152086422368146,0.03389112476170303,0.026689260749841136,0.01567464520228765,0.009320059309468333,0.0069900444821012495,0.9111615524810139,0.022707162388901372,0.0,0.0,0.0,0.0,0.0,0.0,0.0,0.0,0.0,0.0,0.0,0.0,0.0,0.0,0.0,0.0,0.0,0.0,0.0,0.0,0.0,0.0,0.0,0.0,0.00635458589281932,0.7498411353526797,8.508790510485069,15.962719762762129,4.543528913365813,0.22876509214149549,4.455544455544455,2.9778187191210583,nan,nan,nan,4.4454119223040856,2.994838277864289,4.465871438038436,2.961817137306689,1.004602389180561,0.3765,0.02177,0.0,0.0,0.0,0.0,0.0,0.0,0.0,0.0,0.00635458589281932,0.6418131751747512,9.188731201016735,15.943656005083648,4.124126244439738,0.0953187883922898,0.0,0.0,0.0,0.0,0.0,0.0,0.0,0.0,0.0,0.0,0.0,0.0,0.0,0.0,0.0,0.0,nan,nan,4.455544455544455,2.9778187191210583,nan,0.3765,0.1091,0.0,0.0,0.0,0.0,0.0,0.0,0.0,0.0,0.0,0.0,0.0,0.0,0.0,0.0,0.0003600932005930947,0.0002541834357127727,7.413683541622537e-05,7.413683541622537e-05,0.0027748358398644356,0.005475534844312646,0.013514085998729082,0.013249311586528277,0.019900444821012497,0.03424062698580809,0.05248887947468757,0.024613429358186823,0.026456259267104428,0.014986231730565559,0.023946197839440797,0.03919720398220716,0.018820165219233215,0.03332980300783732,0.036125820800677826,0.03543740732895573,0.018481253971616183,0.031158652827790723,0.04886676551578056,0.055941537809786064,0.016553696250794322,0.0481253971616183,0.021658546918025844,0.021319635670408812,0.023067146790934124,0.05313492904045753,0.057466638424062695,0.006195721245498835,0.014975640754077526,0.020091082397797076,0.01807879686507096,0.008758737555602627,0.007964414319000211,0.006153357339546706,0.004045753018428299,0.0005613217538657064,0.004670620631222199,0.015547553484431265,0.030046600296547342,0.012889218385935184,0.004977758949375132,0.0051048506672315185,0.018068205888582926,0.0023300148273670833,0.0036962507943232364,0.013736496504977758,0.0047977123490785855,0.003971616183012074,2.1181952976064393e-05,0.0002541834357127727,0.0009002330014827367,0.000646049565769964,0.00037068417708112687,0.0,5.2954882440160984e-05,0.0,0.0,0.0,0.0,0.0,0.0,0.0,0.0,0.0,0.0,0.0,0.0,0.0,0.0,0.0,0.0,0.0,0.0,0.0,0.0,0.0,0.0,0.0,0.0,0.0,0.0,0.0,0.0,nan,nan,4.455544455544455,2.9778187191210583,nan,0.9114419617688229,0.022311742811356183,0.0,0.0,0.0,0.0,0.0,0.0,0.0,0.0,0.0,0.0,0.0,0.0,0.0,0.0,0.0,0.0,0.0,0.0,0.0,0.0,0.0,0.0,0.0,0.0,0.0,0.6298888431453273,8.447920955125568,16.068340881020998,4.656237134623303,0.1976121860848086,0.9108643822540996,0.023115124561262933,0.0,0.0,0.0,0.0,0.0,0.0,0.0,0.0,0.0,0.0,0.0,0.0,0.0,0.0,0.0,0.0,0.0,0.0,0.0,0.0,0.0,0.0,0.0,0.0,0.013089005235602098,0.8769633507853405,8.573298429319374,15.85078534031414,4.4240837696335085,0.26178010471204194,0.3765,0.02185,0.0,0.0,0.0,0.0,0.0,0.0,0.0,0.0,0.012350761630300537,0.6545903664059286,8.991354466858791,16.253602305475482,3.9769452449567733,0.11115685467270484,0.0,0.0,0.0,0.0,0.0,0.0,0.0,0.0,0.0,0.0,0.0,0.0,0.0,0.0,0.0,0.0,0.3765,0.02168,0.0,0.0,0.0,0.0,0.0,0.0,0.0,0.0,0.0,0.6282722513089006,9.397905759162306,15.615183246073276,4.280104712041886,0.07853403141361258,0.0,0.0,0.0,0.0,0.0,0.0,0.0,0.0,0.0,0.0,0.0,0.0,0.0,0.0,0.0,0.0
28900,4865,2506,0.5151079136690647,1186,967,0.4425488180883864,1345,0.5529290853031861,0.43,3.0042390843577786,3.185913623504123,6.703592814371257,2.2284602298171063,9313.435569102987,1417.0094256156442,7853.0,10755.369569182396,10688.203129962503,17.417456807918825,7853.0,0.0,27.684892086330937,20.862363716741413,32.70427728613569,19.13416665863857,0.14244604316546763,0.10195272353545735,0.09537512846865365,0.0908530318602261,0.07852004110996917,0.06824254881808839,0.06865364850976362,0.06392600205549846,0.05960945529290853,0.05220966084275437,0.04686536485097636,0.03884892086330935,0.031243576567317573,0.026104830421377186,0.018499486125385406,0.011099691675231244,0.005549845837615622,0.9090483171354218,0.022275190207181137,0.0,0.0,0.0,0.0,0.0,0.0,0.0,0.0,0.0,0.0,0.0,0.0,0.0,0.0,0.0,0.0,0.0,0.0,0.0,0.0,0.0,0.0,0.0,0.0,0.0,0.8448098663926004,9.564234326824256,15.311408016443991,4.100719424460433,0.17882836587872564,4.3699774991964,2.96606521836533,nan,nan,nan,4.388040712468193,2.97543966488321,4.351526965562053,2.9563451339056024,0.9916788039813784,0.378,0.02234,0.0,0.0,0.0,0.0,0.0,0.0,0.0,0.0,0.0,0.6598150051387464,8.633093525179858,15.84789311408014,4.612538540596096,0.24665981500513878,0.0,0.0,0.0,0.0,0.0,0.0,0.0,0.0,0.0,0.0,0.0,0.0,0.0,0.0,0.0,0.0,nan,nan,4.3699774991964,2.96606521836533,nan,0.378,0.1097,0.0,0.0,0.0,0.0,0.0,0.0,0.0,0.0,0.0,0.0,0.0,0.0,0.0,0.0,0.00048304213771839673,0.000328879753340185,0.00013360739979445015,3.083247687564235e-05,0.0028982528263103804,0.005035971223021582,0.012816032887975334,0.01328879753340185,0.019948612538540595,0.03302158273381295,0.04971223021582734,0.026875642343268242,0.025724563206577594,0.014964028776978418,0.025097636176772867,0.040205549845837615,0.01670092497430627,0.03226104830421377,0.03349434737923947,0.03537512846865365,0.01972250770811922,0.030575539568345324,0.04934224049331963,0.056341212744090444,0.017574511819116137,0.04754367934224049,0.020462487153134635,0.019393627954779034,0.0247070914696814,0.053124357656731756,0.0595169578622816,0.006392600205549846,0.01566289825282631,0.020698869475847894,0.01749229188078109,0.00920863309352518,0.008283658787255909,0.005683453237410072,0.004131551901336074,0.0005755395683453237,0.004964028776978417,0.015467625899280576,0.031294964028776975,0.011870503597122302,0.00499486125385406,0.005498458376156218,0.017533401849948612,0.0033504624871531345,0.003514902363823227,0.014696813977389518,0.005313463514902364,0.0039054470709146967,5.1387461459403907e-05,7.194244604316547e-05,0.000842754367934224,0.0013874614594039055,0.0003699897225077081,0.0,4.110996916752313e-05,0.0,0.0,0.0,0.0,0.0,0.0,0.0,0.0,0.0,0.0,0.0,0.0,0.0,0.0,0.0,0.0,0.0,0.0,0.0,0.0,0.0,0.0,0.0,0.0,0.0,0.0,0.0,0.0,nan,nan,4.3699774991964,2.96606521836533,nan,0.9093203639042253,0.02225018734975164,0.0,0.0,0.0,0.0,0.0,0.0,0.0,0.0,0.0,0.0,0.0,0.0,0.0,0.0,0.0,0.0,0.0,0.0,0.0,0.0,0.0,0.0,0.0,0.0,0.0,0.7781324820430967,9.612928970470872,15.287310454908223,4.118116520351158,0.20351157222665608,0.9087593178973454,0.022298084916722846,0.0,0.0,0.0,0.0,0.0,0.0,0.0,0.0,0.0,0.0,0.0,0.0,0.0,0.0,0.0,0.0,0.0,0.0,0.0,0.0,0.0,0.0,0.0,0.0,0.0,0.9156422212802037,9.512505298855448,15.337007206443412,4.082238236540908,0.15260703688003394,0.378,0.02205,0.0,0.0,0.0,0.0,0.0,0.0,0.0,0.0,0.0,0.658419792498005,8.475658419792499,16.161213088587367,4.4892258579409425,0.21548284118116526,0.0,0.0,0.0,0.0,0.0,0.0,0.0,0.0,0.0,0.0,0.0,0.0,0.0,0.0,0.0,0.0,0.378,0.02263,0.0,0.0,0.0,0.0,0.0,0.0,0.0,0.0,0.0,0.6612971598134805,8.800339126748623,15.515048749470093,4.743535396354388,0.27977956761339556,0.0,0.0,0.0,0.0,0.0,0.0,0.0,0.0,0.0,0.0,0.0,0.0,0.0,0.0,0.0,0.0
29000,4771,2469,0.5175015719974848,1224,969,0.4596520645566967,1383,0.5797526723957241,0.36599999999999994,2.923110338835795,2.9479550503929404,6.191489361702128,2.129545263672193,9320.722646782593,1417.2742494639829,7853.0,10745.349784135818,10689.170412231573,17.83019235137598,7853.0,0.0,29.704464472856845,21.184675172107568,34.24969489870637,19.386386083265926,0.12072940683294907,0.09620624607000629,0.08551666317333892,0.07419828128274995,0.08342066652693356,0.08048627122196604,0.07021588765457976,0.0653950953678474,0.06665269335569063,0.05701110878222595,0.0452735275623559,0.04715992454412073,0.036889540976734435,0.02703835673862922,0.022427164116537415,0.011947180884510585,0.009431984908824145,0.9095004275519252,0.022623687771312653,0.0,0.0,0.0,0.0,0.0,0.0,0.0,0.0,0.0,0.0,0.0,0.0,0.0,0.0,0.0,0.0,0.0,0.0,0.0,0.0,0.0,0.0,0.0,0.0,0.012575979878432198,0.7985747222804446,9.356529029553554,15.34269545168728,4.326137078180675,0.16348773841961858,4.034312210200928,2.7711915729618783,nan,nan,nan,4.034119106699752,2.749590929323408,4.034504004929143,2.792480415960087,1.0000954107251698,0.3801,0.02197,0.0,0.0,0.0,0.0,0.0,0.0,0.0,0.0,0.0,0.4527352756235591,7.847411444141691,16.034374345001023,5.457975267239574,0.20750366799413125,0.0,0.0,0.0,0.0,0.0,0.0,0.0,0.0,0.0,0.0,0.0,0.0,0.0,0.0,0.0,0.0,nan,nan,4.034312210200928,2.7711915729618783,nan,0.3801,0.1105,0.0,0.0,0.0,0.0,0.0,0.0,0.0,0.0,0.0,0.0,0.0,0.0,1.0479983232026829e-05,0.0,0.00040871934604904634,0.00013623978201634878,0.00023055963110459024,1.0479983232026829e-05,0.0031125550199119683,0.004495912806539509,0.0133200586879061,0.013215258855585832,0.01787885139383777,0.03126178998113603,0.0476944036889541,0.03060155103751834,0.023055963110459023,0.01631733389226577,0.025330119471808844,0.036868581010270386,0.01582477468036051,0.03260322783483546,0.034374345001047996,0.03603018235170824,0.01840285055543911,0.03221546845525047,0.04712848459442465,0.058509746384405786,0.017417732131628588,0.04711800461119262,0.021892684971704046,0.018822049884720183,0.02544539928736114,0.05272479564032698,0.06057430308111507,0.007147348564242297,0.015049255921190526,0.018790609935024103,0.017124292601131838,0.008876545797526725,0.008740306015510376,0.0056382309788304335,0.004904632152588556,0.0006916788933137707,0.0045692726891636976,0.015699014881576188,0.02983651226158038,0.01328861873821002,0.0053343114651016555,0.007252148396562566,0.018947809683504506,0.0037099140641374973,0.004223433242506812,0.014147977363236218,0.005061831901068958,0.00426535317543492,6.287989939216097e-05,4.1919932928107315e-05,0.0014147977363236218,0.001645357367428212,0.0005030391951372878,0.0,0.0,0.0,0.0,0.0,0.0,0.0,0.0,0.0,0.0,0.0,0.0,0.0,0.0,0.0,0.0,0.0,0.0,0.0,0.0,0.0,0.0,0.0,0.0,0.0,0.0,0.0,0.0,0.0,0.0,nan,nan,4.034312210200928,2.7711915729618783,nan,0.9090854281257067,0.022861671044844493,0.0,0.0,0.0,0.0,0.0,0.0,0.0,0.0,0.0,0.0,0.0,0.0,0.0,0.0,0.0,0.0,0.0,0.0,0.0,0.0,0.0,0.0,0.0,0.0,0.012150668286755775,0.8262454434993927,9.538274605103283,15.261239368165253,4.179829890643986,0.18226002430133662,0.9099455333657103,0.02235706527007252,0.0,0.0,0.0,0.0,0.0,0.0,0.0,0.0,0.0,0.0,0.0,0.0,0.0,0.0,0.0,0.0,0.0,0.0,0.0,0.0,0.0,0.0,0.0,0.0,0.013032145960034755,0.7688966116420506,9.161598609904432,15.43006081668115,4.483058210251956,0.1433536055603823,0.3801,0.02231,0.0,0.0,0.0,0.0,0.0,0.0,0.0,0.0,0.0,0.4981773997569867,7.84933171324423,15.917375455650037,5.552855407047389,0.18226002430133662,0.0,0.0,0.0,0.0,0.0,0.0,0.0,0.0,0.0,0.0,0.0,0.0,0.0,0.0,0.0,0.0,0.38,0.0216,0.0,0.0,0.0,0.0,0.0,0.0,0.0,0.0,0.0,0.40399652476107745,7.845351867940923,16.15986099044307,5.356211989574285,0.2345786272806256,0.0,0.0,0.0,0.0,0.0,0.0,0.0,0.0,0.0,0.0,0.0,0.0,0.0,0.0,0.0,0.0
29100,4147,2143,0.5167591029659995,1018,831,0.44586448034723897,1122,0.5411140583554377,0.434,2.9261477045908184,3.0907005791567266,6.558983666061706,2.1359565540577203,9318.650667010057,1417.37837995089,7853.0,10750.883405804634,10689.235798455764,17.73082577716456,7853.0,0.0,27.53387991319026,20.588648569855454,32.54054834054834,18.82203854668399,0.14203038340969376,0.10368941403424162,0.09452616349168073,0.08415722208825657,0.08054014950566675,0.07378828068483241,0.07306486616831444,0.05907885218230046,0.06124909573185435,0.05063901615625754,0.04895104895104895,0.04051121292500603,0.03303592958765372,0.026042922594646734,0.013986013986013986,0.008198697853870267,0.0065107306486616836,0.909782186168517,0.02205160625630606,0.0,0.0,0.0,0.0,0.0,0.0,0.0,0.0,0.0,0.0,0.0,0.0,0.0,0.0,0.0,0.0,0.0,0.0,0.0,0.0,0.0,0.0,0.0,0.0,0.0072341451651796495,0.7161803713527852,9.07885218230046,15.922353508560409,4.108994453822041,0.16638533879913192,4.270249810749433,2.907678734434333,nan,nan,nan,4.312312312312312,2.9183171749644092,4.223834988540871,2.8942946364521203,0.9794826261727785,0.3801,0.02272,0.0,0.0,0.0,0.0,0.0,0.0,0.0,0.0,0.0,0.47021943573667724,7.8562816493850995,15.9151193633952,5.483482035206174,0.24596093561610807,0.028936580660718598,0.0,0.0,0.0,0.0,0.0,0.0,0.0,0.0,0.0,0.0,0.0,0.0,0.0,0.0,0.0,nan,nan,4.270249810749433,2.907678734434333,nan,0.3801,0.1115,0.0,0.0,0.0,0.0,0.0,0.0,0.0,0.0,0.0,0.0,0.0,0.0,0.0,0.0,0.0005305039787798408,0.00010851217747769473,0.00037376416686761517,0.0001808536291294912,0.003605015673981191,0.0047865927176272,0.013202314926452857,0.013817217265493127,0.01997829756450446,0.03132384856522787,0.04820352061731372,0.029382686279238002,0.02365565469013745,0.016264769713045576,0.024379069206655415,0.03562816493850977,0.014456233421750663,0.03334940921147818,0.03496503496503497,0.03606221364842054,0.01826621654207861,0.034868579696165906,0.04559922835784905,0.056788039546660236,0.01563781046539667,0.045563057632023146,0.02208825657101519,0.01750663129973475,0.02554858934169279,0.05110923559199421,0.061116469737159396,0.007788762961176754,0.01720520858451893,0.019640704123462745,0.017518688208343382,0.009078852182300458,0.00842777911743429,0.0059199421268386785,0.005317096696407041,0.0009163250542560887,0.003002170243549554,0.014251265975403906,0.02795997106341934,0.013877501808536292,0.006064625030142271,0.008029901133349409,0.01997829756450446,0.0037858693031106823,0.004870991077887629,0.015734265734265736,0.004509283819628647,0.004027007475283337,7.234145165179648e-05,0.0,0.0015915119363395225,0.00171208102242585,0.00037376416686761517,0.0,0.0,0.0,0.0,0.0,0.0,0.0,0.0,0.0,0.0,0.0,0.0,0.0,0.0,0.0,0.0,0.0,0.0,0.0,0.0,0.0,0.0,0.0,0.0,0.0,0.0,0.0,0.0,0.0,0.0,nan,nan,4.270249810749433,2.907678734434333,nan,0.9094556079142238,0.022186594288230208,0.0,0.0,0.0,0.0,0.0,0.0,0.0,0.0,0.0,0.0,0.0,0.0,0.0,0.0,0.0,0.0,0.0,0.0,0.0,0.0,0.0,0.0,0.0,0.0,0.013999066728884743,0.769948670088661,9.155389640690622,15.860942603826414,4.0177321511899216,0.1819878674755017,0.9101314163077139,0.02190094743329142,0.0,0.0,0.0,0.0,0.0,0.0,0.0,0.0,0.0,0.0,0.0,0.0,0.0,0.0,0.0,0.0,0.0,0.0,0.0,0.0,0.0,0.0,0.0,0.0,0.0,0.658682634730539,8.997005988023954,15.988023952095812,4.206586826347307,0.14970059880239525,0.38,0.02269,0.0,0.0,0.0,0.0,0.0,0.0,0.0,0.0,0.0,0.5739617358842745,7.923471768548765,15.972935137657466,5.263649090060664,0.2239850676621559,0.04199720018665423,0.0,0.0,0.0,0.0,0.0,0.0,0.0,0.0,0.0,0.0,0.0,0.0,0.0,0.0,0.0,0.3806,0.02274,0.0,0.0,0.0,0.0,0.0,0.0,0.0,0.0,0.0,0.35928143712574856,7.784431137724552,15.85329341317363,5.718562874251498,0.26946107784431145,0.014970059880239524,0.0,0.0,0.0,0.0,0.0,0.0,0.0,0.0,0.0,0.0,0.0,0.0,0.0,0.0,0.0
29200,4417,2308,0.5225266017659045,1105,914,0.45709757754131763,1231,0.5573918949513245,0.40599999999999997,2.9293504030346136,3.0312481338481474,6.435593220338983,2.2005594598249836,9334.688692087902,1416.4281069462465,7853.0,10742.797626137733,10688.623463150894,17.429774730045562,7853.0,0.0,27.895177722436042,20.731300944929924,32.86855600539811,18.929152568015812,0.13946117274167988,0.09803033733303147,0.09033280507131537,0.08512565089427213,0.0821824767942042,0.08172968077880914,0.07222096445551279,0.06339144215530904,0.057278695947475665,0.05592030790129047,0.04369481548562373,0.036676477247000225,0.03169572107765452,0.027167760923703873,0.01788544260810505,0.011093502377179081,0.006112746207833371,0.9095953606711757,0.02289466889364519,0.0,0.0,0.0,0.0,0.0,0.0,0.0,0.0,0.0,0.0,0.0,0.0,0.0,0.0,0.0,0.0,0.0,0.0,0.0,0.0,0.0,0.0,0.0,0.0,0.013583880461851938,0.8082408874801904,9.610595426760247,14.98302014942269,4.34684174779262,0.23771790808240892,4.210508002783577,2.8798512160446608,nan,nan,nan,4.237062937062937,2.8619319193028057,4.184210526315789,2.8972477148717606,0.9875261681187619,0.3784,0.02267,0.0,0.0,0.0,0.0,0.0,0.0,0.0,0.0,0.006791940230925969,0.645234321937967,8.496717228888388,15.784469096671927,4.849445324881142,0.217342087389631,0.0,0.0,0.0,0.0,0.0,0.0,0.0,0.0,0.0,0.0,0.0,0.0,0.0,0.0,0.0,0.0,nan,nan,4.210508002783577,2.8798512160446608,nan,0.3784,0.11163,0.0,0.0,0.0,0.0,0.0,0.0,0.0,0.0,0.0,0.0,0.0,0.0,0.0,0.0,0.0006565542223228436,0.0003395970115462984,0.00047543581616481777,0.0002716776092370387,0.003452569617387367,0.004652479058184288,0.013946117274167988,0.01270092823183156,0.02064749830201494,0.03258999320805977,0.05294317410006792,0.030563731039166854,0.02162100973511433,0.01571202173420874,0.02283223907629613,0.035782205116594974,0.01413855558071089,0.03607652252660177,0.034310618066561015,0.037480190174326466,0.019028752546977588,0.0347520941815712,0.047634140819560786,0.05640706361784016,0.015032827711116142,0.04466832691872311,0.02201720624858501,0.01564410233189948,0.026726284808693684,0.047588861218021285,0.06060674666062939,0.0071315372424722665,0.01804392121349332,0.01988906497622821,0.01681005207154177,0.009304958116368577,0.008976681005207154,0.0052297939778129954,0.005716549694362689,0.0006225945211682137,0.003248811410459588,0.013425401856463664,0.02600181118406158,0.01259904912836767,0.006361784016300657,0.00865972379443061,0.019968304278922346,0.003599728322390763,0.005931627801675345,0.015542223228435589,0.003837446230473172,0.00350916911931175,5.659950192438306e-05,1.1319900384876613e-05,0.001256508942721304,0.002513017885442608,0.0004414761150101879,0.0,1.1319900384876613e-05,0.0,0.0,0.0,0.0,0.0,0.0,0.0,0.0,0.0,0.0,0.0,0.0,0.0,0.0,0.0,0.0,0.0,0.0,0.0,0.0,0.0,0.0,0.0,0.0,0.0,0.0,0.0,0.0,nan,nan,4.210508002783577,2.8798512160446608,nan,0.9093971763522828,0.02231865491700559,0.0,0.0,0.0,0.0,0.0,0.0,0.0,0.0,0.0,0.0,0.0,0.0,0.0,0.0,0.0,0.0,0.0,0.0,0.0,0.0,0.0,0.0,0.0,0.0,0.01299826689774697,0.7409012131715773,9.709705372616986,15.285961871750436,4.055459272097054,0.19497400346620455,0.9098122451699927,0.02350695107331343,0.0,0.0,0.0,0.0,0.0,0.0,0.0,0.0,0.0,0.0,0.0,0.0,0.0,0.0,0.0,0.0,0.0,0.0,0.0,0.0,0.0,0.0,0.0,0.0,0.014224751066856334,0.8819345661450927,9.50213371266003,14.651493598862023,4.665718349928877,0.2844950213371267,0.3787,0.02274,0.0,0.0,0.0,0.0,0.0,0.0,0.0,0.0,0.01299826689774697,0.6629116117850954,8.344887348353554,15.753899480069302,5.01733102253033,0.20797227036395152,0.0,0.0,0.0,0.0,0.0,0.0,0.0,0.0,0.0,0.0,0.0,0.0,0.0,0.0,0.0,0.0,0.3782,0.02258,0.0,0.0,0.0,0.0,0.0,0.0,0.0,0.0,0.0,0.6258890469416787,8.662873399715506,15.817923186344215,4.665718349928877,0.22759601706970134,0.0,0.0,0.0,0.0,0.0,0.0,0.0,0.0,0.0,0.0,0.0,0.0,0.0,0.0,0.0,0.0
29300,4343,2262,0.5208381303246604,1059,869,0.4439327653695602,1208,0.5562974902141377,0.41,3.102354637193657,3.1581111075376973,6.658653846153846,2.118407295569269,9329.825264027171,1416.563644026875,7853.0,10747.5376547575,10688.478391542885,17.48831912851241,7853.0,0.0,28.073221275615932,20.94033230012345,32.94696555494806,19.219927347657265,0.13608104996546166,0.10131245682707805,0.09463504489983882,0.08933916647478701,0.08104996546166245,0.07022795302786093,0.06930693069306931,0.06101772967994474,0.06608335252129864,0.04973520607874741,0.039603960396039604,0.045130094404789316,0.03131475938291504,0.028781947962238083,0.02026249136541561,0.009670734515311996,0.006447156343541331,0.9089026340904692,0.0226676967237537,0.0,0.0,0.0,0.0,0.0,0.0,0.0,0.0,0.0,0.0,0.0,0.0,0.0,0.0,0.0,0.0,0.0,0.0,0.0,0.0,0.0,0.0,0.0,0.0,0.013815335021874283,0.9118121114437027,9.636196177757313,15.1761455215289,4.137692839051348,0.12433801519686855,4.34419770773639,2.9131547558272213,nan,nan,nan,4.261274158911954,2.837729608077407,4.4272401433691755,2.984471744657823,1.0389475021479486,0.378,0.0231,0.0,0.0,0.0,0.0,0.0,0.0,0.0,0.0,0.013815335021874283,0.6285977434952799,8.855629749021416,15.42482155192261,4.807736587612251,0.26939903292654854,0.0,0.0,0.0,0.0,0.0,0.0,0.0,0.0,0.0,0.0,0.0,0.0,0.0,0.0,0.0,0.0,nan,nan,4.34419770773639,2.9131547558272213,nan,0.378,0.11145,0.0,0.0,0.0,0.0,0.0,0.0,0.0,0.0,0.0,4.605111673958094e-05,0.0,0.0,0.0,3.45383375546857e-05,0.0008058945429426663,0.0001381533502187428,0.0004144600506562284,0.0001036150126640571,0.0032696292885102465,0.0041215749481924935,0.01427584618927009,0.012779184895233709,0.020285516923785402,0.030658530969376006,0.054144600506562286,0.03205157725074833,0.020573336403407784,0.017764218282293347,0.024464655767902372,0.03836058024407092,0.014563665668892471,0.03323739350679254,0.03567810269399033,0.03701358507943817,0.01808657609947041,0.03327193184434723,0.04972369329956251,0.057183974211374625,0.014701819019111214,0.044496891549620075,0.01913423900529588,0.01565737969145752,0.02574257425742574,0.04679944738659912,0.062180520377619154,0.007241538107299102,0.01843195947501727,0.02007828689845729,0.016612940363803824,0.009382915035689615,0.009498042827538567,0.004835367257655998,0.005733364034077826,0.000736817867833295,0.003154501496661294,0.012836748791158186,0.02589224038682938,0.011731521989408243,0.006412618005986645,0.00886483997236933,0.020297029702970298,0.003396269859544094,0.004938982270320055,0.01581855860004605,0.004340317752705503,0.004524522219663827,1.1512779184895234e-05,0.0,0.0013585079438176377,0.0018420446695832373,0.0002532811420676951,0.0,0.0,1.1512779184895234e-05,0.0,0.0,0.0,0.0,0.0,0.0,0.0,0.0,0.0,0.0,0.0,0.0,0.0,0.0,0.0,0.0,0.0,0.0,0.0,0.0,0.0,0.0,0.0,0.0,0.0,0.0,0.0,nan,nan,4.34419770773639,2.9131547558272213,nan,0.9094167846056553,0.022585357028459218,0.0,0.0,0.0,0.0,0.0,0.0,0.0,0.0,0.0,0.0,0.0,0.0,0.0,0.0,0.0,0.0,0.0,0.0,0.0,0.0,0.0,0.0,0.0,0.0,0.0,0.8355437665782496,9.442970822281168,15.384615384615389,4.1909814323607435,0.14588859416445626,0.9083437640927033,0.02274368059398229,0.0,0.0,0.0,0.0,0.0,0.0,0.0,0.0,0.0,0.0,0.0,0.0,0.0,0.0,0.0,0.0,0.0,0.0,0.0,0.0,0.0,0.0,0.0,0.0,0.0288322921672273,0.9947140797693419,9.846227775108122,14.949543488707356,4.079769341662663,0.10091302258529555,0.3784,0.02315,0.0,0.0,0.0,0.0,0.0,0.0,0.0,0.0,0.026525198938992047,0.5039787798408489,8.6737400530504,15.610079575596794,4.880636604774536,0.3050397877984085,0.0,0.0,0.0,0.0,0.0,0.0,0.0,0.0,0.0,0.0,0.0,0.0,0.0,0.0,0.0,0.0,0.3774,0.02303,0.0,0.0,0.0,0.0,0.0,0.0,0.0,0.0,0.0,0.7640557424315235,9.053339740509372,15.22345026429599,4.7284959154252775,0.2306583373378184,0.0,0.0,0.0,0.0,0.0,0.0,0.0,0.0,0.0,0.0,0.0,0.0,0.0,0.0,0.0,0.0
29400,4113,2148,0.5222465353756383,1003,838,0.4476051543885242,1125,0.5470459518599562,0.426,2.9099236641221373,3.1204045285273105,6.903030303030303,2.0485745004588463,9333.089555329543,1415.695608491586,7853.0,10749.73714876175,10687.082095470398,17.712146116059767,7853.0,0.0,27.01726233892536,20.448602343451658,32.09771796372147,18.702432247489835,0.1473377097009482,0.10089958667639193,0.09409190371991247,0.09166058837831267,0.08339411621687333,0.07780209093119378,0.06588864575735473,0.06686117189399465,0.051543885241915874,0.0537320690493557,0.046681254558716266,0.03865791393143691,0.028932652565037686,0.020666180403598345,0.015803549720398737,0.011184050571359105,0.004862630683199611,0.9068349594476303,0.022335185775078596,0.0,0.0,0.0,0.0,0.0,0.0,0.0,0.0,0.0,0.0,0.0,0.0,0.0,0.0,0.0,0.0,0.0,0.0,0.0,0.0,0.0,0.0,0.0,0.0,0.0072939460247994185,1.0357403355215173,10.335521517140775,15.091174325309996,3.4135667396061278,0.1167031363967907,4.27093786182941,2.897702787354569,nan,nan,nan,4.355957767722473,2.9449432506158173,4.181962025316456,2.8457369757703863,0.9600556865598374,0.3784,0.02315,0.0,0.0,0.0,0.0,0.0,0.0,0.0,0.0,0.0072939460247994185,0.6856309263311453,8.548504741064917,15.630926331145126,4.799416484318017,0.3282275711159738,0.0,0.0,0.0,0.0,0.0,0.0,0.0,0.0,0.0,0.0,0.0,0.0,0.0,0.0,0.0,0.0,nan,nan,4.27093786182941,2.897702787354569,nan,0.3784,0.1117,0.0,0.0,0.0,0.0,0.0,0.0,0.0,0.0,0.0,4.862630683199611e-05,0.0,0.0,0.0,0.0,0.0008388037928519329,4.862630683199611e-05,0.0005835156819839533,7.293946024799416e-05,0.003975200583515682,0.0038901045465596887,0.014320447362022854,0.012533430585946997,0.018660345246778506,0.02926088013615366,0.052674446875759784,0.03392900559202529,0.021675176270362265,0.01852662290299052,0.024677850717238027,0.03963044006807683,0.013542426452710917,0.033394116216873326,0.03424507658643326,0.036591295891077076,0.01840505713591053,0.032020423048869436,0.05221249696085582,0.054959883296863604,0.014040846097738877,0.04587892049598833,0.019936785801118406,0.01461220520301483,0.0262825188426939,0.04548991004133236,0.06442985655239485,0.007354728908339412,0.018672501823486506,0.019608558230002432,0.016192560175054705,0.009591539022611232,0.009226841721371263,0.004801847799659616,0.00612691466083151,0.0012156576707999028,0.0024799416484318016,0.01213226355458303,0.02550449793338196,0.011354242645271092,0.0064551422319474834,0.009238998298079261,0.020666180403598345,0.003160709944079747,0.005555555555555556,0.016727449550206663,0.0043642110381716505,0.004510089958667639,0.0,0.0,0.0017262338925358618,0.0014587892049598833,0.0004133236080719669,7.293946024799416e-05,0.0,0.0,0.0,0.0,0.0,0.0,0.0,0.0,0.0,0.0,0.0,0.0,0.0,0.0,0.0,0.0,0.0,0.0,0.0,0.0,0.0,0.0,0.0,0.0,0.0,0.0,0.0,0.0,0.0,nan,nan,4.27093786182941,2.897702787354569,nan,0.9069163850898849,0.02259727433418552,0.0,0.0,0.0,0.0,0.0,0.0,0.0,0.0,0.0,0.0,0.0,0.0,0.0,0.0,0.0,0.0,0.0,0.0,0.0,0.0,0.0,0.0,0.0,0.0,0.013966480446927377,1.0614525139664805,10.27932960893855,15.000000000000004,3.505586592178772,0.13966480446927376,0.9067459506539595,0.022044780495843293,0.0,0.0,0.0,0.0,0.0,0.0,0.0,0.0,0.0,0.0,0.0,0.0,0.0,0.0,0.0,0.0,0.0,0.0,0.0,0.0,0.0,0.0,0.0,0.0,0.0,1.0076335877862597,10.396946564885498,15.190839694656493,3.312977099236642,0.09160305343511452,0.3784,0.02307,0.0,0.0,0.0,0.0,0.0,0.0,0.0,0.0,0.013966480446927377,0.628491620111732,8.421787709497208,15.949720670391038,4.622905027932962,0.36312849162011185,0.0,0.0,0.0,0.0,0.0,0.0,0.0,0.0,0.0,0.0,0.0,0.0,0.0,0.0,0.0,0.0,0.3787,0.02324,0.0,0.0,0.0,0.0,0.0,0.0,0.0,0.0,0.0,0.7480916030534353,8.687022900763361,15.282442748091581,4.992366412213741,0.29007633587786263,0.0,0.0,0.0,0.0,0.0,0.0,0.0,0.0,0.0,0.0,0.0,0.0,0.0,0.0,0.0,0.0
29500,4572,2376,0.5196850393700787,1132,953,0.45603674540682415,1285,0.5621172353455818,0.40199999999999997,2.895719489981785,3.130227486627041,6.776831345826235,2.1800414583929726,9326.038711944042,1416.1991510056566,7853.0,10746.295273661613,10687.483582074143,17.493615109807905,7853.0,0.0,27.270559930008748,20.461689430058012,32.0535621424857,18.789795461052446,0.1388888888888889,0.10039370078740158,0.09886264216972879,0.08989501312335958,0.08245844269466317,0.0789588801399825,0.07174103237095363,0.06124234470691164,0.05818022747156605,0.05402449693788276,0.04308836395450569,0.03543307086614173,0.031714785651793524,0.02230971128608924,0.01531058617672791,0.011373578302712161,0.006124234470691163,0.9064844709707788,0.02308572888225479,0.0,0.0,0.0,0.0,0.0,0.0,0.0,0.0,0.0,0.0,0.0,0.0,0.0,0.0,0.0,0.0,0.0,0.0,0.0,0.0,0.0,0.0,0.0,0.0,0.013123359580052497,1.1811023622047245,10.446194225721786,14.855643044619425,3.3398950131233605,0.1640419947506562,4.249059185768046,3.003173422076327,nan,nan,nan,4.210780926053904,2.997201161308676,4.286585365853658,3.00854411015808,1.0180024658444515,0.38,0.02324,0.0,0.0,0.0,0.0,0.0,0.0,0.0,0.0,0.013123359580052497,0.6561679790026248,7.998687664041996,15.603674540682393,5.33464566929134,0.3871391076115487,0.006561679790026248,0.0,0.0,0.0,0.0,0.0,0.0,0.0,0.0,0.0,0.0,0.0,0.0,0.0,0.0,0.0,nan,nan,4.249059185768046,3.003173422076327,nan,0.38,0.1124,0.0,0.0,0.0,0.0,0.0,0.0,0.0,0.0,0.0,6.561679790026247e-05,0.0,0.0,0.0,0.0,0.0008858267716535433,1.0936132983377077e-05,0.0006999125109361329,9.84251968503937e-05,0.0026356080489938756,0.004691601049868766,0.013178040244969378,0.01328740157480315,0.018427384076990377,0.027460629921259843,0.0536745406824147,0.034755030621172356,0.022878390201224848,0.018952318460192477,0.02507655293088364,0.039993438320209976,0.011701662292213474,0.03283027121609799,0.032316272965879266,0.036461067366579177,0.016863517060367456,0.032928696412948384,0.05251531058617673,0.05308398950131234,0.014884076990376202,0.04710192475940508,0.020089676290463692,0.012981189851268591,0.025196850393700787,0.04273840769903762,0.06433727034120736,0.008202099737532808,0.019783464566929133,0.019958442694663167,0.01634951881014873,0.010061242344706912,0.00991907261592301,0.005675853018372703,0.006550743657042869,0.0006342957130358705,0.0020013123359580052,0.012674978127734033,0.027263779527559054,0.013013998250218723,0.006299212598425197,0.009623797025371828,0.01983814523184602,0.0039041994750656167,0.006649168853893263,0.016108923884514435,0.003926071741032371,0.004954068241469816,1.0936132983377077e-05,0.0,0.0015748031496062992,0.0017388451443569554,0.00017497812773403323,0.0003062117235345582,0.0,0.0,0.0,0.0,0.0,0.0,0.0,0.0,0.0,0.0,0.0,0.0,0.0,0.0,0.0,0.0,0.0,0.0,0.0,0.0,0.0,0.0,0.0,0.0,0.0,0.0,0.0,0.0,0.0,nan,nan,4.249059185768046,3.003173422076327,nan,0.906264158586661,0.023144706490077636,0.0,0.0,0.0,0.0,0.0,0.0,0.0,0.0,0.0,0.0,0.0,0.0,0.0,0.0,0.0,0.0,0.0,0.0,0.0,0.0,0.0,0.0,0.0,0.0,0.0,1.1742424242424245,10.580808080808083,14.835858585858588,3.2575757575757582,0.15151515151515155,0.9067228417470372,0.0230193721094345,0.0,0.0,0.0,0.0,0.0,0.0,0.0,0.0,0.0,0.0,0.0,0.0,0.0,0.0,0.0,0.0,0.0,0.0,0.0,0.0,0.0,0.0,0.0,0.0,0.027322404371584706,1.1885245901639345,10.300546448087433,14.877049180327873,3.428961748633881,0.1775956284153006,0.38,0.02304,0.0,0.0,0.0,0.0,0.0,0.0,0.0,0.0,0.02525252525252526,0.6691919191919193,7.7904040404040416,15.909090909090887,5.239898989898991,0.35353535353535365,0.01262626262626263,0.0,0.0,0.0,0.0,0.0,0.0,0.0,0.0,0.0,0.0,0.0,0.0,0.0,0.0,0.0,0.38,0.02344,0.0,0.0,0.0,0.0,0.0,0.0,0.0,0.0,0.0,0.6420765027322406,8.224043715846996,15.273224043715825,5.437158469945356,0.4234972677595629,0.0,0.0,0.0,0.0,0.0,0.0,0.0,0.0,0.0,0.0,0.0,0.0,0.0,0.0,0.0,0.0
29600,4703,2380,0.5060599617265575,1119,994,0.44928768870933444,1375,0.5847331490537955,0.39399999999999996,2.9470512268618165,3.0859747789251064,6.586046511627907,2.1198487654864304,9287.163407305214,1416.9430148293325,7853.0,10764.507198929787,10686.979203595134,17.94237390825412,7853.0,0.0,28.147778014033594,20.939826988338805,33.10113780025284,19.145352229189903,0.1386349138847544,0.09632149691686158,0.0950457155007442,0.08526472464384435,0.07803529661917925,0.07909844779927706,0.06910482670635765,0.0620880289177121,0.06123750797363385,0.05273229853285137,0.047629172868381885,0.03891133319157984,0.03253242611099298,0.024239846906230066,0.019561981713799702,0.012545183925154156,0.0070167977886455455,0.9057091967795419,0.022605653645426712,0.0,0.0,0.0,0.0,0.0,0.0,0.0,0.0,0.0,0.0,0.0,0.0,0.0,0.0,0.0,0.0,0.0,0.0,0.0,0.0,0.0,0.0,0.0,0.0,0.006378907080586861,1.3906017435679356,10.525196682968321,14.843716776525625,3.119285562406975,0.11482032745056349,4.32361611529643,2.899691484209794,nan,nan,nan,4.319634703196347,2.9202689333028817,4.3276315789473685,2.878783491439,1.0018512851897186,0.38,0.02373,0.0,0.0,0.0,0.0,0.0,0.0,0.0,0.0,0.019136721241760583,0.6059961726557518,8.171379970231769,15.283861365086093,5.549649160110569,0.3572187965128642,0.012757814161173721,0.0,0.0,0.0,0.0,0.0,0.0,0.0,0.0,0.0,0.0,0.0,0.0,0.0,0.0,0.0,nan,nan,4.32361611529643,2.899691484209794,nan,0.38,0.112,0.0,0.0,0.0,0.0,0.0,0.0,0.0,0.0,0.0,4.2526047203912395e-05,0.0,0.0,5.315755900489049e-05,0.0,0.0010950457155007442,0.0,0.0005528386136508612,4.2526047203912395e-05,0.0019987242185838827,0.004550287050818626,0.01348075696364023,0.012779077184775675,0.01901977461194982,0.026972145439081437,0.05536891345949394,0.034754412077397406,0.02298532851371465,0.018807144375930257,0.024941526685094622,0.038443546672336806,0.010365724005953647,0.033744418456304485,0.030618753986816925,0.03666808420157346,0.0175738890070168,0.0345630448649798,0.049627897086965765,0.05510312566446949,0.01617052944928769,0.04560918562619604,0.019806506485222197,0.012056134382309165,0.025536891345949393,0.04351477780140336,0.06290665532638741,0.008250053157559004,0.020773974059111206,0.021688284073995322,0.016861577716351266,0.011758452051881777,0.00984477992770572,0.0054752285775037214,0.007282585583669998,0.0006166276844567297,0.0019243036359770358,0.012151817988517968,0.027886455453965554,0.012268764618328726,0.006921114182436743,0.008887943865617691,0.019445035083988944,0.0036785030831384224,0.006113119285562407,0.017658941101424623,0.0034977673825217948,0.0036891345949394004,6.37890708058686e-05,3.18945354029343e-05,0.0012332553689134594,0.0016159897937486711,0.0002445247714224963,0.0003827344248352116,0.0,0.0,0.0,0.0,0.0,0.0,0.0,0.0,0.0,0.0,0.0,0.0,0.0,0.0,0.0,0.0,0.0,0.0,0.0,0.0,0.0,0.0,0.0,0.0,0.0,0.0,0.0,0.0,0.0,nan,nan,4.32361611529643,2.899691484209794,nan,0.9052267096122774,0.022408302440729444,0.0,0.0,0.0,0.0,0.0,0.0,0.0,0.0,0.0,0.0,0.0,0.0,0.0,0.0,0.0,0.0,0.0,0.0,0.0,0.0,0.0,0.0,0.0,0.0,0.012605042016806726,1.3487394957983196,10.802521008403364,14.823529411764708,2.9243697478991604,0.08823529411764708,0.9062035228484568,0.02279548746846908,0.0,0.0,0.0,0.0,0.0,0.0,0.0,0.0,0.0,0.0,0.0,0.0,0.0,0.0,0.0,0.0,0.0,0.0,0.0,0.0,0.0,0.0,0.0,0.0,0.0,1.4334911752044774,10.241067585019373,14.864399483426606,3.3189840723202764,0.14205768402927252,0.38,0.0233,0.0,0.0,0.0,0.0,0.0,0.0,0.0,0.0,0.0,0.504201680672269,8.294117647058824,15.428571428571408,5.382352941176472,0.3781512605042018,0.012605042016806726,0.0,0.0,0.0,0.0,0.0,0.0,0.0,0.0,0.0,0.0,0.0,0.0,0.0,0.0,0.0,0.38,0.02414,0.0,0.0,0.0,0.0,0.0,0.0,0.0,0.0,0.03874300473525614,0.7102884201463626,8.045630650021526,15.135600516573374,5.721050365906158,0.3357727077055533,0.012914334911752048,0.0,0.0,0.0,0.0,0.0,0.0,0.0,0.0,0.0,0.0,0.0,0.0,0.0,0.0,0.0
29700,4545,2375,0.5225522552255225,1074,953,0.445984598459846,1286,0.5658965896589659,0.40599999999999997,3.029493087557604,3.0866228724715725,6.566666666666666,2.104492549021946,9333.66189796581,1415.378791780149,7853.0,10755.34335052967,10686.519295265098,18.1806662396538,7853.0,0.0,27.72959295929593,20.839312249636222,32.55067920585162,19.175175306200668,0.13751375137513752,0.10275027502750275,0.09746974697469747,0.08492849284928493,0.08404840484048405,0.07436743674367437,0.07304730473047305,0.0627062706270627,0.0539053905390539,0.04972497249724973,0.04884488448844884,0.03542354235423542,0.031243124312431245,0.025302530253025302,0.02024202420242024,0.012541254125412541,0.005940594059405941,0.9050212473365733,0.02256501124518007,0.0,0.0,0.0,0.0,0.0,0.0,0.0,0.0,0.0,0.0,0.0,0.0,0.0,0.0,0.0,0.0,0.0,0.0,0.0,0.0,0.0,0.0,0.0,0.0,0.0066006600660066025,1.227722772277228,11.392739273927395,14.270627062706273,2.990099009900991,0.11221122112211224,4.305020632737277,2.882764719390001,nan,nan,nan,4.281121751025991,2.9502786810249306,4.327335640138409,2.8127453670395486,1.0107948084170562,0.3792,0.02318,0.0,0.0,0.0,0.0,0.0,0.0,0.0,0.0,0.0066006600660066025,0.8250825082508253,8.052805280528055,15.498349834983475,5.280528052805281,0.3366336633663367,0.0,0.0,0.0,0.0,0.0,0.0,0.0,0.0,0.0,0.0,0.0,0.0,0.0,0.0,0.0,0.0,nan,nan,4.305020632737277,2.882764719390001,nan,0.3792,0.1115,0.0,0.0,0.0,0.0,0.0,0.0,0.0,0.0,0.0,0.0,0.0,0.0,0.0,0.0,0.00047304730473047305,0.0,0.0005170517051705171,0.00011001100110011001,0.002618261826182618,0.005159515951595159,0.012695269526952695,0.013828382838283828,0.019735973597359735,0.026776677667766778,0.054004400440044,0.0348954895489549,0.02174917491749175,0.01856985698569857,0.025973597359735975,0.03891089108910891,0.010275027502750275,0.036765676567656766,0.030913091309130912,0.036358635863586355,0.01572057205720572,0.03716171617161716,0.04613861386138614,0.05607260726072607,0.018393839383938394,0.046457645764576457,0.017282728272827282,0.011584158415841584,0.027216721672167217,0.04182618261826183,0.06089108910891089,0.007953795379537954,0.02283828382838284,0.022805280528052804,0.017766776677667767,0.011694169416941694,0.009064906490649064,0.006215621562156216,0.007788778877887789,0.000572057205720572,0.001672167216721672,0.011606160616061607,0.026303630363036304,0.011727172717271727,0.007722772277227723,0.007942794279427942,0.02020902090209021,0.004026402640264027,0.005247524752475248,0.017051705170517052,0.0034763476347634764,0.004455445544554455,8.800880088008801e-05,6.6006600660066e-05,0.0007590759075907591,0.0016061606160616062,0.000143014301430143,0.00012101210121012101,0.0,0.0,0.0,0.0,0.0,0.0,0.0,0.0,0.0,0.0,0.0,0.0,0.0,0.0,0.0,0.0,0.0,0.0,0.0,0.0,0.0,0.0,0.0,0.0,0.0,0.0,0.0,0.0,0.0,nan,nan,4.305020632737277,2.882764719390001,nan,0.9046697566885697,0.022685695836773698,0.0,0.0,0.0,0.0,0.0,0.0,0.0,0.0,0.0,0.0,0.0,0.0,0.0,0.0,0.0,0.0,0.0,0.0,0.0,0.0,0.0,0.0,0.0,0.0,0.012631578947368424,1.2378947368421054,11.532631578947372,14.134736842105266,2.9684210526315797,0.11368421052631582,0.9054059433222915,0.02242586797575095,0.0,0.0,0.0,0.0,0.0,0.0,0.0,0.0,0.0,0.0,0.0,0.0,0.0,0.0,0.0,0.0,0.0,0.0,0.0,0.0,0.0,0.0,0.0,0.0,0.0,1.2165898617511524,11.239631336405532,14.419354838709681,3.0138248847926277,0.11059907834101385,0.3796,0.02296,0.0,0.0,0.0,0.0,0.0,0.0,0.0,0.0,0.012631578947368424,0.6442105263157896,8.046315789473686,15.511578947368399,5.393684210526318,0.39157894736842114,0.0,0.0,0.0,0.0,0.0,0.0,0.0,0.0,0.0,0.0,0.0,0.0,0.0,0.0,0.0,0.0,0.379,0.02342,0.0,0.0,0.0,0.0,0.0,0.0,0.0,0.0,0.0,1.0230414746543781,8.059907834101384,15.483870967741913,5.1566820276497705,0.27649769585253464,0.0,0.0,0.0,0.0,0.0,0.0,0.0,0.0,0.0,0.0,0.0,0.0,0.0,0.0,0.0,0.0
29800,4482,2266,0.5055778670236502,1075,942,0.4500223114680946,1279,0.5707273538598839,0.40599999999999997,2.9927797833935017,3.1584141016379124,6.74203821656051,2.137104040534329,9285.145111153563,1416.3114703955862,7853.0,10740.924907684326,10685.689491699148,17.531640976909944,7853.0,0.0,28.07652833556448,20.75329874791779,32.97190564537503,18.96116682422038,0.1358768406961178,0.1033020972780009,0.09125390450691656,0.08277554663096831,0.08768406961178045,0.06671128960285587,0.06648817492190987,0.06537260151717983,0.06224899598393574,0.054439982150825524,0.05109326193663543,0.04038375725122713,0.036367692994199015,0.02431950022311468,0.01740294511378849,0.006247211066488175,0.008032128514056224,0.9042872099512552,0.022321114070382366,0.0,0.0,0.0,0.0,0.0,0.0,0.0,0.0,0.0,0.0,0.0,0.0,0.0,0.0,0.0,0.0,0.0,0.0,0.0,0.0,0.0,0.0,0.0,0.0,0.026773761713520756,1.318607764390897,11.452476572958505,14.350736278447124,2.7710843373493983,0.08032128514056226,4.3023415977961434,2.9071101256677534,nan,nan,nan,4.182070882557332,2.8752493234212912,4.420477815699659,2.9332721964587765,1.0570069087390843,0.3792,0.02357,0.0,0.0,0.0,0.0,0.0,0.0,0.0,0.0,0.006693440428380189,0.6358768406961179,8.560910307898261,15.020080321285118,5.414993306559572,0.36144578313253023,0.0,0.0,0.0,0.0,0.0,0.0,0.0,0.0,0.0,0.0,0.0,0.0,0.0,0.0,0.0,0.0,nan,nan,4.3023415977961434,2.9071101256677534,nan,0.3792,0.1118,0.0,0.0,0.0,0.0,0.0,0.0,0.0,0.0,0.0,0.0,0.0,0.0,0.0,0.0,0.0003123605533244087,0.0,0.0005243195002231146,0.00021195894689870592,0.003045515394912985,0.004629629629629629,0.013152610441767068,0.012583668005354752,0.019857206604194554,0.026215975011155735,0.055968317715305665,0.03550870147255689,0.02242302543507363,0.016543953592146363,0.02563587684069612,0.041231593038821956,0.010252119589468986,0.03559794734493529,0.0321173583221776,0.03683623382418563,0.015975011155734048,0.03639000446229362,0.04497991967871486,0.0571396697902722,0.0179384203480589,0.04607318161535029,0.018094600624721107,0.011178045515394914,0.026639892904953145,0.04108656849620705,0.06037483266398929,0.007463186077643909,0.023493975903614458,0.021229361892012494,0.017994199018295402,0.012304774654172245,0.00818830879071843,0.0068830879071842925,0.00821062025881303,0.0006804997768853191,0.001394466755912539,0.012327086122266845,0.026182507809013832,0.011613119143239625,0.008333333333333333,0.007708612226684516,0.019857206604194554,0.004562695225345827,0.005979473449352967,0.015963855421686747,0.0035809906291834003,0.004004908522980812,5.577867023650156e-05,0.00013386880856760375,0.0005243195002231146,0.0026215975011155733,0.00016733601070950468,2.2311468094600625e-05,0.0,0.0,0.0,0.0,0.0,0.0,0.0,0.0,0.0,0.0,0.0,0.0,0.0,0.0,0.0,0.0,0.0,0.0,0.0,0.0,0.0,0.0,0.0,0.0,0.0,0.0,0.0,0.0,0.0,nan,nan,4.3023415977961434,2.9071101256677534,nan,0.9044492025871984,0.02221002013321267,0.0,0.0,0.0,0.0,0.0,0.0,0.0,0.0,0.0,0.0,0.0,0.0,0.0,0.0,0.0,0.0,0.0,0.0,0.0,0.0,0.0,0.0,0.0,0.0,0.026478375992939104,1.2312444836716683,11.465136804942633,14.417475728155344,2.8067078552515454,0.05295675198587821,0.9041215622468115,0.02243293611346978,0.0,0.0,0.0,0.0,0.0,0.0,0.0,0.0,0.0,0.0,0.0,0.0,0.0,0.0,0.0,0.0,0.0,0.0,0.0,0.0,0.0,0.0,0.0,0.0,0.027075812274368238,1.4079422382671485,11.43953068592058,14.282490974729246,2.7346570397111916,0.10830324909747295,0.3784,0.02324,0.0,0.0,0.0,0.0,0.0,0.0,0.0,0.0,0.013239187996469552,0.6354810238305385,8.896734333627538,14.96028243601057,5.176522506619595,0.31774051191526925,0.0,0.0,0.0,0.0,0.0,0.0,0.0,0.0,0.0,0.0,0.0,0.0,0.0,0.0,0.0,0.0,0.3801,0.02386,0.0,0.0,0.0,0.0,0.0,0.0,0.0,0.0,0.0,0.6362815884476535,8.21750902527076,15.081227436823081,5.658844765342962,0.4061371841155236,0.0,0.0,0.0,0.0,0.0,0.0,0.0,0.0,0.0,0.0,0.0,0.0,0.0,0.0,0.0,0.0
29900,4379,2250,0.513815939712263,1076,886,0.4480474994290934,1230,0.5617720940854076,0.414,3.0549553781117895,3.1317230336648696,6.5775316455696204,2.120649287576164,9308.600013552068,1415.976344672411,7853.0,10741.202581048012,10685.921093042003,17.669918223513843,7853.0,0.0,28.30851792646723,21.14453027624837,33.36628540305011,19.342559961214693,0.14386846311943366,0.0997944736241151,0.09088833066910254,0.07741493491664764,0.08403745147293902,0.07033569308061201,0.06462662708380909,0.06942224252112354,0.05617720940854076,0.053665220369947475,0.05160995661109843,0.03585293445992236,0.03471112126056177,0.0324274948618406,0.01781228591002512,0.010504681434117378,0.006850879196163508,0.9051313382573638,0.022466306471799743,0.0,0.0,0.0,0.0,0.0,0.0,0.0,0.0,0.0,0.0,0.0,0.0,0.0,0.0,0.0,0.0,0.0,0.0,0.0,0.0,0.0,0.0,0.0,0.0,0.027403516784654035,1.2468600137017587,10.940854076273123,14.612925325416764,3.0965973966659064,0.0753596711577986,4.269163458172908,2.867632441758151,nan,nan,nan,4.4058373870743575,2.8849843660202183,4.13196894848271,2.843646337545725,0.9378396398843247,0.3794,0.02324,0.0,0.0,0.0,0.0,0.0,0.0,0.0,0.0,0.013701758392327018,0.6987896780086779,8.06348481388445,15.626855446448937,5.309431377026719,0.2877369262388674,0.0,0.0,0.0,0.0,0.0,0.0,0.0,0.0,0.0,0.0,0.0,0.0,0.0,0.0,0.0,0.0,nan,nan,4.269163458172908,2.867632441758151,nan,0.3794,0.1126,0.0,0.0,0.0,0.0,0.0,0.0,0.0,0.0,0.0,0.0,0.0,0.0,0.0,1.1418131993605846e-05,0.0003425439598081754,4.567252797442338e-05,0.0007650148435715917,0.000296871431833752,0.0032884220141584835,0.00384791048184517,0.012651290248915278,0.012537108928979218,0.020381365608586437,0.025987668417446905,0.057672984699703125,0.03791961635076502,0.020826672756337063,0.016202329298926697,0.025222653573875313,0.042235670244348024,0.010127883078328386,0.03597853391185202,0.031182918474537566,0.03642384105960265,0.017195706782370403,0.03795387074674583,0.046346197762046126,0.05348253025804978,0.018645809545558348,0.043914135647408085,0.01902260790134734,0.013028088604704271,0.024788764558118292,0.038422014158483675,0.05910025119890386,0.0073989495318565884,0.024754510162137474,0.02083809088833067,0.01943366065311715,0.010949988581868006,0.00876912537108929,0.006576844028316967,0.008540762731217172,0.0006165791276547157,0.0012788307832838548,0.011418131993605847,0.025211235441881707,0.011292532541676182,0.008746289107102078,0.00648549897236812,0.021820050239780772,0.005309431377026719,0.006040191824617493,0.016853162822562228,0.0037108928979219,0.004258963233614981,1.1418131993605846e-05,6.850879196163508e-05,0.0005138159397122631,0.003128568166248002,0.00012559945192966432,0.0,0.0,0.0,0.0,0.0,0.0,0.0,0.0,0.0,0.0,0.0,0.0,0.0,0.0,0.0,0.0,0.0,0.0,0.0,0.0,0.0,0.0,0.0,0.0,0.0,0.0,0.0,0.0,0.0,0.0,nan,nan,4.269163458172908,2.867632441758151,nan,0.9044778499868181,0.022277438006717023,0.0,0.0,0.0,0.0,0.0,0.0,0.0,0.0,0.0,0.0,0.0,0.0,0.0,0.0,0.0,0.0,0.0,0.0,0.0,0.0,0.0,0.0,0.0,0.0,0.04000000000000001,1.36,11.240000000000004,14.293333333333337,3.013333333333334,0.053333333333333344,0.9058219670073535,0.022643710179480685,0.0,0.0,0.0,0.0,0.0,0.0,0.0,0.0,0.0,0.0,0.0,0.0,0.0,0.0,0.0,0.0,0.0,0.0,0.0,0.0,0.0,0.0,0.0,0.0,0.01409112259276656,1.1272898074213247,10.624706434945987,14.95068107092532,3.1845937059652427,0.09863785814936593,0.3787,0.02357,0.0,0.0,0.0,0.0,0.0,0.0,0.0,0.0,0.0,0.8400000000000002,8.173333333333336,15.279999999999978,5.466666666666669,0.24000000000000005,0.0,0.0,0.0,0.0,0.0,0.0,0.0,0.0,0.0,0.0,0.0,0.0,0.0,0.0,0.0,0.0,0.38,0.02289,0.0,0.0,0.0,0.0,0.0,0.0,0.0,0.0,0.02818224518553312,0.5495537811178959,7.94739314232034,15.993424142790019,5.143259746359794,0.33818694222639745,0.0,0.0,0.0,0.0,0.0,0.0,0.0,0.0,0.0,0.0,0.0,0.0,0.0,0.0,0.0,0.0
30000,4217,2156,0.5112639317050035,970,893,0.4417832582404553,1198,0.568176428740811,0.422,2.928190198932557,3.034763179280126,6.435943060498221,2.1649891102016428,9301.662290473048,1416.4445313017873,7853.0,10744.143461942673,10686.492058870523,17.93449486445868,7853.0,0.0,28.069717808868862,20.923131914844024,33.008460236886634,19.150071872801743,0.13990988854635997,0.09888546359971544,0.09556556793929334,0.0851316101493953,0.07754327721128765,0.0685321318472848,0.06971780886886413,0.07042921508181171,0.060469528100545414,0.05240692435380603,0.042210101968223855,0.04149869575527626,0.03557031064737965,0.02774484230495613,0.01470239506758359,0.013990988854635997,0.005691249703580745,0.9046615995669891,0.022639570412337186,0.0,0.0,0.0,0.0,0.0,0.0,0.0,0.0,0.0,0.0,0.0,0.0,0.0,0.0,0.0,0.0,0.0,0.0,0.0,0.0,0.0,0.0,0.0,0.0,0.05691249703580746,1.2947593075646195,11.147735356888786,14.228124258951865,3.2155560825231215,0.05691249703580746,4.276243093922652,2.8301727152885756,nan,nan,nan,4.250367107195301,2.779939785375408,4.3022912047302295,2.879620121696802,1.0122163794856749,0.3794,0.02286,0.0,0.0,0.0,0.0,0.0,0.0,0.0,0.0,0.007114062129475933,0.6687218401707375,8.024662082048852,15.793217927436542,5.250177851553238,0.2561062366611336,0.0,0.0,0.0,0.0,0.0,0.0,0.0,0.0,0.0,0.0,0.0,0.0,0.0,0.0,0.0,0.0,nan,nan,4.276243093922652,2.8301727152885756,nan,0.3794,0.11273,0.0,0.0,0.0,0.0,0.0,0.0,0.0,0.0,0.0,0.0,0.0,9.485416172634575e-05,0.0,0.0,0.00011856770215793219,7.11406212947593e-05,0.0003438463362580033,0.0001304244723737254,0.003367322741285274,0.004161726345743419,0.012497035807446051,0.012805311833056676,0.02029879060943799,0.025918899691723975,0.05745790846573393,0.038593787052406923,0.020642636945695993,0.015224092957078493,0.026914868389850605,0.04179511501067109,0.010244249466445341,0.03736068294996443,0.02925065212236187,0.03777566990751719,0.015603509603983875,0.038937633388664926,0.046229547071377754,0.05566753616314916,0.017773298553474034,0.04211524780649751,0.0187099834005217,0.013196585250177851,0.024934787763813138,0.03838036518852265,0.05688878349537586,0.007102205359260138,0.026843727768555845,0.0187099834005217,0.020690064026559166,0.011228361394356177,0.008394593312781598,0.0062485179037230255,0.008287882380839459,0.0008655442257529049,0.0010433957789898031,0.012153189471188049,0.02480436329143941,0.012022764998814323,0.008418306853213185,0.006580507469765236,0.023962532606118095,0.0046478539245909415,0.006592364239981029,0.01732274128527389,0.0036163149158169317,0.0035688878349537587,1.1856770215793218e-05,4.742708086317287e-05,0.0006284088214370406,0.002620346217690301,4.742708086317287e-05,3.557031064737965e-05,0.0,0.0,0.0,0.0,0.0,0.0,0.0,0.0,0.0,0.0,0.0,0.0,0.0,0.0,0.0,0.0,0.0,0.0,0.0,0.0,0.0,0.0,0.0,0.0,0.0,0.0,0.0,0.0,0.0,nan,nan,4.276243093922652,2.8301727152885756,nan,0.9043869922466313,0.022772025973144913,0.0,0.0,0.0,0.0,0.0,0.0,0.0,0.0,0.0,0.0,0.0,0.0,0.0,0.0,0.0,0.0,0.0,0.0,0.0,0.0,0.0,0.0,0.0,0.0,0.04174397031539889,1.4192949907235624,11.396103896103897,13.733766233766238,3.367346938775511,0.04174397031539889,0.9049488646726132,0.022496587888154347,0.0,0.0,0.0,0.0,0.0,0.0,0.0,0.0,0.0,0.0,0.0,0.0,0.0,0.0,0.0,0.0,0.0,0.0,0.0,0.0,0.0,0.0,0.0,0.0,0.0727802037845706,1.1644832605531297,10.887918486171763,14.745269286754006,3.056768558951966,0.0727802037845706,0.38,0.02255,0.0,0.0,0.0,0.0,0.0,0.0,0.0,0.0,0.013914656771799632,0.6122448979591838,7.708719851576996,16.210575139146545,5.2319109461966615,0.2226345083487941,0.0,0.0,0.0,0.0,0.0,0.0,0.0,0.0,0.0,0.0,0.0,0.0,0.0,0.0,0.0,0.0,0.379,0.02316,0.0,0.0,0.0,0.0,0.0,0.0,0.0,0.0,0.0,0.7278020378457061,8.355167394468706,15.356622998544372,5.269286754002912,0.2911208151382824,0.0,0.0,0.0,0.0,0.0,0.0,0.0,0.0,0.0,0.0,0.0,0.0,0.0,0.0,0.0,0.0
30100,4413,2265,0.513256288239293,1056,911,0.4457285293451167,1263,0.5723997280761387,0.39799999999999996,2.9864990689013036,3.0707523138925747,6.574712643678161,2.002810248414404,9306.74690422014,1415.7588164354183,7853.0,10754.827992200851,10685.399597493808,17.707891276859446,7853.0,0.0,27.853840924541128,20.642483058487052,32.72024771136241,18.87273034902923,0.13709494674824382,0.09766598685701337,0.0967595739859506,0.0881486517108543,0.07772490369363245,0.07409925220938138,0.07523226829820984,0.06594153636981645,0.06072966236120553,0.045547246770904146,0.04849308860185814,0.04192159528665307,0.03263086335825969,0.026512576478585997,0.016542034896895538,0.008610922275096307,0.0063448900974393836,0.9034664106428447,0.022688443617268877,0.0,0.0,0.0,0.0,0.0,0.0,0.0,0.0,0.0,0.0,0.0,0.0,0.0,0.0,0.0,0.0,0.0,0.0,0.0,0.0,0.0,0.0,0.0,0.0,0.020394289598912308,1.624745071380014,11.359619306594157,14.140040788579201,2.7872195785180156,0.0679809653297077,4.298066783831283,2.8415223627918933,nan,nan,nan,4.203081232492997,2.7778518848638454,4.39378969654199,2.90113079325202,1.0453734899470113,0.3792,0.0233,0.0,0.0,0.0,0.0,0.0,0.0,0.0,0.0,0.0,0.7138001359619308,8.008157715839566,15.839564921821866,5.098572399728077,0.33990482664853844,0.0,0.0,0.0,0.0,0.0,0.0,0.0,0.0,0.0,0.0,0.0,0.0,0.0,0.0,0.0,0.0,nan,nan,4.298066783831283,2.8415223627918933,nan,0.3792,0.11273,0.0,0.0,0.0,0.0,0.0,0.0,0.0,0.0,0.0,0.0,0.0,2.2660321776569226e-05,0.0,0.0,1.1330160888284613e-05,9.06412871062769e-05,0.0005778382053025153,0.00012463176977113076,0.0037162927713573534,0.0037729435757987762,0.013142986630410152,0.014604577384998867,0.019238613188307274,0.027713573532744167,0.05642420122365738,0.035542714706548836,0.021799229549059596,0.013516881939723543,0.025900747790618628,0.04244278268751416,0.011182868796736913,0.038726489916156806,0.02993428506684795,0.03760480398821663,0.015307047360072512,0.03944029005211874,0.04856106956718785,0.05358033084069794,0.0164967142533424,0.044924087922048495,0.018502152730568773,0.012837072286426467,0.02433718558803535,0.038159981871742576,0.05822569680489463,0.00584636301835486,0.026263312939043736,0.01891003852254702,0.019408565601631542,0.012395196011783367,0.00849762066621346,0.006197598005891683,0.007681849082256968,0.0007591207795150691,0.0008724223883979153,0.01217992295490596,0.023215499660095174,0.011647405393156583,0.00852028098799003,0.006786766372082483,0.024983004758667573,0.004724677090414684,0.0067754362111941985,0.018071606616813958,0.0038975753455699072,0.0029798323136188535,2.2660321776569226e-05,1.1330160888284613e-05,0.0004871969181962384,0.002345343303874915,5.665080444142307e-05,0.0,0.0,0.0,0.0,0.0,0.0,0.0,0.0,0.0,0.0,0.0,0.0,0.0,0.0,0.0,0.0,0.0,0.0,0.0,0.0,0.0,0.0,0.0,0.0,0.0,0.0,0.0,0.0,0.0,0.0,nan,nan,4.298066783831283,2.8415223627918933,nan,0.9029598358977446,0.022425815671897602,0.0,0.0,0.0,0.0,0.0,0.0,0.0,0.0,0.0,0.0,0.0,0.0,0.0,0.0,0.0,0.0,0.0,0.0,0.0,0.0,0.0,0.0,0.0,0.0,0.013245033112582785,1.6821192052980136,11.298013245033117,14.543046357615896,2.3973509933774837,0.06622516556291393,0.9040005781464071,0.022950014699583507,0.0,0.0,0.0,0.0,0.0,0.0,0.0,0.0,0.0,0.0,0.0,0.0,0.0,0.0,0.0,0.0,0.0,0.0,0.0,0.0,0.0,0.0,0.0,0.0,0.027932960893854754,1.5642458100558663,11.424581005586594,13.715083798882684,3.1983240223463696,0.06983240223463688,0.3794,0.02301,0.0,0.0,0.0,0.0,0.0,0.0,0.0,0.0,0.0,0.6887417218543048,7.880794701986757,16.01324503311256,5.099337748344372,0.3178807947019868,0.0,0.0,0.0,0.0,0.0,0.0,0.0,0.0,0.0,0.0,0.0,0.0,0.0,0.0,0.0,0.0,0.379,0.02357,0.0,0.0,0.0,0.0,0.0,0.0,0.0,0.0,0.0,0.7402234636871511,8.142458100558661,15.656424581005563,5.0977653631284925,0.36312849162011185,0.0,0.0,0.0,0.0,0.0,0.0,0.0,0.0,0.0,0.0,0.0,0.0,0.0,0.0,0.0,0.0
30200,4270,2233,0.5229508196721312,1090,863,0.45737704918032784,1180,0.5526932084309133,0.426,3.014236622484045,3.1183957913030342,6.54017094017094,2.215449244599127,9334.411668826517,1414.9607262976465,7853.0,10754.873263955116,10685.793473304626,17.55068703789831,7853.0,0.0,28.249648711943795,20.833025677826782,33.20634920634921,18.99917258628771,0.13864168618266978,0.09625292740046838,0.08618266978922717,0.08501170960187354,0.08711943793911008,0.07353629976580796,0.06908665105386416,0.07166276346604215,0.0585480093676815,0.05199063231850117,0.04613583138173302,0.03934426229508197,0.03395784543325527,0.027400468384074943,0.017798594847775177,0.009836065573770493,0.007494145199063232,0.9038176047439039,0.021851589056811956,0.0,0.0,0.0,0.0,0.0,0.0,0.0,0.0,0.0,0.0,0.0,0.0,0.0,0.0,0.0,0.0,0.0,0.0,0.0,0.0,0.0,0.0,0.0,0.0,0.021077283372365342,1.2154566744730682,11.817330210772838,14.241217798594851,2.6697892271662766,0.035128805620608904,4.180714285714286,2.9371121975887284,nan,nan,nan,4.152327221438646,2.9099189981127913,4.209840810419681,2.9644719910882387,1.013850928868055,0.379,0.02382,0.0,0.0,0.0,0.0,0.0,0.0,0.0,0.0,0.014051522248243563,0.7096018735362999,8.311475409836067,15.266978922716605,5.269320843091336,0.42154566744730687,0.007025761124121782,0.0,0.0,0.0,0.0,0.0,0.0,0.0,0.0,0.0,0.0,0.0,0.0,0.0,0.0,0.0,nan,nan,4.180714285714286,2.9371121975887284,nan,0.379,0.1139,0.0,0.0,0.0,0.0,0.0,0.0,0.0,0.0,0.0,0.0,0.0,1.17096018735363e-05,0.0,0.0,2.34192037470726e-05,0.000117096018735363,0.0006908665105386417,2.34192037470726e-05,0.003817330210772834,0.004028103044496487,0.013536299765807962,0.014765807962529274,0.02129976580796253,0.02946135831381733,0.054039812646370027,0.03804449648711944,0.021545667447306793,0.01360655737704918,0.028114754098360655,0.04112412177985948,0.009648711943793912,0.03789227166276347,0.029402810304449647,0.037400468384074945,0.01629976580796253,0.03844262295081967,0.04980093676814988,0.05120608899297424,0.01535128805620609,0.0467096018735363,0.017459016393442623,0.012400468384074942,0.02436768149882904,0.037740046838407496,0.05866510538641686,0.004789227166276347,0.022833723653395786,0.01940281030444965,0.01864168618266979,0.012833723653395785,0.008337236533957846,0.005749414519906323,0.0070725995316159255,0.0009250585480093677,0.0010304449648711944,0.012166276346604216,0.023548009367681498,0.013313817330210772,0.008266978922716628,0.00734192037470726,0.02775175644028103,0.004824355971896956,0.006885245901639345,0.017353629976580798,0.003864168618266979,0.0024707259953161594,1.17096018735363e-05,1.17096018735363e-05,0.0005620608899297424,0.002927400468384075,4.68384074941452e-05,0.0,0.0,0.0,0.0,0.0,0.0,0.0,0.0,0.0,0.0,0.0,0.0,0.0,0.0,0.0,0.0,0.0,0.0,0.0,0.0,0.0,0.0,0.0,0.0,0.0,0.0,0.0,0.0,0.0,0.0,nan,nan,4.180714285714286,2.9371121975887284,nan,0.9038902179200821,0.021407699394298235,0.0,0.0,0.0,0.0,0.0,0.0,0.0,0.0,0.0,0.0,0.0,0.0,0.0,0.0,0.0,0.0,0.0,0.0,0.0,0.0,0.0,0.0,0.0,0.0,0.013434841021047922,1.1150918047469773,11.930138826690554,14.40214957456337,2.525750111957009,0.013434841021047922,0.9037380047329044,0.022327781528318658,0.0,0.0,0.0,0.0,0.0,0.0,0.0,0.0,0.0,0.0,0.0,0.0,0.0,0.0,0.0,0.0,0.0,0.0,0.0,0.0,0.0,0.0,0.0,0.0,0.02945508100147276,1.325478645066274,11.693667157584684,14.064801178203243,2.827687776141385,0.05891016200294552,0.3792,0.02376,0.0,0.0,0.0,0.0,0.0,0.0,0.0,0.0,0.026869682042095843,0.7389162561576357,8.128078817733991,15.517241379310322,5.199283475145545,0.3896103896103897,0.0,0.0,0.0,0.0,0.0,0.0,0.0,0.0,0.0,0.0,0.0,0.0,0.0,0.0,0.0,0.0,0.379,0.0239,0.0,0.0,0.0,0.0,0.0,0.0,0.0,0.0,0.0,0.6774668630338735,8.512518409425628,14.99263622974961,5.346097201767305,0.4565537555228278,0.01472754050073638,0.0,0.0,0.0,0.0,0.0,0.0,0.0,0.0,0.0,0.0,0.0,0.0,0.0,0.0,0.0
30300,4431,2313,0.5220040622884224,1108,880,0.4486571879936809,1226,0.5533739562175581,0.40599999999999997,2.924457034938621,3.1198830155901645,6.583193277310924,2.172645807070268,9332.121041702165,1415.4562384484993,7853.0,10752.422183156013,10686.54316289766,17.6222002817378,7853.0,0.0,27.644549763033176,20.718482334397788,32.69935170178282,18.91774953724088,0.14601670051907018,0.09794628751974724,0.08982171067479125,0.0907244414353419,0.07650643195666892,0.07831189347777026,0.06815617242157526,0.06093432633716994,0.060708643647032275,0.05822613405551794,0.046039268788083954,0.040622884224779957,0.02979011509817197,0.02234258632362898,0.016700519070187318,0.009930038366057324,0.007221846084405326,0.90306204783408,0.02235875153683127,0.0,0.0,0.0,0.0,0.0,0.0,0.0,0.0,0.0,0.0,0.0,0.0,0.0,0.0,0.0,0.0,0.0,0.0,0.0,0.0,0.0,0.0,0.0,0.0,0.02031144211238998,1.5030467163168588,11.841570751523362,14.075829383886258,2.484766418415708,0.07447528774542994,4.282141599154632,2.983517275978302,nan,nan,nan,4.283298097251586,2.9930756552443025,4.278365045806907,2.973342427575107,0.9988483053636065,0.381,0.02332,0.0,0.0,0.0,0.0,0.0,0.0,0.0,0.0,0.0,0.6025727826675695,7.454299255247125,15.700744752877432,5.903859174001356,0.3385240352064997,0.0,0.0,0.0,0.0,0.0,0.0,0.0,0.0,0.0,0.0,0.0,0.0,0.0,0.0,0.0,0.0,nan,nan,4.282141599154632,2.983517275978302,nan,0.381,0.1146,0.0,0.0,0.0,0.0,0.0,0.0,0.0,0.0,0.0,0.0,0.0,0.0,0.0,0.0,0.0,6.770480704129993e-05,0.0007221846084405326,2.2568269013766644e-05,0.004615211013315279,0.003746332656285263,0.013631234484315052,0.013586097946287519,0.021812232001805463,0.02955314827352742,0.05172647257955315,0.03654931166779508,0.022060482960956893,0.012491536899119837,0.02663055743624464,0.04228165199729181,0.010370119611825773,0.03710223425863236,0.028390882419318437,0.038027533288196795,0.016553825321597833,0.036526743398781314,0.04802527646129542,0.050045136538027536,0.015222297449785602,0.04760776348454074,0.016892349356804334,0.013021891220943353,0.02558113292710449,0.03902053712480253,0.060245994132250055,0.004818325434439178,0.020886932972241028,0.02113518393139246,0.01865267433987813,0.011611374407582939,0.00974949221394719,0.005822613405551794,0.006578650417512977,0.0011735499887158655,0.0013540961408259986,0.012198149401940871,0.024170616113744076,0.01470322726246897,0.007537801850598059,0.007391108102008576,0.028526292033401037,0.0049537350485217785,0.00699616339426766,0.019758519521552696,0.003960731211916046,0.0028097494922139474,2.2568269013766644e-05,2.2568269013766644e-05,0.00039494470774091627,0.0026179192055969308,2.2568269013766644e-05,0.0,0.0,0.0,0.0,0.0,0.0,0.0,0.0,0.0,0.0,0.0,0.0,0.0,0.0,0.0,0.0,0.0,0.0,0.0,0.0,0.0,0.0,0.0,0.0,0.0,0.0,0.0,0.0,0.0,0.0,nan,nan,4.282141599154632,2.983517275978302,nan,0.9031915776512089,0.022267098475952707,0.0,0.0,0.0,0.0,0.0,0.0,0.0,0.0,0.0,0.0,0.0,0.0,0.0,0.0,0.0,0.0,0.0,0.0,0.0,0.0,0.0,0.0,0.0,0.0,0.025940337224383922,1.5434500648508434,11.738002594033725,14.046692607003894,2.5940337224383923,0.051880674448767844,0.9029205924672153,0.022457562214409987,0.0,0.0,0.0,0.0,0.0,0.0,0.0,0.0,0.0,0.0,0.0,0.0,0.0,0.0,0.0,0.0,0.0,0.0,0.0,0.0,0.0,0.0,0.0,0.0,0.014164305949008502,1.4589235127478757,11.954674220963176,14.107648725212467,2.3654390934844196,0.09915014164305952,0.381,0.0234,0.0,0.0,0.0,0.0,0.0,0.0,0.0,0.0,0.0,0.635538261997406,7.47081712062257,15.629053177691288,5.927367055771726,0.337224383916991,0.0,0.0,0.0,0.0,0.0,0.0,0.0,0.0,0.0,0.0,0.0,0.0,0.0,0.0,0.0,0.0,0.3809,0.02321,0.0,0.0,0.0,0.0,0.0,0.0,0.0,0.0,0.0,0.5665722379603401,7.4362606232294635,15.779036827195444,5.878186968838529,0.339943342776204,0.0,0.0,0.0,0.0,0.0,0.0,0.0,0.0,0.0,0.0,0.0,0.0,0.0,0.0,0.0,0.0
30400,4416,2271,0.514266304347826,1076,932,0.45471014492753625,1274,0.5769927536231884,0.40199999999999997,2.9972027972027973,3.0487861635020264,6.5364238410596025,2.1361748149967283,9310.58924752949,1416.6346903969218,7853.0,10751.161211252213,10687.30828581692,17.802120447660254,7853.0,0.0,28.038722826086957,20.919176647987282,33.11177266576455,19.098865618135665,0.1431159420289855,0.0948822463768116,0.08786231884057971,0.08695652173913043,0.08333333333333333,0.08129528985507246,0.06793478260869565,0.06136775362318841,0.058197463768115944,0.05638586956521739,0.04506340579710145,0.036005434782608696,0.029891304347826088,0.029891304347826088,0.021059782608695652,0.009284420289855072,0.007472826086956522,0.9035078504163286,0.022078240847731516,0.0,0.0,0.0,0.0,0.0,0.0,0.0,0.0,0.0,0.0,0.0,0.0,0.0,0.0,0.0,0.0,0.0,0.0,0.0,0.0,0.0,0.0,0.0,0.0,0.0407608695652174,1.3858695652173916,11.684782608695656,14.096467391304351,2.7038043478260874,0.08831521739130438,4.306968641114983,2.8400177053956672,nan,nan,nan,4.289256198347108,2.904175819024381,4.325105782792666,2.7726660770795526,1.0083579956029143,0.3816,0.02327,0.0,0.0,0.0,0.0,0.0,0.0,0.0,0.0,0.0,0.46195652173913054,7.466032608695654,15.658967391304325,6.005434782608697,0.407608695652174,0.0,0.0,0.0,0.0,0.0,0.0,0.0,0.0,0.0,0.0,0.0,0.0,0.0,0.0,0.0,0.0,nan,nan,4.306968641114983,2.8400177053956672,nan,0.3816,0.1142,0.0,0.0,0.0,0.0,0.0,0.0,0.0,0.0,0.0,0.0,0.0,0.0,0.0,0.0,0.0,7.925724637681159e-05,0.0009171195652173913,1.1322463768115942e-05,0.004879981884057971,0.003521286231884058,0.012726449275362319,0.014379528985507246,0.02025588768115942,0.029653532608695653,0.04941123188405797,0.03631114130434782,0.024252717391304347,0.013609601449275362,0.024615036231884057,0.04067028985507246,0.011379076086956522,0.03747735507246377,0.027774003623188406,0.03791893115942029,0.01724411231884058,0.03662817028985507,0.047203351449275364,0.0473731884057971,0.014685235507246376,0.048652626811594206,0.020301177536231885,0.01286231884057971,0.02469429347826087,0.041304347826086954,0.0604393115942029,0.004676177536231884,0.021807065217391303,0.02204483695652174,0.018772644927536233,0.011899909420289855,0.010009057971014493,0.005966938405797101,0.007008605072463768,0.0011322463768115942,0.0014266304347826087,0.013111413043478262,0.024150815217391305,0.012092391304347826,0.006895380434782609,0.006940670289855073,0.028668478260869566,0.004664855072463768,0.007835144927536232,0.021490036231884058,0.002864583333333333,0.002196557971014493,1.1322463768115942e-05,4.528985507246377e-05,0.00044157608695652174,0.002592844202898551,0.0,0.0,0.0,0.0,0.0,2.2644927536231884e-05,0.0,0.0,0.0,0.0,0.0,0.0,0.0,0.0,0.0,0.0,0.0,0.0,0.0,0.0,0.0,0.0,0.0,0.0,0.0,0.0,0.0,0.0,0.0,0.0,0.0,nan,nan,4.306968641114983,2.8400177053956672,nan,0.9038700694189571,0.02224668472111545,0.0,0.0,0.0,0.0,0.0,0.0,0.0,0.0,0.0,0.0,0.0,0.0,0.0,0.0,0.0,0.0,0.0,0.0,0.0,0.0,0.0,0.0,0.0,0.0,0.039630118890356676,1.3210039630118893,11.57199471598415,13.989431968295909,2.98546895640687,0.09247027741083226,0.9031243542135456,0.021891959715697844,0.0,0.0,0.0,0.0,0.0,0.0,0.0,0.0,0.0,0.0,0.0,0.0,0.0,0.0,0.0,0.0,0.0,0.0,0.0,0.0,0.0,0.0,0.0,0.0,0.04195804195804197,1.454545454545455,11.804195804195807,14.209790209790214,2.405594405594406,0.08391608391608393,0.3818,0.0237,0.0,0.0,0.0,0.0,0.0,0.0,0.0,0.0,0.0,0.5416116248348746,7.410832232496699,15.363276089828247,6.20871862615588,0.47556142668428014,0.0,0.0,0.0,0.0,0.0,0.0,0.0,0.0,0.0,0.0,0.0,0.0,0.0,0.0,0.0,0.0,0.3813,0.02281,0.0,0.0,0.0,0.0,0.0,0.0,0.0,0.0,0.0,0.3776223776223777,7.524475524475526,15.972027972027949,5.790209790209792,0.33566433566433573,0.0,0.0,0.0,0.0,0.0,0.0,0.0,0.0,0.0,0.0,0.0,0.0,0.0,0.0,0.0,0.0
30500,4468,2341,0.5239480752014324,1162,895,0.46038495971351834,1226,0.5487914055505819,0.40599999999999997,2.931828866948754,3.025290296072257,6.399671052631579,2.085302552124965,9337.832928604277,1415.4019514027527,7853.0,10746.539826989174,10686.931450236612,18.36819680470949,7853.0,0.0,28.455013428827215,20.925444014028525,33.261042052367095,19.14813251918611,0.13473589973142344,0.09556848701880036,0.09131602506714413,0.08661593554162936,0.07721575649059982,0.07318710832587287,0.07609668755595345,0.06468218442256043,0.06177260519247986,0.059758281110116385,0.04051029543419875,0.045210384959713516,0.030214861235452105,0.023276633840644583,0.01947179946284691,0.010519247985675918,0.009847806624888093,0.9033890314260122,0.022587788097788823,0.0,0.0,0.0,0.0,0.0,0.0,0.0,0.0,0.0,0.0,0.0,0.0,0.0,0.0,0.0,0.0,0.0,0.0,0.0,0.0,0.0,0.0,0.0,0.0,0.02014324082363474,1.5644583706356316,11.595792300805734,14.127126230975831,2.5917636526410033,0.10071620411817371,4.115044247787611,2.8528176894633677,nan,nan,nan,4.081730769230769,2.9031143326802846,4.147773279352227,2.802138865438745,1.0161800260368234,0.3816,0.02338,0.0,0.0,0.0,0.0,0.0,0.0,0.0,0.0,0.0,0.5774395702775292,7.130707251566698,15.75201432408234,6.157117278424352,0.37600716204118184,0.006714413607878247,0.0,0.0,0.0,0.0,0.0,0.0,0.0,0.0,0.0,0.0,0.0,0.0,0.0,0.0,0.0,nan,nan,4.115044247787611,2.8528176894633677,nan,0.3816,0.1144,0.0,0.0,0.0,0.0,0.0,0.0,0.0,0.0,0.0,0.0,0.0,0.0,0.0,0.0,1.1190689346463742e-05,1.1190689346463742e-05,0.0007609668755595345,1.1190689346463742e-05,0.00445389435989257,0.003077439570277529,0.012914055505819158,0.01468218442256043,0.019785138764547894,0.029744852282900625,0.05083930170098478,0.036224261414503134,0.02682408236347359,0.012656669650850492,0.02470904207699194,0.040577439570277526,0.011492837958818263,0.03673903312444046,0.02777529095792301,0.03556401074306177,0.019046553267681288,0.03780214861235452,0.04622873769024172,0.046150402864816475,0.015118621307072515,0.04912712623097583,0.019997761862130706,0.012466427931960608,0.024563563115487914,0.041965085049239036,0.05754252461951656,0.005483437779767233,0.021777081468218443,0.021195165622202326,0.018979409131602506,0.012645478961504029,0.010955684870188004,0.006311548791405551,0.00729632945389436,0.001387645478961504,0.0017457475380483437,0.01366383169203223,0.02383616830796777,0.011739033124440466,0.007128469113697404,0.006770367054610564,0.02787600716204118,0.0040174574753804836,0.007464189794091316,0.021340644583706356,0.003692927484333035,0.0025514771709937334,2.2381378692927485e-05,8.952551477170994e-05,0.0003357206803939123,0.0028312444046553267,0.0,0.0,0.0,0.0,0.0,0.0,0.0,0.0,0.0,0.0,0.0,0.0,0.0,0.0,0.0,0.0,0.0,0.0,0.0,0.0,0.0,0.0,0.0,0.0,0.0,0.0,0.0,0.0,0.0,0.0,0.0,nan,nan,4.115044247787611,2.8528176894633677,nan,0.9034377616065936,0.0225166118723756,0.0,0.0,0.0,0.0,0.0,0.0,0.0,0.0,0.0,0.0,0.0,0.0,0.0,0.0,0.0,0.0,0.0,0.0,0.0,0.0,0.0,0.0,0.0,0.0,0.012815036309269546,1.6275096112772323,11.379752242631357,14.288765484835544,2.614267407090987,0.07689021785561727,0.9033353984439995,0.022665745967893804,0.0,0.0,0.0,0.0,0.0,0.0,0.0,0.0,0.0,0.0,0.0,0.0,0.0,0.0,0.0,0.0,0.0,0.0,0.0,0.0,0.0,0.0,0.0,0.0,0.028208744710860375,1.4950634696755998,11.833568406205927,13.949224259520454,2.566995768688294,0.12693935119887167,0.3816,0.02324,0.0,0.0,0.0,0.0,0.0,0.0,0.0,0.0,0.0,0.5510465612985904,7.240495514737293,15.685604442545898,6.20247757368646,0.3075608714224691,0.012815036309269546,0.0,0.0,0.0,0.0,0.0,0.0,0.0,0.0,0.0,0.0,0.0,0.0,0.0,0.0,0.0,0.3816,0.02351,0.0,0.0,0.0,0.0,0.0,0.0,0.0,0.0,0.0,0.6064880112834979,7.009873060648803,15.825105782792642,6.107193229901271,0.451339915373766,0.0,0.0,0.0,0.0,0.0,0.0,0.0,0.0,0.0,0.0,0.0,0.0,0.0,0.0,0.0,0.0
30600,4284,2234,0.5214752567693745,1034,865,0.4432773109243697,1198,0.5592903828197946,0.422,3.0078048780487805,3.1670464136664727,6.652557319223986,2.28967230848089,9330.931105424794,1415.8201558526575,7853.0,10745.331952810287,10687.134671280131,18.123184535029605,7853.0,0.0,27.81325863678805,20.746854727194087,32.75973303670745,18.969857899211377,0.1430905695611578,0.0938375350140056,0.0992063492063492,0.08403361344537816,0.0784313725490196,0.07773109243697479,0.07119514472455649,0.06512605042016807,0.0546218487394958,0.0480859010270775,0.049953314659197015,0.041783380018674134,0.036181139122315596,0.024509803921568627,0.015406162464985995,0.010037348272642391,0.00676937441643324,0.9034838342811324,0.02239134432879508,0.0,0.0,0.0,0.0,0.0,0.0,0.0,0.0,0.0,0.0,0.0,0.0,0.0,0.0,0.0,0.0,0.0,0.0,0.0,0.0,0.0,0.0,0.0,0.0,0.035014005602240904,1.4355742296918772,11.610644257703084,14.20168067226891,2.647058823529412,0.07002801120448181,4.32642675390767,2.9702798284295,nan,nan,nan,4.3314037626628075,2.958739058082153,4.321402483564646,2.981876459920672,0.9976909843445274,0.3818,0.02412,0.0,0.0,0.0,0.0,0.0,0.0,0.0,0.0,0.0,0.5532212885154063,7.682072829131655,15.18207282913163,6.036414565826332,0.5392156862745099,0.007002801120448181,0.0,0.0,0.0,0.0,0.0,0.0,0.0,0.0,0.0,0.0,0.0,0.0,0.0,0.0,0.0,nan,nan,4.32642675390767,2.9702798284295,nan,0.3818,0.1139,0.0,0.0,0.0,0.0,0.0,0.0,0.0,0.0,0.0,0.0,0.0,0.0,0.0,0.0,1.1671335200746965e-05,0.0,0.0007002801120448179,0.0,0.004400093370681606,0.003338001867413632,0.013608776844070962,0.013398692810457516,0.018335667600373484,0.0286531279178338,0.051844070961718024,0.03591269841269841,0.02738095238095238,0.013013538748832867,0.024626517273576096,0.04198179271708683,0.01146125116713352,0.0363562091503268,0.027742763772175535,0.034453781512605045,0.019327731092436976,0.03885387488328665,0.04847105508870215,0.04360410830999066,0.014810924369747899,0.047770774976657326,0.0209500466853408,0.012628384687208217,0.026295518207282913,0.039810924369747897,0.056979458450046684,0.005532212885154062,0.021113445378151262,0.022794117647058822,0.020891690009337067,0.011146125116713352,0.01134453781512605,0.007364612511671335,0.007224556489262372,0.0012955182072829131,0.0014705882352941176,0.014717553688141923,0.022630718954248365,0.01130952380952381,0.008169934640522876,0.007119514472455649,0.028513071895424836,0.004983660130718954,0.006419234360410831,0.02216386554621849,0.002427637721755369,0.0018907563025210084,5.835667600373483e-05,0.00015172735760971055,0.0001633986928104575,0.002380952380952381,0.0,0.0,0.0,0.0,0.0,0.0,0.0,0.0,0.0,0.0,0.0,0.0,0.0,0.0,0.0,0.0,0.0,0.0,0.0,0.0,0.0,0.0,0.0,0.0,0.0,0.0,0.0,0.0,0.0,0.0,0.0,nan,nan,4.32642675390767,2.9702798284295,nan,0.9031931600244107,0.022358477195530066,0.0,0.0,0.0,0.0,0.0,0.0,0.0,0.0,0.0,0.0,0.0,0.0,0.0,0.0,0.0,0.0,0.0,0.0,0.0,0.0,0.0,0.0,0.0,0.0,0.013428827215756493,1.4368845120859448,12.032229185317819,13.845120859444945,2.5917636526410033,0.08057296329453896,0.903800598324799,0.022422816453469042,0.0,0.0,0.0,0.0,0.0,0.0,0.0,0.0,0.0,0.0,0.0,0.0,0.0,0.0,0.0,0.0,0.0,0.0,0.0,0.0,0.0,0.0,0.0,0.0,0.058536585365853676,1.4341463414634148,11.151219512195123,14.590243902439028,2.7073170731707323,0.058536585365853676,0.3823,0.02422,0.0,0.0,0.0,0.0,0.0,0.0,0.0,0.0,0.0,0.4431512981199643,7.7081468218442275,15.10743061772603,6.163831692032231,0.5640107430617727,0.013428827215756493,0.0,0.0,0.0,0.0,0.0,0.0,0.0,0.0,0.0,0.0,0.0,0.0,0.0,0.0,0.0,0.381,0.02403,0.0,0.0,0.0,0.0,0.0,0.0,0.0,0.0,0.0,0.6731707317073172,7.653658536585367,15.26341463414632,5.897560975609757,0.5121951219512196,0.0,0.0,0.0,0.0,0.0,0.0,0.0,0.0,0.0,0.0,0.0,0.0,0.0,0.0,0.0,0.0
30700,4599,2365,0.5142422265709937,1121,958,0.4520547945205479,1313,0.5709936942813655,0.41,3.0371530886302596,3.105278687459096,6.642172523961661,2.1057682248720657,9310.598836205425,1416.7148527500706,7853.0,10750.197791337967,10687.45963962315,18.196352369969173,7853.0,0.0,27.598173515981735,20.723442332608904,32.78885400313972,18.884655013300055,0.14437921287236355,0.09936942813655142,0.09023700804522722,0.08936725375081539,0.07827788649706457,0.07523374646662317,0.0730593607305936,0.06631876494890193,0.059143292020004345,0.052402696238312674,0.045444661883018045,0.040008697542944116,0.031093716025222873,0.0213089802130898,0.015655577299412915,0.011089367253750815,0.0076103500761035,0.902368682380551,0.02216959468760509,0.0,0.0,0.0,0.0,0.0,0.0,0.0,0.0,0.0,0.0,0.0,0.0,0.0,0.0,0.0,0.0,0.0,0.0,0.0,0.0,0.0,0.0,0.0,0.0,0.039138943248532294,1.5003261578604048,12.25048923679061,13.776908023483369,2.38747553816047,0.045662100456621016,4.3649289099526065,2.8882719117338533,nan,nan,nan,4.359249329758713,2.856186826845435,4.370725034199727,2.92064061609578,1.0026324955452017,0.384,0.02414,0.0,0.0,0.0,0.0,0.0,0.0,0.0,0.0,0.0,0.4957599478147424,6.718851924331378,15.120678408349619,7.0450097847358135,0.619699934768428,0.0,0.0,0.0,0.0,0.0,0.0,0.0,0.0,0.0,0.0,0.0,0.0,0.0,0.0,0.0,0.0,nan,nan,4.3649289099526065,2.8882719117338533,nan,0.384,0.11426,0.0,0.0,0.0,0.0,0.0,0.0,0.0,0.0,0.0,0.0,0.0,0.0,0.0,5.435964340073929e-05,0.0,1.0871928680147858e-05,0.00040226136116547074,0.00014133507284192217,0.0039573820395738205,0.004229180256577517,0.014253098499673843,0.012633181126331812,0.015840400086975428,0.02823439878234399,0.04734724940204392,0.03674711893889976,0.025777342900630572,0.013633398564905414,0.025766470971950423,0.042248314851054576,0.012252663622526637,0.035257664709719506,0.02740813220265275,0.03347466840617525,0.019928245270711024,0.037073276799304195,0.04933681235051098,0.04210697977821266,0.015003261578604044,0.04727114590128289,0.022711459012828877,0.013155033702978908,0.028343118069145468,0.03956294846705806,0.0571102413568167,0.005653402913676886,0.02197216786257882,0.023374646662317894,0.021200260926288322,0.009480321809088933,0.011393781256794955,0.006990650141335073,0.006653620352250489,0.0017829963035442488,0.0016525331593824745,0.016318764948901936,0.023276799304196565,0.012143944335725158,0.00903457273320287,0.006251358991085018,0.02934333550771907,0.005468580126114373,0.006153511632963688,0.022983257229832573,0.002902804957599478,0.0023483365949119373,5.435964340073929e-05,6.523157208088715e-05,0.00021743857360295715,0.0020113068058273537,0.0,0.0,0.0,0.0,0.0,0.0,0.0,0.0,0.0,0.0,0.0,0.0,0.0,0.0,0.0,0.0,0.0,0.0,0.0,0.0,0.0,0.0,0.0,0.0,0.0,0.0,0.0,0.0,0.0,0.0,0.0,nan,nan,4.3649289099526065,2.8882719117338533,nan,0.9020934061066544,0.022389205043461376,0.0,0.0,0.0,0.0,0.0,0.0,0.0,0.0,0.0,0.0,0.0,0.0,0.0,0.0,0.0,0.0,0.0,0.0,0.0,0.0,0.0,0.0,0.0,0.0,0.025369978858350958,1.6363636363636367,12.20295983086681,13.623678646934463,2.4608879492600426,0.050739957716701915,0.9026601006382794,0.021930945973030736,0.0,0.0,0.0,0.0,0.0,0.0,0.0,0.0,0.0,0.0,0.0,0.0,0.0,0.0,0.0,0.0,0.0,0.0,0.0,0.0,0.0,0.0,0.0,0.0,0.05371530886302597,1.3563115487914057,12.300805729632948,13.939122649955241,2.309758281110117,0.04028648164726948,0.384,0.02434,0.0,0.0,0.0,0.0,0.0,0.0,0.0,0.0,0.0,0.5073995771670191,6.7991543340380565,15.095137420718794,7.065539112050741,0.5327695560253701,0.0,0.0,0.0,0.0,0.0,0.0,0.0,0.0,0.0,0.0,0.0,0.0,0.0,0.0,0.0,0.0,0.3838,0.02393,0.0,0.0,0.0,0.0,0.0,0.0,0.0,0.0,0.0,0.4834377797672338,6.633840644583708,15.147717099373299,7.023276633840646,0.7117278424350942,0.0,0.0,0.0,0.0,0.0,0.0,0.0,0.0,0.0,0.0,0.0,0.0,0.0,0.0,0.0,0.0
30800,4237,2231,0.5265518055227756,1037,874,0.45102666981354733,1173,0.5536936511682794,0.434,2.9561316051844466,3.094244132316806,6.6911764705882355,2.088183512199739,9345.377216376615,1415.1785540477304,7853.0,10753.520823955536,10687.245748896334,17.229755851808072,7853.0,0.0,28.064432381401936,20.857233047413498,32.742133110554164,19.213737306155334,0.13004484304932734,0.10408307764928015,0.09346235544016993,0.09204625914562191,0.08166155298560301,0.07741326410195894,0.07056879867831012,0.06065612461647392,0.05333962709464243,0.05050743450554638,0.04673117772008496,0.04625914562190229,0.030682086381873967,0.02501770120368185,0.019353316025489734,0.011800802454566911,0.006372433325466132,0.9011342328535039,0.021889948939951876,0.0,0.0,0.0,0.0,0.0,0.0,0.0,0.0,0.0,0.0,0.0,0.0,0.0,0.0,0.0,0.0,0.0,0.0,0.0,0.0,0.0,0.0,0.0,0.0,0.014160962945480296,1.770120368185037,12.242152466367717,13.941468019825352,1.9966957753127217,0.03540240736370074,4.155886627906977,2.910868556735022,nan,nan,nan,4.140885984023239,2.9481932134354607,4.171033478893741,2.873966763572998,1.007280445534318,0.3845,0.02327,0.0,0.0,0.0,0.0,0.0,0.0,0.0,0.0,0.0,0.3965069624734483,6.20250177012037,15.888600424828864,6.910549917394385,0.6018409251829125,0.0,0.0,0.0,0.0,0.0,0.0,0.0,0.0,0.0,0.0,0.0,0.0,0.0,0.0,0.0,0.0,nan,nan,4.155886627906977,2.910868556735022,nan,0.3845,0.11444,0.0,0.0,0.0,0.0,0.0,0.0,0.0,0.0,0.0,0.0,0.0,0.0,0.0,2.360160490913382e-05,0.0,1.180080245456691e-05,0.00040122728345527497,3.540240736370073e-05,0.003847061600188813,0.004437101722917158,0.013960349303752655,0.012579655416568327,0.013700731649752183,0.029360396506962472,0.04772244512626859,0.03507198489497286,0.027330658484776966,0.013346707576115176,0.02650460231295728,0.040783573282983245,0.011694595232475808,0.0356620250177012,0.028333726693415152,0.03029265990087326,0.0192589096058532,0.03850601840925183,0.050590040122728344,0.043828180316261504,0.016473920226575407,0.045928723153174415,0.024002832192589096,0.014408779797026199,0.028050507434505545,0.04086617890016521,0.054743922586735896,0.0064550389426481,0.020568798678310126,0.02445126268586264,0.018621666273306584,0.008083549681378333,0.010490913382109984,0.008295964125560539,0.006431437337738966,0.002006136417276375,0.001852725985367005,0.016438517819211705,0.022563134293131934,0.01371253245220675,0.007989143261741799,0.005758791597828652,0.030776492801510503,0.005782393202737786,0.005581779561010148,0.024887892376681615,0.003186216662733066,0.002336558886004248,0.0,0.00020061364172763749,0.00021241444418220438,0.0015459051215482654,1.180080245456691e-05,0.0,0.0,0.0,0.0,0.0,0.0,0.0,0.0,0.0,0.0,0.0,0.0,0.0,0.0,0.0,0.0,0.0,0.0,0.0,0.0,0.0,0.0,0.0,0.0,0.0,0.0,0.0,0.0,0.0,0.0,nan,nan,4.155886627906977,2.910868556735022,nan,0.9007781425274738,0.021330145165700278,0.0,0.0,0.0,0.0,0.0,0.0,0.0,0.0,0.0,0.0,0.0,0.0,0.0,0.0,0.0,0.0,0.0,0.0,0.0,0.0,0.0,0.0,0.0,0.0,0.013446884805020173,1.613626176602421,12.586284177498882,14.011653966831021,1.7480950246526226,0.026893769610040346,0.9015302635201904,0.022489565223359997,0.0,0.0,0.0,0.0,0.0,0.0,0.0,0.0,0.0,0.0,0.0,0.0,0.0,0.0,0.0,0.0,0.0,0.0,0.0,0.0,0.0,0.0,0.0,0.0,0.014955134596211369,1.944167497507478,11.859421734795616,13.86340977068794,2.273180458624128,0.04486540378863411,0.3848,0.0228,0.0,0.0,0.0,0.0,0.0,0.0,0.0,0.0,0.0,0.309278350515464,5.943523083818917,16.13626176602418,7.073061407440611,0.5378753922008069,0.0,0.0,0.0,0.0,0.0,0.0,0.0,0.0,0.0,0.0,0.0,0.0,0.0,0.0,0.0,0.0,0.384,0.02376,0.0,0.0,0.0,0.0,0.0,0.0,0.0,0.0,0.0,0.4935194416749752,6.490528414755735,15.613160518444644,6.729810568295116,0.6729810568295116,0.0,0.0,0.0,0.0,0.0,0.0,0.0,0.0,0.0,0.0,0.0,0.0,0.0,0.0,0.0,0.0
30900,4651,2442,0.5250483766931843,1114,927,0.4388303590625672,1269,0.5456890991184692,0.426,2.997736532367587,3.1280929416555154,6.660771704180064,2.1418441844779426,9341.293224783642,1415.5694825362716,7853.0,10748.430574893951,10687.583041960983,17.6166249552108,7853.0,0.0,27.662223177811224,20.924228531263473,32.74987120041216,19.16736749117848,0.14491507202752096,0.09997849924747367,0.0993334766716835,0.08793807783272414,0.07267254353902386,0.07374758116534079,0.06708234788217587,0.06299720490217157,0.061277144700064505,0.04988174586110514,0.04945173081057837,0.03784132444635562,0.032036121264244245,0.025370887981079338,0.01978069232423135,0.008600301010535369,0.0070952483336916795,0.9017018624798658,0.02207860483028465,0.0,0.0,0.0,0.0,0.0,0.0,0.0,0.0,0.0,0.0,0.0,0.0,0.0,0.0,0.0,0.0,0.0,0.0,0.0,0.0,0.0,0.0,0.0,0.0,0.05805203182111375,1.6899591485702004,12.20382713394969,13.790582670393468,2.2059772092023224,0.05160180606321223,4.348226466575716,2.8756315385387388,nan,nan,nan,4.327027027027027,2.858335241118664,4.369834710743802,2.8929950974442535,1.0098930936759567,0.3845,0.02307,0.0,0.0,0.0,0.0,0.0,0.0,0.0,0.0,0.0,0.29026015910556874,6.437325306385725,15.545044076542657,7.204902171576006,0.5160180606321222,0.006450225757901528,0.0,0.0,0.0,0.0,0.0,0.0,0.0,0.0,0.0,0.0,0.0,0.0,0.0,0.0,0.0,nan,nan,4.348226466575716,2.8756315385387388,nan,0.3845,0.11475,0.0,0.0,0.0,0.0,0.0,0.0,0.0,0.0,0.0,0.0,0.0,2.150075252633842e-05,2.150075252633842e-05,0.0,1.075037626316921e-05,0.0,0.0004730165555794453,0.0,0.0038378843259514084,0.004396903891636207,0.014007740270909482,0.013007955278434746,0.013835734250698775,0.03000430015050527,0.04778542248978714,0.033971188991614706,0.02848849709739841,0.013717480111803914,0.028725005375188132,0.03936787787572565,0.011115889056116964,0.03378843259514083,0.028918512147925176,0.028735755751451302,0.018716405074177597,0.038497097398408946,0.050741775962158675,0.04658138034831219,0.016845839604386154,0.044925822403784135,0.023607826273919587,0.013717480111803914,0.028015480541818964,0.04193721780262309,0.05419264674263599,0.006708234788217588,0.018856159965598796,0.025016125564394753,0.01869490432165126,0.008396043861535155,0.009342076972694045,0.008213287465061277,0.006622231778112234,0.0020533218662653193,0.0019888196086863042,0.016695334336701784,0.02246828639002365,0.013609976349172222,0.007923027305955708,0.006009460331111589,0.03134809718340142,0.0047516663083207915,0.006299720490217158,0.025682648892711244,0.002956353472371533,0.0024833369167920876,0.00011825413889486132,0.00023650827778972264,0.00017200602021070737,0.0013437970328961514,0.0,0.0,0.0,0.0,0.0,0.0,0.0,0.0,0.0,0.0,0.0,0.0,0.0,0.0,0.0,0.0,0.0,0.0,0.0,0.0,0.0,0.0,0.0,0.0,0.0,0.0,0.0,0.0,0.0,0.0,0.0,nan,nan,4.348226466575716,2.8756315385387388,nan,0.9016105228276843,0.02179310664052022,0.0,0.0,0.0,0.0,0.0,0.0,0.0,0.0,0.0,0.0,0.0,0.0,0.0,0.0,0.0,0.0,0.0,0.0,0.0,0.0,0.0,0.0,0.0,0.0,0.03685503685503686,1.6584766584766588,12.358722358722362,13.882063882063886,2.027027027027027,0.03685503685503686,0.9018028364185836,0.02238954677222842,0.0,0.0,0.0,0.0,0.0,0.0,0.0,0.0,0.0,0.0,0.0,0.0,0.0,0.0,0.0,0.0,0.0,0.0,0.0,0.0,0.0,0.0,0.0,0.0,0.08148483476686284,1.724762335898597,12.032593933906748,13.68945224083296,2.403802625622454,0.0679040289723857,0.3845,0.02307,0.0,0.0,0.0,0.0,0.0,0.0,0.0,0.0,0.0,0.22113022113022118,6.511056511056513,15.540540540540517,7.113022113022114,0.601965601965602,0.012285012285012288,0.0,0.0,0.0,0.0,0.0,0.0,0.0,0.0,0.0,0.0,0.0,0.0,0.0,0.0,0.0,0.3843,0.02306,0.0,0.0,0.0,0.0,0.0,0.0,0.0,0.0,0.0,0.36668175645088286,6.355817111815303,15.550022634676301,7.306473517428702,0.4210049796287914,0.0,0.0,0.0,0.0,0.0,0.0,0.0,0.0,0.0,0.0,0.0,0.0,0.0,0.0,0.0,0.0
31000,4880,2497,0.5116803278688524,1169,985,0.4413934426229508,1362,0.5581967213114755,0.40599999999999997,2.921107847251364,3.1062570208394837,6.636080870917574,2.1667797679198357,9303.559218544917,1417.119224269287,7853.0,10746.78187072277,10687.893466759788,18.12475821744787,7853.0,0.0,27.60327868852459,20.77151238969179,32.65873405299313,18.995236600533143,0.14426229508196722,0.09774590163934427,0.09774590163934427,0.08647540983606557,0.08237704918032787,0.0735655737704918,0.06967213114754098,0.05758196721311475,0.06004098360655738,0.04815573770491803,0.051434426229508196,0.03770491803278689,0.036885245901639344,0.02459016393442623,0.01639344262295082,0.010245901639344262,0.005122950819672131,0.9022161207482463,0.02250236507917485,0.0,0.0,0.0,0.0,0.0,0.0,0.0,0.0,0.0,0.0,0.0,0.0,0.0,0.0,0.0,0.0,0.0,0.0,0.0,0.0,0.0,0.0,0.0,0.0,0.03688524590163935,1.6782786885245906,12.141393442622954,13.64754098360656,2.434426229508197,0.061475409836065587,4.379076525670003,2.912731573211967,nan,nan,nan,4.372937293729373,2.887584716976818,4.384955752212389,2.936599548290184,1.0027483720153614,0.3845,0.02376,0.0,0.0,0.0,0.0,0.0,0.0,0.0,0.0,0.006147540983606559,0.44877049180327877,6.331967213114756,15.405737704918012,7.2172131147541,0.584016393442623,0.006147540983606559,0.0,0.0,0.0,0.0,0.0,0.0,0.0,0.0,0.0,0.0,0.0,0.0,0.0,0.0,0.0,nan,nan,4.379076525670003,2.912731573211967,nan,0.3845,0.1141,0.0,0.0,0.0,0.0,0.0,0.0,0.0,0.0,0.0,0.0,0.0,3.073770491803279e-05,3.073770491803279e-05,0.0,0.0,2.0491803278688525e-05,0.0007274590163934427,2.0491803278688525e-05,0.0028381147540983607,0.004221311475409836,0.012264344262295081,0.014098360655737704,0.012838114754098361,0.030297131147540984,0.04911885245901639,0.03473360655737705,0.028709016393442623,0.013852459016393443,0.028545081967213115,0.036567622950819674,0.011905737704918033,0.03141393442622951,0.02906762295081967,0.028514344262295082,0.01723360655737705,0.040829918032786884,0.05137295081967213,0.04828893442622951,0.016096311475409835,0.04757172131147541,0.02194672131147541,0.013237704918032786,0.029047131147540983,0.04216188524590164,0.05528688524590164,0.005870901639344262,0.020420081967213115,0.025348360655737704,0.019354508196721312,0.007530737704918033,0.009620901639344263,0.008842213114754098,0.006475409836065574,0.002151639344262295,0.0021721311475409837,0.014211065573770491,0.022254098360655738,0.01548155737704918,0.008452868852459017,0.0059938524590163935,0.03086065573770492,0.0036577868852459014,0.0069672131147540985,0.02394467213114754,0.002725409836065574,0.0028995901639344264,0.0002459016393442623,0.0001639344262295082,0.00020491803278688525,0.001209016393442623,5.122950819672131e-05,0.0,0.0,0.0,0.0,0.0,0.0,0.0,0.0,0.0,0.0,0.0,0.0,0.0,0.0,0.0,0.0,0.0,0.0,0.0,0.0,0.0,0.0,0.0,0.0,0.0,0.0,0.0,0.0,0.0,0.0,nan,nan,4.379076525670003,2.912731573211967,nan,0.9025969342751936,0.022440900058230285,0.0,0.0,0.0,0.0,0.0,0.0,0.0,0.0,0.0,0.0,0.0,0.0,0.0,0.0,0.0,0.0,0.0,0.0,0.0,0.0,0.0,0.0,0.0,0.0,0.02402883460152183,1.5498598317981582,12.31477773327994,13.456147376852226,2.5951141369643578,0.06007208650380458,0.9018170895368374,0.022559695086917426,0.0,0.0,0.0,0.0,0.0,0.0,0.0,0.0,0.0,0.0,0.0,0.0,0.0,0.0,0.0,0.0,0.0,0.0,0.0,0.0,0.0,0.0,0.0,0.0,0.050356693243810334,1.812840956777172,11.959714645404954,13.848090642047842,2.266051195971465,0.06294586655476292,0.3843,0.02382,0.0,0.0,0.0,0.0,0.0,0.0,0.0,0.0,0.0,0.5526631958350021,6.319583500200242,15.558670404485358,6.944333199839809,0.6127352823388067,0.012014417300760916,0.0,0.0,0.0,0.0,0.0,0.0,0.0,0.0,0.0,0.0,0.0,0.0,0.0,0.0,0.0,0.385,0.0237,0.0,0.0,0.0,0.0,0.0,0.0,0.0,0.0,0.012589173310952584,0.33990767939571975,6.344943348720102,15.245488879563554,7.50314729332774,0.5539236256819137,0.0,0.0,0.0,0.0,0.0,0.0,0.0,0.0,0.0,0.0,0.0,0.0,0.0,0.0,0.0,0.0
31100,4741,2517,0.5309006538704915,1184,948,0.4496941573507699,1295,0.5462982493144907,0.43,3.0795863309352516,3.14294582549102,6.599383667180278,2.1620910074745394,9358.467412526485,1415.194997660265,7853.0,10745.952945232391,10688.685738096172,18.235421520505973,7853.0,0.0,28.052731491246572,20.927727994562208,33.099244332493704,19.125957263430468,0.14047669268086901,0.09976798143851508,0.09871335161358363,0.07804260704492723,0.07298038388525628,0.08437038599451592,0.06454334528580469,0.06201223370596921,0.06391056739084582,0.05673908458131196,0.04176334106728538,0.03986500738240877,0.03417000632777895,0.028685931238135415,0.016874077198903183,0.01117907614427336,0.005905927019616114,0.9031355487875384,0.022473952509468768,0.0,0.0,0.0,0.0,0.0,0.0,0.0,0.0,0.0,0.0,0.0,0.0,0.0,0.0,0.0,0.0,0.0,0.0,0.0,0.0,0.0,0.0,0.0,0.0,0.025311115798354784,1.581944737397174,11.655768825142378,13.97173592069184,2.727272727272728,0.03796667369753217,4.296854521625164,2.9463891424650686,nan,nan,nan,4.315203145478375,2.8925025430158477,4.278505897771953,2.9991955008509072,0.9914958238420654,0.3848,0.02397,0.0,0.0,0.0,0.0,0.0,0.0,0.0,0.0,0.0,0.4809112001687409,6.289812275891164,15.40181396329886,7.112423539337694,0.7023834634043453,0.012655557899177392,0.0,0.0,0.0,0.0,0.0,0.0,0.0,0.0,0.0,0.0,0.0,0.0,0.0,0.0,0.0,nan,nan,4.296854521625164,2.9463891424650686,nan,0.3848,0.1142,0.0,0.0,0.0,0.0,0.0,0.0,0.0,0.0,0.0,0.0,0.0,6.327778949588694e-05,3.163889474794347e-05,0.0,0.0,1.054629824931449e-05,0.0008753427546931027,0.0,0.002151444842860156,0.004408352668213457,0.011506011390002109,0.013689095127610209,0.014226956338325249,0.029329255431343598,0.050875342754693104,0.03251423750263657,0.02907614427336005,0.014132039654081418,0.028116431132672433,0.03860999789074035,0.011896224425226745,0.02991984813330521,0.028285171904661465,0.029666736975321663,0.01818181818181818,0.04043450748787176,0.05269985235182451,0.04836532377135625,0.015893271461716936,0.04659354566547142,0.023349504323982282,0.011063066863530901,0.0286753849398861,0.04198481333052099,0.05478801940518878,0.006633621598818815,0.020923855726639948,0.024245939675174015,0.01960556844547564,0.007624973634254377,0.010620122337059692,0.009618224003374816,0.006127399282851719,0.0029951487028053152,0.0013499261759122548,0.014016030373338957,0.020069605568445475,0.016283484496941572,0.008373760809955706,0.005905927019616114,0.030847922379244885,0.0035962877030162412,0.007498418055262602,0.024899810166631512,0.0026893060535751953,0.003121704281797089,0.00016874077198903185,6.327778949588694e-05,3.163889474794347e-05,0.001202278000421852,7.382408774520143e-05,0.0,0.0,0.0,0.0,0.0,0.0,0.0,0.0,0.0,0.0,0.0,0.0,0.0,0.0,0.0,0.0,0.0,0.0,0.0,0.0,0.0,0.0,0.0,0.0,0.0,0.0,0.0,0.0,0.0,0.0,nan,nan,4.296854521625164,2.9463891424650686,nan,0.9025149304666925,0.022508489611736644,0.0,0.0,0.0,0.0,0.0,0.0,0.0,0.0,0.0,0.0,0.0,0.0,0.0,0.0,0.0,0.0,0.0,0.0,0.0,0.0,0.0,0.0,0.0,0.0,0.02383790226460072,1.6328963051251493,11.990464839094162,13.623361144219311,2.6698450536352807,0.0595947556615018,0.9038379302234958,0.022414081604106347,0.0,0.0,0.0,0.0,0.0,0.0,0.0,0.0,0.0,0.0,0.0,0.0,0.0,0.0,0.0,0.0,0.0,0.0,0.0,0.0,0.0,0.0,0.0,0.0,0.026978417266187056,1.5242805755395687,11.276978417266191,14.366007194244608,2.7922661870503607,0.013489208633093528,0.3857,0.02368,0.0,0.0,0.0,0.0,0.0,0.0,0.0,0.0,0.0,0.4171632896305126,5.864123957091778,15.721096543504148,7.28247914183552,0.7151370679380217,0.0,0.0,0.0,0.0,0.0,0.0,0.0,0.0,0.0,0.0,0.0,0.0,0.0,0.0,0.0,0.0,0.3835,0.02426,0.0,0.0,0.0,0.0,0.0,0.0,0.0,0.0,0.0,0.5530575539568346,6.771582733812951,15.040467625899257,6.91996402877698,0.6879496402877698,0.026978417266187056,0.0,0.0,0.0,0.0,0.0,0.0,0.0,0.0,0.0,0.0,0.0,0.0,0.0,0.0,0.0
31200,4695,2427,0.5169329073482428,1162,935,0.44664536741214056,1277,0.5439829605963791,0.426,2.995590828924162,3.1396056147792324,6.694136291600634,2.1818907110409946,9319.528897930359,1417.7373380323097,7853.0,10750.845332622528,10689.981118987655,18.20772468809521,7853.0,0.0,28.495420660276892,21.005641777493654,33.137421777221526,19.325041018689816,0.12864749733759318,0.09989350372736955,0.09605963791267305,0.0871139510117146,0.0792332268370607,0.07348242811501597,0.0711395101171459,0.06560170394036209,0.055804046858359956,0.05218317358892439,0.04643237486687966,0.04238551650692226,0.04195953141640043,0.024494142705005325,0.016613418530351438,0.010862619808306708,0.008093716719914802,0.9054702467430895,0.022688188196160294,0.0,0.0,0.0,0.0,0.0,0.0,0.0,0.0,0.0,0.0,0.0,0.0,0.0,0.0,0.0,0.0,0.0,0.0,0.0,0.0,0.0,0.0,0.0,0.0,0.03833865814696486,1.220447284345048,10.824281150159747,14.600638977635786,3.207667731629394,0.10862619808306712,4.283093053735255,2.9208321899820997,nan,nan,nan,4.187417218543047,2.9019245643059133,4.376783398184177,2.9362099198933787,1.045222668236297,0.3853,0.02357,0.0,0.0,0.0,0.0,0.0,0.0,0.0,0.0,0.0063897763578274775,0.2875399361022365,6.095846645367414,15.884984025559083,6.926517571884985,0.7859424920127798,0.012779552715654955,0.0,0.0,0.0,0.0,0.0,0.0,0.0,0.0,0.0,0.0,0.0,0.0,0.0,0.0,0.0,nan,nan,4.283093053735255,2.9208321899820997,nan,0.3853,0.11414,0.0,0.0,0.0,0.0,0.0,0.0,0.0,0.0,0.0,0.0,0.0,3.194888178913738e-05,0.0,0.0,0.0,0.0,0.001033013844515442,7.454739084132056e-05,0.0015122470713525027,0.005218317358892438,0.01068157614483493,0.013610223642172525,0.014909478168264111,0.028903088391906282,0.05008519701810436,0.030255591054313098,0.028391906283280085,0.014866879659211928,0.02799787007454739,0.04020234291799787,0.011235356762513311,0.031182108626198083,0.02776357827476038,0.031703940362087325,0.02058572949946752,0.03997870074547391,0.052215122470713526,0.04776357827476038,0.015346112886048988,0.044526091586794464,0.02356762513312034,0.012715654952076678,0.02913738019169329,0.039499467518636845,0.05281150159744409,0.007401490947816826,0.021277955271565493,0.023482428115015976,0.021373801916932906,0.007007454739084132,0.011884984025559105,0.008743343982960597,0.0062513312034078805,0.0029179978700745474,0.001288604898828541,0.014068157614483493,0.019510117145899893,0.019701810436634718,0.008168264110756123,0.004739084132055378,0.030638977635782747,0.003993610223642172,0.007390841320553781,0.025101171458998935,0.0022896698615548455,0.0034078807241746537,3.194888178913738e-05,1.0649627263045793e-05,0.0,0.0014802981895633653,3.194888178913738e-05,0.0,0.0,0.0,0.0,0.0,0.0,0.0,0.0,0.0,0.0,0.0,0.0,0.0,0.0,0.0,0.0,0.0,0.0,0.0,0.0,0.0,0.0,0.0,0.0,0.0,0.0,0.0,0.0,0.0,0.0,nan,nan,4.283093053735255,2.9208321899820997,nan,0.9053190917353793,0.0226311436413506,0.0,0.0,0.0,0.0,0.0,0.0,0.0,0.0,0.0,0.0,0.0,0.0,0.0,0.0,0.0,0.0,0.0,0.0,0.0,0.0,0.0,0.0,0.0,0.0,0.04944375772558716,1.1866501854140916,10.778739184178,14.758961681087765,3.114956736711991,0.1112484548825711,0.9056319985965783,0.022747961018837706,0.0,0.0,0.0,0.0,0.0,0.0,0.0,0.0,0.0,0.0,0.0,0.0,0.0,0.0,0.0,0.0,0.0,0.0,0.0,0.0,0.0,0.0,0.0,0.0,0.02645502645502646,1.2566137566137567,10.873015873015877,14.431216931216934,3.306878306878308,0.10582010582010584,0.3853,0.02332,0.0,0.0,0.0,0.0,0.0,0.0,0.0,0.0,0.0,0.28430160692212614,5.920889987639062,16.081582200247194,6.983930778739186,0.7169344870210138,0.01236093943139679,0.0,0.0,0.0,0.0,0.0,0.0,0.0,0.0,0.0,0.0,0.0,0.0,0.0,0.0,0.0,0.3853,0.02388,0.0,0.0,0.0,0.0,0.0,0.0,0.0,0.0,0.01322751322751323,0.29100529100529104,6.283068783068785,15.674603174603153,6.8650793650793664,0.85978835978836,0.01322751322751323,0.0,0.0,0.0,0.0,0.0,0.0,0.0,0.0,0.0,0.0,0.0,0.0,0.0,0.0,0.0
31300,4991,2575,0.515928671608896,1228,1028,0.45201362452414345,1416,0.5674213584452014,0.38999999999999996,2.9544701986754967,3.0873722539632866,6.588235294117647,2.094357223572616,9317.500545681036,1418.6246096133145,7853.0,10759.061380028725,10691.571737279244,18.032931514128464,7853.0,0.0,28.085353636545783,20.773808507010962,32.76441398865784,19.090113886291046,0.1332398316970547,0.10118212783009417,0.090763374073332,0.08795832498497295,0.0845521939491084,0.07533560408735725,0.07192947305149269,0.06371468643558405,0.0546984572230014,0.057904227609697455,0.045682228010418754,0.03886996593868964,0.031055900621118012,0.02664796633941094,0.017832097775996793,0.011220196353436185,0.007413344019234622,0.9063991871417059,0.022295733778255816,0.0,0.0,0.0,0.0,0.0,0.0,0.0,0.0,0.0,0.0,0.0,0.0,0.0,0.0,0.0,0.0,0.0,0.0,0.0,0.0,0.0,0.0,0.0,0.0,0.0,1.1660989781606894,10.434782608695656,15.087156882388301,3.2097775996794238,0.10218393107593671,4.224439668406509,2.9275844255533707,nan,nan,nan,4.269442743417024,2.9647288892838723,4.179187192118227,2.889045955235322,0.9788601096857522,0.3865,0.023,0.0,0.0,0.0,0.0,0.0,0.0,0.0,0.0,0.0,0.36064916850330603,5.553997194950913,15.688238829893786,7.820076137046685,0.5650170306551794,0.012021638950110202,0.0,0.0,0.0,0.0,0.0,0.0,0.0,0.0,0.0,0.0,0.0,0.0,0.0,0.0,0.0,nan,nan,4.224439668406509,2.9275844255533707,nan,0.3865,0.1144,0.0,0.0,0.0,0.0,0.0,0.0,0.0,0.0,0.0,0.0,0.0,5.009016229212583e-05,0.0,0.0,0.0,0.0,0.0010719294730514926,0.00014025245441795232,0.0014626327389300742,0.00578040472851132,0.010238429172510518,0.014936886395511922,0.012963334001202163,0.02791023842917251,0.048898016429573234,0.02977359246643959,0.028230815467842115,0.015317571628932079,0.028721699058304948,0.03900020036064917,0.012833099579242637,0.02925265477860148,0.02767982368262873,0.03118613504307754,0.02003606491685033,0.04009216589861751,0.05014025245441795,0.04887798036465638,0.014486074934882789,0.04434982969344821,0.02391304347826087,0.01129032258064516,0.029432979362853134,0.03842917251051894,0.05355640152274093,0.008274894810659187,0.0227309156481667,0.024063313965137247,0.021949509116409537,0.007553596473652575,0.012211981566820277,0.010248447204968944,0.005930675215387698,0.003285914646363454,0.0013424163494289722,0.014105389701462632,0.020336605890603085,0.02036665998797836,0.008355039070326588,0.004728511320376678,0.0321679022240032,0.0033660589060308557,0.0067822079743538365,0.02403325986776197,0.003105590062111801,0.003275896613905029,7.012622720897616e-05,0.0,6.0108194750550994e-05,0.0015828491284311762,2.003606491685033e-05,0.0,0.0,0.0,0.0,0.0,0.0,0.0,0.0,0.0,0.0,0.0,0.0,0.0,0.0,0.0,0.0,0.0,0.0,0.0,0.0,0.0,0.0,0.0,0.0,0.0,0.0,0.0,0.0,0.0,0.0,nan,nan,4.224439668406509,2.9275844255533707,nan,0.9064398290578601,0.022394051852188075,0.0,0.0,0.0,0.0,0.0,0.0,0.0,0.0,0.0,0.0,0.0,0.0,0.0,0.0,0.0,0.0,0.0,0.0,0.0,0.0,0.0,0.0,0.0,0.0,0.0,1.3165048543689324,10.13592233009709,15.238834951456314,3.203883495145632,0.10485436893203885,0.9063558705299106,0.022190383769990867,0.0,0.0,0.0,0.0,0.0,0.0,0.0,0.0,0.0,0.0,0.0,0.0,0.0,0.0,0.0,0.0,0.0,0.0,0.0,0.0,0.0,0.0,0.0,0.0,0.0,1.0057947019867552,10.75331125827815,14.925496688741726,3.2160596026490076,0.09933774834437088,0.387,0.02289,0.0,0.0,0.0,0.0,0.0,0.0,0.0,0.0,0.0,0.3262135922330098,5.452427184466021,15.71650485436891,7.933980582524273,0.5592233009708739,0.011650485436893206,0.0,0.0,0.0,0.0,0.0,0.0,0.0,0.0,0.0,0.0,0.0,0.0,0.0,0.0,0.0,0.386,0.0231,0.0,0.0,0.0,0.0,0.0,0.0,0.0,0.0,0.0,0.39735099337748353,5.662251655629141,15.658112582781433,7.698675496688743,0.5711920529801325,0.01241721854304636,0.0,0.0,0.0,0.0,0.0,0.0,0.0,0.0,0.0,0.0,0.0,0.0,0.0,0.0,0.0
31400,4721,2456,0.5202287650921414,1173,968,0.4535056132175387,1324,0.5608981148061851,0.43,3.0044150110375276,3.187029165322075,6.8369028006589785,2.0216510849225275,9330.027049666161,1418.4897305006164,7853.0,10754.986624956131,10692.187582033368,17.818023119513253,7853.0,0.0,27.564710866341876,20.709745450530903,32.55721518987342,18.956943682034293,0.14213090446939208,0.09870790086846007,0.09680152510061428,0.09044693920779495,0.07710230883287439,0.07646685024359245,0.06862952764244863,0.06312221986867189,0.06333403939843253,0.051895784791357764,0.04024571065452235,0.038551154416437194,0.03516204194026689,0.024147426392713407,0.01673374285109087,0.010590976488032196,0.00593094683329803,0.9065453214833252,0.02271000100926064,0.0,0.0,0.0,0.0,0.0,0.0,0.0,0.0,0.0,0.0,0.0,0.0,0.0,0.0,0.0,0.0,0.0,0.0,0.0,0.0,0.0,0.0,0.0,0.0,0.019063757678457957,1.2010167337428512,10.427875450116504,14.768057614912099,3.437830968015252,0.14615547553484434,4.3167107001321,2.964077890442837,nan,nan,nan,4.3489137590520075,2.997813083489931,4.281830238726791,2.928776795908614,0.9845746492016342,0.3882,0.02312,0.0,0.0,0.0,0.0,0.0,0.0,0.0,0.0,0.0,0.20334674857021823,5.1853420885405646,15.568735437407307,8.356280449057405,0.6672315187460286,0.019063757678457957,0.0,0.0,0.0,0.0,0.0,0.0,0.0,0.0,0.0,0.0,0.0,0.0,0.0,0.0,0.0,nan,nan,4.3167107001321,2.964077890442837,nan,0.3882,0.115,0.0,0.0,0.0,0.0,0.0,0.0,0.0,0.0,0.0,0.0,0.0,1.0590976488032197e-05,0.0,0.0,0.0,0.0,0.0011650074136835417,6.354585892819318e-05,0.0013662359669561533,0.0062592671044270284,0.010273247193391231,0.01408599872908282,0.01252912518534209,0.026985808091506035,0.04831603473840288,0.02955941537809786,0.028150815505189577,0.015632281296335523,0.02960177928404999,0.03795805973310739,0.011703029019275578,0.029855962719762763,0.02690108027960178,0.031116288921838594,0.01826943444185554,0.04082821436136412,0.048909129421732686,0.04700275365388689,0.014234272399915272,0.04433382757890277,0.02699639906799407,0.011247617030290192,0.02979241686083457,0.039281931794111415,0.05549671679728871,0.008366871425545435,0.022209277695403516,0.02416860834568947,0.019783944079644143,0.007053590341029443,0.01138529972463461,0.01065452234696039,0.0075831391654310526,0.003389112476170303,0.001503918661300572,0.012370260538021606,0.02294005507307774,0.01962507943232366,0.00829273459012921,0.0046282567252700696,0.03345689472569371,0.0034950222410506247,0.006905316670196992,0.024994704511755984,0.00419402668926075,0.0028277907223045965,0.00013768269434441855,3.177292946409659e-05,4.236390595212879e-05,0.0020334674857021818,0.0,0.0,0.0,0.0,0.0,0.0,0.0,0.0,0.0,0.0,0.0,0.0,0.0,0.0,0.0,0.0,0.0,0.0,0.0,0.0,0.0,0.0,0.0,0.0,0.0,0.0,0.0,0.0,0.0,0.0,0.0,nan,nan,4.3167107001321,2.964077890442837,nan,0.9067557754559314,0.02268984148093852,0.0,0.0,0.0,0.0,0.0,0.0,0.0,0.0,0.0,0.0,0.0,0.0,0.0,0.0,0.0,0.0,0.0,0.0,0.0,0.0,0.0,0.0,0.0,0.0,0.0,1.20928338762215,10.370521172638439,14.657980456026062,3.6522801302931605,0.10993485342019546,0.9063171206194307,0.02272963842579941,0.0,0.0,0.0,0.0,0.0,0.0,0.0,0.0,0.0,0.0,0.0,0.0,0.0,0.0,0.0,0.0,0.0,0.0,0.0,0.0,0.0,0.0,0.0,0.0,0.03973509933774835,1.1920529801324504,10.490066225165565,14.88741721854305,3.205298013245034,0.185430463576159,0.3877,0.02312,0.0,0.0,0.0,0.0,0.0,0.0,0.0,0.0,0.0,0.1465798045602606,5.582247557003259,15.26872964169379,8.379478827361565,0.6229641693811075,0.0,0.0,0.0,0.0,0.0,0.0,0.0,0.0,0.0,0.0,0.0,0.0,0.0,0.0,0.0,0.0,0.3887,0.02312,0.0,0.0,0.0,0.0,0.0,0.0,0.0,0.0,0.0,0.2649006622516557,4.754966887417219,15.894039735099316,8.33112582781457,0.7152317880794704,0.03973509933774835,0.0,0.0,0.0,0.0,0.0,0.0,0.0,0.0,0.0,0.0,0.0,0.0,0.0,0.0,0.0
31500,4926,2545,0.5166463662200569,1232,998,0.4526999593991068,1395,0.5663824604141291,0.414,2.9546409071818562,3.1145767769923043,6.61136023916293,2.188075326753885,9320.057152186062,1419.0591850627407,7853.0,10762.634579539299,10692.577026195891,17.809718241325097,7853.0,0.0,28.084652862362972,20.857206945282545,33.07668118045476,19.046137881007283,0.13966707267559886,0.0978481526593585,0.08729192042224929,0.09013398294762484,0.08181079983759643,0.07632967925294357,0.06638246041412911,0.06394640682095006,0.057450263905805925,0.05684125050751117,0.04912708079577751,0.04141291108404385,0.028014616321559074,0.02781161185546082,0.019691433211530655,0.010150223304912708,0.0060901339829476245,0.9067294982043022,0.022764715135028236,0.0,0.0,0.0,0.0,0.0,0.0,0.0,0.0,0.0,0.0,0.0,0.0,0.0,0.0,0.0,0.0,0.0,0.0,0.0,0.0,0.0,0.0,0.0,0.0,0.012180267965895252,1.1997563946406822,10.200974421437275,14.82947624847747,3.6662606577344707,0.0913520097442144,4.240688575899844,2.9129203564758726,nan,nan,nan,4.240324594257179,2.9373902647669126,4.24105461393597,2.8881030759707365,1.000172161272696,0.3884,0.02333,0.0,0.0,0.0,0.0,0.0,0.0,0.0,0.0,0.0,0.26187576126674794,5.07917174177832,15.444579780755152,8.459196102314252,0.7490864799025581,0.006090133982947626,0.0,0.0,0.0,0.0,0.0,0.0,0.0,0.0,0.0,0.0,0.0,0.0,0.0,0.0,0.0,nan,nan,4.240688575899844,2.9129203564758726,nan,0.3884,0.1156,0.0,0.0,0.0,0.0,0.0,0.0,0.0,0.0,0.0,0.0,0.0,0.0,0.0,0.0,1.0150223304912707e-05,0.0,0.0017255379618351604,0.0,0.0010150223304912708,0.006638246041412911,0.010160373528217621,0.014616321559074299,0.01428136419001218,0.026979293544457977,0.049350385708485586,0.028532277710109622,0.027527405602923265,0.01566179455948031,0.0297909053999188,0.036977263499797,0.01300243605359318,0.029263093788063337,0.02650223304912708,0.03017661388550548,0.01762078765732846,0.038469346325619165,0.046559074299634594,0.04876167275680065,0.013712951684937068,0.04595006090133983,0.027669508729192042,0.010627283800243605,0.029131140885099473,0.041473812423873324,0.05384693463256192,0.008384084449857897,0.021914332115306537,0.02304100690215185,0.019935038570848558,0.0066280958181079985,0.012210718635809989,0.011550954120990662,0.00888144539179862,0.003105968331303289,0.002222898903775883,0.011987413723101909,0.02365002030044661,0.018351603735282176,0.008302882663418595,0.005410069021518474,0.033120178643930166,0.0037149817295980513,0.006567194478278522,0.024857896873731224,0.00412099066179456,0.0032582216808769793,5.075111652456354e-05,1.0150223304912707e-05,0.0,0.0026898091758018675,0.0,0.0,0.0,0.0,0.0,0.0,0.0,0.0,0.0,0.0,0.0,0.0,0.0,0.0,0.0,0.0,0.0,0.0,0.0,0.0,0.0,0.0,0.0,0.0,0.0,0.0,0.0,0.0,0.0,0.0,0.0,nan,nan,4.240688575899844,2.9129203564758726,nan,0.9069175651593386,0.02276896711406792,0.0,0.0,0.0,0.0,0.0,0.0,0.0,0.0,0.0,0.0,0.0,0.0,0.0,0.0,0.0,0.0,0.0,0.0,0.0,0.0,0.0,0.0,0.0,0.0,0.0,1.2259332023575642,10.231827111984286,14.664047151277016,3.772102161100197,0.10609037328094305,0.9065284774564786,0.02275845110601884,0.0,0.0,0.0,0.0,0.0,0.0,0.0,0.0,0.0,0.0,0.0,0.0,0.0,0.0,0.0,0.0,0.0,0.0,0.0,0.0,0.0,0.0,0.0,0.0,0.025199496010079803,1.1717765644687108,10.1679966400672,15.006299874002522,3.5531289374212522,0.07559848803023941,0.3884,0.0233,0.0,0.0,0.0,0.0,0.0,0.0,0.0,0.0,0.0,0.25933202357563856,5.210216110019648,15.394891944990153,8.357563850687624,0.7779960707269157,0.0,0.0,0.0,0.0,0.0,0.0,0.0,0.0,0.0,0.0,0.0,0.0,0.0,0.0,0.0,0.0,0.3884,0.02336,0.0,0.0,0.0,0.0,0.0,0.0,0.0,0.0,0.0,0.2645947081058379,4.939101217975641,15.497690046199054,8.567828643427132,0.7181856362872745,0.012599748005039902,0.0,0.0,0.0,0.0,0.0,0.0,0.0,0.0,0.0,0.0,0.0,0.0,0.0,0.0,0.0
31600,4768,2515,0.5274748322147651,1216,923,0.4486157718120805,1271,0.5331375838926175,0.43,2.9906790945406123,3.1113956790960593,6.629107981220657,2.0936966998515243,9350.360840087069,1417.2800672768676,7853.0,10754.949905633926,10691.73418907958,17.571635553646217,7853.0,0.0,28.046140939597315,20.681518803196774,32.87717553455992,18.90291170135378,0.13695469798657717,0.10067114093959731,0.09018456375838926,0.08536073825503356,0.08305369127516779,0.0765520134228188,0.06417785234899329,0.06564597315436242,0.059773489932885907,0.055578859060402684,0.04677013422818792,0.04488255033557047,0.03691275167785235,0.022441275167785234,0.01552013422818792,0.009437919463087249,0.006082214765100671,0.9062708857650524,0.022586115532640352,0.0,0.0,0.0,0.0,0.0,0.0,0.0,0.0,0.0,0.0,0.0,0.0,0.0,0.0,0.0,0.0,0.0,0.0,0.0,0.0,0.0,0.0,0.0,0.0,0.0188758389261745,1.201761744966443,10.539010067114097,14.710570469798661,3.441694630872484,0.08808724832214768,4.158796895213454,2.871720004475402,nan,nan,nan,4.210932475884245,2.8675828857023418,4.106050748210801,2.8749375516446665,0.9750929922828031,0.388,0.02322,0.0,0.0,0.0,0.0,0.0,0.0,0.0,0.0,0.0,0.2705536912751678,4.995805369127518,15.799077181208032,8.14807046979866,0.7802013422818794,0.0062919463087248335,0.0,0.0,0.0,0.0,0.0,0.0,0.0,0.0,0.0,0.0,0.0,0.0,0.0,0.0,0.0,nan,nan,4.158796895213454,2.871720004475402,nan,0.388,0.1153,0.0,0.0,0.0,0.0,0.0,0.0,0.0,0.0,0.0,0.0,0.0,0.0,0.0,0.0,0.0,0.0,0.0021916946308724833,4.194630872483221e-05,0.0008389261744966443,0.00770763422818792,0.008913590604026845,0.015656459731543625,0.013066275167785234,0.02716023489932886,0.04753565436241611,0.028324244966442952,0.02790478187919463,0.016306627516778523,0.030096476510067114,0.03529781879194631,0.012426593959731544,0.028313758389261746,0.030222315436241612,0.02957214765100671,0.01725041946308725,0.04123322147651007,0.04885696308724832,0.04897231543624161,0.014156879194630873,0.045564177852348994,0.026520553691275168,0.010706795302013423,0.030033557046979867,0.041075922818791945,0.053387164429530204,0.0087248322147651,0.022703439597315436,0.021675755033557047,0.017208473154362417,0.006354865771812081,0.013464765100671142,0.00996224832214765,0.010203439597315437,0.0032088926174496644,0.001751258389261745,0.012269295302013422,0.022609060402684563,0.018886325503355703,0.008305369127516778,0.005861996644295302,0.03241401006711409,0.0034395973154362418,0.007466442953020134,0.025167785234899327,0.0030935402684563757,0.0032613255033557046,0.00014681208053691274,1.0486577181208053e-05,0.0,0.002474832214765101,0.0,0.0,0.0,0.0,0.0,0.0,0.0,0.0,0.0,0.0,0.0,0.0,0.0,0.0,0.0,0.0,0.0,0.0,0.0,0.0,0.0,0.0,0.0,0.0,0.0,0.0,0.0,0.0,0.0,0.0,0.0,nan,nan,4.158796895213454,2.871720004475402,nan,0.9062683891349474,0.02225576118743489,0.0,0.0,0.0,0.0,0.0,0.0,0.0,0.0,0.0,0.0,0.0,0.0,0.0,0.0,0.0,0.0,0.0,0.0,0.0,0.0,0.0,0.0,0.0,0.0,0.011928429423459248,1.2166998011928432,10.234592445328035,15.280318091451296,3.137176938369782,0.11928429423459247,0.9062736727267543,0.022949269838956336,0.0,0.0,0.0,0.0,0.0,0.0,0.0,0.0,0.0,0.0,0.0,0.0,0.0,0.0,0.0,0.0,0.0,0.0,0.0,0.0,0.0,0.0,0.0,0.0,0.026631158455392816,1.1850865512649802,10.878828229027965,14.074567243675103,3.78162450066578,0.05326231691078563,0.3875,0.02263,0.0,0.0,0.0,0.0,0.0,0.0,0.0,0.0,0.0,0.21471172962226645,5.093439363817099,16.115308151093416,7.872763419483102,0.7037773359840956,0.0,0.0,0.0,0.0,0.0,0.0,0.0,0.0,0.0,0.0,0.0,0.0,0.0,0.0,0.0,0.0,0.3884,0.02385,0.0,0.0,0.0,0.0,0.0,0.0,0.0,0.0,0.0,0.33288948069241014,4.886817576564582,15.446071904127807,8.455392809587218,0.8655126498002665,0.013315579227696408,0.0,0.0,0.0,0.0,0.0,0.0,0.0,0.0,0.0,0.0,0.0,0.0,0.0,0.0,0.0
31700,4876,2490,0.5106644790812142,1130,1019,0.4407301066447908,1369,0.5615258408531584,0.434,3.0184409052808046,3.150406019693636,6.769828926905133,2.013923030764685,9303.156056937743,1419.6073774900992,7853.0,10758.21036350727,10692.743346838732,18.06655692785389,7853.0,0.0,27.018047579983595,20.527420244981126,32.06037456875308,18.817757205813294,0.14561115668580804,0.10561936013125513,0.09885151763740771,0.0844954881050041,0.08593109105824447,0.06685808039376538,0.07280557834290402,0.06070549630844955,0.06111566858080394,0.05332239540607055,0.04368334700574241,0.03424938474159147,0.03383921246923708,0.022969647251845776,0.014150943396226415,0.009844134536505332,0.005947497949138638,0.9070598116852007,0.022968917436617213,0.0,0.0,0.0,0.0,0.0,0.0,0.0,0.0,0.0,0.0,0.0,0.0,0.0,0.0,0.0,0.0,0.0,0.0,0.0,0.0,0.0,0.0,0.0,0.0,0.0184577522559475,1.1505332239540609,10.114848236259231,14.803117309269897,3.734618539786711,0.1784249384741592,4.364231903046184,2.8686140643952664,nan,nan,nan,4.354860186418109,2.8769550778093707,4.373307543520309,2.860484119065063,1.0042360388881677,0.389,0.02376,0.0,0.0,0.0,0.0,0.0,0.0,0.0,0.0,0.0,0.32608695652173925,4.977440525020509,15.295324036095138,8.509023789991797,0.8675143560295326,0.024610336341263337,0.0,0.0,0.0,0.0,0.0,0.0,0.0,0.0,0.0,0.0,0.0,0.0,0.0,0.0,0.0,nan,nan,4.364231903046184,2.8686140643952664,nan,0.389,0.11615,0.0,0.0,0.0,0.0,0.0,0.0,0.0,0.0,0.0,0.0,0.0,0.0,0.0,0.0,0.0,0.0,0.0023482362592288763,0.00018457752255947497,0.0010561936013125514,0.00699343724364233,0.0088084495488105,0.016858080393765382,0.013443396226415095,0.029470877768662838,0.04663658736669401,0.025861361771944216,0.028824856439704675,0.016611977030352748,0.02797374897456932,0.03558244462674323,0.010931091058244463,0.028240360951599673,0.031132075471698113,0.028763330598851517,0.018550041017227237,0.039191960623461856,0.049015586546349466,0.04659557013945857,0.014571369975389664,0.04755947497949139,0.026784249384741592,0.009669811320754717,0.03055783429040197,0.0397149302707137,0.051938063986874485,0.009228876127973748,0.021903199343724363,0.023277276456111568,0.018529532403609515,0.005455291222313372,0.01436628383921247,0.010151763740771124,0.009362182116488925,0.002378999179655455,0.001763740771123872,0.01141304347826087,0.02386177194421657,0.018580803937653816,0.008726415094339622,0.0063063986874487285,0.03447497949138638,0.00367104183757178,0.007824036095159968,0.026333059885151763,0.003137817883511075,0.003260869565217391,0.0003999179655455291,0.0,8.203445447087777e-05,0.0016406890894175555,0.0,0.0,0.0,0.0,0.0,0.0,0.0,0.0,0.0,0.0,0.0,0.0,0.0,0.0,0.0,0.0,0.0,0.0,0.0,0.0,0.0,0.0,0.0,0.0,0.0,0.0,0.0,0.0,0.0,0.0,0.0,nan,nan,4.364231903046184,2.8686140643952664,nan,0.9068659853025612,0.022799189963093297,0.0,0.0,0.0,0.0,0.0,0.0,0.0,0.0,0.0,0.0,0.0,0.0,0.0,0.0,0.0,0.0,0.0,0.0,0.0,0.0,0.0,0.0,0.0,0.0,0.02409638554216868,1.2289156626506026,10.084337349397593,14.927710843373497,3.5662650602409647,0.16867469879518077,0.9072620864935713,0.023142984793973805,0.0,0.0,0.0,0.0,0.0,0.0,0.0,0.0,0.0,0.0,0.0,0.0,0.0,0.0,0.0,0.0,0.0,0.0,0.0,0.0,0.0,0.0,0.0,0.0,0.012573344509639567,1.0687342833193632,10.14668901927913,14.673093042749374,3.910310142497905,0.1886001676445935,0.3887,0.02333,0.0,0.0,0.0,0.0,0.0,0.0,0.0,0.0,0.0,0.30120481927710846,4.891566265060241,15.626506024096361,8.397590361445785,0.7469879518072291,0.03614457831325302,0.0,0.0,0.0,0.0,0.0,0.0,0.0,0.0,0.0,0.0,0.0,0.0,0.0,0.0,0.0,0.389,0.02419,0.0,0.0,0.0,0.0,0.0,0.0,0.0,0.0,0.0,0.35205364626990787,5.067057837384745,14.94970662196142,8.625314333612742,0.9932942162615258,0.012573344509639567,0.0,0.0,0.0,0.0,0.0,0.0,0.0,0.0,0.0,0.0,0.0,0.0,0.0,0.0,0.0
31800,4397,2304,0.523993632021833,1106,851,0.4450761883102115,1217,0.5535592449397316,0.40199999999999997,2.8652651696129956,2.9369879342710834,6.0304,2.1542227925634805,9341.025396251776,1418.3137241021916,7853.0,10752.038545489311,10692.777633385009,18.12613641965292,7853.0,0.0,29.205822151466908,21.15183707682544,33.85752330226365,19.368834184695373,0.12599499658858312,0.09529224471230384,0.09097111667045713,0.08005458267000228,0.08278371617011598,0.07664316579486014,0.06663634296110985,0.06618148737775756,0.06254264271093928,0.05935865362747328,0.04343870821014328,0.04343870821014328,0.03775301341823971,0.030702751876279282,0.017966795542415284,0.011598817375483284,0.008642256083693428,0.907706484323961,0.02268339772862913,0.0,0.0,0.0,0.0,0.0,0.0,0.0,0.0,0.0,0.0,0.0,0.0,0.0,0.0,0.0,0.0,0.0,0.0,0.0,0.0,0.0,0.0,0.0,0.0,0.020468501250852856,1.0848305662952016,9.824880600409372,15.119399590629978,3.8276097339094846,0.12281100750511716,4.0415950498453075,2.752040213153182,nan,nan,nan,4.083390764989662,2.8214631888693673,4.0,2.6805195737366265,0.9795780590717299,0.3887,0.02347,0.0,0.0,0.0,0.0,0.0,0.0,0.0,0.0,0.0,0.23879918125995,5.035251307709803,15.358198771889901,8.508073686604504,0.8528542187855358,0.0068228337502842865,0.0,0.0,0.0,0.0,0.0,0.0,0.0,0.0,0.0,0.0,0.0,0.0,0.0,0.0,0.0,nan,nan,4.0415950498453075,2.752040213153182,nan,0.3887,0.11615,0.0,0.0,0.0,0.0,0.0,0.0,0.0,0.0,0.0,0.0,0.0,0.0,0.0,0.0,0.0,0.0,0.0020695929042529,0.00035251307709802137,0.000966568114623607,0.006788719581532863,0.009756652262906527,0.01627245849442802,0.01340686831930862,0.029929497384580395,0.04594041391858085,0.025596997953149875,0.02856493063452354,0.017546054127814417,0.027757561974073232,0.035035251307709805,0.01065499204002729,0.028405731180350238,0.032624516715942686,0.030407095747100297,0.018171480554923812,0.03794632704116443,0.055060268364794177,0.044007277689333636,0.01503297702979304,0.04530361610188765,0.025358198771889925,0.010006822833750284,0.03055492381168979,0.03778712758699113,0.0525471912667728,0.008005458267000228,0.021946781896747782,0.024323402319763474,0.01697748464862406,0.005355924493973163,0.014180122811007506,0.011200818740050035,0.008778712758699113,0.0026722765521946783,0.0014782806458949283,0.012065044348419377,0.025289970434387084,0.01841027973618376,0.008164657721173528,0.006652262906527178,0.03462588128269275,0.003218103252217421,0.007584716852399363,0.027029793040709574,0.003138503525130771,0.003252217420968842,0.00028428473959517855,0.0001364566750056857,0.00011371389583807141,0.0012394814646349785,0.0,0.0,0.0,0.0,2.2742779167614282e-05,0.0,0.0,0.0,0.0,0.0,0.0,0.0,0.0,0.0,0.0,0.0,0.0,0.0,0.0,0.0,0.0,0.0,0.0,0.0,0.0,0.0,0.0,0.0,0.0,0.0,0.0,nan,nan,4.0415950498453075,2.752040213153182,nan,0.9075280386023223,0.02307955910662893,0.0,0.0,0.0,0.0,0.0,0.0,0.0,0.0,0.0,0.0,0.0,0.0,0.0,0.0,0.0,0.0,0.0,0.0,0.0,0.0,0.0,0.0,0.0,0.0,0.02604166666666667,1.2239583333333335,9.609375000000002,15.208333333333336,3.789062500000001,0.14322916666666669,0.9079029195569545,0.02223748411315376,0.0,0.0,0.0,0.0,0.0,0.0,0.0,0.0,0.0,0.0,0.0,0.0,0.0,0.0,0.0,0.0,0.0,0.0,0.0,0.0,0.0,0.0,0.0,0.0,0.014333492594362163,0.9316770186335406,10.062111801242239,15.021500238891546,3.870043000477784,0.10033444816053515,0.3882,0.02321,0.0,0.0,0.0,0.0,0.0,0.0,0.0,0.0,0.0,0.20833333333333337,5.208333333333334,15.390624999999979,8.450520833333336,0.7421875000000002,0.0,0.0,0.0,0.0,0.0,0.0,0.0,0.0,0.0,0.0,0.0,0.0,0.0,0.0,0.0,0.0,0.3894,0.02374,0.0,0.0,0.0,0.0,0.0,0.0,0.0,0.0,0.0,0.2723363592928811,4.844720496894411,15.322503583373125,8.571428571428573,0.974677496416627,0.014333492594362163,0.0,0.0,0.0,0.0,0.0,0.0,0.0,0.0,0.0,0.0,0.0,0.0,0.0,0.0,0.0
31900,4259,2201,0.5167879783986852,1035,854,0.4435313453862409,1195,0.5611645926273773,0.422,2.987852283770651,3.164328043442732,6.6525423728813555,2.2177141944363656,9320.990496707595,1419.5577569570346,7853.0,10762.316026210785,10693.604963869899,17.553302467648702,7853.0,0.0,27.869452923221413,20.77513762245758,32.85126050420168,18.997007130696513,0.14181732801127026,0.09955388588870627,0.08992721296078891,0.08687485325193707,0.08358769664240433,0.07936135243014793,0.06409955388588871,0.05822963136886593,0.0596384127729514,0.054472880957971356,0.04742897393754403,0.04672458323550129,0.0319323784926039,0.02301009626672928,0.017140173749706503,0.01150504813336464,0.0046959380136182205,0.9078768295955143,0.022629601540785464,0.0,0.0,0.0,0.0,0.0,0.0,0.0,0.0,0.0,0.0,0.0,0.0,0.0,0.0,0.0,0.0,0.0,0.0,0.0,0.0,0.0,0.0,0.0,0.0,0.0,0.9297957266964079,9.988260154965957,15.186663536041328,3.7473585348673404,0.14792204742897397,4.255187477247907,2.9730076538432284,nan,nan,nan,4.184248554913295,2.9813990560278976,4.327219369038885,2.962725163969548,1.0341688148419645,0.389,0.02307,0.0,0.0,0.0,0.0,0.0,0.0,0.0,0.0,0.0,0.2606245597558113,4.874383658135714,15.186663536041301,8.89645456679972,0.7748297722470066,0.007043907020427332,0.0,0.0,0.0,0.0,0.0,0.0,0.0,0.0,0.0,0.0,0.0,0.0,0.0,0.0,0.0,nan,nan,4.255187477247907,2.9730076538432284,nan,0.389,0.1162,0.0,0.0,0.0,0.0,0.0,0.0,0.0,0.0,0.0,0.0,0.0,0.0,0.0,0.0,0.0,1.1739845034045551e-05,0.0020544728809579714,0.00042263442122563984,0.001385301714017375,0.006773890584644283,0.011446348908194412,0.01669405963841277,0.013829537450105659,0.029607889175862878,0.04370744306175158,0.024665414416529703,0.027717774125381546,0.018032401972293964,0.027764733505517728,0.03352899741723409,0.011763324724113641,0.027506456914768725,0.03131016670579948,0.028950457853956328,0.016717539328480864,0.03976285513031228,0.05988494951866635,0.04398919934256868,0.014076074195820616,0.045656257337403146,0.02369100727870392,0.01129373092275182,0.0312632073256633,0.03671049542146044,0.053099319088988024,0.007102606245597558,0.01946466306644752,0.023726226813806057,0.018431556703451514,0.0064334350786569615,0.01406433435078657,0.013101667057994834,0.010096266729279173,0.002723644047898568,0.0012561634186428739,0.011152852782343273,0.024606715191359475,0.01867809344916647,0.009767551068325898,0.007877436017844564,0.03270720826485091,0.0030523597088518433,0.00905142052124912,0.026320732566330125,0.003134538624090162,0.0022070908664005634,0.00042263442122563984,0.00011739845034045551,3.521953510213665e-05,0.001150504813336464,0.0,0.0,0.0,0.0,0.0,0.0,0.0,0.0,0.0,0.0,0.0,0.0,0.0,0.0,0.0,0.0,0.0,0.0,0.0,0.0,0.0,0.0,0.0,0.0,0.0,0.0,0.0,0.0,0.0,0.0,0.0,nan,nan,4.255187477247907,2.9730076538432284,nan,0.9079490702892097,0.02229693514480612,0.0,0.0,0.0,0.0,0.0,0.0,0.0,0.0,0.0,0.0,0.0,0.0,0.0,0.0,0.0,0.0,0.0,0.0,0.0,0.0,0.0,0.0,0.0,0.0,0.0,0.8314402544298048,9.827351203998184,15.688323489323038,3.489323034984099,0.16356201726487962,0.9077995692617807,0.022979803196930337,0.0,0.0,0.0,0.0,0.0,0.0,0.0,0.0,0.0,0.0,0.0,0.0,0.0,0.0,0.0,0.0,0.0,0.0,0.0,0.0,0.0,0.0,0.0,0.0,0.0,1.034985422740525,10.160349854227407,14.650145772594756,4.023323615160351,0.13119533527696794,0.3892,0.02292,0.0,0.0,0.0,0.0,0.0,0.0,0.0,0.0,0.0,0.28623353021353937,4.784189004997729,15.293048614266219,8.79145842798728,0.8450704225352115,0.0,0.0,0.0,0.0,0.0,0.0,0.0,0.0,0.0,0.0,0.0,0.0,0.0,0.0,0.0,0.0,0.3887,0.02322,0.0,0.0,0.0,0.0,0.0,0.0,0.0,0.0,0.0,0.2332361516034986,4.9708454810495635,15.072886297376073,9.008746355685133,0.6997084548104957,0.014577259475218662,0.0,0.0,0.0,0.0,0.0,0.0,0.0,0.0,0.0,0.0,0.0,0.0,0.0,0.0,0.0
32000,4222,2220,0.5258171482709616,1036,853,0.44741828517290383,1167,0.5528185693983894,0.434,3.110889110889111,3.2391664220261553,6.979274611398964,2.140872618940664,9346.16094731127,1418.016186653266,7853.0,10752.553210377693,10692.696179976656,18.299538118003678,7853.0,0.0,27.564187588820463,20.780575831096776,32.849013440091504,18.922597777081755,0.1504026527711985,0.09592610137375651,0.09047844623401231,0.0847939365229749,0.0812411179535765,0.08242539081004263,0.0675035528185694,0.05684509711037423,0.06039791567977262,0.056371387967787775,0.04405495026054003,0.039081004263382284,0.03315963998105163,0.02344860255802937,0.01586925627664614,0.012553292278540976,0.005447655139744197,0.9065207668188792,0.022579107690903204,0.0,0.0,0.0,0.0,0.0,0.0,0.0,0.0,0.0,0.0,0.0,0.0,0.0,0.0,0.0,0.0,0.0,0.0,0.0,0.0,0.0,0.0,0.0,0.0,0.01421127427759356,1.229275225011843,10.388441496920892,14.879204168640458,3.360966366650877,0.12790146849834205,4.318181818181818,2.98722615876853,nan,nan,nan,4.34241531664212,3.0085514936032434,4.293768545994065,2.9653873271195965,0.9887973012480822,0.3892,0.02373,0.0,0.0,0.0,0.0,0.0,0.0,0.0,0.0,0.0,0.23448602558029374,4.8531501657982,15.270014211274255,8.683088583609665,0.9450497394599718,0.01421127427759356,0.0,0.0,0.0,0.0,0.0,0.0,0.0,0.0,0.0,0.0,0.0,0.0,0.0,0.0,0.0,nan,nan,4.318181818181818,2.98722615876853,nan,0.3892,0.1165,0.0,0.0,0.0,0.0,0.0,0.0,0.0,0.0,0.0,0.0,0.0,0.0,0.0,0.0,0.0,0.0,0.002380388441496921,0.00031975367124585506,0.001350071056371388,0.006335859782093794,0.011819043107531976,0.017989104689720512,0.012576977735670299,0.028990999526290858,0.04822359071530081,0.02344860255802937,0.027498815727143532,0.018297015632401704,0.025213169114163905,0.03131217432496447,0.012280909521553767,0.028671245855045,0.027344860255802936,0.03093320701089531,0.017657508289909994,0.036807200378967314,0.060646612979630504,0.04495499763145429,0.014104689720511605,0.04407863571766935,0.024893415442918048,0.01085978209379441,0.03244907626717196,0.03649928943628612,0.05401468498342018,0.0080175272382757,0.02051160587399337,0.022477498815727144,0.017562766461392706,0.006395073424917101,0.015525817148270962,0.014838938891520607,0.010208432022738039,0.00283041212695405,0.0006395073424917101,0.009900521080056846,0.023673614400757936,0.01851018474656561,0.009225485551871151,0.008360966366650876,0.033289909995262906,0.0027238275698720986,0.009462340123164378,0.027356702984367598,0.002711984841307437,0.0016461392704879205,0.00031975367124585506,0.00022501184272856467,9.474182851729038e-05,0.0015395547134059687,0.0,0.0,0.0,0.0,0.0,0.0,0.0,0.0,0.0,0.0,0.0,0.0,0.0,0.0,0.0,0.0,0.0,0.0,0.0,0.0,0.0,0.0,0.0,0.0,0.0,0.0,0.0,0.0,0.0,0.0,0.0,nan,nan,4.318181818181818,2.98722615876853,nan,0.9065579652249276,0.022573753410738757,0.0,0.0,0.0,0.0,0.0,0.0,0.0,0.0,0.0,0.0,0.0,0.0,0.0,0.0,0.0,0.0,0.0,0.0,0.0,0.0,0.0,0.0,0.0,0.0,0.0,1.256756756756757,10.283783783783786,14.959459459459463,3.351351351351352,0.14864864864864868,0.9064795178371471,0.022584971882691058,0.0,0.0,0.0,0.0,0.0,0.0,0.0,0.0,0.0,0.0,0.0,0.0,0.0,0.0,0.0,0.0,0.0,0.0,0.0,0.0,0.0,0.0,0.0,0.0,0.02997002997002998,1.198801198801199,10.504495504495507,14.790209790209794,3.3716283716283724,0.10489510489510492,0.389,0.02373,0.0,0.0,0.0,0.0,0.0,0.0,0.0,0.0,0.0,0.24324324324324328,5.081081081081082,15.229729729729707,8.513513513513516,0.9324324324324327,0.0,0.0,0.0,0.0,0.0,0.0,0.0,0.0,0.0,0.0,0.0,0.0,0.0,0.0,0.0,0.0,0.3894,0.02374,0.0,0.0,0.0,0.0,0.0,0.0,0.0,0.0,0.0,0.22477522477522482,4.6003996003996015,15.314685314685294,8.871128871128873,0.9590409590409593,0.02997002997002998,0.0,0.0,0.0,0.0,0.0,0.0,0.0,0.0,0.0,0.0,0.0,0.0,0.0,0.0,0.0
32100,4159,2177,0.5234431353690792,1034,850,0.45299350805482086,1161,0.5583072854051455,0.438,3.0862764883955602,3.1624568870267473,6.646428571428571,2.18353941749516,9339.632386249199,1418.5492152717793,7853.0,10748.858658790588,10693.102937257887,17.953538320814403,7853.0,0.0,28.158691993267613,20.978774600016756,33.164375715922105,19.166477276361924,0.14162058187064197,0.09761962010098581,0.09305121423419091,0.0793459966338062,0.08006732387593171,0.07501803318105314,0.0709305121423419,0.06732387593171435,0.05987016109641741,0.0526568886751623,0.044962731425823514,0.03919211348881943,0.03270016830968983,0.029814859341187785,0.019475835537388797,0.009377254147631643,0.006972830007213273,0.9071064940236113,0.022605422120798357,0.0,0.0,0.0,0.0,0.0,0.0,0.0,0.0,0.0,0.0,0.0,0.0,0.0,0.0,0.0,0.0,0.0,0.0,0.0,0.0,0.0,0.0,0.0,0.0,0.0,1.1613368598220728,10.185140658812216,15.010819908631886,3.5561433036787697,0.08655926905506132,4.286666666666667,2.9158646516370865,nan,nan,nan,4.348017621145375,2.8728614784878443,4.2273747195213165,2.956538598195858,0.972253354945632,0.3892,0.02333,0.0,0.0,0.0,0.0,0.0,0.0,0.0,0.0,0.0,0.259677807165184,4.789612887713393,15.263284443375788,8.901178167828807,0.7862466939168071,0.0,0.0,0.0,0.0,0.0,0.0,0.0,0.0,0.0,0.0,0.0,0.0,0.0,0.0,0.0,0.0,nan,nan,4.286666666666667,2.9158646516370865,nan,0.3892,0.11694,0.0,0.0,0.0,0.0,0.0,0.0,0.0,0.0,0.0,0.0,0.0,0.0,0.0,6.0110603510459244e-05,0.0,0.0,0.001911517191632604,0.00013224332772301034,0.0012022120702091848,0.0060591488338542915,0.014017792738639095,0.016830968982928587,0.012635248857898533,0.03177446501562876,0.04653762923779755,0.026352488578985332,0.026953594614089926,0.016277951430632362,0.02510218802596778,0.03253185861986054,0.011457081029093532,0.02769896609761962,0.027831209425342632,0.03101707141139697,0.016686703534503487,0.03536907910555422,0.062262563116133686,0.04479442173599423,0.013344553979321952,0.04216157730223612,0.025799471026689107,0.011144505890839145,0.03342149555181534,0.03503245972589565,0.05260880019235393,0.00896850204376052,0.019559990382303438,0.02274585236835778,0.01781678288050012,0.006443856696321231,0.016530415965376292,0.014294301514787208,0.01222649675402741,0.003077662899735513,0.000637172397210868,0.008631882664101947,0.023443135369079104,0.018357778312094255,0.009317143544121184,0.008788170233229142,0.0349603270016831,0.002452512623226737,0.008884347198845876,0.027218081269535947,0.002644866554460207,0.0018874729502284203,0.00037268574176484734,0.00019235393123346957,0.00027650877614811254,0.001262322673719644,0.0,0.0,0.0,0.0,0.0,0.0,0.0,0.0,0.0,0.0,0.0,0.0,0.0,0.0,0.0,0.0,0.0,0.0,0.0,0.0,0.0,0.0,0.0,0.0,0.0,0.0,0.0,0.0,0.0,0.0,0.0,nan,nan,4.286666666666667,2.9158646516370865,nan,0.9070854840828401,0.0228628583024295,0.0,0.0,0.0,0.0,0.0,0.0,0.0,0.0,0.0,0.0,0.0,0.0,0.0,0.0,0.0,0.0,0.0,0.0,0.0,0.0,0.0,0.0,0.0,0.0,0.0,1.1713367018833258,10.514469453376208,14.386770785484615,3.8723013321084068,0.05512172714745063,0.9071295710372637,0.022319213509690603,0.0,0.0,0.0,0.0,0.0,0.0,0.0,0.0,0.0,0.0,0.0,0.0,0.0,0.0,0.0,0.0,0.0,0.0,0.0,0.0,0.0,0.0,0.0,0.0,0.0,1.1503531786074674,9.8234106962664,15.696266397578208,3.2088799192734623,0.12108980827447026,0.3892,0.02344,0.0,0.0,0.0,0.0,0.0,0.0,0.0,0.0,0.0,0.26182820395039047,4.9609554432705565,15.130914101975172,8.888378502526415,0.7579237482774462,0.0,0.0,0.0,0.0,0.0,0.0,0.0,0.0,0.0,0.0,0.0,0.0,0.0,0.0,0.0,0.0,0.3892,0.02321,0.0,0.0,0.0,0.0,0.0,0.0,0.0,0.0,0.0,0.2573158425832493,4.60141271442987,15.408678102926315,8.915237134207873,0.8173562058526743,0.0,0.0,0.0,0.0,0.0,0.0,0.0,0.0,0.0,0.0,0.0,0.0,0.0,0.0,0.0,0.0
32200,4553,2384,0.5236108060619372,1168,934,0.4616736217878322,1270,0.5578739292773995,0.414,3.078838174273859,3.1386816624561398,6.765472312703583,2.176356521463522,9340.035344567688,1418.4598945080725,7853.0,10758.371836066246,10692.963055292232,18.393468149220805,7853.0,0.0,27.940698440588623,20.74941214189795,32.98740818467996,18.897424245782695,0.1416648363716231,0.10037338018888645,0.08499890182297386,0.08675598506479244,0.07687239182956293,0.07709202723479025,0.07797056885569954,0.06676916318910608,0.06039973643751373,0.052932132659784754,0.04195036239841862,0.03755765429387217,0.0320667691631891,0.024379529980232812,0.024599165385460135,0.007906874588183616,0.005710520535910389,0.906384340085068,0.023047900163753587,0.0,0.0,0.0,0.0,0.0,0.0,0.0,0.0,0.0,0.0,0.0,0.0,0.0,0.0,0.0,0.0,0.0,0.0,0.0,0.0,0.0,0.0,0.0,0.0,0.013178124313639362,1.278278058423018,10.226224467384144,14.779266417746545,3.5449154403689884,0.15813749176367234,4.308367071524966,2.91918548438585,nan,nan,nan,4.362549800796812,2.9319470128282497,4.251201098146877,2.9055198453592466,0.9744762334564989,0.39,0.02367,0.0,0.0,0.0,0.0,0.0,0.0,0.0,0.0,0.0,0.2965077970568856,4.487151328794202,15.102130463430683,9.09290577641116,1.0147155721502308,0.006589062156819681,0.0,0.0,0.0,0.0,0.0,0.0,0.0,0.0,0.0,0.0,0.0,0.0,0.0,0.0,0.0,nan,nan,4.308367071524966,2.91918548438585,nan,0.39,0.1174,0.0,0.0,0.0,0.0,0.0,0.0,0.0,0.0,0.0,0.0,0.0,0.0,0.0,0.0,0.0,1.0981770261366133e-05,0.0018339556336481441,0.0001976718647045904,0.0012519218097957392,0.00664397100812651,0.013913902921150889,0.017757522512629034,0.013441686799912147,0.030024159894575006,0.04409180759938502,0.02711399077531298,0.025027454425653416,0.015429387217219415,0.026499011640676477,0.033285745662200744,0.012299582692730068,0.027531298045244894,0.02887107401713156,0.030419503623984188,0.01629694706786734,0.034350977377553264,0.06372721282670767,0.04366351855919174,0.014353173731605535,0.04084120360202065,0.026411157478585547,0.012167801449593674,0.032813529540962005,0.03316494618932572,0.049890182297386336,0.011179442126070723,0.01955853283549308,0.023479024818800792,0.01808697562047002,0.006149791346365034,0.01772457720184494,0.013244014935207556,0.01124533274763892,0.0026246430924665057,0.0007247968372501647,0.009609048978695366,0.023775532615857676,0.017812431363935868,0.010498572369866023,0.00916977816824072,0.0348890841203602,0.002009663957830002,0.010454645288820558,0.0281133318690973,0.0023940259169778167,0.00218537228201186,0.00028552602679551945,0.0001317812431363936,0.00015374478365912586,0.001175049417966176,0.0,0.0,0.0,0.0,0.0,0.0,0.0,0.0,0.0,0.0,0.0,0.0,0.0,0.0,0.0,0.0,0.0,0.0,0.0,0.0,0.0,0.0,0.0,0.0,0.0,0.0,0.0,0.0,0.0,0.0,0.0,nan,nan,4.308367071524966,2.91918548438585,nan,0.9058466733702077,0.023270908991141828,0.0,0.0,0.0,0.0,0.0,0.0,0.0,0.0,0.0,0.0,0.0,0.0,0.0,0.0,0.0,0.0,0.0,0.0,0.0,0.0,0.0,0.0,0.0,0.0,0.025167785234899334,1.472315436241611,10.306208053691277,14.622483221476513,3.3850671140939603,0.188758389261745,0.906975302486279,0.022785638445608367,0.0,0.0,0.0,0.0,0.0,0.0,0.0,0.0,0.0,0.0,0.0,0.0,0.0,0.0,0.0,0.0,0.0,0.0,0.0,0.0,0.0,0.0,0.0,0.0,0.0,1.0650069156293225,10.138312586445368,14.951590594744125,3.7206085753803606,0.1244813278008299,0.3901,0.02379,0.0,0.0,0.0,0.0,0.0,0.0,0.0,0.0,0.0,0.2894295302013423,4.467281879194632,14.97483221476508,9.261744966442954,1.0067114093959733,0.0,0.0,0.0,0.0,0.0,0.0,0.0,0.0,0.0,0.0,0.0,0.0,0.0,0.0,0.0,0.0,0.39,0.02353,0.0,0.0,0.0,0.0,0.0,0.0,0.0,0.0,0.0,0.3042876901798064,4.50899031811895,15.242047026279367,8.907330567081607,1.0235131396957124,0.013831258644536656,0.0,0.0,0.0,0.0,0.0,0.0,0.0,0.0,0.0,0.0,0.0,0.0,0.0,0.0,0.0
32300,4291,2232,0.5201584712188301,1071,818,0.4402237240736425,1162,0.5415986949429038,0.438,3.04273919378339,3.1817411753197558,6.625423728813559,2.2262755414718067,9329.96186357674,1418.628952673369,7853.0,10747.744531154633,10692.445948300983,18.13519614071847,7853.0,0.0,28.05499883477045,21.020664446820646,33.29795575469056,19.14414199702611,0.14635283150780704,0.09881146585877418,0.08925658354695876,0.08389652761594034,0.07876951759496621,0.07387555348403635,0.07084595665346073,0.06338848753204382,0.0547657888604055,0.05196923793987415,0.052202283849918436,0.04241435562805873,0.03262642740619902,0.02773246329526917,0.015847121883010955,0.010254020041948263,0.006991377301328362,0.9063515544382182,0.022544567514752808,0.0,0.0,0.0,0.0,0.0,0.0,0.0,0.0,0.0,0.0,0.0,0.0,0.0,0.0,0.0,0.0,0.0,0.0,0.0,0.0,0.0,0.0,0.0,0.0,0.013982754602656727,1.1256117455138663,10.710790025635053,14.60498718247495,3.3768352365415994,0.1677930552318807,4.270328876039032,2.9403043980647534,nan,nan,nan,4.331643736422882,2.9203903958618422,4.209235209235209,2.9587498078066847,0.9717408599053533,0.3894,0.0234,0.0,0.0,0.0,0.0,0.0,0.0,0.0,0.0,0.0,0.1677930552318807,4.949895129340481,15.241202516895806,8.690281985551156,0.9508273129806574,0.0,0.0,0.0,0.0,0.0,0.0,0.0,0.0,0.0,0.0,0.0,0.0,0.0,0.0,0.0,0.0,nan,nan,4.270328876039032,2.9403043980647534,nan,0.3894,0.117,0.0,0.0,0.0,0.0,0.0,0.0,0.0,0.0,0.0,0.0,0.0,0.0,0.0,0.0,0.0,0.0,0.0015614075972966675,0.0002563505010487066,0.0008506175716616174,0.007201118620368213,0.01364483803309252,0.016767653227685853,0.01249126077837334,0.03132137030995106,0.046073176415753904,0.02897925891400606,0.024271731531111628,0.015567466790957819,0.027161500815660686,0.029643439757632253,0.012561174551386623,0.029084129573525984,0.027895595432300163,0.029876485667676533,0.016942437660219065,0.035271498485201586,0.06694243766021907,0.04413889536238639,0.01406432067117222,0.04093451409927756,0.026031228151945935,0.012864134234444186,0.032311815427639244,0.03259147051969238,0.047354928920997436,0.010941505476578886,0.020822652062456305,0.023048240503379166,0.017058960615241203,0.007410859939408063,0.018457236075506873,0.012269867163831275,0.010941505476578886,0.0017128874388254486,0.0007573992076439058,0.010382195292472618,0.022162666045210905,0.01823584246096481,0.011360988114658587,0.00968305756233978,0.034630622232579816,0.0015730598927988814,0.010230715450943836,0.027546026567233744,0.002400372873456071,0.0022255884409228617,0.00030295968305756233,0.0002213936145420648,5.8261477511069683e-05,0.000908879049172687,0.0,0.0,0.0,0.0,0.0,0.0,0.0,0.0,0.0,0.0,0.0,0.0,0.0,0.0,0.0,0.0,0.0,0.0,0.0,0.0,0.0,0.0,0.0,0.0,0.0,0.0,0.0,0.0,0.0,0.0,0.0,nan,nan,4.270328876039032,2.9403043980647534,nan,0.9062729071705572,0.02261241429049763,0.0,0.0,0.0,0.0,0.0,0.0,0.0,0.0,0.0,0.0,0.0,0.0,0.0,0.0,0.0,0.0,0.0,0.0,0.0,0.0,0.0,0.0,0.0,0.0,0.0,1.088709677419355,10.819892473118282,14.650537634408606,3.2526881720430114,0.18817204301075274,0.9064368097570233,0.022470477838688906,0.0,0.0,0.0,0.0,0.0,0.0,0.0,0.0,0.0,0.0,0.0,0.0,0.0,0.0,0.0,0.0,0.0,0.0,0.0,0.0,0.0,0.0,0.0,0.0,0.02914035939776591,1.1656143759106365,10.592520641087908,14.555609519184074,3.5114133074307925,0.14570179698882957,0.3887,0.02365,0.0,0.0,0.0,0.0,0.0,0.0,0.0,0.0,0.0,0.18817204301075274,5.080645161290323,15.228494623655891,8.629032258064518,0.8736559139784948,0.0,0.0,0.0,0.0,0.0,0.0,0.0,0.0,0.0,0.0,0.0,0.0,0.0,0.0,0.0,0.0,0.39,0.02315,0.0,0.0,0.0,0.0,0.0,0.0,0.0,0.0,0.0,0.14570179698882957,4.808159300631376,15.25497814473043,8.756677999028657,1.03448275862069,0.0,0.0,0.0,0.0,0.0,0.0,0.0,0.0,0.0,0.0,0.0,0.0,0.0,0.0,0.0,0.0
32400,4265,2248,0.5270808909730363,1066,855,0.4504103165298945,1166,0.5467760844079719,0.434,3.0262766484878534,3.1370613416056434,6.661403508771929,2.1971476234622775,9349.613022299753,1417.6944560061945,7853.0,10747.954214334488,10692.437073001976,17.93852153951714,7853.0,0.0,28.269402110199298,21.022532750119968,33.20607073238652,19.237754607940666,0.1395076201641266,0.09566236811254396,0.09167643610785463,0.08862837045720985,0.08253223915592028,0.06963657678780774,0.06869871043376319,0.06635404454865182,0.05369284876905041,0.05744431418522861,0.044783118405627195,0.0429073856975381,0.03399765533411489,0.02813599062133646,0.01735052754982415,0.01078546307151231,0.008206330597889801,0.9055653928592364,0.02226438045443374,0.0,0.0,0.0,0.0,0.0,0.0,0.0,0.0,0.0,0.0,0.0,0.0,0.0,0.0,0.0,0.0,0.0,0.0,0.0,0.0,0.0,0.0,0.0,0.0,0.0,1.273153575615475,10.677608440797188,14.905041031652992,3.066822977725675,0.07737397420867528,4.147069399496584,2.9358996702279683,nan,nan,nan,4.122002820874471,2.930542139245452,4.174008810572687,2.9421440122903575,1.0126166797933396,0.3892,0.02356,0.0,0.0,0.0,0.0,0.0,0.0,0.0,0.0,0.0,0.18991793669402116,4.85345838218054,15.327080890973015,8.658851113716297,0.9636576787807739,0.007033997655334116,0.0,0.0,0.0,0.0,0.0,0.0,0.0,0.0,0.0,0.0,0.0,0.0,0.0,0.0,0.0,nan,nan,4.147069399496584,2.9358996702279683,nan,0.3892,0.1176,0.0,0.0,0.0,0.0,0.0,0.0,0.0,0.0,0.0,0.0,0.0,0.0,0.0,0.0,0.0,0.0,0.0018288393903868698,0.0001406799531066823,0.0007620164126611958,0.006611957796014068,0.014665885111371629,0.017291910902696366,0.013270808909730364,0.031793669402110196,0.04479484173505276,0.030316529894490036,0.02465416178194607,0.015568581477139508,0.025392731535756156,0.02943728018757327,0.01227432590855803,0.0305978898007034,0.02753810082063306,0.028757327080890974,0.01552168815943728,0.037256740914419696,0.0681242672919109,0.043388042203985934,0.012883939038686986,0.04182883939038687,0.027010550996483,0.013599062133645956,0.032895662368112547,0.03264947245017585,0.046295427901524036,0.00996483001172333,0.019542790152403282,0.022192262602579133,0.01847596717467761,0.00776084407971864,0.01694021101992966,0.011817116060961313,0.010363423212192262,0.001242672919109027,0.0009495896834701055,0.010246189917936695,0.020621336459554513,0.016494724501758498,0.011313012895662368,0.01015240328253224,0.037010550996483,0.001992966002344666,0.010879249706916764,0.028300117233294255,0.002485345838218054,0.0026963657678780776,0.00023446658851113716,0.00023446658851113716,0.00029308323563892143,0.0006447831184056272,0.0,0.0,0.0,0.0,0.0,0.0,0.0,0.0,0.0,0.0,0.0,0.0,0.0,0.0,0.0,0.0,0.0,0.0,0.0,0.0,0.0,0.0,0.0,0.0,0.0,0.0,0.0,0.0,0.0,0.0,0.0,nan,nan,4.147069399496584,2.9358996702279683,nan,0.905577409681052,0.022406848169624863,0.0,0.0,0.0,0.0,0.0,0.0,0.0,0.0,0.0,0.0,0.0,0.0,0.0,0.0,0.0,0.0,0.0,0.0,0.0,0.0,0.0,0.0,0.0,0.0,0.0,1.334519572953737,10.636120996441283,14.786476868327405,3.2028469750889688,0.0400355871886121,0.9055519997925823,0.02210450673996136,0.0,0.0,0.0,0.0,0.0,0.0,0.0,0.0,0.0,0.0,0.0,0.0,0.0,0.0,0.0,0.0,0.0,0.0,0.0,0.0,0.0,0.0,0.0,0.0,0.0,1.2047595438770453,10.72384729796728,15.037183936539419,2.9152206246901344,0.11898859692612794,0.3894,0.02333,0.0,0.0,0.0,0.0,0.0,0.0,0.0,0.0,0.0,0.1601423487544484,4.897686832740215,15.280249110320263,8.741103202846977,0.9208185053380785,0.0,0.0,0.0,0.0,0.0,0.0,0.0,0.0,0.0,0.0,0.0,0.0,0.0,0.0,0.0,0.0,0.389,0.02382,0.0,0.0,0.0,0.0,0.0,0.0,0.0,0.0,0.0,0.2231036192364899,4.804164600892415,15.379276152702012,8.567178978681211,1.0114030738720874,0.014873574615765993,0.0,0.0,0.0,0.0,0.0,0.0,0.0,0.0,0.0,0.0,0.0,0.0,0.0,0.0,0.0
32500,4531,2325,0.5131317589935996,1098,903,0.4416243654822335,1259,0.5557272125358641,0.418,2.9510426110607435,3.1054825763042326,6.599343185550082,2.159577794774202,9310.022150370596,1419.3029090175464,7853.0,10761.572492957115,10692.469833689967,17.86941739686348,7853.0,0.0,27.58441845067314,20.7895916224545,32.51843075302791,19.09299468349622,0.14191127786360627,0.1013021408077687,0.0957845950121386,0.08629441624365482,0.08143897594350033,0.07658353564334584,0.07106598984771574,0.06312072390200839,0.05473405429265063,0.04899580666519532,0.04678878834694328,0.03928492606488634,0.033767380269256235,0.02560141249172368,0.015228426395939087,0.011917898918561024,0.006179651291105716,0.9057096112934703,0.02256652232686289,0.0,0.0,0.0,0.0,0.0,0.0,0.0,0.0,0.0,0.0,0.0,0.0,0.0,0.0,0.0,0.0,0.0,0.0,0.0,0.0,0.0,0.0,0.0,0.0,0.019863164864268378,1.2050320017656149,10.944603840211878,14.539836680644452,3.1781063782829406,0.11255793423085414,4.336794738663897,2.908153201435295,nan,nan,nan,4.360955056179775,2.908780428676203,4.313310580204778,2.907350980300205,0.9890747610646705,0.3896,0.02335,0.0,0.0,0.0,0.0,0.0,0.0,0.0,0.0,0.0,0.2317369234164644,4.61487530346502,15.400573824762724,8.825866254689915,0.9137055837563454,0.013242109909512252,0.0,0.0,0.0,0.0,0.0,0.0,0.0,0.0,0.0,0.0,0.0,0.0,0.0,0.0,0.0,nan,nan,4.336794738663897,2.908153201435295,nan,0.3896,0.1171,0.0,0.0,0.0,0.0,0.0,0.0,0.0,0.0,0.0,0.0,0.0,0.0,0.0,1.1035091591260208e-05,0.0,0.0,0.0016994041050540718,0.0002538071065989848,0.0009821231516221585,0.005583756345177665,0.014522180534098433,0.016685058485985435,0.01330832045905981,0.02872434341205032,0.04420657691458839,0.030942396821893623,0.026715956742440962,0.015228426395939087,0.027300816596777754,0.02932023835797837,0.011774442727874642,0.027896711542705805,0.02815051864930479,0.029662326197307437,0.016861619951445597,0.037883469432796295,0.06618847936437873,0.04494592805120282,0.012922092253365703,0.041061575811079234,0.027013904215404987,0.013429706466563673,0.0330280291326418,0.03387773118516884,0.04725226219377621,0.009004634738468329,0.019024497903332598,0.02182741116751269,0.020150077245641138,0.008121827411167513,0.0170823217832708,0.012149635841977488,0.010825424851026264,0.0016111233723239903,0.0008607371441182962,0.01168616199514456,0.020017656146546017,0.01707128669167954,0.009854336790995365,0.009953652615316708,0.034793643787243436,0.001964246303244317,0.010748179209887443,0.027378062237916573,0.0029022290885014346,0.003520194217612006,5.517545795630104e-05,0.0007503862282056941,0.0006400353122930921,0.0005738247627455308,0.0,0.0,0.0,0.0,0.0,0.0,0.0,0.0,0.0,0.0,0.0,0.0,0.0,0.0,0.0,0.0,0.0,0.0,0.0,0.0,0.0,0.0,0.0,0.0,0.0,0.0,0.0,0.0,0.0,0.0,0.0,nan,nan,4.336794738663897,2.908153201435295,nan,0.9051878293868034,0.022558904405151396,0.0,0.0,0.0,0.0,0.0,0.0,0.0,0.0,0.0,0.0,0.0,0.0,0.0,0.0,0.0,0.0,0.0,0.0,0.0,0.0,0.0,0.0,0.0,0.0,0.025806451612903233,1.2387096774193551,11.1741935483871,14.425806451612907,3.0064516129032266,0.12903225806451615,0.9062595400935611,0.02256149088905985,0.0,0.0,0.0,0.0,0.0,0.0,0.0,0.0,0.0,0.0,0.0,0.0,0.0,0.0,0.0,0.0,0.0,0.0,0.0,0.0,0.0,0.0,0.0,0.0,0.013599274705349051,1.1695376246600184,10.702629193109702,14.660018132366277,3.3590208522212155,0.09519492293744336,0.39,0.02315,0.0,0.0,0.0,0.0,0.0,0.0,0.0,0.0,0.0,0.19354838709677424,4.361290322580646,15.677419354838689,8.825806451612905,0.9161290322580647,0.025806451612903233,0.0,0.0,0.0,0.0,0.0,0.0,0.0,0.0,0.0,0.0,0.0,0.0,0.0,0.0,0.0,0.3894,0.02354,0.0,0.0,0.0,0.0,0.0,0.0,0.0,0.0,0.0,0.27198549410698103,4.882139619220309,15.10879419764277,8.825929283771535,0.9111514052583864,0.0,0.0,0.0,0.0,0.0,0.0,0.0,0.0,0.0,0.0,0.0,0.0,0.0,0.0,0.0,0.0
32600,4921,2530,0.514123145702093,1157,1021,0.4425929689087584,1432,0.5819955293639504,0.39799999999999996,2.959012965286491,3.0819005411371316,6.499274310595065,2.1178108604343606,9313.155825384747,1419.537560569554,7853.0,10757.786341190338,10693.089650876815,18.102151596421045,7853.0,0.0,28.196301564722617,21.00494117795011,33.143719806763286,19.22544538922949,0.13858971753708596,0.09368014631172526,0.09652509652509653,0.0877870351554562,0.08534850640113797,0.07132696606380817,0.06360495834180045,0.06462101198943304,0.05832147937411095,0.05385084332452753,0.04450314976630766,0.044299939036781144,0.03698435277382646,0.02438528754318228,0.017476122739280633,0.011786222312538102,0.006909164803901646,0.9061045240057457,0.022914373147763258,0.0,0.0,0.0,0.0,0.0,0.0,0.0,0.0,0.0,0.0,0.0,0.0,0.0,0.0,0.0,0.0,0.0,0.0,0.0,0.0,0.0,0.0,0.0,0.0,0.030481609428977856,1.2009754115017275,10.57102214996952,14.740906319853691,3.3103027839869954,0.1463117252590937,4.249450894257923,2.892308624741594,nan,nan,nan,4.239576851275669,2.893543970558851,4.2594936708860756,2.8910170339287644,1.0046978319556616,0.3904,0.02354,0.0,0.0,0.0,0.0,0.0,0.0,0.0,0.0,0.0,0.170697012802276,4.4807965860597445,15.045722414143446,9.260312944523472,1.024182076813656,0.018288965657386712,0.0,0.0,0.0,0.0,0.0,0.0,0.0,0.0,0.0,0.0,0.0,0.0,0.0,0.0,0.0,nan,nan,4.249450894257923,2.892308624741594,nan,0.3904,0.1166,0.0,0.0,0.0,0.0,0.0,0.0,0.0,0.0,0.0,0.0,0.0,0.0,0.0,0.0,1.016053647632595e-05,0.0,0.0013818329607803291,0.00047754521438731965,0.0009144482828693355,0.006004877057508636,0.014519406624669783,0.015891079048973786,0.013909774436090226,0.026986384881121723,0.04375127006705954,0.029140418614102825,0.024954277585856534,0.016348303190408454,0.025472464946149156,0.0288559235927657,0.0104145498882341,0.0283478967689494,0.028612070717333876,0.02957732168258484,0.016795366795366796,0.039300955090428774,0.06724243040032514,0.044371062792115425,0.01374720585246901,0.04198333672017882,0.0283478967689494,0.014092664092664093,0.03911806543385491,0.02938427148953465,0.04869945133103028,0.008575492786019101,0.01718146718146718,0.021733387522861206,0.02069701280227596,0.00903271692745377,0.016571834992887623,0.011948790896159318,0.011298516561674457,0.0016053647632595,0.0011278195488721805,0.011572851046535257,0.01964031700873806,0.017120503962609227,0.009164803901646007,0.011257874415769153,0.03647632595001016,0.002062588904694168,0.01076000812842918,0.02566551513919935,0.0021032310505994718,0.0037593984962406013,0.0001422475106685633,0.00045722414143466774,0.0007315586262954684,0.0006604348709611867,0.0,0.0,0.0,0.0,0.0,0.0,0.0,0.0,0.0,0.0,0.0,0.0,0.0,0.0,0.0,0.0,0.0,0.0,0.0,0.0,0.0,0.0,0.0,0.0,0.0,0.0,0.0,0.0,0.0,0.0,0.0,nan,nan,4.249450894257923,2.892308624741594,nan,0.9060475214196759,0.02303338027254362,0.0,0.0,0.0,0.0,0.0,0.0,0.0,0.0,0.0,0.0,0.0,0.0,0.0,0.0,0.0,0.0,0.0,0.0,0.0,0.0,0.0,0.0,0.0,0.0,0.03557312252964427,1.280632411067194,10.778656126482216,14.430830039525695,3.3201581027667992,0.15415019762845855,0.9061648404184419,0.022787615577065,0.0,0.0,0.0,0.0,0.0,0.0,0.0,0.0,0.0,0.0,0.0,0.0,0.0,0.0,0.0,0.0,0.0,0.0,0.0,0.0,0.0,0.0,0.0,0.0,0.025094102885821836,1.1166875784190717,10.351317440401509,15.069008782936013,3.299874529485572,0.1380175658720201,0.3901,0.02348,0.0,0.0,0.0,0.0,0.0,0.0,0.0,0.0,0.0,0.21343873517786566,4.446640316205534,15.284584980237131,9.07114624505929,0.9723320158102768,0.011857707509881426,0.0,0.0,0.0,0.0,0.0,0.0,0.0,0.0,0.0,0.0,0.0,0.0,0.0,0.0,0.0,0.3909,0.0236,0.0,0.0,0.0,0.0,0.0,0.0,0.0,0.0,0.0,0.12547051442910917,4.516938519447931,14.792973651191948,9.460476787954832,1.079046424090339,0.025094102885821836,0.0,0.0,0.0,0.0,0.0,0.0,0.0,0.0,0.0,0.0,0.0,0.0,0.0,0.0,0.0
32700,4754,2472,0.5199831720656289,1183,994,0.4579301640723601,1350,0.5679427850231384,0.422,3.023225241016652,3.136660126542525,6.722488038277512,2.102521050216461,9329.71485762537,1418.8892693984917,7853.0,10760.187098026276,10692.928168750408,18.049805327713255,7853.0,0.0,27.85969709718132,20.61882060495249,32.71507123219195,18.860444486003566,0.1386201093815734,0.09697097181320993,0.09697097181320993,0.08477071939419437,0.08056373580143038,0.0700462768195204,0.07909129154396298,0.06773243584350021,0.05700462768195204,0.05511148506520824,0.04480437526293647,0.03954564577198149,0.03134202776609171,0.023138409760201935,0.01724863273033235,0.010307109802271772,0.006731173748422381,0.9055630987087718,0.022673120457081267,0.0,0.0,0.0,0.0,0.0,0.0,0.0,0.0,0.0,0.0,0.0,0.0,0.0,0.0,0.0,0.0,0.0,0.0,0.0,0.0,0.0,0.0,0.0,0.0,0.04417332772402189,1.2620950778291966,10.93605384938999,14.356331510307113,3.3319310054690794,0.06941522928060581,4.277128005198181,2.9138936866352863,nan,nan,nan,4.26948051948052,2.8896552601214873,4.284785435630689,2.9379433350199045,1.0035847256077963,0.3906,0.02332,0.0,0.0,0.0,0.0,0.0,0.0,0.0,0.0,0.0,0.23979806478754737,4.467816575515356,14.999999999999979,9.282709297433742,0.9970551114850654,0.012620950778291968,0.0,0.0,0.0,0.0,0.0,0.0,0.0,0.0,0.0,0.0,0.0,0.0,0.0,0.0,0.0,nan,nan,4.277128005198181,2.9138936866352863,nan,0.3906,0.1161,0.0,0.0,0.0,0.0,0.0,0.0,0.0,0.0,0.0,0.0,0.0,0.0,0.0,0.0,0.0,0.0,0.001398822044594026,0.00048380311316785865,0.0008729490954985275,0.0055427008834665545,0.014861169541438788,0.015344972654606647,0.01383045856121161,0.027461085401766932,0.04464661337820783,0.026525031552376947,0.025,0.015702566259991585,0.023769457299116534,0.030784602440050483,0.010159865376525032,0.028060580563735803,0.030300799326882625,0.02874421539755995,0.017196045435422802,0.03885149347917543,0.06798485485906605,0.04517248632730332,0.015134623474968448,0.04115481699621371,0.030185107278081616,0.0143458140513252,0.03831510307109802,0.030111485065208245,0.04805427008834665,0.009749684476230543,0.016238956668068995,0.020919225915018932,0.020382835506941522,0.009423643247791333,0.014892721918384519,0.012042490534286916,0.011790071518721077,0.0017353807320151452,0.0009465713083718974,0.01088557004627682,0.020530079932688263,0.016649137568363483,0.01048590660496424,0.011579722339082877,0.03606436684896929,0.002808161548169962,0.01093815734118637,0.02465292385359697,0.0019983172065628943,0.00361800588977703,8.413967185527976e-05,0.00017879680269246949,0.0006731173748422381,0.000736222128733698,0.0,0.0,0.0,0.0,0.0,0.0,0.0,0.0,0.0,0.0,0.0,0.0,0.0,0.0,0.0,0.0,0.0,0.0,0.0,0.0,0.0,0.0,0.0,0.0,0.0,0.0,0.0,0.0,0.0,0.0,0.0,nan,nan,4.277128005198181,2.9138936866352863,nan,0.9053843416345929,0.022748014810739514,0.0,0.0,0.0,0.0,0.0,0.0,0.0,0.0,0.0,0.0,0.0,0.0,0.0,0.0,0.0,0.0,0.0,0.0,0.0,0.0,0.0,0.0,0.0,0.0,0.04854368932038836,1.3956310679611654,10.983009708737868,14.271844660194178,3.228155339805826,0.07281553398058253,0.9057567391502136,0.022590114203127377,0.0,0.0,0.0,0.0,0.0,0.0,0.0,0.0,0.0,0.0,0.0,0.0,0.0,0.0,0.0,0.0,0.0,0.0,0.0,0.0,0.0,0.0,0.0,0.0,0.039439088518843125,1.1174408413672219,10.885188431200705,14.4478527607362,3.4443470639789666,0.06573181419807188,0.3906,0.02286,0.0,0.0,0.0,0.0,0.0,0.0,0.0,0.0,0.0,0.14563106796116507,4.466019417475729,15.3155339805825,9.126213592233011,0.946601941747573,0.0,0.0,0.0,0.0,0.0,0.0,0.0,0.0,0.0,0.0,0.0,0.0,0.0,0.0,0.0,0.0,0.3906,0.02379,0.0,0.0,0.0,0.0,0.0,0.0,0.0,0.0,0.0,0.3418054338299738,4.4697633654688875,14.658194566170003,9.452234881682736,1.05170902716915,0.026292725679228753,0.0,0.0,0.0,0.0,0.0,0.0,0.0,0.0,0.0,0.0,0.0,0.0,0.0,0.0,0.0
32800,4762,2486,0.5220495590088198,1155,974,0.44708105837883244,1329,0.5581688366232676,0.426,2.9868189806678385,3.122119380192565,6.635350318471337,2.1671752223011294,9335.319307298481,1418.3855914096507,7853.0,10756.909304141998,10692.422583006988,17.358260435196442,7853.0,0.0,27.864552708945823,20.79600139908975,32.82032032032032,19.0283295331545,0.1383872322553549,0.09722805543889122,0.09617807643847123,0.09428811423771524,0.07769844603107938,0.06719865602687947,0.06908861822763544,0.06866862662746745,0.05963880722385552,0.04871902561948761,0.0497690046199076,0.04073918521629567,0.03485930281394372,0.02372952540949181,0.01763964720705586,0.009449811003779925,0.006719865602687947,0.9057509464433543,0.022181277348334423,0.0,0.0,0.0,0.0,0.0,0.0,0.0,0.0,0.0,0.0,0.0,0.0,0.0,0.0,0.0,0.0,0.0,0.0,0.0,0.0,0.0,0.0,0.0,0.0,0.025199496010079803,1.1843763124737507,10.653086938261238,14.886602267954643,3.118437631247376,0.13229735405291895,4.2481203007518795,2.8968694249867597,nan,nan,nan,4.2304147465437785,2.8866397702301163,4.265584415584415,2.906818671387769,1.0083135274311745,0.3887,0.0233,0.0,0.0,0.0,0.0,0.0,0.0,0.0,0.0,0.012599748005039902,0.34019319613607735,4.731205375892483,15.409491810163775,8.794624107517851,0.7118857622847545,0.0,0.0,0.0,0.0,0.0,0.0,0.0,0.0,0.0,0.0,0.0,0.0,0.0,0.0,0.0,0.0,nan,nan,4.2481203007518795,2.8968694249867597,nan,0.3887,0.1157,0.0,0.0,0.0,0.0,0.0,0.0,0.0,0.0,0.0,0.0,0.0,0.0,0.0,0.0,0.0,0.0,0.0006089878202435951,0.0005984880302393952,0.0011444771104577908,0.004640907181856363,0.014479210415791683,0.01630617387652247,0.014678706425871482,0.030512389752204955,0.04780554388912222,0.026564468710625788,0.024779504409911803,0.016159176816463672,0.023120537589248216,0.02991390172196556,0.011287274254514909,0.027939941201175978,0.03003989920201596,0.026763964720705587,0.018122637547249056,0.038943721125577486,0.06776564468710626,0.045684586308273836,0.015613187736245275,0.041463670726585466,0.03117387652246955,0.014311213775724486,0.038912221755564885,0.02739395212095758,0.04657706845863083,0.009911801763964721,0.016999160016799665,0.021545569088618228,0.019760604787904243,0.010268794624107519,0.01503569928601428,0.011654766904661907,0.011654766904661907,0.0016589668206635868,0.0010394792104157916,0.012074758504829903,0.018332633347333052,0.015938681226375474,0.010342293154136917,0.010751784964300714,0.03470180596388072,0.0029294414111717764,0.012316253674926501,0.023467030659386812,0.0017009659806803863,0.003380932381352373,6.29987400251995e-05,0.0001469970600587988,0.0006719865602687946,0.0003464930701385972,0.0,0.0,0.0,0.0,0.0,0.0,0.0,0.0,0.0,0.0,0.0,0.0,0.0,0.0,0.0,0.0,0.0,0.0,0.0,0.0,0.0,0.0,0.0,0.0,0.0,0.0,0.0,0.0,0.0,0.0,0.0,nan,nan,4.2481203007518795,2.8968694249867597,nan,0.9057199019438206,0.021595982603831488,0.0,0.0,0.0,0.0,0.0,0.0,0.0,0.0,0.0,0.0,0.0,0.0,0.0,0.0,0.0,0.0,0.0,0.0,0.0,0.0,0.0,0.0,0.0,0.0,0.012067578439259858,1.098149637972647,10.800482703137574,15.108608205953342,2.8479485116653267,0.13274336283185842,0.9057848553299276,0.022803367874144092,0.0,0.0,0.0,0.0,0.0,0.0,0.0,0.0,0.0,0.0,0.0,0.0,0.0,0.0,0.0,0.0,0.0,0.0,0.0,0.0,0.0,0.0,0.0,0.0,0.03954305799648507,1.278558875219684,10.492091388400704,14.644112478031637,3.413884007029878,0.1318101933216169,0.3892,0.02338,0.0,0.0,0.0,0.0,0.0,0.0,0.0,0.0,0.012067578439259858,0.337892196299276,4.814963797264683,15.096540627514058,8.978278358809334,0.7602574416733711,0.0,0.0,0.0,0.0,0.0,0.0,0.0,0.0,0.0,0.0,0.0,0.0,0.0,0.0,0.0,0.0,0.3882,0.02318,0.0,0.0,0.0,0.0,0.0,0.0,0.0,0.0,0.013181019332161691,0.34270650263620395,4.639718804920915,15.751318101933194,8.594024604569421,0.6590509666080845,0.0,0.0,0.0,0.0,0.0,0.0,0.0,0.0,0.0,0.0,0.0,0.0,0.0,0.0,0.0,0.0
32900,4895,2570,0.5250255362614913,1191,990,0.4455566905005107,1340,0.5474974463738509,0.422,3.0283870967741935,3.179783346350185,6.68062015503876,2.2660992513475917,9343.591651429755,1417.823222668368,7853.0,10752.502159953117,10692.084098734884,18.052750551547792,7853.0,0.0,27.986721144024514,20.851535790344283,32.828848484848486,19.139166043896243,0.13748723186925435,0.09622063329928499,0.0972420837589377,0.09111338100102145,0.0804902962206333,0.07150153217568948,0.07231869254341164,0.06598569969356487,0.05495403472931563,0.05352400408580184,0.04514811031664964,0.03718079673135853,0.03248212461695608,0.027579162410623085,0.01818181818181818,0.010827374872318692,0.007763023493360572,0.906240961378758,0.02239121119932606,0.0,0.0,0.0,0.0,0.0,0.0,0.0,0.0,0.0,0.0,0.0,0.0,0.0,0.0,0.0,0.0,0.0,0.0,0.0,0.0,0.0,0.0,0.0,0.0,0.018386108273748727,1.090909090909091,10.694586312563844,14.751787538304395,3.364657814096017,0.07967313585291115,4.361499364675985,2.996748222992252,nan,nan,nan,4.345003182686187,2.997028899541597,4.379441624365482,2.9967298069616466,1.0079259876762632,0.3877,0.02354,0.0,0.0,0.0,0.0,0.0,0.0,0.0,0.0,0.0,0.27579162410623087,5.35035750766088,15.462717058222653,8.224719101123597,0.6802860061287029,0.0061287027579162425,0.0,0.0,0.0,0.0,0.0,0.0,0.0,0.0,0.0,0.0,0.0,0.0,0.0,0.0,0.0,nan,nan,4.361499364675985,2.996748222992252,nan,0.3877,0.11523,0.0,0.0,0.0,0.0,0.0,0.0,0.0,0.0,0.0,0.0,0.0,0.0,0.0,0.0,5.107252298263534e-05,1.0214504596527069e-05,0.00059244126659857,0.0005209397344228805,0.0012768130745658835,0.004228804902962206,0.015720122574055157,0.017854954034729316,0.013146067415730336,0.029642492339121553,0.047895812053115425,0.02749744637385087,0.024749744637385086,0.016394279877425946,0.024514811031664963,0.030224719101123596,0.01125638406537283,0.026996935648621042,0.028723186925434116,0.028171603677221654,0.01955056179775281,0.03848825331971399,0.06749744637385087,0.04582226762002043,0.01567926455566905,0.038335035750766085,0.029877425944841676,0.014800817160367722,0.04138917262512768,0.028723186925434116,0.04667007150153218,0.01014300306435138,0.016414708886619,0.02278855975485189,0.01993871297242084,0.009805924412665985,0.014657814096016342,0.011133810010214504,0.012502553626149132,0.0018283963227783452,0.0011031664964249233,0.012788559754851889,0.01735444330949949,0.016251276813074565,0.009499489274770173,0.010827374872318692,0.03334014300306435,0.0022778345250255363,0.01229826353421859,0.022379979570990808,0.0017058222676200204,0.0035342185903983656,4.0858018386108277e-05,0.00011235955056179776,0.0008069458631256384,0.0001634320735444331,0.0,0.0,0.0,0.0,0.0,0.0,0.0,0.0,0.0,0.0,0.0,0.0,0.0,0.0,0.0,0.0,0.0,0.0,0.0,0.0,0.0,0.0,0.0,0.0,0.0,0.0,0.0,0.0,0.0,0.0,0.0,nan,nan,4.361499364675985,2.996748222992252,nan,0.9066613177149212,0.022578214287618914,0.0,0.0,0.0,0.0,0.0,0.0,0.0,0.0,0.0,0.0,0.0,0.0,0.0,0.0,0.0,0.0,0.0,0.0,0.0,0.0,0.0,0.0,0.0,0.0,0.023346303501945533,1.0272373540856032,10.669260700389108,14.673151750972766,3.525291828793775,0.08171206225680937,0.9057763094286765,0.022173397182530138,0.0,0.0,0.0,0.0,0.0,0.0,0.0,0.0,0.0,0.0,0.0,0.0,0.0,0.0,0.0,0.0,0.0,0.0,0.0,0.0,0.0,0.0,0.0,0.0,0.012903225806451616,1.1612903225806455,10.722580645161294,14.838709677419358,3.187096774193549,0.0774193548387097,0.3877,0.02383,0.0,0.0,0.0,0.0,0.0,0.0,0.0,0.0,0.0,0.23346303501945528,5.579766536964982,15.22178988326846,8.252918287937744,0.7003891050583659,0.011673151750972766,0.0,0.0,0.0,0.0,0.0,0.0,0.0,0.0,0.0,0.0,0.0,0.0,0.0,0.0,0.0,0.3877,0.02324,0.0,0.0,0.0,0.0,0.0,0.0,0.0,0.0,0.0,0.32258064516129037,5.096774193548388,15.729032258064494,8.193548387096776,0.6580645161290324,0.0,0.0,0.0,0.0,0.0,0.0,0.0,0.0,0.0,0.0,0.0,0.0,0.0,0.0,0.0,0.0
33000,4676,2427,0.5190333618477331,1159,930,0.4467493584260051,1324,0.5662959794696322,0.39799999999999996,2.950200088928413,3.0228433996398327,6.273264401772526,2.1462227083514773,9326.49349965317,1418.4887496010876,7853.0,10759.857416629791,10691.918666822507,17.841846303522416,7853.0,0.0,28.895209580838323,21.007436118228828,33.56762860727729,19.223783001686858,0.12917023096663816,0.09666381522668947,0.0932420872540633,0.08597091531223268,0.07869974337040206,0.06864841745081265,0.0682207014542344,0.06437125748502993,0.059238665526090674,0.06073567151411463,0.05025662959794696,0.0427715996578272,0.036783575705731396,0.02737382378100941,0.02245508982035928,0.010479041916167664,0.004918733960650129,0.9061028476297804,0.02231050370261825,0.0,0.0,0.0,0.0,0.0,0.0,0.0,0.0,0.0,0.0,0.0,0.0,0.0,0.0,0.0,0.0,0.0,0.0,0.0,0.0,0.0,0.0,0.0,0.0,0.006415739948674082,1.1163387510692901,10.573139435414888,15.01283147989735,3.137296834901626,0.15397775876817796,4.1242718446601945,2.8116884797804778,nan,nan,nan,4.195387572069186,2.8279069152205842,4.051667756703728,2.793166266824649,0.9657433758153184,0.389,0.02237,0.0,0.0,0.0,0.0,0.0,0.0,0.0,0.0,0.0,0.14114627887082978,4.670658682634731,15.988023952095787,8.45594525235244,0.7378100940975194,0.006415739948674082,0.0,0.0,0.0,0.0,0.0,0.0,0.0,0.0,0.0,0.0,0.0,0.0,0.0,0.0,0.0,nan,nan,4.1242718446601945,2.8116884797804778,nan,0.389,0.1152,0.0,0.0,0.0,0.0,0.0,0.0,0.0,0.0,0.0,0.0,0.0,0.0,0.0,0.0,9.623609923011121e-05,1.0692899914456802e-05,0.00038494439692044483,0.00040633019674935844,0.001293840889649273,0.00427715996578272,0.013847305389221557,0.01901197604790419,0.014307100085543199,0.028603507271171943,0.046236099230111204,0.02693541488451668,0.024091103507271172,0.016007271171941832,0.024604362703165097,0.030089820359281438,0.011452095808383234,0.026550470487596237,0.027352437981180495,0.029384088964927287,0.018755346449957227,0.03865483319076134,0.06888366124893071,0.04450384944396921,0.01660607356715141,0.03711505560307955,0.03111633875106929,0.013847305389221557,0.04264328485885372,0.02998289136013687,0.04647134302822926,0.010083404619332763,0.015953806672369546,0.024914456800684347,0.019963644140290848,0.010340034217279727,0.014349871685201026,0.010767750213857999,0.01193327630453379,0.001668092386655261,0.0013259195893926433,0.012842172797262618,0.01731180496150556,0.016969632164242944,0.009441830624465354,0.01099230111206159,0.03314798973481608,0.001988879384088965,0.012778015397775877,0.0227224123182207,0.0022241231822070144,0.0037104362703165097,3.2078699743370405e-05,8.554319931565441e-05,0.000695038494439692,0.00023524379811804962,0.0,0.0,0.0,0.0,0.0,0.0,0.0,0.0,0.0,0.0,0.0,0.0,0.0,0.0,0.0,0.0,0.0,0.0,0.0,0.0,0.0,0.0,0.0,0.0,0.0,0.0,0.0,0.0,0.0,0.0,0.0,nan,nan,4.1242718446601945,2.8116884797804778,nan,0.9056365061651104,0.022522386818405054,0.0,0.0,0.0,0.0,0.0,0.0,0.0,0.0,0.0,0.0,0.0,0.0,0.0,0.0,0.0,0.0,0.0,0.0,0.0,0.0,0.0,0.0,0.0,0.0,0.0,1.1866501854140916,10.74165636588381,14.796044499381956,3.090234857849197,0.18541409147095184,0.9066060982899646,0.022068517352849468,0.0,0.0,0.0,0.0,0.0,0.0,0.0,0.0,0.0,0.0,0.0,0.0,0.0,0.0,0.0,0.0,0.0,0.0,0.0,0.0,0.0,0.0,0.0,0.0,0.013339261894175192,1.0404624277456649,10.391285015562474,15.246776345042244,3.188083592707871,0.12005335704757672,0.3884,0.02261,0.0,0.0,0.0,0.0,0.0,0.0,0.0,0.0,0.0,0.14833127317676145,4.8825710754017315,15.859085290482053,8.355995055624229,0.7416563658838073,0.01236093943139679,0.0,0.0,0.0,0.0,0.0,0.0,0.0,0.0,0.0,0.0,0.0,0.0,0.0,0.0,0.0,0.3894,0.02208,0.0,0.0,0.0,0.0,0.0,0.0,0.0,0.0,0.0,0.13339261894175192,4.441974210760339,16.12716763005778,8.563806136060473,0.7336594041796356,0.0,0.0,0.0,0.0,0.0,0.0,0.0,0.0,0.0,0.0,0.0,0.0,0.0,0.0,0.0,0.0
33100,4689,2381,0.5077841757304329,1129,980,0.44977607165706973,1364,0.581787161441672,0.40599999999999997,2.9371750433275565,3.0723433932476163,6.5053929121725735,2.09343795531147,9294.9058252241,1419.6858073196042,7853.0,10748.79119694233,10692.603702005796,17.6998534347906,7853.0,0.0,27.79739816592024,20.809823091489466,32.799083269671506,19.039787035948518,0.14054169332480274,0.10322030283642568,0.08935807208359992,0.08786521646406484,0.08317338451695458,0.07485604606525911,0.06867135849861378,0.05950095969289827,0.05864789933887823,0.05758157389635317,0.047771379825122626,0.03497547451482192,0.03348261889528684,0.026231605886116442,0.01727447216890595,0.009596928982725527,0.0072510130091703985,0.9058998068860152,0.02243301742784052,0.0,0.0,0.0,0.0,0.0,0.0,0.0,0.0,0.0,0.0,0.0,0.0,0.0,0.0,0.0,0.0,0.0,0.0,0.0,0.0,0.0,0.0,0.0,0.0,0.019193857965451058,1.126039667306462,10.8253358925144,14.68969929622521,3.224568138195778,0.11516314779270635,4.3056379821958455,2.850585955029427,nan,nan,nan,4.317616240995416,2.83778372195593,4.293023255813954,2.864350331236941,0.9943040363458073,0.3892,0.02292,0.0,0.0,0.0,0.0,0.0,0.0,0.0,0.0,0.012795905310300707,0.19833653230966095,4.702495201535509,15.623800383877137,8.560460652591173,0.8893154190658991,0.012795905310300707,0.0,0.0,0.0,0.0,0.0,0.0,0.0,0.0,0.0,0.0,0.0,0.0,0.0,0.0,0.0,nan,nan,4.3056379821958455,2.850585955029427,nan,0.3892,0.1152,0.0,0.0,0.0,0.0,0.0,0.0,0.0,0.0,0.0,0.0,0.0,0.0,0.0,0.0,8.530603540200469e-05,0.0,0.00027724461505651527,0.000671785028790787,0.001236937513329068,0.003305608871827682,0.013680955427596503,0.019908296011942845,0.016666666666666666,0.029409255704841118,0.04511622947323523,0.02693538067818298,0.02308594583066752,0.014949882704201322,0.024088291746641073,0.02873747067605033,0.0108978460226061,0.026124973341863936,0.027735124760076776,0.028129665173811047,0.019140541693324804,0.041138835572616765,0.07134783535935167,0.04145873320537428,0.01632544252505865,0.03767327788441032,0.033599914693964596,0.013414374066965239,0.04107485604606526,0.029622520793346128,0.04821923651098315,0.009938153124333547,0.015355086372360844,0.022979313286415014,0.021699722755384943,0.010471315845596076,0.012507997440818939,0.011857538920878652,0.012124120281509916,0.0018660695244188527,0.0015781616549370868,0.01253998720409469,0.01689059500959693,0.01731712518660695,0.00965024525485178,0.01181488590317765,0.03308807848155257,0.0022392834293026233,0.012230752825762423,0.02290467050543826,0.0024418852633823845,0.0035508637236084453,8.530603540200469e-05,5.331627212625293e-05,0.0005224994668372787,0.0002345915973555129,0.0,0.0,0.0,0.0,0.0,0.0,0.0,0.0,0.0,0.0,0.0,0.0,0.0,0.0,0.0,0.0,0.0,0.0,0.0,0.0,0.0,0.0,0.0,0.0,0.0,0.0,0.0,0.0,0.0,0.0,0.0,nan,nan,4.3056379821958455,2.850585955029427,nan,0.9058438260382036,0.02275541566213972,0.0,0.0,0.0,0.0,0.0,0.0,0.0,0.0,0.0,0.0,0.0,0.0,0.0,0.0,0.0,0.0,0.0,0.0,0.0,0.0,0.0,0.0,0.0,0.0,0.025199496010079803,1.1969760604787907,10.772784544309117,14.615707685846287,3.2381352372952548,0.15119697606047883,0.9059575583585626,0.022095344249001603,0.0,0.0,0.0,0.0,0.0,0.0,0.0,0.0,0.0,0.0,0.0,0.0,0.0,0.0,0.0,0.0,0.0,0.0,0.0,0.0,0.0,0.0,0.0,0.0,0.01299826689774697,1.0528596187175046,10.879549393414214,14.766031195840558,3.2105719237435015,0.07798960138648181,0.3894,0.02275,0.0,0.0,0.0,0.0,0.0,0.0,0.0,0.0,0.012599748005039902,0.20159596808063843,4.472910541789165,15.863082738345211,8.555228895422093,0.8693826123477533,0.025199496010079803,0.0,0.0,0.0,0.0,0.0,0.0,0.0,0.0,0.0,0.0,0.0,0.0,0.0,0.0,0.0,0.389,0.02312,0.0,0.0,0.0,0.0,0.0,0.0,0.0,0.0,0.01299826689774697,0.19497400346620455,4.939341421143848,15.37694974003464,8.565857885615253,0.9098786828422879,0.0,0.0,0.0,0.0,0.0,0.0,0.0,0.0,0.0,0.0,0.0,0.0,0.0,0.0,0.0,0.0
33200,4861,2496,0.5134745937049989,1193,1005,0.4521703353219502,1380,0.56778440650072,0.39399999999999996,2.898097251585624,2.9941762668502316,6.327327327327327,2.022635661453379,9311.181604711663,1419.4606814469792,7853.0,10759.498115420341,10692.832043470911,18.26883058319399,7853.0,0.0,28.194815881505864,20.712928528350954,32.982238442822386,18.933663832785403,0.13474593704998972,0.09668792429541247,0.09545361036823699,0.08640197490228348,0.07570458753342933,0.07364739765480353,0.07467599259411643,0.06685867105533841,0.0588356305286978,0.05266406089282041,0.05142974696564493,0.039909483645340464,0.032915038058012755,0.02880065830076116,0.01563464307755606,0.008434478502365768,0.00720016457519029,0.9065432864019248,0.02245031340121269,0.0,0.0,0.0,0.0,0.0,0.0,0.0,0.0,0.0,0.0,0.0,0.0,0.0,0.0,0.0,0.0,0.0,0.0,0.0,0.0,0.0,0.0,0.0,0.0,0.01851470890763218,1.1664266611808272,10.355893849002266,15.089487759720225,3.215387780292122,0.1542892408969348,4.240202275600506,2.8031410879733794,nan,nan,nan,4.335629304946775,2.764397354165062,4.145593869731801,2.8377590629175327,0.9561688922532765,0.389,0.0232,0.0,0.0,0.0,0.0,0.0,0.0,0.0,0.0,0.0,0.2653774943427279,4.906397860522527,15.231433861345382,8.819173009668795,0.7652746348487968,0.012343139271754787,0.0,0.0,0.0,0.0,0.0,0.0,0.0,0.0,0.0,0.0,0.0,0.0,0.0,0.0,0.0,nan,nan,4.240202275600506,2.8031410879733794,nan,0.389,0.11536,0.0,0.0,0.0,0.0,0.0,0.0,0.0,0.0,0.0,0.0,0.0,0.0,0.0,0.0,0.00011314544332441884,0.0,0.0002262908866488377,0.0008228759514503189,0.0011520263320304463,0.002869779880682987,0.01481176712610574,0.0176712610573956,0.019440444353013783,0.030189261468833575,0.044198724542275254,0.028214359185352807,0.024573133100185145,0.015151203456078996,0.02404854968113557,0.027154906397860522,0.01074881711581979,0.0251594322155935,0.02546801069738737,0.026609751080024686,0.021024480559555647,0.041565521497634234,0.0697284509360214,0.04085579098950833,0.015614071178769801,0.040752931495577044,0.03514708907632175,0.01227113762600288,0.044147294795309606,0.029386957416169514,0.051172598230816706,0.008640197490228348,0.014246039909483645,0.02170335321950216,0.022752520057601318,0.00932935609956799,0.01104710964822053,0.010728245217033533,0.012013988891174655,0.0018617568401563464,0.0017383254474387987,0.010573955976136598,0.01724953713227731,0.017362682575601727,0.010100802304052664,0.012312281423575397,0.03244188438592882,0.0024171981073853118,0.013268874717136392,0.023441678666940958,0.0026126311458547625,0.0032092162106562437,3.0857848179386954e-05,1.0285949393128985e-05,0.0003600082287595145,0.00025714873482822465,0.0,0.0,0.0,0.0,0.0,0.0,0.0,0.0,0.0,0.0,0.0,0.0,0.0,0.0,0.0,0.0,0.0,0.0,0.0,0.0,0.0,0.0,0.0,0.0,0.0,0.0,0.0,0.0,0.0,0.0,0.0,nan,nan,4.240202275600506,2.8031410879733794,nan,0.9064529715105891,0.022844919319500813,0.0,0.0,0.0,0.0,0.0,0.0,0.0,0.0,0.0,0.0,0.0,0.0,0.0,0.0,0.0,0.0,0.0,0.0,0.0,0.0,0.0,0.0,0.0,0.0,0.03605769230769231,1.274038461538462,10.240384615384619,15.144230769230772,3.0769230769230775,0.22836538461538466,0.9066386039362901,0.022025781777483912,0.0,0.0,0.0,0.0,0.0,0.0,0.0,0.0,0.0,0.0,0.0,0.0,0.0,0.0,0.0,0.0,0.0,0.0,0.0,0.0,0.0,0.0,0.0,0.0,0.0,1.0528541226215646,10.477801268498945,15.031712473572941,3.361522198731502,0.07610993657505287,0.3892,0.02324,0.0,0.0,0.0,0.0,0.0,0.0,0.0,0.0,0.0,0.20432692307692313,4.819711538461539,15.228365384615362,8.906250000000002,0.8173076923076925,0.024038461538461543,0.0,0.0,0.0,0.0,0.0,0.0,0.0,0.0,0.0,0.0,0.0,0.0,0.0,0.0,0.0,0.3884,0.02315,0.0,0.0,0.0,0.0,0.0,0.0,0.0,0.0,0.0,0.32980972515856244,4.997885835095138,15.234672304439725,8.727272727272728,0.7103594080338268,0.0,0.0,0.0,0.0,0.0,0.0,0.0,0.0,0.0,0.0,0.0,0.0,0.0,0.0,0.0,0.0
33300,4753,2505,0.5270355564906375,1183,965,0.45192509993688196,1297,0.5457605722701452,0.422,2.9145907473309607,3.059435075627271,6.514900662251655,2.190763986475186,9350.148136329053,1418.3314282817053,7853.0,10761.92885529995,10693.696643501793,18.112300210738642,7853.0,0.0,27.731537976015147,20.65769753845881,32.633517034068134,18.90489351604278,0.13928045444982118,0.09825373448348411,0.09846412791920892,0.08352619398274774,0.0780559646539028,0.08163265306122448,0.07342730906795708,0.06164527666736798,0.056806227645697455,0.051756785188302123,0.045444982116557966,0.041868293709236275,0.033873343151693665,0.02188091731537976,0.017673048600883652,0.010309278350515464,0.0061014096360193565,0.9074118881759307,0.02286504671778394,0.0,0.0,0.0,0.0,0.0,0.0,0.0,0.0,0.0,0.0,0.0,0.0,0.0,0.0,0.0,0.0,0.0,0.0,0.0,0.0,0.0,0.0,0.0,0.0,0.03787081843046498,0.9846412791920894,10.199873763938566,14.940037870818433,3.6987166000420792,0.13885966757837157,4.180032733224222,2.892452054226468,nan,nan,nan,4.135559921414538,2.91428960255082,4.2252783235101505,2.8705427858173316,1.0216943784639747,0.3892,0.0231,0.0,0.0,0.0,0.0,0.0,0.0,0.0,0.0,0.0,0.18304228908058073,4.828529349884285,15.394487691983988,8.760782663580898,0.8331580054702296,0.0,0.0,0.0,0.0,0.0,0.0,0.0,0.0,0.0,0.0,0.0,0.0,0.0,0.0,0.0,0.0,nan,nan,4.180032733224222,2.892452054226468,nan,0.3892,0.1148,0.0,0.0,0.0,0.0,0.0,0.0,0.0,0.0,0.0,0.0,0.0,0.0,0.0,0.0,0.00017883442036608458,2.1039343572480537e-05,0.0003681885125184094,0.0004839049021670524,0.0008100147275405008,0.00235640648011782,0.014738060172522617,0.016915632232274352,0.018977487902377445,0.028403113822848727,0.044340416579002735,0.02695139911634757,0.024437197559436144,0.01566379128971176,0.02665684830633284,0.026888281085630128,0.010014727540500737,0.026709446665264043,0.025120976225541762,0.027540500736377024,0.02220702714075321,0.04093204292026089,0.07229118451504313,0.0405954134231012,0.014369871660004209,0.041868293709236275,0.037723543025457607,0.01168735535451294,0.04339364611824111,0.02776141384388807,0.04925310330317694,0.009720176730486009,0.013549337260677467,0.019861140332421628,0.021281296023564066,0.008889122659373028,0.012760361876709446,0.011171891436987167,0.013654533978539869,0.0018514622343782873,0.0014411950347149169,0.010593309488743952,0.0188091731537976,0.01726278140122028,0.009309909530822637,0.014222596254996844,0.03226383336839891,0.002934988428361035,0.013885966757837155,0.020429202608878604,0.0024826425415527035,0.00312434252051336,5.2598358931201344e-05,3.1559015358720806e-05,0.0003366294971596886,0.00042078687144961075,0.0,0.0,0.0,0.0,0.0,0.0,0.0,0.0,0.0,0.0,0.0,0.0,0.0,0.0,0.0,0.0,0.0,0.0,0.0,0.0,0.0,0.0,0.0,0.0,0.0,0.0,0.0,0.0,0.0,0.0,0.0,nan,nan,4.180032733224222,2.892452054226468,nan,0.9076574148770102,0.022932713623282728,0.0,0.0,0.0,0.0,0.0,0.0,0.0,0.0,0.0,0.0,0.0,0.0,0.0,0.0,0.0,0.0,0.0,0.0,0.0,0.0,0.0,0.0,0.0,0.0,0.01197604790419162,1.0299401197604792,10.167664670658686,14.766467065868266,3.8802395209580847,0.14371257485029942,0.9071382919187223,0.02278629083085657,0.0,0.0,0.0,0.0,0.0,0.0,0.0,0.0,0.0,0.0,0.0,0.0,0.0,0.0,0.0,0.0,0.0,0.0,0.0,0.0,0.0,0.0,0.0,0.0,0.06672597864768684,0.9341637010676158,10.235765124555162,15.133451957295376,3.496441281138791,0.13345195729537368,0.3896,0.02333,0.0,0.0,0.0,0.0,0.0,0.0,0.0,0.0,0.0,0.1317365269461078,4.838323353293414,15.36526946107782,8.718562874251498,0.9461077844311379,0.0,0.0,0.0,0.0,0.0,0.0,0.0,0.0,0.0,0.0,0.0,0.0,0.0,0.0,0.0,0.0,0.3887,0.02283,0.0,0.0,0.0,0.0,0.0,0.0,0.0,0.0,0.0,0.24021352313167266,4.81761565836299,15.427046263345174,8.807829181494663,0.7072953736654807,0.0,0.0,0.0,0.0,0.0,0.0,0.0,0.0,0.0,0.0,0.0,0.0,0.0,0.0,0.0,0.0
33400,4913,2544,0.5178098921229392,1199,1009,0.44941990637085283,1378,0.5609607164665174,0.40199999999999997,3.0063317855635288,3.0875028961772886,6.611195158850227,2.188913461501683,9323.9375235495,1419.5020672715825,7853.0,10748.553214788437,10693.690272483764,17.87252812235076,7853.0,0.0,28.18542641970283,21.036784956283032,33.29520564614261,19.208802052923634,0.14288622023203745,0.09566456340321595,0.08650519031141868,0.08874414817830246,0.08304498269896193,0.07388560960716467,0.07185019336454306,0.06370852839405658,0.05495623855078364,0.052513739059637694,0.046000407083248526,0.04457561571341339,0.03317728475473234,0.022186037044575616,0.02137187054752697,0.010991247710156728,0.007938123346224303,0.9079283647180064,0.02269950202999114,0.0,0.0,0.0,0.0,0.0,0.0,0.0,0.0,0.0,0.0,0.0,0.0,0.0,0.0,0.0,0.0,0.0,0.0,0.0,0.0,0.0,0.0,0.0,0.0,0.01831874618359455,1.0502747811927542,9.812741705678812,15.235090576022799,3.7553429676368824,0.12823122328516184,4.261644263832448,2.864557636094465,nan,nan,nan,4.275905912269549,2.863970103104793,4.248615384615385,2.865772483815504,0.9936176033303599,0.3892,0.02322,0.0,0.0,0.0,0.0,0.0,0.0,0.0,0.0,0.0,0.2503561978424588,4.707917769183799,15.473234276409501,8.68919193975168,0.8792998168125383,0.0,0.0,0.0,0.0,0.0,0.0,0.0,0.0,0.0,0.0,0.0,0.0,0.0,0.0,0.0,0.0,nan,nan,4.261644263832448,2.864557636094465,nan,0.3892,0.11487,0.0,0.0,0.0,0.0,0.0,0.0,0.0,0.0,0.0,0.0,0.0,0.0,0.0,1.0177081213108081e-05,0.0001628332994097293,0.0,0.0005902707103602687,0.0003053124363932424,0.0005699165479340525,0.0028801139833095867,0.015306330144514553,0.016425809077956443,0.017677590067168736,0.030124160390799917,0.04414817830246286,0.02640952574801547,0.022389578668837777,0.01660899653979239,0.02639934866680236,0.029248931406472625,0.010289029106452269,0.026918379808670873,0.02387543252595156,0.029971504172603296,0.023142682678607775,0.041929574598005295,0.067891308772644,0.037706085894565436,0.014115611642580907,0.04324241807449623,0.03981274170567881,0.013189497252188072,0.0434459596987584,0.02639934866680236,0.04693669855485447,0.010930185222878079,0.013504986769794423,0.020964787299002648,0.019814777121921433,0.009312029309993895,0.013077549358843884,0.01081823732953389,0.013474455526155098,0.0018522287807856707,0.001129656014654997,0.010736820679829026,0.020089558314675352,0.017372277630775493,0.008558925300223896,0.014125788723794016,0.03230205577040505,0.003053124363932424,0.014085080398941583,0.020700183187461835,0.0024424994911459393,0.002788520252391614,9.159373091797273e-05,0.0,0.0002442499491145939,0.0004070832485243232,0.0,0.0,0.0,0.0,0.0,0.0,0.0,0.0,0.0,0.0,0.0,0.0,0.0,0.0,0.0,0.0,0.0,0.0,0.0,0.0,0.0,0.0,0.0,0.0,0.0,0.0,0.0,0.0,0.0,0.0,0.0,nan,nan,4.261644263832448,2.864557636094465,nan,0.9078555923166141,0.02249087001333423,0.0,0.0,0.0,0.0,0.0,0.0,0.0,0.0,0.0,0.0,0.0,0.0,0.0,0.0,0.0,0.0,0.0,0.0,0.0,0.0,0.0,0.0,0.0,0.0,0.011792452830188682,1.179245283018868,9.622641509433963,15.259433962264154,3.8679245283018875,0.058962264150943404,0.9080065128772055,0.022921174110494023,0.0,0.0,0.0,0.0,0.0,0.0,0.0,0.0,0.0,0.0,0.0,0.0,0.0,0.0,0.0,0.0,0.0,0.0,0.0,0.0,0.0,0.0,0.0,0.0,0.025327142254115666,0.911777121148164,10.016884761502745,15.208948923596457,3.634444913465598,0.20261713803292533,0.3894,0.02312,0.0,0.0,0.0,0.0,0.0,0.0,0.0,0.0,0.0,0.22405660377358494,4.6344339622641515,15.436320754716958,8.785377358490567,0.9198113207547172,0.0,0.0,0.0,0.0,0.0,0.0,0.0,0.0,0.0,0.0,0.0,0.0,0.0,0.0,0.0,0.0,0.3887,0.02332,0.0,0.0,0.0,0.0,0.0,0.0,0.0,0.0,0.0,0.27859856479527234,4.786829886027861,15.51287463064582,8.58590122414521,0.835795694385817,0.0,0.0,0.0,0.0,0.0,0.0,0.0,0.0,0.0,0.0,0.0,0.0,0.0,0.0,0.0,0.0
33500,4817,2478,0.5144280672617811,1181,976,0.4477890803404609,1339,0.5559476852812955,0.422,3.002565198802907,3.0969778403833015,6.512481644640235,2.1568944560633936,9314.257829050912,1419.7465014650502,7853.0,10771.236708164215,10693.548411032381,18.755874769523594,7853.0,0.0,28.187461075358108,20.831758436820795,33.056650246305416,19.062865730600265,0.13535395474361636,0.10089267178741955,0.09238115009341914,0.08719119784097987,0.0747353124351256,0.07639609715590616,0.06892256591239361,0.06186423084907619,0.06726178119161304,0.05210712061449035,0.04982354162341707,0.04089682374922151,0.031139713514635667,0.02449657463151339,0.01930662237907411,0.01100269877517127,0.006227942702927133,0.908621950567276,0.023311846928724643,0.0,0.0,0.0,0.0,0.0,0.0,0.0,0.0,0.0,0.0,0.0,0.0,0.0,0.0,0.0,0.0,0.0,0.0,0.0,0.0,0.0,0.0,0.0,0.0,0.006227942702927134,1.0026987751712686,9.902428897654143,14.75399626323438,4.110442183931909,0.22420593730537683,4.352090032154341,2.8484475048762423,nan,nan,nan,4.337459283387622,2.8851180648878403,4.366349206349207,2.812174948602414,1.0066605634944477,0.3884,0.02394,0.0,0.0,0.0,0.0,0.0,0.0,0.0,0.0,0.006227942702927134,0.34253684866099243,5.1505086153207404,14.909694830807535,8.625700643554081,0.9404193481419972,0.024911770811708537,0.0,0.0,0.0,0.0,0.0,0.0,0.0,0.0,0.0,0.0,0.0,0.0,0.0,0.0,0.0,nan,nan,4.352090032154341,2.8484475048762423,nan,0.3884,0.1149,0.0,0.0,0.0,0.0,0.0,0.0,0.0,0.0,0.0,0.0,0.0,0.0,0.0,0.0,0.00029063732613659955,0.0,0.0007058335063317417,0.00044633589370977786,0.00039443637118538507,0.0031554909694830806,0.016784305584388624,0.014479966784305584,0.01801951422046917,0.03030932115424538,0.0451110649782022,0.025897861739671995,0.02351048370354993,0.017531658708739878,0.0281710608262404,0.029053352709155076,0.011096117915715175,0.024662653103591448,0.02370770188914262,0.029115632136184347,0.021818559269254724,0.04164417687357276,0.06933776209258875,0.03370354992734067,0.013826032800498236,0.042350010379904504,0.04501764583765829,0.014407307452771434,0.04126012040689225,0.027413327797384264,0.04633589370977787,0.011386755241851775,0.013929831845547021,0.021610961179157152,0.018268631928586257,0.007805688187668674,0.014002491177081171,0.011480174382395682,0.01343159642931285,0.0018580029063732613,0.0010379904504878555,0.011511314095910318,0.019140543906996054,0.017126842433049617,0.008449242266971144,0.014075150508615322,0.031731368071413746,0.0029686526883952666,0.01386755241851775,0.01998131617189122,0.0030932115424538095,0.0030724517334440524,5.189952252439278e-05,0.0,0.00018683828108781398,0.00037367656217562797,0.0,0.0,0.0,0.0,0.0,0.0,0.0,0.0,0.0,0.0,0.0,0.0,0.0,0.0,0.0,0.0,0.0,0.0,0.0,0.0,0.0,0.0,0.0,0.0,0.0,0.0,0.0,0.0,0.0,0.0,0.0,nan,nan,4.352090032154341,2.8484475048762423,nan,0.9086204482914461,0.02351444600822834,0.0,0.0,0.0,0.0,0.0,0.0,0.0,0.0,0.0,0.0,0.0,0.0,0.0,0.0,0.0,0.0,0.0,0.0,0.0,0.0,0.0,0.0,0.0,0.0,0.012106537530266347,1.0895883777239712,9.794188861985473,14.866828087167073,3.946731234866829,0.2905569007263923,0.9086235421190103,0.023095269118510453,0.0,0.0,0.0,0.0,0.0,0.0,0.0,0.0,0.0,0.0,0.0,0.0,0.0,0.0,0.0,0.0,0.0,0.0,0.0,0.0,0.0,0.0,0.0,0.0,0.0,0.9106455750320652,10.017101325352716,14.634459170585723,4.283882000855067,0.15391192817443355,0.3884,0.0244,0.0,0.0,0.0,0.0,0.0,0.0,0.0,0.0,0.0,0.3510895883777241,5.278450363196128,14.878934624697315,8.365617433414045,1.0895883777239712,0.036319612590799036,0.0,0.0,0.0,0.0,0.0,0.0,0.0,0.0,0.0,0.0,0.0,0.0,0.0,0.0,0.0,0.3884,0.02344,0.0,0.0,0.0,0.0,0.0,0.0,0.0,0.0,0.01282599401453613,0.33347584437793937,5.014963659683627,14.942283026934566,8.901239846088073,0.7823856348867039,0.01282599401453613,0.0,0.0,0.0,0.0,0.0,0.0,0.0,0.0,0.0,0.0,0.0,0.0,0.0,0.0,0.0
33600,4966,2608,0.5251711639146194,1211,1017,0.4486508256141764,1374,0.5533628674989931,0.426,2.998303647158609,3.15972811653057,6.802507836990595,2.1448765181594363,9344.688770013041,1418.4525282791017,7853.0,10758.991870880127,10693.385901796306,18.05565738473584,7853.0,0.0,27.149214659685864,20.62827333737432,32.234995159728946,18.888620014322782,0.14881192106322996,0.10028191703584374,0.09524768425291985,0.08719291180024165,0.08397100281917036,0.07410390656463955,0.06786145791381394,0.0644381796214257,0.05920257752718486,0.04993958920660491,0.045912202980265805,0.03685058397100282,0.030608135320177206,0.022553362867498993,0.015304067660088603,0.011075312122432542,0.0066451872734595244,0.9082853951571307,0.022885808745644946,0.0,0.0,0.0,0.0,0.0,0.0,0.0,0.0,0.0,0.0,0.0,0.0,0.0,0.0,0.0,0.0,0.0,0.0,0.0,0.0,0.0,0.0,0.0,0.0,0.01812323801852598,1.0692710430930328,9.701973419250908,15.024164317358037,4.05960531614982,0.12686266612968186,4.330251832961428,2.938204217423834,nan,nan,nan,4.326947637292465,2.958914363070705,4.333545512412476,2.917409948799528,1.0015248335947369,0.388,0.02342,0.0,0.0,0.0,0.0,0.0,0.0,0.0,0.0,0.0,0.27788964961739837,5.195328231977448,15.229561014901305,8.56625050342328,0.7309706000805479,0.0,0.0,0.0,0.0,0.0,0.0,0.0,0.0,0.0,0.0,0.0,0.0,0.0,0.0,0.0,0.0,nan,nan,4.330251832961428,2.938204217423834,nan,0.388,0.11456,0.0,0.0,0.0,0.0,0.0,0.0,0.0,0.0,0.0,0.0,0.0,0.0,0.0,1.0068465565847765e-05,0.00010068465565847765,0.00010068465565847765,0.001117599677809102,0.0005940394683850181,0.0005839710028191703,0.0037958115183246073,0.013954893274265003,0.014438179621425695,0.016250503423278294,0.029540877970197343,0.04813733387031816,0.025382601691502214,0.02310712847362062,0.019925493354812727,0.028664921465968586,0.02947039871123641,0.010914216673378977,0.025825614176399517,0.022643979057591624,0.028453483689085783,0.021919049536850584,0.041592831252517115,0.07143576318968989,0.0335581957309706,0.012948046717680226,0.042962142569472415,0.04693918646798228,0.0162102295610149,0.03743455497382199,0.02798026580749094,0.04790575916230366,0.010098670962545308,0.013431333064840918,0.020841723721304873,0.017378171566653243,0.006786145791381393,0.014246878775674586,0.010803463552154651,0.01356222311719694,0.002728554168344744,0.0013189689891260571,0.013139347563431334,0.018868304470398712,0.017680225533628673,0.00797422472815143,0.011910994764397905,0.03241039065646396,0.0028997180829641563,0.013985098670962546,0.01909987917841321,0.00247684252919855,0.0037354007249295208,9.061619009262988e-05,0.00012082158679017317,0.00015102698348771646,0.00036246476037051954,0.0,0.0,0.0,0.0,0.0,0.0,0.0,0.0,0.0,0.0,0.0,0.0,0.0,0.0,0.0,0.0,0.0,0.0,0.0,0.0,0.0,0.0,0.0,0.0,0.0,0.0,0.0,0.0,0.0,0.0,0.0,nan,nan,4.330251832961428,2.938204217423834,nan,0.9085192066028805,0.02274632662587652,0.0,0.0,0.0,0.0,0.0,0.0,0.0,0.0,0.0,0.0,0.0,0.0,0.0,0.0,0.0,0.0,0.0,0.0,0.0,0.0,0.0,0.0,0.0,0.0,0.01150306748466258,1.0237730061349695,9.731595092024543,14.907975460122703,4.221625766871166,0.10352760736196322,0.9080267945419842,0.023036331893604323,0.0,0.0,0.0,0.0,0.0,0.0,0.0,0.0,0.0,0.0,0.0,0.0,0.0,0.0,0.0,0.0,0.0,0.0,0.0,0.0,0.0,0.0,0.0,0.0,0.025445292620865145,1.1195928753180664,9.669211195928755,15.152671755725194,3.8804071246819345,0.15267175572519087,0.3882,0.02345,0.0,0.0,0.0,0.0,0.0,0.0,0.0,0.0,0.0,0.2875766871165645,5.2108895705521485,15.195552147239242,8.581288343558283,0.7246932515337425,0.0,0.0,0.0,0.0,0.0,0.0,0.0,0.0,0.0,0.0,0.0,0.0,0.0,0.0,0.0,0.0,0.3877,0.02339,0.0,0.0,0.0,0.0,0.0,0.0,0.0,0.0,0.0,0.267175572519084,5.178117048346056,15.267175572519063,8.549618320610689,0.7379134860050892,0.0,0.0,0.0,0.0,0.0,0.0,0.0,0.0,0.0,0.0,0.0,0.0,0.0,0.0,0.0,0.0
33700,4660,2461,0.5281115879828326,1145,894,0.43755364806866953,1272,0.5459227467811159,0.418,3.02637562528422,3.075410420725058,6.379939209726444,2.172295578739442,9353.04109105721,1418.0072820787775,7853.0,10751.682480335236,10693.38662508192,18.008761895604056,7853.0,0.0,28.337124463519313,21.083796523668635,33.28666156592706,19.318903798309815,0.13733905579399142,0.09849785407725321,0.08948497854077253,0.09206008583690987,0.0796137339055794,0.07446351931330472,0.06351931330472103,0.062446351931330475,0.06373390557939915,0.053433476394849785,0.045064377682403435,0.03733905579399142,0.03476394849785408,0.030257510729613735,0.019527896995708154,0.012231759656652361,0.006223175965665236,0.9091836402984136,0.022583834141018222,0.0,0.0,0.0,0.0,0.0,0.0,0.0,0.0,0.0,0.0,0.0,0.0,0.0,0.0,0.0,0.0,0.0,0.0,0.0,0.0,0.0,0.0,0.0,0.0,0.0,0.9914163090128757,9.270386266094421,15.508583690987127,4.087982832618026,0.14163090128755368,4.287425149700598,2.8538161043600114,nan,nan,nan,4.353898305084746,2.7965190329269265,4.223383409536251,2.9065123025405324,0.9700234395929571,0.3872,0.0235,0.0,0.0,0.0,0.0,0.0,0.0,0.0,0.0,0.0,0.32188841201716745,5.375536480686697,15.28969957081543,8.336909871244636,0.6759656652360517,0.0,0.0,0.0,0.0,0.0,0.0,0.0,0.0,0.0,0.0,0.0,0.0,0.0,0.0,0.0,0.0,nan,nan,4.287425149700598,2.8538161043600114,nan,0.3872,0.1148,0.0,0.0,0.0,0.0,0.0,0.0,0.0,0.0,0.0,0.0,0.0,0.0,0.0,0.0,0.0,8.583690987124464e-05,0.0009012875536480687,0.0005150214592274678,0.0008798283261802575,0.0037446351931330474,0.014034334763948497,0.014774678111587983,0.015944206008583692,0.030021459227467812,0.04966738197424893,0.02665236051502146,0.022993562231759655,0.02121244635193133,0.030042918454935622,0.029066523605150215,0.01165236051502146,0.023959227467811157,0.021566523605150215,0.02718884120171674,0.0203862660944206,0.04475321888412017,0.07113733905579399,0.034774678111587985,0.011824034334763948,0.04322961373390558,0.04626609442060086,0.015954935622317597,0.03609442060085837,0.028583690987124464,0.04784334763948498,0.008905579399141631,0.013143776824034335,0.021663090128755363,0.01636266094420601,0.007006437768240344,0.014967811158798283,0.010118025751072962,0.013293991416309013,0.002628755364806867,0.0010836909871244636,0.014238197424892704,0.01894849785407725,0.016663090128755366,0.007650214592274678,0.011512875536480687,0.03375536480686695,0.0026609442060085836,0.0128862660944206,0.018819742489270385,0.002682403433476395,0.0042274678111587985,6.437768240343348e-05,0.0001502145922746781,0.00018240343347639484,0.0006330472103004292,0.0,0.0,0.0,0.0,0.0,0.0,0.0,0.0,0.0,0.0,0.0,0.0,0.0,0.0,0.0,0.0,0.0,0.0,0.0,0.0,0.0,0.0,0.0,0.0,0.0,0.0,0.0,0.0,0.0,0.0,0.0,nan,nan,4.287425149700598,2.8538161043600114,nan,0.9094080602381589,0.022694359680358475,0.0,0.0,0.0,0.0,0.0,0.0,0.0,0.0,0.0,0.0,0.0,0.0,0.0,0.0,0.0,0.0,0.0,0.0,0.0,0.0,0.0,0.0,0.0,0.0,0.0,1.0727346607070298,8.947582283624545,15.627793579845594,4.181227143437628,0.1706623323852093,0.9089324818301494,0.02245683577412993,0.0,0.0,0.0,0.0,0.0,0.0,0.0,0.0,0.0,0.0,0.0,0.0,0.0,0.0,0.0,0.0,0.0,0.0,0.0,0.0,0.0,0.0,0.0,0.0,0.0,0.9004092769440657,9.631650750341066,15.37517053206003,3.9836289222373815,0.10914051841746251,0.3872,0.02365,0.0,0.0,0.0,0.0,0.0,0.0,0.0,0.0,0.0,0.2925639983746445,5.5343356359203595,15.201137748882548,8.264932954083708,0.7070296627387243,0.0,0.0,0.0,0.0,0.0,0.0,0.0,0.0,0.0,0.0,0.0,0.0,0.0,0.0,0.0,0.0,0.3875,0.02332,0.0,0.0,0.0,0.0,0.0,0.0,0.0,0.0,0.0,0.35470668485675316,5.197817189631651,15.388813096862187,8.417462482946796,0.6412005457025922,0.0,0.0,0.0,0.0,0.0,0.0,0.0,0.0,0.0,0.0,0.0,0.0,0.0,0.0,0.0,0.0
33800,4512,2268,0.5026595744680851,1050,950,0.4432624113475177,1299,0.5757978723404256,0.426,3.0427807486631018,3.2123239909008374,6.8065040650406505,2.3657357554506424,9280.272676428107,1419.7569157158139,7853.0,10757.871535301208,10692.441938290836,17.79078342247025,7853.0,0.0,27.41023936170213,20.694478649483095,32.40397877984085,18.98100223138316,0.14339539007092197,0.10172872340425532,0.09308510638297872,0.09308510638297872,0.08000886524822695,0.07668439716312057,0.06892730496453901,0.06294326241134751,0.055629432624113476,0.05230496453900709,0.042331560283687945,0.040336879432624116,0.02969858156028369,0.025709219858156027,0.01795212765957447,0.010416666666666666,0.00576241134751773,0.9096996394375748,0.022891040533351063,0.0,0.0,0.0,0.0,0.0,0.0,0.0,0.0,0.0,0.0,0.0,0.0,0.0,0.0,0.0,0.0,0.0,0.0,0.0,0.0,0.0,0.0,0.0,0.0,0.0,0.944148936170213,9.049202127659576,15.432180851063833,4.388297872340426,0.1861702127659575,4.452547103977669,2.969491675629563,nan,nan,nan,4.436038514442916,2.9669837941637387,4.469546742209632,2.9719761109721428,1.0075536377012102,0.3857,0.02286,0.0,0.0,0.0,0.0,0.0,0.0,0.0,0.0,0.006648936170212768,0.285904255319149,6.043882978723406,15.571808510638276,7.5265957446808525,0.5518617021276597,0.013297872340425535,0.0,0.0,0.0,0.0,0.0,0.0,0.0,0.0,0.0,0.0,0.0,0.0,0.0,0.0,0.0,nan,nan,4.452547103977669,2.969491675629563,nan,0.3857,0.1145,0.0,0.0,0.0,0.0,0.0,0.0,0.0,0.0,0.0,0.0,0.0,0.0,0.0,0.0,0.0,5.5407801418439715e-05,0.0008754432624113475,0.0004432624113475177,0.0008200354609929078,0.003856382978723404,0.013863031914893617,0.017553191489361703,0.019248670212765957,0.03031914893617021,0.04927969858156028,0.025897606382978722,0.020667109929078015,0.021730939716312056,0.03158244680851064,0.026972517730496453,0.010206117021276596,0.023526152482269504,0.019835992907801418,0.032203014184397166,0.022052304964539006,0.04435948581560284,0.07170877659574468,0.03398714539007092,0.013419769503546099,0.04060283687943263,0.047550975177304965,0.015979609929078015,0.03533909574468085,0.02850177304964539,0.04901374113475177,0.007978723404255319,0.01347517730496454,0.02091090425531915,0.015669326241134752,0.006560283687943262,0.01519281914893617,0.009530141843971631,0.013541666666666667,0.0026263297872340424,0.001174645390070922,0.015048758865248226,0.01879432624113475,0.01692154255319149,0.00673758865248227,0.01336436170212766,0.03144946808510638,0.002216312056737589,0.0112145390070922,0.018229166666666668,0.0024046985815602837,0.004443705673758866,0.0,0.00019946808510638297,0.00019946808510638297,0.0006648936170212766,0.0,0.0,0.0,0.0,0.0,0.0,0.0,0.0,0.0,0.0,0.0,0.0,0.0,0.0,0.0,0.0,0.0,0.0,0.0,0.0,0.0,0.0,0.0,0.0,0.0,0.0,0.0,0.0,0.0,0.0,0.0,nan,nan,4.452547103977669,2.969491675629563,nan,0.9091269353394786,0.022696346313828747,0.0,0.0,0.0,0.0,0.0,0.0,0.0,0.0,0.0,0.0,0.0,0.0,0.0,0.0,0.0,0.0,0.0,0.0,0.0,0.0,0.0,0.0,0.0,0.0,0.0,0.8994708994708996,9.444444444444446,15.330687830687834,4.153439153439154,0.171957671957672,0.9102784687131908,0.023071708267572228,0.0,0.0,0.0,0.0,0.0,0.0,0.0,0.0,0.0,0.0,0.0,0.0,0.0,0.0,0.0,0.0,0.0,0.0,0.0,0.0,0.0,0.0,0.0,0.0,0.0,0.9893048128342248,8.649732620320858,15.534759358288774,4.625668449197862,0.20053475935828882,0.386,0.02261,0.0,0.0,0.0,0.0,0.0,0.0,0.0,0.0,0.0,0.2248677248677249,5.780423280423282,15.965608465608444,7.447089947089949,0.5555555555555557,0.02645502645502646,0.0,0.0,0.0,0.0,0.0,0.0,0.0,0.0,0.0,0.0,0.0,0.0,0.0,0.0,0.0,0.3855,0.02307,0.0,0.0,0.0,0.0,0.0,0.0,0.0,0.0,0.013368983957219254,0.34759358288770065,6.310160427807488,15.173796791443827,7.606951871657755,0.5481283422459894,0.0,0.0,0.0,0.0,0.0,0.0,0.0,0.0,0.0,0.0,0.0,0.0,0.0,0.0,0.0,0.0
33900,4734,2463,0.5202788339670469,1188,938,0.44909167722855936,1344,0.5678073510773131,0.414,2.9506825187142227,3.0780594888154647,6.409836065573771,2.2471359754920357,9329.910909758624,1418.2363035435717,7853.0,10759.587073922157,10691.691127404516,17.870447661651582,7853.0,0.0,28.80946345585129,21.16759793584802,33.77925331996993,19.326407532362655,0.13371356147021546,0.09590198563582594,0.08998732572877059,0.08301647655259822,0.08217152513730461,0.07646810308407266,0.06506125897760878,0.06294888043937473,0.05555555555555555,0.06189269117025771,0.04731727925644275,0.043726235741444866,0.037389100126742715,0.02619349387410224,0.019856358259400086,0.010773130544993664,0.008027038445289396,0.9088633265181035,0.02243146799273231,0.0,0.0,0.0,0.0,0.0,0.0,0.0,0.0,0.0,0.0,0.0,0.0,0.0,0.0,0.0,0.0,0.0,0.0,0.0,0.0,0.0,0.0,0.0,0.0,0.019011406844106467,0.9125475285171104,9.378960709759191,15.671736375158432,3.8910012674271237,0.1267427122940431,4.1987836107554415,2.940378272378194,nan,nan,nan,4.180707395498392,2.9751620477215255,4.2166985340981515,2.905383072104306,1.008608863332199,0.3857,0.02298,0.0,0.0,0.0,0.0,0.0,0.0,0.0,0.0,0.0,0.32953105196451216,5.925221799746516,15.614702154626087,7.5221799746514595,0.6083650190114069,0.0,0.0,0.0,0.0,0.0,0.0,0.0,0.0,0.0,0.0,0.0,0.0,0.0,0.0,0.0,0.0,nan,nan,4.1987836107554415,2.940378272378194,nan,0.3857,0.1139,0.0,0.0,0.0,0.0,0.0,0.0,0.0,0.0,0.0,0.0,0.0,0.0,0.0,0.0,0.0,0.0,0.0007815800591465991,0.0006231516687790452,0.0010350654837346853,0.0033058724123362906,0.013624841571609633,0.016497676383607943,0.017089142374313478,0.03173848753696663,0.05040135192226447,0.02453527672158851,0.023130544993662863,0.020722433460076045,0.03301647655259823,0.02713350232361639,0.008555133079847909,0.024683143219264892,0.019613434727503168,0.03247782002534854,0.022792564427545417,0.044972539079002956,0.07073299535276721,0.03180185889311365,0.014152936206168145,0.04156104773975496,0.04828897338403042,0.014913392479932404,0.0360794254330376,0.02715462610899873,0.04915504858470638,0.008512885509083228,0.014628221377270807,0.02000422475707647,0.01604351499788762,0.007393324883819181,0.01517743979721166,0.009917617237008873,0.013614279678918461,0.003147444021968737,0.0010561892691170257,0.01514575411913815,0.019592310942120827,0.01589564850021124,0.005587241233629066,0.014923954372623574,0.03153781157583439,0.0018694550063371356,0.009463455851288551,0.01839881706801859,0.0021546261089987325,0.004298690325306295,0.0,0.00011618081960287284,0.00035910435149978876,0.0005914659907055344,0.0,0.0,0.0,0.0,0.0,0.0,0.0,0.0,0.0,0.0,0.0,0.0,0.0,0.0,0.0,0.0,0.0,0.0,0.0,0.0,0.0,0.0,0.0,0.0,0.0,0.0,0.0,0.0,0.0,0.0,0.0,nan,nan,4.1987836107554415,2.940378272378194,nan,0.9087301779219256,0.02250051941621041,0.0,0.0,0.0,0.0,0.0,0.0,0.0,0.0,0.0,0.0,0.0,0.0,0.0,0.0,0.0,0.0,0.0,0.0,0.0,0.0,0.0,0.0,0.0,0.0,0.012180267965895252,0.9135200974421439,9.488428745432401,15.493300852618761,3.922046285018271,0.17052375152253355,0.9090077320629676,0.0223554411668566,0.0,0.0,0.0,0.0,0.0,0.0,0.0,0.0,0.0,0.0,0.0,0.0,0.0,0.0,0.0,0.0,0.0,0.0,0.0,0.0,0.0,0.0,0.0,0.0,0.026420079260237785,0.9114927344782037,9.260237780713343,15.86525759577279,3.8573315719947168,0.07926023778071335,0.385,0.02298,0.0,0.0,0.0,0.0,0.0,0.0,0.0,0.0,0.0,0.30450669914738127,6.321559074299636,15.639464068209477,7.161997563946408,0.5724725943970769,0.0,0.0,0.0,0.0,0.0,0.0,0.0,0.0,0.0,0.0,0.0,0.0,0.0,0.0,0.0,0.0,0.3865,0.02295,0.0,0.0,0.0,0.0,0.0,0.0,0.0,0.0,0.0,0.35667107001321013,5.49537648612946,15.587846763540268,7.9128137384412165,0.6472919418758257,0.0,0.0,0.0,0.0,0.0,0.0,0.0,0.0,0.0,0.0,0.0,0.0,0.0,0.0,0.0,0.0
34000,4712,2412,0.5118845500848896,1143,969,0.44821731748726656,1347,0.5717317487266553,0.41,2.9704347826086956,3.048876454868423,6.474006116207951,2.045752706100903,9306.432341408345,1419.3445204583275,7853.0,10758.920182347298,10692.375287195739,17.930209603033266,7853.0,0.0,28.230687606112053,20.946989455984678,33.18365287588295,19.142873916226428,0.1400679117147708,0.09443972835314092,0.09592529711375213,0.07724957555178268,0.08488964346349745,0.07894736842105263,0.06897283531409168,0.06218166383701188,0.060696095076400676,0.05241935483870968,0.04647707979626486,0.04032258064516129,0.03438030560271647,0.02737691001697793,0.015492359932088286,0.013794567062818336,0.006366723259762309,0.9093314890824069,0.02234869738500751,0.0,0.0,0.0,0.0,0.0,0.0,0.0,0.0,0.0,0.0,0.0,0.0,0.0,0.0,0.0,0.0,0.0,0.0,0.0,0.0,0.0,0.0,0.0,0.0,0.0,0.8276740237691004,9.384550084889645,15.643039049235997,3.979202037351444,0.16553480475382007,4.226069911793531,2.8068358021448603,nan,nan,nan,4.241584158415842,2.7945704308681107,4.2108667529107375,2.818720618300165,0.9927580346498237,0.3857,0.02327,0.0,0.0,0.0,0.0,0.0,0.0,0.0,0.0,0.00636672325976231,0.28650254668930397,5.8319185059422765,15.483870967741915,7.837436332767404,0.553904923599321,0.0,0.0,0.0,0.0,0.0,0.0,0.0,0.0,0.0,0.0,0.0,0.0,0.0,0.0,0.0,0.0,nan,nan,4.226069911793531,2.8068358021448603,nan,0.3857,0.11334,0.0,0.0,0.0,0.0,0.0,0.0,0.0,0.0,0.0,0.0,0.0,0.0,0.0,0.0,0.0,0.0,0.0007109507640067912,0.0007427843803056027,0.0006685059422750424,0.002865025466893039,0.012616723259762309,0.01758276740237691,0.015800084889643462,0.03249151103565365,0.04989388794567063,0.026305178268251274,0.02070246179966044,0.02052207130730051,0.03301146010186757,0.027886247877758914,0.009475806451612903,0.023015704584040748,0.01976867572156197,0.033351018675721565,0.022071307300509338,0.04643463497453311,0.06787988115449915,0.0324490662139219,0.0149830220713073,0.04282682512733447,0.048291595925297116,0.015556027164685909,0.03862478777589134,0.0266553480475382,0.048291595925297116,0.010855263157894738,0.013879456706281833,0.021742359932088284,0.015131578947368421,0.00741723259762309,0.014951188455008488,0.009507640067911714,0.012192275042444821,0.0034061969439728355,0.001411290322580645,0.014675297113752123,0.01916383701188455,0.01561969439728353,0.00515704584040747,0.014261460101867572,0.031143887945670627,0.002079796264855688,0.009804753820033955,0.018654499151103565,0.0015492359932088285,0.005146434634974533,0.0,6.366723259762309e-05,0.00029711375212224106,0.0004138370118845501,0.0,0.0,0.0,0.0,0.0,0.0,0.0,0.0,0.0,0.0,0.0,0.0,0.0,0.0,0.0,0.0,0.0,0.0,0.0,0.0,0.0,0.0,0.0,0.0,0.0,0.0,0.0,0.0,0.0,0.0,0.0,nan,nan,4.226069911793531,2.8068358021448603,nan,0.9094799176772831,0.022112735292002635,0.0,0.0,0.0,0.0,0.0,0.0,0.0,0.0,0.0,0.0,0.0,0.0,0.0,0.0,0.0,0.0,0.0,0.0,0.0,0.0,0.0,0.0,0.0,0.0,0.0,0.7587064676616917,9.415422885572141,15.621890547263684,4.054726368159205,0.1492537313432836,0.9091758326603019,0.022592455182615136,0.0,0.0,0.0,0.0,0.0,0.0,0.0,0.0,0.0,0.0,0.0,0.0,0.0,0.0,0.0,0.0,0.0,0.0,0.0,0.0,0.0,0.0,0.0,0.0,0.0,0.9000000000000002,9.35217391304348,15.66521739130435,3.900000000000001,0.18260869565217397,0.3855,0.0232,0.0,0.0,0.0,0.0,0.0,0.0,0.0,0.0,0.0,0.27363184079601993,6.082089552238807,15.335820895522367,7.773631840796021,0.5348258706467662,0.0,0.0,0.0,0.0,0.0,0.0,0.0,0.0,0.0,0.0,0.0,0.0,0.0,0.0,0.0,0.0,0.386,0.02335,0.0,0.0,0.0,0.0,0.0,0.0,0.0,0.0,0.013043478260869568,0.30000000000000004,5.569565217391306,15.639130434782587,7.904347826086958,0.573913043478261,0.0,0.0,0.0,0.0,0.0,0.0,0.0,0.0,0.0,0.0,0.0,0.0,0.0,0.0,0.0,0.0
34100,4713,2440,0.5177169531084235,1153,989,0.45448758752387014,1329,0.5639719923615532,0.43,2.9903211614606247,3.118977227645202,6.732231404958678,2.1127794891072376,9322.75901638126,1418.6266889153892,7853.0,10761.358120799065,10691.92387057577,17.54091891685124,7853.0,0.0,27.82155739444091,20.79565706595338,32.79832995951417,19.01894344493332,0.14194780394653086,0.0976023764056864,0.09229789942711648,0.08317419902397624,0.08826649692340335,0.07638446849140675,0.07065563335455124,0.061744112030553785,0.06131975387226819,0.04561850201570125,0.04816465096541481,0.03967748779970295,0.03288775726713346,0.024824952259707194,0.018459579885423297,0.009548058561425843,0.007426267769997878,0.9083535893060032,0.02204513648388109,0.0,0.0,0.0,0.0,0.0,0.0,0.0,0.0,0.0,0.0,0.0,0.0,0.0,0.0,0.0,0.0,0.0,0.0,0.0,0.0,0.0,0.0,0.0,0.0,0.0063653723742838975,0.9548058561425845,9.649904519414386,15.499681731381289,3.761935073201783,0.12730744748567793,4.310322156476003,2.885558585643176,nan,nan,nan,4.248165443629086,2.8340447261207946,4.3707064160725855,2.9334767361456553,1.0288456214969859,0.386,0.02318,0.0,0.0,0.0,0.0,0.0,0.0,0.0,0.0,0.0,0.3819223424570338,5.690642902609804,15.633354551241226,7.689369828134947,0.6047103755569702,0.0,0.0,0.0,0.0,0.0,0.0,0.0,0.0,0.0,0.0,0.0,0.0,0.0,0.0,0.0,0.0,nan,nan,4.310322156476003,2.885558585643176,nan,0.386,0.1129,0.0,0.0,0.0,0.0,0.0,0.0,0.0,0.0,0.0,0.0,0.0,0.0,0.0,0.0,0.0,0.0,0.000795671546785487,0.0007638446849140675,0.000795671546785487,0.003087205601527689,0.012359431360067898,0.016751538298323786,0.014131126670910248,0.03418204964990452,0.0487481434330575,0.025514534266921282,0.01900063653723743,0.021971143645236578,0.03298323785274772,0.027031614682792277,0.010046679397411416,0.02380649267982177,0.019711436452365796,0.03303628262253342,0.021780182474008064,0.0479206450244006,0.06364311478888182,0.03500954805856143,0.013568852111181837,0.04326331423721621,0.05040314025037131,0.016603012942923826,0.03853172077233185,0.028177381710163377,0.0501591343093571,0.010831741990239762,0.0145979206450244,0.023307871843836196,0.013208147676639083,0.00847655421175472,0.013823467006153193,0.00976023764056864,0.011096965839168258,0.003394865266284744,0.0015064714619138554,0.013102058137067685,0.018512624655208997,0.014841926586038617,0.005643963505198388,0.01525567579036707,0.03089327392319117,0.0016656057712709526,0.010608953957139827,0.018130702312751962,0.0019096117122851686,0.004752811372798642,0.0,2.1217907914279653e-05,0.00038192234245703374,0.00046679397411415237,0.0,3.182686187141948e-05,0.0,0.0,0.0,0.0,0.0,0.0,0.0,0.0,0.0,0.0,0.0,0.0,0.0,0.0,0.0,0.0,0.0,0.0,0.0,0.0,0.0,0.0,0.0,0.0,0.0,0.0,0.0,0.0,0.0,nan,nan,4.310322156476003,2.885558585643176,nan,0.9081427054082761,0.02217219407217885,0.0,0.0,0.0,0.0,0.0,0.0,0.0,0.0,0.0,0.0,0.0,0.0,0.0,0.0,0.0,0.0,0.0,0.0,0.0,0.0,0.0,0.0,0.0,0.0,0.012295081967213118,0.9959016393442625,9.565573770491804,15.516393442622954,3.78688524590164,0.12295081967213117,0.9085799670932684,0.021905664494414882,0.0,0.0,0.0,0.0,0.0,0.0,0.0,0.0,0.0,0.0,0.0,0.0,0.0,0.0,0.0,0.0,0.0,0.0,0.0,0.0,0.0,0.0,0.0,0.0,0.0,0.9106907171139466,9.74043114826221,15.48174219093709,3.7351517817861866,0.13198416190057197,0.386,0.02301,0.0,0.0,0.0,0.0,0.0,0.0,0.0,0.0,0.0,0.44262295081967223,5.459016393442624,15.934426229508173,7.598360655737706,0.5655737704918034,0.0,0.0,0.0,0.0,0.0,0.0,0.0,0.0,0.0,0.0,0.0,0.0,0.0,0.0,0.0,0.0,0.386,0.02335,0.0,0.0,0.0,0.0,0.0,0.0,0.0,0.0,0.0,0.31676198856137266,5.939287285525738,15.310162780466321,7.787065552133746,0.6467223933128026,0.0,0.0,0.0,0.0,0.0,0.0,0.0,0.0,0.0,0.0,0.0,0.0,0.0,0.0,0.0,0.0
34200,4771,2492,0.5223223642842172,1161,982,0.4491720813246699,1333,0.5587927059316705,0.418,2.989030276437034,3.1002502239393435,6.605769230769231,2.185697693708813,9336.230655884074,1418.4853790166337,7853.0,10752.97274184227,10692.684373684957,17.882645604517602,7853.0,0.0,28.141898972961645,20.94668369521924,32.76498150431566,19.320114850158948,0.13141898972961644,0.10417103332634668,0.09494864808216306,0.08845105847830644,0.07818067491092014,0.07713267658771746,0.0733598826241878,0.060783902745755604,0.05323831481869629,0.05344791448333683,0.04778872353804234,0.03814713896457766,0.03248794801928317,0.030182351708237267,0.018025571159086144,0.009641584573464682,0.008593586250261999,0.9093108864431235,0.022426049152069492,0.0,0.0,0.0,0.0,0.0,0.0,0.0,0.0,0.0,0.0,0.0,0.0,0.0,0.0,0.0,0.0,0.0,0.0,0.0,0.0,0.0,0.0,0.0,0.0,0.006287989939216099,0.9054705512471182,9.425696918884931,15.22951163278139,4.338713058059108,0.09431984908824148,4.209114414996768,2.8941520385877952,nan,nan,nan,4.196969696969697,2.905188904283026,4.220812182741117,2.883433048015794,1.0056808810863311,0.3867,0.02327,0.0,0.0,0.0,0.0,0.0,0.0,0.0,0.0,0.0,0.383567386292182,5.46426325717879,15.631942988891197,7.9291553133515,0.572207084468665,0.018863969817648294,0.0,0.0,0.0,0.0,0.0,0.0,0.0,0.0,0.0,0.0,0.0,0.0,0.0,0.0,0.0,nan,nan,4.209114414996768,2.8941520385877952,nan,0.3867,0.11255,0.0,0.0,0.0,0.0,0.0,0.0,0.0,0.0,0.0,0.0,0.0,0.0,0.0,0.0,0.0,0.0,0.0004820792286732341,0.0006497589603856634,0.0008383986585621463,0.0029029553552714317,0.011444141689373298,0.017208132466988053,0.013477258436386502,0.03229930832110669,0.049151121358205825,0.025026199958080066,0.020037727939635295,0.020907566547893525,0.03337874659400545,0.02809683504506393,0.009746384405784951,0.02316076294277929,0.01939844896248166,0.0335149863760218,0.023255082791867533,0.046248166002934396,0.06333053867113812,0.03836721861245022,0.013173338922657724,0.043177530915950536,0.05115279815552295,0.017459652064556696,0.03557954307273108,0.028075875078599873,0.05126807797107524,0.009337665059735904,0.015636134982184028,0.02452316076294278,0.014064137497380004,0.008373506602389436,0.015195975686438901,0.008719346049046322,0.010417103332634669,0.003311674701320478,0.0013099979040033535,0.014263257178788513,0.017176692517291973,0.015154055753510795,0.005680150911758541,0.014860616223014043,0.030350031439949698,0.002022636763781178,0.010396143366170615,0.018130370991406415,0.0022322364284217146,0.004841752253196395,1.0479983232026829e-05,0.0,0.0005554391112974219,0.0005449591280653951,0.0,8.383986585621463e-05,0.0,0.0,0.0,0.0,0.0,0.0,0.0,0.0,0.0,0.0,0.0,0.0,0.0,0.0,0.0,0.0,0.0,0.0,0.0,0.0,0.0,0.0,0.0,0.0,0.0,0.0,0.0,0.0,0.0,nan,nan,4.209114414996768,2.8941520385877952,nan,0.9091492360562421,0.022444259621113606,0.0,0.0,0.0,0.0,0.0,0.0,0.0,0.0,0.0,0.0,0.0,0.0,0.0,0.0,0.0,0.0,0.0,0.0,0.0,0.0,0.0,0.0,0.0,0.0,0.012038523274478333,0.9630818619582666,9.365971107544143,15.300963081861962,4.26163723916533,0.09630818619582666,0.9094876450056986,0.02240478488649793,0.0,0.0,0.0,0.0,0.0,0.0,0.0,0.0,0.0,0.0,0.0,0.0,0.0,0.0,0.0,0.0,0.0,0.0,0.0,0.0,0.0,0.0,0.0,0.0,0.0,0.8424747696358054,9.491004826678369,15.151382185168936,4.422992540587978,0.09214567792891622,0.3862,0.02345,0.0,0.0,0.0,0.0,0.0,0.0,0.0,0.0,0.0,0.4454253611556983,5.4414125200642065,15.674157303370762,7.897271268057787,0.5296950240770466,0.012038523274478333,0.0,0.0,0.0,0.0,0.0,0.0,0.0,0.0,0.0,0.0,0.0,0.0,0.0,0.0,0.0,0.387,0.02307,0.0,0.0,0.0,0.0,0.0,0.0,0.0,0.0,0.0,0.315928038613427,5.489249670908294,15.585783238262373,7.964019306713473,0.6186924089512945,0.026327336551118918,0.0,0.0,0.0,0.0,0.0,0.0,0.0,0.0,0.0,0.0,0.0,0.0,0.0,0.0,0.0
34300,4818,2491,0.5170195101701951,1163,998,0.4485263594852636,1364,0.5662100456621004,0.414,3.0021486892995273,3.1513183888159437,6.664156626506024,2.2774784353887765,9321.187662857506,1419.0910304767788,7853.0,10754.558739185333,10692.714235105364,17.644350777721762,7853.0,0.0,28.276463262764633,20.99650957834754,33.19679802955665,19.201997012154084,0.1398920713989207,0.09256953092569531,0.09339975093399751,0.08738065587380656,0.08322955583229556,0.07638024076380241,0.06371938563719386,0.06413449564134496,0.05832295558322956,0.05292652552926526,0.0452469904524699,0.04337899543378995,0.03881278538812785,0.024906600249066,0.017434620174346202,0.0112079701120797,0.007056870070568701,0.9095722689896809,0.022556376003525162,0.0,0.0,0.0,0.0,0.0,0.0,0.0,0.0,0.0,0.0,0.0,0.0,0.0,0.0,0.0,0.0,0.0,0.0,0.0,0.0,0.0,0.0,0.0,0.0,0.0,0.8717310087173102,8.93524283935243,15.84059775840598,4.196762141967622,0.15566625155666253,4.219017432646592,2.9535044029112654,nan,nan,nan,4.182165605095541,2.981033531386407,4.255520504731861,2.9255228652445213,1.0175399318350629,0.386,0.02277,0.0,0.0,0.0,0.0,0.0,0.0,0.0,0.0,0.0,0.25529265255292655,5.635118306351185,15.940224159402218,7.665006226650064,0.5043586550435867,0.0,0.0,0.0,0.0,0.0,0.0,0.0,0.0,0.0,0.0,0.0,0.0,0.0,0.0,0.0,0.0,nan,nan,4.219017432646592,2.9535044029112654,nan,0.386,0.1125,0.0,0.0,0.0,0.0,0.0,0.0,0.0,0.0,0.0,0.0,0.0,0.0,0.0,0.0,0.0,6.2266500622665e-05,0.00041511000415110004,0.0006537982565379825,0.0010792860107928601,0.0032586135325861354,0.011322125363221254,0.016853466168534663,0.013138231631382316,0.032534246575342464,0.050321710253217106,0.02304898298048983,0.021087588210875884,0.02067247820672478,0.03446450809464508,0.028455790784557906,0.010948526359485263,0.024149024491490246,0.018337484433374844,0.03213989207139892,0.022862183478621834,0.04767538397675384,0.06311747613117476,0.039020340390203405,0.013325031133250311,0.042299709422997094,0.05029057700290577,0.017984640929846408,0.032004981320049815,0.02920298879202989,0.05185761726857617,0.009869240348692403,0.016687422166874223,0.02476131174761312,0.014300539643005396,0.009028642590286426,0.015078870900788709,0.009225819842258199,0.009900373599003736,0.003476546284765463,0.0014840182648401827,0.014995848899958489,0.014715649647156496,0.015006226650062267,0.005334163553341636,0.013802407638024077,0.03085305105853051,0.0018783727687837278,0.010979659609796596,0.017050643420506433,0.0022519717725197176,0.005282274802822748,7.26442507264425e-05,0.0,0.0007368202573682026,0.000643420506434205,0.0,0.0,0.0,0.0,0.0,0.0,0.0,0.0,0.0,0.0,0.0,0.0,0.0,0.0,0.0,0.0,0.0,0.0,0.0,0.0,0.0,0.0,0.0,0.0,0.0,0.0,0.0,0.0,0.0,0.0,0.0,nan,nan,4.219017432646592,2.9535044029112654,nan,0.9093204225128982,0.02271348443414074,0.0,0.0,0.0,0.0,0.0,0.0,0.0,0.0,0.0,0.0,0.0,0.0,0.0,0.0,0.0,0.0,0.0,0.0,0.0,0.0,0.0,0.0,0.0,0.0,0.0,1.0116419108791652,8.791649939783222,15.837013247691694,4.215174628663188,0.14452027298273787,0.9098418648528807,0.02238383325071891,0.0,0.0,0.0,0.0,0.0,0.0,0.0,0.0,0.0,0.0,0.0,0.0,0.0,0.0,0.0,0.0,0.0,0.0,0.0,0.0,0.0,0.0,0.0,0.0,0.0,0.721959604641169,9.08895573700043,15.844434894714228,4.1770519982810494,0.16759776536312854,0.3862,0.02261,0.0,0.0,0.0,0.0,0.0,0.0,0.0,0.0,0.0,0.22882376555600165,5.479727017262145,16.174227217984722,7.599357687675634,0.5178643115214774,0.0,0.0,0.0,0.0,0.0,0.0,0.0,0.0,0.0,0.0,0.0,0.0,0.0,0.0,0.0,0.0,0.386,0.02295,0.0,0.0,0.0,0.0,0.0,0.0,0.0,0.0,0.0,0.2836269875376021,5.8014611087236805,15.689729265148237,7.73528147829824,0.48990116029222186,0.0,0.0,0.0,0.0,0.0,0.0,0.0,0.0,0.0,0.0,0.0,0.0,0.0,0.0,0.0,0.0
34400,4817,2498,0.5185800290637326,1170,977,0.44571309943948517,1335,0.5542869005605149,0.422,3.006899525657611,3.1123763300461595,6.668711656441718,2.082074280494341,9325.49628178314,1418.8137835535445,7853.0,10749.197090744972,10692.477417673896,17.450199982620173,7853.0,0.0,27.91799875441146,20.856044494764898,32.84754138868298,19.107636883165643,0.13909072036537265,0.10089267178741955,0.09632551380527299,0.08594560930039444,0.07577330288561346,0.07058335063317417,0.0718289391737596,0.06996055636288147,0.05854266140751505,0.05127672825410006,0.04795515881253892,0.0373676562175628,0.03508407722648951,0.02615735935229396,0.015777454847415405,0.010172306414780985,0.007265933153414989,0.9101583810176299,0.02211131405705801,0.0,0.0,0.0,0.0,0.0,0.0,0.0,0.0,0.0,0.0,0.0,0.0,0.0,0.0,0.0,0.0,0.0,0.0,0.0,0.0,0.0,0.0,0.0,0.0,0.012455885405854268,0.6601619265102763,9.011833091135562,15.875025949761266,4.2163172098816695,0.22420593730537683,4.329983792544571,2.89984499106153,nan,nan,nan,4.300964630225081,2.8828295934700896,4.359058207979071,2.9176485424979726,1.0135071042774306,0.3853,0.02245,0.0,0.0,0.0,0.0,0.0,0.0,0.0,0.0,0.0,0.2553456508200125,6.022420593730539,16.036952460037345,7.249325306207185,0.4359559892048994,0.0,0.0,0.0,0.0,0.0,0.0,0.0,0.0,0.0,0.0,0.0,0.0,0.0,0.0,0.0,0.0,nan,nan,4.329983792544571,2.89984499106153,nan,0.3853,0.11194,0.0,0.0,0.0,0.0,0.0,0.0,0.0,0.0,0.0,0.0,0.0,0.0,0.0,0.0,0.0,9.341914054390699e-05,0.00035291675316587086,0.0005501349387585634,0.0005916545567780777,0.003165870873987959,0.010763960971559062,0.017282541000622795,0.015725555324891012,0.030911355615528338,0.05123520863608055,0.02350010379904505,0.021901598505293753,0.020220053975503426,0.03404608677600166,0.029126012040689226,0.011023458584181026,0.02436163587294997,0.01825825202408138,0.033143035084077226,0.02191197840979863,0.048443014324268216,0.06289184139505917,0.03795931077434088,0.012341706456300602,0.04428067261781191,0.04885821050446336,0.017905335270915507,0.03149263026780154,0.031170853228150303,0.0492734066846585,0.010099647083246835,0.01869420801328628,0.025607224413535395,0.015061241436578783,0.010400664313888312,0.01537263857172514,0.007608470002075981,0.00883329873365165,0.0032800498235416235,0.002148640232509861,0.014915922773510483,0.014033630890595807,0.014158189744654348,0.004380319701058751,0.014573385924849492,0.030485779530828316,0.001702304338800083,0.010867760016607848,0.016836205106913017,0.002148640232509861,0.004639817313680714,0.00013493875856342123,4.151961801951422e-05,0.0007992526468756487,0.00039443637118538507,0.0,0.0,0.0,0.0,0.0,0.0,0.0,0.0,0.0,0.0,0.0,0.0,0.0,0.0,0.0,0.0,0.0,0.0,0.0,0.0,0.0,0.0,0.0,0.0,0.0,0.0,0.0,0.0,0.0,0.0,0.0,nan,nan,4.329983792544571,2.89984499106153,nan,0.9099041064373486,0.02235772654308266,0.0,0.0,0.0,0.0,0.0,0.0,0.0,0.0,0.0,0.0,0.0,0.0,0.0,0.0,0.0,0.0,0.0,0.0,0.0,0.0,0.0,0.0,0.0,0.0,0.024019215372297845,0.7325860688550843,8.947157726180945,15.912730184147321,4.095276220976782,0.2882305844675741,0.9104322826569324,0.02183945979814544,0.0,0.0,0.0,0.0,0.0,0.0,0.0,0.0,0.0,0.0,0.0,0.0,0.0,0.0,0.0,0.0,0.0,0.0,0.0,0.0,0.0,0.0,0.0,0.0,0.0,0.5821474773609315,9.081500646830532,15.834411384217338,4.346701164294956,0.1552393272962484,0.3853,0.02248,0.0,0.0,0.0,0.0,0.0,0.0,0.0,0.0,0.0,0.312249799839872,6.0888710968775035,15.828662930344253,7.385908726981587,0.3843074459567655,0.0,0.0,0.0,0.0,0.0,0.0,0.0,0.0,0.0,0.0,0.0,0.0,0.0,0.0,0.0,0.0,0.3853,0.02238,0.0,0.0,0.0,0.0,0.0,0.0,0.0,0.0,0.0,0.19404915912031054,5.950840879689523,16.261319534281995,7.102199223803365,0.49159120310478666,0.0,0.0,0.0,0.0,0.0,0.0,0.0,0.0,0.0,0.0,0.0,0.0,0.0,0.0,0.0,0.0
34500,4918,2544,0.5172834485563237,1190,1018,0.4489629930866206,1386,0.5636437576250508,0.41,3.0080033698399324,3.1624673335934923,6.6725403817914835,2.1966389039865755,9321.685321889863,1418.8252860533207,7853.0,10756.485909223557,10692.227363621992,18.139762064177003,7853.0,0.0,27.60390402602684,20.646260617341795,32.54757281553398,18.90980556578941,0.1409109394062627,0.10044733631557544,0.09536396909312729,0.08885725904839366,0.07767385115900773,0.07218381455876373,0.0719804798698658,0.06750711671411143,0.061000406669377796,0.050427002846685644,0.04493696624644164,0.040666937779585195,0.03172021146807645,0.023993493289955266,0.016266775111834077,0.009963399755998373,0.0061000406669377795,0.9093133163990262,0.02279797373463742,0.0,0.0,0.0,0.0,0.0,0.0,0.0,0.0,0.0,0.0,0.0,0.0,0.0,0.0,0.0,0.0,0.0,0.0,0.0,0.0,0.0,0.0,0.0,0.0,0.012200081333875562,0.8113054087027248,9.467263115087436,15.298901992679955,4.23342822285482,0.17690117934119565,4.313556618819777,2.9684558433105015,nan,nan,nan,4.283950617283951,2.9668860750990387,4.342105263157895,2.969689245440266,1.0135750037919005,0.385,0.02286,0.0,0.0,0.0,0.0,0.0,0.0,0.0,0.0,0.0,0.3721024806832047,5.880439202928021,16.159007726718155,7.033346888979262,0.5490036600244003,0.006100040666937781,0.0,0.0,0.0,0.0,0.0,0.0,0.0,0.0,0.0,0.0,0.0,0.0,0.0,0.0,0.0,nan,nan,4.313556618819777,2.9684558433105015,nan,0.385,0.11096,0.0,0.0,0.0,0.0,0.0,0.0,0.0,0.0,0.0,0.0,0.0,0.0,0.0,0.0,0.0,1.0166734444896299e-05,0.00022366815778771857,0.00028466856445709637,0.0005896705978039854,0.0027043513623424154,0.010370069133794225,0.017862952419682797,0.015575437169581131,0.029605530703538024,0.05203334688897926,0.023586823912159414,0.021797478649857666,0.021004473363155755,0.03283855225701505,0.029788531923546156,0.010725904839365596,0.02326148840992273,0.018015453436356244,0.03629524196827979,0.021136640910939405,0.04765148434322895,0.06295241968279788,0.03766775111834079,0.013003253355022367,0.04538430256201708,0.04953233021553477,0.01755795038633591,0.03203538023586824,0.03175071167141114,0.04846482309882066,0.009566897112647417,0.01909312728751525,0.02782635217568117,0.015097600650671004,0.01060390402602684,0.014558763725091501,0.008509556730378202,0.009282228548190321,0.0032533550223668157,0.0025213501423342823,0.014436762911752745,0.01357259048393656,0.014599430662871086,0.004137860919072794,0.01584993899959333,0.02675884505896706,0.0013013420089467262,0.011549410329402196,0.01628710858072387,0.0020333468889792597,0.004188694591297276,5.0833672224481496e-05,3.05002033346889e-05,0.0006608377389182594,0.0005185034566897112,0.0,0.0,0.0,0.0,0.0,0.0,0.0,0.0,0.0,0.0,0.0,0.0,0.0,0.0,0.0,0.0,0.0,0.0,0.0,0.0,0.0,0.0,0.0,0.0,0.0,0.0,0.0,0.0,0.0,0.0,0.0,nan,nan,4.313556618819777,2.9684558433105015,nan,0.9093282139104493,0.02322723028346483,0.0,0.0,0.0,0.0,0.0,0.0,0.0,0.0,0.0,0.0,0.0,0.0,0.0,0.0,0.0,0.0,0.0,0.0,0.0,0.0,0.0,0.0,0.0,0.0,0.0,0.813679245283019,9.66981132075472,14.94103773584906,4.363207547169812,0.21226415094339626,0.9092973520902394,0.022328809634995395,0.0,0.0,0.0,0.0,0.0,0.0,0.0,0.0,0.0,0.0,0.0,0.0,0.0,0.0,0.0,0.0,0.0,0.0,0.0,0.0,0.0,0.0,0.0,0.0,0.025273799494524015,0.8087615838247685,9.250210614995789,15.682392586352151,4.094355518112891,0.13900589721988207,0.3853,0.02309,0.0,0.0,0.0,0.0,0.0,0.0,0.0,0.0,0.0,0.3773584905660378,5.978773584905662,15.801886792452807,7.299528301886794,0.5424528301886793,0.0,0.0,0.0,0.0,0.0,0.0,0.0,0.0,0.0,0.0,0.0,0.0,0.0,0.0,0.0,0.0,0.3845,0.02258,0.0,0.0,0.0,0.0,0.0,0.0,0.0,0.0,0.0,0.36647009267059827,5.7750631844987375,16.54170176916594,6.748104465037912,0.5560235888795283,0.012636899747262008,0.0,0.0,0.0,0.0,0.0,0.0,0.0,0.0,0.0,0.0,0.0,0.0,0.0,0.0,0.0
34600,4900,2534,0.5171428571428571,1195,1024,0.45285714285714285,1360,0.5551020408163265,0.434,2.9501267962806423,3.1101308951724422,6.699186991869919,2.121262698625221,9321.375720037004,1418.92592022338,7853.0,10759.710143089294,10692.400563607463,18.193454803255193,7853.0,0.0,27.76,20.79048919136648,32.77693807898586,19.004675566916994,0.14408163265306123,0.09795918367346938,0.09285714285714286,0.08693877551020408,0.08244897959183674,0.06938775510204082,0.06571428571428571,0.07387755102040816,0.05897959183673469,0.05285714285714286,0.047142857142857146,0.034489795918367344,0.031020408163265307,0.027142857142857142,0.017551020408163264,0.011224489795918367,0.006326530612244898,0.9098579537746858,0.023152441525707328,0.0,0.0,0.0,0.0,0.0,0.0,0.0,0.0,0.0,0.0,0.0,0.0,0.0,0.0,0.0,0.0,0.0,0.0,0.0,0.0,0.0,0.0,0.0,0.0,0.012244897959183676,0.8571428571428573,9.189795918367349,15.202040816326534,4.5244897959183685,0.21428571428571433,4.256043256997455,2.868119334548826,nan,nan,nan,4.252063492063492,2.833913754963607,4.260038240917782,2.9020447723752176,1.0018755008877867,0.3853,0.0228,0.0,0.0,0.0,0.0,0.0,0.0,0.0,0.0,0.0,0.33061224489795926,5.73061224489796,16.218367346938752,7.206122448979594,0.5020408163265307,0.012244897959183676,0.0,0.0,0.0,0.0,0.0,0.0,0.0,0.0,0.0,0.0,0.0,0.0,0.0,0.0,0.0,nan,nan,4.256043256997455,2.868119334548826,nan,0.3855,0.11096,0.0,0.0,0.0,0.0,0.0,0.0,0.0,0.0,0.0,0.0,0.0,0.0,0.0,0.0,4.0816326530612245e-05,0.0,0.0003877551020408163,0.0002653061224489796,0.00023469387755102041,0.0030306122448979594,0.00976530612244898,0.017295918367346938,0.015306122448979591,0.03033673469387755,0.05216326530612245,0.023724489795918367,0.02264285714285714,0.01979591836734694,0.03274489795918367,0.02953061224489796,0.011081632653061224,0.02136734693877551,0.0193265306122449,0.03866326530612245,0.021020408163265305,0.0463265306122449,0.05994897959183673,0.03746938775510204,0.014724489795918368,0.04361224489795918,0.05127551020408163,0.018775510204081632,0.029040816326530612,0.03270408163265306,0.0488265306122449,0.010785714285714286,0.018683673469387756,0.026653061224489797,0.015295918367346938,0.010418367346938776,0.0165,0.009142857142857144,0.009244897959183674,0.0036020408163265306,0.0030918367346938775,0.014826530612244898,0.012428571428571428,0.015948979591836734,0.0034693877551020408,0.015142857142857144,0.02636734693877551,0.0015612244897959184,0.011642857142857142,0.015418367346938775,0.001846938775510204,0.0048877551020408165,0.00010204081632653062,9.183673469387755e-05,0.0006428571428571428,0.0007755102040816326,0.0,0.0,0.0,0.0,0.0,0.0,0.0,0.0,0.0,0.0,0.0,0.0,0.0,0.0,0.0,0.0,0.0,0.0,0.0,0.0,0.0,0.0,0.0,0.0,0.0,0.0,0.0,0.0,0.0,0.0,0.0,nan,nan,4.256043256997455,2.868119334548826,nan,0.9096009490898301,0.023225298588482365,0.0,0.0,0.0,0.0,0.0,0.0,0.0,0.0,0.0,0.0,0.0,0.0,0.0,0.0,0.0,0.0,0.0,0.0,0.0,0.0,0.0,0.0,0.0,0.0,0.011838989739542229,0.828729281767956,9.340962904498818,15.130228887134967,4.510655090765589,0.17758484609313344,0.9101332073129039,0.023070981157397707,0.0,0.0,0.0,0.0,0.0,0.0,0.0,0.0,0.0,0.0,0.0,0.0,0.0,0.0,0.0,0.0,0.0,0.0,0.0,0.0,0.0,0.0,0.0,0.0,0.012679628064243453,0.8875739644970416,9.027895181741338,15.27895181741336,4.539306846999155,0.253592561284869,0.3853,0.02274,0.0,0.0,0.0,0.0,0.0,0.0,0.0,0.0,0.0,0.3314917127071824,5.635359116022101,16.38516179952642,7.150749802683506,0.47355958958168914,0.023677979479084458,0.0,0.0,0.0,0.0,0.0,0.0,0.0,0.0,0.0,0.0,0.0,0.0,0.0,0.0,0.0,0.3855,0.02287,0.0,0.0,0.0,0.0,0.0,0.0,0.0,0.0,0.0,0.3296703296703298,5.832628909551988,16.03972950126794,7.265426880811498,0.5325443786982249,0.0,0.0,0.0,0.0,0.0,0.0,0.0,0.0,0.0,0.0,0.0,0.0,0.0,0.0,0.0,0.0
34700,4851,2504,0.5161822304679448,1210,970,0.44939187796330654,1383,0.5701917130488559,0.38999999999999996,2.910097997443545,2.978979808203204,6.2439024390243905,2.0844909942171808,9318.355272620911,1418.7302308990525,7853.0,10747.09976363182,10691.833237813113,17.731451154967875,7853.0,0.0,28.856524427952998,20.942776926203376,33.47149758454106,19.185225021091036,0.12945784374355804,0.09565038136466708,0.09193980622552052,0.08719851576994433,0.07750979179550609,0.07050092764378478,0.06720263863121007,0.06843949701092558,0.06101834673263245,0.05916305916305916,0.05400948258091115,0.04184704184704185,0.03607503607503607,0.023088023088023088,0.01834673263244692,0.012368583797155226,0.006184291898577613,0.9090260408067674,0.022809124866034453,0.0,0.0,0.0,0.0,0.0,0.0,0.0,0.0,0.0,0.0,0.0,0.0,0.0,0.0,0.0,0.0,0.0,0.0,0.0,0.0,0.0,0.0,0.0,0.0,0.012368583797155228,0.977118119975263,9.529993815708103,15.071119356833645,4.2733457019171315,0.1360544217687075,4.116504854368932,2.765309020481824,nan,nan,nan,4.0715166461159065,2.756866113917787,4.161783439490446,2.7737287793936485,1.0221703117585559,0.386,0.02222,0.0,0.0,0.0,0.0,0.0,0.0,0.0,0.0,0.0,0.2226345083487941,5.67717996289425,16.02968460111315,7.612863327149043,0.45763760049474345,0.0,0.0,0.0,0.0,0.0,0.0,0.0,0.0,0.0,0.0,0.0,0.0,0.0,0.0,0.0,0.0,nan,nan,4.116504854368932,2.765309020481824,nan,0.386,0.11115,0.0,0.0,0.0,0.0,0.0,0.0,0.0,0.0,0.0,0.0,0.0,0.0,0.0,0.0,4.1228612657184085e-05,0.0,0.00046382189239332097,0.0007008864151721295,0.0003813646670789528,0.0036178107606679036,0.009163059163059163,0.0168418882704597,0.016254380540094825,0.029241393527107813,0.050989486703772416,0.022531436817151102,0.022912801484230055,0.021531642960214387,0.031818181818181815,0.028880643166357453,0.011420325706039992,0.022593279736136878,0.01948051948051948,0.037837559266130694,0.020964749536178107,0.048897134611420326,0.05856524427952999,0.03736343022057308,0.014821686250257678,0.040898783755926614,0.050577200577200575,0.017790146361574933,0.027808699237270664,0.03234384662956091,0.0497423211708926,0.011389404246547104,0.01821273964131107,0.026963512677798392,0.01468769325912183,0.011574933003504432,0.018367346938775512,0.00937950937950938,0.010770975056689343,0.003803339517625232,0.003061224489795918,0.015038136466707895,0.012935477221191507,0.014646464646464647,0.004504225932797362,0.016223459080601937,0.025499896928468355,0.001937744794887652,0.012069676355390642,0.014388785817357246,0.0021438878581735723,0.004349618635332921,0.0002370645227788085,0.00012368583797155226,0.0005359719645433931,0.0006802721088435374,0.0,0.0,0.0,0.0,0.0,0.0,0.0,0.0,0.0,0.0,0.0,0.0,0.0,0.0,0.0,0.0,0.0,0.0,0.0,0.0,0.0,0.0,0.0,0.0,0.0,0.0,0.0,0.0,0.0,0.0,0.0,nan,nan,4.116504854368932,2.765309020481824,nan,0.9086329280949248,0.023053428810826435,0.0,0.0,0.0,0.0,0.0,0.0,0.0,0.0,0.0,0.0,0.0,0.0,0.0,0.0,0.0,0.0,0.0,0.0,0.0,0.0,0.0,0.0,0.0,0.0,0.01198083067092652,1.0662939297124603,9.560702875399363,14.97603833865815,4.265175718849841,0.11980830670926519,0.9094454503638418,0.02253800098697733,0.0,0.0,0.0,0.0,0.0,0.0,0.0,0.0,0.0,0.0,0.0,0.0,0.0,0.0,0.0,0.0,0.0,0.0,0.0,0.0,0.0,0.0,0.0,0.0,0.012782275244993611,0.8819769919045592,9.497230507030253,15.172560715807418,4.28206220707286,0.15338730293992334,0.3853,0.02217,0.0,0.0,0.0,0.0,0.0,0.0,0.0,0.0,0.0,0.20367412140575084,5.834664536741215,16.40175718849838,7.0926517571884995,0.4672523961661343,0.0,0.0,0.0,0.0,0.0,0.0,0.0,0.0,0.0,0.0,0.0,0.0,0.0,0.0,0.0,0.0,0.3865,0.02225,0.0,0.0,0.0,0.0,0.0,0.0,0.0,0.0,0.0,0.2428632296548786,5.509160630592247,15.632722624627162,8.167873881550918,0.4473796335747764,0.0,0.0,0.0,0.0,0.0,0.0,0.0,0.0,0.0,0.0,0.0,0.0,0.0,0.0,0.0,0.0
34800,4811,2575,0.5352317605487424,1220,966,0.4543753897318645,1340,0.5570567449594679,0.40199999999999997,3.04695885509839,3.0721838567165682,6.41925925925926,2.166529783583648,9372.861809329292,1416.3506039303895,7853.0,10753.281620025635,10692.633073663388,18.29222775438967,7853.0,0.0,28.340885470796092,20.889525150960505,33.148721730580135,19.126853759767744,0.13614633132404905,0.09478278944086468,0.09374350446892538,0.08584493868218665,0.07836208688422365,0.07295780503013927,0.07191852005819996,0.07108709208064852,0.0577842444398254,0.055082103512783205,0.04905425067553523,0.037206401995427144,0.03491997505716067,0.021617127416337558,0.02120141342756184,0.011432134691332363,0.006859280814799418,0.9080671456939984,0.02282708982842763,0.0,0.0,0.0,0.0,0.0,0.0,0.0,0.0,0.0,0.0,0.0,0.0,0.0,0.0,0.0,0.0,0.0,0.0,0.0,0.0,0.0,0.0,0.0,0.0,0.0062357098316358365,1.1598420286842654,9.765121596341718,15.22760340885471,3.7040116399916863,0.13718561629598838,4.219256434699714,2.9244655219630618,nan,nan,nan,4.318354430379747,2.9582396965471216,4.11749680715198,2.886572227699172,0.9534874623039906,0.386,0.02368,0.0,0.0,0.0,0.0,0.0,0.0,0.0,0.0,0.0,0.39908542922469353,5.824152982747871,15.371024734982312,7.788401579713159,0.6110995635003119,0.0062357098316358365,0.0,0.0,0.0,0.0,0.0,0.0,0.0,0.0,0.0,0.0,0.0,0.0,0.0,0.0,0.0,nan,nan,4.219256434699714,2.9244655219630618,nan,0.386,0.1113,0.0,0.0,0.0,0.0,0.0,0.0,0.0,0.0,0.0,0.0,0.0,0.0,0.0,0.0,0.0,0.0,0.00047807108709208067,0.0008626065267096238,0.00031178549158179174,0.004240282685512367,0.009436707545208896,0.016628559551028894,0.01607773851590106,0.02916233631261692,0.05067553523176055,0.0233527333194762,0.021689877364373313,0.0226044481396799,0.031157763458740387,0.028902515069632092,0.013094990646435253,0.0223030554978175,0.0176678445229682,0.036562045312824774,0.021139056329245478,0.05120557056744959,0.05842860112242777,0.03651008106422781,0.017272916233631263,0.04063604240282685,0.048971107877780085,0.017013094990646436,0.025815838702972355,0.03250883392226148,0.04987528580336728,0.012024527125337768,0.018093951361463315,0.027541051756391603,0.014009561421741841,0.011161920598628144,0.01937227187694866,0.010133028476408231,0.009842028684265225,0.005009353564747454,0.003419247557680316,0.014726668052379963,0.013521097484930368,0.012991062149241322,0.005341924755768032,0.0158698815215132,0.02609644564539597,0.0019018914986489296,0.01083974225732696,0.014747453751818749,0.002203284140511328,0.004978175015589274,0.00016628559551028893,1.0392849719393058e-05,0.0008314279775514446,0.0005819995842860112,0.0,0.0,0.0,0.0,0.0,0.0,0.0,0.0,0.0,0.0,0.0,0.0,0.0,0.0,0.0,0.0,0.0,0.0,0.0,0.0,0.0,0.0,0.0,0.0,0.0,0.0,0.0,0.0,0.0,0.0,0.0,nan,nan,4.219256434699714,2.9244655219630618,nan,0.9085410385918848,0.022609814915641586,0.0,0.0,0.0,0.0,0.0,0.0,0.0,0.0,0.0,0.0,0.0,0.0,0.0,0.0,0.0,0.0,0.0,0.0,0.0,0.0,0.0,0.0,0.0,0.0,0.0,1.071844660194175,9.495145631067963,15.565048543689324,3.681553398058253,0.1864077669902913,0.9075214058853859,0.02306271048464808,0.0,0.0,0.0,0.0,0.0,0.0,0.0,0.0,0.0,0.0,0.0,0.0,0.0,0.0,0.0,0.0,0.0,0.0,0.0,0.0,0.0,0.0,0.0,0.0,0.01341681574239714,1.261180679785331,10.076028622540251,14.838998211091237,3.729874776386405,0.08050089445438284,0.3867,0.02347,0.0,0.0,0.0,0.0,0.0,0.0,0.0,0.0,0.0,0.337864077669903,5.638834951456312,15.168932038834928,8.21359223300971,0.6291262135922332,0.011650485436893206,0.0,0.0,0.0,0.0,0.0,0.0,0.0,0.0,0.0,0.0,0.0,0.0,0.0,0.0,0.0,0.385,0.02386,0.0,0.0,0.0,0.0,0.0,0.0,0.0,0.0,0.0,0.4695885509838999,6.037567084078714,15.603756708407849,7.298747763864045,0.5903398926654742,0.0,0.0,0.0,0.0,0.0,0.0,0.0,0.0,0.0,0.0,0.0,0.0,0.0,0.0,0.0,0.0
34900,4762,2420,0.508189836203276,1099,1012,0.44330113397732046,1364,0.5728685426291474,0.418,2.9359521776259605,3.1485016583837755,6.793103448275862,2.192662429451542,9295.161616743262,1418.785260037761,7853.0,10755.328854322433,10690.840338401411,17.595277620209245,7853.0,0.0,27.18122637547249,20.56704855525575,32.16859587317564,18.866248697093894,0.14300713985720287,0.10457790844183117,0.09764804703905922,0.08819823603527929,0.08021839563208735,0.07370852582948341,0.06866862662746745,0.06761864762704746,0.05501889962200756,0.051658966820663586,0.043049139017219656,0.04241915161696766,0.029609407811843763,0.022889542209155816,0.01490970180596388,0.011549769004619908,0.005249895002099958,0.9066990022271784,0.022673665049074723,0.0,0.0,0.0,0.0,0.0,0.0,0.0,0.0,0.0,0.0,0.0,0.0,0.0,0.0,0.0,0.0,0.0,0.0,0.0,0.0,0.0,0.0,0.0,0.0,0.018899622007559853,1.1024779504409914,10.640487190256199,14.710205795884086,3.4460310793784132,0.08189836203275937,4.392026578073089,2.916752428676561,nan,nan,nan,4.3430079155672825,2.879922753918745,4.4417670682730925,2.952823364156097,1.0227398049061374,0.3857,0.023,0.0,0.0,0.0,0.0,0.0,0.0,0.0,0.0,0.0,0.31499370012599753,5.871482570348594,15.680386392272133,7.597648047039061,0.5291894162116758,0.006299874002519951,0.0,0.0,0.0,0.0,0.0,0.0,0.0,0.0,0.0,0.0,0.0,0.0,0.0,0.0,0.0,nan,nan,4.392026578073089,2.916752428676561,nan,0.3857,0.1121,0.0,0.0,0.0,0.0,0.0,0.0,0.0,0.0,0.0,0.0,0.0,0.0,0.0,0.0,4.1999160016799665e-05,0.0,0.0007034859302813943,0.0006719865602687946,0.000125997480050399,0.004514909701805964,0.010961780764384713,0.015655186896262076,0.016852162956740864,0.028601427971440573,0.05152246955060899,0.025104997900042,0.01990760184796304,0.02341453170936581,0.03186686266274674,0.02874842503149937,0.012673246535069299,0.02386602267954641,0.01756614867702646,0.03532129357412852,0.01999160016799664,0.05205795884082318,0.057318353632927345,0.03419781604367913,0.016946661066778664,0.04167366652666947,0.05117597648047039,0.015182696346073079,0.027036959260814782,0.03279084418311634,0.050734985300293994,0.010951280974380513,0.017125157496850063,0.0253989920201596,0.012694246115077698,0.01122427551448971,0.018238135237295255,0.011938261234775304,0.008410331793364133,0.004514909701805964,0.0030554388912221756,0.016432171356572867,0.015539689206215875,0.013534229315413692,0.0052393952120957585,0.01500419991600168,0.02618647627047459,0.002152456950860983,0.010520789584208316,0.014804703905921882,0.0023204535909281815,0.0058168836623267535,0.0001469970600587988,0.0,0.0008084838303233935,0.0007139857202855943,0.0,0.0,0.0,0.0,0.0,0.0,0.0,0.0,0.0,0.0,0.0,0.0,0.0,0.0,0.0,0.0,0.0,0.0,0.0,0.0,0.0,0.0,0.0,0.0,0.0,0.0,0.0,0.0,0.0,0.0,0.0,nan,nan,4.392026578073089,2.916752428676561,nan,0.9066123509456303,0.02260814053607587,0.0,0.0,0.0,0.0,0.0,0.0,0.0,0.0,0.0,0.0,0.0,0.0,0.0,0.0,0.0,0.0,0.0,0.0,0.0,0.0,0.0,0.0,0.0,0.0,0.02479338842975207,1.1033057851239672,10.561983471074383,14.752066115702481,3.47107438016529,0.08677685950413226,0.9067885394181887,0.022740826665075407,0.0,0.0,0.0,0.0,0.0,0.0,0.0,0.0,0.0,0.0,0.0,0.0,0.0,0.0,0.0,0.0,0.0,0.0,0.0,0.0,0.0,0.0,0.0,0.0,0.01280956447480786,1.1016225448334758,10.721605465414179,14.666951323654999,3.4201537147736985,0.07685738684884715,0.3855,0.02275,0.0,0.0,0.0,0.0,0.0,0.0,0.0,0.0,0.0,0.38429752066115713,5.578512396694216,16.252066115702455,7.314049586776861,0.4586776859504133,0.012396694214876035,0.0,0.0,0.0,0.0,0.0,0.0,0.0,0.0,0.0,0.0,0.0,0.0,0.0,0.0,0.0,0.3862,0.02324,0.0,0.0,0.0,0.0,0.0,0.0,0.0,0.0,0.0,0.24338172502134933,6.174210076857388,15.089666951323633,7.8906917164816415,0.6020495303159693,0.0,0.0,0.0,0.0,0.0,0.0,0.0,0.0,0.0,0.0,0.0,0.0,0.0,0.0,0.0,0.0
35000,4720,2474,0.5241525423728813,1147,932,0.44046610169491524,1285,0.5444915254237288,0.43,3.02493321460374,3.1343189628104553,6.53858024691358,2.2378049119186745,9340.748512572782,1417.5988234579038,7853.0,10755.76558971405,10691.388431424226,18.214339246266803,7853.0,0.0,28.76334745762712,21.21918832569491,33.70223449661059,19.409684176915327,0.13326271186440677,0.1016949152542373,0.09173728813559322,0.08093220338983051,0.08093220338983051,0.06822033898305084,0.0646186440677966,0.06885593220338983,0.059957627118644066,0.05190677966101695,0.05127118644067796,0.042161016949152544,0.038135593220338986,0.028601694915254237,0.019915254237288134,0.011016949152542373,0.006779661016949152,0.9069597892336926,0.022964961388162425,0.0,0.0,0.0,0.0,0.0,0.0,0.0,0.0,0.0,0.0,0.0,0.0,0.0,0.0,0.0,0.0,0.0,0.0,0.0,0.0,0.0,0.0,0.0,0.0,0.006355932203389832,1.2711864406779663,10.20127118644068,14.73305084745763,3.629237288135594,0.15889830508474578,4.195066536838689,2.9085245007769123,nan,nan,nan,4.152553329023918,2.8988548899766946,4.237940026075619,2.917616310470831,1.0205624564662177,0.3867,0.02315,0.0,0.0,0.0,0.0,0.0,0.0,0.0,0.0,0.0,0.30508474576271194,5.427966101694917,15.737288135593198,7.881355932203391,0.6355932203389831,0.012711864406779664,0.0,0.0,0.0,0.0,0.0,0.0,0.0,0.0,0.0,0.0,0.0,0.0,0.0,0.0,0.0,nan,nan,4.195066536838689,2.9085245007769123,nan,0.3867,0.1122,0.0,0.0,0.0,0.0,0.0,0.0,0.0,0.0,0.0,0.0,0.0,0.0,0.0,0.0,8.474576271186441e-05,1.0593220338983052e-05,0.0005720338983050847,0.0007944915254237289,0.00020127118644067796,0.0042266949152542374,0.01135593220338983,0.015688559322033897,0.015741525423728815,0.028707627118644066,0.05001059322033898,0.02402542372881356,0.019216101694915253,0.024375,0.032245762711864405,0.028877118644067796,0.012648305084745763,0.022097457627118643,0.019025423728813558,0.034904661016949154,0.017065677966101696,0.05292372881355932,0.05838983050847458,0.035148305084745764,0.015709745762711863,0.043177966101694915,0.0506885593220339,0.014682203389830508,0.028802966101694916,0.03192796610169492,0.049470338983050845,0.011641949152542373,0.017171610169491525,0.0255614406779661,0.01361228813559322,0.010741525423728814,0.018781779661016948,0.012489406779661018,0.009661016949152543,0.005222457627118644,0.002542372881355932,0.016345338983050847,0.015709745762711863,0.01305084745762712,0.006133474576271186,0.014597457627118645,0.025889830508474578,0.0027754237288135594,0.010805084745762712,0.01503177966101695,0.0024046610169491524,0.004766949152542373,0.00033898305084745765,1.0593220338983052e-05,0.0008050847457627119,0.0011122881355932204,0.0,0.0,0.0,0.0,0.0,0.0,0.0,0.0,0.0,0.0,0.0,0.0,0.0,0.0,0.0,0.0,0.0,0.0,0.0,0.0,0.0,0.0,0.0,0.0,0.0,0.0,0.0,0.0,0.0,0.0,0.0,nan,nan,4.195066536838689,2.9085245007769123,nan,0.9067224726960268,0.02322345838250975,0.0,0.0,0.0,0.0,0.0,0.0,0.0,0.0,0.0,0.0,0.0,0.0,0.0,0.0,0.0,0.0,0.0,0.0,0.0,0.0,0.0,0.0,0.0,0.0,0.012126111560226357,1.3459983831851257,10.270816491511725,14.684721099434118,3.492320129345191,0.1940177849636217,0.9072211966754492,0.022673938405186153,0.0,0.0,0.0,0.0,0.0,0.0,0.0,0.0,0.0,0.0,0.0,0.0,0.0,0.0,0.0,0.0,0.0,0.0,0.0,0.0,0.0,0.0,0.0,0.0,0.0,1.1887800534283173,10.124666073018702,14.786286731967946,3.7800534283170086,0.12021371326803208,0.3865,0.02321,0.0,0.0,0.0,0.0,0.0,0.0,0.0,0.0,0.0,0.2789005658852062,5.650767987065483,15.727566693613557,7.724333063864189,0.5941794664510914,0.024252223120452714,0.0,0.0,0.0,0.0,0.0,0.0,0.0,0.0,0.0,0.0,0.0,0.0,0.0,0.0,0.0,0.3872,0.02304,0.0,0.0,0.0,0.0,0.0,0.0,0.0,0.0,0.0,0.3339269813000891,5.182546749777383,15.747996438112176,8.054318788958149,0.6812110418521817,0.0,0.0,0.0,0.0,0.0,0.0,0.0,0.0,0.0,0.0,0.0,0.0,0.0,0.0,0.0,0.0
35100,4822,2471,0.512442969722107,1199,977,0.4512650352550809,1336,0.5541269182911654,0.426,2.994470438111442,3.1683870276791044,6.711864406779661,2.3026475831629596,9307.388752657489,1418.6955889426692,7853.0,10772.370681405067,10691.147537561477,18.424813084450594,7853.0,0.0,28.00248859394442,20.719813061036422,32.78536345776031,18.992258838570983,0.1345914558274575,0.09829946080464537,0.09601824968892576,0.08730817088345084,0.07797594359187059,0.07942762339278307,0.07216922438822065,0.06387391124014932,0.054749066777270844,0.056200746578183323,0.04749066777270842,0.03815844048112816,0.03235172127747823,0.026752384902530072,0.01907922024056408,0.010369141435089175,0.0051845707175445874,0.9075127600486325,0.022987773607269252,0.0,0.0,0.0,0.0,0.0,0.0,0.0,0.0,0.0,0.0,0.0,0.0,0.0,0.0,0.0,0.0,0.0,0.0,0.0,0.0,0.0,0.0,0.0,0.0,0.0,1.1012028204064706,10.209456656988804,14.626710908336793,3.9133139776026553,0.14931563666528413,4.302728731942215,2.954199709702867,nan,nan,nan,4.163001293661061,2.9179069384886294,4.440407903123008,2.9831348911510958,1.0666362054425371,0.385,0.02379,0.0,0.0,0.0,0.0,0.0,0.0,0.0,0.0,0.0062214848610535065,0.49771878888428045,6.177934467026132,15.41061800082951,7.403566984653672,0.49771878888428045,0.0062214848610535065,0.0,0.0,0.0,0.0,0.0,0.0,0.0,0.0,0.0,0.0,0.0,0.0,0.0,0.0,0.0,nan,nan,4.302728731942215,2.954199709702867,nan,0.385,0.1112,0.0,0.0,0.0,0.0,0.0,0.0,0.0,0.0,0.0,0.0,0.0,0.0,0.0,0.0,7.258399004562422e-05,1.0369141435089174e-05,0.0004873496474491912,0.0009954375777685607,0.00022812111157196184,0.004230609705516383,0.012650352550808793,0.01457901285773538,0.015367067606802157,0.03014309415180423,0.04978224802986313,0.022304023226876815,0.020717544587308172,0.02474077146412277,0.032693902944836165,0.030982994608046453,0.014423475736209041,0.02264620489423476,0.018778515138946496,0.03226876814599751,0.01745126503525508,0.05519493985897968,0.05837826627955205,0.03566984653670676,0.016113645790128577,0.04284529240978847,0.04984446287847366,0.01519079220240564,0.02725010369141435,0.03142886768975529,0.05182496889257569,0.0109187059311489,0.017129821650767315,0.02792409788469515,0.013262131895479054,0.010908336789713811,0.017720862712567398,0.012639983409373704,0.009000414765657404,0.0057445043550394025,0.0033077561177934467,0.015429282455412693,0.015273745333886354,0.012961426793861468,0.00515346329323932,0.012100788054749068,0.023475736209041892,0.0033492326835338035,0.011333471588552468,0.01357320613853173,0.002498963085856491,0.0043343011198672746,0.0004355039402737453,0.0,0.0008191621733720448,0.001368726669431771,4.1476565740356696e-05,0.0,0.0,0.0,0.0,0.0,0.0,0.0,0.0,0.0,0.0,0.0,0.0,0.0,0.0,0.0,0.0,0.0,0.0,0.0,0.0,0.0,0.0,0.0,0.0,0.0,0.0,0.0,0.0,0.0,0.0,nan,nan,4.302728731942215,2.954199709702867,nan,0.9078141375381134,0.023044570947792442,0.0,0.0,0.0,0.0,0.0,0.0,0.0,0.0,0.0,0.0,0.0,0.0,0.0,0.0,0.0,0.0,0.0,0.0,0.0,0.0,0.0,0.0,0.0,0.0,0.0,1.0926750303520845,10.052610279239177,14.714690408741403,3.994334277620397,0.14569000404694457,0.9071959996162603,0.022923655220888597,0.0,0.0,0.0,0.0,0.0,0.0,0.0,0.0,0.0,0.0,0.0,0.0,0.0,0.0,0.0,0.0,0.0,0.0,0.0,0.0,0.0,0.0,0.0,0.0,0.0,1.1101658868566568,10.374308804763931,14.534240748617613,3.8281582305401964,0.15312632922160785,0.3848,0.02376,0.0,0.0,0.0,0.0,0.0,0.0,0.0,0.0,0.012140833670578716,0.5341966815054635,6.009712666936465,15.637393767705358,7.308781869688387,0.4856333468231486,0.012140833670578716,0.0,0.0,0.0,0.0,0.0,0.0,0.0,0.0,0.0,0.0,0.0,0.0,0.0,0.0,0.0,0.385,0.02383,0.0,0.0,0.0,0.0,0.0,0.0,0.0,0.0,0.0,0.4593789876648236,6.354742662696727,15.172267120374286,7.503190131858785,0.5104210974053596,0.0,0.0,0.0,0.0,0.0,0.0,0.0,0.0,0.0,0.0,0.0,0.0,0.0,0.0,0.0,0.0
35200,4899,2607,0.5321494182486222,1212,972,0.44580526638089407,1342,0.5478669116146152,0.39799999999999996,2.9760034904013963,3.0743889553054924,6.542113323124043,2.184482334174788,9363.176530086086,1416.0652020006326,7853.0,10758.695111393929,10690.880637089274,18.034346175549967,7853.0,0.0,28.119208001632988,20.812395925344735,32.95595353339787,19.067249811608548,0.13717085119412126,0.0969585629720351,0.09410083690549091,0.09022249438660951,0.07797509695856297,0.07552561747295367,0.07062665850173505,0.06225760359256991,0.05756276791181874,0.05307205552153501,0.0491937130026536,0.04102878138395591,0.03388446621759543,0.027352520922637274,0.01490100020412329,0.010818534394774443,0.007348438456827924,0.907267854076961,0.023106304756053905,0.0,0.0,0.0,0.0,0.0,0.0,0.0,0.0,0.0,0.0,0.0,0.0,0.0,0.0,0.0,0.0,0.0,0.0,0.0,0.0,0.0,0.0,0.0,0.0,0.012247397428046543,1.1328842620943052,10.244947948560934,14.703000612369875,3.7783221065523582,0.12859767299448868,4.195129664769134,2.9064371074119912,nan,nan,nan,4.200887198986059,2.9170317089600197,4.191408717624763,2.8956371606897617,0.9977436953404549,0.385,0.02327,0.0,0.0,0.0,0.0,0.0,0.0,0.0,0.0,0.006123698714023271,0.34905082669932647,6.148193508879364,15.958358848744618,6.901408450704227,0.6246172688303736,0.012247397428046543,0.0,0.0,0.0,0.0,0.0,0.0,0.0,0.0,0.0,0.0,0.0,0.0,0.0,0.0,0.0,nan,nan,4.195129664769134,2.9064371074119912,nan,0.385,0.11115,0.0,0.0,0.0,0.0,0.0,0.0,0.0,0.0,0.0,0.0,0.0,0.0,0.0,2.0412329046744232e-05,6.12369871402327e-05,1.0206164523372116e-05,0.00028577260665441925,0.0008981424780567463,0.00019391712594407022,0.0046233925290875685,0.012696468667074913,0.014104919371300265,0.0133598693610941,0.030965503163911,0.05068381302306593,0.02333129210042866,0.021004286589099818,0.022933251684017147,0.03215962441314554,0.030067360685854257,0.013237395386813636,0.02338232292304552,0.02038171055317412,0.03204735660338845,0.01957542355582772,0.05566442131047152,0.05852214737701572,0.03618085323535415,0.015615431720759338,0.044325372525005104,0.04961216574811186,0.015064298836497245,0.026454378444580526,0.03313941620738926,0.051122678097570935,0.010818534394774443,0.01591141049193713,0.028669116146152276,0.013125127577056542,0.011002245356195142,0.016074709124311085,0.012910798122065728,0.008083282302510717,0.005644008981424781,0.0038783425188814043,0.013165952235150031,0.015084711165543989,0.01180853235354154,0.005572565829761175,0.011461522759746887,0.026015513370075526,0.00419473361910594,0.012288222086140029,0.012614819350887936,0.002704633598693611,0.00472545417432129,0.0005103082261686059,2.0412329046744232e-05,0.0010002041232904674,0.0009593794651969789,3.061849357011635e-05,0.0,0.0,0.0,0.0,0.0,0.0,0.0,0.0,0.0,0.0,0.0,0.0,0.0,0.0,0.0,0.0,0.0,0.0,0.0,0.0,0.0,0.0,0.0,0.0,0.0,0.0,0.0,0.0,0.0,0.0,nan,nan,4.195129664769134,2.9064371074119912,nan,0.907428232586425,0.023313068087000077,0.0,0.0,0.0,0.0,0.0,0.0,0.0,0.0,0.0,0.0,0.0,0.0,0.0,0.0,0.0,0.0,0.0,0.0,0.0,0.0,0.0,0.0,0.0,0.0,0.011507479861910244,1.1737629459148449,10.172612197928656,14.66052934407365,3.8434982738780215,0.13808975834292292,0.9070854340184213,0.022867485417173355,0.0,0.0,0.0,0.0,0.0,0.0,0.0,0.0,0.0,0.0,0.0,0.0,0.0,0.0,0.0,0.0,0.0,0.0,0.0,0.0,0.0,0.0,0.0,0.0,0.013089005235602098,1.086387434554974,10.327225130890055,14.751308900523563,3.7041884816753936,0.11780104712041888,0.3848,0.02327,0.0,0.0,0.0,0.0,0.0,0.0,0.0,0.0,0.0,0.32220943613348685,6.352128883774455,15.89182968929802,6.777905638665134,0.6444188722669737,0.011507479861910244,0.0,0.0,0.0,0.0,0.0,0.0,0.0,0.0,0.0,0.0,0.0,0.0,0.0,0.0,0.0,0.3853,0.02328,0.0,0.0,0.0,0.0,0.0,0.0,0.0,0.0,0.013089005235602098,0.37958115183246083,5.916230366492148,16.034031413612542,7.041884816753928,0.6020942408376965,0.013089005235602098,0.0,0.0,0.0,0.0,0.0,0.0,0.0,0.0,0.0,0.0,0.0,0.0,0.0,0.0,0.0
35300,4819,2469,0.5123469599501972,1158,969,0.4413778792280556,1366,0.5669225980493878,0.414,3.040851063829787,3.141085210077395,6.665689149560118,2.006505959946699,9306.749213680263,1418.3422836458735,7853.0,10766.11637699604,10690.431130305868,18.126147782492954,7853.0,0.0,28.194231168292177,21.007020633115904,33.135635018495684,19.231508009143557,0.13944801826105002,0.09317285743930276,0.09690807221415232,0.09006017846026146,0.0774019506121602,0.07408175970118282,0.06785640174310023,0.06183855571695372,0.05644324548661548,0.056858269350487656,0.046482672753683334,0.043162481842705956,0.03382444490558207,0.026146503423946876,0.017431002282631253,0.010375596596804317,0.008507989209379539,0.9081731064113301,0.023057911280594107,0.0,0.0,0.0,0.0,0.0,0.0,0.0,0.0,0.0,0.0,0.0,0.0,0.0,0.0,0.0,0.0,0.0,0.0,0.0,0.0,0.0,0.0,0.0,0.0,0.024901431832330366,1.0085079892093798,10.010375596596806,14.915957667565888,3.8534965760531237,0.18676073874247773,4.372316565203461,2.9143145234679317,nan,nan,nan,4.338471419396275,2.8971477970109185,4.408189379398593,2.930586945281428,1.0160697059546422,0.384,0.02328,0.0,0.0,0.0,0.0,0.0,0.0,0.0,0.0,0.0,0.4731272048142769,6.368541191118491,15.563394895206454,7.072006640381823,0.5167047105208551,0.0062253579580825915,0.0,0.0,0.0,0.0,0.0,0.0,0.0,0.0,0.0,0.0,0.0,0.0,0.0,0.0,0.0,nan,nan,4.372316565203461,2.9143145234679317,nan,0.384,0.1113,0.0,0.0,0.0,0.0,0.0,0.0,0.0,0.0,0.0,0.0,0.0,0.0,0.0,3.112678979041295e-05,3.112678979041295e-05,0.00011413156256484748,0.00021788752853289065,0.0006847893753890848,0.0001348827557584561,0.004388877360448226,0.01341564639966798,0.01548039012243204,0.012730857024278897,0.030307117659265408,0.05283253787092758,0.023978003735214776,0.020782319983399047,0.02218302552396763,0.03213322266030297,0.03141730649512347,0.0127412326208757,0.02459016393442623,0.021944386802241127,0.0300477277443453,0.019838140693089854,0.057895829010168084,0.05796845818634572,0.03489313135505292,0.015283253787092757,0.043888773604482255,0.0488068063913675,0.01626893546378917,0.024559037144635816,0.03472712180950405,0.049055820709690806,0.010468976966175556,0.016227433077401952,0.02915542643702013,0.011693297364598464,0.010510479352562772,0.015221000207511931,0.012564847478730027,0.007989209379539324,0.005758456111226396,0.00401535588296327,0.014307947706993153,0.015687902054368125,0.012346959950197136,0.005540568582693505,0.011693297364598464,0.024455281178667774,0.00500103755965968,0.011527287819049596,0.012678979041294874,0.0021269973023448846,0.0051462959120149405,0.000591409006017846,1.0375596596804316e-05,0.0013177007677941481,0.000591409006017846,0.0,0.0,0.0,0.0,0.0,0.0,0.0,0.0,0.0,0.0,0.0,0.0,0.0,0.0,0.0,0.0,0.0,0.0,0.0,0.0,0.0,0.0,0.0,0.0,0.0,0.0,0.0,0.0,0.0,0.0,0.0,nan,nan,4.372316565203461,2.9143145234679317,nan,0.9079160299944269,0.023032841332031765,0.0,0.0,0.0,0.0,0.0,0.0,0.0,0.0,0.0,0.0,0.0,0.0,0.0,0.0,0.0,0.0,0.0,0.0,0.0,0.0,0.0,0.0,0.0,0.0,0.0,1.0328068043742407,10.145808019441072,14.835965978128801,3.7910085054678015,0.1944106925880924,0.9084432007404084,0.023081137142273896,0.0,0.0,0.0,0.0,0.0,0.0,0.0,0.0,0.0,0.0,0.0,0.0,0.0,0.0,0.0,0.0,0.0,0.0,0.0,0.0,0.0,0.0,0.0,0.0,0.051063829787234054,0.9829787234042555,9.86808510638298,15.000000000000004,3.9191489361702136,0.17872340425531918,0.3835,0.02313,0.0,0.0,0.0,0.0,0.0,0.0,0.0,0.0,0.0,0.4495747266099636,6.549210206561362,15.88092345078977,6.634264884568653,0.48602673147023095,0.0,0.0,0.0,0.0,0.0,0.0,0.0,0.0,0.0,0.0,0.0,0.0,0.0,0.0,0.0,0.0,0.3848,0.02342,0.0,0.0,0.0,0.0,0.0,0.0,0.0,0.0,0.0,0.497872340425532,6.1787234042553205,15.229787234042531,7.531914893617023,0.5489361702127661,0.012765957446808513,0.0,0.0,0.0,0.0,0.0,0.0,0.0,0.0,0.0,0.0,0.0,0.0,0.0,0.0,0.0
35400,4727,2425,0.5130103659826528,1191,989,0.46118045271842606,1363,0.5766871165644172,0.38199999999999995,2.894874022589053,2.9789705679017855,6.294814814814814,2.0570859834932094,9309.499631594523,1419.1381336740044,7853.0,10749.184476733208,10692.12319940095,17.78811964143067,7853.0,0.0,28.97101755870531,20.836205437536655,33.48456408989874,19.085884877180277,0.12333403850222129,0.0954093505394542,0.094986249206685,0.08419716522107044,0.07785064522953247,0.07319653056907129,0.07065792257245611,0.07383118256822509,0.058176433255764756,0.05690712925745716,0.05013750793314999,0.046329595938227205,0.03194415062407446,0.024751427966998096,0.019885762640152318,0.010789083985614555,0.007615823989845568,0.9086427920611636,0.022834822837579056,0.0,0.0,0.0,0.0,0.0,0.0,0.0,0.0,0.0,0.0,0.0,0.0,0.0,0.0,0.0,0.0,0.0,0.0,0.0,0.0,0.0,0.0,0.0,0.0,0.03173259995768987,0.9202453987730064,9.58324518722234,15.364924899513436,3.903109794795854,0.19674211973767722,4.0663507109004735,2.8004776364623445,nan,nan,nan,4.074213836477988,2.792087063132244,4.058412698412698,2.808900370251227,0.9961216718857965,0.3855,0.02275,0.0,0.0,0.0,0.0,0.0,0.0,0.0,0.0,0.0,0.3300190395599747,5.832451872223399,15.93611169875183,7.400042310133278,0.5013750793314999,0.0,0.0,0.0,0.0,0.0,0.0,0.0,0.0,0.0,0.0,0.0,0.0,0.0,0.0,0.0,0.0,nan,nan,4.0663507109004735,2.8004776364623445,nan,0.3855,0.1111,0.0,0.0,0.0,0.0,0.0,0.0,0.0,0.0,0.0,0.0,0.0,0.0,0.0,2.115506663845991e-05,2.115506663845991e-05,0.00011635286651152951,0.00014808546646921937,0.0005923418658768775,0.00015866299978844933,0.004347366194203512,0.012587264649883648,0.013972921514702771,0.013581552781891264,0.02863338269515549,0.05108948593188069,0.024275438967632748,0.019314575840913898,0.022836894436217475,0.03305479162259361,0.03130949862492067,0.013708483181722022,0.021504125237994498,0.022371482970171355,0.02925745716099006,0.020044425639940765,0.058684154855087795,0.057742754389676326,0.03593188068542416,0.015316268246244975,0.04317749100909668,0.04988364713348847,0.01639517664480643,0.024899513433467316,0.03716945208377406,0.0488682039348424,0.011286228051618363,0.015940342712079544,0.027977575629363233,0.01210069811719907,0.009911148720118468,0.01610958324518722,0.012470911783372118,0.009202453987730062,0.0049714406600380795,0.003638671461815105,0.013761370848318173,0.018383752908821663,0.012248783583668288,0.0055743600592341866,0.011709329384387561,0.025089909033213453,0.004929130526761159,0.011032367251956844,0.011518933784641422,0.0022741696636344403,0.006536915591284113,0.0007298497990268669,6.346519991537973e-05,0.0010683308652422255,0.0004548339327268881,0.0,0.0,0.0,0.0,0.0,0.0,0.0,0.0,0.0,0.0,0.0,0.0,0.0,0.0,0.0,0.0,0.0,0.0,0.0,0.0,0.0,0.0,0.0,0.0,0.0,0.0,0.0,0.0,0.0,0.0,0.0,nan,nan,4.0663507109004735,2.8004776364623445,nan,0.9086201572418213,0.02282190190247203,0.0,0.0,0.0,0.0,0.0,0.0,0.0,0.0,0.0,0.0,0.0,0.0,0.0,0.0,0.0,0.0,0.0,0.0,0.0,0.0,0.0,0.0,0.0,0.0,0.04948453608247424,0.8536082474226806,9.736082474226805,15.402061855670105,3.7731958762886606,0.18556701030927839,0.9086666362996105,0.02284840200615499,0.0,0.0,0.0,0.0,0.0,0.0,0.0,0.0,0.0,0.0,0.0,0.0,0.0,0.0,0.0,0.0,0.0,0.0,0.0,0.0,0.0,0.0,0.0,0.0,0.013032145960034755,0.9904430929626413,9.422241529105127,15.325803649000871,4.039965247610774,0.20851433536055608,0.3857,0.02261,0.0,0.0,0.0,0.0,0.0,0.0,0.0,0.0,0.0,0.28453608247422685,5.826804123711342,15.884536082474202,7.546391752577321,0.4577319587628867,0.0,0.0,0.0,0.0,0.0,0.0,0.0,0.0,0.0,0.0,0.0,0.0,0.0,0.0,0.0,0.0,0.3853,0.0229,0.0,0.0,0.0,0.0,0.0,0.0,0.0,0.0,0.0,0.3779322328410079,5.83840139009557,15.99044309296262,7.245873153779324,0.5473501303214597,0.0,0.0,0.0,0.0,0.0,0.0,0.0,0.0,0.0,0.0,0.0,0.0,0.0,0.0,0.0,0.0
35500,4280,2256,0.5271028037383177,1054,859,0.4469626168224299,1171,0.547196261682243,0.434,3.0148221343873516,3.1311544405249574,6.6869409660107335,2.098732332715677,9349.388767689801,1417.4194226907507,7853.0,10745.733553886414,10691.893584092353,17.88955605897611,7853.0,0.0,27.93551401869159,21.13785527602941,33.20123664980326,19.299872537847538,0.1485981308411215,0.09742990654205608,0.09018691588785047,0.08130841121495327,0.07757009345794393,0.08364485981308412,0.07009345794392523,0.0602803738317757,0.058878504672897194,0.049766355140186916,0.04579439252336449,0.03761682242990654,0.033177570093457946,0.025934579439252335,0.02032710280373832,0.011214953271028037,0.008177570093457943,0.9085154664154365,0.02265922986476562,0.0,0.0,0.0,0.0,0.0,0.0,0.0,0.0,0.0,0.0,0.0,0.0,0.0,0.0,0.0,0.0,0.0,0.0,0.0,0.0,0.0,0.0,0.0,0.0,0.021028037383177572,1.1285046728971966,9.266355140186917,15.651869158878508,3.778037383177571,0.15420560747663553,4.286647314949202,2.9360348534731653,nan,nan,nan,4.298540145985402,2.9071893116279464,4.274891774891775,2.9642246666354786,0.9944985110548025,0.3857,0.0233,0.0,0.0,0.0,0.0,0.0,0.0,0.0,0.0,0.0,0.3925233644859814,6.1051401869158894,15.210280373831754,7.7523364485981325,0.5327102803738318,0.007009345794392525,0.0,0.0,0.0,0.0,0.0,0.0,0.0,0.0,0.0,0.0,0.0,0.0,0.0,0.0,0.0,nan,nan,4.286647314949202,2.9360348534731653,nan,0.3857,0.11084,0.0,0.0,0.0,0.0,0.0,0.0,0.0,0.0,0.0,0.0,0.0,0.0,0.0,0.0,3.504672897196262e-05,0.0002570093457943925,0.00011682242990654206,0.0006892523364485982,0.00014018691588785047,0.004357476635514019,0.013551401869158878,0.013095794392523364,0.012955607476635513,0.02705607476635514,0.05149532710280374,0.025735981308411215,0.019707943925233645,0.022570093457943925,0.03266355140186916,0.030198598130841123,0.014264018691588784,0.02098130841121495,0.0227803738317757,0.03022196261682243,0.01723130841121495,0.05672897196261682,0.05851635514018692,0.035607476635514015,0.015572429906542055,0.04494158878504673,0.050397196261682244,0.015735981308411216,0.028341121495327103,0.037546728971962616,0.04667056074766355,0.010992990654205607,0.01766355140186916,0.02836448598130841,0.010817757009345794,0.010011682242990655,0.01614485981308411,0.013271028037383177,0.008422897196261683,0.004077102803738318,0.004322429906542056,0.01391355140186916,0.01832943925233645,0.013130841121495327,0.004030373831775701,0.013457943925233645,0.02613317757009346,0.004941588785046729,0.011355140186915889,0.010210280373831775,0.0022663551401869157,0.006144859813084112,0.0006308411214953271,2.336448598130841e-05,0.0008294392523364486,0.00035046728971962614,0.0,0.0,0.0,0.0,0.0,0.0,0.0,0.0,0.0,0.0,0.0,0.0,0.0,0.0,0.0,0.0,0.0,0.0,0.0,0.0,0.0,0.0,0.0,0.0,0.0,0.0,0.0,0.0,0.0,0.0,0.0,nan,nan,4.286647314949202,2.9360348534731653,nan,0.9081267923222366,0.022659616485237576,0.0,0.0,0.0,0.0,0.0,0.0,0.0,0.0,0.0,0.0,0.0,0.0,0.0,0.0,0.0,0.0,0.0,0.0,0.0,0.0,0.0,0.0,0.0,0.0,0.02659574468085107,1.143617021276596,9.614361702127662,15.345744680851068,3.6835106382978733,0.1861702127659575,0.9089486920845368,0.022650940387495776,0.0,0.0,0.0,0.0,0.0,0.0,0.0,0.0,0.0,0.0,0.0,0.0,0.0,0.0,0.0,0.0,0.0,0.0,0.0,0.0,0.0,0.0,0.0,0.0,0.014822134387351782,1.1116600790513835,8.878458498023717,15.993083003952572,3.883399209486167,0.11857707509881425,0.386,0.02332,0.0,0.0,0.0,0.0,0.0,0.0,0.0,0.0,0.0,0.38563829787234055,5.9441489361702144,15.465425531914871,7.606382978723406,0.5984042553191491,0.0,0.0,0.0,0.0,0.0,0.0,0.0,0.0,0.0,0.0,0.0,0.0,0.0,0.0,0.0,0.0,0.3857,0.02327,0.0,0.0,0.0,0.0,0.0,0.0,0.0,0.0,0.0,0.40019762845849816,6.284584980237156,14.925889328063219,7.915019762845851,0.45948616600790526,0.014822134387351782,0.0,0.0,0.0,0.0,0.0,0.0,0.0,0.0,0.0,0.0,0.0,0.0,0.0,0.0,0.0
35600,4520,2311,0.511283185840708,1111,929,0.45132743362831856,1285,0.5685840707964602,0.41,2.996831145314622,3.1753476776104836,6.792604501607717,2.1623220446851814,9304.63068717051,1419.2916719185844,7853.0,10764.198948144913,10692.191131982128,17.884025781804084,7853.0,0.0,27.7429203539823,20.656831957388345,32.61016056857068,18.93543182822097,0.13628318584070798,0.1002212389380531,0.09601769911504425,0.0913716814159292,0.07787610619469026,0.07809734513274336,0.06880530973451328,0.06482300884955752,0.05929203539823009,0.050221238938053095,0.047345132743362835,0.03650442477876106,0.03805309734513274,0.023893805309734513,0.013053097345132743,0.010176991150442478,0.007964601769911504,0.9081334574692017,0.0226635379686923,0.0,0.0,0.0,0.0,0.0,0.0,0.0,0.0,0.0,0.0,0.0,0.0,0.0,0.0,0.0,0.0,0.0,0.0,0.0,0.0,0.0,0.0,0.0,0.0,0.019911504424778764,1.101769911504425,9.42477876106195,15.590707964601773,3.6969026548672574,0.16592920353982304,4.303040655961736,2.9914011225231185,nan,nan,nan,4.324965132496513,2.971572219591155,4.281982585398526,3.0101731209432194,0.9900617587006589,0.3857,0.0235,0.0,0.0,0.0,0.0,0.0,0.0,0.0,0.0,0.0,0.4048672566371682,5.880530973451329,15.464601769911482,7.652654867256639,0.59070796460177,0.006637168141592922,0.0,0.0,0.0,0.0,0.0,0.0,0.0,0.0,0.0,0.0,0.0,0.0,0.0,0.0,0.0,nan,nan,4.303040655961736,2.9914011225231185,nan,0.386,0.1111,0.0,0.0,0.0,0.0,0.0,0.0,0.0,0.0,0.0,0.0,0.0,0.0,0.0,0.0,1.1061946902654867e-05,0.0002433628318584071,5.5309734513274336e-05,0.0006194690265486725,8.849557522123894e-05,0.005011061946902655,0.015055309734513274,0.011438053097345132,0.01334070796460177,0.02769911504424779,0.05212389380530973,0.026017699115044247,0.02061946902654867,0.020387168141592922,0.031006637168141594,0.02918141592920354,0.01452433628318584,0.02163716814159292,0.02338495575221239,0.03051991150442478,0.016460176991150443,0.05795353982300885,0.05867256637168142,0.03386061946902655,0.017101769911504423,0.04618362831858407,0.04762168141592921,0.016769911504424778,0.027212389380530975,0.037079646017699114,0.045,0.011128318584070797,0.01984513274336283,0.028064159292035398,0.008926991150442478,0.0109070796460177,0.017378318584070795,0.015519911504424779,0.009446902654867256,0.003351769911504425,0.004358407079646018,0.012820796460176991,0.017577433628318585,0.013738938053097345,0.0037168141592920354,0.012599557522123894,0.02741150442477876,0.004269911504424778,0.010353982300884955,0.011006637168141592,0.002157079646017699,0.005519911504424779,0.0010398230088495574,0.0,0.001404867256637168,0.000575221238938053,0.0,0.0,0.0,0.0,0.0,0.0,0.0,0.0,0.0,0.0,0.0,0.0,0.0,0.0,0.0,0.0,0.0,0.0,0.0,0.0,0.0,0.0,0.0,0.0,0.0,0.0,0.0,0.0,0.0,0.0,0.0,nan,nan,4.303040655961736,2.9914011225231185,nan,0.908220252837004,0.022329508160866294,0.0,0.0,0.0,0.0,0.0,0.0,0.0,0.0,0.0,0.0,0.0,0.0,0.0,0.0,0.0,0.0,0.0,0.0,0.0,0.0,0.0,0.0,0.0,0.0,0.01298139333621809,0.9476417135439206,9.72306360882735,15.356988316746001,3.7905668541756823,0.16875811337083518,0.9080426543478839,0.023007451104652556,0.0,0.0,0.0,0.0,0.0,0.0,0.0,0.0,0.0,0.0,0.0,0.0,0.0,0.0,0.0,0.0,0.0,0.0,0.0,0.0,0.0,0.0,0.0,0.0,0.027161611588954283,1.263014938886374,9.112720688094162,15.835219556360347,3.5989135355364428,0.1629696695337257,0.3862,0.02367,0.0,0.0,0.0,0.0,0.0,0.0,0.0,0.0,0.0,0.42838598009519696,5.6598874945910875,15.382951103418412,7.892687148420599,0.6231068801384683,0.01298139333621809,0.0,0.0,0.0,0.0,0.0,0.0,0.0,0.0,0.0,0.0,0.0,0.0,0.0,0.0,0.0,0.3853,0.0233,0.0,0.0,0.0,0.0,0.0,0.0,0.0,0.0,0.0,0.38026256224536,6.111362607514714,15.550022634676301,7.401539157990042,0.5568130375735628,0.0,0.0,0.0,0.0,0.0,0.0,0.0,0.0,0.0,0.0,0.0,0.0,0.0,0.0,0.0,0.0
35700,4642,2322,0.5002154243860405,1064,986,0.44161999138302455,1335,0.5751831107281344,0.422,2.932758620689655,3.0842697638531535,6.5775316455696204,2.1213952856220164,9272.969825448377,1419.4113936925114,7853.0,10756.092662453651,10691.71659333823,17.380397757141832,7853.0,0.0,27.906721240844462,21.082686407482424,33.058610895946295,19.283845344738385,0.14325721671693237,0.1006031882809134,0.0924170616113744,0.08703145196036191,0.07626023265833692,0.07216716932356743,0.07281344248168893,0.06548901335631194,0.056010340370529946,0.053209823352003444,0.04114605773373546,0.04330030159414046,0.03360620422231796,0.026066350710900472,0.01831107281344248,0.01120206807410599,0.0071090047393364926,0.9085904069883666,0.022769086574977688,0.0,0.0,0.0,0.0,0.0,0.0,0.0,0.0,0.0,0.0,0.0,0.0,0.0,0.0,0.0,0.0,0.0,0.0,0.0,0.0,0.0,0.0,0.0,0.0,0.01292546316242999,1.040499784575614,9.364498061180527,15.581645842309353,3.858250753985352,0.14218009478672988,4.390530557421088,2.8335757323684834,nan,nan,nan,4.355723098012337,2.830168876320495,4.423963133640553,2.836442029211829,1.015666752475463,0.386,0.0232,0.0,0.0,0.0,0.0,0.0,0.0,0.0,0.0,0.019388194743644983,0.3425247738043948,5.674278328306766,15.730288668677272,7.7035760448082735,0.5105557949159846,0.019388194743644983,0.0,0.0,0.0,0.0,0.0,0.0,0.0,0.0,0.0,0.0,0.0,0.0,0.0,0.0,0.0,nan,nan,4.390530557421088,2.8335757323684834,nan,0.386,0.1115,0.0,0.0,0.0,0.0,0.0,0.0,0.0,0.0,0.0,0.0,0.0,0.0,0.0,0.0,0.0,0.0003015941404566997,0.00015079707022834984,0.001001723395088324,7.539853511417492e-05,0.00453468332615252,0.01509047824213701,0.010986643688065489,0.014842740198190435,0.028576044808272298,0.051777251184834124,0.026130978026712624,0.018644980611805258,0.020885394226626455,0.030428694528220595,0.03013787160706592,0.01504739336492891,0.02249030590262818,0.022899612236105128,0.030062473071951746,0.015962947005601035,0.05659198621283929,0.056828953037483844,0.03475872468763464,0.01814950452391211,0.046553209823352,0.0479750107712193,0.015941404566996983,0.026755708746230074,0.03719302024989229,0.043246445497630334,0.011934510986643687,0.019657475226195605,0.029071520896165447,0.00954330030159414,0.010803532959931065,0.01491813873330461,0.01835415769065058,0.009457130547177941,0.003037483843171047,0.0036729857819905215,0.012720809995691511,0.017610943558810856,0.014314950452391211,0.0034683326152520465,0.012225333907798362,0.028317535545023698,0.004437742352434296,0.010706591986212839,0.010372684187850065,0.0027358897027143472,0.005827229642395519,0.0007109004739336493,4.308487720809996e-05,0.0016803102111158984,0.00035545023696682463,0.0,0.0,0.0,0.0,0.0,0.0,0.0,0.0,0.0,0.0,0.0,0.0,0.0,0.0,0.0,0.0,0.0,0.0,0.0,0.0,0.0,0.0,0.0,0.0,0.0,0.0,0.0,0.0,0.0,0.0,0.0,nan,nan,4.390530557421088,2.8335757323684834,nan,0.9079361138520418,0.022533308074854205,0.0,0.0,0.0,0.0,0.0,0.0,0.0,0.0,0.0,0.0,0.0,0.0,0.0,0.0,0.0,0.0,0.0,0.0,0.0,0.0,0.0,0.0,0.0,0.0,0.012919896640826876,1.0594315245478039,9.728682170542637,15.361757105943155,3.6692506459948326,0.1679586563307494,0.9092452641704987,0.022984006084155812,0.0,0.0,0.0,0.0,0.0,0.0,0.0,0.0,0.0,0.0,0.0,0.0,0.0,0.0,0.0,0.0,0.0,0.0,0.0,0.0,0.0,0.0,0.0,0.0,0.012931034482758624,1.0215517241379313,9.000000000000002,15.801724137931037,4.047413793103449,0.11637931034482761,0.3857,0.02278,0.0,0.0,0.0,0.0,0.0,0.0,0.0,0.0,0.0,0.41343669250646004,5.6330749354005185,15.852713178294552,7.700258397932818,0.40051679586563316,0.0,0.0,0.0,0.0,0.0,0.0,0.0,0.0,0.0,0.0,0.0,0.0,0.0,0.0,0.0,0.0,0.3862,0.02359,0.0,0.0,0.0,0.0,0.0,0.0,0.0,0.0,0.03879310344827587,0.2715517241379311,5.715517241379312,15.607758620689633,7.70689655172414,0.6206896551724139,0.03879310344827587,0.0,0.0,0.0,0.0,0.0,0.0,0.0,0.0,0.0,0.0,0.0,0.0,0.0,0.0,0.0
35800,4887,2497,0.5109474114998976,1184,1034,0.4538571720892163,1412,0.5778596275833845,0.41,2.9665271966527196,3.045493424562124,6.540458015267175,2.035065826943445,9303.942744957783,1419.5734181052603,7853.0,10748.311963558197,10692.710530480052,18.03256766814005,7853.0,0.0,27.852874974421937,20.70487575203544,32.91703377386197,18.858353907542906,0.14323715981174545,0.09576427255985268,0.09392265193370165,0.08573767137303048,0.07816656435440966,0.0728463269899734,0.0718232044198895,0.07039083282177205,0.056476365868631064,0.04992838142009413,0.050951503990178025,0.041743400859422956,0.03110292613055044,0.0255780642520974,0.017188459177409455,0.008389605074687948,0.006752608962553714,0.9082463479783605,0.022804600360611074,0.0,0.0,0.0,0.0,0.0,0.0,0.0,0.0,0.0,0.0,0.0,0.0,0.0,0.0,0.0,0.0,0.0,0.0,0.0,0.0,0.0,0.0,0.0,0.0,0.006138735420503378,1.0128913443830572,9.748311847759362,15.267034990791899,3.818293431553101,0.14732965009208104,4.27065527065527,2.8466999239429525,nan,nan,nan,4.245355541319667,2.848629240656006,4.293675641828428,2.8446817447947903,1.0113818736825375,0.387,0.02364,0.0,0.0,0.0,0.0,0.0,0.0,0.0,0.0,0.006138735420503378,0.30693677102516886,5.678330263965624,15.279312461632882,7.9496623695518736,0.779619398403929,0.0,0.0,0.0,0.0,0.0,0.0,0.0,0.0,0.0,0.0,0.0,0.0,0.0,0.0,0.0,0.0,nan,nan,4.27065527065527,2.8466999239429525,nan,0.387,0.11255,0.0,0.0,0.0,0.0,0.0,0.0,0.0,0.0,0.0,0.0,0.0,0.0,0.0,0.0,0.0,0.00016369961121342336,6.138735420503377e-05,0.00127890321260487,0.00018416206261510129,0.005125844076120319,0.01653366073255576,0.009954982606916308,0.013454061796603233,0.028698588090853284,0.051463065275219974,0.02718436668712912,0.01959279721710661,0.0228463269899734,0.029465930018416207,0.03004910988336403,0.01378146101903008,0.02401268671986904,0.021700429711479435,0.02626355637405361,0.016124411704522203,0.05586249232658073,0.05510538162471864,0.03355842029875179,0.018068344587681605,0.05015346838551259,0.05086965418457131,0.015704931450787805,0.024176386331082465,0.03443830570902394,0.042991610394925314,0.012113771229793329,0.01822181297319419,0.029721710660937182,0.010384694086351546,0.011182729691016984,0.015336607325557602,0.018426437487210966,0.008819316554123184,0.00334561080417434,0.004041334151831389,0.013259668508287293,0.018139963167587477,0.013566605279312461,0.003632085123797831,0.013464293022304072,0.029169224473091875,0.004573357888275015,0.01092694904849601,0.011254348270922856,0.002793124616329036,0.005760180069572335,0.0004501739308369143,7.161857990587273e-05,0.0022406384284837325,0.00017393083691426232,0.0,6.138735420503377e-05,0.0,0.0,0.0,0.0,0.0,0.0,0.0,0.0,0.0,0.0,0.0,0.0,0.0,0.0,0.0,0.0,0.0,0.0,0.0,0.0,0.0,0.0,0.0,0.0,0.0,0.0,0.0,0.0,0.0,nan,nan,4.27065527065527,2.8466999239429525,nan,0.9083889020553912,0.022866914448657547,0.0,0.0,0.0,0.0,0.0,0.0,0.0,0.0,0.0,0.0,0.0,0.0,0.0,0.0,0.0,0.0,0.0,0.0,0.0,0.0,0.0,0.0,0.0,0.0,0.0,0.997196635963156,9.839807769323189,15.126151381657992,3.880656788145776,0.1561874249098919,0.9080974117731948,0.02273835946681842,0.0,0.0,0.0,0.0,0.0,0.0,0.0,0.0,0.0,0.0,0.0,0.0,0.0,0.0,0.0,0.0,0.0,0.0,0.0,0.0,0.0,0.0,0.0,0.0,0.012552301255230129,1.0292887029288704,9.652719665271968,15.414225941422597,3.7531380753138084,0.1380753138075314,0.3872,0.02396,0.0,0.0,0.0,0.0,0.0,0.0,0.0,0.0,0.012014417300760916,0.3003604325190229,5.694833800560675,14.957949539447316,8.241890268321988,0.7929515418502204,0.0,0.0,0.0,0.0,0.0,0.0,0.0,0.0,0.0,0.0,0.0,0.0,0.0,0.0,0.0,0.0,0.3867,0.02327,0.0,0.0,0.0,0.0,0.0,0.0,0.0,0.0,0.0,0.3138075313807532,5.6610878661087884,15.615062761506255,7.644351464435148,0.7656903765690378,0.0,0.0,0.0,0.0,0.0,0.0,0.0,0.0,0.0,0.0,0.0,0.0,0.0,0.0,0.0,0.0
35900,4753,2470,0.5196717862402693,1168,957,0.4470860509152114,1306,0.5495476541131916,0.434,3.00832238282961,3.1485934587693993,6.647335423197492,2.2013284925256804,9328.104732449521,1418.2294111617416,7853.0,10762.968982934952,10691.531495276347,18.475791195775965,7853.0,0.0,28.07048180096781,21.09064618075092,33.141206030150755,19.300094007445797,0.14222596254996844,0.09846412791920892,0.08752366926151904,0.09152114454029034,0.08121186618977488,0.07426888281085631,0.06837786661056175,0.06669471912476331,0.053650326109825376,0.04965285083105407,0.042709867452135494,0.04502419524510835,0.034504523458868085,0.02777193351567431,0.017041868293709236,0.012202819272038713,0.0071533768146433835,0.9075224507163505,0.022624697691501206,0.0,0.0,0.0,0.0,0.0,0.0,0.0,0.0,0.0,0.0,0.0,0.0,0.0,0.0,0.0,0.0,0.0,0.0,0.0,0.0,0.0,0.0,0.0,0.0,0.01893540921523249,1.0919419314117402,9.745423942772987,15.470229328844944,3.559856932463708,0.11361245529139494,4.20772476468679,2.9297219007346786,nan,nan,nan,4.276041666666667,2.9484457343257797,4.139805825242719,2.909398000626626,0.9681397301420243,0.3862,0.02328,0.0,0.0,0.0,0.0,0.0,0.0,0.0,0.0,0.0,0.3597727750894173,5.724805386071956,15.545970965705848,7.7319587628866,0.6248685041026721,0.012623606143488326,0.0,0.0,0.0,0.0,0.0,0.0,0.0,0.0,0.0,0.0,0.0,0.0,0.0,0.0,0.0,nan,nan,4.20772476468679,2.9297219007346786,nan,0.3862,0.1126,0.0,0.0,0.0,0.0,0.0,0.0,0.0,0.0,0.0,0.0,0.0,0.0,0.0,0.0,0.0,0.00032610982537344834,6.311803071744161e-05,0.0014937933936461183,0.00032610982537344834,0.005680622764569746,0.016494845360824743,0.010761624237323795,0.01482221754681254,0.02924468756574795,0.04942141805175679,0.02803492531033032,0.01991373869135283,0.022859246791500105,0.027950767936040396,0.03133810225120976,0.014317273301073007,0.02304860088365243,0.022049232063959603,0.02455291394908479,0.014769619187881338,0.0554597096570587,0.05478645066273932,0.03499894803282137,0.018725015779507678,0.05199873763938565,0.05129391962970755,0.016242373237954976,0.023343151693667158,0.034494003787081846,0.043183252682516306,0.011771512728802861,0.017031348621922997,0.030233536713654533,0.009541342310119924,0.010509152114454029,0.014906374921102462,0.01832526825163055,0.008405217757205975,0.004439301493793394,0.004470860509152115,0.012718283189564486,0.017010309278350514,0.014916894592888702,0.0033452556280244056,0.013454660214601304,0.029181569535030507,0.003787081843046497,0.010856301283399959,0.012991794656006733,0.003040185146223438,0.00469177361666316,0.00045234588680833157,0.00022091310751104566,0.0016095097832947612,9.467704607616242e-05,0.0,0.0,0.0,0.0,0.0,0.0,0.0,0.0,0.0,0.0,0.0,0.0,0.0,0.0,0.0,0.0,0.0,0.0,0.0,0.0,0.0,0.0,0.0,0.0,0.0,0.0,0.0,0.0,0.0,0.0,0.0,nan,nan,4.20772476468679,2.9297219007346786,nan,0.9071577634888622,0.022964910928065345,0.0,0.0,0.0,0.0,0.0,0.0,0.0,0.0,0.0,0.0,0.0,0.0,0.0,0.0,0.0,0.0,0.0,0.0,0.0,0.0,0.0,0.0,0.0,0.0,0.02429149797570851,1.0323886639676114,10.202429149797574,15.072874493927129,3.546558704453442,0.12145748987854253,0.9079170093899801,0.022244027386038534,0.0,0.0,0.0,0.0,0.0,0.0,0.0,0.0,0.0,0.0,0.0,0.0,0.0,0.0,0.0,0.0,0.0,0.0,0.0,0.0,0.0,0.0,0.0,0.0,0.013140604467805522,1.156373193166886,9.250985545335087,15.90013140604468,3.574244415243102,0.10512483574244418,0.3862,0.02357,0.0,0.0,0.0,0.0,0.0,0.0,0.0,0.0,0.0,0.4372469635627531,5.7085020242915,15.35222672064775,7.870445344129556,0.6194331983805669,0.012145748987854255,0.0,0.0,0.0,0.0,0.0,0.0,0.0,0.0,0.0,0.0,0.0,0.0,0.0,0.0,0.0,0.3862,0.02295,0.0,0.0,0.0,0.0,0.0,0.0,0.0,0.0,0.0,0.27595269382391596,5.7424441524310135,15.755584756898795,7.582128777923786,0.630749014454665,0.013140604467805522,0.0,0.0,0.0,0.0,0.0,0.0,0.0,0.0,0.0,0.0,0.0,0.0,0.0,0.0,0.0
36000,4876,2509,0.5145611156685808,1166,990,0.4421657095980312,1359,0.5574241181296145,0.422,2.9378960709759188,3.098432404286837,6.591185410334346,2.227565927774865,9313.693502976525,1418.8158618726786,7853.0,10763.88112127781,10691.717226191126,18.077174090667285,7853.0,0.0,27.51968826907301,20.975644642191334,32.648768472906404,19.250443944995144,0.1470467596390484,0.10336341263330599,0.09023789991796555,0.08654634946677604,0.08326497128794094,0.07608695652173914,0.06788351107465135,0.06091058244462674,0.05844954881050041,0.04737489745693191,0.0475799835931091,0.038351107465135356,0.02830188679245283,0.025840853158326498,0.02276456111566858,0.00881870385561936,0.007178014766201805,0.9075518547755171,0.02277386216901683,0.0,0.0,0.0,0.0,0.0,0.0,0.0,0.0,0.0,0.0,0.0,0.0,0.0,0.0,0.0,0.0,0.0,0.0,0.0,0.0,0.0,0.0,0.0,0.0,0.012305168170631669,1.0520918785890077,9.973338802296967,15.000000000000004,3.808449548810501,0.15381460213289583,4.245331616226658,2.8566895603449685,nan,nan,nan,4.325097529258778,2.9315390973744027,4.167091836734694,2.7790926267939877,0.9634677157092543,0.387,0.02347,0.0,0.0,0.0,0.0,0.0,0.0,0.0,0.0,0.0,0.2891714520098442,5.512715340442988,15.516817063166506,7.979901558654636,0.7013945857260051,0.0,0.0,0.0,0.0,0.0,0.0,0.0,0.0,0.0,0.0,0.0,0.0,0.0,0.0,0.0,0.0,nan,nan,4.245331616226658,2.8566895603449685,nan,0.387,0.1134,0.0,0.0,0.0,0.0,0.0,0.0,0.0,0.0,0.0,0.0,0.0,0.0,0.0,0.0,0.0,0.00024610336341263333,0.00011279737489745693,0.0008921246923707958,0.0004306808859721083,0.005414273995077933,0.018160377358490565,0.010561936013125512,0.014817473338802296,0.028855619360131254,0.0472005742411813,0.027050861361771945,0.020990566037735848,0.023215750615258407,0.029388843314191962,0.03048605414273995,0.01587366694011485,0.02345159967186218,0.021626333059885153,0.024825676784249386,0.015986464315012307,0.0536915504511895,0.05368129614438064,0.03457752255947498,0.018180885972108287,0.05191755537325677,0.051630434782608696,0.01656070549630845,0.022251845775225595,0.03376743232157506,0.04133511074651353,0.013084495488105004,0.017904019688269074,0.031808859721082855,0.009464725184577522,0.009044298605414273,0.014438063986874488,0.01906275635767022,0.0077625102543068085,0.004286300246103363,0.004809269893355209,0.012325676784249385,0.015043068088597211,0.016345365053322396,0.003906890894175554,0.013484413453650533,0.02899917965545529,0.003968416735028712,0.011884741591468417,0.014027891714520098,0.003209598031173093,0.005793683347005743,0.00022559474979491387,0.0002973748974569319,0.0014766201804757998,0.00016406890894175554,0.0,0.0,0.0,0.0,0.0,0.0,0.0,0.0,0.0,0.0,0.0,0.0,0.0,0.0,0.0,0.0,0.0,0.0,0.0,0.0,0.0,0.0,0.0,0.0,0.0,0.0,0.0,0.0,0.0,0.0,0.0,nan,nan,4.245331616226658,2.8566895603449685,nan,0.9077189028524412,0.022853242788049056,0.0,0.0,0.0,0.0,0.0,0.0,0.0,0.0,0.0,0.0,0.0,0.0,0.0,0.0,0.0,0.0,0.0,0.0,0.0,0.0,0.0,0.0,0.0,0.0,0.0,1.2076524511757674,9.637305699481868,15.197289756875252,3.802311677959347,0.15544041450777207,0.9073747852254528,0.02268807337869499,0.0,0.0,0.0,0.0,0.0,0.0,0.0,0.0,0.0,0.0,0.0,0.0,0.0,0.0,0.0,0.0,0.0,0.0,0.0,0.0,0.0,0.0,0.0,0.0,0.025348542458808625,0.8871989860583018,10.329531051964514,14.790874524714832,3.8149556400506976,0.15209125475285173,0.386,0.0238,0.0,0.0,0.0,0.0,0.0,0.0,0.0,0.0,0.0,0.4065364687126346,5.834994021522521,15.460342766042224,7.712235950577921,0.5858907931446793,0.0,0.0,0.0,0.0,0.0,0.0,0.0,0.0,0.0,0.0,0.0,0.0,0.0,0.0,0.0,0.0,0.388,0.02307,0.0,0.0,0.0,0.0,0.0,0.0,0.0,0.0,0.0,0.16476552598225608,5.171102661596959,15.576679340937874,8.26362484157161,0.8238276299112803,0.0,0.0,0.0,0.0,0.0,0.0,0.0,0.0,0.0,0.0,0.0,0.0,0.0,0.0,0.0,0.0
36100,4976,2594,0.5213022508038585,1227,1002,0.4479501607717042,1423,0.5719453376205788,0.40199999999999997,2.9693534844668346,3.070044511335472,6.403409090909091,2.145764796038316,9333.165226708416,1418.4531873280498,7853.0,10747.637807369232,10692.360897494631,18.33652289886576,7853.0,0.0,28.35048231511254,21.011857196692272,33.3785594639866,19.164113580458462,0.14007234726688103,0.09586012861736334,0.08460610932475884,0.09063504823151125,0.08440514469453377,0.07214630225080386,0.07033762057877814,0.06229903536977492,0.059686495176848875,0.050844051446945336,0.046020900321543406,0.043810289389067524,0.034766881028938906,0.0297427652733119,0.016881028938906754,0.011254019292604502,0.006631832797427652,0.9086876890451386,0.022614437852408013,0.0,0.0,0.0,0.0,0.0,0.0,0.0,0.0,0.0,0.0,0.0,0.0,0.0,0.0,0.0,0.0,0.0,0.0,0.0,0.0,0.0,0.0,0.0,0.0,0.012057877813504826,0.8983118971061095,9.501607717041802,15.476286173633444,3.912781350482316,0.19895498392282962,4.132843587389042,2.87364484147807,nan,nan,nan,4.180825242718447,2.9073594763633372,4.084002470660902,2.838082117816122,0.9768412295572085,0.3865,0.02391,0.0,0.0,0.0,0.0,0.0,0.0,0.0,0.0,0.0,0.34967845659164,5.74557877813505,15.277331189710587,7.976286173633442,0.6511254019292606,0.0,0.0,0.0,0.0,0.0,0.0,0.0,0.0,0.0,0.0,0.0,0.0,0.0,0.0,0.0,0.0,nan,nan,4.132843587389042,2.87364484147807,nan,0.3865,0.1138,0.0,0.0,0.0,0.0,0.0,0.0,0.0,0.0,0.0,0.0,0.0,0.0,0.0,0.0,0.0,0.0006028938906752412,3.0144694533762057e-05,0.0007536173633440514,0.0007134244372990354,0.005627009646302251,0.018639469453376207,0.011555466237942123,0.01487138263665595,0.02992363344051447,0.046061093247588426,0.02780345659163987,0.021734324758842443,0.022397508038585208,0.029813102893890674,0.027954180064308682,0.017765273311897107,0.02284967845659164,0.021744372990353696,0.025492363344051448,0.01597668810289389,0.05296422829581993,0.05525522508038585,0.03516881028938907,0.019202170418006433,0.04917604501607717,0.04907556270096463,0.01590635048231511,0.02337218649517685,0.031993569131832794,0.0423733922829582,0.012851688102893891,0.018488745980707395,0.03191318327974277,0.008410369774919614,0.009163987138263666,0.013987138263665594,0.01952371382636656,0.007656752411575563,0.004079581993569132,0.0053758038585209,0.01187700964630225,0.015815916398713825,0.01597668810289389,0.0044212218649517685,0.013364147909967846,0.030767684887459807,0.003979099678456592,0.01107315112540193,0.014037379421221866,0.0034063504823151126,0.005204983922829582,0.00033159163987138266,0.00029139871382636656,0.00102491961414791,0.00018086816720257233,0.0,0.0,0.0,0.0,0.0,0.0,0.0,0.0,0.0,0.0,0.0,0.0,0.0,0.0,0.0,0.0,0.0,0.0,0.0,0.0,0.0,0.0,0.0,0.0,0.0,0.0,0.0,0.0,0.0,0.0,0.0,nan,nan,4.132843587389042,2.87364484147807,nan,0.9081525633035482,0.02257355929613113,0.0,0.0,0.0,0.0,0.0,0.0,0.0,0.0,0.0,0.0,0.0,0.0,0.0,0.0,0.0,0.0,0.0,0.0,0.0,0.0,0.0,0.0,0.0,0.0,0.023130300693909027,0.8442559753276795,9.749421742482655,15.289128758673865,3.897455666923671,0.19660755589822673,0.9092704414270386,0.022644491106321277,0.0,0.0,0.0,0.0,0.0,0.0,0.0,0.0,0.0,0.0,0.0,0.0,0.0,0.0,0.0,0.0,0.0,0.0,0.0,0.0,0.0,0.0,0.0,0.0,0.0,0.9571788413098239,9.231738035264485,15.680100755667508,3.929471032745593,0.2015113350125945,0.3867,0.02426,0.0,0.0,0.0,0.0,0.0,0.0,0.0,0.0,0.0,0.3585196607555899,5.666923670007711,15.150346954510386,8.095605242868158,0.7286044718581344,0.0,0.0,0.0,0.0,0.0,0.0,0.0,0.0,0.0,0.0,0.0,0.0,0.0,0.0,0.0,0.0,0.3862,0.02351,0.0,0.0,0.0,0.0,0.0,0.0,0.0,0.0,0.0,0.34005037783375325,5.831234256926954,15.415617128463454,7.846347607052898,0.566750629722922,0.0,0.0,0.0,0.0,0.0,0.0,0.0,0.0,0.0,0.0,0.0,0.0,0.0,0.0,0.0,0.0
36200,5036,2580,0.5123113582208102,1205,1067,0.4511517077045274,1439,0.5714853057982526,0.37799999999999995,2.9409609120521174,3.031622111533135,6.471281296023564,2.036193127514372,9308.19703834063,1419.8560479905009,7853.0,10753.575539708138,10693.454374063338,18.15311011618352,7853.0,0.0,27.8631850675139,20.706651968988055,32.6117508813161,19.012869736531513,0.13482922954725973,0.09888800635424941,0.09749801429706116,0.08478951548848292,0.08339952343129468,0.07942811755361398,0.0704924543288324,0.06830818109610802,0.052025416997617153,0.049444003177124704,0.048451151707704525,0.040309769658459095,0.032366957903097696,0.026211278792692614,0.01608419380460683,0.009531374106433678,0.007942811755361398,0.9099866956638096,0.022759237583952197,0.0,0.0,0.0,0.0,0.0,0.0,0.0,0.0,0.0,0.0,0.0,0.0,0.0,0.0,0.0,0.0,0.0,0.0,0.0,0.0,0.0,0.0,0.0,0.0,0.0,0.8756949960285944,8.977362986497221,15.530182684670375,4.420174741858618,0.19658459094519465,4.18179021839434,2.8456425149613733,nan,nan,nan,4.205445544554456,2.849113124038647,4.158409785932721,2.842014604554949,0.9888155111929484,0.3865,0.02357,0.0,0.0,0.0,0.0,0.0,0.0,0.0,0.0,0.0119142176330421,0.3097696584590946,5.659253375694997,15.595710881652082,7.708498808578238,0.708895949166005,0.00595710881652105,0.0,0.0,0.0,0.0,0.0,0.0,0.0,0.0,0.0,0.0,0.0,0.0,0.0,0.0,0.0,nan,nan,4.18179021839434,2.8456425149613733,nan,0.3865,0.11487,0.0,0.0,0.0,0.0,0.0,0.0,0.0,0.0,0.0,0.0,0.0,0.0,1.9857029388403494e-05,0.0,0.0,0.0006751389992057189,5.9571088165210487e-05,0.0007347100873709294,0.00040706910246227166,0.00573868149324861,0.019857029388403495,0.013492851469420175,0.01523034154090548,0.03129467831612391,0.043784749801429705,0.027511914217633042,0.021227164416203335,0.022736298649722,0.028723193010325655,0.028842335186656076,0.01779189833200953,0.024086576648133438,0.019102462271644163,0.025555996822875297,0.015478554408260525,0.057922954725972996,0.05275019857029389,0.0340746624305004,0.018050039714058778,0.05158856235107228,0.0483220810166799,0.015528196981731532,0.022825655281969816,0.030708895949166006,0.04107426528991263,0.013701350277998412,0.017881254964257347,0.029646544876886418,0.00778395552025417,0.009471803018268467,0.014098490865766481,0.019727958697378874,0.00819102462271644,0.003574265289912629,0.005947180301826846,0.01017672756155679,0.016441620333598094,0.01620333598093725,0.004179904686258936,0.01454527402700556,0.03217831612390786,0.003613979348689436,0.011060365369340746,0.015835980937251786,0.0029388403494837174,0.005837966640190627,0.0003177124702144559,0.0003673550436854647,0.0008439237490071485,0.00023828435266084195,0.0,0.0,0.0,0.0,0.0,0.0,0.0,0.0,0.0,0.0,0.0,0.0,0.0,0.0,0.0,0.0,0.0,0.0,0.0,0.0,0.0,0.0,0.0,0.0,0.0,0.0,0.0,0.0,0.0,0.0,0.0,nan,nan,4.18179021839434,2.8456425149613733,nan,0.9101084415533746,0.022767912341869076,0.0,0.0,0.0,0.0,0.0,0.0,0.0,0.0,0.0,0.0,0.0,0.0,0.0,0.0,0.0,0.0,0.0,0.0,0.0,0.0,0.0,0.0,0.0,0.0,0.0,0.8255813953488373,9.02325581395349,15.581395348837212,4.395348837209303,0.17441860465116282,0.9098588029948042,0.02274941958909749,0.0,0.0,0.0,0.0,0.0,0.0,0.0,0.0,0.0,0.0,0.0,0.0,0.0,0.0,0.0,0.0,0.0,0.0,0.0,0.0,0.0,0.0,0.0,0.0,0.0,0.9283387622149839,8.929153094462542,15.47638436482085,4.446254071661238,0.21986970684039092,0.3867,0.02379,0.0,0.0,0.0,0.0,0.0,0.0,0.0,0.0,0.02325581395348838,0.24418604651162795,5.755813953488373,15.406976744186023,7.744186046511629,0.8139534883720932,0.01162790697674419,0.0,0.0,0.0,0.0,0.0,0.0,0.0,0.0,0.0,0.0,0.0,0.0,0.0,0.0,0.0,0.3865,0.02336,0.0,0.0,0.0,0.0,0.0,0.0,0.0,0.0,0.0,0.3786644951140066,5.5578175895765485,15.793973941368055,7.671009771986972,0.5985342019543974,0.0,0.0,0.0,0.0,0.0,0.0,0.0,0.0,0.0,0.0,0.0,0.0,0.0,0.0,0.0,0.0
36300,4389,2263,0.5156071998177262,1081,901,0.45158350421508314,1234,0.5623148781043518,0.418,2.8908748824082786,2.9909461193667775,6.310116086235489,2.080075379691151,9317.332000246404,1419.3725249195534,7853.0,10751.050921201706,10693.01464829053,17.738648524016437,7853.0,0.0,28.089086352244248,20.99463507746827,33.23580786026201,19.15750236425523,0.1442241968557758,0.09592162223741171,0.08817498291182502,0.08384597858282068,0.08544087491455912,0.07678286625655047,0.07063112326270221,0.06060606060606061,0.05468215994531784,0.055593529277739806,0.04966962861699704,0.03759398496240601,0.03212576896787423,0.02688539530644794,0.02073365231259968,0.009569377990430622,0.007518796992481203,0.9101650959594181,0.02277221080831778,0.0,0.0,0.0,0.0,0.0,0.0,0.0,0.0,0.0,0.0,0.0,0.0,0.0,0.0,0.0,0.0,0.0,0.0,0.0,0.0,0.0,0.0,0.0,0.0,0.006835269993164732,0.9090909090909093,8.735475051264526,15.809979494190024,4.347231715652769,0.1913875598086125,4.182359117955897,2.8086814076009423,nan,nan,nan,4.209902370990237,2.838004114599786,4.156821378340366,2.778259585411549,0.9873913958158166,0.387,0.02373,0.0,0.0,0.0,0.0,0.0,0.0,0.0,0.0,0.006835269993164732,0.2392344497607656,5.86466165413534,15.290498974709477,7.805878332194124,0.7792207792207795,0.013670539986329463,0.0,0.0,0.0,0.0,0.0,0.0,0.0,0.0,0.0,0.0,0.0,0.0,0.0,0.0,0.0,nan,nan,4.182359117955897,2.8086814076009423,nan,0.387,0.1143,0.0,0.0,0.0,0.0,0.0,0.0,0.0,0.0,0.0,0.0,0.0,0.0,0.0,0.0,0.0,0.0007746639325586694,0.0,0.0012189564821143768,0.0005354294827979039,0.006015037593984963,0.020095693779904306,0.014251537935748461,0.014513556618819777,0.029972658920027342,0.04220779220779221,0.02882205513784461,0.01920710868079289,0.02203235361130098,0.029676463886990204,0.02736386420596947,0.01492367281840966,0.024253816359079517,0.019150148097516518,0.025928457507404877,0.01594896331738437,0.057302346776030987,0.05378218272955115,0.03496240601503759,0.01948051948051948,0.05382775119617225,0.04920255183413078,0.016017316017316017,0.023091820460241514,0.031487810435178856,0.04125085440874914,0.014935064935064935,0.01697425381635908,0.030428343586238322,0.007279562542720438,0.008190931875142402,0.01429710640236956,0.019583048530416952,0.008225108225108226,0.003417634996582365,0.00543403964456596,0.010401002506265664,0.015664160401002505,0.015162907268170427,0.005194805194805195,0.01417179311916154,0.0322738664843928,0.0041239462292093874,0.012633857370699476,0.014445203918888129,0.0023125996810207335,0.005593529277739804,0.000455684666210982,0.0006037821827295512,0.0007518796992481203,0.00014809751651856916,0.0,0.0,0.0,0.0,0.0,0.0,0.0,0.0,0.0,0.0,0.0,0.0,0.0,0.0,0.0,0.0,0.0,0.0,0.0,0.0,0.0,0.0,0.0,0.0,0.0,0.0,0.0,0.0,0.0,0.0,0.0,nan,nan,4.182359117955897,2.8086814076009423,nan,0.9098879649899356,0.022569502389333175,0.0,0.0,0.0,0.0,0.0,0.0,0.0,0.0,0.0,0.0,0.0,0.0,0.0,0.0,0.0,0.0,0.0,0.0,0.0,0.0,0.0,0.0,0.0,0.0,0.0,0.8351745470614231,9.027839151568715,15.682722050375611,4.281926646045074,0.17233760494918254,0.9104600853215717,0.02298234632531136,0.0,0.0,0.0,0.0,0.0,0.0,0.0,0.0,0.0,0.0,0.0,0.0,0.0,0.0,0.0,0.0,0.0,0.0,0.0,0.0,0.0,0.0,0.0,0.0,0.01411100658513641,0.9877704609595487,8.424270931326436,15.945437441204144,4.416745061147696,0.21166509877704615,0.3862,0.02362,0.0,0.0,0.0,0.0,0.0,0.0,0.0,0.0,0.013256738842244811,0.2253645603181618,6.190897039328327,15.430844012372933,7.264692885550156,0.8749447635881575,0.0,0.0,0.0,0.0,0.0,0.0,0.0,0.0,0.0,0.0,0.0,0.0,0.0,0.0,0.0,0.0,0.3877,0.0238,0.0,0.0,0.0,0.0,0.0,0.0,0.0,0.0,0.0,0.25399811853245535,5.517403574788336,15.141110065851342,8.381937911571027,0.6773283160865476,0.02822201317027282,0.0,0.0,0.0,0.0,0.0,0.0,0.0,0.0,0.0,0.0,0.0,0.0,0.0,0.0,0.0
36400,4486,2268,0.5055728934462773,1080,911,0.44382523406152474,1271,0.5666518056174766,0.40599999999999997,2.975653742110009,3.1300836235738725,6.651162790697675,2.1804315154698686,9288.905315858017,1420.0458209871995,7853.0,10752.978883743286,10693.15487078442,17.830381093714667,7853.0,0.0,28.094516272848864,20.993565905519844,33.02783669141039,19.25227450133934,0.13843067320552832,0.10053499777084263,0.09317877842175658,0.08292465448060633,0.08270173874275524,0.07846633972358448,0.06687472135532768,0.06308515381185911,0.05639768167632635,0.05617476593847526,0.04413731609451627,0.03566651805617477,0.03789567543468569,0.028756130182790905,0.016272848863129737,0.011368702630405706,0.007133303611234953,0.9096573395916143,0.022537258586044114,0.0,0.0,0.0,0.0,0.0,0.0,0.0,0.0,0.0,0.0,0.0,0.0,0.0,0.0,0.0,0.0,0.0,0.0,0.0,0.0,0.0,0.0,0.0,0.0,0.01337494427106554,0.8493089612126619,9.135086937137764,15.702184574230944,4.126170307623719,0.17387427552385204,4.254746289264757,2.869139792267754,nan,nan,nan,4.220233998623537,2.849943566947165,4.2894736842105265,2.8879106116414035,1.0164065986885022,0.3872,0.02362,0.0,0.0,0.0,0.0,0.0,0.0,0.0,0.0,0.00668747213553277,0.33437360677663847,5.463664734730273,15.207311636201494,8.312527864467233,0.6620597414177442,0.01337494427106554,0.0,0.0,0.0,0.0,0.0,0.0,0.0,0.0,0.0,0.0,0.0,0.0,0.0,0.0,0.0,nan,nan,4.254746289264757,2.869139792267754,nan,0.3872,0.1142,0.0,0.0,0.0,0.0,0.0,0.0,0.0,0.0,0.0,0.0,0.0,0.0,0.0,4.458314757021846e-05,0.0,0.0006241640659830584,6.687472135532768e-05,0.0017833259028087382,0.0005349977708426215,0.007144449398127508,0.01912617030762372,0.013787338386090057,0.01500222915737851,0.03136424431564869,0.040860454748105214,0.027474364690147125,0.01889210878288007,0.022938029424877396,0.028733838609005795,0.02727374052608114,0.013419527418635755,0.02541239411502452,0.019672313865358896,0.024888542131074453,0.015626393223361568,0.055539456085599646,0.0516941596076683,0.03407267053053946,0.020196165849308962,0.05695497102095408,0.049777084262148906,0.016339723584485065,0.022012929112795364,0.03360454748105216,0.04126170307623718,0.016005349977708427,0.01596076683013821,0.031152474364690146,0.007913508693713777,0.008604547481052162,0.014868479714667855,0.01748773963441819,0.009362460989745877,0.0038564422648238966,0.005728934462773071,0.010755684351315202,0.015370040124832814,0.013843067320552831,0.005160499331252786,0.01444493981275078,0.034886312973695946,0.0036000891662951403,0.010621934908604547,0.014199732501114578,0.003065091395452519,0.0051270619705751225,0.0003009362460989746,0.0007913508693713776,0.0004681230494872938,0.0003009362460989746,0.0,0.0,0.0,0.0,0.0,0.0,0.0,0.0,0.0,0.0,0.0,0.0,0.0,0.0,0.0,0.0,0.0,0.0,0.0,0.0,0.0,0.0,0.0,0.0,0.0,0.0,0.0,0.0,0.0,0.0,0.0,nan,nan,4.254746289264757,2.869139792267754,nan,0.9095101307887039,0.0224150719741913,0.0,0.0,0.0,0.0,0.0,0.0,0.0,0.0,0.0,0.0,0.0,0.0,0.0,0.0,0.0,0.0,0.0,0.0,0.0,0.0,0.0,0.0,0.0,0.0,0.01322751322751323,0.85978835978836,9.179894179894182,15.80687830687831,3.9947089947089953,0.14550264550264552,0.9098078668977464,0.022660529523204954,0.0,0.0,0.0,0.0,0.0,0.0,0.0,0.0,0.0,0.0,0.0,0.0,0.0,0.0,0.0,0.0,0.0,0.0,0.0,0.0,0.0,0.0,0.0,0.0,0.013525698827772771,0.8385933273219118,9.089269612263301,15.595130748422005,4.260595130748423,0.20288548241659157,0.3867,0.0233,0.0,0.0,0.0,0.0,0.0,0.0,0.0,0.0,0.0,0.37037037037037046,5.449735449735451,15.449735449735428,8.121693121693124,0.5952380952380953,0.01322751322751323,0.0,0.0,0.0,0.0,0.0,0.0,0.0,0.0,0.0,0.0,0.0,0.0,0.0,0.0,0.0,0.3877,0.02393,0.0,0.0,0.0,0.0,0.0,0.0,0.0,0.0,0.013525698827772771,0.29756537421100093,5.477908025247972,14.959422903516659,8.507664562669072,0.7303877366997297,0.013525698827772771,0.0,0.0,0.0,0.0,0.0,0.0,0.0,0.0,0.0,0.0,0.0,0.0,0.0,0.0,0.0
36500,4424,2295,0.51876130198915,1099,886,0.44868896925858953,1245,0.5628390596745028,0.414,2.990605918271489,3.106517650187725,6.617021276595745,2.088227064490289,9327.112126814494,1419.860631138664,7853.0,10763.914571523666,10694.600021362668,18.299750327185155,7853.0,0.0,28.462929475587703,20.993217282930587,33.32646507894032,19.204961231030577,0.13449367088607594,0.09448462929475587,0.09968354430379747,0.08386075949367089,0.07685352622061482,0.07707956600361664,0.06329113924050633,0.06351717902350813,0.06103074141048825,0.054249547920433995,0.05063291139240506,0.045207956600361664,0.0325497287522604,0.02667269439421338,0.018309222423146473,0.011754068716094032,0.006329113924050633,0.9111777136732182,0.02271869371128063,0.0,0.0,0.0,0.0,0.0,0.0,0.0,0.0,0.0,0.0,0.0,0.0,0.0,0.0,0.0,0.0,0.0,0.0,0.0,0.0,0.0,0.0,0.0,0.0,0.0,0.7662748643761303,8.686708860759495,15.359403254972879,5.0180831826401455,0.16952983725135626,4.263922518159807,2.8996610638564757,nan,nan,nan,4.185210780926054,2.8757215387010526,4.342797783933518,2.9213270493376404,1.0376533014121203,0.3872,0.02406,0.0,0.0,0.0,0.0,0.0,0.0,0.0,0.0,0.0,0.47468354430379756,5.384267631103075,15.19665461121155,8.144213381555156,0.8001808318264017,0.0,0.0,0.0,0.0,0.0,0.0,0.0,0.0,0.0,0.0,0.0,0.0,0.0,0.0,0.0,0.0,nan,nan,4.263922518159807,2.8996610638564757,nan,0.3872,0.11365,0.0,0.0,0.0,0.0,0.0,0.0,0.0,0.0,0.0,0.0,0.0,0.0,0.0,0.0,0.0,0.0008137432188065099,7.911392405063291e-05,0.0018422242314647377,0.0005311934900542496,0.007741862567811935,0.017970162748643763,0.012737341772151899,0.01439873417721519,0.03136301989150091,0.043320524412296564,0.026559674502712478,0.018117088607594936,0.021552893309222422,0.03123869801084991,0.02662748643761302,0.013698010849909584,0.025440777576853525,0.02003842676311031,0.02587025316455696,0.014172694394213382,0.05397830018083183,0.05232820976491863,0.03261754068716094,0.020467902350813742,0.05608047016274864,0.050712025316455696,0.015574141048824593,0.0225248643761302,0.03564647377938517,0.04109403254972875,0.017224231464737793,0.017167721518987343,0.03121609403254973,0.008736437613019891,0.008657323688969258,0.015562839059674503,0.017461573236889693,0.00867992766726944,0.0028141952983725136,0.005391048824593128,0.012081826401446654,0.01469258589511754,0.012579113924050632,0.005278028933092224,0.01520117540687161,0.03599683544303797,0.0035149186256781192,0.010137884267631103,0.013099005424954792,0.0028141952983725136,0.005221518987341772,0.00011301989150090416,0.0006555153707052441,0.00018083182640144665,0.00038426763110307414,0.0,0.0,0.0,0.0,0.0,0.0,0.0,0.0,0.0,0.0,0.0,0.0,0.0,0.0,0.0,0.0,0.0,0.0,0.0,0.0,0.0,0.0,0.0,0.0,0.0,0.0,0.0,0.0,0.0,0.0,0.0,nan,nan,4.263922518159807,2.8996610638564757,nan,0.9112014814919116,0.02273055103116425,0.0,0.0,0.0,0.0,0.0,0.0,0.0,0.0,0.0,0.0,0.0,0.0,0.0,0.0,0.0,0.0,0.0,0.0,0.0,0.0,0.0,0.0,0.0,0.0,0.0,0.8235294117647061,8.705882352941178,15.307189542483663,4.993464052287583,0.16993464052287588,0.911152092656825,0.022705877065841023,0.0,0.0,0.0,0.0,0.0,0.0,0.0,0.0,0.0,0.0,0.0,0.0,0.0,0.0,0.0,0.0,0.0,0.0,0.0,0.0,0.0,0.0,0.0,0.0,0.0,0.7045561296383279,8.666040394551434,15.415688116486617,5.044621888210428,0.16909347111319872,0.3877,0.02399,0.0,0.0,0.0,0.0,0.0,0.0,0.0,0.0,0.0,0.45751633986928114,5.111111111111112,15.359477124182984,8.300653594771243,0.7712418300653596,0.0,0.0,0.0,0.0,0.0,0.0,0.0,0.0,0.0,0.0,0.0,0.0,0.0,0.0,0.0,0.0,0.3867,0.02415,0.0,0.0,0.0,0.0,0.0,0.0,0.0,0.0,0.0,0.4931892907468296,5.678722404884923,15.021136683889127,7.975575387505873,0.831376232973227,0.0,0.0,0.0,0.0,0.0,0.0,0.0,0.0,0.0,0.0,0.0,0.0,0.0,0.0,0.0,0.0
36600,4629,2371,0.5122056599697559,1111,954,0.446100669691078,1323,0.5716137394685677,0.40199999999999997,2.992028343666962,3.1246510175508946,6.580847723704866,2.191422676550233,9307.84074113711,1419.8110907892506,7853.0,10756.965076565742,10693.344913843814,18.516543801728286,7853.0,0.0,27.638150788507236,20.609427957954207,32.537590113285276,18.8803315278168,0.14020306761719595,0.09721322099805574,0.09958954417800821,0.08965219269820696,0.07885072369842298,0.07085763663858284,0.06912940159861741,0.06588896089868222,0.06329660833873407,0.05119896305897602,0.04644631669907107,0.03888528839922229,0.03197234823936055,0.023547202419529057,0.016202203499675955,0.012097645279758047,0.0049686757399006265,0.9105707601430633,0.022730644677152086,0.0,0.0,0.0,0.0,0.0,0.0,0.0,0.0,0.0,0.0,0.0,0.0,0.0,0.0,0.0,0.0,0.0,0.0,0.0,0.0,0.0,0.0,0.0,0.0,0.012961762799740768,0.7193778353856126,9.13804277381724,15.340246273493198,4.607906675307842,0.18146467919637074,4.354653130287648,2.872020549550753,nan,nan,nan,4.343516632722335,2.890650305371556,4.3666441593517895,2.8540827126479784,1.005324608741042,0.3855,0.02362,0.0,0.0,0.0,0.0,0.0,0.0,0.0,0.0,0.006480881399870384,0.4342190537913157,5.865197666882698,15.580038885288378,7.472456254050552,0.6286454957874272,0.012961762799740768,0.0,0.0,0.0,0.0,0.0,0.0,0.0,0.0,0.0,0.0,0.0,0.0,0.0,0.0,0.0,nan,nan,4.354653130287648,2.872020549550753,nan,0.3855,0.1135,0.0,0.0,0.0,0.0,0.0,0.0,0.0,0.0,0.0,0.0,0.0,0.0,0.0,0.0,3.2404406999351915e-05,0.0008965219269820696,7.561028299848779e-05,0.0019442644199611147,0.0008101101749837978,0.007939079714841219,0.01754158565564917,0.01449557139771009,0.015705335925685893,0.03252322315834954,0.04091596457118168,0.029639230935407216,0.017390365089652193,0.02081443076258371,0.03146467919637071,0.025253834521494923,0.015176063944696479,0.0260099373514798,0.01964787211060704,0.025696694750486065,0.014841218405703176,0.05457982285590841,0.056351263771872974,0.03162670123136747,0.02080362929358393,0.05585439619788291,0.050021602937999565,0.013393821559732124,0.020187945560596242,0.03538561244329229,0.04229855260315403,0.017023115143659538,0.016364225534672715,0.030319723482393604,0.008317131129833658,0.010045366169799093,0.015899762367682004,0.01852451933462951,0.008198314970836033,0.0023763231799524736,0.004558219917908835,0.01311298336573774,0.013577446532728452,0.013383020090732339,0.004525815510909484,0.014247137610715057,0.03481313458630374,0.002959602505940808,0.010034564700799308,0.013447828904731044,0.002603154028947937,0.004752646359904947,0.00031324260099373517,0.0009289263339814215,8.641175199827177e-05,0.00027003672499459927,0.0,0.0,0.0,0.0,0.0,0.0,0.0,0.0,0.0,0.0,0.0,0.0,0.0,0.0,0.0,0.0,0.0,0.0,0.0,0.0,0.0,0.0,0.0,0.0,0.0,0.0,0.0,0.0,0.0,0.0,0.0,nan,nan,4.354653130287648,2.872020549550753,nan,0.9108627393294969,0.022855778472521897,0.0,0.0,0.0,0.0,0.0,0.0,0.0,0.0,0.0,0.0,0.0,0.0,0.0,0.0,0.0,0.0,0.0,0.0,0.0,0.0,0.0,0.0,0.0,0.0,0.0126528890763391,0.6832560101223114,8.970898355124422,15.297342893293973,4.884015183466892,0.1518346689160692,0.9102641690664317,0.022594442154066387,0.0,0.0,0.0,0.0,0.0,0.0,0.0,0.0,0.0,0.0,0.0,0.0,0.0,0.0,0.0,0.0,0.0,0.0,0.0,0.0,0.0,0.0,0.0,0.0,0.013286093888396815,0.7573073516386184,9.313551815766166,15.385296722763512,4.317980513728965,0.21257750221434904,0.3857,0.02354,0.0,0.0,0.0,0.0,0.0,0.0,0.0,0.0,0.0126528890763391,0.4808097849008858,5.592576971741883,15.588359342049747,7.743568114719529,0.5820328975115986,0.0,0.0,0.0,0.0,0.0,0.0,0.0,0.0,0.0,0.0,0.0,0.0,0.0,0.0,0.0,0.0,0.3853,0.02368,0.0,0.0,0.0,0.0,0.0,0.0,0.0,0.0,0.0,0.3852967227635076,6.1514614703277255,15.57130203720104,7.187776793622676,0.6775907883082375,0.02657218777679363,0.0,0.0,0.0,0.0,0.0,0.0,0.0,0.0,0.0,0.0,0.0,0.0,0.0,0.0,0.0
36700,4578,2337,0.5104849279161205,1090,939,0.4432066404543469,1295,0.5657492354740061,0.422,2.962070504239179,3.0490396138940525,6.4706814580031695,2.1501511416203987,9302.860764147232,1419.8287251430368,7853.0,10759.745145320892,10693.163704863511,18.137016668304106,7853.0,0.0,28.111620795107033,20.89361202716409,33.044675324675325,19.11719370159899,0.13914373088685014,0.10397553516819572,0.08890345128877239,0.08409785932721713,0.07426823940585409,0.07863695937090433,0.07426823940585409,0.062254259501965926,0.06050677151594583,0.045871559633027525,0.05111402359108781,0.041502839667977284,0.0345128877238969,0.02621231979030144,0.016601135867190912,0.012232415902140673,0.005897771952817824,0.9099885147047022,0.022678027322425767,0.0,0.0,0.0,0.0,0.0,0.0,0.0,0.0,0.0,0.0,0.0,0.0,0.0,0.0,0.0,0.0,0.0,0.0,0.0,0.0,0.0,0.0,0.0,0.0,0.013106159895150724,0.9501965923984275,8.689384010484929,15.871559633027527,4.279161205766711,0.19659239842726087,4.32498307379824,2.80764602194572,nan,nan,nan,4.343234323432343,2.8379230717082717,4.305767894371091,2.775283309352284,0.9913736109380249,0.386,0.02373,0.0,0.0,0.0,0.0,0.0,0.0,0.0,0.0,0.0,0.38663171690694637,5.897771952817826,15.262123197902993,7.752293577981653,0.7011795543905638,0.0,0.0,0.0,0.0,0.0,0.0,0.0,0.0,0.0,0.0,0.0,0.0,0.0,0.0,0.0,0.0,nan,nan,4.32498307379824,2.80764602194572,nan,0.386,0.11365,0.0,0.0,0.0,0.0,0.0,0.0,0.0,0.0,0.0,0.0,0.0,0.0,0.0,0.0,6.55307994757536e-05,0.0008628221930974225,0.0001201397990388816,0.0020969855832241153,0.0013652249890782002,0.008431629532546964,0.016885102664919178,0.01456968108344255,0.01571647007426824,0.032688947138488425,0.04079292267365662,0.028636959370904325,0.017027086063783312,0.020249017038007865,0.03296199213630406,0.02616863259065094,0.015006553079947575,0.02425731760594146,0.020292704237658367,0.025,0.014165574486675403,0.051485364788117084,0.055701179554390565,0.03214285714285714,0.022411533420707733,0.055002184359982526,0.05039318479685452,0.013564875491480995,0.019473569244211446,0.03698121450415028,0.044036697247706424,0.01683049366535605,0.01690694626474443,0.02887723896898209,0.00881389252948886,0.01008082131935343,0.016950633464394932,0.017889908256880735,0.007306684141546527,0.002512013979903888,0.005253385757972914,0.013859764089121887,0.013575797291393622,0.013051550895587592,0.0055155089558759285,0.014536915683704674,0.0332350371341197,0.003636959370904325,0.010058977719528179,0.014165574486675403,0.002653997378768021,0.004750982961992136,0.00014198339886413282,0.0006334643949322848,3.27653997378768e-05,0.00017474879860200962,0.0,0.0,0.0,0.0,0.0,0.0,0.0,0.0,0.0,0.0,0.0,0.0,0.0,0.0,0.0,0.0,0.0,0.0,0.0,0.0,0.0,0.0,0.0,0.0,0.0,0.0,0.0,0.0,0.0,0.0,0.0,nan,nan,4.32498307379824,2.80764602194572,nan,0.9101115632730515,0.0226109387879783,0.0,0.0,0.0,0.0,0.0,0.0,0.0,0.0,0.0,0.0,0.0,0.0,0.0,0.0,0.0,0.0,0.0,0.0,0.0,0.0,0.0,0.0,0.0,0.0,0.01283697047496791,0.9114249037227217,8.53658536585366,16.136071887034664,4.197689345314506,0.20539152759948656,0.9098601949794758,0.02274707004991784,0.0,0.0,0.0,0.0,0.0,0.0,0.0,0.0,0.0,0.0,0.0,0.0,0.0,0.0,0.0,0.0,0.0,0.0,0.0,0.0,0.0,0.0,0.0,0.0,0.013386880856760378,0.990629183400268,8.84872824631861,15.59571619812584,4.364123159303883,0.1874163319946453,0.3862,0.02344,0.0,0.0,0.0,0.0,0.0,0.0,0.0,0.0,0.0,0.3851091142490373,5.763799743260592,15.288831835686755,7.856225930680361,0.7060333761232351,0.0,0.0,0.0,0.0,0.0,0.0,0.0,0.0,0.0,0.0,0.0,0.0,0.0,0.0,0.0,0.0,0.3857,0.02402,0.0,0.0,0.0,0.0,0.0,0.0,0.0,0.0,0.0,0.388219544846051,6.03748326639893,15.234270414993285,7.643908969210176,0.6961178045515397,0.0,0.0,0.0,0.0,0.0,0.0,0.0,0.0,0.0,0.0,0.0,0.0,0.0,0.0,0.0,0.0
36800,4865,2473,0.5083247687564234,1166,1003,0.4458376156217883,1398,0.5747173689619732,0.41,2.9795150501672243,3.05974485224018,6.410041841004184,2.117683959871696,9296.63420126367,1419.8529779150876,7853.0,10749.630689144135,10692.98398267196,17.9715782416288,7853.0,0.0,27.931757451181912,20.85696082106468,32.868330885952034,19.10909224085145,0.13956834532374102,0.10318602261048304,0.09105858170606372,0.0842754367934224,0.08036998972250771,0.07605344295991778,0.06742034943473793,0.06557040082219938,0.05960945529290853,0.0526207605344296,0.04809866392600205,0.03741007194244604,0.031654676258992806,0.02548818088386434,0.020349434737923947,0.012538540596094553,0.00472764645426516,0.9100923302239774,0.022322244411431862,0.0,0.0,0.0,0.0,0.0,0.0,0.0,0.0,0.0,0.0,0.0,0.0,0.0,0.0,0.0,0.0,0.0,0.0,0.0,0.0,0.0,0.0,0.0,0.0,0.0,0.7523124357656734,8.830421377183969,16.131551901336078,4.106885919835561,0.17882836587872564,4.318051575931232,2.8530421034531948,nan,nan,nan,4.347631241997439,2.8729205289980007,4.2889733840304185,2.833824769527334,0.9865080880364474,0.3855,0.02362,0.0,0.0,0.0,0.0,0.0,0.0,0.0,0.0,0.0,0.36382322713257975,6.073997944501543,15.656731757451158,7.177800616649539,0.7276464542651595,0.0,0.0,0.0,0.0,0.0,0.0,0.0,0.0,0.0,0.0,0.0,0.0,0.0,0.0,0.0,0.0,nan,nan,4.318051575931232,2.8530421034531948,nan,0.3855,0.1136,0.0,0.0,0.0,0.0,0.0,0.0,0.0,0.0,0.0,0.0,0.0,0.0,0.0,0.0,4.110996916752313e-05,0.000894141829393628,0.00025693730729701953,0.0016238437821171634,0.0016032887975334018,0.008530318602261049,0.018232271325796506,0.015313463514902363,0.015077081192189106,0.033072970195272354,0.042219938335046246,0.028468653648509763,0.016310380267214798,0.0195169578622816,0.033216855087358686,0.026783144912641315,0.014511819116135662,0.023103802672147997,0.01947584789311408,0.02304213771839671,0.014850976361767729,0.050770811921891056,0.05739979445015416,0.033391572456320656,0.022600205549845837,0.056022610483042135,0.04805755395683453,0.013699897225077081,0.021079136690647482,0.036156217882836586,0.04526207605344296,0.017060637204522097,0.016382322713257964,0.027831449126413155,0.009146968139773896,0.010729701952723535,0.016916752312435765,0.01696813977389517,0.007790339157245632,0.0024049331963001026,0.004203494347379239,0.01316546762589928,0.015056526207605345,0.013730729701952724,0.0050462487153134635,0.014398766700924975,0.03292908530318602,0.004717368961973278,0.009660842754367934,0.013268242548818088,0.0024563206577595067,0.004665981500513875,4.110996916752313e-05,0.0006474820143884892,0.00018499486125385405,1.0277492291880782e-05,0.0,0.0,0.0,0.0,0.0,0.0,0.0,0.0,0.0,0.0,0.0,0.0,0.0,0.0,0.0,0.0,0.0,0.0,0.0,0.0,0.0,0.0,0.0,0.0,0.0,0.0,0.0,0.0,0.0,0.0,0.0,nan,nan,4.318051575931232,2.8530421034531948,nan,0.9105148544882262,0.022182865870405986,0.0,0.0,0.0,0.0,0.0,0.0,0.0,0.0,0.0,0.0,0.0,0.0,0.0,0.0,0.0,0.0,0.0,0.0,0.0,0.0,0.0,0.0,0.0,0.0,0.0,0.7763849575414479,8.649413667610192,16.182773958754552,4.197331176708452,0.19409623938536197,0.9096554980728538,0.02245707709731051,0.0,0.0,0.0,0.0,0.0,0.0,0.0,0.0,0.0,0.0,0.0,0.0,0.0,0.0,0.0,0.0,0.0,0.0,0.0,0.0,0.0,0.0,0.0,0.0,0.0,0.7274247491638798,9.017558528428095,16.078595317725757,4.013377926421406,0.16304347826086962,0.3855,0.02354,0.0,0.0,0.0,0.0,0.0,0.0,0.0,0.0,0.0,0.3154063890012132,6.114031540638901,15.60048524059844,7.351395066720584,0.6186817630408412,0.0,0.0,0.0,0.0,0.0,0.0,0.0,0.0,0.0,0.0,0.0,0.0,0.0,0.0,0.0,0.0,0.3855,0.0237,0.0,0.0,0.0,0.0,0.0,0.0,0.0,0.0,0.0,0.41387959866220747,6.032608695652176,15.714882943143792,6.998327759197326,0.8403010033444818,0.0,0.0,0.0,0.0,0.0,0.0,0.0,0.0,0.0,0.0,0.0,0.0,0.0,0.0,0.0,0.0
36900,4781,2473,0.5172558042250576,1181,959,0.44760510353482535,1334,0.5580422505751935,0.426,2.9471403812824954,3.1038880357865106,6.626356589147287,2.1497978769186346,9321.954239035396,1419.1658103476623,7853.0,10759.64344072342,10692.89899588687,18.471469989160425,7853.0,0.0,27.908387366659696,20.754629059900225,32.70957341269841,19.05359316029455,0.13679146622045596,0.10395314787701318,0.09265843965697552,0.08324618280694415,0.08115457017360385,0.07864463501359548,0.06839573311022798,0.06609495921355366,0.05542773478351809,0.05312696088684376,0.05019870320016733,0.03932231750679774,0.032210834553440704,0.021543610123405145,0.01966115875339887,0.011294708220037648,0.006274837900020916,0.9106058680195859,0.022611070843632373,0.0,0.0,0.0,0.0,0.0,0.0,0.0,0.0,0.0,0.0,0.0,0.0,0.0,0.0,0.0,0.0,0.0,0.0,0.0,0.0,0.0,0.0,0.0,0.0,0.006274837900020917,0.765530223802552,8.822422087429409,15.66827023635223,4.5367078017151234,0.20079481280066935,4.280610587853199,2.9224885650464336,nan,nan,nan,4.329863370201692,2.891190855285004,4.231018818948734,2.9534301597086405,0.9771714387264018,0.3855,0.02347,0.0,0.0,0.0,0.0,0.0,0.0,0.0,0.0,0.006274837900020917,0.4455134909014851,5.935996653419788,15.467475423551537,7.617653210625393,0.5208115457017362,0.006274837900020917,0.0,0.0,0.0,0.0,0.0,0.0,0.0,0.0,0.0,0.0,0.0,0.0,0.0,0.0,0.0,nan,nan,4.280610587853199,2.9224885650464336,nan,0.3855,0.1132,0.0,0.0,0.0,0.0,0.0,0.0,0.0,0.0,0.0,0.0,0.0,0.0,0.0,0.0,4.1832252666806106e-05,0.000794812800669316,0.0005333612215017778,0.0009830579376699435,0.0012967998326709894,0.007017360384856725,0.019786655511399288,0.015310604476051036,0.014494875549048316,0.030600292825768666,0.04477096841664924,0.02725371261242418,0.017412675172558043,0.018448023426061493,0.03240953775360803,0.027159590043923865,0.015164191591717214,0.0239803388412466,0.020037649027400125,0.022443003555741477,0.015394268981384648,0.05474796067768249,0.060656766366868856,0.030579376699435265,0.022798577703409328,0.05743568291152479,0.04556578121731855,0.014505333612215017,0.022516209997908387,0.03432336331311441,0.04394478142647982,0.017036184898556787,0.014609914243882033,0.02642752562225476,0.009746914871365824,0.011054172767203514,0.01767412675172558,0.01637732691905459,0.007655302238025518,0.0031478770131771598,0.004392386530014641,0.013334030537544447,0.014013804643380047,0.012915708010876386,0.004800250993516001,0.015592972181551977,0.03351809244927839,0.004549257477515164,0.009286760092030956,0.01294708220037649,0.002896883497176323,0.005009412256850031,7.320644216691069e-05,0.0005333612215017778,0.0,0.0,0.0,0.0,0.0,0.0,0.0,0.0,0.0,0.0,0.0,0.0,0.0,0.0,0.0,0.0,0.0,0.0,0.0,0.0,0.0,0.0,0.0,0.0,0.0,0.0,0.0,0.0,0.0,0.0,0.0,0.0,0.0,nan,nan,4.280610587853199,2.9224885650464336,nan,0.9104017015656526,0.02310024777124742,0.0,0.0,0.0,0.0,0.0,0.0,0.0,0.0,0.0,0.0,0.0,0.0,0.0,0.0,0.0,0.0,0.0,0.0,0.0,0.0,0.0,0.0,0.0,0.0,0.0,0.897695107157299,8.976951071572989,15.236554791750914,4.670440760210272,0.2183582693085322,0.9108246304288481,0.022072799744385543,0.0,0.0,0.0,0.0,0.0,0.0,0.0,0.0,0.0,0.0,0.0,0.0,0.0,0.0,0.0,0.0,0.0,0.0,0.0,0.0,0.0,0.0,0.0,0.0,0.01299826689774697,0.6239168110918545,8.656845753899482,16.13084922010399,4.3934142114384755,0.18197573656845759,0.3855,0.02338,0.0,0.0,0.0,0.0,0.0,0.0,0.0,0.0,0.012131014961585123,0.49737161342499,5.8228871815608585,15.57622321067527,7.569753336029116,0.5095026283865751,0.012131014961585123,0.0,0.0,0.0,0.0,0.0,0.0,0.0,0.0,0.0,0.0,0.0,0.0,0.0,0.0,0.0,0.3855,0.02357,0.0,0.0,0.0,0.0,0.0,0.0,0.0,0.0,0.0,0.3899480069324091,6.057192374350088,15.350953206239145,7.668977469670712,0.5329289428076257,0.0,0.0,0.0,0.0,0.0,0.0,0.0,0.0,0.0,0.0,0.0,0.0,0.0,0.0,0.0,0.0
37000,4758,2482,0.5216477511559479,1200,949,0.4516603614964271,1316,0.5531736023539302,0.426,2.9815465729349735,3.1781620400124546,6.673015873015873,2.211313360319117,9334.248105434497,1418.5061875326974,7853.0,10763.579870939255,10692.556198894978,17.97336391137836,7853.0,0.0,28.118747372845732,20.724041571600896,32.73318496538081,19.04872394469712,0.12904581757040773,0.10256410256410256,0.09478772593526692,0.08974358974358974,0.07650273224043716,0.07797393862967633,0.07040773434216058,0.06452290878520386,0.061580496006725514,0.04770912147961328,0.051492223623371164,0.040983606557377046,0.034047919293820936,0.025220680958385876,0.017234131988230348,0.009457755359394703,0.006725514922236234,0.9097368240281282,0.022298630587222364,0.0,0.0,0.0,0.0,0.0,0.0,0.0,0.0,0.0,0.0,0.0,0.0,0.0,0.0,0.0,0.0,0.0,0.0,0.0,0.0,0.0,0.0,0.0,0.0,0.006305170239596471,0.7881462799495589,9.2875157629256,15.472887767969738,4.262295081967214,0.18284993694829765,4.271082390953151,2.9868620170476854,nan,nan,nan,4.242132305716121,3.0286277122421246,4.300390117035111,2.9436868779788776,1.0137331434100936,0.3848,0.02417,0.0,0.0,0.0,0.0,0.0,0.0,0.0,0.0,0.006305170239596471,0.41614123581336704,6.6708701134930655,14.76670870113491,7.496847414880203,0.6242118537200505,0.01891551071878941,0.0,0.0,0.0,0.0,0.0,0.0,0.0,0.0,0.0,0.0,0.0,0.0,0.0,0.0,0.0,nan,nan,4.271082390953151,2.9868620170476854,nan,0.3848,0.11304,0.0,0.0,0.0,0.0,0.0,0.0,0.0,0.0,0.0,0.0,0.0,0.0,0.0,0.0,0.0,0.0014081546868432114,0.0008617065994115174,0.0008932324506094998,0.0014186633039092057,0.0069146700294241276,0.01987179487179487,0.015132408575031526,0.01394493484657419,0.03187263556116015,0.04529213955443464,0.02724884405212274,0.017328709541824295,0.02055485498108449,0.03244010088272383,0.02586170659941152,0.014239176124422026,0.022120638923917614,0.022131147540983605,0.023802017654476672,0.01496427070197562,0.05146069777217318,0.061296763345943674,0.031094997898276588,0.022583018074821354,0.05937368642286675,0.042454812946616224,0.014459857082807902,0.021469104665825977,0.034468263976460696,0.0451765447667087,0.017959226565783942,0.014869693148381673,0.025725094577553596,0.01044556536359815,0.011748633879781421,0.01855821773854561,0.01634089953762085,0.007629255989911728,0.003741067675493905,0.00403530895334174,0.013766288356452291,0.014449348465741908,0.012211013030685162,0.00515973097940311,0.014869693148381673,0.03383774695250105,0.004539722572509458,0.007219419924337957,0.012158469945355192,0.003362757461118117,0.004739386296763346,1.0508617065994115e-05,0.0004728877679697352,1.0508617065994115e-05,0.0,0.0,0.0,0.0,0.0,0.0,0.0,0.0,0.0,0.0,0.0,0.0,0.0,0.0,0.0,0.0,0.0,0.0,0.0,0.0,0.0,0.0,0.0,0.0,0.0,0.0,0.0,0.0,0.0,0.0,0.0,0.0,nan,nan,4.271082390953151,2.9868620170476854,nan,0.9102499003039551,0.02216789126251017,0.0,0.0,0.0,0.0,0.0,0.0,0.0,0.0,0.0,0.0,0.0,0.0,0.0,0.0,0.0,0.0,0.0,0.0,0.0,0.0,0.0,0.0,0.0,0.0,0.012087026591458504,0.7010475423045932,9.077356970185336,15.519742143432719,4.508460918614022,0.18130539887187758,0.9091773093899022,0.022426959196826243,0.0,0.0,0.0,0.0,0.0,0.0,0.0,0.0,0.0,0.0,0.0,0.0,0.0,0.0,0.0,0.0,0.0,0.0,0.0,0.0,0.0,0.0,0.0,0.0,0.0,0.8831282952548333,9.51669595782074,15.421792618629178,3.993848857644992,0.18453427065026368,0.385,0.02399,0.0,0.0,0.0,0.0,0.0,0.0,0.0,0.0,0.012087026591458504,0.39887187751813064,6.502820306204675,14.75825946817081,7.735697018533442,0.5801772763900082,0.012087026591458504,0.0,0.0,0.0,0.0,0.0,0.0,0.0,0.0,0.0,0.0,0.0,0.0,0.0,0.0,0.0,0.3845,0.02435,0.0,0.0,0.0,0.0,0.0,0.0,0.0,0.0,0.0,0.43497363796133576,6.854130052724079,14.775922671353229,7.2363796133567675,0.6722319859402461,0.026362038664323382,0.0,0.0,0.0,0.0,0.0,0.0,0.0,0.0,0.0,0.0,0.0,0.0,0.0,0.0,0.0
37100,4988,2596,0.520449077786688,1263,1009,0.45549318364073776,1401,0.5617481956696071,0.38199999999999995,3.0305183946488294,3.099302176096843,6.598314606741573,2.1070767523629605,9330.429830228413,1418.251786134976,7853.0,10764.431052565575,10691.759627572928,18.01344480891511,7853.0,0.0,28.239975942261427,20.747854976506012,33.213552851348126,18.892340062874975,0.13873295910184444,0.09823576583801123,0.08781074578989576,0.08319967923015237,0.07959101844426623,0.07939053728949479,0.06996792301523656,0.061146752205292705,0.06475541299117883,0.05533279871692061,0.04871692060946271,0.03929430633520449,0.035485164394546916,0.024659182036888532,0.018444266238973536,0.009021651964715317,0.006214915797914996,0.9100452872305368,0.02268835681469594,0.0,0.0,0.0,0.0,0.0,0.0,0.0,0.0,0.0,0.0,0.0,0.0,0.0,0.0,0.0,0.0,0.0,0.0,0.0,0.0,0.0,0.0,0.0,0.0,0.012028869286287092,0.8600641539695271,9.051724137931036,15.463111467522056,4.426623897353649,0.18644747393744993,4.186580882352941,2.8650922761424256,nan,nan,nan,4.116207951070336,2.838779132995497,4.257213014119092,2.889538692133374,1.0342560591507748,0.3843,0.023,0.0,0.0,0.0,0.0,0.0,0.0,0.0,0.0,0.0,0.34282277465918215,6.194867682437852,15.914194065757796,6.9887730553328,0.5473135525260626,0.012028869286287092,0.0,0.0,0.0,0.0,0.0,0.0,0.0,0.0,0.0,0.0,0.0,0.0,0.0,0.0,0.0,nan,nan,4.186580882352941,2.8650922761424256,nan,0.3843,0.11255,0.0,0.0,0.0,0.0,0.0,0.0,0.0,0.0,0.0,0.0,0.0,0.0,0.0,0.0,0.0,0.001152766639935846,0.0011728147554129912,0.0007317562149157979,0.0014234161988773055,0.006375300721732157,0.01865477145148356,0.015467121090617483,0.013352044907778669,0.03187650360866079,0.046862469927826784,0.026934643143544507,0.017091018444266238,0.02040898155573376,0.03115477145148356,0.025300721732157177,0.014194065757818765,0.024248195669607057,0.026062550120288693,0.025531275060144347,0.015918203688853248,0.04867682437850842,0.06062550120288693,0.03076383319967923,0.023606655974338413,0.059212109061748196,0.04344426623897354,0.014424619085805935,0.021942662389735364,0.03405172413793103,0.04229149959903769,0.01771251002405774,0.01667000801924619,0.022433841218925422,0.010675621491579792,0.011327185244587009,0.019997995188452286,0.017221331194867684,0.0074478748997594225,0.003809141940657578,0.004099839615076183,0.013502405773857258,0.014123897353648758,0.01281074578989575,0.004851643945469126,0.015276663993584603,0.03354049719326383,0.004821571772253408,0.007578187650360866,0.011267040898155573,0.0028568564554931836,0.004450681635926223,9.021651964715317e-05,0.000471130713712911,1.0024057738572574e-05,0.0,0.0,0.0,0.0,0.0,0.0,0.0,0.0,0.0,0.0,0.0,0.0,0.0,0.0,0.0,0.0,0.0,0.0,0.0,0.0,0.0,0.0,0.0,0.0,0.0,0.0,0.0,0.0,0.0,0.0,0.0,0.0,nan,nan,4.186580882352941,2.8650922761424256,nan,0.9094213741402413,0.0227688800972275,0.0,0.0,0.0,0.0,0.0,0.0,0.0,0.0,0.0,0.0,0.0,0.0,0.0,0.0,0.0,0.0,0.0,0.0,0.0,0.0,0.0,0.0,0.0,0.0,0.011556240369799695,0.9822804314329739,9.140986132511557,15.531587057010789,4.183359013867489,0.15023112480739603,0.9107224103001049,0.022581143366654937,0.0,0.0,0.0,0.0,0.0,0.0,0.0,0.0,0.0,0.0,0.0,0.0,0.0,0.0,0.0,0.0,0.0,0.0,0.0,0.0,0.0,0.0,0.0,0.0,0.012541806020066893,0.7274247491638798,8.95484949832776,15.388795986622076,4.690635451505018,0.22575250836120406,0.3843,0.02327,0.0,0.0,0.0,0.0,0.0,0.0,0.0,0.0,0.0,0.3351309707241911,6.194144838212636,15.959167950693352,6.80662557781202,0.6933744221879817,0.011556240369799695,0.0,0.0,0.0,0.0,0.0,0.0,0.0,0.0,0.0,0.0,0.0,0.0,0.0,0.0,0.0,0.3843,0.0227,0.0,0.0,0.0,0.0,0.0,0.0,0.0,0.0,0.0,0.351170568561873,6.195652173913045,15.865384615384592,7.186454849498329,0.38879598662207365,0.012541806020066893,0.0,0.0,0.0,0.0,0.0,0.0,0.0,0.0,0.0,0.0,0.0,0.0,0.0,0.0,0.0
37200,4960,2527,0.509475806451613,1175,1070,0.4526209677419355,1446,0.5830645161290322,0.39399999999999996,2.946979038224414,3.0992727025554165,6.73820395738204,2.128651784126876,9299.173669526077,1419.0793991383212,7853.0,10750.96186363697,10691.552196616281,18.00583327217614,7853.0,0.0,27.455645161290324,20.466663699070832,32.33925997116771,18.718436286742385,0.14254032258064517,0.09616935483870968,0.09495967741935483,0.08709677419354839,0.08669354838709678,0.07903225806451612,0.07076612903225807,0.062298387096774197,0.05705645161290323,0.04939516129032258,0.04415322580645161,0.04415322580645161,0.03185483870967742,0.025806451612903226,0.014516129032258065,0.007258064516129033,0.00625,0.9094850880244086,0.02286142465561235,0.0,0.0,0.0,0.0,0.0,0.0,0.0,0.0,0.0,0.0,0.0,0.0,0.0,0.0,0.0,0.0,0.0,0.0,0.0,0.0,0.0,0.0,0.0,0.0,0.018145161290322582,0.901209677419355,9.368951612903228,15.28427419354839,4.245967741935485,0.18145161290322584,4.280075187969925,2.8923681435903075,nan,nan,nan,4.3226415094339625,2.913154388995891,4.237827715355805,2.8709648598072546,0.9803791746567335,0.3838,0.02388,0.0,0.0,0.0,0.0,0.0,0.0,0.0,0.0,0.0,0.5322580645161291,6.68951612903226,15.21774193548385,7.028225806451615,0.5322580645161291,0.0,0.0,0.0,0.0,0.0,0.0,0.0,0.0,0.0,0.0,0.0,0.0,0.0,0.0,0.0,0.0,nan,nan,4.280075187969925,2.8923681435903075,nan,0.3838,0.1125,0.0,0.0,0.0,0.0,0.0,0.0,0.0,0.0,0.0,0.0,0.0,0.0,0.0,0.0,0.0,0.0015120967741935483,0.0010483870967741935,0.0007258064516129033,0.0016330645161290324,0.006149193548387097,0.020554435483870967,0.015534274193548386,0.013568548387096774,0.03214717741935484,0.04443548387096774,0.02496975806451613,0.019546370967741936,0.020514112903225808,0.02998991935483871,0.025211693548387096,0.015141129032258064,0.023518145161290322,0.029848790322580646,0.024667338709677418,0.016088709677419356,0.048185483870967744,0.060766129032258066,0.030806451612903227,0.024596774193548387,0.05925403225806452,0.04303427419354839,0.014243951612903226,0.021108870967741937,0.03279233870967742,0.04254032258064516,0.017237903225806452,0.019203629032258064,0.02125,0.009576612903225807,0.012318548387096773,0.020735887096774194,0.017066532258064517,0.006834677419354839,0.003125,0.003991935483870968,0.013457661290322581,0.014183467741935483,0.01215725806451613,0.005705645161290323,0.015574596774193549,0.031139112903225807,0.005201612903225806,0.008477822580645162,0.010866935483870967,0.0028629032258064516,0.004122983870967742,0.0001310483870967742,0.0006451612903225806,0.0,0.0,0.0,0.0,0.0,0.0,0.0,0.0,0.0,0.0,0.0,0.0,0.0,0.0,0.0,0.0,0.0,0.0,0.0,0.0,0.0,0.0,0.0,0.0,0.0,0.0,0.0,0.0,0.0,0.0,0.0,0.0,0.0,nan,nan,4.280075187969925,2.8923681435903075,nan,0.9093323653990637,0.02289373437922801,0.0,0.0,0.0,0.0,0.0,0.0,0.0,0.0,0.0,0.0,0.0,0.0,0.0,0.0,0.0,0.0,0.0,0.0,0.0,0.0,0.0,0.0,0.0,0.0,0.011871784724970323,0.9734863474475665,9.319351009101704,15.373961218836568,4.1551246537396125,0.16620498614958454,0.9096437111539798,0.022826736471439204,0.0,0.0,0.0,0.0,0.0,0.0,0.0,0.0,0.0,0.0,0.0,0.0,0.0,0.0,0.0,0.0,0.0,0.0,0.0,0.0,0.0,0.0,0.0,0.0,0.024660912453760796,0.8261405672009866,9.420468557336623,15.191122071516649,4.340320591861899,0.19728729963008637,0.384,0.02399,0.0,0.0,0.0,0.0,0.0,0.0,0.0,0.0,0.0,0.46299960427384257,6.695686584883262,15.136525524337136,7.123070834982194,0.5817174515235458,0.0,0.0,0.0,0.0,0.0,0.0,0.0,0.0,0.0,0.0,0.0,0.0,0.0,0.0,0.0,0.0,0.3833,0.02376,0.0,0.0,0.0,0.0,0.0,0.0,0.0,0.0,0.0,0.6041923551171394,6.683107274969175,15.302096177558548,6.929716399506783,0.4808877928483355,0.0,0.0,0.0,0.0,0.0,0.0,0.0,0.0,0.0,0.0,0.0,0.0,0.0,0.0,0.0,0.0
37300,4610,2324,0.5041214750542299,1102,971,0.4496746203904555,1339,0.5809110629067246,0.39399999999999996,2.857830271216098,2.9807485861645224,6.276176024279211,2.1120853073072645,9283.62338208767,1418.9360679876947,7853.0,10755.674022555351,10690.854471352906,17.918783334619206,7853.0,0.0,28.19175704989154,21.028802099431882,33.23815687289671,19.234071178299217,0.1403470715835141,0.10086767895878525,0.08199566160520608,0.09262472885032538,0.08373101952277658,0.07331887201735358,0.07136659436008677,0.057917570498915404,0.057049891540130154,0.05336225596529284,0.04598698481561822,0.04425162689804772,0.03492407809110629,0.024078091106290674,0.020173535791757048,0.010845986984815618,0.007158351409978308,0.9088974129869208,0.02249858542324961,0.0,0.0,0.0,0.0,0.0,0.0,0.0,0.0,0.0,0.0,0.0,0.0,0.0,0.0,0.0,0.0,0.0,0.0,0.0,0.0,0.0,0.0,0.0,0.0,0.013015184381778745,0.8590021691973971,9.390455531453364,15.767895878524948,3.7809110629067253,0.18872017353579182,4.140583554376658,2.8241094798935293,nan,nan,nan,4.1245033112582785,2.7988400361582437,4.156706507304117,2.849129927564014,1.0078077755345562,0.3835,0.02339,0.0,0.0,0.0,0.0,0.0,0.0,0.0,0.0,0.0,0.41648590021691984,6.663774403470717,15.644251626898026,6.787418655097616,0.48156182212581355,0.006507592190889372,0.0,0.0,0.0,0.0,0.0,0.0,0.0,0.0,0.0,0.0,0.0,0.0,0.0,0.0,0.0,nan,nan,4.140583554376658,2.8241094798935293,nan,0.3835,0.1117,0.0,0.0,0.0,0.0,0.0,0.0,0.0,0.0,0.0,0.0,0.0,0.0,0.0,0.0,0.0,0.0013557483731019523,0.001334056399132321,0.0006941431670281996,0.0021908893709327547,0.006388286334056399,0.021225596529284164,0.013557483731019523,0.014045553145336226,0.03157266811279826,0.040498915401301516,0.025021691973969633,0.019663774403470717,0.02086767895878525,0.029869848156182214,0.02779826464208243,0.014761388286334056,0.025368763557483732,0.03032537960954447,0.024446854663774404,0.015379609544468547,0.048904555314533624,0.059219088937093274,0.031149674620390456,0.026702819956616053,0.058069414316702817,0.04066160520607375,0.01552060737527115,0.02297180043383948,0.0310412147505423,0.045184381778741865,0.019316702819956615,0.020997830802603038,0.019121475054229935,0.010130151843817787,0.011746203904555315,0.02088937093275488,0.01693058568329718,0.0072776572668112795,0.002809110629067245,0.003557483731019523,0.011659436008676789,0.014110629067245119,0.013080260303687636,0.005412147505422993,0.014110629067245119,0.031084598698481562,0.005086767895878525,0.008264642082429502,0.010303687635574838,0.0034273318872017353,0.004056399132321041,0.00021691973969631235,0.0005748373101952278,0.0,0.0,0.0,4.3383947939262474e-05,0.0,0.0,0.0,0.0,0.0,0.0,0.0,0.0,0.0,0.0,0.0,0.0,0.0,0.0,0.0,0.0,0.0,0.0,0.0,0.0,0.0,0.0,0.0,0.0,0.0,0.0,0.0,0.0,0.0,nan,nan,4.140583554376658,2.8241094798935293,nan,0.9089882999350816,0.022293168261722573,0.0,0.0,0.0,0.0,0.0,0.0,0.0,0.0,0.0,0.0,0.0,0.0,0.0,0.0,0.0,0.0,0.0,0.0,0.0,0.0,0.0,0.0,0.0,0.0,0.025817555938037872,0.7487091222030983,9.462134251290879,15.684165232358007,3.9113597246127374,0.16781411359724618,0.9088050152320979,0.02270513935821162,0.0,0.0,0.0,0.0,0.0,0.0,0.0,0.0,0.0,0.0,0.0,0.0,0.0,0.0,0.0,0.0,0.0,0.0,0.0,0.0,0.0,0.0,0.0,0.0,0.0,0.9711286089238848,9.317585301837273,15.853018372703415,3.648293963254594,0.20997375328083995,0.383,0.02307,0.0,0.0,0.0,0.0,0.0,0.0,0.0,0.0,0.0,0.4388984509466438,6.815834767641998,15.697074010327,6.67383820998279,0.36144578313253023,0.012908777969018936,0.0,0.0,0.0,0.0,0.0,0.0,0.0,0.0,0.0,0.0,0.0,0.0,0.0,0.0,0.0,0.384,0.02373,0.0,0.0,0.0,0.0,0.0,0.0,0.0,0.0,0.0,0.3937007874015749,6.509186351706038,15.59055118110234,6.902887139107613,0.6036745406824148,0.0,0.0,0.0,0.0,0.0,0.0,0.0,0.0,0.0,0.0,0.0,0.0,0.0,0.0,0.0,0.0
37400,4455,2248,0.5046015712682379,1068,909,0.44377104377104376,1289,0.578675645342312,0.41,2.9796103307657456,3.097719937397549,6.530674846625767,2.1200136383501453,9284.891878858212,1418.8298052171972,7853.0,10742.817834973335,10690.668291954331,17.705605350666694,7853.0,0.0,28.1351290684624,20.97156779927939,33.146067415730336,19.171428541862603,0.14186307519640853,0.09809203142536475,0.09248035914702582,0.08282828282828283,0.08215488215488216,0.07721661054994389,0.06823793490460157,0.05544332210998878,0.06307519640852974,0.051627384960718295,0.04870931537598204,0.03995510662177329,0.03524130190796858,0.027160493827160494,0.0186307519640853,0.010998877665544332,0.006285072951739619,0.9085297556972397,0.02252633340292336,0.0,0.0,0.0,0.0,0.0,0.0,0.0,0.0,0.0,0.0,0.0,0.0,0.0,0.0,0.0,0.0,0.0,0.0,0.0,0.0,0.0,0.0,0.0,0.0,0.026936026936026942,0.8686868686868688,9.865319865319867,15.084175084175087,4.013468013468014,0.14141414141414144,4.2848254407189765,2.83948407927377,nan,nan,nan,4.21438263229308,2.8358835437432792,4.361071932299013,2.8400137033905906,1.0348068300400428,0.3833,0.02306,0.0,0.0,0.0,0.0,0.0,0.0,0.0,0.0,0.0,0.3771043771043772,6.673400673400675,15.973063973063951,6.558922558922561,0.4107744107744109,0.0067340067340067354,0.0,0.0,0.0,0.0,0.0,0.0,0.0,0.0,0.0,0.0,0.0,0.0,0.0,0.0,0.0,nan,nan,4.2848254407189765,2.83948407927377,nan,0.3833,0.1111,0.0,0.0,0.0,0.0,0.0,0.0,0.0,0.0,0.0,0.0,0.0,0.0,0.0,1.122334455667789e-05,0.0,0.0011335578002244669,0.0014814814814814814,0.0008417508417508417,0.002132435465768799,0.006318742985409652,0.02051627384960718,0.014713804713804714,0.013849607182940517,0.029371492704826037,0.039584736251402915,0.026105499438832773,0.019090909090909092,0.02138047138047138,0.02898989898989899,0.02860830527497194,0.017485970819304152,0.02526374859708193,0.03062850729517396,0.025061728395061728,0.015679012345679012,0.04918069584736252,0.05769921436588103,0.03156004489337823,0.025173961840628506,0.059977553310886646,0.03987654320987654,0.014612794612794612,0.023973063973063972,0.031672278338945,0.045993265993265996,0.01840628507295174,0.022087542087542086,0.019562289562289562,0.009113355780022446,0.011896745230078564,0.02154882154882155,0.016980920314253647,0.00792368125701459,0.0028956228956228958,0.003681257014590348,0.010594837261503929,0.013322109988776655,0.01324354657687991,0.005398428731762065,0.013254769921436588,0.03209876543209877,0.004354657687991021,0.0069696969696969695,0.010662177328843996,0.002861952861952862,0.004612794612794613,0.0001234567901234568,0.0004264870931537598,0.0,0.0,0.0,1.122334455667789e-05,0.0,0.0,0.0,0.0,0.0,0.0,0.0,0.0,0.0,0.0,0.0,0.0,0.0,0.0,0.0,0.0,0.0,0.0,0.0,0.0,0.0,0.0,0.0,0.0,0.0,0.0,0.0,0.0,0.0,nan,nan,4.2848254407189765,2.83948407927377,nan,0.9085254307266232,0.022361421767093322,0.0,0.0,0.0,0.0,0.0,0.0,0.0,0.0,0.0,0.0,0.0,0.0,0.0,0.0,0.0,0.0,0.0,0.0,0.0,0.0,0.0,0.0,0.0,0.0,0.01334519572953737,0.867437722419929,9.848754448398578,14.986654804270465,4.150355871886122,0.13345195729537368,0.9085341610139347,0.02269307580787467,0.0,0.0,0.0,0.0,0.0,0.0,0.0,0.0,0.0,0.0,0.0,0.0,0.0,0.0,0.0,0.0,0.0,0.0,0.0,0.0,0.0,0.0,0.0,0.0,0.04077933846850929,0.8699592206615318,9.882193022202086,15.183507023108294,3.8740371545083834,0.14952424105120074,0.3833,0.02312,0.0,0.0,0.0,0.0,0.0,0.0,0.0,0.0,0.0,0.37366548042704634,6.619217081850535,16.134341637010653,6.499110320284699,0.360320284697509,0.01334519572953737,0.0,0.0,0.0,0.0,0.0,0.0,0.0,0.0,0.0,0.0,0.0,0.0,0.0,0.0,0.0,0.383,0.02301,0.0,0.0,0.0,0.0,0.0,0.0,0.0,0.0,0.0,0.3806071590394201,6.728590847304035,15.808790212958744,6.619845944721343,0.46216583597643873,0.0,0.0,0.0,0.0,0.0,0.0,0.0,0.0,0.0,0.0,0.0,0.0,0.0,0.0,0.0,0.0
37500,4720,2385,0.5052966101694916,1144,987,0.4514830508474576,1364,0.5779661016949152,0.37799999999999995,2.9254817987152033,3.058672077051801,6.485163204747774,2.122492107840433,9286.822930619297,1418.775302512875,7853.0,10748.105384349823,10690.58668030318,18.594313998174947,7853.0,0.0,28.241101694915255,20.94603450532183,33.20141164608016,19.16227698138622,0.13834745762711864,0.09491525423728814,0.09152542372881356,0.08877118644067797,0.08411016949152543,0.06970338983050847,0.07330508474576271,0.06525423728813559,0.05572033898305085,0.05699152542372881,0.043220338983050846,0.04449152542372881,0.03135593220338983,0.025423728813559324,0.01694915254237288,0.011652542372881356,0.00826271186440678,0.9088078757337594,0.023105689791821548,0.0,0.0,0.0,0.0,0.0,0.0,0.0,0.0,0.0,0.0,0.0,0.0,0.0,0.0,0.0,0.0,0.0,0.0,0.0,0.0,0.0,0.0,0.0,0.0,0.019067796610169496,1.0614406779661019,9.41949152542373,15.050847457627121,4.258474576271187,0.19067796610169496,4.203312763884378,2.835693607634324,nan,nan,nan,4.168175937904269,2.852823010765562,4.238747553816047,2.817869823583697,1.016931054965799,0.3823,0.02364,0.0,0.0,0.0,0.0,0.0,0.0,0.0,0.0,0.0,0.6610169491525426,6.756355932203391,15.73093220338981,6.41949152542373,0.43220338983050854,0.0,0.0,0.0,0.0,0.0,0.0,0.0,0.0,0.0,0.0,0.0,0.0,0.0,0.0,0.0,0.0,nan,nan,4.203312763884378,2.835693607634324,nan,0.3823,0.11005,0.0,0.0,0.0,0.0,0.0,0.0,0.0,0.0,0.0,0.0,0.0,0.0,0.0,0.0,0.0,0.0011546610169491526,0.0015889830508474577,0.0007838983050847458,0.002129237288135593,0.006122881355932203,0.021451271186440676,0.014819915254237289,0.013527542372881356,0.029173728813559324,0.04016949152542373,0.025773305084745762,0.01830508474576271,0.02288135593220339,0.02753177966101695,0.027097457627118644,0.019216101694915253,0.025773305084745762,0.031154661016949154,0.023061440677966102,0.014480932203389831,0.05211864406779661,0.05867584745762712,0.03180084745762712,0.023845338983050846,0.05823093220338983,0.04103813559322034,0.014777542372881355,0.024947033898305083,0.03233050847457627,0.047288135593220336,0.01917372881355932,0.022033898305084745,0.019385593220338983,0.009862288135593221,0.011906779661016949,0.02309322033898305,0.016927966101694916,0.007997881355932204,0.003114406779661017,0.0031885593220338983,0.010550847457627119,0.011832627118644069,0.011885593220338983,0.005635593220338983,0.014279661016949153,0.029565677966101694,0.003485169491525424,0.006875,0.010402542372881357,0.002733050847457627,0.004343220338983051,0.00022245762711864406,0.00023305084745762713,1.0593220338983052e-05,1.0593220338983052e-05,0.0,0.0,0.0,0.0,0.0,0.0,0.0,0.0,0.0,0.0,0.0,0.0,0.0,0.0,0.0,0.0,0.0,0.0,0.0,0.0,0.0,0.0,0.0,0.0,0.0,0.0,0.0,0.0,0.0,0.0,0.0,nan,nan,4.203312763884378,2.835693607634324,nan,0.9089635968208313,0.023328613435446403,0.0,0.0,0.0,0.0,0.0,0.0,0.0,0.0,0.0,0.0,0.0,0.0,0.0,0.0,0.0,0.0,0.0,0.0,0.0,0.0,0.0,0.0,0.0,0.0,0.02515723270440252,1.0314465408805034,9.559748427672957,14.955974842767299,4.201257861635221,0.2264150943396227,0.908648820148035,0.022874655721342108,0.0,0.0,0.0,0.0,0.0,0.0,0.0,0.0,0.0,0.0,0.0,0.0,0.0,0.0,0.0,0.0,0.0,0.0,0.0,0.0,0.0,0.0,0.0,0.0,0.012847965738758033,1.0920770877944328,9.276231263383298,15.14775160599572,4.316916488222699,0.15417558886509639,0.3828,0.02383,0.0,0.0,0.0,0.0,0.0,0.0,0.0,0.0,0.0,0.7547169811320756,6.251572327044027,15.924528301886768,6.616352201257863,0.4528301886792454,0.0,0.0,0.0,0.0,0.0,0.0,0.0,0.0,0.0,0.0,0.0,0.0,0.0,0.0,0.0,0.0,0.3818,0.02344,0.0,0.0,0.0,0.0,0.0,0.0,0.0,0.0,0.0,0.5653104925053534,7.271948608137047,15.533190578158436,6.218415417558888,0.41113490364025707,0.0,0.0,0.0,0.0,0.0,0.0,0.0,0.0,0.0,0.0,0.0,0.0,0.0,0.0,0.0,0.0
37600,4536,2316,0.5105820105820106,1061,952,0.4437830687830688,1301,0.5736331569664903,0.38999999999999996,2.9423423423423425,3.0567175926735985,6.4,2.2457013610840164,9301.394586232684,1418.117830878775,7853.0,10753.346737384796,10689.752091170747,18.176480238982446,7853.0,0.0,27.988536155202823,21.014122465786436,32.87166055526453,19.323519500490196,0.13800705467372135,0.10185185185185185,0.09545855379188713,0.08487654320987655,0.08245149911816578,0.0736331569664903,0.068342151675485,0.06194885361552028,0.05930335097001763,0.0513668430335097,0.04607583774250441,0.038580246913580245,0.03505291005291005,0.024691358024691357,0.021164021164021163,0.008818342151675485,0.00837742504409171,0.9083684106904363,0.02277155088959066,0.0,0.0,0.0,0.0,0.0,0.0,0.0,0.0,0.0,0.0,0.0,0.0,0.0,0.0,0.0,0.0,0.0,0.0,0.0,0.0,0.0,0.0,0.0,0.0,0.019841269841269844,0.9920634920634923,9.821428571428573,15.198412698412701,3.8227513227513237,0.14550264550264552,4.251537935748462,2.842581456482094,nan,nan,nan,4.181628392484343,2.851167213836066,4.31900604432505,2.832635307694465,1.03285266861293,0.3826,0.02354,0.0,0.0,0.0,0.0,0.0,0.0,0.0,0.0,0.0,0.5753968253968255,6.8650793650793664,15.687830687830665,6.441798941798943,0.42328042328042337,0.006613756613756615,0.0,0.0,0.0,0.0,0.0,0.0,0.0,0.0,0.0,0.0,0.0,0.0,0.0,0.0,0.0,nan,nan,4.251537935748462,2.842581456482094,nan,0.3826,0.1104,0.0,0.0,0.0,0.0,0.0,0.0,0.0,0.0,0.0,0.0,0.0,0.0,0.0,0.0,0.0,0.0013447971781305114,0.0026124338624338625,0.000804673721340388,0.0018959435626102292,0.005764991181657848,0.02027116402116402,0.014969135802469136,0.014098324514991182,0.028229717813051145,0.039153439153439155,0.026862874779541447,0.018783068783068783,0.023368606701940034,0.026488095238095238,0.02771164021164021,0.018496472663139328,0.026432980599647268,0.031459435626102296,0.02211199294532628,0.014991181657848324,0.05121252204585538,0.05845458553791887,0.03132716049382716,0.0244157848324515,0.059038800705467374,0.04279100529100529,0.014098324514991182,0.02386463844797178,0.0326058201058201,0.04602072310405644,0.018849206349206348,0.023004850088183423,0.020491622574955907,0.00968915343915344,0.010890652557319224,0.021494708994708994,0.01789021164021164,0.007175925925925926,0.00384700176366843,0.0037918871252204584,0.01085758377425044,0.012180335097001763,0.012411816578483245,0.005831128747795415,0.013745590828924162,0.028483245149911816,0.0033179012345679014,0.007660934744268077,0.010559964726631394,0.0021825396825396826,0.005544532627865961,0.0002204585537918871,0.00016534391534391533,3.306878306878307e-05,0.0,0.0,0.0,0.0,0.0,0.0,0.0,0.0,0.0,0.0,0.0,0.0,0.0,0.0,0.0,0.0,0.0,0.0,0.0,0.0,0.0,0.0,0.0,0.0,0.0,0.0,0.0,0.0,0.0,0.0,0.0,0.0,nan,nan,4.251537935748462,2.842581456482094,nan,0.9080862568398625,0.022848156357394747,0.0,0.0,0.0,0.0,0.0,0.0,0.0,0.0,0.0,0.0,0.0,0.0,0.0,0.0,0.0,0.0,0.0,0.0,0.0,0.0,0.0,0.0,0.0,0.0,0.025906735751295342,1.023316062176166,9.883419689119172,15.103626943005185,3.808290155440415,0.15544041450777205,0.9086627657886024,0.022687617538425114,0.0,0.0,0.0,0.0,0.0,0.0,0.0,0.0,0.0,0.0,0.0,0.0,0.0,0.0,0.0,0.0,0.0,0.0,0.0,0.0,0.0,0.0,0.0,0.0,0.013513513513513516,0.9594594594594597,9.756756756756758,15.2972972972973,3.8378378378378386,0.13513513513513517,0.382,0.0236,0.0,0.0,0.0,0.0,0.0,0.0,0.0,0.0,0.0,0.6476683937823835,6.904145077720209,15.582901554404122,6.593264248704664,0.2590673575129534,0.012953367875647671,0.0,0.0,0.0,0.0,0.0,0.0,0.0,0.0,0.0,0.0,0.0,0.0,0.0,0.0,0.0,0.383,0.02347,0.0,0.0,0.0,0.0,0.0,0.0,0.0,0.0,0.0,0.5000000000000001,6.824324324324326,15.797297297297275,6.283783783783785,0.5945945945945947,0.0,0.0,0.0,0.0,0.0,0.0,0.0,0.0,0.0,0.0,0.0,0.0,0.0,0.0,0.0,0.0
37700,4094,2173,0.5307767464582316,1039,800,0.44919394235466537,1093,0.5339521250610649,0.43,2.9765747006767307,3.1535364630200995,6.579847908745247,2.37146630765675,9358.354586517135,1415.4411145387126,7853.0,10743.684701561928,10689.135148274805,18.25746268191235,7853.0,0.0,28.405227161700047,20.83873178924192,33.227745664739885,19.054140511723848,0.1348314606741573,0.09770395701025891,0.08964338055691255,0.08451392281387396,0.07743038593063019,0.08280410356619443,0.0718124084025403,0.06375183194919394,0.05642403517342452,0.05300439667806546,0.04934049829018075,0.04152418172936004,0.03321934538348803,0.02955544699560332,0.019296531509526135,0.009770395701025891,0.00537371763556424,0.9076359201828678,0.02278711392648194,0.0,0.0,0.0,0.0,0.0,0.0,0.0,0.0,0.0,0.0,0.0,0.0,0.0,0.0,0.0,0.0,0.0,0.0,0.0,0.0,0.0,0.0,0.0,0.0,0.0,1.099169516365413,9.936492427943334,15.16121152906693,3.693209574987788,0.1099169516365413,4.183420855213804,2.950409535942869,nan,nan,nan,4.152223059532781,2.8790293597388716,4.214339058999253,3.0191676305778237,1.014959697149185,0.3826,0.02412,0.0,0.0,0.0,0.0,0.0,0.0,0.0,0.0,0.0,0.7107962872496337,6.785539814362483,15.498290180752297,6.529066927210554,0.47630679042501234,0.0,0.0,0.0,0.0,0.0,0.0,0.0,0.0,0.0,0.0,0.0,0.0,0.0,0.0,0.0,0.0,nan,nan,4.183420855213804,2.950409535942869,nan,0.3826,0.11084,0.0,0.0,0.0,0.0,0.0,0.0,0.0,0.0,0.0,0.0,0.0,0.0,0.0,0.0,0.0,0.0015021983390327309,0.003041035661944309,0.0011602344894968246,0.0018808011724474841,0.005581338544211041,0.019443087445041526,0.015437225207620909,0.012689301416707377,0.02965315095261358,0.036687835857352226,0.028065461651196874,0.019662921348314606,0.025232046897899364,0.02618466047874939,0.028187591597459698,0.018600390815828042,0.027076209086468003,0.03098436736687836,0.02092085979482169,0.014960918417195896,0.04927943331704934,0.0575476306790425,0.03202247191011236,0.02376648754274548,0.05841475329750855,0.0457743038593063,0.012774792379091354,0.027552515876893013,0.03266976062530533,0.046507083536883244,0.01741573033707865,0.022447484123106987,0.019772838299951148,0.008426966292134831,0.010698583292623352,0.019809477283829997,0.01617000488519785,0.008207132388861749,0.003627259404005862,0.0038959452857840744,0.010784074255007327,0.0123961895456766,0.012713727405959942,0.005385930630190523,0.01461895456765999,0.030740107474352713,0.0031021006350757207,0.008085002442598925,0.009880312652662433,0.0017342452369320958,0.006497313141182218,0.00020762090864680018,0.00012212994626282364,0.0,0.0,0.0,0.0,0.0,0.0,0.0,0.0,0.0,0.0,0.0,0.0,0.0,0.0,0.0,0.0,0.0,0.0,0.0,0.0,0.0,0.0,0.0,0.0,0.0,0.0,0.0,0.0,0.0,0.0,0.0,0.0,0.0,nan,nan,4.183420855213804,2.950409535942869,nan,0.907121402324206,0.02238878071826197,0.0,0.0,0.0,0.0,0.0,0.0,0.0,0.0,0.0,0.0,0.0,0.0,0.0,0.0,0.0,0.0,0.0,0.0,0.0,0.0,0.0,0.0,0.0,0.0,0.0,1.1320754716981134,10.368154624942477,14.758398527381503,3.6585365853658547,0.08283479061205708,0.9082179333566689,0.02321572843245644,0.0,0.0,0.0,0.0,0.0,0.0,0.0,0.0,0.0,0.0,0.0,0.0,0.0,0.0,0.0,0.0,0.0,0.0,0.0,0.0,0.0,0.0,0.0,0.0,0.0,1.0619469026548676,9.448204060385217,15.616866215512758,3.732431025507549,0.1405517959396148,0.3818,0.02388,0.0,0.0,0.0,0.0,0.0,0.0,0.0,0.0,0.0,0.6764841233317994,7.192820984813624,15.296824666359848,6.323055683387024,0.5108145421076853,0.0,0.0,0.0,0.0,0.0,0.0,0.0,0.0,0.0,0.0,0.0,0.0,0.0,0.0,0.0,0.0,0.3835,0.02435,0.0,0.0,0.0,0.0,0.0,0.0,0.0,0.0,0.0,0.7496095783446123,6.324830817282666,15.72618427902132,6.762103071317024,0.4372722540343572,0.0,0.0,0.0,0.0,0.0,0.0,0.0,0.0,0.0,0.0,0.0,0.0,0.0,0.0,0.0,0.0
37800,4272,2224,0.5205992509363296,1018,858,0.43913857677902624,1202,0.5627340823970037,0.434,3.0205078125,3.1555644886654535,6.703315881326352,2.1422223051266154,9330.221506021164,1417.6259920971963,7853.0,10749.54760837555,10690.540590702523,18.115540999116305,7853.0,0.0,27.635533707865168,20.821109855931287,32.62230919765166,19.086627259750465,0.14442883895131087,0.10486891385767791,0.09808052434456929,0.08052434456928839,0.075374531835206,0.07045880149812735,0.06952247191011236,0.06413857677902622,0.05805243445692884,0.05852059925093633,0.0475187265917603,0.039091760299625467,0.03089887640449438,0.025749063670411985,0.01638576779026217,0.011235955056179775,0.005149812734082397,0.9080871293523561,0.022642299669095377,0.0,0.0,0.0,0.0,0.0,0.0,0.0,0.0,0.0,0.0,0.0,0.0,0.0,0.0,0.0,0.0,0.0,0.0,0.0,0.0,0.0,0.0,0.0,0.0,0.014044943820224722,0.9831460674157305,9.634831460674159,15.308988764044948,3.932584269662922,0.1264044943820225,4.472201630837658,2.939998885689417,nan,nan,nan,4.533987915407855,2.9373455534131625,4.4126637554585155,2.9413257428681163,0.9732411814471221,0.3838,0.02356,0.0,0.0,0.0,0.0,0.0,0.0,0.0,0.0,0.0,0.4353932584269664,6.622191011235957,15.442415730337055,7.029494382022474,0.4705056179775282,0.0,0.0,0.0,0.0,0.0,0.0,0.0,0.0,0.0,0.0,0.0,0.0,0.0,0.0,0.0,0.0,nan,nan,4.472201630837658,2.939998885689417,nan,0.3838,0.112,0.0,0.0,0.0,0.0,0.0,0.0,0.0,0.0,0.0,0.0,0.0,0.0,0.0,0.0,0.0,0.0011235955056179776,0.002282303370786517,0.0011352996254681649,0.002024812734082397,0.007420411985018726,0.01839887640449438,0.017357209737827714,0.01245318352059925,0.028698501872659175,0.03654026217228464,0.02714185393258427,0.019943820224719102,0.025058520599250938,0.025959737827715355,0.030161516853932584,0.018738295880149813,0.026533239700374533,0.030126404494382024,0.021161048689138578,0.015227059925093633,0.04688670411985019,0.059538857677902624,0.031062734082397004,0.024016853932584268,0.05691713483146067,0.044838483146067414,0.010990168539325842,0.028007958801498128,0.03181179775280899,0.044616104868913854,0.017497659176029964,0.022050561797752808,0.021324906367041197,0.008239700374531835,0.009737827715355805,0.019534176029962547,0.0160814606741573,0.008450374531835206,0.003487827715355805,0.003616573033707865,0.011177434456928838,0.01309691011235955,0.015390917602996254,0.00612125468164794,0.016491104868913857,0.031835205992509365,0.003792134831460674,0.009176029962546817,0.008286516853932585,0.0015215355805243446,0.006612827715355805,0.0002457865168539326,4.6816479400749066e-05,1.1704119850187266e-05,0.0,0.0,0.0,0.0,0.0,0.0,0.0,0.0,0.0,0.0,0.0,0.0,0.0,0.0,0.0,0.0,0.0,0.0,0.0,0.0,0.0,0.0,0.0,0.0,0.0,0.0,0.0,0.0,0.0,0.0,0.0,0.0,nan,nan,4.472201630837658,2.939998885689417,nan,0.9077179002568876,0.022690696748190547,0.0,0.0,0.0,0.0,0.0,0.0,0.0,0.0,0.0,0.0,0.0,0.0,0.0,0.0,0.0,0.0,0.0,0.0,0.0,0.0,0.0,0.0,0.0,0.0,0.013489208633093528,0.9982014388489211,9.806654676258994,15.134892086330938,3.93884892086331,0.10791366906474822,0.9084880890732165,0.022582789673695855,0.0,0.0,0.0,0.0,0.0,0.0,0.0,0.0,0.0,0.0,0.0,0.0,0.0,0.0,0.0,0.0,0.0,0.0,0.0,0.0,0.0,0.0,0.0,0.0,0.014648437500000003,0.9667968750000002,9.448242187500002,15.498046875000004,3.925781250000001,0.14648437500000003,0.3838,0.02368,0.0,0.0,0.0,0.0,0.0,0.0,0.0,0.0,0.0,0.49910071942446055,6.569244604316548,15.242805755395661,7.162769784172664,0.5260791366906475,0.0,0.0,0.0,0.0,0.0,0.0,0.0,0.0,0.0,0.0,0.0,0.0,0.0,0.0,0.0,0.0,0.3838,0.02342,0.0,0.0,0.0,0.0,0.0,0.0,0.0,0.0,0.0,0.36621093750000006,6.679687500000002,15.659179687499977,6.884765625000002,0.4101562500000001,0.0,0.0,0.0,0.0,0.0,0.0,0.0,0.0,0.0,0.0,0.0,0.0,0.0,0.0,0.0,0.0
37900,4530,2289,0.5052980132450331,1071,928,0.441280353200883,1291,0.5699779249448124,0.422,2.9950914770191877,3.2021680801167673,6.711111111111111,2.2850175304882123,9286.593983600604,1418.541128936082,7853.0,10761.174953460693,10690.125708043133,18.031964486532466,7853.0,0.0,28.069757174392937,21.063773431063197,33.10144927536232,19.31114038132231,0.13796909492273732,0.09823399558498896,0.10198675496688742,0.08653421633554084,0.07505518763796909,0.0739514348785872,0.06799116997792494,0.06335540838852097,0.05518763796909492,0.05275938189845475,0.04613686534216335,0.03995584988962472,0.03421633554083885,0.0282560706401766,0.02207505518763797,0.011258278145695364,0.005077262693156733,0.9077668914600187,0.022870822516730248,0.0,0.0,0.0,0.0,0.0,0.0,0.0,0.0,0.0,0.0,0.0,0.0,0.0,0.0,0.0,0.0,0.0,0.0,0.0,0.0,0.0,0.0,0.0,0.0,0.03311258278145696,0.9801324503311261,9.98675496688742,15.066225165562917,3.6953642384105967,0.23841059602649012,4.384087791495199,2.980148176313802,nan,nan,nan,4.413493653974616,3.0035658420720193,4.353065539112051,2.954924958702143,0.9863083263282489,0.3835,0.02324,0.0,0.0,0.0,0.0,0.0,0.0,0.0,0.0,0.0,0.4437086092715233,6.721854304635763,15.701986754966866,6.649006622516558,0.47019867549668887,0.013245033112582785,0.0,0.0,0.0,0.0,0.0,0.0,0.0,0.0,0.0,0.0,0.0,0.0,0.0,0.0,0.0,nan,nan,4.384087791495199,2.980148176313802,nan,0.3835,0.11237,0.0,0.0,0.0,0.0,0.0,0.0,0.0,0.0,0.0,0.0,0.0,0.0,0.0,1.1037527593818985e-05,0.0,0.0008388520971302428,0.002682119205298013,0.0010596026490066225,0.0022847682119205297,0.008388520971302429,0.018675496688741723,0.01652317880794702,0.012295805739514349,0.02868653421633554,0.036512141280353204,0.027902869757174393,0.01980132450331126,0.02434878587196468,0.027560706401766003,0.031688741721854305,0.018112582781456953,0.026986754966887416,0.031070640176600443,0.01881898454746137,0.015154525386313466,0.047240618101545256,0.06119205298013245,0.03385209713024283,0.021037527593818984,0.0567439293598234,0.042406181015452536,0.009867549668874173,0.027207505518763796,0.03056291390728477,0.04623620309050772,0.017317880794701986,0.02305739514348786,0.01965783664459161,0.007858719646799118,0.006986754966887417,0.019933774834437087,0.01619205298013245,0.008631346578366447,0.0038520971302428257,0.0040838852097130245,0.012947019867549668,0.013940397350993377,0.016026490066225165,0.0064017660044150115,0.01703090507726269,0.032141280353200886,0.003532008830022075,0.01009933774834437,0.006479028697571744,0.0017328918322295807,0.006048565121412804,0.00023178807947019868,5.518763796909492e-05,0.0,1.1037527593818985e-05,0.0,0.0,0.0,0.0,0.0,0.0,0.0,0.0,0.0,0.0,0.0,0.0,0.0,0.0,0.0,0.0,0.0,0.0,0.0,0.0,0.0,0.0,0.0,0.0,0.0,0.0,0.0,0.0,0.0,0.0,0.0,nan,nan,4.384087791495199,2.980148176313802,nan,0.9074138836498186,0.02232961488731449,0.0,0.0,0.0,0.0,0.0,0.0,0.0,0.0,0.0,0.0,0.0,0.0,0.0,0.0,0.0,0.0,0.0,0.0,0.0,0.0,0.0,0.0,0.0,0.0,0.026212319790301447,0.7994757536041942,10.275229357798167,15.150720838794236,3.5386631716906956,0.20969855832241158,0.9081274603478136,0.02340521352211926,0.0,0.0,0.0,0.0,0.0,0.0,0.0,0.0,0.0,0.0,0.0,0.0,0.0,0.0,0.0,0.0,0.0,0.0,0.0,0.0,0.0,0.0,0.0,0.0,0.04016064257028113,1.1646586345381529,9.692101740294513,14.979919678714863,3.855421686746989,0.26773761713520755,0.3835,0.02364,0.0,0.0,0.0,0.0,0.0,0.0,0.0,0.0,0.0,0.4587155963302753,6.88073394495413,15.50458715596328,6.5792922673656635,0.5504587155963304,0.026212319790301447,0.0,0.0,0.0,0.0,0.0,0.0,0.0,0.0,0.0,0.0,0.0,0.0,0.0,0.0,0.0,0.3835,0.02281,0.0,0.0,0.0,0.0,0.0,0.0,0.0,0.0,0.0,0.4283801874163321,6.559571619812585,15.903614457831303,6.72021419009371,0.388219544846051,0.0,0.0,0.0,0.0,0.0,0.0,0.0,0.0,0.0,0.0,0.0,0.0,0.0,0.0,0.0,0.0
38000,4749,2452,0.516319225100021,1150,934,0.43882922720572753,1340,0.5643293324910508,0.41,3.016978667827601,3.0953739573028036,6.474452554744525,2.0951117663366743,9317.843120737938,1417.8453823973236,7853.0,10747.088701605797,10690.088083354189,17.709696577063852,7853.0,0.0,28.357338387028847,20.911552535112417,33.17140009965122,19.158167848187162,0.13497578437565802,0.10023162771109707,0.08970309538850284,0.09075594862076226,0.07875342177300484,0.07327858496525584,0.06380290587492103,0.06148662876395031,0.06085491682459465,0.0532743735523268,0.058328069067172035,0.04232469993682881,0.036007580543272265,0.02147820593809223,0.01684565171615077,0.011160244261949883,0.006738260686460307,0.9067885043822381,0.022713924763761363,0.0,0.0,0.0,0.0,0.0,0.0,0.0,0.0,0.0,0.0,0.0,0.0,0.0,0.0,0.0,0.0,0.0,0.0,0.0,0.0,0.0,0.0,0.0,0.0,0.031585596967782695,1.1497157296272902,10.290587492103603,14.857864813644982,3.569172457359445,0.10107391029690463,4.309941520467836,2.8900310264445457,nan,nan,nan,4.357235984354628,2.8812022471358536,4.262953367875648,2.898011750603116,0.9783618291922866,0.3838,0.02307,0.0,0.0,0.0,0.0,0.0,0.0,0.0,0.0,0.0,0.4106127605811751,6.753000631711941,15.262160454832575,7.1446620341124465,0.4295641187618447,0.0,0.0,0.0,0.0,0.0,0.0,0.0,0.0,0.0,0.0,0.0,0.0,0.0,0.0,0.0,0.0,nan,nan,4.309941520467836,2.8900310264445457,nan,0.3838,0.1122,0.0,0.0,0.0,0.0,0.0,0.0,0.0,0.0,0.0,0.0,0.0,0.0,0.0,0.0,0.0,0.0005790692777426827,0.0024531480311644556,0.0007685828595493788,0.0024847336281322383,0.008928195409559907,0.019919983154348283,0.016919351442408928,0.01341335017898505,0.026342387871130763,0.0377763739734681,0.02647925879132449,0.01764582017266793,0.025352705832806906,0.027658454411455043,0.03053274373552327,0.016066540324278795,0.027679511476100233,0.03131185512739524,0.018561802484733627,0.015866498210149505,0.04821014950515898,0.05814908401768793,0.03726047588966098,0.020814908401768792,0.05308485997052011,0.045925457991156035,0.01030743314381975,0.027816382396293957,0.030143188039587283,0.04717835333754475,0.01928827121499263,0.021857233101705623,0.02020425352705833,0.008770267424720994,0.007012002526847757,0.019109286165508527,0.015519056643503896,0.008507054116656138,0.004622025689618867,0.0043482838492314175,0.011907770056854075,0.013918719730469573,0.015982312065698043,0.0052642661612971155,0.016919351442408928,0.031532954306169717,0.00375868603916614,0.011128658664982102,0.0070751737207833225,0.0018003790271636133,0.005653821857233102,3.158559696778269e-05,0.00015792798483891344,0.0,0.0,0.0,0.0,0.0,0.0,0.0,0.0,0.0,0.0,0.0,0.0,0.0,0.0,0.0,0.0,0.0,0.0,0.0,0.0,0.0,0.0,0.0,0.0,0.0,0.0,0.0,0.0,0.0,0.0,0.0,0.0,0.0,nan,nan,4.309941520467836,2.8900310264445457,nan,0.9066380507648477,0.02236696956354561,0.0,0.0,0.0,0.0,0.0,0.0,0.0,0.0,0.0,0.0,0.0,0.0,0.0,0.0,0.0,0.0,0.0,0.0,0.0,0.0,0.0,0.0,0.0,0.0,0.04893964110929854,1.0154975530179446,10.44861337683524,14.926590538336056,3.4747145187601967,0.08564437194127246,0.9069491105075499,0.023077454761538645,0.0,0.0,0.0,0.0,0.0,0.0,0.0,0.0,0.0,0.0,0.0,0.0,0.0,0.0,0.0,0.0,0.0,0.0,0.0,0.0,0.0,0.0,0.0,0.0,0.013060513713539402,1.2929908576404008,10.121898127993036,14.784501523726602,3.670004353504572,0.11754462342185462,0.384,0.02298,0.0,0.0,0.0,0.0,0.0,0.0,0.0,0.0,0.0,0.45269168026101153,6.435562805872759,15.403752039151692,7.328711256117456,0.37928221859706374,0.0,0.0,0.0,0.0,0.0,0.0,0.0,0.0,0.0,0.0,0.0,0.0,0.0,0.0,0.0,0.0,0.3833,0.02316,0.0,0.0,0.0,0.0,0.0,0.0,0.0,0.0,0.0,0.36569438397910325,7.091858946451896,15.111014366565064,6.948193295602962,0.4832390074009579,0.0,0.0,0.0,0.0,0.0,0.0,0.0,0.0,0.0,0.0,0.0,0.0,0.0,0.0,0.0,0.0
38100,4743,2479,0.5226649799704828,1176,954,0.44908285895003164,1324,0.5582964368543116,0.434,3.0724381625441697,3.1887140964552327,6.787925696594427,2.2332783592228536,9335.719569901486,1417.022304240951,7853.0,10748.804669499397,10689.845066576343,17.704916661551223,7853.0,0.0,28.444655281467426,21.194088290248693,33.50175791059769,19.36595084570776,0.1408391313514653,0.09572000843348091,0.08960573476702509,0.0807505798018132,0.08581066835336285,0.0706304026987139,0.06810035842293907,0.07168458781362007,0.05418511490617752,0.052076744676365166,0.047227493147796756,0.044275774826059454,0.029938857263335443,0.02761965001054185,0.022137887413029727,0.011385199240986717,0.00801180687328695,0.9059420470544967,0.02230403825110286,0.0,0.0,0.0,0.0,0.0,0.0,0.0,0.0,0.0,0.0,0.0,0.0,0.0,0.0,0.0,0.0,0.0,0.0,0.0,0.0,0.0,0.0,0.0,0.0,0.025300442757748266,1.0879190385831754,10.493358633776094,15.1359898798229,3.1499051233396593,0.10752688172043014,4.238248551191242,2.936530584083051,nan,nan,nan,4.289439374185137,2.9398011575723544,4.189051559516232,2.9332540686854953,0.9765965185863069,0.3845,0.02312,0.0,0.0,0.0,0.0,0.0,0.0,0.0,0.0,0.0,0.42378241619228346,6.249209361163822,15.812776723592641,7.103099304237825,0.40480708412397226,0.006325110689437067,0.0,0.0,0.0,0.0,0.0,0.0,0.0,0.0,0.0,0.0,0.0,0.0,0.0,0.0,0.0,nan,nan,4.238248551191242,2.936530584083051,nan,0.3845,0.11237,0.0,0.0,0.0,0.0,0.0,0.0,0.0,0.0,0.0,0.0,0.0,0.0,0.0,1.0541851149061775e-05,0.0,0.0007063040269871389,0.0022559561458992197,0.0009171410499683745,0.002403542061986085,0.009413873076112165,0.02001897533206831,0.01715159181952351,0.015991988193126715,0.02417246468479865,0.03604258907864221,0.023835125448028675,0.018163609529833438,0.02357157916930213,0.027229601518026565,0.031625553447185324,0.016951296647691336,0.029011174362218006,0.03212102045119123,0.015876027830487034,0.016360952983343877,0.04848197343453511,0.060172886358844616,0.03681214421252372,0.02191650853889943,0.05140206620282522,0.04490828589500316,0.010615644107105207,0.028347037739827115,0.031109002740881297,0.047058823529411764,0.01994518237402488,0.020999367488931057,0.01994518237402488,0.008644317942230655,0.006335652540586127,0.018743411343031837,0.015612481551760489,0.008422939068100358,0.00498629559350622,0.004680581910183428,0.0123550495467004,0.014948344929369597,0.0160236137465739,0.004859793379717478,0.01555977229601518,0.03289057558507274,0.0036791060510225596,0.011332489985241409,0.007822053552603837,0.0011068943706514865,0.006282943284840818,1.0541851149061775e-05,0.00015812776723592663,0.0,0.0,0.0,0.0,0.0,0.0,0.0,0.0,0.0,0.0,0.0,0.0,0.0,0.0,0.0,0.0,0.0,0.0,0.0,0.0,0.0,0.0,0.0,0.0,0.0,0.0,0.0,0.0,0.0,0.0,0.0,0.0,0.0,nan,nan,4.238248551191242,2.936530584083051,nan,0.9062103457198888,0.02174934315793298,0.0,0.0,0.0,0.0,0.0,0.0,0.0,0.0,0.0,0.0,0.0,0.0,0.0,0.0,0.0,0.0,0.0,0.0,0.0,0.0,0.0,0.0,0.0,0.0,0.012101653892698672,0.8713190802743044,10.588947156111338,15.21177894312223,3.2190399354578467,0.09681323114158938,0.9056482694964105,0.022892395384485613,0.0,0.0,0.0,0.0,0.0,0.0,0.0,0.0,0.0,0.0,0.0,0.0,0.0,0.0,0.0,0.0,0.0,0.0,0.0,0.0,0.0,0.0,0.0,0.0,0.03975265017667845,1.3250883392226152,10.388692579505301,15.053003533568909,3.0742049469964674,0.11925795053003536,0.384,0.02324,0.0,0.0,0.0,0.0,0.0,0.0,0.0,0.0,0.0,0.5687777329568375,6.220250100847117,15.828963291649835,6.982654296087134,0.3872529245663575,0.012101653892698672,0.0,0.0,0.0,0.0,0.0,0.0,0.0,0.0,0.0,0.0,0.0,0.0,0.0,0.0,0.0,0.3848,0.02296,0.0,0.0,0.0,0.0,0.0,0.0,0.0,0.0,0.0,0.265017667844523,6.280918727915196,15.795053003533546,7.234982332155479,0.4240282685512369,0.0,0.0,0.0,0.0,0.0,0.0,0.0,0.0,0.0,0.0,0.0,0.0,0.0,0.0,0.0,0.0
38200,4768,2488,0.5218120805369127,1199,940,0.4486157718120805,1301,0.5457214765100671,0.426,2.9513157894736843,3.098074957798255,6.523584905660377,2.1081774843888526,9332.994668991549,1416.8389875852915,7853.0,10749.006163477898,10689.259880125283,17.912881078505695,7853.0,0.0,28.453229865771814,20.964733341928497,33.42907005734231,19.128771272855012,0.13653523489932887,0.10171979865771812,0.08640939597315436,0.08745805369127517,0.07319630872483221,0.07298657718120806,0.07130872483221476,0.06417785234899329,0.06501677852348993,0.05180369127516778,0.05138422818791946,0.042575503355704696,0.03208892617449664,0.027894295302013424,0.018036912751677854,0.011954697986577181,0.005453020134228188,0.9054690112903614,0.022756798548530847,0.0,0.0,0.0,0.0,0.0,0.0,0.0,0.0,0.0,0.0,0.0,0.0,0.0,0.0,0.0,0.0,0.0,0.0,0.0,0.0,0.0,0.0,0.0,0.0,0.012583892617449667,1.32760067114094,10.715184563758392,14.74832214765101,3.0830536912751687,0.113255033557047,4.152362584378014,2.882002820183629,nan,nan,nan,4.170591979630808,2.8742232614661285,4.1337662337662335,2.8897989140310725,0.991170139384425,0.3843,0.02261,0.0,0.0,0.0,0.0,0.0,0.0,0.0,0.0,0.0,0.37751677852349,6.153523489932887,16.195469798657694,6.826761744966444,0.44672818791946317,0.0,0.0,0.0,0.0,0.0,0.0,0.0,0.0,0.0,0.0,0.0,0.0,0.0,0.0,0.0,0.0,nan,nan,4.152362584378014,2.882002820183629,nan,0.3843,0.1115,0.0,0.0,0.0,0.0,0.0,0.0,0.0,0.0,0.0,0.0,0.0,0.0,0.0,0.0,0.0,0.00044043624161073825,0.002086828859060403,0.0008074664429530201,0.002579697986577181,0.00808515100671141,0.020511744966442952,0.017177013422818792,0.01768036912751678,0.023731124161073827,0.03557046979865772,0.024496644295302013,0.017491610738255035,0.022713926174496645,0.026803691275167785,0.031449244966442955,0.016820469798657717,0.02930998322147651,0.03173238255033557,0.015132130872483222,0.015813758389261745,0.04877307046979866,0.06032927852348993,0.03756291946308725,0.021151426174496644,0.05210780201342282,0.04616191275167785,0.011514261744966442,0.03153313758389262,0.03339974832214765,0.04722105704697987,0.020060822147651005,0.01993498322147651,0.020281040268456375,0.008882130872483221,0.0055369127516778525,0.018299077181208052,0.01421979865771812,0.007822986577181208,0.0048343120805369125,0.004530201342281879,0.011776426174496644,0.015729865771812082,0.01671560402684564,0.003984899328859061,0.015604026845637584,0.03264471476510067,0.00350251677852349,0.010601929530201342,0.007990771812080537,0.0010381711409395973,0.005746644295302013,3.1459731543624164e-05,4.194630872483221e-05,0.0,0.0,0.0,0.0,0.0,0.0,0.0,0.0,0.0,0.0,0.0,0.0,0.0,0.0,0.0,0.0,0.0,0.0,0.0,0.0,0.0,0.0,0.0,0.0,0.0,0.0,0.0,0.0,0.0,0.0,0.0,0.0,0.0,nan,nan,4.152362584378014,2.882002820183629,nan,0.9051876450227004,0.022736124116182786,0.0,0.0,0.0,0.0,0.0,0.0,0.0,0.0,0.0,0.0,0.0,0.0,0.0,0.0,0.0,0.0,0.0,0.0,0.0,0.0,0.0,0.0,0.0,0.0,0.0,1.3143086816720262,10.948553054662382,14.51768488745981,3.110932475884245,0.10852090032154343,0.9057760460596336,0.022775371887962206,0.0,0.0,0.0,0.0,0.0,0.0,0.0,0.0,0.0,0.0,0.0,0.0,0.0,0.0,0.0,0.0,0.0,0.0,0.0,0.0,0.0,0.0,0.0,0.0,0.026315789473684216,1.342105263157895,10.460526315789476,15.000000000000004,3.052631578947369,0.11842105263157897,0.384,0.02231,0.0,0.0,0.0,0.0,0.0,0.0,0.0,0.0,0.0,0.3376205787781351,6.22186495176849,16.29019292604499,6.740353697749198,0.40996784565916405,0.0,0.0,0.0,0.0,0.0,0.0,0.0,0.0,0.0,0.0,0.0,0.0,0.0,0.0,0.0,0.0,0.3843,0.02296,0.0,0.0,0.0,0.0,0.0,0.0,0.0,0.0,0.0,0.42105263157894746,6.078947368421054,16.092105263157872,6.921052631578949,0.486842105263158,0.0,0.0,0.0,0.0,0.0,0.0,0.0,0.0,0.0,0.0,0.0,0.0,0.0,0.0,0.0,0.0
38300,4941,2533,0.512649261283141,1207,997,0.4460635498886865,1400,0.5666869054847197,0.39399999999999996,2.9406146179401995,3.034854824911943,6.423347398030942,2.0899506495538565,9306.38825339611,1417.1289799911242,7853.0,10741.012050032616,10688.053833411044,17.556921011285358,7853.0,0.0,28.475814612426635,21.068811807378673,33.25089605734767,19.35084214678198,0.1309451528030763,0.1050394656952034,0.09147945759967618,0.08459825946164744,0.07468123861566485,0.07710989678202793,0.0730621331714228,0.0603116777980166,0.05950212507589557,0.05585913782635094,0.0489779396883222,0.03885853066180935,0.033798826148552924,0.027120016191054443,0.017607771706132362,0.013964784456587736,0.007083586318558996,0.9050729971524555,0.022467937257139307,0.0,0.0,0.0,0.0,0.0,0.0,0.0,0.0,0.0,0.0,0.0,0.0,0.0,0.0,0.0,0.0,0.0,0.0,0.0,0.0,0.0,0.0,0.0,0.0,0.02428658166363085,1.2325440194292656,10.96539162112933,14.681238615664848,2.993321190042502,0.10321797207043111,4.174169512573735,2.8219045459610093,nan,nan,nan,4.171673819742489,2.84074878628008,4.1755821271239775,2.802948706552128,1.0009368679216941,0.3823,0.02301,0.0,0.0,0.0,0.0,0.0,0.0,0.0,0.0,0.0,0.46751669702489385,7.279902853673347,15.482695810564639,6.478445658773529,0.29143897996357016,0.0,0.0,0.0,0.0,0.0,0.0,0.0,0.0,0.0,0.0,0.0,0.0,0.0,0.0,0.0,0.0,nan,nan,4.174169512573735,2.8219045459610093,nan,0.3823,0.1122,0.0,0.0,0.0,0.0,0.0,0.0,0.0,0.0,0.0,0.0,0.0,0.0,2.0238818053025702e-05,0.0,0.0,0.000546448087431694,0.002934628617688727,0.0006577615867233354,0.0025399716656547256,0.007366929771301356,0.0216555353167375,0.01766848816029144,0.017789921068609594,0.026593806921675775,0.03487148350536329,0.02555150779194495,0.018579234972677595,0.023446670714430278,0.027443837279902853,0.031036227484314918,0.01852863792754503,0.029781420765027322,0.03234163124873508,0.01344869459623558,0.01731430884436349,0.05146731430884437,0.05902651285164946,0.036966201173851444,0.02040072859744991,0.04989880590973487,0.0464582068407205,0.011222424610402753,0.03233151183970856,0.033161303379882615,0.04336166767860757,0.019247115968427445,0.020016191054442422,0.018295891519935235,0.008884841125278283,0.00631451123254402,0.01749645820684072,0.01217364905889496,0.007761586723335357,0.004037644201578628,0.005737704918032787,0.012679619510220603,0.015846994535519125,0.015533292855697227,0.003835256021048371,0.0151183970856102,0.03390002023881805,0.003197733252378061,0.011121230520137623,0.007650273224043716,0.0005869257235377454,0.006000809552722121,1.0119409026512851e-05,0.00011131349929164137,0.0,3.0358227079538556e-05,0.0,0.0,0.0,0.0,0.0,0.0,0.0,0.0,0.0,0.0,0.0,0.0,0.0,0.0,0.0,0.0,0.0,0.0,0.0,0.0,0.0,0.0,0.0,0.0,0.0,0.0,0.0,0.0,0.0,0.0,0.0,nan,nan,4.174169512573735,2.8219045459610093,nan,0.9053820477518412,0.022060690294870833,0.0,0.0,0.0,0.0,0.0,0.0,0.0,0.0,0.0,0.0,0.0,0.0,0.0,0.0,0.0,0.0,0.0,0.0,0.0,0.0,0.0,0.0,0.0,0.0,0.011843663639952628,1.208053691275168,10.81326490327675,14.804579549940785,3.091196210027636,0.07106198183971577,0.9047479036440484,0.022884001962574427,0.0,0.0,0.0,0.0,0.0,0.0,0.0,0.0,0.0,0.0,0.0,0.0,0.0,0.0,0.0,0.0,0.0,0.0,0.0,0.0,0.0,0.0,0.0,0.0,0.037375415282392035,1.2583056478405317,11.12541528239203,14.551495016611298,2.8903654485049843,0.1370431893687708,0.3818,0.02312,0.0,0.0,0.0,0.0,0.0,0.0,0.0,0.0,0.0,0.5092775365179629,7.43782076589025,15.562574022897726,6.217923410975129,0.2724042637189104,0.0,0.0,0.0,0.0,0.0,0.0,0.0,0.0,0.0,0.0,0.0,0.0,0.0,0.0,0.0,0.0,0.3828,0.0229,0.0,0.0,0.0,0.0,0.0,0.0,0.0,0.0,0.0,0.42358803986710974,7.113787375415284,15.398671096345494,6.752491694352161,0.3114617940199336,0.0,0.0,0.0,0.0,0.0,0.0,0.0,0.0,0.0,0.0,0.0,0.0,0.0,0.0,0.0,0.0
38400,4591,2465,0.5369200609888913,1148,899,0.44587235896318883,1212,0.5279895447614898,0.45,3.006585136406397,3.163609211000877,6.751286449399657,2.1015948102382045,9375.181506020419,1413.7037706818699,7853.0,10748.584221482277,10688.024460097258,17.954629608674452,7853.0,0.0,27.796122849052495,20.7416988824523,32.776853055916774,18.983317156882713,0.13744282291439774,0.10673055979089523,0.0938793291221956,0.08451317795687215,0.08015682857765193,0.07079067741232847,0.07100849488128948,0.06077107384012198,0.061206708778043996,0.053583097364408624,0.0468307558266173,0.04116750163363102,0.034850795033761706,0.02635591374428229,0.01611849270311479,0.010237421041167502,0.004356349379220213,0.9049635885380317,0.022152083230736624,0.0,0.0,0.0,0.0,0.0,0.0,0.0,0.0,0.0,0.0,0.0,0.0,0.0,0.0,0.0,0.0,0.0,0.0,0.0,0.0,0.0,0.0,0.0,0.0,0.026138096275321286,1.1696798083206275,11.036811152254414,14.735351775212376,2.979742975386627,0.05227619255064257,4.177413851927669,2.9355492853328293,nan,nan,nan,4.232636547538773,2.9902900166620237,4.120856353591161,2.8773081220282033,0.9735908829656987,0.3818,0.02298,0.0,0.0,0.0,0.0,0.0,0.0,0.0,0.0,0.0,0.5031583532999347,7.10302766281856,16.12067087780438,5.88760618601612,0.385536920060989,0.0,0.0,0.0,0.0,0.0,0.0,0.0,0.0,0.0,0.0,0.0,0.0,0.0,0.0,0.0,0.0,nan,nan,4.177413851927669,2.9355492853328293,nan,0.3818,0.112,0.0,0.0,0.0,0.0,0.0,0.0,0.0,0.0,0.0,0.0,0.0,0.0,8.712698758440428e-05,0.0,5.445436724025267e-05,0.00043563493792202136,0.002798954476148987,0.0008930516227401438,0.002613809627532128,0.007046395120888695,0.022108473099542583,0.016586800261380964,0.01778479634066652,0.028632106294924853,0.03477455891962535,0.027129165759093878,0.018318449139621,0.020747113918536265,0.02838161620561969,0.030788499237638857,0.018470921367893706,0.030341973426268785,0.032792419952080154,0.013482901328686561,0.017055107819647135,0.053223698540622956,0.05790677412328469,0.03817251143541712,0.018634284469614463,0.05065345240688303,0.04589414071008495,0.011609671095621868,0.031932040949684166,0.03238945763450229,0.04215857111740361,0.020311478980614247,0.02189065563058157,0.018536266608582007,0.008505772162927467,0.006447397081245916,0.01754519712480941,0.011979960792855586,0.007580047919843172,0.004258331518187759,0.006556305815726421,0.011914615552167284,0.015072968852101938,0.014375952951426704,0.00428011326508386,0.014267044216946198,0.033685471574820304,0.0032563711609671095,0.010106730559790895,0.008974079721193639,0.0007079067741232847,0.005652363319538227,0.0,0.0001960357220649096,0.0,0.0,0.0,0.0,0.0,0.0,0.0,0.0,0.0,0.0,0.0,0.0,0.0,0.0,0.0,0.0,0.0,0.0,0.0,0.0,0.0,0.0,0.0,0.0,0.0,0.0,0.0,0.0,0.0,0.0,0.0,0.0,0.0,nan,nan,4.177413851927669,2.9355492853328293,nan,0.9051451685704276,0.022298279739404573,0.0,0.0,0.0,0.0,0.0,0.0,0.0,0.0,0.0,0.0,0.0,0.0,0.0,0.0,0.0,0.0,0.0,0.0,0.0,0.0,0.0,0.0,0.0,0.0,0.03651115618661258,1.1440162271805276,11.038539553752539,14.713995943204871,3.0060851926977694,0.06085192697768764,0.9047530547751644,0.0219794799318515,0.0,0.0,0.0,0.0,0.0,0.0,0.0,0.0,0.0,0.0,0.0,0.0,0.0,0.0,0.0,0.0,0.0,0.0,0.0,0.0,0.0,0.0,0.0,0.0,0.01411100658513641,1.1994355597365947,11.034807149576672,14.760112888052685,2.94920037629351,0.04233301975540923,0.3818,0.02286,0.0,0.0,0.0,0.0,0.0,0.0,0.0,0.0,0.0,0.4989858012170386,6.912778904665316,16.320486815415798,5.866125760649089,0.4016227180527384,0.0,0.0,0.0,0.0,0.0,0.0,0.0,0.0,0.0,0.0,0.0,0.0,0.0,0.0,0.0,0.0,0.3816,0.02312,0.0,0.0,0.0,0.0,0.0,0.0,0.0,0.0,0.0,0.5079962370649107,7.323612417685797,15.88899341486357,5.912511759172156,0.36688617121354666,0.0,0.0,0.0,0.0,0.0,0.0,0.0,0.0,0.0,0.0,0.0,0.0,0.0,0.0,0.0,0.0
38500,4863,2516,0.5173761052848036,1229,1004,0.45918157515936664,1353,0.5564466378778532,0.422,2.9147848317000427,3.119885296522893,6.631661442006269,2.2284989532055084,9320.105640066055,1417.0368173435793,7853.0,10746.418012619019,10688.665631017975,18.193868699597658,7853.0,0.0,27.5850298169854,20.66621521219914,32.45619187469408,18.95309186452316,0.1408595517170471,0.10178901912399753,0.09376927822331894,0.08184248406333539,0.08472136541229694,0.07690725889368702,0.0703269586674892,0.06991568990335184,0.060250873946123794,0.04667900472959079,0.045445198437178695,0.037425457536500104,0.030845157310302282,0.023442319555829736,0.017067653711700596,0.01192679415998355,0.006785934608266502,0.9055490866992887,0.023031067808025236,0.0,0.0,0.0,0.0,0.0,0.0,0.0,0.0,0.0,0.0,0.0,0.0,0.0,0.0,0.0,0.0,0.0,0.0,0.0,0.0,0.0,0.0,0.0,0.0,0.06169031462060458,1.2954966070326963,10.795805058605803,14.324491054904383,3.448488587291796,0.0740283775447255,4.2041467304625195,2.939330506316043,nan,nan,nan,4.250476795931341,2.9138195989209725,4.157490396927017,2.9640674983324695,0.9781233015803467,0.3823,0.02316,0.0,0.0,0.0,0.0,0.0,0.0,0.0,0.0,0.0,0.49969154842689706,6.921653300431834,16.0333127698951,6.05181986428131,0.4873534855027762,0.006169031462060458,0.0,0.0,0.0,0.0,0.0,0.0,0.0,0.0,0.0,0.0,0.0,0.0,0.0,0.0,0.0,nan,nan,4.2041467304625195,2.939330506316043,nan,0.3823,0.1124,0.0,0.0,0.0,0.0,0.0,0.0,0.0,0.0,0.0,0.0,0.0,0.0,0.00013366234834464322,0.0,0.00012338062924120913,0.000658030022619782,0.0036397285626156694,0.0008431009664815958,0.002426485708410446,0.006652272259921859,0.02190006169031462,0.016337651655356774,0.019000616903146205,0.02860374254575365,0.03469052025498663,0.025652889163068064,0.01775652889163068,0.021735554184659674,0.02921036397285626,0.03176023031050792,0.017458359037631092,0.030649804647337034,0.03113304544519844,0.013582150935636438,0.015114127082048118,0.05101789019123998,0.05625128521488793,0.03800123380629241,0.019195969566111453,0.05095619987661937,0.04475632325724861,0.013140037014188772,0.03326136129960929,0.03213037219823155,0.04397491260538762,0.021026115566522723,0.022167386387003905,0.016214271026115567,0.01032284597984783,0.006189594900267325,0.017119062307217766,0.013129755295085338,0.007824388237713345,0.004585646720131606,0.007217766810610734,0.012183837137569401,0.013983137980670367,0.015473987250668312,0.004349167180752622,0.013325107958050586,0.033939954760435945,0.0027760641579272056,0.010692987867571458,0.009119884844746042,0.001089862224964014,0.00527452190006169,0.0,0.00021591610117211598,3.0845157310302283e-05,0.0,0.0,0.0,0.0,0.0,0.0,0.0,0.0,0.0,0.0,0.0,0.0,0.0,0.0,0.0,0.0,0.0,0.0,0.0,0.0,0.0,0.0,0.0,0.0,0.0,0.0,0.0,0.0,0.0,0.0,0.0,0.0,nan,nan,4.2041467304625195,2.939330506316043,nan,0.9055162330168419,0.02279316837628997,0.0,0.0,0.0,0.0,0.0,0.0,0.0,0.0,0.0,0.0,0.0,0.0,0.0,0.0,0.0,0.0,0.0,0.0,0.0,0.0,0.0,0.0,0.0,0.0,0.05961844197138316,1.2281399046104933,10.7670906200318,14.642289348171705,3.1955484896661375,0.10731319554848968,0.9055843060708422,0.023283346693629296,0.0,0.0,0.0,0.0,0.0,0.0,0.0,0.0,0.0,0.0,0.0,0.0,0.0,0.0,0.0,0.0,0.0,0.0,0.0,0.0,0.0,0.0,0.0,0.0,0.06391137622496805,1.3677034512143165,10.826587132509589,13.98380911802301,3.719642096293141,0.038346825734980834,0.3826,0.0234,0.0,0.0,0.0,0.0,0.0,0.0,0.0,0.0,0.0,0.5246422893481718,6.856120826709064,15.667726550079468,6.391096979332275,0.5604133545310017,0.0,0.0,0.0,0.0,0.0,0.0,0.0,0.0,0.0,0.0,0.0,0.0,0.0,0.0,0.0,0.0,0.3818,0.02289,0.0,0.0,0.0,0.0,0.0,0.0,0.0,0.0,0.0,0.47294418406476363,6.991904559011505,16.42522368981676,5.688112484022158,0.40903280783979556,0.012782275244993611,0.0,0.0,0.0,0.0,0.0,0.0,0.0,0.0,0.0,0.0,0.0,0.0,0.0,0.0,0.0
38600,4589,2356,0.5134016125517542,1104,909,0.4386576596208324,1279,0.5574199171932883,0.39799999999999996,2.8732646663681147,2.9176742558764963,5.997054491899853,2.201885023525172,9308.742744988906,1417.2913612904536,7853.0,10755.29708814621,10688.485338180852,17.90183814948373,7853.0,0.0,29.027892787099585,21.32146848747166,33.75896516393443,19.592245730940935,0.1292220527348006,0.0965351928524733,0.0950098060579647,0.08346044889954238,0.07539769012856831,0.07714098932229244,0.07212900414033559,0.06036173458269776,0.05643931139681848,0.05491392460230987,0.0496840270211375,0.04227500544780998,0.037698845064284156,0.02636740030507736,0.020919590324689475,0.013292656352146437,0.009152320767051645,0.9057356332688322,0.022451334009463857,0.0,0.0,0.0,0.0,0.0,0.0,0.0,0.0,0.0,0.0,0.0,0.0,0.0,0.0,0.0,0.0,0.0,0.0,0.0,0.0,0.0,0.0,0.0,0.0,0.032686859882327314,1.1505774678579213,10.956635432556116,14.519503159729792,3.235999128350404,0.1045979516234474,4.022546419098143,2.646782920593815,nan,nan,nan,4.031564808596373,2.701579824600356,4.013752455795678,2.592204220980038,0.995581776891515,0.3816,0.02281,0.0,0.0,0.0,0.0,0.0,0.0,0.0,0.0,0.0,0.4183918064937896,7.315319241664852,15.92503813466984,5.994770102418829,0.3399433427762041,0.0065373719764654625,0.0,0.0,0.0,0.0,0.0,0.0,0.0,0.0,0.0,0.0,0.0,0.0,0.0,0.0,0.0,nan,nan,4.022546419098143,2.646782920593815,nan,0.3818,0.1124,0.0,0.0,0.0,0.0,0.0,0.0,0.0,0.0,0.0,0.0,0.0,0.0,0.00015253867945086075,0.0,8.716495968620615e-05,0.0004467204183918065,0.0035083896273697974,0.0010241882763129223,0.0016779254739594683,0.007202004794072783,0.02209631728045326,0.01573327522336021,0.020963172804532578,0.028252342558291565,0.0365548049684027,0.025299629548921333,0.018250163434299412,0.021943778601002398,0.02922205273480061,0.03186968838526912,0.016920897799084768,0.029516234473741555,0.032174765744170844,0.011854434517324037,0.016408803660928308,0.051176726955763786,0.05561124427979952,0.037666158204401834,0.019579429069514057,0.051405534974940076,0.045347570276748746,0.012519067334931357,0.033068206580954454,0.030366092830682066,0.04498801481804315,0.020897799084767923,0.023109609936805404,0.014916103726302027,0.011015471780344302,0.005415123120505557,0.016278056221399,0.013891915449989104,0.00880366092830682,0.005044672041839181,0.007594247112660711,0.010895619960775768,0.013401612551754195,0.016049248202222706,0.004380039224231858,0.01375027239049902,0.03212028764436697,0.002930921769448682,0.010405317062540859,0.009185007626933972,0.0018522553933318807,0.004957507082152974,0.0,0.00016343429941163652,5.447809980387884e-05,0.0,0.0,0.0,0.0,0.0,0.0,0.0,0.0,0.0,0.0,0.0,0.0,0.0,0.0,0.0,0.0,0.0,0.0,0.0,0.0,0.0,0.0,0.0,0.0,0.0,0.0,0.0,0.0,0.0,0.0,0.0,0.0,nan,nan,4.022546419098143,2.646782920593815,nan,0.9059109906136281,0.022685831397347027,0.0,0.0,0.0,0.0,0.0,0.0,0.0,0.0,0.0,0.0,0.0,0.0,0.0,0.0,0.0,0.0,0.0,0.0,0.0,0.0,0.0,0.0,0.0,0.0,0.05093378607809848,1.133276740237691,10.74702886247878,14.668930390492363,3.2979626485568767,0.10186757215619696,0.9055506167420346,0.022199733090318835,0.0,0.0,0.0,0.0,0.0,0.0,0.0,0.0,0.0,0.0,0.0,0.0,0.0,0.0,0.0,0.0,0.0,0.0,0.0,0.0,0.0,0.0,0.0,0.0,0.013434841021047922,1.168831168831169,11.17778772951187,14.361845051500227,3.1706224809673094,0.10747872816838337,0.382,0.02292,0.0,0.0,0.0,0.0,0.0,0.0,0.0,0.0,0.0,0.471137521222411,7.143463497453312,15.853140916808128,6.188455008488966,0.34380305602716477,0.0,0.0,0.0,0.0,0.0,0.0,0.0,0.0,0.0,0.0,0.0,0.0,0.0,0.0,0.0,0.0,0.3813,0.0227,0.0,0.0,0.0,0.0,0.0,0.0,0.0,0.0,0.0,0.36274070756829385,7.49664128974474,16.000895656068046,5.790416480071654,0.33587102552619796,0.013434841021047922,0.0,0.0,0.0,0.0,0.0,0.0,0.0,0.0,0.0,0.0,0.0,0.0,0.0,0.0,0.0
38700,4348,2255,0.5186292548298068,1067,867,0.4448022079116835,1197,0.5505979760809567,0.43,3.010511227902532,3.1399715423333427,6.681972789115647,2.1331242901797367,9323.654016862276,1416.903734211324,7853.0,10750.932838201523,10688.655727413383,18.1550576831409,7853.0,0.0,27.76747930082797,20.760793856193455,32.661833105335155,19.021911375348143,0.13799448022079117,0.10648574057037719,0.09245630174793008,0.08463661453541858,0.08141674333026679,0.07313707451701931,0.06899724011039558,0.05956761729530819,0.06048758049678013,0.05266789328426863,0.051517939282428704,0.0374885004599816,0.037258509659613616,0.022999080036798528,0.016789328426862926,0.011039558417663294,0.005059797608095676,0.9054891993364502,0.023023816952896948,0.0,0.0,0.0,0.0,0.0,0.0,0.0,0.0,0.0,0.0,0.0,0.0,0.0,0.0,0.0,0.0,0.0,0.0,0.0,0.0,0.0,0.0,0.0,0.0,0.02069917203311868,1.2833486660533582,11.087856485740572,14.289328426862928,3.1807727690892373,0.1379944802207912,4.282390837508948,2.900780732489675,nan,nan,nan,4.31667839549613,2.8911151140021216,4.246904588492352,2.9103251088594715,0.9838362276243288,0.3823,0.02333,0.0,0.0,0.0,0.0,0.0,0.0,0.0,0.0,0.0,0.5312787488500461,7.0860165593376285,15.510579576816903,6.465041398344068,0.407083716651334,0.0,0.0,0.0,0.0,0.0,0.0,0.0,0.0,0.0,0.0,0.0,0.0,0.0,0.0,0.0,0.0,nan,nan,4.282390837508948,2.900780732489675,nan,0.3823,0.1123,0.0,0.0,0.0,0.0,0.0,0.0,0.0,0.0,0.0,0.0,0.0,0.0,1.1499540018399263e-05,0.0,8.049678012879485e-05,0.00047148114075436985,0.003932842686292549,0.001138454461821527,0.0016674333026678932,0.007049218031278749,0.021906623735050597,0.015892364305427783,0.02017019319227231,0.026552437902483902,0.0344066237350506,0.023976540938362465,0.020066697332106715,0.022723091076356946,0.030209291628334866,0.02984130634774609,0.018537258509659614,0.02936982520699172,0.03295768169273229,0.012212511499540018,0.01738730450781969,0.05201241950321987,0.05389834406623735,0.03890294388224471,0.018709751609935602,0.051069457221711134,0.04705611775528979,0.012051517939282429,0.032118215271389146,0.030209291628334866,0.04582566697332107,0.021607635694572216,0.02422953081876725,0.013626954921803127,0.010901563937442502,0.005692272309107635,0.016283348666053358,0.012373505059797608,0.009360625574977001,0.004277828886844527,0.008958141674333026,0.010855565777368905,0.012522999080036798,0.01578886844526219,0.004082336706531739,0.013983440662373505,0.03218721251149954,0.0028173873045078198,0.011752529898804048,0.010223091076356945,0.0019319227230910764,0.004047838086476541,0.0,6.899724011039559e-05,1.1499540018399263e-05,0.0,0.0,0.0,0.0,0.0,0.0,0.0,0.0,0.0,0.0,0.0,0.0,0.0,0.0,0.0,0.0,0.0,0.0,0.0,0.0,0.0,0.0,0.0,0.0,0.0,0.0,0.0,0.0,0.0,0.0,0.0,0.0,nan,nan,4.282390837508948,2.900780732489675,nan,0.9053654226918443,0.023217213381764957,0.0,0.0,0.0,0.0,0.0,0.0,0.0,0.0,0.0,0.0,0.0,0.0,0.0,0.0,0.0,0.0,0.0,0.0,0.0,0.0,0.0,0.0,0.0,0.0,0.039911308203991136,1.3436807095343684,10.86917960088692,14.474501108647454,3.1529933481153,0.11973392461197342,0.9056225563997978,0.022812865275083777,0.0,0.0,0.0,0.0,0.0,0.0,0.0,0.0,0.0,0.0,0.0,0.0,0.0,0.0,0.0,0.0,0.0,0.0,0.0,0.0,0.0,0.0,0.0,0.0,0.0,1.2183468705207838,11.323459149546109,14.089823220258006,3.2107023411371247,0.15766841853798377,0.3828,0.02354,0.0,0.0,0.0,0.0,0.0,0.0,0.0,0.0,0.0,0.4789356984478937,6.944567627494458,15.246119733924589,6.904656319290467,0.4257206208425722,0.0,0.0,0.0,0.0,0.0,0.0,0.0,0.0,0.0,0.0,0.0,0.0,0.0,0.0,0.0,0.0,0.3816,0.02307,0.0,0.0,0.0,0.0,0.0,0.0,0.0,0.0,0.0,0.5876731963688486,7.238413760152892,15.795508838987075,5.9913999044433845,0.3870043000477784,0.0,0.0,0.0,0.0,0.0,0.0,0.0,0.0,0.0,0.0,0.0,0.0,0.0,0.0,0.0,0.0
38800,4588,2380,0.5187445510026155,1092,936,0.4420226678291194,1275,0.555797733217088,0.40599999999999997,2.9841485507246377,3.131366355649719,6.711290322580645,2.124860894020737,9323.874810431507,1416.7877533443302,7853.0,10753.955082774162,10688.451105151156,17.923046309171163,7853.0,0.0,28.035745422842197,21.003799100818302,33.04707412223667,19.254212580690965,0.14189189189189189,0.1024411508282476,0.09088927637314734,0.08195292066259809,0.08304272013949433,0.07519616390584133,0.06647776809067131,0.06299040976460331,0.06102877070619006,0.0494768962510898,0.047079337401918046,0.03857890148212729,0.03443766346992153,0.02746294681778553,0.018308631211857017,0.012641673931996512,0.006102877070619006,0.9049394629317569,0.022811143648523376,0.0,0.0,0.0,0.0,0.0,0.0,0.0,0.0,0.0,0.0,0.0,0.0,0.0,0.0,0.0,0.0,0.0,0.0,0.0,0.0,0.0,0.0,0.0,0.0,0.01961639058413252,1.2489102005231039,11.351351351351354,14.149956408020927,3.1059285091543165,0.12423714036617264,4.30575417092271,2.892315011687693,nan,nan,nan,4.263623978201635,2.8751232079316953,4.34785568413887,2.9087841126302973,1.0197558946023104,0.3826,0.02347,0.0,0.0,0.0,0.0,0.0,0.0,0.0,0.0,0.0,0.5819529206625982,6.66303400174368,16.006974716652113,6.309938971229295,0.43809938971229306,0.0,0.0,0.0,0.0,0.0,0.0,0.0,0.0,0.0,0.0,0.0,0.0,0.0,0.0,0.0,0.0,nan,nan,4.30575417092271,2.892315011687693,nan,0.3826,0.11255,0.0,0.0,0.0,0.0,0.0,0.0,0.0,0.0,0.0,0.0,0.0,0.0,1.0897994768962512e-05,0.0,9.80819529206626e-05,0.00042502179598953794,0.003988666085440279,0.001493025283347864,0.0017327811682650391,0.006636878814298169,0.02192676547515257,0.016684829991281604,0.019463818657367044,0.025501307759372274,0.034612031386224935,0.02474934612031386,0.01995422842197036,0.023735832606800348,0.02647122929380994,0.029631647776809066,0.02039014821272886,0.02837837837837838,0.03315170008718396,0.012619877942458588,0.017698343504795117,0.05268090671316478,0.05599389712292938,0.03974498692240628,0.018210549258936354,0.04922624237140366,0.049128160418483,0.011769834350479512,0.030568875326939842,0.029980383609415868,0.04560810810810811,0.02048823016564952,0.023921098517872712,0.0131102877070619,0.010669136878814298,0.005612467306015693,0.01688099389712293,0.0125871839581517,0.009731909328683522,0.003138622493461203,0.010320401046207498,0.011737140366172624,0.01405841325196164,0.01458151700087184,0.004173931996512642,0.012249346120313863,0.031331734960767216,0.0027571926765475154,0.012652571926765475,0.011530078465562336,0.0013404533565823887,0.004664341761115955,0.0,0.00018526591107236268,0.0,0.0,1.0897994768962512e-05,0.0,0.0,0.0,0.0,0.0,0.0,0.0,0.0,0.0,0.0,0.0,0.0,0.0,0.0,0.0,0.0,0.0,0.0,0.0,0.0,0.0,0.0,0.0,0.0,0.0,0.0,0.0,0.0,0.0,0.0,nan,nan,4.30575417092271,2.892315011687693,nan,0.9053946707929884,0.023310831847534127,0.0,0.0,0.0,0.0,0.0,0.0,0.0,0.0,0.0,0.0,0.0,0.0,0.0,0.0,0.0,0.0,0.0,0.0,0.0,0.0,0.0,0.0,0.0,0.0,0.025210084033613453,1.2857142857142858,11.20588235294118,14.029411764705886,3.264705882352942,0.1890756302521009,0.904448795037857,0.022249545153646088,0.0,0.0,0.0,0.0,0.0,0.0,0.0,0.0,0.0,0.0,0.0,0.0,0.0,0.0,0.0,0.0,0.0,0.0,0.0,0.0,0.0,0.0,0.0,0.0,0.013586956521739134,1.2092391304347827,11.508152173913047,14.27989130434783,2.934782608695653,0.054347826086956534,0.3823,0.02312,0.0,0.0,0.0,0.0,0.0,0.0,0.0,0.0,0.0,0.5798319327731093,6.516806722689077,16.21008403361342,6.302521008403363,0.3907563025210085,0.0,0.0,0.0,0.0,0.0,0.0,0.0,0.0,0.0,0.0,0.0,0.0,0.0,0.0,0.0,0.0,0.3826,0.02383,0.0,0.0,0.0,0.0,0.0,0.0,0.0,0.0,0.0,0.5842391304347827,6.820652173913045,15.788043478260846,6.317934782608697,0.4891304347826088,0.0,0.0,0.0,0.0,0.0,0.0,0.0,0.0,0.0,0.0,0.0,0.0,0.0,0.0,0.0,0.0
38900,4710,2399,0.5093418259023355,1139,955,0.4445859872611465,1320,0.5605095541401274,0.41,2.9813933362180873,3.174855227823192,6.694915254237288,2.1776258330179434,9297.396583990358,1417.718930387723,7853.0,10754.694653511047,10688.809883532547,18.50140941245257,7853.0,0.0,27.554989384288746,20.62996839854954,32.47367088607595,18.893001596077994,0.14140127388535031,0.10276008492569003,0.09469214437367304,0.09278131634819532,0.07855626326963906,0.07048832271762208,0.06305732484076433,0.06709129511677282,0.05902335456475584,0.049469214437367307,0.051167728237791935,0.038641188959660296,0.03481953290870488,0.026114649681528664,0.016985138004246284,0.008280254777070064,0.004670912951167728,0.9055936648460963,0.022561813639319084,0.0,0.0,0.0,0.0,0.0,0.0,0.0,0.0,0.0,0.0,0.0,0.0,0.0,0.0,0.0,0.0,0.0,0.0,0.0,0.0,0.0,0.0,0.0,0.0,0.03184713375796179,1.2229299363057327,10.980891719745227,14.414012738853506,3.2484076433121025,0.10191082802547773,4.341090425531915,2.9739584055945034,nan,nan,nan,4.3483221476510066,2.998458306925168,4.33399209486166,2.9496952800241583,0.9967044638592181,0.3818,0.02374,0.0,0.0,0.0,0.0,0.0,0.0,0.0,0.0,0.006369426751592358,0.6878980891719747,7.159235668789811,15.484076433120997,6.248407643312103,0.41401273885350326,0.0,0.0,0.0,0.0,0.0,0.0,0.0,0.0,0.0,0.0,0.0,0.0,0.0,0.0,0.0,0.0,nan,nan,4.341090425531915,2.9739584055945034,nan,0.3818,0.1119,0.0,0.0,0.0,0.0,0.0,0.0,0.0,0.0,0.0,0.0,0.0,0.0,0.0,0.0,2.1231422505307857e-05,0.00029723991507431,0.004012738853503185,0.0016560509554140127,0.001953290870488323,0.005265392781316348,0.021199575371549893,0.017335456475583863,0.0198619957537155,0.027611464968152866,0.032738853503184714,0.025668789808917198,0.020562632696390658,0.02538216560509554,0.024840764331210193,0.029883227176220807,0.020849256900212314,0.026316348195329086,0.03277070063694267,0.012409766454352442,0.01762208067940552,0.052314225053078554,0.05787685774946921,0.04089171974522293,0.018768577494692143,0.0510828025477707,0.048014861995753715,0.012303609341825903,0.03182590233545648,0.02807855626326964,0.04464968152866242,0.02003184713375796,0.025276008492569002,0.013152866242038217,0.011157112526539278,0.0044904458598726115,0.017154989384288746,0.012367303609341827,0.010721868365180466,0.0030785562632696392,0.01070063694267516,0.011008492569002123,0.014118895966029724,0.015,0.0040339702760084925,0.01256900212314225,0.029469214437367303,0.0025690021231422507,0.011443736730360934,0.011040339702760084,0.0008280254777070064,0.005488322717622081,0.0,0.0002335456475583864,0.0,0.0,0.0,0.0,0.0,0.0,0.0,0.0,0.0,0.0,0.0,0.0,0.0,0.0,0.0,0.0,0.0,0.0,0.0,0.0,0.0,0.0,0.0,0.0,0.0,0.0,0.0,0.0,0.0,0.0,0.0,0.0,0.0,nan,nan,4.341090425531915,2.9739584055945034,nan,0.9056655111636853,0.022638266012589184,0.0,0.0,0.0,0.0,0.0,0.0,0.0,0.0,0.0,0.0,0.0,0.0,0.0,0.0,0.0,0.0,0.0,0.0,0.0,0.0,0.0,0.0,0.0,0.0,0.037515631513130476,1.1129637348895376,11.442267611504796,13.968320133388914,3.313880783659859,0.12505210504376826,0.9055190827102694,0.022481932154813967,0.0,0.0,0.0,0.0,0.0,0.0,0.0,0.0,0.0,0.0,0.0,0.0,0.0,0.0,0.0,0.0,0.0,0.0,0.0,0.0,0.0,0.0,0.0,0.0,0.02596278667243618,1.3370835136304633,10.501947209000434,14.876676763305932,3.180441367373432,0.07788836001730853,0.3828,0.02388,0.0,0.0,0.0,0.0,0.0,0.0,0.0,0.0,0.0,0.6877865777407255,6.765318882867863,15.694039182992892,6.277615673197167,0.575239683201334,0.0,0.0,0.0,0.0,0.0,0.0,0.0,0.0,0.0,0.0,0.0,0.0,0.0,0.0,0.0,0.0,0.3809,0.02356,0.0,0.0,0.0,0.0,0.0,0.0,0.0,0.0,0.01298139333621809,0.6880138468195588,7.568152315015147,15.266118563392448,6.218087408048466,0.24664647338814372,0.0,0.0,0.0,0.0,0.0,0.0,0.0,0.0,0.0,0.0,0.0,0.0,0.0,0.0,0.0,0.0
39000,5021,2638,0.5253933479386577,1233,1049,0.45449113722366064,1440,0.573590918143796,0.38199999999999995,3.0163659253042385,3.0351391312975537,6.51506456241033,1.9557852313101853,9342.428425206272,1415.6733968077247,7853.0,10751.99938261509,10687.882533343702,18.176018174150112,7853.0,0.0,28.14618601872137,20.711073269085563,33.0025974025974,18.903376830375098,0.13802031467835094,0.09400517825134436,0.09002190798645689,0.09042023501294563,0.0792670782712607,0.07747460665206134,0.07130053774148576,0.06452897829117706,0.06313483369846644,0.05178251344353715,0.04122684724158534,0.04441346345349532,0.03644692292372038,0.026488747261501692,0.01593308105954989,0.009161521609241188,0.006373232423819956,0.9049051302501676,0.02267034933702175,0.0,0.0,0.0,0.0,0.0,0.0,0.0,0.0,0.0,0.0,0.0,0.0,0.0,0.0,0.0,0.0,0.0,0.0,0.0,0.0,0.0,0.0,0.0,0.0,0.01792471619199363,1.302529376618204,11.310495917147982,14.142601075482974,3.1607249551882104,0.0657239593706433,4.178353658536586,2.8060617697074033,nan,nan,nan,4.120689655172414,2.7905480008531294,4.235649546827794,2.8207364079659887,1.0278982163849877,0.3813,0.02342,0.0,0.0,0.0,0.0,0.0,0.0,0.0,0.0,0.0059749053973312104,0.621390161322446,7.3491336387173885,15.397331208922502,6.291575383389764,0.33459470225054777,0.0,0.0,0.0,0.0,0.0,0.0,0.0,0.0,0.0,0.0,0.0,0.0,0.0,0.0,0.0,0.0,nan,nan,4.178353658536586,2.8060617697074033,nan,0.3813,0.1115,0.0,0.0,0.0,0.0,0.0,0.0,0.0,0.0,0.0,0.0,0.0,0.0,1.9916351324437363e-05,0.0,0.00019916351324437363,0.0004779924317864967,0.004212308305118502,0.002250547699661422,0.0020812587134037045,0.0044811790479984065,0.019727145986855207,0.017566221868153754,0.02063333997211711,0.027375024895439155,0.03468432583150767,0.025443138816968733,0.020643298147779328,0.02597092212706632,0.02391953794064927,0.02960565624377614,0.020125473013343956,0.025313682533359888,0.033180641306512645,0.012208723361880103,0.01616211909978092,0.05489942242581159,0.057050388368850825,0.039852619000199166,0.01692889862577176,0.053445528779127664,0.04972117108145788,0.011581358295160327,0.03488348934475204,0.028888667596096394,0.04417446723760207,0.020284803823939455,0.024756024696275643,0.013493328022306314,0.010286795459071898,0.004879506074487154,0.016978689504082854,0.012487552280422226,0.010525791674965146,0.0028281218880701056,0.01056562437761402,0.011491734714200359,0.01299541923919538,0.014777932682732524,0.0039036048595897234,0.011093407687711611,0.02860983867755427,0.0020713005377414858,0.011581358295160327,0.011611232822146983,0.0009261103365863374,0.005755825532762398,0.0,0.0003883688508265286,0.0,0.0,0.0,0.0,0.0,0.0,0.0,0.0,0.0,0.0,0.0,0.0,0.0,0.0,0.0,0.0,0.0,0.0,0.0,0.0,0.0,0.0,0.0,0.0,0.0,0.0,0.0,0.0,0.0,0.0,0.0,0.0,0.0,nan,nan,4.178353658536586,2.8060617697074033,nan,0.9051871930811783,0.022800014762507828,0.0,0.0,0.0,0.0,0.0,0.0,0.0,0.0,0.0,0.0,0.0,0.0,0.0,0.0,0.0,0.0,0.0,0.0,0.0,0.0,0.0,0.0,0.0,0.0,0.034116755117513275,1.2168309325246403,11.292645943896895,14.056103108415469,3.332069749810463,0.06823351023502655,0.9045928844473115,0.02252181881241887,0.0,0.0,0.0,0.0,0.0,0.0,0.0,0.0,0.0,0.0,0.0,0.0,0.0,0.0,0.0,0.0,0.0,0.0,0.0,0.0,0.0,0.0,0.0,0.0,0.0,1.3973982375157368,11.330255979857325,14.238355014687372,2.97104490138481,0.06294586655476292,0.3816,0.02351,0.0,0.0,0.0,0.0,0.0,0.0,0.0,0.0,0.011372251705837758,0.6368460955269145,7.2554965883244895,15.261561789234246,6.5163002274450355,0.31842304776345726,0.0,0.0,0.0,0.0,0.0,0.0,0.0,0.0,0.0,0.0,0.0,0.0,0.0,0.0,0.0,0.0,0.381,0.02332,0.0,0.0,0.0,0.0,0.0,0.0,0.0,0.0,0.0,0.604280318925724,7.4527906000839295,15.547629039026416,6.04280318925724,0.35249685270667236,0.0,0.0,0.0,0.0,0.0,0.0,0.0,0.0,0.0,0.0,0.0,0.0,0.0,0.0,0.0,0.0
39100,4452,2330,0.5233602875112309,1062,895,0.43957771787960465,1226,0.550763701707098,0.438,3.079170593779453,3.236419413822959,6.87263339070568,2.22973755273256,9336.520107420494,1415.8152257381594,7853.0,10756.765497803688,10687.605801818043,18.0206989161503,7853.0,0.0,27.169811320754718,20.81727299721965,32.29970246145523,19.13217220902922,0.14690026954177898,0.10467205750224619,0.09501347708894879,0.09703504043126684,0.07973944294699012,0.06805929919137467,0.06828391734052111,0.05884995507637017,0.05637915543575921,0.05188679245283019,0.042902066486972146,0.040880503144654086,0.033468104222821204,0.022911051212938006,0.015947888589398024,0.009883198562443846,0.0071877807726864335,0.9047466804610644,0.022565900570034818,0.0,0.0,0.0,0.0,0.0,0.0,0.0,0.0,0.0,0.0,0.0,0.0,0.0,0.0,0.0,0.0,0.0,0.0,0.0,0.0,0.0,0.0,0.0,0.0,0.02695417789757413,1.3207547169811322,11.165768194070084,14.386792452830193,3.059299191374664,0.04043126684636119,4.405135520684736,2.986522630251857,nan,nan,nan,4.335003579098068,2.9808765729481506,4.474769012082445,2.990491244255359,1.0322411343922018,0.3813,0.02333,0.0,0.0,0.0,0.0,0.0,0.0,0.0,0.0,0.0,0.5323450134770891,7.473045822102428,15.727762803234478,5.815363881401619,0.4514824797843667,0.0,0.0,0.0,0.0,0.0,0.0,0.0,0.0,0.0,0.0,0.0,0.0,0.0,0.0,0.0,0.0,nan,nan,4.405135520684736,2.986522630251857,nan,0.3813,0.1114,0.0,0.0,0.0,0.0,0.0,0.0,0.0,0.0,0.0,0.0,0.0,0.0,0.0,0.0,0.00015723270440251572,0.0002358490566037736,0.0038297394429469903,0.0016509433962264152,0.0021001796945193173,0.004593441150044924,0.019732704402515722,0.01759883198562444,0.02130503144654088,0.029346361185983827,0.035411051212938006,0.024505840071877807,0.018946540880503144,0.025808625336927224,0.024449685534591196,0.03019991015274034,0.01945193171608266,0.025202156334231805,0.03216531895777179,0.012118149146451034,0.016172506738544475,0.05566037735849057,0.05856918238993711,0.03962264150943396,0.01681266846361186,0.05451482479784366,0.05071877807726864,0.010557053009883199,0.033288409703504045,0.03224393530997305,0.042722371967654986,0.018665768194070082,0.022922282120395328,0.013971248876909254,0.009973045822102426,0.004997753818508536,0.017935759209344114,0.011938454627133872,0.011343216531895777,0.003178346810422282,0.010680592991913746,0.011410601976639713,0.012511230907457323,0.015083108715184187,0.004818059299191374,0.01096136567834681,0.027044025157232705,0.0016846361185983828,0.012994159928122192,0.01096136567834681,0.0009433962264150943,0.006042228212039533,0.00010107816711590297,0.00014600179694519317,0.0,0.0,0.0,0.0,0.0,0.0,0.0,0.0,0.0,0.0,0.0,0.0,0.0,0.0,0.0,0.0,0.0,0.0,0.0,0.0,0.0,0.0,0.0,0.0,0.0,0.0,0.0,0.0,0.0,0.0,0.0,0.0,0.0,nan,nan,4.405135520684736,2.986522630251857,nan,0.9047290790490327,0.022923666298968418,0.0,0.0,0.0,0.0,0.0,0.0,0.0,0.0,0.0,0.0,0.0,0.0,0.0,0.0,0.0,0.0,0.0,0.0,0.0,0.0,0.0,0.0,0.0,0.0,0.051502145922746795,1.3648068669527902,11.163090128755368,14.201716738197428,3.1802575107296147,0.03862660944206009,0.9047660071764433,0.022166400198095345,0.0,0.0,0.0,0.0,0.0,0.0,0.0,0.0,0.0,0.0,0.0,0.0,0.0,0.0,0.0,0.0,0.0,0.0,0.0,0.0,0.0,0.0,0.0,0.0,0.0,1.2723845428840719,11.168708765315742,14.590009425070692,2.9264844486333654,0.04241281809613573,0.3816,0.02327,0.0,0.0,0.0,0.0,0.0,0.0,0.0,0.0,0.0,0.4763948497854078,7.467811158798285,15.733905579399119,5.845493562231761,0.4763948497854078,0.0,0.0,0.0,0.0,0.0,0.0,0.0,0.0,0.0,0.0,0.0,0.0,0.0,0.0,0.0,0.0,0.3813,0.02339,0.0,0.0,0.0,0.0,0.0,0.0,0.0,0.0,0.0,0.5937794533459002,7.478793590951934,15.721017907634284,5.782280867106504,0.4241281809613573,0.0,0.0,0.0,0.0,0.0,0.0,0.0,0.0,0.0,0.0,0.0,0.0,0.0,0.0,0.0,0.0
39200,4492,2351,0.5233748886910062,1116,931,0.45569902048085487,1258,0.560106856634016,0.426,2.956562354040168,3.060876984082962,6.471794871794872,2.1370898878361784,9336.04263712889,1415.3179705702205,7853.0,10740.126427531242,10686.614430447884,17.990994182614745,7853.0,0.0,28.2546749777382,20.99784076921149,33.041315789473686,19.285053616869728,0.13601959038290293,0.09973285841495994,0.09305431878895815,0.08392698130008905,0.0852626892252894,0.07279608192341941,0.06812110418521816,0.06500445235975066,0.05854853072128228,0.053205699020480855,0.0458593054318789,0.038958147818343725,0.03717720391807658,0.022484416740872662,0.020926090828138913,0.010463045414069456,0.008459483526268923,0.9042961436488856,0.022480028317773234,0.0,0.0,0.0,0.0,0.0,0.0,0.0,0.0,0.0,0.0,0.0,0.0,0.0,0.0,0.0,0.0,0.0,0.0,0.0,0.0,0.0,0.0,0.0,0.0,0.02671415850400713,1.4492430988423868,11.206589492430991,14.439002671415853,2.7849510240427433,0.09349955476402495,4.1758467328087585,2.8466096885412875,nan,nan,nan,4.237335183900069,2.825583450721725,4.116059379217274,2.8656415233946593,0.9713792278827534,0.3804,0.0234,0.0,0.0,0.0,0.0,0.0,0.0,0.0,0.0,0.006678539626001782,0.7279608192341943,7.747105966162067,15.247105966162044,5.9906500445235995,0.2804986642920749,0.0,0.0,0.0,0.0,0.0,0.0,0.0,0.0,0.0,0.0,0.0,0.0,0.0,0.0,0.0,0.0,nan,nan,4.1758467328087585,2.8466096885412875,nan,0.3804,0.1113,0.0,0.0,0.0,0.0,0.0,0.0,0.0,0.0,0.0,0.0,0.0,0.0,0.0,0.0,0.00012243989314336597,0.0001892252894033838,0.003239091718610864,0.0013245770258236865,0.0022484416740872664,0.003951469278717721,0.01990204808548531,0.017186108637577916,0.022373107747105967,0.0304986642920748,0.038000890471950134,0.02561219946571683,0.018777827248441674,0.02683659839715049,0.023987088156723062,0.030109082813891363,0.01790961709706144,0.026024042742653606,0.03342609082813891,0.012889581478183438,0.016829919857524488,0.05516473731077471,0.058036509349955474,0.03873552983081033,0.019568121104185217,0.05291629563668744,0.04947684772929653,0.010552092609082814,0.03240204808548531,0.030865983971504897,0.04178539626001781,0.017820569902048087,0.022762689225289404,0.01465939447907391,0.009338824577025824,0.004252003561887801,0.01861086375779163,0.013802315227070348,0.013012021371326803,0.0031500445235975068,0.009739536954585931,0.011743098842386465,0.012366429207479964,0.01307880676758682,0.005398486197684773,0.01068566340160285,0.026124220837043632,0.0012243989314336598,0.0118766696349065,0.011843276936776491,0.0009016028495102404,0.006455921638468388,0.00014470169189670525,6.67853962600178e-05,0.0,0.0,0.0,0.0,0.0,0.0,0.0,0.0,0.0,0.0,0.0,0.0,0.0,0.0,0.0,0.0,0.0,0.0,0.0,0.0,0.0,0.0,0.0,0.0,0.0,0.0,0.0,0.0,0.0,0.0,0.0,0.0,0.0,nan,nan,4.1758467328087585,2.8466096885412875,nan,0.9044902742745673,0.022467474422626737,0.0,0.0,0.0,0.0,0.0,0.0,0.0,0.0,0.0,0.0,0.0,0.0,0.0,0.0,0.0,0.0,0.0,0.0,0.0,0.0,0.0,0.0,0.0,0.0,0.012760527435133989,1.4036580178647389,11.10165886856657,14.585282858358148,2.7945555082943434,0.10208421948107191,0.9040829717194238,0.022491875421818252,0.0,0.0,0.0,0.0,0.0,0.0,0.0,0.0,0.0,0.0,0.0,0.0,0.0,0.0,0.0,0.0,0.0,0.0,0.0,0.0,0.0,0.0,0.0,0.0,0.042036431574030836,1.4992993928071,11.321812237272304,14.278374591312474,2.774404483886035,0.08407286314806167,0.3801,0.02365,0.0,0.0,0.0,0.0,0.0,0.0,0.0,0.0,0.012760527435133989,0.7401105912377713,7.783921735431733,15.223309230114824,5.971926839642707,0.26797107613781374,0.0,0.0,0.0,0.0,0.0,0.0,0.0,0.0,0.0,0.0,0.0,0.0,0.0,0.0,0.0,0.0,0.3806,0.02313,0.0,0.0,0.0,0.0,0.0,0.0,0.0,0.0,0.0,0.7146193367585242,7.706679121905653,15.273236805231178,6.01120971508641,0.2942550210182158,0.0,0.0,0.0,0.0,0.0,0.0,0.0,0.0,0.0,0.0,0.0,0.0,0.0,0.0,0.0,0.0
39300,4790,2514,0.5248434237995825,1211,994,0.4603340292275574,1357,0.5665970772442589,0.38999999999999996,2.9560632688927946,3.0170580013806103,6.370967741935484,2.1199876753951785,9340.058704646071,1414.9776609301528,7853.0,10751.226328611374,10686.337786497488,17.771182150915457,7853.0,0.0,28.484759916492692,20.943090137914783,33.472077438570366,19.086172555089213,0.13674321503131523,0.09895615866388309,0.08204592901878914,0.08705636743215031,0.08308977035490606,0.07515657620041753,0.07077244258872652,0.062839248434238,0.06534446764091859,0.05156576200417536,0.043423799582463465,0.04196242171189979,0.03507306889352818,0.033402922755741124,0.016075156576200417,0.01022964509394572,0.006263048016701462,0.9028849638951845,0.022592996552985484,0.0,0.0,0.0,0.0,0.0,0.0,0.0,0.0,0.0,0.0,0.0,0.0,0.0,0.0,0.0,0.0,0.0,0.0,0.0,0.0,0.0,0.0,0.0,0.0,0.03757828810020877,1.5594989561586643,11.89979123173278,13.734864300626308,2.718162839248435,0.0501043841336117,4.110307982401006,2.8363206117922966,nan,nan,nan,4.109657320872274,2.8368624140220944,4.110970196575777,2.8357689301558597,1.0003194611134205,0.3813,0.02309,0.0,0.0,0.0,0.0,0.0,0.0,0.0,0.0,0.0,0.5699373695198331,7.252609603340294,16.014613778705613,5.818371607515659,0.34446764091858045,0.0,0.0,0.0,0.0,0.0,0.0,0.0,0.0,0.0,0.0,0.0,0.0,0.0,0.0,0.0,0.0,nan,nan,4.110307982401006,2.8363206117922966,nan,0.3813,0.11096,0.0,0.0,0.0,0.0,0.0,0.0,0.0,0.0,0.0,0.0,0.0,0.0,2.0876826722338206e-05,0.0,7.306889352818372e-05,0.00015657620041753653,0.0028914405010438413,0.001638830897703549,0.00244258872651357,0.00360125260960334,0.01815240083507307,0.01720250521920668,0.022181628392484342,0.03035490605427975,0.03674321503131524,0.024812108559498957,0.018632567849686848,0.02638830897703549,0.023100208768267225,0.029603340292275574,0.01766179540709812,0.025260960334029227,0.03282881002087683,0.013757828810020876,0.01792275574112735,0.058298538622129435,0.058402922755741125,0.03983298538622129,0.01793319415448852,0.052014613778705636,0.051805845511482256,0.011179540709812108,0.03276617954070981,0.03299582463465553,0.04150313152400835,0.017766179540709814,0.025198329853862212,0.01313152400835073,0.008215031315240083,0.004665970772442588,0.018215031315240084,0.011774530271398747,0.012139874739039666,0.00337160751565762,0.009665970772442588,0.010292275574112735,0.01315240083507307,0.013768267223382046,0.0063256784968684756,0.010271398747390397,0.02630480167014614,0.0015031315240083508,0.012526096033402923,0.010866388308977036,0.000918580375782881,0.00755741127348643,9.394572025052193e-05,0.00011482254697286013,0.0,0.0,0.0,0.0,0.0,0.0,0.0,0.0,0.0,0.0,0.0,0.0,0.0,0.0,0.0,0.0,0.0,0.0,0.0,0.0,0.0,0.0,0.0,0.0,0.0,0.0,0.0,0.0,0.0,0.0,0.0,0.0,0.0,nan,nan,4.110307982401006,2.8363206117922966,nan,0.9024615378586565,0.022545280659163443,0.0,0.0,0.0,0.0,0.0,0.0,0.0,0.0,0.0,0.0,0.0,0.0,0.0,0.0,0.0,0.0,0.0,0.0,0.0,0.0,0.0,0.0,0.0,0.0,0.047732696897374714,1.6109785202863967,12.040572792362772,13.460620525059669,2.780429594272077,0.05966587112171839,0.90335266734678,0.022636381008240353,0.0,0.0,0.0,0.0,0.0,0.0,0.0,0.0,0.0,0.0,0.0,0.0,0.0,0.0,0.0,0.0,0.0,0.0,0.0,0.0,0.0,0.0,0.0,0.0,0.026362038664323382,1.5026362038664327,11.744288224956067,14.0377855887522,2.6493848857644995,0.03954305799648507,0.3816,0.02306,0.0,0.0,0.0,0.0,0.0,0.0,0.0,0.0,0.0,0.6205250596658713,6.861575178997615,16.336515513126468,5.835322195704059,0.34606205250596667,0.0,0.0,0.0,0.0,0.0,0.0,0.0,0.0,0.0,0.0,0.0,0.0,0.0,0.0,0.0,0.0,0.381,0.0231,0.0,0.0,0.0,0.0,0.0,0.0,0.0,0.0,0.0,0.5140597539543059,7.684534270650265,15.659050966608062,5.799648506151144,0.34270650263620395,0.0,0.0,0.0,0.0,0.0,0.0,0.0,0.0,0.0,0.0,0.0,0.0,0.0,0.0,0.0,0.0
39400,4498,2367,0.5262338817252112,1100,893,0.44308581591818585,1232,0.5477990217874611,0.418,2.9357109338338807,3.137412366512922,6.562393162393162,2.2064290868978325,9344.23233627144,1415.0000621870392,7853.0,10743.873152256012,10686.782445521309,18.02849420754808,7853.0,0.0,28.005558025789238,21.042435585898684,33.02653223666755,19.294256474926065,0.14228546020453534,0.10582481102712317,0.0853712761227212,0.0920409070698088,0.07381058248110271,0.07092040907069809,0.07047576700755892,0.062249888839484215,0.05980435749221876,0.05024455313472655,0.049577590040017785,0.041796353935082256,0.035126722987994664,0.02334370831480658,0.018452645620275678,0.012672298799466429,0.006002667852378835,0.9036886444909141,0.02232899868079714,0.0,0.0,0.0,0.0,0.0,0.0,0.0,0.0,0.0,0.0,0.0,0.0,0.0,0.0,0.0,0.0,0.0,0.0,0.0,0.0,0.0,0.0,0.0,0.006669630947087574,0.006669630947087596,1.3739439751000448,11.631836371720768,14.20631391729658,2.694530902623389,0.08003557136505114,4.271716469770674,2.934158045021039,nan,nan,nan,4.284604519774011,2.928804973433525,4.259233926128591,2.939279523797146,0.994078661512788,0.3813,0.02362,0.0,0.0,0.0,0.0,0.0,0.0,0.0,0.0,0.0,0.560248999555358,7.3966207203201435,15.726989773232525,5.88261449533126,0.43352601156069376,0.0,0.0,0.0,0.0,0.0,0.0,0.0,0.0,0.0,0.0,0.0,0.0,0.0,0.0,0.0,0.0,nan,nan,4.271716469770674,2.934158045021039,nan,0.3813,0.11224,0.0,0.0,0.0,0.0,0.0,0.0,0.0,0.0,0.0,0.0,0.0,0.0,0.0,0.0,8.89284126278346e-05,0.00012227656736327257,0.0033459315251222767,0.0013450422409959982,0.0029457536682970208,0.004046242774566474,0.01827478879502001,0.019597598932859048,0.021442863494886617,0.031391729657625614,0.03398176967541129,0.02448866162738995,0.01843041351711872,0.025300133392618943,0.026600711427301024,0.03031347265451312,0.017685638061360604,0.02451089373054691,0.030646954201867495,0.014106269453090263,0.017952423299244107,0.05939306358381503,0.05619164072921298,0.04216318363717208,0.018630502445531348,0.05160071142730102,0.05422409959982214,0.012950200088928412,0.029079590929301912,0.030635838150289016,0.03949533125833704,0.016851934192974656,0.02597821253890618,0.011571809693196976,0.00641396176078257,0.005013339261894175,0.01907514450867052,0.011938639395286794,0.012094264117385504,0.0029679857714539795,0.01002667852378835,0.009181858603823922,0.013194753223654957,0.01134948866162739,0.007681191640729213,0.0108603823921743,0.02841262783459315,0.002023121387283237,0.012627834593152512,0.012205424633170299,0.0011116051578479323,0.008159181858603823,0.00011116051578479324,0.00015562472209871054,0.0,1.1116051578479325e-05,0.0,0.0,0.0,0.0,0.0,0.0,0.0,0.0,0.0,0.0,0.0,0.0,0.0,0.0,0.0,0.0,0.0,0.0,0.0,0.0,0.0,0.0,0.0,0.0,0.0,0.0,0.0,0.0,0.0,0.0,0.0,nan,nan,4.271716469770674,2.934158045021039,nan,0.9036870774811816,0.022568218635396542,0.0,0.0,0.0,0.0,0.0,0.0,0.0,0.0,0.0,0.0,0.0,0.0,0.0,0.0,0.0,0.0,0.0,0.0,0.0,0.0,0.0,0.0,0.0,0.01267427122940427,0.0,1.3814955640050701,11.685678073510775,13.929024081115339,2.9024081115335876,0.08871989860583018,0.9036903850409079,0.022060245199406144,0.0,0.0,0.0,0.0,0.0,0.0,0.0,0.0,0.0,0.0,0.0,0.0,0.0,0.0,0.0,0.0,0.0,0.0,0.0,0.0,0.0,0.0,0.0,0.0,0.014077897700610046,1.3655560769591744,11.572031909901458,14.514312529328956,2.463632097606758,0.07038948850305023,0.381,0.02338,0.0,0.0,0.0,0.0,0.0,0.0,0.0,0.0,0.0,0.5449936628643854,7.591888466413183,15.880861850443578,5.538656527249684,0.4435994930291509,0.0,0.0,0.0,0.0,0.0,0.0,0.0,0.0,0.0,0.0,0.0,0.0,0.0,0.0,0.0,0.0,0.3818,0.0239,0.0,0.0,0.0,0.0,0.0,0.0,0.0,0.0,0.0,0.5771938057250119,7.179727827311123,15.556076959174073,6.26466447677147,0.4223369310183014,0.0,0.0,0.0,0.0,0.0,0.0,0.0,0.0,0.0,0.0,0.0,0.0,0.0,0.0,0.0,0.0
39500,4491,2305,0.5132487196615453,1078,934,0.4480071253618348,1278,0.5691382765531062,0.40199999999999997,2.925434583714547,3.0528169941534444,6.50990099009901,2.1300306766021815,9307.235779696412,1416.2560263961502,7853.0,10748.678958654404,10686.393877057088,17.660634980420177,7853.0,0.0,28.06902694277444,20.810554556529414,32.92234548335975,19.05479884714485,0.13604987753284348,0.09953239812959253,0.09040302827877979,0.09062569583611668,0.08082832331329326,0.07637497216655534,0.06902694277443776,0.06457359162769985,0.05856156757960365,0.050545535515475394,0.04609218436873747,0.0447561790247161,0.03117345802716544,0.027610777109775105,0.01558672901358272,0.0111333778668448,0.007125361834780673,0.9025890250775098,0.022460071369425544,0.0,0.0,0.0,0.0,0.0,0.0,0.0,0.0,0.0,0.0,0.0,0.0,0.0,0.0,0.0,0.0,0.0,0.0,0.0,0.0,0.0,0.0,0.0,0.0,0.026720106880427526,1.6032064128256518,12.271209084836343,13.507014028056116,2.5183700734802943,0.0734802939211757,4.222489683631362,2.896723542475263,nan,nan,nan,4.167237834132968,2.8768645315481485,4.273480662983426,2.9111736608935272,1.0254947840942135,0.3816,0.0237,0.0,0.0,0.0,0.0,0.0,0.0,0.0,0.0,0.020040080160320644,0.6479625918503675,7.294589178356715,15.404141616566443,6.279225116900469,0.3473613894455579,0.006680026720106882,0.0,0.0,0.0,0.0,0.0,0.0,0.0,0.0,0.0,0.0,0.0,0.0,0.0,0.0,0.0,nan,nan,4.222489683631362,2.896723542475263,nan,0.3816,0.1135,0.0,0.0,0.0,0.0,0.0,0.0,0.0,0.0,0.0,0.0,0.0,0.0,0.0,0.0,0.0,0.0002894678245379648,0.003295479848586061,0.0012469383210866177,0.0034736138944555777,0.003930082386996214,0.016922734357604097,0.02019594745045647,0.021788020485415276,0.03327766644399911,0.03417947005121354,0.025517702070808283,0.018269873079492318,0.027822311289245158,0.02655310621242485,0.03021598753061679,0.017011801380538854,0.022522823424627032,0.03206412825651302,0.014762859051436206,0.01706746826987308,0.058784235136940546,0.0528835448675128,0.044344244043642844,0.018425740369628144,0.05081273658427967,0.05503228679581385,0.013371186818080605,0.028768648407926964,0.031718993542640836,0.0371520819416611,0.01688933422400356,0.022545090180360723,0.011278111779113783,0.0050211534179470056,0.004765085727009575,0.019193943442440436,0.01171231351592073,0.01400578935649076,0.002404809619238477,0.009029169450011133,0.008205299487864618,0.01312625250501002,0.01136717880204854,0.007860164773992429,0.012024048096192385,0.029781785793809842,0.0023491427299042527,0.013026052104208416,0.012580716989534625,0.0011912714317523936,0.009519038076152305,0.0002004008016032064,0.00021153417947005122,0.0,1.11333778668448e-05,0.0,0.0,0.0,0.0,0.0,0.0,0.0,0.0,0.0,0.0,0.0,0.0,0.0,0.0,0.0,0.0,0.0,0.0,0.0,0.0,0.0,0.0,0.0,0.0,0.0,0.0,0.0,0.0,0.0,0.0,0.0,nan,nan,4.222489683631362,2.896723542475263,nan,0.9024285755809114,0.022351803951395677,0.0,0.0,0.0,0.0,0.0,0.0,0.0,0.0,0.0,0.0,0.0,0.0,0.0,0.0,0.0,0.0,0.0,0.0,0.0,0.0,0.0,0.0,0.0,0.0,0.013015184381778745,1.6529284164859006,12.273318872017358,13.58785249457701,2.394793926247289,0.07809110629067247,0.9027582090160547,0.022572434849005087,0.0,0.0,0.0,0.0,0.0,0.0,0.0,0.0,0.0,0.0,0.0,0.0,0.0,0.0,0.0,0.0,0.0,0.0,0.0,0.0,0.0,0.0,0.0,0.0,0.041171088746569086,1.550777676120769,12.268984446477589,13.421774931381522,2.6486733760292775,0.06861848124428181,0.3816,0.0232,0.0,0.0,0.0,0.0,0.0,0.0,0.0,0.0,0.013015184381778745,0.5856832971800435,7.05422993492408,15.696312364425141,6.338394793926249,0.29934924078091113,0.013015184381778745,0.0,0.0,0.0,0.0,0.0,0.0,0.0,0.0,0.0,0.0,0.0,0.0,0.0,0.0,0.0,0.3813,0.02419,0.0,0.0,0.0,0.0,0.0,0.0,0.0,0.0,0.027447392497712723,0.7136322049405308,7.548032936870999,15.09606587374197,6.2168344007319325,0.3979871912168345,0.0,0.0,0.0,0.0,0.0,0.0,0.0,0.0,0.0,0.0,0.0,0.0,0.0,0.0,0.0,0.0
39600,4435,2332,0.5258173618940248,1099,901,0.4509582863585118,1224,0.5519729425028185,0.434,2.9838326200665715,3.116950903281531,6.651567944250871,2.124321407882962,9342.917559727419,1414.9342949552004,7853.0,10741.455125451088,10686.526748452445,18.09329106831192,7853.0,0.0,27.90236753100338,20.88420172415564,32.87792417316483,19.135557365286946,0.14114994363021421,0.09853438556933483,0.09650507328072154,0.08478015783540023,0.07553551296505073,0.07869222096956031,0.06899661781285231,0.06538895152198422,0.061104847801578356,0.051634723788049605,0.045546786922209696,0.038556933483652765,0.02818489289740699,0.028861330326944757,0.0189402480270575,0.010146561443066516,0.007440811724915446,0.9019857948232262,0.022633252937692326,0.0,0.0,0.0,0.0,0.0,0.0,0.0,0.0,0.0,0.0,0.0,0.0,0.0,0.0,0.0,0.0,0.0,0.0,0.0,0.0,0.0,0.0,0.0,0.0,0.027057497181510716,1.6505073280721538,12.38556933483653,13.528748590755358,2.3404735062006767,0.06764374295377679,4.286014721345952,2.9092243632723807,nan,nan,nan,4.357740585774058,2.9049900653848364,4.2143864598025385,2.912550842334253,0.9671035659076397,0.3823,0.02364,0.0,0.0,0.0,0.0,0.0,0.0,0.0,0.0,0.006764374295377679,0.5343855693348366,7.1499436302142065,15.39571589627957,6.527621195039461,0.3855693348365277,0.0,0.0,0.0,0.0,0.0,0.0,0.0,0.0,0.0,0.0,0.0,0.0,0.0,0.0,0.0,0.0,nan,nan,4.286014721345952,2.9092243632723807,nan,0.3823,0.11383,0.0,0.0,0.0,0.0,0.0,0.0,0.0,0.0,0.0,0.0,0.0,0.0,0.0,6.764374295377678e-05,0.0,0.00046223224351747466,0.0023562570462232245,0.0018940248027057498,0.003641488162344983,0.004250281848928974,0.016989853438556933,0.018060879368658397,0.020326944757609922,0.03443066516347238,0.03452085682074408,0.02422773393461105,0.018737316798196166,0.02935738444193912,0.028647125140924466,0.03052987598647125,0.016381059751972942,0.02092446448703495,0.030338218714768883,0.015050732807215332,0.016516347237880497,0.05954904171364149,0.05470124013528749,0.04457722660653889,0.018410372040586247,0.04980834272829763,0.05235625704622322,0.01286358511837655,0.027519729425028186,0.03252536640360767,0.03679819616685456,0.015963923337091318,0.023404735062006764,0.01237880496054115,0.005896279594137542,0.004971815107102593,0.019379932356257047,0.012164599774520857,0.016042841037204058,0.0031116121758737315,0.007914317925591883,0.008275084554678692,0.011792559188275084,0.011319052987598647,0.008962795941375423,0.010270574971815107,0.03226606538895152,0.002390078917700113,0.012931228861330328,0.012390078917700113,0.0012063134160090192,0.009458850056369785,0.0003382187147688839,0.0003043968432919955,0.0,0.0,4.509582863585119e-05,0.0,0.0,0.0,0.0,0.0,0.0,0.0,0.0,0.0,0.0,0.0,0.0,0.0,0.0,0.0,0.0,0.0,0.0,0.0,0.0,0.0,0.0,0.0,0.0,0.0,0.0,0.0,0.0,0.0,0.0,nan,nan,4.286014721345952,2.9092243632723807,nan,0.9021169321921432,0.022469734367092046,0.0,0.0,0.0,0.0,0.0,0.0,0.0,0.0,0.0,0.0,0.0,0.0,0.0,0.0,0.0,0.0,0.0,0.0,0.0,0.0,0.0,0.0,0.0,0.0,0.02572898799313894,1.69811320754717,12.337049742710123,13.559176672384222,2.3284734133790743,0.05145797598627788,0.9018403776362007,0.022812325547195398,0.0,0.0,0.0,0.0,0.0,0.0,0.0,0.0,0.0,0.0,0.0,0.0,0.0,0.0,0.0,0.0,0.0,0.0,0.0,0.0,0.0,0.0,0.0,0.0,0.02853067047075607,1.5977175463623399,12.439372325249646,13.495007132667622,2.3537803138373756,0.0855920114122682,0.3823,0.02342,0.0,0.0,0.0,0.0,0.0,0.0,0.0,0.0,0.0,0.5531732418524873,6.908233276157806,15.836192109776993,6.342195540308749,0.36020583190394523,0.0,0.0,0.0,0.0,0.0,0.0,0.0,0.0,0.0,0.0,0.0,0.0,0.0,0.0,0.0,0.0,0.3823,0.02386,0.0,0.0,0.0,0.0,0.0,0.0,0.0,0.0,0.014265335235378035,0.5135520684736092,7.417974322396578,14.907275320970022,6.733238231098433,0.413694721825963,0.0,0.0,0.0,0.0,0.0,0.0,0.0,0.0,0.0,0.0,0.0,0.0,0.0,0.0,0.0,0.0
39700,4632,2383,0.5144645941278065,1089,945,0.43911917098445596,1288,0.5561312607944733,0.40599999999999997,2.9124055135615827,3.098626604230697,6.657377049180328,2.1075165259172333,9310.245285723211,1415.739596493531,7853.0,10741.88347351551,10685.547277998285,17.976976596859124,7853.0,0.0,27.55181347150259,21.022273967300166,32.676775531363404,19.30810687122512,0.14853195164075994,0.09995682210708118,0.09563903281519862,0.0870034542314335,0.086139896373057,0.06476683937823834,0.06800518134715026,0.06541450777202072,0.05267702936096719,0.05397236614853195,0.046848013816925736,0.03626943005181347,0.03281519861830743,0.025043177892918825,0.017271157167530225,0.011226252158894647,0.008419689119170985,0.9018654247330878,0.022153791905146533,0.0,0.0,0.0,0.0,0.0,0.0,0.0,0.0,0.0,0.0,0.0,0.0,0.0,0.0,0.0,0.0,0.0,0.0,0.0,0.0,0.0,0.0,0.0,0.0,0.025906735751295342,1.5867875647668397,12.493523316062179,13.581606217616583,2.2733160621761663,0.03886010362694301,4.355706984667802,2.9217297802896285,nan,nan,nan,4.333333333333333,2.9060100287162722,4.378527185134205,2.9375010855807617,1.010429350415586,0.381,0.02354,0.0,0.0,0.0,0.0,0.0,0.0,0.0,0.0,0.0064766839378238355,0.5440414507772021,7.500000000000002,15.738341968911895,5.809585492227981,0.4015544041450778,0.0,0.0,0.0,0.0,0.0,0.0,0.0,0.0,0.0,0.0,0.0,0.0,0.0,0.0,0.0,0.0,nan,nan,4.355706984667802,2.9217297802896285,nan,0.381,0.11346,0.0,0.0,0.0,0.0,0.0,0.0,0.0,0.0,0.0,0.0,0.0,0.0,0.0,0.0,1.079447322970639e-05,0.000582901554404145,0.00299006908462867,0.002471934369602763,0.0035729706390328153,0.004371761658031088,0.0153713298791019,0.017692141623488773,0.01886873920552677,0.03622625215889465,0.03511442141623489,0.02661917098445596,0.01934369602763385,0.030623920552677028,0.027860535405872192,0.029220639032815198,0.016170120898100174,0.021481001727115718,0.03139032815198618,0.014799222797927461,0.01729274611398964,0.059380397236614854,0.054922279792746116,0.04375,0.018436960276338513,0.05065846286701209,0.0503454231433506,0.012974956822107081,0.027320811744386875,0.03136873920552677,0.03640975820379965,0.015436096718480138,0.025906735751295335,0.012564766839378239,0.006379533678756477,0.005343264248704663,0.02036917098445596,0.011118307426597583,0.01626727115716753,0.0031951640759930915,0.007642487046632124,0.008808290155440414,0.010859240069084628,0.010459844559585492,0.008635578583765112,0.00900259067357513,0.03406735751295337,0.0015328151986183074,0.011701208981001727,0.011658031088082901,0.0011334196891191709,0.009348013816925734,0.0003562176165803109,0.0005505181347150259,0.0,0.0,2.158894645941278e-05,0.0,0.0,0.0,0.0,0.0,0.0,0.0,0.0,0.0,0.0,0.0,0.0,0.0,0.0,0.0,0.0,0.0,0.0,0.0,0.0,0.0,0.0,0.0,0.0,0.0,0.0,0.0,0.0,0.0,0.0,nan,nan,4.355706984667802,2.9217297802896285,nan,0.9018911056992791,0.02233658480195551,0.0,0.0,0.0,0.0,0.0,0.0,0.0,0.0,0.0,0.0,0.0,0.0,0.0,0.0,0.0,0.0,0.0,0.0,0.0,0.0,0.0,0.0,0.0,0.0,0.012589173310952584,1.6491817037347885,12.626940830885442,13.218631976500212,2.4548887956357537,0.03776751993285775,0.9018382136426326,0.021958414771930716,0.0,0.0,0.0,0.0,0.0,0.0,0.0,0.0,0.0,0.0,0.0,0.0,0.0,0.0,0.0,0.0,0.0,0.0,0.0,0.0,0.0,0.0,0.0,0.0,0.04001778568252557,1.5206758559359719,12.352156514006229,13.966207203201426,2.0809248554913298,0.04001778568252557,0.3806,0.02339,0.0,0.0,0.0,0.0,0.0,0.0,0.0,0.0,0.0,0.5665127989928662,7.465379773394882,15.963071758287848,5.6021821233738995,0.40285354595048267,0.0,0.0,0.0,0.0,0.0,0.0,0.0,0.0,0.0,0.0,0.0,0.0,0.0,0.0,0.0,0.0,0.3813,0.02371,0.0,0.0,0.0,0.0,0.0,0.0,0.0,0.0,0.013339261894175192,0.5202312138728324,7.536682970208983,15.500222321031547,6.029346376167187,0.40017785682525575,0.0,0.0,0.0,0.0,0.0,0.0,0.0,0.0,0.0,0.0,0.0,0.0,0.0,0.0,0.0,0.0
39800,4441,2271,0.5113713127673948,1061,939,0.45034902049088044,1249,0.5624859265931097,0.426,2.9350230414746545,3.105357214983296,6.616806722689075,2.1703238858213236,9301.425558708026,1415.9076619295129,7853.0,10749.116057276726,10685.434128675624,17.750384185428732,7853.0,0.0,27.556856563836973,20.658806486767254,32.53458950201884,18.920548659444986,0.14140959243413645,0.09907678450799369,0.09412294528259402,0.09367259626210313,0.08106282368835847,0.07363206485025896,0.06912857464535015,0.06710200405314118,0.056293627561360055,0.04976356676424229,0.047286647151542446,0.036478270659761315,0.03332582751632515,0.024769196126998422,0.018239135329880658,0.008106282368835848,0.006530060797117767,0.9015057464087233,0.022913280354538892,0.0,0.0,0.0,0.0,0.0,0.0,0.0,0.0,0.0,0.0,0.0,0.0,0.0,0.0,0.0,0.0,0.0,0.0,0.0,0.0,0.0,0.0,0.0,0.0,0.06079711776626887,1.8914658860616982,12.23373114163477,13.415897320423332,2.3238009457329434,0.07430758838099528,4.226295382446246,2.8680731554689176,nan,nan,nan,4.23404255319149,2.8604376441236616,4.218640504555011,2.875577290394665,0.9963623302215352,0.3809,0.0224,0.0,0.0,0.0,0.0,0.0,0.0,0.0,0.0,0.0,0.4255798243638821,7.586129250168883,16.03692861968023,5.667642422877732,0.2837198829092547,0.0,0.0,0.0,0.0,0.0,0.0,0.0,0.0,0.0,0.0,0.0,0.0,0.0,0.0,0.0,0.0,nan,nan,4.226295382446246,2.8680731554689176,nan,0.3809,0.1131,0.0,0.0,0.0,0.0,0.0,0.0,0.0,0.0,0.0,0.0,0.0,0.0,0.0,0.0,2.251745102454402e-05,0.00045034902049088043,0.003039855888313443,0.002004053141184418,0.003287547849583427,0.0033888763791938754,0.01354424679126323,0.017507318171582978,0.01908353974330106,0.038009457329430306,0.03490204908804324,0.0278766043683855,0.019353749155595585,0.029981986039180366,0.030477369961720333,0.031175410943481197,0.01606620130601216,0.02206710200405314,0.028518351722585003,0.014433686106732718,0.01640396307138032,0.06014411168655708,0.05702544471965774,0.04542895744201756,0.01709074532762891,0.04944832244989867,0.05119342490430083,0.011821661787885612,0.026739473091646027,0.030995271335284846,0.03656834046385949,0.01489529385273587,0.025951362305786985,0.013780680027020941,0.005955865795991893,0.0049876154019365005,0.019410042783156948,0.012474667867597388,0.016122494933573518,0.002825940103580275,0.007442017563611799,0.009479846881333033,0.010673271785633867,0.010853411393830219,0.009153343841477144,0.007464535014636343,0.03448547624408917,0.0013510470614726414,0.01137131276739473,0.012778653456428733,0.000956991668543121,0.008579148840351273,0.0004841251970276965,0.0004728664715154245,0.0,0.0,0.0,0.0,0.0,0.0,0.0,0.0,0.0,0.0,0.0,0.0,0.0,0.0,0.0,0.0,0.0,0.0,0.0,0.0,0.0,0.0,0.0,0.0,0.0,0.0,0.0,0.0,0.0,0.0,0.0,0.0,0.0,nan,nan,4.226295382446246,2.8680731554689176,nan,0.9013244596571189,0.023079938823877696,0.0,0.0,0.0,0.0,0.0,0.0,0.0,0.0,0.0,0.0,0.0,0.0,0.0,0.0,0.0,0.0,0.0,0.0,0.0,0.0,0.0,0.0,0.0,0.0,0.06605019815059446,2.0343461030383096,12.047556142668432,13.48745046235139,2.311756935270806,0.05284015852047557,0.9016954709307938,0.022736008921361857,0.0,0.0,0.0,0.0,0.0,0.0,0.0,0.0,0.0,0.0,0.0,0.0,0.0,0.0,0.0,0.0,0.0,0.0,0.0,0.0,0.0,0.0,0.0,0.0,0.05529953917050692,1.7419354838709682,12.428571428571432,13.341013824884795,2.3364055299539173,0.09677419354838712,0.381,0.02258,0.0,0.0,0.0,0.0,0.0,0.0,0.0,0.0,0.0,0.4491413474240424,7.556142668428007,16.01056803170407,5.667107001321005,0.3170409511228534,0.0,0.0,0.0,0.0,0.0,0.0,0.0,0.0,0.0,0.0,0.0,0.0,0.0,0.0,0.0,0.0,0.3806,0.02222,0.0,0.0,0.0,0.0,0.0,0.0,0.0,0.0,0.0,0.4009216589861752,7.617511520737329,16.064516129032235,5.66820276497696,0.24884792626728117,0.0,0.0,0.0,0.0,0.0,0.0,0.0,0.0,0.0,0.0,0.0,0.0,0.0,0.0,0.0,0.0
39900,4538,2394,0.5275451740855002,1101,925,0.4464521815777876,1246,0.5491405905685324,0.41,2.9575559701492535,3.0576806881846235,6.564102564102564,2.082834259748761,9347.128586594336,1414.0257802236033,7853.0,10744.895844817162,10685.22870758776,18.227089225725454,7853.0,0.0,27.930365799911854,20.90510361936629,33.02348284960422,19.11218725980696,0.14235345967386515,0.10070515645658881,0.08990744821507272,0.08616130453944469,0.07778757161745262,0.0755839576906126,0.06765094755398854,0.06897311591009256,0.06346408109299251,0.04627589246364037,0.045614808285588365,0.04120758043190833,0.031511679153812255,0.026884089907448214,0.01608638166593213,0.0125605993829881,0.007271925958572058,0.9024623889343073,0.02246751077265395,0.0,0.0,0.0,0.0,0.0,0.0,0.0,0.0,0.0,0.0,0.0,0.0,0.0,0.0,0.0,0.0,0.0,0.0,0.0,0.0,0.0,0.0,0.0,0.0,0.026443367122080216,1.7320405464962543,12.005288673424419,13.677831643895992,2.4988981930365806,0.05949757602468049,4.26,2.8483485838591482,nan,nan,nan,4.175414364640884,2.811706579477209,4.340454858718125,2.8791193542874223,1.0395267342745362,0.3796,0.02374,0.0,0.0,0.0,0.0,0.0,0.0,0.0,0.0,0.0,0.6610841780520054,8.50154252974879,14.914059056853217,5.559717937417366,0.3503746143675629,0.013221683561040108,0.0,0.0,0.0,0.0,0.0,0.0,0.0,0.0,0.0,0.0,0.0,0.0,0.0,0.0,0.0,nan,nan,4.26,2.8483485838591482,nan,0.3796,0.11285,0.0,0.0,0.0,0.0,0.0,0.0,0.0,0.0,0.0,0.0,0.0,0.0,0.0,0.0,0.0,0.00034156015866020274,0.002886734244160423,0.0014543851917144116,0.0036800352578228294,0.004583516967827237,0.013364918466284707,0.017805200528867342,0.017893345085940943,0.03810048479506391,0.03691053327457029,0.02993609519612164,0.01886293521375055,0.030343763772587042,0.03223887174966946,0.031985456148082854,0.014609960334949317,0.02249889819303658,0.026961216394887615,0.015215954164830322,0.01651608638166593,0.06129352137505509,0.05611502864698105,0.04332304980167475,0.018135742617893344,0.0503085059497576,0.05351476421330983,0.010753635962979286,0.0250771264874394,0.03161084178052005,0.03448655795504628,0.014631996474217717,0.026817981489643015,0.012219039224327898,0.006346408109299251,0.0051454385191714415,0.02009695901278096,0.011304539444689291,0.015182899955927722,0.002985896870868224,0.008351696782723668,0.008902600264433671,0.011040105773468489,0.010775672102247686,0.00870427501101807,0.006875275451740855,0.03492728074041428,0.0016637285147642134,0.011657117672983693,0.012141912736888498,0.000870427501101807,0.007966064345526663,0.0003635962979286029,0.0001873071837814015,1.1018069634200089e-05,2.2036139268400178e-05,0.0,0.0,0.0,0.0,0.0,0.0,0.0,0.0,0.0,0.0,0.0,0.0,0.0,0.0,0.0,0.0,0.0,0.0,0.0,0.0,0.0,0.0,0.0,0.0,0.0,0.0,0.0,0.0,0.0,0.0,0.0,nan,nan,4.26,2.8483485838591482,nan,0.9027356489708549,0.022393428133928348,0.0,0.0,0.0,0.0,0.0,0.0,0.0,0.0,0.0,0.0,0.0,0.0,0.0,0.0,0.0,0.0,0.0,0.0,0.0,0.0,0.0,0.0,0.0,0.0,0.03759398496240602,1.7794486215538852,11.8546365914787,13.746867167919802,2.531328320802005,0.05012531328320803,0.9021572655539459,0.022546030781882533,0.0,0.0,0.0,0.0,0.0,0.0,0.0,0.0,0.0,0.0,0.0,0.0,0.0,0.0,0.0,0.0,0.0,0.0,0.0,0.0,0.0,0.0,0.0,0.0,0.01399253731343284,1.6791044776119408,12.17350746268657,13.600746268656719,2.4626865671641793,0.06996268656716419,0.3792,0.02393,0.0,0.0,0.0,0.0,0.0,0.0,0.0,0.0,0.0,0.7644110275689225,8.684210526315791,14.824561403508751,5.325814536340854,0.38847117794486224,0.012531328320802008,0.0,0.0,0.0,0.0,0.0,0.0,0.0,0.0,0.0,0.0,0.0,0.0,0.0,0.0,0.0,0.3801,0.02353,0.0,0.0,0.0,0.0,0.0,0.0,0.0,0.0,0.0,0.5457089552238807,8.297574626865673,15.013992537313412,5.820895522388061,0.3078358208955224,0.01399253731343284,0.0,0.0,0.0,0.0,0.0,0.0,0.0,0.0,0.0,0.0,0.0,0.0,0.0,0.0,0.0
40000,4668,2358,0.5051413881748072,1085,1001,0.44687232219365897,1362,0.583547557840617,0.39799999999999996,2.993073593073593,3.0832524274506943,6.625382262996942,2.053273158708445,9283.836600430572,1416.256620701569,7853.0,10761.254368901253,10685.546756068663,18.05249339434766,7853.0,0.0,27.90616966580977,20.792806695207663,32.832483426823046,19.029332290106712,0.1405312767780634,0.0972579263067695,0.09511568123393316,0.0837617823479006,0.0837617823479006,0.07412167952013711,0.07005141388174807,0.061482433590402744,0.059554413024850046,0.05784061696658098,0.04177377892030849,0.04113110539845758,0.03320479862896315,0.02849185946872322,0.016066838046272493,0.00921165381319623,0.006640959725792631,0.9023020330564324,0.022441874564222097,0.0,0.0,0.0,0.0,0.0,0.0,0.0,0.0,0.0,0.0,0.0,0.0,0.0,0.0,0.0,0.0,0.0,0.0,0.0,0.0,0.0,0.0,0.0,0.0,0.019280205655526995,1.7737789203084837,11.992287917737793,13.663239074550132,2.5064267352185094,0.044987146529562996,4.297978123964203,2.8097985227298468,nan,nan,nan,4.3480845442536324,2.853948045882867,4.24750499001996,2.763694883723794,0.9768680776075073,0.3806,0.02333,0.0,0.0,0.0,0.0,0.0,0.0,0.0,0.0,0.006426735218508999,0.6748071979434449,7.596401028277636,15.649100257069387,5.796915167095118,0.27634961439588696,0.0,0.0,0.0,0.0,0.0,0.0,0.0,0.0,0.0,0.0,0.0,0.0,0.0,0.0,0.0,0.0,nan,nan,4.297978123964203,2.8097985227298468,nan,0.3806,0.1128,0.0,0.0,0.0,0.0,0.0,0.0,0.0,0.0,0.0,0.0,0.0,0.0,0.0,0.0,1.0711225364181662e-05,0.00023564695801199658,0.002634961439588689,0.0015317052270779777,0.004305912596401029,0.004113110539845758,0.013260497000856897,0.017512853470437018,0.01784490145672665,0.03665381319622965,0.0342866323907455,0.027420736932305057,0.02002999143101971,0.03350471293916024,0.03359040274207369,0.0324764353041988,0.014985004284490146,0.0212617823479006,0.026960154241645246,0.01605612682090831,0.01546700942587832,0.06086118251928021,0.05689802913453299,0.039513710368466154,0.01881962296486718,0.049957155098543274,0.05339545844044559,0.010486289631533847,0.02498928877463582,0.03479005998286204,0.034254498714652956,0.01573479005998286,0.025846186803770353,0.011610968294772922,0.007390745501285347,0.0049378748928877465,0.020972579263067694,0.012167952013710369,0.014020994001713796,0.0032883461868037705,0.009222365038560412,0.009329477292202229,0.01140745501285347,0.010636246786632391,0.01005784061696658,0.005741216795201371,0.034254498714652956,0.0012746358183376178,0.012382176520994001,0.01198586118251928,0.0013496143958868895,0.007487146529562982,0.0002784918594687232,0.00033204798628963154,0.00018209083119108825,0.0,0.0,0.0,0.0,0.0,0.0,0.0,0.0,0.0,0.0,0.0,0.0,0.0,0.0,0.0,0.0,0.0,0.0,0.0,0.0,0.0,0.0,0.0,0.0,0.0,0.0,0.0,0.0,0.0,0.0,0.0,0.0,nan,nan,4.297978123964203,2.8097985227298468,nan,0.9019718372892586,0.022761271003644716,0.0,0.0,0.0,0.0,0.0,0.0,0.0,0.0,0.0,0.0,0.0,0.0,0.0,0.0,0.0,0.0,0.0,0.0,0.0,0.0,0.0,0.0,0.0,0.0,0.025445292620865145,1.8575063613231555,12.239185750636135,13.295165394402039,2.5318066157760817,0.05089058524173029,0.9026390900343527,0.022105997000094357,0.0,0.0,0.0,0.0,0.0,0.0,0.0,0.0,0.0,0.0,0.0,0.0,0.0,0.0,0.0,0.0,0.0,0.0,0.0,0.0,0.0,0.0,0.0,0.0,0.01298701298701299,1.6883116883116887,11.740259740259743,14.038961038961043,2.480519480519481,0.03896103896103897,0.3806,0.02338,0.0,0.0,0.0,0.0,0.0,0.0,0.0,0.0,0.0,0.6870229007633589,7.760814249363869,15.470737913485983,5.788804071246821,0.29262086513994917,0.0,0.0,0.0,0.0,0.0,0.0,0.0,0.0,0.0,0.0,0.0,0.0,0.0,0.0,0.0,0.0,0.3806,0.0233,0.0,0.0,0.0,0.0,0.0,0.0,0.0,0.0,0.01298701298701299,0.6623376623376624,7.42857142857143,15.831168831168808,5.805194805194807,0.25974025974025977,0.0,0.0,0.0,0.0,0.0,0.0,0.0,0.0,0.0,0.0,0.0,0.0,0.0,0.0,0.0,0.0
40100,4622,2369,0.5125486802250108,1111,940,0.443747295543055,1293,0.5594980527909996,0.41,2.9809143364403017,3.104210112819423,6.581761006289308,2.1568774117452993,9305.382773953463,1416.43620312033,7853.0,10743.35508620739,10686.64845133512,17.944399360019595,7853.0,0.0,27.722414539160535,20.84911516516788,32.82883817427386,19.054444224596324,0.14387710947641713,0.10623106880138468,0.08805711813067936,0.08589355257464301,0.08070099524015578,0.0739939420164431,0.07204673301601039,0.05646906101254868,0.05819991345737776,0.050843790566854175,0.04954565123323237,0.0398096062310688,0.03699697100822155,0.024664647338814367,0.01795759411510169,0.00865426222414539,0.006057983556901774,0.9028198563758556,0.02254139735012529,0.0,0.0,0.0,0.0,0.0,0.0,0.0,0.0,0.0,0.0,0.0,0.0,0.0,0.0,0.0,0.0,0.0,0.0,0.0,0.0,0.0,0.0,0.0,0.0,0.02596278667243618,1.590220683686716,11.864993509303336,13.805711813067939,2.622241453916054,0.09086975335352664,4.310053981106613,2.8752785695800993,nan,nan,nan,4.305027173913044,2.864944940156991,4.315013404825737,2.885428829593863,1.0023196673352508,0.3813,0.02348,0.0,0.0,0.0,0.0,0.0,0.0,0.0,0.0,0.019472090004327133,0.577672003461705,7.26958026828213,15.480311553440048,6.367373431414974,0.28559065339679796,0.0,0.0,0.0,0.0,0.0,0.0,0.0,0.0,0.0,0.0,0.0,0.0,0.0,0.0,0.0,0.0,nan,nan,4.310053981106613,2.8752785695800993,nan,0.3813,0.1122,0.0,0.0,0.0,0.0,0.0,0.0,0.0,0.0,0.0,0.0,0.0,0.0,0.0,0.0,5.4089138900908696e-05,0.000292081350064907,0.0027477282561661617,0.001287321505841627,0.0036780614452617912,0.005679359584595413,0.013403288619645175,0.015437040242319343,0.018952834270878408,0.035850281263522285,0.03308091735179576,0.024762007788836003,0.019039376893119863,0.033156642146257034,0.03456295975768066,0.031306793595845955,0.015144958892254435,0.021116399826914756,0.02786672436174816,0.017946776287321504,0.015404586758978798,0.06043920380787538,0.0568693206404154,0.03946343574210299,0.01888792730419732,0.05242319342276071,0.05107096495023799,0.010287754218952835,0.02623323236694072,0.03289701427953267,0.03628299437472955,0.016745997403721333,0.027098658589355257,0.01051492860233665,0.0075075724794461274,0.0048680225010817825,0.02287970575508438,0.012894850713976634,0.013857637386412809,0.003321073128515794,0.008135006490696668,0.0098334054521852,0.012029424491562093,0.009498052790999568,0.010179575941151016,0.006620510601471225,0.03464950237992211,0.0014495889225443531,0.013024664647338815,0.010276936391172652,0.0017200346170488966,0.006750324534833405,0.0001947209000432713,0.00022717438338381652,9.736045002163565e-05,0.0,0.0,0.0,0.0,0.0,0.0,0.0,0.0,0.0,0.0,0.0,0.0,0.0,0.0,0.0,0.0,0.0,0.0,0.0,0.0,0.0,0.0,0.0,0.0,0.0,0.0,0.0,0.0,0.0,0.0,0.0,0.0,nan,nan,4.310053981106613,2.8752785695800993,nan,0.9034448113809813,0.02219033378732143,0.0,0.0,0.0,0.0,0.0,0.0,0.0,0.0,0.0,0.0,0.0,0.0,0.0,0.0,0.0,0.0,0.0,0.0,0.0,0.0,0.0,0.0,0.0,0.0,0.012663571127057833,1.456310679611651,11.63782186576615,13.9046010975095,2.899957788096244,0.08864499788940483,0.9021627243709098,0.022886334545756157,0.0,0.0,0.0,0.0,0.0,0.0,0.0,0.0,0.0,0.0,0.0,0.0,0.0,0.0,0.0,0.0,0.0,0.0,0.0,0.0,0.0,0.0,0.0,0.0,0.03994673768308922,1.731025299600533,12.103861517976036,13.701731025299603,2.330226364846871,0.09320905459387487,0.381,0.0235,0.0,0.0,0.0,0.0,0.0,0.0,0.0,0.0,0.0379907133811735,0.5445335584634868,7.3575348248206005,15.436893203883473,6.306458421274801,0.31658927817644583,0.0,0.0,0.0,0.0,0.0,0.0,0.0,0.0,0.0,0.0,0.0,0.0,0.0,0.0,0.0,0.0,0.3816,0.02345,0.0,0.0,0.0,0.0,0.0,0.0,0.0,0.0,0.0,0.6125166444740348,7.177097203728364,15.525965379493986,6.431424766977365,0.25299600532623173,0.0,0.0,0.0,0.0,0.0,0.0,0.0,0.0,0.0,0.0,0.0,0.0,0.0,0.0,0.0,0.0
40200,4572,2367,0.5177165354330708,1070,929,0.4372265966754156,1281,0.5603674540682415,0.426,2.9895691609977324,3.1159570359284325,6.5372168284789645,2.2718354401015204,9319.943080069668,1415.9116019751086,7853.0,10738.975613594055,10686.487013974873,17.770886001774116,7853.0,0.0,27.638232720909887,20.750031026552318,32.53060692888773,19.048984399139773,0.13867016622922135,0.10301837270341208,0.09689413823272092,0.08617672790901137,0.08070866141732283,0.07633420822397201,0.07239720034995625,0.06277340332458442,0.05271216097987751,0.052930883639545054,0.04308836395450569,0.04330708661417323,0.03521434820647419,0.023622047244094488,0.014435695538057743,0.010061242344706912,0.007655293088363955,0.9028104782000197,0.021933649812515884,0.0,0.0,0.0,0.0,0.0,0.0,0.0,0.0,0.0,0.0,0.0,0.0,0.0,0.0,0.0,0.0,0.0,0.0,0.0,0.0,0.0,0.0,0.0,0.0,0.013123359580052497,1.4698162729658797,11.811023622047248,14.101049868766408,2.539370078740158,0.06561679790026248,4.286602209944752,2.8613276970367045,nan,nan,nan,4.256983240223463,2.9029254854406417,4.315573770491803,2.8197446060707376,1.013763392280883,0.3809,0.02374,0.0,0.0,0.0,0.0,0.0,0.0,0.0,0.0,0.006561679790026248,0.7939632545931761,7.329396325459319,15.41338582677163,6.161417322834647,0.29527559055118113,0.0,0.0,0.0,0.0,0.0,0.0,0.0,0.0,0.0,0.0,0.0,0.0,0.0,0.0,0.0,0.0,nan,nan,4.286602209944752,2.8613276970367045,nan,0.3809,0.1122,0.0,0.0,0.0,0.0,0.0,0.0,0.0,0.0,0.0,0.0,0.0,0.0,1.0936132983377077e-05,4.374453193350831e-05,9.84251968503937e-05,0.0002952755905511811,0.002788713910761155,0.0014982502187226596,0.0035870516185476813,0.006649168853893263,0.013298337707786526,0.016404199475065617,0.017235345581802276,0.0338254593175853,0.03320209973753281,0.025579615048118984,0.02087707786526684,0.033705161854768156,0.03412073490813648,0.032534995625546806,0.01515748031496063,0.019105424321959753,0.028379265091863518,0.01972878390201225,0.015069991251093613,0.059339457567804024,0.05757874015748032,0.039216972878390204,0.018799212598425197,0.0542432195975503,0.051695100612423446,0.01018153980752406,0.02448600174978128,0.03168197725284339,0.03648293963254593,0.015966754155730532,0.025349956255468067,0.009044181977252843,0.008836395450568678,0.004757217847769029,0.02229877515310586,0.014041994750656168,0.013987314085739283,0.0041885389326334205,0.009000437445319335,0.010279965004374452,0.012696850393700788,0.00894575678040245,0.010126859142607175,0.007283464566929134,0.03400043744531934,0.0014545056867891514,0.012849956255468066,0.009033245844269466,0.0018591426071741031,0.006681977252843394,5.468066491688539e-05,0.00017497812773403323,0.00012029746281714785,6.561679790026247e-05,0.0,0.0,0.0,0.0,0.0,0.0,0.0,0.0,0.0,0.0,0.0,0.0,0.0,0.0,0.0,0.0,0.0,0.0,0.0,0.0,0.0,0.0,0.0,0.0,0.0,0.0,0.0,0.0,0.0,0.0,0.0,nan,nan,4.286602209944752,2.8613276970367045,nan,0.9033926878491181,0.021872514792185938,0.0,0.0,0.0,0.0,0.0,0.0,0.0,0.0,0.0,0.0,0.0,0.0,0.0,0.0,0.0,0.0,0.0,0.0,0.0,0.0,0.0,0.0,0.0,0.0,0.0,1.419518377693283,11.457541191381498,14.321926489226872,2.750316856780736,0.05069708491761725,0.9021854939644569,0.021981932704003598,0.0,0.0,0.0,0.0,0.0,0.0,0.0,0.0,0.0,0.0,0.0,0.0,0.0,0.0,0.0,0.0,0.0,0.0,0.0,0.0,0.0,0.0,0.0,0.0,0.027210884353741503,1.5238095238095242,12.190476190476193,13.863945578231295,2.3129251700680276,0.0816326530612245,0.3809,0.02383,0.0,0.0,0.0,0.0,0.0,0.0,0.0,0.0,0.012674271229404312,0.7984790874524716,7.300380228136883,15.272496831432171,6.337135614702156,0.27883396704689484,0.0,0.0,0.0,0.0,0.0,0.0,0.0,0.0,0.0,0.0,0.0,0.0,0.0,0.0,0.0,0.0,0.381,0.02364,0.0,0.0,0.0,0.0,0.0,0.0,0.0,0.0,0.0,0.7891156462585036,7.360544217687076,15.564625850340112,5.97278911564626,0.3129251700680273,0.0,0.0,0.0,0.0,0.0,0.0,0.0,0.0,0.0,0.0,0.0,0.0,0.0,0.0,0.0,0.0
40300,4799,2421,0.5044801000208377,1094,990,0.4342571369035216,1341,0.5588664305063555,0.418,2.9255677039529018,3.1382381826969596,6.708064516129032,2.1091810356152356,9281.881196330452,1416.1901084797807,7853.0,10746.551186203957,10685.383668397291,17.592354363719615,7853.0,0.0,27.37924567618254,20.8753121310293,32.37375249500998,19.23010493520461,0.14273807043133988,0.10481350281308606,0.10106272140029172,0.0860595957491144,0.07814127943321525,0.07397374453011044,0.0702229631173161,0.06188789331110648,0.056470097937070224,0.050010418837257764,0.04313398624713482,0.0379245676182538,0.03209001875390707,0.026672223379870807,0.014586372160866848,0.012919358199624921,0.007293186080433424,0.901282430626646,0.02253776456522342,0.0,0.0,0.0,0.0,0.0,0.0,0.0,0.0,0.0,0.0,0.0,0.0,0.0,0.0,0.0,0.0,0.0,0.0,0.0,0.0,0.0,0.0,0.0,0.0,0.025005209418628885,1.9441550322983958,12.08376745155241,13.615336528443429,2.287976661804543,0.04375911648260055,4.434565434565434,2.8728112233441996,nan,nan,nan,4.374426229508197,2.831347084009957,4.497630331753554,2.914400742866547,1.0281646313782296,0.3816,0.02267,0.0,0.0,0.0,0.0,0.0,0.0,0.0,0.0,0.0,0.4625963742446344,7.107730777245261,16.097103563242317,6.00750156282559,0.31881642008751826,0.006251302354657221,0.0,0.0,0.0,0.0,0.0,0.0,0.0,0.0,0.0,0.0,0.0,0.0,0.0,0.0,0.0,nan,nan,4.434565434565434,2.8728112233441996,nan,0.3816,0.1121,0.0,0.0,0.0,0.0,0.0,0.0,0.0,0.0,0.0,0.0,0.0,0.0,4.167534903104813e-05,4.167534903104813e-05,0.0001562825588664305,0.00026047093144405085,0.002240050010418837,0.0016670139612419254,0.0031777453636174205,0.006063763284017504,0.012710981454469682,0.015284434257136903,0.017347364034173786,0.032725567826630546,0.034173786205459473,0.027057720358408,0.019045634507188998,0.03455928318399667,0.0353198583038133,0.03237132735986664,0.015367784955199,0.01845176078349656,0.03022504688476766,0.02013961241925401,0.015190664721817045,0.057814127943321525,0.05797041050218796,0.03945613669514482,0.017982913106897272,0.055667847468222544,0.049781204417586995,0.01071056470097937,0.023067305688685143,0.029933319441550324,0.03635132319233174,0.01659720775161492,0.02459887476557616,0.0089185246926443,0.008126693061054386,0.0048968535111481555,0.02391123150656387,0.016680558449677016,0.015617837049385288,0.004334236299229006,0.010460512606793083,0.010220879349864554,0.012575536570118775,0.008116274223796625,0.008960200041675349,0.007043133986247135,0.034152948530943944,0.0013857053552823505,0.013638257970410503,0.008668472598458012,0.002167118149614503,0.006167951656595124,0.0,0.0002187955824130027,8.335069806209627e-05,7.293186080433424e-05,0.0,3.12565117732861e-05,0.0,0.0,0.0,0.0,0.0,0.0,0.0,0.0,0.0,0.0,0.0,0.0,0.0,0.0,0.0,0.0,0.0,0.0,0.0,0.0,0.0,0.0,0.0,0.0,0.0,0.0,0.0,0.0,0.0,nan,nan,4.434565434565434,2.8728112233441996,nan,0.9006646881907108,0.022806136196020156,0.0,0.0,0.0,0.0,0.0,0.0,0.0,0.0,0.0,0.0,0.0,0.0,0.0,0.0,0.0,0.0,0.0,0.0,0.0,0.0,0.0,0.0,0.0,0.0,0.02478314745972739,2.156133828996283,12.081784386617104,13.519206939281291,2.1685254027261465,0.04956629491945478,0.901911343342121,0.022243599808283544,0.0,0.0,0.0,0.0,0.0,0.0,0.0,0.0,0.0,0.0,0.0,0.0,0.0,0.0,0.0,0.0,0.0,0.0,0.0,0.0,0.0,0.0,0.0,0.0,0.025231286795626584,1.728343145500421,12.085786375105133,13.713204373423048,2.4095878889823386,0.03784693019343987,0.3816,0.02267,0.0,0.0,0.0,0.0,0.0,0.0,0.0,0.0,0.0,0.44609665427509304,7.087980173482034,16.109045848822777,6.022304832713756,0.3345724907063198,0.0,0.0,0.0,0.0,0.0,0.0,0.0,0.0,0.0,0.0,0.0,0.0,0.0,0.0,0.0,0.0,0.3816,0.02269,0.0,0.0,0.0,0.0,0.0,0.0,0.0,0.0,0.0,0.47939444911690504,7.127838519764509,16.08494533221192,5.9924306139613135,0.30277544154751895,0.012615643397813292,0.0,0.0,0.0,0.0,0.0,0.0,0.0,0.0,0.0,0.0,0.0,0.0,0.0,0.0,0.0
40400,4709,2424,0.5147589721809301,1115,935,0.43533658950945,1303,0.5534083669568911,0.40599999999999997,2.94835886214442,2.98397663574701,6.16374269005848,2.11222452050431,9310.751098479175,1415.3966855363585,7853.0,10743.823257565498,10684.910034133018,17.9620558571388,7853.0,0.0,28.471225313229986,21.223628789424325,33.37229219143577,19.509732455595888,0.13548524102781906,0.10533021873009131,0.08876619239753664,0.08600552134211085,0.07729878955192185,0.07411339987258442,0.0660437460182629,0.061371841155234655,0.05521342110851561,0.05393926523678063,0.05308982798895732,0.04204714376725419,0.034826927160756,0.02951794436186027,0.016139307708643025,0.013166277341261414,0.007644935230409854,0.9009793469495241,0.022902282615617896,0.0,0.0,0.0,0.0,0.0,0.0,0.0,0.0,0.0,0.0,0.0,0.0,0.0,0.0,0.0,0.0,0.0,0.0,0.0,0.0,0.0,0.0,0.0,0.0,0.04459545551072416,1.955829263113188,12.620513909534937,13.021873009131454,2.2934805691229565,0.06370779358674879,4.181818181818182,2.751430120629566,nan,nan,nan,4.19202657807309,2.752408105283653,4.171783148269105,2.7504314763940476,0.9951709681637347,0.3806,0.02286,0.0,0.0,0.0,0.0,0.0,0.0,0.0,0.0,0.00637077935867488,0.5542578042047145,7.6067105542578055,15.8696113824591,5.657252070503293,0.3057974092163942,0.0,0.0,0.0,0.0,0.0,0.0,0.0,0.0,0.0,0.0,0.0,0.0,0.0,0.0,0.0,0.0,nan,nan,4.181818181818182,2.751430120629566,nan,0.3806,0.1118,0.0,0.0,0.0,0.0,0.0,0.0,0.0,0.0,0.0,0.0,0.0,0.0,6.370779358674878e-05,4.247186239116585e-05,0.00013803355277128903,0.0001698874495646634,0.002633255468252283,0.0013378636653217243,0.002856232745805904,0.006031004459545551,0.0130600976852835,0.015406668082395414,0.01697812699086855,0.032820131662773415,0.03425355701847526,0.028180080696538542,0.019420259078360588,0.0353153535782544,0.03588872372053514,0.03290507538755574,0.015183690804841792,0.018528349968146104,0.029433000637077936,0.020949246124442558,0.017031216818857508,0.058409428753450836,0.057262688468889364,0.03885113612231896,0.01909110214482905,0.05411977065194309,0.05026544913994479,0.010501167976215756,0.022446379273731155,0.028764068804417075,0.03792737311531111,0.016096835846251857,0.023763007007857294,0.009747292418772563,0.007347632193671692,0.0047037587598216185,0.023709917179868336,0.01583138670630707,0.015480993841579953,0.0047780845190061585,0.011212571671267785,0.009227012104480781,0.012996389891696752,0.007379486090465067,0.008441282650244214,0.008048417923125929,0.03366956891059673,0.0012210660437460183,0.013368018687619452,0.007931620301550223,0.0019643236355914207,0.006200891909110214,1.0617965597791463e-05,0.00042471862391165854,3.185389679337439e-05,3.185389679337439e-05,3.185389679337439e-05,8.49437247823317e-05,0.0,0.0,0.0,0.0,0.0,0.0,0.0,0.0,0.0,0.0,0.0,0.0,0.0,0.0,0.0,0.0,0.0,0.0,0.0,0.0,0.0,0.0,0.0,0.0,0.0,0.0,0.0,0.0,0.0,nan,nan,4.181818181818182,2.751430120629566,nan,0.9008551359717601,0.02305876637860703,0.0,0.0,0.0,0.0,0.0,0.0,0.0,0.0,0.0,0.0,0.0,0.0,0.0,0.0,0.0,0.0,0.0,0.0,0.0,0.0,0.0,0.0,0.0,0.0,0.061881188118811895,1.9801980198019806,12.735148514851488,12.784653465346537,2.3638613861386144,0.07425742574257427,0.9011111138686049,0.022734360599438574,0.0,0.0,0.0,0.0,0.0,0.0,0.0,0.0,0.0,0.0,0.0,0.0,0.0,0.0,0.0,0.0,0.0,0.0,0.0,0.0,0.0,0.0,0.0,0.0,0.026258205689277905,1.929978118161926,12.498905908096283,13.273522975929982,2.2188183807439827,0.05251641137855581,0.3806,0.02263,0.0,0.0,0.0,0.0,0.0,0.0,0.0,0.0,0.012376237623762379,0.5940594059405941,7.450495049504952,16.150990099009878,5.495049504950496,0.29702970297029707,0.0,0.0,0.0,0.0,0.0,0.0,0.0,0.0,0.0,0.0,0.0,0.0,0.0,0.0,0.0,0.0,0.3806,0.02309,0.0,0.0,0.0,0.0,0.0,0.0,0.0,0.0,0.0,0.5120350109409192,7.77242888402626,15.571115973741772,5.829321663019695,0.31509846827133486,0.0,0.0,0.0,0.0,0.0,0.0,0.0,0.0,0.0,0.0,0.0,0.0,0.0,0.0,0.0,0.0
40500,4453,2333,0.5239164608129351,1075,909,0.4455423310128004,1241,0.5573770491803278,0.442,2.9683962264150945,3.165772324258705,6.815884476534296,2.169371723837345,9337.04648669741,1414.7368651216243,7853.0,10736.437291383743,10685.601373880654,17.59819576967589,7853.0,0.0,27.46665169548619,20.529999180031307,32.28437917222964,18.830266635672317,0.13945654614866382,0.09970806198068717,0.09701324949472266,0.09386930159443072,0.07837412980013474,0.07455647877835167,0.07028969234224118,0.060633280934201665,0.06220525488434763,0.052997978890635525,0.04648551538288794,0.03750280709633955,0.030316640467100833,0.024477880080844373,0.01661801033011453,0.009880979115203234,0.005614192679092746,0.9017769437598668,0.022475974708776558,0.0,0.0,0.0,0.0,0.0,0.0,0.0,0.0,0.0,0.0,0.0,0.0,0.0,0.0,0.0,0.0,0.0,0.0,0.0,0.0,0.0,0.0,0.0,0.0,0.03368515607455649,1.7987873343813163,12.328767123287674,13.413429148888394,2.3781720188636877,0.04715921850437908,4.329461457233369,2.955353816896473,nan,nan,nan,4.356787491115849,2.9620788191192826,4.300767620376832,2.9486615833323344,0.9871419317895926,0.381,0.023,0.0,0.0,0.0,0.0,0.0,0.0,0.0,0.0,0.0,0.4918032786885247,7.572423085560298,15.542331012800336,6.17785762407366,0.20884796766225022,0.006737031214911297,0.0,0.0,0.0,0.0,0.0,0.0,0.0,0.0,0.0,0.0,0.0,0.0,0.0,0.0,0.0,nan,nan,4.329461457233369,2.955353816896473,nan,0.381,0.1117,0.0,0.0,0.0,0.0,0.0,0.0,0.0,0.0,0.0,0.0,0.0,0.0,6.737031214911295e-05,1.1228385358185493e-05,0.00011228385358185493,0.00011228385358185493,0.0022456770716370988,0.0013024927015495172,0.0033123736806647203,0.005670334605883674,0.013507747585897147,0.015686054345385135,0.017774534022007637,0.03123736806647204,0.03558275320008983,0.02780148214686728,0.01708960251515832,0.03530204356613519,0.038445991466427125,0.030878059735010104,0.015293060857848642,0.017224343139456547,0.02857624073658208,0.02215360431169998,0.018874915787109814,0.05847743094543005,0.05545699528407815,0.036963844599146645,0.018044015270604088,0.05814057938468448,0.051538288794071414,0.009353245003368515,0.020772512912643162,0.029530653492027846,0.03750280709633955,0.016303615540085335,0.023759263417920503,0.009970806198068718,0.008432517403997305,0.004760835391870649,0.023152930608578485,0.016775207725129127,0.015259375701774085,0.005400853357287222,0.011845946552885695,0.009409386930159443,0.011879631708960251,0.008106894228609926,0.008982708286548395,0.009544127554457668,0.031383337076128455,0.0011003817651021783,0.013361778576240737,0.0076689871996406915,0.002683584100606333,0.005400853357287222,0.00016842578037278239,0.0004379070289692342,5.614192679092747e-05,0.0,0.0,0.00011228385358185493,0.0,0.0,0.0,0.0,0.0,0.0,0.0,0.0,0.0,0.0,0.0,0.0,0.0,0.0,0.0,0.0,0.0,0.0,0.0,0.0,0.0,0.0,0.0,0.0,0.0,0.0,0.0,0.0,0.0,nan,nan,4.329461457233369,2.955353816896473,nan,0.9016636846099245,0.02275206249553139,0.0,0.0,0.0,0.0,0.0,0.0,0.0,0.0,0.0,0.0,0.0,0.0,0.0,0.0,0.0,0.0,0.0,0.0,0.0,0.0,0.0,0.0,0.0,0.0,0.05143591941705959,1.9031290184312049,12.203171881697388,13.424774967852553,2.378911273039006,0.03857693956279469,0.9019015822489307,0.022167505459476346,0.0,0.0,0.0,0.0,0.0,0.0,0.0,0.0,0.0,0.0,0.0,0.0,0.0,0.0,0.0,0.0,0.0,0.0,0.0,0.0,0.0,0.0,0.0,0.0,0.014150943396226419,1.6839622641509437,12.466981132075475,13.400943396226419,2.377358490566038,0.056603773584905676,0.381,0.0228,0.0,0.0,0.0,0.0,0.0,0.0,0.0,0.0,0.0,0.514359194170596,7.638234033433349,15.597942563223295,6.030861551650237,0.20574367766823837,0.012858979854264898,0.0,0.0,0.0,0.0,0.0,0.0,0.0,0.0,0.0,0.0,0.0,0.0,0.0,0.0,0.0,0.381,0.02322,0.0,0.0,0.0,0.0,0.0,0.0,0.0,0.0,0.0,0.4669811320754718,7.500000000000002,15.481132075471674,6.339622641509436,0.2122641509433963,0.0,0.0,0.0,0.0,0.0,0.0,0.0,0.0,0.0,0.0,0.0,0.0,0.0,0.0,0.0,0.0
40600,4788,2433,0.5081453634085213,1124,998,0.44319131161236425,1357,0.5668337510442774,0.41,2.864968152866242,3.060678627593257,6.492845786963434,2.193797372011755,9292.595521337058,1416.3894138951198,7853.0,10748.199163913727,10686.03878181744,17.981167425677253,7853.0,0.0,27.387218045112782,20.591423063730904,32.249501992031874,18.92770371385494,0.13784461152882205,0.1067251461988304,0.09837092731829573,0.0860484544695071,0.08375104427736006,0.07038429406850459,0.06954887218045112,0.06871345029239766,0.055346700083542186,0.05179615705931495,0.045112781954887216,0.03863826232247285,0.03007518796992481,0.023182957393483708,0.018379281537176273,0.01023391812865497,0.005847953216374269,0.902509811976201,0.022815021938223504,0.0,0.0,0.0,0.0,0.0,0.0,0.0,0.0,0.0,0.0,0.0,0.0,0.0,0.0,0.0,0.0,0.0,0.0,0.0,0.0,0.0,0.0,0.0,0.0,0.05639097744360903,1.6979949874686722,11.779448621553888,13.966165413533838,2.449874686716792,0.05012531328320803,4.273478835978836,2.8628731476621514,nan,nan,nan,4.286759813705921,2.887950339923358,4.260355029585799,2.8378140007088812,0.9938403863832774,0.3804,0.02304,0.0,0.0,0.0,0.0,0.0,0.0,0.0,0.0,0.006265664160401004,0.6265664160401003,7.518796992481205,15.745614035087698,5.852130325814538,0.25062656641604014,0.0,0.0,0.0,0.0,0.0,0.0,0.0,0.0,0.0,0.0,0.0,0.0,0.0,0.0,0.0,0.0,nan,nan,4.273478835978836,2.8628731476621514,nan,0.3804,0.11224,0.0,0.0,0.0,0.0,0.0,0.0,0.0,0.0,0.0,0.0,0.0,0.0,9.398496240601504e-05,0.0,0.00017752715121136173,0.00017752715121136173,0.0027046783625730994,0.001576858813700919,0.004051796157059315,0.0053049289891395155,0.013157894736842105,0.016718880534670008,0.01866123642439432,0.03132832080200501,0.03571428571428571,0.02820593149540518,0.01695906432748538,0.03634085213032581,0.03747911445279866,0.030952380952380953,0.014149958228905597,0.016614452798663325,0.02894736842105263,0.023391812865497075,0.019319131161236423,0.05488721804511278,0.05421888053467001,0.03905597326649958,0.01765873015873016,0.05807226399331662,0.05174394319131161,0.010223475355054303,0.019381787802840434,0.030858395989974936,0.03953634085213033,0.016875522138680033,0.023475355054302424,0.009732664995822891,0.00829156223893066,0.004751461988304093,0.021209273182957393,0.015476190476190477,0.013178780284043443,0.0052109440267335,0.012708855472013367,0.009116541353383458,0.011716791979949875,0.007675438596491228,0.009628237259816208,0.0091687552213868,0.03260233918128655,0.0007936507936507937,0.012426900584795321,0.008615288220551378,0.003289473684210526,0.005200501253132832,0.00015664160401002505,0.0008249791144527987,0.00012531328320802005,0.0,0.0,8.35421888053467e-05,0.0,0.0,0.0,0.0,0.0,0.0,0.0,0.0,0.0,0.0,0.0,0.0,0.0,0.0,0.0,0.0,0.0,0.0,0.0,0.0,0.0,0.0,0.0,0.0,0.0,0.0,0.0,0.0,0.0,nan,nan,4.273478835978836,2.8628731476621514,nan,0.9026849082209081,0.022604406910728052,0.0,0.0,0.0,0.0,0.0,0.0,0.0,0.0,0.0,0.0,0.0,0.0,0.0,0.0,0.0,0.0,0.0,0.0,0.0,0.0,0.0,0.0,0.0,0.0,0.04932182490752159,1.55363748458693,12.022194821208387,13.847102342786686,2.4784217016029597,0.04932182490752159,0.9023289163654271,0.023029191889302143,0.0,0.0,0.0,0.0,0.0,0.0,0.0,0.0,0.0,0.0,0.0,0.0,0.0,0.0,0.0,0.0,0.0,0.0,0.0,0.0,0.0,0.0,0.0,0.0,0.06369426751592358,1.847133757961784,11.528662420382169,14.089171974522296,2.420382165605096,0.05095541401273886,0.3809,0.0228,0.0,0.0,0.0,0.0,0.0,0.0,0.0,0.0,0.012330456226880398,0.5178791615289766,7.237977805178793,16.09124537607889,5.8692971639950695,0.2712700369913687,0.0,0.0,0.0,0.0,0.0,0.0,0.0,0.0,0.0,0.0,0.0,0.0,0.0,0.0,0.0,0.0,0.3801,0.0233,0.0,0.0,0.0,0.0,0.0,0.0,0.0,0.0,0.0,0.7388535031847135,7.808917197452231,15.388535031847113,5.8343949044586,0.2292993630573249,0.0,0.0,0.0,0.0,0.0,0.0,0.0,0.0,0.0,0.0,0.0,0.0,0.0,0.0,0.0,0.0
40700,4748,2482,0.5227464195450716,1174,942,0.44566133108677336,1320,0.5560235888795282,0.39799999999999996,2.9496910856134155,3.013815261233466,6.245508982035928,2.1331909860238616,9333.99051574086,1415.1385305089675,7853.0,10745.696207165718,10686.095474914424,17.627899577605223,7853.0,0.0,28.66933445661331,21.242347624061782,33.789301858362634,19.363582404106797,0.14048020219039595,0.09688289806234204,0.08761583824768324,0.08508845829823083,0.07729570345408593,0.06529064869418702,0.06718618365627632,0.06929233361415332,0.06887110362257792,0.051811288963774224,0.04612468407750632,0.04149115417017692,0.03580454928390901,0.025695029486099412,0.020219039595619208,0.013058129738837404,0.007792754844144903,0.9025602548837461,0.02228080702329613,0.0,0.0,0.0,0.0,0.0,0.0,0.0,0.0,0.0,0.0,0.0,0.0,0.0,0.0,0.0,0.0,0.0,0.0,0.0,0.0,0.0,0.0,0.0,0.0,0.031592249368155016,1.649115417017692,12.112468407750635,13.565711878685766,2.5779275484414494,0.06318449873631003,4.17831715210356,2.8125209671532545,nan,nan,nan,4.163966299416721,2.8657040280375785,4.192630898513252,2.758379838899123,1.006883965199369,0.3806,0.0229,0.0,0.0,0.0,0.0,0.0,0.0,0.0,0.0,0.006318449873631004,0.5244313395113733,7.61373209772536,15.865627632687426,5.6866048862679035,0.30328559393428817,0.0,0.0,0.0,0.0,0.0,0.0,0.0,0.0,0.0,0.0,0.0,0.0,0.0,0.0,0.0,0.0,nan,nan,4.17831715210356,2.8125209671532545,nan,0.3806,0.11176,0.0,0.0,0.0,0.0,0.0,0.0,0.0,0.0,0.0,0.0,0.0,0.0,6.318449873631002e-05,0.0,2.106149957877001e-05,0.0002422072451558551,0.002590564448188711,0.0016006739679865207,0.0034856781802864363,0.004833614153327717,0.012836983993260321,0.017438921651221566,0.018491996630160067,0.030549705139005897,0.03603622577927548,0.02834877843302443,0.01723883740522325,0.037320977253580453,0.03655223251895535,0.031034119629317607,0.012784330244313396,0.01667017691659646,0.030865627632687447,0.024336562763268746,0.01822872788542544,0.0561078348778433,0.054622999157540014,0.039721988205560235,0.01782855939342881,0.05127422072451559,0.05220092670598146,0.010762426284751474,0.019808340353833193,0.030286436394271272,0.0402379949452401,0.018807919123841617,0.0252106149957877,0.009456613310867733,0.009972620050547599,0.004717775905644482,0.020534962089300758,0.015216933445661331,0.01374262847514743,0.005012636899747262,0.012510530749789386,0.008540438079191238,0.011773378264532435,0.007813816343723672,0.009530328559393429,0.009867312552653749,0.033424599831508,0.00045282224094355517,0.012468407750631846,0.008171861836562763,0.0028643639427127212,0.0043702611625947765,9.477674810446504e-05,0.0006318449873631002,0.0002737994945240101,0.0,2.106149957877001e-05,9.477674810446504e-05,0.0,0.0,0.0,0.0,0.0,0.0,0.0,0.0,0.0,0.0,0.0,0.0,0.0,0.0,0.0,0.0,0.0,0.0,0.0,0.0,0.0,0.0,0.0,0.0,0.0,0.0,0.0,0.0,0.0,nan,nan,4.17831715210356,2.8125209671532545,nan,0.9027220057826384,0.022599884676351153,0.0,0.0,0.0,0.0,0.0,0.0,0.0,0.0,0.0,0.0,0.0,0.0,0.0,0.0,0.0,0.0,0.0,0.0,0.0,0.0,0.0,0.0,0.0,0.0,0.04834810636583402,1.631748589846898,12.256244963738924,13.25946817082998,2.731668009669622,0.07252215954875102,0.9023830855408287,0.021924617117131846,0.0,0.0,0.0,0.0,0.0,0.0,0.0,0.0,0.0,0.0,0.0,0.0,0.0,0.0,0.0,0.0,0.0,0.0,0.0,0.0,0.0,0.0,0.0,0.0,0.013239187996469552,1.6681376875551637,11.954986760812007,13.90114739629303,2.4095322153574585,0.05295675198587821,0.3809,0.0231,0.0,0.0,0.0,0.0,0.0,0.0,0.0,0.0,0.012087026591458504,0.5076551168412572,7.5302175664786475,15.809830781627696,5.838033843674458,0.30217566478646257,0.0,0.0,0.0,0.0,0.0,0.0,0.0,0.0,0.0,0.0,0.0,0.0,0.0,0.0,0.0,0.0,0.3804,0.02267,0.0,0.0,0.0,0.0,0.0,0.0,0.0,0.0,0.0,0.5428067078552516,7.7052074139452795,15.926743159752846,5.520741394527804,0.3045013239187997,0.0,0.0,0.0,0.0,0.0,0.0,0.0,0.0,0.0,0.0,0.0,0.0,0.0,0.0,0.0,0.0
40800,4489,2381,0.530407663176654,1123,886,0.44753842726665183,1235,0.5502339051013588,0.422,3.0289373814041745,3.080762586086185,6.504091653027824,2.13716998232115,9355.584003952968,1413.8849873931545,7853.0,10752.877608418465,10685.885171669413,18.498496879488197,7853.0,0.0,28.507239919803965,20.777459719925933,33.092476489028215,19.050401055814504,0.1289819558921809,0.10069057696591668,0.09690354199153486,0.0797505012252172,0.07796836711962575,0.07329026509244821,0.07440409890844286,0.06460236132768991,0.0623746936957006,0.05279572287814658,0.04811762085096904,0.04299398529739363,0.03787034974381822,0.026063711294274892,0.017821341055914458,0.010024504343951883,0.005346402316774337,0.9030832249275372,0.023137449925383823,0.0,0.0,0.0,0.0,0.0,0.0,0.0,0.0,0.0,0.0,0.0,0.0,0.0,0.0,0.0,0.0,0.0,0.0,0.0,0.0,0.0,0.0,0.0,0.0,0.04009801737580754,1.7041657384718205,11.595010024504347,13.700155936734243,2.8536422365783034,0.10692804633548678,4.211229031153715,2.855331397074641,nan,nan,nan,4.171758316361168,2.854653440153687,4.2494816862474085,2.8555329615167633,1.0186308419597123,0.3801,0.02377,0.0,0.0,0.0,0.0,0.0,0.0,0.0,0.0,0.0,0.6816662953887281,7.872577411450213,15.431053686789909,5.573624415237248,0.4410781911338829,0.0,0.0,0.0,0.0,0.0,0.0,0.0,0.0,0.0,0.0,0.0,0.0,0.0,0.0,0.0,0.0,nan,nan,4.211229031153715,2.855331397074641,nan,0.3801,0.11194,0.0,0.0,0.0,0.0,0.0,0.0,0.0,0.0,0.0,0.0,0.0,0.0,3.341501447983961e-05,0.0,2.2276676319893072e-05,0.0003452884829583426,0.0032078413900646025,0.001537090666072622,0.0033303631098240143,0.00485631543773669,0.013388282468255736,0.01723100913343729,0.01791044776119403,0.030942303408331477,0.035642682111828916,0.02934952105145912,0.017153040766317667,0.03765872131877924,0.035709512140788595,0.031309868567609714,0.012419247048340387,0.016796613945199376,0.0310202717754511,0.02424816217420361,0.018433949654711516,0.05925595901091557,0.055892180886611714,0.03936288705725106,0.018400534640231676,0.04900868790376476,0.04977723323680107,0.011260859879705949,0.02099576743149922,0.030262864780574737,0.03749164624638004,0.018734684785030074,0.025083537536199598,0.00874359545555803,0.009556694141234128,0.005524615727333482,0.021207395856538205,0.016083760302962796,0.013622187569614613,0.004967698819336155,0.012786812207618624,0.008788148808197817,0.010948986411227445,0.008086433504121185,0.008097571842281132,0.01003564268211183,0.03379371797727779,0.0004900868790376476,0.011216306527066162,0.00971263087547338,0.0027066161728670083,0.004132323457340165,0.00014479839607930498,0.0006348852751169525,0.0006126085987970595,0.0,0.0,3.341501447983961e-05,0.0,0.0,0.0,0.0,0.0,0.0,0.0,0.0,0.0,0.0,0.0,0.0,0.0,0.0,0.0,0.0,0.0,0.0,0.0,0.0,0.0,0.0,0.0,0.0,0.0,0.0,0.0,0.0,0.0,nan,nan,4.211229031153715,2.855331397074641,nan,0.9027301335174563,0.023718520501372218,0.0,0.0,0.0,0.0,0.0,0.0,0.0,0.0,0.0,0.0,0.0,0.0,0.0,0.0,0.0,0.0,0.0,0.0,0.0,0.0,0.0,0.0,0.0,0.0,0.0629987400251995,1.8899622007559853,11.66736665266695,13.431331373372535,2.7971440571188584,0.15119697606047883,0.9034820440202329,0.022456381235797306,0.0,0.0,0.0,0.0,0.0,0.0,0.0,0.0,0.0,0.0,0.0,0.0,0.0,0.0,0.0,0.0,0.0,0.0,0.0,0.0,0.0,0.0,0.0,0.0,0.0142314990512334,1.4943074003795072,11.51328273244782,14.003795066413666,2.917457305502847,0.0569259962049336,0.3804,0.0239,0.0,0.0,0.0,0.0,0.0,0.0,0.0,0.0,0.0,0.7307853842923143,7.622847543049141,15.623687526249453,5.531289374212517,0.4913901721965562,0.0,0.0,0.0,0.0,0.0,0.0,0.0,0.0,0.0,0.0,0.0,0.0,0.0,0.0,0.0,0.0,0.38,0.02365,0.0,0.0,0.0,0.0,0.0,0.0,0.0,0.0,0.0,0.6261859582542696,8.154648956356738,15.213472485768479,5.621442125237192,0.38425047438330184,0.0,0.0,0.0,0.0,0.0,0.0,0.0,0.0,0.0,0.0,0.0,0.0,0.0,0.0,0.0,0.0
40900,4614,2399,0.5199393151278717,1133,957,0.4529692241005635,1308,0.5669700910273082,0.418,2.9562076749435664,3.0968382729325015,6.604304635761589,2.2213700235145963,9326.226587629675,1415.6604927118042,7853.0,10753.89789044857,10686.458722519099,17.786303907096823,7853.0,0.0,27.912440398786302,20.742620676037863,32.90617730679762,18.92208277195271,0.13957520589510186,0.10034677069787602,0.09146077156480277,0.08452535760728218,0.08149111400086692,0.0741222366710013,0.07173818812310359,0.0635023840485479,0.05895101863892501,0.05049848287819679,0.05049848287819679,0.043346337234503686,0.03164282618118769,0.02492414390983962,0.01928912006935414,0.009969657563935847,0.00411790203727785,0.9034387463607673,0.022350314140277407,0.0,0.0,0.0,0.0,0.0,0.0,0.0,0.0,0.0,0.0,0.0,0.0,0.0,0.0,0.0,0.0,0.0,0.0,0.0,0.0,0.0,0.0,0.0,0.0,0.01950585175552666,1.4239271781534464,11.657997399219768,14.096228868660601,2.7503250975292595,0.05201560468140443,4.267399267399267,2.906254144015945,nan,nan,nan,4.335329341317365,2.9340719914620137,4.199333333333334,2.876502428683526,0.9686307550644568,0.3806,0.02332,0.0,0.0,0.0,0.0,0.0,0.0,0.0,0.0,0.0,0.47464239271781544,8.010403120936282,15.305591677503228,5.825747724317297,0.3836150845253577,0.0,0.0,0.0,0.0,0.0,0.0,0.0,0.0,0.0,0.0,0.0,0.0,0.0,0.0,0.0,0.0,nan,nan,4.267399267399267,2.906254144015945,nan,0.3806,0.1124,0.0,0.0,0.0,0.0,0.0,0.0,0.0,0.0,0.0,0.0,0.0,0.0,7.585609016038145e-05,0.0,7.585609016038145e-05,0.0004226267880364109,0.003164282618118769,0.0012028608582574773,0.0034243606415257912,0.005353272648461205,0.011746857390550498,0.01628738621586476,0.02152145643693108,0.0314802774165583,0.033690940615517986,0.030136540962288686,0.018541395752058952,0.036996098829648896,0.03438448201127005,0.03249891634156914,0.014033376679670568,0.01517121803207629,0.030992631122670134,0.024902470741222368,0.017771998266146512,0.05628521889900304,0.05494148244473342,0.036519289120069354,0.01841135674035544,0.05122453402687473,0.04933896835717382,0.01153012570437798,0.022041612483745122,0.027806675335934113,0.03921759861291721,0.019863459037711313,0.02518422193324664,0.009265279583875163,0.008636757693974859,0.005667533593411357,0.022886866059817945,0.016612483745123537,0.011941915908105765,0.004269614217598613,0.013328998699609884,0.007423060251408756,0.010554833116601646,0.00892934547030776,0.00905938448201127,0.010099696575639359,0.03527308192457737,0.0005093194625054183,0.012050281751192025,0.009319462505418293,0.002622453402687473,0.004367143476376246,0.00013003901170351105,0.0005309926311226702,0.00028175119202427393,0.0,0.0,0.0,0.0,0.0,0.0,0.0,0.0,0.0,0.0,0.0,0.0,0.0,0.0,0.0,0.0,0.0,0.0,0.0,0.0,0.0,0.0,0.0,0.0,0.0,0.0,0.0,0.0,0.0,0.0,0.0,0.0,nan,nan,4.267399267399267,2.906254144015945,nan,0.9033225581714539,0.022500168762120406,0.0,0.0,0.0,0.0,0.0,0.0,0.0,0.0,0.0,0.0,0.0,0.0,0.0,0.0,0.0,0.0,0.0,0.0,0.0,0.0,0.0,0.0,0.0,0.0,0.025010421008753652,1.5506461025427265,11.492288453522304,14.218424343476451,2.676115047936641,0.037515631513130476,0.903564586300344,0.02218618298757969,0.0,0.0,0.0,0.0,0.0,0.0,0.0,0.0,0.0,0.0,0.0,0.0,0.0,0.0,0.0,0.0,0.0,0.0,0.0,0.0,0.0,0.0,0.0,0.0,0.013544018058690748,1.286681715575621,11.837471783295713,13.963882618510162,2.8306997742663667,0.06772009029345374,0.3809,0.02336,0.0,0.0,0.0,0.0,0.0,0.0,0.0,0.0,0.0,0.4751979991663194,7.515631513130472,15.856606919549789,5.727386411004587,0.4251771571488121,0.0,0.0,0.0,0.0,0.0,0.0,0.0,0.0,0.0,0.0,0.0,0.0,0.0,0.0,0.0,0.0,0.3801,0.02325,0.0,0.0,0.0,0.0,0.0,0.0,0.0,0.0,0.0,0.4740406320541762,8.546275395033861,14.708803611738128,5.932279909706548,0.3386004514672687,0.0,0.0,0.0,0.0,0.0,0.0,0.0,0.0,0.0,0.0,0.0,0.0,0.0,0.0,0.0,0.0
41000,4504,2336,0.5186500888099467,1104,912,0.44760213143872113,1269,0.5634991119005328,0.41,2.976937269372694,3.0854113685873465,6.524959742351046,2.1486104276289537,9322.177473327247,1415.4255402149404,7853.0,10744.207984924316,10685.69492288781,18.64691580807435,7853.0,0.0,28.30728241563055,20.863905626197027,33.01073298429319,19.15702924828905,0.13143872113676733,0.10057726465364121,0.09236234458259325,0.08992007104795736,0.08148312611012433,0.07659857904085257,0.0663854351687389,0.06372113676731794,0.053730017761989345,0.0586145648312611,0.04640319715808171,0.03907637655417407,0.03285968028419183,0.02930728241563055,0.02486678507992895,0.008214920071047958,0.004440497335701598,0.9031498083715752,0.022595828865420033,0.0,0.0,0.0,0.0,0.0,0.0,0.0,0.0,0.0,0.0,0.0,0.0,0.0,0.0,0.0,0.0,0.0,0.0,0.0,0.0,0.0,0.0,0.0,0.0,0.013321492007104798,1.6318827708703378,11.662966252220253,13.8809946714032,2.7175843694493786,0.0932504440497336,4.247866165926937,2.921415795541507,nan,nan,nan,4.2217630853994494,2.951466027665999,4.273527420446852,2.891340106502318,1.0122613074206899,0.38,0.02396,0.0,0.0,0.0,0.0,0.0,0.0,0.0,0.0,0.013321492007104798,0.7460035523978688,7.96625222024867,15.186500888099445,5.694937833037302,0.39298401420959156,0.0,0.0,0.0,0.0,0.0,0.0,0.0,0.0,0.0,0.0,0.0,0.0,0.0,0.0,0.0,0.0,nan,nan,4.247866165926937,2.921415795541507,nan,0.38,0.1122,0.0,0.0,0.0,0.0,0.0,0.0,0.0,0.0,0.0,0.0,0.0,0.0,6.660746003552398e-05,0.0,0.00019982238010657195,0.00035523978685612787,0.002619893428063943,0.0016984902309058615,0.0039298401420959144,0.005817051509769094,0.011489786856127886,0.017284635879218472,0.021869449378330373,0.02975133214920071,0.03367007104795737,0.03097246891651865,0.019960035523978684,0.03910968028419183,0.03393650088809947,0.03102797513321492,0.01397646536412078,0.015264209591474245,0.030539520426287745,0.025876998223801066,0.018095026642984013,0.05471802841918295,0.05296403197158082,0.03595692717584369,0.021380994671403197,0.051731793960923624,0.04711367673179396,0.01061278863232682,0.02165852575488455,0.02613232682060391,0.042817495559502664,0.021769538188277086,0.025099911190053285,0.009180728241563055,0.008436944937833037,0.00597246891651865,0.02183614564831261,0.016563055062166963,0.011434280639431617,0.004063055062166963,0.01327708703374778,0.007615452930728242,0.01105683836589698,0.009158525754884548,0.009058614564831261,0.00885879218472469,0.03601243339253996,0.00042184724689165186,0.010823712255772647,0.008159413854351687,0.0026976021314387214,0.004784635879218472,6.660746003552398e-05,0.0006882770870337478,0.0003663410301953819,0.0,0.0,0.0,0.0,0.0,0.0,0.0,0.0,0.0,0.0,0.0,0.0,0.0,0.0,0.0,0.0,0.0,0.0,0.0,0.0,0.0,0.0,0.0,0.0,0.0,0.0,0.0,0.0,0.0,0.0,0.0,0.0,nan,nan,4.247866165926937,2.921415795541507,nan,0.9031177175881928,0.0228041471127142,0.0,0.0,0.0,0.0,0.0,0.0,0.0,0.0,0.0,0.0,0.0,0.0,0.0,0.0,0.0,0.0,0.0,0.0,0.0,0.0,0.0,0.0,0.0,0.0,0.01284246575342466,1.7208904109589045,11.506849315068497,13.882705479452058,2.7868150684931514,0.08989726027397263,0.9031843858946293,0.02236914511888726,0.0,0.0,0.0,0.0,0.0,0.0,0.0,0.0,0.0,0.0,0.0,0.0,0.0,0.0,0.0,0.0,0.0,0.0,0.0,0.0,0.0,0.0,0.0,0.0,0.013837638376383767,1.5359778597785982,11.831180811808121,13.879151291512919,2.6429889298892992,0.09686346863468637,0.3796,0.02426,0.0,0.0,0.0,0.0,0.0,0.0,0.0,0.0,0.01284246575342466,0.7320205479452057,8.296232876712331,14.678938356164362,5.881849315068495,0.3981164383561645,0.0,0.0,0.0,0.0,0.0,0.0,0.0,0.0,0.0,0.0,0.0,0.0,0.0,0.0,0.0,0.0,0.38,0.02362,0.0,0.0,0.0,0.0,0.0,0.0,0.0,0.0,0.013837638376383767,0.7610701107011072,7.610701107011072,15.733394833948315,5.493542435424355,0.38745387453874547,0.0,0.0,0.0,0.0,0.0,0.0,0.0,0.0,0.0,0.0,0.0,0.0,0.0,0.0,0.0,0.0
41100,4394,2235,0.5086481565771507,1038,910,0.4433318161128812,1262,0.5744196631770596,0.40599999999999997,2.9434923575729504,3.0854066454028417,6.545304777594728,2.1294607676163873,9293.818980422084,1416.1677186398144,7853.0,10743.576623916626,10685.643668892453,17.93307250016966,7853.0,0.0,27.67728720983159,20.79057851633876,32.65452568632781,19.062748861821674,0.14110150204824762,0.10081929904415111,0.09535730541647701,0.0864815657715066,0.08761948111060537,0.06918525261720528,0.06986800182066455,0.06008192990441511,0.05689576695493855,0.053937187073281746,0.04779244424214838,0.040737369139736,0.031178880291306325,0.02480655439235321,0.017068730086481566,0.010241238051888939,0.006827492034592627,0.9033576153493438,0.022771445859643996,0.0,0.0,0.0,0.0,0.0,0.0,0.0,0.0,0.0,0.0,0.0,0.0,0.0,0.0,0.0,0.0,0.0,0.0,0.0,0.0,0.0,0.0,0.0,0.0,0.03413746017296314,1.5634956759217118,11.668183887118802,13.92808375056896,2.7036868456986802,0.10241238051888941,4.276474769012083,2.8438953578810398,nan,nan,nan,4.26830985915493,2.8372241373207996,4.284791965566715,2.8506509097957573,1.0038615065343566,0.3796,0.0228,0.0,0.0,0.0,0.0,0.0,0.0,0.0,0.0,0.0,0.5257168866636324,8.356850250341376,15.484751934456053,5.359581247155212,0.2730996813837051,0.0,0.0,0.0,0.0,0.0,0.0,0.0,0.0,0.0,0.0,0.0,0.0,0.0,0.0,0.0,0.0,nan,nan,4.276474769012083,2.8438953578810398,nan,0.3796,0.11163,0.0,0.0,0.0,0.0,0.0,0.0,0.0,0.0,0.0,0.0,0.0,0.0,0.0,1.137915339098771e-05,0.0002048247610377788,0.0001137915339098771,0.002822030040964952,0.0017865270823850705,0.0031292671825216205,0.005894401456531634,0.01238051888939463,0.018126991351843424,0.02316795630405098,0.03126991351843423,0.03260127446517979,0.028254437869822485,0.019765589440145653,0.038142922166590806,0.033818843878015474,0.02961993627674101,0.014337733272644515,0.016169776968593536,0.02852753755120619,0.0276854802002731,0.017410104688211196,0.05492717341829768,0.052503413746017295,0.036913973600364136,0.02221210741920801,0.051923076923076926,0.04483386436049158,0.011162949476558943,0.022621756941283568,0.02622894856622667,0.04335457441966318,0.023247610377787893,0.026069640418752846,0.010002275830678198,0.009774692762858443,0.006008192990441511,0.02187073281747838,0.0162039144287665,0.010571233500227583,0.0034706417842512516,0.012892580791989076,0.007430587164314975,0.011401911697769686,0.009365043240782885,0.008295402822030042,0.008124715521165225,0.037391898042785615,0.0011151570323167956,0.009490213928083751,0.007749203459262631,0.0025716886663632228,0.004039599453800637,4.551661356395084e-05,0.0007624032771961766,0.00018206645425580337,0.0,0.0,0.0,0.0,0.0,0.0,0.0,0.0,0.0,0.0,0.0,0.0,0.0,0.0,0.0,0.0,0.0,0.0,0.0,0.0,0.0,0.0,0.0,0.0,0.0,0.0,0.0,0.0,0.0,0.0,0.0,0.0,nan,nan,4.276474769012083,2.8438953578810398,nan,0.9032335394447548,0.02269190331394762,0.0,0.0,0.0,0.0,0.0,0.0,0.0,0.0,0.0,0.0,0.0,0.0,0.0,0.0,0.0,0.0,0.0,0.0,0.0,0.0,0.0,0.0,0.0,0.0,0.013422818791946312,1.5570469798657722,11.6510067114094,14.093959731543627,2.604026845637584,0.08053691275167786,0.9034860589096755,0.022852787152801875,0.0,0.0,0.0,0.0,0.0,0.0,0.0,0.0,0.0,0.0,0.0,0.0,0.0,0.0,0.0,0.0,0.0,0.0,0.0,0.0,0.0,0.0,0.0,0.0,0.055581287633163515,1.5701713756368694,11.685965724872629,13.75636868920797,2.806855025474757,0.1250578971746179,0.3796,0.02281,0.0,0.0,0.0,0.0,0.0,0.0,0.0,0.0,0.0,0.4697986577181209,8.456375838926176,15.355704697986555,5.409395973154363,0.30872483221476515,0.0,0.0,0.0,0.0,0.0,0.0,0.0,0.0,0.0,0.0,0.0,0.0,0.0,0.0,0.0,0.0,0.3796,0.02278,0.0,0.0,0.0,0.0,0.0,0.0,0.0,0.0,0.0,0.5836035201482169,8.253821213524782,15.61834182491892,5.308012968967115,0.23622047244094493,0.0,0.0,0.0,0.0,0.0,0.0,0.0,0.0,0.0,0.0,0.0,0.0,0.0,0.0,0.0,0.0
41200,4462,2312,0.5181532944867773,1084,901,0.4448677722994173,1244,0.5575974899148364,0.41,2.9502325581395348,3.0818051855577546,6.550986842105263,2.1553251860732305,9320.47203209236,1415.1851388979858,7853.0,10738.318727374077,10685.119466780327,17.954461384701638,7853.0,0.0,27.91393993724787,20.792915867597408,32.86511752136752,19.03457046944517,0.1393993724787091,0.09861048857014791,0.09457642312864187,0.08516360376512774,0.07956073509636934,0.07933662034961901,0.06835499775885254,0.0600627521290901,0.06051098162259077,0.05490811295383236,0.04482294935006723,0.043478260869565216,0.03047960555804572,0.027566113850291347,0.016136261766024205,0.009861048857014791,0.007171671896010758,0.9023012927111784,0.022635019812160234,0.0,0.0,0.0,0.0,0.0,0.0,0.0,0.0,0.0,0.0,0.0,0.0,0.0,0.0,0.0,0.0,0.0,0.0,0.0,0.0,0.0,0.0,0.0,0.0,0.04034065441506052,1.5262214253697897,12.38458090542358,13.493948901837744,2.5011205737337523,0.05378753922008069,4.263816475495307,2.8727358916782593,nan,nan,nan,4.304469273743017,2.8823838138202924,4.223529411764706,2.862573188499391,0.9811963201893347,0.3794,0.02335,0.0,0.0,0.0,0.0,0.0,0.0,0.0,0.0,0.0067234424025100865,0.6454504706409683,8.175705961452266,15.26221425369787,5.681308830121024,0.22859704168534295,0.0,0.0,0.0,0.0,0.0,0.0,0.0,0.0,0.0,0.0,0.0,0.0,0.0,0.0,0.0,0.0,nan,nan,4.263816475495307,2.8727358916782593,nan,0.3794,0.11224,0.0,0.0,0.0,0.0,0.0,0.0,0.0,0.0,0.0,0.0,0.0,0.0,0.0,0.0,0.0002801434334379202,6.723442402510085e-05,0.003272075302554908,0.0017032720753025548,0.0028910802330793365,0.005502017032720753,0.012584043030031376,0.02001344688480502,0.023408785298072613,0.03037875392200807,0.03196996862393545,0.02664724338861497,0.02019273868220529,0.037135813536530705,0.037483191393993726,0.03128641864634693,0.014757956073509637,0.017424921559838637,0.029482294935006724,0.0301994621246078,0.01551994621246078,0.053675481846705515,0.05043702375616316,0.036329000448229495,0.02075302554908113,0.05324966382787987,0.042043926490363065,0.010578216046615867,0.022669206633796502,0.026277454056476916,0.04170775437023756,0.021683101748095023,0.02521290900941282,0.009558493948901839,0.010880770954728822,0.005255490811295383,0.021481398476019722,0.017637830569251455,0.009849843119677276,0.003989242492155984,0.013861497086508292,0.007496638278798745,0.012584043030031376,0.009603316898251906,0.008303451367099954,0.009065441506051097,0.038424473330345134,0.0015015688032272523,0.00948005378753922,0.00758628417749888,0.0025437023756163155,0.0031712236665172567,0.00015688032272523532,0.0006499327655759749,0.00010085163603765127,0.0,0.0,0.0,0.0,0.0,0.0,0.0,0.0,0.0,0.0,0.0,0.0,0.0,0.0,0.0,0.0,0.0,0.0,0.0,0.0,0.0,0.0,0.0,0.0,0.0,0.0,0.0,0.0,0.0,0.0,0.0,0.0,nan,nan,4.263816475495307,2.8727358916782593,nan,0.9020309946064718,0.02289391834302126,0.0,0.0,0.0,0.0,0.0,0.0,0.0,0.0,0.0,0.0,0.0,0.0,0.0,0.0,0.0,0.0,0.0,0.0,0.0,0.0,0.0,0.0,0.0,0.0,0.05190311418685122,1.5960207612456752,12.586505190311422,13.248269896193774,2.439446366782007,0.07785467128027683,0.9025919574637745,0.02234962034468687,0.0,0.0,0.0,0.0,0.0,0.0,0.0,0.0,0.0,0.0,0.0,0.0,0.0,0.0,0.0,0.0,0.0,0.0,0.0,0.0,0.0,0.0,0.0,0.0,0.027906976744186053,1.4511627906976747,12.16744186046512,13.758139534883725,2.5674418604651166,0.027906976744186053,0.38,0.02332,0.0,0.0,0.0,0.0,0.0,0.0,0.0,0.0,0.012975778546712806,0.5709342560553634,8.135813148788928,15.311418685121085,5.709342560553635,0.2595155709342561,0.0,0.0,0.0,0.0,0.0,0.0,0.0,0.0,0.0,0.0,0.0,0.0,0.0,0.0,0.0,0.0,0.3792,0.02336,0.0,0.0,0.0,0.0,0.0,0.0,0.0,0.0,0.0,0.7255813953488374,8.218604651162792,15.209302325581373,5.651162790697676,0.19534883720930238,0.0,0.0,0.0,0.0,0.0,0.0,0.0,0.0,0.0,0.0,0.0,0.0,0.0,0.0,0.0,0.0
41300,4375,2246,0.5133714285714286,1034,894,0.4406857142857143,1196,0.5467428571428572,0.43,3.0056364490371066,3.1390158577932477,6.583473861720067,2.257503151417317,9307.178671768106,1415.854687938983,7853.0,10752.868989944458,10685.605382451233,17.969768253849175,7853.0,0.0,28.325257142857144,21.19745623059907,33.33496598639456,19.42842196630709,0.14102857142857142,0.09851428571428572,0.0912,0.08914285714285715,0.08,0.06422857142857143,0.06788571428571429,0.06125714285714286,0.06308571428571429,0.056685714285714284,0.04662857142857143,0.04411428571428572,0.03314285714285714,0.025142857142857144,0.016685714285714286,0.011428571428571429,0.009828571428571428,0.9025413719585964,0.022177200911315177,0.0,0.0,0.0,0.0,0.0,0.0,0.0,0.0,0.0,0.0,0.0,0.0,0.0,0.0,0.0,0.0,0.0,0.0,0.0,0.0,0.0,0.0,0.0,0.0,0.0068571428571428585,1.5771428571428576,12.246857142857147,13.69371428571429,2.420571428571429,0.05485714285714287,4.296138859369465,2.8774981700403552,nan,nan,nan,4.384399156711174,2.937954511573039,4.206428571428572,2.8118806801113863,0.9594082156023173,0.3801,0.02335,0.0,0.0,0.0,0.0,0.0,0.0,0.0,0.0,0.0068571428571428585,0.6514285714285716,7.6800000000000015,15.75085714285712,5.526857142857144,0.3840000000000001,0.0,0.0,0.0,0.0,0.0,0.0,0.0,0.0,0.0,0.0,0.0,0.0,0.0,0.0,0.0,0.0,nan,nan,4.296138859369465,2.8774981700403552,nan,0.3801,0.1124,0.0,0.0,0.0,0.0,0.0,0.0,0.0,0.0,0.0,0.0,0.0,0.0,0.0,0.0,0.00014857142857142857,0.0,0.0033828571428571427,0.002125714285714286,0.0032685714285714284,0.00504,0.014434285714285714,0.019177142857142858,0.02361142857142857,0.030674285714285713,0.028274285714285714,0.025965714285714286,0.01862857142857143,0.03733714285714286,0.0368,0.0328,0.014742857142857143,0.018937142857142857,0.02881142857142857,0.03174857142857143,0.01736,0.052,0.04924571428571429,0.03627428571428572,0.017417142857142857,0.05718857142857143,0.04088,0.011234285714285714,0.02152,0.02592,0.042742857142857145,0.021531428571428573,0.024434285714285714,0.01024,0.011131428571428572,0.006342857142857143,0.021485714285714285,0.017142857142857144,0.009325714285714286,0.004057142857142857,0.013851428571428572,0.007348571428571428,0.012914285714285715,0.010148571428571429,0.008605714285714286,0.010217142857142857,0.03802285714285714,0.0015542857142857142,0.009337142857142856,0.008468571428571428,0.002194285714285714,0.003177142857142857,0.00010285714285714286,0.0006514285714285715,2.2857142857142858e-05,0.0,0.0,0.0,0.0,0.0,0.0,0.0,0.0,0.0,0.0,0.0,0.0,0.0,0.0,0.0,0.0,0.0,0.0,0.0,0.0,0.0,0.0,0.0,0.0,0.0,0.0,0.0,0.0,0.0,0.0,0.0,0.0,nan,nan,4.296138859369465,2.8774981700403552,nan,0.9020040022774881,0.021999670210525103,0.0,0.0,0.0,0.0,0.0,0.0,0.0,0.0,0.0,0.0,0.0,0.0,0.0,0.0,0.0,0.0,0.0,0.0,0.0,0.0,0.0,0.0,0.0,0.0,0.0,1.5494211932324136,12.569011576135354,13.517364203027608,2.297417631344613,0.06678539626001782,0.9031082729937158,0.02234895926611059,0.0,0.0,0.0,0.0,0.0,0.0,0.0,0.0,0.0,0.0,0.0,0.0,0.0,0.0,0.0,0.0,0.0,0.0,0.0,0.0,0.0,0.0,0.0,0.0,0.01409112259276656,1.606387975575388,11.906998590887744,13.879755753875061,2.5504931892907474,0.04227336777829968,0.3806,0.0236,0.0,0.0,0.0,0.0,0.0,0.0,0.0,0.0,0.013357079252003565,0.6678539626001782,7.3196794300979535,15.86821015138021,5.743544078361533,0.3873552983081034,0.0,0.0,0.0,0.0,0.0,0.0,0.0,0.0,0.0,0.0,0.0,0.0,0.0,0.0,0.0,0.0,0.3794,0.02306,0.0,0.0,0.0,0.0,0.0,0.0,0.0,0.0,0.0,0.6341005166744952,8.060122123062472,15.627054955378087,5.298262094880227,0.38046031000469716,0.0,0.0,0.0,0.0,0.0,0.0,0.0,0.0,0.0,0.0,0.0,0.0,0.0,0.0,0.0,0.0
41400,4578,2344,0.5120139799038882,1097,981,0.45391000436872,1324,0.5784185233726518,0.40599999999999997,2.9547896150402866,3.0648346070887564,6.4852459016393444,2.1387782681979894,9303.275928516166,1415.8949908155219,7853.0,10748.947584271431,10685.492833083197,17.82707144780458,7853.0,0.0,27.91655744866754,20.876596189175892,32.86007802340702,19.122741735675902,0.13958060288335516,0.09895150720838794,0.09283529925731761,0.09043250327653997,0.07688947138488422,0.07557885539536915,0.06705985146352118,0.072520751419834,0.059414591524683265,0.04827435561380516,0.047619047619047616,0.035168195718654434,0.03298383573612931,0.02621231979030144,0.016819571865443424,0.011140235910878113,0.00851900393184797,0.9019379050333773,0.022477758454397583,0.0,0.0,0.0,0.0,0.0,0.0,0.0,0.0,0.0,0.0,0.0,0.0,0.0,0.0,0.0,0.0,0.0,0.0,0.0,0.0,0.0,0.0,0.0,0.0,0.019659239842726085,1.72346002621232,12.37876802096986,13.394495412844039,2.4180865006553085,0.06553079947575362,4.2739864864864865,2.8727986260375666,nan,nan,nan,4.260162601626016,2.8544285899609974,4.287735849056604,2.890888277907947,1.0064723462480198,0.3806,0.02364,0.0,0.0,0.0,0.0,0.0,0.0,0.0,0.0,0.006553079947575362,0.688073394495413,7.680209698558324,15.50458715596328,5.674967234600263,0.44560943643512463,0.0,0.0,0.0,0.0,0.0,0.0,0.0,0.0,0.0,0.0,0.0,0.0,0.0,0.0,0.0,0.0,nan,nan,4.2739864864864865,2.8727986260375666,nan,0.3806,0.1123,0.0,0.0,0.0,0.0,0.0,0.0,0.0,0.0,0.0,0.0,0.0,0.0,0.0,0.0,0.0001201397990388816,1.0921799912625601e-05,0.003363914373088685,0.002675840978593272,0.0025557011795543905,0.005602883355176933,0.014493228484054172,0.02142857142857143,0.02283748361730013,0.02829838357361293,0.02601572739187418,0.02532765399737877,0.020096111839231105,0.03543031891655745,0.0363914373088685,0.03279816513761468,0.013674093490607253,0.01946264744429882,0.02810179117518567,0.03387942332896461,0.01802096985583224,0.05354958497160332,0.04833988641328091,0.03914373088685015,0.01795543905635649,0.055865006553079945,0.04037789427697685,0.01136959370904325,0.021046308431629534,0.02671472258628222,0.04171035386631717,0.021035386631716908,0.022957623416339012,0.011031017911751857,0.010747051114023591,0.006432940148536479,0.020871559633027524,0.01757317605941459,0.009742245522062036,0.004805591961555264,0.015334207077326344,0.00744866754041066,0.012789427697684578,0.010463084316295326,0.009447356924421144,0.011151157710790739,0.03759283529925732,0.0011686325906509394,0.009250764525993884,0.00801660113586719,0.002075141983398864,0.002708606378331149,6.55307994757536e-05,0.0006334643949322848,0.0,0.0,0.0,0.0,0.0,0.0,0.0,0.0,0.0,0.0,0.0,0.0,0.0,0.0,0.0,0.0,0.0,0.0,0.0,0.0,0.0,0.0,0.0,0.0,0.0,0.0,0.0,0.0,0.0,0.0,0.0,0.0,0.0,nan,nan,4.2739864864864865,2.8727986260375666,nan,0.9019697714380843,0.02230315133314335,0.0,0.0,0.0,0.0,0.0,0.0,0.0,0.0,0.0,0.0,0.0,0.0,0.0,0.0,0.0,0.0,0.0,0.0,0.0,0.0,0.0,0.0,0.0,0.0,0.025597269624573385,1.6766211604095567,12.299488054607512,13.54095563139932,2.4317406143344713,0.025597269624573385,0.9019044695577135,0.022659468456192558,0.0,0.0,0.0,0.0,0.0,0.0,0.0,0.0,0.0,0.0,0.0,0.0,0.0,0.0,0.0,0.0,0.0,0.0,0.0,0.0,0.0,0.0,0.0,0.0,0.013428827215756493,1.7726051924798572,12.461951656222027,13.240823634735904,2.4037600716204124,0.10743061772605195,0.3806,0.02396,0.0,0.0,0.0,0.0,0.0,0.0,0.0,0.0,0.012798634812286692,0.8703071672354951,7.474402730375428,15.511945392491446,5.656996587030719,0.4735494880546076,0.0,0.0,0.0,0.0,0.0,0.0,0.0,0.0,0.0,0.0,0.0,0.0,0.0,0.0,0.0,0.0,0.3809,0.02327,0.0,0.0,0.0,0.0,0.0,0.0,0.0,0.0,0.0,0.49686660698299023,7.896150402864818,15.496866606982968,5.693822739480754,0.4162936436884513,0.0,0.0,0.0,0.0,0.0,0.0,0.0,0.0,0.0,0.0,0.0,0.0,0.0,0.0,0.0,0.0
41500,4610,2364,0.5127982646420824,1118,950,0.448590021691974,1291,0.5600867678958785,0.414,2.9220837043633128,3.0642688904057733,6.5008103727714746,2.102036364995322,9306.178042527989,1416.504877505759,7853.0,10748.260946154594,10686.820125234359,18.062844487636863,7853.0,0.0,27.72885032537961,20.987451384052996,32.931960375391036,19.170257159368067,0.14967462039045554,0.09869848156182212,0.0878524945770065,0.08633405639913232,0.0809110629067245,0.07418655097613883,0.06876355748373102,0.06420824295010846,0.05856832971800434,0.052494577006507594,0.047505422993492405,0.03557483731019523,0.0334056399132321,0.024078091106290674,0.017787418655097614,0.012147505422993492,0.0078091106290672455,0.9028585274669457,0.02281812346064834,0.0,0.0,0.0,0.0,0.0,0.0,0.0,0.0,0.0,0.0,0.0,0.0,0.0,0.0,0.0,0.0,0.0,0.0,0.0,0.0,0.0,0.0,0.0,0.0,0.02603036876355749,1.8611713665943606,11.41431670281996,14.030368763557487,2.5965292841648595,0.0715835140997831,4.3078225533355905,2.8596939359046387,nan,nan,nan,4.244201909959072,2.8777473042688984,4.370544720914594,2.840388630358549,1.02976833186448,0.382,0.02339,0.0,0.0,0.0,0.0,0.0,0.0,0.0,0.0,0.0,0.5401301518438179,6.84598698481562,16.086767895878502,6.123644251626899,0.39696312364425174,0.006507592190889372,0.0,0.0,0.0,0.0,0.0,0.0,0.0,0.0,0.0,0.0,0.0,0.0,0.0,0.0,0.0,nan,nan,4.3078225533355905,2.8596939359046387,nan,0.382,0.1121,0.0,0.0,0.0,0.0,0.0,0.0,0.0,0.0,0.0,0.0,0.0,0.0,0.0,0.0,0.00037960954446854663,0.0,0.0029934924078091106,0.0021475054229934923,0.002494577006507592,0.004403470715835141,0.01359002169197397,0.023774403470715834,0.020401301518438178,0.02959869848156182,0.025574837310195227,0.023850325379609544,0.018839479392624727,0.03330802603036876,0.034468546637744034,0.03235357917570499,0.014154013015184382,0.01913232104121475,0.029815618221258135,0.03492407809110629,0.01866594360086768,0.05504338394793926,0.04888286334056399,0.039045553145336226,0.01845986984815618,0.056366594360086765,0.03994577006507592,0.012245119305856833,0.020976138828633407,0.026258134490238613,0.04303687635574837,0.020097613882863342,0.023253796095444687,0.011746203904555315,0.010704989154013016,0.005932754880694143,0.020748373101952277,0.016160520607375273,0.009978308026030369,0.004674620390455532,0.01712581344902386,0.006084598698481562,0.013850325379609545,0.010748373101952279,0.009598698481561823,0.011540130151843818,0.03852494577006508,0.0013882863340563992,0.009685466377440347,0.0067787418655097615,0.0019414316702819957,0.0032212581344902387,7.592190889370933e-05,0.0009436008676789588,0.0,3.253796095444685e-05,3.253796095444685e-05,0.0,0.0,0.0,0.0,0.0,0.0,0.0,0.0,0.0,0.0,0.0,0.0,0.0,0.0,0.0,0.0,0.0,0.0,0.0,0.0,0.0,0.0,0.0,0.0,0.0,0.0,0.0,0.0,0.0,0.0,nan,nan,4.3078225533355905,2.8596939359046387,nan,0.9028401643340358,0.02269000199220088,0.0,0.0,0.0,0.0,0.0,0.0,0.0,0.0,0.0,0.0,0.0,0.0,0.0,0.0,0.0,0.0,0.0,0.0,0.0,0.0,0.0,0.0,0.0,0.0,0.03807106598984772,1.789340101522843,11.395939086294419,14.340101522842643,2.385786802030457,0.05076142131979697,0.9028778553592872,0.02295218776298709,0.0,0.0,0.0,0.0,0.0,0.0,0.0,0.0,0.0,0.0,0.0,0.0,0.0,0.0,0.0,0.0,0.0,0.0,0.0,0.0,0.0,0.0,0.0,0.0,0.013357079252003565,1.9367764915405168,11.433659839715052,13.704363312555659,2.8183437221727523,0.09349955476402495,0.382,0.02367,0.0,0.0,0.0,0.0,0.0,0.0,0.0,0.0,0.0,0.6091370558375635,6.878172588832489,16.10406091370556,5.964467005076144,0.44416243654822346,0.0,0.0,0.0,0.0,0.0,0.0,0.0,0.0,0.0,0.0,0.0,0.0,0.0,0.0,0.0,0.0,0.3823,0.02309,0.0,0.0,0.0,0.0,0.0,0.0,0.0,0.0,0.0,0.46749777382012475,6.812110418521818,16.068566340160263,6.29118432769368,0.3472840605520927,0.013357079252003565,0.0,0.0,0.0,0.0,0.0,0.0,0.0,0.0,0.0,0.0,0.0,0.0,0.0,0.0,0.0
41600,4516,2340,0.5181576616474757,1156,892,0.4534986713906112,1240,0.5491585473870682,0.41,2.8763786764705883,3.0604919785423026,6.384244372990354,2.2357679916818536,9321.78512079994,1416.4382449430366,7853.0,10761.42564868927,10687.629745954071,17.846880336907947,7853.0,0.0,28.322852081488044,20.895556641266086,32.92197659297789,19.233089395428912,0.1299822852081488,0.1016386182462356,0.09388839681133747,0.08392382639503985,0.08613817537643932,0.07860938883968113,0.06465899025686449,0.05868024800708592,0.05978742249778565,0.05912311780336581,0.05093002657218778,0.04052258635961027,0.030779450841452612,0.02325066430469442,0.018600531443755536,0.010628875110717449,0.008857395925597875,0.9039423088910201,0.02256386156531443,0.0,0.0,0.0,0.0,0.0,0.0,0.0,0.0,0.0,0.0,0.0,0.0,0.0,0.0,0.0,0.0,0.0,0.0,0.0,0.0,0.0,0.0,0.0,0.0,0.05314437555358726,1.3950398582816657,11.34632418069088,14.38883968113375,2.743578387953942,0.07307351638618248,4.13657876943881,2.9441971540751948,nan,nan,nan,4.084224598930481,2.9186139324093068,4.19015047879617,2.9691918054171125,1.0259353709131047,0.3826,0.02286,0.0,0.0,0.0,0.0,0.0,0.0,0.0,0.0,0.0066430469441984075,0.4384410983170949,6.8091231178033675,15.896811337466762,6.536758193091233,0.3122232063773251,0.0,0.0,0.0,0.0,0.0,0.0,0.0,0.0,0.0,0.0,0.0,0.0,0.0,0.0,0.0,0.0,nan,nan,4.13657876943881,2.9441971540751948,nan,0.3826,0.11163,0.0,0.0,0.0,0.0,0.0,0.0,0.0,0.0,0.0,0.0,0.0,0.0,0.0,0.0,0.0001328609388839681,4.4286979627989374e-05,0.0035097431355181575,0.0024689991142604075,0.0026018600531443757,0.004174047829937998,0.01320859167404783,0.022276350752878652,0.01950841452612932,0.028365810451727192,0.025841452612931796,0.02495571302037201,0.020239149689991142,0.030713020372010628,0.033979185119574845,0.03299379982285208,0.014780779450841452,0.01867803365810452,0.030325509300265723,0.033193091231178036,0.018224092116917626,0.055934455270150577,0.05090788308237378,0.03732285208148804,0.018810894596988485,0.057606288751107175,0.04143046944198406,0.011293179805137289,0.02011736049601417,0.026649689991142603,0.045305580159433124,0.020316651904340125,0.023339238263950398,0.01299822852081488,0.011293179805137289,0.005325509300265722,0.019818423383525244,0.015411868910540302,0.009776350752878653,0.0041851195748449956,0.01732728077945084,0.006488042515500443,0.013773250664304694,0.01091674047829938,0.009477413640389726,0.012156775907883083,0.03837466784765279,0.001616474756421612,0.00966563330380868,0.0055912311780336585,0.0019154118689105402,0.003199734278122232,7.75022143489814e-05,0.0012732506643046944,0.0,0.0,8.857395925597875e-05,0.0,0.0,0.0,0.0,0.0,0.0,0.0,0.0,0.0,0.0,0.0,0.0,0.0,0.0,0.0,0.0,0.0,0.0,0.0,0.0,0.0,0.0,0.0,0.0,0.0,0.0,0.0,0.0,0.0,0.0,nan,nan,4.13657876943881,2.9441971540751948,nan,0.90406625523017,0.02251148156824117,0.0,0.0,0.0,0.0,0.0,0.0,0.0,0.0,0.0,0.0,0.0,0.0,0.0,0.0,0.0,0.0,0.0,0.0,0.0,0.0,0.0,0.0,0.0,0.0,0.051282051282051294,1.3717948717948723,11.179487179487182,14.512820512820516,2.8076923076923084,0.07692307692307694,0.903809021007927,0.02261929608503529,0.0,0.0,0.0,0.0,0.0,0.0,0.0,0.0,0.0,0.0,0.0,0.0,0.0,0.0,0.0,0.0,0.0,0.0,0.0,0.0,0.0,0.0,0.0,0.0,0.055147058823529424,1.4200367647058827,11.52573529411765,14.255514705882357,2.674632352941177,0.06893382352941178,0.3823,0.02237,0.0,0.0,0.0,0.0,0.0,0.0,0.0,0.0,0.0,0.32051282051282054,7.1282051282051295,16.14102564102562,6.1282051282051295,0.2820512820512821,0.0,0.0,0.0,0.0,0.0,0.0,0.0,0.0,0.0,0.0,0.0,0.0,0.0,0.0,0.0,0.0,0.3828,0.02336,0.0,0.0,0.0,0.0,0.0,0.0,0.0,0.0,0.013786764705882356,0.5652573529411766,6.465992647058825,15.634191176470566,6.976102941176472,0.3446691176470589,0.0,0.0,0.0,0.0,0.0,0.0,0.0,0.0,0.0,0.0,0.0,0.0,0.0,0.0,0.0,0.0
41700,4451,2291,0.5147157942035497,1099,910,0.45135924511345765,1261,0.5666142439901146,0.41,2.9421296296296298,3.0815885606729254,6.542483660130719,2.1143361513354777,9311.879618200177,1416.6183558759435,7853.0,10760.935716509819,10687.340105023564,18.507079843092143,7853.0,0.0,28.3992361267131,21.07140110665059,33.256117021276594,19.31528966155336,0.13525050550438103,0.10199955066277241,0.0891934396764772,0.07975735789710177,0.08357672433161087,0.07638732869018199,0.07526398562120871,0.06133453156594024,0.057739833745225795,0.05077510671759155,0.04875308919343967,0.041788362165805434,0.03414962929678724,0.02426421028982251,0.02022017524151876,0.010334756234554033,0.009211413165580768,0.9039913788990234,0.02269781122803368,0.0,0.0,0.0,0.0,0.0,0.0,0.0,0.0,0.0,0.0,0.0,0.0,0.0,0.0,0.0,0.0,0.0,0.0,0.0,0.0,0.0,0.0,0.0,0.0,0.020220175241518763,1.4693327342170304,11.720961581667044,13.796899573129638,2.864524825881825,0.12806110986295216,4.204786324786324,2.899945946531494,nan,nan,nan,4.299185888738127,2.9556948943909886,4.106896551724138,2.838944805731191,0.9552730814646332,0.3816,0.02402,0.0,0.0,0.0,0.0,0.0,0.0,0.0,0.0,0.013480116827679177,0.6335654909009213,7.380363963154349,15.353853066726556,6.207593799146261,0.4044035048303753,0.006740058413839589,0.0,0.0,0.0,0.0,0.0,0.0,0.0,0.0,0.0,0.0,0.0,0.0,0.0,0.0,0.0,nan,nan,4.204786324786324,2.899945946531494,nan,0.3816,0.11145,0.0,0.0,0.0,0.0,0.0,0.0,0.0,0.0,0.0,0.0,0.0,0.0,0.0,0.0,5.616715344866322e-05,2.246686137946529e-05,0.0037407324196809706,0.002875758256571557,0.002909458548640755,0.004268703662098405,0.013525050550438103,0.021893956414288925,0.021130083127387105,0.030094360817793753,0.027027634239496744,0.024399011458099303,0.02017524151875983,0.02892608402606156,0.032913951920916645,0.034284430465064034,0.013356549090092115,0.015940238148730624,0.031363738485733546,0.03238598067849922,0.019209166479442822,0.055830150527971245,0.052482588182430914,0.03812626376095259,0.019018198157717367,0.05803190294315884,0.040709952819591104,0.011783868793529544,0.019512469108065603,0.027072567962255673,0.04642776904066502,0.01988317232082678,0.023590204448438554,0.01325544821388452,0.012098404852842057,0.005246012132105145,0.01924286677151202,0.01452482588182431,0.008571107616266008,0.003662098404852842,0.015648168950797573,0.007526398562120872,0.014682093911480567,0.011907436531116602,0.009829251853516064,0.013143113906987193,0.03457649966299708,0.0019209166479442822,0.009705684115929005,0.0050438103796899576,0.0017299483262188272,0.0030442597169175467,8.986744551786115e-05,0.0015726802965625702,1.1233430689732644e-05,0.0,0.0,0.0,0.0,0.0,0.0,0.0,0.0,0.0,0.0,0.0,0.0,0.0,0.0,0.0,0.0,0.0,0.0,0.0,0.0,0.0,0.0,0.0,0.0,0.0,0.0,0.0,0.0,0.0,0.0,0.0,0.0,nan,nan,4.204786324786324,2.899945946531494,nan,0.9039562790740374,0.022514775848657846,0.0,0.0,0.0,0.0,0.0,0.0,0.0,0.0,0.0,0.0,0.0,0.0,0.0,0.0,0.0,0.0,0.0,0.0,0.0,0.0,0.0,0.0,0.0,0.0,0.0,1.453513749454387,11.863814927979051,13.71017023134003,2.841553906591009,0.13094718463553037,0.9040286074633952,0.022890289181728335,0.0,0.0,0.0,0.0,0.0,0.0,0.0,0.0,0.0,0.0,0.0,0.0,0.0,0.0,0.0,0.0,0.0,0.0,0.0,0.0,0.0,0.0,0.0,0.0,0.04166666666666667,1.4861111111111116,11.569444444444448,13.888888888888893,2.8888888888888897,0.12500000000000003,0.3818,0.02359,0.0,0.0,0.0,0.0,0.0,0.0,0.0,0.0,0.013094718463553036,0.5892623308598867,7.228284591881276,15.491051942383217,6.33784373635967,0.3273679615888259,0.013094718463553036,0.0,0.0,0.0,0.0,0.0,0.0,0.0,0.0,0.0,0.0,0.0,0.0,0.0,0.0,0.0,0.381,0.02448,0.0,0.0,0.0,0.0,0.0,0.0,0.0,0.0,0.013888888888888892,0.6805555555555557,7.541666666666669,15.208333333333309,6.069444444444446,0.4861111111111112,0.0,0.0,0.0,0.0,0.0,0.0,0.0,0.0,0.0,0.0,0.0,0.0,0.0,0.0,0.0,0.0
41800,4565,2382,0.5217962760131435,1140,922,0.451697699890471,1290,0.5651697699890471,0.38599999999999995,3.015574896930829,3.0358576587194697,6.430340557275541,2.0285750176631367,9331.950145556319,1415.8846078376196,7853.0,10757.441932439804,10687.344002713935,18.011622148830824,7853.0,0.0,28.675575027382255,21.061514902600294,33.49029754204398,19.291338142728286,0.13012048192771083,0.10076670317634173,0.0895947426067908,0.08127053669222344,0.08214676889375684,0.07776560788608981,0.06987951807228916,0.0628696604600219,0.06067907995618839,0.05235487404162103,0.05257393209200438,0.04271631982475356,0.031106243154435925,0.02628696604600219,0.019934282584884996,0.011610076670317633,0.00832420591456736,0.9040184031180458,0.022616315647481913,0.0,0.0,0.0,0.0,0.0,0.0,0.0,0.0,0.0,0.0,0.0,0.0,0.0,0.0,0.0,0.0,0.0,0.0,0.0,0.0,0.0,0.0,0.0,0.0,0.039430449069003295,1.4786418400876236,11.316538882803947,14.083242059145677,3.009857612267252,0.07228915662650603,4.271637816245007,2.891878955878701,nan,nan,nan,4.244340878828229,2.8734200078636674,4.300466355762825,2.9103286939730135,1.0132236025656098,0.381,0.02298,0.0,0.0,0.0,0.0,0.0,0.0,0.0,0.0,0.0,0.552026286966046,7.4917853231106255,15.857612267250799,5.8028477546549855,0.29572836801752467,0.0,0.0,0.0,0.0,0.0,0.0,0.0,0.0,0.0,0.0,0.0,0.0,0.0,0.0,0.0,0.0,nan,nan,4.271637816245007,2.891878955878701,nan,0.381,0.11035,0.0,0.0,0.0,0.0,0.0,0.0,0.0,0.0,0.0,0.0,0.0,0.0,0.0,0.0,0.0001095290251916758,0.0,0.003307776560788609,0.0024863088718510406,0.0020262869660460023,0.004370208105147864,0.013921139101861994,0.023778751369112814,0.022015334063526834,0.029386637458926616,0.026046002190580505,0.023603504928806134,0.02136911281489595,0.028718510405257393,0.032792990142387735,0.03223439211391019,0.012157721796276014,0.014644030668127054,0.029934282584884994,0.03396495071193866,0.019857612267250822,0.05995618838992333,0.053581599123767795,0.034950711938663746,0.0180065717415115,0.057677984665936474,0.0439539978094195,0.011018619934282586,0.019802847754654983,0.030142387732749177,0.046232201533406354,0.022497261774370208,0.023187294633077764,0.015870755750273823,0.011829134720700987,0.004589266155531215,0.019167579408543262,0.01303395399780942,0.008849945235487404,0.0038444687842278205,0.014359255202628696,0.006440306681270536,0.013702081051478642,0.012924424972617744,0.010558598028477547,0.012201533406352683,0.03248630887185104,0.0019496166484118292,0.00891566265060241,0.005596933187294633,0.0013143483023001095,0.003406352683461117,0.0,0.0012157721796276014,0.0,0.0,0.0,1.095290251916758e-05,0.0,0.0,0.0,0.0,0.0,0.0,0.0,0.0,0.0,0.0,0.0,0.0,0.0,0.0,0.0,0.0,0.0,0.0,0.0,0.0,0.0,0.0,0.0,0.0,0.0,0.0,0.0,0.0,0.0,nan,nan,4.271637816245007,2.891878955878701,nan,0.9044523693802575,0.022530734595983645,0.0,0.0,0.0,0.0,0.0,0.0,0.0,0.0,0.0,0.0,0.0,0.0,0.0,0.0,0.0,0.0,0.0,0.0,0.0,0.0,0.0,0.0,0.0,0.0,0.025188916876574312,1.4609571788413103,11.196473551637283,14.055415617128466,3.1989924433249377,0.06297229219143578,0.9035448769446202,0.022699866912706087,0.0,0.0,0.0,0.0,0.0,0.0,0.0,0.0,0.0,0.0,0.0,0.0,0.0,0.0,0.0,0.0,0.0,0.0,0.0,0.0,0.0,0.0,0.0,0.0,0.0549702244617499,1.497938616582685,11.447549244159417,14.113605130554287,2.8034814475492444,0.08245533669262484,0.3813,0.02333,0.0,0.0,0.0,0.0,0.0,0.0,0.0,0.0,0.0,0.5415617128463477,7.556675062972293,15.465994962216604,6.171284634760707,0.2644836272040303,0.0,0.0,0.0,0.0,0.0,0.0,0.0,0.0,0.0,0.0,0.0,0.0,0.0,0.0,0.0,0.0,0.3809,0.02258,0.0,0.0,0.0,0.0,0.0,0.0,0.0,0.0,0.0,0.5634448007329365,7.420980302336236,16.28492899679338,5.4008245533669275,0.32982134677049935,0.0,0.0,0.0,0.0,0.0,0.0,0.0,0.0,0.0,0.0,0.0,0.0,0.0,0.0,0.0,0.0
41900,4354,2290,0.5259531465319247,1096,868,0.45107946715663755,1183,0.5434083601286174,0.43,2.9074612403100777,3.1114103815554732,6.611806797853309,2.163596222458276,9343.850660660231,1415.4335198794693,7853.0,10749.219743132591,10687.569334722555,17.8816989477503,7853.0,0.0,27.58084519981626,20.611026982597664,32.31717941737,18.962035853170242,0.13642627468994029,0.10312356453835554,0.09898943500229673,0.0870463941203491,0.08061552595314653,0.06982085438677078,0.07648139641708773,0.06499770326136886,0.058566835094166284,0.05420303169499311,0.044097381717960495,0.039274230592558565,0.028249885163068443,0.022048690858980247,0.01584749655489205,0.012861736334405145,0.007349563619660083,0.9043852406107727,0.02269029511413025,0.0,0.0,0.0,0.0,0.0,0.0,0.0,0.0,0.0,0.0,0.0,0.0,0.0,0.0,0.0,0.0,0.0,0.0,0.0,0.0,0.0,0.0,0.0,0.0,0.006890215893431329,1.5709692237023432,11.113918236104732,14.435002296738634,2.769866789159394,0.10335323840146994,4.240588024381498,2.946369281908007,nan,nan,nan,4.197122302158274,2.9372316640591247,4.2837741243745535,2.9547869682276238,1.0206455318616094,0.3816,0.02327,0.0,0.0,0.0,0.0,0.0,0.0,0.0,0.0,0.0,0.6338998621956823,7.379421221864954,15.530546623794189,6.097841065686726,0.35829122645842915,0.0,0.0,0.0,0.0,0.0,0.0,0.0,0.0,0.0,0.0,0.0,0.0,0.0,0.0,0.0,0.0,nan,nan,4.240588024381498,2.946369281908007,nan,0.3816,0.1103,0.0,0.0,0.0,0.0,0.0,0.0,0.0,0.0,0.0,0.0,0.0,1.148369315571888e-05,0.0,0.0,2.296738631143776e-05,3.4451079467156636e-05,0.00276757005052825,0.002859439595774001,0.002055581074873679,0.003801102434542949,0.013160312356453836,0.025459347726228754,0.022324299494717502,0.02911116214974736,0.025459347726228754,0.02374827744602664,0.021175930179145614,0.028950390445567294,0.03324529168580616,0.0329696830500689,0.011116214974735875,0.014917317409278824,0.02951309141019752,0.030868167202572346,0.019407441433164904,0.061299954065227376,0.051883325677537895,0.032820395039044555,0.019717501148369315,0.05798116674322462,0.043603582912264585,0.011954524575103353,0.02050987597611392,0.03186724850711989,0.04499310978410657,0.02347266881028939,0.021899402847955902,0.018098300413412954,0.013711529627928341,0.0045016077170418,0.018201653651814424,0.012299035369774919,0.009359209921910886,0.0036747818098300414,0.014021589343132752,0.006074873679375287,0.013171796049609554,0.014090491502067065,0.011460725769407442,0.011070280202113,0.033624253559944875,0.0025149288011024344,0.007406982085438677,0.006465319246669729,0.0010105649977032614,0.0034680753330271017,0.0,0.0007923748277446027,0.0,0.0,0.0,0.0,0.0,0.0,0.0,0.0,0.0,0.0,0.0,0.0,0.0,0.0,0.0,0.0,0.0,0.0,0.0,0.0,0.0,0.0,0.0,0.0,0.0,0.0,0.0,0.0,0.0,0.0,0.0,0.0,0.0,nan,nan,4.240588024381498,2.946369281908007,nan,0.9044520265931125,0.022442257858949315,0.0,0.0,0.0,0.0,0.0,0.0,0.0,0.0,0.0,0.0,0.0,0.0,0.0,0.0,0.0,0.0,0.0,0.0,0.0,0.0,0.0,0.0,0.0,0.0,0.01310043668122271,1.5065502183406116,11.227074235807864,14.384279475982536,2.7903930131004375,0.07860262008733626,0.9043111418222272,0.022962128992509892,0.0,0.0,0.0,0.0,0.0,0.0,0.0,0.0,0.0,0.0,0.0,0.0,0.0,0.0,0.0,0.0,0.0,0.0,0.0,0.0,0.0,0.0,0.0,0.0,0.0,1.6424418604651168,10.988372093023258,14.491279069767446,2.7470930232558146,0.13081395348837213,0.3818,0.02312,0.0,0.0,0.0,0.0,0.0,0.0,0.0,0.0,0.0,0.5240174672489084,7.480349344978167,15.537117903930108,6.03930131004367,0.4192139737991267,0.0,0.0,0.0,0.0,0.0,0.0,0.0,0.0,0.0,0.0,0.0,0.0,0.0,0.0,0.0,0.0,0.3813,0.02345,0.0,0.0,0.0,0.0,0.0,0.0,0.0,0.0,0.0,0.7558139534883723,7.267441860465118,15.523255813953465,6.162790697674421,0.2906976744186047,0.0,0.0,0.0,0.0,0.0,0.0,0.0,0.0,0.0,0.0,0.0,0.0,0.0,0.0,0.0,0.0
42000,4551,2304,0.5062623599208965,1108,953,0.45286750164798945,1319,0.5796528235552626,0.422,2.9684023141967066,3.1134001667418043,6.7040650406504065,2.103863978028555,9288.050515403384,1417.2462674685437,7853.0,10742.170623898506,10687.598478993401,18.05080044917074,7853.0,0.0,27.40914084816524,20.540040160092875,32.36843487394958,18.78651965824719,0.14194682487365415,0.1039332014941771,0.09096901779828609,0.08767303889255108,0.08152054493517909,0.07734563832124808,0.06965502087453307,0.06284333113601406,0.05998681608437706,0.055592177543397056,0.04504504504504504,0.03449791254669304,0.03625576796308504,0.02131399692375302,0.014941771039332015,0.011426060206548011,0.005053834322127005,0.9040912950701621,0.02264575311424591,0.0,0.0,0.0,0.0,0.0,0.0,0.0,0.0,0.0,0.0,0.0,0.0,0.0,0.0,0.0,0.0,0.0,0.0,0.0,0.0,0.0,0.0,0.0,0.0,0.006591957811470008,1.582069874752802,11.173368490441664,14.337508239947267,2.8279499011206335,0.07251153592617009,4.360381861575179,2.9018538328700023,nan,nan,nan,4.378860672614962,2.893780625168438,4.341016949152542,2.9103518890946494,0.9913576324318579,0.3813,0.02261,0.0,0.0,0.0,0.0,0.0,0.0,0.0,0.0,0.0,0.4878048780487806,7.290705339485829,15.886618325642694,6.156888595912988,0.17139090309822022,0.006591957811470008,0.0,0.0,0.0,0.0,0.0,0.0,0.0,0.0,0.0,0.0,0.0,0.0,0.0,0.0,0.0,nan,nan,4.360381861575179,2.9018538328700023,nan,0.3813,0.10956,0.0,0.0,0.0,0.0,0.0,0.0,0.0,0.0,0.0,0.0,0.0,0.0,0.0,0.0,2.1973192704900022e-05,0.0,0.0033069655020874535,0.0023621182157767522,0.002175346077785102,0.0032959789057350032,0.013085036255767964,0.024785761371127226,0.022006152493957373,0.027818061964403427,0.026367831245880026,0.023895847066578775,0.021720500988793672,0.02869698967259943,0.034267194023291585,0.031872116018457484,0.01023950780048341,0.014787958690397715,0.029345198857393978,0.03042188529993408,0.02086354647330257,0.05977807075368051,0.0520874533069655,0.033509118874972536,0.02010547132498352,0.06058009228740936,0.04560536145901999,0.011579872555482311,0.01952318171830367,0.033366293122390686,0.0436058009228741,0.025071412876290926,0.02255548231157987,0.017578554163920016,0.014183695891012964,0.004262799384750604,0.01828169633047682,0.011360140628433312,0.008877169852779608,0.0036695231817183037,0.014809931883102615,0.0061524939573720065,0.011876510656998462,0.014590199956053615,0.01056910569105691,0.00977807075368051,0.033410239507800484,0.0021643594814326522,0.0074379257306086575,0.007064381454625357,0.0011865524060646012,0.003131179960448253,0.0,0.0009009009009009009,0.0,1.0986596352450011e-05,0.0,0.0,0.0,0.0,0.0,0.0,0.0,0.0,0.0,0.0,0.0,0.0,0.0,0.0,0.0,0.0,0.0,0.0,0.0,0.0,0.0,0.0,0.0,0.0,0.0,0.0,0.0,0.0,0.0,0.0,0.0,nan,nan,4.360381861575179,2.9018538328700023,nan,0.9046526078341736,0.02271986119617842,0.0,0.0,0.0,0.0,0.0,0.0,0.0,0.0,0.0,0.0,0.0,0.0,0.0,0.0,0.0,0.0,0.0,0.0,0.0,0.0,0.0,0.0,0.0,0.0,0.0,1.5234375000000004,10.898437500000004,14.51822916666667,3.0338541666666674,0.02604166666666667,0.9035157433975841,0.02255501203481431,0.0,0.0,0.0,0.0,0.0,0.0,0.0,0.0,0.0,0.0,0.0,0.0,0.0,0.0,0.0,0.0,0.0,0.0,0.0,0.0,0.0,0.0,0.0,0.0,0.013351134846461953,1.6421895861148201,11.455273698264355,14.152202937249669,2.6168224299065423,0.12016021361815757,0.3816,0.02283,0.0,0.0,0.0,0.0,0.0,0.0,0.0,0.0,0.0,0.5598958333333335,7.135416666666668,15.75520833333331,6.380208333333335,0.15625000000000003,0.013020833333333336,0.0,0.0,0.0,0.0,0.0,0.0,0.0,0.0,0.0,0.0,0.0,0.0,0.0,0.0,0.0,0.381,0.0224,0.0,0.0,0.0,0.0,0.0,0.0,0.0,0.0,0.0,0.4138851802403205,7.449933244325769,16.021361815754318,5.927903871829107,0.18691588785046734,0.0,0.0,0.0,0.0,0.0,0.0,0.0,0.0,0.0,0.0,0.0,0.0,0.0,0.0,0.0,0.0
42100,4712,2445,0.5188879456706282,1114,958,0.4397283531409168,1313,0.5573005093378608,0.422,2.977062196735774,3.1162456369762714,6.5824,2.2754362746515224,9323.753504886135,1416.2650824093985,7853.0,10742.945659160614,10687.433748475856,18.062320181909474,7853.0,0.0,28.226655348047537,21.221505074048597,33.40218495934959,19.387524415188494,0.14388794567062818,0.09804753820033955,0.09061969439728353,0.0851018675721562,0.07915959252971137,0.07321731748726655,0.06706281833616298,0.06430390492359932,0.05984719864176571,0.05178268251273345,0.045415959252971136,0.040534804753820035,0.03247028862478778,0.027801358234295415,0.01931239388794567,0.01230899830220713,0.009125636672325976,0.9046231179746383,0.0226233971771749,0.0,0.0,0.0,0.0,0.0,0.0,0.0,0.0,0.0,0.0,0.0,0.0,0.0,0.0,0.0,0.0,0.0,0.0,0.0,0.0,0.0,0.0,0.0,0.0,0.01910016977928693,1.368845500848897,11.058998302207133,14.592529711375215,2.845925297113753,0.11460101867572159,4.353525322740814,2.8886676592938114,nan,nan,nan,4.271994627266622,2.9085966207412444,4.4327676240208875,2.8669443920393345,1.0376341757847982,0.3818,0.02345,0.0,0.0,0.0,0.0,0.0,0.0,0.0,0.0,0.01910016977928693,0.5157045840407471,7.38539898132428,15.305602716468568,6.3985568760611224,0.3756366723259763,0.0,0.0,0.0,0.0,0.0,0.0,0.0,0.0,0.0,0.0,0.0,0.0,0.0,0.0,0.0,0.0,nan,nan,4.353525322740814,2.8886676592938114,nan,0.3818,0.1102,0.0,0.0,0.0,0.0,0.0,0.0,0.0,0.0,0.0,0.0,0.0,0.0,0.0,0.0,0.0,2.1222410865874364e-05,0.0031939728353140916,0.002270797962648557,0.002440577249575552,0.002918081494057725,0.012882003395585739,0.025668505942275044,0.02293081494057725,0.027472410865874364,0.023726655348047538,0.02458616298811545,0.02225169779286927,0.030581494057724957,0.03382852292020373,0.03277801358234295,0.010494482173174873,0.013561120543293718,0.02851230899830221,0.028374363327674023,0.01975806451612903,0.059550084889643466,0.05153862478777589,0.03588709677419355,0.019588285229202036,0.06383701188455009,0.045660016977928694,0.01125848896434635,0.01904711375212224,0.03523981324278438,0.04434422750424448,0.022389643463497453,0.02225169779286927,0.01596986417657046,0.013837011884550086,0.00508276740237691,0.017603989813242786,0.010207979626485569,0.008552631578947369,0.003968590831918506,0.013720288624787776,0.006738115449915111,0.011863327674023769,0.014855687606112054,0.011226655348047539,0.007555178268251274,0.03556876061120543,0.0021859083191850593,0.008244906621392191,0.008075127334465195,0.0013370118845500848,0.004011035653650255,0.0,0.0005517826825127334,0.0,0.0,0.0,0.0,0.0,0.0,0.0,0.0,0.0,0.0,0.0,0.0,0.0,0.0,0.0,0.0,0.0,0.0,0.0,0.0,0.0,0.0,0.0,0.0,0.0,0.0,0.0,0.0,0.0,0.0,0.0,0.0,0.0,nan,nan,4.353525322740814,2.8886676592938114,nan,0.9043292874938871,0.022357998871761972,0.0,0.0,0.0,0.0,0.0,0.0,0.0,0.0,0.0,0.0,0.0,0.0,0.0,0.0,0.0,0.0,0.0,0.0,0.0,0.0,0.0,0.0,0.0,0.0,0.0,1.4110429447852764,11.251533742331292,14.57668711656442,2.6748466257668717,0.08588957055214726,0.9049400193974159,0.022901962568945673,0.0,0.0,0.0,0.0,0.0,0.0,0.0,0.0,0.0,0.0,0.0,0.0,0.0,0.0,0.0,0.0,0.0,0.0,0.0,0.0,0.0,0.0,0.0,0.0,0.03970004411116013,1.3233348037053376,10.85134539038377,14.609616232906928,3.0304367004852235,0.14556682840758714,0.3816,0.02356,0.0,0.0,0.0,0.0,0.0,0.0,0.0,0.0,0.03680981595092025,0.5766871165644173,7.300613496932517,15.398773006134949,6.417177914110431,0.2699386503067485,0.0,0.0,0.0,0.0,0.0,0.0,0.0,0.0,0.0,0.0,0.0,0.0,0.0,0.0,0.0,0.0,0.382,0.02333,0.0,0.0,0.0,0.0,0.0,0.0,0.0,0.0,0.0,0.44993383325981484,7.476841640935159,15.205116894574305,6.378473753859728,0.48963387737097497,0.0,0.0,0.0,0.0,0.0,0.0,0.0,0.0,0.0,0.0,0.0,0.0,0.0,0.0,0.0,0.0
42200,4946,2612,0.5281035179943389,1255,983,0.45248685806712496,1388,0.5612616255560049,0.39399999999999996,3.0214224507283634,3.0942720720961274,6.4977908689248896,2.1755593414485492,9349.937994313852,1415.1008168389005,7853.0,10751.711538791656,10687.554104087409,18.561406440420694,7853.0,0.0,28.325919935301254,20.792218253077323,32.99880895664602,19.08848901994348,0.1293974929235746,0.1061463809138698,0.08997169429842297,0.08511928831378893,0.07804286291953093,0.07460574201374848,0.06995551961180752,0.06732713303679741,0.05964415689446017,0.0606550748079256,0.042660735948241005,0.03962798220784472,0.03315810756166599,0.027901334411645773,0.01940962393853619,0.010109179134654266,0.006267691063485645,0.9055395417978924,0.023045736186100358,0.0,0.0,0.0,0.0,0.0,0.0,0.0,0.0,0.0,0.0,0.0,0.0,0.0,0.0,0.0,0.0,0.0,0.0,0.0,0.0,0.0,0.0,0.0,0.0,0.036393044884755366,1.3526081682167412,10.808734330772344,14.460169834209465,3.232915487262435,0.1091791346542661,4.206182380216383,2.884027127766421,nan,nan,nan,4.14713216957606,2.853365341235,4.264255058246475,2.912699320709345,1.028241899192325,0.3816,0.02373,0.0,0.0,0.0,0.0,0.0,0.0,0.0,0.0,0.0,0.6732713303679743,7.290739991912658,15.36393044884753,6.308127780024264,0.3578649413667611,0.0060655074807925615,0.0,0.0,0.0,0.0,0.0,0.0,0.0,0.0,0.0,0.0,0.0,0.0,0.0,0.0,0.0,nan,nan,4.206182380216383,2.884027127766421,nan,0.3816,0.1098,0.0,0.0,0.0,0.0,0.0,0.0,0.0,0.0,0.0,0.0,0.0,0.0,0.0,0.0,0.0,0.0,0.0033663566518398707,0.0021128184391427415,0.003123736352608168,0.0022240194096239383,0.013040841083704003,0.02412050141528508,0.021300040436716537,0.028639304488475535,0.022856854023453294,0.027507076425394256,0.0220380105135463,0.03142943792964011,0.03514961585119288,0.032025879498584715,0.009138697937727456,0.01329357056207036,0.02898301657905378,0.027405984634047715,0.02054185200161747,0.05757177517185604,0.05602507076425394,0.03441164577436312,0.019753336029114436,0.061837848766680144,0.04672462596037202,0.011716538617064294,0.01819652244237768,0.03798018600889608,0.0425293166194905,0.02284674484431864,0.022705216336433482,0.015588354225636878,0.01452689041649818,0.005762232106752932,0.016973311767084512,0.009482410028305702,0.007703194500606551,0.0038111605337646584,0.014082086534573393,0.007399919126566922,0.01130206227254347,0.014921148402749697,0.012545491306105945,0.006985442782046098,0.03504852405984634,0.0019510715729882733,0.007905378083299636,0.007420137484836231,0.00151637687019814,0.003912252325111201,1.0109179134654266e-05,0.0005560048524059846,0.0,0.0,0.0,0.0,0.0,0.0,0.0,0.0,0.0,0.0,0.0,0.0,0.0,0.0,0.0,0.0,0.0,0.0,0.0,0.0,0.0,0.0,0.0,0.0,0.0,0.0,0.0,0.0,0.0,0.0,0.0,0.0,0.0,nan,nan,4.206182380216383,2.884027127766421,nan,0.9050840119536037,0.02341682438137537,0.0,0.0,0.0,0.0,0.0,0.0,0.0,0.0,0.0,0.0,0.0,0.0,0.0,0.0,0.0,0.0,0.0,0.0,0.0,0.0,0.0,0.0,0.0,0.0,0.02297090352220521,1.5045941807044414,10.945635528330785,14.127105666156204,3.2848392036753453,0.11485451761102605,0.9060493292671652,0.02261235287118775,0.0,0.0,0.0,0.0,0.0,0.0,0.0,0.0,0.0,0.0,0.0,0.0,0.0,0.0,0.0,0.0,0.0,0.0,0.0,0.0,0.0,0.0,0.0,0.0,0.051413881748071995,1.1825192802056557,10.655526992287921,14.832904884318769,3.1748071979434456,0.10282776349614399,0.381,0.02385,0.0,0.0,0.0,0.0,0.0,0.0,0.0,0.0,0.0,0.6661562021439512,7.58039816232772,15.172281776416517,6.202143950995407,0.36753445635528337,0.011485451761102605,0.0,0.0,0.0,0.0,0.0,0.0,0.0,0.0,0.0,0.0,0.0,0.0,0.0,0.0,0.0,0.382,0.02359,0.0,0.0,0.0,0.0,0.0,0.0,0.0,0.0,0.0,0.6812339331619539,6.966580976863755,15.578406169665788,6.426735218508999,0.34704370179948596,0.0,0.0,0.0,0.0,0.0,0.0,0.0,0.0,0.0,0.0,0.0,0.0,0.0,0.0,0.0,0.0
42300,4825,2466,0.5110880829015544,1125,1007,0.4418652849740933,1372,0.5687046632124352,0.40199999999999997,2.907164052564646,3.1015502234667403,6.686614173228347,2.1468292754087073,9301.43380097488,1416.7218211090963,7853.0,10754.504683852196,10687.019906611435,18.28986951878418,7853.0,0.0,27.45036269430052,20.922221431037993,32.56573705179283,19.21523510949914,0.14466321243523317,0.10259067357512953,0.09948186528497409,0.08621761658031088,0.08186528497409326,0.0694300518134715,0.07046632124352331,0.06031088082901554,0.05740932642487047,0.04911917098445596,0.04911917098445596,0.03751295336787565,0.03005181347150259,0.026528497409326425,0.01595854922279793,0.011606217616580311,0.00766839378238342,0.9046402520219279,0.02304064601400464,0.0,0.0,0.0,0.0,0.0,0.0,0.0,0.0,0.0,0.0,0.0,0.0,0.0,0.0,0.0,0.0,0.0,0.0,0.0,0.0,0.0,0.0,0.0,0.0,0.006217616580310882,1.529533678756477,11.011398963730572,14.194818652849744,3.152331606217617,0.105699481865285,4.271419228253761,2.887962547956727,nan,nan,nan,4.241424802110818,2.856464977063364,4.301752109020117,2.9190556629172684,1.0142233588296263,0.3806,0.02374,0.0,0.0,0.0,0.0,0.0,0.0,0.0,0.0,0.0,0.6715025906735753,7.678756476683939,15.525388601036248,5.70777202072539,0.4165803108808291,0.0,0.0,0.0,0.0,0.0,0.0,0.0,0.0,0.0,0.0,0.0,0.0,0.0,0.0,0.0,0.0,nan,nan,4.271419228253761,2.887962547956727,nan,0.3806,0.10986,0.0,0.0,0.0,0.0,0.0,0.0,0.0,0.0,0.0,0.0,0.0,0.0,0.0,0.0,0.0,7.253886010362694e-05,0.0038860103626943004,0.0024352331606217617,0.0029740932642487047,0.0019067357512953368,0.012559585492227979,0.02334715025906736,0.021616580310880828,0.03066321243523316,0.024124352331606216,0.02899481865284974,0.021077720207253885,0.03076683937823834,0.03494300518134715,0.03189637305699482,0.010207253886010364,0.014466321243523317,0.029015544041450778,0.026217616580310882,0.019398963730569947,0.05675647668393782,0.05620725388601036,0.03454922279792746,0.02127461139896373,0.0610259067357513,0.04500518134715026,0.012797927461139896,0.01893264248704663,0.036953367875647666,0.04344041450777202,0.024424870466321243,0.022217616580310882,0.015191709844559585,0.014072538860103626,0.005823834196891192,0.01532642487046632,0.009761658031088083,0.007492227979274612,0.0032746113989637307,0.01405181347150259,0.007626943005181347,0.010766839378238342,0.014860103626943006,0.012932642487046632,0.008404145077720207,0.033077720207253886,0.0020310880829015544,0.006269430051813471,0.008963730569948187,0.0011917098445595855,0.004238341968911917,0.0,0.0004870466321243523,0.0,0.0,0.0,0.0,0.0,0.0,0.0,0.0,0.0,0.0,0.0,0.0,0.0,0.0,0.0,0.0,0.0,0.0,0.0,0.0,0.0,0.0,0.0,0.0,0.0,0.0,0.0,0.0,0.0,0.0,0.0,0.0,0.0,nan,nan,4.271419228253761,2.887962547956727,nan,0.9046063837440441,0.02300401819214798,0.0,0.0,0.0,0.0,0.0,0.0,0.0,0.0,0.0,0.0,0.0,0.0,0.0,0.0,0.0,0.0,0.0,0.0,0.0,0.0,0.0,0.0,0.0,0.0,0.0,1.472019464720195,11.253041362530416,14.038929440389298,3.138686131386862,0.09732360097323603,0.9046756565040226,0.023078819927759675,0.0,0.0,0.0,0.0,0.0,0.0,0.0,0.0,0.0,0.0,0.0,0.0,0.0,0.0,0.0,0.0,0.0,0.0,0.0,0.0,0.0,0.0,0.0,0.0,0.012717253073336163,1.5896566341670204,10.758796100042394,14.357778719796528,3.1665960152607044,0.11445527766002546,0.3806,0.02347,0.0,0.0,0.0,0.0,0.0,0.0,0.0,0.0,0.0,0.5474452554744527,7.8588807785888095,15.474452554744502,5.729927007299271,0.3892944038929441,0.0,0.0,0.0,0.0,0.0,0.0,0.0,0.0,0.0,0.0,0.0,0.0,0.0,0.0,0.0,0.0,0.3809,0.024,0.0,0.0,0.0,0.0,0.0,0.0,0.0,0.0,0.0,0.8011869436201783,7.490462060194999,15.578635014836774,5.684612123781265,0.4451038575667657,0.0,0.0,0.0,0.0,0.0,0.0,0.0,0.0,0.0,0.0,0.0,0.0,0.0,0.0,0.0,0.0
42400,4840,2550,0.5268595041322314,1224,984,0.456198347107438,1364,0.5636363636363636,0.414,2.9192139737991267,3.0386200172507665,6.307228915662651,2.1604764720199654,9345.539621926733,1414.4647968977852,7853.0,10741.128448963165,10685.898733382506,18.04621726084686,7853.0,0.0,28.634297520661157,20.868046209592702,33.40073081607795,19.05986336967126,0.1328512396694215,0.0962809917355372,0.08801652892561984,0.08471074380165289,0.08285123966942148,0.075,0.07210743801652893,0.06446280991735537,0.05867768595041322,0.05165289256198347,0.05103305785123967,0.04462809917355372,0.0371900826446281,0.026446280991735537,0.016115702479338842,0.0128099173553719,0.005165289256198347,0.9036461032372861,0.022921204593111585,0.0,0.0,0.0,0.0,0.0,0.0,0.0,0.0,0.0,0.0,0.0,0.0,0.0,0.0,0.0,0.0,0.0,0.0,0.0,0.0,0.0,0.0,0.0,0.0,0.012396694214876035,1.6301652892561986,11.621900826446284,13.69834710743802,2.969008264462811,0.06818181818181819,4.114365846057962,2.8744925296026196,nan,nan,nan,4.123192960402263,2.8439239298049768,4.1056860321384425,2.904211137144248,0.9957540361482106,0.38,0.02306,0.0,0.0,0.0,0.0,0.0,0.0,0.0,0.0,0.0,0.6012396694214877,7.9586776859504145,15.725206611570224,5.336776859504134,0.3780991735537191,0.0,0.0,0.0,0.0,0.0,0.0,0.0,0.0,0.0,0.0,0.0,0.0,0.0,0.0,0.0,0.0,nan,nan,4.114365846057962,2.8744925296026196,nan,0.38,0.1095,0.0,0.0,0.0,0.0,0.0,0.0,0.0,0.0,0.0,0.0,0.0,0.0,0.0,0.0,0.0,0.00020661157024793388,0.0033264462809917354,0.0022727272727272726,0.0028512396694214876,0.0018698347107438016,0.011911157024793388,0.023584710743801654,0.022448347107438017,0.03170454545454546,0.024142561983471075,0.02763429752066116,0.020402892561983473,0.031962809917355374,0.033708677685950414,0.035041322314049585,0.009741735537190082,0.014276859504132232,0.031776859504132234,0.026115702479338844,0.019101239669421486,0.058006198347107435,0.05777892561983471,0.03273760330578512,0.020289256198347108,0.06116735537190083,0.043698347107438015,0.012572314049586777,0.01965909090909091,0.034865702479338845,0.04442148760330578,0.02575413223140496,0.02315082644628099,0.015640495867768594,0.013150826446280992,0.004576446280991736,0.015392561983471074,0.009762396694214876,0.007004132231404958,0.00371900826446281,0.013419421487603306,0.006849173553719008,0.01100206611570248,0.014225206611570248,0.013233471074380165,0.008584710743801653,0.03166322314049587,0.0020557851239669423,0.006900826446280992,0.008791322314049587,0.0012190082644628099,0.003987603305785124,5.165289256198347e-05,0.0005578512396694215,2.066115702479339e-05,0.0,0.0,1.0330578512396695e-05,0.0,0.0,0.0,0.0,0.0,0.0,0.0,0.0,0.0,0.0,0.0,0.0,0.0,0.0,0.0,0.0,0.0,0.0,0.0,0.0,0.0,0.0,0.0,0.0,0.0,0.0,0.0,0.0,0.0,nan,nan,4.114365846057962,2.8744925296026196,nan,0.9031843811857934,0.022762061375334017,0.0,0.0,0.0,0.0,0.0,0.0,0.0,0.0,0.0,0.0,0.0,0.0,0.0,0.0,0.0,0.0,0.0,0.0,0.0,0.0,0.0,0.0,0.0,0.0,0.0,1.682352941176471,11.764705882352944,13.576470588235297,2.929411764705883,0.04705882352941178,0.9041602478797779,0.023086262166410545,0.0,0.0,0.0,0.0,0.0,0.0,0.0,0.0,0.0,0.0,0.0,0.0,0.0,0.0,0.0,0.0,0.0,0.0,0.0,0.0,0.0,0.0,0.0,0.0,0.02620087336244542,1.5720524017467252,11.462882096069873,13.834061135371183,3.0131004366812233,0.09170305676855897,0.3801,0.02321,0.0,0.0,0.0,0.0,0.0,0.0,0.0,0.0,0.0,0.7058823529411766,7.788235294117649,15.799999999999978,5.294117647058825,0.41176470588235303,0.0,0.0,0.0,0.0,0.0,0.0,0.0,0.0,0.0,0.0,0.0,0.0,0.0,0.0,0.0,0.0,0.38,0.02289,0.0,0.0,0.0,0.0,0.0,0.0,0.0,0.0,0.0,0.48471615720524025,8.148471615720526,15.64192139737989,5.3842794759825345,0.34061135371179047,0.0,0.0,0.0,0.0,0.0,0.0,0.0,0.0,0.0,0.0,0.0,0.0,0.0,0.0,0.0,0.0
42500,4995,2592,0.518918918918919,1247,1036,0.45705705705705707,1442,0.5773773773773774,0.40599999999999997,3.0024968789013733,3.1293374405426095,6.670164917541229,2.205158284853488,9322.815665407868,1415.2727989150155,7853.0,10741.896582841873,10685.457271879746,17.837935543913495,7853.0,0.0,27.88708708708709,20.584960627299022,32.45182567726737,18.954221699242325,0.13113113113113112,0.1059059059059059,0.08868868868868869,0.08608608608608609,0.08868868868868869,0.07567567567567568,0.07647647647647647,0.062062062062062065,0.05545545545545546,0.05345345345345345,0.046646646646646646,0.03903903903903904,0.033433433433433433,0.023223223223223222,0.016016016016016016,0.010810810810810811,0.007207207207207207,0.9032191729402399,0.022588742463657243,0.0,0.0,0.0,0.0,0.0,0.0,0.0,0.0,0.0,0.0,0.0,0.0,0.0,0.0,0.0,0.0,0.0,0.0,0.0,0.0,0.0,0.0,0.0,0.0,0.02402402402402403,1.633633633633634,11.513513513513516,14.0960960960961,2.6486486486486496,0.0840840840840841,4.305402087170043,2.9513720484661192,nan,nan,nan,4.234107579462103,2.937962552362914,4.378778531770512,2.9634239560310713,1.0341679916235826,0.38,0.02325,0.0,0.0,0.0,0.0,0.0,0.0,0.0,0.0,0.0,0.5885885885885886,7.9279279279279296,15.681681681681658,5.477477477477479,0.3243243243243244,0.0,0.0,0.0,0.0,0.0,0.0,0.0,0.0,0.0,0.0,0.0,0.0,0.0,0.0,0.0,0.0,nan,nan,4.305402087170043,2.9513720484661192,nan,0.38,0.10895,0.0,0.0,0.0,0.0,0.0,0.0,0.0,0.0,0.0,0.0,0.0,0.0,0.0,0.0,0.0,0.00026026026026026023,0.003193193193193193,0.0021121121121121123,0.0034034034034034033,0.0024024024024024023,0.011511511511511512,0.023593593593593594,0.022192192192192192,0.0293993993993994,0.0224024024024024,0.027857857857857857,0.021671671671671673,0.03303303303303303,0.0336036036036036,0.03462462462462462,0.01023023023023023,0.014324324324324324,0.03278278278278278,0.026176176176176177,0.016736736736736736,0.05675675675675676,0.05858858858858859,0.03304304304304304,0.023023023023023025,0.06319319319319319,0.045915915915915914,0.013283283283283284,0.01993993993993994,0.034584584584584584,0.04272272272272272,0.024864864864864864,0.022722722722722723,0.016246246246246245,0.012232232232232233,0.004964964964964965,0.016036036036036035,0.008828828828828829,0.007317317317317318,0.0038438438438438438,0.012622622622622622,0.006146146146146146,0.011281281281281282,0.013303303303303303,0.013953953953953954,0.00958958958958959,0.02945945945945946,0.002892892892892893,0.006676676676676677,0.007897897897897898,0.0013913913913913914,0.004484484484484484,0.0,0.0006306306306306306,3.003003003003003e-05,0.0,0.0,2.002002002002002e-05,0.0,0.0,0.0,0.0,0.0,0.0,0.0,0.0,0.0,0.0,0.0,0.0,0.0,0.0,0.0,0.0,0.0,0.0,0.0,0.0,0.0,0.0,0.0,0.0,0.0,0.0,0.0,0.0,0.0,nan,nan,4.305402087170043,2.9513720484661192,nan,0.9031091742217541,0.02267524443833954,0.0,0.0,0.0,0.0,0.0,0.0,0.0,0.0,0.0,0.0,0.0,0.0,0.0,0.0,0.0,0.0,0.0,0.0,0.0,0.0,0.0,0.0,0.0,0.0,0.03472222222222223,1.6319444444444449,11.52777777777778,14.259259259259261,2.4537037037037046,0.09259259259259262,0.9033378232433257,0.022494461048188977,0.0,0.0,0.0,0.0,0.0,0.0,0.0,0.0,0.0,0.0,0.0,0.0,0.0,0.0,0.0,0.0,0.0,0.0,0.0,0.0,0.0,0.0,0.0,0.0,0.01248439450686642,1.635455680399501,11.498127340823974,13.920099875156058,2.8589263420724103,0.07490636704119852,0.3794,0.02333,0.0,0.0,0.0,0.0,0.0,0.0,0.0,0.0,0.0,0.6018518518518521,8.217592592592593,15.40509259259257,5.439814814814817,0.33564814814814825,0.0,0.0,0.0,0.0,0.0,0.0,0.0,0.0,0.0,0.0,0.0,0.0,0.0,0.0,0.0,0.0,0.3804,0.02315,0.0,0.0,0.0,0.0,0.0,0.0,0.0,0.0,0.0,0.5742821473158553,7.615480649188516,15.980024968788989,5.518102372034958,0.31210986267166047,0.0,0.0,0.0,0.0,0.0,0.0,0.0,0.0,0.0,0.0,0.0,0.0,0.0,0.0,0.0,0.0
42600,5095,2619,0.5140333660451423,1248,1088,0.4584887144259078,1491,0.5852796859666339,0.3539999999999999,2.9907108239095317,3.1099134280990146,6.568627450980392,2.2226039107588185,9308.86587694578,1415.620067714313,7853.0,10744.215975999832,10685.24003170628,17.86240338013615,7853.0,0.0,28.322276741903828,20.796064876447087,33.07834955957348,19.04273503198996,0.1340529931305201,0.09362119725220805,0.09479882237487733,0.08812561334641805,0.08420019627085377,0.07262021589793916,0.06987242394504416,0.06692836113837095,0.0563297350343474,0.05436702649656526,0.048478900883218844,0.040235525024533855,0.03689892051030422,0.024730127576054955,0.01648675171736997,0.011383709519136408,0.0068694798822374874,0.903423152271735,0.02266022038112805,0.0,0.0,0.0,0.0,0.0,0.0,0.0,0.0,0.0,0.0,0.0,0.0,0.0,0.0,0.0,0.0,0.0,0.0,0.0,0.0,0.0,0.0,0.0,0.0,0.017664376840039256,1.672227674190383,11.275760549558393,14.278704612365066,2.649656526005889,0.10598626104023555,4.227654469106179,2.8988243204610282,nan,nan,nan,4.191846522781774,2.8843214140608895,4.263505402160864,2.9128313565456376,1.0170948241997029,0.379,0.02304,0.0,0.0,0.0,0.0,0.0,0.0,0.0,0.0,0.0,0.7065750736015703,8.143277723258098,15.80961727183511,5.040235525024535,0.3002944062806674,0.0,0.0,0.0,0.0,0.0,0.0,0.0,0.0,0.0,0.0,0.0,0.0,0.0,0.0,0.0,0.0,nan,nan,4.227654469106179,2.8988243204610282,nan,0.379,0.1086,0.0,0.0,0.0,0.0,0.0,0.0,0.0,0.0,0.0,0.0,0.0,9.813542688910697e-06,0.0,0.0,0.0,0.00016683022571148184,0.003169774288518155,0.0022473012757605495,0.00352306182531894,0.002070657507360157,0.010922473012757606,0.0249558390578999,0.020922473012757604,0.030107948969578018,0.023307163886162906,0.027428851815505396,0.02041216879293425,0.03601570166830226,0.034416094210009816,0.03533856722276742,0.011491658488714427,0.013179587831207066,0.031913640824337584,0.02747791952894995,0.016290480863591757,0.0555937193326791,0.05833169774288518,0.03419038272816487,0.023071638861629048,0.06057899901864573,0.047399411187438664,0.01311089303238469,0.01842001962708538,0.03522080471050049,0.04230618253189401,0.024631992149165848,0.024730127576054955,0.015574092247301276,0.013611383709519136,0.004671246319921492,0.013827281648675171,0.009362119725220804,0.007242394504416094,0.00436702649656526,0.012129538763493621,0.006496565260058881,0.011099116781157999,0.01241413150147203,0.015613346418056919,0.009106967615309127,0.029735034347399412,0.002384690873405299,0.006467124631992149,0.007193326790971541,0.0015407262021589793,0.0034739941118743867,0.0,0.0007360157016683023,0.0,0.0,0.0,0.0,0.0,0.0,0.0,0.0,0.0,0.0,0.0,0.0,0.0,0.0,0.0,0.0,0.0,0.0,0.0,0.0,0.0,0.0,0.0,0.0,0.0,0.0,0.0,0.0,0.0,0.0,0.0,0.0,0.0,nan,nan,4.227654469106179,2.8988243204610282,nan,0.9028378616266006,0.02312405874223065,0.0,0.0,0.0,0.0,0.0,0.0,0.0,0.0,0.0,0.0,0.0,0.0,0.0,0.0,0.0,0.0,0.0,0.0,0.0,0.0,0.0,0.0,0.0,0.0,0.022909507445589925,1.821305841924399,11.443298969072167,13.791523482245134,2.8636884306987405,0.05727376861397481,0.9040422460518669,0.022142198475133292,0.0,0.0,0.0,0.0,0.0,0.0,0.0,0.0,0.0,0.0,0.0,0.0,0.0,0.0,0.0,0.0,0.0,0.0,0.0,0.0,0.0,0.0,0.0,0.0,0.012116316639741522,1.5145395799676902,11.098546042003234,14.794022617124398,2.423263327948304,0.15751211631663978,0.3792,0.02289,0.0,0.0,0.0,0.0,0.0,0.0,0.0,0.0,0.0,0.6758304696449028,7.835051546391754,16.036655211912922,5.177548682703323,0.27491408934707906,0.0,0.0,0.0,0.0,0.0,0.0,0.0,0.0,0.0,0.0,0.0,0.0,0.0,0.0,0.0,0.0,0.3787,0.02321,0.0,0.0,0.0,0.0,0.0,0.0,0.0,0.0,0.0,0.7390953150242329,8.469305331179322,15.569466882067827,4.894991922455574,0.3271405492730211,0.0,0.0,0.0,0.0,0.0,0.0,0.0,0.0,0.0,0.0,0.0,0.0,0.0,0.0,0.0,0.0
42700,4090,2128,0.5202933985330074,979,829,0.44205378973105136,1138,0.556479217603912,0.426,2.9485219164118246,3.0052452203833377,6.370567375886525,2.1127573570374354,9326.616523879024,1415.0323041636075,7853.0,10740.150730967522,10685.279879071995,17.950609863533504,7853.0,0.0,28.350855745721272,21.12470553319682,33.26051639106469,19.38016937434967,0.13765281173594132,0.0960880195599022,0.09168704156479218,0.08948655256723716,0.08068459657701711,0.07408312958435208,0.06772616136919316,0.0647921760391198,0.05745721271393643,0.04841075794621027,0.04914425427872861,0.04449877750611247,0.03398533007334963,0.02469437652811736,0.018337408312958436,0.01295843520782396,0.008312958435207823,0.9032614226591907,0.02341119876480796,0.0,0.0,0.0,0.0,0.0,0.0,0.0,0.0,0.0,0.0,0.0,0.0,0.0,0.0,0.0,0.0,0.0,0.0,0.0,0.0,0.0,0.0,0.0,0.0,0.04400977995110025,1.8190709046454772,11.574572127139366,13.584352078239613,2.8899755501222497,0.0880195599022005,4.122541603630863,2.755155840722174,nan,nan,nan,4.116104868913857,2.7812916657241256,4.129106187929717,2.7282273806203543,1.0031586462031252,0.3787,0.02324,0.0,0.0,0.0,0.0,0.0,0.0,0.0,0.0,0.0,0.7848410757946213,7.9877750611246965,15.872860635696798,5.075794621026896,0.27139364303178487,0.007334963325183376,0.0,0.0,0.0,0.0,0.0,0.0,0.0,0.0,0.0,0.0,0.0,0.0,0.0,0.0,0.0,nan,nan,4.122541603630863,2.755155840722174,nan,0.3787,0.1086,0.0,0.0,0.0,0.0,0.0,0.0,0.0,0.0,0.0,0.0,0.0,0.0,0.0,0.0,0.0,0.00015892420537897312,0.003386308068459658,0.002114914425427873,0.003300733496332518,0.0027017114914425428,0.009339853300733496,0.025048899755501224,0.02178484107579462,0.03272616136919315,0.02430317848410758,0.026943765281173593,0.019792176039119803,0.035684596577017114,0.033753056234718824,0.034070904645476775,0.011332518337408313,0.013300733496332519,0.032298288508557454,0.029009779951100243,0.016601466992665036,0.055158924205378976,0.05410757946210269,0.03469437652811736,0.020440097799511003,0.06182151589242054,0.049046454767726164,0.014498777506112469,0.018716381418092908,0.03735941320293398,0.041051344743276284,0.02441320293398533,0.02466992665036675,0.01636919315403423,0.012860635696821516,0.004144254278728606,0.01452322738386308,0.00843520782396088,0.007237163814180929,0.004400977995110024,0.013973105134474327,0.006308068459657702,0.011577017114914425,0.012383863080684596,0.015061124694376529,0.008325183374083129,0.02854523227383863,0.002371638141809291,0.006405867970660147,0.007848410757946211,0.0010635696821515892,0.0037530562347188262,2.4449877750611248e-05,0.0007579462102689486,0.0,0.0,0.0,0.0,0.0,0.0,0.0,0.0,0.0,0.0,0.0,0.0,0.0,0.0,0.0,0.0,0.0,0.0,0.0,0.0,0.0,0.0,0.0,0.0,0.0,0.0,0.0,0.0,0.0,0.0,0.0,0.0,0.0,nan,nan,4.122541603630863,2.755155840722174,nan,0.9031810845087346,0.023423734100117135,0.0,0.0,0.0,0.0,0.0,0.0,0.0,0.0,0.0,0.0,0.0,0.0,0.0,0.0,0.0,0.0,0.0,0.0,0.0,0.0,0.0,0.0,0.0,0.0,0.04229323308270677,1.9454887218045116,11.376879699248121,13.759398496240605,2.7772556390977448,0.09868421052631582,0.9033485580231922,0.023397283405881167,0.0,0.0,0.0,0.0,0.0,0.0,0.0,0.0,0.0,0.0,0.0,0.0,0.0,0.0,0.0,0.0,0.0,0.0,0.0,0.0,0.0,0.0,0.0,0.0,0.04587155963302753,1.681957186544343,11.788990825688074,13.39449541284404,3.012232415902141,0.07645259938837921,0.379,0.02301,0.0,0.0,0.0,0.0,0.0,0.0,0.0,0.0,0.0,0.6907894736842106,7.937030075187971,15.944548872180427,5.230263157894738,0.19736842105263164,0.0,0.0,0.0,0.0,0.0,0.0,0.0,0.0,0.0,0.0,0.0,0.0,0.0,0.0,0.0,0.0,0.3784,0.0235,0.0,0.0,0.0,0.0,0.0,0.0,0.0,0.0,0.0,0.886850152905199,8.042813455657495,15.795107033639121,4.908256880733946,0.3516819571865444,0.015290519877675844,0.0,0.0,0.0,0.0,0.0,0.0,0.0,0.0,0.0,0.0,0.0,0.0,0.0,0.0,0.0
42800,4545,2384,0.5245324532453245,1176,924,0.46204620462046203,1287,0.5663366336633663,0.38599999999999995,2.998611753817677,3.1023714888481497,6.545741324921136,2.1879990648651133,9337.780368326023,1413.690609844951,7853.0,10752.931366562843,10683.673982400072,17.72118236440737,7853.0,0.0,28.243344334433445,20.74382944642951,33.17119707266074,18.89652447402539,0.13751375137513752,0.0965896589658966,0.08756875687568758,0.09108910891089109,0.07854785478547854,0.07018701870187019,0.07194719471947195,0.06490649064906491,0.06292629262926293,0.058745874587458745,0.047524752475247525,0.04312431243124312,0.0297029702970297,0.026182618261826184,0.01628162816281628,0.011881188118811881,0.005280528052805281,0.9018050936189028,0.022162314698103616,0.0,0.0,0.0,0.0,0.0,0.0,0.0,0.0,0.0,0.0,0.0,0.0,0.0,0.0,0.0,0.0,0.0,0.0,0.0,0.0,0.0,0.0,0.0,0.0,0.03300330033003301,1.7359735973597363,12.198019801980202,13.689768976897692,2.2970297029702973,0.046204620462046216,4.148729946524064,2.954015619459771,nan,nan,nan,4.130464480874317,2.9741694533538237,4.163719711853307,2.9337891165260452,1.0080512085584987,0.3772,0.02324,0.0,0.0,0.0,0.0,0.0,0.0,0.0,0.0,0.0066006600660066025,0.8580858085808583,8.864686468646866,15.465346534653444,4.514851485148515,0.2904290429042905,0.0,0.0,0.0,0.0,0.0,0.0,0.0,0.0,0.0,0.0,0.0,0.0,0.0,0.0,0.0,0.0,nan,nan,4.148729946524064,2.954015619459771,nan,0.3772,0.1076,0.0,0.0,0.0,0.0,0.0,0.0,0.0,0.0,0.0,0.0,0.0,0.0,0.0,0.0,0.0,0.00012101210121012101,0.00407040704070407,0.0016941694169416942,0.0030583058305830584,0.002937293729372937,0.00855885588558856,0.023476347634763476,0.022387238723872386,0.03292629262926293,0.02535753575357536,0.02859185918591859,0.018954895489548956,0.03667766776677668,0.03572057205720572,0.03419141914191419,0.01231023102310231,0.013256325632563256,0.0315951595159516,0.029625962596259627,0.01605060506050605,0.05512651265126513,0.054917491749174915,0.03193619361936194,0.021826182618261827,0.06107810781078108,0.050077007700770074,0.015126512651265127,0.019372937293729374,0.03711771177117712,0.0411991199119912,0.024598459845984598,0.025753575357535755,0.01702970297029703,0.010528052805280528,0.0042134213421342135,0.016105610561056107,0.0088998899889989,0.0073707370737073705,0.004103410341034104,0.014268426842684269,0.004862486248624862,0.012992299229922993,0.010704070407040705,0.012783278327832784,0.008316831683168317,0.026413641364136414,0.002101210121012101,0.006644664466446645,0.007920792079207921,0.0008250825082508251,0.0034873487348734875,0.0,0.000737073707370737,0.0,0.0,0.0,0.0,0.0,0.0,0.0,0.0,0.0,0.0,0.0,0.0,0.0,0.0,0.0,0.0,0.0,0.0,0.0,0.0,0.0,0.0,0.0,0.0,0.0,0.0,0.0,0.0,0.0,0.0,0.0,0.0,0.0,nan,nan,4.148729946524064,2.954015619459771,nan,0.9019115233431326,0.022553225215151584,0.0,0.0,0.0,0.0,0.0,0.0,0.0,0.0,0.0,0.0,0.0,0.0,0.0,0.0,0.0,0.0,0.0,0.0,0.0,0.0,0.0,0.0,0.0,0.0,0.025167785234899334,1.812080536912752,12.15604026845638,13.515100671140942,2.441275167785235,0.05033557046979867,0.9016876810957358,0.021722300666684655,0.0,0.0,0.0,0.0,0.0,0.0,0.0,0.0,0.0,0.0,0.0,0.0,0.0,0.0,0.0,0.0,0.0,0.0,0.0,0.0,0.0,0.0,0.0,0.0,0.04164738546968996,1.6520129569643687,12.244331328088851,13.88246182322999,2.1378991207774183,0.04164738546968996,0.3772,0.02312,0.0,0.0,0.0,0.0,0.0,0.0,0.0,0.0,0.012583892617449667,0.8305369127516781,8.833892617449665,15.69211409395971,4.303691275167786,0.3271812080536914,0.0,0.0,0.0,0.0,0.0,0.0,0.0,0.0,0.0,0.0,0.0,0.0,0.0,0.0,0.0,0.0,0.3772,0.02336,0.0,0.0,0.0,0.0,0.0,0.0,0.0,0.0,0.0,0.8884775566867193,8.898658028690424,15.215178158260041,4.747801943544656,0.2498843128181398,0.0,0.0,0.0,0.0,0.0,0.0,0.0,0.0,0.0,0.0,0.0,0.0,0.0,0.0,0.0,0.0
42900,4310,2294,0.5322505800464037,1089,868,0.4540603248259861,1193,0.5535962877030163,0.41,3.0396825396825395,3.1391999123495045,6.658362989323844,2.203364337109635,9359.271616831567,1412.1152900767586,7853.0,10740.256464123726,10683.004650629491,17.77132618117321,7853.0,0.0,28.25522041763341,20.777593999845454,32.987677984665936,19.032042254990884,0.13317865429234338,0.09907192575406032,0.09187935034802784,0.08677494199535962,0.08004640371229699,0.07517401392111368,0.07331786542923434,0.06658932714617169,0.058700696055684454,0.04825986078886311,0.05266821345707657,0.03758700696055684,0.03480278422273782,0.02877030162412993,0.01716937354988399,0.009976798143851507,0.0060324825986078886,0.9008138271329574,0.02251735816945128,0.0,0.0,0.0,0.0,0.0,0.0,0.0,0.0,0.0,0.0,0.0,0.0,0.0,0.0,0.0,0.0,0.0,0.0,0.0,0.0,0.0,0.0,0.0,0.0,0.04176334106728539,1.8793503480278426,12.619489559164737,13.322505800464041,2.095127610208817,0.04176334106728539,4.247860199714693,2.926753053876111,nan,nan,nan,4.290229885057471,2.946206786685463,4.206090651558074,2.906843008328522,0.9803881759827259,0.3765,0.023,0.0,0.0,0.0,0.0,0.0,0.0,0.0,0.0,0.006960556844547565,0.8700696055684457,8.916473317865432,15.570765661252876,4.4129930394431565,0.2227378190255221,0.0,0.0,0.0,0.0,0.0,0.0,0.0,0.0,0.0,0.0,0.0,0.0,0.0,0.0,0.0,0.0,nan,nan,4.247860199714693,2.926753053876111,nan,0.3765,0.10736,0.0,0.0,0.0,0.0,0.0,0.0,0.0,0.0,0.0,0.0,0.0,0.0,0.0,0.0,1.160092807424594e-05,4.640371229698376e-05,0.004280742459396752,0.0014501160092807424,0.0032366589327146172,0.003631090487238979,0.00839907192575406,0.024965197215777262,0.023410672853828307,0.03093967517401392,0.02474477958236659,0.02902552204176334,0.01834106728538283,0.03590487238979118,0.03596287703016241,0.03308584686774942,0.01374709976798144,0.01339907192575406,0.03274941995359629,0.02951276102088167,0.017273781902552205,0.05691415313225058,0.054466357308584686,0.03097447795823666,0.021902552204176334,0.06114849187935035,0.048955916473317866,0.015638051044083525,0.020150812064965197,0.03771461716937355,0.039477958236658936,0.024872389791183294,0.02640371229698376,0.015788863109048725,0.01017401392111369,0.004292343387470998,0.01599767981438515,0.008503480278422274,0.00825986078886311,0.0038979118329466357,0.014385150812064965,0.004582366589327146,0.012842227378190255,0.010580046403712297,0.012192575406032483,0.008665893271461717,0.025812064965197216,0.001902552204176334,0.006322505800464037,0.008051044083526682,0.000580046403712297,0.00382830626450116,5.80046403712297e-05,0.0005336426914153132,1.160092807424594e-05,0.0,0.0,0.0,0.0,0.0,0.0,0.0,0.0,0.0,0.0,0.0,0.0,0.0,0.0,0.0,0.0,0.0,0.0,0.0,0.0,0.0,0.0,0.0,0.0,0.0,0.0,0.0,0.0,0.0,0.0,0.0,0.0,nan,nan,4.247860199714693,2.926753053876111,nan,0.9013246833602553,0.022682385998832426,0.0,0.0,0.0,0.0,0.0,0.0,0.0,0.0,0.0,0.0,0.0,0.0,0.0,0.0,0.0,0.0,0.0,0.0,0.0,0.0,0.0,0.0,0.0,0.0,0.05231037489102006,1.8962510897994773,12.1229293809939,13.613775065387971,2.288578901482128,0.02615518744551003,0.900232525453681,0.0223138685098952,0.0,0.0,0.0,0.0,0.0,0.0,0.0,0.0,0.0,0.0,0.0,0.0,0.0,0.0,0.0,0.0,0.0,0.0,0.0,0.0,0.0,0.0,0.0,0.0,0.02976190476190477,1.8601190476190481,13.184523809523814,12.991071428571432,1.8750000000000004,0.05952380952380954,0.3767,0.02286,0.0,0.0,0.0,0.0,0.0,0.0,0.0,0.0,0.0,0.771578029642546,9.02353966870096,15.549258936355688,4.420226678291195,0.2353966870095903,0.0,0.0,0.0,0.0,0.0,0.0,0.0,0.0,0.0,0.0,0.0,0.0,0.0,0.0,0.0,0.0,0.3765,0.02316,0.0,0.0,0.0,0.0,0.0,0.0,0.0,0.0,0.014880952380952385,0.9821428571428573,8.79464285714286,15.595238095238074,4.404761904761906,0.2083333333333334,0.0,0.0,0.0,0.0,0.0,0.0,0.0,0.0,0.0,0.0,0.0,0.0,0.0,0.0,0.0,0.0
43000,4236,2194,0.5179414542020774,1021,849,0.4414542020774315,1179,0.556657223796034,0.43,3.047992164544564,3.1862904759296997,6.7417102966841185,2.1674142047426366,9318.548934887443,1413.927339113263,7853.0,10742.670198202133,10682.564853319605,17.49030475675645,7853.0,0.0,27.867799811142586,20.752976099157443,32.78527262507026,19.00199649495129,0.1397544853635505,0.10033050047214354,0.09513692162417375,0.08640226628895184,0.08309726156751653,0.07530689329556185,0.0625590179414542,0.06373937677053824,0.05476864966949953,0.05453257790368272,0.05146364494806421,0.042020774315391876,0.0342304060434372,0.024315391879131256,0.015816808309726156,0.011803588290840416,0.004721435316336166,0.9004327602072411,0.02233847831654867,0.0,0.0,0.0,0.0,0.0,0.0,0.0,0.0,0.0,0.0,0.0,0.0,0.0,0.0,0.0,0.0,0.0,0.0,0.0,0.0,0.0,0.0,0.0,0.0,0.0424929178470255,1.8838526912181308,12.96033994334278,13.073654390934848,1.9688385269121818,0.07082152974504251,4.421304828603023,2.9736184029775288,nan,nan,nan,4.483524904214559,3.023014631143513,4.363636363636363,2.925910185433439,0.9732602041609049,0.377,0.02272,0.0,0.0,0.0,0.0,0.0,0.0,0.0,0.0,0.007082152974504251,0.8923512747875356,8.682719546742211,15.793201133144452,4.440509915014165,0.18413597733711054,0.0,0.0,0.0,0.0,0.0,0.0,0.0,0.0,0.0,0.0,0.0,0.0,0.0,0.0,0.0,0.0,nan,nan,4.421304828603023,2.9736184029775288,nan,0.377,0.1068,0.0,0.0,0.0,0.0,0.0,0.0,0.0,0.0,0.0,0.0,0.0,0.0,0.0,0.0,2.360717658168083e-05,0.0,0.003954202077431539,0.0018413597733711049,0.0036118980169971672,0.003942398489140699,0.009124173748819641,0.025082625118035884,0.023748819641170916,0.028812559017941455,0.022981586402266288,0.02533050047214353,0.01957034938621341,0.03681539187913126,0.03794853635505194,0.03237724268177526,0.012877714825306892,0.012677053824362607,0.03096081208687441,0.02694759206798867,0.01847261567516525,0.05694050991501416,0.05657459867799811,0.031916902738432486,0.02295797922568461,0.06107176581680831,0.04857176581680831,0.01535646836638338,0.02131728045325779,0.0414423984891407,0.03892823418319169,0.025507554296506137,0.02463408876298395,0.017363078375826253,0.009348441926345609,0.004709631728045326,0.017433899905571294,0.009785174693106705,0.006444759206798867,0.003906987724268177,0.013161000944287063,0.004910292728989613,0.01224032105760151,0.01161473087818697,0.011555712936732767,0.00823890462700661,0.02695939565627951,0.0023489140698772426,0.006409348441926346,0.007164778092540132,0.0005665722379603399,0.0031161473087818695,1.1803588290840415e-05,0.0003659112370160529,2.360717658168083e-05,0.0,0.0,0.0,0.0,0.0,0.0,0.0,0.0,0.0,0.0,0.0,0.0,0.0,0.0,0.0,0.0,0.0,0.0,0.0,0.0,0.0,0.0,0.0,0.0,0.0,0.0,0.0,0.0,0.0,0.0,0.0,0.0,nan,nan,4.421304828603023,2.9736184029775288,nan,0.9002008185456205,0.02253610689755194,0.0,0.0,0.0,0.0,0.0,0.0,0.0,0.0,0.0,0.0,0.0,0.0,0.0,0.0,0.0,0.0,0.0,0.0,0.0,0.0,0.0,0.0,0.0,0.0,0.04102096627164996,1.9416590701914316,12.894257064721973,13.167730173199638,1.873290793072015,0.08204193254329992,0.9006819668701183,0.02212146162643865,0.0,0.0,0.0,0.0,0.0,0.0,0.0,0.0,0.0,0.0,0.0,0.0,0.0,0.0,0.0,0.0,0.0,0.0,0.0,0.0,0.0,0.0,0.0,0.0,0.044074436826640556,1.8217433888344765,13.031341821743393,12.972575905974539,2.0714985308521063,0.05876591576885408,0.377,0.02216,0.0,0.0,0.0,0.0,0.0,0.0,0.0,0.0,0.01367365542388332,0.7247037374658161,8.901549680948042,15.943482224247926,4.279854147675479,0.1367365542388332,0.0,0.0,0.0,0.0,0.0,0.0,0.0,0.0,0.0,0.0,0.0,0.0,0.0,0.0,0.0,0.0,0.377,0.02333,0.0,0.0,0.0,0.0,0.0,0.0,0.0,0.0,0.0,1.0724779627815868,8.447600391772774,15.631733594515158,4.613124387855045,0.23506366307541632,0.0,0.0,0.0,0.0,0.0,0.0,0.0,0.0,0.0,0.0,0.0,0.0,0.0,0.0,0.0,0.0
43100,4456,2311,0.5186265709156194,1108,889,0.4481597845601436,1226,0.5502692998204668,0.40599999999999997,2.966899766899767,3.1180839466107764,6.63973063973064,2.1165144926219415,9321.159936155756,1414.504324157105,7853.0,10748.058758735657,10683.861391393357,17.49846570542366,7853.0,0.0,27.80991921005386,20.562500520160185,32.59222784136279,18.843282149193215,0.13285457809694792,0.10166068222621184,0.09694793536804308,0.0868491921005386,0.0803411131059246,0.07405745062836624,0.07405745062836624,0.06867145421903052,0.059694793536804305,0.05341113105924596,0.03927289048473968,0.04331238779174147,0.028500897666068222,0.02625673249551167,0.020197486535008975,0.008976660682226212,0.004937163375224416,0.9005326410250561,0.022124704070455775,0.0,0.0,0.0,0.0,0.0,0.0,0.0,0.0,0.0,0.0,0.0,0.0,0.0,0.0,0.0,0.0,0.0,0.0,0.0,0.0,0.0,0.0,0.0,0.0,0.0336624775583483,1.7975763016157993,12.8927289048474,13.256283662477562,1.9928186714542195,0.02692998204667864,4.211188811188811,2.8706643780392267,nan,nan,nan,4.16214335421016,2.888464880463473,4.26071679550246,2.851720156119531,1.0236833364215072,0.3784,0.02245,0.0,0.0,0.0,0.0,0.0,0.0,0.0,0.0,0.0,0.7203770197486538,8.429084380610414,15.834829443447015,4.8541292639138245,0.16157989228007183,0.0,0.0,0.0,0.0,0.0,0.0,0.0,0.0,0.0,0.0,0.0,0.0,0.0,0.0,0.0,0.0,nan,nan,4.211188811188811,2.8706643780392267,nan,0.3784,0.1075,0.0,0.0,0.0,0.0,0.0,0.0,0.0,0.0,0.0,0.0,0.0,0.0,0.0,0.0,0.0,0.00011220825852782765,0.004488330341113106,0.0019636445242369838,0.0038936265709156193,0.0037028725314183124,0.009941651705565529,0.024528725314183125,0.02394524236983842,0.02771543985637343,0.022823159784560145,0.02443895870736086,0.02045556552962298,0.03615350089766607,0.03668087971274686,0.03087971274685817,0.010805655296229802,0.013162028725314183,0.032057899461400356,0.02747980251346499,0.01805430879712747,0.05297351885098743,0.058640035906642726,0.03311265709156194,0.0226548473967684,0.0595713644524237,0.04905745062836625,0.015159335727109514,0.02199281867145422,0.04290843806104129,0.039070915619389586,0.024259425493716336,0.0243491921005386,0.01740350089766607,0.009122531418312388,0.005464542190305207,0.017021992818671453,0.009649910233393177,0.006990574506283663,0.0043649012567324955,0.013689407540394972,0.005385996409335727,0.013386445242369838,0.011422800718132854,0.012870287253141832,0.009268402154398564,0.02649236983842011,0.002524685816876122,0.006294883303411131,0.007719928186714542,0.0005161579892280072,0.003063285457809695,0.0,0.0003141831238779174,0.0,0.0,0.0,0.0,0.0,0.0,0.0,0.0,0.0,0.0,0.0,0.0,0.0,0.0,0.0,0.0,0.0,0.0,0.0,0.0,0.0,0.0,0.0,0.0,0.0,0.0,0.0,0.0,0.0,0.0,0.0,0.0,0.0,nan,nan,4.211188811188811,2.8706643780392267,nan,0.9006367722459295,0.02230678486878682,0.0,0.0,0.0,0.0,0.0,0.0,0.0,0.0,0.0,0.0,0.0,0.0,0.0,0.0,0.0,0.0,0.0,0.0,0.0,0.0,0.0,0.0,0.0,0.0,0.03894418000865427,1.7395067070532242,12.98139333621809,13.163132842925144,2.03807875378624,0.03894418000865427,0.9004204511642456,0.021926286771354934,0.0,0.0,0.0,0.0,0.0,0.0,0.0,0.0,0.0,0.0,0.0,0.0,0.0,0.0,0.0,0.0,0.0,0.0,0.0,0.0,0.0,0.0,0.0,0.0,0.02797202797202798,1.8601398601398607,12.7972027972028,13.35664335664336,1.9440559440559444,0.01398601398601399,0.379,0.02234,0.0,0.0,0.0,0.0,0.0,0.0,0.0,0.0,0.0,0.6750324534833407,8.08740804846387,16.057983556901753,5.0237992211164,0.15577672003461707,0.0,0.0,0.0,0.0,0.0,0.0,0.0,0.0,0.0,0.0,0.0,0.0,0.0,0.0,0.0,0.0,0.3777,0.02254,0.0,0.0,0.0,0.0,0.0,0.0,0.0,0.0,0.0,0.7692307692307695,8.797202797202798,15.59440559440557,4.671328671328673,0.16783216783216787,0.0,0.0,0.0,0.0,0.0,0.0,0.0,0.0,0.0,0.0,0.0,0.0,0.0,0.0,0.0,0.0
43200,4057,2151,0.5301947251663791,1013,789,0.444170569386246,1076,0.5304412127187577,0.446,3.027806925498426,3.1638970611098207,6.53551912568306,2.2642213493496977,9353.84558266579,1412.8494479773717,7853.0,10749.373158574104,10683.744085948449,17.97302498364074,7853.0,0.0,27.963766329800347,20.95347189922519,33.1530038472921,19.11479857123135,0.14419521814148387,0.10525018486566429,0.08824254375154054,0.07838304165639635,0.08010845452304659,0.0756716785802317,0.06655163914222331,0.06679812669460192,0.06285432585654424,0.049051022923342374,0.046339659847177715,0.04239585900912004,0.03204338180921863,0.028099580971160956,0.017747103771259553,0.012077890066551638,0.004190288390436283,0.901056494138674,0.022552371219408146,0.0,0.0,0.0,0.0,0.0,0.0,0.0,0.0,0.0,0.0,0.0,0.0,0.0,0.0,0.0,0.0,0.0,0.0,0.0,0.0,0.0,0.0,0.0,0.0,0.044367759428148884,1.7081587379837322,12.984964259304908,12.874044860734536,2.3293073699778164,0.05915701257086518,4.217374665135859,2.968164492660886,nan,nan,nan,4.238679969301612,3.0089111103950525,4.194805194805195,2.927612109311221,0.9896489532556887,0.378,0.02283,0.0,0.0,0.0,0.0,0.0,0.0,0.0,0.0,0.014789253142716296,0.6581217648508751,8.659107715060392,15.74315997042147,4.717771752526498,0.19965491742667002,0.007394626571358148,0.0,0.0,0.0,0.0,0.0,0.0,0.0,0.0,0.0,0.0,0.0,0.0,0.0,0.0,0.0,nan,nan,4.217374665135859,2.968164492660886,nan,0.378,0.1086,0.0,0.0,0.0,0.0,0.0,0.0,0.0,0.0,0.0,0.0,0.0,0.0,1.2324377618930245e-05,0.0,0.0,8.62706433325117e-05,0.0054350505299482375,0.0025018486566428396,0.004153315257579492,0.0037712595513926545,0.01061128912989894,0.02512940596499877,0.023699778161202858,0.02729849642593049,0.025080108454523048,0.02468572837071728,0.022405718511215183,0.034988908060142966,0.035518856297756966,0.02875277298496426,0.010216909046093172,0.013026867143209268,0.03331279270396845,0.030096130145427655,0.01571358146413606,0.052206063593788515,0.05767808725659354,0.03288143948730589,0.023909292580724672,0.06062361350751787,0.04751047572097609,0.013199408429874292,0.01975597732314518,0.04343110672911018,0.0388341138772492,0.023120532413113137,0.025080108454523048,0.017833374414592065,0.009230958836578753,0.00554596992851861,0.01615725905841755,0.009933448360857777,0.007333004683263495,0.003943800838057678,0.01467833374414592,0.005595267438994331,0.014468819324624106,0.010463396598471777,0.011461671185605126,0.010019719004190289,0.02728617204831156,0.003906827705200887,0.005287157998521075,0.007862952920877495,0.0005299482376140004,0.00353709637663298,1.2324377618930245e-05,0.00018486566428395365,0.0,0.0,0.0,0.0,0.0,0.0,0.0,0.0,0.0,0.0,0.0,0.0,0.0,0.0,0.0,0.0,0.0,0.0,0.0,0.0,0.0,0.0,0.0,0.0,0.0,0.0,0.0,0.0,0.0,0.0,0.0,0.0,0.0,nan,nan,4.217374665135859,2.968164492660886,nan,0.9011542097128917,0.022582882621671154,0.0,0.0,0.0,0.0,0.0,0.0,0.0,0.0,0.0,0.0,0.0,0.0,0.0,0.0,0.0,0.0,0.0,0.0,0.0,0.0,0.0,0.0,0.0,0.0,0.05578800557880057,1.4783821478382153,13.138075313807535,12.873082287308232,2.384937238493724,0.06973500697350071,0.9009462180630483,0.022517378881071907,0.0,0.0,0.0,0.0,0.0,0.0,0.0,0.0,0.0,0.0,0.0,0.0,0.0,0.0,0.0,0.0,0.0,0.0,0.0,0.0,0.0,0.0,0.0,0.0,0.03147953830010494,1.9674711437565586,12.81217208814271,12.87513116474292,2.2665267576075556,0.047219307450157406,0.3782,0.02316,0.0,0.0,0.0,0.0,0.0,0.0,0.0,0.0,0.0,0.7810320781032081,8.479776847977686,15.523012552301232,5.034867503486751,0.18131101813110187,0.0,0.0,0.0,0.0,0.0,0.0,0.0,0.0,0.0,0.0,0.0,0.0,0.0,0.0,0.0,0.0,0.3777,0.02246,0.0,0.0,0.0,0.0,0.0,0.0,0.0,0.0,0.03147953830010494,0.5194123819517314,8.86149003147954,15.991605456453282,4.359916054564534,0.2203567681007346,0.01573976915005247,0.0,0.0,0.0,0.0,0.0,0.0,0.0,0.0,0.0,0.0,0.0,0.0,0.0,0.0,0.0
43300,4103,2103,0.5125517913721667,973,850,0.44430904216427003,1154,0.5625152327565196,0.426,2.9945,3.1480898573579497,6.680580762250454,2.252557414967326,9303.444484102009,1414.5369682796609,7853.0,10736.653743863106,10682.849604503348,17.90325225235268,7853.0,0.0,27.684864733122104,20.802938601849487,32.73658109684948,19.032560786926897,0.14599073848403607,0.09943943456007799,0.09115281501340483,0.08603460882281258,0.076041920545942,0.07677309285888374,0.07189861077260541,0.064343163538874,0.06604923226907142,0.04728247623689983,0.04411406288081891,0.03923958079454058,0.030952961247867415,0.02534730684864733,0.0190104801364855,0.009261515963928832,0.0070679990251035826,0.9002845122440541,0.022600992281601107,0.0,0.0,0.0,0.0,0.0,0.0,0.0,0.0,0.0,0.0,0.0,0.0,0.0,0.0,0.0,0.0,0.0,0.0,0.0,0.0,0.0,0.0,0.0,0.0,0.05118206190592251,2.054594199366318,12.72970996831587,13.10991957104558,2.01803558371923,0.036558615647087504,4.3008377760853005,2.923129013242947,nan,nan,nan,4.300150829562594,2.9687334941777035,4.3015384615384615,2.8758673505138375,1.000322693791652,0.3774,0.02327,0.0,0.0,0.0,0.0,0.0,0.0,0.0,0.0,0.0,0.7823543748476727,9.117718742383623,14.989032415305852,4.88423105045089,0.22666341701194254,0.0,0.0,0.0,0.0,0.0,0.0,0.0,0.0,0.0,0.0,0.0,0.0,0.0,0.0,0.0,0.0,nan,nan,4.3008377760853005,2.923129013242947,nan,0.3774,0.1079,0.0,0.0,0.0,0.0,0.0,0.0,0.0,0.0,0.0,0.0,0.0,0.0,0.0,0.0,0.0,3.65586156470875e-05,0.004594199366317329,0.002473799658786254,0.0038142822325127955,0.003009992688276871,0.01178406044357787,0.026334389471118692,0.022849134779429684,0.028735071898610774,0.023897148427979527,0.0251401413599805,0.02520107238605898,0.03309773336582988,0.03615647087496954,0.027504265171825495,0.009688033146478186,0.013819156714599073,0.031964416280770167,0.029320009748964173,0.015890811601267367,0.05025591030952961,0.05807945405800634,0.03456007799171338,0.025383865464294417,0.0631367292225201,0.04915915184011699,0.012210577626127223,0.019339507677309287,0.04528393858152571,0.036777967340970025,0.021423348769193273,0.025018279307823545,0.019278576651230808,0.008396295393614429,0.005374116500121862,0.01602485985864002,0.010626370948086767,0.007628564465025591,0.0032902754082378746,0.01435534974408969,0.005569095783572995,0.014465025591030953,0.011174750182793078,0.011954667316597611,0.009517426273458446,0.02559103095296125,0.004716061418474287,0.005045088959298075,0.0071289300511820615,0.00015842066780404583,0.003716792590787229,0.0,4.874482086278333e-05,0.0,0.0,0.0,0.0,0.0,0.0,0.0,0.0,0.0,0.0,0.0,0.0,0.0,0.0,0.0,0.0,0.0,0.0,0.0,0.0,0.0,0.0,0.0,0.0,0.0,0.0,0.0,0.0,0.0,0.0,0.0,0.0,0.0,nan,nan,4.3008377760853005,2.923129013242947,nan,0.90060259107743,0.022738770161704704,0.0,0.0,0.0,0.0,0.0,0.0,0.0,0.0,0.0,0.0,0.0,0.0,0.0,0.0,0.0,0.0,0.0,0.0,0.0,0.0,0.0,0.0,0.0,0.0,0.05706134094151214,2.0970042796005712,12.41084165477889,13.352353780313841,2.0256776034236808,0.05706134094151214,0.8999500523507595,0.022450346916785893,0.0,0.0,0.0,0.0,0.0,0.0,0.0,0.0,0.0,0.0,0.0,0.0,0.0,0.0,0.0,0.0,0.0,0.0,0.0,0.0,0.0,0.0,0.0,0.0,0.045000000000000005,2.0100000000000007,13.065000000000003,12.855000000000004,2.0100000000000007,0.015000000000000003,0.3772,0.02269,0.0,0.0,0.0,0.0,0.0,0.0,0.0,0.0,0.0,0.7132667617689017,9.129814550641942,15.249643366619093,4.707560627674751,0.19971469329529248,0.0,0.0,0.0,0.0,0.0,0.0,0.0,0.0,0.0,0.0,0.0,0.0,0.0,0.0,0.0,0.0,0.378,0.02386,0.0,0.0,0.0,0.0,0.0,0.0,0.0,0.0,0.0,0.8550000000000002,9.105000000000002,14.714999999999979,5.070000000000001,0.25500000000000006,0.0,0.0,0.0,0.0,0.0,0.0,0.0,0.0,0.0,0.0,0.0,0.0,0.0,0.0,0.0,0.0
43400,4386,2262,0.5157318741450069,1073,914,0.4530323757409941,1287,0.5868673050615595,0.39399999999999996,2.963276836158192,3.057602638524691,6.486088379705401,2.174330136035127,9312.43453821158,1414.271495986654,7853.0,10745.04952442646,10682.831956054815,17.53314186235695,7853.0,0.0,28.427040583675332,21.07188721224417,33.426944971537004,19.23620537141633,0.1406748746010032,0.09803921568627451,0.08025535795713634,0.0870953032375741,0.0845873233014136,0.07546739626082992,0.06839945280437756,0.06725946192430461,0.056315549475604194,0.053807569539443684,0.05107159142726858,0.0364797081623347,0.03419972640218878,0.028271773825809393,0.017783857729138167,0.012311901504787962,0.007979936160510716,0.9005111791448293,0.02239292162379638,0.0,0.0,0.0,0.0,0.0,0.0,0.0,0.0,0.0,0.0,0.0,0.0,0.0,0.0,0.0,0.0,0.0,0.0,0.0,0.0,0.0,0.0,0.0,0.0,0.020519835841313273,2.051983584131327,12.667578659370728,13.105335157318745,2.093023255813954,0.06155950752393982,4.265164644714038,2.918069507785618,nan,nan,nan,4.335593220338983,2.91772855185792,4.191489361702128,2.9166066302644293,0.9667625971087785,0.378,0.02277,0.0,0.0,0.0,0.0,0.0,0.0,0.0,0.0,0.006839945280437758,0.6839945280437758,8.611491108071137,15.745554035567693,4.671682626538988,0.28043775649794805,0.0,0.0,0.0,0.0,0.0,0.0,0.0,0.0,0.0,0.0,0.0,0.0,0.0,0.0,0.0,0.0,nan,nan,4.265164644714038,2.918069507785618,nan,0.378,0.10834,0.0,0.0,0.0,0.0,0.0,0.0,0.0,0.0,0.0,0.0,0.0,0.0,0.0,0.0,0.0,3.419972640218878e-05,0.004559963520291838,0.0027017783857729138,0.0036707706338349293,0.002747378020975832,0.013326493388052895,0.027986776105791155,0.023221614227086185,0.02831737346101231,0.022571819425444596,0.02503419972640219,0.02583219334245326,0.033777929776561785,0.03270633834929321,0.025991792065663474,0.010898312813497492,0.013622891016871865,0.029058367533059737,0.030392156862745098,0.01515047879616963,0.04958960328317374,0.05971272229822162,0.03414272685818513,0.02608299133606931,0.0629046967624259,0.04850661194710442,0.011912904696762426,0.018160054719562245,0.048495212038303696,0.03763109895120839,0.020599635202918378,0.026310989512083903,0.018068855449156408,0.008287733698130415,0.005528955768353853,0.015925672594619245,0.01038531691746466,0.008470132238942088,0.0036593707250341997,0.014147286821705426,0.006133150934792522,0.014227086183310533,0.010852713178294573,0.01208390332877337,0.009769721842225262,0.026835385316917464,0.0044231646146830825,0.004901960784313725,0.006771545827633379,0.0001823985408116735,0.00364797081623347,1.1399908800729594e-05,3.419972640218878e-05,0.0,0.0,0.0,0.0,0.0,0.0,0.0,0.0,0.0,0.0,0.0,0.0,0.0,0.0,0.0,0.0,0.0,0.0,0.0,0.0,0.0,0.0,0.0,0.0,0.0,0.0,0.0,0.0,0.0,0.0,0.0,0.0,0.0,nan,nan,4.265164644714038,2.918069507785618,nan,0.9005581541308041,0.02252424030773186,0.0,0.0,0.0,0.0,0.0,0.0,0.0,0.0,0.0,0.0,0.0,0.0,0.0,0.0,0.0,0.0,0.0,0.0,0.0,0.0,0.0,0.0,0.0,0.0,0.013262599469496024,2.06896551724138,12.533156498673744,13.063660477453585,2.254641909814324,0.06631299734748011,0.9004611521117432,0.022252109789638593,0.0,0.0,0.0,0.0,0.0,0.0,0.0,0.0,0.0,0.0,0.0,0.0,0.0,0.0,0.0,0.0,0.0,0.0,0.0,0.0,0.0,0.0,0.0,0.0,0.028248587570621476,2.033898305084746,12.81073446327684,13.149717514124298,1.9209039548022604,0.05649717514124295,0.3772,0.02228,0.0,0.0,0.0,0.0,0.0,0.0,0.0,0.0,0.0,0.610079575596817,8.819628647214856,16.034482758620666,4.3368700265252,0.19893899204244037,0.0,0.0,0.0,0.0,0.0,0.0,0.0,0.0,0.0,0.0,0.0,0.0,0.0,0.0,0.0,0.0,0.3787,0.02324,0.0,0.0,0.0,0.0,0.0,0.0,0.0,0.0,0.014124293785310738,0.7627118644067798,8.389830508474578,15.437853107344608,5.028248587570622,0.3672316384180792,0.0,0.0,0.0,0.0,0.0,0.0,0.0,0.0,0.0,0.0,0.0,0.0,0.0,0.0,0.0,0.0
43500,4227,2168,0.512893304944405,1039,874,0.4525668322687485,1200,0.5677785663591199,0.41,3.0072850898494417,3.1333400200472736,6.665517241379311,2.103818508966078,9304.926540471066,1415.0179045204256,7853.0,10756.362344741821,10683.854929230254,18.362870514745797,7853.0,0.0,27.99455878873906,20.947504286987442,32.88192296879393,19.23911364528807,0.13674000473148806,0.10007097232079488,0.09770522829429856,0.085166784953868,0.0823278921220724,0.06978944878164182,0.0745209368346345,0.06198249349420393,0.06008989827300686,0.049207475751123726,0.04589543411402886,0.04187366926898509,0.029571800331204164,0.0269694819020582,0.018925952211970666,0.0120652945351313,0.007097232079488999,0.900874726493674,0.022177470015548238,0.0,0.0,0.0,0.0,0.0,0.0,0.0,0.0,0.0,0.0,0.0,0.0,0.0,0.0,0.0,0.0,0.0,0.0,0.0,0.0,0.0,0.0,0.0,0.0,0.042583392476934004,1.7743080198722503,12.782114975159692,13.21504613200852,2.157558552164656,0.028388928317956003,4.302665206279664,2.878334331313236,nan,nan,nan,4.357971014492754,2.8657348905521522,4.2459499263622975,2.890980938011057,0.9742951277652095,0.3777,0.0236,0.0,0.0,0.0,0.0,0.0,0.0,0.0,0.0,0.007097232079489001,0.8374733853797022,8.899929027679207,14.918381831085854,5.095812633073102,0.24130589070262604,0.0,0.0,0.0,0.0,0.0,0.0,0.0,0.0,0.0,0.0,0.0,0.0,0.0,0.0,0.0,0.0,nan,nan,4.302665206279664,2.878334331313236,nan,0.3777,0.10834,0.0,0.0,0.0,0.0,0.0,0.0,0.0,0.0,0.0,0.0,0.0,0.0,0.0,0.0,0.0,0.0,0.004530399810740478,0.0023420865862313696,0.003359356517624793,0.003170096995505086,0.013934232316063402,0.029843860894251242,0.021563756801514077,0.028601845280340668,0.024177903950792525,0.022912230896616988,0.02514785900165602,0.03321504613200851,0.031227821149751596,0.02834161343742607,0.012301868937780932,0.012763189022947718,0.02776200615093447,0.03430328838419683,0.014324580080435297,0.048545067423704756,0.061095339484267805,0.034220487343269455,0.025195173882185947,0.06118996924532766,0.04659332860184528,0.012562100780695529,0.017518334516205346,0.048982730068606574,0.039519753962621244,0.020191625266146204,0.027064111663118052,0.017482848355807903,0.007617695765318192,0.005488526141471493,0.016536550745209367,0.010622190678968536,0.00852850721551928,0.002685119470073338,0.012869647504140052,0.007180033120416371,0.014158977998580553,0.01065767683936598,0.012242725337118524,0.011189969245327655,0.026531819257156374,0.004530399810740478,0.006162763189022947,0.0059498462266382775,0.00028388928317956,0.002685119470073338,0.0,1.1828720132481666e-05,0.0,7.097232079489e-05,0.0,1.1828720132481666e-05,0.0,0.0,0.0,0.0,0.0,0.0,0.0,0.0,0.0,0.0,0.0,0.0,0.0,0.0,0.0,0.0,0.0,0.0,0.0,0.0,0.0,0.0,0.0,0.0,0.0,0.0,0.0,0.0,0.0,nan,nan,4.302665206279664,2.878334331313236,nan,0.901214598592137,0.022362525760634796,0.0,0.0,0.0,0.0,0.0,0.0,0.0,0.0,0.0,0.0,0.0,0.0,0.0,0.0,0.0,0.0,0.0,0.0,0.0,0.0,0.0,0.0,0.0,0.0,0.0415129151291513,1.7435424354243547,12.661439114391147,13.173431734317347,2.366236162361624,0.013837638376383767,0.9005168621374485,0.021975253384681766,0.0,0.0,0.0,0.0,0.0,0.0,0.0,0.0,0.0,0.0,0.0,0.0,0.0,0.0,0.0,0.0,0.0,0.0,0.0,0.0,0.0,0.0,0.0,0.0,0.04371053909664886,1.8067022826614867,12.9091792132103,13.258863525983491,1.937833899951433,0.04371053909664886,0.3784,0.02373,0.0,0.0,0.0,0.0,0.0,0.0,0.0,0.0,0.013837638376383767,0.8579335793357936,8.648523985239853,15.069188191881898,5.161439114391145,0.2490774907749078,0.0,0.0,0.0,0.0,0.0,0.0,0.0,0.0,0.0,0.0,0.0,0.0,0.0,0.0,0.0,0.0,0.3772,0.02345,0.0,0.0,0.0,0.0,0.0,0.0,0.0,0.0,0.0,0.8159300631374455,9.164643030597379,14.75959203496841,5.02671199611462,0.2331228751821273,0.0,0.0,0.0,0.0,0.0,0.0,0.0,0.0,0.0,0.0,0.0,0.0,0.0,0.0,0.0,0.0
43600,4103,2085,0.5081647574945162,940,835,0.43261028515720207,1157,0.5639775773824032,0.414,3.006937561942517,3.1126761256350646,6.5531197301854975,2.1489935400654647,9291.353998286939,1415.1110231820167,7853.0,10742.30488717556,10683.487508379527,17.65572899807636,7853.0,0.0,28.369973190348524,21.259021285889197,33.32165605095541,19.525966261926605,0.13965391177187425,0.0950524006824275,0.09480867657811358,0.09285888374360224,0.07896660979770899,0.06921764562515233,0.06483061174750183,0.06556178406044358,0.05288813063611991,0.05264440653180599,0.04850109675846941,0.040458201316110165,0.038020960272971,0.027297099683158663,0.01657323909334633,0.015598342676090666,0.0070679990251035826,0.9009844892320765,0.02233368969534105,0.0,0.0,0.0,0.0,0.0,0.0,0.0,0.0,0.0,0.0,0.0,0.0,0.0,0.0,0.0,0.0,0.0,0.0,0.0,0.0,0.0,0.0,0.0,0.0,0.0219351693882525,1.8206190592249578,12.656592737021695,13.321959541798687,2.1203997075310754,0.05849378503534001,4.312405446293495,2.8865299027528235,nan,nan,nan,4.30381679389313,2.8069000199794636,4.32258064516129,2.963049553686182,1.0043598164528715,0.3777,0.02258,0.0,0.0,0.0,0.0,0.0,0.0,0.0,0.0,0.0,0.70192542042408,8.693638800877409,15.705581281988765,4.6795028028272005,0.21935169388252504,0.0,0.0,0.0,0.0,0.0,0.0,0.0,0.0,0.0,0.0,0.0,0.0,0.0,0.0,0.0,0.0,nan,nan,4.312405446293495,2.8865299027528235,nan,0.3777,0.10815,0.0,0.0,0.0,0.0,0.0,0.0,0.0,0.0,0.0,0.0,0.0,0.0,0.0,0.0,0.0,1.2186205215695833e-05,0.005045088959298075,0.0035461857177674872,0.0031562271508652207,0.002741896173531562,0.012161832805264441,0.029259078722885693,0.022995369242018036,0.028613209846453814,0.024993906897392153,0.021740190104801365,0.02588349987813795,0.03148915427735803,0.030343650987082624,0.028259809895198634,0.011735315622715086,0.012259322446990007,0.029661223495003657,0.0344991469656349,0.014026322203265903,0.04992688276870583,0.05979770899341945,0.03466975383865464,0.024518644893980014,0.06380697050938337,0.044930538630270536,0.012978308554716062,0.018230563002680965,0.05084084815988301,0.040153546185717766,0.020168169631976603,0.026943699731903484,0.017560321715817694,0.007811357543261029,0.005630026809651474,0.016097977089934195,0.010979770899341944,0.007238605898123324,0.0019254204240799415,0.012003412137460395,0.006738971484279795,0.013819156714599073,0.010394833048988545,0.012210577626127223,0.012161832805264441,0.026529368754569828,0.0042773580307092374,0.005885937119181087,0.005337557884474774,0.00031684133560809166,0.003631489154277358,1.2186205215695833e-05,0.0,0.0,3.65586156470875e-05,0.0,1.2186205215695833e-05,0.0,0.0,0.0,0.0,0.0,0.0,0.0,0.0,0.0,0.0,0.0,0.0,0.0,0.0,0.0,0.0,0.0,0.0,0.0,0.0,0.0,0.0,0.0,0.0,0.0,0.0,0.0,0.0,0.0,nan,nan,4.312405446293495,2.8865299027528235,nan,0.9009124719267555,0.022208232323827737,0.0,0.0,0.0,0.0,0.0,0.0,0.0,0.0,0.0,0.0,0.0,0.0,0.0,0.0,0.0,0.0,0.0,0.0,0.0,0.0,0.0,0.0,0.0,0.0,0.028776978417266195,1.8129496402877703,12.661870503597125,13.352517985611515,2.100719424460432,0.04316546762589929,0.9010588975975842,0.022462333907035878,0.0,0.0,0.0,0.0,0.0,0.0,0.0,0.0,0.0,0.0,0.0,0.0,0.0,0.0,0.0,0.0,0.0,0.0,0.0,0.0,0.0,0.0,0.0,0.0,0.014866204162537169,1.8285431119920719,12.651139742319131,13.29038652130823,2.1407333994053523,0.07433102081268585,0.378,0.0228,0.0,0.0,0.0,0.0,0.0,0.0,0.0,0.0,0.0,0.6618705035971224,8.705035971223023,15.654676258992783,4.6906474820143895,0.2877697841726619,0.0,0.0,0.0,0.0,0.0,0.0,0.0,0.0,0.0,0.0,0.0,0.0,0.0,0.0,0.0,0.0,0.3774,0.02237,0.0,0.0,0.0,0.0,0.0,0.0,0.0,0.0,0.0,0.7433102081268584,8.681863230921707,15.758176412289371,4.66798810703667,0.1486620416253717,0.0,0.0,0.0,0.0,0.0,0.0,0.0,0.0,0.0,0.0,0.0,0.0,0.0,0.0,0.0,0.0
43700,4202,2233,0.5314136125654451,1057,826,0.4481199428843408,1155,0.5497382198952879,0.40599999999999997,3.0182833925850687,3.1333444649028617,6.602451838879159,2.1756318676449795,9356.952164229384,1412.311471292292,7853.0,10736.877394914627,10683.097176037558,17.622474567322346,7853.0,0.0,28.166349357448834,20.84610048031521,32.95073198198198,19.118793361489566,0.13398381722989053,0.09733460257020467,0.0968586387434555,0.08805330794859591,0.0809138505473584,0.07068062827225131,0.07425035697287007,0.06449309852451214,0.05735364112327463,0.049976201808662545,0.053545930509281296,0.03998096144693003,0.031175630652070442,0.026653974297953357,0.014754878629224179,0.011661113755354594,0.008329366968110423,0.8992334062544747,0.022450521157536575,0.0,0.0,0.0,0.0,0.0,0.0,0.0,0.0,0.0,0.0,0.0,0.0,0.0,0.0,0.0,0.0,0.0,0.0,0.0,0.0,0.0,0.0,0.0,0.0,0.04283674440742504,2.1561161351737272,12.972394098048552,12.879581151832465,1.8919562113279396,0.05711565920990006,4.118208516886931,2.9466584809266148,nan,nan,nan,4.160237388724036,2.8924065021904606,4.0770348837209305,2.998283702649538,0.9800005390969712,0.379,0.0229,0.0,0.0,0.0,0.0,0.0,0.0,0.0,0.0,0.0,0.6568300809138506,8.331746787244171,15.528319847691552,5.254640647310805,0.22846263683960025,0.0,0.0,0.0,0.0,0.0,0.0,0.0,0.0,0.0,0.0,0.0,0.0,0.0,0.0,0.0,0.0,nan,nan,4.118208516886931,2.9466584809266148,nan,0.379,0.1087,0.0,0.0,0.0,0.0,0.0,0.0,0.0,0.0,0.0,0.0,0.0,0.0,1.1899095668729177e-05,0.0,0.0,0.0,0.003831508805330795,0.002820085673488815,0.0034507377439314613,0.0032722513089005235,0.013065207044264636,0.02762970014278915,0.02589243217515469,0.0294859590671109,0.024988100904331272,0.0213707758210376,0.023786292241789624,0.028415040456925274,0.03161589719181342,0.026570680628272253,0.01155402189433603,0.012006187529747738,0.03065207044264636,0.034757258448357926,0.01443360304616849,0.051368396001903856,0.06004283674440743,0.03456687291765826,0.023726796763445978,0.06186339838172299,0.046465968586387435,0.01141123274631128,0.01918134221799143,0.048322227510709186,0.04439552594002856,0.018169919086149452,0.025499762018086625,0.016373155640171347,0.00766301761066159,0.006425511661113755,0.017134697762970014,0.009352689195621133,0.007984293193717278,0.0015111851499286055,0.013779152784388387,0.006044740599714422,0.014064731080437886,0.011185149928605425,0.012827225130890052,0.013398381722989053,0.028986197049024272,0.003712517848643503,0.005842455973346026,0.005616373155640171,0.00022608281770585434,0.0030580675868633984,0.0,1.1899095668729177e-05,0.0,0.00017848643503093765,0.0,0.0,0.0,0.0,0.0,0.0,0.0,0.0,0.0,0.0,0.0,0.0,0.0,0.0,0.0,0.0,0.0,0.0,0.0,0.0,0.0,0.0,0.0,0.0,0.0,0.0,0.0,0.0,0.0,0.0,0.0,nan,nan,4.118208516886931,2.9466584809266148,nan,0.8989495648912822,0.022181602540761864,0.0,0.0,0.0,0.0,0.0,0.0,0.0,0.0,0.0,0.0,0.0,0.0,0.0,0.0,0.0,0.0,0.0,0.0,0.0,0.0,0.0,0.0,0.0,0.0,0.040304523063143756,2.3107926556202423,13.018360949395435,12.897447380206005,1.6793551276309902,0.053739364084191686,0.8995553045602181,0.022747364334757724,0.0,0.0,0.0,0.0,0.0,0.0,0.0,0.0,0.0,0.0,0.0,0.0,0.0,0.0,0.0,0.0,0.0,0.0,0.0,0.0,0.0,0.0,0.0,0.0,0.04570848146267142,1.9807008633824281,12.920264093448454,12.859319451498227,2.1330624682579993,0.060944641950228556,0.3792,0.02281,0.0,0.0,0.0,0.0,0.0,0.0,0.0,0.0,0.0,0.5911330049261084,8.262427227944471,15.611285266457658,5.253022839229737,0.2821316614420063,0.0,0.0,0.0,0.0,0.0,0.0,0.0,0.0,0.0,0.0,0.0,0.0,0.0,0.0,0.0,0.0,0.3784,0.023,0.0,0.0,0.0,0.0,0.0,0.0,0.0,0.0,0.0,0.7313357034027427,8.41036058913154,15.434230573895356,5.256475368207212,0.1675977653631285,0.0,0.0,0.0,0.0,0.0,0.0,0.0,0.0,0.0,0.0,0.0,0.0,0.0,0.0,0.0,0.0
43800,4415,2237,0.5066817667044168,1049,900,0.44144960362400903,1256,0.5689694224235561,0.40599999999999997,2.9912764003673096,3.1504102267319753,6.694805194805195,2.166983426296367,9287.432734514769,1415.4498402734764,7853.0,10753.313353180885,10684.032866733438,18.27955083418238,7853.0,0.0,27.825141562853908,20.897230111643108,32.82449972958356,19.1536943606034,0.14314835787089467,0.1014722536806342,0.09241223103057758,0.08154020385050963,0.08539071347678369,0.07633069082672707,0.06500566251415628,0.06296715741789355,0.05413363533408833,0.05526613816534541,0.04983012457531144,0.04167610419026047,0.030351075877689693,0.025821064552661383,0.015175537938844847,0.01245753114382786,0.007021517553793885,0.8989449782252716,0.02308577569749014,0.0,0.0,0.0,0.0,0.0,0.0,0.0,0.0,0.0,0.0,0.0,0.0,0.0,0.0,0.0,0.0,0.0,0.0,0.0,0.0,0.0,0.0,0.0,0.0,0.04756511891279729,2.3374858437146098,13.236693091732732,12.34654586636467,1.950169875424689,0.08154020385050964,4.320127343473647,2.8995251525757886,nan,nan,nan,4.215741391426564,2.8672634783735256,4.425925925925926,2.9280664030397086,1.0498570749445895,0.3804,0.0236,0.0,0.0,0.0,0.0,0.0,0.0,0.0,0.0,0.0,0.6455266138165346,7.773499433748586,15.567383918459774,5.599093997734996,0.4144960362400907,0.0,0.0,0.0,0.0,0.0,0.0,0.0,0.0,0.0,0.0,0.0,0.0,0.0,0.0,0.0,0.0,nan,nan,4.320127343473647,2.8995251525757886,nan,0.3804,0.1092,0.0,0.0,0.0,0.0,0.0,0.0,0.0,0.0,0.0,0.0,0.0,0.0,0.0,0.0,0.0,0.0,0.003318233295583239,0.002072480181200453,0.003374858437146093,0.00362400906002265,0.013216308040770102,0.02463193657984145,0.028165345413363532,0.03084937712344281,0.024847112117780294,0.01867497168742922,0.021834654586636467,0.029365798414496037,0.03146092865232163,0.02668176670441676,0.010509626274065684,0.01232163080407701,0.03249150622876557,0.03509626274065685,0.01405436013590034,0.0522876557191393,0.057927519818799546,0.037157417893544736,0.02289920724801812,0.06003397508493771,0.047723669309173274,0.010826727066817667,0.018799546998867496,0.04551528878822197,0.047372593431483576,0.018799546998867496,0.024597961494903738,0.016172140430351076,0.0063420158550396375,0.006557191392978483,0.017893544733861833,0.008346545866364666,0.007429218573046433,0.0026613816534541337,0.01407701019252548,0.005990939977349943,0.015889014722536805,0.01217440543601359,0.014428086070215175,0.013522083805209513,0.027463193657984147,0.0044960362400906,0.006557191392978483,0.005583238958097396,0.00047565118912797283,0.0029331823329558325,1.1325028312570781e-05,0.0,0.0,0.00046432616081540205,0.0,0.0,0.0,0.0,0.0,0.0,0.0,0.0,0.0,0.0,0.0,0.0,0.0,0.0,0.0,0.0,0.0,0.0,0.0,0.0,0.0,0.0,0.0,0.0,0.0,0.0,0.0,0.0,0.0,0.0,0.0,nan,nan,4.320127343473647,2.8995251525757886,nan,0.8997773201699016,0.0235070654178985,0.0,0.0,0.0,0.0,0.0,0.0,0.0,0.0,0.0,0.0,0.0,0.0,0.0,0.0,0.0,0.0,0.0,0.0,0.0,0.0,0.0,0.0,0.0,0.0,0.04023245417970497,2.3737147966025933,12.820742065265984,12.405006705409033,2.26642825212338,0.0938757264193116,0.8980900889093225,0.022613045457487192,0.0,0.0,0.0,0.0,0.0,0.0,0.0,0.0,0.0,0.0,0.0,0.0,0.0,0.0,0.0,0.0,0.0,0.0,0.0,0.0,0.0,0.0,0.0,0.0,0.055096418732782385,2.300275482093664,13.66391184573003,12.286501377410472,1.6253443526170803,0.06887052341597798,0.3801,0.02373,0.0,0.0,0.0,0.0,0.0,0.0,0.0,0.0,0.0,0.7107733571747878,7.751452838623158,15.449262405006683,5.726419311578008,0.36209208761734474,0.0,0.0,0.0,0.0,0.0,0.0,0.0,0.0,0.0,0.0,0.0,0.0,0.0,0.0,0.0,0.0,0.3806,0.02348,0.0,0.0,0.0,0.0,0.0,0.0,0.0,0.0,0.0,0.578512396694215,7.796143250688707,15.688705234159757,5.468319559228651,0.46831955922865026,0.0,0.0,0.0,0.0,0.0,0.0,0.0,0.0,0.0,0.0,0.0,0.0,0.0,0.0,0.0,0.0
43900,4503,2295,0.5096602265156562,1098,935,0.45147679324894513,1276,0.5667332889184987,0.418,3.01856884057971,3.1174356766675273,6.574303405572755,2.184214914653312,9295.671184148308,1415.117969094334,7853.0,10740.279248595238,10683.652872426941,17.589310981061946,7853.0,0.0,28.011103708638686,20.797765924958597,33.084417308202816,18.946469765205382,0.1425716189207195,0.09504774594714635,0.08683100155451921,0.09216078170108816,0.08771929824561403,0.06950921607817011,0.06617810348656451,0.06928714190539641,0.05618476571174772,0.0519653564290473,0.044858982900288696,0.04352653786364646,0.03353320008882967,0.026870974905618475,0.018654230512991338,0.010659560293137908,0.0044414834554741284,0.8995517631543892,0.02238992447321464,0.0,0.0,0.0,0.0,0.0,0.0,0.0,0.0,0.0,0.0,0.0,0.0,0.0,0.0,0.0,0.0,0.0,0.0,0.0,0.0,0.0,0.0,0.0,0.0,0.026648900732844778,2.1518987341772156,13.024650233177885,12.83144570286476,1.925383077948035,0.03997335109926716,4.260544217687075,2.8899558131200367,nan,nan,nan,4.214334470989761,2.8725723064959126,4.305291723202171,2.9070422523753714,1.0215828270960772,0.38,0.02284,0.0,0.0,0.0,0.0,0.0,0.0,0.0,0.0,0.006662225183211194,0.6462358427714858,7.988007994670221,15.509660226515633,5.649566955363093,0.1998667554963358,0.0,0.0,0.0,0.0,0.0,0.0,0.0,0.0,0.0,0.0,0.0,0.0,0.0,0.0,0.0,0.0,nan,nan,4.260544217687075,2.8899558131200367,nan,0.38,0.1092,0.0,0.0,0.0,0.0,0.0,0.0,0.0,0.0,0.0,0.0,0.0,0.0,0.0,0.0,0.0,1.1103708638685321e-05,0.0031867643793026873,0.001943149011769931,0.0036420164334887853,0.004297135243171219,0.014345991561181435,0.02393959582500555,0.027281812125249834,0.031245836109260492,0.02527204086164779,0.015389740173217854,0.023795247612702644,0.02956917610481901,0.034865645125471904,0.027603819675771708,0.00887186320230957,0.011281367976904285,0.033011325782811456,0.034421496779924496,0.01625582944703531,0.05092160781701088,0.059005107705973794,0.036686653342216304,0.022029757939151677,0.06015989340439707,0.0459138352209638,0.010493004663557627,0.01907617144126138,0.04764601376859871,0.047113035753941816,0.01924272707084166,0.023262269598045747,0.015212080834998889,0.007406173662003109,0.007006440151010438,0.01729957805907173,0.008027981345769488,0.0077281812125249835,0.0017876970908283366,0.013135687319564734,0.005651787697090829,0.016166999777925826,0.013213413280035531,0.014512547190761714,0.013202309571396847,0.026748834110592937,0.004996668887408394,0.006295802798134577,0.006606706640017766,0.0007439484787919165,0.002154119475904952,0.0,0.0,0.0,0.0003220075505218743,0.0,0.0,0.0,0.0,0.0,0.0,0.0,0.0,0.0,0.0,0.0,0.0,0.0,0.0,0.0,0.0,0.0,0.0,0.0,0.0,0.0,0.0,0.0,0.0,0.0,0.0,0.0,0.0,0.0,0.0,0.0,nan,nan,4.260544217687075,2.8899558131200367,nan,0.8987543337745085,0.02224079692759151,0.0,0.0,0.0,0.0,0.0,0.0,0.0,0.0,0.0,0.0,0.0,0.0,0.0,0.0,0.0,0.0,0.0,0.0,0.0,0.0,0.0,0.0,0.0,0.0,0.013071895424836605,2.2875816993464055,13.267973856209153,12.535947712418304,1.8692810457516345,0.02614379084967321,0.9003806129853794,0.022513966653471638,0.0,0.0,0.0,0.0,0.0,0.0,0.0,0.0,0.0,0.0,0.0,0.0,0.0,0.0,0.0,0.0,0.0,0.0,0.0,0.0,0.0,0.0,0.0,0.0,0.0407608695652174,2.0108695652173916,12.771739130434787,13.138586956521742,1.9836956521739135,0.054347826086956534,0.3804,0.02272,0.0,0.0,0.0,0.0,0.0,0.0,0.0,0.0,0.0,0.562091503267974,7.869281045751635,15.49019607843135,5.843137254901962,0.23529411764705888,0.0,0.0,0.0,0.0,0.0,0.0,0.0,0.0,0.0,0.0,0.0,0.0,0.0,0.0,0.0,0.0,0.3792,0.02296,0.0,0.0,0.0,0.0,0.0,0.0,0.0,0.0,0.013586956521739134,0.7336956521739133,8.111413043478262,15.529891304347803,5.4483695652173925,0.1630434782608696,0.0,0.0,0.0,0.0,0.0,0.0,0.0,0.0,0.0,0.0,0.0,0.0,0.0,0.0,0.0,0.0
44000,4596,2403,0.5228459530026109,1195,892,0.4540905134899913,1246,0.5422106179286336,0.426,2.908344733242134,3.074732445763881,6.4693200663349915,2.131724526005054,9333.955514166177,1414.8222335362843,7853.0,10751.940076947212,10685.489198130565,17.531070738973366,7853.0,0.0,27.672758920800696,20.603227909924367,32.54324184360435,18.869432525799667,0.14012184508268058,0.09812880765883376,0.09486510008703221,0.09029590948651,0.08006962576153177,0.07550043516100957,0.06657963446475196,0.06483899042645778,0.060922541340295906,0.053742384682332466,0.04873803307223673,0.03720626631853786,0.034595300261096605,0.020887728459530026,0.017188859878154918,0.0097911227154047,0.006527415143603133,0.9009568124127658,0.02254656158204888,0.0,0.0,0.0,0.0,0.0,0.0,0.0,0.0,0.0,0.0,0.0,0.0,0.0,0.0,0.0,0.0,0.0,0.0,0.0,0.0,0.0,0.0,0.0,0.0,0.019582245430809404,2.0496083550913844,12.336814621409925,13.3289817232376,2.2127937336814627,0.052219321148825076,4.1375,2.9223646883340244,nan,nan,nan,4.0962962962962965,2.9531960236258183,4.1789830508474575,2.8903988903740325,1.0201857357403377,0.381,0.022,0.0,0.0,0.0,0.0,0.0,0.0,0.0,0.0,0.0065274151436031345,0.4895561357702351,7.127937336814623,16.546997389033915,5.522193211488252,0.3067885117493473,0.0,0.0,0.0,0.0,0.0,0.0,0.0,0.0,0.0,0.0,0.0,0.0,0.0,0.0,0.0,0.0,nan,nan,4.1375,2.9223646883340244,nan,0.381,0.10913,0.0,0.0,0.0,0.0,0.0,0.0,0.0,0.0,0.0,0.0,0.0,0.0,0.0,0.0,0.0,0.0,0.0028503046127067015,0.002621845082680592,0.003894691035683203,0.004177545691906005,0.013914273281114012,0.023922976501305482,0.02498912097476066,0.03116840731070496,0.02498912097476066,0.0143059181897302,0.023139686684073107,0.02732811140121845,0.03639033942558747,0.028100522193211488,0.008561792863359443,0.012336814621409922,0.031679721496953875,0.03480200174064404,0.015894255874673628,0.049836814621409924,0.059442993907745864,0.03859878154917319,0.023683637946040035,0.05753916449086162,0.047323759791122716,0.010509138381201044,0.01710182767624021,0.04747606614447346,0.049216710182767624,0.0195822454308094,0.023846823324630114,0.014817232375979112,0.0074630113141862485,0.006940818102697998,0.01873368146214099,0.007408616187989556,0.007212793733681462,0.0019147084421235858,0.013685813751087902,0.005058746736292428,0.018309399477806788,0.012391209747606614,0.015393820713664056,0.013228894691035683,0.028198433420365536,0.004688859878154917,0.006124891209747607,0.005733246301131418,0.001077023498694517,0.0020343777197563096,0.0,0.0,0.0,0.0003372497824194952,0.0,2.175805047867711e-05,0.0,0.0,0.0,0.0,0.0,0.0,0.0,0.0,0.0,0.0,0.0,0.0,0.0,0.0,0.0,0.0,0.0,0.0,0.0,0.0,0.0,0.0,0.0,0.0,0.0,0.0,0.0,0.0,0.0,nan,nan,4.1375,2.9223646883340244,nan,0.901438368740947,0.022294554598980526,0.0,0.0,0.0,0.0,0.0,0.0,0.0,0.0,0.0,0.0,0.0,0.0,0.0,0.0,0.0,0.0,0.0,0.0,0.0,0.0,0.0,0.0,0.0,0.0,0.01248439450686642,1.8976279650436958,12.38451935081149,13.370786516853936,2.2846441947565546,0.04993757802746568,0.9004291426195057,0.02280783376519481,0.0,0.0,0.0,0.0,0.0,0.0,0.0,0.0,0.0,0.0,0.0,0.0,0.0,0.0,0.0,0.0,0.0,0.0,0.0,0.0,0.0,0.0,0.0,0.0,0.027359781121751033,2.2161422708618335,12.284541723666214,13.283173734610127,2.1340629274965806,0.054719562243502065,0.381,0.02242,0.0,0.0,0.0,0.0,0.0,0.0,0.0,0.0,0.01248439450686642,0.47440699126092395,7.215980024968791,16.36704119850185,5.605493133583023,0.3245942571785269,0.0,0.0,0.0,0.0,0.0,0.0,0.0,0.0,0.0,0.0,0.0,0.0,0.0,0.0,0.0,0.0,0.381,0.02155,0.0,0.0,0.0,0.0,0.0,0.0,0.0,0.0,0.0,0.5061559507523941,7.031463748290015,16.744186046511604,5.430916552667579,0.28727770177838585,0.0,0.0,0.0,0.0,0.0,0.0,0.0,0.0,0.0,0.0,0.0,0.0,0.0,0.0,0.0,0.0
44100,4694,2404,0.512143161482744,1138,957,0.4463144439710268,1288,0.5487856838517257,0.426,2.8336244541484716,3.0311059071793194,6.4332784184514,2.2049247619463017,9303.178283362528,1415.4327208402647,7853.0,10753.065134525299,10684.587713021507,17.66591124725044,7853.0,0.0,27.491265445249255,20.789432385467848,32.517980107115534,19.062020296972868,0.1442266723476779,0.10566680869194717,0.09373668512995313,0.08031529612270984,0.07946314443971027,0.07903706859821048,0.07136770345121432,0.06625479335321688,0.05752023860247124,0.04985087345547507,0.04154239454622923,0.035790370685982106,0.035577332765232214,0.024286322965487855,0.0195994887089902,0.010651896037494673,0.0051129100979974435,0.9001854184997503,0.02228276561100623,0.0,0.0,0.0,0.0,0.0,0.0,0.0,0.0,0.0,0.0,0.0,0.0,0.0,0.0,0.0,0.0,0.0,0.0,0.0,0.0,0.0,0.0,0.0,0.0,0.012782275244993611,2.0259906263314873,12.878142309331064,13.050703025138478,1.9620792501065194,0.07030251384746486,4.217274857716773,2.8734023008456004,nan,nan,nan,4.240703177822853,2.8985913984431315,4.1942970822281165,2.848294076779366,0.989056980965463,0.3804,0.02225,0.0,0.0,0.0,0.0,0.0,0.0,0.0,0.0,0.012782275244993611,0.4218150830847892,7.701320835108651,15.965061780996995,5.6561567959096735,0.23008095440988502,0.012782275244993611,0.0,0.0,0.0,0.0,0.0,0.0,0.0,0.0,0.0,0.0,0.0,0.0,0.0,0.0,0.0,nan,nan,4.217274857716773,2.8734023008456004,nan,0.3804,0.1091,0.0,0.0,0.0,0.0,0.0,0.0,0.0,0.0,0.0,0.0,0.0,0.0,0.0,0.0,0.0,3.195568811248402e-05,0.00227950575202386,0.002417980400511291,0.0037707711972731145,0.003909245845760545,0.01417767362590541,0.02508521516829996,0.024435449510012783,0.03295696634000852,0.02613975287601193,0.015317426501917341,0.02392415850021304,0.02481891776736259,0.036525351512569235,0.02937792927141031,0.00963996591393268,0.013005965061780997,0.030496378355347253,0.031028973157221987,0.016126970600766937,0.0488069876438006,0.05716872603323392,0.0422028121005539,0.024105240732850447,0.057669365146996165,0.04863655730720068,0.01109927567106945,0.015466553046442266,0.048466126970600765,0.048625905411163184,0.021527481891776737,0.02311461440136344,0.013005965061780997,0.0071793779292714105,0.0073391563698338306,0.019791222837665105,0.006923732424371538,0.007381763953983809,0.0015445249254367277,0.014443971026842778,0.004676182360460162,0.01736259054111632,0.012654452492543673,0.014028547081380486,0.013091180230080955,0.028078397954835962,0.0041222837665104385,0.006007669365146996,0.00508095440988496,0.0014593097571367704,0.002844056242011078,0.00011717085641244142,0.0,0.0,0.0005112910097997443,0.0,0.0,0.0,0.0,0.0,0.0,0.0,0.0,0.0,0.0,0.0,0.0,0.0,0.0,0.0,0.0,0.0,0.0,0.0,0.0,0.0,0.0,0.0,0.0,0.0,0.0,0.0,0.0,0.0,0.0,0.0,nan,nan,4.217274857716773,2.8734023008456004,nan,0.9001528459559265,0.022733779555997466,0.0,0.0,0.0,0.0,0.0,0.0,0.0,0.0,0.0,0.0,0.0,0.0,0.0,0.0,0.0,0.0,0.0,0.0,0.0,0.0,0.0,0.0,0.0,0.0,0.012479201331114811,2.2712146422628954,12.703826955074879,12.96589018302829,1.9467554076539104,0.09983361064891849,0.9002196125588563,0.02179920982824715,0.0,0.0,0.0,0.0,0.0,0.0,0.0,0.0,0.0,0.0,0.0,0.0,0.0,0.0,0.0,0.0,0.0,0.0,0.0,0.0,0.0,0.0,0.0,0.0,0.01310043668122271,1.768558951965066,13.061135371179043,13.13973799126638,1.9781659388646293,0.03930131004366813,0.3806,0.02213,0.0,0.0,0.0,0.0,0.0,0.0,0.0,0.0,0.0,0.38685524126455917,7.59983361064892,15.97337770382693,5.815307820299503,0.21214642262895178,0.012479201331114811,0.0,0.0,0.0,0.0,0.0,0.0,0.0,0.0,0.0,0.0,0.0,0.0,0.0,0.0,0.0,0.3801,0.02237,0.0,0.0,0.0,0.0,0.0,0.0,0.0,0.0,0.02620087336244542,0.4585152838427949,7.807860262008735,15.956331877729236,5.489082969432316,0.2489082969432315,0.01310043668122271,0.0,0.0,0.0,0.0,0.0,0.0,0.0,0.0,0.0,0.0,0.0,0.0,0.0,0.0,0.0
44200,4970,2509,0.5048289738430584,1152,1045,0.4420523138832998,1426,0.5738430583501006,0.40199999999999997,2.9654611946363265,3.0665160364832555,6.465444287729196,2.0871030479232995,9282.234224335816,1415.5513796346577,7853.0,10751.061586976051,10684.12558587047,17.49953626013811,7853.0,0.0,27.995573440643863,20.89169110114191,32.90574162679426,19.14899314130087,0.13843058350100604,0.10040241448692153,0.0959758551307847,0.08571428571428572,0.07565392354124749,0.07062374245472837,0.07545271629778671,0.06277665995975855,0.05674044265593561,0.05875251509054326,0.045875251509054325,0.04164989939637827,0.03118712273641851,0.024346076458752516,0.016297786720321932,0.013480885311871227,0.006639839034205231,0.8999329624041705,0.022352040815572776,0.0,0.0,0.0,0.0,0.0,0.0,0.0,0.0,0.0,0.0,0.0,0.0,0.0,0.0,0.0,0.0,0.0,0.0,0.0,0.0,0.0,0.0,0.0,0.0,0.036217303822937634,1.9798792756539239,12.95975855130785,12.905432595573444,2.0583501006036222,0.06036217303822939,4.388106416275431,2.866609238633117,nan,nan,nan,4.386533665835412,2.8123291444010707,4.389692017598994,2.92031086627453,1.0007200108341083,0.3796,0.02255,0.0,0.0,0.0,0.0,0.0,0.0,0.0,0.0,0.024144869215291756,0.6458752515090546,7.780684104627768,16.062374245472814,5.239436619718312,0.24748490945674048,0.0,0.0,0.0,0.0,0.0,0.0,0.0,0.0,0.0,0.0,0.0,0.0,0.0,0.0,0.0,0.0,nan,nan,4.388106416275431,2.866609238633117,nan,0.3796,0.10925,0.0,0.0,0.0,0.0,0.0,0.0,0.0,0.0,0.0,0.0,0.0,0.0,0.0,0.0,0.0,2.012072434607646e-05,0.0016599597585513078,0.00306841046277666,0.0034004024144869216,0.004255533199195171,0.016217303822937627,0.025824949698189135,0.02487927565392354,0.032635814889336014,0.028108651911468812,0.014154929577464788,0.022676056338028168,0.024275653923541248,0.03769617706237424,0.030603621730382294,0.008853118712273641,0.01323943661971831,0.028661971830985917,0.032012072434607644,0.016851106639839034,0.04777665995975855,0.05650905432595574,0.0413682092555332,0.024295774647887323,0.05594567404426559,0.05,0.010694164989939638,0.017193158953722334,0.04861167002012073,0.046297786720321935,0.02277665995975855,0.02193158953722334,0.014537223340040241,0.007022132796780684,0.007746478873239437,0.020613682092555333,0.006871227364185111,0.006790744466800805,0.002152917505030181,0.013380281690140845,0.004054325955734407,0.017354124748490945,0.01187122736418511,0.013269617706237425,0.014215291750503019,0.027344064386317906,0.004195171026156941,0.005845070422535212,0.004647887323943662,0.0019215291750503019,0.003108651911468813,0.00018108651911468812,0.0,0.0,0.0003722334004024145,0.0,1.006036217303823e-05,0.0,0.0,0.0,0.0,0.0,0.0,0.0,0.0,0.0,0.0,0.0,0.0,0.0,0.0,0.0,0.0,0.0,0.0,0.0,0.0,0.0,0.0,0.0,0.0,0.0,0.0,0.0,0.0,0.0,nan,nan,4.388106416275431,2.866609238633117,nan,0.900172225646927,0.022319861577365374,0.0,0.0,0.0,0.0,0.0,0.0,0.0,0.0,0.0,0.0,0.0,0.0,0.0,0.0,0.0,0.0,0.0,0.0,0.0,0.0,0.0,0.0,0.0,0.0,0.011956954962136312,2.0087684336389002,12.781984854523717,13.116779593463534,2.020725388601037,0.059784774810681555,0.8996890325073497,0.022382167202746737,0.0,0.0,0.0,0.0,0.0,0.0,0.0,0.0,0.0,0.0,0.0,0.0,0.0,0.0,0.0,0.0,0.0,0.0,0.0,0.0,0.0,0.0,0.0,0.0,0.0609508329947176,1.9504266558309633,13.140999593661116,12.689963429500207,2.0967086550182854,0.0609508329947176,0.38,0.02257,0.0,0.0,0.0,0.0,0.0,0.0,0.0,0.0,0.023913909924272624,0.5978477481068155,7.700278995615784,16.046233559186906,5.344758868074932,0.2869669190912715,0.0,0.0,0.0,0.0,0.0,0.0,0.0,0.0,0.0,0.0,0.0,0.0,0.0,0.0,0.0,0.0,0.3794,0.0225,0.0,0.0,0.0,0.0,0.0,0.0,0.0,0.0,0.024380333197887044,0.6948394961397808,7.862657456318571,16.078829744006477,5.132060138155223,0.20723283218203986,0.0,0.0,0.0,0.0,0.0,0.0,0.0,0.0,0.0,0.0,0.0,0.0,0.0,0.0,0.0,0.0
44300,4837,2523,0.5216043001860657,1180,991,0.44883192061194954,1353,0.5594376679760182,0.40599999999999997,3.027657735522904,3.0525666761619203,6.459770114942529,2.077131076839218,9329.685715051015,1414.2595764864247,7853.0,10738.714384675026,10684.04589920799,17.829465368663044,7853.0,0.0,28.386396526772792,21.023151069606218,33.328585461689585,19.234211706324693,0.13706843084556544,0.09840810419681621,0.09013851560884846,0.0824891461649783,0.08145544759148232,0.07587347529460409,0.07153194128592102,0.06408931155675004,0.05788712011577424,0.055612983254083106,0.041968162083936326,0.04568947694852181,0.03266487492247261,0.027496382054992764,0.019020053752325822,0.010750465164358073,0.00785610915856936,0.9001480281562482,0.022454348274742776,0.0,0.0,0.0,0.0,0.0,0.0,0.0,0.0,0.0,0.0,0.0,0.0,0.0,0.0,0.0,0.0,0.0,0.0,0.0,0.0,0.0,0.0,0.0,0.0,0.049617531527806506,2.0343187926400663,12.609055199503828,13.154848046309699,2.1335538556956797,0.01860657432292744,4.1986084756483235,2.831403920060972,nan,nan,nan,4.17377466581795,2.867713500901683,4.225157232704403,2.7945807519288937,1.0123108147900897,0.3794,0.0226,0.0,0.0,0.0,0.0,0.0,0.0,0.0,0.0,0.012404382881951627,0.5209840810419682,8.007029150299774,15.964440769071714,5.265660533388465,0.22948108331610506,0.0,0.0,0.0,0.0,0.0,0.0,0.0,0.0,0.0,0.0,0.0,0.0,0.0,0.0,0.0,0.0,nan,nan,4.1986084756483235,2.831403920060972,nan,0.3794,0.109,0.0,0.0,0.0,0.0,0.0,0.0,0.0,0.0,0.0,0.0,0.0,0.0,0.0,0.0,1.0336985734959685e-05,0.0,0.0022844738474260906,0.003359520363861898,0.0035352491213562127,0.004145131279718834,0.017583212735166425,0.026752119082075667,0.023661360347322722,0.031972296878230305,0.028033905313210667,0.013562125284267108,0.021273516642547032,0.023754393218937356,0.03867066363448418,0.030556129832540833,0.009117221418234444,0.014285714285714285,0.027362001240438288,0.030783543518709943,0.017789952449865618,0.04806698366756254,0.05562332023981807,0.04132726896836882,0.023599338432912963,0.05831093653090759,0.04898697539797395,0.009913169319826338,0.017552201777961546,0.05006202191440976,0.04947281372751706,0.02273103163117635,0.02071531941285921,0.013231341740748397,0.006739714699193715,0.007866446144304321,0.02011577424023155,0.006191854455240852,0.008155881744883192,0.0023258217903659294,0.011970229481083316,0.004475914823237544,0.018927020880711184,0.012001240438288195,0.011887533595203639,0.01578457721728344,0.027000206739714698,0.004486251808972504,0.005333884639239198,0.003990076493694439,0.0015918958031837917,0.0026462683481496795,7.23589001447178e-05,0.0,0.0,0.00035145751498862933,0.0,0.0,0.0,0.0,0.0,0.0,0.0,0.0,0.0,0.0,0.0,0.0,0.0,0.0,0.0,0.0,0.0,0.0,0.0,0.0,0.0,0.0,0.0,0.0,0.0,0.0,0.0,0.0,0.0,0.0,0.0,nan,nan,4.1986084756483235,2.831403920060972,nan,0.900493775456376,0.022805718816822352,0.0,0.0,0.0,0.0,0.0,0.0,0.0,0.0,0.0,0.0,0.0,0.0,0.0,0.0,0.0,0.0,0.0,0.0,0.0,0.0,0.0,0.0,0.0,0.0,0.03567181926278241,2.1640903686087993,12.235434007134367,13.305588585017839,2.247324613555292,0.01189060642092747,0.8997710530316922,0.022058692010011174,0.0,0.0,0.0,0.0,0.0,0.0,0.0,0.0,0.0,0.0,0.0,0.0,0.0,0.0,0.0,0.0,0.0,0.0,0.0,0.0,0.0,0.0,0.0,0.0,0.0648228176318064,1.8928262748487472,13.016421780466727,12.990492653414005,2.0095073465859987,0.025929127052722566,0.3794,0.02237,0.0,0.0,0.0,0.0,0.0,0.0,0.0,0.0,0.01189060642092747,0.5231866825208087,7.94292508917955,16.05231866825206,5.2913198573127245,0.17835909631391206,0.0,0.0,0.0,0.0,0.0,0.0,0.0,0.0,0.0,0.0,0.0,0.0,0.0,0.0,0.0,0.0,0.3792,0.02286,0.0,0.0,0.0,0.0,0.0,0.0,0.0,0.0,0.012964563526361283,0.5185825410544512,8.076923076923078,15.868625756266184,5.237683664649958,0.2852203975799482,0.0,0.0,0.0,0.0,0.0,0.0,0.0,0.0,0.0,0.0,0.0,0.0,0.0,0.0,0.0,0.0
44400,4885,2462,0.5039918116683726,1176,1009,0.44728761514841353,1377,0.5637666325486183,0.418,2.9455220800660338,3.106236249526749,6.565022421524664,2.1021810599386623,9279.391739647,1415.1019432612147,7853.0,10740.591065645218,10683.188321761007,17.232270684911644,7853.0,0.0,27.697031729785056,20.785700969224074,32.70303326810176,19.027939869876942,0.14165813715455475,0.10030706243602866,0.09621289662231321,0.08843398157625385,0.07635619242579325,0.07410440122824974,0.07349027635619243,0.06345957011258956,0.06079836233367451,0.05015353121801433,0.04216990788126919,0.03971340839303992,0.032753326509723645,0.025383828045035823,0.019447287615148412,0.008393039918116683,0.007164790174002047,0.9008354740718736,0.02238869590476305,0.0,0.0,0.0,0.0,0.0,0.0,0.0,0.0,0.0,0.0,0.0,0.0,0.0,0.0,0.0,0.0,0.0,0.0,0.0,0.0,0.0,0.0,0.0,0.0,0.036847492323439104,1.830092118730809,12.80450358239509,13.123848515864896,2.1494370522006143,0.055271238485158664,4.352527191298784,2.901425677930031,nan,nan,nan,4.3023855577047065,2.864800178065259,4.4019047619047615,2.9362100921452163,1.0231311682473079,0.3777,0.02226,0.0,0.0,0.0,0.0,0.0,0.0,0.0,0.0,0.02456499488229274,0.761514841351075,8.278403275332652,16.243602865916046,4.550665301944729,0.13510747185261004,0.006141248720573185,0.0,0.0,0.0,0.0,0.0,0.0,0.0,0.0,0.0,0.0,0.0,0.0,0.0,0.0,0.0,nan,nan,4.352527191298784,2.901425677930031,nan,0.3777,0.1093,0.0,0.0,0.0,0.0,0.0,0.0,0.0,0.0,0.0,0.0,0.0,0.0,1.0235414534288639e-05,0.0,0.0,2.0470829068577278e-05,0.0028659160696008186,0.00420675537359263,0.004155578300921187,0.0032753326509723643,0.0194575230296827,0.0277482088024565,0.024390992835209825,0.03384851586489253,0.02805527123848516,0.012272262026612078,0.019897645854657114,0.025609007164790174,0.038925281473899696,0.032149437052200615,0.009048106448311156,0.014493346980552713,0.028096212896622313,0.03044012282497441,0.017082906857727738,0.04714431934493347,0.0533367451381781,0.03976458546571136,0.02226202661207779,0.05899692937563971,0.04721596724667349,0.011750255885363357,0.018454452405322414,0.04902763561924258,0.04901740020470829,0.02182190378710338,0.021228249744114636,0.013050153531218014,0.007308085977482088,0.0070931422722620265,0.02106448311156602,0.006509723643807574,0.00887410440122825,0.0028249744114636644,0.011791197543500512,0.0048311156601842375,0.0186489252814739,0.012743091095189354,0.01112589559877175,0.016212896622313205,0.02465711361310133,0.004268167860798362,0.004616171954964176,0.0036949846468781987,0.0018321392016376664,0.002384851586489253,0.00010235414534288638,0.0,0.0,0.0002968270214943705,0.0,0.0,0.0,0.0,0.0,0.0,0.0,0.0,0.0,0.0,0.0,0.0,0.0,0.0,0.0,0.0,0.0,0.0,0.0,0.0,0.0,0.0,0.0,0.0,0.0,0.0,0.0,0.0,0.0,0.0,0.0,nan,nan,4.352527191298784,2.901425677930031,nan,0.9007110626449631,0.022028677589967474,0.0,0.0,0.0,0.0,0.0,0.0,0.0,0.0,0.0,0.0,0.0,0.0,0.0,0.0,0.0,0.0,0.0,0.0,0.0,0.0,0.0,0.0,0.0,0.0,0.012185215272136478,1.7181153533712432,13.001624695369621,13.196588139723804,2.0105605199025187,0.06092607636068238,0.9009618879938932,0.022747976891808,0.0,0.0,0.0,0.0,0.0,0.0,0.0,0.0,0.0,0.0,0.0,0.0,0.0,0.0,0.0,0.0,0.0,0.0,0.0,0.0,0.0,0.0,0.0,0.0,0.061906727197688825,1.9438712340074291,12.604209657449445,13.049938093272806,2.2905489063144864,0.04952538175815106,0.3777,0.022,0.0,0.0,0.0,0.0,0.0,0.0,0.0,0.0,0.012185215272136478,0.7554833468724615,8.151909017059303,16.523151909017034,4.435418359057677,0.1096669374492283,0.012185215272136478,0.0,0.0,0.0,0.0,0.0,0.0,0.0,0.0,0.0,0.0,0.0,0.0,0.0,0.0,0.0,0.3777,0.0225,0.0,0.0,0.0,0.0,0.0,0.0,0.0,0.0,0.037144036318613294,0.7676434172513416,8.406933553446143,15.959554271564153,4.667767230705738,0.16095749071399096,0.0,0.0,0.0,0.0,0.0,0.0,0.0,0.0,0.0,0.0,0.0,0.0,0.0,0.0,0.0,0.0
44500,4604,2321,0.5041268462206777,1095,957,0.4456993918331885,1353,0.5877497827975673,0.38599999999999995,2.9404292597459483,2.976319031957701,6.252161383285302,2.048712169438683,9279.937761867957,1415.2622845787848,7853.0,10736.46218919754,10683.513337199516,17.38372613224616,7853.0,0.0,29.13488271068636,21.189585442893243,33.84097859327217,19.398529549570927,0.12814943527367506,0.09665508253692441,0.09165942658557776,0.0838401390095569,0.0762380538662033,0.07450043440486534,0.06754995655951347,0.06255430060816682,0.06516072980017376,0.05625543006081668,0.04908774978279757,0.04322328410078193,0.036707211120764555,0.02780191138140747,0.02150304083405734,0.01216333622936577,0.0069504778453518675,0.9009959642313337,0.022467599974526388,0.0,0.0,0.0,0.0,0.0,0.0,0.0,0.0,0.0,0.0,0.0,0.0,0.0,0.0,0.0,0.0,0.0,0.0,0.0,0.0,0.0,0.0,0.0,0.0,0.013032145960034755,1.7463075586446573,12.901824500434408,13.051694178974808,2.2350130321459605,0.05212858384013902,4.180236375574524,2.718099775932992,nan,nan,nan,4.069417157825802,2.721117516358427,4.291639236339697,2.7104998844558112,1.0546078393773284,0.3777,0.02293,0.0,0.0,0.0,0.0,0.0,0.0,0.0,0.0,0.013032145960034755,0.8145091225021722,8.3992180712424,15.905734144222393,4.6133796698523035,0.2541268462206777,0.0,0.0,0.0,0.0,0.0,0.0,0.0,0.0,0.0,0.0,0.0,0.0,0.0,0.0,0.0,0.0,nan,nan,4.180236375574524,2.718099775932992,nan,0.3777,0.1093,0.0,0.0,0.0,0.0,0.0,0.0,0.0,0.0,0.0,0.0,0.0,0.0,0.0,0.0,0.0,0.0,0.0023023457862728063,0.004506950477845352,0.004300608166811468,0.0035295395308427456,0.01737619461337967,0.02780191138140747,0.025119461337966987,0.03236316246741963,0.02856211989574283,0.012510860121633362,0.020004344048653346,0.025423544743701128,0.04012814943527367,0.03558861859252824,0.009871850564726324,0.014367940920938314,0.02835577758470895,0.03036490008688097,0.018103822762814945,0.04446133796698523,0.05365986099044309,0.03986750651607298,0.02143788010425717,0.06039313640312771,0.04711120764552563,0.010023892267593397,0.017604257167680278,0.048229800173761946,0.04847958297132928,0.022426151172893136,0.02126411815812337,0.01264118158123371,0.007851867940920939,0.0073631624674196355,0.020797132927888793,0.0058644656820156385,0.009057341442224153,0.003192875760208514,0.011164205039096438,0.003996524761077324,0.016920069504778455,0.01306472632493484,0.012858384013900956,0.017365334491746307,0.025727628149435272,0.004148566463944396,0.004626411815812337,0.003627280625543006,0.0017919200695047785,0.0020091225021720244,0.0001520417028670721,5.4300608166811465e-05,0.0,0.000184622067767159,0.0,0.0,0.0,0.0,0.0,0.0,0.0,0.0,0.0,0.0,0.0,0.0,0.0,0.0,0.0,0.0,0.0,0.0,0.0,0.0,0.0,0.0,0.0,0.0,0.0,0.0,0.0,0.0,0.0,0.0,0.0,nan,nan,4.180236375574524,2.718099775932992,nan,0.9015559945215392,0.022195064696258936,0.0,0.0,0.0,0.0,0.0,0.0,0.0,0.0,0.0,0.0,0.0,0.0,0.0,0.0,0.0,0.0,0.0,0.0,0.0,0.0,0.0,0.0,0.0,0.0,0.0,1.6803102111158987,12.64110297285653,13.36492890995261,2.2619560534252483,0.05170185264971996,0.9004266123681856,0.02272718168052716,0.0,0.0,0.0,0.0,0.0,0.0,0.0,0.0,0.0,0.0,0.0,0.0,0.0,0.0,0.0,0.0,0.0,0.0,0.0,0.0,0.0,0.0,0.0,0.0,0.026281208935611044,1.813403416557162,13.166885676741133,12.733245729303551,2.2076215505913277,0.05256241787122209,0.3774,0.02258,0.0,0.0,0.0,0.0,0.0,0.0,0.0,0.0,0.0,0.7367514002585095,8.931495045239123,15.575183110728112,4.536837570012926,0.21973287376130982,0.0,0.0,0.0,0.0,0.0,0.0,0.0,0.0,0.0,0.0,0.0,0.0,0.0,0.0,0.0,0.0,0.378,0.02328,0.0,0.0,0.0,0.0,0.0,0.0,0.0,0.0,0.026281208935611044,0.8935611038107755,7.858081471747702,16.2417871222076,4.691195795006571,0.2890932982917215,0.0,0.0,0.0,0.0,0.0,0.0,0.0,0.0,0.0,0.0,0.0,0.0,0.0,0.0,0.0,0.0
44600,4477,2314,0.516863971409426,1098,954,0.458342640160822,1286,0.5744918472191199,0.40199999999999997,2.940822931114193,3.0555365976798257,6.562604340567613,2.07834945476968,9315.903117332497,1414.4226664524515,7853.0,10743.051326274872,10683.344535997228,17.437736880390002,7853.0,0.0,27.850792941702032,20.61979294263966,32.73200531208499,18.845683477999938,0.1375921375921376,0.09828009828009827,0.09336609336609336,0.08644181371454099,0.08108108108108109,0.07572034844762117,0.07035961581416127,0.06678579405852134,0.059191422827786465,0.05316059861514407,0.04981014071923163,0.0399821308912218,0.03238775966048693,0.02345320527138709,0.017869108778199687,0.006700915791824883,0.007817735090462363,0.9020679428397956,0.022882714300905344,0.0,0.0,0.0,0.0,0.0,0.0,0.0,0.0,0.0,0.0,0.0,0.0,0.0,0.0,0.0,0.0,0.0,0.0,0.0,0.0,0.0,0.0,0.0,0.006700915791824862,0.06030824212642396,1.795845432209069,11.860620951530045,13.763681036408313,2.425731516640608,0.08711190529372351,4.1753603294440635,2.8780636072784884,nan,nan,nan,4.191961191961192,2.8755458971113894,4.161904761904762,2.879373829636168,0.9928299837045085,0.3765,0.02214,0.0,0.0,0.0,0.0,0.0,0.0,0.0,0.0,0.006700915791824884,0.7907080634353364,9.113245476881842,15.780656689747577,4.194773285682378,0.11391556846102303,0.0,0.0,0.0,0.0,0.0,0.0,0.0,0.0,0.0,0.0,0.0,0.0,0.0,0.0,0.0,0.0,nan,nan,4.1753603294440635,2.8780636072784884,nan,0.3765,0.1091,0.0,0.0,0.0,0.0,0.0,0.0,0.0,0.0,0.0,0.0,0.0,0.0,0.0,0.0,0.0,0.0,0.0026021889658253295,0.004768818405182042,0.0046571364753182935,0.003082421264239446,0.018025463480008934,0.02910431092249274,0.02551932097386643,0.03323654232745142,0.02626758990395354,0.012150993969175787,0.020515970515970514,0.026178244360062542,0.036855036855036855,0.036732186732186735,0.010207728389546571,0.015211078847442484,0.029014965378601744,0.03310252401161492,0.019577842305115032,0.04517534062988608,0.05251284342193433,0.03823989278534733,0.020113915568461024,0.06179361179361179,0.04790037971856154,0.008309135581862855,0.018237659146750056,0.04891668528032164,0.04771052043779316,0.023073486709850346,0.018103640830913557,0.013770381952200135,0.0085995085995086,0.007605539423721242,0.02005807460352915,0.004947509492964039,0.008889881617154344,0.0032387759660486935,0.011771275407639043,0.0043444270716997985,0.016026356935447846,0.013167299530935895,0.012463703372794281,0.017355371900826446,0.02573151664060755,0.003540317176680813,0.004054054054054054,0.0033951306678579405,0.0018092472637927183,0.0019544337726155906,0.00018985928076837167,8.934554389099843e-05,0.0,0.00010051373687737324,0.0,0.0,0.0,0.0,0.0,0.0,0.0,0.0,0.0,0.0,0.0,0.0,0.0,0.0,0.0,0.0,0.0,0.0,0.0,0.0,0.0,0.0,0.0,0.0,0.0,0.0,0.0,0.0,0.0,0.0,0.0,nan,nan,4.1753603294440635,2.8780636072784884,nan,0.9023276334604314,0.02292956973026915,0.0,0.0,0.0,0.0,0.0,0.0,0.0,0.0,0.0,0.0,0.0,0.0,0.0,0.0,0.0,0.0,0.0,0.0,0.0,0.0,0.0,0.0,0.0,0.01296456352636124,0.05185825410544513,1.7113223854796893,12.005185825410548,13.560933448573902,2.5540190146931723,0.10371650821089026,0.9017901231004748,0.022829211038411866,0.0,0.0,0.0,0.0,0.0,0.0,0.0,0.0,0.0,0.0,0.0,0.0,0.0,0.0,0.0,0.0,0.0,0.0,0.0,0.0,0.0,0.0,0.0,0.0,0.0693481276005548,1.8862690707350906,11.705963938973651,13.980582524271847,2.288488210818308,0.0693481276005548,0.3762,0.02177,0.0,0.0,0.0,0.0,0.0,0.0,0.0,0.0,0.012964563526361283,0.7649092480553157,9.178910976663786,15.93344857389799,4.04494382022472,0.0648228176318064,0.0,0.0,0.0,0.0,0.0,0.0,0.0,0.0,0.0,0.0,0.0,0.0,0.0,0.0,0.0,0.0,0.377,0.02252,0.0,0.0,0.0,0.0,0.0,0.0,0.0,0.0,0.0,0.8183079056865467,9.042995839112345,15.617198335644915,4.355062413314841,0.16643550624133152,0.0,0.0,0.0,0.0,0.0,0.0,0.0,0.0,0.0,0.0,0.0,0.0,0.0,0.0,0.0,0.0
44700,4283,2262,0.5281344851739435,1037,863,0.4436142890497315,1186,0.5538174176978753,0.426,3.0920336467095497,3.1420975025203925,6.652470187393527,2.238391944640957,9347.983689099668,1413.1597858399846,7853.0,10745.915301322937,10683.68750681427,17.683952413696097,7853.0,0.0,28.455521830492646,21.1705342219058,33.546644388749655,19.326432215898905,0.13915479803875788,0.09782862479570395,0.09199159467662853,0.08358627130515993,0.07798272239084754,0.07378006070511324,0.06420733130982956,0.06654214335745973,0.05673593275741303,0.05883726360028018,0.048564090590707445,0.044828391314499186,0.03198692505253327,0.02591641372869484,0.01751109035722624,0.010973616623861778,0.00957272939528368,0.9027737050364849,0.022417566612140918,0.0,0.0,0.0,0.0,0.0,0.0,0.0,0.0,0.0,0.0,0.0,0.0,0.0,0.0,0.0,0.0,0.0,0.0,0.0,0.0,0.0,0.0,0.0,0.0,0.021013308428671496,1.6110203128648148,12.06163903805744,13.602614989493349,2.640672425869718,0.06303992528601449,4.306973400431344,2.9481405949616013,nan,nan,nan,4.317818181818182,2.90230171410028,4.299431009957326,2.991089130316317,0.9957415594898641,0.3762,0.02237,0.0,0.0,0.0,0.0,0.0,0.0,0.0,0.0,0.0,0.7214569227177214,9.41396217604483,15.423768386644852,4.279710483306094,0.16110203128648146,0.0,0.0,0.0,0.0,0.0,0.0,0.0,0.0,0.0,0.0,0.0,0.0,0.0,0.0,0.0,0.0,nan,nan,4.306973400431344,2.9481405949616013,nan,0.3762,0.1089,0.0,0.0,0.0,0.0,0.0,0.0,0.0,0.0,0.0,0.0,0.0,0.0,0.0,0.0,5.8370301190754146e-05,0.00010506654214335746,0.003023581601681065,0.004727994396451086,0.004389446649544711,0.002720056035489143,0.01676395050198459,0.02943030586037824,0.02661685734298389,0.031846836329675464,0.025682932523931824,0.012619659117441047,0.020511323838431007,0.027539108101797806,0.03541909876254962,0.03759047396684567,0.010249824889096428,0.015946766285314034,0.02844968480037357,0.03426336679897268,0.022017277609152463,0.04433808078449685,0.05296521130049031,0.03676161568993696,0.019904272706047162,0.06193088956339015,0.04802708381975251,0.00789166472098996,0.017697875321036657,0.051354190987625496,0.04838897968713519,0.022565958440345552,0.01751109035722624,0.013763717020779827,0.007903338781228111,0.008638804576231613,0.01986925052533271,0.00464627597478403,0.007518094793369134,0.003222040625729629,0.011218771888862946,0.003537240252159701,0.014464160635068876,0.013320102731730095,0.01268970347886995,0.017230912911510625,0.026698575764650945,0.0033738034088255896,0.004132617324305393,0.004284380107401354,0.0013425169273873453,0.002474900770487976,0.00010506654214335746,0.00018678496381041327,0.0,7.004436142890498e-05,0.0,0.0,0.0,0.0,0.0,0.0,0.0,0.0,0.0,0.0,0.0,0.0,0.0,0.0,0.0,0.0,0.0,0.0,0.0,0.0,0.0,0.0,0.0,0.0,0.0,0.0,0.0,0.0,0.0,0.0,0.0,nan,nan,4.306973400431344,2.9481405949616013,nan,0.9029674003811456,0.022496935894385686,0.0,0.0,0.0,0.0,0.0,0.0,0.0,0.0,0.0,0.0,0.0,0.0,0.0,0.0,0.0,0.0,0.0,0.0,0.0,0.0,0.0,0.0,0.0,0.0,0.03978779840848807,1.4190981432360747,12.201591511936343,13.501326259946953,2.732095490716181,0.10610079575596819,0.902556911929299,0.022326405246205137,0.0,0.0,0.0,0.0,0.0,0.0,0.0,0.0,0.0,0.0,0.0,0.0,0.0,0.0,0.0,0.0,0.0,0.0,0.0,0.0,0.0,0.0,0.0,0.0,0.0,1.8258287976249385,11.90499752597724,13.715982187036124,2.5383473527956464,0.014844136566056411,0.3762,0.02242,0.0,0.0,0.0,0.0,0.0,0.0,0.0,0.0,0.0,0.7559681697612735,9.522546419098145,15.212201591511914,4.376657824933687,0.13262599469496023,0.0,0.0,0.0,0.0,0.0,0.0,0.0,0.0,0.0,0.0,0.0,0.0,0.0,0.0,0.0,0.0,0.3765,0.02234,0.0,0.0,0.0,0.0,0.0,0.0,0.0,0.0,0.0,0.6828302820385949,9.292429490351314,15.660564077189488,4.171202375061852,0.19297377535873336,0.0,0.0,0.0,0.0,0.0,0.0,0.0,0.0,0.0,0.0,0.0,0.0,0.0,0.0,0.0,0.0
44800,4478,2292,0.511835640911121,1053,940,0.44506476105404197,1286,0.574363555158553,0.41,3.0567246111619397,3.1737548904096022,6.776545166402536,2.1700646205013703,9301.982360975744,1415.1368289215086,7853.0,10750.5357940197,10683.952448712645,17.788693111961862,7853.0,0.0,27.574140241179098,20.702344477597748,32.59513629075361,18.943992047845757,0.1415810629745422,0.10495757034390353,0.08932559178204555,0.09111210361768647,0.07771326485037963,0.08016971862438589,0.06543099598034836,0.06476105404198303,0.05694506476105404,0.05002233139794551,0.04689593568557392,0.04242965609647164,0.033497096918267084,0.02300133988387673,0.01563197856185797,0.010049129075480124,0.006476105404198303,0.9034750987744428,0.02231934938478661,0.0,0.0,0.0,0.0,0.0,0.0,0.0,0.0,0.0,0.0,0.0,0.0,0.0,0.0,0.0,0.0,0.0,0.0,0.0,0.0,0.0,0.0,0.0,0.0,0.013398838767306836,1.5341670388566329,11.723983921393483,13.901295221080844,2.7333631085305945,0.09379187137114786,4.411478260869565,2.9566268216619576,nan,nan,nan,4.46381805651275,2.958342809142857,4.35814606741573,2.953923488965872,0.9763269945685078,0.3762,0.02283,0.0,0.0,0.0,0.0,0.0,0.0,0.0,0.0,0.0,0.944618133095132,9.158106297454223,15.361768646717262,4.401518535060296,0.13398838767306837,0.0,0.0,0.0,0.0,0.0,0.0,0.0,0.0,0.0,0.0,0.0,0.0,0.0,0.0,0.0,0.0,nan,nan,4.411478260869565,2.9566268216619576,nan,0.3762,0.11017,0.0,0.0,0.0,0.0,0.0,0.0,0.0,0.0,0.0,0.0,0.0,0.0,0.0,0.0,0.0,3.349709691826708e-05,0.003796337650736936,0.004868244752121483,0.004231799910674408,0.0032380527020991513,0.01654756587762394,0.03047119249665029,0.026205895489057614,0.034401518535060294,0.027009825815096027,0.012460920053595356,0.019796784278695845,0.026429209468512727,0.03321795444394819,0.0396158999553372,0.010707905314872711,0.01496203662349263,0.027947744528807505,0.034066547565877625,0.021359982134881644,0.04535506922733363,0.0538298347476552,0.03762840553818669,0.019595801697186242,0.062192943278249216,0.04749888343010272,0.00739169271996427,0.018121929432782492,0.048849933005806166,0.04554488610987048,0.02002009825815096,0.0186243858865565,0.011969629298794105,0.008095131755247878,0.008262617239839214,0.02110317105850826,0.005370701205895489,0.007492184010719071,0.003405538186690487,0.01029477445288075,0.0037405091558731576,0.013264850379633765,0.014258597588209023,0.014571237159446181,0.016179097811523,0.028963823135328273,0.0033497096918267085,0.004287628405538186,0.004566770879857079,0.0016748548459133543,0.002746761947297901,0.0,0.0003573023671281822,0.0,1.1165698972755695e-05,0.0,0.0,1.1165698972755695e-05,0.0,0.0,0.0,0.0,0.0,0.0,0.0,0.0,0.0,0.0,0.0,0.0,0.0,0.0,0.0,0.0,0.0,0.0,0.0,0.0,0.0,0.0,0.0,0.0,0.0,0.0,0.0,0.0,nan,nan,4.411478260869565,2.9566268216619576,nan,0.9037044879705702,0.022222240855142447,0.0,0.0,0.0,0.0,0.0,0.0,0.0,0.0,0.0,0.0,0.0,0.0,0.0,0.0,0.0,0.0,0.0,0.0,0.0,0.0,0.0,0.0,0.0,0.0,0.0,1.5052356020942412,11.79319371727749,13.861256544502622,2.7225130890052363,0.11780104712041888,0.9032345864059504,0.022418194551979406,0.0,0.0,0.0,0.0,0.0,0.0,0.0,0.0,0.0,0.0,0.0,0.0,0.0,0.0,0.0,0.0,0.0,0.0,0.0,0.0,0.0,0.0,0.0,0.0,0.027447392497712723,1.5645013723696253,11.651418115279052,13.943275388838064,2.744739249771272,0.06861848124428181,0.376,0.02278,0.0,0.0,0.0,0.0,0.0,0.0,0.0,0.0,0.0,0.9554973821989531,9.17539267015707,15.379581151832438,4.358638743455498,0.13089005235602097,0.0,0.0,0.0,0.0,0.0,0.0,0.0,0.0,0.0,0.0,0.0,0.0,0.0,0.0,0.0,0.0,0.3765,0.02289,0.0,0.0,0.0,0.0,0.0,0.0,0.0,0.0,0.0,0.9332113449222326,9.139981701738337,15.343092406221386,4.446477584629461,0.13723696248856362,0.0,0.0,0.0,0.0,0.0,0.0,0.0,0.0,0.0,0.0,0.0,0.0,0.0,0.0,0.0,0.0
44900,4458,2272,0.509645580978017,1038,910,0.4369672498878421,1248,0.5598923283983849,0.418,3.016925892040256,3.1764496616315934,6.796178343949045,2.2095301789080724,9295.946943035464,1415.430269778642,7853.0,10740.498739004135,10684.275295797577,17.64610821394954,7853.0,0.0,27.960296096904443,21.023603840465,32.800904977375566,19.36117827237048,0.13660834454912515,0.10206370569762226,0.09982054733064154,0.0863615971287573,0.07873485868102288,0.07379991027366532,0.06751906684611933,0.06684611933602512,0.05518169582772544,0.04733064154329296,0.05047106325706595,0.039030955585464336,0.03095558546433378,0.02534768954688201,0.02265589950650516,0.009421265141318977,0.00785105428443248,0.9046135455597244,0.0227024220088353,0.0,0.0,0.0,0.0,0.0,0.0,0.0,0.0,0.0,0.0,0.0,0.0,0.0,0.0,0.0,0.0,0.0,0.0,0.0,0.0,0.0,0.0,0.0,0.0,0.026917900403768513,1.4064602960969048,11.177658142664875,14.246298788694485,3.048452220726784,0.0942126514131898,4.3664095371669,2.940867793332668,nan,nan,nan,4.336599020293912,2.901834061002069,4.396345748418834,2.9792513925613178,1.0137773236228036,0.3755,0.02295,0.0,0.0,0.0,0.0,0.0,0.0,0.0,0.0,0.013458950201884257,0.942126514131898,9.468371467025573,15.423956931359331,3.950201884253029,0.20188425302826385,0.0,0.0,0.0,0.0,0.0,0.0,0.0,0.0,0.0,0.0,0.0,0.0,0.0,0.0,0.0,0.0,nan,nan,4.3664095371669,2.940867793332668,nan,0.3755,0.1101,0.0,0.0,0.0,0.0,0.0,0.0,0.0,0.0,0.0,0.0,0.0,0.0,0.0,0.0,2.243158366980709e-05,2.243158366980709e-05,0.004127411395244504,0.004351727231942575,0.004497532525796321,0.003342305966801256,0.016464782413638402,0.029822790489008523,0.02471960520412741,0.03869448183041723,0.02682817406908928,0.013492597577388963,0.01851727231942575,0.02823014804845222,0.03331090174966353,0.0386159712875729,0.010722296994167789,0.015163750560789592,0.028432032301480486,0.03347913862718708,0.022409152086137283,0.04339389860924181,0.05446388515029161,0.037292507851054285,0.018954688200986988,0.06094661283086586,0.04699416778824585,0.008557649170031404,0.019291161956034097,0.04983176312247645,0.04285554060116644,0.01879766711529834,0.01980708838043966,0.013077613279497533,0.009421265141318977,0.008434275459847465,0.020648272768057425,0.004576043068640646,0.008142664872139974,0.0029834006280843425,0.00986989681471512,0.003319874383131449,0.014154329295648273,0.013761776581426648,0.014502018842530282,0.01386271870794078,0.029071332436069987,0.003723642889187977,0.004643337819650067,0.004340511440107672,0.0019403319874383132,0.0027478689995513684,0.0,0.0003252579632122028,0.0,0.0,0.0,0.0,0.0,0.0,0.0,0.0,0.0,0.0,0.0,0.0,0.0,0.0,0.0,0.0,0.0,0.0,0.0,0.0,0.0,0.0,0.0,0.0,0.0,0.0,0.0,0.0,0.0,0.0,0.0,0.0,0.0,nan,nan,4.3664095371669,2.940867793332668,nan,0.9045026563632657,0.02269361318373834,0.0,0.0,0.0,0.0,0.0,0.0,0.0,0.0,0.0,0.0,0.0,0.0,0.0,0.0,0.0,0.0,0.0,0.0,0.0,0.0,0.0,0.0,0.0,0.0,0.02640845070422536,1.399647887323944,11.316021126760566,14.115316901408454,3.0633802816901414,0.07922535211267608,0.9047287972771784,0.02271099997099002,0.0,0.0,0.0,0.0,0.0,0.0,0.0,0.0,0.0,0.0,0.0,0.0,0.0,0.0,0.0,0.0,0.0,0.0,0.0,0.0,0.0,0.0,0.0,0.0,0.027447392497712723,1.4135407136322053,11.033851784080515,14.382433668801466,3.032936870997256,0.10978956999085089,0.3757,0.02255,0.0,0.0,0.0,0.0,0.0,0.0,0.0,0.0,0.01320422535211268,0.7658450704225354,9.41461267605634,15.567781690140823,4.106514084507043,0.13204225352112678,0.0,0.0,0.0,0.0,0.0,0.0,0.0,0.0,0.0,0.0,0.0,0.0,0.0,0.0,0.0,0.0,0.3752,0.02335,0.0,0.0,0.0,0.0,0.0,0.0,0.0,0.0,0.013723696248856361,1.1253430924062215,9.524245196706314,15.274473924977103,3.787740164684356,0.27447392497712725,0.0,0.0,0.0,0.0,0.0,0.0,0.0,0.0,0.0,0.0,0.0,0.0,0.0,0.0,0.0,0.0
45000,4572,2371,0.518591426071741,1091,929,0.44181977252843396,1284,0.5616797900262467,0.40199999999999997,2.966833257610177,3.099924434292143,6.561174551386623,2.1955597911721165,9320.780175986278,1414.24109187253,7853.0,10743.763918876648,10683.32094669307,17.973740013018503,7853.0,0.0,28.242125984251967,20.938996960943705,33.064992232004144,19.2008294243384,0.13495188101487315,0.10039370078740158,0.09273840769903761,0.08530183727034121,0.081583552055993,0.07655293088363954,0.06255468066491689,0.06714785651793526,0.06124234470691164,0.05205599300087489,0.045494313210848646,0.03871391076115486,0.04068241469816273,0.02537182852143482,0.01859142607174103,0.009623797025371828,0.00699912510936133,0.9032007249973368,0.022552886032287618,0.0,0.0,0.0,0.0,0.0,0.0,0.0,0.0,0.0,0.0,0.0,0.0,0.0,0.0,0.0,0.0,0.0,0.0,0.0,0.0,0.0,0.0,0.0,0.0,0.03937007874015749,1.4960629921259847,11.850393700787405,13.85170603674541,2.6771653543307092,0.08530183727034123,4.34717494894486,2.857989026760805,nan,nan,nan,4.389041095890411,2.823704049640288,4.305818673883627,2.8908621325984885,0.9810385867462695,0.3748,0.02336,0.0,0.0,0.0,0.0,0.0,0.0,0.0,0.0,0.019685039370078743,1.1614173228346458,9.776902887139109,14.829396325459296,3.9895013123359586,0.22309711286089243,0.0,0.0,0.0,0.0,0.0,0.0,0.0,0.0,0.0,0.0,0.0,0.0,0.0,0.0,0.0,0.0,nan,nan,4.34717494894486,2.857989026760805,nan,0.3748,0.1092,0.0,0.0,0.0,0.0,0.0,0.0,0.0,0.0,0.0,0.0,0.0,0.0,0.0,0.0,3.280839895013123e-05,0.0,0.0034667541557305338,0.004374453193350831,0.004647856517935258,0.0034776902887139107,0.015409011373578302,0.02795275590551181,0.025513998250218724,0.039960629921259844,0.028926071741032372,0.01384514435695538,0.01781496062992126,0.029910323709536307,0.03591426071741032,0.038123359580052495,0.009590988626421697,0.013156167979002625,0.027777777777777776,0.035422134733158354,0.021609798775153104,0.041929133858267714,0.05356517935258093,0.039960629921259844,0.01990376202974628,0.05916447944006999,0.04835958005249344,0.008223972003499563,0.018285214348206475,0.04949693788276466,0.04119641294838145,0.02136920384951881,0.020199037620297462,0.013167104111986001,0.009908136482939632,0.00905511811023622,0.022211286089238846,0.004658792650918635,0.008322397200349956,0.002865266841644794,0.009142607174103238,0.00336832895888014,0.013221784776902888,0.013560804899387576,0.01365923009623797,0.013910761154855643,0.028127734033245845,0.003543307086614173,0.003794838145231846,0.004965004374453194,0.0020341207349081365,0.0018044619422572178,0.0,9.84251968503937e-05,0.0,0.0,0.0,0.0,0.0,0.0,0.0,0.0,0.0,0.0,0.0,0.0,0.0,0.0,0.0,0.0,0.0,0.0,0.0,0.0,0.0,0.0,0.0,0.0,0.0,0.0,0.0,0.0,0.0,0.0,0.0,0.0,0.0,nan,nan,4.34717494894486,2.857989026760805,nan,0.9035613724120505,0.022671266003145677,0.0,0.0,0.0,0.0,0.0,0.0,0.0,0.0,0.0,0.0,0.0,0.0,0.0,0.0,0.0,0.0,0.0,0.0,0.0,0.0,0.0,0.0,0.0,0.0,0.0253057781526782,1.379164909320962,11.98228595529313,13.665120202446229,2.8469000421762978,0.1012231126107128,0.9028122220349171,0.02241817310833732,0.0,0.0,0.0,0.0,0.0,0.0,0.0,0.0,0.0,0.0,0.0,0.0,0.0,0.0,0.0,0.0,0.0,0.0,0.0,0.0,0.0,0.0,0.0,0.0,0.054520672421626545,1.6219900045433897,11.708314402544302,14.052703316674242,2.4943207632894144,0.06815084052703319,0.375,0.02368,0.0,0.0,0.0,0.0,0.0,0.0,0.0,0.0,0.0253057781526782,1.1640657950231972,9.616195698017716,14.95571488823279,3.909742724588782,0.3289751159848166,0.0,0.0,0.0,0.0,0.0,0.0,0.0,0.0,0.0,0.0,0.0,0.0,0.0,0.0,0.0,0.0,0.3745,0.023,0.0,0.0,0.0,0.0,0.0,0.0,0.0,0.0,0.013630168105406636,1.158564288959564,9.950022716946844,14.693321217628329,4.075420263516584,0.10904134484325309,0.0,0.0,0.0,0.0,0.0,0.0,0.0,0.0,0.0,0.0,0.0,0.0,0.0,0.0,0.0,0.0
45100,4490,2306,0.5135857461024499,1095,917,0.44810690423162586,1270,0.5657015590200446,0.426,2.9294871794871793,3.079021910849501,6.633779264214047,2.074207613084747,9306.247739254208,1414.3412795219456,7853.0,10736.391260147095,10682.610732546136,17.91568715489679,7853.0,0.0,27.565701559020045,20.531181771959677,32.42395336512983,18.785978902969557,0.14142538975501115,0.09443207126948774,0.0977728285077951,0.09265033407572383,0.08285077951002227,0.06971046770601336,0.07104677060133631,0.06837416481069042,0.052338530066815145,0.05278396436525613,0.047438752783964366,0.04253897550111359,0.031403118040089086,0.02271714922048998,0.017817371937639197,0.011135857461024499,0.0035634743875278397,0.9026521561273222,0.022605547577439943,0.0,0.0,0.0,0.0,0.0,0.0,0.0,0.0,0.0,0.0,0.0,0.0,0.0,0.0,0.0,0.0,0.0,0.0,0.0,0.0,0.0,0.0,0.0,0.0,0.013363028953229402,1.5768374164810695,11.993318485523389,13.917594654788422,2.4120267260579067,0.08685968819599112,4.294546717610281,2.8498505096877236,nan,nan,nan,4.291955617198336,2.8821136061108823,4.29714683368128,2.8171013572599617,1.0012095224056239,0.3743,0.02225,0.0,0.0,0.0,0.0,0.0,0.0,0.0,0.0,0.006681514476614701,0.982182628062361,10.109131403118042,15.120267260579041,3.7015590200445443,0.08017817371937641,0.0,0.0,0.0,0.0,0.0,0.0,0.0,0.0,0.0,0.0,0.0,0.0,0.0,0.0,0.0,0.0,nan,nan,4.294546717610281,2.8498505096877236,nan,0.3743,0.1093,0.0,0.0,0.0,0.0,0.0,0.0,0.0,0.0,0.0,0.0,0.0,0.0,0.0,0.0,0.0,0.0,0.0032739420935412027,0.004677060133630289,0.005456570155902005,0.00366369710467706,0.015612472160356347,0.029910913140311805,0.024465478841870825,0.04047884187082405,0.02928730512249443,0.01465478841870824,0.01757238307349666,0.027628062360801783,0.03451002227171492,0.03883073496659243,0.011592427616926504,0.011792873051224945,0.029187082405345212,0.03631403118040089,0.019220489977728284,0.041581291759465476,0.05400890868596882,0.03992204899777283,0.02208240534521158,0.061269487750556795,0.04489977728285078,0.0077060133630289535,0.01552338530066815,0.049342984409799555,0.04083518930957684,0.023496659242761692,0.021570155902004454,0.013964365256124722,0.009320712694877506,0.008017817371937639,0.021703786191536747,0.004621380846325167,0.007884187082405346,0.0027505567928730514,0.009844097995545658,0.003151447661469933,0.013329621380846325,0.013630289532293987,0.014075723830734967,0.013429844097995546,0.027728285077951,0.0030957683741648107,0.003975501113585746,0.005879732739420935,0.0019487750556792874,0.0011915367483296213,0.0,8.908685968819599e-05,0.0,0.0,0.0,0.0,0.0,0.0,0.0,0.0,0.0,0.0,0.0,0.0,0.0,0.0,0.0,0.0,0.0,0.0,0.0,0.0,0.0,0.0,0.0,0.0,0.0,0.0,0.0,0.0,0.0,0.0,0.0,0.0,0.0,nan,nan,4.294546717610281,2.8498505096877236,nan,0.9028392466946674,0.02270546117081206,0.0,0.0,0.0,0.0,0.0,0.0,0.0,0.0,0.0,0.0,0.0,0.0,0.0,0.0,0.0,0.0,0.0,0.0,0.0,0.0,0.0,0.0,0.0,0.0,0.02601908065915005,1.535125758889853,12.254986990459674,13.581960104076325,2.4848222029488296,0.11708586296617522,0.9024546145301162,0.022497882622121455,0.0,0.0,0.0,0.0,0.0,0.0,0.0,0.0,0.0,0.0,0.0,0.0,0.0,0.0,0.0,0.0,0.0,0.0,0.0,0.0,0.0,0.0,0.0,0.0,0.0,1.6208791208791213,11.71703296703297,14.271978021978025,2.3351648351648358,0.05494505494505496,0.3745,0.02234,0.0,0.0,0.0,0.0,0.0,0.0,0.0,0.0,0.0,0.9236773633998268,9.913269731136168,15.325238508239353,3.733738074588032,0.1040763226366002,0.0,0.0,0.0,0.0,0.0,0.0,0.0,0.0,0.0,0.0,0.0,0.0,0.0,0.0,0.0,0.0,0.3738,0.02217,0.0,0.0,0.0,0.0,0.0,0.0,0.0,0.0,0.01373626373626374,1.0439560439560442,10.315934065934067,14.903846153846132,3.6675824175824183,0.05494505494505496,0.0,0.0,0.0,0.0,0.0,0.0,0.0,0.0,0.0,0.0,0.0,0.0,0.0,0.0,0.0,0.0
45200,4724,2371,0.5019051651143099,1139,1020,0.45702794242167655,1382,0.5850973751058425,0.40199999999999997,2.9579260518487036,3.0522322709102014,6.487294469357249,2.130686185670705,9274.011341200907,1415.662160366571,7853.0,10747.210681080818,10684.234743075953,17.624574280883213,7853.0,0.0,28.102667231160034,20.772910321283984,33.080141129032256,18.92881478097191,0.1397121083827265,0.09610499576629974,0.08615580016934801,0.08784928027095681,0.081922099915326,0.07811176968670618,0.07387806943268417,0.06519898391193904,0.05927180355630821,0.04995766299745978,0.04699407281964437,0.04318374259102455,0.03365791701947502,0.02222692633361558,0.01735817104149026,0.011854360711261643,0.006562235393734124,0.9043552823787417,0.022510565128311545,0.0,0.0,0.0,0.0,0.0,0.0,0.0,0.0,0.0,0.0,0.0,0.0,0.0,0.0,0.0,0.0,0.0,0.0,0.0,0.0,0.0,0.0,0.0,0.0,0.0063505503810330245,1.3971210838272654,11.392887383573246,14.104572396274348,3.0165114309906866,0.08255715495342932,4.284193548387097,2.854121269428392,nan,nan,nan,4.3049267643142475,2.833406331498693,4.264705882352941,2.873319219391329,0.9906570113353105,0.375,0.02307,0.0,0.0,0.0,0.0,0.0,0.0,0.0,0.0,0.0063505503810330245,1.073243014394581,9.424216765453007,15.323878069432663,4.038950042337003,0.1333615580016935,0.0,0.0,0.0,0.0,0.0,0.0,0.0,0.0,0.0,0.0,0.0,0.0,0.0,0.0,0.0,0.0,nan,nan,4.284193548387097,2.854121269428392,nan,0.375,0.1096,0.0,0.0,0.0,0.0,0.0,0.0,0.0,0.0,0.0,0.0,0.0,0.0,0.0,0.0,0.0,0.0,0.0029106689246401357,0.004709991532599492,0.004868755292125318,0.0040961049957663,0.015855207451312445,0.028461049957662996,0.025306943268416596,0.040728196443691786,0.028662150719729045,0.01484970364098222,0.018395427603725655,0.026735817104149025,0.03558425063505504,0.037701100762066043,0.011102878916172735,0.010182049110922946,0.029466553767993228,0.03651566469093988,0.01943268416596105,0.042728619813717186,0.054085520745131246,0.04046359017781541,0.021877646062658764,0.062394157493649446,0.04181837425910245,0.006943268416596105,0.0140770533446232,0.05006350550381033,0.03993437764606266,0.0236346316680779,0.021591871295512276,0.013770110076206604,0.009906858594411516,0.008520321761219305,0.023581710414902625,0.004667654530059272,0.009801016088060966,0.0026989839119390346,0.00957874682472481,0.00270956816257409,0.013791278577476715,0.012902201524132092,0.01484970364098222,0.01518839966130398,0.027317950889077052,0.0026989839119390346,0.003524555461473328,0.0059271803556308214,0.0017040643522438612,0.0016299745977984758,0.0,5.292125317527519e-05,0.0,0.0,0.0,0.0,0.0,0.0,0.0,0.0,0.0,0.0,0.0,0.0,0.0,0.0,0.0,0.0,0.0,0.0,0.0,0.0,0.0,0.0,0.0,0.0,0.0,0.0,0.0,0.0,0.0,0.0,0.0,0.0,0.0,nan,nan,4.284193548387097,2.854121269428392,nan,0.9046483021253073,0.02227366760334137,0.0,0.0,0.0,0.0,0.0,0.0,0.0,0.0,0.0,0.0,0.0,0.0,0.0,0.0,0.0,0.0,0.0,0.0,0.0,0.0,0.0,0.0,0.0,0.0,0.0,1.4171235765499792,11.223112610712782,14.323070434415861,2.9354702657106713,0.1012231126107128,0.9040600210871537,0.022742961077769318,0.0,0.0,0.0,0.0,0.0,0.0,0.0,0.0,0.0,0.0,0.0,0.0,0.0,0.0,0.0,0.0,0.0,0.0,0.0,0.0,0.0,0.0,0.0,0.0,0.012749681257968553,1.3769655758606039,11.563960900977479,13.884402889927754,3.0981725456863587,0.06374840628984277,0.3755,0.0226,0.0,0.0,0.0,0.0,0.0,0.0,0.0,0.0,0.0126528890763391,0.8983551244200761,9.350485027414594,15.525094896668051,4.099536060733868,0.1138760016870519,0.0,0.0,0.0,0.0,0.0,0.0,0.0,0.0,0.0,0.0,0.0,0.0,0.0,0.0,0.0,0.0,0.3745,0.02354,0.0,0.0,0.0,0.0,0.0,0.0,0.0,0.0,0.0,1.2494687632809183,9.498512537186572,15.12112197195068,3.977900552486189,0.15299617509562263,0.0,0.0,0.0,0.0,0.0,0.0,0.0,0.0,0.0,0.0,0.0,0.0,0.0,0.0,0.0,0.0
45300,4828,2497,0.5171913835956918,1147,998,0.44428334714167356,1378,0.5708367854183927,0.40199999999999997,3.0377520377520377,3.118747907680148,6.614243323442136,2.2206554169553296,9316.951089384838,1414.5088465528686,7853.0,10740.846581935883,10683.5790386664,17.52274444277774,7853.0,0.0,28.46685998342999,21.18597229389206,33.55780632411067,19.346873140797868,0.14084507042253522,0.0940347970173985,0.09051367025683513,0.08885666942833471,0.07787903893951947,0.07352941176470588,0.06752278376139188,0.06379453189726594,0.06006628003314002,0.05178127589063795,0.0463960231980116,0.03997514498757249,0.03893951946975974,0.025890637945318973,0.01988400994200497,0.01387738193869097,0.006213753106876553,0.9047430621733227,0.02257197348456967,0.0,0.0,0.0,0.0,0.0,0.0,0.0,0.0,0.0,0.0,0.0,0.0,0.0,0.0,0.0,0.0,0.0,0.0,0.0,0.0,0.0,0.0,0.0,0.0,0.04349627174813588,1.3048881524440765,11.228251864125935,14.347555923777964,2.9950289975144995,0.08077879038939521,4.275071633237823,2.8452800613418994,nan,nan,nan,4.418181818181818,2.857740787492909,4.137414116177389,2.8264133944104928,0.9364517546903556,0.374,0.02261,0.0,0.0,0.0,0.0,0.0,0.0,0.0,0.0,0.0,0.9755592377796191,10.097348798674401,15.074565037282497,3.7344656172328095,0.11806130903065454,0.0,0.0,0.0,0.0,0.0,0.0,0.0,0.0,0.0,0.0,0.0,0.0,0.0,0.0,0.0,0.0,nan,nan,4.275071633237823,2.8452800613418994,nan,0.374,0.11,0.0,0.0,0.0,0.0,0.0,0.0,0.0,0.0,0.0,0.0,0.0,0.0,0.0,1.035625517812759e-05,0.0,0.0,0.0031068765534382767,0.004629246064623033,0.005633802816901409,0.004090720795360397,0.0158036454018227,0.029059652029826015,0.027029826014913008,0.04322700911350456,0.027392294946147474,0.01516155758077879,0.02040182270091135,0.027816901408450705,0.0341963545981773,0.03462096106048053,0.01232394366197183,0.011309030654515327,0.02847970173985087,0.03721002485501243,0.020287903893951947,0.04274026512013256,0.05010356255178128,0.04114540182270091,0.021675642087821044,0.06074979287489644,0.04102112676056338,0.007280447390223695,0.013297431648715824,0.050362468931234465,0.038421706710853355,0.024710024855012426,0.022535211267605635,0.014664457332228665,0.009672742336371169,0.009072079536039768,0.02551781275890638,0.00412178956089478,0.00871996685998343,0.0029308202154101075,0.008958160729080365,0.002692626346313173,0.011888980944490472,0.012852112676056338,0.015627589063794533,0.015782932891466445,0.025890637945318973,0.0030861640430820216,0.0035936205468102733,0.005374896437448219,0.001335956917978459,0.0023819386909693457,0.0,0.0,0.0,0.0,0.0,0.0,0.0,0.0,0.0,0.0,0.0,0.0,0.0,0.0,0.0,0.0,0.0,0.0,0.0,0.0,0.0,0.0,0.0,0.0,0.0,0.0,0.0,0.0,0.0,0.0,0.0,0.0,0.0,0.0,0.0,nan,nan,4.275071633237823,2.8452800613418994,nan,0.9050614998060844,0.022290649189434932,0.0,0.0,0.0,0.0,0.0,0.0,0.0,0.0,0.0,0.0,0.0,0.0,0.0,0.0,0.0,0.0,0.0,0.0,0.0,0.0,0.0,0.0,0.0,0.0,0.02402883460152183,1.2975570684821789,10.957148578293955,14.753704445334405,2.895474569483381,0.0720865038045655,0.9044019473003042,0.022864573874150924,0.0,0.0,0.0,0.0,0.0,0.0,0.0,0.0,0.0,0.0,0.0,0.0,0.0,0.0,0.0,0.0,0.0,0.0,0.0,0.0,0.0,0.0,0.0,0.0,0.06435006435006436,1.312741312741313,11.518661518661522,13.912483912483916,3.1016731016731023,0.09009009009009011,0.374,0.02237,0.0,0.0,0.0,0.0,0.0,0.0,0.0,0.0,0.0,0.9251101321585905,10.296355626752105,15.042050460552643,3.6283540248297963,0.10812975570684824,0.0,0.0,0.0,0.0,0.0,0.0,0.0,0.0,0.0,0.0,0.0,0.0,0.0,0.0,0.0,0.0,0.3738,0.02287,0.0,0.0,0.0,0.0,0.0,0.0,0.0,0.0,0.0,1.0296010296010298,9.884169884169886,15.109395109395088,3.8481338481338487,0.12870012870012873,0.0,0.0,0.0,0.0,0.0,0.0,0.0,0.0,0.0,0.0,0.0,0.0,0.0,0.0,0.0,0.0
45400,4726,2421,0.5122725349132459,1115,969,0.4409648751586966,1339,0.5666525603046975,0.426,3.0229934924078092,3.141892527265385,6.6566716641679164,2.1774287861104407,9303.191370879726,1415.0800265696066,7853.0,10745.578091144562,10683.898149020068,17.806457820476357,7853.0,0.0,27.75772323317816,20.821895485080567,32.8218172614528,19.015403308491162,0.14325010579771477,0.10135421074904782,0.08802369868810833,0.08929327126534067,0.07955988150655946,0.07405840033855268,0.07702073635209479,0.05670757511637749,0.05903512484130343,0.04803216250528988,0.04972492594159966,0.044011849344054166,0.03152771900126957,0.024333474396953027,0.01946677951756242,0.008463817181548879,0.006136267456622937,0.9057615207152704,0.022443702179666323,0.0,0.0,0.0,0.0,0.0,0.0,0.0,0.0,0.0,0.0,0.0,0.0,0.0,0.0,0.0,0.0,0.0,0.0,0.0,0.0,0.0,0.0,0.0,0.0,0.012695725772323321,1.250528988573847,10.55014811680068,14.885738468049093,3.180279305966992,0.12060939483707155,4.366545694490267,2.9257707567561035,nan,nan,nan,4.413657255416941,2.9150137687306468,4.318965517241379,2.935827528990429,0.9785457427489764,0.3735,0.0228,0.0,0.0,0.0,0.0,0.0,0.0,0.0,0.0,0.012695725772323321,1.1299195937367754,10.347016504443506,14.866694879390584,3.4976724502750747,0.14600084638171817,0.0,0.0,0.0,0.0,0.0,0.0,0.0,0.0,0.0,0.0,0.0,0.0,0.0,0.0,0.0,0.0,nan,nan,4.366545694490267,2.9257707567561035,nan,0.3735,0.1105,0.0,0.0,0.0,0.0,0.0,0.0,0.0,0.0,0.0,0.0,0.0,0.0,0.0,0.0,3.17393144308083e-05,4.231908590774439e-05,0.0037240795598815065,0.004824375793482861,0.0064959796868387645,0.003808717731696995,0.016155311045281423,0.029506982649174777,0.026798561151079137,0.044530258146424036,0.0271688531527719,0.015277190012695726,0.020323741007194245,0.027073635209479474,0.03460643250105798,0.034532374100719423,0.012082099026661025,0.011500211595429539,0.02942234447735929,0.03787558188743123,0.019667795175624208,0.03931443080829454,0.04974608548455353,0.04455141768937791,0.02198476512907321,0.05788192975031739,0.04021371138383411,0.005924672027084215,0.014441388066017774,0.05095217943292425,0.03882776132035548,0.024005501481168007,0.023095641134151502,0.014145154464663563,0.009521794329242488,0.008791790097333897,0.025835801946677953,0.004305966991112992,0.008220482437579349,0.0026343630977570883,0.008823529411764706,0.003776978417266187,0.011246297079983073,0.012060939483707152,0.015446466356326703,0.01550994498518832,0.02850190435886585,0.0026661024121878967,0.003956834532374101,0.004221328819297503,0.0013542107490478205,0.002581464240372408,0.0,0.0,0.0,1.0579771476936098e-05,0.0,0.0,0.0,0.0,0.0,0.0,0.0,0.0,0.0,0.0,0.0,0.0,0.0,0.0,0.0,0.0,0.0,0.0,0.0,0.0,0.0,0.0,0.0,0.0,0.0,0.0,0.0,0.0,0.0,0.0,0.0,nan,nan,4.366545694490267,2.9257707567561035,nan,0.9059738338067481,0.022520174849721367,0.0,0.0,0.0,0.0,0.0,0.0,0.0,0.0,0.0,0.0,0.0,0.0,0.0,0.0,0.0,0.0,0.0,0.0,0.0,0.0,0.0,0.0,0.0,0.0,0.012391573729863695,1.2267657992565058,10.570012391573734,14.783147459727388,3.2837670384138793,0.12391573729863695,0.9055385228868679,0.022360928920784024,0.0,0.0,0.0,0.0,0.0,0.0,0.0,0.0,0.0,0.0,0.0,0.0,0.0,0.0,0.0,0.0,0.0,0.0,0.0,0.0,0.0,0.0,0.0,0.0,0.013015184381778745,1.275488069414317,10.529284164859003,14.993492407809114,3.071583514099784,0.1171366594360087,0.3735,0.02303,0.0,0.0,0.0,0.0,0.0,0.0,0.0,0.0,0.012391573729863695,1.2267657992565058,10.086741016109046,14.931846344485729,3.6307311028500626,0.11152416356877326,0.0,0.0,0.0,0.0,0.0,0.0,0.0,0.0,0.0,0.0,0.0,0.0,0.0,0.0,0.0,0.0,0.3733,0.02255,0.0,0.0,0.0,0.0,0.0,0.0,0.0,0.0,0.013015184381778745,1.0281995661605208,10.620390455531455,14.798264642082408,3.357917570498916,0.18221258134490242,0.0,0.0,0.0,0.0,0.0,0.0,0.0,0.0,0.0,0.0,0.0,0.0,0.0,0.0,0.0,0.0
45500,4956,2518,0.5080710250201775,1234,1002,0.45117029862792574,1397,0.5637610976594027,0.414,2.8707957342083676,3.0418398117978005,6.566964285714286,1.9734044968653282,9290.549535743141,1414.5826771817306,7853.0,10742.865385174751,10682.426330080621,17.314243547068997,7853.0,0.0,27.850282485875706,20.718222307768887,32.87686746987952,18.884940639523847,0.1420500403551251,0.09483454398708636,0.08958837772397095,0.09120258272800645,0.08313155770782889,0.07344632768361582,0.0748587570621469,0.06315577078288943,0.057304277643260695,0.048426150121065374,0.04782082324455206,0.04499596448748991,0.03248587570621469,0.024213075060532687,0.015536723163841809,0.009685230024213076,0.007263922518159807,0.9046635388413968,0.022377625053392445,0.0,0.0,0.0,0.0,0.0,0.0,0.0,0.0,0.0,0.0,0.0,0.0,0.0,0.0,0.0,0.0,0.0,0.0,0.0,0.0,0.0,0.0,0.0,0.0,0.024213075060532694,1.398305084745763,11.095641646489106,14.449152542372884,2.960048426150122,0.07263922518159807,4.2434375,2.8892777096696243,nan,nan,nan,4.326295585412668,2.90184811623982,4.164324984728161,2.8749966485978846,0.9625613651479024,0.3723,0.02252,0.0,0.0,0.0,0.0,0.0,0.0,0.0,0.0,0.012106537530266347,1.2106537530266346,10.714285714285717,14.727602905568986,3.238498789346248,0.09685230024213078,0.0,0.0,0.0,0.0,0.0,0.0,0.0,0.0,0.0,0.0,0.0,0.0,0.0,0.0,0.0,0.0,nan,nan,4.2434375,2.8892777096696243,nan,0.3723,0.1107,0.0,0.0,0.0,0.0,0.0,0.0,0.0,0.0,0.0,0.0,0.0,0.0,0.0,0.0,0.0,0.0,0.003914447134786118,0.004207021791767554,0.00738498789346247,0.0031476997578692495,0.017554479418886198,0.03125504439063761,0.02675544794188862,0.04571226795803067,0.02878329297820823,0.015526634382566585,0.019864810330912027,0.02867231638418079,0.03468523002421307,0.033958837772397096,0.011127925746569815,0.011803874092009685,0.02726997578692494,0.037782485875706213,0.018886198547215495,0.03853914447134786,0.0475181598062954,0.04460250201775626,0.021620258272800646,0.05760694108151735,0.043250605326876516,0.005730427764326069,0.013912429378531073,0.05300645682001614,0.03917473769168684,0.023012510088781274,0.02230629539951574,0.014921307506053269,0.008817594834543988,0.008928571428571428,0.025040355125100888,0.003944713478611784,0.007818805488297014,0.004025423728813559,0.008888216303470541,0.0044188861985472155,0.010048426150121066,0.0108454398708636,0.015425746569814366,0.014376513317191284,0.028642050040355124,0.0024414850686037127,0.003914447134786118,0.004328087167070218,0.0018260694108151736,0.002774414850686037,0.0,0.0,0.0,0.0,0.0,0.0,0.0,0.0,0.0,0.0,0.0,0.0,0.0,0.0,0.0,0.0,0.0,0.0,0.0,0.0,0.0,0.0,0.0,0.0,0.0,0.0,0.0,0.0,0.0,0.0,0.0,0.0,0.0,0.0,0.0,nan,nan,4.2434375,2.8892777096696243,nan,0.9045421851590287,0.022301128602536597,0.0,0.0,0.0,0.0,0.0,0.0,0.0,0.0,0.0,0.0,0.0,0.0,0.0,0.0,0.0,0.0,0.0,0.0,0.0,0.0,0.0,0.0,0.0,0.0,0.0238284352660842,1.429706115965052,11.163621922160448,14.428117553613982,2.9070691024622723,0.0476568705321684,0.9047888745970174,0.022455669661288372,0.0,0.0,0.0,0.0,0.0,0.0,0.0,0.0,0.0,0.0,0.0,0.0,0.0,0.0,0.0,0.0,0.0,0.0,0.0,0.0,0.0,0.0,0.0,0.0,0.024610336341263337,1.3658736669401152,11.025430680885975,14.470877768662842,3.014766201804759,0.09844134536505335,0.3723,0.02258,0.0,0.0,0.0,0.0,0.0,0.0,0.0,0.0,0.0119142176330421,1.1556791104050836,10.877680698967437,14.523431294678296,3.371723590150914,0.0595710881652105,0.0,0.0,0.0,0.0,0.0,0.0,0.0,0.0,0.0,0.0,0.0,0.0,0.0,0.0,0.0,0.0,0.3723,0.02248,0.0,0.0,0.0,0.0,0.0,0.0,0.0,0.0,0.012305168170631669,1.2674323215750618,10.54552912223134,14.938474159146821,3.1009023789991805,0.13535684987694835,0.0,0.0,0.0,0.0,0.0,0.0,0.0,0.0,0.0,0.0,0.0,0.0,0.0,0.0,0.0,0.0
45600,4739,2485,0.5243722304283605,1165,949,0.4460856720827179,1321,0.5575015826123655,0.422,3.0634427684117127,3.1313969262776506,6.6089644513137555,2.151907965525067,9336.682567332056,1413.0981852021353,7853.0,10752.395535230637,10682.445346714938,17.560728801887546,7853.0,0.0,28.696771470774426,21.25318024489385,33.439254658385096,19.544740187827603,0.13336146866427517,0.1019202363367799,0.09263557712597595,0.07934163325596118,0.07934163325596118,0.07596539354294155,0.06815783920658366,0.062249419708799325,0.055707955264823805,0.055496940282760074,0.04747837096433847,0.041780966448617854,0.038193711753534504,0.026376872757965814,0.024477737919392277,0.01097277906731378,0.0065414644439755225,0.9035716739403192,0.02244093614011631,0.0,0.0,0.0,0.0,0.0,0.0,0.0,0.0,0.0,0.0,0.0,0.0,0.0,0.0,0.0,0.0,0.0,0.0,0.0,0.0,0.0,0.0,0.0,0.0,0.012660898923823594,1.5952732644017729,11.382148132517411,14.458746571006545,2.494197087993248,0.05697404515720617,4.270531400966184,2.917477658026679,nan,nan,nan,4.353054662379421,2.930620358407912,4.189154293092318,2.902279528853979,0.9623481940845848,0.3738,0.02304,0.0,0.0,0.0,0.0,0.0,0.0,0.0,0.0,0.0,1.1774635999155942,10.135049588520786,14.661320953787698,3.937539565309138,0.08229584300485338,0.006330449461911797,0.0,0.0,0.0,0.0,0.0,0.0,0.0,0.0,0.0,0.0,0.0,0.0,0.0,0.0,0.0,nan,nan,4.270531400966184,2.917477658026679,nan,0.3738,0.1105,0.0,0.0,0.0,0.0,0.0,0.0,0.0,0.0,0.0,0.0,0.0,0.0,0.0,2.110149820637265e-05,0.0,0.0,0.0037349651825279596,0.003956530913694872,0.007786452838151508,0.003945980164591686,0.01565731166912851,0.031483435323907995,0.024192867693606245,0.046043469086305126,0.02857142857142857,0.01631145811352606,0.019139058873179994,0.027959485123443765,0.033646338890061196,0.034300485334458744,0.010761764085250054,0.011468664275163536,0.027632411901244987,0.03707533234859675,0.017640852500527538,0.03740240557079553,0.04812196665963284,0.044777379193922766,0.021460223675880987,0.05483224308925934,0.04537877189280439,0.006467609200253218,0.015520151930787086,0.055444186537244144,0.03780333403671661,0.02386579447140747,0.02226208060772315,0.014855454737286347,0.009569529436589997,0.009411268200042204,0.027590208904832242,0.003481747204051488,0.007564887106984596,0.004505169867060561,0.008208482802278962,0.004494619117957375,0.010497995357670395,0.01189069423929099,0.017134416543574595,0.014866005486389534,0.02636632200886263,0.002943658999788985,0.0041780966448617856,0.0036400084405992825,0.001392698881620595,0.002658788774002954,0.0,8.44059928254906e-05,0.0,0.0,0.0,0.0,0.0,0.0,0.0,0.0,0.0,0.0,0.0,0.0,0.0,0.0,0.0,0.0,0.0,0.0,0.0,0.0,0.0,0.0,0.0,0.0,0.0,0.0,0.0,0.0,0.0,0.0,0.0,0.0,0.0,nan,nan,4.270531400966184,2.917477658026679,nan,0.9034126284136859,0.02224347366379136,0.0,0.0,0.0,0.0,0.0,0.0,0.0,0.0,0.0,0.0,0.0,0.0,0.0,0.0,0.0,0.0,0.0,0.0,0.0,0.0,0.0,0.0,0.0,0.0,0.024144869215291756,1.5452716297786724,11.48088531187123,14.535211267605638,2.3299798792756543,0.08450704225352115,0.9037470191637816,0.022655346971146344,0.0,0.0,0.0,0.0,0.0,0.0,0.0,0.0,0.0,0.0,0.0,0.0,0.0,0.0,0.0,0.0,0.0,0.0,0.0,0.0,0.0,0.0,0.0,0.0,0.0,1.6503992901508433,11.273291925465841,14.374445430346055,2.675244010647738,0.02661934338952973,0.3735,0.0233,0.0,0.0,0.0,0.0,0.0,0.0,0.0,0.0,0.0,1.2676056338028172,10.16498993963783,14.438631790744447,4.044265593561369,0.08450704225352115,0.0,0.0,0.0,0.0,0.0,0.0,0.0,0.0,0.0,0.0,0.0,0.0,0.0,0.0,0.0,0.0,0.374,0.02277,0.0,0.0,0.0,0.0,0.0,0.0,0.0,0.0,0.0,1.078083407275954,10.102040816326532,14.906832298136623,3.819875776397516,0.07985803016858918,0.013309671694764866,0.0,0.0,0.0,0.0,0.0,0.0,0.0,0.0,0.0,0.0,0.0,0.0,0.0,0.0,0.0
45700,4579,2265,0.4946494867875082,1053,979,0.4437650141952391,1322,0.5774186503603407,0.43,2.9213483146067416,3.122373426394434,6.615625,2.154734521785689,9252.569566056494,1414.6834102314724,7853.0,10739.476178526878,10682.41679601443,17.89962632017959,7853.0,0.0,27.81633544442018,20.851310344150658,32.700856920280444,19.13891180955027,0.1384581786416248,0.10679187595544878,0.09172308364271675,0.08801048263813059,0.07643590303559729,0.07796462109630924,0.06267744048918977,0.06660842978816335,0.05721773312950426,0.050666084297881636,0.04913736623716969,0.04324088228870933,0.031229526097401178,0.024459488971391132,0.020091723083642717,0.010264249836208779,0.005022930770910679,0.9033651566448158,0.022418724830438722,0.0,0.0,0.0,0.0,0.0,0.0,0.0,0.0,0.0,0.0,0.0,0.0,0.0,0.0,0.0,0.0,0.0,0.0,0.0,0.0,0.0,0.0,0.0,0.006551648831622605,0.01965494649486788,1.5658440707578078,11.642279973793407,13.935357064861327,2.7713474557763713,0.05896483948460364,4.240338983050847,2.87423384992828,nan,nan,nan,4.223489932885906,2.9096665844128924,4.257534246575342,2.837513758736502,1.0080607067213188,0.3735,0.02338,0.0,0.0,0.0,0.0,0.0,0.0,0.0,0.0,0.0,1.2513649268399216,10.410569993448354,14.269491155274057,3.9244376501419533,0.14413627429569778,0.0,0.0,0.0,0.0,0.0,0.0,0.0,0.0,0.0,0.0,0.0,0.0,0.0,0.0,0.0,0.0,nan,nan,4.240338983050847,2.87423384992828,nan,0.3735,0.1103,0.0,0.0,0.0,0.0,0.0,0.0,0.0,0.0,0.0,0.0,0.0,0.0,0.0,0.0,0.0,1.0919414719371043e-05,0.004728106573487661,0.004116619349202883,0.00733784669141734,0.004094780519764141,0.015112469971609522,0.032463419960690104,0.023302031011137803,0.04490063332605372,0.027101987333478926,0.01676130159423455,0.01992793186285215,0.02893644900633326,0.03257261410788382,0.037934046735095,0.011083205940161607,0.012328019218169907,0.02659969425638786,0.03537890369076217,0.01667394627647958,0.03508407949333916,0.05012011356191308,0.045457523476741646,0.02044114435466259,0.05817864162480891,0.04424546844289146,0.007141297226468661,0.014719371041712163,0.053516051539637476,0.03796680497925311,0.023334789255295914,0.02263594671325617,0.016106136711072288,0.009565407294169033,0.00944529373225595,0.027746232801921816,0.0032103079274950863,0.007578073815243503,0.005110286088665647,0.008124044551212056,0.005077527844507534,0.009565407294169033,0.012011356191308145,0.016925092815025116,0.014020528499672417,0.027178423236514523,0.003046516706704521,0.004607993011574579,0.002893644900633326,0.0009936667394627647,0.002544223629613453,0.0,4.367765887748417e-05,0.0,0.0,0.0,0.0,0.0,0.0,0.0,0.0,0.0,0.0,0.0,0.0,0.0,0.0,0.0,0.0,0.0,0.0,0.0,0.0,0.0,0.0,0.0,0.0,0.0,0.0,0.0,0.0,0.0,0.0,0.0,0.0,0.0,nan,nan,4.240338983050847,2.87423384992828,nan,0.9039117328115384,0.022165429366047505,0.0,0.0,0.0,0.0,0.0,0.0,0.0,0.0,0.0,0.0,0.0,0.0,0.0,0.0,0.0,0.0,0.0,0.0,0.0,0.0,0.0,0.0,0.0,0.0,0.02649006622516557,1.3642384105960268,11.41721854304636,14.132450331125831,3.0463576158940406,0.013245033112582785,0.9028301544764378,0.02265114581367119,0.0,0.0,0.0,0.0,0.0,0.0,0.0,0.0,0.0,0.0,0.0,0.0,0.0,0.0,0.0,0.0,0.0,0.0,0.0,0.0,0.0,0.0,0.0,0.01296456352636124,0.012964563526361283,1.7631806395851344,11.862575626620574,13.74243733794296,2.5021607605877274,0.10371650821089026,0.373,0.02333,0.0,0.0,0.0,0.0,0.0,0.0,0.0,0.0,0.0,1.2450331125827816,10.860927152317885,13.947019867549647,3.814569536423842,0.13245033112582785,0.0,0.0,0.0,0.0,0.0,0.0,0.0,0.0,0.0,0.0,0.0,0.0,0.0,0.0,0.0,0.0,0.374,0.02339,0.0,0.0,0.0,0.0,0.0,0.0,0.0,0.0,0.0,1.2575626620570444,9.969749351771826,14.585133967156416,4.031979256698358,0.15557476231633538,0.0,0.0,0.0,0.0,0.0,0.0,0.0,0.0,0.0,0.0,0.0,0.0,0.0,0.0,0.0,0.0
45800,4751,2448,0.515259945274679,1180,964,0.4512734161229215,1338,0.5632498421384972,0.40599999999999997,3.02475032566218,3.182779682844151,6.698198198198198,2.207800067464138,9311.40704992502,1414.6124902851695,7853.0,10742.189148664474,10683.429695340592,17.676582998547847,7853.0,0.0,27.953483477162703,20.73448589817655,32.838879159369526,18.97444549205475,0.13870764049673753,0.10103136181856451,0.08756051357608924,0.08861292359503263,0.0808250894548516,0.07956219743211955,0.06903809724268575,0.05914544306461798,0.06377604714796885,0.053251946958535044,0.045253630814565356,0.04083350873500316,0.033677120606188174,0.023784466428120397,0.018311934329614817,0.0096821721742791,0.0069459061250263104,0.9042287782176472,0.02291140963262542,0.0,0.0,0.0,0.0,0.0,0.0,0.0,0.0,0.0,0.0,0.0,0.0,0.0,0.0,0.0,0.0,0.0,0.0,0.0,0.0,0.0,0.0,0.0,0.006314460113660263,0.03157230056830142,1.471269206482846,11.290254683224587,14.03073037255315,3.0561986950115774,0.1136602820458851,4.317696538337108,2.9901175522333094,nan,nan,nan,4.294888597640891,2.9898583636640197,4.342710997442455,2.989143496012056,1.0111347241527597,0.3738,0.02304,0.0,0.0,0.0,0.0,0.0,0.0,0.0,0.0,0.01894338034098085,1.3197221637549994,9.964218059355927,14.788465586192359,3.7760471479688493,0.13260366238686594,0.0,0.0,0.0,0.0,0.0,0.0,0.0,0.0,0.0,0.0,0.0,0.0,0.0,0.0,0.0,0.0,nan,nan,4.317696538337108,2.9901175522333094,nan,0.3738,0.11,0.0,0.0,0.0,0.0,0.0,0.0,0.0,0.0,0.0,0.0,0.0,0.0,0.0,0.0,0.0,1.0524100189433804e-05,0.004577983582403704,0.00290465165228373,0.008071984845295727,0.0038728688697116397,0.014407493159334877,0.033298252999368554,0.023447695222058515,0.04228583456114502,0.028267733108819196,0.015723005683014102,0.02072195327299516,0.027678383498210904,0.032687855188381396,0.037834140181014525,0.010292569985266259,0.012902546832245843,0.026604925278888657,0.03567669964218059,0.017038518206693328,0.03576089244369606,0.05252578404546411,0.045390444117027993,0.022195327299515892,0.05579877920437803,0.04730583035150494,0.008335087350031573,0.016228162492106925,0.0492843611871185,0.03898126710166281,0.02321616501789097,0.02202694169648495,0.01582824668490844,0.00976636497579457,0.008513997053251947,0.028909703220374658,0.003051989054935803,0.006461797516312355,0.005177857293201431,0.0073458219322247945,0.005114712692064829,0.009808461376552304,0.01159755840875605,0.01599663228793938,0.014133866554409598,0.027404756893285625,0.0036202904651652284,0.005177857293201431,0.003315091559671648,0.0009155967164807409,0.002452115344138076,0.0,5.2620500947169015e-05,0.0,0.0,0.0,0.0,0.0,0.0,0.0,0.0,0.0,0.0,0.0,0.0,0.0,0.0,0.0,0.0,0.0,0.0,0.0,0.0,0.0,0.0,0.0,0.0,0.0,0.0,0.0,0.0,0.0,0.0,0.0,0.0,0.0,nan,nan,4.317696538337108,2.9901175522333094,nan,0.9045152067407674,0.022825497375741882,0.0,0.0,0.0,0.0,0.0,0.0,0.0,0.0,0.0,0.0,0.0,0.0,0.0,0.0,0.0,0.0,0.0,0.0,0.0,0.0,0.0,0.0,0.0,0.012254901960784275,0.024509803921568634,1.4828431372549022,10.992647058823533,14.473039215686278,2.892156862745099,0.12254901960784316,0.9039243157666712,0.022998468340946595,0.0,0.0,0.0,0.0,0.0,0.0,0.0,0.0,0.0,0.0,0.0,0.0,0.0,0.0,0.0,0.0,0.0,0.0,0.0,0.0,0.0,0.0,0.0,0.0,0.039079461571862796,1.4589665653495445,11.606600086843251,13.56057316543639,3.230568823273991,0.10421189752496746,0.3743,0.02272,0.0,0.0,0.0,0.0,0.0,0.0,0.0,0.0,0.0,1.2867647058823533,9.816176470588237,14.926470588235274,3.8970588235294126,0.0735294117647059,0.0,0.0,0.0,0.0,0.0,0.0,0.0,0.0,0.0,0.0,0.0,0.0,0.0,0.0,0.0,0.0,0.3735,0.02339,0.0,0.0,0.0,0.0,0.0,0.0,0.0,0.0,0.039079461571862796,1.354754667824577,10.121580547112464,14.641771602257903,3.647416413373861,0.195397307859314,0.0,0.0,0.0,0.0,0.0,0.0,0.0,0.0,0.0,0.0,0.0,0.0,0.0,0.0,0.0,0.0
45900,4729,2484,0.5252696130260097,1256,941,0.4645802495242123,1291,0.5459928103193064,0.43,2.9848552338530068,3.1715245487702854,6.666666666666667,2.1524322796020265,9339.145700350502,1412.8974699936186,7853.0,10760.055971741676,10682.30073146438,17.188405035232567,7853.0,0.0,28.167477267921335,20.64918770424052,32.87699600798403,18.89605693848162,0.1349122436032988,0.09642630577289067,0.09198562063861282,0.09050539226052019,0.07739479805455698,0.07316557411714951,0.074011418904631,0.06449566504546415,0.06111228589553817,0.06026644110805667,0.043561006555297106,0.04165785578346373,0.03552548107422288,0.021357580883907802,0.017551279340241067,0.009092831465426094,0.0069782194967223515,0.9044701738598534,0.022174656042246773,0.0,0.0,0.0,0.0,0.0,0.0,0.0,0.0,0.0,0.0,0.0,0.0,0.0,0.0,0.0,0.0,0.0,0.0,0.0,0.0,0.0,0.0,0.0,0.0,0.03171917953055615,1.2687671812222459,11.45062381053077,14.381475999154159,2.7659124550644965,0.10150137449777968,4.144741074300418,2.9929082317507145,nan,nan,nan,4.1320512820512825,2.9992303965732816,4.158914728682171,2.986933968600659,1.0065012374719493,0.3726,0.02257,0.0,0.0,0.0,0.0,0.0,0.0,0.0,0.0,0.019031507718333687,1.2497356735039122,10.378515542397972,15.09198562063859,3.171917953055615,0.08881370268555723,0.0,0.0,0.0,0.0,0.0,0.0,0.0,0.0,0.0,0.0,0.0,0.0,0.0,0.0,0.0,0.0,nan,nan,4.144741074300418,2.9929082317507145,nan,0.3726,0.11,0.0,0.0,0.0,0.0,0.0,0.0,0.0,0.0,0.0,0.0,0.00011630365827870585,0.0,0.0,0.0,0.0,0.0,0.00427151617678156,0.0029816028758722773,0.007824064284203848,0.004017762740537111,0.015056037217170649,0.03299851977162191,0.024603510255868048,0.043571579615140625,0.028346373440473673,0.016663142313385493,0.02087122013110594,0.030027489955593147,0.0351448509198562,0.034425882850496935,0.010044406851342778,0.014453372806090083,0.025956861915838444,0.03498625502220343,0.018079932332417,0.03475364770564601,0.048234299006132374,0.04695495876506661,0.02245717910763375,0.05990695707337704,0.049492493127511104,0.008807358849651089,0.015510678790441953,0.046637766969761046,0.036498202579826604,0.02147388454218651,0.022161133432015225,0.014960879678578981,0.010456756185240008,0.00797208712201311,0.028060900824698667,0.00337280609008247,0.00715796151406217,0.005371114400507507,0.006491858743920491,0.006100655529710298,0.009917530133220553,0.010678790441953901,0.014759991541552124,0.01454853034468175,0.027669697610488476,0.003362233030238951,0.0054239796997251006,0.0033833791499259885,0.0004546415732713047,0.0024318037640093043,0.0,9.515753859166843e-05,0.0,0.0,0.0,0.0,0.0,0.0,0.0,0.0,0.0,0.0,0.0,0.0,0.0,0.0,0.0,0.0,0.0,0.0,0.0,0.0,0.0,0.0,0.0,0.0,0.0,0.0,0.0,0.0,0.0,0.0,0.0,0.0,0.0,nan,nan,4.144741074300418,2.9929082317507145,nan,0.9045240338201876,0.022283583478578707,0.0,0.0,0.0,0.0,0.0,0.0,0.0,0.0,0.0,0.0,0.0,0.0,0.0,0.0,0.0,0.0,0.0,0.0,0.0,0.0,0.0,0.0,0.0,0.0,0.03623188405797102,1.3164251207729472,11.243961352657008,14.396135265700487,2.8743961352657013,0.13285024154589375,0.9044105800329179,0.02205335205872351,0.0,0.0,0.0,0.0,0.0,0.0,0.0,0.0,0.0,0.0,0.0,0.0,0.0,0.0,0.0,0.0,0.0,0.0,0.0,0.0,0.0,0.0,0.0,0.0,0.026726057906458805,1.2160356347438754,11.679287305122498,14.365256124721606,2.6458797327394215,0.066815144766147,0.372,0.02228,0.0,0.0,0.0,0.0,0.0,0.0,0.0,0.0,0.024154589371980683,1.2560386473429956,10.374396135265703,15.120772946859883,3.128019323671498,0.09661835748792273,0.0,0.0,0.0,0.0,0.0,0.0,0.0,0.0,0.0,0.0,0.0,0.0,0.0,0.0,0.0,0.0,0.3728,0.02287,0.0,0.0,0.0,0.0,0.0,0.0,0.0,0.0,0.013363028953229402,1.2427616926503342,10.383073496659245,15.06013363028951,3.220489977728286,0.08017817371937641,0.0,0.0,0.0,0.0,0.0,0.0,0.0,0.0,0.0,0.0,0.0,0.0,0.0,0.0,0.0,0.0
46000,4897,2517,0.513988156013886,1267,1027,0.46845007147233,1382,0.5644272003267307,0.38999999999999996,2.911764705882353,3.0372664753221223,6.506807866868381,2.0260106514420326,9307.244978847566,1414.171759472558,7853.0,10758.644787430763,10682.3355826049,17.816786715203364,7853.0,0.0,28.520318562385135,20.72831651718791,33.31958514230584,18.886920397586962,0.1333469471104758,0.09352664896875638,0.08494996936900143,0.0892383091688789,0.08209107616908311,0.07902797631202778,0.06983867674086175,0.0667755768838064,0.062078823769654894,0.057790483969777415,0.046967531141515216,0.03941188482744538,0.033081478456197674,0.02593424545640188,0.018174392485195017,0.012456606085358382,0.005309373085562589,0.9044822950326157,0.022576928159202012,0.0,0.0,0.0,0.0,0.0,0.0,0.0,0.0,0.0,0.0,0.0,0.0,0.0,0.0,0.0,0.0,0.0,0.0,0.0,0.0,0.0,0.0,0.0,0.0,0.03675719828466409,1.4090259342454567,11.174188278537883,14.482336124157651,2.7629160710639176,0.13477639371043498,4.114452285977293,2.907931050414461,nan,nan,nan,4.053670573719926,2.8627164336428286,4.174603174603175,2.9507623538508194,1.0298328634959284,0.373,0.02223,0.0,0.0,0.0,0.0,0.0,0.0,0.0,0.0,0.012252399428221364,1.1762303451092508,10.163365325709622,15.395139881560118,3.1611190524811117,0.09189299571166022,0.0,0.0,0.0,0.0,0.0,0.0,0.0,0.0,0.0,0.0,0.0,0.0,0.0,0.0,0.0,0.0,nan,nan,4.114452285977293,2.907931050414461,nan,0.373,0.10974,0.0,0.0,0.0,0.0,0.0,0.0,0.0,0.0,0.0,0.0,7.147232999795794e-05,0.0,0.0,0.0,0.0,0.0,0.005054114764141311,0.002889524198488871,0.0074127016540739225,0.004380232795589137,0.014018787012456606,0.0315703491933837,0.024943843169287317,0.0432509699816214,0.02763937104349602,0.016510108229528284,0.019991831733714518,0.03046763324484378,0.03637941596896059,0.034653869716152745,0.008872779252603635,0.014641617316724526,0.026087400449254644,0.03499081070042884,0.01793955482948744,0.03561364100469675,0.04889728405146008,0.04657953849295487,0.024555850520726976,0.056891974678374514,0.05028588931999183,0.009260771901163978,0.015703491933837042,0.04578313253012048,0.03539922401470288,0.022370839289360834,0.024035123545027567,0.014886665305288952,0.010108229528282622,0.008678782928323463,0.0288135593220339,0.0033183581784766185,0.006963447008372473,0.005748417398407188,0.007453542985501328,0.005319583418419441,0.009076985909740657,0.010434960179701858,0.013916683683888095,0.014100469675311415,0.028497039003471513,0.003594037165611599,0.005881151725546253,0.0032468858484786603,0.0003982029814171942,0.002419848887073719,0.0,0.0,0.0,0.0,0.0,0.0,0.0,0.0,0.0,0.0,0.0,0.0,0.0,0.0,0.0,0.0,0.0,0.0,0.0,0.0,0.0,0.0,0.0,0.0,0.0,0.0,0.0,0.0,0.0,0.0,0.0,0.0,0.0,0.0,0.0,nan,nan,4.114452285977293,2.907931050414461,nan,0.9040311957144481,0.022924695834881388,0.0,0.0,0.0,0.0,0.0,0.0,0.0,0.0,0.0,0.0,0.0,0.0,0.0,0.0,0.0,0.0,0.0,0.0,0.0,0.0,0.0,0.0,0.0,0.0,0.02383790226460072,1.5256257449344461,11.513706793802148,13.992848629320623,2.8009535160905847,0.14302741358760432,0.9049593609922072,0.022193242621670793,0.0,0.0,0.0,0.0,0.0,0.0,0.0,0.0,0.0,0.0,0.0,0.0,0.0,0.0,0.0,0.0,0.0,0.0,0.0,0.0,0.0,0.0,0.0,0.0,0.050420168067226906,1.2857142857142858,10.81512605042017,15.000000000000004,2.722689075630253,0.12605042016806725,0.3728,0.0225,0.0,0.0,0.0,0.0,0.0,0.0,0.0,0.0,0.01191895113230036,1.32300357568534,10.22646007151371,15.220500595947534,3.1108462455303942,0.10727056019070325,0.0,0.0,0.0,0.0,0.0,0.0,0.0,0.0,0.0,0.0,0.0,0.0,0.0,0.0,0.0,0.0,0.3733,0.02196,0.0,0.0,0.0,0.0,0.0,0.0,0.0,0.0,0.012605042016806726,1.0210084033613447,10.096638655462186,15.579831932773088,3.214285714285715,0.07563025210084034,0.0,0.0,0.0,0.0,0.0,0.0,0.0,0.0,0.0,0.0,0.0,0.0,0.0,0.0,0.0,0.0
46100,4570,2396,0.524288840262582,1137,922,0.45054704595185996,1270,0.5557986870897156,0.41,2.979760809567617,3.1159078939380587,6.615259740259741,2.154659914724227,9336.381135987427,1413.049336961872,7853.0,10749.328745365143,10682.320447188038,17.871040446144985,7853.0,0.0,28.712253829321664,21.095513817761155,33.643079315707624,19.249174544303127,0.137417943107221,0.0975929978118162,0.08490153172866521,0.08446389496717724,0.07943107221006565,0.07571115973741795,0.06958424507658643,0.060831509846827135,0.06061269146608315,0.05689277899343545,0.0474835886214442,0.04573304157549234,0.03785557986870897,0.025820568927789934,0.016192560175054705,0.010940919037199124,0.008533916849015317,0.9043924823240326,0.02230193930490646,0.0,0.0,0.0,0.0,0.0,0.0,0.0,0.0,0.0,0.0,0.0,0.0,0.0,0.0,0.0,0.0,0.0,0.0,0.0,0.0,0.0,0.0,0.0,0.0,0.013129102844638953,1.4113785557986875,11.231947483588625,14.520787746170681,2.7571115973741804,0.06564551422319476,4.216711051930759,2.9342507161756286,nan,nan,nan,4.167338709677419,2.9172425692520667,4.2651715039577835,2.950045956375743,1.0234760841621,0.3726,0.02316,0.0,0.0,0.0,0.0,0.0,0.0,0.0,0.0,0.013129102844638953,1.2210065645514225,10.719912472647705,14.487964989059058,3.4660831509846837,0.09190371991247268,0.0,0.0,0.0,0.0,0.0,0.0,0.0,0.0,0.0,0.0,0.0,0.0,0.0,0.0,0.0,0.0,nan,nan,4.216711051930759,2.9342507161756286,nan,0.3726,0.1103,0.0,0.0,0.0,0.0,0.0,0.0,0.0,0.0,0.0,0.0,9.846827133479212e-05,0.0,0.0,0.0,6.564551422319475e-05,4.37636761487965e-05,0.00675054704595186,0.003238512035010941,0.007450765864332604,0.003687089715536105,0.01475929978118162,0.03025164113785558,0.026761487964989058,0.04201312910284464,0.027811816192560176,0.014978118161925602,0.020437636761487965,0.029606126914660833,0.03688183807439825,0.037078774617067836,0.008862144420131291,0.015919037199124728,0.024606126914660832,0.03463894967177243,0.018315098468271333,0.03612691466083151,0.048019693654266955,0.046181619256017506,0.025207877461706784,0.057789934354485775,0.05020787746170678,0.009759299781181618,0.014660831509846827,0.04447483588621444,0.03431072210065646,0.02115973741794311,0.02311816192560175,0.013643326039387308,0.009256017505470459,0.008566739606126915,0.030700218818380743,0.0030962800875273524,0.0075164113785557984,0.006641137855579868,0.0075054704595186,0.005842450765864333,0.00862144420131291,0.01062363238512035,0.013260393873085339,0.015032822757111597,0.029704595185995622,0.003041575492341357,0.006706783369803063,0.0020678336980306344,0.00029540481400437636,0.0026039387308533918,0.0,0.0,0.0,0.0,0.0,0.0,0.0,0.0,0.0,0.0,0.0,0.0,0.0,0.0,0.0,0.0,0.0,0.0,0.0,0.0,0.0,0.0,0.0,0.0,0.0,0.0,0.0,0.0,0.0,0.0,0.0,0.0,0.0,0.0,0.0,nan,nan,4.216711051930759,2.9342507161756286,nan,0.9041812961457767,0.02234853782130778,0.0,0.0,0.0,0.0,0.0,0.0,0.0,0.0,0.0,0.0,0.0,0.0,0.0,0.0,0.0,0.0,0.0,0.0,0.0,0.0,0.0,0.0,0.0,0.0,0.012520868113522541,1.4524207011686148,11.343906510851422,14.39899833055092,2.7170283806343916,0.07512520868113523,0.9046252339721932,0.022248147258555548,0.0,0.0,0.0,0.0,0.0,0.0,0.0,0.0,0.0,0.0,0.0,0.0,0.0,0.0,0.0,0.0,0.0,0.0,0.0,0.0,0.0,0.0,0.0,0.0,0.01379944802207912,1.3661453541858328,11.10855565777369,14.655013799448026,2.801287948482061,0.05519779208831648,0.3726,0.02324,0.0,0.0,0.0,0.0,0.0,0.0,0.0,0.0,0.012520868113522541,1.2270450751252089,10.84307178631052,14.311352253756239,3.505843071786311,0.10016694490818033,0.0,0.0,0.0,0.0,0.0,0.0,0.0,0.0,0.0,0.0,0.0,0.0,0.0,0.0,0.0,0.0,0.3728,0.02306,0.0,0.0,0.0,0.0,0.0,0.0,0.0,0.0,0.01379944802207912,1.2143514259429624,10.584176632934684,14.682612695492159,3.422263109475622,0.08279668813247472,0.0,0.0,0.0,0.0,0.0,0.0,0.0,0.0,0.0,0.0,0.0,0.0,0.0,0.0,0.0,0.0
46200,4587,2333,0.5086112927839547,1090,943,0.4432090691083497,1287,0.5611510791366906,0.434,3.0377107364685005,3.182959465902683,6.822222222222222,2.1690788363349847,9292.689893927454,1415.159616865633,7853.0,10743.360732793808,10683.62903705325,17.497279358552124,7853.0,0.0,28.001744059298016,20.880226636934534,32.684670781893004,19.232438186442174,0.1329845214737301,0.1026814911706998,0.0974493132766514,0.0841508611292784,0.08567691301504252,0.07673860911270983,0.06932635709614127,0.06213211249182472,0.05450185306300414,0.05253978635273599,0.04381948986265533,0.03749727490734685,0.0381512971441029,0.028122956180510136,0.01722258556790931,0.011336385437104862,0.005668192718552431,0.9057621414401003,0.02258526296575745,0.0,0.0,0.0,0.0,0.0,0.0,0.0,0.0,0.0,0.0,0.0,0.0,0.0,0.0,0.0,0.0,0.0,0.0,0.0,0.0,0.0,0.0,0.0,0.0,0.006540222367560499,1.2426422498364946,10.680183126226293,14.663178548070638,3.3028122956180517,0.10464355788096798,4.321380243572395,2.925824587320069,nan,nan,nan,4.3998637602179835,2.959798760183667,4.243951612903226,2.8898280035551958,0.9645643238491928,0.3728,0.0222,0.0,0.0,0.0,0.0,0.0,0.0,0.0,0.0,0.0,1.0987573577501637,10.889470241988231,14.676258992805733,3.2831916285153704,0.05232177894048399,0.0,0.0,0.0,0.0,0.0,0.0,0.0,0.0,0.0,0.0,0.0,0.0,0.0,0.0,0.0,0.0,nan,nan,4.321380243572395,2.925824587320069,nan,0.3728,0.1106,0.0,0.0,0.0,0.0,0.0,0.0,0.0,0.0,0.0,0.0,0.00017440592980161326,0.0,0.0,0.00011990407673860912,0.00011990407673860912,1.0900370612600829e-05,0.007183344233703946,0.0032483104425550468,0.008066274253324613,0.003956834532374101,0.0157728362764334,0.029300196206671028,0.027741443209069107,0.04016786570743405,0.026117287987791584,0.015511227381730979,0.020459995639851757,0.031567473294092,0.036766950076302596,0.03759537824286026,0.007739263134946588,0.016514061478090255,0.02528885982123392,0.03359494222803575,0.01816001744059298,0.035567909308916505,0.0473294091999128,0.04356878133856551,0.02618269021146719,0.059941137998691954,0.045901460649662086,0.01001744059298016,0.014224983649444082,0.04387399171571833,0.03574231523871812,0.02326139088729017,0.022912579027686942,0.014802703291911926,0.009995639851754959,0.0076084586875953784,0.030194026596904296,0.0027577937649880097,0.00709614126880314,0.006943536080226727,0.007717462393721387,0.007488554610856769,0.008382385001090037,0.010540658382385002,0.013004142140832788,0.01629605406583824,0.02970350991933726,0.0030303030303030303,0.007194244604316547,0.001787660780466536,0.0003052103771528232,0.0014279485502507086,2.1800741225201658e-05,0.0,0.0,0.0,0.0,0.0,0.0,0.0,0.0,0.0,0.0,0.0,0.0,0.0,0.0,0.0,0.0,0.0,0.0,0.0,0.0,0.0,0.0,0.0,0.0,0.0,0.0,0.0,0.0,0.0,0.0,0.0,0.0,0.0,0.0,nan,nan,4.321380243572395,2.925824587320069,nan,0.9060220168835607,0.022680794890937925,0.0,0.0,0.0,0.0,0.0,0.0,0.0,0.0,0.0,0.0,0.0,0.0,0.0,0.0,0.0,0.0,0.0,0.0,0.0,0.0,0.0,0.0,0.0,0.0,0.0,1.1573081868838409,10.930132876125164,14.324903557651096,3.4719245606515226,0.11573081868838409,0.9054931576736437,0.022482791900080495,0.0,0.0,0.0,0.0,0.0,0.0,0.0,0.0,0.0,0.0,0.0,0.0,0.0,0.0,0.0,0.0,0.0,0.0,0.0,0.0,0.0,0.0,0.0,0.0,0.013309671694764866,1.3309671694764864,10.421472937000889,15.013309671694769,3.1277728482697436,0.09316770186335406,0.373,0.02225,0.0,0.0,0.0,0.0,0.0,0.0,0.0,0.0,0.0,1.0801543077582514,11.020145735105018,14.37633947706813,3.4590655807972577,0.0642948992713245,0.0,0.0,0.0,0.0,0.0,0.0,0.0,0.0,0.0,0.0,0.0,0.0,0.0,0.0,0.0,0.0,0.3723,0.02216,0.0,0.0,0.0,0.0,0.0,0.0,0.0,0.0,0.0,1.1180124223602486,10.75421472937001,14.986690328305212,3.1011535048802137,0.03992901508429459,0.0,0.0,0.0,0.0,0.0,0.0,0.0,0.0,0.0,0.0,0.0,0.0,0.0,0.0,0.0,0.0
46300,4568,2384,0.521891418563923,1108,938,0.4478984238178634,1286,0.5630472854640981,0.40599999999999997,2.972985347985348,3.0680175597669037,6.48792270531401,2.202019063354854,9329.95222322635,1413.699964729703,7853.0,10742.376146435738,10682.99905859814,17.62162779459341,7853.0,0.0,28.271234676007005,20.95363773614266,33.2263856362217,19.146646670203946,0.14010507880910683,0.0952276707530648,0.0862521891418564,0.08997373029772329,0.08384413309982487,0.07683887915936953,0.06501751313485114,0.06457968476357268,0.061514886164623465,0.052320490367775835,0.04619089316987741,0.036120840630472856,0.03502626970227671,0.029991243432574432,0.019702276707530646,0.011602451838879159,0.005691768826619965,0.9056417536897333,0.022495471665891734,0.0,0.0,0.0,0.0,0.0,0.0,0.0,0.0,0.0,0.0,0.0,0.0,0.0,0.0,0.0,0.0,0.0,0.0,0.0,0.0,0.0,0.0,0.0,0.0,0.01970227670753065,1.1821366024518392,10.895359019264452,14.619089316987743,3.172066549912435,0.11164623467600703,4.213539912428427,2.8468613655624964,nan,nan,nan,4.258219178082192,2.865674437084267,4.170311464546057,2.827868266992236,0.979355756512344,0.3723,0.02242,0.0,0.0,0.0,0.0,0.0,0.0,0.0,0.0,0.0,1.2018388791593697,10.790280210157622,14.711033274956195,3.231173380035027,0.06567425569176884,0.0,0.0,0.0,0.0,0.0,0.0,0.0,0.0,0.0,0.0,0.0,0.0,0.0,0.0,0.0,0.0,nan,nan,4.213539912428427,2.8468613655624964,nan,0.3723,0.10986,0.0,0.0,0.0,0.0,0.0,0.0,0.0,0.0,0.0,0.0,0.00020796847635726795,0.0,0.0,0.00017513134851138354,6.567425569176883e-05,0.0,0.008154553415061296,0.0031523642732049035,0.008942644483362521,0.002933450087565674,0.015816549912434325,0.027035901926444835,0.026751313485113837,0.038222416812609454,0.02588660245183888,0.016265323992994747,0.022154115586690018,0.033154553415061294,0.03647110332749562,0.036854203152364276,0.007563485113835377,0.017600700525394045,0.02559106830122592,0.03469789842381786,0.01853108581436077,0.03580341506129597,0.04654115586690018,0.04458187390542907,0.026280647985989492,0.06205122591943958,0.04396891418563923,0.010409369527145359,0.014404553415061297,0.04492119089316988,0.035475043782837126,0.02356611208406305,0.023106392294220665,0.014995621716287216,0.009577495621716288,0.006381348511383537,0.03065893169877408,0.003042907180385289,0.005899737302977233,0.006534588441330998,0.00788091068301226,0.008384413309982486,0.008220227670753064,0.010529772329246935,0.012817425569176883,0.015017513134851139,0.029958406304728548,0.002834938704028021,0.006895796847635726,0.0018060420315236427,0.0003174255691768827,0.0008647110332749562,4.3782837127845886e-05,0.0,0.0,0.0,0.0,0.0,0.0,0.0,0.0,0.0,0.0,0.0,0.0,0.0,0.0,0.0,0.0,0.0,0.0,0.0,0.0,0.0,0.0,0.0,0.0,0.0,0.0,0.0,0.0,0.0,0.0,0.0,0.0,0.0,0.0,nan,nan,4.213539912428427,2.8468613655624964,nan,0.9053771855347108,0.02252031705603628,0.0,0.0,0.0,0.0,0.0,0.0,0.0,0.0,0.0,0.0,0.0,0.0,0.0,0.0,0.0,0.0,0.0,0.0,0.0,0.0,0.0,0.0,0.0,0.0,0.037751677852349,1.1577181208053693,11.061241610738259,14.597315436241614,2.9949664429530207,0.151006711409396,0.9059305496977799,0.022464763085861636,0.0,0.0,0.0,0.0,0.0,0.0,0.0,0.0,0.0,0.0,0.0,0.0,0.0,0.0,0.0,0.0,0.0,0.0,0.0,0.0,0.0,0.0,0.0,0.0,0.0,1.208791208791209,10.714285714285715,14.642857142857146,3.3653846153846163,0.0686813186813187,0.3726,0.02255,0.0,0.0,0.0,0.0,0.0,0.0,0.0,0.0,0.0,1.170302013422819,10.696308724832218,14.57214765100669,3.4983221476510074,0.06291946308724833,0.0,0.0,0.0,0.0,0.0,0.0,0.0,0.0,0.0,0.0,0.0,0.0,0.0,0.0,0.0,0.0,0.3718,0.02223,0.0,0.0,0.0,0.0,0.0,0.0,0.0,0.0,0.0,1.2362637362637365,10.892857142857144,14.862637362637342,2.93956043956044,0.0686813186813187,0.0,0.0,0.0,0.0,0.0,0.0,0.0,0.0,0.0,0.0,0.0,0.0,0.0,0.0,0.0,0.0
46400,4233,2207,0.5213796361918261,1025,869,0.4474368060477203,1188,0.5613040396881644,0.426,2.8874629812438304,3.028194393228488,6.306049822064057,2.182655435923444,9328.587572352475,1413.8461942670717,7853.0,10737.476692557335,10683.15958032081,18.133403963127577,7853.0,0.0,27.828254193243563,20.903195261094226,32.9354656099632,19.108264003547973,0.1393810536262698,0.10158280179541697,0.09473186865107489,0.08433734939759036,0.08717221828490432,0.07417906921804866,0.06780061422159225,0.06047720292936452,0.05598866052445074,0.04866524923222301,0.0493739664540515,0.039451925348452634,0.03708953460902433,0.025513819985825654,0.01677297424994094,0.010866997401370187,0.006614694070399244,0.906581391926046,0.022561896237310548,0.0,0.0,0.0,0.0,0.0,0.0,0.0,0.0,0.0,0.0,0.0,0.0,0.0,0.0,0.0,0.0,0.0,0.0,0.0,0.0,0.0,0.0,0.0,0.0,0.014174344436569812,1.1481218993621547,10.496102055279945,14.670446491849756,3.543586109142453,0.1275690999291283,4.149433686518085,2.836545884469362,nan,nan,nan,4.183357879234168,2.8514192895303836,4.116835994194485,2.8222870792528316,0.984098447476872,0.3723,0.02327,0.0,0.0,0.0,0.0,0.0,0.0,0.0,0.0,0.04252303330970943,1.3819985825655565,10.602409638554219,14.599574769666882,3.238837703756202,0.13465627214741321,0.0,0.0,0.0,0.0,0.0,0.0,0.0,0.0,0.0,0.0,0.0,0.0,0.0,0.0,0.0,0.0,nan,nan,4.149433686518085,2.836545884469362,nan,0.3723,0.10986,0.0,0.0,0.0,0.0,0.0,0.0,0.0,0.0,0.0,0.0,9.449562957713205e-05,0.0,0.0,0.00011811953697141507,0.0,4.724781478856603e-05,0.007453342782896291,0.0037325773682967164,0.00823293172690763,0.002952988424285377,0.01683203401842665,0.02514764942121427,0.026317032837231278,0.03778643987715568,0.027781715095676826,0.015851641861563903,0.02280888258918025,0.034916135128750296,0.03658162060004725,0.03704228679423577,0.009071580439404677,0.017906921804866523,0.024923222300968582,0.03312071816678479,0.01866288684148358,0.03527049373966454,0.04512166312308056,0.045972123789274746,0.026671391448145523,0.06294590125206709,0.04344436569808646,0.009981100874084574,0.012497047011575715,0.04358610914245216,0.03557760453579022,0.024651547365934324,0.02422631703283723,0.0153673517599811,0.009425939050318922,0.006839121190644933,0.031455232695487834,0.002834868887313962,0.005622489959839358,0.005835105126387905,0.00767776990314198,0.008788093550673282,0.006638317977793527,0.00963855421686747,0.011788329789747224,0.015520907158043941,0.03242381289865344,0.0025986298133711316,0.006721001653673518,0.002303330970942594,0.00041341837939995273,0.000767776990314198,1.1811953697141507e-05,0.0,0.0,0.0,0.0,0.0,0.0,0.0,0.0,0.0,0.0,0.0,0.0,0.0,0.0,0.0,0.0,0.0,0.0,0.0,0.0,0.0,0.0,0.0,0.0,0.0,0.0,0.0,0.0,0.0,0.0,0.0,0.0,0.0,0.0,nan,nan,4.149433686518085,2.836545884469362,nan,0.9065589149666956,0.02275613006861575,0.0,0.0,0.0,0.0,0.0,0.0,0.0,0.0,0.0,0.0,0.0,0.0,0.0,0.0,0.0,0.0,0.0,0.0,0.0,0.0,0.0,0.0,0.0,0.0,0.013593112822836434,1.1690077027639332,10.561848663343907,14.449478930675127,3.642954236520164,0.16311735387403717,0.9066058769454373,0.02234836310528212,0.0,0.0,0.0,0.0,0.0,0.0,0.0,0.0,0.0,0.0,0.0,0.0,0.0,0.0,0.0,0.0,0.0,0.0,0.0,0.0,0.0,0.0,0.0,0.0,0.014807502467917082,1.1253701875616982,10.424481737413625,14.911154985192502,3.435340572556763,0.08884501480750248,0.3718,0.02351,0.0,0.0,0.0,0.0,0.0,0.0,0.0,0.0,0.08155867693701858,1.440869959220662,10.92886270956049,14.204802899864049,3.221567739012235,0.1223380154055279,0.0,0.0,0.0,0.0,0.0,0.0,0.0,0.0,0.0,0.0,0.0,0.0,0.0,0.0,0.0,0.0,0.3728,0.02298,0.0,0.0,0.0,0.0,0.0,0.0,0.0,0.0,0.0,1.3178677196446202,10.24679170779862,15.029615004935813,3.257650542941758,0.1480750246791708,0.0,0.0,0.0,0.0,0.0,0.0,0.0,0.0,0.0,0.0,0.0,0.0,0.0,0.0,0.0,0.0
46500,4773,2470,0.517494238424471,1171,1001,0.45505971087366437,1360,0.5698721977791745,0.38599999999999995,2.9578810247503258,3.0525086640882475,6.482003129890454,2.0758477861560825,9317.80600687927,1414.478862834524,7853.0,10739.655713558197,10683.574522605164,17.830625315644145,7853.0,0.0,27.46281164885816,20.506322189809865,32.43325820185324,18.731260529914096,0.14288707311963125,0.10391787135973182,0.08967106641525247,0.085690341504295,0.0812905929184999,0.07437670228367903,0.0693484181856275,0.07207207207207207,0.06411062225015714,0.05070186465535303,0.04211187932118165,0.04064529645924995,0.028284098051539912,0.021789231091556675,0.018437041692855646,0.008170961659333752,0.006494866959983239,0.907482717400848,0.023146509623415128,0.0,0.0,0.0,0.0,0.0,0.0,0.0,0.0,0.0,0.0,0.0,0.0,0.0,0.0,0.0,0.0,0.0,0.0,0.0,0.0,0.0,0.0,0.0,0.0,0.012570710245128854,1.062225015713388,10.138277812696419,14.758013827781273,3.9157762413576376,0.11313639220615967,4.2680614579928084,2.8162762820627907,nan,nan,nan,4.2973684210526315,2.83442065389266,4.239271781534461,2.798841947079252,0.9864808799651531,0.3718,0.02252,0.0,0.0,0.0,0.0,0.0,0.0,0.0,0.0,0.025141420490257707,1.3010685103708364,10.898805782526717,14.538026398491493,3.1489629164047774,0.08799497171590197,0.0,0.0,0.0,0.0,0.0,0.0,0.0,0.0,0.0,0.0,0.0,0.0,0.0,0.0,0.0,0.0,nan,nan,4.2680614579928084,2.8162762820627907,nan,0.3718,0.1108,0.0,0.0,0.0,0.0,0.0,0.0,0.0,0.0,0.0,0.0,0.0001361826943222292,0.0,0.0,3.1426775612822124e-05,0.0,0.00011523151058034779,0.008296668761785041,0.00384454221663524,0.007469097003980725,0.003163628745024094,0.01745233605698722,0.026576576576576576,0.026021370207416718,0.038351141839513936,0.02958307144353656,0.014613450659962288,0.023423423423423424,0.03802639849151477,0.0346113555415881,0.03549130525874712,0.008904253090299602,0.019736015084852294,0.02544521265451498,0.03265241986172219,0.01686570291221454,0.03299811439346323,0.04392415671485439,0.04529645924994762,0.02678608841399539,0.06276974649067672,0.0428451707521475,0.011502199874292898,0.01256023465325791,0.04486695998323905,0.035784621831133456,0.023182484810391788,0.02425099518122774,0.015042949926670856,0.009805153991200502,0.007374816677142258,0.029771632097213493,0.002776031845799288,0.005499685732243872,0.006191074795725959,0.006704378797402053,0.008097632516237168,0.0069557930023046305,0.008851875130944898,0.012025979467839933,0.01376492771841609,0.034276136601718,0.002629373559606118,0.007500523779593547,0.0034569453174104338,0.0007437670228367903,0.0008904253090299602,4.1902367483762834e-05,0.0,2.0951183741881417e-05,0.0,0.0,0.0,0.0,0.0,0.0,0.0,0.0,0.0,0.0,0.0,0.0,0.0,0.0,0.0,0.0,0.0,0.0,0.0,0.0,0.0,0.0,0.0,0.0,0.0,0.0,0.0,0.0,0.0,0.0,0.0,0.0,nan,nan,4.2680614579928084,2.8162762820627907,nan,0.9073422198594823,0.022896020431873602,0.0,0.0,0.0,0.0,0.0,0.0,0.0,0.0,0.0,0.0,0.0,0.0,0.0,0.0,0.0,0.0,0.0,0.0,0.0,0.0,0.0,0.0,0.0,0.0,0.012145748987854255,1.05668016194332,10.238866396761136,14.781376518218627,3.7773279352226727,0.13360323886639677,0.9076334029966678,0.023411247368477734,0.0,0.0,0.0,0.0,0.0,0.0,0.0,0.0,0.0,0.0,0.0,0.0,0.0,0.0,0.0,0.0,0.0,0.0,0.0,0.0,0.0,0.0,0.0,0.0,0.013026487190620932,1.0681719496309163,10.030395136778116,14.732957012592275,4.06426400347373,0.09118541033434653,0.3716,0.0225,0.0,0.0,0.0,0.0,0.0,0.0,0.0,0.0,0.03643724696356276,1.3967611336032393,10.894736842105265,14.696356275303623,2.85425101214575,0.12145748987854253,0.0,0.0,0.0,0.0,0.0,0.0,0.0,0.0,0.0,0.0,0.0,0.0,0.0,0.0,0.0,0.0,0.372,0.02255,0.0,0.0,0.0,0.0,0.0,0.0,0.0,0.0,0.013026487190620932,1.1984368215371257,10.90316977854972,14.368215371254863,3.465045592705168,0.05210594876248373,0.0,0.0,0.0,0.0,0.0,0.0,0.0,0.0,0.0,0.0,0.0,0.0,0.0,0.0,0.0,0.0
46600,4533,2350,0.5184204720935363,1099,957,0.45356276196779177,1280,0.5647474078976396,0.414,2.9491525423728815,3.071700504758149,6.590682196339435,2.120852738860625,9320.451928895092,1414.4077814339573,7853.0,10740.492597103119,10683.621103694237,17.793543894411982,7853.0,0.0,27.75071696448268,20.85511621948191,32.631427072402936,19.152965429459172,0.13964262078093978,0.10037502757555702,0.09508052062651666,0.08581513346569601,0.08096183542907567,0.08052062651665563,0.07037282153099493,0.06375468784469446,0.05625413633355394,0.04875358482241341,0.049194793734833445,0.03441429516876241,0.03309066843150232,0.025810721376571807,0.01654533421575116,0.011692036179130819,0.00772115596735054,0.90697442045439,0.022421787146553886,0.0,0.0,0.0,0.0,0.0,0.0,0.0,0.0,0.0,0.0,0.0,0.0,0.0,0.0,0.0,0.0,0.0,0.0,0.0,0.0,0.0,0.0,0.0,0.0,0.006618133686300465,1.098610191925877,10.509596293845137,14.612839179351425,3.69953673064196,0.0727994705493051,4.154554759467758,2.8841492423686366,nan,nan,nan,4.124576844955992,2.8828488998974393,4.1850068775790925,2.8851506591424214,1.014651207843782,0.3726,0.02327,0.0,0.0,0.0,0.0,0.0,0.0,0.0,0.0,0.046326935804103256,1.3567174056915954,10.721376571806752,14.315023163467881,3.4149569821310397,0.1455989410986102,0.0,0.0,0.0,0.0,0.0,0.0,0.0,0.0,0.0,0.0,0.0,0.0,0.0,0.0,0.0,0.0,nan,nan,4.154554759467758,2.8841492423686366,nan,0.3726,0.1112,0.0,0.0,0.0,0.0,0.0,0.0,0.0,0.0,0.0,0.0,4.412089124200309e-05,0.0,3.309066843150232e-05,0.0,0.0,8.824178248400618e-05,0.00785351864107655,0.004202514890800794,0.007732186190161041,0.0030333112728877123,0.018056474740789762,0.024365762188396204,0.025181998676373264,0.038164570924332675,0.031072137657180674,0.013898080741230973,0.024972424442973748,0.03697330686079859,0.036465916611515554,0.03350981689830135,0.009210236046768145,0.01953452459739687,0.02539157290977278,0.032616368850650786,0.017758658724906243,0.03373042135451136,0.04417604235605559,0.045797485109199204,0.028237370394881976,0.06034634899624972,0.04103242885506287,0.011669975733509816,0.01171409662475182,0.04275314361350099,0.03669755129053607,0.021950143392896537,0.02302007500551511,0.015817339510258106,0.009684535627619678,0.00800794176042356,0.0315023163467902,0.0033090668431502318,0.005658504301786896,0.006904919479373483,0.006408559452900949,0.008393999558791087,0.008151334656960071,0.0085704831237591,0.013401720714758439,0.012375909993381866,0.0357599823516435,0.0021508934480476507,0.006540922126626958,0.004048091771453783,0.0010258107213765718,0.0008272667107875579,0.0001544231193470108,0.0,2.2060445621001544e-05,0.0,0.0,0.0,0.0,0.0,0.0,0.0,0.0,0.0,0.0,0.0,0.0,0.0,0.0,0.0,0.0,0.0,0.0,0.0,0.0,0.0,0.0,0.0,0.0,0.0,0.0,0.0,0.0,0.0,0.0,0.0,0.0,nan,nan,4.154554759467758,2.8841492423686366,nan,0.9069176790815718,0.022684167310384418,0.0,0.0,0.0,0.0,0.0,0.0,0.0,0.0,0.0,0.0,0.0,0.0,0.0,0.0,0.0,0.0,0.0,0.0,0.0,0.0,0.0,0.0,0.0,0.0,0.0,1.1106382978723406,10.685106382978727,14.259574468085109,3.8936170212765964,0.051063829787234054,0.907035502555225,0.02213569653452626,0.0,0.0,0.0,0.0,0.0,0.0,0.0,0.0,0.0,0.0,0.0,0.0,0.0,0.0,0.0,0.0,0.0,0.0,0.0,0.0,0.0,0.0,0.0,0.0,0.013742556115437475,1.0856619331195605,10.320659642693542,14.993128721942284,3.4906092533211184,0.09619789280806233,0.372,0.02318,0.0,0.0,0.0,0.0,0.0,0.0,0.0,0.0,0.051063829787234054,1.4425531914893621,10.902127659574472,14.182978723404233,3.2936170212765967,0.12765957446808512,0.0,0.0,0.0,0.0,0.0,0.0,0.0,0.0,0.0,0.0,0.0,0.0,0.0,0.0,0.0,0.0,0.373,0.02336,0.0,0.0,0.0,0.0,0.0,0.0,0.0,0.0,0.04122766834631242,1.2643151626202476,10.526797984425105,14.457169033440199,3.5455794777828684,0.16491067338524967,0.0,0.0,0.0,0.0,0.0,0.0,0.0,0.0,0.0,0.0,0.0,0.0,0.0,0.0,0.0,0.0
46700,4445,2320,0.5219347581552306,1128,878,0.4512935883014623,1221,0.5493813273340833,0.41,3.038588235294118,3.1052771602893245,6.531746031746032,2.1287395030881684,9330.087302688378,1413.7089498243165,7853.0,10752.535379052162,10683.022870883551,17.99674339981462,7853.0,0.0,28.301237345331835,20.973182529616423,33.109928134149584,19.2472640443138,0.13565804274465693,0.09313835770528683,0.09651293588301463,0.09358830146231721,0.07851518560179978,0.07401574803149606,0.06906636670416198,0.06006749156355456,0.05691788526434196,0.05444319460067491,0.049943757030371204,0.042294713160854897,0.03217097862767154,0.024521934758155232,0.021147356580427448,0.009448818897637795,0.008548931383577053,0.9067990105921828,0.02267240611572049,0.0,0.0,0.0,0.0,0.0,0.0,0.0,0.0,0.0,0.0,0.0,0.0,0.0,0.0,0.0,0.0,0.0,0.0,0.0,0.0,0.0,0.0,0.0,0.0,0.01349831271091114,1.1001124859392577,10.326209223847021,14.827896512935887,3.6175478065241853,0.11473565804274469,4.223638869745003,2.926380073652521,nan,nan,nan,4.196172248803828,2.9050476452756264,4.251563585823488,2.947647674269679,1.0132004440559965,0.3718,0.02377,0.0,0.0,0.0,0.0,0.0,0.0,0.0,0.0,0.020247469066366708,1.4645669291338588,11.088863892013501,13.883014623172084,3.340832395950507,0.2024746906636671,0.0,0.0,0.0,0.0,0.0,0.0,0.0,0.0,0.0,0.0,0.0,0.0,0.0,0.0,0.0,0.0,nan,nan,4.223638869745003,2.926380073652521,nan,0.3718,0.1115,0.0,0.0,0.0,0.0,0.0,0.0,0.0,0.0,0.0,0.0,0.0,1.124859392575928e-05,5.62429696287964e-05,4.499437570303712e-05,1.124859392575928e-05,2.249718785151856e-05,0.008177727784026997,0.004184476940382452,0.008537682789651294,0.0027559055118110236,0.018391451068616425,0.02673790776152981,0.02512935883014623,0.03650168728908886,0.032058492688413945,0.01485939257592801,0.02312710911136108,0.03670416197975253,0.03640044994375703,0.03343082114735658,0.010719910011248593,0.020742407199100112,0.025095613048368954,0.03260967379077615,0.018222722159730035,0.03159730033745782,0.04354330708661417,0.04485939257592801,0.03179977502812149,0.059595050618672665,0.0390888638920135,0.012103487064116986,0.011867266591676041,0.04312710911136108,0.03791901012373453,0.02203599550056243,0.022868391451068615,0.01608548931383577,0.007997750281214848,0.00796400449943757,0.030528683914510687,0.0029921259842519685,0.005241844769403824,0.00656917885264342,0.006479190101237345,0.007772778402699663,0.007311586051743532,0.008582677165354331,0.012609673790776153,0.011597300337457818,0.03696287964004499,0.0023397075365579304,0.007199100112485939,0.00421822272215973,0.001372328458942632,0.0009786276715410573,0.0002474690663667042,0.0,1.124859392575928e-05,0.0,0.0,0.0,0.0,0.0,0.0,0.0,0.0,0.0,0.0,0.0,0.0,0.0,0.0,0.0,0.0,0.0,0.0,0.0,0.0,0.0,0.0,0.0,0.0,0.0,0.0,0.0,0.0,0.0,0.0,0.0,0.0,nan,nan,4.223638869745003,2.926380073652521,nan,0.9068811484965785,0.022825070544339757,0.0,0.0,0.0,0.0,0.0,0.0,0.0,0.0,0.0,0.0,0.0,0.0,0.0,0.0,0.0,0.0,0.0,0.0,0.0,0.0,0.0,0.0,0.0,0.0,0.025862068965517248,1.1120689655172415,10.254310344827587,14.754310344827589,3.7241379310344835,0.12931034482758624,0.9067093353271485,0.022504207648036196,0.0,0.0,0.0,0.0,0.0,0.0,0.0,0.0,0.0,0.0,0.0,0.0,0.0,0.0,0.0,0.0,0.0,0.0,0.0,0.0,0.0,0.0,0.0,0.0,0.0,1.087058823529412,10.404705882352943,14.90823529411765,3.501176470588236,0.09882352941176473,0.371,0.02356,0.0,0.0,0.0,0.0,0.0,0.0,0.0,0.0,0.025862068965517248,1.5646551724137936,11.405172413793107,13.706896551724117,3.1163793103448283,0.18103448275862075,0.0,0.0,0.0,0.0,0.0,0.0,0.0,0.0,0.0,0.0,0.0,0.0,0.0,0.0,0.0,0.0,0.3728,0.02397,0.0,0.0,0.0,0.0,0.0,0.0,0.0,0.0,0.014117647058823533,1.355294117647059,10.743529411764708,14.075294117647038,3.5858823529411774,0.22588235294117653,0.0,0.0,0.0,0.0,0.0,0.0,0.0,0.0,0.0,0.0,0.0,0.0,0.0,0.0,0.0,0.0
46800,4555,2379,0.5222832052689352,1132,916,0.449615806805708,1249,0.5484083424807903,0.426,2.967830882352941,3.0654433756059305,6.509803921568627,2.1499890471185474,9331.60171257853,1414.1696495900546,7853.0,10745.889214754105,10684.034384529297,17.85652839549483,7853.0,0.0,28.072228320526893,20.821868711985868,33.01358766657957,19.042807205238997,0.1376509330406147,0.10186608122941822,0.08957189901207464,0.0849615806805708,0.07947310647639956,0.07618002195389682,0.07135016465422613,0.07069154774972558,0.0557628979143798,0.04895718990120746,0.047639956092206365,0.04017563117453348,0.03490669593852909,0.027222832052689352,0.014928649835345774,0.011855104281009879,0.006805708013172338,0.906912038459736,0.02276231137346834,0.0,0.0,0.0,0.0,0.0,0.0,0.0,0.0,0.0,0.0,0.0,0.0,0.0,0.0,0.0,0.0,0.0,0.0,0.0,0.0,0.0,0.0,0.0,0.0,0.02634467618002196,1.0669593852908894,10.366630076838641,14.779363336992319,3.668496158068058,0.09220636663007686,4.223621511232131,2.8612145846882178,nan,nan,nan,4.305914343983685,2.8886352886559337,4.141200545702592,2.8320148255367115,0.9617470796855877,0.372,0.02267,0.0,0.0,0.0,0.0,0.0,0.0,0.0,0.0,0.0,1.356750823271131,10.788144895718991,14.53567508232709,3.194291986827663,0.12513721185510432,0.0,0.0,0.0,0.0,0.0,0.0,0.0,0.0,0.0,0.0,0.0,0.0,0.0,0.0,0.0,0.0,nan,nan,4.223621511232131,2.8612145846882178,nan,0.372,0.1112,0.0,0.0,0.0,0.0,0.0,0.0,0.0,0.0,0.0,0.0,0.0,0.0,0.0,6.586169045005489e-05,0.0,1.0976948408342481e-05,0.00836443468715697,0.004665203073545554,0.008704720087815587,0.00278814489571899,0.018748627881448956,0.025257958287596048,0.02552140504939627,0.03601536772777168,0.03233809001097695,0.013677277716794731,0.021119648737650935,0.03785949506037321,0.036388583973655325,0.034083424807903405,0.009769484083424807,0.020252469813391877,0.023918770581778267,0.03225027442371021,0.019012074643249176,0.03119648737650933,0.04441273326015368,0.045729967069154775,0.03506037321624588,0.06115257958287596,0.03957189901207464,0.012843029637760702,0.011295279912184413,0.043106476399560924,0.036234906695938526,0.021668496158068058,0.023699231613611416,0.01614709110867179,0.007826564215148189,0.006761800219538968,0.030779363336992317,0.0024039517014270034,0.005565312843029638,0.005466520307354556,0.005740944017563117,0.008430296377607026,0.00818880351262349,0.00934138309549945,0.010724478594950604,0.011789242590559825,0.038342480790340285,0.0018002195389681668,0.006827661909989023,0.004456641053787048,0.0012952799121844127,0.001185510428100988,0.00014270032930845225,0.0,0.0,0.0,0.0,0.0,0.0,0.0,0.0,0.0,0.0,0.0,0.0,0.0,0.0,0.0,0.0,0.0,0.0,0.0,0.0,0.0,0.0,0.0,0.0,0.0,0.0,0.0,0.0,0.0,0.0,0.0,0.0,0.0,0.0,nan,nan,4.223621511232131,2.8612145846882178,nan,0.907562409017506,0.023012501197737314,0.0,0.0,0.0,0.0,0.0,0.0,0.0,0.0,0.0,0.0,0.0,0.0,0.0,0.0,0.0,0.0,0.0,0.0,0.0,0.0,0.0,0.0,0.0,0.0,0.025220680958385883,1.1223203026481716,9.936948297604037,14.867591424968477,3.9344262295081975,0.11349306431273647,0.9062009945457035,0.022464060241717702,0.0,0.0,0.0,0.0,0.0,0.0,0.0,0.0,0.0,0.0,0.0,0.0,0.0,0.0,0.0,0.0,0.0,0.0,0.0,0.0,0.0,0.0,0.0,0.0,0.027573529411764712,1.006433823529412,10.83639705882353,14.68290441176471,3.3777573529411775,0.06893382352941178,0.3723,0.02275,0.0,0.0,0.0,0.0,0.0,0.0,0.0,0.0,0.0,1.311475409836066,10.668348045397229,14.653215636822173,3.2156368221942,0.15132408575031528,0.0,0.0,0.0,0.0,0.0,0.0,0.0,0.0,0.0,0.0,0.0,0.0,0.0,0.0,0.0,0.0,0.3718,0.02258,0.0,0.0,0.0,0.0,0.0,0.0,0.0,0.0,0.0,1.4062500000000002,10.919117647058826,14.407169117647038,3.170955882352942,0.0965073529411765,0.0,0.0,0.0,0.0,0.0,0.0,0.0,0.0,0.0,0.0,0.0,0.0,0.0,0.0,0.0,0.0
46900,4596,2312,0.5030461270670148,1079,984,0.44886858137510877,1308,0.5691906005221932,0.414,2.8774080560420314,3.0563644268145236,6.542763157894737,2.1524497051916223,9277.342219071117,1415.7494608614293,7853.0,10741.828097343445,10684.434618880128,18.134113731312475,7853.0,0.0,27.39273281114012,20.801426135227665,32.464630644740275,19.07710766660112,0.14664926022628372,0.0994342906875544,0.09682332463011314,0.08724978241949521,0.08137510879025239,0.07419495213228895,0.0731070496083551,0.06135770234986945,0.054612706701479545,0.05156657963446475,0.044604003481288075,0.03372497824194952,0.034160139251523065,0.028067885117493474,0.016318537859007835,0.010879025239338555,0.00587467362924282,0.9085280738180881,0.022660605319345974,0.0,0.0,0.0,0.0,0.0,0.0,0.0,0.0,0.0,0.0,0.0,0.0,0.0,0.0,0.0,0.0,0.0,0.0,0.0,0.0,0.0,0.0,0.0,0.0,0.026109660574412538,0.9856396866840733,9.445169712793735,15.593994778067888,3.838120104438643,0.11096605744125329,4.35578231292517,2.8751723817401245,nan,nan,nan,4.443134535367545,2.926496325530356,4.271695594125501,2.8223336712603375,0.9614148660416689,0.3726,0.02322,0.0,0.0,0.0,0.0,0.0,0.0,0.0,0.0,0.013054830287206269,1.351174934725849,10.633159268929505,14.425587467362902,3.446475195822455,0.13054830287206268,0.0,0.0,0.0,0.0,0.0,0.0,0.0,0.0,0.0,0.0,0.0,0.0,0.0,0.0,0.0,0.0,nan,nan,4.35578231292517,2.8751723817401245,nan,0.3726,0.1121,0.0,0.0,0.0,0.0,0.0,0.0,0.0,0.0,0.0,0.0,0.0,0.0,0.0,5.4395126196692775e-05,0.0,4.351610095735422e-05,0.010117493472584857,0.004688859878154917,0.00865970409051349,0.0021975630983463884,0.018624891209747606,0.02492384682332463,0.024782419495213228,0.03835944299390775,0.03280026109660574,0.01318537859007833,0.021551348999129676,0.03728241949521323,0.03595517841601392,0.03215839860748477,0.008224543080939948,0.019223237597911228,0.02614229765013055,0.031940818102698,0.01843994778067885,0.032647954743255006,0.0448651000870322,0.04355961705831157,0.0353568320278503,0.06217362924281984,0.03885987815491732,0.010683202785030462,0.012140992167101827,0.0435378590078329,0.03658616187989556,0.020887728459530026,0.023172323759791124,0.016590513489991295,0.00685378590078329,0.007212793733681462,0.030929068755439514,0.0018167972149695387,0.0046562228024369014,0.0046127067014795475,0.0063207136640557006,0.010530896431679721,0.007408616187989556,0.009954308093994777,0.01151000870322019,0.012728459530026109,0.039958659704090516,0.002175805047867711,0.006309834638816362,0.004177545691906005,0.0012402088772845953,0.0009138381201044386,0.00027197563098346387,0.0,0.0,0.0,0.0,0.0,0.0,0.0,0.0,0.0,0.0,0.0,0.0,0.0,0.0,0.0,0.0,0.0,0.0,0.0,0.0,0.0,0.0,0.0,0.0,0.0,0.0,0.0,0.0,0.0,0.0,0.0,0.0,0.0,0.0,nan,nan,4.35578231292517,2.8751723817401245,nan,0.9085043498337475,0.023083560231536713,0.0,0.0,0.0,0.0,0.0,0.0,0.0,0.0,0.0,0.0,0.0,0.0,0.0,0.0,0.0,0.0,0.0,0.0,0.0,0.0,0.0,0.0,0.0,0.0,0.012975778546712806,1.1159169550173011,9.498269896193774,15.103806228373706,4.152249134948097,0.11678200692041525,0.9085520886393645,0.022224243069713667,0.0,0.0,0.0,0.0,0.0,0.0,0.0,0.0,0.0,0.0,0.0,0.0,0.0,0.0,0.0,0.0,0.0,0.0,0.0,0.0,0.0,0.0,0.0,0.0,0.0394045534150613,0.853765323992995,9.391418563922944,16.090192644483366,3.5201401050788097,0.10507880910683015,0.372,0.02325,0.0,0.0,0.0,0.0,0.0,0.0,0.0,0.0,0.012975778546712806,1.414359861591696,11.133217993079588,13.923010380622816,3.412629757785468,0.10380622837370244,0.0,0.0,0.0,0.0,0.0,0.0,0.0,0.0,0.0,0.0,0.0,0.0,0.0,0.0,0.0,0.0,0.373,0.0232,0.0,0.0,0.0,0.0,0.0,0.0,0.0,0.0,0.013134851138353769,1.2872154115586691,10.126970227670755,14.93432574430821,3.4807355516637486,0.1576182136602452,0.0,0.0,0.0,0.0,0.0,0.0,0.0,0.0,0.0,0.0,0.0,0.0,0.0,0.0,0.0,0.0
47000,4587,2342,0.5105733594942228,1070,934,0.4368868541530412,1308,0.5703073904512753,0.41,2.993763919821826,3.1112922210913245,6.4946070878274265,2.300342014099116,9299.16044452834,1415.952051604726,7853.0,10745.85094344616,10685.42440608518,17.70818858651462,7853.0,0.0,28.22629169391759,21.007276601290336,33.06949108757427,19.289446473628065,0.1379986919555265,0.09941137998691955,0.09025506867233486,0.08720296490080663,0.07979071288423806,0.07761063876171789,0.06932635709614127,0.06060606060606061,0.05493786788750817,0.05689993459777633,0.04447351209941138,0.043601482450403316,0.03662524525833878,0.023762807935469806,0.020056681927185523,0.011772400261608895,0.005668192718552431,0.9091530981369468,0.022537312305196244,0.0,0.0,0.0,0.0,0.0,0.0,0.0,0.0,0.0,0.0,0.0,0.0,0.0,0.0,0.0,0.0,0.0,0.0,0.0,0.0,0.0,0.0,0.0,0.0,0.006540222367560499,0.9090909090909093,9.398299542184436,15.500327011118381,4.009156311314586,0.17658600392413348,4.3225480283114255,2.8760673221066138,nan,nan,nan,4.3830369357045145,2.8929249178005128,4.263962765957447,2.8593127500972932,0.9728329531569581,0.3728,0.02254,0.0,0.0,0.0,0.0,0.0,0.0,0.0,0.0,0.039241334205362986,1.1052975801177243,10.470896010464358,15.003270111183758,3.3093525179856123,0.07194244604316548,0.0,0.0,0.0,0.0,0.0,0.0,0.0,0.0,0.0,0.0,0.0,0.0,0.0,0.0,0.0,0.0,nan,nan,4.3225480283114255,2.8760673221066138,nan,0.3728,0.1122,0.0,0.0,0.0,0.0,0.0,0.0,0.0,0.0,0.0,0.0,0.0,0.0,0.0,0.0,5.450185306300414e-05,0.0,0.009014606496620885,0.004926967516895574,0.009428820579899716,0.0021364726400697623,0.01724438630913451,0.025321560933071724,0.023326793110965773,0.038238500109003704,0.03302812295618051,0.014410289949858296,0.023980815347721823,0.035753215609330716,0.03563331153259211,0.032156093307172444,0.008458687595378243,0.019653368214519292,0.02660780466535862,0.03407455853499019,0.01895574449531284,0.03146936995857859,0.04414650098103336,0.04398299542184434,0.03272291257902769,0.06209941137998692,0.03587311968606933,0.010333551340745586,0.011935905820797907,0.044386309134510575,0.03750817527795945,0.0223784608676695,0.02328319162851537,0.01642685851318945,0.007837366470459996,0.008316982777414432,0.02932199694789623,0.0017004578155657292,0.005155875299760192,0.004916067146282973,0.006507521255722694,0.010824068018312623,0.0059407019838674515,0.010366252452583389,0.011739699149771092,0.012709832134292566,0.04017876607804665,0.002605188576411598,0.006954436450839328,0.0032483104425550468,0.001340745585349902,0.0011881403967734902,0.00018530630041421408,1.0900370612600829e-05,0.0,0.0,0.0,0.0,0.0,0.0,0.0,0.0,0.0,0.0,0.0,0.0,0.0,0.0,0.0,0.0,0.0,0.0,0.0,0.0,0.0,0.0,0.0,0.0,0.0,0.0,0.0,0.0,0.0,0.0,0.0,0.0,0.0,nan,nan,4.3225480283114255,2.8760673221066138,nan,0.9092239402839,0.022574703802109367,0.0,0.0,0.0,0.0,0.0,0.0,0.0,0.0,0.0,0.0,0.0,0.0,0.0,0.0,0.0,0.0,0.0,0.0,0.0,0.0,0.0,0.0,0.0,0.0,0.0,0.909479077711358,9.299743808710506,15.563620836891548,4.086251067463707,0.14090520922288644,0.9090791951043569,0.022498001266565728,0.0,0.0,0.0,0.0,0.0,0.0,0.0,0.0,0.0,0.0,0.0,0.0,0.0,0.0,0.0,0.0,0.0,0.0,0.0,0.0,0.0,0.0,0.0,0.0,0.013363028953229402,0.9086859688195993,9.501113585746104,15.434298440979958,3.928730512249444,0.21380846325167044,0.373,0.0227,0.0,0.0,0.0,0.0,0.0,0.0,0.0,0.0,0.03842869342442357,1.2297181895815543,10.145175064047823,15.089666951323633,3.4329632792485065,0.06404782237403929,0.0,0.0,0.0,0.0,0.0,0.0,0.0,0.0,0.0,0.0,0.0,0.0,0.0,0.0,0.0,0.0,0.3726,0.02235,0.0,0.0,0.0,0.0,0.0,0.0,0.0,0.0,0.040089086859688206,0.9755011135857463,10.810690423162585,14.913140311803986,3.1804008908685977,0.08017817371937641,0.0,0.0,0.0,0.0,0.0,0.0,0.0,0.0,0.0,0.0,0.0,0.0,0.0,0.0,0.0,0.0
47100,4720,2387,0.5057203389830508,1138,987,0.4502118644067797,1365,0.5783898305084746,0.39799999999999996,2.931847406772396,2.9821704596695757,6.343703703703704,2.0192630635001256,9285.522490395328,1416.2825719057137,7853.0,10754.201716423035,10685.63768523919,17.776950494740635,7853.0,0.0,28.257415254237287,20.99401771361945,33.32077856420627,19.153984160005056,0.14110169491525423,0.09766949152542373,0.09110169491525423,0.08114406779661017,0.07923728813559322,0.07627118644067797,0.0722457627118644,0.06779661016949153,0.058898305084745764,0.04576271186440678,0.049364406779661016,0.042584745762711866,0.03474576271186441,0.024364406779661018,0.020338983050847456,0.009322033898305085,0.008050847457627118,0.9089937027985767,0.022929335188455625,0.0,0.0,0.0,0.0,0.0,0.0,0.0,0.0,0.0,0.0,0.0,0.0,0.0,0.0,0.0,0.0,0.0,0.0,0.0,0.0,0.0,0.0,0.0,0.0,0.012711864406779664,1.1186440677966103,9.305084745762713,15.317796610169495,4.099576271186441,0.14618644067796613,4.243357096565133,2.8156952258406167,nan,nan,nan,4.2535392535392536,2.837524971298909,4.233028720626632,2.7933397973963365,0.9951780078447483,0.3735,0.02269,0.0,0.0,0.0,0.0,0.0,0.0,0.0,0.0,0.006355932203389832,1.207627118644068,10.080508474576273,15.019067796610148,3.552966101694916,0.13347457627118647,0.0,0.0,0.0,0.0,0.0,0.0,0.0,0.0,0.0,0.0,0.0,0.0,0.0,0.0,0.0,0.0,nan,nan,4.243357096565133,2.8156952258406167,nan,0.3735,0.1122,0.0,0.0,0.0,0.0,0.0,0.0,0.0,0.0,0.0,0.0,0.0,0.0,0.0,0.0,4.2372881355932206e-05,0.0,0.008400423728813559,0.005021186440677966,0.008792372881355932,0.001875,0.019279661016949154,0.026122881355932204,0.01975635593220339,0.03680084745762712,0.032574152542372885,0.013707627118644069,0.025158898305084745,0.03883474576271186,0.035826271186440675,0.030222457627118643,0.00885593220338983,0.019872881355932202,0.027627118644067798,0.033972457627118646,0.018559322033898304,0.029978813559322033,0.042298728813559325,0.04486228813559322,0.031875,0.06277542372881356,0.04001059322033898,0.011387711864406779,0.011366525423728813,0.04251059322033898,0.03548728813559322,0.022552966101694914,0.02388771186440678,0.01728813559322034,0.008305084745762711,0.008442796610169492,0.028845338983050847,0.0020444915254237287,0.0038559322033898304,0.005508474576271186,0.006069915254237288,0.01090042372881356,0.006271186440677966,0.010911016949152542,0.012298728813559322,0.013591101694915255,0.040317796610169494,0.003114406779661017,0.005688559322033898,0.002711864406779661,0.0017584745762711865,0.0015360169491525424,0.00024364406779661018,0.0,0.0,0.0,0.0,0.0,0.0,0.0,0.0,0.0,0.0,0.0,0.0,0.0,0.0,0.0,0.0,0.0,0.0,0.0,0.0,0.0,0.0,0.0,0.0,0.0,0.0,0.0,0.0,0.0,0.0,0.0,0.0,0.0,0.0,nan,nan,4.243357096565133,2.8156952258406167,nan,0.9088154819953577,0.022870739312441973,0.0,0.0,0.0,0.0,0.0,0.0,0.0,0.0,0.0,0.0,0.0,0.0,0.0,0.0,0.0,0.0,0.0,0.0,0.0,0.0,0.0,0.0,0.0,0.0,0.01256807708420612,0.9677419354838711,9.853372434017597,15.006284038542105,4.009216589861752,0.15081692501047342,0.9091760487296885,0.022987702735368782,0.0,0.0,0.0,0.0,0.0,0.0,0.0,0.0,0.0,0.0,0.0,0.0,0.0,0.0,0.0,0.0,0.0,0.0,0.0,0.0,0.0,0.0,0.0,0.0,0.012858979854264898,1.2730390055722247,8.74410630090013,15.636519502786115,4.192027432490357,0.14144877839691386,0.374,0.02267,0.0,0.0,0.0,0.0,0.0,0.0,0.0,0.0,0.0,1.156263091746963,10.129870129870131,14.91830749895264,3.6321742773355683,0.16338500209467957,0.0,0.0,0.0,0.0,0.0,0.0,0.0,0.0,0.0,0.0,0.0,0.0,0.0,0.0,0.0,0.0,0.3733,0.02269,0.0,0.0,0.0,0.0,0.0,0.0,0.0,0.0,0.012858979854264898,1.2601800257179598,10.03000428632662,15.122160308615495,3.4719245606515226,0.10287183883411918,0.0,0.0,0.0,0.0,0.0,0.0,0.0,0.0,0.0,0.0,0.0,0.0,0.0,0.0,0.0,0.0
47200,4714,2444,0.5184556639796352,1169,954,0.45036062791684345,1322,0.5608824777259228,0.414,2.941850220264317,3.07886959554584,6.471138845553822,2.243282942434386,9321.033920533459,1414.8676087804324,7853.0,10758.722716927528,10684.551514482293,17.58214887003259,7853.0,0.0,28.209588459906662,20.960702905996545,33.29736575481256,19.09763277635607,0.1440390326686466,0.09503606279168435,0.08655070004242682,0.08676283411115825,0.08252015273652949,0.07170131523122614,0.07085277895630038,0.0676707679253288,0.057276198557488334,0.05282138311412813,0.044548154433602036,0.04348748408994484,0.03542638947815019,0.02588035638523547,0.017394993635977938,0.010818837505303353,0.007212558336868901,0.9077146660613973,0.022376793157359246,0.0,0.0,0.0,0.0,0.0,0.0,0.0,0.0,0.0,0.0,0.0,0.0,0.0,0.0,0.0,0.0,0.0,0.0,0.0,0.0,0.0,0.0,0.0,0.0,0.00636402206194315,1.0946117946542218,9.736953754773019,15.496393720831568,3.5574883326262206,0.10818837505303354,4.196539340515834,2.846702723277258,nan,nan,nan,4.128417037507947,2.8279842783268254,4.268456375838926,2.8645738816209154,1.0339208314127857,0.373,0.02315,0.0,0.0,0.0,0.0,0.0,0.0,0.0,0.0,0.0127280441238863,1.3937208315655498,10.074246924056006,15.02545608824775,3.33474756045821,0.15910055154857872,0.0,0.0,0.0,0.0,0.0,0.0,0.0,0.0,0.0,0.0,0.0,0.0,0.0,0.0,0.0,0.0,nan,nan,4.196539340515834,2.846702723277258,nan,0.373,0.1124,0.0,0.0,0.0,0.0,0.0,0.0,0.0,0.0,0.0,0.0,4.2426813746287656e-05,0.0,4.2426813746287656e-05,0.0,9.546033092914721e-05,0.0,0.009323292320746713,0.004910903691132796,0.009959694526941027,0.001845566397963513,0.019336020364870598,0.02406661009758167,0.01983453542638948,0.03611582520152737,0.03239287229529062,0.01485999151463725,0.025859142978362323,0.0400296987696224,0.03603097157403479,0.02905176071277047,0.010436996181586763,0.019548154433602038,0.025593975392448027,0.03404751803139584,0.01908145948239287,0.028797199830292743,0.04348748408994484,0.047146796775562154,0.03208527789563004,0.06289775137887145,0.0401039456936784,0.0109142978362325,0.010956724649978787,0.04009333899024183,0.03390963088672041,0.022804412388629614,0.02478786593126856,0.016599490878235045,0.007541366143402631,0.008559609673313534,0.029200254560882478,0.001972846839202376,0.004263894781501909,0.006183708103521425,0.00637462876537972,0.01037335596096733,0.006014000848536275,0.012282562579550276,0.011550700042426814,0.014594823928722953,0.03925540941875265,0.0028425965210012727,0.004889690284259652,0.003288078065337293,0.002206194314806958,0.0012091641917691982,0.0003075943996605855,0.0,0.0,0.0,0.0,0.0,0.0,0.0,0.0,0.0,0.0,0.0,0.0,0.0,0.0,0.0,0.0,0.0,0.0,0.0,0.0,0.0,0.0,0.0,0.0,0.0,0.0,0.0,0.0,0.0,0.0,0.0,0.0,0.0,0.0,nan,nan,4.196539340515834,2.846702723277258,nan,0.9077979619637644,0.02221650774180006,0.0,0.0,0.0,0.0,0.0,0.0,0.0,0.0,0.0,0.0,0.0,0.0,0.0,0.0,0.0,0.0,0.0,0.0,0.0,0.0,0.0,0.0,0.0,0.0,0.012274959083469724,0.9942716857610476,10.004091653027825,15.270049099836337,3.6333878887070385,0.08592471358428808,0.9076249853629897,0.02254774705141203,0.0,0.0,0.0,0.0,0.0,0.0,0.0,0.0,0.0,0.0,0.0,0.0,0.0,0.0,0.0,0.0,0.0,0.0,0.0,0.0,0.0,0.0,0.0,0.0,0.0,1.2026431718061676,9.44933920704846,15.740088105726876,3.4757709251101327,0.13215859030837007,0.373,0.02248,0.0,0.0,0.0,0.0,0.0,0.0,0.0,0.0,0.012274959083469724,1.2888707037643212,10.139116202945994,15.319148936170192,3.0810147299509008,0.15957446808510642,0.0,0.0,0.0,0.0,0.0,0.0,0.0,0.0,0.0,0.0,0.0,0.0,0.0,0.0,0.0,0.0,0.3733,0.02386,0.0,0.0,0.0,0.0,0.0,0.0,0.0,0.0,0.013215859030837008,1.5066079295154189,10.004405286343614,14.709251101321563,3.607929515418503,0.15859030837004406,0.0,0.0,0.0,0.0,0.0,0.0,0.0,0.0,0.0,0.0,0.0,0.0,0.0,0.0,0.0,0.0
47300,4618,2361,0.5112602858380251,1133,933,0.4473798181030749,1277,0.5530532698137722,0.43,2.967656180770935,3.126390795601466,6.5390625,2.2655792021233223,9300.582708123522,1415.4009934518094,7853.0,10746.952589154243,10684.400654855748,18.18341665973638,7853.0,0.0,27.713728886964052,20.966458135230475,32.941115164147995,19.145031424652647,0.14854915547856215,0.10220874837592031,0.08921611087050671,0.08250324815937635,0.07838891294932872,0.07514075357297531,0.07254222607189259,0.05976613252490256,0.059549588566478996,0.055651797314854916,0.04828930272845387,0.034213945430922474,0.03204850584668688,0.026201818969250758,0.01667388479861412,0.010827197921177999,0.00822867042009528,0.907327772838928,0.022803567434111386,0.0,0.0,0.0,0.0,0.0,0.0,0.0,0.0,0.0,0.0,0.0,0.0,0.0,0.0,0.0,0.0,0.0,0.0,0.0,0.0,0.0,0.0,0.0,0.0,0.012992637505413601,1.1563447379818106,9.97184928540494,14.928540493720229,3.819835426591599,0.11043741879601561,4.278732726659926,2.927991430486856,nan,nan,nan,4.302452316076295,2.910531376952945,4.255503669112742,2.944804913822566,0.9890879332263307,0.3735,0.02359,0.0,0.0,0.0,0.0,0.0,0.0,0.0,0.0,0.019488956258120402,1.2537895192724124,10.361628410567347,14.525768731052382,3.6769164140320494,0.16240796881767,0.0,0.0,0.0,0.0,0.0,0.0,0.0,0.0,0.0,0.0,0.0,0.0,0.0,0.0,0.0,0.0,nan,nan,4.278732726659926,2.927991430486856,nan,0.3735,0.1129,0.0,0.0,0.0,0.0,0.0,0.0,0.0,0.0,0.0,0.0,6.496318752706799e-05,0.0,3.2481593763533996e-05,0.0,7.5790385448246e-05,0.0,0.00881333910783889,0.005229536595928974,0.009408834993503682,0.0019380684278908619,0.020322650498051105,0.02321351234300563,0.02049588566478995,0.03593546990038978,0.03371589432654829,0.013501515807708964,0.025617150281507146,0.039854915547856216,0.036541792983975745,0.029320051970550022,0.012407968817669987,0.021286271113035948,0.023278475530532697,0.034203118233001296,0.018103074924209615,0.02808575140753573,0.042161108705067125,0.050877003031615416,0.030879168471199654,0.0603832828064097,0.03836076223473365,0.011325249025552188,0.010166738847986141,0.040331312256388044,0.033477695972282374,0.023083585967951493,0.024285404937202253,0.016641403204850583,0.008672585534863577,0.010534863577306193,0.02797747942832395,0.0016240796881767,0.0043200519705500215,0.007221741013425725,0.006463837158943266,0.010318319618882634,0.005337808575140754,0.012689475963620614,0.010697271546123863,0.015038977912516242,0.040093113902122134,0.002728453876136856,0.005240363793850152,0.0038220008661758336,0.0020138588133391077,0.0016673884798614118,0.00011909917713295799,0.0,0.0,0.0,0.0,0.0,0.0,0.0,0.0,0.0,0.0,0.0,0.0,0.0,0.0,0.0,0.0,0.0,0.0,0.0,0.0,0.0,0.0,0.0,0.0,0.0,0.0,0.0,0.0,0.0,0.0,0.0,0.0,0.0,0.0,nan,nan,4.278732726659926,2.927991430486856,nan,0.9070878756697629,0.022805254860927573,0.0,0.0,0.0,0.0,0.0,0.0,0.0,0.0,0.0,0.0,0.0,0.0,0.0,0.0,0.0,0.0,0.0,0.0,0.0,0.0,0.0,0.0,0.0,0.0,0.02541296060991106,1.1181702668360867,10.088945362134691,14.930114358322747,3.761118170266837,0.07623888182973318,0.9075787241975449,0.02279910087627201,0.0,0.0,0.0,0.0,0.0,0.0,0.0,0.0,0.0,0.0,0.0,0.0,0.0,0.0,0.0,0.0,0.0,0.0,0.0,0.0,0.0,0.0,0.0,0.0,0.0,1.1962782454585734,9.849357554275588,14.92689410722198,3.8812583074878164,0.14621178555604789,0.3735,0.02353,0.0,0.0,0.0,0.0,0.0,0.0,0.0,0.0,0.02541296060991106,1.2452350698856418,10.279542566709024,14.650571791613702,3.621346886912326,0.17789072426937744,0.0,0.0,0.0,0.0,0.0,0.0,0.0,0.0,0.0,0.0,0.0,0.0,0.0,0.0,0.0,0.0,0.3735,0.02367,0.0,0.0,0.0,0.0,0.0,0.0,0.0,0.0,0.013291980505095263,1.2627381479840498,10.447496677004874,14.395214887018145,3.7350465219317686,0.14621178555604789,0.0,0.0,0.0,0.0,0.0,0.0,0.0,0.0,0.0,0.0,0.0,0.0,0.0,0.0,0.0,0.0
47400,4664,2446,0.524442538593482,1186,946,0.4571183533447684,1283,0.5501715265866209,0.426,2.93868349864743,3.0804995434584947,6.545605306799336,2.116622929803554,9338.074849273646,1414.226186642485,7853.0,10747.02176809311,10684.720808263402,17.77309395989019,7853.0,0.0,27.91466552315609,20.712739784541345,32.89340490797546,18.89823509849781,0.1417238421955403,0.09562607204116638,0.09541166380789022,0.08404802744425385,0.0782590051457976,0.07804459691252144,0.0701114922813036,0.06174957118353345,0.06260720411663807,0.052101200686106346,0.045240137221269294,0.04373927958833619,0.033876500857632934,0.02722984562607204,0.015222984562607204,0.009005145797598629,0.006003430531732418,0.9073479001635548,0.022688280521837845,0.0,0.0,0.0,0.0,0.0,0.0,0.0,0.0,0.0,0.0,0.0,0.0,0.0,0.0,0.0,0.0,0.0,0.0,0.0,0.0,0.0,0.0,0.0,0.0,0.006432246998284735,1.1063464837049746,10.072898799313895,14.96783876500858,3.6856775300171534,0.16080617495711838,4.141490765171504,2.903704102309146,nan,nan,nan,4.145586297760211,2.9251561480110824,4.137384412153237,2.8820292327105625,0.9980215378434154,0.3745,0.02307,0.0,0.0,0.0,0.0,0.0,0.0,0.0,0.0,0.006432246998284735,1.119210977701544,10.07933104631218,14.684819897084026,3.9815608919382512,0.1286449399656947,0.0,0.0,0.0,0.0,0.0,0.0,0.0,0.0,0.0,0.0,0.0,0.0,0.0,0.0,0.0,0.0,nan,nan,4.141490765171504,2.903704102309146,nan,0.3745,0.11273,0.0,0.0,0.0,0.0,0.0,0.0,0.0,0.0,0.0,0.0,1.072041166380789e-05,0.0,0.0,3.216123499142367e-05,8.576329331046312e-05,0.0,0.007461406518010291,0.006217838765008576,0.008051029159519725,0.0018331903945111492,0.02017581475128645,0.02159090909090909,0.020658233276157803,0.03820754716981132,0.0335548885077187,0.012489279588336193,0.025675385934819897,0.03877572898799314,0.034316037735849056,0.02998499142367067,0.01179245283018868,0.022834476843910805,0.02474271012006861,0.03499142367066895,0.018578473413379072,0.027572898799313895,0.044125214408233276,0.05042881646655232,0.02865566037735849,0.05984133790737564,0.04048027444253859,0.010591766723842195,0.010034305317324185,0.04040523156089194,0.03322255574614065,0.023949399656946826,0.022298456260720412,0.016037735849056604,0.008780017152658663,0.011299313893653516,0.027090480274442538,0.0016616638078902229,0.0050814751286449395,0.008908662092624357,0.007021869639794168,0.010270154373927958,0.005563893653516295,0.011674528301886792,0.0120926243567753,0.014536878216123499,0.04180960548885077,0.0030981989708404804,0.004770583190394511,0.003516295025728988,0.0019082332761578044,0.0011792452830188679,3.216123499142367e-05,0.0,0.0,0.0,0.0,0.0,0.0,0.0,0.0,0.0,0.0,0.0,0.0,0.0,0.0,0.0,0.0,0.0,0.0,0.0,0.0,0.0,0.0,0.0,0.0,0.0,0.0,0.0,0.0,0.0,0.0,0.0,0.0,0.0,0.0,nan,nan,4.141490765171504,2.903704102309146,nan,0.9070517714162002,0.022254624874623,0.0,0.0,0.0,0.0,0.0,0.0,0.0,0.0,0.0,0.0,0.0,0.0,0.0,0.0,0.0,0.0,0.0,0.0,0.0,0.0,0.0,0.0,0.0,0.0,0.0,1.1038430089942766,10.290269828291091,14.840556009811941,3.6304170073589543,0.13491414554374492,0.9076744695576168,0.02315270865325781,0.0,0.0,0.0,0.0,0.0,0.0,0.0,0.0,0.0,0.0,0.0,0.0,0.0,0.0,0.0,0.0,0.0,0.0,0.0,0.0,0.0,0.0,0.0,0.0,0.013525698827772771,1.1091073038773671,9.833183047790804,15.108205590622186,3.7466185752930574,0.1893597835888188,0.374,0.02307,0.0,0.0,0.0,0.0,0.0,0.0,0.0,0.0,0.0,1.2019623875715455,10.143090760425187,14.779231398201125,3.7530662305805405,0.12264922322158629,0.0,0.0,0.0,0.0,0.0,0.0,0.0,0.0,0.0,0.0,0.0,0.0,0.0,0.0,0.0,0.0,0.3748,0.02307,0.0,0.0,0.0,0.0,0.0,0.0,0.0,0.0,0.013525698827772771,1.0279531109107305,10.00901713255185,14.580703336339022,4.233543733092877,0.1352569882777277,0.0,0.0,0.0,0.0,0.0,0.0,0.0,0.0,0.0,0.0,0.0,0.0,0.0,0.0,0.0,0.0
47500,4979,2566,0.5153645310303274,1190,1012,0.4422574814219723,1414,0.5679855392649127,0.39399999999999996,3.031910484873601,3.068262121493766,6.558533145275035,2.084539392142116,9312.945085721218,1415.8080902257,7853.0,10737.916036605835,10685.83966555181,17.72162457352654,7853.0,0.0,27.989556135770236,20.99223479898235,32.9464243004066,19.25827429152737,0.1397871058445471,0.1006226149829283,0.09640490058244627,0.07973488652339827,0.08093994778067885,0.07511548503715605,0.0723036754368347,0.061658967664189594,0.056838722635067285,0.056637879092187184,0.04719823257682265,0.033942558746736295,0.03213496686081543,0.028318939546093592,0.02008435428800964,0.011849769029925688,0.006426993372163085,0.9077330518496709,0.022813055001704583,0.0,0.0,0.0,0.0,0.0,0.0,0.0,0.0,0.0,0.0,0.0,0.0,0.0,0.0,0.0,0.0,0.0,0.0,0.0,0.0,0.0,0.0,0.0,0.0,0.012050612572805788,1.1026310504117294,10.020084354288013,14.894557139987953,3.8140188792930316,0.15665796344647523,4.347513293712856,2.8445774946627864,nan,nan,nan,4.368421052631579,2.8466344052534236,4.327980234712785,2.8431122947047163,0.9907424633679871,0.3752,0.02269,0.0,0.0,0.0,0.0,0.0,0.0,0.0,0.0,0.0,0.95802369953806,9.712793733681464,15.171721229162461,4.024904599317133,0.13255673830086365,0.0,0.0,0.0,0.0,0.0,0.0,0.0,0.0,0.0,0.0,0.0,0.0,0.0,0.0,0.0,0.0,nan,nan,4.347513293712856,2.8445774946627864,nan,0.3752,0.11224,0.0,0.0,0.0,0.0,0.0,0.0,0.0,0.0,0.0,0.0,0.0,0.0,0.0,0.0,3.0126531432014462e-05,1.004217714400482e-05,0.00808395260092388,0.006155854589274955,0.008073910423779876,0.001456115685880699,0.018507732476400883,0.021530427796746333,0.019100220927897166,0.03852179152440249,0.03266720224944768,0.011337617995581441,0.027615987146013255,0.03836111669009842,0.034364330186784496,0.027475396665997187,0.012100823458525808,0.02287607953404298,0.02504518979714802,0.0339626431010243,0.018075918859208676,0.027535649728861217,0.044868447479413535,0.05075316328580036,0.029674633460534245,0.06139787105844547,0.04116288411327576,0.011227154046997388,0.009429604338220526,0.0387527615987146,0.03522795742116891,0.025135569391444065,0.02235388632255473,0.014842337818839124,0.00891745330387628,0.011789515967061659,0.02906206065474995,0.0016670014059048002,0.005111468166298453,0.008385217915244025,0.006366740309299056,0.01200040168708576,0.005472986543482627,0.012984535047198233,0.012130949989957823,0.014300060253062864,0.04019883510745129,0.0023799959831291425,0.005131552520586463,0.003996786503313919,0.0017674231773448484,0.0006025306286402892,2.008435428800964e-05,0.0,0.0,0.0,0.0,0.0,0.0,0.0,0.0,0.0,0.0,0.0,0.0,0.0,0.0,0.0,0.0,0.0,0.0,0.0,0.0,0.0,0.0,0.0,0.0,0.0,0.0,0.0,0.0,0.0,0.0,0.0,0.0,0.0,0.0,nan,nan,4.347513293712856,2.8445774946627864,nan,0.9078505295194506,0.02298006811873671,0.0,0.0,0.0,0.0,0.0,0.0,0.0,0.0,0.0,0.0,0.0,0.0,0.0,0.0,0.0,0.0,0.0,0.0,0.0,0.0,0.0,0.0,0.0,0.0,0.023382696804364774,1.0639127045985972,10.18316445830086,14.660950896336713,3.928293063133282,0.14029618082618864,0.9076081253263992,0.0226334311799358,0.0,0.0,0.0,0.0,0.0,0.0,0.0,0.0,0.0,0.0,0.0,0.0,0.0,0.0,0.0,0.0,0.0,0.0,0.0,0.0,0.0,0.0,0.0,0.0,0.0,1.143804392871944,9.846663903854125,15.142975549108996,3.692498963945297,0.17405719021964364,0.3752,0.02261,0.0,0.0,0.0,0.0,0.0,0.0,0.0,0.0,0.0,0.9469992205767733,9.621979734996106,15.292283710054537,4.010132501948559,0.12860483242400625,0.0,0.0,0.0,0.0,0.0,0.0,0.0,0.0,0.0,0.0,0.0,0.0,0.0,0.0,0.0,0.0,0.3755,0.02275,0.0,0.0,0.0,0.0,0.0,0.0,0.0,0.0,0.0,0.9697472026523002,9.809365934521344,15.04351429755489,4.040613344384584,0.13675922088686285,0.0,0.0,0.0,0.0,0.0,0.0,0.0,0.0,0.0,0.0,0.0,0.0,0.0,0.0,0.0,0.0
47600,4511,2385,0.5287076036355576,1121,918,0.4520062070494347,1255,0.5564176457548216,0.434,3.0390404515522107,3.1668674886618997,6.8019966722129785,2.228777749401794,9350.379019536429,1413.795976612762,7853.0,10745.04199564457,10685.149583701817,17.484218935587762,7853.0,0.0,28.222345377964974,21.001884132818443,33.14616802739005,19.242268929333704,0.13722012857459542,0.0966526269119929,0.09066725781423188,0.08623365107514963,0.08623365107514963,0.0764797162491687,0.06783418310795833,0.06716914209709599,0.05941033030370206,0.04832631345599645,0.04167590334737309,0.03968078031478608,0.036577255597428505,0.026823320771447574,0.019064508978053646,0.013522500554200843,0.006428729771669253,0.9083075130680822,0.022691617526873487,0.0,0.0,0.0,0.0,0.0,0.0,0.0,0.0,0.0,0.0,0.0,0.0,0.0,0.0,0.0,0.0,0.0,0.0,0.0,0.0,0.0,0.0,0.0,0.0,0.02660164043449347,0.9510086455331415,9.696297938372869,15.156284637552652,4.036798935934383,0.13300820217246734,4.2785714285714285,2.9627419962012254,nan,nan,nan,4.3123287671232875,2.9659688618008877,4.248140635564571,2.958117878630389,0.9851152045623053,0.3743,0.02296,0.0,0.0,0.0,0.0,0.0,0.0,0.0,0.0,0.0399024606517402,1.0441143870538685,9.97561516293505,14.857016182664575,3.9636444247395266,0.1197073819552206,0.0,0.0,0.0,0.0,0.0,0.0,0.0,0.0,0.0,0.0,0.0,0.0,0.0,0.0,0.0,0.0,nan,nan,4.2785714285714285,2.9627419962012254,nan,0.3743,0.11224,0.0,0.0,0.0,0.0,0.0,0.0,0.0,0.0,0.0,0.0,0.0,0.0,0.0,2.2168033695411216e-05,0.0,0.0,0.007913988029261805,0.006539569940146309,0.00857902904012414,0.0013411660385723786,0.01819995566393261,0.02375304810463312,0.018731988472622477,0.03883839503436045,0.035468853912657944,0.011228109066725781,0.02869651961870982,0.035801374418089116,0.034571048547993796,0.027577033917091553,0.011760141875415651,0.022899578807359787,0.024927953890489914,0.03232099312790956,0.018587896253602305,0.02980492130348038,0.04618709820438927,0.048115717135890045,0.029217468410551985,0.058313012635779204,0.042230104189758366,0.010285967634670806,0.009177565949900244,0.03665484371536245,0.03540234981157171,0.027067169142097097,0.025293726446464198,0.015262691199290622,0.009399246286854356,0.010574152072711151,0.028186654843715363,0.0012635779206384393,0.005043227665706052,0.009155397916204833,0.006373309687430725,0.011050764797162492,0.006062957215694968,0.013622256705830192,0.01256927510529816,0.014553314121037464,0.038528042562624695,0.00209487918421636,0.004998891598315229,0.0034692972733318555,0.0016736865440035468,0.0005763688760806917,3.3252050543116824e-05,0.0,0.0,0.0,0.0,0.0,0.0,0.0,0.0,0.0,0.0,0.0,0.0,0.0,0.0,0.0,0.0,0.0,0.0,0.0,0.0,0.0,0.0,0.0,0.0,0.0,0.0,0.0,0.0,0.0,0.0,0.0,0.0,0.0,0.0,nan,nan,4.2785714285714285,2.9627419962012254,nan,0.9076892490157041,0.02218173609940212,0.0,0.0,0.0,0.0,0.0,0.0,0.0,0.0,0.0,0.0,0.0,0.0,0.0,0.0,0.0,0.0,0.0,0.0,0.0,0.0,0.0,0.0,0.0,0.0,0.01257861635220126,0.9559748427672958,9.798742138364782,15.433962264150946,3.6855345911949695,0.11320754716981135,0.9090010971531819,0.023230735805221406,0.0,0.0,0.0,0.0,0.0,0.0,0.0,0.0,0.0,0.0,0.0,0.0,0.0,0.0,0.0,0.0,0.0,0.0,0.0,0.0,0.0,0.0,0.0,0.0,0.04233301975540923,0.9454374412041394,9.581373471307622,14.844778927563503,4.430856067732832,0.1552210724365005,0.3743,0.02286,0.0,0.0,0.0,0.0,0.0,0.0,0.0,0.0,0.03773584905660378,1.1320754716981134,9.836477987421386,15.11949685534589,3.7232704402515733,0.15094339622641512,0.0,0.0,0.0,0.0,0.0,0.0,0.0,0.0,0.0,0.0,0.0,0.0,0.0,0.0,0.0,0.0,0.3745,0.02307,0.0,0.0,0.0,0.0,0.0,0.0,0.0,0.0,0.04233301975540923,0.9454374412041394,10.13170272812794,14.56255879586075,4.233301975540923,0.08466603951081846,0.0,0.0,0.0,0.0,0.0,0.0,0.0,0.0,0.0,0.0,0.0,0.0,0.0,0.0,0.0,0.0
47700,4852,2479,0.5109233305853257,1200,981,0.4495053586150041,1377,0.56760098928277,0.41,3.0273914875684786,3.1648897949141896,6.711175616835995,2.182368970143174,9300.014030561011,1415.7992895536547,7853.0,10750.982897996902,10685.154931941115,18.20384179129505,7853.0,0.0,28.01133553173949,20.792790663075554,32.92475490196078,19.021491326730093,0.1393239901071723,0.09171475680131905,0.0950123660346249,0.09274525968672712,0.07976092333058532,0.07708161582852432,0.07440230832646332,0.05894476504534213,0.060593569661995056,0.04987633965375103,0.043899422918384175,0.044311624072547406,0.031945589447650455,0.024525968672712284,0.017930750206100576,0.00989282769991756,0.008037922506183017,0.908845953489765,0.022622380836303347,0.0,0.0,0.0,0.0,0.0,0.0,0.0,0.0,0.0,0.0,0.0,0.0,0.0,0.0,0.0,0.0,0.0,0.0,0.0,0.0,0.0,0.0,0.0,0.0,0.03091508656224238,0.9336356141797199,9.404369332234133,15.451360263808741,4.025144270403958,0.1545754328112119,4.396825396825397,2.9618724372587515,nan,nan,nan,4.3947203016970455,2.9738136034250595,4.398973701090442,2.949634777831405,1.0009678430255855,0.3733,0.02281,0.0,0.0,0.0,0.0,0.0,0.0,0.0,0.0,0.024732069249793907,1.236603462489695,10.257625721352023,14.783594394064282,3.5552349546578736,0.14220939818631495,0.0,0.0,0.0,0.0,0.0,0.0,0.0,0.0,0.0,0.0,0.0,0.0,0.0,0.0,0.0,0.0,nan,nan,4.396825396825397,2.9618724372587515,nan,0.3733,0.1118,0.0,0.0,0.0,0.0,0.0,0.0,0.0,0.0,0.0,0.0,0.0,0.0,0.0,0.0,2.0610057708161584e-05,0.0,0.007450535861500412,0.005966611706512778,0.0096558120362737,0.0011129431162407255,0.018147155812036273,0.02279472382522671,0.01954863973619126,0.038860263808738665,0.037850370981038745,0.010634789777411377,0.027967848309975268,0.035201978565539985,0.03379018961253091,0.03152308326463314,0.01159315746084089,0.02395919208573784,0.024278647980214344,0.032440230832646334,0.01923948887056884,0.02929719703215169,0.0460840890354493,0.0513396537510305,0.029596042868920033,0.05730626545754328,0.041044929925803796,0.010346248969497115,0.009418796372629844,0.034429101401483926,0.033707749381698265,0.027926628194558944,0.02706100577081616,0.015972794723825227,0.009913437757625721,0.012922506183017312,0.025752267106347898,0.001030502885408079,0.0053483099752679305,0.008017312448474855,0.005183429513602638,0.010552349546578731,0.005822341302555647,0.011098516075845012,0.011881698268755153,0.014530090684253916,0.03823165704863973,0.0019167353668590272,0.004997938994229184,0.004070486397361912,0.001679719703215169,0.0014220939818631493,6.183017312448476e-05,0.0,0.0,0.0,0.0,0.0,0.0,0.0,0.0,0.0,0.0,0.0,0.0,0.0,0.0,0.0,0.0,0.0,0.0,0.0,0.0,0.0,0.0,0.0,0.0,0.0,0.0,0.0,0.0,0.0,0.0,0.0,0.0,0.0,0.0,nan,nan,4.396825396825397,2.9618724372587515,nan,0.9086117587680055,0.022641129785234842,0.0,0.0,0.0,0.0,0.0,0.0,0.0,0.0,0.0,0.0,0.0,0.0,0.0,0.0,0.0,0.0,0.0,0.0,0.0,0.0,0.0,0.0,0.0,0.0,0.036304961678096014,0.9318273497377977,9.54820492133925,15.381202097620012,3.945139169019767,0.15732150060508274,0.9090906095012451,0.022600186050833266,0.0,0.0,0.0,0.0,0.0,0.0,0.0,0.0,0.0,0.0,0.0,0.0,0.0,0.0,0.0,0.0,0.0,0.0,0.0,0.0,0.0,0.0,0.0,0.0,0.02528445006321113,0.9355246523388118,9.254108723135273,15.524652338811634,4.108723135271808,0.15170670037926678,0.3733,0.02281,0.0,0.0,0.0,0.0,0.0,0.0,0.0,0.0,0.036304961678096014,1.1980637353771684,10.286405808793871,14.800322710770452,3.5215812827753132,0.15732150060508274,0.0,0.0,0.0,0.0,0.0,0.0,0.0,0.0,0.0,0.0,0.0,0.0,0.0,0.0,0.0,0.0,0.3733,0.02283,0.0,0.0,0.0,0.0,0.0,0.0,0.0,0.0,0.012642225031605565,1.276864728192162,10.227560050568902,14.766118836915275,3.5903919089759806,0.12642225031605564,0.0,0.0,0.0,0.0,0.0,0.0,0.0,0.0,0.0,0.0,0.0,0.0,0.0,0.0,0.0,0.0
47800,4803,2531,0.5269623152196544,1196,938,0.4443056423068915,1320,0.5496564647095565,0.414,2.9889964788732395,3.1360526311944135,6.665653495440729,2.1531216360509315,9345.466650422579,1414.1019009904232,7853.0,10743.634410619736,10685.20755510851,17.72538644916588,7853.0,0.0,28.342494274411827,20.998714042691265,33.21550234509998,19.24941125679134,0.13470747449510723,0.10264418072038309,0.09140120757859671,0.08161565688111597,0.08307307932542161,0.07328752862794087,0.07037268373932959,0.06246096189881324,0.05767228815323756,0.05892150739121382,0.04497189256714553,0.041640641265875494,0.03476993545700604,0.024359775140537165,0.018530085363314595,0.011659379554445138,0.007911721840516344,0.9082150948362849,0.02261026944265714,0.0,0.0,0.0,0.0,0.0,0.0,0.0,0.0,0.0,0.0,0.0,0.0,0.0,0.0,0.0,0.0,0.0,0.0,0.0,0.0,0.0,0.0,0.0,0.0,0.012492192379762651,0.9743910056214867,9.687695190505936,15.415365396627111,3.7164272329793886,0.1936289818863211,4.266923323708694,2.955119307813431,nan,nan,nan,4.243777919591576,2.9145320418195113,4.290322580645161,2.9954109889489158,1.0109677419354839,0.374,0.0225,0.0,0.0,0.0,0.0,0.0,0.0,0.0,0.0,0.0062460961898813255,0.9868831980012495,10.187382885696442,15.028107432854444,3.6727045596502195,0.11867582760774519,0.0,0.0,0.0,0.0,0.0,0.0,0.0,0.0,0.0,0.0,0.0,0.0,0.0,0.0,0.0,0.0,nan,nan,4.266923323708694,2.955119307813431,nan,0.374,0.1111,0.0,0.0,0.0,0.0,0.0,0.0,0.0,0.0,0.0,0.0,0.0,0.0,0.0,2.0820320632937746e-05,1.0410160316468873e-05,0.0,0.007328752862794087,0.005944201540703727,0.008911097230897357,0.0014053716427232979,0.01840516343951697,0.021653133458255258,0.02042473454091193,0.0361544867790964,0.036268998542577556,0.01026441807203831,0.026275244638767438,0.03611284613783052,0.03243805954611701,0.03348948573808037,0.011524047470331042,0.025931709348323964,0.024099521132625444,0.0322402665001041,0.020351863418696648,0.03095981678117843,0.04548199042265251,0.04780345617322507,0.03128253175098897,0.05758900687070581,0.04090151988340621,0.009858421819696024,0.009462835727670206,0.03579013116801999,0.032771184676244014,0.029637726420986884,0.030012492192379763,0.01653133458255257,0.010399750156152405,0.011971684363939205,0.025838017905475744,0.0010826566729127628,0.005444513845513221,0.008036643764313971,0.005506974807412034,0.009743910056214866,0.005236310639183843,0.013481157609827191,0.011024359775140538,0.014532583801790547,0.036393920466375185,0.002206953987091401,0.005767228815323756,0.0030189464917759735,0.001634395169685613,0.001311680199875078,3.123048094940662e-05,0.0,0.0,0.0,0.0,0.0,0.0,0.0,0.0,0.0,0.0,0.0,0.0,0.0,0.0,0.0,0.0,0.0,0.0,0.0,0.0,0.0,0.0,0.0,0.0,0.0,0.0,0.0,0.0,0.0,0.0,0.0,0.0,0.0,0.0,nan,nan,4.266923323708694,2.955119307813431,nan,0.9083003228429465,0.021990948972886757,0.0,0.0,0.0,0.0,0.0,0.0,0.0,0.0,0.0,0.0,0.0,0.0,0.0,0.0,0.0,0.0,0.0,0.0,0.0,0.0,0.0,0.0,0.0,0.0,0.011853022520742792,0.9245357566179377,9.541683129197947,15.788225997629398,3.5677597787435804,0.1659423152903991,0.9081201511369624,0.023280431426421368,0.0,0.0,0.0,0.0,0.0,0.0,0.0,0.0,0.0,0.0,0.0,0.0,0.0,0.0,0.0,0.0,0.0,0.0,0.0,0.0,0.0,0.0,0.0,0.0,0.01320422535211268,1.029929577464789,9.850352112676058,15.000000000000004,3.8820422535211274,0.22447183098591555,0.3738,0.02242,0.0,0.0,0.0,0.0,0.0,0.0,0.0,0.0,0.0,0.9838008692216517,10.584749111023314,14.745160015804009,3.591465823785066,0.09482418016594234,0.0,0.0,0.0,0.0,0.0,0.0,0.0,0.0,0.0,0.0,0.0,0.0,0.0,0.0,0.0,0.0,0.3743,0.02263,0.0,0.0,0.0,0.0,0.0,0.0,0.0,0.0,0.01320422535211268,0.9903169014084509,9.744718309859156,15.343309859154907,3.7632042253521134,0.14524647887323947,0.0,0.0,0.0,0.0,0.0,0.0,0.0,0.0,0.0,0.0,0.0,0.0,0.0,0.0,0.0,0.0
47900,4977,2586,0.5195901145268234,1265,1054,0.46594333936106086,1441,0.5790636929877436,0.3339999999999999,2.905478879130071,2.9865611603456075,6.395620437956205,2.110725775933039,9324.938635739309,1415.4122957416043,7853.0,10754.768191218376,10685.884218899668,17.743416318786668,7853.0,0.0,28.821579264617238,20.727300087915324,33.416156382477624,18.954973370248517,0.12658227848101267,0.0916214587100663,0.08880851918826603,0.08941129194293751,0.07936507936507936,0.07675306409483625,0.07554751858549327,0.07454289732770746,0.05726341169379144,0.05505324492666265,0.046614426361261806,0.04159132007233273,0.03556359252561784,0.021498894916616437,0.01969057665260197,0.012658227848101266,0.007434197307615029,0.9083661163861622,0.023165945978607577,0.0,0.0,0.0,0.0,0.0,0.0,0.0,0.0,0.0,0.0,0.0,0.0,0.0,0.0,0.0,0.0,0.0,0.0,0.0,0.0,0.0,0.0,0.0,0.0,0.02411091018685956,1.0247136829415313,9.535864978902955,15.141651597347803,4.147076552139844,0.1265822784810127,4.084883023395321,2.8722540734797843,nan,nan,nan,4.020731707317073,2.805405835815701,4.146989374262102,2.934185558424763,1.0314016642083481,0.375,0.02295,0.0,0.0,0.0,0.0,0.0,0.0,0.0,0.0,0.0,0.8981314044605185,9.92163954189271,14.786015672091601,4.273658830620857,0.12055455093429779,0.0,0.0,0.0,0.0,0.0,0.0,0.0,0.0,0.0,0.0,0.0,0.0,0.0,0.0,0.0,0.0,nan,nan,4.084883023395321,2.8722540734797843,nan,0.375,0.1118,0.0,0.0,0.0,0.0,0.0,0.0,0.0,0.0,0.0,0.0,0.0,0.0,0.0,1.0046212577858147e-05,0.0,0.0,0.0068414707655213985,0.00601768133413703,0.008237894313843681,0.0012457303596544102,0.018354430379746836,0.021719911593329314,0.021227647177014267,0.036317058468957206,0.0360056258790436,0.010910186859553948,0.02430178822583886,0.03602571830419932,0.032358850713281095,0.03484026522001205,0.011523005826803295,0.02565802692384971,0.022382961623467954,0.03302190074341973,0.021036769138034962,0.030038175607795863,0.04401245730359654,0.04869399236487844,0.030279284709664456,0.05902149889491662,0.041571227647177016,0.01067912397026321,0.009061683745228049,0.03387582881253767,0.032278481012658226,0.029455495278280088,0.02890295358649789,0.017922443238898935,0.010417922443238898,0.012065501306007635,0.025266224633313242,0.0010950371709865382,0.00493269037572835,0.008097247337753667,0.004832228249949769,0.009925658026923849,0.0056359252561784205,0.013853727144866386,0.012246333132409082,0.01447659232469359,0.03729154108900944,0.002451275868997388,0.0066405465139642355,0.0033252963632710466,0.0022804902551737997,0.0012658227848101266,6.027727546714889e-05,0.0,1.0046212577858147e-05,0.0,0.0,0.0,0.0,0.0,0.0,0.0,0.0,0.0,0.0,0.0,0.0,0.0,0.0,0.0,0.0,0.0,0.0,0.0,0.0,0.0,0.0,0.0,0.0,0.0,0.0,0.0,0.0,0.0,0.0,0.0,0.0,nan,nan,4.084883023395321,2.8722540734797843,nan,0.9083584112800192,0.023337658099146754,0.0,0.0,0.0,0.0,0.0,0.0,0.0,0.0,0.0,0.0,0.0,0.0,0.0,0.0,0.0,0.0,0.0,0.0,0.0,0.0,0.0,0.0,0.0,0.0,0.034802784222737825,1.0440835266821347,9.48955916473318,15.081206496519725,4.245939675174014,0.10440835266821348,0.9083744498886657,0.022978782488642917,0.0,0.0,0.0,0.0,0.0,0.0,0.0,0.0,0.0,0.0,0.0,0.0,0.0,0.0,0.0,0.0,0.0,0.0,0.0,0.0,0.0,0.0,0.0,0.0,0.012547051442910918,1.0037641154328734,9.585947302383941,15.207026348808034,4.040150564617315,0.150564617314931,0.3748,0.02258,0.0,0.0,0.0,0.0,0.0,0.0,0.0,0.0,0.0,0.8352668213457078,10.034802784222741,14.976798143851486,4.025522041763342,0.12761020881670534,0.0,0.0,0.0,0.0,0.0,0.0,0.0,0.0,0.0,0.0,0.0,0.0,0.0,0.0,0.0,0.0,0.3755,0.02335,0.0,0.0,0.0,0.0,0.0,0.0,0.0,0.0,0.0,0.9661229611041408,9.799247176913427,14.579673776662464,4.542032622333752,0.11292346298619826,0.0,0.0,0.0,0.0,0.0,0.0,0.0,0.0,0.0,0.0,0.0,0.0,0.0,0.0,0.0,0.0
48000,3920,2090,0.5331632653061225,945,796,0.4441326530612245,1063,0.5423469387755102,0.434,2.957377049180328,3.100209353924632,6.600401606425703,2.212360276112985,9363.608543032498,1413.5878685628154,7853.0,10746.07644367218,10686.294492194926,17.85471630390301,7853.0,0.0,28.54591836734694,21.132500689248566,33.43672606463304,19.34329966562726,0.13443877551020408,0.10051020408163265,0.08724489795918368,0.08545918367346939,0.08239795918367347,0.07474489795918367,0.06887755102040816,0.06454081632653061,0.053316326530612246,0.0548469387755102,0.047193877551020405,0.04285714285714286,0.04005102040816327,0.026275510204081632,0.018877551020408164,0.010459183673469388,0.007908163265306122,0.9078119335277957,0.022592452094243952,0.0,0.0,0.0,0.0,0.0,0.0,0.0,0.0,0.0,0.0,0.0,0.0,0.0,0.0,0.0,0.0,0.0,0.0,0.0,0.0,0.0,0.0,0.0,0.0,0.0076530612244897975,0.9719387755102044,9.994897959183675,15.084183673469392,3.8494897959183683,0.09183673469387757,4.115489660554038,2.8727611385052487,nan,nan,nan,4.1722222222222225,2.836500719472792,4.06062931696086,2.906341847535368,0.9732533649173831,0.3748,0.02267,0.0,0.0,0.0,0.0,0.0,0.0,0.0,0.0,0.022959183673469392,0.9872448979591839,9.665816326530614,15.34438775510202,3.8724489795918378,0.10714285714285718,0.0,0.0,0.0,0.0,0.0,0.0,0.0,0.0,0.0,0.0,0.0,0.0,0.0,0.0,0.0,0.0,nan,nan,4.115489660554038,2.8727611385052487,nan,0.3748,0.1124,0.0,0.0,0.0,0.0,0.0,0.0,0.0,0.0,0.0,0.0,0.0,0.0,0.0,0.0,0.0,1.2755102040816327e-05,0.007130102040816326,0.0064285714285714285,0.00903061224489796,0.001288265306122449,0.017793367346938777,0.020471938775510203,0.022857142857142857,0.036326530612244896,0.03556122448979592,0.011441326530612245,0.02301020408163265,0.036479591836734694,0.03309948979591837,0.034961734693877554,0.011785714285714287,0.02559948979591837,0.023125,0.032589285714285716,0.021556122448979594,0.02985969387755102,0.043494897959183675,0.048852040816326534,0.03214285714285714,0.05860969387755102,0.03989795918367347,0.012461734693877551,0.008545918367346939,0.03274234693877551,0.03146683673469388,0.028469387755102042,0.030816326530612243,0.016466836734693877,0.009732142857142858,0.012104591836734693,0.02469387755102041,0.0008801020408163266,0.003979591836734694,0.00850765306122449,0.004260204081632653,0.009081632653061224,0.005127551020408163,0.013265306122448979,0.012857142857142857,0.014630102040816327,0.038979591836734696,0.0035969387755102043,0.006594387755102041,0.0038775510204081634,0.002232142857142857,0.001096938775510204,0.00011479591836734693,0.0,1.2755102040816327e-05,0.0,0.0,0.0,0.0,0.0,0.0,0.0,0.0,0.0,0.0,0.0,0.0,0.0,0.0,0.0,0.0,0.0,0.0,0.0,0.0,0.0,0.0,0.0,0.0,0.0,0.0,0.0,0.0,0.0,0.0,0.0,0.0,nan,nan,4.115489660554038,2.8727611385052487,nan,0.9082401974634691,0.02237596166952855,0.0,0.0,0.0,0.0,0.0,0.0,0.0,0.0,0.0,0.0,0.0,0.0,0.0,0.0,0.0,0.0,0.0,0.0,0.0,0.0,0.0,0.0,0.0,0.0,0.0,0.904306220095694,10.004784688995217,15.04306220095694,3.9473684210526323,0.10047846889952156,0.9073228233498953,0.022827364569356277,0.0,0.0,0.0,0.0,0.0,0.0,0.0,0.0,0.0,0.0,0.0,0.0,0.0,0.0,0.0,0.0,0.0,0.0,0.0,0.0,0.0,0.0,0.0,0.0,0.016393442622950824,1.0491803278688527,9.983606557377051,15.13114754098361,3.737704918032788,0.08196721311475412,0.3757,0.02287,0.0,0.0,0.0,0.0,0.0,0.0,0.0,0.0,0.028708133971291874,0.9473684210526317,9.559808612440193,15.215311004784667,4.13397129186603,0.1148325358851675,0.0,0.0,0.0,0.0,0.0,0.0,0.0,0.0,0.0,0.0,0.0,0.0,0.0,0.0,0.0,0.0,0.374,0.02242,0.0,0.0,0.0,0.0,0.0,0.0,0.0,0.0,0.016393442622950824,1.032786885245902,9.786885245901642,15.491803278688502,3.5737704918032795,0.09836065573770493,0.0,0.0,0.0,0.0,0.0,0.0,0.0,0.0,0.0,0.0,0.0,0.0,0.0,0.0,0.0,0.0
48100,3962,2072,0.5229681978798587,985,809,0.45280161534578495,1106,0.558303886925795,0.43,3.062962962962963,3.1990001254862523,6.893203883495145,2.125721448562375,9334.575897138599,1415.0714876280413,7853.0,10749.807186245918,10686.013370879886,18.03639079330264,7853.0,0.0,27.78823826350328,20.80043472577415,32.80488540410133,19.025780560909606,0.14235234729934376,0.09919232710752145,0.0906108026249369,0.09237758707723372,0.08051489146895507,0.0767289247854619,0.06208985360928824,0.06562342251388188,0.061585058051489144,0.05376072690560323,0.040131246845027765,0.039121655729429584,0.034326097930338216,0.02624936900555275,0.017920242301867742,0.013629480060575468,0.003785966683493185,0.9077897289375775,0.022543159282266967,0.0,0.0,0.0,0.0,0.0,0.0,0.0,0.0,0.0,0.0,0.0,0.0,0.0,0.0,0.0,0.0,0.0,0.0,0.0,0.0,0.0,0.0,0.0,0.0,0.015143866733972744,0.9843513377082284,9.941948510853106,15.242301867743567,3.7253912165572953,0.09086320040383646,4.350156494522691,2.988868886586674,nan,nan,nan,4.29296875,2.95052123556558,4.407523510971787,3.025762912461135,1.0266842755311898,0.3757,0.02307,0.0,0.0,0.0,0.0,0.0,0.0,0.0,0.0,0.015143866733972744,1.0222110045431603,9.434628975265019,15.128722867238746,4.240282685512368,0.1590106007067138,0.0,0.0,0.0,0.0,0.0,0.0,0.0,0.0,0.0,0.0,0.0,0.0,0.0,0.0,0.0,0.0,nan,nan,4.350156494522691,2.988868886586674,nan,0.3757,0.1124,0.0,0.0,0.0,0.0,0.0,0.0,0.0,0.0,0.0,0.0,0.0,0.0,0.0,0.0,0.0,0.0,0.00599444724886421,0.006524482584553256,0.0077738515901060075,0.001198889449772842,0.01947248864209995,0.0196113074204947,0.02221100454316002,0.03635790005047956,0.034502776375567895,0.011067642604745078,0.026842503785966684,0.034187279151943466,0.03258455325593135,0.03568904593639576,0.012506309944472488,0.02584553255931348,0.02089853609288238,0.03156234225138819,0.022930338213023725,0.030174154467440685,0.04208732963149924,0.0497223624432105,0.03469207470974255,0.05767289247854619,0.04111559818273599,0.011042402826855124,0.009351337708228168,0.031587582029278145,0.030275113579000503,0.029618879353861687,0.029795557799091366,0.016443715295305403,0.010663806158505805,0.011736496718828874,0.026463907117617366,0.0008833922261484099,0.004177183240787481,0.0073573952549217565,0.0035335689045936395,0.009326097930338213,0.005123674911660777,0.01268298838970217,0.014336193841494194,0.015535083291267036,0.03976527006562342,0.003016153457849571,0.006827359919232711,0.003823826350328117,0.0020822816759212518,0.0012619888944977284,6.309944472488642e-05,0.0,0.0,0.0,0.0,0.0,0.0,0.0,0.0,0.0,0.0,0.0,0.0,0.0,0.0,0.0,0.0,0.0,0.0,0.0,0.0,0.0,0.0,0.0,0.0,0.0,0.0,0.0,0.0,0.0,0.0,0.0,0.0,0.0,0.0,nan,nan,4.350156494522691,2.988868886586674,nan,0.9074407209818428,0.022826137619942264,0.0,0.0,0.0,0.0,0.0,0.0,0.0,0.0,0.0,0.0,0.0,0.0,0.0,0.0,0.0,0.0,0.0,0.0,0.0,0.0,0.0,0.0,0.0,0.0,0.028957528957528966,1.0859073359073361,9.990347490347492,15.043436293436297,3.764478764478765,0.08687258687258688,0.9081723450668274,0.02222249464650488,0.0,0.0,0.0,0.0,0.0,0.0,0.0,0.0,0.0,0.0,0.0,0.0,0.0,0.0,0.0,0.0,0.0,0.0,0.0,0.0,0.0,0.0,0.0,0.0,0.0,0.8730158730158732,9.888888888888891,15.460317460317464,3.6825396825396837,0.09523809523809525,0.376,0.02333,0.0,0.0,0.0,0.0,0.0,0.0,0.0,0.0,0.028957528957528966,1.0424710424710426,9.425675675675677,14.956563706563685,4.358108108108109,0.1882239382239383,0.0,0.0,0.0,0.0,0.0,0.0,0.0,0.0,0.0,0.0,0.0,0.0,0.0,0.0,0.0,0.0,0.3755,0.02278,0.0,0.0,0.0,0.0,0.0,0.0,0.0,0.0,0.0,1.0000000000000002,9.444444444444446,15.317460317460297,4.1111111111111125,0.126984126984127,0.0,0.0,0.0,0.0,0.0,0.0,0.0,0.0,0.0,0.0,0.0,0.0,0.0,0.0,0.0,0.0
48200,4124,2115,0.5128516003879728,1006,843,0.44835111542192047,1161,0.5630455868089234,0.426,3.0134395221503234,3.191626452000606,6.724738675958188,2.214345338952757,9305.660777455389,1415.8478338514515,7853.0,10746.129673480988,10685.516806726253,17.792574860297766,7853.0,0.0,27.671193016488846,20.632259694221712,32.420568802068374,18.94874538898694,0.13482056256062075,0.1008729388942774,0.09820562560620756,0.09287099903006789,0.08414161008729389,0.07129000969932105,0.06450048496605237,0.06037827352085354,0.06425800193986421,0.05286129970902037,0.04704170708050436,0.040009699321047525,0.030552861299709022,0.025703200775945685,0.01697381183317168,0.010184287099903006,0.00533462657613967,0.9078008815949687,0.02254092350013063,0.0,0.0,0.0,0.0,0.0,0.0,0.0,0.0,0.0,0.0,0.0,0.0,0.0,0.0,0.0,0.0,0.0,0.0,0.0,0.0,0.0,0.0,0.0,0.0,0.0,0.9820562560620759,10.118816682832204,15.12366634335597,3.6517943743937935,0.12366634335596512,4.2804372408594045,2.966921206352527,nan,nan,nan,4.295167286245353,2.948355800049949,4.265290519877676,2.9858156249472674,0.993044097149987,0.374,0.02275,0.0,0.0,0.0,0.0,0.0,0.0,0.0,0.0,0.021823472356935016,1.193016488845781,9.704170708050437,15.370999030067873,3.600872938894278,0.1091173617846751,0.0,0.0,0.0,0.0,0.0,0.0,0.0,0.0,0.0,0.0,0.0,0.0,0.0,0.0,0.0,0.0,nan,nan,4.2804372408594045,2.966921206352527,nan,0.374,0.11176,0.0,0.0,0.0,0.0,0.0,0.0,0.0,0.0,0.0,0.0,0.0,0.0,0.0,0.0,2.4248302618816682e-05,0.0,0.006983511154219205,0.007056256062075655,0.007019883608147429,0.0010911736178467507,0.020138215324927256,0.01965324927255092,0.022381183317167798,0.03853055286129971,0.032286614936954415,0.012160523763336567,0.02757032007759457,0.03568137730358875,0.03181377303588749,0.03260184287099903,0.012803103782735208,0.02603055286129971,0.022999515033947624,0.03307468477206595,0.022162948593598446,0.033499030067895244,0.04528370514064015,0.045877788554801166,0.03449321047526673,0.05600145489815713,0.03954898157129001,0.010657129000969932,0.008232298739088264,0.03130455868089234,0.030092143549951503,0.03318380213385063,0.030395247332686712,0.016791949563530553,0.01117846750727449,0.009832686711930164,0.025545586808923375,0.0008244422890397673,0.0054194956353055285,0.006898642095053346,0.0045223084384093115,0.008753637245392822,0.004946653734238604,0.012706110572259942,0.014597478176527644,0.015276430649854511,0.037681862269641125,0.0032856450048496604,0.005383123181377304,0.0026066925315227935,0.0019641125121241513,0.0011275460717749758,2.4248302618816682e-05,0.0,0.0,0.0,0.0,0.0,0.0,0.0,0.0,0.0,0.0,0.0,0.0,0.0,0.0,0.0,0.0,0.0,0.0,0.0,0.0,0.0,0.0,0.0,0.0,0.0,0.0,0.0,0.0,0.0,0.0,0.0,0.0,0.0,0.0,nan,nan,4.2804372408594045,2.966921206352527,nan,0.9081907072811262,0.022582505718652352,0.0,0.0,0.0,0.0,0.0,0.0,0.0,0.0,0.0,0.0,0.0,0.0,0.0,0.0,0.0,0.0,0.0,0.0,0.0,0.0,0.0,0.0,0.0,0.0,0.0,0.8652482269503549,10.056737588652483,15.219858156028373,3.6879432624113484,0.17021276595744683,0.9073904877043648,0.0224897642185946,0.0,0.0,0.0,0.0,0.0,0.0,0.0,0.0,0.0,0.0,0.0,0.0,0.0,0.0,0.0,0.0,0.0,0.0,0.0,0.0,0.0,0.0,0.0,0.0,0.0,1.1050273768043806,10.184171229467399,15.022399203583877,3.6137381781981093,0.07466401194624192,0.3743,0.02266,0.0,0.0,0.0,0.0,0.0,0.0,0.0,0.0,0.02836879432624114,1.120567375886525,9.404255319148938,15.702127659574444,3.6170212765957457,0.12765957446808512,0.0,0.0,0.0,0.0,0.0,0.0,0.0,0.0,0.0,0.0,0.0,0.0,0.0,0.0,0.0,0.0,0.3735,0.02284,0.0,0.0,0.0,0.0,0.0,0.0,0.0,0.0,0.014932802389248385,1.2692882030861128,10.019910403185666,15.02239920358385,3.5838725734196126,0.08959681433549031,0.0,0.0,0.0,0.0,0.0,0.0,0.0,0.0,0.0,0.0,0.0,0.0,0.0,0.0,0.0,0.0
48300,4410,2270,0.5147392290249433,1068,913,0.4492063492063492,1267,0.5746031746031746,0.38999999999999996,2.9570093457943925,3.0720358298853827,6.539837398373984,2.128694391160715,9310.675585745441,1415.376989778692,7853.0,10737.30749309063,10684.871952923962,17.604586632489216,7853.0,0.0,27.572108843537414,20.80808303494246,32.604670105891934,19.08371030029178,0.14240362811791382,0.1056689342403628,0.08820861678004535,0.09138321995464853,0.07845804988662132,0.07482993197278912,0.07392290249433106,0.05963718820861678,0.05759637188208617,0.05147392290249433,0.04897959183673469,0.03605442176870748,0.031292517006802724,0.026984126984126985,0.014285714285714285,0.011111111111111112,0.007709750566893424,0.9082243438886136,0.02241322051858614,0.0,0.0,0.0,0.0,0.0,0.0,0.0,0.0,0.0,0.0,0.0,0.0,0.0,0.0,0.0,0.0,0.0,0.0,0.0,0.0,0.0,0.0,0.0,0.0,0.006802721088435376,0.9251700680272111,9.510204081632654,15.700680272108848,3.741496598639457,0.11564625850340139,4.248236953455571,2.88112144563079,nan,nan,nan,4.303030303030303,2.8588718002366145,4.193366266760762,2.9021951202173457,0.9745146957965152,0.3728,0.02301,0.0,0.0,0.0,0.0,0.0,0.0,0.0,0.0,0.020408163265306124,1.231292517006803,10.60544217687075,14.48299319727889,3.5238095238095246,0.1360544217687075,0.0,0.0,0.0,0.0,0.0,0.0,0.0,0.0,0.0,0.0,0.0,0.0,0.0,0.0,0.0,0.0,nan,nan,4.248236953455571,2.88112144563079,nan,0.3728,0.1113,0.0,0.0,0.0,0.0,0.0,0.0,0.0,0.0,0.0,0.0,0.0,1.1337868480725624e-05,0.0,0.0,4.5351473922902495e-05,2.2675736961451248e-05,0.006020408163265306,0.007551020408163266,0.007346938775510204,0.0007709750566893424,0.02038548752834467,0.02058956916099773,0.023480725623582766,0.037335600907029476,0.03470521541950113,0.013163265306122449,0.02844671201814059,0.03568027210884354,0.03145124716553288,0.0323922902494331,0.011689342403628117,0.025736961451247164,0.0223015873015873,0.031179138321995464,0.021961451247165534,0.03458049886621315,0.04606575963718821,0.04594104308390023,0.031859410430839,0.059342403628117914,0.03883219954648526,0.01264172335600907,0.009081632653061224,0.032131519274376415,0.03013605442176871,0.03195011337868481,0.030714285714285715,0.01715419501133787,0.010657596371882086,0.009841269841269842,0.024217687074829932,0.0009297052154195011,0.004240362811791383,0.006609977324263039,0.0054875283446712015,0.009365079365079364,0.004478458049886621,0.011179138321995465,0.014115646258503402,0.015328798185941043,0.036224489795918365,0.003276643990929705,0.0053741496598639455,0.0028458049886621317,0.00227891156462585,0.0008503401360544217,0.0,0.0,0.0,0.0,0.0,0.0,0.0,0.0,0.0,0.0,0.0,0.0,0.0,0.0,0.0,0.0,0.0,0.0,0.0,0.0,0.0,0.0,0.0,0.0,0.0,0.0,0.0,0.0,0.0,0.0,0.0,0.0,0.0,0.0,0.0,nan,nan,4.248236953455571,2.88112144563079,nan,0.9084491814548223,0.02235724320552602,0.0,0.0,0.0,0.0,0.0,0.0,0.0,0.0,0.0,0.0,0.0,0.0,0.0,0.0,0.0,0.0,0.0,0.0,0.0,0.0,0.0,0.0,0.0,0.0,0.0,0.8854625550660795,9.40969162995595,15.898678414096919,3.7268722466960362,0.07929515418502203,0.9079858479655791,0.022469987153721057,0.0,0.0,0.0,0.0,0.0,0.0,0.0,0.0,0.0,0.0,0.0,0.0,0.0,0.0,0.0,0.0,0.0,0.0,0.0,0.0,0.0,0.0,0.0,0.0,0.01401869158878505,0.9672897196261684,9.616822429906543,15.49065420560748,3.757009345794393,0.15420560747663553,0.3728,0.02274,0.0,0.0,0.0,0.0,0.0,0.0,0.0,0.0,0.026431718061674016,1.0572687224669606,10.665198237885464,14.590308370044031,3.581497797356829,0.07929515418502203,0.0,0.0,0.0,0.0,0.0,0.0,0.0,0.0,0.0,0.0,0.0,0.0,0.0,0.0,0.0,0.0,0.3728,0.0233,0.0,0.0,0.0,0.0,0.0,0.0,0.0,0.0,0.01401869158878505,1.4158878504672898,10.542056074766357,14.369158878504653,3.4626168224299074,0.1962616822429907,0.0,0.0,0.0,0.0,0.0,0.0,0.0,0.0,0.0,0.0,0.0,0.0,0.0,0.0,0.0,0.0
48400,4203,2180,0.5186771353794909,1009,833,0.4382583868665239,1171,0.5572210325957649,0.418,2.9787444389520514,3.101678305349205,6.6522491349480966,2.0967523396715064,9321.868573575424,1415.044394769937,7853.0,10745.425534248352,10684.951658136473,17.603705299444577,7853.0,0.0,28.25053533190578,21.106514067187984,33.192253322024314,19.355981497138394,0.13847251962883655,0.10040447299547942,0.09517011658339282,0.08303592671901024,0.07851534618129907,0.07161551272900309,0.07328098976921246,0.06233642636212229,0.055912443492743276,0.049012610040447296,0.05020223649773971,0.042826552462526764,0.035212943135855344,0.02569593147751606,0.02236497739709731,0.009279086366880799,0.006661908160837497,0.9085457311651124,0.022888788170483634,0.0,0.0,0.0,0.0,0.0,0.0,0.0,0.0,0.0,0.0,0.0,0.0,0.0,0.0,0.0,0.0,0.0,0.0,0.0,0.0,0.0,0.0,0.0,0.0,0.007137758743754463,0.9064953604568168,10.057102069950037,14.69664525339044,4.211277658815133,0.12134189864382587,4.251107828655835,2.8636703857944927,nan,nan,nan,4.222713864306785,2.86659383006434,4.279585798816568,2.8604522038806905,1.0134681004532424,0.3723,0.02234,0.0,0.0,0.0,0.0,0.0,0.0,0.0,0.0,0.014275517487508925,1.1134903640256961,10.792291220556747,14.846538187009259,3.126338329764455,0.10706638115631695,0.0,0.0,0.0,0.0,0.0,0.0,0.0,0.0,0.0,0.0,0.0,0.0,0.0,0.0,0.0,0.0,nan,nan,4.251107828655835,2.8636703857944927,nan,0.3723,0.11163,0.0,0.0,0.0,0.0,0.0,0.0,0.0,0.0,0.0,0.0,0.0,0.0,0.0,0.0,3.568879371877231e-05,1.1896264572924102e-05,0.006067094932191292,0.007851534618129907,0.008529621698786582,0.0009160123721151559,0.020378301213418985,0.02247204377825363,0.022376873661670234,0.037651677373304784,0.034261241970021415,0.012800380680466334,0.028063288127527956,0.0358315488936474,0.03152510111824887,0.03270283131096836,0.012134189864382585,0.02557696883178682,0.022495836307399476,0.030454437306685702,0.023102545800618605,0.03146561979538425,0.04693076374018558,0.04914346895074947,0.029514632405424696,0.05873185819652629,0.037842017606471566,0.014263621222935998,0.00887461337140138,0.03146561979538425,0.030644777539852487,0.030620985010706637,0.03251249107780157,0.01815369973828218,0.010099928622412562,0.007899119676421604,0.02404235070187961,0.0004758505829169641,0.004009041161075423,0.006388294075660243,0.0058053771115869615,0.010635260528194147,0.0032357839638353556,0.011051629788246491,0.014465857720675707,0.013181061146799905,0.03834166071853438,0.0034856055198667617,0.006197953842493457,0.0021413276231263384,0.002224601475136807,0.0009160123721151559,0.0,0.0,0.0,0.0,0.0,0.0,0.0,0.0,0.0,0.0,0.0,0.0,0.0,0.0,0.0,0.0,0.0,0.0,0.0,0.0,0.0,0.0,0.0,0.0,0.0,0.0,0.0,0.0,0.0,0.0,0.0,0.0,0.0,0.0,0.0,nan,nan,4.251107828655835,2.8636703857944927,nan,0.9091438422509289,0.02280437538870439,0.0,0.0,0.0,0.0,0.0,0.0,0.0,0.0,0.0,0.0,0.0,0.0,0.0,0.0,0.0,0.0,0.0,0.0,0.0,0.0,0.0,0.0,0.0,0.0,0.0,0.8669724770642204,9.908256880733946,14.697247706422022,4.403669724770643,0.12385321100917433,0.9079012021650729,0.022961971438029336,0.0,0.0,0.0,0.0,0.0,0.0,0.0,0.0,0.0,0.0,0.0,0.0,0.0,0.0,0.0,0.0,0.0,0.0,0.0,0.0,0.0,0.0,0.0,0.0,0.014829461196243206,0.9490855165595652,10.21749876421157,14.695996045477019,4.003954522985666,0.11863568956994565,0.3723,0.02228,0.0,0.0,0.0,0.0,0.0,0.0,0.0,0.0,0.01376146788990826,0.9633027522935782,11.146788990825689,14.738532110091722,2.9862385321100926,0.15137614678899086,0.0,0.0,0.0,0.0,0.0,0.0,0.0,0.0,0.0,0.0,0.0,0.0,0.0,0.0,0.0,0.0,0.3723,0.02242,0.0,0.0,0.0,0.0,0.0,0.0,0.0,0.0,0.014829461196243206,1.2753336628769156,10.41028175976273,14.96292634700937,3.2773109243697487,0.059317844784972824,0.0,0.0,0.0,0.0,0.0,0.0,0.0,0.0,0.0,0.0,0.0,0.0,0.0,0.0,0.0,0.0
48500,4301,2261,0.525691699604743,1077,855,0.44919786096256686,1175,0.5463845617298303,0.43,3.028921568627451,3.1642374811296596,6.721739130434782,2.1859146969591134,9340.897879784896,1413.3695661470815,7853.0,10750.193102359772,10683.362132222395,17.65273890236804,7853.0,0.0,27.812136712392466,20.830971335170823,32.658381662524164,19.138822045355173,0.14066496163682865,0.09346663566612416,0.09858172518019065,0.08393396884445478,0.08532899325738201,0.08137642408742153,0.06719367588932806,0.0639386189258312,0.053243431760055804,0.05766100906765868,0.043478260869565216,0.03836317135549872,0.03092304115322018,0.02441292722622646,0.01813531736805394,0.009765170890490584,0.009532666821669379,0.9086076888309692,0.022785301316094745,0.0,0.0,0.0,0.0,0.0,0.0,0.0,0.0,0.0,0.0,0.0,0.0,0.0,0.0,0.0,0.0,0.0,0.0,0.0,0.0,0.0,0.0,0.0,0.0,0.0,1.0113926993722393,9.332713322483146,15.442920251104399,4.059521041618229,0.15345268542199492,4.282875722543353,2.947487682371939,nan,nan,nan,4.308877476155539,2.9769181233675917,4.260683760683761,2.917257540098808,0.9888152504362279,0.37,0.0222,0.0,0.0,0.0,0.0,0.0,0.0,0.0,0.0,0.020925366193908397,1.471750755638224,11.669379214136251,14.271099744245504,2.5110439432690077,0.05580097651708906,0.0,0.0,0.0,0.0,0.0,0.0,0.0,0.0,0.0,0.0,0.0,0.0,0.0,0.0,0.0,0.0,nan,nan,4.282875722543353,2.947487682371939,nan,0.37,0.11053,0.0,0.0,0.0,0.0,0.0,0.0,0.0,0.0,0.0,0.0,0.0,0.0,0.0,0.0,0.0001395024412927226,9.300162752848175e-05,0.00690537084398977,0.006754243199255987,0.009428039990699837,0.0011857707509881424,0.021157870262729597,0.022099511741455476,0.023541036968146942,0.037142524994187395,0.03417809811671704,0.012950476633341083,0.026424087421529876,0.03627063473610788,0.03380609160660312,0.03487561032318066,0.014531504301325273,0.025807951639153684,0.02277377354103697,0.0320274354801209,0.02185538246919321,0.031585677749360615,0.045966054405952105,0.0499418739827947,0.027470355731225297,0.05898628225993955,0.03806091606603115,0.01328760753313183,0.009811671704254824,0.032248314345501045,0.029574517554057198,0.029876772843524763,0.03207393629388514,0.019251336898395723,0.010474308300395257,0.00849802371541502,0.022506393861892585,0.00015112764473378283,0.004382701697279702,0.00691699604743083,0.007009997674959312,0.010904440827714485,0.002394791908858405,0.009904673331783307,0.012962101836782144,0.01116019530341781,0.03722390141827482,0.0029993024877935366,0.006149732620320855,0.0014531504301325273,0.0020111601953034177,0.0008021390374331551,0.0,1.1625203441060218e-05,0.0,0.0,0.0,0.0,0.0,0.0,0.0,0.0,0.0,0.0,0.0,0.0,0.0,0.0,0.0,0.0,0.0,0.0,0.0,0.0,0.0,0.0,0.0,0.0,0.0,0.0,0.0,0.0,0.0,0.0,0.0,0.0,0.0,nan,nan,4.282875722543353,2.947487682371939,nan,0.9086057384791284,0.022727449529487867,0.0,0.0,0.0,0.0,0.0,0.0,0.0,0.0,0.0,0.0,0.0,0.0,0.0,0.0,0.0,0.0,0.0,0.0,0.0,0.0,0.0,0.0,0.0,0.0,0.0,0.9685979655019905,9.407341884122072,15.404688191065903,4.086687306501549,0.13268465280849184,0.9086098504709262,0.022849249049752666,0.0,0.0,0.0,0.0,0.0,0.0,0.0,0.0,0.0,0.0,0.0,0.0,0.0,0.0,0.0,0.0,0.0,0.0,0.0,0.0,0.0,0.0,0.0,0.0,0.0,1.058823529411765,9.250000000000002,15.485294117647062,4.029411764705883,0.17647058823529416,0.37,0.02228,0.0,0.0,0.0,0.0,0.0,0.0,0.0,0.0,0.013268465280849184,1.4993365767359579,11.72932330827068,14.157452454666055,2.534276868642194,0.06634232640424592,0.0,0.0,0.0,0.0,0.0,0.0,0.0,0.0,0.0,0.0,0.0,0.0,0.0,0.0,0.0,0.0,0.37,0.02213,0.0,0.0,0.0,0.0,0.0,0.0,0.0,0.0,0.02941176470588236,1.4411764705882355,11.60294117647059,14.39705882352939,2.4852941176470593,0.04411764705882354,0.0,0.0,0.0,0.0,0.0,0.0,0.0,0.0,0.0,0.0,0.0,0.0,0.0,0.0,0.0,0.0
48600,4062,2125,0.5231413096996553,947,819,0.4347612013786312,1108,0.5455440669620877,0.45,3.0289106866288074,3.2025400510049122,6.851503759398496,2.1778398610807415,9333.310582425136,1413.3706414875933,7853.0,10737.506015181541,10682.657216852189,17.730912569036228,7853.0,0.0,27.566469719350074,20.99337280939565,32.51498237367802,19.34266604426706,0.14229443623830626,0.10832102412604629,0.09404234367306745,0.09059576563269325,0.07163958641063516,0.07976366322008863,0.06917774495322501,0.05760709010339734,0.055145248645987195,0.04775972427375677,0.0465288035450517,0.04234367306745446,0.03741999015263417,0.022648941408173313,0.016986706056129987,0.008862629246676515,0.008862629246676515,0.9082931059149907,0.02275733044598429,0.0,0.0,0.0,0.0,0.0,0.0,0.0,0.0,0.0,0.0,0.0,0.0,0.0,0.0,0.0,0.0,0.0,0.0,0.0,0.0,0.0,0.0,0.0,0.0,0.00738552437223043,0.9305760709010342,9.844903988183162,15.214180206794685,3.8330871491875933,0.16986706056129988,4.391338275458447,2.976726456018141,nan,nan,nan,4.33939393939394,2.9454576630486056,4.446500402252615,3.0085948584554982,1.0246823552677113,0.3696,0.02266,0.0,0.0,0.0,0.0,0.0,0.0,0.0,0.0,0.00738552437223043,1.5731166912850816,12.04579025110783,13.700147710487425,2.5923190546528807,0.08124076809453473,0.0,0.0,0.0,0.0,0.0,0.0,0.0,0.0,0.0,0.0,0.0,0.0,0.0,0.0,0.0,0.0,nan,nan,4.391338275458447,2.976726456018141,nan,0.3696,0.1097,0.0,0.0,0.0,0.0,0.0,0.0,0.0,0.0,0.0,0.0,0.0,0.0,0.0,0.0,0.00018463810930576072,0.00023387493845396356,0.006277695716395864,0.006610044313146234,0.008382570162481536,0.0011570654849827671,0.01999015263417036,0.024101427868045297,0.022144263909404233,0.035782865583456426,0.03629985228951255,0.012641555883801083,0.026390940423436732,0.038749384539635646,0.0326932545544067,0.03510585918266863,0.015041851304775972,0.026858690300344656,0.021467257508616444,0.03172082717872969,0.02192269817823732,0.030797636632200885,0.04672575086164451,0.05387740029542098,0.0267479074347612,0.060733628754308225,0.03637370753323486,0.012383062530773018,0.010979812900049237,0.03248399803052683,0.03052683407188577,0.02913589364844904,0.032644017725258496,0.018931560807483996,0.009798129000492367,0.009096504185130477,0.02168882323978336,0.0002954209748892171,0.004517479074347612,0.0069547021171836535,0.006290004923682915,0.010118168389955686,0.0022525849335302806,0.009379615952732644,0.013047759724273756,0.010056622353520433,0.037333825701624815,0.0027080256031511572,0.005933037912358444,0.0015755785327424914,0.0021418020679468243,0.0007016248153618907,0.0,1.2309207287050714e-05,0.0,0.0,0.0,0.0,0.0,0.0,0.0,0.0,0.0,0.0,0.0,0.0,0.0,0.0,0.0,0.0,0.0,0.0,0.0,0.0,0.0,0.0,0.0,0.0,0.0,0.0,0.0,0.0,0.0,0.0,0.0,0.0,0.0,nan,nan,4.391338275458447,2.976726456018141,nan,0.9082303462869981,0.022789257241781956,0.0,0.0,0.0,0.0,0.0,0.0,0.0,0.0,0.0,0.0,0.0,0.0,0.0,0.0,0.0,0.0,0.0,0.0,0.0,0.0,0.0,0.0,0.0,0.0,0.0,0.9035294117647061,10.178823529411767,14.809411764705885,3.9388235294117657,0.16941176470588237,0.9083619568233461,0.022722053921182567,0.0,0.0,0.0,0.0,0.0,0.0,0.0,0.0,0.0,0.0,0.0,0.0,0.0,0.0,0.0,0.0,0.0,0.0,0.0,0.0,0.0,0.0,0.0,0.0,0.01548786783686113,0.96024780588539,9.47857511615901,15.6582343830666,3.717088280846671,0.1703665462054724,0.3691,0.02238,0.0,0.0,0.0,0.0,0.0,0.0,0.0,0.0,0.014117647058823533,1.5529411764705887,12.282352941176473,13.694117647058803,2.414117647058824,0.04235294117647059,0.0,0.0,0.0,0.0,0.0,0.0,0.0,0.0,0.0,0.0,0.0,0.0,0.0,0.0,0.0,0.0,0.3699,0.02296,0.0,0.0,0.0,0.0,0.0,0.0,0.0,0.0,0.0,1.5952503871966963,11.786267423851319,13.706763035622075,2.787816210635003,0.12390294269488904,0.0,0.0,0.0,0.0,0.0,0.0,0.0,0.0,0.0,0.0,0.0,0.0,0.0,0.0,0.0,0.0
48700,4326,2251,0.5203421174294961,1094,869,0.4537679149329635,1210,0.559408229311142,0.40599999999999997,2.987469879518072,3.1256169871399115,6.654639175257732,2.079015790403499,9324.88968781407,1413.238929598305,7853.0,10746.019911766052,10681.696041529838,18.338519924582872,7853.0,0.0,27.632223763291723,20.708854387068975,32.57777164920022,18.970690142939656,0.1410078594544614,0.10194174757281553,0.09523809523809523,0.08183079056865465,0.08229311141932501,0.07420249653259361,0.07374017568192326,0.06333795654184003,0.05825242718446602,0.055247341655108646,0.04507628294036061,0.03975959315765141,0.02750809061488673,0.026583448913546002,0.017105871474803514,0.010171058714748035,0.006703652334720296,0.9073661280020044,0.02312594708940889,0.0,0.0,0.0,0.0,0.0,0.0,0.0,0.0,0.0,0.0,0.0,0.0,0.0,0.0,0.0,0.0,0.0,0.0,0.0,0.0,0.0,0.0,0.0,0.0,0.0346740638002774,1.0194174757281556,10.423023578363386,14.348127600554788,4.063800277392511,0.11095700416088768,4.289776817854571,2.906989272641928,nan,nan,nan,4.298507462686567,2.9031545308584263,4.280816921954777,2.9108922292694315,0.9958844922603127,0.3691,0.02274,0.0,0.0,0.0,0.0,0.0,0.0,0.0,0.0,0.02080443828016644,1.6504854368932043,12.295423023578367,13.502080443827996,2.4202496532593623,0.11095700416088768,0.0,0.0,0.0,0.0,0.0,0.0,0.0,0.0,0.0,0.0,0.0,0.0,0.0,0.0,0.0,0.0,nan,nan,4.289776817854571,2.906989272641928,nan,0.3691,0.1103,0.0,0.0,0.0,0.0,0.0,0.0,0.0,0.0,0.0,0.0,0.0,0.0,0.0,1.1558021266759131e-05,0.00031206657420249653,0.00031206657420249653,0.006576514100785946,0.006969486823855756,0.007605177993527508,0.0011673601479426723,0.01898982894128525,0.025520110957004162,0.02249190938511327,0.03596856218215441,0.037159038372630605,0.01343042071197411,0.027311604253351825,0.04173601479426722,0.033032824780397596,0.03392279241793805,0.015360610263522884,0.025485436893203883,0.022098936662043458,0.02925335182616736,0.021717521960240408,0.03069810448451225,0.045920018492834024,0.05547850208044383,0.02606333795654184,0.0608876560332871,0.036916319926028666,0.011003236245954692,0.00985899214054554,0.033344891354600094,0.027612112806287562,0.030513176144244106,0.03136846971798428,0.019220989366620436,0.010286638927415626,0.00917706888580675,0.019960702727693017,0.00027739251040221914,0.004842810910772076,0.006726768377253814,0.005409153952843273,0.011488673139158577,0.0016065649560795192,0.010702727693018955,0.013118354137771614,0.009281091077207582,0.03733240869163199,0.0027854831252889507,0.006900138696255201,0.001664355062413315,0.0021613499768839573,0.0009593157651410078,0.0,0.0,0.0,0.0,0.0,0.0,0.0,0.0,0.0,0.0,0.0,0.0,0.0,0.0,0.0,0.0,0.0,0.0,0.0,0.0,0.0,0.0,0.0,0.0,0.0,0.0,0.0,0.0,0.0,0.0,0.0,0.0,0.0,0.0,0.0,nan,nan,4.289776817854571,2.906989272641928,nan,0.9072550318867088,0.02315477499082146,0.0,0.0,0.0,0.0,0.0,0.0,0.0,0.0,0.0,0.0,0.0,0.0,0.0,0.0,0.0,0.0,0.0,0.0,0.0,0.0,0.0,0.0,0.0,0.0,0.0399822301199467,0.9462461128387385,10.475344291426035,14.393602843180812,4.051532652154599,0.09329187027987564,0.9074866472094892,0.0230940289846052,0.0,0.0,0.0,0.0,0.0,0.0,0.0,0.0,0.0,0.0,0.0,0.0,0.0,0.0,0.0,0.0,0.0,0.0,0.0,0.0,0.0,0.0,0.0,0.0,0.028915662650602417,1.0987951807228917,10.366265060240966,14.298795180722895,4.07710843373494,0.13012048192771086,0.3684,0.0227,0.0,0.0,0.0,0.0,0.0,0.0,0.0,0.0,0.013327410039982234,1.719235895157708,12.5277654375833,13.394047090182122,2.252332296756997,0.09329187027987564,0.0,0.0,0.0,0.0,0.0,0.0,0.0,0.0,0.0,0.0,0.0,0.0,0.0,0.0,0.0,0.0,0.3696,0.02277,0.0,0.0,0.0,0.0,0.0,0.0,0.0,0.0,0.028915662650602417,1.5759036144578318,12.043373493975906,13.619277108433716,2.6024096385542173,0.13012048192771086,0.0,0.0,0.0,0.0,0.0,0.0,0.0,0.0,0.0,0.0,0.0,0.0,0.0,0.0,0.0,0.0
48800,4187,2202,0.5259135419154526,1054,837,0.4516360162407452,1116,0.5330785765464533,0.43,2.8770780856423173,3.086984707743493,6.662082514734774,2.151381971226548,9341.07851723287,1412.9131622246107,7853.0,10744.886995196342,10682.51169466577,17.750787929735633,7853.0,0.0,27.61261046095056,20.620014891635705,32.41917186613727,18.92006698627492,0.13852400286601385,0.09959398137090995,0.09457845712920945,0.090040601862909,0.08765225698590877,0.07260568426080725,0.07045617387150704,0.06544064962980654,0.05182708383090518,0.05182708383090518,0.049438738953904944,0.03821351803200382,0.03128731788870313,0.02459995223310246,0.01839025555290184,0.009314545020300932,0.006209696680200621,0.907483808317246,0.02298094066486857,0.0,0.0,0.0,0.0,0.0,0.0,0.0,0.0,0.0,0.0,0.0,0.0,0.0,0.0,0.0,0.0,0.0,0.0,0.0,0.0,0.0,0.0,0.0,0.0,0.014330069262001437,1.0532600907571055,9.980893240983999,15.07523286362551,3.7544781466443764,0.1218055887270122,4.18521284540702,2.912088478857116,nan,nan,nan,4.150224215246637,2.857450980887155,4.21882001493652,2.965936276327922,1.0165282153763844,0.3694,0.02293,0.0,0.0,0.0,0.0,0.0,0.0,0.0,0.0,0.05015524241700503,1.6622880343921667,11.879627418199192,13.59207069500834,2.7298781944112736,0.08598041557200861,0.0,0.0,0.0,0.0,0.0,0.0,0.0,0.0,0.0,0.0,0.0,0.0,0.0,0.0,0.0,0.0,nan,nan,4.18521284540702,2.912088478857116,nan,0.3694,0.11115,0.0,0.0,0.0,0.0,0.0,0.0,0.0,0.0,0.0,0.0,0.0,0.0,0.0,4.776689754000478e-05,0.0007762120850250777,0.000370193455935037,0.006257463577740626,0.007774062574635777,0.007009792213995701,0.0010031048483401003,0.018844041079531883,0.02652256985908765,0.020945784571292096,0.03519226176259852,0.037258180081203726,0.013732983042751373,0.0310007165034631,0.04141390016718414,0.03239789825650824,0.03262479101982326,0.016419871029376643,0.027454024361117744,0.023226653928827324,0.02769285884881777,0.02049199904466205,0.02960353475041796,0.044053021256269406,0.056066395987580606,0.027418199187962743,0.059075710532600904,0.035084786243133506,0.011141628851206115,0.009398137090995939,0.03217100549319322,0.028361595414377837,0.030749940291378074,0.03232624791019823,0.019560544542631956,0.009863864342010987,0.007654645330785766,0.019978504896107,0.0002268927633150227,0.005445426319560544,0.006926200143300693,0.006161929782660616,0.012252209219011226,0.001289706233580129,0.011177454024361117,0.012479101982326248,0.009254836398375925,0.037592548363983756,0.003869118700740387,0.007391927394315739,0.0015165989968951516,0.002328636255075233,0.0011225220921901122,0.0,0.0,0.0,0.0,0.0,0.0,0.0,0.0,0.0,0.0,0.0,0.0,0.0,0.0,0.0,0.0,0.0,0.0,0.0,0.0,0.0,0.0,0.0,0.0,0.0,0.0,0.0,0.0,0.0,0.0,0.0,0.0,0.0,0.0,0.0,nan,nan,4.18521284540702,2.912088478857116,nan,0.9071897262610922,0.023022024015932067,0.0,0.0,0.0,0.0,0.0,0.0,0.0,0.0,0.0,0.0,0.0,0.0,0.0,0.0,0.0,0.0,0.0,0.0,0.0,0.0,0.0,0.0,0.0,0.0,0.01362397820163488,1.0354223433242509,10.190735694822889,14.98637602179837,3.6784741144414177,0.09536784741144416,0.9078100393941481,0.022930867900693347,0.0,0.0,0.0,0.0,0.0,0.0,0.0,0.0,0.0,0.0,0.0,0.0,0.0,0.0,0.0,0.0,0.0,0.0,0.0,0.0,0.0,0.0,0.0,0.0,0.015113350125944587,1.0730478589420658,9.748110831234259,15.173803526448367,3.838790931989925,0.15113350125944588,0.3699,0.02287,0.0,0.0,0.0,0.0,0.0,0.0,0.0,0.0,0.04087193460490464,1.5395095367847416,11.852861035422347,13.692098092643032,2.792915531335151,0.08174386920980928,0.0,0.0,0.0,0.0,0.0,0.0,0.0,0.0,0.0,0.0,0.0,0.0,0.0,0.0,0.0,0.0,0.3687,0.02298,0.0,0.0,0.0,0.0,0.0,0.0,0.0,0.0,0.06045340050377835,1.798488664987406,11.909319899244334,13.481108312342549,2.6599496221662475,0.09068010075566751,0.0,0.0,0.0,0.0,0.0,0.0,0.0,0.0,0.0,0.0,0.0,0.0,0.0,0.0,0.0,0.0
48900,4471,2299,0.5142026392305972,1063,914,0.4421829568329233,1257,0.56229031536569,0.41,2.944290976058932,3.097425058444675,6.594059405940594,2.114751978475096,9308.209696970966,1414.502401049626,7853.0,10740.082047343254,10683.031559442012,17.80091419848621,7853.0,0.0,27.43457839409528,20.72127397865903,32.37894174238375,19.03875664459825,0.14157906508611048,0.10780585998658018,0.09595168866025498,0.08476850816372176,0.07694028181614851,0.07358532766718855,0.07559830015656453,0.060836501901140684,0.0563632297025274,0.05077163945426079,0.047416685305300826,0.03869380451800492,0.034220532319391636,0.02348467904271975,0.01610377991500783,0.008722880787295906,0.007157235517781257,0.9086397113455565,0.023208730414826337,0.0,0.0,0.0,0.0,0.0,0.0,0.0,0.0,0.0,0.0,0.0,0.0,0.0,0.0,0.0,0.0,0.0,0.0,0.0,0.0,0.0,0.0,0.0,0.0,0.02683963319167972,0.9997763363900696,9.454260791769181,15.27175128606576,4.019235070454038,0.22813688212927763,4.309725158562368,2.9037139097915157,nan,nan,nan,4.337526205450734,2.9121753191189095,4.281449893390192,2.8948089512789528,0.98707182172408,0.369,0.02216,0.0,0.0,0.0,0.0,0.0,0.0,0.0,0.0,0.01341981659583986,1.435920375754865,12.54081860881235,13.507045403712796,2.455826437038694,0.04696935808543951,0.0,0.0,0.0,0.0,0.0,0.0,0.0,0.0,0.0,0.0,0.0,0.0,0.0,0.0,0.0,0.0,nan,nan,4.309725158562368,2.9037139097915157,nan,0.369,0.11084,0.0,0.0,0.0,0.0,0.0,0.0,0.0,0.0,0.0,0.0,0.0,0.0,0.0,0.000156564526951465,0.00062625810780586,0.0004025944978751957,0.006094833370610601,0.008510400357861776,0.006799373741892194,0.0010176694251845225,0.018016103779915006,0.027756653992395436,0.020565868933124582,0.035014538134645494,0.036166405725788414,0.01318496980541266,0.033236412435696715,0.04011406844106464,0.03159248490270633,0.03413106687541937,0.016785953925296353,0.028025050324312236,0.022668306866472823,0.027678371728919706,0.022209796466114963,0.03218519346902259,0.04289868038470141,0.055938268843659135,0.025352270185640798,0.05815253858197271,0.034332364124356966,0.012581078058599865,0.008577499440840975,0.03256542160590472,0.0278461194363677,0.02989264146723328,0.033057481547752184,0.02049876985014538,0.008778796689778573,0.008409751733392977,0.019391634980988594,0.00013419816595839856,0.0056586893312458066,0.007235517781256989,0.005848803399686871,0.012547528517110267,0.0015097293670319838,0.012692909863565197,0.012569894878103333,0.008611048982330574,0.03642361887720868,0.003712815924849027,0.0070901364348020576,0.001520912547528517,0.002102437933348244,0.001095951688660255,0.0,3.354954148959964e-05,0.0,0.0,0.0,0.0,0.0,0.0,0.0,0.0,0.0,0.0,0.0,0.0,0.0,0.0,0.0,0.0,0.0,0.0,0.0,0.0,0.0,0.0,0.0,0.0,0.0,0.0,0.0,0.0,0.0,0.0,0.0,0.0,0.0,nan,nan,4.309725158562368,2.9037139097915157,nan,0.9086495844785832,0.023025725135615287,0.0,0.0,0.0,0.0,0.0,0.0,0.0,0.0,0.0,0.0,0.0,0.0,0.0,0.0,0.0,0.0,0.0,0.0,0.0,0.0,0.0,0.0,0.0,0.0,0.026098303610265338,0.9917355371900829,9.48673336233145,15.267507612005224,4.032187907785994,0.19573727707699004,0.9086292609160777,0.02340087263850312,0.0,0.0,0.0,0.0,0.0,0.0,0.0,0.0,0.0,0.0,0.0,0.0,0.0,0.0,0.0,0.0,0.0,0.0,0.0,0.0,0.0,0.0,0.0,0.0,0.0276243093922652,1.0082872928176798,9.419889502762432,15.276243093922655,4.005524861878454,0.2624309392265194,0.3694,0.02226,0.0,0.0,0.0,0.0,0.0,0.0,0.0,0.0,0.026098303610265338,1.3962592431491958,12.331448455850373,13.688560243584147,2.479338842975207,0.07829491083079601,0.0,0.0,0.0,0.0,0.0,0.0,0.0,0.0,0.0,0.0,0.0,0.0,0.0,0.0,0.0,0.0,0.3687,0.02203,0.0,0.0,0.0,0.0,0.0,0.0,0.0,0.0,0.0,1.4779005524861883,12.762430939226522,13.314917127071805,2.4309392265193375,0.0138121546961326,0.0,0.0,0.0,0.0,0.0,0.0,0.0,0.0,0.0,0.0,0.0,0.0,0.0,0.0,0.0,0.0
49000,4321,2304,0.5332099051145568,1086,852,0.4485072899791715,1192,0.5517241379310345,0.414,2.951908775409023,3.0569163070789513,6.433098591549296,2.1556745237283708,9362.49938402913,1412.4184095685673,7853.0,10750.143174648285,10683.966509717828,17.957828199543638,7853.0,0.0,28.225642212450822,20.8582846739085,33.04549191559331,19.111064579218453,0.13607961120111087,0.09627401064568387,0.09395973154362416,0.08956260124971072,0.08423975931497339,0.06896551724137931,0.06572552649849572,0.06827123351076139,0.05345984725757926,0.06179125202499421,0.04767414950242999,0.039111316824809075,0.03425133071048368,0.025919925943068734,0.015274242073594076,0.012034251330710484,0.007405693126591067,0.9092624858694203,0.022457000462599203,0.0,0.0,0.0,0.0,0.0,0.0,0.0,0.0,0.0,0.0,0.0,0.0,0.0,0.0,0.0,0.0,0.0,0.0,0.0,0.0,0.0,0.0,0.0,0.0,0.02082851191853738,0.9025688498032864,8.963202962277252,16.086554038417038,3.832446193010878,0.19439944457301556,4.15005359056806,2.881919186320977,nan,nan,nan,4.287780187997107,2.8910642851342567,4.015536723163842,2.8665785763741267,0.9365071312201676,0.3704,0.02348,0.0,0.0,0.0,0.0,0.0,0.0,0.0,0.0,0.02082851191853738,1.7357093265447818,11.337653320990514,13.864846100439692,2.895163156676696,0.14579958342976165,0.0,0.0,0.0,0.0,0.0,0.0,0.0,0.0,0.0,0.0,0.0,0.0,0.0,0.0,0.0,0.0,nan,nan,4.15005359056806,2.881919186320977,nan,0.3704,0.1111,0.0,0.0,0.0,0.0,0.0,0.0,0.0,0.0,0.0,0.0,0.0,0.0,0.0,0.00012728535061328397,0.00045128442490164315,0.000532284193473733,0.00563526961351539,0.00809997685720898,0.006317981948623004,0.0009951400138856746,0.019821800509141403,0.02714649386716038,0.0190465170099514,0.035501041425595924,0.0349109002545707,0.014533672760934969,0.0333140476741495,0.036438324461930106,0.031173339504744272,0.031670909511687106,0.016790094885443186,0.027817634806757696,0.022251793566304096,0.029819486230039344,0.02151122425364499,0.03381161768109234,0.04220087942605878,0.05612126822494793,0.028141633881046055,0.05651469567229808,0.03461004397130294,0.011721823651932422,0.007810691969451516,0.03404304559129831,0.0301666280953483,0.028616061096968293,0.03268919231659338,0.019972228650775282,0.009592686878037491,0.008458690118028234,0.020111085396898865,0.00012728535061328397,0.005021985651469567,0.008828974774357788,0.005496412867391808,0.01286739180745198,0.0017125665355241842,0.014001388567461236,0.011918537375607498,0.00850497570006943,0.03705160842397593,0.0035755612126822495,0.008296690580884055,0.001087711177968063,0.002267993520018514,0.0007521407081694053,0.0,0.0,0.0,0.0,0.0,0.0,0.0,0.0,0.0,0.0,0.0,0.0,0.0,0.0,0.0,0.0,0.0,0.0,0.0,0.0,0.0,0.0,0.0,0.0,0.0,0.0,0.0,0.0,0.0,0.0,0.0,0.0,0.0,0.0,0.0,nan,nan,4.15005359056806,2.881919186320977,nan,0.9091717264511519,0.022367664445683874,0.0,0.0,0.0,0.0,0.0,0.0,0.0,0.0,0.0,0.0,0.0,0.0,0.0,0.0,0.0,0.0,0.0,0.0,0.0,0.0,0.0,0.0,0.0,0.0,0.013020833333333336,0.9635416666666669,8.880208333333336,16.27604166666667,3.671875000000001,0.19531250000000006,0.909366159493461,0.022558168488057195,0.0,0.0,0.0,0.0,0.0,0.0,0.0,0.0,0.0,0.0,0.0,0.0,0.0,0.0,0.0,0.0,0.0,0.0,0.0,0.0,0.0,0.0,0.0,0.0,0.029747149231531985,0.8329201784828956,9.058006941001489,15.870104115022315,4.015865146256818,0.19335647000495793,0.3706,0.02339,0.0,0.0,0.0,0.0,0.0,0.0,0.0,0.0,0.03906250000000001,1.744791666666667,11.171875000000004,14.075520833333313,2.773437500000001,0.19531250000000006,0.0,0.0,0.0,0.0,0.0,0.0,0.0,0.0,0.0,0.0,0.0,0.0,0.0,0.0,0.0,0.0,0.3704,0.02357,0.0,0.0,0.0,0.0,0.0,0.0,0.0,0.0,0.0,1.7253346554288551,11.527020327218644,13.624194348041627,3.0342092216162624,0.08924144769459595,0.0,0.0,0.0,0.0,0.0,0.0,0.0,0.0,0.0,0.0,0.0,0.0,0.0,0.0,0.0,0.0
49100,4454,2279,0.5116748989672205,1044,936,0.44454422990570275,1280,0.5747642568477773,0.38599999999999995,2.9039080459770115,3.0236551513529246,6.4222222222222225,2.1478317872949733,9301.542879315384,1415.1607570323506,7853.0,10753.504676699638,10683.982880417168,17.48034086948848,7853.0,0.0,28.09272563987427,20.963054208301166,33.13156484458735,19.163302293341513,0.14167040862146385,0.10058374494836102,0.09205208801077683,0.08149977548271217,0.0794791198922317,0.07027391109115402,0.07453973955994611,0.06757970363718006,0.05568028738212842,0.0552312528064661,0.04647507858105074,0.03973955994611585,0.031207903008531657,0.027391109115401886,0.019308486753480018,0.010552312528064661,0.00673551863493489,0.9089016390853148,0.022257567701944803,0.0,0.0,0.0,0.0,0.0,0.0,0.0,0.0,0.0,0.0,0.0,0.0,0.0,0.0,0.0,0.0,0.0,0.0,0.0,0.0,0.0,0.0,0.0,0.0,0.026942074539739565,0.8015267175572521,9.537494387067806,15.498428378985185,4.02110462505613,0.11450381679389315,4.27595818815331,2.813075561857283,nan,nan,nan,4.267694463910301,2.8055082363916335,4.284130284130284,2.8205152042979806,1.003851217644321,0.3706,0.0229,0.0,0.0,0.0,0.0,0.0,0.0,0.0,0.0,0.020206555904804673,1.502020655590481,11.578356533453078,13.969465648854943,2.8356533453075894,0.09429726088908849,0.0,0.0,0.0,0.0,0.0,0.0,0.0,0.0,0.0,0.0,0.0,0.0,0.0,0.0,0.0,0.0,nan,nan,4.27595818815331,2.813075561857283,nan,0.3706,0.1105,0.0,0.0,0.0,0.0,0.0,0.0,0.0,0.0,0.0,0.0,1.122586439155815e-05,0.0,0.0,0.00025819488100583746,0.0003816793893129771,0.0003592276605298608,0.0053659631791647955,0.007734620565783565,0.006578356533453076,0.0010327795240233498,0.019106421194431972,0.028558599012123934,0.020621912887292322,0.03265603951504266,0.03328468792096991,0.0143242029636282,0.031522227211495286,0.036495285136955546,0.03337449483610238,0.030175123484508307,0.01728783116299955,0.028861697350696002,0.024674449932644813,0.030410866636731027,0.021407723394701393,0.03418275707229457,0.042680736416704085,0.05380556802873821,0.025594970812752582,0.05665693758419398,0.03531656937584194,0.011540188594521779,0.0086102379883251,0.034295015716210145,0.030489447687471936,0.030085316569375842,0.03203861697350696,0.02171082173327346,0.009979793444095195,0.007824427480916031,0.020161652447238436,0.0002694207453973956,0.005781320161652447,0.009362370902559498,0.005118994162550516,0.01262909744050292,0.0021329142343960487,0.01455994611585092,0.012325999101930848,0.008801077682981589,0.034643017512348454,0.0034238886394252358,0.00776829815895824,0.001133812303547373,0.0018522676246070947,0.0007409070498428379,0.0,0.0,0.0,0.0,0.0,0.0,0.0,0.0,0.0,0.0,0.0,0.0,0.0,0.0,0.0,0.0,0.0,0.0,0.0,0.0,0.0,0.0,0.0,0.0,0.0,0.0,0.0,0.0,0.0,0.0,0.0,0.0,0.0,0.0,0.0,nan,nan,4.27595818815331,2.813075561857283,nan,0.9090270416262695,0.02240268946177807,0.0,0.0,0.0,0.0,0.0,0.0,0.0,0.0,0.0,0.0,0.0,0.0,0.0,0.0,0.0,0.0,0.0,0.0,0.0,0.0,0.0,0.0,0.0,0.0,0.013163668275559459,0.9346204475647216,9.372531812198334,15.506801228609042,4.0675734971478725,0.10530934620447567,0.9087702402849307,0.022103721339155332,0.0,0.0,0.0,0.0,0.0,0.0,0.0,0.0,0.0,0.0,0.0,0.0,0.0,0.0,0.0,0.0,0.0,0.0,0.0,0.0,0.0,0.0,0.0,0.0,0.04137931034482759,0.6620689655172415,9.710344827586209,15.489655172413796,3.972413793103449,0.12413793103448278,0.3706,0.02292,0.0,0.0,0.0,0.0,0.0,0.0,0.0,0.0,0.026327336551118918,1.4743308468626595,11.399736726634492,14.203598069328633,2.7906976744186056,0.10530934620447567,0.0,0.0,0.0,0.0,0.0,0.0,0.0,0.0,0.0,0.0,0.0,0.0,0.0,0.0,0.0,0.0,0.3706,0.02287,0.0,0.0,0.0,0.0,0.0,0.0,0.0,0.0,0.013793103448275865,1.531034482758621,11.765517241379314,13.724137931034463,2.882758620689656,0.08275862068965519,0.0,0.0,0.0,0.0,0.0,0.0,0.0,0.0,0.0,0.0,0.0,0.0,0.0,0.0,0.0,0.0
49200,4067,2116,0.520285222522744,991,816,0.4443078436193755,1140,0.560609786083108,0.422,3.044079958995387,3.069852174771525,6.425087108013937,2.0862411164332166,9325.75774542987,1414.2336403890376,7853.0,10748.3353754282,10683.67379520949,18.3614086972681,7853.0,0.0,28.517334644701254,21.170886244291033,33.425823375109296,19.406682242611307,0.13400540939267272,0.09589377919842636,0.09441849028768133,0.08753380870420457,0.0806491271207278,0.07376444553725105,0.07105974920088517,0.06294566019178756,0.05311040078682075,0.054093926727317436,0.04597983771821982,0.04278337841160561,0.03245635603639046,0.03442340791738382,0.017703466928940252,0.013031718711581017,0.006147037128104254,0.9085493723825004,0.02259099660475371,0.0,0.0,0.0,0.0,0.0,0.0,0.0,0.0,0.0,0.0,0.0,0.0,0.0,0.0,0.0,0.0,0.0,0.0,0.0,0.0,0.0,0.0,0.0,0.0,0.022129333661175317,0.8704204573395625,9.626260142611264,15.217605114334894,4.108679616424884,0.15490533562822723,4.226846644169479,2.829073825524047,nan,nan,nan,4.248498498498498,2.8112209466633367,4.205243445692884,2.8466108761226985,0.9898187435347096,0.3704,0.02312,0.0,0.0,0.0,0.0,0.0,0.0,0.0,0.0,0.014752889107450212,1.593312023604623,11.462994836488814,13.823457093680826,3.0169658224735683,0.08851733464470127,0.0,0.0,0.0,0.0,0.0,0.0,0.0,0.0,0.0,0.0,0.0,0.0,0.0,0.0,0.0,0.0,nan,nan,4.226846644169479,2.829073825524047,nan,0.3704,0.1108,0.0,0.0,0.0,0.0,0.0,0.0,0.0,0.0,0.0,0.0,0.0,0.0,0.0,0.00023358741086796164,0.00017211703958691912,0.0007499385296287189,0.0052003934103761985,0.007290386033931645,0.006737152692402262,0.001450700762232604,0.021096631423653797,0.02767396115072535,0.021465453651340054,0.03246865011064667,0.033390705679862305,0.01424883206294566,0.03332923530858126,0.035406933857880504,0.03343988197688714,0.02868207523973445,0.018564052126874845,0.02826407671502336,0.02487091222030981,0.028841898205065157,0.022584214408655028,0.03379641013031719,0.04459060732726826,0.05415539709859848,0.024760265552003936,0.05372510449963118,0.03567740349151709,0.011482665355298747,0.0088148512417015,0.03361199901647406,0.02997295303663634,0.030673715269240225,0.030649127120727808,0.023457093680845833,0.01021637570690927,0.0077698549299237765,0.01839193508728793,0.00020899926235554462,0.005778214900417998,0.010154905335628227,0.006134743053848046,0.011962134251290878,0.0020531104007868207,0.014765183181706417,0.011937546102778461,0.009048438652569461,0.03524711089254979,0.0031595770838455865,0.008028030489304155,0.0006515859355790509,0.002065404475043029,0.0008851733464470125,1.2294074256208507e-05,0.0,0.0,0.0,0.0,0.0,0.0,0.0,0.0,0.0,0.0,0.0,0.0,0.0,0.0,0.0,0.0,0.0,0.0,0.0,0.0,0.0,0.0,0.0,0.0,0.0,0.0,0.0,0.0,0.0,0.0,0.0,0.0,0.0,0.0,nan,nan,4.226846644169479,2.829073825524047,nan,0.9086619111901195,0.02227349125673098,0.0,0.0,0.0,0.0,0.0,0.0,0.0,0.0,0.0,0.0,0.0,0.0,0.0,0.0,0.0,0.0,0.0,0.0,0.0,0.0,0.0,0.0,0.0,0.0,0.014177693761814748,0.7655954631379964,9.938563327032139,15.070888468809077,4.083175803402647,0.12759924385633273,0.9084273159412284,0.022929760417290255,0.0,0.0,0.0,0.0,0.0,0.0,0.0,0.0,0.0,0.0,0.0,0.0,0.0,0.0,0.0,0.0,0.0,0.0,0.0,0.0,0.0,0.0,0.0,0.0,0.030753459764223483,0.9841107124551515,9.287544848795491,15.376729882111741,4.136340338288059,0.1845207585853409,0.3706,0.0233,0.0,0.0,0.0,0.0,0.0,0.0,0.0,0.0,0.028355387523629497,1.6020793950850667,11.271266540642724,14.078449905482021,2.863894139886579,0.1559546313799622,0.0,0.0,0.0,0.0,0.0,0.0,0.0,0.0,0.0,0.0,0.0,0.0,0.0,0.0,0.0,0.0,0.37,0.02293,0.0,0.0,0.0,0.0,0.0,0.0,0.0,0.0,0.0,1.5838031778575095,11.67093798052281,13.546899026140423,3.1829830855971304,0.015376729882111742,0.0,0.0,0.0,0.0,0.0,0.0,0.0,0.0,0.0,0.0,0.0,0.0,0.0,0.0,0.0,0.0
49300,4087,2141,0.523856129190115,966,822,0.43748470760949354,1142,0.5588451186689504,0.414,3.0585817060637206,3.1074721541557553,6.602495543672014,2.1421649744147566,9336.458651133262,1414.3471522828881,7853.0,10750.752378582954,10684.805468090446,17.537368847344258,7853.0,0.0,27.86346953755811,20.907159686494566,32.66744051073709,19.252852799633317,0.1357964276975777,0.10423293369219476,0.09860533398580866,0.085882065084414,0.07903107413750918,0.07658429165647174,0.06361634450697333,0.06777587472473696,0.05382921458282359,0.05407389283092733,0.05113775385368241,0.033031563494005385,0.034010276486420354,0.024957181306581845,0.019084903352091998,0.011010521164668462,0.007340347443112307,0.9098253934255637,0.023011078496956668,0.0,0.0,0.0,0.0,0.0,0.0,0.0,0.0,0.0,0.0,0.0,0.0,0.0,0.0,0.0,0.0,0.0,0.0,0.0,0.0,0.0,0.0,0.0,0.0,0.0,0.9175434303890386,9.138732566674824,15.444091020308298,4.250061169562027,0.2495718130658185,4.389272030651341,2.9042510536632857,nan,nan,nan,4.5101246105919,2.986583235693346,4.2722473604826545,2.817302538227799,0.9472570559246639,0.3704,0.0228,0.0,0.0,0.0,0.0,0.0,0.0,0.0,0.0,0.029361389772449235,1.5561536579398096,11.583068265231223,13.990702226572038,2.7526302911671157,0.08808416931734771,0.0,0.0,0.0,0.0,0.0,0.0,0.0,0.0,0.0,0.0,0.0,0.0,0.0,0.0,0.0,0.0,nan,nan,4.389272030651341,2.9042510536632857,nan,0.3704,0.1112,0.0,0.0,0.0,0.0,0.0,0.0,0.0,0.0,0.0,0.0,0.0,0.0,0.0,0.00014680694886224616,0.00020797651088818204,0.0014191338390017127,0.005921213604110595,0.007756300464888672,0.007462686567164179,0.0014680694886224615,0.020577440665524836,0.02796672375825789,0.021531685833129435,0.03427942255933448,0.03476877905554196,0.013591876682162956,0.03188157572791779,0.03287252263273795,0.03420601908490335,0.02823586983117201,0.017702471250305846,0.02658429165647174,0.024626865671641792,0.027049180327868853,0.02402740396378762,0.03365549302666993,0.04390751162221679,0.05437974064105701,0.024614631759236606,0.054612184976755566,0.03356985563983362,0.012368485441644237,0.00940787863958894,0.03243210178615121,0.031906043552728164,0.03230976266209934,0.029385857597259604,0.02510398825544409,0.009836065573770493,0.007034499632982628,0.018277465133349644,0.0004893564962074871,0.006043552728162467,0.011609982872522634,0.0052850501590408615,0.011940298507462687,0.002177636408123318,0.01709077563004649,0.010288720332762418,0.008857352581355518,0.03470760949351603,0.00294837288965011,0.00754832395400049,0.00044042084658673844,0.0026425250795204308,0.000819672131147541,2.4467824810374356e-05,0.0,0.0,0.0,0.0,0.0,0.0,0.0,0.0,0.0,0.0,0.0,0.0,0.0,0.0,0.0,0.0,0.0,0.0,0.0,0.0,0.0,0.0,0.0,0.0,0.0,0.0,0.0,0.0,0.0,0.0,0.0,0.0,0.0,0.0,nan,nan,4.389272030651341,2.9042510536632857,nan,0.9102602108568301,0.02249115860551621,0.0,0.0,0.0,0.0,0.0,0.0,0.0,0.0,0.0,0.0,0.0,0.0,0.0,0.0,0.0,0.0,0.0,0.0,0.0,0.0,0.0,0.0,0.0,0.0,0.0,0.8127043437645962,8.729565623540404,15.931807566557687,4.301728164409155,0.22419430172816446,0.9093470048745147,0.02356058146773342,0.0,0.0,0.0,0.0,0.0,0.0,0.0,0.0,0.0,0.0,0.0,0.0,0.0,0.0,0.0,0.0,0.0,0.0,0.0,0.0,0.0,0.0,0.0,0.0,0.0,1.0328879753340188,9.58890030832477,14.907502569373076,4.19321685508736,0.2774922918807812,0.371,0.02245,0.0,0.0,0.0,0.0,0.0,0.0,0.0,0.0,0.0,1.3731900980850071,11.644091546006543,14.040168145726275,2.830453059318076,0.11209715086408223,0.0,0.0,0.0,0.0,0.0,0.0,0.0,0.0,0.0,0.0,0.0,0.0,0.0,0.0,0.0,0.0,0.3694,0.02318,0.0,0.0,0.0,0.0,0.0,0.0,0.0,0.0,0.0616649537512847,1.757451181911614,11.515930113052416,13.936279547790319,2.6670092497430633,0.0616649537512847,0.0,0.0,0.0,0.0,0.0,0.0,0.0,0.0,0.0,0.0,0.0,0.0,0.0,0.0,0.0,0.0
49400,4095,2067,0.5047619047619047,1001,861,0.4547008547008547,1170,0.5714285714285714,0.40599999999999997,2.8979289940828403,3.0643872280956197,6.503584229390681,2.117300655007205,9282.056209900178,1415.5671065181364,7853.0,10752.203485250473,10684.149095085259,17.84223613238,7853.0,0.0,27.293284493284492,20.577906792049152,32.27953216374269,18.856589950901803,0.14334554334554334,0.1028083028083028,0.09328449328449329,0.08791208791208792,0.08522588522588523,0.07326007326007326,0.07423687423687424,0.058363858363858365,0.06349206349206349,0.05299145299145299,0.04371184371184371,0.03394383394383394,0.03076923076923077,0.0231990231990232,0.017094017094017096,0.008302808302808303,0.00805860805860806,0.9108015861703362,0.022392108370491746,0.0,0.0,0.0,0.0,0.0,0.0,0.0,0.0,0.0,0.0,0.0,0.0,0.0,0.0,0.0,0.0,0.0,0.0,0.0,0.0,0.0,0.0,0.0,0.0,0.007326007326007328,0.6813186813186815,8.835164835164838,15.76556776556777,4.490842490842492,0.21978021978021983,4.30065109153581,2.877625947994292,nan,nan,nan,4.385692068429238,2.8964364781931087,4.2181132075471695,2.856830977231077,0.9617896427137694,0.3696,0.02289,0.0,0.0,0.0,0.0,0.0,0.0,0.0,0.0,0.043956043956043966,1.560439560439561,11.846153846153848,13.677655677655657,2.776556776556777,0.09523809523809526,0.0,0.0,0.0,0.0,0.0,0.0,0.0,0.0,0.0,0.0,0.0,0.0,0.0,0.0,0.0,0.0,nan,nan,4.30065109153581,2.877625947994292,nan,0.3696,0.1101,0.0,0.0,0.0,0.0,0.0,0.0,0.0,0.0,0.0,0.0,0.0,1.221001221001221e-05,0.0,0.00015873015873015873,0.000231990231990232,0.001965811965811966,0.00547008547008547,0.007216117216117216,0.00873015873015873,0.0010134310134310134,0.020097680097680096,0.02768009768009768,0.01993894993894994,0.034236874236874236,0.035506715506715504,0.013724053724053725,0.03275946275946276,0.030293040293040294,0.034517704517704514,0.029194139194139195,0.01641025641025641,0.027301587301587302,0.02623931623931624,0.025763125763125762,0.0225030525030525,0.035213675213675216,0.04575091575091575,0.05424908424908425,0.026373626373626374,0.056251526251526254,0.03518925518925519,0.012771672771672772,0.008901098901098902,0.03271062271062271,0.029584859584859586,0.0332967032967033,0.02807081807081807,0.0268986568986569,0.008998778998779,0.007338217338217338,0.018253968253968255,0.0008180708180708181,0.0062393162393162395,0.012283272283272284,0.005482295482295482,0.011587301587301587,0.0018315018315018315,0.01652014652014652,0.00989010989010989,0.008485958485958485,0.03217338217338217,0.0030402930402930405,0.00684981684981685,0.00043956043956043956,0.0025396825396825397,0.0009768009768009768,2.442002442002442e-05,0.0,0.0,0.0,0.0,0.0,0.0,0.0,0.0,0.0,0.0,0.0,0.0,0.0,0.0,0.0,0.0,0.0,0.0,0.0,0.0,0.0,0.0,0.0,0.0,0.0,0.0,0.0,0.0,0.0,0.0,0.0,0.0,0.0,0.0,nan,nan,4.30065109153581,2.877625947994292,nan,0.9108921682482822,0.02249985595799823,0.0,0.0,0.0,0.0,0.0,0.0,0.0,0.0,0.0,0.0,0.0,0.0,0.0,0.0,0.0,0.0,0.0,0.0,0.0,0.0,0.0,0.0,0.0,0.0,0.0,0.7547169811320756,8.809869375907114,15.54426705370102,4.644412191582004,0.24673439767779395,0.9107092621293529,0.022281373623315875,0.0,0.0,0.0,0.0,0.0,0.0,0.0,0.0,0.0,0.0,0.0,0.0,0.0,0.0,0.0,0.0,0.0,0.0,0.0,0.0,0.0,0.0,0.0,0.0,0.014792899408284026,0.6065088757396451,8.860946745562131,15.991124260355033,4.33431952662722,0.19230769230769237,0.3691,0.02301,0.0,0.0,0.0,0.0,0.0,0.0,0.0,0.0,0.043541364296081284,1.6981132075471703,12.07547169811321,13.222060957909996,2.8882438316400587,0.0725689404934688,0.0,0.0,0.0,0.0,0.0,0.0,0.0,0.0,0.0,0.0,0.0,0.0,0.0,0.0,0.0,0.0,0.37,0.02275,0.0,0.0,0.0,0.0,0.0,0.0,0.0,0.0,0.044378698224852076,1.4201183431952664,11.61242603550296,14.142011834319506,2.6627218934911245,0.11834319526627221,0.0,0.0,0.0,0.0,0.0,0.0,0.0,0.0,0.0,0.0,0.0,0.0,0.0,0.0,0.0,0.0
49500,4211,2187,0.519354072666825,1040,840,0.44644977440038,1160,0.5509380194728093,0.414,2.942193675889328,3.09422487852019,6.559649122807017,2.2094184079631902,9323.917945694426,1415.1019440740076,7853.0,10743.115618109703,10685.206433159225,18.08409220695045,7853.0,0.0,28.084777962479222,20.888531235598485,32.89082723691615,19.192517834988422,0.13440987888862502,0.10258845879838518,0.09665162669199714,0.08074091664687723,0.08240322963666588,0.08145333649964379,0.06435526003324626,0.06388031346473522,0.05509380194728093,0.05794348135834718,0.04796960341961529,0.034196152932795064,0.03395867964853954,0.027546900973640466,0.019472809308952743,0.011636190928520541,0.00569935882213251,0.9114952216774572,0.022723561341545545,0.0,0.0,0.0,0.0,0.0,0.0,0.0,0.0,0.0,0.0,0.0,0.0,0.0,0.0,0.0,0.0,0.0,0.0,0.0,0.0,0.0,0.0,0.0,0.0,0.0,0.7836618380432203,8.292567086202803,15.829969128473051,4.844454998812634,0.24934694846829736,4.288185498711814,2.914772115749922,nan,nan,nan,4.369003690036901,2.8951541336431394,4.210139603232917,2.9317362096787214,0.9636383720237504,0.3699,0.02287,0.0,0.0,0.0,0.0,0.0,0.0,0.0,0.0,0.014248397055331279,1.8095464260270724,11.420090239848019,13.96342911422463,2.721443837568274,0.07124198527665639,0.0,0.0,0.0,0.0,0.0,0.0,0.0,0.0,0.0,0.0,0.0,0.0,0.0,0.0,0.0,0.0,nan,nan,4.288185498711814,2.914772115749922,nan,0.3699,0.1093,0.0,0.0,0.0,0.0,0.0,0.0,0.0,0.0,0.0,0.0,0.0,0.0,0.0,0.0001306103063405367,0.00021372595582996913,0.0019472809308952743,0.005366896224174781,0.0063880313464735215,0.008311564948943244,0.0008786511517454287,0.02322488720018998,0.028627404417003087,0.019615293279506056,0.03259320826407029,0.03205889337449537,0.014058418427926858,0.0317976727618143,0.03004037045832344,0.03450486820232724,0.02871052006649252,0.01719306578009974,0.028306815483258134,0.025350273094276895,0.026383281880788412,0.021764426502018524,0.03354310140109238,0.047554025172168134,0.055687485157919735,0.025801472334362384,0.056981714557112324,0.03335312277368796,0.014010923771075753,0.008786511517454286,0.0323913559724531,0.031263357872239377,0.033317501781049634,0.02814058418427927,0.029707907860365708,0.008845879838518167,0.008228449299453811,0.01776300166231299,0.0011754927570648303,0.005556874851579198,0.013096651626691998,0.0056281168368558536,0.01179054856328663,0.00189978627404417,0.01643315127048207,0.010579434813583472,0.007611018760389456,0.031037758252196627,0.003182142009023985,0.006114937069579672,0.000379957254808834,0.0016623129897886488,0.0010092614580859652,0.0,0.0,0.0,0.0,0.0,0.0,0.0,0.0,0.0,0.0,0.0,0.0,0.0,0.0,0.0,0.0,0.0,0.0,0.0,0.0,0.0,0.0,0.0,0.0,0.0,0.0,0.0,0.0,0.0,0.0,0.0,0.0,0.0,0.0,0.0,nan,nan,4.288185498711814,2.914772115749922,nan,0.9114564062255018,0.022710372344957364,0.0,0.0,0.0,0.0,0.0,0.0,0.0,0.0,0.0,0.0,0.0,0.0,0.0,0.0,0.0,0.0,0.0,0.0,0.0,0.0,0.0,0.0,0.0,0.0,0.0,0.7270233196159124,8.381344307270234,15.788751714677645,4.855967078189301,0.24691358024691362,0.9115371630773714,0.022737729415441117,0.0,0.0,0.0,0.0,0.0,0.0,0.0,0.0,0.0,0.0,0.0,0.0,0.0,0.0,0.0,0.0,0.0,0.0,0.0,0.0,0.0,0.0,0.0,0.0,0.0,0.8448616600790516,8.196640316205535,15.87450592885376,4.832015810276681,0.2519762845849803,0.3706,0.02296,0.0,0.0,0.0,0.0,0.0,0.0,0.0,0.0,0.02743484224965707,1.7146776406035669,11.152263374485598,14.170096021947854,2.8532235939643353,0.08230452674897121,0.0,0.0,0.0,0.0,0.0,0.0,0.0,0.0,0.0,0.0,0.0,0.0,0.0,0.0,0.0,0.0,0.3694,0.02277,0.0,0.0,0.0,0.0,0.0,0.0,0.0,0.0,0.0,1.9120553359683798,11.709486166007906,13.740118577075078,2.57905138339921,0.059288537549407126,0.0,0.0,0.0,0.0,0.0,0.0,0.0,0.0,0.0,0.0,0.0,0.0,0.0,0.0,0.0,0.0
49600,4353,2183,0.5014932230645531,1023,923,0.44704801286469104,1258,0.5779921892947393,0.39799999999999996,2.869585253456221,3.0907989382736027,6.5979020979020975,2.191655137598849,9273.1057088526,1415.9232806613559,7853.0,10749.975130915642,10684.754535334569,17.189422605191975,7853.0,0.0,27.41029175281415,20.661667019333116,32.37029920395278,18.938807120438543,0.1438088674477372,0.09556627613140363,0.09786354238456237,0.09694463588329888,0.07833677923271307,0.07121525384792098,0.0719044337238686,0.06340454858718125,0.05903974270617965,0.04916149781759706,0.04456696531127958,0.04066161268090972,0.03147254766827475,0.023891569032850907,0.014702504020215943,0.008270158511371467,0.009189065012634964,0.9118634105112097,0.022444148224099195,0.0,0.0,0.0,0.0,0.0,0.0,0.0,0.0,0.0,0.0,0.0,0.0,0.0,0.0,0.0,0.0,0.0,0.0,0.0,0.0,0.0,0.0,0.0,0.0,0.0275671950379049,0.613370089593384,8.456237077877327,15.80978635423846,4.844934527911786,0.2481047553411441,4.306056236481615,2.9561294975129235,nan,nan,nan,4.284692417739628,2.991725883315686,4.327761627906977,2.9193594373721945,1.0100518791008268,0.3696,0.02199,0.0,0.0,0.0,0.0,0.0,0.0,0.0,0.0,0.006891798759476225,1.4610613370089598,12.095106822880775,13.852515506547189,2.522398345968298,0.062026188835286024,0.0,0.0,0.0,0.0,0.0,0.0,0.0,0.0,0.0,0.0,0.0,0.0,0.0,0.0,0.0,0.0,nan,nan,4.306056236481615,2.9561294975129235,nan,0.3696,0.1086,0.0,0.0,0.0,0.0,0.0,0.0,0.0,0.0,0.0,0.0,0.0,0.0,0.0,4.5945325063174825e-05,0.0002067539627842867,0.0024351022283482654,0.005616815988973122,0.006432345508844475,0.008511371467953137,0.0007925568573397657,0.02275442223753733,0.02830232023891569,0.018929473926028027,0.03416034918447048,0.031426602343211575,0.013025499655410062,0.029898920284861016,0.0308407994486561,0.03349414197105444,0.028922582127268552,0.01614978175970595,0.029841488628532045,0.02423615897082472,0.02551114174132782,0.021617275442223752,0.0344819664599127,0.04939122444291293,0.056937744084539395,0.026475993567654493,0.05952216861934298,0.03150700666207214,0.01283023202389157,0.009843785894785205,0.03341373765219389,0.03385021824029405,0.03337927865839651,0.026705720192970364,0.030496209510682288,0.009074201699977026,0.007707328279347577,0.017057201929703652,0.0010222834826556398,0.005191821732138755,0.014208591775786813,0.006397886515047094,0.010498506776935446,0.00226280725936136,0.016287617734895475,0.010395129795543304,0.00678842177808408,0.028945554789800137,0.0028715828164484264,0.005697220307833678,0.0007466115322765909,0.0019641626464507234,0.000895933838731909,0.0,0.0,0.0,0.0,0.0,0.0,0.0,0.0,0.0,0.0,0.0,0.0,0.0,0.0,0.0,0.0,0.0,0.0,0.0,0.0,0.0,0.0,0.0,0.0,0.0,0.0,0.0,0.0,0.0,0.0,0.0,0.0,0.0,0.0,0.0,nan,nan,4.306056236481615,2.9561294975129235,nan,0.9115689160405525,0.022212881859230187,0.0,0.0,0.0,0.0,0.0,0.0,0.0,0.0,0.0,0.0,0.0,0.0,0.0,0.0,0.0,0.0,0.0,0.0,0.0,0.0,0.0,0.0,0.0,0.0,0.04122766834631242,0.4809894640403116,8.836463582226296,15.83142464498397,4.562528630325241,0.24736601007787454,0.912159669234456,0.022670560503872925,0.0,0.0,0.0,0.0,0.0,0.0,0.0,0.0,0.0,0.0,0.0,0.0,0.0,0.0,0.0,0.0,0.0,0.0,0.0,0.0,0.0,0.0,0.0,0.0,0.01382488479262673,0.7465437788018435,8.07373271889401,15.788018433179726,5.129032258064517,0.24884792626728117,0.3696,0.022,0.0,0.0,0.0,0.0,0.0,0.0,0.0,0.0,0.0,1.4841960604672473,11.942281264315167,13.9074667888227,2.61108566193312,0.0549702244617499,0.0,0.0,0.0,0.0,0.0,0.0,0.0,0.0,0.0,0.0,0.0,0.0,0.0,0.0,0.0,0.0,0.3696,0.02196,0.0,0.0,0.0,0.0,0.0,0.0,0.0,0.0,0.01382488479262673,1.4377880184331802,12.248847926267285,13.797235023041454,2.4331797235023047,0.06912442396313366,0.0,0.0,0.0,0.0,0.0,0.0,0.0,0.0,0.0,0.0,0.0,0.0,0.0,0.0,0.0,0.0
49700,4178,2162,0.517472474868358,1026,853,0.44973671613212063,1152,0.5514600287218765,0.414,2.9737103174603177,3.074924718947626,6.52686308492201,2.1373275811691883,9318.836131215723,1415.5319788176494,7853.0,10750.756010890007,10685.68425357044,17.33041728464049,7853.0,0.0,27.964815701292483,20.877620042696947,32.92899914456801,19.111064046060477,0.14121589277166108,0.10124461464815701,0.0907132599329823,0.08209669698420297,0.08113930110100527,0.07826711345141216,0.0665390138822403,0.06151268549545237,0.0627094303494495,0.05672570607946386,0.047391096218286265,0.03733843944471039,0.03135471517472475,0.02537099090473911,0.018669219722355194,0.009573958831977022,0.008137865007180469,0.912023885433271,0.022993664962819016,0.0,0.0,0.0,0.0,0.0,0.0,0.0,0.0,0.0,0.0,0.0,0.0,0.0,0.0,0.0,0.0,0.0,0.0,0.0,0.0,0.0,0.0,0.0,0.0,0.007180469123982769,0.7611297271421735,8.135471517472476,15.876017233125902,4.925801819052179,0.2943992340832935,4.250555967383247,2.8749979318682044,nan,nan,nan,4.165070007369197,2.8565590297259726,4.337061894108874,2.890965126314753,1.0412938765579869,0.37,0.02261,0.0,0.0,0.0,0.0,0.0,0.0,0.0,0.0,0.007180469123982769,1.5150789851603643,11.711345141215894,13.9085686931546,2.8147438966012452,0.04308281474389661,0.0,0.0,0.0,0.0,0.0,0.0,0.0,0.0,0.0,0.0,0.0,0.0,0.0,0.0,0.0,0.0,nan,nan,4.250555967383247,2.8749979318682044,nan,0.37,0.10864,0.0,0.0,0.0,0.0,0.0,0.0,0.0,0.0,0.0,0.0,0.0,0.0,0.0,1.1967448539971277e-05,0.00044279559597893727,0.0020344662517951173,0.006115366203925323,0.0066778362853039735,0.008317376735280038,0.0006821445667783628,0.022965533748204883,0.030181905217807562,0.018944471038774533,0.032790808999521304,0.029834849210148395,0.014097654380086165,0.02910483484921015,0.028997127812350407,0.0330421254188607,0.02893729056965055,0.013547151747247486,0.030038295835327907,0.02611297271421733,0.027297750119674485,0.022522738152225944,0.03325753949258018,0.04923408329344184,0.056522259454284345,0.02656773575873624,0.060722833891814265,0.030002393489707995,0.012996649114408808,0.009681665868836764,0.031390617520344666,0.032551460028721876,0.03332934418382001,0.02874581139301101,0.034573958831977024,0.008449018669219722,0.007742939205361417,0.016527046433700336,0.0014360938247965534,0.005505026328386788,0.013463379607467688,0.007312111057922451,0.010986117759693633,0.002273815222594543,0.01649114408808042,0.010100526567735758,0.006713738630923887,0.027752513164193394,0.0034107228338918143,0.005864049784585926,0.0007898516036381044,0.0021302058401148874,0.0007778841550981331,0.0,0.0,0.0,0.0,0.0,0.0,0.0,0.0,0.0,0.0,0.0,0.0,0.0,0.0,0.0,0.0,0.0,0.0,0.0,0.0,0.0,0.0,0.0,0.0,0.0,0.0,0.0,0.0,0.0,0.0,0.0,0.0,0.0,0.0,0.0,nan,nan,4.250555967383247,2.8749979318682044,nan,0.9122736520176128,0.023010156079733852,0.0,0.0,0.0,0.0,0.0,0.0,0.0,0.0,0.0,0.0,0.0,0.0,0.0,0.0,0.0,0.0,0.0,0.0,0.0,0.0,0.0,0.0,0.0,0.0,0.013876040703052732,0.7076780758556893,7.978723404255321,16.234967622571695,4.67622571692877,0.38852913968547653,0.9117560305943092,0.022972948970372525,0.0,0.0,0.0,0.0,0.0,0.0,0.0,0.0,0.0,0.0,0.0,0.0,0.0,0.0,0.0,0.0,0.0,0.0,0.0,0.0,0.0,0.0,0.0,0.0,0.0,0.8184523809523812,8.30357142857143,15.491071428571432,5.193452380952382,0.19345238095238101,0.3706,0.0222,0.0,0.0,0.0,0.0,0.0,0.0,0.0,0.0,0.0,1.1517113783533768,11.98889916743756,13.945420906567973,2.8862164662349685,0.027752081406105463,0.0,0.0,0.0,0.0,0.0,0.0,0.0,0.0,0.0,0.0,0.0,0.0,0.0,0.0,0.0,0.0,0.3696,0.02304,0.0,0.0,0.0,0.0,0.0,0.0,0.0,0.0,0.014880952380952385,1.9047619047619053,11.413690476190478,13.869047619047599,2.7380952380952386,0.05952380952380954,0.0,0.0,0.0,0.0,0.0,0.0,0.0,0.0,0.0,0.0,0.0,0.0,0.0,0.0,0.0,0.0
49800,4379,2223,0.5076501484357159,1022,896,0.43799954327472024,1233,0.5631422699246403,0.41,2.9443413729128016,3.1176171390309557,6.662116040955631,2.0064312026169344,9291.057175201133,1416.27556284313,7853.0,10744.016199111938,10685.772096358867,17.567538194516462,7853.0,0.0,27.315597168303267,20.704049095314062,32.305441618813234,19.017369129453805,0.14409682575930577,0.10047956154373144,0.09659739666590546,0.09203014386846312,0.08563598995204384,0.07307604475907742,0.06576844028316968,0.06165791276547157,0.05686229732815711,0.04886960493263302,0.044759077414934914,0.04087691253710893,0.032199132221968484,0.024663165106188628,0.015757022151176067,0.010733044073989496,0.00593742863667504,0.9131165466016764,0.02290909001157959,0.0,0.0,0.0,0.0,0.0,0.0,0.0,0.0,0.0,0.0,0.0,0.0,0.0,0.0,0.0,0.0,0.0,0.0,0.0,0.0,0.0,0.0,0.0,0.0,0.006850879196163509,0.712491436401005,7.78944964603791,16.079013473395754,5.083352363553323,0.3288422014158484,4.319695872556119,2.8502771531164233,nan,nan,nan,4.301152737752162,2.8981408822231134,4.3384279475982535,2.800970798170327,1.0086663301953727,0.3694,0.02206,0.0,0.0,0.0,0.0,0.0,0.0,0.0,0.0,0.020552637588490526,1.56200045672528,11.954784197305324,13.996346197762026,2.3635533226764105,0.10276318794245264,0.0,0.0,0.0,0.0,0.0,0.0,0.0,0.0,0.0,0.0,0.0,0.0,0.0,0.0,0.0,0.0,nan,nan,4.319695872556119,2.8502771531164233,nan,0.3694,0.1084,0.0,0.0,0.0,0.0,0.0,0.0,0.0,0.0,0.0,0.0,0.0,0.0,0.0,0.0,0.00038821648778259875,0.0025348253025804976,0.008152546243434575,0.006725279744233844,0.008449417675268326,0.0008677780315140443,0.02257364695135876,0.03017812285910025,0.016636218314683718,0.03243891299383421,0.02806576844028317,0.014558118291847454,0.02841973053208495,0.03100022836263987,0.0310573190226079,0.03133135419045444,0.013656085864352591,0.030554921214889244,0.025702215117606758,0.027403516784654032,0.02353277003882165,0.03471112126056177,0.04990865494405115,0.05609728248458552,0.028602420643982645,0.05964832153459694,0.02925325416761818,0.01201187485727335,0.010561772094085408,0.030623430006850878,0.03145695364238411,0.0341858871888559,0.030235213519068282,0.034756793788536196,0.007513130851792647,0.008358072619319479,0.013850194108243891,0.0013016670472710665,0.005366522036994748,0.014992007307604477,0.007684402831696735,0.011395295729618634,0.0022493720027403517,0.016750399634619776,0.008917561087006165,0.00607444622059831,0.025907741493491666,0.002454898378625257,0.00648549897236812,0.0007307604475907741,0.003185658826216031,0.0005023978077186573,0.0,0.0,0.0,0.0,0.0,0.0,0.0,0.0,0.0,0.0,0.0,0.0,0.0,0.0,0.0,0.0,0.0,0.0,0.0,0.0,0.0,0.0,0.0,0.0,0.0,0.0,0.0,0.0,0.0,0.0,0.0,0.0,0.0,0.0,0.0,nan,nan,4.319695872556119,2.8502771531164233,nan,0.9134641588940794,0.022677628099884575,0.0,0.0,0.0,0.0,0.0,0.0,0.0,0.0,0.0,0.0,0.0,0.0,0.0,0.0,0.0,0.0,0.0,0.0,0.0,0.0,0.0,0.0,0.0,0.0,0.0,0.7017543859649125,7.489878542510123,16.315789473684212,5.222672064777329,0.26990553306342785,0.9127581318864575,0.02313985405083289,0.0,0.0,0.0,0.0,0.0,0.0,0.0,0.0,0.0,0.0,0.0,0.0,0.0,0.0,0.0,0.0,0.0,0.0,0.0,0.0,0.0,0.0,0.0,0.0,0.013914656771799632,0.7235621521335809,8.098330241187385,15.834879406307982,4.939703153988869,0.38961038961038974,0.3696,0.02234,0.0,0.0,0.0,0.0,0.0,0.0,0.0,0.0,0.013495276653171392,1.5384615384615388,12.024291497975712,13.68421052631577,2.645074224021593,0.09446693657219976,0.0,0.0,0.0,0.0,0.0,0.0,0.0,0.0,0.0,0.0,0.0,0.0,0.0,0.0,0.0,0.0,0.3691,0.02176,0.0,0.0,0.0,0.0,0.0,0.0,0.0,0.0,0.027829313543599264,1.5862708719851581,11.883116883116886,14.318181818181799,2.073283858998145,0.11131725417439706,0.0,0.0,0.0,0.0,0.0,0.0,0.0,0.0,0.0,0.0,0.0,0.0,0.0,0.0,0.0,0.0
49900,4416,2228,0.5045289855072463,1049,910,0.4436141304347826,1265,0.5729166666666666,0.422,2.912705667276051,3.0661749884213285,6.520325203252033,2.03285850845086,9281.850639130515,1416.020139593278,7853.0,10747.808195590973,10685.048663554917,17.393762989221926,7853.0,0.0,28.005434782608695,21.038492745082216,32.855185384202045,19.362300885298552,0.13745471014492755,0.10235507246376811,0.09465579710144928,0.08854166666666667,0.08469202898550725,0.06906702898550725,0.06408514492753623,0.06680253623188406,0.058650362318840576,0.04710144927536232,0.04846014492753623,0.03917572463768116,0.033740942028985504,0.028532608695652172,0.018568840579710144,0.010643115942028986,0.007472826086956522,0.9134296785527165,0.022873433180661904,0.0,0.0,0.0,0.0,0.0,0.0,0.0,0.0,0.0,0.0,0.0,0.0,0.0,0.0,0.0,0.0,0.0,0.0,0.0,0.0,0.0,0.0,0.0,0.0,0.006793478260869567,0.6046195652173914,7.785326086956523,15.760869565217394,5.5570652173913055,0.2853260869565218,4.326666666666667,2.8759665550438855,nan,nan,nan,4.332398316970547,2.9033572478054204,4.320926966292135,2.8482618857729665,0.9973521939029758,0.3682,0.02188,0.0,0.0,0.0,0.0,0.0,0.0,0.0,0.0,0.006793478260869567,1.72554347826087,12.55434782608696,13.417119565217371,2.2622282608695654,0.03396739130434783,0.0,0.0,0.0,0.0,0.0,0.0,0.0,0.0,0.0,0.0,0.0,0.0,0.0,0.0,0.0,0.0,nan,nan,4.326666666666667,2.8759665550438855,nan,0.3682,0.1082,0.0,0.0,0.0,0.0,0.0,0.0,0.0,0.0,0.0,0.0,0.0,0.0,0.0,0.0,0.000396286231884058,0.0028532608695652174,0.009103260869565217,0.00792572463768116,0.009590126811594202,0.0013247282608695652,0.020437047101449276,0.029042119565217392,0.015307971014492754,0.031646286231884056,0.03086503623188406,0.014605978260869566,0.030151721014492754,0.0322463768115942,0.031555706521739134,0.031182065217391305,0.013100090579710144,0.029698822463768117,0.02578125,0.028102355072463767,0.022894021739130434,0.03454483695652174,0.050769927536231885,0.054200634057971014,0.029177989130434782,0.05945425724637681,0.029245923913043478,0.011696105072463768,0.009816576086956522,0.031804800724637684,0.03440896739130435,0.03363903985507247,0.028577898550724637,0.034850543478260866,0.00828804347826087,0.006691576086956522,0.011933876811594203,0.0014945652173913044,0.005298913043478261,0.01548913043478261,0.008095561594202898,0.010688405797101449,0.0026834239130434784,0.017278079710144927,0.008265398550724638,0.0058084239130434786,0.024513134057971016,0.002592844202898551,0.007008605072463768,0.0005774456521739131,0.002909873188405797,0.00038496376811594205,0.0,0.0,0.0,0.0,0.0,0.0,0.0,0.0,0.0,0.0,0.0,0.0,0.0,0.0,0.0,0.0,0.0,0.0,0.0,0.0,0.0,0.0,0.0,0.0,0.0,0.0,0.0,0.0,0.0,0.0,0.0,0.0,0.0,0.0,0.0,nan,nan,4.326666666666667,2.8759665550438855,nan,0.9135575909535375,0.022679336725483713,0.0,0.0,0.0,0.0,0.0,0.0,0.0,0.0,0.0,0.0,0.0,0.0,0.0,0.0,0.0,0.0,0.0,0.0,0.0,0.0,0.0,0.0,0.0,0.0,0.01346499102333932,0.5520646319569121,7.675044883303412,15.888689407540399,5.628366247755836,0.24236983842010776,0.91329942771678,0.02306867116351588,0.0,0.0,0.0,0.0,0.0,0.0,0.0,0.0,0.0,0.0,0.0,0.0,0.0,0.0,0.0,0.0,0.0,0.0,0.0,0.0,0.0,0.0,0.0,0.0,0.0,0.6581352833638027,7.8976234003656325,15.630712979890314,5.484460694698355,0.32906764168190134,0.3682,0.02187,0.0,0.0,0.0,0.0,0.0,0.0,0.0,0.0,0.0,1.723518850987433,12.468581687612211,13.61310592459603,2.1678635547576306,0.02692998204667864,0.0,0.0,0.0,0.0,0.0,0.0,0.0,0.0,0.0,0.0,0.0,0.0,0.0,0.0,0.0,0.0,0.3682,0.0219,0.0,0.0,0.0,0.0,0.0,0.0,0.0,0.0,0.01371115173674589,1.7276051188299821,12.64168190127971,13.217550274223017,2.358318098720293,0.04113345521023767,0.0,0.0,0.0,0.0,0.0,0.0,0.0,0.0,0.0,0.0,0.0,0.0,0.0,0.0,0.0,0.0
50000,4515,2288,0.5067552602436324,1089,896,0.43964562569213733,1271,0.5630121816168328,0.40599999999999997,2.9524023349797934,3.0642685337349005,6.463414634146342,2.125312728501898,9287.716639948683,1415.5197979816603,7853.0,10746.992709636688,10684.182530318316,17.9593768064512,7853.0,0.0,28.073532668881505,20.694153052897065,32.84403669724771,18.95947393408126,0.1353266888150609,0.09590254706533777,0.09501661129568106,0.09058693244739756,0.07774086378737542,0.07818383167220376,0.06998892580287928,0.06533776301218161,0.055592469545957916,0.05204872646733112,0.04784053156146179,0.043853820598006646,0.03366555924695459,0.026799557032115173,0.016832779623477297,0.008637873754152824,0.006644518272425249,0.9133604428432841,0.022615665884494877,0.0,0.0,0.0,0.0,0.0,0.0,0.0,0.0,0.0,0.0,0.0,0.0,0.0,0.0,0.0,0.0,0.0,0.0,0.0,0.0,0.0,0.0,0.0,0.0,0.006644518272425251,0.6046511627906977,7.840531561461796,15.873754152823924,5.455149501661131,0.21926910299003327,4.291139240506329,2.832007595743702,nan,nan,nan,4.258086717136958,2.8081850527492427,4.322668481960517,2.855619796904503,1.0151668505396203,0.368,0.02257,0.0,0.0,0.0,0.0,0.0,0.0,0.0,0.0,0.013289036544850502,1.8604651162790702,12.365448504983393,13.415282392026558,2.2591362126245853,0.08637873754152826,0.0,0.0,0.0,0.0,0.0,0.0,0.0,0.0,0.0,0.0,0.0,0.0,0.0,0.0,0.0,0.0,nan,nan,4.291139240506329,2.832007595743702,nan,0.368,0.1076,0.0,0.0,0.0,0.0,0.0,0.0,0.0,0.0,0.0,0.0,0.0,0.0,0.0,0.0,0.0007198228128460686,0.0026135105204872647,0.009258028792912513,0.009047619047619047,0.008205980066445183,0.0014285714285714286,0.020598006644518274,0.0286046511627907,0.013410852713178295,0.03143964562569214,0.0313842746400886,0.01610188261351052,0.030675526024363235,0.030852713178294574,0.030409745293466222,0.029933554817275748,0.01246954595791805,0.030598006644518273,0.02726467331118494,0.02850498338870432,0.022956810631229237,0.035503875968992245,0.052104097452934664,0.054928017718715395,0.02910299003322259,0.06019933554817276,0.029523809523809525,0.011251384274640088,0.007807308970099668,0.03372093023255814,0.03568106312292359,0.032270210409745294,0.027198228128460688,0.03478405315614618,0.009612403100775194,0.005415282392026578,0.012336655592469546,0.002159468438538206,0.004761904761904762,0.016522702104097453,0.007253599114064231,0.010586932447397564,0.0030786267995570322,0.017906976744186048,0.007763012181616832,0.005647840531561462,0.02458471760797342,0.002115171650055371,0.005836101882613511,0.0006533776301218162,0.003034330011074197,0.00016611295681063124,1.107419712070875e-05,0.0,0.0,0.0,0.0,0.0,0.0,0.0,0.0,0.0,0.0,0.0,0.0,0.0,0.0,0.0,0.0,0.0,0.0,0.0,0.0,0.0,0.0,0.0,0.0,0.0,0.0,0.0,0.0,0.0,0.0,0.0,0.0,0.0,0.0,nan,nan,4.291139240506329,2.832007595743702,nan,0.9131466764044929,0.022508998594260275,0.0,0.0,0.0,0.0,0.0,0.0,0.0,0.0,0.0,0.0,0.0,0.0,0.0,0.0,0.0,0.0,0.0,0.0,0.0,0.0,0.0,0.0,0.0,0.0,0.013111888111888115,0.6555944055944057,7.945804195804198,15.681818181818185,5.454545454545456,0.24912587412587417,0.9135800645819254,0.022722639150101996,0.0,0.0,0.0,0.0,0.0,0.0,0.0,0.0,0.0,0.0,0.0,0.0,0.0,0.0,0.0,0.0,0.0,0.0,0.0,0.0,0.0,0.0,0.0,0.0,0.0,0.5523125280646611,7.732375392905255,16.07094746295465,5.455770094297262,0.18859452177817698,0.367,0.0226,0.0,0.0,0.0,0.0,0.0,0.0,0.0,0.0,0.013111888111888115,2.0192307692307696,12.73164335664336,13.033216783216764,2.1372377622377625,0.06555944055944057,0.0,0.0,0.0,0.0,0.0,0.0,0.0,0.0,0.0,0.0,0.0,0.0,0.0,0.0,0.0,0.0,0.369,0.02248,0.0,0.0,0.0,0.0,0.0,0.0,0.0,0.0,0.013471037269869783,1.6973506960035927,11.989223170184108,13.807813201616504,2.3843735967669515,0.10776829815895826,0.0,0.0,0.0,0.0,0.0,0.0,0.0,0.0,0.0,0.0,0.0,0.0,0.0,0.0,0.0,0.0
50100,4488,2341,0.5216131907308378,1137,904,0.45476827094474154,1261,0.5619429590017825,0.418,3.0847694457382393,3.151992882936562,6.753164556962025,2.04052831599173,9330.449393814553,1414.9621454037615,7853.0,10737.709952712059,10685.461716975527,17.279145481227925,7853.0,0.0,28.391042780748663,20.681346059878145,32.92560689115113,18.97570055846877,0.12901069518716576,0.09536541889483066,0.09336007130124777,0.08957219251336898,0.08533868092691622,0.07419786096256685,0.0659536541889483,0.06951871657754011,0.05993761140819964,0.053475935828877004,0.04879679144385027,0.04322638146167558,0.032754010695187165,0.02606951871657754,0.017825311942959002,0.008912655971479501,0.0066844919786096255,0.9136499357866306,0.02246255324806565,0.0,0.0,0.0,0.0,0.0,0.0,0.0,0.0,0.0,0.0,0.0,0.0,0.0,0.0,0.0,0.0,0.0,0.0,0.0,0.0,0.0,0.0,0.0,0.0,0.0,0.6149732620320857,7.593582887700537,16.176470588235297,5.3141711229946536,0.3008021390374332,4.311697092630156,2.9348697080178714,nan,nan,nan,4.262474367737526,2.9271409890273032,4.359866220735786,2.94161605224501,1.0228486659615867,0.3687,0.0224,0.0,0.0,0.0,0.0,0.0,0.0,0.0,0.0,0.02005347593582888,1.7446524064171127,12.01871657754011,13.729946524064152,2.4131016042780753,0.0735294117647059,0.0,0.0,0.0,0.0,0.0,0.0,0.0,0.0,0.0,0.0,0.0,0.0,0.0,0.0,0.0,0.0,nan,nan,4.311697092630156,2.9348697080178714,nan,0.3687,0.1079,0.0,0.0,0.0,0.0,0.0,0.0,0.0,0.0,0.0,0.0,0.0,0.0,0.0,0.0,0.0005347593582887701,0.0029745989304812833,0.009369429590017825,0.008700980392156863,0.009558823529411765,0.001715686274509804,0.021501782531194297,0.026671122994652408,0.012076648841354724,0.030213903743315507,0.0312722816399287,0.017424242424242425,0.030993761140819965,0.03306595365418895,0.03004679144385027,0.02979055258467023,0.011374777183600714,0.029077540106951873,0.02445409982174688,0.028665329768270943,0.02303921568627451,0.033478163992869875,0.04947638146167558,0.058611853832442065,0.030459001782531196,0.05953654188948307,0.02925579322638146,0.0098150623885918,0.008879233511586452,0.034246880570409984,0.03606283422459893,0.033433600713012476,0.026648841354723708,0.03722147950089127,0.009603386809269162,0.005269607843137255,0.011664438502673798,0.001927361853832442,0.0050802139037433155,0.01785873440285205,0.007954545454545454,0.009336007130124778,0.002662655971479501,0.02000891265597148,0.0064616755793226385,0.00714126559714795,0.0240975935828877,0.0019496434937611407,0.005191622103386809,0.0005570409982174688,0.003442513368983957,0.0001448306595365419,0.0,0.0,0.0,0.0,0.0,0.0,0.0,0.0,0.0,0.0,0.0,0.0,0.0,0.0,0.0,0.0,0.0,0.0,0.0,0.0,0.0,0.0,0.0,0.0,0.0,0.0,0.0,0.0,0.0,0.0,0.0,0.0,0.0,0.0,0.0,nan,nan,4.311697092630156,2.9348697080178714,nan,0.9138020662251114,0.02237103968690994,0.0,0.0,0.0,0.0,0.0,0.0,0.0,0.0,0.0,0.0,0.0,0.0,0.0,0.0,0.0,0.0,0.0,0.0,0.0,0.0,0.0,0.0,0.0,0.0,0.0,0.589491670226399,7.419906023067067,16.364801366937208,5.318240068346862,0.3075608714224691,0.9134840590486317,0.02256074380406667,0.0,0.0,0.0,0.0,0.0,0.0,0.0,0.0,0.0,0.0,0.0,0.0,0.0,0.0,0.0,0.0,0.0,0.0,0.0,0.0,0.0,0.0,0.0,0.0,0.0,0.6427573358174198,7.7829529576152785,15.971122496506757,5.309734513274337,0.29343269678621337,0.3687,0.02243,0.0,0.0,0.0,0.0,0.0,0.0,0.0,0.0,0.025630072618539092,1.717214865442119,12.14865442118753,13.622383596753505,2.4092268261426746,0.07689021785561727,0.0,0.0,0.0,0.0,0.0,0.0,0.0,0.0,0.0,0.0,0.0,0.0,0.0,0.0,0.0,0.0,0.3687,0.02235,0.0,0.0,0.0,0.0,0.0,0.0,0.0,0.0,0.013972985561248256,1.7745691662785286,11.877037727061019,13.847228691197,2.4173265020959485,0.06986492780624128,0.0,0.0,0.0,0.0,0.0,0.0,0.0,0.0,0.0,0.0,0.0,0.0,0.0,0.0,0.0,0.0
50200,4498,2348,0.5220097821253891,1141,906,0.45509115162294356,1269,0.5642507781236105,0.43,3.0497674418604652,3.1804398469921287,6.745627980922099,2.1807440559213878,9331.216614223285,1414.578455733429,7853.0,10749.59066772461,10684.779527587876,18.205786776843905,7853.0,0.0,28.066029346376165,20.88696520648012,33.195102475379294,19.026143633744553,0.14406402845709204,0.09248554913294797,0.09270787016451756,0.082258781680747,0.08203646064917741,0.07914628723877279,0.06847487772343264,0.06269453090262339,0.06402845709204091,0.0542463317029791,0.048910626945309024,0.03668297020898177,0.028012449977767896,0.024899955535793685,0.020453534904401955,0.01133837261004891,0.00755891507336594,0.9127808785825477,0.02299209467643305,0.0,0.0,0.0,0.0,0.0,0.0,0.0,0.0,0.0,0.0,0.0,0.0,0.0,0.0,0.0,0.0,0.0,0.0,0.0,0.0,0.0,0.0,0.0,0.0,0.013339261894175192,0.6069364161849712,7.970208981769677,15.733659404179638,5.369052912405515,0.3068030235660294,4.330027359781122,3.0002578319329443,nan,nan,nan,4.373387644263408,2.984075953758064,4.286009648518263,3.015958701466077,0.9800205234814345,0.369,0.02301,0.0,0.0,0.0,0.0,0.0,0.0,0.0,0.0,0.026678523788350384,1.6940862605602494,12.092040907069812,13.31258337038682,2.794575366829703,0.08003557136505114,0.0,0.0,0.0,0.0,0.0,0.0,0.0,0.0,0.0,0.0,0.0,0.0,0.0,0.0,0.0,0.0,nan,nan,4.330027359781122,3.0002578319329443,nan,0.369,0.10864,0.0,0.0,0.0,0.0,0.0,0.0,0.0,0.0,0.0,0.0,0.0,0.0,0.0,0.0,0.00042240995998221433,0.0037572254335260114,0.01068252556691863,0.00805913739439751,0.00921520675855936,0.0017229879946642952,0.021965317919075144,0.027545575811471764,0.012905735882614495,0.029035126722987994,0.029401956425077813,0.018863939528679412,0.030646954201867495,0.03404846598488217,0.030691418408181414,0.027178746109381948,0.01132725655847043,0.02713428190306803,0.022776789684304136,0.02844597598932859,0.022743441529568698,0.033025789239662075,0.04815473543797243,0.06052690084481992,0.03135838150289017,0.06351711871943086,0.028323699421965318,0.009626500666963096,0.00937083148065807,0.033803912850155625,0.037472209871053805,0.034326367274344155,0.02632281013783904,0.034771009337483325,0.008425967096487328,0.0050578034682080926,0.010804802134281904,0.0017007558915073367,0.0060693641618497106,0.01855269008448199,0.007681191640729213,0.008815028901734105,0.0023121387283236996,0.020942641173855046,0.005880391285015563,0.006525122276567363,0.024444197421076033,0.002234326367274344,0.006224988883948421,0.00098932859048466,0.004079590929301912,8.89284126278346e-05,0.0,0.0,0.0,0.0,0.0,0.0,0.0,0.0,0.0,0.0,0.0,0.0,0.0,0.0,0.0,0.0,0.0,0.0,0.0,0.0,0.0,0.0,0.0,0.0,0.0,0.0,0.0,0.0,0.0,0.0,0.0,0.0,0.0,0.0,0.0,nan,nan,4.330027359781122,3.0002578319329443,nan,0.9122072808837972,0.022772063162519427,0.0,0.0,0.0,0.0,0.0,0.0,0.0,0.0,0.0,0.0,0.0,0.0,0.0,0.0,0.0,0.0,0.0,0.0,0.0,0.0,0.0,0.0,0.0,0.0,0.025553662691652476,0.5877342419080069,8.023850085178877,15.99659284497445,5.097955706984669,0.268313458262351,0.9134073006275089,0.023213823288317652,0.0,0.0,0.0,0.0,0.0,0.0,0.0,0.0,0.0,0.0,0.0,0.0,0.0,0.0,0.0,0.0,0.0,0.0,0.0,0.0,0.0,0.0,0.0,0.0,0.0,0.6279069767441862,7.9116279069767455,15.44651162790698,5.6651162790697684,0.34883720930232565,0.369,0.02301,0.0,0.0,0.0,0.0,0.0,0.0,0.0,0.0,0.038330494037478714,1.7248722316865421,11.895229982964228,13.60732538330492,2.619250425894379,0.11499148211243614,0.0,0.0,0.0,0.0,0.0,0.0,0.0,0.0,0.0,0.0,0.0,0.0,0.0,0.0,0.0,0.0,0.369,0.02301,0.0,0.0,0.0,0.0,0.0,0.0,0.0,0.0,0.013953488372093027,1.6604651162790702,12.30697674418605,12.990697674418586,2.986046511627908,0.041860465116279076,0.0,0.0,0.0,0.0,0.0,0.0,0.0,0.0,0.0,0.0,0.0,0.0,0.0,0.0,0.0,0.0
50300,4569,2414,0.5283431823156052,1137,923,0.45086452177719416,1260,0.551543007222587,0.422,3.0501160092807424,3.181777252269802,6.8455149501661126,2.098343315184897,9350.11327557643,1414.5807572673402,7853.0,10745.29437494278,10686.600064668066,17.75762920717187,7853.0,0.0,27.64740643466842,20.598598208208088,32.551760104302474,18.846352436518988,0.139198949441891,0.103086014445174,0.09411249726417159,0.08426351499233968,0.08185598599255854,0.08010505581089954,0.06390895163055373,0.06522214926679798,0.05821842854016196,0.05165244035894069,0.05165244035894069,0.039177062814620266,0.02910921427008098,0.02604508645217772,0.01926023199824907,0.009411249726417159,0.0037207266360253883,0.9134331859809665,0.023108840834425118,0.0,0.0,0.0,0.0,0.0,0.0,0.0,0.0,0.0,0.0,0.0,0.0,0.0,0.0,0.0,0.0,0.0,0.0,0.0,0.0,0.0,0.0,0.0,0.0,0.01313197636244255,0.6762967826657914,7.596848325673015,15.817465528562051,5.627051871306633,0.26920551543007226,4.293238192320761,2.9786837805026267,nan,nan,nan,4.253511705685619,2.990164374352843,4.334254143646409,2.9662257435890385,1.0189825357369682,0.3706,0.02245,0.0,0.0,0.0,0.0,0.0,0.0,0.0,0.0,0.019697964543663824,1.3197636244254762,11.753118844386083,14.011818778726177,2.8430728824688125,0.0525279054497702,0.0,0.0,0.0,0.0,0.0,0.0,0.0,0.0,0.0,0.0,0.0,0.0,0.0,0.0,0.0,0.0,nan,nan,4.293238192320761,2.9786837805026267,nan,0.3706,0.1087,0.0,0.0,0.0,0.0,0.0,0.0,0.0,0.0,0.0,0.0,0.0,0.0,0.0,0.0,0.0003939592908732764,0.004235062376887722,0.009881812212738017,0.008152768658349747,0.008721820967388926,0.0016852702998467937,0.02045305318450427,0.02765375355657693,0.011961041803458087,0.03038958196541913,0.029163930838257825,0.017914204421098708,0.03056467498358503,0.031385423506237686,0.030531845042678925,0.027785073320201355,0.009925585467279492,0.026745458524841323,0.021219085138980083,0.02794922302473189,0.024195666447800395,0.034362004815058,0.048588312541037425,0.06189538192164588,0.03226088859706719,0.061993871744364194,0.031330706938060844,0.009991245349091704,0.008316918362880281,0.03166994966075728,0.039855548260013134,0.03234843510615014,0.026056029765813088,0.03466841759684833,0.008623331144670607,0.005395053622236814,0.013175749616984023,0.0018931932589188005,0.0064018384766907415,0.017574961698402277,0.0076931494856642595,0.009148610199168308,0.0026811118406653536,0.02159115780258262,0.005121470781352593,0.008087108776537535,0.02386736703873933,0.0031407310133508425,0.006084482381265047,0.0017290435543882688,0.0034690304224119064,5.471656817684395e-05,1.094331363536879e-05,1.094331363536879e-05,0.0,0.0,0.0,0.0,0.0,0.0,0.0,0.0,0.0,0.0,0.0,0.0,0.0,0.0,0.0,0.0,0.0,0.0,0.0,0.0,0.0,0.0,0.0,0.0,0.0,0.0,0.0,0.0,0.0,0.0,0.0,0.0,0.0,nan,nan,4.293238192320761,2.9786837805026267,nan,0.913596659281477,0.0230255321855701,0.0,0.0,0.0,0.0,0.0,0.0,0.0,0.0,0.0,0.0,0.0,0.0,0.0,0.0,0.0,0.0,0.0,0.0,0.0,0.0,0.0,0.0,0.0,0.0,0.02485501242750622,0.6462303231151617,7.506213753106878,15.932062966031486,5.629660314830159,0.2609776304888153,0.9132500655413227,0.02320043898419414,0.0,0.0,0.0,0.0,0.0,0.0,0.0,0.0,0.0,0.0,0.0,0.0,0.0,0.0,0.0,0.0,0.0,0.0,0.0,0.0,0.0,0.0,0.0,0.0,0.0,0.7099767981438516,7.698375870069607,15.689095127610212,5.6241299303944325,0.2784222737819026,0.3708,0.0222,0.0,0.0,0.0,0.0,0.0,0.0,0.0,0.0,0.0,1.2303231151615577,11.99254349627175,13.695111847555903,3.032311516155759,0.04971002485501244,0.0,0.0,0.0,0.0,0.0,0.0,0.0,0.0,0.0,0.0,0.0,0.0,0.0,0.0,0.0,0.0,0.37,0.0227,0.0,0.0,0.0,0.0,0.0,0.0,0.0,0.0,0.04176334106728539,1.4199535962877032,11.484918793503484,14.366589327146151,2.6310904872389798,0.05568445475638052,0.0,0.0,0.0,0.0,0.0,0.0,0.0,0.0,0.0,0.0,0.0,0.0,0.0,0.0,0.0,0.0
50400,4781,2479,0.5185107718050617,1225,972,0.4595272955448651,1336,0.5588788956285295,0.414,2.9969591659426587,3.1004735151771903,6.572755417956657,2.071508213269,9321.922020726463,1415.566670525958,7853.0,10757.654686570168,10685.963364700772,17.491039903436292,7853.0,0.0,27.913616398243047,20.636936461903055,32.72186415468518,18.87333461368573,0.13825559506379417,0.09621418113365404,0.09349508471031165,0.08303702154361012,0.08512863417695044,0.07592553859025308,0.07404308722024681,0.06797741058355992,0.0575193474168584,0.055636896046852125,0.04308722024681029,0.03702154361012341,0.03074670571010249,0.02677264170675591,0.01945199749006484,0.010039740640033466,0.005647354110018824,0.9131778684452323,0.022778418181310437,0.0,0.0,0.0,0.0,0.0,0.0,0.0,0.0,0.0,0.0,0.0,0.0,0.0,0.0,0.0,0.0,0.0,0.0,0.0,0.0,0.0,0.0,0.0,0.0,0.02509935160008367,0.5710102489019034,7.843547375026147,15.919263752353068,5.40263543191801,0.23844384020079487,4.273603082851638,2.9059818144938627,nan,nan,nan,4.22508038585209,2.921394842043798,4.32413350449294,2.889415923254255,1.0234440790694856,0.3704,0.02249,0.0,0.0,0.0,0.0,0.0,0.0,0.0,0.0,0.05019870320016734,1.443212717004811,11.533152060238447,14.19368332984729,2.7232796486090782,0.05019870320016734,0.006274837900020917,0.0,0.0,0.0,0.0,0.0,0.0,0.0,0.0,0.0,0.0,0.0,0.0,0.0,0.0,0.0,nan,nan,4.273603082851638,2.9059818144938627,nan,0.3704,0.1089,0.0,0.0,0.0,0.0,0.0,0.0,0.0,0.0,0.0,0.0,0.0,0.0,0.0,3.137418950010458e-05,0.00021961932650073208,0.004120476887680402,0.010635850240535453,0.008816147249529387,0.008157289270027191,0.002143902949173813,0.020267726417067557,0.028058983476260197,0.01362685630621209,0.029774105835599248,0.02929303492993098,0.018803597573729347,0.029376699435264587,0.03171930558460573,0.031823886216272745,0.024639196820748797,0.009893327755699644,0.025245764484417486,0.021125287596737083,0.030119221920100397,0.024973854842083247,0.03465802133444886,0.04465592972181552,0.06332357247437774,0.03128006693160427,0.061618908178205395,0.03170884752143903,0.011148295335703828,0.008000418322526667,0.031667015268772226,0.04199958167747333,0.029627692951265425,0.025883706337586278,0.03443840200794813,0.009004392386530015,0.005772850868019243,0.013396778916544656,0.002164819075507216,0.005783308931185944,0.017621836435892074,0.008376908596527923,0.010259359966534197,0.0028132189918427105,0.020215436101234052,0.005270863836017569,0.009433172976364777,0.024294080736247645,0.0023739803388412467,0.00513490901485045,0.001746496548839155,0.003273373771177578,1.0458063166701527e-05,4.1832252666806106e-05,0.00013595482116711985,0.0,0.0,0.0,0.0,0.0,0.0,0.0,0.0,0.0,0.0,0.0,0.0,0.0,0.0,0.0,0.0,0.0,0.0,0.0,0.0,0.0,0.0,0.0,0.0,0.0,0.0,0.0,0.0,0.0,0.0,0.0,0.0,0.0,nan,nan,4.273603082851638,2.9059818144938627,nan,0.9132383586226476,0.022712603749372645,0.0,0.0,0.0,0.0,0.0,0.0,0.0,0.0,0.0,0.0,0.0,0.0,0.0,0.0,0.0,0.0,0.0,0.0,0.0,0.0,0.0,0.0,0.0,0.0,0.024203307785397345,0.5808793868495362,7.781363453005246,16.058894715611135,5.361032674465512,0.19362646228317876,0.9131127271985717,0.02284890198313786,0.0,0.0,0.0,0.0,0.0,0.0,0.0,0.0,0.0,0.0,0.0,0.0,0.0,0.0,0.0,0.0,0.0,0.0,0.0,0.0,0.0,0.0,0.0,0.0,0.02606429192006951,0.5603822762814945,7.910512597741096,15.768896611642054,5.447437011294528,0.2867072111207646,0.37,0.02255,0.0,0.0,0.0,0.0,0.0,0.0,0.0,0.0,0.036304961678096014,1.5006050826946353,11.690197660346916,14.013715207745038,2.6986688180718037,0.04840661557079469,0.012101653892698672,0.0,0.0,0.0,0.0,0.0,0.0,0.0,0.0,0.0,0.0,0.0,0.0,0.0,0.0,0.0,0.3704,0.02242,0.0,0.0,0.0,0.0,0.0,0.0,0.0,0.0,0.06516072980017378,1.3814074717636842,11.364031277150307,14.387489139878344,2.7497827975673337,0.05212858384013902,0.0,0.0,0.0,0.0,0.0,0.0,0.0,0.0,0.0,0.0,0.0,0.0,0.0,0.0,0.0,0.0
50500,4970,2593,0.5217303822937626,1264,1005,0.4565392354124749,1391,0.5597585513078471,0.41,3.03618005889777,3.1467332871892055,6.728613569321534,2.1182118358759077,9331.177608538514,1415.329907602344,7853.0,10756.05607521534,10686.22125508539,17.70636209222442,7853.0,0.0,27.785513078470824,20.503527482452185,32.55568805151443,18.76615765751742,0.13601609657947686,0.09738430583501007,0.09476861167002013,0.08772635814889336,0.08189134808853119,0.07867203219315895,0.07404426559356136,0.06338028169014084,0.05955734406438632,0.051106639839034206,0.049899396378269616,0.03843058350100604,0.029175050301810865,0.025754527162977867,0.0158953722334004,0.01006036217303823,0.006237424547283702,0.9123381562995718,0.02263526934684424,0.0,0.0,0.0,0.0,0.0,0.0,0.0,0.0,0.0,0.0,0.0,0.0,0.0,0.0,0.0,0.0,0.0,0.0,0.0,0.0,0.0,0.0,0.0,0.0,0.006036217303822939,0.591549295774648,8.130784708249498,15.983903420523141,4.961770623742456,0.3259557344064387,4.288992248062016,3.002358722598736,nan,nan,nan,4.256218905472637,2.9954814448446765,4.321583178726036,3.0088281513231143,1.0153573570121954,0.3708,0.02274,0.0,0.0,0.0,0.0,0.0,0.0,0.0,0.0,0.018108651911468817,1.5090543259557347,11.17303822937626,14.22132796780682,3.0241448692152924,0.05432595573440645,0.0,0.0,0.0,0.0,0.0,0.0,0.0,0.0,0.0,0.0,0.0,0.0,0.0,0.0,0.0,0.0,nan,nan,4.288992248062016,3.002358722598736,nan,0.3708,0.10925,0.0,0.0,0.0,0.0,0.0,0.0,0.0,0.0,0.0,0.0,0.0,0.0,0.0,0.00018108651911468812,0.0004124748490945674,0.0038128772635814888,0.01006036217303823,0.009416498993963783,0.007746478873239437,0.0023440643863179077,0.018430583501006036,0.02658953722334004,0.014014084507042253,0.02960764587525151,0.03131790744466801,0.01813883299798793,0.030492957746478873,0.03244466800804829,0.031861167002012074,0.025472837022132797,0.008772635814889336,0.026046277665995977,0.01954728370221328,0.030643863179074447,0.024557344064386318,0.035,0.04546277665995976,0.05926559356136821,0.03193158953722334,0.06378269617706238,0.031579476861167,0.01119718309859155,0.008279678068410463,0.0313682092555332,0.041287726358148896,0.029637826961770624,0.025040241448692154,0.03402414486921529,0.009104627766599597,0.005382293762575453,0.015352112676056339,0.0017303822937625754,0.0058350100603621734,0.01618712273641851,0.00875251509054326,0.009849094567404426,0.003953722334004024,0.020895372233400402,0.005261569416498994,0.009688128772635815,0.02461770623742455,0.0028772635814889335,0.005533199195171026,0.0023440643863179077,0.00255533199195171,0.0,0.0,0.0003118712273641851,0.0,0.0,0.0,0.0,0.0,0.0,0.0,0.0,0.0,0.0,0.0,0.0,0.0,0.0,0.0,0.0,0.0,0.0,0.0,0.0,0.0,0.0,0.0,0.0,0.0,0.0,0.0,0.0,0.0,0.0,0.0,0.0,0.0,nan,nan,4.288992248062016,3.002358722598736,nan,0.9125947127276022,0.022574401912178448,0.0,0.0,0.0,0.0,0.0,0.0,0.0,0.0,0.0,0.0,0.0,0.0,0.0,0.0,0.0,0.0,0.0,0.0,0.0,0.0,0.0,0.0,0.0,0.0,0.011569610489780181,0.5090628615503279,8.006170458927885,16.08175858079445,5.0096413420748185,0.38179714616274596,0.9120582863719814,0.022698174895894523,0.0,0.0,0.0,0.0,0.0,0.0,0.0,0.0,0.0,0.0,0.0,0.0,0.0,0.0,0.0,0.0,0.0,0.0,0.0,0.0,0.0,0.0,0.0,0.0,0.0,0.6815313420277663,8.266722759781238,15.877156079091295,4.909549852755575,0.2650399663441313,0.371,0.02261,0.0,0.0,0.0,0.0,0.0,0.0,0.0,0.0,0.0,1.469340532202083,11.268800617045896,14.195912070960258,2.9965291168530666,0.06941766293868108,0.0,0.0,0.0,0.0,0.0,0.0,0.0,0.0,0.0,0.0,0.0,0.0,0.0,0.0,0.0,0.0,0.3706,0.02286,0.0,0.0,0.0,0.0,0.0,0.0,0.0,0.0,0.0378628523348759,1.5523769457299121,11.068573832562056,14.249053428691607,3.054270088346656,0.0378628523348759,0.0,0.0,0.0,0.0,0.0,0.0,0.0,0.0,0.0,0.0,0.0,0.0,0.0,0.0,0.0,0.0
50600,4947,2557,0.5168789165150597,1266,1050,0.4681625227410552,1464,0.5918738629472408,0.36199999999999993,3.0330543933054392,3.053661544716007,6.457865168539326,2.1938166280596048,9317.021588205424,1415.4662122211587,7853.0,10749.659318327904,10685.42659243341,18.142472697453513,7853.0,0.0,28.67758237315545,20.576749415591973,33.20771232552638,18.81369083924266,0.12411562563169598,0.10006064281382657,0.08166565595310289,0.08793208004851426,0.08530422478269659,0.0780270871235092,0.07378209015564989,0.0701435213260562,0.06347281180513442,0.05215281989084294,0.04406711138063473,0.04265211239134829,0.03800282999797857,0.024054982817869417,0.01758641600970285,0.010713563776025874,0.006266424095411361,0.9126710504721168,0.02318134972931086,0.0,0.0,0.0,0.0,0.0,0.0,0.0,0.0,0.0,0.0,0.0,0.0,0.0,0.0,0.0,0.0,0.0,0.0,0.0,0.0,0.0,0.0,0.0,0.0,0.012128562765312313,0.8004851425106126,7.91995148574894,15.694360218314133,5.300181928441481,0.272892662219527,4.164960866947622,2.871814988118516,nan,nan,nan,4.198044009779951,2.9062189600131494,4.132858837485172,2.8376639453793473,0.9844724895349068,0.3708,0.02248,0.0,0.0,0.0,0.0,0.0,0.0,0.0,0.0,0.006064281382656156,1.3705275924802915,11.340206185567013,14.41479684657366,2.7956337174044883,0.07277137659187387,0.0,0.0,0.0,0.0,0.0,0.0,0.0,0.0,0.0,0.0,0.0,0.0,0.0,0.0,0.0,0.0,nan,nan,4.164960866947622,2.871814988118516,nan,0.3708,0.1091,0.0,0.0,0.0,0.0,0.0,0.0,0.0,0.0,0.0,1.0107135637760258e-05,0.0,0.0,0.0,0.0004952496462502527,0.0004649282393369719,0.0045381039013543565,0.00975338589043865,0.009187386294724076,0.007762280169799879,0.0023751768748736606,0.016555488174651304,0.026723266626238123,0.013715383060440671,0.03042247826965838,0.03214069132807762,0.020173842732969478,0.02853244390539721,0.03227208409136851,0.03234283404083283,0.026986052152819892,0.008803315140489185,0.02542955326460481,0.01914291489791793,0.030301192642005256,0.024732160905599352,0.03356579745300182,0.045320396199717,0.05941985041439256,0.03180715585203153,0.06369516878916515,0.031049120679199516,0.010056599959571458,0.009177279159086315,0.03127147766323024,0.04330907620780271,0.02969476450373964,0.026369516878916515,0.03310086921366485,0.00939963614311704,0.005659995957145745,0.015170810592278148,0.0016171417020416413,0.005528603193854862,0.016606023852840105,0.008469779664443096,0.010228421265413382,0.002981605013139276,0.021831412977562158,0.004426925409338993,0.010228421265413382,0.025197089144936326,0.0019102486355366888,0.004447139680614514,0.002759248029108551,0.0023650697392359004,0.0,0.0,0.00047503537497473215,0.0,0.0,0.0,0.0,0.0,0.0,0.0,0.0,0.0,0.0,0.0,0.0,0.0,0.0,0.0,0.0,0.0,0.0,0.0,0.0,0.0,0.0,0.0,0.0,0.0,0.0,0.0,0.0,0.0,0.0,0.0,0.0,0.0,nan,nan,4.164960866947622,2.871814988118516,nan,0.9121206922133919,0.023372493828810636,0.0,0.0,0.0,0.0,0.0,0.0,0.0,0.0,0.0,0.0,0.0,0.0,0.0,0.0,0.0,0.0,0.0,0.0,0.0,0.0,0.0,0.0,0.0,0.0,0.01173249902229175,0.8799374266718812,8.224481814626516,15.428236214313651,5.197497066875246,0.2581149784904185,0.9132598647263259,0.022960486585524617,0.0,0.0,0.0,0.0,0.0,0.0,0.0,0.0,0.0,0.0,0.0,0.0,0.0,0.0,0.0,0.0,0.0,0.0,0.0,0.0,0.0,0.0,0.0,0.0,0.012552301255230129,0.7154811715481173,7.594142259414228,15.979079497907954,5.410041841004186,0.2887029288702929,0.37,0.02213,0.0,0.0,0.0,0.0,0.0,0.0,0.0,0.0,0.01173249902229175,1.4196323816973018,11.345326554556124,14.618693781775498,2.5694172858818938,0.03519749706687525,0.0,0.0,0.0,0.0,0.0,0.0,0.0,0.0,0.0,0.0,0.0,0.0,0.0,0.0,0.0,0.0,0.3713,0.02281,0.0,0.0,0.0,0.0,0.0,0.0,0.0,0.0,0.0,1.3179916317991636,11.334728033472807,14.19665271966525,3.0376569037656913,0.11297071129707115,0.0,0.0,0.0,0.0,0.0,0.0,0.0,0.0,0.0,0.0,0.0,0.0,0.0,0.0,0.0,0.0
50700,4348,2216,0.5096596136154554,1033,917,0.4484820607175713,1258,0.578656853725851,0.426,3.00375234521576,3.145768322710375,6.738175675675675,2.1695128165166366,9297.344779496003,1416.7647937969084,7853.0,10740.943168282509,10686.94002763927,18.147044735222284,7853.0,0.0,27.747010119595217,21.073641584345896,33.16764132553606,19.19096806674719,0.1531738730450782,0.09567617295308188,0.09107635694572216,0.08532658693652254,0.08394664213431463,0.0671573137074517,0.0687672493100276,0.06140754369825207,0.05795768169273229,0.05174793008279669,0.04852805887764489,0.03955841766329347,0.03219871205151794,0.027368905243790247,0.019089236430542778,0.011039558417663294,0.005979760809567618,0.9133912718751174,0.02280018291287405,0.0,0.0,0.0,0.0,0.0,0.0,0.0,0.0,0.0,0.0,0.0,0.0,0.0,0.0,0.0,0.0,0.0,0.0,0.0,0.0,0.0,0.0,0.0,0.0,0.00689972401103956,0.6968721251149955,7.472401103955844,16.11085556577737,5.450781968721252,0.2621895124195033,4.339514978601997,2.8494550959660434,nan,nan,nan,4.305873925501433,2.819852847495136,4.372869318181818,2.8781163456037273,1.0155590697357875,0.3708,0.02286,0.0,0.0,0.0,0.0,0.0,0.0,0.0,0.0,0.00689972401103956,1.4558417663293473,11.253449862005521,13.999540018399244,3.242870285188593,0.04139834406623736,0.0,0.0,0.0,0.0,0.0,0.0,0.0,0.0,0.0,0.0,0.0,0.0,0.0,0.0,0.0,0.0,nan,nan,4.339514978601997,2.8494550959660434,nan,0.3708,0.11005,0.0,0.0,0.0,0.0,0.0,0.0,0.0,0.0,0.0,0.0,0.0,0.0,3.449862005519779e-05,0.0008854645814167433,0.00033348666053357865,0.004231830726770929,0.012672493100275989,0.008774149034038638,0.0078196872125115,0.003610855565777369,0.01514489420423183,0.026770929162833485,0.01360395584176633,0.028898344066237352,0.031669733210671576,0.020331186752529897,0.02935832566697332,0.03207221711131555,0.03262419503219871,0.026931922723091077,0.009142134314627414,0.025758969641214352,0.019112235510579577,0.029967801287948483,0.023838546458141676,0.03311867525298988,0.04556117755289788,0.058820147194112236,0.03226770929162834,0.0641559337626495,0.030393284268629254,0.009958601655933763,0.009740110395584176,0.028679852805887765,0.04423873045078197,0.029910303587856485,0.025574977000919964,0.03079576816927323,0.009441122355105795,0.005163293468261269,0.015190892364305427,0.0019204231830726771,0.00671573137074517,0.016800827966881326,0.008739650413983441,0.011442042318307267,0.003173873045078197,0.02250459981600736,0.004772309107635694,0.010062097516099357,0.024448022079116834,0.0020239190432382705,0.0044618215271389145,0.0032543698252069917,0.002322907083716651,9.19963201471941e-05,0.0,0.0006324747010119595,0.0,0.0,3.449862005519779e-05,0.0,0.0,0.0,0.0,0.0,0.0,0.0,0.0,0.0,0.0,0.0,0.0,0.0,0.0,0.0,0.0,0.0,0.0,0.0,0.0,0.0,0.0,0.0,0.0,0.0,0.0,0.0,0.0,0.0,0.0,nan,nan,4.339514978601997,2.8494550959660434,nan,0.913749437335381,0.02271254626119846,0.0,0.0,0.0,0.0,0.0,0.0,0.0,0.0,0.0,0.0,0.0,0.0,0.0,0.0,0.0,0.0,0.0,0.0,0.0,0.0,0.0,0.0,0.0,0.0,0.0,0.7310469314079424,7.1209386281588465,16.516245487364625,5.320397111913358,0.3113718411552347,0.9130189948301154,0.022884976420300508,0.0,0.0,0.0,0.0,0.0,0.0,0.0,0.0,0.0,0.0,0.0,0.0,0.0,0.0,0.0,0.0,0.0,0.0,0.0,0.0,0.0,0.0,0.0,0.0,0.01407129455909944,0.6613508442776737,7.837711069418388,15.689493433395876,5.586303939962478,0.2110694183864916,0.3713,0.02301,0.0,0.0,0.0,0.0,0.0,0.0,0.0,0.0,0.013537906137184119,1.475631768953069,10.965703971119135,14.106498194945829,3.3980144404332138,0.040613718411552355,0.0,0.0,0.0,0.0,0.0,0.0,0.0,0.0,0.0,0.0,0.0,0.0,0.0,0.0,0.0,0.0,0.3704,0.02269,0.0,0.0,0.0,0.0,0.0,0.0,0.0,0.0,0.0,1.4352720450281429,11.552532833020642,13.888367729831124,3.0816135084427776,0.042213883677298315,0.0,0.0,0.0,0.0,0.0,0.0,0.0,0.0,0.0,0.0,0.0,0.0,0.0,0.0,0.0,0.0
50800,4706,2440,0.5184870378240544,1142,978,0.45048873778155546,1353,0.5750106247343817,0.39399999999999996,3.0070609002647837,3.0809816515448643,6.5291479820627805,2.0887203706506443,9322.064161275555,1415.773161688167,7853.0,10764.063430070877,10686.367189738838,17.83700148116328,7853.0,0.0,28.05121121971951,20.683962850175263,32.702452452452455,18.971022737195447,0.13344666383340417,0.10072248193795155,0.09137271568210795,0.09328516787080322,0.07947301317467063,0.0741606459838504,0.06863578410539736,0.0577985550361241,0.06459838504037399,0.0554611134721632,0.046323841903952404,0.04377390565235869,0.03314917127071823,0.026774330641733957,0.016999575010624733,0.008499787505312367,0.0055248618784530384,0.912934819067786,0.0227944022362703,0.0,0.0,0.0,0.0,0.0,0.0,0.0,0.0,0.0,0.0,0.0,0.0,0.0,0.0,0.0,0.0,0.0,0.0,0.0,0.0,0.0,0.0,0.0,0.0,0.012749681257968553,0.713982150446239,7.758181045473865,16.051848703782408,5.220994475138123,0.24224394390140253,4.275670372792675,2.8431075006433444,nan,nan,nan,4.195923734385273,2.8080862300822202,4.354586857514639,2.875167971971227,1.0378136337009976,0.371,0.02238,0.0,0.0,0.0,0.0,0.0,0.0,0.0,0.0,0.006374840628984277,1.3387165320866983,11.481087972800683,14.209519762005929,2.8878028049298776,0.07649808754781132,0.0,0.0,0.0,0.0,0.0,0.0,0.0,0.0,0.0,0.0,0.0,0.0,0.0,0.0,0.0,0.0,nan,nan,4.275670372792675,2.8431075006433444,nan,0.371,0.10925,0.0,0.0,0.0,0.0,0.0,0.0,0.0,0.0,0.0,0.0,0.0,0.0,3.1874203144921376e-05,0.0007118572035699108,0.0001593710157246069,0.004993625159371015,0.011442838929026774,0.009105397365065873,0.00788355291117722,0.003102422439439014,0.014407139821504463,0.02771993200169996,0.01317467063323417,0.027486187845303867,0.03074798130046749,0.02133446663833404,0.02660433489162771,0.03132171695707607,0.032830429239269016,0.026073098172545685,0.009530386740331492,0.027209944751381214,0.020516362090947725,0.03210794730131747,0.023544411389715258,0.03317042073948151,0.046589460263493414,0.05972163195920102,0.03408414789630259,0.06514024649383765,0.029016149596260095,0.01064598385040374,0.009116022099447514,0.0277836804079898,0.04399702507437314,0.029473013174670635,0.024925626859328517,0.03273480662983425,0.008999150021249468,0.0045686357841053975,0.017031449213769655,0.0019762005949851254,0.0071823204419889505,0.016967700807479814,0.007331066723331917,0.011761580960475988,0.0030174245643858903,0.021196345091372717,0.004026774330641734,0.010741606459838505,0.023236294092647682,0.0021249468763280916,0.00508924776880578,0.0027943051423714406,0.002730556736081598,0.00010624734381640459,0.0,0.0005737356566085848,0.0,0.0,0.00010624734381640459,0.0,0.0,0.0,0.0,0.0,0.0,0.0,0.0,0.0,0.0,0.0,0.0,0.0,0.0,0.0,0.0,0.0,0.0,0.0,0.0,0.0,0.0,0.0,0.0,0.0,0.0,0.0,0.0,0.0,0.0,nan,nan,4.275670372792675,2.8431075006433444,nan,0.912958265987576,0.022819222327693782,0.0,0.0,0.0,0.0,0.0,0.0,0.0,0.0,0.0,0.0,0.0,0.0,0.0,0.0,0.0,0.0,0.0,0.0,0.0,0.0,0.0,0.0,0.0,0.0,0.012295081967213118,0.725409836065574,7.659836065573772,16.25409836065574,5.1024590163934445,0.24590163934426235,0.9129095717225576,0.022767619024580587,0.0,0.0,0.0,0.0,0.0,0.0,0.0,0.0,0.0,0.0,0.0,0.0,0.0,0.0,0.0,0.0,0.0,0.0,0.0,0.0,0.0,0.0,0.0,0.0,0.013239187996469552,0.7016769638128864,7.8640776699029145,15.834068843777585,5.348631950573699,0.23830538393645195,0.371,0.02278,0.0,0.0,0.0,0.0,0.0,0.0,0.0,0.0,0.012295081967213118,1.4385245901639347,11.20081967213115,14.348360655737684,2.901639344262296,0.09836065573770494,0.0,0.0,0.0,0.0,0.0,0.0,0.0,0.0,0.0,0.0,0.0,0.0,0.0,0.0,0.0,0.0,0.371,0.02197,0.0,0.0,0.0,0.0,0.0,0.0,0.0,0.0,0.0,1.2312444836716683,11.782877316857903,14.060017652250641,2.872903795233893,0.05295675198587821,0.0,0.0,0.0,0.0,0.0,0.0,0.0,0.0,0.0,0.0,0.0,0.0,0.0,0.0,0.0,0.0
50900,4470,2259,0.5053691275167785,1019,900,0.4293064876957494,1262,0.5646532438478747,0.41,2.9226594301221165,3.097961481055781,6.463223787167449,2.205727981772688,9285.856679399569,1417.6083639581818,7853.0,10747.871430754662,10688.26753294204,17.777399483129386,7853.0,0.0,27.881208053691275,21.090271098445623,32.88247863247863,19.401985553778527,0.14049217002237135,0.10223713646532438,0.09910514541387025,0.08859060402684564,0.07807606263982103,0.07225950782997763,0.06756152125279642,0.05391498881431767,0.060626398210290824,0.05100671140939597,0.04720357941834452,0.039373601789709174,0.036017897091722595,0.026174496644295303,0.019463087248322148,0.010067114093959731,0.007829977628635347,0.9135644486686527,0.02281197731567145,0.0,0.0,0.0,0.0,0.0,0.0,0.0,0.0,0.0,0.0,0.0,0.0,0.0,0.0,0.0,0.0,0.0,0.0,0.0,0.0,0.0,0.0,0.0,0.0,0.006711409395973156,0.563758389261745,7.510067114093961,16.107382550335572,5.469798657718122,0.34228187919463093,4.288231148696265,2.904046102137956,nan,nan,nan,4.311440677966102,2.876170194302467,4.265119549929676,2.931358408060929,0.9892562297625588,0.3733,0.02261,0.0,0.0,0.0,0.0,0.0,0.0,0.0,0.0,0.013422818791946312,1.0268456375838928,10.530201342281881,14.758389261744943,3.5503355704697994,0.1208053691275168,0.0,0.0,0.0,0.0,0.0,0.0,0.0,0.0,0.0,0.0,0.0,0.0,0.0,0.0,0.0,0.0,nan,nan,4.288231148696265,2.904046102137956,nan,0.3733,0.10974,0.0,0.0,0.0,0.0,0.0,0.0,0.0,0.0,0.0,4.47427293064877e-05,0.0,0.0,3.355704697986577e-05,0.0008277404921700224,0.0003243847874720358,0.004507829977628636,0.01087248322147651,0.008176733780760627,0.007539149888143176,0.0023825503355704696,0.015458612975391499,0.028266219239373603,0.012583892617449664,0.02494407158836689,0.028456375838926174,0.021901565995525726,0.02598434004474273,0.0316331096196868,0.03193512304250559,0.026890380313199104,0.010391498881431767,0.026129753914988816,0.021140939597315438,0.03298657718120805,0.022874720357941834,0.0323489932885906,0.04579418344519016,0.058523489932885905,0.035335570469798655,0.06631991051454139,0.027539149888143176,0.0108165548098434,0.009138702460850112,0.02704697986577181,0.044731543624161076,0.03076062639821029,0.0238255033557047,0.032930648769574945,0.009630872483221477,0.005279642058165548,0.0170917225950783,0.0019463087248322148,0.006006711409395973,0.019440715883668903,0.007348993288590604,0.011521252796420581,0.0032997762863534678,0.02371364653243848,0.003512304250559284,0.010436241610738256,0.02441834451901566,0.0022930648769574945,0.005548098434004474,0.003680089485458613,0.002751677852348993,1.1185682326621925e-05,0.0,0.0006152125279642058,0.0,0.0,5.592841163310962e-05,0.0,0.0,0.0,0.0,0.0,0.0,0.0,0.0,0.0,0.0,0.0,0.0,0.0,0.0,0.0,0.0,0.0,0.0,0.0,0.0,0.0,0.0,0.0,0.0,0.0,0.0,0.0,0.0,0.0,0.0,nan,nan,4.288231148696265,2.904046102137956,nan,0.913842194557401,0.023114827525064812,0.0,0.0,0.0,0.0,0.0,0.0,0.0,0.0,0.0,0.0,0.0,0.0,0.0,0.0,0.0,0.0,0.0,0.0,0.0,0.0,0.0,0.0,0.0,0.0,0.013280212483399738,0.6108897742363879,7.423638778220453,16.05577689243028,5.498007968127491,0.3984063745019921,0.913280673018412,0.022494800786020487,0.0,0.0,0.0,0.0,0.0,0.0,0.0,0.0,0.0,0.0,0.0,0.0,0.0,0.0,0.0,0.0,0.0,0.0,0.0,0.0,0.0,0.0,0.0,0.0,0.0,0.5156037991858888,7.598371777476257,16.160108548168253,5.440976933514248,0.2849389416553596,0.3735,0.02269,0.0,0.0,0.0,0.0,0.0,0.0,0.0,0.0,0.0,1.062416998671979,10.424966799468793,14.714475431606884,3.678618857901727,0.11952191235059763,0.0,0.0,0.0,0.0,0.0,0.0,0.0,0.0,0.0,0.0,0.0,0.0,0.0,0.0,0.0,0.0,0.373,0.02254,0.0,0.0,0.0,0.0,0.0,0.0,0.0,0.0,0.0271370420624152,0.9905020352781548,10.637720488466758,14.803256445047468,3.4192672998643157,0.12211668928086841,0.0,0.0,0.0,0.0,0.0,0.0,0.0,0.0,0.0,0.0,0.0,0.0,0.0,0.0,0.0,0.0
51000,4557,2344,0.5143734913320167,1090,908,0.43844634628044765,1277,0.5604564406407725,0.43,3.0835969272480797,3.17037907279037,6.657534246575342,2.1917047170957598,9311.117584618582,1416.8443674797502,7853.0,10758.512472391129,10687.744809345937,17.834028897726043,7853.0,0.0,28.150976519640114,21.20830017994887,33.015356585111924,19.547390950261978,0.13627386438446346,0.10335747202106649,0.09655475093263112,0.08163265306122448,0.08316875137151634,0.07373271889400922,0.06934386657888962,0.06188281764318631,0.06012727671713847,0.0478384902348036,0.04959403116085144,0.03796357252578451,0.028966425279789335,0.025455343427693657,0.021285933728330042,0.013385999561114768,0.009436032477507132,0.9138953999675677,0.022877282633355117,0.0,0.0,0.0,0.0,0.0,0.0,0.0,0.0,0.0,0.0,0.0,0.0,0.0,0.0,0.0,0.0,0.0,0.0,0.0,0.0,0.0,0.0,0.0,0.0,0.006583278472679396,0.5398288347597104,7.702435813034893,15.608953258722847,5.8130348913759065,0.3291639236339698,4.3863013698630136,2.905017627489637,nan,nan,nan,4.341513292433538,2.922761885942134,4.431520991052994,2.88628676672992,1.0207318721737701,0.373,0.02266,0.0,0.0,0.0,0.0,0.0,0.0,0.0,0.0,0.026333113890717585,1.19815668202765,10.23699802501646,15.049374588545072,3.3508887425938125,0.1382488479262673,0.0,0.0,0.0,0.0,0.0,0.0,0.0,0.0,0.0,0.0,0.0,0.0,0.0,0.0,0.0,0.0,nan,nan,4.3863013698630136,2.905017627489637,nan,0.373,0.1105,0.0,0.0,0.0,0.0,0.0,0.0,0.0,0.0,0.0,0.00028527540048277377,0.0,1.0972130787798991e-05,6.583278472679394e-05,0.0005705508009655475,0.00017555409260478386,0.004410796576695194,0.011608514373491332,0.008196181698485846,0.007987711213517665,0.00336844415185429,0.01597542242703533,0.029921000658327847,0.012760588106210226,0.022964669738863287,0.029690585911784067,0.021395655036208033,0.024818959842001317,0.03228000877770463,0.030930436690805356,0.028714066271669957,0.011345183234584156,0.02457757296466974,0.020243581303489137,0.03559359227561992,0.02414965986394558,0.031786262892253676,0.04392143954355936,0.05612244897959184,0.03467193328944481,0.06488918147904323,0.027013385999561115,0.010061443932411674,0.009282422646477946,0.027792407285494845,0.043987272328286156,0.0315777924072855,0.024906736888303707,0.0325982005705508,0.008459512837393022,0.0054531490015360985,0.018180820715382927,0.0020956769804696073,0.005957867017774852,0.019168312486284835,0.007724380074610489,0.011301294711432961,0.003247750713188501,0.02438007461048936,0.0032587228439763002,0.009479921000658328,0.02432521395655036,0.003028308097432521,0.005738424402018872,0.004191353960939215,0.0028637261356155366,0.0,0.0,0.0004937458854509546,0.0,0.0,0.0,0.0,0.0,0.0,0.0,0.0,0.0,0.0,0.0,0.0,0.0,0.0,0.0,0.0,0.0,0.0,0.0,0.0,0.0,0.0,0.0,0.0,0.0,0.0,0.0,0.0,0.0,0.0,0.0,0.0,0.0,nan,nan,4.3863013698630136,2.905017627489637,nan,0.9136919146054027,0.02291072734549312,0.0,0.0,0.0,0.0,0.0,0.0,0.0,0.0,0.0,0.0,0.0,0.0,0.0,0.0,0.0,0.0,0.0,0.0,0.0,0.0,0.0,0.0,0.0,0.0,0.012798634812286692,0.5503412969283278,7.781569965870308,15.588737201365191,5.733788395904439,0.33276450511945405,0.914110930780453,0.022839827773085627,0.0,0.0,0.0,0.0,0.0,0.0,0.0,0.0,0.0,0.0,0.0,0.0,0.0,0.0,0.0,0.0,0.0,0.0,0.0,0.0,0.0,0.0,0.0,0.0,0.0,0.5286940804338004,7.61861726163579,15.630366018978766,5.896972435607774,0.32535020334387715,0.3728,0.02269,0.0,0.0,0.0,0.0,0.0,0.0,0.0,0.0,0.025597269624573385,1.1902730375426622,10.57167235494881,14.60324232081909,3.506825938566554,0.10238907849829354,0.0,0.0,0.0,0.0,0.0,0.0,0.0,0.0,0.0,0.0,0.0,0.0,0.0,0.0,0.0,0.0,0.373,0.02261,0.0,0.0,0.0,0.0,0.0,0.0,0.0,0.0,0.027112516945323097,1.2065070040668777,9.882512426570269,15.521915951197446,3.185720741075464,0.17623136014460014,0.0,0.0,0.0,0.0,0.0,0.0,0.0,0.0,0.0,0.0,0.0,0.0,0.0,0.0,0.0,0.0
51100,4751,2456,0.5169438013049884,1156,977,0.44895811408124603,1343,0.565354662176384,0.414,3.0091503267973856,3.129507318038189,6.7530674846625764,2.042209446872106,9318.016085894578,1416.2410613536877,7853.0,10747.950449943542,10686.994879513493,17.74565963756223,7853.0,0.0,27.82656282887813,20.78489874761075,32.83463181703946,18.996429524808892,0.14060197853083561,0.10418859187539466,0.08692906756472321,0.08166701747000632,0.0835613555041044,0.08377183750789308,0.06882761523889708,0.058724479057040625,0.06209219111765944,0.050515680909282254,0.042517364765312565,0.04378025678804462,0.033677120606188174,0.0246263944432751,0.01873289833719217,0.009892654178067775,0.00589349610608293,0.9145703514333374,0.02258288897406222,0.0,0.0,0.0,0.0,0.0,0.0,0.0,0.0,0.0,0.0,0.0,0.0,0.0,0.0,0.0,0.0,0.0,0.0,0.0,0.0,0.0,0.0,0.0,0.0,0.0,0.5367291096611241,7.419490633550833,15.944011786992215,5.815617764681122,0.28415070511471274,4.30511234125692,2.9185797954178865,nan,nan,nan,4.280392156862745,2.9302024026887286,4.328571428571428,2.9074180603011825,1.0112558078659772,0.3716,0.02281,0.0,0.0,0.0,0.0,0.0,0.0,0.0,0.0,0.012628920227320567,1.401810145232583,10.961902757314252,14.321195537781499,3.2203746579667447,0.08208798147758369,0.0,0.0,0.0,0.0,0.0,0.0,0.0,0.0,0.0,0.0,0.0,0.0,0.0,0.0,0.0,0.0,nan,nan,4.30511234125692,2.9185797954178865,nan,0.3716,0.1101,0.0,0.0,0.0,0.0,0.0,0.0,0.0,0.0,0.0,0.00024205430435697748,0.0,7.366870132603662e-05,0.0,0.0008419280151547042,5.2620500947169015e-05,0.0046411281835403075,0.013113028836034518,0.007661544937907809,0.007430014733740265,0.0030835613555041043,0.01720690380972427,0.03085666175541991,0.012786781730162072,0.02272153230898758,0.02872026941696485,0.023342454220164177,0.02379499052830983,0.03289833719217007,0.032266891180804044,0.028130919806356555,0.0111765944011787,0.022416333403494002,0.02146916438644496,0.035055777731004,0.02664702167964639,0.031803830772468955,0.04412755209429594,0.059808461376552303,0.03671858556093454,0.057345821932224796,0.02805725110503052,0.011429172805725111,0.0082193222479478,0.026741738581351295,0.043980214691643864,0.03197221637549989,0.024521153441380762,0.03256156598610819,0.008598189854767417,0.005272574194906335,0.019195958745527257,0.0023258261418648706,0.006061881709113871,0.017996211323931803,0.008103557145864028,0.011018732898337193,0.002662597347926752,0.023110924015996633,0.003367712060618817,0.008671858556093454,0.02352136392338455,0.0036097663649757947,0.005998737107977268,0.0036834350663018313,0.0025257840454641126,0.0,1.0524100189433804e-05,0.0003472953062513155,0.0,0.0,0.0,0.0,0.0,0.0,0.0,0.0,0.0,0.0,0.0,0.0,0.0,0.0,0.0,0.0,0.0,0.0,0.0,0.0,0.0,0.0,0.0,0.0,0.0,0.0,0.0,0.0,0.0,0.0,0.0,0.0,0.0,nan,nan,4.30511234125692,2.9185797954178865,nan,0.9142212121222617,0.0224693994015058,0.0,0.0,0.0,0.0,0.0,0.0,0.0,0.0,0.0,0.0,0.0,0.0,0.0,0.0,0.0,0.0,0.0,0.0,0.0,0.0,0.0,0.0,0.0,0.0,0.0,0.5496742671009773,7.4633550488599365,15.977198697068406,5.838762214983714,0.17100977198697073,0.914943983741835,0.022697763674821545,0.0,0.0,0.0,0.0,0.0,0.0,0.0,0.0,0.0,0.0,0.0,0.0,0.0,0.0,0.0,0.0,0.0,0.0,0.0,0.0,0.0,0.0,0.0,0.0,0.0,0.5228758169934642,7.3725490196078445,15.908496732026148,5.790849673202616,0.40522875816993476,0.3708,0.02292,0.0,0.0,0.0,0.0,0.0,0.0,0.0,0.0,0.012214983713355053,1.429153094462541,11.494299674267104,13.7174267100977,3.2614006514657987,0.08550488599348537,0.0,0.0,0.0,0.0,0.0,0.0,0.0,0.0,0.0,0.0,0.0,0.0,0.0,0.0,0.0,0.0,0.372,0.02264,0.0,0.0,0.0,0.0,0.0,0.0,0.0,0.0,0.013071895424836605,1.3725490196078436,10.3921568627451,14.967320261437886,3.176470588235295,0.07843137254901962,0.0,0.0,0.0,0.0,0.0,0.0,0.0,0.0,0.0,0.0,0.0,0.0,0.0,0.0,0.0,0.0
51200,4713,2375,0.5039253129641418,1078,1000,0.4409081264587312,1345,0.5707617228941226,0.40599999999999997,2.9076133447390933,3.0558001674124737,6.412746585735964,2.149825460918274,9280.874859862639,1416.7678514350473,7853.0,10749.599286198616,10686.504932434786,18.220799814817987,7853.0,0.0,27.708253766178654,20.853463301407867,32.56609485368315,19.1824823589689,0.1404625503925313,0.10502864417568428,0.0916613621896881,0.08423509441969022,0.08402291534054743,0.0732017823042648,0.07426267769997878,0.06131975387226819,0.05877360492255464,0.047740292807129214,0.047740292807129214,0.03946530872056015,0.033099936346276254,0.023551877784850413,0.015913430935709738,0.011245491194568216,0.008274984086569064,0.9139823846419399,0.02280876706914831,0.0,0.0,0.0,0.0,0.0,0.0,0.0,0.0,0.0,0.0,0.0,0.0,0.0,0.0,0.0,0.0,0.0,0.0,0.0,0.0,0.0,0.0,0.0,0.0,0.012730744748567795,0.5155951623169956,7.676639083386379,15.741565881604076,5.773392743475495,0.2800763844684915,4.2935142289874255,2.849562117538443,nan,nan,nan,4.299003322259137,2.8768116932224443,4.284300791556729,2.8193716387218135,0.9965800141101817,0.3704,0.02289,0.0,0.0,0.0,0.0,0.0,0.0,0.0,0.0,0.01909611712285169,1.4131126670910252,11.648631444939532,13.889242520687441,2.915340547422025,0.11457670273711014,0.0,0.0,0.0,0.0,0.0,0.0,0.0,0.0,0.0,0.0,0.0,0.0,0.0,0.0,0.0,0.0,nan,nan,4.2935142289874255,2.849562117538443,nan,0.3704,0.11035,0.0,0.0,0.0,0.0,0.0,0.0,0.0,0.0,0.0,0.00031826861871419476,0.0,0.00011669849352853809,0.0,0.0009654148100997241,0.00010608953957139826,0.004455760661998727,0.01159558667515383,0.008030978145554849,0.008381073626140462,0.0030129429238277107,0.016942499469552303,0.033195416931890515,0.013717377466581795,0.023360916613621895,0.02875026522384893,0.02382771058773605,0.023286653935921917,0.03354551241247613,0.032654360280076386,0.027530235518777847,0.011054530023339698,0.024294504561850203,0.020369191597708464,0.035486950986632716,0.027243793761935073,0.032017823042648,0.04258434118395926,0.058179503500954806,0.040080628050074264,0.05550604710375557,0.02877148313176321,0.011850201570125186,0.00921918098875451,0.0268512624655209,0.03976235943136007,0.030224909823891366,0.022777424145979205,0.03350307659664757,0.008158285593040526,0.0061531932951410994,0.02081476766390834,0.0018671758964566095,0.005739444090812646,0.017918523233609165,0.006980691703798006,0.010672607680882665,0.002376405686399321,0.023594313600678974,0.004508805431784426,0.0074580946318692975,0.024199023976235943,0.003776787608741778,0.005251432208784214,0.004434542754084447,0.00244005941014216,2.1217907914279653e-05,0.0,6.365372374283896e-05,0.0,0.0,0.0,0.0,0.0,0.0,0.0,0.0,0.0,0.0,0.0,0.0,0.0,0.0,0.0,0.0,0.0,0.0,0.0,0.0,0.0,0.0,0.0,0.0,0.0,0.0,0.0,0.0,0.0,0.0,0.0,0.0,0.0,nan,nan,4.2935142289874255,2.849562117538443,nan,0.9139282874559101,0.022423720576214556,0.0,0.0,0.0,0.0,0.0,0.0,0.0,0.0,0.0,0.0,0.0,0.0,0.0,0.0,0.0,0.0,0.0,0.0,0.0,0.0,0.0,0.0,0.0,0.0,0.0,0.5431578947368422,7.578947368421054,15.903157894736845,5.722105263157896,0.2526315789473685,0.9140373379425476,0.023193233920621076,0.0,0.0,0.0,0.0,0.0,0.0,0.0,0.0,0.0,0.0,0.0,0.0,0.0,0.0,0.0,0.0,0.0,0.0,0.0,0.0,0.0,0.0,0.0,0.0,0.02566295979469633,0.4875962360992302,7.775876817792987,15.57741659538067,5.825491873396067,0.3079555175363559,0.3704,0.02293,0.0,0.0,0.0,0.0,0.0,0.0,0.0,0.0,0.037894736842105266,1.4778947368421056,11.532631578947372,14.05894736842103,2.7789473684210533,0.11368421052631582,0.0,0.0,0.0,0.0,0.0,0.0,0.0,0.0,0.0,0.0,0.0,0.0,0.0,0.0,0.0,0.0,0.3706,0.02281,0.0,0.0,0.0,0.0,0.0,0.0,0.0,0.0,0.0,1.3473053892215572,11.766467065868266,13.716852010265164,3.053892215568863,0.11548331907613348,0.0,0.0,0.0,0.0,0.0,0.0,0.0,0.0,0.0,0.0,0.0,0.0,0.0,0.0,0.0,0.0
51300,4679,2412,0.515494763838427,1129,969,0.4483864073519983,1332,0.569352425731994,0.41,2.9850022055580063,3.0938482207380207,6.507530120481928,2.155115219782585,9313.530248038176,1416.0083882517251,7853.0,10744.22604739666,10686.259133735748,18.03635651439356,7853.0,0.0,27.92797606326138,20.905525017629458,32.99872253449157,19.0947065035573,0.14511647787988888,0.0908313742252618,0.09681555888010258,0.08719811925625133,0.08356486428724086,0.07480230818550973,0.06283393887582817,0.06283393887582817,0.061979055353708054,0.052147894849326776,0.046163710194486,0.04039324642017525,0.0346227826458645,0.024364180380423168,0.01944860012823253,0.010899764907031416,0.005984184654840778,0.9139324264104459,0.0228306166207851,0.0,0.0,0.0,0.0,0.0,0.0,0.0,0.0,0.0,0.0,0.0,0.0,0.0,0.0,0.0,0.0,0.0,0.0,0.0,0.0,0.0,0.0,0.0,0.0,0.006411626415900835,0.5770463774310751,7.501602906603977,16.03547766616799,5.584526608249628,0.2949348151314384,4.310287793582534,2.884990877241438,nan,nan,nan,4.364597093791281,2.850148018616447,4.255798542080848,2.918515849977821,0.9750724867903154,0.3699,0.02333,0.0,0.0,0.0,0.0,0.0,0.0,0.0,0.0,0.05129301132720668,1.782432143620432,11.419106646719388,13.75935028852317,2.962171404146186,0.02564650566360334,0.0,0.0,0.0,0.0,0.0,0.0,0.0,0.0,0.0,0.0,0.0,0.0,0.0,0.0,0.0,0.0,nan,nan,4.310287793582534,2.884990877241438,nan,0.3699,0.11005,0.0,0.0,0.0,0.0,0.0,0.0,0.0,0.0,0.0,0.00036332549690104723,0.0,8.548835221201111e-05,0.0,0.0007693951699081,0.000192348792477025,0.005524684761701218,0.012630904039324643,0.008399230604830091,0.008773242145757641,0.002030348365035264,0.014682624492412909,0.033051934173968796,0.013410985253259244,0.0238619363111776,0.02878820260739474,0.024513784996794186,0.024674075657191707,0.032325283180166704,0.033094678350074805,0.025710621927762342,0.009938020944646292,0.02521906390254328,0.020581320795041675,0.03683479375935029,0.02875614447531524,0.02986749305407138,0.04494550117546484,0.06014105578114982,0.04043599059628126,0.05399658046591152,0.02875614447531524,0.01247061337892712,0.009296858303056208,0.026512075229749948,0.03791408420602693,0.029504167557170335,0.02159649497755931,0.033885445608035906,0.00854883522120111,0.006411626415900834,0.02046377431075016,0.0020837785851677707,0.005652917290019235,0.020175251122034624,0.007245137849967942,0.011038683479375935,0.0019662321008762557,0.02239794827954691,0.004082068818123531,0.007362684334259457,0.02353066894635606,0.0033447317802949347,0.004894208164137636,0.0042530455225475525,0.0029493481513143834,0.0,2.1372088053002777e-05,4.2744176106005554e-05,0.0,0.0,0.0,0.0,0.0,0.0,0.0,0.0,0.0,0.0,0.0,0.0,0.0,0.0,0.0,0.0,0.0,0.0,0.0,0.0,0.0,0.0,0.0,0.0,0.0,0.0,0.0,0.0,0.0,0.0,0.0,0.0,0.0,nan,nan,4.310287793582534,2.884990877241438,nan,0.9144270916532719,0.022382363364823885,0.0,0.0,0.0,0.0,0.0,0.0,0.0,0.0,0.0,0.0,0.0,0.0,0.0,0.0,0.0,0.0,0.0,0.0,0.0,0.0,0.0,0.0,0.0,0.0,0.0,0.509950248756219,7.176616915422887,16.281094527363187,5.771144278606966,0.2611940298507463,0.913406121793906,0.023286538435349648,0.0,0.0,0.0,0.0,0.0,0.0,0.0,0.0,0.0,0.0,0.0,0.0,0.0,0.0,0.0,0.0,0.0,0.0,0.0,0.0,0.0,0.0,0.0,0.0,0.013233348037053378,0.6484340538156155,7.8473753859726525,15.774150860167625,5.385972651080724,0.3308337009263344,0.3694,0.02345,0.0,0.0,0.0,0.0,0.0,0.0,0.0,0.0,0.0746268656716418,1.8407960199004978,11.716417910447765,13.42039800995023,2.9228855721393043,0.02487562189054727,0.0,0.0,0.0,0.0,0.0,0.0,0.0,0.0,0.0,0.0,0.0,0.0,0.0,0.0,0.0,0.0,0.3704,0.02318,0.0,0.0,0.0,0.0,0.0,0.0,0.0,0.0,0.026466696074106757,1.7203352448169391,11.102779003087784,14.11998235553593,3.0039700044111166,0.026466696074106757,0.0,0.0,0.0,0.0,0.0,0.0,0.0,0.0,0.0,0.0,0.0,0.0,0.0,0.0,0.0,0.0
51400,4764,2461,0.5165827036104114,1120,966,0.4378673383711167,1337,0.5612930310663308,0.40199999999999997,2.917498914459401,3.0693479058224526,6.433641975308642,2.138400595395124,9316.77131553466,1416.0602047115278,7853.0,10749.20220899582,10686.566252420609,17.597246282950337,7853.0,0.0,28.208858102434927,21.03045044613335,33.14292841107508,19.27059223593259,0.13685978169605373,0.1081024349286314,0.0883711167086482,0.08039462636439966,0.0785054575986566,0.0743073047858942,0.07283795130142737,0.06213266162888329,0.05772460117548279,0.05268681780016793,0.04575986565910999,0.04534005037783375,0.032535684298908484,0.027707808564231738,0.019731318219983206,0.010705289672544081,0.006297229219143577,0.9137463617309816,0.02294910197859334,0.0,0.0,0.0,0.0,0.0,0.0,0.0,0.0,0.0,0.0,0.0,0.0,0.0,0.0,0.0,0.0,0.0,0.0,0.0,0.0,0.0,0.0,0.0,0.0,0.0,0.5478589420654912,7.7770780856423185,15.799748110831237,5.579345088161211,0.29596977329974816,4.267839687194526,2.843469063851842,nan,nan,nan,4.201540436456996,2.810524451279578,4.336201191264063,2.8754431413824775,1.0320503293598244,0.37,0.0227,0.0,0.0,0.0,0.0,0.0,0.0,0.0,0.0,0.012594458438287156,1.5869017632241817,11.366498740554158,14.238035264483607,2.7329974811083133,0.06297229219143578,0.0,0.0,0.0,0.0,0.0,0.0,0.0,0.0,0.0,0.0,0.0,0.0,0.0,0.0,0.0,0.0,nan,nan,4.267839687194526,2.843469063851842,nan,0.37,0.1095,0.0,0.0,0.0,0.0,0.0,0.0,0.0,0.0,0.0,0.0003988245172124265,0.0,0.00020990764063811922,0.0,0.0008396305625524769,0.0003253568429890848,0.005751469353484467,0.012458018471872376,0.006853484466834593,0.0075776658270361045,0.0021410579345088163,0.013507556675062973,0.030100755667506297,0.014021830394626364,0.025976070528967256,0.029638958858102436,0.022900923593618807,0.026123005877413938,0.033585222502099076,0.03201091519731318,0.02730898404701931,0.010411418975650713,0.027151553316540723,0.020403022670025188,0.03764693534844668,0.028106633081444163,0.026647774979009237,0.04721872376154492,0.0580919395465995,0.04122586062132662,0.05552057094878254,0.02943954659949622,0.01239504617968094,0.009687237615449202,0.027665827036104113,0.03727959697732997,0.03053106633081444,0.019447942905121748,0.03240973971452561,0.009298908480268682,0.006475650713685978,0.02008816120906801,0.0029492023509655753,0.0047753988245172125,0.020969773299748112,0.006790512174643157,0.011062132661628882,0.0019206549118387908,0.022649034424853064,0.003211586901763224,0.008144416456759026,0.02466414777497901,0.002980688497061293,0.004764903442485306,0.0031066330814441645,0.0028757346767422334,2.0990764063811922e-05,0.00020990764063811922,3.148614609571788e-05,0.0,0.0,0.0,0.0,0.0,0.0,0.0,0.0,0.0,0.0,0.0,0.0,0.0,0.0,0.0,0.0,0.0,0.0,0.0,0.0,0.0,0.0,0.0,0.0,0.0,0.0,0.0,0.0,0.0,0.0,0.0,0.0,0.0,nan,nan,4.267839687194526,2.843469063851842,nan,0.9138982423385533,0.022803017657847112,0.0,0.0,0.0,0.0,0.0,0.0,0.0,0.0,0.0,0.0,0.0,0.0,0.0,0.0,0.0,0.0,0.0,0.0,0.0,0.0,0.0,0.0,0.0,0.0,0.0,0.5119869971556279,7.752945956928079,16.01787891101179,5.40024380333198,0.3169443315725316,0.9135840611772541,0.023103084165452512,0.0,0.0,0.0,0.0,0.0,0.0,0.0,0.0,0.0,0.0,0.0,0.0,0.0,0.0,0.0,0.0,0.0,0.0,0.0,0.0,0.0,0.0,0.0,0.0,0.0,0.5861919235779419,7.802865827181938,15.566652192792013,5.770733825445073,0.27355623100303955,0.3706,0.02249,0.0,0.0,0.0,0.0,0.0,0.0,0.0,0.0,0.012190166598943522,1.4750101584721662,11.373425436814307,14.262494920763896,2.80373831775701,0.07314099959366112,0.0,0.0,0.0,0.0,0.0,0.0,0.0,0.0,0.0,0.0,0.0,0.0,0.0,0.0,0.0,0.0,0.3696,0.0229,0.0,0.0,0.0,0.0,0.0,0.0,0.0,0.0,0.013026487190620932,1.7064698219713421,11.359096830221453,14.211897524967414,2.6574033868866698,0.05210594876248373,0.0,0.0,0.0,0.0,0.0,0.0,0.0,0.0,0.0,0.0,0.0,0.0,0.0,0.0,0.0,0.0
51500,4644,2367,0.5096899224806202,1131,975,0.45348837209302323,1311,0.5645994832041343,0.418,2.9543258673693455,3.0867454246722974,6.616915422885572,2.0981344721351403,9297.495682029838,1416.827360251177,7853.0,10744.873819828033,10687.067573868428,18.21839424044962,7853.0,0.0,27.934539190353142,20.804988986640975,33.005665722379604,18.977275235608566,0.14405684754521964,0.09711455641688199,0.0917312661498708,0.08742463393626185,0.07472006890611542,0.07084409991386735,0.07730404823428079,0.06524547803617571,0.060077519379844964,0.05275624461670973,0.046296296296296294,0.040051679586563305,0.031438415159345395,0.02863910422049957,0.01636520241171404,0.009689922480620155,0.006244616709732989,0.9133771629835592,0.02291768718969943,0.0,0.0,0.0,0.0,0.0,0.0,0.0,0.0,0.0,0.0,0.0,0.0,0.0,0.0,0.0,0.0,0.0,0.0,0.0,0.0,0.0,0.0,0.0,0.0,0.012919896640826876,0.4974160206718347,8.100775193798452,15.516795865633078,5.536175710594317,0.3359173126614988,4.326094219846308,2.8581412866132485,nan,nan,nan,4.414780292942743,2.865910558134734,4.236753856472166,2.8475018630848776,0.959674904602804,0.3716,0.02237,0.0,0.0,0.0,0.0,0.0,0.0,0.0,0.0,0.006459948320413438,1.324289405684755,10.994832041343672,14.68346253229972,2.9134366925064605,0.07751937984496125,0.0,0.0,0.0,0.0,0.0,0.0,0.0,0.0,0.0,0.0,0.0,0.0,0.0,0.0,0.0,0.0,nan,nan,4.326094219846308,2.8581412866132485,nan,0.3716,0.11053,0.0,0.0,0.0,0.0,0.0,0.0,0.0,0.0,0.0,0.0005060292850990525,0.0,0.00033376399655469423,0.00012919896640826872,0.0009151593453919036,0.0003983634797588286,0.005275624461670974,0.01173557278208441,0.006363049095607235,0.006804478897502153,0.002207149009474591,0.013555124892334194,0.030480189491817397,0.012532299741602066,0.024569336778639105,0.030609388458225667,0.022340654608096467,0.027551679586563307,0.036068044788975025,0.03154608096468561,0.02639965546942291,0.01150947459086994,0.02743324720068906,0.018518518518518517,0.03823212747631352,0.028585271317829456,0.02775624461670973,0.043583118001722654,0.06128337639965547,0.04060077519379845,0.05426356589147287,0.03178294573643411,0.01142334194659776,0.008634797588285961,0.02643195521102498,0.03570198105081826,0.028391472868217055,0.019369078380706287,0.031793712316968134,0.00894702842377261,0.00642764857881137,0.022017657192075796,0.00256244616709733,0.004715762273901808,0.02041343669250646,0.007493540051679587,0.01209086993970715,0.0019164513350559862,0.022954349698535745,0.003703703703703704,0.008516365202411714,0.02703488372093023,0.003143841515934539,0.005684754521963824,0.002756244616709733,0.0035637381567614128,2.1533161068044788e-05,0.0004198966408268734,0.0,0.0,0.0,0.0,0.0,0.0,0.0,0.0,0.0,0.0,0.0,0.0,0.0,0.0,0.0,0.0,0.0,0.0,0.0,0.0,0.0,0.0,0.0,0.0,0.0,0.0,0.0,0.0,0.0,0.0,0.0,0.0,0.0,0.0,nan,nan,4.326094219846308,2.8581412866132485,nan,0.9139500464826986,0.023217421719618502,0.0,0.0,0.0,0.0,0.0,0.0,0.0,0.0,0.0,0.0,0.0,0.0,0.0,0.0,0.0,0.0,0.0,0.0,0.0,0.0,0.0,0.0,0.0,0.0,0.012674271229404312,0.4942965779467682,7.8580481622306735,15.525982256020281,5.741444866920154,0.3675538656527251,0.912781635867853,0.022586493933387894,0.0,0.0,0.0,0.0,0.0,0.0,0.0,0.0,0.0,0.0,0.0,0.0,0.0,0.0,0.0,0.0,0.0,0.0,0.0,0.0,0.0,0.0,0.0,0.0,0.013175230566534918,0.5006587615283269,8.353096179183137,15.507246376811597,5.322793148880106,0.3030303030303031,0.3713,0.02242,0.0,0.0,0.0,0.0,0.0,0.0,0.0,0.0,0.012674271229404312,1.3814955640050701,11.22940430925222,14.435994930291487,2.839036755386566,0.1013941698352345,0.0,0.0,0.0,0.0,0.0,0.0,0.0,0.0,0.0,0.0,0.0,0.0,0.0,0.0,0.0,0.0,0.3716,0.02235,0.0,0.0,0.0,0.0,0.0,0.0,0.0,0.0,0.0,1.264822134387352,10.750988142292492,14.94071146245057,2.990777338603426,0.05270092226613967,0.0,0.0,0.0,0.0,0.0,0.0,0.0,0.0,0.0,0.0,0.0,0.0,0.0,0.0,0.0,0.0
51600,4772,2467,0.5169740150880134,1129,971,0.44006705783738476,1359,0.5695725062866722,0.422,3.0919739696312365,3.1807788728445323,6.741353383458646,2.135103238142396,9317.986722076454,1416.1265203757266,7853.0,10751.811097025871,10686.772451458792,17.669374398294188,7853.0,0.0,28.176026823134954,21.047097913194484,33.10463378176382,19.31524625445838,0.13537300922045264,0.10310142497904443,0.09220452640402348,0.086756077116513,0.0836127409891031,0.07376362112321877,0.0651718357082984,0.06098072087175189,0.058466051969823976,0.051969823973176864,0.04861693210393965,0.040444258172673934,0.03625314333612741,0.025775356244761106,0.018860016764459347,0.011525565800502935,0.007124895222129086,0.9126024467047782,0.022708610259544616,0.0,0.0,0.0,0.0,0.0,0.0,0.0,0.0,0.0,0.0,0.0,0.0,0.0,0.0,0.0,0.0,0.0,0.0,0.0,0.0,0.0,0.0,0.0,0.0,0.0,0.6915339480301762,7.7954735959765316,16.23218776194468,5.060771165129926,0.22003352891869243,4.389847054995119,2.9106983800436326,nan,nan,nan,4.417374265186153,2.893075794650019,4.362516212710765,2.927834292225784,0.9875812984859058,0.3718,0.02269,0.0,0.0,0.0,0.0,0.0,0.0,0.0,0.0,0.012573344509639567,1.2699077954735962,11.0268231349539,14.270746018440883,3.363369656328584,0.05658005029337805,0.0,0.0,0.0,0.0,0.0,0.0,0.0,0.0,0.0,0.0,0.0,0.0,0.0,0.0,0.0,0.0,nan,nan,4.389847054995119,2.9106983800436326,nan,0.3718,0.11053,0.0,0.0,0.0,0.0,0.0,0.0,0.0,0.0,0.0,0.0006391450125733445,0.0,0.0005029337803855825,0.00015716680637049455,0.0006705783738474435,0.00045054484492875103,0.004631181894383906,0.011976110645431685,0.006223805532271584,0.0072191953059513835,0.0021269907795473594,0.01306580050293378,0.030259849119865883,0.011902766135792121,0.02431894383906119,0.031443839061190276,0.024245599329421625,0.024413243922883486,0.03722757753562447,0.033727996647108134,0.025167644593461862,0.011787510477787092,0.02701173512154233,0.018797150041911147,0.037374266554903605,0.02800712489522213,0.026466890192791283,0.04214165968147527,0.06058256496227997,0.04288558256496228,0.05433780385582565,0.030375104777870914,0.012426655490360436,0.009356663872590109,0.02517812238055323,0.03638935456831517,0.02897108130762783,0.019237217099748533,0.031160938809723385,0.011378876781223806,0.006077116512992456,0.022611064543168483,0.0023994132439228836,0.004715004191114837,0.021091785414920367,0.007627829002514669,0.012238055322715843,0.0016869237217099749,0.02363788767812238,0.0031642917015926235,0.007240150880134116,0.027881391450125734,0.003111902766135792,0.005773260687342833,0.0030804694048616934,0.003069991617770327,0.0,0.000345766974015088,1.0477787091366304e-05,0.0,0.0,0.0,0.0,0.0,0.0,0.0,0.0,0.0,0.0,0.0,0.0,0.0,0.0,0.0,0.0,0.0,0.0,0.0,0.0,0.0,0.0,0.0,0.0,0.0,0.0,0.0,0.0,0.0,0.0,0.0,0.0,0.0,nan,nan,4.389847054995119,2.9106983800436326,nan,0.9125715362479632,0.022607835102704536,0.0,0.0,0.0,0.0,0.0,0.0,0.0,0.0,0.0,0.0,0.0,0.0,0.0,0.0,0.0,0.0,0.0,0.0,0.0,0.0,0.0,0.0,0.0,0.0,0.0,0.717470612079449,7.819213619781112,16.31941629509526,4.937170652614513,0.20672882042967172,0.9126355296101849,0.022815928571163577,0.0,0.0,0.0,0.0,0.0,0.0,0.0,0.0,0.0,0.0,0.0,0.0,0.0,0.0,0.0,0.0,0.0,0.0,0.0,0.0,0.0,0.0,0.0,0.0,0.0,0.6637744034707159,7.77006507592191,16.138828633405645,5.193058568329719,0.2342733188720174,0.3723,0.02286,0.0,0.0,0.0,0.0,0.0,0.0,0.0,0.0,0.012160518848804218,1.2403729225780302,10.920145926226189,14.239967571949716,3.5265504661532234,0.06080259424402109,0.0,0.0,0.0,0.0,0.0,0.0,0.0,0.0,0.0,0.0,0.0,0.0,0.0,0.0,0.0,0.0,0.3716,0.0225,0.0,0.0,0.0,0.0,0.0,0.0,0.0,0.0,0.013015184381778745,1.3015184381778744,11.140997830802606,14.303687635574816,3.1887201735357924,0.05206073752711498,0.0,0.0,0.0,0.0,0.0,0.0,0.0,0.0,0.0,0.0,0.0,0.0,0.0,0.0,0.0,0.0
51700,4896,2482,0.5069444444444444,1188,1026,0.4522058823529412,1404,0.5735294117647058,0.39799999999999996,2.9101077050538526,3.0651239496702316,6.403225806451613,2.2057352938528467,9289.485786009165,1416.7270757878841,7853.0,10750.882250070572,10686.615797059178,17.66567269773534,7853.0,0.0,27.757761437908496,20.661411734393194,32.439536567704565,19.009992696718236,0.13357843137254902,0.10110294117647059,0.0951797385620915,0.09089052287581699,0.09089052287581699,0.07352941176470588,0.07005718954248366,0.06066176470588235,0.054330065359477125,0.0457516339869281,0.051470588235294115,0.039624183006535946,0.03758169934640523,0.020833333333333332,0.017361111111111112,0.01082516339869281,0.006331699346405229,0.9131346083203562,0.022761534101245155,0.0,0.0,0.0,0.0,0.0,0.0,0.0,0.0,0.0,0.0,0.0,0.0,0.0,0.0,0.0,0.0,0.0,0.0,0.0,0.0,0.0,0.0,0.0,0.0,0.0061274509803921585,0.6250000000000001,7.941176470588236,15.925245098039218,5.208333333333335,0.2941176470588236,4.124607658505964,2.8643494970581505,nan,nan,nan,4.173994974874372,2.868649134918948,4.075282308657465,2.8591974599144283,0.9763505546098848,0.371,0.02225,0.0,0.0,0.0,0.0,0.0,0.0,0.0,0.0,0.018382352941176475,1.3848039215686279,11.053921568627453,14.63235294117645,2.830882352941177,0.07965686274509806,0.0,0.0,0.0,0.0,0.0,0.0,0.0,0.0,0.0,0.0,0.0,0.0,0.0,0.0,0.0,0.0,nan,nan,4.124607658505964,2.8643494970581505,nan,0.371,0.10944,0.0,0.0,0.0,0.0,0.0,0.0,0.0,0.0,0.0,0.000755718954248366,4.0849673202614376e-05,0.00017361111111111112,0.00013276143790849672,0.0008476307189542484,0.00041870915032679736,0.004381127450980392,0.01261233660130719,0.0058823529411764705,0.006821895424836601,0.0027675653594771243,0.012806372549019607,0.03016748366013072,0.013715277777777778,0.02493872549019608,0.02823733660130719,0.024560866013071895,0.021956699346405227,0.03487540849673203,0.03442606209150327,0.025898692810457518,0.01224468954248366,0.0284109477124183,0.018770424836601306,0.03851102941176471,0.029279003267973856,0.028962418300653596,0.04243259803921569,0.06073325163398693,0.04470996732026144,0.05514705882352941,0.0315359477124183,0.012520424836601308,0.009048202614379086,0.023856209150326796,0.035784313725490194,0.028114787581699347,0.01875,0.03057598039215686,0.01101919934640523,0.006535947712418301,0.021915849673202613,0.002798202614379085,0.005841503267973856,0.02278390522875817,0.00818014705882353,0.011887254901960784,0.0011744281045751633,0.020578022875816993,0.0028288398692810457,0.006883169934640523,0.027798202614379083,0.003176062091503268,0.004779411764705883,0.0026348039215686276,0.003257761437908497,0.0,0.00012254901960784314,0.0,0.0,0.0,0.0,0.0,0.0,0.0,0.0,0.0,0.0,0.0,0.0,0.0,0.0,0.0,0.0,0.0,0.0,0.0,0.0,0.0,0.0,0.0,0.0,0.0,0.0,0.0,0.0,0.0,0.0,0.0,0.0,0.0,0.0,nan,nan,4.124607658505964,2.8643494970581505,nan,0.9133711661377998,0.022860028263027393,0.0,0.0,0.0,0.0,0.0,0.0,0.0,0.0,0.0,0.0,0.0,0.0,0.0,0.0,0.0,0.0,0.0,0.0,0.0,0.0,0.0,0.0,0.0,0.0,0.012087026591458504,0.6526994359387592,7.83239323126511,16.003223207091057,5.1490733279613226,0.3505237711522966,0.9128913869024212,0.022657244056661086,0.0,0.0,0.0,0.0,0.0,0.0,0.0,0.0,0.0,0.0,0.0,0.0,0.0,0.0,0.0,0.0,0.0,0.0,0.0,0.0,0.0,0.0,0.0,0.0,0.0,0.5965202982601492,8.053024026512015,15.845070422535214,5.2692626346313185,0.23612261806130908,0.371,0.02213,0.0,0.0,0.0,0.0,0.0,0.0,0.0,0.0,0.0,1.4504431909750206,10.999194198227238,14.685737308622059,2.755842062852539,0.10878323932312653,0.0,0.0,0.0,0.0,0.0,0.0,0.0,0.0,0.0,0.0,0.0,0.0,0.0,0.0,0.0,0.0,0.371,0.02237,0.0,0.0,0.0,0.0,0.0,0.0,0.0,0.0,0.037282518641259324,1.3173156586578296,11.110190555095281,14.577464788732373,2.908036454018228,0.04971002485501244,0.0,0.0,0.0,0.0,0.0,0.0,0.0,0.0,0.0,0.0,0.0,0.0,0.0,0.0,0.0,0.0
51800,4802,2492,0.5189504373177842,1189,983,0.4523115368596418,1319,0.5493544356518117,0.43,2.90995670995671,3.122829704945715,6.731543624161074,2.1468905952476254,9323.23374718254,1415.5823424559567,7853.0,10747.746710538864,10686.090872379837,17.272886691355104,7853.0,0.0,27.55247813411079,20.696942953685554,32.643106893106896,18.899855697654687,0.14764681382757183,0.09850062473969179,0.08850478967097043,0.08725531028738026,0.08059142024156601,0.0768429820907955,0.0768429820907955,0.060391503540191585,0.05601832569762599,0.05393586005830904,0.04581424406497293,0.03977509371095377,0.031028738025822573,0.021865889212827987,0.017700957934194086,0.010828821324448146,0.006455643481882549,0.9124134193108212,0.023191012165496353,0.0,0.0,0.0,0.0,0.0,0.0,0.0,0.0,0.0,0.0,0.0,0.0,0.0,0.0,0.0,0.0,0.0,0.0,0.0,0.0,0.0,0.0,0.0,0.0,0.006247396917950856,0.7934194085797587,8.052894627238652,15.581007913369433,5.354019158683883,0.21241149521032907,4.239596879063719,2.922515677786577,nan,nan,nan,4.2872750642673525,2.892747340551481,4.190789473684211,2.951880650827757,0.9774948914784337,0.3708,0.0217,0.0,0.0,0.0,0.0,0.0,0.0,0.0,0.0,0.006247396917950856,1.3182007496876305,11.239067055393589,14.775093710953747,2.598917117867556,0.06247396917950855,0.0,0.0,0.0,0.0,0.0,0.0,0.0,0.0,0.0,0.0,0.0,0.0,0.0,0.0,0.0,0.0,nan,nan,4.239596879063719,2.922515677786577,nan,0.3708,0.109,0.0,0.0,0.0,0.0,0.0,0.0,0.0,0.0,0.0,0.0009683465222823823,0.00013536026655560184,4.1649312786339026e-05,0.0002707205331112037,0.001155768429820908,0.0005206164098292378,0.004164931278633903,0.012130362349021241,0.005955851728446481,0.006570179092044982,0.0033215326947105372,0.012151187005414411,0.030643481882548937,0.012880049979175344,0.024135776759683467,0.02839441899208663,0.023937942523948354,0.02388588088296543,0.03675551853394419,0.03296543107038734,0.028123698458975426,0.011724281549354435,0.027551020408163266,0.01592044981257809,0.03709912536443149,0.030685131195335277,0.03043523531861724,0.04091003748438151,0.062130362349021244,0.04664723032069971,0.05133277800916285,0.0326530612244898,0.012890462307371928,0.009381507705122865,0.02361516034985423,0.03843190337359433,0.029477301124531445,0.017586422324031653,0.031466055810079135,0.012234485630987089,0.007122032486463974,0.021116201582673886,0.003165347771761766,0.005039566847147022,0.022251145356101624,0.007142857142857143,0.01020408163265306,0.0015201999167013744,0.020741357767596835,0.0022386505622657227,0.007725947521865889,0.02633277800916285,0.0030195751770095793,0.0047376093294460644,0.0021553519366930445,0.0039358600583090375,0.0,0.0002707205331112037,0.0,0.0,0.0,0.0,0.0,0.0,0.0,0.0,0.0,0.0,0.0,0.0,0.0,0.0,0.0,0.0,0.0,0.0,0.0,0.0,0.0,0.0,0.0,0.0,0.0,0.0,0.0,0.0,0.0,0.0,0.0,0.0,0.0,0.0,nan,nan,4.239596879063719,2.922515677786577,nan,0.9120637708691877,0.02310107250718987,0.0,0.0,0.0,0.0,0.0,0.0,0.0,0.0,0.0,0.0,0.0,0.0,0.0,0.0,0.0,0.0,0.0,0.0,0.0,0.0,0.0,0.0,0.0,0.0,0.012038523274478333,0.7463884430176567,8.414927768860355,15.349117174959874,5.308988764044945,0.16853932584269668,0.9127906158114925,0.02328176129616653,0.0,0.0,0.0,0.0,0.0,0.0,0.0,0.0,0.0,0.0,0.0,0.0,0.0,0.0,0.0,0.0,0.0,0.0,0.0,0.0,0.0,0.0,0.0,0.0,0.0,0.8441558441558443,7.662337662337664,15.831168831168835,5.402597402597404,0.25974025974025977,0.3716,0.02156,0.0,0.0,0.0,0.0,0.0,0.0,0.0,0.0,0.0,1.1797752808988766,11.05136436597111,15.048154093097892,2.6484751203852337,0.07223113964687,0.0,0.0,0.0,0.0,0.0,0.0,0.0,0.0,0.0,0.0,0.0,0.0,0.0,0.0,0.0,0.0,0.3699,0.0218,0.0,0.0,0.0,0.0,0.0,0.0,0.0,0.0,0.01298701298701299,1.467532467532468,11.441558441558445,14.480519480519458,2.545454545454546,0.05194805194805196,0.0,0.0,0.0,0.0,0.0,0.0,0.0,0.0,0.0,0.0,0.0,0.0,0.0,0.0,0.0,0.0
51900,4812,2522,0.5241064006650041,1171,974,0.44576059850374067,1345,0.559019118869493,0.426,2.965065502183406,3.0586126689385758,6.480974124809741,2.098057439060074,9337.19768437384,1414.3426901740618,7853.0,10745.26346731186,10684.8633057918,17.63808815429921,7853.0,0.0,27.886949293433084,20.788621182270344,32.78601433160366,19.033508540110812,0.13736492103075645,0.09975062344139651,0.09019118869492934,0.09372402327514547,0.08416458852867831,0.07605985037406483,0.06546134663341646,0.05943474646716542,0.060058187863674145,0.0529925187032419,0.05133000831255195,0.038237738985868665,0.030756442227763924,0.024522028262676642,0.018703241895261846,0.00914380714879468,0.008104738154613466,0.911877786677179,0.02254019015056894,0.0,0.0,0.0,0.0,0.0,0.0,0.0,0.0,0.0,0.0,0.0,0.0,0.0,0.0,0.0,0.0,0.0,0.0,0.0,0.0,0.0,0.0,0.0,0.0,0.006234413965087283,0.6421446384039902,8.422693266832919,15.997506234413969,4.682044887780549,0.2493765586034913,4.220038659793815,2.880050113852055,nan,nan,nan,4.262684649967887,2.8527963473515796,4.177117000646413,2.9065903696826276,0.9799263477484503,0.3696,0.02245,0.0,0.0,0.0,0.0,0.0,0.0,0.0,0.0,0.012468827930174566,1.6708229426433918,11.602244389027435,14.096009975062323,2.5872817955112226,0.031172069825436414,0.0,0.0,0.0,0.0,0.0,0.0,0.0,0.0,0.0,0.0,0.0,0.0,0.0,0.0,0.0,0.0,nan,nan,4.220038659793815,2.880050113852055,nan,0.3696,0.10864,0.0,0.0,0.0,0.0,0.0,0.0,0.0,0.0,0.0,0.0008832086450540316,0.00023898586866167914,0.0001454696591853699,0.0003948462177888612,0.0016936824605153782,0.0005403158769742311,0.00437448046550291,0.012115544472152951,0.006816292601828761,0.005964256026600166,0.003439318370739817,0.010920615128844555,0.030579800498753116,0.012624688279301745,0.02582086450540316,0.02957190357439734,0.0218308395677473,0.02348295926849543,0.03778054862842893,0.033738570241064005,0.028605569409808813,0.010629675810473815,0.026475477971737323,0.017092684954280964,0.03661679135494597,0.03286575228595179,0.0288549459684123,0.040544472152950956,0.06270781379883625,0.048275145469659185,0.05113258520365752,0.03228387364921031,0.013352036575228595,0.00938279301745636,0.025,0.03837281795511222,0.02953034081463009,0.017653782211138818,0.03103699085619285,0.011055694098088114,0.007335827098919368,0.019731920199501245,0.003761429758935993,0.00442643391521197,0.02408561928512053,0.006224023275145469,0.010837489609310058,0.00121571072319202,0.019014962593516208,0.0020989193682460516,0.007107231920199501,0.025696176226101413,0.0031691604322527014,0.0046238570241064,0.0019430590191188695,0.004010806317539485,4.1562759767248545e-05,0.00024937655860349125,0.0,0.0,0.0,0.0,0.0,0.0,0.0,0.0,0.0,0.0,0.0,0.0,0.0,0.0,0.0,0.0,0.0,0.0,0.0,0.0,0.0,0.0,0.0,0.0,0.0,0.0,0.0,0.0,0.0,0.0,0.0,0.0,0.0,0.0,nan,nan,4.220038659793815,2.880050113852055,nan,0.9118003121072767,0.022618206709510657,0.0,0.0,0.0,0.0,0.0,0.0,0.0,0.0,0.0,0.0,0.0,0.0,0.0,0.0,0.0,0.0,0.0,0.0,0.0,0.0,0.0,0.0,0.0,0.0,0.0,0.6780333068992864,8.457573354480573,15.796986518636006,4.85329103885805,0.21411578112609045,0.9119631101991412,0.022453646766069688,0.0,0.0,0.0,0.0,0.0,0.0,0.0,0.0,0.0,0.0,0.0,0.0,0.0,0.0,0.0,0.0,0.0,0.0,0.0,0.0,0.0,0.0,0.0,0.0,0.01310043668122271,0.6026200873362446,8.384279475982535,16.218340611353714,4.49344978165939,0.2882096069868996,0.3696,0.02249,0.0,0.0,0.0,0.0,0.0,0.0,0.0,0.0,0.011895321173671692,1.8080888183980972,11.538461538461542,14.119746233148275,2.474226804123712,0.04758128469468677,0.0,0.0,0.0,0.0,0.0,0.0,0.0,0.0,0.0,0.0,0.0,0.0,0.0,0.0,0.0,0.0,0.3699,0.02238,0.0,0.0,0.0,0.0,0.0,0.0,0.0,0.0,0.01310043668122271,1.5196506550218345,11.672489082969436,14.069868995633167,2.7117903930131013,0.01310043668122271,0.0,0.0,0.0,0.0,0.0,0.0,0.0,0.0,0.0,0.0,0.0,0.0,0.0,0.0,0.0,0.0
52000,4830,2516,0.5209109730848861,1179,970,0.4449275362318841,1322,0.5474120082815735,0.434,3.0142610198789974,3.1608102487880467,6.70125786163522,2.2146024082415194,9327.81351335066,1414.4260381134268,7853.0,10741.114976406097,10684.219900430717,17.224633391845252,7853.0,0.0,27.65031055900621,20.755783820789674,32.701041150223105,18.983889626504524,0.14347826086956522,0.10476190476190476,0.09151138716356108,0.08136645962732919,0.0803312629399586,0.0803312629399586,0.06873706004140787,0.06128364389233954,0.0546583850931677,0.053830227743271224,0.05031055900621118,0.039337474120082816,0.03064182194616977,0.02732919254658385,0.01904761904761905,0.007453416149068323,0.0055900621118012426,0.9107541854707351,0.0231268935242506,0.0,0.0,0.0,0.0,0.0,0.0,0.0,0.0,0.0,0.0,0.0,0.0,0.0,0.0,0.0,0.0,0.0,0.0,0.0,0.0,0.0,0.0,0.0,0.0,0.012422360248447208,0.832298136645963,8.776397515527952,15.670807453416153,4.341614906832299,0.3664596273291926,4.329208726799088,2.9194198123549264,nan,nan,nan,4.277124183006536,2.9127283603038667,4.380921479558728,2.9251309994125427,1.0242680109603994,0.3696,0.02232,0.0,0.0,0.0,0.0,0.0,0.0,0.0,0.0,0.04968944099378883,1.5465838509316774,11.757763975155283,14.024844720496873,2.590062111801243,0.03105590062111802,0.0,0.0,0.0,0.0,0.0,0.0,0.0,0.0,0.0,0.0,0.0,0.0,0.0,0.0,0.0,0.0,nan,nan,4.329208726799088,2.9194198123549264,nan,0.3696,0.1093,0.0,0.0,0.0,0.0,0.0,0.0,0.0,0.0,0.0,0.0005900621118012422,0.00017598343685300207,1.0351966873706003e-05,0.00040372670807453415,0.0017805383022774328,0.0008902691511387164,0.004337474120082816,0.01284679089026915,0.007349896480331263,0.005910973084886128,0.003374741200828157,0.010383022774327122,0.03056935817805383,0.011853002070393375,0.02704968944099379,0.03148033126293996,0.02214285714285714,0.024368530020703934,0.03751552795031056,0.03332298136645963,0.028157349896480333,0.010165631469979296,0.024855072463768117,0.017629399585921326,0.035144927536231885,0.03251552795031056,0.029420289855072463,0.042008281573498965,0.061128364389233955,0.051904761904761905,0.04986542443064182,0.030372670807453418,0.012660455486542443,0.010652173913043479,0.025579710144927537,0.03559006211180124,0.02770186335403727,0.017236024844720498,0.03219461697722567,0.011625258799171843,0.007453416149068323,0.019161490683229813,0.0037163561076604553,0.005093167701863354,0.024399585921325052,0.00598343685300207,0.010952380952380953,0.0012836438923395446,0.019523809523809523,0.0020393374741200826,0.006376811594202898,0.025300207039337472,0.003374741200828157,0.004824016563146998,0.002432712215320911,0.0047308488612836435,0.00012422360248447205,0.0004658385093167702,0.0,0.0,0.0,0.0,0.0,0.0,0.0,0.0,0.0,0.0,0.0,0.0,0.0,0.0,0.0,0.0,0.0,0.0,0.0,0.0,0.0,0.0,0.0,0.0,0.0,0.0,0.0,0.0,0.0,0.0,0.0,0.0,0.0,0.0,nan,nan,4.329208726799088,2.9194198123549264,nan,0.91067591563033,0.022925169171249475,0.0,0.0,0.0,0.0,0.0,0.0,0.0,0.0,0.0,0.0,0.0,0.0,0.0,0.0,0.0,0.0,0.0,0.0,0.0,0.0,0.0,0.0,0.0,0.0,0.011923688394276632,0.8823529411764708,8.632750397456281,15.906200317965027,4.185214626391097,0.38155802861685223,0.9108392878555489,0.023343951589182538,0.0,0.0,0.0,0.0,0.0,0.0,0.0,0.0,0.0,0.0,0.0,0.0,0.0,0.0,0.0,0.0,0.0,0.0,0.0,0.0,0.0,0.0,0.0,0.0,0.012964563526361283,0.7778738115816769,8.932584269662923,15.414866032843564,4.511668107173726,0.35004321521175463,0.3694,0.02197,0.0,0.0,0.0,0.0,0.0,0.0,0.0,0.0,0.035771065182829895,1.454689984101749,11.97138314785374,14.010333863275019,2.4920508744038163,0.035771065182829895,0.0,0.0,0.0,0.0,0.0,0.0,0.0,0.0,0.0,0.0,0.0,0.0,0.0,0.0,0.0,0.0,0.3699,0.0227,0.0,0.0,0.0,0.0,0.0,0.0,0.0,0.0,0.0648228176318064,1.6464995678478829,11.52549697493518,14.040622299049245,2.696629213483147,0.025929127052722566,0.0,0.0,0.0,0.0,0.0,0.0,0.0,0.0,0.0,0.0,0.0,0.0,0.0,0.0,0.0,0.0
52100,4952,2519,0.5086833602584814,1256,1062,0.46809369951534735,1475,0.595718901453958,0.3419999999999999,2.974106041923551,2.997146792306414,6.346414073071719,2.067637744401879,9292.986660802668,1415.2472124951837,7853.0,10745.761786818504,10683.811410994367,17.488785731468006,7853.0,0.0,28.918820678513733,20.61272332973024,33.591749644381224,18.733304518198498,0.12742326332794832,0.09410339256865913,0.08461227786752827,0.08279483037156704,0.08077544426494346,0.07754442649434572,0.07411147011308562,0.07007269789983844,0.06381260096930533,0.0595718901453958,0.050282714054927305,0.03917609046849758,0.035339256865912765,0.029079159935379646,0.017366720516962843,0.007269789983844911,0.006663974151857835,0.9098787988161424,0.022647251589546703,0.0,0.0,0.0,0.0,0.0,0.0,0.0,0.0,0.0,0.0,0.0,0.0,0.0,0.0,0.0,0.0,0.0,0.0,0.0,0.0,0.0,0.0,0.0,0.0,0.024232633279483044,0.7936187399030696,9.08117932148627,15.551292407108242,4.392164781906302,0.15751211631663978,4.065588499550763,2.77943481613697,nan,nan,nan,4.0417422867513615,2.7979034349139966,4.088967971530249,2.761007819274759,1.0116844868941028,0.3696,0.02206,0.0,0.0,0.0,0.0,0.0,0.0,0.0,0.0,0.012116316639741522,1.4660743134087242,11.989095315024235,13.861066235864277,2.62924071082391,0.042407108239095326,0.0,0.0,0.0,0.0,0.0,0.0,0.0,0.0,0.0,0.0,0.0,0.0,0.0,0.0,0.0,0.0,nan,nan,4.065588499550763,2.77943481613697,nan,0.3696,0.1108,0.0,0.0,0.0,0.0,0.0,0.0,0.0,0.0,0.0,0.0006462035541195477,0.00015145395799676898,1.0096930533117933e-05,0.00030290791599353796,0.0019386106623586429,0.001060177705977383,0.004917205169628433,0.012903877221324717,0.008027059773828756,0.005512924071082391,0.003099757673667205,0.011288368336025848,0.03157310177705978,0.01157108239095315,0.028099757673667205,0.030987479806138935,0.022758481421647818,0.024384087237479805,0.037247576736672054,0.03506663974151858,0.027867528271405494,0.00976373182552504,0.025464458804523426,0.017891760904684976,0.035975363489499194,0.03173465266558966,0.028059369951534734,0.04119547657512116,0.05932956381260097,0.05302907915993538,0.04856623586429725,0.029058966074313408,0.011803311793214862,0.010339256865912763,0.02357633279483037,0.03359248788368336,0.02655492730210016,0.017407108239095314,0.032855411954765754,0.011197495961227787,0.0077140549273021,0.019315428109854604,0.004392164781906301,0.005997576736672052,0.024283117932148626,0.005997576736672052,0.011076332794830371,0.0018174474959612278,0.021526655896607433,0.002120355411954766,0.006946688206785137,0.025565428109854606,0.003018982229402262,0.005038368336025848,0.002231421647819063,0.005361470113085622,9.08723747980614e-05,0.0006966882067851373,0.0,0.0,0.0,0.0,0.0,0.0,0.0,0.0,0.0,0.0,0.0,0.0,0.0,0.0,0.0,0.0,0.0,0.0,0.0,0.0,0.0,0.0,0.0,0.0,0.0,0.0,0.0,0.0,0.0,0.0,0.0,0.0,0.0,0.0,nan,nan,4.065588499550763,2.77943481613697,nan,0.9098213594695224,0.023018033551087825,0.0,0.0,0.0,0.0,0.0,0.0,0.0,0.0,0.0,0.0,0.0,0.0,0.0,0.0,0.0,0.0,0.0,0.0,0.0,0.0,0.0,0.0,0.0,0.0,0.047637951568082586,0.7979356887653832,8.955934894799524,15.589519650655024,4.382691544263597,0.22628026994839226,0.9099382684890301,0.022256699939817066,0.0,0.0,0.0,0.0,0.0,0.0,0.0,0.0,0.0,0.0,0.0,0.0,0.0,0.0,0.0,0.0,0.0,0.0,0.0,0.0,0.0,0.0,0.0,0.0,0.0,0.7891491985203455,9.210850801479657,15.511713933415539,4.401972872996302,0.08631319358816278,0.3696,0.02213,0.0,0.0,0.0,0.0,0.0,0.0,0.0,0.0,0.0,1.512504962286622,12.016673283048831,13.815005954743926,2.631996824136563,0.023818975784041293,0.0,0.0,0.0,0.0,0.0,0.0,0.0,0.0,0.0,0.0,0.0,0.0,0.0,0.0,0.0,0.0,0.3696,0.022,0.0,0.0,0.0,0.0,0.0,0.0,0.0,0.0,0.024660912453760796,1.4180024660912458,11.960542540073986,13.908754623921064,2.6263871763255247,0.061652281134401986,0.0,0.0,0.0,0.0,0.0,0.0,0.0,0.0,0.0,0.0,0.0,0.0,0.0,0.0,0.0,0.0
52200,4254,2192,0.5152797367183827,1043,875,0.4508697696285849,1207,0.5674659144334744,0.40199999999999997,2.9131910766246363,3.0239475169414236,6.345238095238095,2.1778557242286634,9312.137659998752,1415.2675492082424,7853.0,10747.923174619675,10684.738871183708,18.062737185736076,7853.0,0.0,28.45369064409967,20.787032010975363,33.15914752283421,19.006645087436112,0.1311706629055007,0.09426422190879173,0.09567465914433475,0.08909261871180066,0.07804419370004702,0.07357780912082745,0.0693464974141984,0.06817113305124589,0.06041372825575929,0.0538316878232252,0.050540667606958155,0.044193700047014575,0.0307945463093559,0.0232722143864598,0.021156558533145273,0.010108133521391631,0.006346967559943582,0.9110899544204968,0.023006135271952676,0.0,0.0,0.0,0.0,0.0,0.0,0.0,0.0,0.0,0.0,0.0,0.0,0.0,0.0,0.0,0.0,0.0,0.0,0.0,0.0,0.0,0.0,0.0,0.0,0.014104372355430187,0.754583921015515,8.758815232722146,15.451339915373769,4.774330042313118,0.24682651622002827,4.206400575332614,2.88267064172791,nan,nan,nan,4.188363636363636,2.85507061758636,4.2240398293029875,2.9093007589372304,1.008517931115056,0.3691,0.02292,0.0,0.0,0.0,0.0,0.0,0.0,0.0,0.0,0.021156558533145277,1.6431593794076167,11.882933709449933,13.645980253878681,2.7503526093088864,0.05641748942172075,0.0,0.0,0.0,0.0,0.0,0.0,0.0,0.0,0.0,0.0,0.0,0.0,0.0,0.0,0.0,0.0,nan,nan,4.206400575332614,2.88267064172791,nan,0.3691,0.11035,0.0,0.0,0.0,0.0,0.0,0.0,0.0,0.0,0.0,0.0006934649741419841,0.0002468265162200282,0.0,0.0004701457451810061,0.002021626704278326,0.0006464503996238834,0.004137282557592854,0.014151386929948283,0.00841560883874001,0.005677009873060649,0.0031617301363422662,0.011142454160789845,0.03021861777150917,0.01258815232722144,0.02638692994828397,0.030300893276915843,0.021520921485660555,0.02429478138222849,0.03722378937470616,0.036694875411377524,0.03001880582980724,0.009355900329102022,0.02766807710390221,0.01801833568406206,0.03684767277856135,0.029842501175364362,0.02803244005641749,0.042595204513399154,0.06150681711330513,0.05189233662435355,0.04883638928067701,0.02652797367183827,0.011730136342266103,0.00996708979783733,0.024506346967559944,0.033015984955336156,0.02497649271274095,0.014750822755054066,0.03366243535496004,0.013446168312176775,0.008286318758815232,0.018982134461683123,0.004830747531734837,0.005253878702397743,0.024741419840150446,0.006875881523272214,0.011283497884344146,0.0015867418899858955,0.020815702867889047,0.002785613540197461,0.007569346497414199,0.02524682651622003,0.003067700987306065,0.004760225669957687,0.001763046544428773,0.004384109073812882,8.227550540667607e-05,0.0004936530324400564,0.0,0.0,0.0,0.0,0.0,0.0,0.0,0.0,0.0,0.0,0.0,0.0,0.0,0.0,0.0,0.0,0.0,0.0,0.0,0.0,0.0,0.0,0.0,0.0,0.0,0.0,0.0,0.0,0.0,0.0,0.0,0.0,0.0,0.0,nan,nan,4.206400575332614,2.88267064172791,nan,0.9116933480666501,0.022636027693640055,0.0,0.0,0.0,0.0,0.0,0.0,0.0,0.0,0.0,0.0,0.0,0.0,0.0,0.0,0.0,0.0,0.0,0.0,0.0,0.0,0.0,0.0,0.0,0.0,0.0,0.6021897810218979,8.74543795620438,15.615875912408763,4.8312043795620445,0.20529197080291975,0.910448519467845,0.023376083765534843,0.0,0.0,0.0,0.0,0.0,0.0,0.0,0.0,0.0,0.0,0.0,0.0,0.0,0.0,0.0,0.0,0.0,0.0,0.0,0.0,0.0,0.0,0.0,0.0,0.029097963142580025,0.9165858389912709,8.773035887487877,15.276430649854515,4.713870029097964,0.29097963142580024,0.3694,0.02269,0.0,0.0,0.0,0.0,0.0,0.0,0.0,0.0,0.013686131386861318,1.6149635036496355,11.93430656934307,13.617700729926987,2.7645985401459856,0.05474452554744527,0.0,0.0,0.0,0.0,0.0,0.0,0.0,0.0,0.0,0.0,0.0,0.0,0.0,0.0,0.0,0.0,0.3691,0.02313,0.0,0.0,0.0,0.0,0.0,0.0,0.0,0.0,0.029097963142580025,1.6731328806983516,11.82832201745878,13.676042677012589,2.7352085354025224,0.05819592628516005,0.0,0.0,0.0,0.0,0.0,0.0,0.0,0.0,0.0,0.0,0.0,0.0,0.0,0.0,0.0,0.0
52300,4105,2141,0.5215590742996346,990,821,0.44116930572472596,1128,0.5495736906211937,0.422,2.9928716904276986,3.1563065407946893,6.710865561694291,2.2089746182477112,9329.782839653408,1414.4820481214142,7853.0,10747.40157532692,10684.477607088855,18.026280208859667,7853.0,0.0,27.642630937880632,20.84274827863509,32.632896652110624,19.130000998137376,0.14226552984165652,0.1023142509135201,0.09500609013398295,0.08453105968331304,0.08160779537149818,0.07722289890377589,0.06918392204628501,0.05968331303288672,0.059926918392204626,0.05237515225334957,0.0440925700365408,0.04092570036540804,0.02971985383678441,0.02582216808769793,0.01705237515225335,0.011449451887941534,0.00682095006090134,0.9113812500463478,0.02266951718454188,0.0,0.0,0.0,0.0,0.0,0.0,0.0,0.0,0.0,0.0,0.0,0.0,0.0,0.0,0.0,0.0,0.0,0.0,0.0,0.0,0.0,0.0,0.0,0.0,0.007308160779537151,0.6577344701583436,8.462850182704022,16.08526187576127,4.560292326431182,0.2265529841656517,4.307957153787299,2.9075985781501474,nan,nan,nan,4.411094224924012,2.9464055202232275,4.2035466461064,2.8650263542161447,0.9529487314859642,0.3699,0.0225,0.0,0.0,0.0,0.0,0.0,0.0,0.0,0.0,0.029232643118148605,1.6589524969549334,11.473812423873326,14.126674786845289,2.6967113276492087,0.014616321559074302,0.0,0.0,0.0,0.0,0.0,0.0,0.0,0.0,0.0,0.0,0.0,0.0,0.0,0.0,0.0,0.0,nan,nan,4.307957153787299,2.9075985781501474,nan,0.3699,0.11084,0.0,0.0,0.0,0.0,0.0,1.218026796589525e-05,0.0,0.0,0.0,0.0007186358099878198,0.00018270401948842875,0.0,0.0005724725943970768,0.002131546894031669,0.0007186358099878198,0.0036540803897685747,0.016017052375152253,0.007722289890377589,0.005298416565164434,0.004019488428745432,0.011705237515225335,0.028185140073081608,0.013800243605359318,0.02556638246041413,0.028197320341047504,0.022338611449451887,0.024945188794153472,0.036394640682095004,0.03713763702801462,0.029683313032886724,0.00904993909866017,0.02779537149817296,0.018964677222898903,0.03800243605359318,0.02749086479902558,0.029208282582216808,0.0397563946406821,0.06267965895249696,0.0489768574908648,0.05,0.02554202192448234,0.011875761266747869,0.00825822168087698,0.024275274056029233,0.03243605359317905,0.024725943970767356,0.016224116930572473,0.03584652862362972,0.013800243605359318,0.008221680876979293,0.020852618757612667,0.004945188794153471,0.005858708891595615,0.02602923264311815,0.006029232643118149,0.011619975639464068,0.0019610231425091352,0.02069427527405603,0.0025700365408038977,0.007320341047503045,0.02466504263093788,0.0034591961023142507,0.005420219244823386,0.0017783191230207065,0.003982947624847747,0.000146163215590743,0.0005237515225334958,0.0,1.218026796589525e-05,0.0,0.0,0.0,0.0,0.0,0.0,0.0,0.0,0.0,0.0,0.0,0.0,0.0,0.0,0.0,0.0,0.0,0.0,0.0,0.0,0.0,0.0,0.0,0.0,0.0,0.0,0.0,0.0,0.0,0.0,0.0,0.0,nan,nan,4.307957153787299,2.9075985781501474,nan,0.9110457858767592,0.0228333329429807,0.0,0.0,0.0,0.0,0.0,0.0,0.0,0.0,0.0,0.0,0.0,0.0,0.0,0.0,0.0,0.0,0.0,0.0,0.0,0.0,0.0,0.0,0.0,0.0,0.014012143858010279,0.7426436244745448,8.491359177954228,15.973843998131718,4.5539467538533405,0.22419430172816446,0.9117469469847844,0.0224838772138497,0.0,0.0,0.0,0.0,0.0,0.0,0.0,0.0,0.0,0.0,0.0,0.0,0.0,0.0,0.0,0.0,0.0,0.0,0.0,0.0,0.0,0.0,0.0,0.0,0.0,0.5651731160896132,8.431771894093687,16.206720977596746,4.567209775967414,0.22912423625254588,0.3696,0.02237,0.0,0.0,0.0,0.0,0.0,0.0,0.0,0.0,0.014012143858010279,1.8355908453993466,11.51798225128445,13.998131714152246,2.6202709014479217,0.014012143858010279,0.0,0.0,0.0,0.0,0.0,0.0,0.0,0.0,0.0,0.0,0.0,0.0,0.0,0.0,0.0,0.0,0.3704,0.02263,0.0,0.0,0.0,0.0,0.0,0.0,0.0,0.0,0.04582484725050917,1.4663951120162935,11.425661914460287,14.266802443991834,2.7800407331975565,0.015274949083503058,0.0,0.0,0.0,0.0,0.0,0.0,0.0,0.0,0.0,0.0,0.0,0.0,0.0,0.0,0.0,0.0
52400,4325,2227,0.5149132947976879,1025,884,0.4413872832369942,1233,0.5701734104046243,0.414,2.9585319351763584,3.084247028416756,6.616984402079723,2.0766730962776734,9311.213091250127,1415.4055719326466,7853.0,10740.458057165146,10684.958518031792,17.592723317277677,7853.0,0.0,27.618034682080925,20.721846243625638,32.51238986784141,19.00637096449697,0.1417341040462428,0.103121387283237,0.0899421965317919,0.09317919075144508,0.0776878612716763,0.07398843930635839,0.0684393063583815,0.06450867052023121,0.057341040462427745,0.0515606936416185,0.046473988439306356,0.04277456647398844,0.03213872832369942,0.025433526011560695,0.016416184971098265,0.009479768786127168,0.005780346820809248,0.9113835783638706,0.02311129488105895,0.0,0.0,0.0,0.0,0.0,0.0,0.0,0.0,0.0,0.0,0.0,0.0,0.0,0.0,0.0,0.0,0.0,0.0,0.0,0.0,0.0,0.0,0.0,0.0,0.0138728323699422,0.8809248554913297,8.268208092485551,15.738728323699425,4.8554913294797695,0.24277456647398848,4.296389891696751,2.8863968206238044,nan,nan,nan,4.2518037518037515,2.8966219678103506,4.341040462427745,2.87542770150301,1.0209879655395988,0.3704,0.0219,0.0,0.0,0.0,0.0,0.0,0.0,0.0,0.0,0.0277456647398844,1.3248554913294799,11.59768786127168,14.490173410404605,2.5387283236994223,0.0208092485549133,0.0,0.0,0.0,0.0,0.0,0.0,0.0,0.0,0.0,0.0,0.0,0.0,0.0,0.0,0.0,0.0,nan,nan,4.296389891696751,2.8863968206238044,nan,0.3704,0.11096,0.0,0.0,0.0,0.0,0.0,0.0,0.0,0.0,0.0,0.0004855491329479769,0.0004508670520231214,0.0,0.0006589595375722544,0.002023121387283237,0.00032369942196531793,0.003052023121387283,0.016670520231213872,0.008127167630057804,0.0042658959537572256,0.004242774566473989,0.01054335260115607,0.027722543352601155,0.014508670520231214,0.02578034682080925,0.02845086705202312,0.02292485549132948,0.025179190751445087,0.03472832369942196,0.039560693641618495,0.028104046242774565,0.010057803468208093,0.02808092485549133,0.01909826589595376,0.03803468208092486,0.026658959537572254,0.02876300578034682,0.040381502890173414,0.0640578034682081,0.04907514450867052,0.047260115606936416,0.026,0.01238150289017341,0.008219653179190751,0.025329479768786127,0.030809248554913293,0.02406936416184971,0.016289017341040463,0.03786127167630058,0.013526011560693642,0.008624277456647398,0.018774566473988438,0.00576878612716763,0.004786127167630058,0.026046242774566474,0.006670520231213873,0.012369942196531793,0.0022196531791907515,0.01885549132947977,0.002578034682080925,0.007653179190751445,0.025895953757225434,0.0035260115606936416,0.005294797687861272,0.0020115606936416184,0.0041734104046242775,0.0003930635838150289,0.0006011560693641618,0.0,0.0,0.0,0.0,0.0,0.0,0.0,0.0,0.0,0.0,0.0,0.0,0.0,0.0,0.0,0.0,0.0,0.0,0.0,0.0,0.0,0.0,0.0,0.0,0.0,0.0,0.0,0.0,0.0,0.0,0.0,0.0,0.0,0.0,nan,nan,4.296389891696751,2.8863968206238044,nan,0.911450977490309,0.02323624170603235,0.0,0.0,0.0,0.0,0.0,0.0,0.0,0.0,0.0,0.0,0.0,0.0,0.0,0.0,0.0,0.0,0.0,0.0,0.0,0.0,0.0,0.0,0.0,0.0,0.026942074539739565,0.8621463852716661,8.217332734620568,15.774584643017516,4.863044454422991,0.2559497081275259,0.9113120350585425,0.02297770577198959,0.0,0.0,0.0,0.0,0.0,0.0,0.0,0.0,0.0,0.0,0.0,0.0,0.0,0.0,0.0,0.0,0.0,0.0,0.0,0.0,0.0,0.0,0.0,0.0,0.0,0.9008579599618687,8.32221163012393,15.700667302192567,4.847473784556722,0.228789323164919,0.37,0.02206,0.0,0.0,0.0,0.0,0.0,0.0,0.0,0.0,0.040413111809609346,1.3201616524472386,11.921867983834758,14.11764705882351,2.586439155814998,0.013471037269869783,0.0,0.0,0.0,0.0,0.0,0.0,0.0,0.0,0.0,0.0,0.0,0.0,0.0,0.0,0.0,0.0,0.3706,0.02173,0.0,0.0,0.0,0.0,0.0,0.0,0.0,0.0,0.014299332697807438,1.3298379408960916,11.253574833174454,14.88560533841752,2.4880838894184945,0.028598665395614876,0.0,0.0,0.0,0.0,0.0,0.0,0.0,0.0,0.0,0.0,0.0,0.0,0.0,0.0,0.0,0.0
52500,4401,2278,0.5176096341740514,1100,889,0.45194274028629855,1236,0.5616905248807089,0.41,2.937352802637777,3.1171707707643774,6.540268456375839,2.183692441624742,9318.830573231678,1415.1391062006535,7853.0,10743.714255332947,10684.922894114408,17.515566919442836,7853.0,0.0,28.093160645307883,20.758836425427507,32.807351757445666,19.057140002413743,0.13269711429220632,0.10020449897750511,0.09338786639400136,0.08838900249943195,0.08361735969097932,0.08020904339922745,0.0652124517155192,0.06112247216541695,0.05794137695978187,0.04794364917064303,0.053624176323562825,0.039763690070438534,0.03317427857305158,0.029765962281299706,0.018404907975460124,0.008861622358554875,0.005680527152919791,0.9119111032844592,0.02279304877210979,0.0,0.0,0.0,0.0,0.0,0.0,0.0,0.0,0.0,0.0,0.0,0.0,0.0,0.0,0.0,0.0,0.0,0.0,0.0,0.0,0.0,0.0,0.0,0.0,0.0,0.6407634628493525,8.554873892297207,15.719154737559649,4.798909338786641,0.2862985685071575,4.19867086393844,2.9255155298722904,nan,nan,nan,4.21875,2.9314025072859273,4.176304654442878,2.9194551721837043,0.9899388810531266,0.3696,0.02168,0.0,0.0,0.0,0.0,0.0,0.0,0.0,0.0,0.040899795501022504,1.397409679618269,11.561008861622362,14.737559645535084,2.2290388548057263,0.034083162917518756,0.0,0.0,0.0,0.0,0.0,0.0,0.0,0.0,0.0,0.0,0.0,0.0,0.0,0.0,0.0,0.0,nan,nan,4.19867086393844,2.9255155298722904,nan,0.3696,0.1116,0.0,0.0,0.0,0.0,0.0,0.0,0.0,0.0,0.0,0.0006930243126562145,0.0005112474437627812,0.0,0.0008748011815496478,0.0021813224267212,0.00014769370597591457,0.0029765962281299704,0.01599636446262213,0.007986821177005226,0.0059872756191774595,0.004135423767325608,0.011270165871392865,0.028107248352647125,0.015167007498295842,0.029743240172688024,0.025471483753692344,0.02202908429902295,0.023278800272665302,0.03345830493069757,0.04130879345603272,0.02825494205862304,0.009588729834128607,0.029027493751420132,0.02122244944330834,0.03851397409679618,0.02883435582822086,0.030106793910474893,0.03935469211542831,0.06320154510338559,0.04813678709384231,0.04331970006816632,0.02682344921608725,0.011724608043626449,0.009475119291070212,0.026312201772324472,0.027766416723471937,0.02398318563962736,0.015098841172460804,0.03734378550329471,0.014246762099522836,0.008748011815496478,0.017246080436264487,0.0049079754601227,0.004760281754146785,0.027380140877073394,0.0070324926153147015,0.013065212451715519,0.0021131561008861624,0.017802772097250626,0.0030334014996591684,0.008304930697568734,0.025221540558963872,0.0035219268348102703,0.005282890252215406,0.001988184503521927,0.004760281754146785,0.0004317200636219041,0.0007384685298795728,0.0,0.0,0.0,0.0,0.0,0.0,0.0,0.0,0.0,0.0,0.0,0.0,0.0,0.0,0.0,0.0,0.0,0.0,0.0,0.0,0.0,0.0,0.0,0.0,0.0,0.0,0.0,0.0,0.0,0.0,0.0,0.0,0.0,0.0,nan,nan,4.19867086393844,2.9255155298722904,nan,0.9120677169265194,0.022593461127173954,0.0,0.0,0.0,0.0,0.0,0.0,0.0,0.0,0.0,0.0,0.0,0.0,0.0,0.0,0.0,0.0,0.0,0.0,0.0,0.0,0.0,0.0,0.0,0.0,0.0,0.566286215978929,8.507462686567166,15.961369622475859,4.661984196663741,0.30289727831431085,0.9117430552973592,0.023004096736127227,0.0,0.0,0.0,0.0,0.0,0.0,0.0,0.0,0.0,0.0,0.0,0.0,0.0,0.0,0.0,0.0,0.0,0.0,0.0,0.0,0.0,0.0,0.0,0.0,0.0,0.7206782854451249,8.605746585021198,15.459255770136602,4.945831370701838,0.26848798869524265,0.3694,0.02176,0.0,0.0,0.0,0.0,0.0,0.0,0.0,0.0,0.026338893766461816,1.4486391571553998,11.826163301141355,14.420544337137818,2.251975417032485,0.026338893766461816,0.0,0.0,0.0,0.0,0.0,0.0,0.0,0.0,0.0,0.0,0.0,0.0,0.0,0.0,0.0,0.0,0.3699,0.0216,0.0,0.0,0.0,0.0,0.0,0.0,0.0,0.0,0.056523787093735296,1.342439943476213,11.27649552520019,15.077720207253863,2.204427696655676,0.04239284032030147,0.0,0.0,0.0,0.0,0.0,0.0,0.0,0.0,0.0,0.0,0.0,0.0,0.0,0.0,0.0,0.0
52600,4225,2183,0.5166863905325444,1014,835,0.4376331360946746,1161,0.549585798816568,0.442,3.0009794319294807,3.1206554945302267,6.590987868284229,2.1371814221996415,9316.080093951281,1415.0953157344939,7853.0,10758.394917726517,10684.65982452779,17.20761169173025,7853.0,0.0,27.80852071005917,20.92020395012104,32.75479683972912,19.218976338047455,0.141301775147929,0.10366863905325444,0.09112426035502959,0.08899408284023669,0.07905325443786983,0.07289940828402366,0.07218934911242604,0.06059171597633136,0.05633136094674556,0.050177514792899405,0.04994082840236686,0.0421301775147929,0.03218934911242603,0.02272189349112426,0.01988165680473373,0.009230769230769232,0.00757396449704142,0.9113128115862784,0.022448034113579488,0.0,0.0,0.0,0.0,0.0,0.0,0.0,0.0,0.0,0.0,0.0,0.0,0.0,0.0,0.0,0.0,0.0,0.0,0.0,0.0,0.0,0.0,0.0,0.0,0.007100591715976333,0.7739644970414203,8.22958579881657,16.310059171597636,4.466272189349113,0.21301775147929,4.274814814814815,2.8489171046926147,nan,nan,nan,4.187082405345212,2.8016401010864325,4.362158167036216,2.8925756198064696,1.0418133069145004,0.369,0.02196,0.0,0.0,0.0,0.0,0.0,0.0,0.0,0.0,0.021301775147928997,1.4627218934911246,12.362130177514796,13.739644970414181,2.364497041420119,0.04970414201183433,0.0,0.0,0.0,0.0,0.0,0.0,0.0,0.0,0.0,0.0,0.0,0.0,0.0,0.0,0.0,0.0,nan,nan,4.274814814814815,2.8489171046926147,nan,0.369,0.1111,0.0,0.0,0.0,0.0,0.0,0.0,0.0,0.0,0.0,0.0006982248520710059,0.00046153846153846153,0.0,0.0009349112426035503,0.0024023668639053253,0.0001301775147928994,0.002970414201183432,0.01485207100591716,0.008579881656804733,0.005431952662721893,0.004047337278106509,0.010366863905325444,0.028532544378698226,0.015715976331360945,0.029597633136094675,0.025076923076923077,0.02272189349112426,0.022366863905325444,0.03565680473372781,0.042710059171597634,0.02886390532544379,0.01072189349112426,0.02863905325443787,0.021337278106508876,0.03857988165680473,0.02906508875739645,0.0296094674556213,0.03814201183431953,0.06489940828402367,0.046662721893491126,0.043822485207100595,0.02791715976331361,0.012378698224852071,0.009053254437869822,0.02505325443786982,0.028224852071005918,0.025810650887573963,0.015727810650887575,0.03621301775147929,0.013301775147928994,0.008402366863905325,0.016840236686390533,0.004710059171597633,0.004201183431952663,0.025207100591715978,0.006946745562130177,0.013242603550295858,0.0022958579881656805,0.01655621301775148,0.0031715976331360947,0.009692307692307693,0.025857988165680475,0.0027810650887573965,0.005124260355029586,0.00221301775147929,0.004579881656804734,0.0003076923076923077,0.0005798816568047337,1.1834319526627219e-05,0.0,0.0,0.0,0.0,0.0,0.0,0.0,0.0,0.0,0.0,0.0,0.0,0.0,0.0,0.0,0.0,0.0,0.0,0.0,0.0,0.0,0.0,0.0,0.0,0.0,0.0,0.0,0.0,0.0,0.0,0.0,0.0,0.0,nan,nan,4.274814814814815,2.8489171046926147,nan,0.9116987999950152,0.022302930650028953,0.0,0.0,0.0,0.0,0.0,0.0,0.0,0.0,0.0,0.0,0.0,0.0,0.0,0.0,0.0,0.0,0.0,0.0,0.0,0.0,0.0,0.0,0.0,0.0,0.0,0.8245533669262485,7.874484654145673,16.559780119102157,4.507558405863492,0.23362345396243706,0.9109001706968208,0.022594835376294038,0.0,0.0,0.0,0.0,0.0,0.0,0.0,0.0,0.0,0.0,0.0,0.0,0.0,0.0,0.0,0.0,0.0,0.0,0.0,0.0,0.0,0.0,0.0,0.0,0.01469147894221352,0.7198824681684624,8.609206660137122,16.043095004897165,4.42213516160627,0.19098922624877576,0.3694,0.02167,0.0,0.0,0.0,0.0,0.0,0.0,0.0,0.0,0.013742556115437475,1.4704535043518099,12.02473660100779,14.18231791113145,2.253779202931746,0.0549702244617499,0.0,0.0,0.0,0.0,0.0,0.0,0.0,0.0,0.0,0.0,0.0,0.0,0.0,0.0,0.0,0.0,0.3687,0.02225,0.0,0.0,0.0,0.0,0.0,0.0,0.0,0.0,0.02938295788442704,1.4544564152791384,12.722820763956909,13.266405484818785,2.482859941234085,0.044074436826640556,0.0,0.0,0.0,0.0,0.0,0.0,0.0,0.0,0.0,0.0,0.0,0.0,0.0,0.0,0.0,0.0
52700,4533,2337,0.5155526141628061,1146,895,0.45025369512464153,1232,0.543569380101478,0.422,2.9790528233151186,3.0861223857331646,6.517350157728707,2.143256296495692,9312.545557583007,1414.886471777588,7853.0,10748.04168689251,10684.031241987064,17.500114745391244,7853.0,0.0,27.896977718949923,20.82837164085371,32.801574803149606,19.09771798319538,0.13831899404367967,0.1028016765938672,0.09243326715199647,0.08228546216633575,0.08449150672843592,0.07699095521729539,0.06794617251268475,0.06353408338848444,0.05493050959629384,0.05735715861460401,0.04742995808515332,0.03684094418707258,0.03485550408118244,0.025810721376571807,0.017207147584381206,0.009485991617030664,0.00727994705493051,0.9116940397235854,0.022994837984449488,0.0,0.0,0.0,0.0,0.0,0.0,0.0,0.0,0.0,0.0,0.0,0.0,0.0,0.0,0.0,0.0,0.0,0.0,0.0,0.0,0.0,0.0,0.0,0.0,0.006618133686300465,0.8206485771012576,8.26604897418928,15.625413633355397,5.062872270019855,0.21839841164791535,4.189290586630286,2.879571442625726,nan,nan,nan,4.1970954356846475,2.9097570160908783,4.182491582491583,2.850665322677441,0.9965204857938422,0.3694,0.02191,0.0,0.0,0.0,0.0,0.0,0.0,0.0,0.0,0.02647253474520186,1.6148246194573135,11.581733951025814,14.506949040370593,2.236929185969557,0.033090668431502324,0.0,0.0,0.0,0.0,0.0,0.0,0.0,0.0,0.0,0.0,0.0,0.0,0.0,0.0,0.0,0.0,nan,nan,4.189290586630286,2.879571442625726,nan,0.3694,0.11084,0.0,0.0,0.0,0.0,0.0,0.0,0.0,0.0,0.0,0.000672843591440547,0.0005846018089565409,0.0,0.001257445400397088,0.002316346790205162,0.00022060445621001543,0.0026582836973306863,0.013567174056915949,0.006816677696889477,0.005448930068387381,0.0042797264504742995,0.011074343701742775,0.02743216412971542,0.016501213324509156,0.029472755349658063,0.02640635340833885,0.022225898963159057,0.022027354952570043,0.0370946393117141,0.04228987425545996,0.027101257445400397,0.010092653871608206,0.028325612177365983,0.023670858151334656,0.03783366424001765,0.028182219280829472,0.028910213986322524,0.037271122876682106,0.06994264284138539,0.0457313037723362,0.042620780939774984,0.028601367747628503,0.01256342378116038,0.010953011250827267,0.025193028899183765,0.030465475402603134,0.025799691153761305,0.014074564306198986,0.033906904919479376,0.013666446062210456,0.007930730200750056,0.01689830134568718,0.0057026251930288995,0.003684094418707258,0.023273770130156628,0.006805647474078976,0.014251047871166997,0.0020626516655636445,0.017251268475623208,0.003673064195896757,0.01044562100154423,0.02512684756232076,0.002382528127068167,0.005360688285903375,0.002382528127068167,0.004577542466357821,0.0003639973527465255,0.0005625413633355393,1.1030222810500772e-05,0.0,0.0,0.0,0.0,0.0,0.0,0.0,0.0,0.0,0.0,0.0,0.0,0.0,0.0,0.0,0.0,0.0,0.0,0.0,0.0,0.0,0.0,0.0,0.0,0.0,0.0,0.0,0.0,0.0,0.0,0.0,0.0,0.0,nan,nan,4.189290586630286,2.879571442625726,nan,0.9109218867609631,0.023054401578950563,0.0,0.0,0.0,0.0,0.0,0.0,0.0,0.0,0.0,0.0,0.0,0.0,0.0,0.0,0.0,0.0,0.0,0.0,0.0,0.0,0.0,0.0,0.0,0.0,0.01283697047496791,0.8985879332477538,8.395378690629013,15.738125802310657,4.736842105263158,0.2182284980744545,0.9125157708135894,0.022902704188296232,0.0,0.0,0.0,0.0,0.0,0.0,0.0,0.0,0.0,0.0,0.0,0.0,0.0,0.0,0.0,0.0,0.0,0.0,0.0,0.0,0.0,0.0,0.0,0.0,0.0,0.737704918032787,8.12841530054645,15.50546448087432,5.409836065573772,0.21857923497267764,0.369,0.02217,0.0,0.0,0.0,0.0,0.0,0.0,0.0,0.0,0.02567394094993582,1.7715019255455717,11.630295250320927,14.326059050064163,2.2079589216944804,0.03851091142490373,0.0,0.0,0.0,0.0,0.0,0.0,0.0,0.0,0.0,0.0,0.0,0.0,0.0,0.0,0.0,0.0,0.3699,0.02164,0.0,0.0,0.0,0.0,0.0,0.0,0.0,0.0,0.027322404371584706,1.4480874316939896,11.530054644808747,14.699453551912546,2.2677595628415306,0.027322404371584706,0.0,0.0,0.0,0.0,0.0,0.0,0.0,0.0,0.0,0.0,0.0,0.0,0.0,0.0,0.0,0.0
52800,4689,2401,0.5120494775005332,1132,993,0.45318831307314994,1345,0.5736830880784816,0.41,2.8854895104895104,3.0529990880621227,6.523887973640857,2.1521238214770637,9302.948563071577,1415.4730842989582,7853.0,10768.864745616913,10684.657147956113,17.54792000609405,7853.0,0.0,27.689486031136703,20.669596575079225,32.68492103922568,18.87566395093886,0.1420345489443378,0.09788867562380038,0.0925570484111751,0.09383663894220516,0.07720196203881424,0.072723395180209,0.06632544252505865,0.06611217743655363,0.061420345489443376,0.05544892301130305,0.04819791000213265,0.03988057155043719,0.027724461505651526,0.02431222008957134,0.019407123053956067,0.009383663894220516,0.005544892301130305,0.9115093063001415,0.022776190021593628,0.0,0.0,0.0,0.0,0.0,0.0,0.0,0.0,0.0,0.0,0.0,0.0,0.0,0.0,0.0,0.0,0.0,0.0,0.0,0.0,0.0,0.0,0.0,0.0,0.0,0.7357645553422907,8.470889315419068,15.57901471529111,4.977607165706974,0.23672424824056307,4.260652463382157,2.8352985410067624,nan,nan,nan,4.2073089700996675,2.813035579284096,4.315086782376502,2.8572255206838193,1.025616804718357,0.369,0.02202,0.0,0.0,0.0,0.0,0.0,0.0,0.0,0.0,0.038387715930902115,1.8106206014075499,11.618682021753042,14.273832373640413,2.245681381957774,0.012795905310300707,0.0,0.0,0.0,0.0,0.0,0.0,0.0,0.0,0.0,0.0,0.0,0.0,0.0,0.0,0.0,0.0,nan,nan,4.260652463382157,2.8352985410067624,nan,0.369,0.1107,0.0,0.0,0.0,0.0,0.0,0.0,0.0,0.0,0.0,0.0004478566858605246,0.0007677543186180423,0.0,0.0013755598208573256,0.002089997867349115,0.0002985711239070164,0.0034335679249306887,0.015035188739603326,0.007123053956067392,0.00508637236084453,0.004307954787801237,0.01088718276818085,0.029729153337598634,0.016815952228620173,0.026348901684794198,0.02487737257410962,0.021582426956707187,0.022115589677969717,0.037076135636596286,0.04160801876732779,0.02838558328001706,0.01019407123053956,0.02927063339731286,0.022424824056301983,0.037513329068031565,0.030667519727020687,0.030070377479206652,0.03570057581573896,0.06674130944764342,0.04509490296438473,0.04280230326295585,0.030411601620814674,0.012476007677543186,0.011217743655363616,0.025421198549797398,0.03335465984218383,0.026956707187033482,0.01436340371081254,0.03397312859884837,0.014267434420985286,0.007496267860951162,0.01561100447856686,0.00600341224141608,0.003486884197056942,0.020036255065045853,0.006525911708253359,0.01383024098955001,0.0023032629558541267,0.01850074642780977,0.0036148432501599487,0.011537641288121134,0.023117935593943272,0.0025378545532096395,0.005928769460439326,0.0018767327788441032,0.00419065898912348,0.00028790786948176584,0.000799744081893794,0.0,0.0,0.0,0.0,0.0,0.0,0.0,0.0,0.0,0.0,0.0,0.0,0.0,0.0,0.0,0.0,0.0,0.0,0.0,0.0,0.0,0.0,0.0,0.0,0.0,0.0,0.0,0.0,0.0,0.0,0.0,0.0,0.0,0.0,nan,nan,4.260652463382157,2.8352985410067624,nan,0.9121045736857426,0.0223549692704117,0.0,0.0,0.0,0.0,0.0,0.0,0.0,0.0,0.0,0.0,0.0,0.0,0.0,0.0,0.0,0.0,0.0,0.0,0.0,0.0,0.0,0.0,0.0,0.0,0.0,0.6747188671386924,8.0341524364848,15.93086214077468,5.135360266555604,0.22490628904623078,0.9108846397822971,0.023193573200183098,0.0,0.0,0.0,0.0,0.0,0.0,0.0,0.0,0.0,0.0,0.0,0.0,0.0,0.0,0.0,0.0,0.0,0.0,0.0,0.0,0.0,0.0,0.0,0.0,0.0,0.799825174825175,8.929195804195805,15.209790209790214,4.8120629370629375,0.24912587412587417,0.369,0.02214,0.0,0.0,0.0,0.0,0.0,0.0,0.0,0.0,0.049979175343606845,1.8867138692211582,11.32028321532695,14.41899208663055,2.324031653477718,0.0,0.0,0.0,0.0,0.0,0.0,0.0,0.0,0.0,0.0,0.0,0.0,0.0,0.0,0.0,0.0,0.0,0.3687,0.0219,0.0,0.0,0.0,0.0,0.0,0.0,0.0,0.0,0.02622377622377623,1.730769230769231,11.931818181818185,14.121503496503475,2.1634615384615388,0.02622377622377623,0.0,0.0,0.0,0.0,0.0,0.0,0.0,0.0,0.0,0.0,0.0,0.0,0.0,0.0,0.0,0.0
52900,4772,2452,0.5138306789606035,1169,974,0.44907795473595974,1348,0.5649622799664711,0.414,3.0482758620689654,3.154949115897136,6.7155688622754495,2.154912950932429,9308.100327600978,1415.4481864642394,7853.0,10743.32553243637,10684.867358610058,17.613624650211342,7853.0,0.0,28.237845766974015,20.98871610911812,33.13056453618503,19.23795969341621,0.1366303436714166,0.09639564124056998,0.09450963956412406,0.08487007544006706,0.08319362950544845,0.07585917854149203,0.07355406538139145,0.058466051969823976,0.057418273260687346,0.050293378038558254,0.05113160100586756,0.041282481139983236,0.030176026823134954,0.028080469404861693,0.018860016764459347,0.011316010058675607,0.00796311818943839,0.91287638370669,0.022880981108256516,0.0,0.0,0.0,0.0,0.0,0.0,0.0,0.0,0.0,0.0,0.0,0.0,0.0,0.0,0.0,0.0,0.0,0.0,0.0,0.0,0.0,0.0,0.0,0.0,0.012573344509639567,0.6349538977367981,7.9463537300922065,15.898994132439231,5.23051131601006,0.27661357921207047,4.298680399098809,2.9012735175608886,nan,nan,nan,4.276264591439689,2.9122834899509553,4.320766773162939,2.890214301601789,1.0104067886286399,0.3687,0.022,0.0,0.0,0.0,0.0,0.0,0.0,0.0,0.0,0.01886001676445935,1.653394803017603,12.397317686504612,13.56035205364625,2.3009220452640404,0.06915339480301762,0.0,0.0,0.0,0.0,0.0,0.0,0.0,0.0,0.0,0.0,0.0,0.0,0.0,0.0,0.0,0.0,nan,nan,4.298680399098809,2.9012735175608886,nan,0.3687,0.11066,0.0,0.0,0.0,0.0,4.191114836546522e-05,0.0,0.0,0.0,0.0,0.0006181894383906119,0.0007124895222129086,0.0,0.0012468566638725901,0.0024727577535624476,0.000345766974015088,0.0038558256496228,0.0154233025984912,0.005165549036043588,0.005259849119865884,0.005050293378038558,0.010750209555741828,0.030406538139145012,0.016031014249790445,0.027535624476110646,0.024423721709974852,0.022066219614417435,0.021207041072925398,0.036881810561609385,0.042225481978206206,0.027923302598491198,0.01122170997485331,0.02945305951383068,0.020211651299245598,0.035593042749371334,0.030176026823134954,0.031087594300083822,0.03702849958088852,0.06897527242246437,0.04694048616932104,0.041282481139983236,0.02919111483654652,0.012887678122380553,0.01122170997485331,0.022527242246437554,0.034335708298407375,0.028531014249790446,0.01595766974015088,0.03397946353730092,0.013966890192791282,0.008005029337803856,0.015664291701592625,0.006401927912824811,0.003426236378876781,0.01919530595138307,0.005678960603520537,0.012919111483654652,0.001760268231349539,0.018839061190276615,0.003562447611064543,0.010949287510477787,0.023166387259010896,0.0021898575020955573,0.006422883487007544,0.002085079631181894,0.004149203688181056,0.0004924559932942162,0.0008801341156747695,0.0,0.0,0.0,0.0,0.0,0.0,0.0,0.0,0.0,0.0,0.0,0.0,0.0,0.0,0.0,0.0,0.0,0.0,0.0,0.0,0.0,0.0,0.0,0.0,0.0,0.0,0.0,0.0,0.0,0.0,0.0,0.0,0.0,0.0,nan,nan,4.298680399098809,2.9012735175608886,nan,0.9128492171184858,0.02227851816196146,0.0,0.0,0.0,0.0,0.0,0.0,0.0,0.0,0.0,0.0,0.0,0.0,0.0,0.0,0.0,0.0,0.0,0.0,0.0,0.0,0.0,0.0,0.0,0.0,0.012234910277324635,0.5750407830342579,7.671288743882546,16.407014681892335,5.0652528548124,0.269168026101142,0.9129050959800852,0.02350090630731859,0.0,0.0,0.0,0.0,0.0,0.0,0.0,0.0,0.0,0.0,0.0,0.0,0.0,0.0,0.0,0.0,0.0,0.0,0.0,0.0,0.0,0.0,0.0,0.0,0.012931034482758624,0.6982758620689657,8.237068965517244,15.362068965517244,5.405172413793105,0.2844827586206897,0.3684,0.02208,0.0,0.0,0.0,0.0,0.0,0.0,0.0,0.0,0.02446982055464927,1.676182707993475,12.504078303425779,13.348287112561156,2.34910277324633,0.09787928221859708,0.0,0.0,0.0,0.0,0.0,0.0,0.0,0.0,0.0,0.0,0.0,0.0,0.0,0.0,0.0,0.0,0.3687,0.02193,0.0,0.0,0.0,0.0,0.0,0.0,0.0,0.0,0.012931034482758624,1.6293103448275865,12.284482758620692,13.784482758620669,2.2500000000000004,0.03879310344827587,0.0,0.0,0.0,0.0,0.0,0.0,0.0,0.0,0.0,0.0,0.0,0.0,0.0,0.0,0.0,0.0
53000,4839,2494,0.5153957429220913,1149,1029,0.4500929944203348,1392,0.5753254804711717,0.40199999999999997,2.9492537313432834,3.117114268367401,6.654088050314465,2.184817311372061,9313.104902031304,1415.8742881849857,7853.0,10744.007085323334,10685.978196042293,17.672857126489177,7853.0,0.0,27.314941103533787,20.582999130969817,32.23604938271605,18.89571338670819,0.1417648274436867,0.0975408142178136,0.09960735689191982,0.09258111179995866,0.08534821244058689,0.07439553626782393,0.06488943996693532,0.06344286009506096,0.05889646621202728,0.05042364124819178,0.04629055589997933,0.03699111386650134,0.0328580285182889,0.022938623682579044,0.01632568712543914,0.008059516429014259,0.007646207894193015,0.9143266789823012,0.023258971574888897,0.0,0.0,0.0,0.0,0.0,0.0,0.0,0.0,0.0,0.0,0.0,0.0,0.0,0.0,0.0,0.0,0.0,0.0,0.0,0.0,0.0,0.0,0.0,0.0,0.0,0.6509609423434596,7.371357718536889,15.93924364538128,5.691258524488532,0.3471791692498451,4.273109243697479,2.9443350386799714,nan,nan,nan,4.317439581972567,2.9679019152730555,4.229686500319898,2.920414013102246,0.9796747400892228,0.3691,0.02194,0.0,0.0,0.0,0.0,0.0,0.0,0.0,0.0,0.02479851208927465,1.4073155610663364,11.983880967141975,14.215747055176669,2.312461252324861,0.055796652200867956,0.0,0.0,0.0,0.0,0.0,0.0,0.0,0.0,0.0,0.0,0.0,0.0,0.0,0.0,0.0,0.0,nan,nan,4.273109243697479,2.9443350386799714,nan,0.3691,0.11005,0.0,0.0,0.0,0.0,2.0665426741062202e-05,0.0,0.0,0.0,0.0,0.00044430667493283737,0.00044430667493283737,0.0,0.0010332713370531101,0.002149204381070469,0.00047530481504443067,0.003358131845422608,0.01463112213267204,0.00459805744988634,0.004401735895846249,0.005672659640421574,0.011221326720396775,0.03122545980574499,0.014806778259971069,0.02812564579458566,0.024912171936350487,0.020334779913205207,0.020510436040504235,0.037859061789625954,0.04375904112419921,0.02814631122132672,0.010828683612316594,0.030812151270923745,0.020985740855548666,0.034015292415788385,0.028673279603223807,0.029499896672866295,0.038613349865674725,0.06985947509816078,0.04664186815457739,0.040783219673486255,0.028187642074808845,0.013091547840462906,0.010715023765240752,0.02380657160570366,0.034490597230832816,0.030150857615209754,0.016749328373630915,0.03473858235172556,0.015158090514569126,0.007759867741268857,0.017668939863608183,0.005548667079975201,0.0023971895019632154,0.01698698078115313,0.005848315767720603,0.013866501343252739,0.001622235999173383,0.017410622029344906,0.0036267823930564167,0.01145897912791899,0.02372390989873941,0.002035544533994627,0.0069435833849969,0.0027071709030791484,0.0032961355651994215,0.00048563752841496177,0.0006199628022318661,5.166356685265551e-05,1.0332713370531101e-05,0.0,0.0,0.0,0.0,0.0,0.0,0.0,0.0,0.0,0.0,0.0,0.0,0.0,0.0,0.0,0.0,0.0,0.0,0.0,0.0,0.0,0.0,0.0,0.0,0.0,0.0,0.0,0.0,0.0,0.0,0.0,0.0,nan,nan,4.273109243697479,2.9443350386799714,nan,0.9144398228779925,0.023047923657502953,0.0,0.0,0.0,0.0,0.0,0.0,0.0,0.0,0.0,0.0,0.0,0.0,0.0,0.0,0.0,0.0,0.0,0.0,0.0,0.0,0.0,0.0,0.0,0.0,0.0,0.7457898957497997,7.097032878909384,16.28708901363272,5.58139534883721,0.2886928628708902,0.9142063459862015,0.023480749708736877,0.0,0.0,0.0,0.0,0.0,0.0,0.0,0.0,0.0,0.0,0.0,0.0,0.0,0.0,0.0,0.0,0.0,0.0,0.0,0.0,0.0,0.0,0.0,0.0,0.0,0.5501066098081024,7.66311300639659,15.569296375266527,5.808102345415779,0.4093816631130065,0.369,0.0218,0.0,0.0,0.0,0.0,0.0,0.0,0.0,0.0,0.024057738572574185,1.4915797914995994,11.848436246992785,14.470729751403347,2.105052125100241,0.06014434643143546,0.0,0.0,0.0,0.0,0.0,0.0,0.0,0.0,0.0,0.0,0.0,0.0,0.0,0.0,0.0,0.0,0.3696,0.02206,0.0,0.0,0.0,0.0,0.0,0.0,0.0,0.0,0.025586353944562906,1.3176972281449897,12.127931769722817,13.94456289978676,2.5330490405117274,0.05117270788912581,0.0,0.0,0.0,0.0,0.0,0.0,0.0,0.0,0.0,0.0,0.0,0.0,0.0,0.0,0.0,0.0
53100,4768,2437,0.5111157718120806,1113,1016,0.4465184563758389,1380,0.5788590604026845,0.38599999999999995,2.8335478335478337,2.943294814824718,6.1589205397301345,2.1387950841482968,9301.21753096533,1416.4244162577622,7853.0,10748.288650751114,10686.44324482671,17.12906258313614,7853.0,0.0,28.538171140939596,21.175179436596355,33.38724882163235,19.434095671511056,0.13653523489932887,0.09710570469798657,0.09479865771812081,0.08473154362416108,0.0776006711409396,0.0700503355704698,0.0700503355704698,0.06417785234899329,0.06208053691275168,0.0539010067114094,0.04865771812080537,0.042156040268456374,0.03208892617449664,0.025587248322147652,0.019085570469798658,0.01174496644295302,0.00964765100671141,0.9138575319775799,0.022513992739209468,0.0,0.0,0.0,0.0,0.0,0.0,0.0,0.0,0.0,0.0,0.0,0.0,0.0,0.0,0.0,0.0,0.0,0.0,0.0,0.0,0.0,0.0,0.0,0.0,0.0,0.5222315436241611,7.669882550335572,15.937500000000004,5.574664429530203,0.29572147651006714,4.074574091931854,2.71859785334761,nan,nan,nan,4.172077922077922,2.768256912136315,3.978994271164863,2.66556259366934,0.9537200276410722,0.3699,0.02197,0.0,0.0,0.0,0.0,0.0,0.0,0.0,0.0,0.0,1.4408557046979868,11.791107382550338,14.005872483221456,2.692953020134229,0.06921140939597317,0.0,0.0,0.0,0.0,0.0,0.0,0.0,0.0,0.0,0.0,0.0,0.0,0.0,0.0,0.0,0.0,nan,nan,4.074574091931854,2.71859785334761,nan,0.3699,0.11096,0.0,0.0,0.0,0.0,0.00010486577181208053,0.0,0.0,0.0,0.0,0.0005662751677852349,0.0006396812080536913,0.0,0.0013527684563758389,0.0018561241610738255,0.0009333053691275168,0.003303271812080537,0.014429530201342283,0.004781879194630872,0.003974412751677852,0.005841023489932886,0.011377936241610738,0.030809563758389263,0.014419043624161073,0.027411912751677852,0.02490562080536913,0.018907298657718122,0.021916946308724834,0.038863255033557045,0.042197986577181205,0.02908976510067114,0.011210151006711409,0.030725671140939596,0.019043624161073826,0.03490981543624161,0.030935402684563757,0.028901006711409397,0.037300755033557044,0.06756501677852349,0.046707214765100674,0.0401006711409396,0.02920511744966443,0.012541946308724832,0.011650587248322148,0.02514681208053691,0.03342072147651007,0.0290373322147651,0.017491610738255035,0.03386115771812081,0.015111157718120806,0.007508389261744967,0.017281879194630874,0.004299496644295302,0.002590184563758389,0.01854026845637584,0.006428271812080537,0.014083473154362416,0.001552013422818792,0.017114093959731545,0.003523489932885906,0.012416107382550336,0.024255453020134227,0.0019295302013422819,0.008431208053691274,0.0026740771812080537,0.0030935402684563757,0.0006082214765100671,0.0010801174496644296,4.194630872483221e-05,0.0,0.0,0.0,0.0,0.0,0.0,0.0,0.0,0.0,0.0,0.0,0.0,0.0,0.0,0.0,0.0,0.0,0.0,0.0,0.0,0.0,0.0,0.0,0.0,0.0,0.0,0.0,0.0,0.0,0.0,0.0,0.0,0.0,nan,nan,4.074574091931854,2.71859785334761,nan,0.9135374224816966,0.022612174502790013,0.0,0.0,0.0,0.0,0.0,0.0,0.0,0.0,0.0,0.0,0.0,0.0,0.0,0.0,0.0,0.0,0.0,0.0,0.0,0.0,0.0,0.0,0.0,0.0,0.0,0.5293393516618794,7.9524004924087,15.597045547804681,5.613459171112025,0.3077554370127206,0.9141921981472357,0.022405996860727213,0.0,0.0,0.0,0.0,0.0,0.0,0.0,0.0,0.0,0.0,0.0,0.0,0.0,0.0,0.0,0.0,0.0,0.0,0.0,0.0,0.0,0.0,0.0,0.0,0.0,0.5148005148005149,7.374517374517376,16.293436293436297,5.534105534105536,0.28314028314028317,0.3706,0.0218,0.0,0.0,0.0,0.0,0.0,0.0,0.0,0.0,0.0,1.267952400492409,11.596224866639314,14.390644234714792,2.6466967583093974,0.0984817398440706,0.0,0.0,0.0,0.0,0.0,0.0,0.0,0.0,0.0,0.0,0.0,0.0,0.0,0.0,0.0,0.0,0.3691,0.02213,0.0,0.0,0.0,0.0,0.0,0.0,0.0,0.0,0.0,1.621621621621622,11.994851994851999,13.603603603603583,2.741312741312742,0.038610038610038616,0.0,0.0,0.0,0.0,0.0,0.0,0.0,0.0,0.0,0.0,0.0,0.0,0.0,0.0,0.0,0.0
53200,4463,2290,0.5131077750392113,1073,938,0.45059377100604975,1265,0.5668832623795653,0.418,2.8380119650253106,3.0775361595728747,6.617283950617284,2.2030724966611714,9306.632330323238,1416.0673508623936,7853.0,10754.68428492546,10685.996109271882,17.60097207176029,7853.0,0.0,27.606990813354248,20.652956812878795,32.6485254691689,18.842441234074183,0.14743446112480393,0.09343490925386512,0.09455523190678916,0.09164239300918664,0.07528568227649562,0.07013219807304504,0.07506161774591082,0.0663231010531033,0.060273358727313465,0.054447680932108444,0.04414071252520726,0.03965942191351109,0.028008066323101054,0.026215550078422585,0.01994174322204795,0.00717006497871387,0.006273806856374636,0.912593072501902,0.022453070692360286,0.0,0.0,0.0,0.0,0.0,0.0,0.0,0.0,0.0,0.0,0.0,0.0,0.0,0.0,0.0,0.0,0.0,0.0,0.0,0.0,0.0,0.0,0.0,0.0,0.020165807752632763,0.5243110015684518,7.851221151691689,16.15953394577639,5.216222272014341,0.22854582119650466,4.203974895397489,2.87705264097676,nan,nan,nan,4.171468728039353,2.847020317372578,4.238919667590028,2.904835580030186,1.0161695901247658,0.371,0.022,0.0,0.0,0.0,0.0,0.0,0.0,0.0,0.0,0.006721935917544254,1.2368362088281426,11.36007170064979,14.499215774142932,2.8635447008738524,0.03360967958772127,0.0,0.0,0.0,0.0,0.0,0.0,0.0,0.0,0.0,0.0,0.0,0.0,0.0,0.0,0.0,0.0,nan,nan,4.203974895397489,2.87705264097676,nan,0.371,0.1103,0.0,0.0,0.0,0.0,0.00022406453058480843,0.0,0.0,0.0,0.0,0.0007618194039883487,0.000773022630517589,0.0,0.0009970871611023975,0.001725296885503025,0.0011315258794532825,0.002095003360967959,0.013723952498319515,0.00556800358503249,0.0033609679587721262,0.004839793860631862,0.011259242661886623,0.031032937485995966,0.014149675106430651,0.024445440286802598,0.024848756441855253,0.017981178579430875,0.02211516916872059,0.04047725745014564,0.042202554335648665,0.02899395025767421,0.010822316827246247,0.03310553439390544,0.019628052879229217,0.032522966614384946,0.032265292404212415,0.030383150347300023,0.036320860407797445,0.0660206139368138,0.04828590634102622,0.0381917992381806,0.028792292180147883,0.012704458884158637,0.01302935245350661,0.028613040555680036,0.030192695496302935,0.03012547613712749,0.01735379789379341,0.03532377324669505,0.014609007394129509,0.007920681156172978,0.016860855926506834,0.004638135783105534,0.0026999775935469413,0.02024423033833744,0.006553887519605646,0.01542684293076406,0.0016580775263275824,0.017387407573381135,0.0036298453954738963,0.011808200761819404,0.022484875644185526,0.001960564642617074,0.008660094107102846,0.002240645305848084,0.003349764732242886,0.0004817387407573381,0.0009970871611023975,0.0,0.0,0.0,0.0,0.0,0.0,0.0,0.0,0.0,0.0,0.0,0.0,0.0,0.0,0.0,0.0,0.0,0.0,0.0,0.0,0.0,0.0,0.0,0.0,0.0,0.0,0.0,0.0,0.0,0.0,0.0,0.0,0.0,0.0,nan,nan,4.203974895397489,2.87705264097676,nan,0.9127957224845886,0.022218218347890544,0.0,0.0,0.0,0.0,0.0,0.0,0.0,0.0,0.0,0.0,0.0,0.0,0.0,0.0,0.0,0.0,0.0,0.0,0.0,0.0,0.0,0.0,0.0,0.0,0.0,0.4585152838427949,7.899563318777294,16.17903930131005,5.253275109170306,0.20960698689956336,0.9123795113144413,0.022695980376260687,0.0,0.0,0.0,0.0,0.0,0.0,0.0,0.0,0.0,0.0,0.0,0.0,0.0,0.0,0.0,0.0,0.0,0.0,0.0,0.0,0.0,0.0,0.0,0.0,0.04141739530602854,0.5936493327197424,7.800276115968709,16.138978370915787,5.177174413253567,0.24850437183617125,0.3706,0.0221,0.0,0.0,0.0,0.0,0.0,0.0,0.0,0.0,0.0,1.310043668122271,11.541484716157209,14.240174672489061,2.895196506550219,0.01310043668122271,0.0,0.0,0.0,0.0,0.0,0.0,0.0,0.0,0.0,0.0,0.0,0.0,0.0,0.0,0.0,0.0,0.3713,0.02191,0.0,0.0,0.0,0.0,0.0,0.0,0.0,0.0,0.013805798435342848,1.159687068568799,11.168890934192362,14.772204325816821,2.8301886792452837,0.05522319374137139,0.0,0.0,0.0,0.0,0.0,0.0,0.0,0.0,0.0,0.0,0.0,0.0,0.0,0.0,0.0,0.0
53300,4504,2326,0.5164298401420959,1082,936,0.4480461811722913,1292,0.5737122557726465,0.414,2.9292929292929295,3.084746613123486,6.636518771331058,2.0686092417467656,9316.633967349097,1416.3591117949493,7853.0,10738.981689453125,10687.139032218545,17.34504375051292,7853.0,0.0,28.064165186500887,21.030376703362315,33.12383983028374,19.243289936598636,0.1396536412078153,0.0996891651865009,0.09347246891651866,0.08969804618117229,0.07948490230905861,0.07149200710479574,0.06483126110124333,0.06838365896980461,0.05550621669626998,0.053063943161634104,0.04773534635879218,0.040408525754884544,0.03041740674955595,0.03019538188277087,0.016873889875666074,0.010213143872113677,0.008880994671403197,0.913498325508293,0.02340402183937345,0.0,0.0,0.0,0.0,0.0,0.0,0.0,0.0,0.0,0.0,0.0,0.0,0.0,0.0,0.0,0.0,0.0,0.0,0.0,0.0,0.0,0.0,0.0,0.0,0.0,0.5994671403197159,7.859680284191831,15.492895204262881,5.694937833037302,0.3530195381882772,4.3015818431911965,2.8803819145558793,nan,nan,nan,4.345618915159944,2.901156476419606,4.258503401360544,2.8592573969884785,0.979953255105851,0.372,0.02173,0.0,0.0,0.0,0.0,0.0,0.0,0.0,0.0,0.026642984014209597,1.1389875666074603,10.817051509769096,15.086589698046158,2.884103019538189,0.0466252220248668,0.0,0.0,0.0,0.0,0.0,0.0,0.0,0.0,0.0,0.0,0.0,0.0,0.0,0.0,0.0,0.0,nan,nan,4.3015818431911965,2.8803819145558793,nan,0.372,0.10956,0.0,0.0,0.0,0.0,0.00022202486678507994,0.0,0.0,0.0,0.0,0.0004995559502664298,0.0006438721136767317,0.0,0.0005994671403197158,0.0017206927175843695,0.0011212255772646536,0.0023867673179396092,0.012644316163410302,0.004429396092362345,0.0035857015985790407,0.005439609236234458,0.010945825932504441,0.02971802841918295,0.014453818827708704,0.024933392539964475,0.023179396092362345,0.019171847246891652,0.021902753108348137,0.04088587921847247,0.04157415630550622,0.029773534635879218,0.011289964476021314,0.034147424511545295,0.018372557726465365,0.030461811722912967,0.031738454706927176,0.031050177619893427,0.037588809946714034,0.06251110124333925,0.048912078152753106,0.03812166962699822,0.027653197158081705,0.013687833037300177,0.01366563055062167,0.029462699822380107,0.029951154529307283,0.030761545293072824,0.01850577264653641,0.03683392539964476,0.015841474245115453,0.008303730017761989,0.01651865008880995,0.004829040852575488,0.004085257548845471,0.020837033747779753,0.007615452930728242,0.015075488454706926,0.0022424511545293072,0.01732904085257549,0.003940941385435169,0.011878330373001776,0.02005994671403197,0.0017650976909413855,0.009247335701598578,0.0015097690941385435,0.002964031971580817,0.0004440497335701599,0.0009658081705150977,0.0,0.0,0.0,0.0,0.0,0.0,0.0,0.0,0.0,0.0,0.0,0.0,0.0,0.0,0.0,0.0,0.0,0.0,0.0,0.0,0.0,0.0,0.0,0.0,0.0,0.0,0.0,0.0,0.0,0.0,0.0,0.0,0.0,0.0,nan,nan,4.3015818431911965,2.8803819145558793,nan,0.9134043949181319,0.02385108574820715,0.0,0.0,0.0,0.0,0.0,0.0,0.0,0.0,0.0,0.0,0.0,0.0,0.0,0.0,0.0,0.0,0.0,0.0,0.0,0.0,0.0,0.0,0.0,0.0,0.0,0.6448839208942392,8.08684436801376,15.116079105760965,5.791057609630268,0.36113499570077395,0.9135986388933779,0.02291652541375096,0.0,0.0,0.0,0.0,0.0,0.0,0.0,0.0,0.0,0.0,0.0,0.0,0.0,0.0,0.0,0.0,0.0,0.0,0.0,0.0,0.0,0.0,0.0,0.0,0.0,0.5509641873278238,7.617079889807164,15.895316804407717,5.592286501377411,0.34435261707988984,0.372,0.02132,0.0,0.0,0.0,0.0,0.0,0.0,0.0,0.0,0.025795356835769567,1.0963026655202066,10.743766122098025,15.399828030954406,2.7085124677558046,0.025795356835769567,0.0,0.0,0.0,0.0,0.0,0.0,0.0,0.0,0.0,0.0,0.0,0.0,0.0,0.0,0.0,0.0,0.372,0.02216,0.0,0.0,0.0,0.0,0.0,0.0,0.0,0.0,0.027548209366391192,1.1845730027548211,10.895316804407715,14.752066115702458,3.071625344352618,0.06887052341597798,0.0,0.0,0.0,0.0,0.0,0.0,0.0,0.0,0.0,0.0,0.0,0.0,0.0,0.0,0.0,0.0
53400,4654,2378,0.5109583154275892,1092,988,0.44692737430167595,1337,0.5745595186935969,0.38999999999999996,2.914762741652021,3.0807429526893397,6.61326860841424,2.1203938074620257,9301.737724910901,1417.3825471676525,7853.0,10744.361532449722,10688.334470872722,17.599747247187153,7853.0,0.0,28.01009883970778,20.888208621683592,32.84985980117257,19.180818277893064,0.13730124623979373,0.09798023205844435,0.09669101847872798,0.08616244091104426,0.08358401375161152,0.07370004297378599,0.06875805758487323,0.06489041684572411,0.0588740868070477,0.04555221314997851,0.050494198538891276,0.04275891706059304,0.03308981521272024,0.025139664804469275,0.015685431886549205,0.010743446497636441,0.008594757198109154,0.9141586398330429,0.022390476122896397,0.0,0.0,0.0,0.0,0.0,0.0,0.0,0.0,0.0,0.0,0.0,0.0,0.0,0.0,0.0,0.0,0.0,0.0,0.0,0.0,0.0,0.0,0.0,0.0,0.0,0.5221314997851312,7.387193811774819,16.037816931671685,5.795015040825098,0.2578427159432746,4.262284196547145,2.8971293368891784,nan,nan,nan,4.268874172185431,2.930185117910977,4.255659121171771,2.8634975886829093,0.9969043240721958,0.3735,0.02188,0.0,0.0,0.0,0.0,0.0,0.0,0.0,0.0,0.0,0.9282337773957887,10.487752470992696,15.21272024065318,3.2488182208852607,0.12247529007305547,0.0,0.0,0.0,0.0,0.0,0.0,0.0,0.0,0.0,0.0,0.0,0.0,0.0,0.0,0.0,0.0,nan,nan,4.262284196547145,2.8971293368891784,nan,0.3735,0.11053,0.0,0.0,0.0,0.0,0.0001289213579716373,0.0,0.0,0.0,0.0,0.0003437902879243661,0.0013214439192092823,0.0,0.0004404813064030941,0.0016974645466265577,0.0006983240223463687,0.0023743016759776537,0.013407821229050279,0.004694886119467125,0.003975075204125484,0.005672539750752041,0.010625268586162442,0.029662655779974217,0.014568113450795015,0.0222281908036098,0.022034808766652342,0.020552213149978512,0.019467125053717234,0.04221100128921358,0.040062311989686294,0.030027932960893854,0.011269875376020628,0.033970777825526426,0.017834121186076492,0.02925440481306403,0.03043618392780404,0.03196175333046841,0.036312849162011177,0.06598624838848302,0.04828104856037817,0.03577567683712935,0.03001718951439622,0.01307477438762355,0.014020197679415557,0.03130640309411259,0.02931886549204985,0.030414697034808768,0.01691018478727976,0.03877309840996992,0.016222604211431027,0.008379888268156424,0.015373871938117747,0.0045122475290073055,0.0036205414697034807,0.020842286205414697,0.006134507950150408,0.01524495058014611,0.002309840996991835,0.01836055006446068,0.004684142672969489,0.012763214439192093,0.021024924795874516,0.0021379458530296517,0.01068972926514826,0.0018693596905887408,0.003362698753760206,0.00040825096691018476,0.0009454232917920069,0.0,0.0,0.0,0.0,0.0,0.0,0.0,0.0,0.0,0.0,0.0,0.0,0.0,0.0,0.0,0.0,0.0,0.0,0.0,0.0,0.0,0.0,0.0,0.0,0.0,0.0,0.0,0.0,0.0,0.0,0.0,0.0,0.0,0.0,nan,nan,4.262284196547145,2.8971293368891784,nan,0.9139301016412932,0.022805633195595615,0.0,0.0,0.0,0.0,0.0,0.0,0.0,0.0,0.0,0.0,0.0,0.0,0.0,0.0,0.0,0.0,0.0,0.0,0.0,0.0,0.0,0.0,0.0,0.0,0.0,0.5298570227081583,7.746005046257361,15.378469301934402,6.105971404541633,0.23969722455845252,0.9143974200702929,0.021945784466922358,0.0,0.0,0.0,0.0,0.0,0.0,0.0,0.0,0.0,0.0,0.0,0.0,0.0,0.0,0.0,0.0,0.0,0.0,0.0,0.0,0.0,0.0,0.0,0.0,0.0,0.5140597539543059,7.012302284710019,16.726713532513184,5.470123022847102,0.2768014059753955,0.3738,0.02214,0.0,0.0,0.0,0.0,0.0,0.0,0.0,0.0,0.0,0.9083263246425569,10.710681244743485,14.999999999999979,3.280067283431456,0.10092514718250634,0.0,0.0,0.0,0.0,0.0,0.0,0.0,0.0,0.0,0.0,0.0,0.0,0.0,0.0,0.0,0.0,0.3735,0.0216,0.0,0.0,0.0,0.0,0.0,0.0,0.0,0.0,0.0,0.9490333919156416,10.254833040421794,15.434973637961313,3.2161687170474527,0.1449912126537786,0.0,0.0,0.0,0.0,0.0,0.0,0.0,0.0,0.0,0.0,0.0,0.0,0.0,0.0,0.0,0.0
53500,4633,2413,0.5208288366069501,1149,917,0.44593136196848693,1277,0.5512626807684006,0.39799999999999996,2.973873873873874,3.0778549834921587,6.521538461538461,2.08444733923867,9329.595329132319,1416.3682368798034,7853.0,10751.479005098343,10688.08750927063,17.29421259499515,7853.0,0.0,28.594431254047052,21.17853423113191,33.34639857470094,19.486129083482435,0.12993740556874595,0.10187783293762141,0.09043816101877833,0.09345996114828405,0.07640837470321606,0.07101230304338442,0.06647960284912584,0.06647960284912584,0.05676667386142888,0.05892510252536154,0.04856464493848478,0.03690913015324843,0.03475070148931578,0.025037772501618823,0.021368443772933305,0.014461472048348802,0.007122814590977768,0.9154229267560043,0.022620582518759792,0.0,0.0,0.0,0.0,0.0,0.0,0.0,0.0,0.0,0.0,0.0,0.0,0.0,0.0,0.0,0.0,0.0,0.0,0.0,0.0,0.0,0.0,0.0,0.0,0.0,0.4921217353766459,7.006259443125407,16.110511547593354,6.015540686380317,0.3755665875242824,4.150580431177446,2.8860984632746964,nan,nan,nan,4.11016393442623,2.8707104802905663,4.191946308724832,2.9011804303997875,1.0198975942573976,0.3728,0.02197,0.0,0.0,0.0,0.0,0.0,0.0,0.0,0.0,0.012950571983595945,1.0554716166630695,10.56766673861429,14.977336499028684,3.282969997841572,0.10360457586876756,0.0,0.0,0.0,0.0,0.0,0.0,0.0,0.0,0.0,0.0,0.0,0.0,0.0,0.0,0.0,0.0,nan,nan,4.150580431177446,2.8860984632746964,nan,0.3728,0.1108,0.0,0.0,0.0,0.0,0.00031297215627023526,0.0,0.0,0.0,0.0,0.00031297215627023526,0.0014353550615152169,0.0,0.00039930930282754156,0.001554068638031513,0.0004856464493848478,0.002730412259874811,0.014148499892078567,0.004036261601554069,0.0044463630477012735,0.00588171810921649,0.011320958342326786,0.031577811353334775,0.012659184113965034,0.02108784804662206,0.02280379883444852,0.022328944528383337,0.019825167278221454,0.04121519533779409,0.041841139650334556,0.02949492769263976,0.011439671918843082,0.03325059356788258,0.019015756529246707,0.02657025685301101,0.030498597021368444,0.03314267213468595,0.03634793870062594,0.06588603496654435,0.04840276278868983,0.03511763436218433,0.028081156917763868,0.014180876322037557,0.014040578458881934,0.03329376214116123,0.028696309086984676,0.029095618389812217,0.016544355709043817,0.038808547377509175,0.01422404489531621,0.008461040362616015,0.015918411396503344,0.005244981653356357,0.0037232894452838335,0.021163393049859702,0.005989639542413123,0.01744010360457587,0.0023742715303259228,0.016047917116339305,0.005342110943233326,0.012108784804662206,0.020289229440966977,0.0021368443772933304,0.009864018994172243,0.0018454565076624217,0.004306065184545651,0.00015109000647528598,0.0010576300453270019,0.0,0.0,0.0,0.0,0.0,0.0,0.0,0.0,0.0,0.0,0.0,0.0,0.0,0.0,0.0,0.0,0.0,0.0,0.0,0.0,0.0,0.0,0.0,0.0,0.0,0.0,0.0,0.0,0.0,0.0,0.0,0.0,0.0,0.0,nan,nan,4.150580431177446,2.8860984632746964,nan,0.9148384147148828,0.022185505274134657,0.0,0.0,0.0,0.0,0.0,0.0,0.0,0.0,0.0,0.0,0.0,0.0,0.0,0.0,0.0,0.0,0.0,0.0,0.0,0.0,0.0,0.0,0.0,0.0,0.0,0.4973062577704104,7.1487774554496495,16.435971819312062,5.557397430584336,0.36054703688354756,0.9160582544835838,0.023067393065168224,0.0,0.0,0.0,0.0,0.0,0.0,0.0,0.0,0.0,0.0,0.0,0.0,0.0,0.0,0.0,0.0,0.0,0.0,0.0,0.0,0.0,0.0,0.0,0.0,0.0,0.48648648648648657,6.851351351351353,15.75675675675676,6.513513513513515,0.391891891891892,0.3723,0.02156,0.0,0.0,0.0,0.0,0.0,0.0,0.0,0.0,0.012432656444260259,1.056775797762122,10.853709075839207,15.018648984666369,2.9589722337339417,0.09946125155408207,0.0,0.0,0.0,0.0,0.0,0.0,0.0,0.0,0.0,0.0,0.0,0.0,0.0,0.0,0.0,0.0,0.3733,0.02242,0.0,0.0,0.0,0.0,0.0,0.0,0.0,0.0,0.013513513513513516,1.0540540540540542,10.256756756756758,14.93243243243241,3.635135135135136,0.10810810810810813,0.0,0.0,0.0,0.0,0.0,0.0,0.0,0.0,0.0,0.0,0.0,0.0,0.0,0.0,0.0,0.0
53600,4475,2336,0.5220111731843575,1076,915,0.44491620111731844,1272,0.5684916201117318,0.414,3.0308555399719497,3.028766826170792,6.47557003257329,1.964312525507122,9333.046341472631,1416.3183581823448,7853.0,10745.506501674652,10688.277131031688,17.13796309777912,7853.0,0.0,27.868156424581006,20.683397991315438,32.87276607095225,18.85823563657476,0.13966480446927373,0.09541899441340781,0.09363128491620112,0.08804469273743017,0.08134078212290503,0.07039106145251396,0.07955307262569833,0.06458100558659217,0.05966480446927374,0.05094972067039106,0.04692737430167598,0.03910614525139665,0.03441340782122905,0.021675977653631284,0.017877094972067038,0.010279329608938547,0.006480446927374301,0.9149702350920139,0.02253001733975987,0.0,0.0,0.0,0.0,0.0,0.0,0.0,0.0,0.0,0.0,0.0,0.0,0.0,0.0,0.0,0.0,0.0,0.0,0.0,0.0,0.0,0.0,0.0,0.0,0.0,0.5094972067039107,7.086033519553074,16.01564245810056,6.107262569832404,0.2815642458100559,4.27810650887574,2.743266470676189,nan,nan,nan,4.392536281962681,2.7632997351522444,4.162105263157895,2.7188172975931275,0.9475403265873936,0.372,0.02151,0.0,0.0,0.0,0.0,0.0,0.0,0.0,0.0,0.006703910614525141,0.9921787709497208,10.726256983240225,15.345251396648022,2.882681564245811,0.04692737430167599,0.0,0.0,0.0,0.0,0.0,0.0,0.0,0.0,0.0,0.0,0.0,0.0,0.0,0.0,0.0,0.0,nan,nan,4.27810650887574,2.743266470676189,nan,0.372,0.11066,0.0,0.0,0.0,0.0,0.0003016759776536313,1.11731843575419e-05,0.0,0.0,0.0,0.0002458100558659218,0.0011396648044692738,0.0,0.000770949720670391,0.0010837988826815643,0.0005027932960893855,0.003005586592178771,0.013217877094972068,0.004201117318435754,0.003865921787709497,0.005798882681564246,0.011541899441340783,0.031262569832402234,0.01435754189944134,0.023731843575418993,0.023363128491620113,0.021877094972067038,0.020346368715083798,0.041139664804469275,0.0423463687150838,0.02969832402234637,0.01164245810055866,0.03284916201117318,0.017877094972067038,0.025497206703910615,0.029184357541899443,0.033195530726256986,0.037039106145251396,0.06865921787709497,0.049865921787709495,0.03459217877094972,0.028972067039106146,0.013474860335195531,0.014268156424581006,0.030860335195530726,0.02894972067039106,0.02957541899441341,0.016659217877094974,0.0391731843575419,0.012737430167597765,0.007039106145251397,0.015798882681564246,0.005139664804469274,0.0033184357541899442,0.01977653631284916,0.006335195530726257,0.018625698324022347,0.0022793296089385477,0.015519553072625699,0.005396648044692738,0.010458100558659218,0.021854748603351955,0.0019441340782122905,0.009474860335195531,0.0024357541899441343,0.0048268156424581005,3.35195530726257e-05,0.0008491620111731843,1.11731843575419e-05,0.0,0.0,0.0,0.0,0.0,0.0,0.0,0.0,0.0,0.0,0.0,0.0,0.0,0.0,0.0,0.0,0.0,0.0,0.0,0.0,0.0,0.0,0.0,0.0,0.0,0.0,0.0,0.0,0.0,0.0,0.0,0.0,0.0,nan,nan,4.27810650887574,2.743266470676189,nan,0.9149630199607512,0.022662377401666985,0.0,0.0,0.0,0.0,0.0,0.0,0.0,0.0,0.0,0.0,0.0,0.0,0.0,0.0,0.0,0.0,0.0,0.0,0.0,0.0,0.0,0.0,0.0,0.0,0.0,0.4751712328767124,7.333047945205481,15.65496575342466,6.22859589041096,0.30821917808219185,0.9149781147304569,0.02238457030854278,0.0,0.0,0.0,0.0,0.0,0.0,0.0,0.0,0.0,0.0,0.0,0.0,0.0,0.0,0.0,0.0,0.0,0.0,0.0,0.0,0.0,0.0,0.0,0.0,0.0,0.5469845722300142,6.816269284712484,16.409537166900424,5.97475455820477,0.2524544179523142,0.3726,0.0216,0.0,0.0,0.0,0.0,0.0,0.0,0.0,0.0,0.0,0.9888698630136988,10.33818493150685,15.616438356164362,3.0051369863013706,0.05136986301369864,0.0,0.0,0.0,0.0,0.0,0.0,0.0,0.0,0.0,0.0,0.0,0.0,0.0,0.0,0.0,0.0,0.3716,0.02142,0.0,0.0,0.0,0.0,0.0,0.0,0.0,0.0,0.014025245441795234,0.9957924263674617,11.150070126227211,15.04908835904626,2.748948106591866,0.0420757363253857,0.0,0.0,0.0,0.0,0.0,0.0,0.0,0.0,0.0,0.0,0.0,0.0,0.0,0.0,0.0,0.0
53700,4378,2259,0.5159890360895386,1071,906,0.45157606212882595,1227,0.5605299223389676,0.422,2.9174138744690894,3.149158664847066,6.701067615658363,2.26051491607987,9316.166893513468,1417.1583200689965,7853.0,10746.512056350708,10688.655006552439,17.528424866433774,7853.0,0.0,27.741434444952034,20.8396678258496,32.99477303988996,18.96817649601504,0.14641388761991778,0.09639104613978985,0.09250799451804477,0.08953860210141618,0.07788944723618091,0.07469164001827318,0.06327089995431703,0.06692553677478301,0.06327089995431703,0.05573321151210599,0.0429419826404751,0.03563270899954317,0.03631795340338054,0.023526724531749657,0.018730013704888075,0.010735495660118775,0.00548195523069895,0.9150786807598073,0.02321496738424603,0.0,0.0,0.0,0.0,0.0,0.0,0.0,0.0,0.0,0.0,0.0,0.0,0.0,0.0,0.0,0.0,0.0,0.0,0.0,0.0,0.0,0.0,0.0,0.0,0.006852444038373688,0.5276381909547739,7.20877112836912,15.705801735952493,6.16719963453632,0.38373686614892655,4.249644886363637,2.953925285074657,nan,nan,nan,4.145010768126346,2.9407535532172453,4.352073085031623,2.9631860908716208,1.0499545908294166,0.3735,0.0217,0.0,0.0,0.0,0.0,0.0,0.0,0.0,0.0,0.013704888076747376,1.0552763819095479,10.134764732754684,15.52763819095475,3.1932389218821386,0.07537688442211056,0.0,0.0,0.0,0.0,0.0,0.0,0.0,0.0,0.0,0.0,0.0,0.0,0.0,0.0,0.0,0.0,nan,nan,4.249644886363637,2.953925285074657,nan,0.3735,0.1111,0.0,0.0,0.0,0.0,6.852444038373687e-05,0.0,0.0,0.0,0.0,0.00021699406121516675,0.0009707629054362723,0.0,0.0009593421653723162,0.002318410232983097,0.00015989036089538602,0.003152124257651896,0.012243033348560986,0.004054362722704432,0.0030607583371402465,0.006418455915943353,0.010644129739607126,0.02914572864321608,0.013339424394700776,0.02442896299680219,0.02392645043398812,0.020625856555504796,0.021425308359981726,0.04081772498857926,0.04338739150296939,0.026873001370488807,0.013008222932846049,0.03413659205116491,0.020226130653266332,0.02600502512562814,0.02834627683873915,0.03242348104157149,0.03832800365463682,0.06758793969849246,0.04881224303334856,0.033165829145728645,0.030676107811786205,0.01122658748286889,0.014561443581544084,0.029511192325262676,0.02867747830059388,0.028962996802192782,0.01899269072635907,0.03848789401553221,0.011557788944723618,0.007023755139333029,0.015977615349474644,0.005070808588396528,0.0037003197807217907,0.02031749657377798,0.007708999543170398,0.019221105527638192,0.00314070351758794,0.015806304248515302,0.005127912288716309,0.012380082229328461,0.022350388305162176,0.002318410232983097,0.009079488350845134,0.0025810872544540886,0.004419826404751028,2.284148012791229e-05,0.0008222932846048424,0.0,0.0,0.0,0.0,0.0,0.0,0.0,0.0,0.0,0.0,0.0,0.0,0.0,0.0,0.0,0.0,0.0,0.0,0.0,0.0,0.0,0.0,0.0,0.0,0.0,0.0,0.0,0.0,0.0,0.0,0.0,0.0,0.0,0.0,nan,nan,4.249644886363637,2.953925285074657,nan,0.9153054923597507,0.02324181627804332,0.0,0.0,0.0,0.0,0.0,0.0,0.0,0.0,0.0,0.0,0.0,0.0,0.0,0.0,0.0,0.0,0.0,0.0,0.0,0.0,0.0,0.0,0.0,0.0,0.0,0.50464807436919,7.3970783532536535,15.365205843293495,6.401062416998673,0.3320053120849934,0.9148368839668519,0.02318386682111895,0.0,0.0,0.0,0.0,0.0,0.0,0.0,0.0,0.0,0.0,0.0,0.0,0.0,0.0,0.0,0.0,0.0,0.0,0.0,0.0,0.0,0.0,0.0,0.0,0.014157621519584713,0.5521472392638038,7.008022652194433,16.06890042472865,5.91788579518641,0.43888626710712614,0.3728,0.0215,0.0,0.0,0.0,0.0,0.0,0.0,0.0,0.0,0.0,1.1155378486055778,10.464807436918992,15.39176626826027,2.988047808764941,0.03984063745019921,0.0,0.0,0.0,0.0,0.0,0.0,0.0,0.0,0.0,0.0,0.0,0.0,0.0,0.0,0.0,0.0,0.3743,0.0219,0.0,0.0,0.0,0.0,0.0,0.0,0.0,0.0,0.028315243039169425,0.9910335063709299,9.782916470033037,15.672487022180249,3.411986786219916,0.1132609721566777,0.0,0.0,0.0,0.0,0.0,0.0,0.0,0.0,0.0,0.0,0.0,0.0,0.0,0.0,0.0,0.0
53800,4588,2356,0.5135135135135135,1117,947,0.44986922406277247,1302,0.5675675675675675,0.40199999999999997,2.985663082437276,3.1030350805073597,6.60347551342812,2.1059879850465153,9309.341925222663,1417.554393715856,7853.0,10748.984997034073,10689.034275433609,17.465587234934066,7853.0,0.0,28.012205754141238,20.847075298257813,32.825413223140494,19.129573801773816,0.13666085440278988,0.1020052310374891,0.09088927637314734,0.08870967741935484,0.07781168265039233,0.07781168265039233,0.07105492589363557,0.06255448997384482,0.06015693112467306,0.0507846556233653,0.0459895379250218,0.03836094158674804,0.03574542284219703,0.023539668700959023,0.021142109851787272,0.01002615518744551,0.006756756756756757,0.9153247244246856,0.02288929357544462,0.0,0.0,0.0,0.0,0.0,0.0,0.0,0.0,0.0,0.0,0.0,0.0,0.0,0.0,0.0,0.0,0.0,0.0,0.0,0.0,0.0,0.0,0.0,0.0,0.0,0.44463818657367055,7.016129032258066,16.08544027898867,6.08761987794246,0.3661726242371405,4.415234243343445,2.969252124247982,nan,nan,nan,4.428668478260869,2.9866676335234916,4.402006688963211,2.9519444280524274,0.9939797278959729,0.3743,0.02199,0.0,0.0,0.0,0.0,0.0,0.0,0.0,0.0,0.006538796861377508,0.9938971229293811,9.899738448125547,15.38578901482125,3.622493461203139,0.09154315605928512,0.0,0.0,0.0,0.0,0.0,0.0,0.0,0.0,0.0,0.0,0.0,0.0,0.0,0.0,0.0,0.0,nan,nan,4.415234243343445,2.969252124247982,nan,0.3743,0.1116,0.0,0.0,0.0,0.0,9.80819529206626e-05,0.0,0.0,0.0,0.0,0.00016346992153443767,0.0007410636442894507,0.0,0.0011551874455100262,0.0026700087183958152,0.00023975588491717523,0.002811682650392328,0.01219485614646905,0.00433740191804708,0.003389276373147341,0.00724716652136007,0.009840889276373147,0.027757192676547516,0.013360941586748038,0.022122929380993896,0.02379032258064516,0.021109415867480382,0.022003051438535308,0.04097646033129904,0.04289450741063644,0.028247602441150828,0.011998692240627724,0.03359851787271142,0.021632519616390584,0.025937227550130774,0.029370095902353968,0.03397994768962511,0.03791412380122058,0.06766564952048823,0.046556233653007845,0.03265039232781168,0.03259590235396687,0.011159546643417612,0.014123801220575414,0.028934176111595468,0.028530950305143854,0.02904315605928509,0.01705536181342633,0.037303836094158674,0.012085876198779424,0.006244551002615519,0.016684829991281604,0.004795117698343505,0.003879686137750654,0.020510026155187447,0.007999128160418483,0.01913687881429817,0.002920662598081953,0.015409764603312991,0.005013077593722755,0.01297951176983435,0.026100697471665213,0.002920662598081953,0.008751089799476896,0.0030950305143853532,0.0037053182214472537,0.0,0.0005666957279860505,0.0,0.0,0.0,0.0,0.0,0.0,0.0,0.0,0.0,0.0,0.0,0.0,0.0,0.0,0.0,0.0,0.0,0.0,0.0,0.0,0.0,0.0,0.0,0.0,0.0,0.0,0.0,0.0,0.0,0.0,0.0,0.0,0.0,0.0,nan,nan,4.415234243343445,2.969252124247982,nan,0.9147400510938544,0.022907516999913866,0.0,0.0,0.0,0.0,0.0,0.0,0.0,0.0,0.0,0.0,0.0,0.0,0.0,0.0,0.0,0.0,0.0,0.0,0.0,0.0,0.0,0.0,0.0,0.0,0.0,0.534804753820034,7.19439728353141,16.12054329371817,5.882852292020375,0.267402376910017,0.9159418796072297,0.02285382037443068,0.0,0.0,0.0,0.0,0.0,0.0,0.0,0.0,0.0,0.0,0.0,0.0,0.0,0.0,0.0,0.0,0.0,0.0,0.0,0.0,0.0,0.0,0.0,0.0,0.0,0.3494623655913979,6.827956989247314,16.048387096774196,6.303763440860217,0.4704301075268818,0.374,0.0219,0.0,0.0,0.0,0.0,0.0,0.0,0.0,0.0,0.0,0.9932088285229204,9.804753820033957,15.636672325976209,3.463497453310697,0.10186757215619696,0.0,0.0,0.0,0.0,0.0,0.0,0.0,0.0,0.0,0.0,0.0,0.0,0.0,0.0,0.0,0.0,0.3743,0.0221,0.0,0.0,0.0,0.0,0.0,0.0,0.0,0.0,0.013440860215053767,0.9946236559139787,10.000000000000002,15.120967741935461,3.790322580645162,0.08064516129032259,0.0,0.0,0.0,0.0,0.0,0.0,0.0,0.0,0.0,0.0,0.0,0.0,0.0,0.0,0.0,0.0
53900,4652,2328,0.5004299226139295,1065,973,0.4380911435941531,1337,0.5748065348237317,0.38999999999999996,2.8562822719449223,3.025565072812583,6.430141287284145,2.078574746904245,9272.538941760593,1418.3724640134976,7853.0,10749.266632914543,10689.638813174519,17.427808581027428,7853.0,0.0,27.694969905417025,20.8318110424984,32.67950693374422,19.11345323776266,0.14058469475494412,0.10382631126397249,0.09608770421324161,0.08061049011177988,0.0821152192605331,0.07480653482373173,0.07502149613069647,0.06599312123817713,0.05223559759243336,0.050945829750644885,0.04428202923473775,0.04105760963026655,0.03159931212381771,0.026010318142734308,0.017841788478073946,0.009888220120378332,0.007093723129836629,0.9164035493893964,0.02303783492920021,0.0,0.0,0.0,0.0,0.0,0.0,0.0,0.0,0.0,0.0,0.0,0.0,0.0,0.0,0.0,0.0,0.0,0.0,0.0,0.0,0.0,0.0,0.0,0.0,0.012897678417884783,0.5159071367153913,6.642304385210664,15.941530524505593,6.5004299226139315,0.3869303525365435,4.326020924738441,2.833021126448471,nan,nan,nan,4.395649218218899,2.8573294966592484,4.257372654155496,2.8071587083640095,0.9685424024532532,0.3733,0.02193,0.0,0.0,0.0,0.0,0.0,0.0,0.0,0.0,0.006448839208942392,0.9995700773860707,10.343938091143595,15.283748925193443,3.308254514187447,0.05803955288048152,0.0,0.0,0.0,0.0,0.0,0.0,0.0,0.0,0.0,0.0,0.0,0.0,0.0,0.0,0.0,0.0,nan,nan,4.326020924738441,2.833021126448471,nan,0.3733,0.1118,0.0,0.0,0.0,0.0,4.299226139294927e-05,0.0,0.0,0.0,0.0,0.00022570937231298366,0.000472914875322442,0.0,0.001418744625967326,0.002472055030094583,0.0003331900257953568,0.003665090283748925,0.012457007738607051,0.004266981943250215,0.0034071367153912296,0.007459157351676698,0.009984952708512468,0.02905202063628547,0.013349097162510749,0.021861564918314702,0.024258383490971626,0.02100171969045572,0.021055460017196905,0.042454858125537405,0.04210017196904557,0.02892304385210662,0.012209802235597592,0.03335124677558039,0.01974419604471195,0.02784823731728289,0.029095012897678418,0.03437231298366294,0.03921969045571797,0.06730438521066208,0.049312123817712814,0.0302128116938951,0.03184651762682717,0.011554170249355115,0.014509888220120379,0.02708512467755804,0.02676268271711092,0.02972914875322442,0.018336199484092864,0.03899398108340499,0.009866723989681856,0.006502579535683577,0.014509888220120379,0.005083834909716251,0.003901547721410146,0.019582975064488393,0.007738607050730868,0.018895098882201204,0.0034393809114359416,0.01446689595872743,0.0045249355116079104,0.013993981083404987,0.02708512467755804,0.002719260533104041,0.00860920034393809,0.002783748925193465,0.004041272570937231,0.0,0.0005051590713671539,0.0,0.0,0.0,0.0,0.0,0.0,0.0,0.0,0.0,0.0,0.0,0.0,0.0,0.0,0.0,0.0,0.0,0.0,0.0,0.0,0.0,0.0,0.0,0.0,0.0,0.0,0.0,0.0,0.0,0.0,0.0,0.0,0.0,0.0,nan,nan,4.326020924738441,2.833021126448471,nan,0.9164572843827333,0.023086966979130784,0.0,0.0,0.0,0.0,0.0,0.0,0.0,0.0,0.0,0.0,0.0,0.0,0.0,0.0,0.0,0.0,0.0,0.0,0.0,0.0,0.0,0.0,0.0,0.0,0.025773195876288665,0.5670103092783506,6.5592783505154655,16.108247422680414,6.288659793814435,0.45103092783505166,0.9163497219089797,0.022988387107644816,0.0,0.0,0.0,0.0,0.0,0.0,0.0,0.0,0.0,0.0,0.0,0.0,0.0,0.0,0.0,0.0,0.0,0.0,0.0,0.0,0.0,0.0,0.0,0.0,0.0,0.4647160068846817,6.725473321858866,15.77452667814114,6.7125645438898465,0.32271944922547335,0.3735,0.02208,0.0,0.0,0.0,0.0,0.0,0.0,0.0,0.0,0.012886597938144333,0.966494845360825,10.399484536082475,15.0644329896907,3.518041237113403,0.038659793814433,0.0,0.0,0.0,0.0,0.0,0.0,0.0,0.0,0.0,0.0,0.0,0.0,0.0,0.0,0.0,0.0,0.3733,0.02176,0.0,0.0,0.0,0.0,0.0,0.0,0.0,0.0,0.0,1.032702237521515,10.288296041308092,15.503442340791716,3.0981067125645447,0.07745266781411361,0.0,0.0,0.0,0.0,0.0,0.0,0.0,0.0,0.0,0.0,0.0,0.0,0.0,0.0,0.0,0.0
54000,4388,2248,0.512306289881495,1007,929,0.4412032816773017,1255,0.5720145852324522,0.422,2.9014018691588785,3.099456976436607,6.596885813148789,2.1800742798937143,9305.75240941616,1417.482648501528,7853.0,10763.680452823639,10688.710663931544,17.734263727009807,7853.0,0.0,27.717411121239746,21.08169630930234,32.782170119956376,19.358418108669873,0.14562443026435734,0.09913400182315406,0.09275296262534184,0.08728350045578852,0.08432087511394713,0.07383773928896992,0.06586144029170465,0.06494986326344576,0.0601640838650866,0.05036463081130355,0.04056517775752051,0.04033728350045579,0.03099361896080219,0.023701002734731084,0.016864175022789425,0.014585232452142206,0.008659981768459436,0.9152233820126724,0.02314228588327991,0.0,0.0,0.0,0.0,0.0,0.0,0.0,0.0,0.0,0.0,0.0,0.0,0.0,0.0,0.0,0.0,0.0,0.0,0.0,0.0,0.0,0.0,0.0,0.0,0.00683682771194166,0.5742935278030995,7.240200546946219,15.663172288058345,6.118960802187787,0.39653600729261634,4.304891110317744,2.8935427125608517,nan,nan,nan,4.2760084925690025,2.9295039528381475,4.334293948126801,2.8561687635385833,1.0136308091200212,0.3728,0.02158,0.0,0.0,0.0,0.0,0.0,0.0,0.0,0.0,0.01367365542388332,1.1349134001823156,10.323609845031907,15.622151321786667,2.8372835004557895,0.0683682771194166,0.0,0.0,0.0,0.0,0.0,0.0,0.0,0.0,0.0,0.0,0.0,0.0,0.0,0.0,0.0,0.0,nan,nan,4.304891110317744,2.8935427125608517,nan,0.3728,0.1122,0.0,0.0,0.0,0.0,1.1394712853236099e-05,0.0,0.0,0.0,0.0,0.0004785779398359161,0.0005241567912488605,0.0,0.0011736554238833182,0.002415679124886053,0.00035323609845031907,0.004124886052871468,0.011178213309024613,0.0039425706472196904,0.0034981768459434823,0.007019143117593437,0.010050136736554239,0.032110300820419324,0.013548313582497721,0.021501823154056517,0.025695077484047403,0.023051504102096627,0.020932087511394713,0.039801731996353694,0.041374202370100276,0.03057201458523245,0.014380127620783957,0.03380811303555151,0.020225615314494075,0.028213309024612578,0.028634913400182316,0.03287374658158614,0.04086144029170465,0.06440291704649043,0.048632634457611665,0.029227438468550592,0.031232907930720148,0.011052871467639015,0.014380127620783957,0.028669097538742024,0.02579762989972653,0.02905651777575205,0.018641750227894258,0.039801731996353694,0.009423427529626254,0.004990884229717411,0.014015496809480402,0.0054694621695533276,0.0032816773017319964,0.018618960802187785,0.007349589790337284,0.018391066545123062,0.004364175022789425,0.015770282588878762,0.004113491340018232,0.014961257976298997,0.027768915223336372,0.0025865998176845943,0.008375113947128532,0.0023587055606198726,0.004067912488605287,0.0,0.0008318140382862352,0.0,0.0,1.1394712853236099e-05,0.0,0.0,0.0,0.0,0.0,0.0,0.0,0.0,0.0,0.0,0.0,0.0,0.0,0.0,0.0,0.0,0.0,0.0,0.0,0.0,0.0,0.0,0.0,0.0,0.0,0.0,0.0,0.0,0.0,0.0,0.0,nan,nan,4.304891110317744,2.8935427125608517,nan,0.9152058549092758,0.023476198300005035,0.0,0.0,0.0,0.0,0.0,0.0,0.0,0.0,0.0,0.0,0.0,0.0,0.0,0.0,0.0,0.0,0.0,0.0,0.0,0.0,0.0,0.0,0.0,0.0,0.01334519572953737,0.6272241992882563,7.4733096085409265,15.160142348754452,6.3923487544484,0.3336298932384342,0.9152417936614741,0.022786238059344106,0.0,0.0,0.0,0.0,0.0,0.0,0.0,0.0,0.0,0.0,0.0,0.0,0.0,0.0,0.0,0.0,0.0,0.0,0.0,0.0,0.0,0.0,0.0,0.0,0.0,0.5186915887850468,6.99532710280374,16.191588785046733,5.831775700934581,0.46261682242990665,0.373,0.02185,0.0,0.0,0.0,0.0,0.0,0.0,0.0,0.0,0.02669039145907474,1.0943060498220643,10.08896797153025,15.894128113878981,2.775800711743773,0.12010676156583633,0.0,0.0,0.0,0.0,0.0,0.0,0.0,0.0,0.0,0.0,0.0,0.0,0.0,0.0,0.0,0.0,0.3723,0.02127,0.0,0.0,0.0,0.0,0.0,0.0,0.0,0.0,0.0,1.177570093457944,10.570093457943926,15.336448598130817,2.9018691588785055,0.01401869158878505,0.0,0.0,0.0,0.0,0.0,0.0,0.0,0.0,0.0,0.0,0.0,0.0,0.0,0.0,0.0,0.0
54100,4530,2377,0.5247240618101545,1124,945,0.4567328918322296,1291,0.5699779249448124,0.414,2.9424059451927542,3.0767288243853215,6.482470784641069,2.2062159656017384,9340.8042439991,1416.0226712531507,7853.0,10748.946065306664,10688.403123818229,17.290536623957458,7853.0,0.0,28.218763796909492,20.986783421560858,33.17082130674364,19.19449674127191,0.13796909492273732,0.10066225165562914,0.09050772626931568,0.08123620309050773,0.07969094922737306,0.076158940397351,0.07262693156732891,0.06556291390728476,0.05938189845474614,0.052980132450331126,0.04701986754966887,0.04061810154525387,0.0315673289183223,0.02847682119205298,0.016997792494481235,0.009492273730684326,0.009050772626931568,0.9150784081839042,0.022510539832305682,0.0,0.0,0.0,0.0,0.0,0.0,0.0,0.0,0.0,0.0,0.0,0.0,0.0,0.0,0.0,0.0,0.0,0.0,0.0,0.0,0.0,0.0,0.0,0.0,0.0,0.46357615894039744,7.1721854304635775,15.980132450331128,6.145695364238412,0.23841059602649012,4.211415062478892,2.9088165698169557,nan,nan,nan,4.201477501678979,2.8931679729566886,4.221467391304348,2.924526349428552,1.004757823793506,0.3728,0.02164,0.0,0.0,0.0,0.0,0.0,0.0,0.0,0.0,0.013245033112582785,0.9867549668874174,10.615894039735101,15.238410596026467,3.1059602649006632,0.03973509933774835,0.0,0.0,0.0,0.0,0.0,0.0,0.0,0.0,0.0,0.0,0.0,0.0,0.0,0.0,0.0,0.0,nan,nan,4.211415062478892,2.9088165698169557,nan,0.3728,0.11224,0.0,0.0,0.0,0.0,0.0,0.0,0.0,0.0,0.0,0.0005739514348785872,0.0006622516556291391,0.0,0.0008498896247240618,0.0033774834437086095,0.00025386313465783664,0.003940397350993378,0.011534216335540838,0.003863134657836645,0.002902869757174393,0.007538631346578366,0.009635761589403973,0.031070640176600443,0.014105960264900663,0.01945916114790287,0.027108167770419425,0.024083885209713024,0.021357615894039735,0.03686534216335541,0.04154525386313466,0.0315673289183223,0.014271523178807947,0.03608167770419426,0.02002207505518764,0.030033112582781456,0.02803532008830022,0.029845474613686536,0.040949227373068435,0.06560706401766005,0.04733995584988963,0.027240618101545253,0.031136865342163356,0.01009933774834437,0.015684326710816775,0.030673289183222957,0.023653421633554085,0.030573951434878587,0.01943708609271523,0.04048565121412803,0.009713024282560706,0.005353200883002208,0.013024282560706401,0.005750551876379691,0.0034216335540838854,0.020077262693156732,0.007196467991169978,0.017869757174392938,0.004922737306843267,0.015485651214128036,0.0038852097130242826,0.014050772626931567,0.02642384105960265,0.002880794701986755,0.009128035320088301,0.0024724061810154525,0.0033333333333333335,1.1037527593818985e-05,0.0015231788079470199,1.1037527593818985e-05,0.0,0.0,0.0,0.0,0.0,0.0,0.0,0.0,0.0,0.0,0.0,0.0,0.0,0.0,0.0,0.0,0.0,0.0,0.0,0.0,0.0,0.0,0.0,0.0,0.0,0.0,0.0,0.0,0.0,0.0,0.0,0.0,0.0,nan,nan,4.211415062478892,2.9088165698169557,nan,0.9147981622663425,0.02265496495378044,0.0,0.0,0.0,0.0,0.0,0.0,0.0,0.0,0.0,0.0,0.0,0.0,0.0,0.0,0.0,0.0,0.0,0.0,0.0,0.0,0.0,0.0,0.0,0.0,0.0,0.5427008834665545,7.206562894404714,15.851914177534711,6.184265881363064,0.21455616323096344,0.9153878111314397,0.022345922868096398,0.0,0.0,0.0,0.0,0.0,0.0,0.0,0.0,0.0,0.0,0.0,0.0,0.0,0.0,0.0,0.0,0.0,0.0,0.0,0.0,0.0,0.0,0.0,0.0,0.0,0.3762192289828148,7.134231305155598,16.121690664189508,6.103111936832328,0.2647468648397585,0.373,0.02187,0.0,0.0,0.0,0.0,0.0,0.0,0.0,0.0,0.025241901556583936,1.0349179638199413,10.57635675220867,15.119899032393752,3.1931005469078677,0.05048380311316787,0.0,0.0,0.0,0.0,0.0,0.0,0.0,0.0,0.0,0.0,0.0,0.0,0.0,0.0,0.0,0.0,0.3728,0.02141,0.0,0.0,0.0,0.0,0.0,0.0,0.0,0.0,0.0,0.9335810496980959,10.65954482117975,15.36925220622385,3.0097538318625183,0.027868091035764056,0.0,0.0,0.0,0.0,0.0,0.0,0.0,0.0,0.0,0.0,0.0,0.0,0.0,0.0,0.0,0.0
54200,4719,2447,0.5185420639966094,1157,958,0.4481881754609027,1334,0.5653740199194744,0.40599999999999997,3.009242957746479,3.1354968703652255,6.506849315068493,2.280957894484519,9323.361926124975,1416.8645680559396,7853.0,10749.324254512787,10688.569239633736,17.364240107533927,7853.0,0.0,27.97711379529561,21.049158541120672,33.06079027355623,19.25716100133648,0.1449459631277813,0.09747827929646112,0.09027336300063572,0.08730663276117821,0.08137317228226319,0.07332061877516423,0.06865861411315957,0.06293706293706294,0.05912269548633185,0.05107014197923289,0.04492477219749947,0.04322949777495232,0.033481669845306206,0.025852934943844035,0.016740834922653103,0.010171646535282899,0.00911210002119093,0.9149098914794735,0.02266754604536901,0.0,0.0,0.0,0.0,0.0,0.0,0.0,0.0,0.0,0.0,0.0,0.0,0.0,0.0,0.0,0.0,0.0,0.0,0.0,0.0,0.0,0.0,0.0,0.0,0.0,0.4895104895104896,7.285441830896378,15.982199618563259,5.842339478703116,0.40050858232676423,4.251307189542484,2.9194941348928585,nan,nan,nan,4.3136363636363635,2.909178671565786,4.188157894736842,2.9285557382285483,0.9709112084742944,0.3738,0.02176,0.0,0.0,0.0,0.0,0.0,0.0,0.0,0.0,0.025429116338207252,0.9663064208518756,10.222504767959315,15.327399872854397,3.40114431023522,0.05721551176096632,0.0,0.0,0.0,0.0,0.0,0.0,0.0,0.0,0.0,0.0,0.0,0.0,0.0,0.0,0.0,0.0,nan,nan,4.251307189542484,2.9194941348928585,nan,0.3738,0.1115,0.0,0.0,0.0,0.0,0.0,0.0,0.0,0.0,0.0,0.0005615596524687434,0.0006675143038779402,1.0595465140919687e-05,0.0004662004662004662,0.0031150667514303876,0.0002966730239457512,0.003538885357067175,0.010076287349014623,0.004524263615172706,0.0025429116338207248,0.007533375715193897,0.008582326764144946,0.03077982623437169,0.013742318287772833,0.017853358762449673,0.029232888323797415,0.02423182877728332,0.023543123543123542,0.03446704810341174,0.04186268277177368,0.032231404958677684,0.014685314685314685,0.03602458147912693,0.018828141555414284,0.028862047043865226,0.028205128205128206,0.027802500529773257,0.04154481881754609,0.06805467260012714,0.05003178639542276,0.02770714134350498,0.030652680652680654,0.009546514091968637,0.016719643992371264,0.028258105530832803,0.02467683831320195,0.03079042169951261,0.019230769230769232,0.04043229497774952,0.010425937698664971,0.005689764780673872,0.013106590379317652,0.006240728968001695,0.003941513032422123,0.02000423818605637,0.007459207459207459,0.017079889807162536,0.005710955710955711,0.01756728120364484,0.0049586776859504135,0.012831108285653741,0.02322525958889595,0.0034965034965034965,0.007872430599703327,0.0035600762873490145,0.0030938758211485483,5.2977325704598435e-05,0.0017164653528289893,5.2977325704598435e-05,0.0,0.0,0.0,0.0,0.0,0.0,0.0,0.0,0.0,0.0,0.0,0.0,0.0,0.0,0.0,0.0,0.0,0.0,0.0,0.0,0.0,0.0,0.0,0.0,0.0,0.0,0.0,0.0,0.0,0.0,0.0,0.0,0.0,nan,nan,4.251307189542484,2.9194941348928585,nan,0.9144753095418714,0.022602122217974925,0.0,0.0,0.0,0.0,0.0,0.0,0.0,0.0,0.0,0.0,0.0,0.0,0.0,0.0,0.0,0.0,0.0,0.0,0.0,0.0,0.0,0.0,0.0,0.0,0.0,0.45361667347772794,7.73600326930936,15.827543931344506,5.529219452390684,0.45361667347772794,0.9153779469377977,0.022728506316378613,0.0,0.0,0.0,0.0,0.0,0.0,0.0,0.0,0.0,0.0,0.0,0.0,0.0,0.0,0.0,0.0,0.0,0.0,0.0,0.0,0.0,0.0,0.0,0.0,0.0,0.5281690140845071,6.80017605633803,16.148767605633807,6.179577464788734,0.3433098591549297,0.3735,0.02141,0.0,0.0,0.0,0.0,0.0,0.0,0.0,0.0,0.0,1.0175725378013896,9.955046996322029,15.815284021250488,3.1753167143440955,0.03677973028197794,0.0,0.0,0.0,0.0,0.0,0.0,0.0,0.0,0.0,0.0,0.0,0.0,0.0,0.0,0.0,0.0,0.3738,0.02213,0.0,0.0,0.0,0.0,0.0,0.0,0.0,0.0,0.05281690140845072,0.9110915492957748,10.510563380281692,14.801936619718287,3.6443661971830994,0.07922535211267608,0.0,0.0,0.0,0.0,0.0,0.0,0.0,0.0,0.0,0.0,0.0,0.0,0.0,0.0,0.0,0.0
54300,4584,2322,0.506544502617801,1088,953,0.44524432809773123,1330,0.5802792321116929,0.40599999999999997,2.942970822281167,3.0415370285521846,6.459041731066461,2.0392836749869816,9289.763775653397,1418.1348399868182,7853.0,10763.924213647842,10689.40187234934,17.61125820421656,7853.0,0.0,28.20397033158813,20.9314111330331,32.864885692268174,19.266733512988175,0.13110820244328097,0.10645724258289703,0.09620418848167539,0.0831151832460733,0.07940663176265271,0.07286212914485166,0.06806282722513089,0.06348167539267016,0.06173647469458988,0.05279232111692845,0.047774869109947646,0.04232111692844677,0.030104712041884817,0.02988656195462478,0.017015706806282723,0.01112565445026178,0.006544502617801047,0.9160696231413886,0.02284994384827969,0.0,0.0,0.0,0.0,0.0,0.0,0.0,0.0,0.0,0.0,0.0,0.0,0.0,0.0,0.0,0.0,0.0,0.0,0.0,0.0,0.0,0.0,0.0,0.0,0.006544502617801049,0.42539267015706816,6.871727748691101,15.883507853403145,6.446335078534033,0.36649214659685875,4.325801011804384,2.8167935451656136,nan,nan,nan,4.317089910775566,2.785823566783225,4.334217506631299,2.846370761113184,1.003967393825406,0.3728,0.02151,0.0,0.0,0.0,0.0,0.0,0.0,0.0,0.0,0.0,0.9947643979057593,10.517015706806284,15.405759162303642,3.0562827225130897,0.026178010471204195,0.0,0.0,0.0,0.0,0.0,0.0,0.0,0.0,0.0,0.0,0.0,0.0,0.0,0.0,0.0,0.0,nan,nan,4.325801011804384,2.8167935451656136,nan,0.3728,0.11084,0.0,0.0,0.0,0.0,0.0,0.0,0.0,0.0,0.0,0.0005671902268760908,0.0003381326352530541,0.0,0.00038176265270506107,0.0031413612565445027,0.00019633507853403142,0.003948516579406632,0.011518324607329843,0.005268324607329843,0.0015270506108202443,0.007209860383944154,0.009282286212914485,0.02993019197207679,0.014277923211169285,0.016481239092495638,0.027726876090750436,0.024160122164048864,0.02362565445026178,0.035645724258289706,0.04039048865619546,0.031915357766143106,0.015150523560209425,0.0393869982547993,0.01849912739965096,0.030759162303664923,0.028959424083769635,0.029275741710296684,0.04225567190226876,0.06896815008726004,0.04852748691099477,0.024094677137870855,0.0287412739965096,0.01050392670157068,0.01912085514834206,0.030900959860383943,0.02362565445026178,0.030922774869109947,0.020429755671902267,0.0362565445026178,0.012020069808027924,0.005541012216404887,0.013056282722513088,0.006424520069808028,0.0037412739965095986,0.020844240837696336,0.007482547993019197,0.016797556719022687,0.004384816753926701,0.017015706806282723,0.004243019197207679,0.011681937172774869,0.023091186736474693,0.004286649214659686,0.0075807155322862125,0.003337696335078534,0.0028795811518324606,7.635253054101222e-05,0.0015815881326352531,1.0907504363001746e-05,1.0907504363001746e-05,0.0,0.0,0.0,0.0,0.0,0.0,0.0,0.0,0.0,0.0,0.0,0.0,0.0,0.0,0.0,0.0,0.0,0.0,0.0,0.0,0.0,0.0,0.0,0.0,0.0,0.0,0.0,0.0,0.0,0.0,0.0,0.0,nan,nan,4.325801011804384,2.8167935451656136,nan,0.9166792368806712,0.023007355017542162,0.0,0.0,0.0,0.0,0.0,0.0,0.0,0.0,0.0,0.0,0.0,0.0,0.0,0.0,0.0,0.0,0.0,0.0,0.0,0.0,0.0,0.0,0.0,0.0,0.012919896640826876,0.3617571059431526,6.731266149870803,15.775193798449616,6.731266149870803,0.3875968992248063,0.9154438392763956,0.02267017688723536,0.0,0.0,0.0,0.0,0.0,0.0,0.0,0.0,0.0,0.0,0.0,0.0,0.0,0.0,0.0,0.0,0.0,0.0,0.0,0.0,0.0,0.0,0.0,0.0,0.0,0.4907161803713529,7.015915119363397,15.994694960212204,6.153846153846155,0.34482758620689663,0.3728,0.02156,0.0,0.0,0.0,0.0,0.0,0.0,0.0,0.0,0.0,0.9948320413436694,10.29715762273902,15.620155038759668,3.06201550387597,0.025839793281653752,0.0,0.0,0.0,0.0,0.0,0.0,0.0,0.0,0.0,0.0,0.0,0.0,0.0,0.0,0.0,0.0,0.3726,0.02147,0.0,0.0,0.0,0.0,0.0,0.0,0.0,0.0,0.0,0.9946949602122018,10.742705570291779,15.185676392572923,3.0503978779840857,0.026525198938992047,0.0,0.0,0.0,0.0,0.0,0.0,0.0,0.0,0.0,0.0,0.0,0.0,0.0,0.0,0.0,0.0
54400,4461,2318,0.5196144362250616,1084,928,0.4510199506837032,1258,0.5639991033400583,0.414,2.980867942137191,3.068985613376709,6.51797385620915,2.136212168931038,9326.351067436834,1416.69754085802,7853.0,10754.876334905624,10688.469849799705,17.146072330456693,7853.0,0.0,28.334229993275052,20.911233401599123,33.33813717640779,19.0667403398977,0.13741313606814615,0.09840842860345214,0.08495852947769558,0.088545169244564,0.08428603452140776,0.07397444519166106,0.06455951580363148,0.06814615557049988,0.05940372113875812,0.05469625644474333,0.04640215198386012,0.04393633714413808,0.03407307778524994,0.026899798251513115,0.016364043936337145,0.010759919300605245,0.00717327953373683,0.915815047928101,0.022447223196012635,0.0,0.0,0.0,0.0,0.0,0.0,0.0,0.0,0.0,0.0,0.0,0.0,0.0,0.0,0.0,0.0,0.0,0.0,0.0,0.0,0.0,0.0,0.0,0.0,0.00672494956287828,0.4707464694014796,6.758574310692671,16.22057834566241,6.153328850033627,0.3900470746469403,4.155266757865937,2.8834821874399483,nan,nan,nan,4.218232044198895,2.8901431212091584,4.095593220338983,2.875439109391545,0.9709264870744675,0.3716,0.02127,0.0,0.0,0.0,0.0,0.0,0.0,0.0,0.0,0.0,1.1230665770006727,11.089441829186285,14.976462676529904,2.77740416946873,0.0336247478143914,0.0,0.0,0.0,0.0,0.0,0.0,0.0,0.0,0.0,0.0,0.0,0.0,0.0,0.0,0.0,0.0,nan,nan,4.155266757865937,2.8834821874399483,nan,0.3716,0.1099,0.0,0.0,0.0,0.0,0.0,0.0,0.0,0.0,0.0,0.0003810804752297691,0.0003474557274153777,0.0,0.00031383097960098634,0.0034521407756108497,0.00011208249271463797,0.0036763057610401254,0.010771127549876709,0.0047410894418291865,0.001602779645819323,0.0070611970410221925,0.009459762385115445,0.03160726294552791,0.014088769334229994,0.018403945303743556,0.026911006500784578,0.023066577000672495,0.02412015243219009,0.03402824478816409,0.04336471643129343,0.03004931629679444,0.014929388029589779,0.04247926473884779,0.01974893521631921,0.030026899798251513,0.03082268549652544,0.029982066801165656,0.04233355749831876,0.06848240304864381,0.04872225958305313,0.022976911006500785,0.027460210715086305,0.011735036987222596,0.018403945303743556,0.03028468953149518,0.023503698722259582,0.03308675184936113,0.020533512665321677,0.03593364716431294,0.01290069491145483,0.005604124635731899,0.01234028244788164,0.005783456624075319,0.003160726294552791,0.020836135395651198,0.007688859000224165,0.016375252185608608,0.004012553239184039,0.015657924232234926,0.004449674960771127,0.00959426137637301,0.023032952252858105,0.0038108047522976913,0.008025106478368078,0.002813270567137413,0.003149518045281327,2.2416498542927596e-05,0.0015691548980049316,0.0,7.845774490024659e-05,8.966599417171039e-05,0.0,0.0,0.0,0.0,0.0,0.0,0.0,0.0,0.0,0.0,0.0,0.0,0.0,0.0,0.0,0.0,0.0,0.0,0.0,0.0,0.0,0.0,0.0,0.0,0.0,0.0,0.0,0.0,0.0,0.0,0.0,nan,nan,4.155266757865937,2.8834821874399483,nan,0.9161187541495118,0.02267958432034616,0.0,0.0,0.0,0.0,0.0,0.0,0.0,0.0,0.0,0.0,0.0,0.0,0.0,0.0,0.0,0.0,0.0,0.0,0.0,0.0,0.0,0.0,0.0,0.0,0.0,0.38826574633304584,6.846419327006041,16.229508196721316,6.04400345125108,0.4918032786885247,0.9154865406853431,0.02218846886135258,0.0,0.0,0.0,0.0,0.0,0.0,0.0,0.0,0.0,0.0,0.0,0.0,0.0,0.0,0.0,0.0,0.0,0.0,0.0,0.0,0.0,0.0,0.0,0.0,0.013999066728884743,0.5599626691553897,6.663555762949138,16.210919272048532,6.271581894540366,0.27998133457769486,0.3718,0.02104,0.0,0.0,0.0,0.0,0.0,0.0,0.0,0.0,0.0,1.1259706643658327,10.936151855047457,15.258843830888676,2.6660914581535815,0.01294219154443486,0.0,0.0,0.0,0.0,0.0,0.0,0.0,0.0,0.0,0.0,0.0,0.0,0.0,0.0,0.0,0.0,0.3713,0.0215,0.0,0.0,0.0,0.0,0.0,0.0,0.0,0.0,0.0,1.1199253383107795,11.255249650023334,14.671021931871188,2.8978068128791423,0.055996266915538974,0.0,0.0,0.0,0.0,0.0,0.0,0.0,0.0,0.0,0.0,0.0,0.0,0.0,0.0,0.0,0.0
54500,4350,2308,0.5305747126436782,1067,880,0.4475862068965517,1183,0.5439080459770115,0.426,2.950048971596474,3.1327864791505506,6.842105263157895,2.0320444361340693,9357.426289594392,1415.1365398375576,7853.0,10747.988291978836,10688.465493819587,17.422638340319473,7853.0,0.0,27.693793103448275,20.898727522247565,32.878695772312795,19.089047937466557,0.14781609195402298,0.09586206896551724,0.09632183908045977,0.08344827586206896,0.08459770114942529,0.07379310344827586,0.06551724137931035,0.06459770114942529,0.05425287356321839,0.05103448275862069,0.04666666666666667,0.04045977011494253,0.03793103448275862,0.02436781609195402,0.01793103448275862,0.009195402298850575,0.006206896551724138,0.9164066393759058,0.023136524142242557,0.0,0.0,0.0,0.0,0.0,0.0,0.0,0.0,0.0,0.0,0.0,0.0,0.0,0.0,0.0,0.0,0.0,0.0,0.0,0.0,0.0,0.0,0.0,0.0,0.0,0.4689655172413794,6.751724137931036,15.882758620689659,6.475862068965519,0.4206896551724139,4.214849354375897,2.919551740612774,nan,nan,nan,4.194964028776979,2.961645074189117,4.234620886981402,2.8769525122185926,1.0094534441612326,0.3713,0.02127,0.0,0.0,0.0,0.0,0.0,0.0,0.0,0.0,0.006896551724137933,1.0551724137931036,11.386206896551727,14.82758620689653,2.648275862068966,0.07586206896551725,0.0,0.0,0.0,0.0,0.0,0.0,0.0,0.0,0.0,0.0,0.0,0.0,0.0,0.0,0.0,0.0,nan,nan,4.214849354375897,2.919551740612774,nan,0.3713,0.11017,0.0,0.0,0.0,0.0,0.0,0.0,0.0,0.0,0.0,0.00042528735632183906,0.00041379310344827585,0.0,0.00022988505747126436,0.003563218390804598,0.00029885057471264366,0.0037011494252873565,0.010666666666666666,0.003747126436781609,0.0020804597701149425,0.006482758620689655,0.00906896551724138,0.03420689655172414,0.014701149425287356,0.018724137931034484,0.027367816091954024,0.02254022988505747,0.023632183908045976,0.03616091954022989,0.043517241379310345,0.02845977011494253,0.015551724137931034,0.04024137931034483,0.02035632183908046,0.02871264367816092,0.030655172413793102,0.029919540229885057,0.04155172413793103,0.06824137931034482,0.04625287356321839,0.02489655172413793,0.02642528735632184,0.013149425287356322,0.019402298850574713,0.029735632183908046,0.02360919540229885,0.03445977011494253,0.02164367816091954,0.034735632183908044,0.013022988505747126,0.005471264367816092,0.012206896551724139,0.005367816091954023,0.0041149425287356324,0.02052873563218391,0.008068965517241379,0.014793103448275863,0.004689655172413793,0.015402298850574713,0.004459770114942529,0.008977011494252873,0.021666666666666667,0.00439080459770115,0.009321839080459771,0.003195402298850575,0.002896551724137931,4.597701149425287e-05,0.0018275862068965517,2.2988505747126437e-05,0.0,0.0,0.0,0.0,0.0,0.0,0.0,0.0,0.0,0.0,0.0,0.0,0.0,0.0,0.0,0.0,0.0,0.0,0.0,0.0,0.0,0.0,0.0,0.0,0.0,0.0,0.0,0.0,0.0,0.0,0.0,0.0,0.0,nan,nan,4.214849354375897,2.919551740612774,nan,0.916608996134077,0.023215071614310977,0.0,0.0,0.0,0.0,0.0,0.0,0.0,0.0,0.0,0.0,0.0,0.0,0.0,0.0,0.0,0.0,0.0,0.0,0.0,0.0,0.0,0.0,0.0,0.0,0.0,0.49393414211438486,6.6161178509532075,16.104852686308494,6.26516464471404,0.5199306759098787,0.9161779227266116,0.023045283425492412,0.0,0.0,0.0,0.0,0.0,0.0,0.0,0.0,0.0,0.0,0.0,0.0,0.0,0.0,0.0,0.0,0.0,0.0,0.0,0.0,0.0,0.0,0.0,0.0,0.0,0.4407443682664056,6.9049951028403544,15.631733594515184,6.714005876591579,0.3085210577864839,0.3713,0.02104,0.0,0.0,0.0,0.0,0.0,0.0,0.0,0.0,0.0,1.0528596187175046,11.41247833622184,14.896013864818002,2.534662045060659,0.10398613518197576,0.0,0.0,0.0,0.0,0.0,0.0,0.0,0.0,0.0,0.0,0.0,0.0,0.0,0.0,0.0,0.0,0.3716,0.02153,0.0,0.0,0.0,0.0,0.0,0.0,0.0,0.0,0.01469147894221352,1.0577864838393733,11.35651322233105,14.750244857982349,2.776689520078355,0.044074436826640556,0.0,0.0,0.0,0.0,0.0,0.0,0.0,0.0,0.0,0.0,0.0,0.0,0.0,0.0,0.0,0.0
54600,4431,2330,0.5258406680207628,1063,950,0.45429925524712256,1287,0.5809072444143534,0.40199999999999997,2.9795335554497857,3.061648035367932,6.500846023688664,2.191256883446662,9344.118590694441,1416.00655375783,7853.0,10753.616749882698,10688.685182560974,17.784574935353252,7853.0,0.0,28.264725795531483,21.01880640445563,33.27876344086022,19.207272944246732,0.1372150756037012,0.09681787406905891,0.09252990295644324,0.09027307605506657,0.07515233581584292,0.07447528774542993,0.06973595125253892,0.0631911532385466,0.06206273978785827,0.05642067253441661,0.047619047619047616,0.038140374633265625,0.033401038140374636,0.024599413225005643,0.017377567140600316,0.01331527871812232,0.007673211464680659,0.9174138920298012,0.023053562186768694,0.0,0.0,0.0,0.0,0.0,0.0,0.0,0.0,0.0,0.0,0.0,0.0,0.0,0.0,0.0,0.0,0.0,0.0,0.0,0.0,0.0,0.0,0.0,0.0,0.0,0.5213270142180095,6.283006093432635,15.680433310765068,7.034529451591065,0.48070412999322965,4.221376686267727,2.899463739393842,nan,nan,nan,4.228230337078652,2.966671746303527,4.21418826739427,2.8335768019453162,0.9966789723915364,0.3706,0.02136,0.0,0.0,0.0,0.0,0.0,0.0,0.0,0.0,0.03385240352064997,1.137440758293839,11.672308733920111,14.563303994583594,2.538930264048748,0.054163845633039956,0.0,0.0,0.0,0.0,0.0,0.0,0.0,0.0,0.0,0.0,0.0,0.0,0.0,0.0,0.0,0.0,nan,nan,4.221376686267727,2.899463739393842,nan,0.3706,0.1105,0.0,0.0,0.0,0.0,0.0,0.0,3.3852403520649966e-05,0.0,0.0,0.0006206273978785827,0.000349808169713383,0.0,0.0003046716316858497,0.0028887384337621305,0.0005077860528097495,0.004333107650643196,0.009907470097043557,0.003678627849243963,0.002900022568269014,0.006228842247799593,0.00961408259986459,0.0354547506206274,0.015346422929361317,0.019826224328593996,0.025468291582035656,0.023177612277138344,0.023696682464454975,0.037914691943127965,0.04396298803881742,0.02767998194538479,0.013868201308959603,0.03986684721281877,0.021090047393364928,0.02948544346648612,0.031234484315053036,0.029361317986910405,0.04170616113744076,0.07006319115323854,0.04679530580004514,0.02385466034755134,0.025050778605280974,0.011543669600541638,0.01919431279620853,0.0317986910403972,0.021394719025050777,0.03563529677273753,0.019645678176483862,0.0340329496727601,0.01280749266531257,0.0060144436921688105,0.011475964793500338,0.005506657639359061,0.004378244188670729,0.02142857142857143,0.008914466260437825,0.014387271496276235,0.003814037463326563,0.01613631234484315,0.003893026404874746,0.008564658090724441,0.020424283457458812,0.005337395621755812,0.008429248476641841,0.0030580004513653804,0.003644775445723313,0.0,0.0022568269013766643,0.0,0.0,1.1284134506883322e-05,0.0,0.0,0.0,0.0,0.0,0.0,0.0,0.0,0.0,0.0,0.0,0.0,0.0,0.0,0.0,0.0,0.0,0.0,0.0,0.0,0.0,0.0,0.0,0.0,0.0,0.0,0.0,0.0,0.0,0.0,0.0,nan,nan,4.221376686267727,2.899463739393842,nan,0.9172555195927108,0.02322468291125186,0.0,0.0,0.0,0.0,0.0,0.0,0.0,0.0,0.0,0.0,0.0,0.0,0.0,0.0,0.0,0.0,0.0,0.0,0.0,0.0,0.0,0.0,0.0,0.0,0.0,0.5278969957081546,6.6051502145922765,15.24463519313305,7.171673819742491,0.45064377682403445,0.9175895263841185,0.022861009259038754,0.0,0.0,0.0,0.0,0.0,0.0,0.0,0.0,0.0,0.0,0.0,0.0,0.0,0.0,0.0,0.0,0.0,0.0,0.0,0.0,0.0,0.0,0.0,0.0,0.0,0.5140409328891006,5.925749643027132,16.163731556401718,6.882436934792957,0.5140409328891006,0.371,0.02159,0.0,0.0,0.0,0.0,0.0,0.0,0.0,0.0,0.012875536480686699,1.1716738197424894,11.587982832618028,14.33047210300427,2.8068669527897003,0.0901287553648069,0.0,0.0,0.0,0.0,0.0,0.0,0.0,0.0,0.0,0.0,0.0,0.0,0.0,0.0,0.0,0.0,0.37,0.02109,0.0,0.0,0.0,0.0,0.0,0.0,0.0,0.0,0.05711565920990006,1.099476439790576,11.765825797239414,14.821513564969042,2.2417896239885775,0.014278914802475015,0.0,0.0,0.0,0.0,0.0,0.0,0.0,0.0,0.0,0.0,0.0,0.0,0.0,0.0,0.0,0.0
54700,4439,2329,0.5246677179544943,1124,883,0.4521288578508673,1245,0.5609371480063077,0.414,2.953554502369668,3.039350792898075,6.367576243980738,2.1436475418110827,9340.698364352047,1416.0873277138119,7853.0,10745.016701579094,10688.50581337859,18.126093076449703,7853.0,0.0,28.308177517458887,20.969315448849493,33.48867313915858,19.04750862331035,0.14327551250281595,0.0975444920027033,0.08470376210858302,0.08042351881054291,0.08154989862581663,0.07862131110610499,0.06825861680558684,0.063753097544492,0.06352782158143726,0.05158819553953593,0.0482090560937148,0.037621085830141926,0.0369452579409777,0.02635728767740482,0.022527596305474205,0.009686866411353908,0.005406623113313809,0.9176728019281453,0.02310171068073309,0.0,0.0,0.0,0.0,0.0,0.0,0.0,0.0,0.0,0.0,0.0,0.0,0.0,0.0,0.0,0.0,0.0,0.0,0.0,0.0,0.0,0.0,0.0,0.0,0.006758278891642263,0.385221896823609,6.433881504843435,15.611624239693628,7.07591799954945,0.48659608019824296,4.184536082474227,2.9158828081909522,nan,nan,nan,4.265560165975104,2.927196943771442,4.104508196721311,2.9024450600201797,0.9622436531224086,0.37,0.0218,0.0,0.0,0.0,0.0,0.0,0.0,0.0,0.0,0.04054967334985358,1.3786888938950217,11.529623789141702,14.564091011489053,2.446496958774499,0.04054967334985358,0.0,0.0,0.0,0.0,0.0,0.0,0.0,0.0,0.0,0.0,0.0,0.0,0.0,0.0,0.0,0.0,nan,nan,4.184536082474227,2.9158828081909522,nan,0.37,0.1106,0.0,0.0,0.0,0.0,0.0,0.0,3.379139445821131e-05,0.0,0.0,0.0005744537057895923,0.0003153863482766389,0.0,2.2527596305474206e-05,0.002286551025005632,0.0008447848614552828,0.0040324397386798825,0.010475332282045505,0.003953593151610723,0.003593151610723136,0.0060373958098670875,0.010126154539310655,0.036179319666591575,0.01574678981752647,0.019351205226402345,0.025287226852894796,0.024825411128632575,0.02434106780806488,0.037193061500337916,0.04290380716377563,0.030006758278891644,0.012266276188330705,0.039716152286551024,0.021716602838477133,0.029804009912142375,0.03111061049785988,0.028914169858076145,0.04325298490651047,0.07160396485694977,0.04631673800405497,0.021603964856949764,0.02503942329353458,0.010509123676503716,0.018010813246226626,0.03170759179995494,0.01998197792295562,0.0358526695201622,0.019508898400540663,0.03216940752421717,0.01282946609596756,0.006195088984005406,0.013189907636855147,0.005001126379815274,0.004066231133138094,0.021829240820004505,0.009619283622437486,0.015363820680333408,0.004449200270331155,0.016692948862356387,0.0035593602162649245,0.006938499662086055,0.020781707591799956,0.005136291957648119,0.008098670871817978,0.0036494706014868214,0.00326650146429376,1.1263798152737103e-05,0.002106330254561838,0.0,0.0,0.0,0.0,0.0,0.0,0.0,0.0,0.0,0.0,0.0,0.0,0.0,0.0,0.0,0.0,0.0,0.0,0.0,0.0,0.0,0.0,0.0,0.0,0.0,0.0,0.0,0.0,0.0,0.0,0.0,0.0,0.0,0.0,nan,nan,4.184536082474227,2.9158828081909522,nan,0.9176473400786282,0.0234996088081998,0.0,0.0,0.0,0.0,0.0,0.0,0.0,0.0,0.0,0.0,0.0,0.0,0.0,0.0,0.0,0.0,0.0,0.0,0.0,0.0,0.0,0.0,0.0,0.0,0.012881064834693005,0.41219407471017616,6.530699871189353,15.405753542292832,7.07170459424646,0.5667668527264922,0.9177009065004321,0.022654368050427243,0.0,0.0,0.0,0.0,0.0,0.0,0.0,0.0,0.0,0.0,0.0,0.0,0.0,0.0,0.0,0.0,0.0,0.0,0.0,0.0,0.0,0.0,0.0,0.0,0.0,0.3554502369668247,6.327014218009481,15.83886255924171,7.080568720379149,0.3981042654028437,0.3704,0.02184,0.0,0.0,0.0,0.0,0.0,0.0,0.0,0.0,0.02576212966938601,1.3782739373121515,11.373980249033924,14.581365392872456,2.5890940317732936,0.05152425933877202,0.0,0.0,0.0,0.0,0.0,0.0,0.0,0.0,0.0,0.0,0.0,0.0,0.0,0.0,0.0,0.0,0.3696,0.02176,0.0,0.0,0.0,0.0,0.0,0.0,0.0,0.0,0.056872037914691954,1.3791469194312798,11.701421800947871,14.545023696682444,2.289099526066351,0.028436018957345977,0.0,0.0,0.0,0.0,0.0,0.0,0.0,0.0,0.0,0.0,0.0,0.0,0.0,0.0,0.0,0.0
54800,4580,2387,0.52117903930131,1161,923,0.4550218340611354,1262,0.5510917030567686,0.39799999999999996,2.931144550843593,3.0831760963970507,6.588330632090762,2.1132582862398794,9330.684401847468,1416.4215136932166,7853.0,10744.465812683105,10688.272124198325,17.722902271146562,7853.0,0.0,27.570960698689955,20.670316764552183,32.633533873921,18.87300497418957,0.14541484716157205,0.0943231441048035,0.09126637554585153,0.09039301310043668,0.08777292576419214,0.07336244541484715,0.07052401746724891,0.06091703056768559,0.06222707423580786,0.05327510917030567,0.042358078602620086,0.03755458515283843,0.03275109170305677,0.023799126637554586,0.01834061135371179,0.009170305676855894,0.006550218340611353,0.918593510581937,0.023193796057669788,0.0,0.0,0.0,0.0,0.0,0.0,0.0,0.0,0.0,0.0,0.0,0.0,0.0,0.0,0.0,0.0,0.0,0.0,0.0,0.0,0.0,0.0,0.0,0.0,0.0,0.3930131004366813,6.157205240174674,15.641921397379916,7.257641921397381,0.5502183406113538,4.188858695652174,2.896129501373986,nan,nan,nan,4.153319644079398,2.8984237024191,4.2238705327039785,2.893440739729061,1.0169866262822203,0.3691,0.02148,0.0,0.0,0.0,0.0,0.0,0.0,0.0,0.0,0.02620087336244542,1.454148471615721,12.08515283842795,14.200873362445394,2.1877729257641927,0.045851528384279486,0.0,0.0,0.0,0.0,0.0,0.0,0.0,0.0,0.0,0.0,0.0,0.0,0.0,0.0,0.0,0.0,nan,nan,4.188858695652174,2.896129501373986,nan,0.3691,0.1106,0.0,0.0,0.0,0.0,0.0,0.0,0.0,5.458515283842795e-05,0.0,0.0005895196506550219,0.0005240174672489083,4.3668122270742355e-05,0.0,0.0025982532751091703,0.0010262008733624454,0.003558951965065502,0.010076419213973798,0.004279475982532751,0.004028384279475983,0.006615720524017467,0.01027292576419214,0.03841703056768559,0.016375545851528384,0.01910480349344978,0.025807860262008733,0.027085152838427946,0.024203056768558953,0.03573144104803493,0.03993449781659389,0.029737991266375545,0.011353711790393014,0.03942139737991266,0.021451965065502183,0.0290174672489083,0.029683406113537116,0.028438864628820962,0.04275109170305677,0.07677947598253275,0.04712882096069869,0.022663755458515285,0.02609170305676856,0.01044759825327511,0.017729257641921396,0.03223799126637555,0.019301310043668123,0.03390829694323144,0.016419213973799127,0.032554585152838426,0.014323144104803493,0.006397379912663755,0.012587336244541485,0.004694323144104804,0.004028384279475983,0.02109170305676856,0.01019650655021834,0.016091703056768557,0.004508733624454148,0.01596069868995633,0.0027292576419213972,0.008373362445414848,0.02158296943231441,0.005884279475982533,0.006179039301310044,0.0028930131004366814,0.0033406113537117906,0.0,0.0016921397379912665,0.0,0.0,0.0,0.0,0.0,0.0,0.0,0.0,0.0,0.0,0.0,0.0,0.0,0.0,0.0,0.0,0.0,0.0,0.0,0.0,0.0,0.0,0.0,0.0,0.0,0.0,0.0,0.0,0.0,0.0,0.0,0.0,0.0,0.0,nan,nan,4.188858695652174,2.896129501373986,nan,0.9186951831189168,0.023248723752470456,0.0,0.0,0.0,0.0,0.0,0.0,0.0,0.0,0.0,0.0,0.0,0.0,0.0,0.0,0.0,0.0,0.0,0.0,0.0,0.0,0.0,0.0,0.0,0.0,0.0,0.32677000418935914,6.196062002513617,15.647255969836618,7.251780477586931,0.5781315458734815,0.9184828437575998,0.023133353149720846,0.0,0.0,0.0,0.0,0.0,0.0,0.0,0.0,0.0,0.0,0.0,0.0,0.0,0.0,0.0,0.0,0.0,0.0,0.0,0.0,0.0,0.0,0.0,0.0,0.0,0.46511627906976755,6.114911080711356,15.636114911080714,7.264021887824899,0.5198358413132695,0.369,0.02147,0.0,0.0,0.0,0.0,0.0,0.0,0.0,0.0,0.01256807708420612,1.4453288646837037,12.341851696690409,13.887725178047738,2.2748219522413073,0.037704231252618355,0.0,0.0,0.0,0.0,0.0,0.0,0.0,0.0,0.0,0.0,0.0,0.0,0.0,0.0,0.0,0.0,0.3694,0.02148,0.0,0.0,0.0,0.0,0.0,0.0,0.0,0.0,0.041039671682626545,1.4637482900136802,11.805745554035571,14.541723666210649,2.093023255813954,0.054719562243502065,0.0,0.0,0.0,0.0,0.0,0.0,0.0,0.0,0.0,0.0,0.0,0.0,0.0,0.0,0.0,0.0
54900,4378,2302,0.5258108725445408,1133,865,0.4563727729556875,1201,0.5486523526724532,0.414,2.898843930635838,3.054637116264146,6.464882943143813,2.1587352847850414,9343.456262288219,1415.4591117093978,7853.0,10747.21266233921,10687.58623644562,17.31042242678283,7853.0,0.0,28.05961626313385,20.68964823576115,32.82837837837838,18.949549094473376,0.135678391959799,0.1007309273640932,0.09296482412060302,0.08725445408862495,0.07743261763362266,0.0767473732297853,0.0719506624029237,0.06030150753768844,0.055504796710826865,0.06144358154408406,0.050936500685244405,0.040657834627683874,0.0349474645957058,0.018730013704888075,0.01644586569209685,0.009821836455002285,0.008451347647327547,0.9179094194576259,0.022586971119870496,0.0,0.0,0.0,0.0,0.0,0.0,0.0,0.0,0.0,0.0,0.0,0.0,0.0,0.0,0.0,0.0,0.0,0.0,0.0,0.0,0.0,0.0,0.0,0.0,0.006852444038373688,0.34262220191868437,6.0164458656920985,16.343079031521246,6.845591594335315,0.44540886249428974,4.15422362425517,2.897727550694489,nan,nan,nan,4.1852112676056334,2.9465053825592284,4.1235170969993025,2.848235882785243,0.985259006854957,0.3691,0.02133,0.0,0.0,0.0,0.0,0.0,0.0,0.0,0.0,0.0,1.41160347190498,12.211055276381913,14.1091822750114,2.2338967565098224,0.03426222019186844,0.0,0.0,0.0,0.0,0.0,0.0,0.0,0.0,0.0,0.0,0.0,0.0,0.0,0.0,0.0,0.0,nan,nan,4.15422362425517,2.897727550694489,nan,0.3691,0.1103,0.0,0.0,0.0,0.0,0.0,0.0,0.0,0.0,0.0,0.0008451347647327546,0.0005824577432617633,2.284148012791229e-05,6.852444038373687e-05,0.0025925079945180447,0.0009136592051164915,0.0032206486980356328,0.010153037916857012,0.005059387848332572,0.0035061671996345365,0.006498401096391046,0.010015989036089539,0.03787117405207858,0.01685701233439927,0.0183074463225217,0.028106441297396072,0.028426222019186844,0.021779351301964366,0.035495660118775696,0.04029237094563728,0.028072179077204204,0.0109639104613979,0.03837368661489265,0.020009136592051165,0.03015075376884422,0.028803106441297396,0.027181361352215622,0.04487208771128369,0.0763819095477387,0.049725902238465056,0.02310415714938328,0.02570808588396528,0.011272270443124715,0.018672910004568295,0.03133851073549566,0.021573777980813155,0.03434216537231612,0.01436729100045683,0.031418455915943354,0.014150296939241663,0.006361352215623573,0.01462996802192782,0.004773869346733669,0.0037003197807217907,0.020785746916400182,0.009045226130653266,0.016023298309730472,0.005047967108268616,0.01679990863407949,0.002227044312471448,0.008188670625856556,0.023184102329830973,0.005504796710826862,0.0062585655550479674,0.0022841480127912287,0.002740977615349475,0.0,0.001347647327546825,0.0,0.0,0.0,0.0,0.0,0.0,0.0,0.0,0.0,0.0,0.0,0.0,0.0,0.0,0.0,0.0,0.0,0.0,0.0,0.0,0.0,0.0,0.0,0.0,0.0,0.0,0.0,0.0,0.0,0.0,0.0,0.0,0.0,0.0,nan,nan,4.15422362425517,2.897727550694489,nan,0.9175955980990267,0.022454467101079158,0.0,0.0,0.0,0.0,0.0,0.0,0.0,0.0,0.0,0.0,0.0,0.0,0.0,0.0,0.0,0.0,0.0,0.0,0.0,0.0,0.0,0.0,0.0,0.0,0.013032145960034755,0.32580364900086883,6.033883579496092,16.36837532580365,6.802780191138142,0.4561251086012164,0.918257404413067,0.022727931088252138,0.0,0.0,0.0,0.0,0.0,0.0,0.0,0.0,0.0,0.0,0.0,0.0,0.0,0.0,0.0,0.0,0.0,0.0,0.0,0.0,0.0,0.0,0.0,0.0,0.0,0.3612716763005781,5.997109826589597,16.315028901734106,6.893063583815031,0.43352601156069376,0.3687,0.02173,0.0,0.0,0.0,0.0,0.0,0.0,0.0,0.0,0.0,1.602953953084275,12.432667245873157,13.748913987836643,2.176368375325804,0.039096437880104265,0.0,0.0,0.0,0.0,0.0,0.0,0.0,0.0,0.0,0.0,0.0,0.0,0.0,0.0,0.0,0.0,0.3696,0.02087,0.0,0.0,0.0,0.0,0.0,0.0,0.0,0.0,0.0,1.1994219653179192,11.965317919075147,14.508670520231194,2.297687861271677,0.02890173410404625,0.0,0.0,0.0,0.0,0.0,0.0,0.0,0.0,0.0,0.0,0.0,0.0,0.0,0.0,0.0,0.0
55000,4592,2417,0.5263501742160279,1160,904,0.44947735191637633,1258,0.5479094076655052,0.414,3.0551724137931036,3.1435669988121155,6.52833078101072,2.1861060224577833,9345.452118317451,1415.8240976721163,7853.0,10750.931847572327,10688.473780435967,17.562650699042404,7853.0,0.0,28.353005226480835,20.82000793745411,33.19814241486068,19.036165587232837,0.13240418118466898,0.09668989547038327,0.09799651567944251,0.08362369337979095,0.08427700348432056,0.06794425087108014,0.06837979094076654,0.062282229965156796,0.06445993031358885,0.060757839721254356,0.04333623693379791,0.042682926829268296,0.03418989547038327,0.02613240418118467,0.0195993031358885,0.00979965156794425,0.00544425087108014,0.9178914298735014,0.02299687993624903,0.0,0.0,0.0,0.0,0.0,0.0,0.0,0.0,0.0,0.0,0.0,0.0,0.0,0.0,0.0,0.0,0.0,0.0,0.0,0.0,0.0,0.0,0.0,0.0,0.0,0.45078397212543564,6.088850174216029,16.01263066202091,6.977351916376308,0.4703832752613241,4.256657789613848,2.944398010099869,nan,nan,nan,4.236894492368945,2.9271659289711356,4.2765531062124245,2.9615107238627063,1.0093603024372941,0.3704,0.02124,0.0,0.0,0.0,0.0,0.0,0.0,0.0,0.0,0.013066202090592338,1.2674216027874567,11.583188153310108,14.764808362369315,2.31925087108014,0.05226480836236935,0.0,0.0,0.0,0.0,0.0,0.0,0.0,0.0,0.0,0.0,0.0,0.0,0.0,0.0,0.0,0.0,nan,nan,4.256657789613848,2.944398010099869,nan,0.3704,0.11035,0.0,0.0,0.0,0.0,0.0,0.0,0.0,0.0,0.0,0.0010997386759581881,0.0008493031358885018,0.0,1.0888501742160279e-05,0.003233885017421603,0.0004899825783972125,0.0026023519163763066,0.009854094076655053,0.005193815331010453,0.003582317073170732,0.004921602787456446,0.010431184668989547,0.03660714285714286,0.01796602787456446,0.016681184668989546,0.027112369337979093,0.027602351916376305,0.019991289198606273,0.03663980836236934,0.04219294425087108,0.02848432055749129,0.00898301393728223,0.03838196864111498,0.01882621951219512,0.03319904181184669,0.029442508710801393,0.02535932055749129,0.046581010452961674,0.07601263066202091,0.04722343205574913,0.022996515679442508,0.02497822299651568,0.01171602787456446,0.019261759581881532,0.031500435540069684,0.02029616724738676,0.03668336236933798,0.015897212543554008,0.03331881533101045,0.013556184668989547,0.0072735191637630665,0.014971689895470383,0.00426829268292683,0.0032121080139372823,0.02109102787456446,0.009059233449477353,0.016104094076655053,0.004496951219512195,0.017846254355400697,0.0029507839721254355,0.007654616724738676,0.02295296167247387,0.005193815331010453,0.0058144599303135884,0.0028745644599303135,0.0030378919860627176,0.0,0.001404616724738676,0.0,3.2665505226480836e-05,0.0,0.0,0.0,0.0,0.0,0.0,0.0,0.0,0.0,0.0,0.0,0.0,0.0,0.0,0.0,0.0,0.0,0.0,0.0,0.0,0.0,0.0,0.0,0.0,0.0,0.0,0.0,0.0,0.0,0.0,0.0,0.0,nan,nan,4.256657789613848,2.944398010099869,nan,0.917928706849958,0.02315816306947584,0.0,0.0,0.0,0.0,0.0,0.0,0.0,0.0,0.0,0.0,0.0,0.0,0.0,0.0,0.0,0.0,0.0,0.0,0.0,0.0,0.0,0.0,0.0,0.0,0.0,0.4716590815059993,6.044683491932148,15.875051717004554,7.186594952420357,0.42201075713694675,0.9178500052978252,0.022816242928827227,0.0,0.0,0.0,0.0,0.0,0.0,0.0,0.0,0.0,0.0,0.0,0.0,0.0,0.0,0.0,0.0,0.0,0.0,0.0,0.0,0.0,0.0,0.0,0.0,0.0,0.4275862068965518,6.137931034482761,16.165517241379312,6.744827586206898,0.5241379310344829,0.3699,0.02141,0.0,0.0,0.0,0.0,0.0,0.0,0.0,0.0,0.024824162184526277,1.3529168390566821,11.766652875465455,14.484898634671058,2.33347124534547,0.03723624327678941,0.0,0.0,0.0,0.0,0.0,0.0,0.0,0.0,0.0,0.0,0.0,0.0,0.0,0.0,0.0,0.0,0.3708,0.02103,0.0,0.0,0.0,0.0,0.0,0.0,0.0,0.0,0.0,1.1724137931034484,11.379310344827589,15.075862068965494,2.3034482758620696,0.06896551724137932,0.0,0.0,0.0,0.0,0.0,0.0,0.0,0.0,0.0,0.0,0.0,0.0,0.0,0.0,0.0,0.0
55100,4671,2366,0.5065296510383216,1117,953,0.44315992292870904,1331,0.5698993791479341,0.41,2.9670281995661605,3.087129123090273,6.5433186490455215,2.1949655718830914,9289.405510914656,1417.8223745930056,7853.0,10763.052691102028,10688.777743652727,17.45336125332616,7853.0,0.0,27.964675658317276,20.82145799749457,32.7531051964512,19.110880015613873,0.13658745450652965,0.10211946050096339,0.0939841575679726,0.08777563690858489,0.07878398629843716,0.07364590023549561,0.07300363947762792,0.06122885891672019,0.05694712053093556,0.056733033611646326,0.045172339970027835,0.04131877542282167,0.03018625561978163,0.024619995718261616,0.023763648041104687,0.008777563690858489,0.005352172982230786,0.9187629402155949,0.023008677199179078,0.0,0.0,0.0,0.0,0.0,0.0,0.0,0.0,0.0,0.0,0.0,0.0,0.0,0.0,0.0,0.0,0.0,0.0,0.0,0.0,0.0,0.0,0.0,0.0,0.006422607578676944,0.3853564547206167,5.921644187540143,15.70327552986513,7.48233782915864,0.5009633911368017,4.348187562354506,2.9121060586419456,nan,nan,nan,4.310252996005326,2.879911378817276,4.386046511627907,2.9433981510454093,1.0175844702602896,0.3694,0.02177,0.0,0.0,0.0,0.0,0.0,0.0,0.0,0.0,0.01926782273603083,1.4129736673089277,12.138728323699425,13.982016698779685,2.3827874116891463,0.06422607578676943,0.0,0.0,0.0,0.0,0.0,0.0,0.0,0.0,0.0,0.0,0.0,0.0,0.0,0.0,0.0,0.0,nan,nan,4.348187562354506,2.9121060586419456,nan,0.3694,0.1106,0.0,0.0,0.0,0.0,0.0,0.0,0.0,0.0,0.0,0.001348747591522158,0.0010811389424106187,0.0,0.0,0.003125669021622779,0.00035324341682723185,0.0025583386855063156,0.010468850353243417,0.004998929565403554,0.003703703703703704,0.0052665382145150935,0.011796189252836651,0.038514236780132736,0.01901091843288375,0.016249197174052665,0.025990152001712695,0.026396917148362235,0.019385570541639904,0.03777563690858488,0.04382359237850567,0.030421751230999786,0.007910511667737102,0.036737315350032114,0.018208092485549134,0.03438235923785057,0.031042603296938556,0.024609291372297153,0.046071505031042605,0.07258616998501391,0.04631770498822522,0.02167630057803468,0.024298865339327767,0.011946050096339113,0.019085848854634983,0.028184542924427316,0.021162491971740527,0.03950974095482766,0.0152643973453222,0.03432883750802826,0.015157353885677585,0.007717833440376793,0.01567116249197174,0.0043566688075358595,0.0038000428173838577,0.02170841361592807,0.009227146221365874,0.015713979875829585,0.00469920787839863,0.016720188396488974,0.0027403125669021623,0.008006850781417255,0.02057375294369514,0.00483836437593663,0.0055127381716977095,0.0028045386426889317,0.003917790622992935,0.0,0.0012417041318775422,0.0,0.0,0.0,0.0,0.0,0.0,0.0,0.0,0.0,0.0,0.0,0.0,0.0,0.0,0.0,0.0,0.0,0.0,0.0,0.0,0.0,0.0,0.0,0.0,0.0,0.0,0.0,0.0,0.0,0.0,0.0,0.0,0.0,0.0,nan,nan,4.348187562354506,2.9121060586419456,nan,0.9188695225489916,0.022807903395827833,0.0,0.0,0.0,0.0,0.0,0.0,0.0,0.0,0.0,0.0,0.0,0.0,0.0,0.0,0.0,0.0,0.0,0.0,0.0,0.0,0.0,0.0,0.0,0.0,0.0,0.43110735418427737,5.845308537616232,15.583262890955202,7.683854606931532,0.45646661031276425,0.9186535372651321,0.023212449338953643,0.0,0.0,0.0,0.0,0.0,0.0,0.0,0.0,0.0,0.0,0.0,0.0,0.0,0.0,0.0,0.0,0.0,0.0,0.0,0.0,0.0,0.0,0.0,0.0,0.013015184381778745,0.3383947939262474,6.000000000000002,15.826464208242953,7.275488069414318,0.5466377440347072,0.3696,0.02203,0.0,0.0,0.0,0.0,0.0,0.0,0.0,0.0,0.012679628064243453,1.5595942519019446,11.906170752324602,13.998309382924745,2.447168216398986,0.07607776838546071,0.0,0.0,0.0,0.0,0.0,0.0,0.0,0.0,0.0,0.0,0.0,0.0,0.0,0.0,0.0,0.0,0.3694,0.0215,0.0,0.0,0.0,0.0,0.0,0.0,0.0,0.0,0.02603036876355749,1.2624728850325382,12.377440347071587,13.96529284164857,2.3167028199566166,0.05206073752711498,0.0,0.0,0.0,0.0,0.0,0.0,0.0,0.0,0.0,0.0,0.0,0.0,0.0,0.0,0.0,0.0
55200,4954,2528,0.5102947113443682,1203,1012,0.4471134436818732,1422,0.5740815502624143,0.40599999999999997,2.986809563066777,3.0857207705079475,6.524752475247524,2.137533123123813,9299.735077317102,1417.302265821712,7853.0,10750.47625720501,10688.097141229795,17.350261741516277,7853.0,0.0,27.7920872022608,20.72705452360589,32.73538609574212,18.959821823169907,0.13988696003229714,0.10274525635849818,0.09305611626968106,0.08578926120306823,0.08013726281792491,0.07307226483649576,0.06661283811061769,0.06338312474767864,0.06136455389584174,0.060153411384739605,0.04238998788857489,0.03734356075898264,0.03895841744045216,0.022809850625756963,0.016148566814695196,0.009487283003633428,0.006661283811061769,0.9181554870447614,0.02266181187009754,0.0,0.0,0.0,0.0,0.0,0.0,0.0,0.0,0.0,0.0,0.0,0.0,0.0,0.0,0.0,0.0,0.0,0.0,0.0,0.0,0.0,0.0,0.0,0.0,0.0060557125555106995,0.3451756156641099,5.8861526039564005,16.126362535324994,7.163907953169158,0.47234557932983456,4.415064607626851,2.9148197096977855,nan,nan,nan,4.391857506361323,2.942906226602535,4.4378513429106805,2.886794570294245,1.010472524776302,0.3691,0.02199,0.0,0.0,0.0,0.0,0.0,0.0,0.0,0.0,0.012111425111021399,1.5018167137666536,12.165926524020996,13.807024626564372,2.4646750100928547,0.048445700444085596,0.0,0.0,0.0,0.0,0.0,0.0,0.0,0.0,0.0,0.0,0.0,0.0,0.0,0.0,0.0,0.0,nan,nan,4.415064607626851,2.9148197096977855,nan,0.3691,0.1111,0.0,0.0,0.0,0.0,0.0,0.0,0.0,0.0,0.0,0.001241421073879693,0.0009184497375857892,0.0,1.0092854259184498e-05,0.003794913201453371,0.00023213564796124343,0.0030379491320145337,0.009719418651594671,0.005742834073475979,0.003693984658861526,0.005853855470327008,0.012303189341945903,0.03857488897860315,0.019993944287444488,0.015189745660072668,0.027048849414614454,0.025312878482034718,0.019448930157448526,0.03666733952361728,0.0429047234557933,0.03058134840532903,0.008710133225676221,0.037192167945094876,0.018439644731530078,0.03454784012918853,0.03256964069438837,0.022961243439644733,0.04478199434800161,0.07352644327815906,0.047365765038352846,0.022769479208720227,0.022618086394832457,0.010456197012515139,0.019065401695599515,0.026110213968510296,0.023243843358901898,0.0389987888574889,0.016370609608397254,0.0328118691966088,0.015482438433589018,0.00792289059345983,0.015623738393217602,0.003976584578118692,0.0031186919660880098,0.021871215179652806,0.008538554703270085,0.01622930964876867,0.005874041178845378,0.016340331045619702,0.003128784820347194,0.006661283811061769,0.02138675817521195,0.004895034315704481,0.005732741219216794,0.00300767056923698,0.0037646346386758177,0.0,0.001604763827210335,0.0,3.0278562777553492e-05,0.0,0.0,0.0,0.0,0.0,0.0,0.0,0.0,0.0,0.0,0.0,0.0,0.0,0.0,0.0,0.0,0.0,0.0,0.0,0.0,0.0,0.0,0.0,0.0,0.0,0.0,0.0,0.0,0.0,0.0,0.0,0.0,nan,nan,4.415064607626851,2.9148197096977855,nan,0.9177086245551517,0.022622683024358513,0.0,0.0,0.0,0.0,0.0,0.0,0.0,0.0,0.0,0.0,0.0,0.0,0.0,0.0,0.0,0.0,0.0,0.0,0.0,0.0,0.0,0.0,0.0,0.0,0.01186708860759494,0.37974683544303806,5.921677215189875,16.1748417721519,7.108386075949369,0.40348101265822794,0.918621137652236,0.022693153921738807,0.0,0.0,0.0,0.0,0.0,0.0,0.0,0.0,0.0,0.0,0.0,0.0,0.0,0.0,0.0,0.0,0.0,0.0,0.0,0.0,0.0,0.0,0.0,0.0,0.0,0.3091508656224238,5.8491343775762585,16.075845012366038,7.2217642209398205,0.5441055234954659,0.3694,0.02197,0.0,0.0,0.0,0.0,0.0,0.0,0.0,0.0,0.02373417721518988,1.4121835443037978,12.199367088607598,13.837025316455676,2.4564873417721524,0.07120253164556962,0.0,0.0,0.0,0.0,0.0,0.0,0.0,0.0,0.0,0.0,0.0,0.0,0.0,0.0,0.0,0.0,0.369,0.02199,0.0,0.0,0.0,0.0,0.0,0.0,0.0,0.0,0.0,1.5952184666117069,12.131079967023911,13.77576257213518,2.47320692497939,0.024732069249793907,0.0,0.0,0.0,0.0,0.0,0.0,0.0,0.0,0.0,0.0,0.0,0.0,0.0,0.0,0.0,0.0
55300,4834,2556,0.5287546545304096,1213,979,0.4534546959040132,1352,0.5593711212246587,0.426,3.08955223880597,3.1321305894767946,6.601190476190476,2.164073212366145,9352.27191071467,1415.4494110064957,7853.0,10750.276876568794,10688.477471202938,17.48054862460477,7853.0,0.0,28.673355399255275,21.053251375957593,33.387442200048675,19.306100781441828,0.13239553165080678,0.09495242035581299,0.08998758791890774,0.09019445593711212,0.07571369466280513,0.07798924286305337,0.07136946628051304,0.06702523789822093,0.058957385188249896,0.04902772031443939,0.045717832023169216,0.04509722796855606,0.03475382705833678,0.028340918494000826,0.019031857674803476,0.012412081092263137,0.00703351261894911,0.9183403719147227,0.022892487627431894,0.0,0.0,0.0,0.0,0.0,0.0,0.0,0.0,0.0,0.0,0.0,0.0,0.0,0.0,0.0,0.0,0.0,0.0,0.0,0.0,0.0,0.0,0.0,0.0,0.006206040546131569,0.41580471659081514,6.050889532478281,15.639222176251554,7.422424493173357,0.4654530409598677,4.204126289465458,2.9374911908099373,nan,nan,nan,4.24576802507837,2.989601511925315,4.162718204488778,2.884143872659142,0.9804393880920852,0.3694,0.0218,0.0,0.0,0.0,0.0,0.0,0.0,0.0,0.0,0.031030202730657847,1.3405047579644191,12.294166321886639,13.789822093504323,2.501034340091022,0.043442283822920987,0.0,0.0,0.0,0.0,0.0,0.0,0.0,0.0,0.0,0.0,0.0,0.0,0.0,0.0,0.0,0.0,nan,nan,4.204126289465458,2.9374911908099373,nan,0.3694,0.1123,0.0,0.0,0.0,0.0,0.0,0.0,0.0,0.0,0.0,0.0013032685146876293,0.001034340091021928,0.0,0.0,0.0037443111294993793,0.00047579644187008686,0.0031961108812577576,0.009867604468349193,0.005471659081505999,0.004075299958626396,0.005968142325196524,0.012577575506826645,0.04033926354985519,0.0226934215970211,0.016166735622672734,0.024338022341745966,0.024917252792718246,0.016901117087298304,0.03622258998758792,0.044145635084815886,0.030182043856019858,0.008595366156392222,0.037339677285891604,0.018618121638394703,0.034288374017376916,0.03236450144807613,0.021731485312370707,0.04798303682250724,0.07307612743069922,0.046338436077782375,0.021576334298717418,0.022093504344228382,0.009433181630119983,0.017987174182871327,0.024958626396359124,0.023831195697145223,0.038405047579644185,0.016332230037236245,0.03431940422010757,0.013705006206040546,0.008088539511791478,0.015453040959867605,0.004706247414149773,0.0031443938767066614,0.021762515515101364,0.007705833678113364,0.016994207695490277,0.006537029375258585,0.01669424906909392,0.002989242863053372,0.00688870500620604,0.020417873396772857,0.0056681836988001656,0.006185353744311129,0.0036615639222176252,0.004230450972279686,0.0,0.002192800992966487,0.0,8.274720728175425e-05,0.0,0.0,0.0,0.0,0.0,0.0,0.0,0.0,0.0,0.0,0.0,0.0,0.0,0.0,0.0,0.0,0.0,0.0,0.0,0.0,0.0,0.0,0.0,0.0,0.0,0.0,0.0,0.0,0.0,0.0,0.0,0.0,nan,nan,4.204126289465458,2.9374911908099373,nan,0.9184019001716739,0.022980002483122198,0.0,0.0,0.0,0.0,0.0,0.0,0.0,0.0,0.0,0.0,0.0,0.0,0.0,0.0,0.0,0.0,0.0,0.0,0.0,0.0,0.0,0.0,0.0,0.0,0.011737089201877937,0.39906103286384986,5.868544600938969,15.950704225352116,7.288732394366199,0.48122065727699537,0.9182713349416027,0.022793694996364997,0.0,0.0,0.0,0.0,0.0,0.0,0.0,0.0,0.0,0.0,0.0,0.0,0.0,0.0,0.0,0.0,0.0,0.0,0.0,0.0,0.0,0.0,0.0,0.0,0.0,0.43459174714661997,6.255487269534681,15.289727831431083,7.572431957857772,0.4477611940298509,0.3694,0.02187,0.0,0.0,0.0,0.0,0.0,0.0,0.0,0.0,0.03521126760563381,1.314553990610329,12.359154929577468,13.732394366197163,2.5469483568075124,0.011737089201877937,0.0,0.0,0.0,0.0,0.0,0.0,0.0,0.0,0.0,0.0,0.0,0.0,0.0,0.0,0.0,0.0,0.3694,0.02176,0.0,0.0,0.0,0.0,0.0,0.0,0.0,0.0,0.026338893766461816,1.3696224758560145,12.221246707638283,13.85425812115889,2.4495171202809485,0.07901668129938544,0.0,0.0,0.0,0.0,0.0,0.0,0.0,0.0,0.0,0.0,0.0,0.0,0.0,0.0,0.0,0.0
55400,4822,2520,0.5226047283284944,1204,965,0.4498133554541684,1349,0.5595188718374119,0.422,3.086446568201564,3.2014465896308275,6.750764525993884,2.152579924864858,9335.190905777907,1416.6894992041546,7853.0,10744.24222767353,10689.160534786137,17.911678050475185,7853.0,0.0,27.88822065532974,20.793391967381634,32.66789486612626,19.101565625592297,0.13770219825798424,0.0991289921194525,0.09829946080464537,0.08399004562422231,0.08419742845292409,0.07548734964744919,0.06885109912899212,0.06221484861053505,0.053712152633761924,0.05640812940688511,0.051223558689340525,0.03940273745333887,0.028826213189547905,0.024678556615512236,0.017627540439651597,0.010991289921194525,0.007258399004562422,0.9183782328712846,0.023006677464880117,0.0,0.0,0.0,0.0,0.0,0.0,0.0,0.0,0.0,0.0,0.0,0.0,0.0,0.0,0.0,0.0,0.0,0.0,0.0,0.0,0.0,0.0,0.0,0.0,0.0,0.3732890916632104,5.904189133139777,15.821236001659067,7.32890916632103,0.5723766072169225,4.290425872558437,2.964923757771497,nan,nan,nan,4.170547514159849,2.971310439718016,4.4146023468057365,2.953166919581375,1.0585186553605426,0.3708,0.02228,0.0,0.0,0.0,0.0,0.0,0.0,0.0,0.0,0.0062214848610535065,1.2318540024885942,11.534632932393201,14.36540854417252,2.7623392783077567,0.0995437577768561,0.0,0.0,0.0,0.0,0.0,0.0,0.0,0.0,0.0,0.0,0.0,0.0,0.0,0.0,0.0,0.0,nan,nan,4.290425872558437,2.964923757771497,nan,0.3708,0.1131,0.0,0.0,0.0,0.0,0.0,0.0,0.0,0.0,0.0,0.0013583575279966819,0.0009746992948983824,6.221484861053504e-05,9.332227291580257e-05,0.003784736623807549,0.0002488593944421402,0.002250103691414351,0.010535047698050602,0.005485275819162173,0.0045935296557445045,0.007351721277478225,0.012277063459145582,0.037733305682289504,0.022521775197013687,0.015408544172542513,0.0229883865615927,0.025414765657403568,0.016113645790128577,0.037619245126503525,0.04641227706345914,0.02976980506014102,0.007299875570302779,0.03880132725010369,0.018301534632932392,0.032849440066362506,0.028971381169639154,0.020375362919950228,0.049917046868519284,0.07573620904189134,0.04554126918291165,0.021744089589382,0.021080464537536293,0.009601824968892576,0.017129821650767315,0.02573620904189133,0.024294898382413936,0.03900871007880548,0.015605557859809207,0.03226876814599751,0.013542098714226462,0.008347158855246785,0.01644545831605143,0.00502903359601825,0.0035358772293654084,0.021007880547490667,0.008782662795520532,0.016155122355868932,0.006211115719618416,0.01606180008295313,0.003670676068021568,0.009477395271671506,0.021661136457901287,0.0060452094566569884,0.006107424305267524,0.004313562836997097,0.004303193695562008,0.0,0.0019908751555371214,0.0,5.184570717544587e-05,0.0,0.0,0.0,0.0,0.0,0.0,0.0,0.0,0.0,0.0,0.0,0.0,0.0,0.0,0.0,0.0,0.0,0.0,0.0,0.0,0.0,0.0,0.0,0.0,0.0,0.0,0.0,0.0,0.0,0.0,0.0,0.0,nan,nan,4.290425872558437,2.964923757771497,nan,0.918217051833395,0.02322951544270333,0.0,0.0,0.0,0.0,0.0,0.0,0.0,0.0,0.0,0.0,0.0,0.0,0.0,0.0,0.0,0.0,0.0,0.0,0.0,0.0,0.0,0.0,0.0,0.0,0.0,0.3333333333333334,6.166666666666668,15.42857142857143,7.5238095238095255,0.5476190476190477,0.9185546777954732,0.022758926645387076,0.0,0.0,0.0,0.0,0.0,0.0,0.0,0.0,0.0,0.0,0.0,0.0,0.0,0.0,0.0,0.0,0.0,0.0,0.0,0.0,0.0,0.0,0.0,0.0,0.0,0.41702867072111216,5.61685490877498,16.251086012163338,7.1155516941789765,0.5994787141615987,0.3708,0.02231,0.0,0.0,0.0,0.0,0.0,0.0,0.0,0.0,0.011904761904761908,1.1785714285714288,11.66666666666667,14.214285714285694,2.80952380952381,0.11904761904761907,0.0,0.0,0.0,0.0,0.0,0.0,0.0,0.0,0.0,0.0,0.0,0.0,0.0,0.0,0.0,0.0,0.3706,0.02225,0.0,0.0,0.0,0.0,0.0,0.0,0.0,0.0,0.0,1.2901824500434407,11.390095569070377,14.530842745438727,2.7106863596872293,0.07819287576020853,0.0,0.0,0.0,0.0,0.0,0.0,0.0,0.0,0.0,0.0,0.0,0.0,0.0,0.0,0.0,0.0
55500,4785,2521,0.5268547544409613,1204,934,0.44681295715778474,1298,0.542528735632184,0.43,3.0759717314487633,3.200522598544577,6.6807866868381245,2.1493572873649067,9347.46949814203,1416.305855980298,7853.0,10743.484198212624,10689.587286239435,17.866616457008725,7853.0,0.0,28.178474399164056,20.8698689017342,32.94342885375494,19.153452802324363,0.1341692789968652,0.09885057471264368,0.09905956112852665,0.08380355276907,0.08171368861024034,0.07502612330198537,0.0652037617554859,0.06206896551724138,0.05914315569487983,0.056844305120167186,0.05036572622779519,0.04200626959247649,0.030094043887147336,0.025914315569487985,0.017972831765935213,0.012121212121212121,0.005642633228840125,0.9187164868805227,0.022748536474445184,0.0,0.0,0.0,0.0,0.0,0.0,0.0,0.0,0.0,0.0,0.0,0.0,0.0,0.0,0.0,0.0,0.0,0.0,0.0,0.0,0.0,0.0,0.0,0.0,0.0,0.37617554858934177,5.761755485893419,16.294670846394986,6.946708463949845,0.6206896551724139,4.250322164948454,2.9656810468200177,nan,nan,nan,4.2375160051216385,2.975452446480623,4.263294422827497,2.9556934072608163,1.0060833794314172,0.3706,0.02246,0.0,0.0,0.0,0.0,0.0,0.0,0.0,0.0,0.00626959247648903,1.6363636363636367,11.31034482758621,14.18181818181816,2.8150470219435744,0.05015673981191224,0.0,0.0,0.0,0.0,0.0,0.0,0.0,0.0,0.0,0.0,0.0,0.0,0.0,0.0,0.0,0.0,nan,nan,4.250322164948454,2.9656810468200177,nan,0.3706,0.1136,0.0,0.0,0.0,0.0,0.0,0.0,0.0,0.0,3.134796238244514e-05,0.0015569487983281088,0.0010553814002089864,5.22466039707419e-05,0.00021943573667711599,0.004106583072100313,0.0003448275862068965,0.0032601880877742946,0.011138975966562173,0.005067920585161964,0.005663531870428422,0.006562173458725183,0.013145245559038662,0.03495297805642633,0.0228944618599791,0.016593521421107628,0.021640543364681297,0.024555903866248695,0.015862068965517243,0.03865203761755486,0.04563218390804598,0.030146290491118076,0.007513061650992686,0.04001044932079415,0.019247648902821317,0.0319435736677116,0.030626959247648904,0.02109717868338558,0.04926854754440961,0.07241379310344828,0.04448275862068966,0.021003134796238245,0.021233019853709508,0.009456635318704285,0.01646812957157785,0.025893416927899687,0.02471264367816092,0.041922675026123304,0.01568443051201672,0.03057471264367816,0.013584117032392894,0.008631138975966563,0.01787878787878788,0.005036572622779519,0.004346917450365726,0.019571577847439917,0.008213166144200626,0.016666666666666666,0.006812957157784744,0.014932079414838036,0.0034691745036572624,0.010397074190177638,0.019414838035527692,0.006907001044932079,0.00599791013584117,0.0039811912225705326,0.0041692789968652035,0.0,0.0031243469174503657,5.22466039707419e-05,0.00012539184952978057,0.0,0.0,0.0,0.0,0.0,0.0,0.0,0.0,0.0,0.0,0.0,0.0,0.0,0.0,0.0,0.0,0.0,0.0,0.0,0.0,0.0,0.0,0.0,0.0,0.0,0.0,0.0,0.0,0.0,0.0,0.0,0.0,nan,nan,4.250322164948454,2.9656810468200177,nan,0.9186160787378498,0.022811834458927017,0.0,0.0,0.0,0.0,0.0,0.0,0.0,0.0,0.0,0.0,0.0,0.0,0.0,0.0,0.0,0.0,0.0,0.0,0.0,0.0,0.0,0.0,0.0,0.0,0.0,0.3451011503371679,5.902419674732251,16.076953589845303,7.021023403411347,0.6545021816739391,0.9188282929439848,0.022677322131251614,0.0,0.0,0.0,0.0,0.0,0.0,0.0,0.0,0.0,0.0,0.0,0.0,0.0,0.0,0.0,0.0,0.0,0.0,0.0,0.0,0.0,0.0,0.0,0.0,0.0,0.4107773851590107,5.605123674911662,16.537102473498237,6.863957597173147,0.5830388692579507,0.3713,0.0225,0.0,0.0,0.0,0.0,0.0,0.0,0.0,0.0,0.011900039666798892,1.5113050376834594,10.995636652122176,14.375247917493038,3.0464101547005162,0.05950019833399446,0.0,0.0,0.0,0.0,0.0,0.0,0.0,0.0,0.0,0.0,0.0,0.0,0.0,0.0,0.0,0.0,0.3699,0.02237,0.0,0.0,0.0,0.0,0.0,0.0,0.0,0.0,0.0,1.7756183745583043,11.660777385159014,13.966431095406339,2.557420494699647,0.03975265017667845,0.0,0.0,0.0,0.0,0.0,0.0,0.0,0.0,0.0,0.0,0.0,0.0,0.0,0.0,0.0,0.0
55600,4984,2539,0.509430176565008,1227,1001,0.44703049759229535,1361,0.5461476725521669,0.426,2.9382413087934562,3.1949394058104983,6.788343558282208,2.2750957004892967,9297.619476929354,1417.6820929914888,7853.0,10749.411297798157,10688.755601818,17.731929725124523,7853.0,0.0,27.176765650080256,20.683472464716644,32.23403229693902,18.990018782565144,0.1472712680577849,0.10152487961476725,0.09329855537720706,0.09249598715890851,0.08246388443017656,0.07584269662921349,0.07122792937399679,0.0656099518459069,0.04875601926163724,0.049357945425361156,0.04434189406099519,0.03752006420545746,0.03350722311396469,0.0242776886035313,0.016452648475120384,0.009028892455858748,0.007022471910112359,0.9190591092237883,0.023260831961882403,0.0,0.0,0.0,0.0,0.0,0.0,0.0,0.0,0.0,0.0,0.0,0.0,0.0,0.0,0.0,0.0,0.0,0.0,0.0,0.0,0.0,0.0,0.0,0.0,0.0,0.3310593900481542,5.838683788121992,15.752407704654898,7.43980738362761,0.6380417335473517,4.337135614702155,2.986518488557513,nan,nan,nan,4.376492771841609,3.013637641640799,4.297124600638978,2.958157299312847,0.9818648915146652,0.37,0.02211,0.0,0.0,0.0,0.0,0.0,0.0,0.0,0.0,0.012038523274478333,1.336276083467095,11.713483146067418,14.205457463884409,2.6845906902086685,0.04815409309791333,0.0,0.0,0.0,0.0,0.0,0.0,0.0,0.0,0.0,0.0,0.0,0.0,0.0,0.0,0.0,0.0,nan,nan,4.337135614702155,2.986518488557513,nan,0.37,0.1138,0.0,0.0,0.0,0.0,0.0,0.0,2.0064205457463884e-05,0.0,1.0032102728731942e-05,0.0016151685393258426,0.001213884430176565,0.00020064205457463884,0.0002407704654895666,0.005327046548956662,0.00027086677367576243,0.003802166934189406,0.009630818619582664,0.005658105939004816,0.005818619582664527,0.006159711075441413,0.0139446227929374,0.03394863563402889,0.020686195826645264,0.01787720706260032,0.01963282504012841,0.026524879614767256,0.016773675762439808,0.039636837881219904,0.046829855537720705,0.02867174959871589,0.0072231139646869984,0.039345906902086676,0.019040930979133227,0.03229333868378812,0.0305276886035313,0.020906902086677368,0.049839486356340286,0.0710072231139647,0.04458266452648475,0.022130818619582663,0.0223615569823435,0.010002006420545747,0.016552969502407703,0.027267255216693417,0.02340489566613162,0.04097110754414125,0.01747592295345104,0.02963483146067416,0.013523274478330658,0.008687800963081862,0.017887239165329052,0.004885634028892456,0.004424157303370787,0.018107945425361156,0.007654494382022472,0.014947833065810594,0.006882022471910112,0.013764044943820225,0.003270465489566613,0.012489967897271269,0.019281701444622792,0.006430577849117175,0.007243178170144462,0.0037821027287319423,0.004674959871589085,0.0,0.002969502407704655,0.0,3.0096308186195826e-05,0.0,0.0,0.0,0.0,0.0,0.0,0.0,0.0,0.0,0.0,0.0,0.0,0.0,0.0,0.0,0.0,0.0,0.0,0.0,0.0,0.0,0.0,0.0,0.0,0.0,0.0,0.0,0.0,0.0,0.0,0.0,0.0,nan,nan,4.337135614702155,2.986518488557513,nan,0.9186441401836204,0.023108866657523826,0.0,0.0,0.0,0.0,0.0,0.0,0.0,0.0,0.0,0.0,0.0,0.0,0.0,0.0,0.0,0.0,0.0,0.0,0.0,0.0,0.0,0.0,0.0,0.0,0.0,0.3190232374950769,5.9078377313903125,16.022055927530527,7.113036628593936,0.6380464749901538,0.9194900320839053,0.023409811755585687,0.0,0.0,0.0,0.0,0.0,0.0,0.0,0.0,0.0,0.0,0.0,0.0,0.0,0.0,0.0,0.0,0.0,0.0,0.0,0.0,0.0,0.0,0.0,0.0,0.0,0.343558282208589,5.766871165644173,15.472392638036812,7.77914110429448,0.6380368098159511,0.3696,0.02197,0.0,0.0,0.0,0.0,0.0,0.0,0.0,0.0,0.011815675462780626,1.4296967309964557,11.89838519102009,14.166994879873947,2.45766049625837,0.03544702638834187,0.0,0.0,0.0,0.0,0.0,0.0,0.0,0.0,0.0,0.0,0.0,0.0,0.0,0.0,0.0,0.0,0.3706,0.02223,0.0,0.0,0.0,0.0,0.0,0.0,0.0,0.0,0.012269938650306752,1.2392638036809818,11.52147239263804,14.245398773006114,2.920245398773007,0.061349693251533756,0.0,0.0,0.0,0.0,0.0,0.0,0.0,0.0,0.0,0.0,0.0,0.0,0.0,0.0,0.0,0.0
55700,4401,2289,0.520109066121336,1089,869,0.44489888661667804,1208,0.5489661440581686,0.39399999999999996,2.865530303030303,2.9118854701904007,6.1015625,1.991544013722456,9327.382336086155,1416.2880867712781,7853.0,10752.121064901352,10687.756077376658,17.590226158768484,7853.0,0.0,28.996818904794363,21.286054223365603,33.77869949157078,19.531096661874916,0.12997046125880482,0.1006589411497387,0.08861622358554874,0.08384458077709611,0.07702794819359236,0.07248352647125653,0.0681663258350375,0.06952965235173825,0.061576914337650536,0.05657805044308112,0.04408089070665758,0.0408997955010225,0.03408316291751875,0.028629856850715747,0.022722108611679163,0.014314928425357873,0.006816632583503749,0.9181795638952708,0.023344876933011405,0.0,0.0,0.0,0.0,0.0,0.0,0.0,0.0,0.0,0.0,0.0,0.0,0.0,0.0,0.0,0.0,0.0,0.0,0.0,0.0,0.0,0.0,0.0,0.0,0.006816632583503751,0.4021813224267213,6.039536468984323,15.889570552147243,7.062031356509886,0.5998636673483301,3.970231914157148,2.692980243286143,nan,nan,nan,3.960635359116022,2.6684617280577303,3.98125,2.717803155685775,1.0052048823016566,0.3687,0.02199,0.0,0.0,0.0,0.0,0.0,0.0,0.0,0.0,0.034083162917518756,1.6223585548738928,12.147239263803684,14.008179959100184,2.12678936605317,0.061349693251533756,0.0,0.0,0.0,0.0,0.0,0.0,0.0,0.0,0.0,0.0,0.0,0.0,0.0,0.0,0.0,0.0,nan,nan,3.970231914157148,2.692980243286143,nan,0.3687,0.1134,0.0,0.0,0.0,0.0,0.0,0.0,0.0,0.0,0.0,0.0014542149511474665,0.0008861622358554874,0.00040899795501022495,4.544421722335833e-05,0.0055896387184730745,0.0003862758463985458,0.004374005907748239,0.010793001590547602,0.006180413542376733,0.0057373324244489885,0.007509656896159964,0.012735741876846172,0.035389684162690296,0.020688479890933878,0.016564417177914112,0.018825266984776188,0.025539650079527382,0.018029993183367416,0.04116109975005681,0.04765962281299704,0.03068620768007271,0.007100658941149739,0.038570779368325384,0.017984548966144057,0.03446943876391729,0.02995910020449898,0.021938195864576234,0.04670529425130652,0.06781413315155646,0.04378550329470575,0.023949102476709838,0.023483299250170415,0.009929561463303795,0.016405362417632356,0.02826630311292888,0.021586003181095204,0.0412747102931152,0.018336741649625087,0.03072029084299023,0.014837536923426493,0.007759600090888434,0.017984548966144057,0.004442172233583276,0.004135423767325608,0.01796182685753238,0.006884798909338787,0.016200863440127243,0.006430356737105203,0.014087707339241081,0.0031242899341058852,0.011554192229038855,0.01765507839127471,0.005953192456259941,0.006873437855032947,0.003556009997727789,0.00489661440581686,5.680527152919791e-05,0.0026016814360372642,5.680527152919791e-05,1.1361054305839582e-05,0.0,0.0,1.1361054305839582e-05,0.0,0.0,0.0,0.0,0.0,0.0,0.0,0.0,0.0,0.0,0.0,0.0,0.0,0.0,0.0,0.0,0.0,0.0,0.0,0.0,0.0,0.0,0.0,0.0,0.0,0.0,0.0,0.0,0.0,nan,nan,3.970231914157148,2.692980243286143,nan,0.9179309928401582,0.022920280474557568,0.0,0.0,0.0,0.0,0.0,0.0,0.0,0.0,0.0,0.0,0.0,0.0,0.0,0.0,0.0,0.0,0.0,0.0,0.0,0.0,0.0,0.0,0.0,0.0,0.013106159895150724,0.36697247706422026,6.002621231979032,16.186107470511143,6.815203145478376,0.615989515072084,0.9184489668996045,0.023793571825465622,0.0,0.0,0.0,0.0,0.0,0.0,0.0,0.0,0.0,0.0,0.0,0.0,0.0,0.0,0.0,0.0,0.0,0.0,0.0,0.0,0.0,0.0,0.0,0.0,0.0,0.44034090909090917,6.079545454545456,15.568181818181822,7.329545454545456,0.5823863636363638,0.3687,0.02197,0.0,0.0,0.0,0.0,0.0,0.0,0.0,0.0,0.03931847968545217,1.703800786369594,11.808650065530802,14.364351245085167,2.005242463958061,0.07863695937090434,0.0,0.0,0.0,0.0,0.0,0.0,0.0,0.0,0.0,0.0,0.0,0.0,0.0,0.0,0.0,0.0,0.369,0.02202,0.0,0.0,0.0,0.0,0.0,0.0,0.0,0.0,0.028409090909090915,1.5340909090909096,12.514204545454549,13.622159090909072,2.2585227272727275,0.04261363636363637,0.0,0.0,0.0,0.0,0.0,0.0,0.0,0.0,0.0,0.0,0.0,0.0,0.0,0.0,0.0,0.0
55800,4396,2250,0.5118289353958144,1050,918,0.44767970882620567,1260,0.5732484076433121,0.418,3.081547064305685,3.139705234244671,6.690322580645161,2.1651722480402484,9304.56587472116,1417.677558262629,7853.0,10740.266304373741,10689.037149010765,17.59215982790055,7853.0,0.0,27.856005459508644,20.783645729576104,32.877989130434784,18.98808420058689,0.14262966333030028,0.09576888080072793,0.08962693357597816,0.08735213830755233,0.08575978161965424,0.07370336669699727,0.07552320291173795,0.06346678798908098,0.05777979981801638,0.04845313921747043,0.04799818016378526,0.03935395814376706,0.03184713375796178,0.027525022747952686,0.014331210191082803,0.011828935395814377,0.007051865332120109,0.919007350088142,0.023039983733804517,0.0,0.0,0.0,0.0,0.0,0.0,0.0,0.0,0.0,0.0,0.0,0.0,0.0,0.0,0.0,0.0,0.0,0.0,0.0,0.0,0.0,0.0,0.0,0.0,0.006824385805277527,0.30027297543221115,5.909918107370339,15.798453139217473,7.404458598726117,0.5800727934485898,4.410193321616871,2.9493858282755627,nan,nan,nan,4.469632768361582,2.9461617049467255,4.351294611616515,2.9513965932965838,0.973523964299097,0.3694,0.02235,0.0,0.0,0.0,0.0,0.0,0.0,0.0,0.0,0.013648771610555053,1.6037306642402187,11.922202001819839,13.785259326660581,2.62056414922657,0.05459508644222021,0.0,0.0,0.0,0.0,0.0,0.0,0.0,0.0,0.0,0.0,0.0,0.0,0.0,0.0,0.0,0.0,nan,nan,4.410193321616871,2.9493858282755627,nan,0.3694,0.11316,0.0,0.0,0.0,0.0,0.0,0.0,0.0,0.0,0.0,0.0011146496815286624,0.0009099181073703367,0.00021610555050045495,0.0,0.004754322111010009,0.0004094631483166515,0.004287989080982712,0.010975887170154686,0.0058803457688808005,0.00617606915377616,0.00717697907188353,0.011965423111919928,0.03490673339399454,0.020279799818016378,0.01835759781619654,0.020200181983621474,0.024328935395814377,0.017788898999090082,0.04327797998180164,0.044642857142857144,0.031380800727934484,0.007654686078252957,0.037101910828025476,0.01722020018198362,0.03423566878980892,0.029856687898089172,0.022236123748862604,0.04845313921747043,0.06823248407643312,0.04350545950864422,0.02427206551410373,0.024067333939945406,0.00947452229299363,0.01525250227479527,0.02759326660600546,0.023202911737943584,0.03858052775250227,0.018937670609645133,0.03214285714285714,0.01591219290263876,0.0077229299363057325,0.02012056414922657,0.004083257506824386,0.003537306642402184,0.01679936305732484,0.007848043676069155,0.01681073703366697,0.006073703366696997,0.014342584167424932,0.002559144676979072,0.011362602365787079,0.018198362147406732,0.005971337579617835,0.006141947224749773,0.002957233848953594,0.005095541401273885,0.00020473157415832574,0.0031392174704276614,0.0,1.1373976342129209e-05,0.0,0.0,5.6869881710646044e-05,0.0,0.0,0.0,0.0,0.0,0.0,0.0,0.0,0.0,0.0,0.0,0.0,0.0,0.0,0.0,0.0,0.0,0.0,0.0,0.0,0.0,0.0,0.0,0.0,0.0,0.0,0.0,0.0,0.0,nan,nan,4.410193321616871,2.9493858282755627,nan,0.9190305596457587,0.022555495992522642,0.0,0.0,0.0,0.0,0.0,0.0,0.0,0.0,0.0,0.0,0.0,0.0,0.0,0.0,0.0,0.0,0.0,0.0,0.0,0.0,0.0,0.0,0.0,0.0,0.013333333333333336,0.21333333333333337,5.866666666666668,16.06666666666667,7.226666666666668,0.6133333333333334,0.9189830157430174,0.02353721941024789,0.0,0.0,0.0,0.0,0.0,0.0,0.0,0.0,0.0,0.0,0.0,0.0,0.0,0.0,0.0,0.0,0.0,0.0,0.0,0.0,0.0,0.0,0.0,0.0,0.0,0.3914259086672881,5.955265610438026,15.517241379310349,7.590866728797765,0.5452003727865797,0.3699,0.02238,0.0,0.0,0.0,0.0,0.0,0.0,0.0,0.0,0.0,1.5866666666666671,11.50666666666667,14.306666666666645,2.5333333333333337,0.06666666666666668,0.0,0.0,0.0,0.0,0.0,0.0,0.0,0.0,0.0,0.0,0.0,0.0,0.0,0.0,0.0,0.0,0.369,0.02231,0.0,0.0,0.0,0.0,0.0,0.0,0.0,0.0,0.027958993476234862,1.6216216216216222,12.35787511649581,13.238583410997185,2.7120223671947814,0.04193849021435229,0.0,0.0,0.0,0.0,0.0,0.0,0.0,0.0,0.0,0.0,0.0,0.0,0.0,0.0,0.0,0.0
55900,4635,2430,0.5242718446601942,1156,936,0.4513484358144552,1281,0.5527508090614887,0.426,3.037641723356009,3.1842779691105827,6.883527454242929,2.131237804351542,9339.614257663456,1416.1790342609784,7853.0,10744.879598498344,10688.579047024741,18.153214886570865,7853.0,0.0,27.626968716289106,20.79391885272245,32.65410428497677,19.04687110391672,0.14390507011866235,0.10183387270765912,0.08694714131607335,0.08608414239482201,0.09039913700107875,0.07680690399137001,0.07162891046386193,0.05868392664509169,0.05048543689320388,0.05544768069039914,0.045307443365695796,0.04271844660194175,0.029989212513484357,0.025889967637540454,0.015318230852211435,0.010355987055016181,0.00819848975188781,0.9191194386672562,0.023103829544909377,0.0,0.0,0.0,0.0,0.0,0.0,0.0,0.0,0.0,0.0,0.0,0.0,0.0,0.0,0.0,0.0,0.0,0.0,0.0,0.0,0.0,0.0,0.0,0.0,0.0064724919093851144,0.3042071197411004,5.773462783171523,15.786407766990294,7.533980582524274,0.5954692556634306,4.294846050870147,2.956016295469992,nan,nan,nan,4.272240802675586,2.962891789236168,4.31748158070998,2.9489419050748826,1.01058947286072,0.3691,0.02264,0.0,0.0,0.0,0.0,0.0,0.0,0.0,0.0,0.012944983818770229,1.8770226537216832,11.669902912621362,13.922330097087357,2.491909385113269,0.025889967637540458,0.0,0.0,0.0,0.0,0.0,0.0,0.0,0.0,0.0,0.0,0.0,0.0,0.0,0.0,0.0,0.0,nan,nan,4.294846050870147,2.956016295469992,nan,0.3691,0.11334,0.0,0.0,0.0,0.0,0.0,0.0,0.0,0.0,0.0,0.001121898597626753,0.0007982740021574973,0.00010787486515641856,0.0,0.004994606256742179,5.393743257820928e-05,0.004066882416396979,0.011251348435814455,0.004778856526429342,0.00720604099244876,0.007702265372168285,0.01099244875943905,0.03599784250269687,0.01975188781014024,0.01859762675296656,0.019816612729234087,0.02500539374325782,0.017659115426105716,0.044735706580366776,0.04241639697950378,0.03559870550161812,0.008619201725997842,0.03474649406688242,0.017065803667745415,0.03243797195253506,0.028586839266450916,0.022513484358144552,0.05110032362459547,0.0674217907227616,0.045026968716289105,0.025663430420711973,0.024530744336569578,0.008791801510248113,0.0147680690399137,0.028996763754045307,0.02163969795037756,0.035447680690399136,0.01983818770226537,0.031197411003236246,0.016418554476806905,0.006289104638619202,0.020097087378640778,0.004660194174757282,0.0031715210355987055,0.01807982740021575,0.007918015102481121,0.015016181229773462,0.005728155339805825,0.014908306364617045,0.0025026968716289105,0.01202804746494067,0.01639697950377562,0.005933117583603021,0.007885652642934197,0.0026321467098166127,0.005447680690399137,0.00028047464940668827,0.003505933117583603,3.2362459546925564e-05,2.157497303128371e-05,0.0,0.0,0.0,0.0,0.0,0.0,0.0,0.0,0.0,0.0,0.0,0.0,0.0,0.0,0.0,0.0,0.0,0.0,0.0,0.0,0.0,0.0,0.0,0.0,0.0,0.0,0.0,0.0,0.0,0.0,0.0,0.0,nan,nan,4.294846050870147,2.956016295469992,nan,0.9188728311179597,0.022943188255602397,0.0,0.0,0.0,0.0,0.0,0.0,0.0,0.0,0.0,0.0,0.0,0.0,0.0,0.0,0.0,0.0,0.0,0.0,0.0,0.0,0.0,0.0,0.0,0.0,0.0,0.32098765432098775,5.827160493827162,15.851851851851855,7.370370370370372,0.6296296296296298,0.9193912102521953,0.023276552847994333,0.0,0.0,0.0,0.0,0.0,0.0,0.0,0.0,0.0,0.0,0.0,0.0,0.0,0.0,0.0,0.0,0.0,0.0,0.0,0.0,0.0,0.0,0.0,0.0,0.013605442176870751,0.28571428571428575,5.714285714285716,15.714285714285717,7.714285714285716,0.5578231292517007,0.3691,0.023,0.0,0.0,0.0,0.0,0.0,0.0,0.0,0.0,0.024691358024691364,2.037037037037037,11.283950617283953,14.123456790123436,2.481481481481482,0.04938271604938273,0.0,0.0,0.0,0.0,0.0,0.0,0.0,0.0,0.0,0.0,0.0,0.0,0.0,0.0,0.0,0.0,0.369,0.02225,0.0,0.0,0.0,0.0,0.0,0.0,0.0,0.0,0.0,1.7006802721088439,12.095238095238098,13.700680272108825,2.5034013605442182,0.0,0.0,0.0,0.0,0.0,0.0,0.0,0.0,0.0,0.0,0.0,0.0,0.0,0.0,0.0,0.0,0.0
56000,4998,2549,0.5100040016006403,1199,1039,0.4477791116446579,1402,0.5610244097639056,0.418,2.9608003266639447,3.17723610221654,6.878378378378378,2.107881908246305,9298.774842872148,1417.1896479453126,7853.0,10751.378621339798,10687.830390221654,17.983175107585726,7853.0,0.0,27.304921968787514,20.62049324532723,32.313339731285986,18.92491210175748,0.13925570228091236,0.1094437775110044,0.09483793517406963,0.08763505402160865,0.08303321328531413,0.07122849139655862,0.06902761104441776,0.061024409763905565,0.0584233693477391,0.05402160864345738,0.049019607843137254,0.039015606242496996,0.030212084833933575,0.021208483393357343,0.01520608243297319,0.011404561824729893,0.006002400960384154,0.9197402542688791,0.023151150350232283,0.0,0.0,0.0,0.0,0.0,0.0,0.0,0.0,0.0,0.0,0.0,0.0,0.0,0.0,0.0,0.0,0.0,0.0,0.0,0.0,0.0,0.0,0.0,0.0,0.006002400960384155,0.3241296518607444,5.558223289315728,15.678271308523412,7.8571428571428585,0.5762304921968788,4.295004712535344,2.917118303074842,nan,nan,nan,4.314990512333966,2.9345738052794497,4.275280898876405,2.899653550659953,0.9907972883499847,0.3674,0.02245,0.0,0.0,0.0,0.0,0.0,0.0,0.0,0.0,0.02400960384153662,1.9807923169267712,12.641056422569031,13.163265306122428,2.1428571428571432,0.04801920768307324,0.0,0.0,0.0,0.0,0.0,0.0,0.0,0.0,0.0,0.0,0.0,0.0,0.0,0.0,0.0,0.0,nan,nan,4.295004712535344,2.917118303074842,nan,0.3674,0.1132,0.0,0.0,0.0,0.0,0.0,0.0,0.0,0.0,0.0,0.0007002801120448179,0.0005602240896358543,0.00019007603041216485,3.001200480192077e-05,0.005202080832332933,0.0,0.002931172468987595,0.010034013605442177,0.0056522609043617444,0.008083233293317327,0.008663465386154461,0.010454181672669068,0.03905562224889956,0.019007603041216486,0.02150860344137655,0.019277711084433772,0.02536014405762305,0.017737094837935174,0.04539815926370548,0.044257703081232495,0.035414165666266505,0.00895358143257303,0.038895558223289314,0.016996798719487796,0.03253301320528211,0.0273109243697479,0.024069627851140456,0.04842937174869948,0.0648359343737495,0.04292717086834734,0.023809523809523808,0.026520608243297317,0.009063625450180073,0.015406162464985995,0.027941176470588237,0.02305922368947579,0.03397358943577431,0.018927571028411364,0.028731492597038815,0.0171468587434974,0.007232893157262905,0.019237695078031213,0.004781912765106042,0.0038915566226490595,0.018207282913165267,0.007262905162064826,0.013575430172068827,0.005762304921968787,0.015866346538615447,0.002891156462585034,0.010574229691876751,0.015776310524209684,0.0058323329331732695,0.007773109243697479,0.0031312525010004,0.005402160864345739,0.00024009603841536616,0.00351140456182473,0.0,0.0,0.0,0.0,0.0,0.0,0.0,0.0,0.0,0.0,0.0,0.0,0.0,0.0,0.0,0.0,0.0,0.0,0.0,0.0,0.0,0.0,0.0,0.0,0.0,0.0,0.0,0.0,0.0,0.0,0.0,0.0,0.0,0.0,nan,nan,4.295004712535344,2.917118303074842,nan,0.9196256549276993,0.022896321263755057,0.0,0.0,0.0,0.0,0.0,0.0,0.0,0.0,0.0,0.0,0.0,0.0,0.0,0.0,0.0,0.0,0.0,0.0,0.0,0.0,0.0,0.0,0.0,0.0,0.0,0.24715574735190274,5.743428795606121,15.62965868968223,7.814829344841115,0.5649274225186348,0.9198595330441617,0.023412843588748174,0.0,0.0,0.0,0.0,0.0,0.0,0.0,0.0,0.0,0.0,0.0,0.0,0.0,0.0,0.0,0.0,0.0,0.0,0.0,0.0,0.0,0.0,0.0,0.0,0.012249897917517356,0.40424663127807275,5.365455287872603,15.728868926092286,7.901184156798695,0.5879951000408331,0.3672,0.02261,0.0,0.0,0.0,0.0,0.0,0.0,0.0,0.0,0.023538642604943122,2.0714005492349945,12.993330717928602,12.628481757551963,2.2361710474695964,0.047077285209886244,0.0,0.0,0.0,0.0,0.0,0.0,0.0,0.0,0.0,0.0,0.0,0.0,0.0,0.0,0.0,0.0,0.3677,0.02226,0.0,0.0,0.0,0.0,0.0,0.0,0.0,0.0,0.024499795835034713,1.8864842792976728,12.274397713352391,13.719885667619415,2.0457329522253986,0.048999591670069426,0.0,0.0,0.0,0.0,0.0,0.0,0.0,0.0,0.0,0.0,0.0,0.0,0.0,0.0,0.0,0.0
56100,4362,2274,0.5213204951856947,1075,855,0.442457588262265,1211,0.5552498853736818,0.438,3.0660919540229883,3.1409176452717933,6.523274478330658,2.2116764847728705,9331.091431121906,1416.4076822050024,7853.0,10755.356063604355,10688.2835631283,17.335195630665194,7853.0,0.0,28.83998165978909,21.3434626800422,33.72520325203252,19.570450570382743,0.13319578175149013,0.10132966529115085,0.09147180192572214,0.07771664374140302,0.08023842274186153,0.07634112792297111,0.0662540119211371,0.0614397065566254,0.06006419073819349,0.061210453920220086,0.042411737734983954,0.04126547455295736,0.035075653370013754,0.028198074277854195,0.02200825309491059,0.0135259055479138,0.008253094910591471,0.9197143642031125,0.02303882426701826,0.0,0.0,0.0,0.0,0.0,0.0,0.0,0.0,0.0,0.0,0.0,0.0,0.0,0.0,0.0,0.0,0.0,0.0,0.0,0.0,0.0,0.0,0.0,0.0,0.006877579092159561,0.3163686382393398,5.543328748280606,15.804676753782672,7.709766162310868,0.6189821182943605,4.264064697609001,2.900281729616063,nan,nan,nan,4.227368421052631,2.9012196626475206,4.300916138125441,2.898872081330696,1.0173979908414266,0.3677,0.02191,0.0,0.0,0.0,0.0,0.0,0.0,0.0,0.0,0.006877579092159561,1.7400275103163692,12.599724896836317,13.521320495185675,2.104539202200826,0.027510316368638245,0.0,0.0,0.0,0.0,0.0,0.0,0.0,0.0,0.0,0.0,0.0,0.0,0.0,0.0,0.0,0.0,nan,nan,4.264064697609001,2.900281729616063,nan,0.3677,0.1134,0.0,0.0,0.0,0.0,0.0,0.0,0.0,0.0,0.0,0.0006189821182943604,0.0005387436955524989,0.00012608895002292527,5.7313159101329664e-05,0.0044818890417239795,3.43878954607978e-05,0.003106373223292068,0.008574048601558918,0.005215497478221,0.008253094910591471,0.010247592847317744,0.011313617606602476,0.03682943603851444,0.019337459880788627,0.022902338376891335,0.02051811095827602,0.027968821641448878,0.016506189821182942,0.04275561668959193,0.04470426409903714,0.036348005502063276,0.00941082072443833,0.03971801925722146,0.01973865199449794,0.031613938560293445,0.028198074277854195,0.024839523154516277,0.045254470426409905,0.0614397065566254,0.04202200825309491,0.022867950481430536,0.024954149472718935,0.008367721228794131,0.01566941769830353,0.029206785878037596,0.024461256304447503,0.03666895919303072,0.019922054103622192,0.028003209536909674,0.016231086657496563,0.007909215955983494,0.018603851444291608,0.005536451169188446,0.003931682714351215,0.017514901421366344,0.006911966987620357,0.01178358551123338,0.006006419073819349,0.015933058230169647,0.0029917469050894084,0.010190279688216414,0.017148097203117836,0.00515818431911967,0.006946354883081155,0.003587803759743237,0.005502063273727648,0.00029802842732691424,0.0049862448418156805,1.1462631820265933e-05,2.2925263640531865e-05,0.0,0.0,0.0,0.0,0.0,0.0,0.0,0.0,0.0,0.0,0.0,0.0,0.0,0.0,0.0,0.0,0.0,0.0,0.0,0.0,0.0,0.0,0.0,0.0,0.0,0.0,0.0,0.0,0.0,0.0,0.0,0.0,nan,nan,4.264064697609001,2.900281729616063,nan,0.9199318378613304,0.022758724841553148,0.0,0.0,0.0,0.0,0.0,0.0,0.0,0.0,0.0,0.0,0.0,0.0,0.0,0.0,0.0,0.0,0.0,0.0,0.0,0.0,0.0,0.0,0.0,0.0,0.0,0.2638522427440634,5.435356200527706,15.923482849604225,7.8759894459102915,0.5013192612137204,0.9194775178914326,0.023337746230041208,0.0,0.0,0.0,0.0,0.0,0.0,0.0,0.0,0.0,0.0,0.0,0.0,0.0,0.0,0.0,0.0,0.0,0.0,0.0,0.0,0.0,0.0,0.0,0.0,0.014367816091954026,0.3735632183908047,5.6609195402298855,15.675287356321842,7.52873563218391,0.7471264367816094,0.3677,0.02191,0.0,0.0,0.0,0.0,0.0,0.0,0.0,0.0,0.0,1.794195250659631,12.348284960422166,13.812664907651696,2.0052770448548816,0.0395778364116095,0.0,0.0,0.0,0.0,0.0,0.0,0.0,0.0,0.0,0.0,0.0,0.0,0.0,0.0,0.0,0.0,0.3677,0.02191,0.0,0.0,0.0,0.0,0.0,0.0,0.0,0.0,0.014367816091954026,1.6810344827586212,12.873563218390808,13.204022988505727,2.21264367816092,0.014367816091954026,0.0,0.0,0.0,0.0,0.0,0.0,0.0,0.0,0.0,0.0,0.0,0.0,0.0,0.0,0.0,0.0
56200,4772,2460,0.5155071248952221,1170,979,0.4503352891869237,1337,0.5603520536462699,0.414,2.9645328719723185,3.1372229261507383,6.6827697262479875,2.1589441103492417,9315.046085735403,1417.4403594340915,7853.0,10747.664818525314,10689.131675255832,17.656750253638034,7853.0,0.0,27.639354568315174,20.717233337715143,32.56393606393606,18.97982940301994,0.1406119027661358,0.10142497904442582,0.08968985750209556,0.0875943000838223,0.08528918692372171,0.07942162615255657,0.06957250628667226,0.06307627829002514,0.058466051969823976,0.051341156747694884,0.04212070410729254,0.040444258172673934,0.03206202849958089,0.023260687342833195,0.018231349538977367,0.011106454316848282,0.006286672254819782,0.9207720669347103,0.022822149757578587,0.0,0.0,0.0,0.0,0.0,0.0,0.0,0.0,0.0,0.0,0.0,0.0,0.0,0.0,0.0,0.0,0.0,0.0,0.0,0.0,0.0,0.0,0.0,0.0,0.006286672254819783,0.24518021793797154,5.148784576697402,16.27619446772842,7.54400670578374,0.7795473595976532,4.325816993464052,2.9401525269178275,nan,nan,nan,4.301260783012608,2.858673759498689,4.3496458467482295,3.016923963737258,1.01124904212428,0.3672,0.0227,0.0,0.0,0.0,0.0,0.0,0.0,0.0,0.0,0.03143336127409892,1.9614417435037723,12.79966471081308,13.00712489522211,2.1374685666387263,0.06286672254819783,0.0,0.0,0.0,0.0,0.0,0.0,0.0,0.0,0.0,0.0,0.0,0.0,0.0,0.0,0.0,0.0,nan,nan,4.325816993464052,2.9401525269178275,nan,0.3672,0.114,0.0,0.0,0.0,0.0,0.0,0.0,2.095557418273261e-05,0.0,0.0,0.0008172673931265717,0.0009220452640402347,9.430008382229673e-05,3.143336127409891e-05,0.004599748533109807,1.0477787091366304e-05,0.0028080469404861692,0.008654652137468567,0.005249371332774518,0.008570829840737636,0.0105720871751886,0.011316010058675607,0.03717518860016764,0.018818105616093882,0.023711232187761944,0.020997485331098072,0.027367979882648785,0.015067057837384745,0.045536462699077955,0.04460393964794635,0.03670368818105616,0.009545264040234702,0.039291701592623636,0.021311818943839062,0.029264459346186086,0.029662615255658005,0.023711232187761944,0.04565171835708298,0.0633382229673093,0.040266135792120704,0.02247485331098072,0.02554484492875105,0.007187761944677284,0.014186923721709975,0.029694048616932103,0.023449287510477788,0.03562447611064543,0.0192476948868399,0.02857292539815591,0.015936714165968147,0.008005029337803856,0.01853520536462699,0.004756915339480302,0.003950125733445096,0.019603939647946354,0.007774518021793797,0.012038977367979882,0.0056160938809723384,0.014794635373009221,0.0026089689857502095,0.00920997485331098,0.016471081307627828,0.00623428331936295,0.006946772841575859,0.004295892707460184,0.005930427493713327,0.00017812238055322715,0.005437971500419111,0.0,0.0,0.0,0.0,0.0,0.0,0.0,0.0,0.0,0.0,0.0,0.0,0.0,0.0,0.0,0.0,0.0,0.0,0.0,0.0,0.0,0.0,0.0,0.0,0.0,0.0,0.0,0.0,0.0,0.0,0.0,0.0,0.0,0.0,nan,nan,4.325816993464052,2.9401525269178275,nan,0.9214440388650429,0.022960094423634198,0.0,0.0,0.0,0.0,0.0,0.0,0.0,0.0,0.0,0.0,0.0,0.0,0.0,0.0,0.0,0.0,0.0,0.0,0.0,0.0,0.0,0.0,0.0,0.0,0.012195121951219514,0.21951219512195128,5.000000000000002,16.09756097560976,7.76829268292683,0.902439024390244,0.9200570795001868,0.022652575363414775,0.0,0.0,0.0,0.0,0.0,0.0,0.0,0.0,0.0,0.0,0.0,0.0,0.0,0.0,0.0,0.0,0.0,0.0,0.0,0.0,0.0,0.0,0.0,0.0,0.0,0.2724913494809689,5.3070934256055375,16.466262975778548,7.30536332179931,0.6487889273356402,0.3677,0.02267,0.0,0.0,0.0,0.0,0.0,0.0,0.0,0.0,0.012195121951219514,1.9390243902439028,12.57317073170732,13.134146341463396,2.2926829268292686,0.04878048780487806,0.0,0.0,0.0,0.0,0.0,0.0,0.0,0.0,0.0,0.0,0.0,0.0,0.0,0.0,0.0,0.0,0.3667,0.02272,0.0,0.0,0.0,0.0,0.0,0.0,0.0,0.0,0.05190311418685122,1.9852941176470593,13.04065743944637,12.87197231833908,1.9723183391003465,0.07785467128027683,0.0,0.0,0.0,0.0,0.0,0.0,0.0,0.0,0.0,0.0,0.0,0.0,0.0,0.0,0.0,0.0
56300,4685,2462,0.5255069370330843,1176,941,0.4518676627534685,1301,0.5553895410885806,0.43,2.9752586594691857,3.110185205677806,6.602564102564102,2.1406609546618864,9342.829693600921,1415.7296356338159,7853.0,10757.86598777771,10688.033352770231,17.775620680132853,7853.0,0.0,28.21237993596585,20.930283636346434,33.230788804071246,19.11374599983572,0.13831376734258272,0.09775880469583778,0.09071504802561366,0.08516542155816435,0.07876200640341516,0.08196371398078975,0.06830309498399147,0.06232657417289221,0.05933831376734258,0.05485592315901814,0.04503735325506937,0.03948772678762007,0.03543223052294557,0.027321237993596585,0.01792956243329776,0.008537886872998933,0.008751334044823906,0.9202475036602773,0.02351695110600402,0.0,0.0,0.0,0.0,0.0,0.0,0.0,0.0,0.0,0.0,0.0,0.0,0.0,0.0,0.0,0.0,0.0,0.0,0.0,0.0,0.0,0.0,0.0,0.0,0.0,0.32017075773746,5.538954108858059,15.329775880469587,8.106723585912489,0.7043756670224122,4.185063871601703,2.8802067400721154,nan,nan,nan,4.167217448777263,2.840167694873469,4.202597402597402,2.918902748208605,1.0084900666343966,0.3665,0.02228,0.0,0.0,0.0,0.0,0.0,0.0,0.0,0.0,0.019210245464247603,1.9530416221985063,13.114194236926364,12.966915688367111,1.9210245464247602,0.025613660618996805,0.0,0.0,0.0,0.0,0.0,0.0,0.0,0.0,0.0,0.0,0.0,0.0,0.0,0.0,0.0,0.0,nan,nan,4.185063871601703,2.8802067400721154,nan,0.3665,0.1141,0.0,0.0,0.0,0.0,0.0,0.0,0.0,0.0,0.0,0.0006189967982924226,0.0009391675560298826,0.0,1.0672358591248667e-05,0.00400213447171825,0.0,0.003735325506937033,0.008676627534685165,0.005133404482390609,0.008858057630736393,0.012475987193169691,0.01183564567769477,0.03488794023479189,0.01986125933831377,0.02345784418356457,0.021622198505869796,0.028762006403415155,0.015421558164354322,0.04614727854855923,0.04432230522945571,0.03420490928495198,0.01048025613660619,0.03902881536819637,0.020256136606189967,0.029146211312700107,0.030501600853788686,0.023649946638207044,0.04371398078975454,0.06656350053361793,0.04060832443970117,0.02089647812166489,0.025122732123799358,0.007054429028815369,0.014023479188900748,0.02934898612593383,0.023415154749199574,0.036670224119530415,0.01950907150480256,0.029327641408751333,0.015453575240128069,0.007886872998932764,0.017982924226254002,0.003938100320170758,0.003895410885805763,0.01975453575240128,0.008132337246531483,0.012945570971184631,0.005816435432230523,0.012742796157950907,0.002742796157950907,0.009701173959445038,0.01657417289220918,0.0057310565635005336,0.0064034151547491995,0.004589114194236926,0.00471718249733191,0.00017075773745997867,0.006478121664887941,0.0,5.336179295624333e-05,0.0,0.0,0.0,0.0,0.0,0.0,0.0,0.0,0.0,0.0,0.0,0.0,0.0,0.0,0.0,0.0,0.0,0.0,0.0,0.0,0.0,0.0,0.0,0.0,0.0,0.0,0.0,0.0,0.0,0.0,0.0,0.0,nan,nan,4.185063871601703,2.8802067400721154,nan,0.9205027700051557,0.023395192762905227,0.0,0.0,0.0,0.0,0.0,0.0,0.0,0.0,0.0,0.0,0.0,0.0,0.0,0.0,0.0,0.0,0.0,0.0,0.0,0.0,0.0,0.0,0.0,0.0,0.0,0.3046303818034119,5.324939073923641,15.487408610885462,8.237205523964258,0.6458164094232334,0.9199647930255088,0.02364785290794365,0.0,0.0,0.0,0.0,0.0,0.0,0.0,0.0,0.0,0.0,0.0,0.0,0.0,0.0,0.0,0.0,0.0,0.0,0.0,0.0,0.0,0.0,0.0,0.0,0.0,0.3373819163292848,5.775978407557356,15.155195681511474,7.962213225371122,0.7692307692307694,0.3665,0.02194,0.0,0.0,0.0,0.0,0.0,0.0,0.0,0.0,0.024370430544272955,1.9618196588139727,13.184402924451668,12.916328188464643,1.888708367181154,0.024370430544272955,0.0,0.0,0.0,0.0,0.0,0.0,0.0,0.0,0.0,0.0,0.0,0.0,0.0,0.0,0.0,0.0,0.3665,0.02264,0.0,0.0,0.0,0.0,0.0,0.0,0.0,0.0,0.013495276653171392,1.9433198380566805,13.036437246963565,13.022941970310374,1.956815114709852,0.026990553306342785,0.0,0.0,0.0,0.0,0.0,0.0,0.0,0.0,0.0,0.0,0.0,0.0,0.0,0.0,0.0,0.0
56400,4727,2416,0.5111064099851914,1132,972,0.4451026020731965,1328,0.5618785699174952,0.43,2.9995672868887926,3.2308417160876712,6.897271268057785,2.27182666732069,9301.67332188955,1416.9017636768092,7853.0,10752.966699004173,10687.386917455258,17.928758250622533,7853.0,0.0,27.281785487624287,20.587965525075713,32.05509433962264,18.980035418511616,0.13920033848106622,0.10344827586206896,0.09689020520414639,0.0935053945419928,0.08144700655807066,0.07827374656230167,0.0729849799026867,0.05436852126084197,0.05796488258938016,0.049079754601226995,0.04484874127353501,0.03786756928284324,0.029828643960228475,0.02834778929553628,0.017347154643537126,0.00951977998730696,0.0050772159932303785,0.9206121621158124,0.0232606630689344,0.0,0.0,0.0,0.0,0.0,0.0,0.0,0.0,0.0,0.0,0.0,0.0,0.0,0.0,0.0,0.0,0.0,0.0,0.0,0.0,0.0,0.0,0.0,0.0,0.0,0.26020731965305693,5.4072350327903544,15.517241379310349,8.110852549185532,0.7044637190607153,4.362758161225849,2.974125390695887,nan,nan,nan,4.324110671936759,2.9811150823134587,4.402291105121294,2.966437621666137,1.018080118460409,0.366,0.02216,0.0,0.0,0.0,0.0,0.0,0.0,0.0,0.0,0.038079119949227844,1.999153797334462,13.524434101967424,12.432832663422872,1.954728157393696,0.0507721599323038,0.0,0.0,0.0,0.0,0.0,0.0,0.0,0.0,0.0,0.0,0.0,0.0,0.0,0.0,0.0,0.0,nan,nan,4.362758161225849,2.974125390695887,nan,0.366,0.1144,0.0,0.0,0.0,0.0,0.0,0.0,0.0,0.0,0.0,0.0008567801988576263,0.0012481489316691348,0.0,5.2887666596149776e-05,0.004188703194415062,3.1732599957689866e-05,0.004537761793949651,0.008049502855933996,0.005267611592976518,0.009138988787814682,0.012428601650095197,0.011349693251533743,0.036778083350962554,0.019674211973767716,0.022583033636555956,0.020160778506452294,0.031637402157816796,0.015496086312671884,0.04510260207319653,0.04544108313941189,0.032557647556589804,0.011095832451872224,0.039200338481066216,0.018658768775121643,0.02876031309498625,0.03114025809181299,0.024476412100698116,0.04405542627459277,0.06921937804104084,0.03997249841337,0.019166490374444678,0.024846625766871164,0.007880262322826317,0.013941188914745082,0.02843240956209012,0.022392638036809815,0.0334038502221282,0.020446371906071504,0.02862280516183626,0.015908610112121854,0.008144700655807066,0.01911360270784853,0.003807911994922784,0.003310767928918976,0.019663634440448486,0.009889993653480008,0.012449756716733658,0.0052887666596149775,0.013750793314998943,0.003099217262534377,0.008662999788449333,0.018140469642479375,0.004696424793738101,0.006071504125237995,0.004484874127353501,0.004400253860799661,0.0001903955997461392,0.006547493124603342,0.0,7.404273323460969e-05,1.0577533319229955e-05,0.0,0.0,0.0,0.0,0.0,0.0,0.0,0.0,0.0,0.0,0.0,0.0,0.0,0.0,0.0,0.0,0.0,0.0,0.0,0.0,0.0,0.0,0.0,0.0,0.0,0.0,0.0,0.0,0.0,0.0,0.0,nan,nan,4.362758161225849,2.974125390695887,nan,0.9202368575956253,0.023399357082353592,0.0,0.0,0.0,0.0,0.0,0.0,0.0,0.0,0.0,0.0,0.0,0.0,0.0,0.0,0.0,0.0,0.0,0.0,0.0,0.0,0.0,0.0,0.0,0.0,0.0,0.3228476821192054,5.451158940397352,15.596026490066228,7.9097682119205315,0.7201986754966889,0.9210045185505905,0.023108261596124856,0.0,0.0,0.0,0.0,0.0,0.0,0.0,0.0,0.0,0.0,0.0,0.0,0.0,0.0,0.0,0.0,0.0,0.0,0.0,0.0,0.0,0.0,0.0,0.0,0.0,0.19472090004327136,5.361315447858072,15.43487667676331,8.321073128515796,0.6880138468195588,0.3657,0.022,0.0,0.0,0.0,0.0,0.0,0.0,0.0,0.0,0.04966887417218544,1.9122516556291393,13.64652317880795,12.404801324503293,1.9246688741721858,0.0620860927152318,0.0,0.0,0.0,0.0,0.0,0.0,0.0,0.0,0.0,0.0,0.0,0.0,0.0,0.0,0.0,0.0,0.3662,0.02234,0.0,0.0,0.0,0.0,0.0,0.0,0.0,0.0,0.02596278667243618,2.0900043271311124,13.39679792297707,12.462137602769346,1.9861531804413677,0.03894418000865427,0.0,0.0,0.0,0.0,0.0,0.0,0.0,0.0,0.0,0.0,0.0,0.0,0.0,0.0,0.0,0.0
56500,4925,2532,0.5141116751269036,1158,984,0.4349238578680203,1415,0.5746192893401015,0.40199999999999997,2.9598829920601757,3.0439151531823967,6.372549019607843,2.099386985618467,9309.780376305338,1416.2851735741572,7853.0,10743.053868889809,10686.587422315873,17.542163404177597,7853.0,0.0,28.094010152284262,20.935052932321064,33.0575296108291,19.162185210039045,0.14030456852791878,0.10233502538071065,0.09238578680203045,0.08182741116751269,0.07857868020304569,0.07309644670050762,0.07106598984771574,0.06091370558375635,0.05543147208121827,0.06152284263959391,0.04629441624365482,0.04182741116751269,0.033299492385786805,0.02700507614213198,0.01583756345177665,0.012385786802030457,0.005888324873096447,0.9191349501295139,0.022601305145038022,0.0,0.0,0.0,0.0,0.0,0.0,0.0,0.0,0.0,0.0,0.0,0.0,0.0,0.0,0.0,0.0,0.0,0.0,0.0,0.0,0.0,0.0,0.0,0.0,0.0,0.32284263959390874,5.6345177664974635,16.00812182741117,7.528934010152286,0.5055837563451777,4.335540838852097,2.8441591765341987,nan,nan,nan,4.322173089071383,2.8292859442352896,4.347195967233774,2.858971995466133,1.0057894206563964,0.3655,0.02238,0.0,0.0,0.0,0.0,0.0,0.0,0.0,0.0,0.018274111675126905,2.2781725888324877,13.364467005076145,12.554314720812165,1.7604060913705588,0.024365482233502544,0.0,0.0,0.0,0.0,0.0,0.0,0.0,0.0,0.0,0.0,0.0,0.0,0.0,0.0,0.0,0.0,nan,nan,4.335540838852097,2.8441591765341987,nan,0.3655,0.11444,0.0,0.0,0.0,0.0,0.0,0.0,0.0,0.0,0.0,0.0007512690355329949,0.0010558375634517766,1.015228426395939e-05,5.076142131979695e-05,0.003532994923857868,7.106598984771574e-05,0.004934010152284264,0.008,0.0065482233502538074,0.010040609137055838,0.012365482233502537,0.011685279187817258,0.03774619289340102,0.019857868020304568,0.024101522842639594,0.019401015228426396,0.029705583756345178,0.01484263959390863,0.0427005076142132,0.04481218274111675,0.03504568527918782,0.011086294416243654,0.041147208121827414,0.017573604060913704,0.029228426395939085,0.031096446700507614,0.023532994923857867,0.04430456852791878,0.07174619289340102,0.038791878172588834,0.018680203045685278,0.024771573604060914,0.008304568527918782,0.013147208121827412,0.02660913705583756,0.021624365482233503,0.032071065989847714,0.021269035532994925,0.03020304568527919,0.01680203045685279,0.008568527918781725,0.019431472081218273,0.0038071065989847717,0.00316751269035533,0.0187005076142132,0.009025380710659898,0.012578680203045685,0.00566497461928934,0.01382741116751269,0.003137055837563452,0.008294416243654823,0.01818274111675127,0.005055837563451777,0.0051370558375634515,0.004639593908629442,0.0052487309644670055,9.137055837563452e-05,0.006040609137055838,1.015228426395939e-05,0.00014213197969543148,0.0,0.0,0.0,0.0,0.0,0.0,0.0,0.0,0.0,0.0,0.0,0.0,0.0,0.0,0.0,0.0,0.0,0.0,0.0,0.0,0.0,0.0,0.0,0.0,0.0,0.0,0.0,0.0,0.0,0.0,0.0,0.0,nan,nan,4.335540838852097,2.8441591765341987,nan,0.9188092765037859,0.022823060911891804,0.0,0.0,0.0,0.0,0.0,0.0,0.0,0.0,0.0,0.0,0.0,0.0,0.0,0.0,0.0,0.0,0.0,0.0,0.0,0.0,0.0,0.0,0.0,0.0,0.0,0.33175355450236976,5.746445497630333,16.09004739336493,7.274881516587679,0.5568720379146921,0.9194795408609568,0.02235911009923138,0.0,0.0,0.0,0.0,0.0,0.0,0.0,0.0,0.0,0.0,0.0,0.0,0.0,0.0,0.0,0.0,0.0,0.0,0.0,0.0,0.0,0.0,0.0,0.0,0.0,0.3134141245298789,5.516088591725869,15.921437526117847,7.797743418303386,0.45131633932302556,0.3657,0.02219,0.0,0.0,0.0,0.0,0.0,0.0,0.0,0.0,0.02369668246445498,2.1682464454976307,13.222748815165879,12.914691943127943,1.6469194312796211,0.02369668246445498,0.0,0.0,0.0,0.0,0.0,0.0,0.0,0.0,0.0,0.0,0.0,0.0,0.0,0.0,0.0,0.0,0.3652,0.0226,0.0,0.0,0.0,0.0,0.0,0.0,0.0,0.0,0.012536564981195155,2.3944839114082743,13.514417049728378,12.173004596740475,1.8804847471792732,0.02507312996239031,0.0,0.0,0.0,0.0,0.0,0.0,0.0,0.0,0.0,0.0,0.0,0.0,0.0,0.0,0.0,0.0
56600,4702,2423,0.5153126329221608,1157,991,0.45682688217779666,1333,0.5669927690344534,0.418,3.0105309346204474,3.0953649943509456,6.54320987654321,2.181852099841203,9313.035598933722,1416.0434781280624,7853.0,10763.096509933472,10686.300613366224,17.80285898815098,7853.0,0.0,28.081242024670352,20.71004049839207,32.96867895933317,18.910980599025283,0.1369629944704381,0.09634198213526159,0.0886856656741812,0.08953636750319013,0.0854955338153977,0.07783921735431731,0.06997022543598469,0.0603998298596342,0.059336452573373034,0.05316886431305827,0.04849000425350915,0.03934495959166312,0.03487877498936623,0.0270097830710336,0.016163334751169715,0.012122501063377287,0.004253509145044662,0.9190375667741987,0.022815031646900154,0.0,0.0,0.0,0.0,0.0,0.0,0.0,0.0,0.0,0.0,0.0,0.0,0.0,0.0,0.0,0.0,0.0,0.0,0.0,0.0,0.0,0.0,0.0,0.0,0.0,0.2998723947256487,5.729476818375161,16.00808166737559,7.439387494683115,0.5231816248404935,4.136585365853659,2.8774782402653325,nan,nan,nan,4.148482892188508,2.8831167383662324,4.124508519003932,2.8716930244367105,0.994220929962199,0.3652,0.02179,0.0,0.0,0.0,0.0,0.0,0.0,0.0,0.0,0.025521054870267977,2.028923862186304,13.889834113143346,12.326669502339413,1.7099106763079543,0.01914079115270098,0.0,0.0,0.0,0.0,0.0,0.0,0.0,0.0,0.0,0.0,0.0,0.0,0.0,0.0,0.0,0.0,nan,nan,4.136585365853659,2.8774782402653325,nan,0.3652,0.1139,0.0,0.0,0.0,0.0,0.0,0.0,0.0,0.0,0.0,0.0007018290089323692,0.000893236920459379,3.1901318587834965e-05,1.0633772862611655e-05,0.003817524457677584,4.253509145044662e-05,0.005316886431305828,0.006848149723521906,0.005859208847299022,0.009549128030625267,0.012430880476393024,0.01169715014887282,0.03856869417269247,0.018311356869417268,0.02530837941301574,0.020767758400680562,0.028700552956188854,0.015185027647809443,0.04187579753296469,0.04700127605274351,0.03414504466184602,0.011207996597192684,0.03830284985112718,0.018353891960867716,0.030816673755848574,0.03135899617184177,0.02204381114419396,0.045023394300297746,0.07626541897065078,0.039663972777541474,0.017832837090599744,0.025159506592939175,0.00918757975329647,0.013037005529561888,0.02668013611229264,0.022756273925988942,0.031454700127605276,0.01896001701403658,0.030242450021267547,0.017524457677584006,0.007666950233943003,0.01858783496384517,0.00449808592088473,0.002190557209698001,0.0178860059549128,0.00873032752020417,0.010825180774138665,0.007167162909400255,0.013260314759676733,0.002350063802637176,0.00874096129306678,0.01722671203743088,0.004976605699702255,0.006603572947681838,0.00424287537218205,0.004965971926839643,0.00010633772862611655,0.0070289238621863035,0.0,1.0633772862611655e-05,0.0,0.0,0.0,0.0,0.0,0.0,0.0,0.0,0.0,0.0,0.0,0.0,0.0,0.0,0.0,0.0,0.0,0.0,0.0,0.0,0.0,0.0,0.0,0.0,0.0,0.0,0.0,0.0,0.0,0.0,0.0,0.0,nan,nan,4.136585365853659,2.8774782402653325,nan,0.9189249328281877,0.023104158180826638,0.0,0.0,0.0,0.0,0.0,0.0,0.0,0.0,0.0,0.0,0.0,0.0,0.0,0.0,0.0,0.0,0.0,0.0,0.0,0.0,0.0,0.0,0.0,0.0,0.0,0.2847709451093686,5.8935204292199765,15.810978126289726,7.515476681799424,0.4952538175815106,0.9191573175645387,0.02250294433278652,0.0,0.0,0.0,0.0,0.0,0.0,0.0,0.0,0.0,0.0,0.0,0.0,0.0,0.0,0.0,0.0,0.0,0.0,0.0,0.0,0.0,0.0,0.0,0.0,0.0,0.315928038613427,5.555068012286092,16.217639315489254,7.358490566037737,0.5528740675734972,0.365,0.02185,0.0,0.0,0.0,0.0,0.0,0.0,0.0,0.0,0.012381345439537766,2.0800660338423445,13.867106892282298,12.331820057779595,1.696244325216674,0.012381345439537766,0.0,0.0,0.0,0.0,0.0,0.0,0.0,0.0,0.0,0.0,0.0,0.0,0.0,0.0,0.0,0.0,0.3655,0.02173,0.0,0.0,0.0,0.0,0.0,0.0,0.0,0.0,0.039491004826678375,1.9745502413339189,13.913997367266347,12.321193505923633,1.724440544098289,0.026327336551118918,0.0,0.0,0.0,0.0,0.0,0.0,0.0,0.0,0.0,0.0,0.0,0.0,0.0,0.0,0.0,0.0
56700,4678,2424,0.5181701581872595,1144,915,0.4401453612654981,1263,0.539974348011971,0.434,3.066992014196983,3.1894405000837063,6.684684684684685,2.2211729525096953,9322.035951969612,1416.6452902595743,7853.0,10744.462345480919,10688.045455162477,17.94202996002681,7853.0,0.0,27.792005130397605,20.783337524052968,32.60746003552398,19.103636614908627,0.13723813595553655,0.1006840530141086,0.0946985891406584,0.09619495510902094,0.0778110303548525,0.07097050021376657,0.06883283454467722,0.06412997007268063,0.05857203933304831,0.0506626763574177,0.0506626763574177,0.037836682342881574,0.03185121846943138,0.024583155194527577,0.01731509191962377,0.010688328345446772,0.007268063274903805,0.9205767136065559,0.022953236149383986,0.0,0.0,0.0,0.0,0.0,0.0,0.0,0.0,0.0,0.0,0.0,0.0,0.0,0.0,0.0,0.0,0.0,0.0,0.0,0.0,0.0,0.0,0.0,0.0,0.0,0.25010688328345454,5.412569474134247,15.525865754595984,8.11885421120137,0.692603676784951,4.322073578595318,2.975307698531482,nan,nan,nan,4.28189712758851,2.9569432360758157,4.362357669122572,2.993066837952878,1.0187908628200453,0.3667,0.02222,0.0,0.0,0.0,0.0,0.0,0.0,0.0,0.0,0.006412997007268065,1.7058572039333053,13.832834544677215,12.332193244976468,2.084224027362121,0.03847798204360839,0.0,0.0,0.0,0.0,0.0,0.0,0.0,0.0,0.0,0.0,0.0,0.0,0.0,0.0,0.0,0.0,nan,nan,4.322073578595318,2.975307698531482,nan,0.3667,0.11395,0.0,0.0,0.0,0.0,0.0,0.0,0.0,0.0,0.0,0.0007802479692176143,0.0006947413424540402,0.0,2.1376656690893544e-05,0.003569901667379222,8.550662676357418e-05,0.006028217186831979,0.00606028217186832,0.006017528858486533,0.008967507481829841,0.010837964942283026,0.01112654980761009,0.040273621205643435,0.017208208636169304,0.026806327490380505,0.019752030782385636,0.027800342026507056,0.013061137238135956,0.03844591705857204,0.04799059427105601,0.03527148353997435,0.010185976913210774,0.038403163745190254,0.01728302693458743,0.030237280889268917,0.03182984181274049,0.02255237280889269,0.04600256519880291,0.08103890551517742,0.03787943565626336,0.018822146216331766,0.026539119281744336,0.00847584437793929,0.013135955536554084,0.027575887131252672,0.024775545104745618,0.030044890979050876,0.017667806755023514,0.02937152629328773,0.017699871740059856,0.007139803334758444,0.02045746045318512,0.004221889696451475,0.0022873022659256094,0.01698375374091492,0.008379649422830268,0.012900812312954254,0.0063916203505771695,0.012601539119281744,0.002436938862761864,0.008892689183411715,0.01810602821718683,0.005301410859341599,0.0065519452757588715,0.003943993159469859,0.005119709277469004,0.00012825994014536125,0.0077062847370671225,1.0688328345446772e-05,0.00010688328345446772,0.0,0.0,1.0688328345446772e-05,0.0,0.0,0.0,0.0,0.0,0.0,0.0,0.0,0.0,0.0,0.0,0.0,0.0,0.0,0.0,0.0,0.0,0.0,0.0,0.0,0.0,0.0,0.0,0.0,0.0,0.0,0.0,0.0,0.0,nan,nan,4.322073578595318,2.975307698531482,nan,0.9203158370142329,0.023127060308269297,0.0,0.0,0.0,0.0,0.0,0.0,0.0,0.0,0.0,0.0,0.0,0.0,0.0,0.0,0.0,0.0,0.0,0.0,0.0,0.0,0.0,0.0,0.0,0.0,0.0,0.25990099009900997,5.717821782178219,15.358910891089112,7.970297029702972,0.6930693069306932,0.9208572658957267,0.02276148426055377,0.0,0.0,0.0,0.0,0.0,0.0,0.0,0.0,0.0,0.0,0.0,0.0,0.0,0.0,0.0,0.0,0.0,0.0,0.0,0.0,0.0,0.0,0.0,0.0,0.0,0.23957409050576758,5.084294587400178,15.705412599822541,8.278615794143747,0.6921029281277731,0.3667,0.02223,0.0,0.0,0.0,0.0,0.0,0.0,0.0,0.0,0.012376237623762379,1.6460396039603964,13.700495049504953,12.512376237623744,2.1039603960396045,0.024752475247524757,0.0,0.0,0.0,0.0,0.0,0.0,0.0,0.0,0.0,0.0,0.0,0.0,0.0,0.0,0.0,0.0,0.3665,0.0222,0.0,0.0,0.0,0.0,0.0,0.0,0.0,0.0,0.0,1.770186335403727,13.97515527950311,12.138420585625537,2.062999112688554,0.05323868677905946,0.0,0.0,0.0,0.0,0.0,0.0,0.0,0.0,0.0,0.0,0.0,0.0,0.0,0.0,0.0,0.0
56800,4855,2501,0.5151390319258496,1189,995,0.4498455200823893,1384,0.5701338825952627,0.40199999999999997,2.9770603228547152,3.1023849499763063,6.595092024539877,2.1787823379571583,9313.45330786467,1416.9386698360074,7853.0,10742.638927340508,10688.066297354244,17.463645513847403,7853.0,0.0,27.944387229660144,20.70160212386349,32.682903068679984,18.99004494627961,0.13470648815653966,0.09701338825952627,0.09742533470648816,0.08856848609680741,0.08341915550978372,0.07209062821833162,0.06776519052523172,0.07003089598352215,0.059938208032955714,0.055612770339855816,0.042224510813594233,0.03625128733264676,0.032131822863027806,0.0286302780638517,0.016477857878475798,0.011946446961894954,0.00576725025746653,0.9201169025271855,0.02276563364147935,0.0,0.0,0.0,0.0,0.0,0.0,0.0,0.0,0.0,0.0,0.0,0.0,0.0,0.0,0.0,0.0,0.0,0.0,0.0,0.0,0.0,0.0,0.0,0.0,0.0,0.25952626158599384,5.400617919670444,15.967044284243052,7.761071060762102,0.6117404737384141,4.322621699013681,2.910744662187078,nan,nan,nan,4.25253807106599,2.8878673484345945,4.39272030651341,2.932780012630806,1.032964369302467,0.367,0.02216,0.0,0.0,0.0,0.0,0.0,0.0,0.0,0.0,0.012358393408856852,1.9835221421215246,12.902162718846553,13.09989701338824,1.9649845520082394,0.03707518022657055,0.0,0.0,0.0,0.0,0.0,0.0,0.0,0.0,0.0,0.0,0.0,0.0,0.0,0.0,0.0,0.0,nan,nan,4.322621699013681,2.910744662187078,nan,0.367,0.11456,0.0,0.0,0.0,0.0,0.0,0.0,0.0,0.0,0.0,0.0004016477857878476,0.0008341915550978372,0.0,0.0,0.003995880535530381,0.0,0.005932028836251288,0.007064881565396498,0.005396498455200824,0.009361483007209064,0.010762100926879506,0.009783728115345005,0.04106076210092688,0.01808444902162719,0.027033985581874358,0.019495365602471677,0.029649845520082388,0.011452111225540679,0.039340885684860966,0.04614830072090628,0.036642636457260555,0.009701338825952626,0.03755921730175077,0.01733264675592173,0.028753861997940267,0.032687950566426364,0.023635427394438722,0.043192584963954686,0.08263645726055613,0.03715756951596293,0.01976313079299691,0.02568486096807415,0.008455200823892894,0.013347064881565396,0.028208032955715757,0.024346035015447992,0.029732234809474768,0.018836251287332646,0.027703398558187434,0.01835221421215242,0.006405767250257466,0.021060762100926878,0.0038208032955715757,0.0030484037075180228,0.015592173017507724,0.008135942327497425,0.012409886714727085,0.0052832131822863025,0.01247167868177137,0.0022245108135942326,0.009227600411946446,0.02036045314109166,0.00635427394438723,0.005942327497425334,0.004953656024716787,0.005736354273944387,0.00012358393408856848,0.007178166838311019,3.089598352214212e-05,0.00011328527291452111,0.0,0.0,0.0,0.0,0.0,0.0,0.0,0.0,0.0,0.0,0.0,0.0,0.0,0.0,0.0,0.0,0.0,0.0,0.0,0.0,0.0,0.0,0.0,0.0,0.0,0.0,0.0,0.0,0.0,0.0,0.0,0.0,nan,nan,4.322621699013681,2.910744662187078,nan,0.91999513168232,0.02270863497728358,0.0,0.0,0.0,0.0,0.0,0.0,0.0,0.0,0.0,0.0,0.0,0.0,0.0,0.0,0.0,0.0,0.0,0.0,0.0,0.0,0.0,0.0,0.0,0.0,0.0,0.2758896441423431,5.457816873250701,15.94162335065974,7.748900439824072,0.5757696921231509,0.9202462775836886,0.02282532401299549,0.0,0.0,0.0,0.0,0.0,0.0,0.0,0.0,0.0,0.0,0.0,0.0,0.0,0.0,0.0,0.0,0.0,0.0,0.0,0.0,0.0,0.0,0.0,0.0,0.0,0.24214103653355995,5.339847068819033,15.99405267629567,7.774001699235345,0.6499575191163978,0.3672,0.0221,0.0,0.0,0.0,0.0,0.0,0.0,0.0,0.0,0.01199520191923231,2.003198720511796,12.798880447820874,13.15873650539782,1.979208316673331,0.04798080767692924,0.0,0.0,0.0,0.0,0.0,0.0,0.0,0.0,0.0,0.0,0.0,0.0,0.0,0.0,0.0,0.0,0.3667,0.02223,0.0,0.0,0.0,0.0,0.0,0.0,0.0,0.0,0.012744265080713682,1.962616822429907,13.011894647408669,13.037383177570074,1.9498725573491933,0.025488530161427363,0.0,0.0,0.0,0.0,0.0,0.0,0.0,0.0,0.0,0.0,0.0,0.0,0.0,0.0,0.0,0.0
56900,4878,2527,0.518040180401804,1160,990,0.44075440754407547,1369,0.5612956129561295,0.40599999999999997,2.925988940876223,3.0227495628130314,6.444108761329305,2.0394270951393425,9322.169604526822,1417.1426229131766,7853.0,10749.52403140068,10689.014772806424,17.89207691657545,7853.0,0.0,28.017835178351785,20.95749935172097,33.22544917548609,19.088311730853757,0.14596145961459614,0.0951209512095121,0.09143091430914309,0.08610086100861009,0.08036080360803607,0.07257072570725707,0.06785567855678556,0.06211562115621156,0.05617056170561706,0.06068060680606806,0.049405494054940546,0.038130381303813035,0.03280032800328003,0.026855268552685527,0.017425174251742517,0.01004510045100451,0.006970069700697007,0.9209920841193971,0.023050322106012447,0.0,0.0,0.0,0.0,0.0,0.0,0.0,0.0,0.0,0.0,0.0,0.0,0.0,0.0,0.0,0.0,0.0,0.0,0.0,0.0,0.0,0.0,0.0,0.0,0.006150061500615008,0.2398523985239853,5.258302583025832,15.713407134071344,8.0319803198032,0.7503075030750309,4.255095541401274,2.8036979942749074,nan,nan,nan,4.14993564993565,2.7186927400221763,4.35813366960908,2.880838561415231,1.0501689754337897,0.3684,0.02203,0.0,0.0,0.0,0.0,0.0,0.0,0.0,0.0,0.030750307503075038,1.5375153751537518,12.42927429274293,13.788437884378823,2.1156211562115623,0.09840098400984013,0.0,0.0,0.0,0.0,0.0,0.0,0.0,0.0,0.0,0.0,0.0,0.0,0.0,0.0,0.0,0.0,nan,nan,4.255095541401274,2.8036979942749074,nan,0.3684,0.1155,0.0,0.0,0.0,0.0,0.0,0.0,0.0,0.0,0.0,0.00034850348503485034,0.0005125051250512505,0.0,1.025010250102501e-05,0.0035362853628536283,3.075030750307503e-05,0.006642066420664207,0.006488314883148831,0.006734317343173432,0.00904059040590406,0.010752357523575236,0.010075850758507586,0.03948339483394834,0.017394423944239443,0.02559450594505945,0.020489954899548996,0.03050430504305043,0.011480114801148012,0.03807913079130791,0.04524395243952439,0.03519885198851989,0.01012710127101271,0.037771627716277165,0.01638991389913899,0.02984829848298483,0.03288232882328823,0.024887248872488724,0.04198441984419844,0.08121156211562115,0.03625461254612546,0.02158671586715867,0.025973759737597375,0.0074210742107421075,0.01390938909389094,0.028075030750307504,0.0239749897498975,0.028157031570315703,0.01908569085690857,0.0272550225502255,0.019690446904469045,0.0065395653956539564,0.02272447724477245,0.003741287412874129,0.0033312833128331283,0.015569905699056991,0.008487084870848708,0.012515375153751538,0.005155801558015581,0.012043870438704387,0.002121771217712177,0.00945059450594506,0.01978269782697827,0.007595325953259533,0.008138581385813859,0.005412054120541206,0.00540180401804018,0.00011275112751127512,0.0076260762607626075,3.075030750307503e-05,9.225092250922509e-05,0.0,0.0,0.0,0.0,0.0,0.0,0.0,0.0,0.0,0.0,0.0,0.0,0.0,0.0,0.0,0.0,0.0,0.0,0.0,0.0,0.0,0.0,0.0,0.0,0.0,0.0,0.0,0.0,0.0,0.0,0.0,0.0,nan,nan,4.255095541401274,2.8036979942749074,nan,0.9203904139745551,0.02301535346620641,0.0,0.0,0.0,0.0,0.0,0.0,0.0,0.0,0.0,0.0,0.0,0.0,0.0,0.0,0.0,0.0,0.0,0.0,0.0,0.0,0.0,0.0,0.0,0.0,0.0,0.29679461812425806,5.4966363276612595,15.587653343886034,8.001582904629997,0.6173328056984568,0.9216387963507947,0.023070358697332195,0.0,0.0,0.0,0.0,0.0,0.0,0.0,0.0,0.0,0.0,0.0,0.0,0.0,0.0,0.0,0.0,0.0,0.0,0.0,0.0,0.0,0.0,0.0,0.0,0.012760527435133989,0.17864738409187583,5.002126754572523,15.848575074436413,8.06465333900468,0.8932369204593792,0.3684,0.0218,0.0,0.0,0.0,0.0,0.0,0.0,0.0,0.0,0.023743569449940646,1.4958448753462608,12.406015037593988,14.008705975464958,1.9588444796201032,0.1068460625247329,0.0,0.0,0.0,0.0,0.0,0.0,0.0,0.0,0.0,0.0,0.0,0.0,0.0,0.0,0.0,0.0,0.3687,0.02226,0.0,0.0,0.0,0.0,0.0,0.0,0.0,0.0,0.03828158230540196,1.5823054019566145,12.454274776690774,13.551680136112273,2.2841344108889836,0.08932369204593792,0.0,0.0,0.0,0.0,0.0,0.0,0.0,0.0,0.0,0.0,0.0,0.0,0.0,0.0,0.0,0.0
57000,4858,2533,0.5214079868258542,1206,955,0.44483326471799095,1345,0.5537258130918074,0.41,2.9346236559139784,3.0542100536658436,6.497032640949555,2.0223139731644615,9332.084094904194,1417.1143472429073,7853.0,10751.460711479187,10689.711619835996,17.93905960116371,7853.0,0.0,28.105187319884728,20.728246416963067,32.80466472303207,19.025001136153474,0.13277068752573076,0.09880609304240429,0.09448332647179909,0.08871963771099217,0.08027995059695348,0.08048579662412515,0.0683408810209963,0.062371346233017703,0.0599011939069576,0.05084396871140387,0.04755043227665706,0.04055166735282009,0.035199670646356526,0.02840675174969123,0.014820913956360642,0.009674763277068753,0.006792918896665294,0.9209508162655915,0.023022155781005107,0.0,0.0,0.0,0.0,0.0,0.0,0.0,0.0,0.0,0.0,0.0,0.0,0.0,0.0,0.0,0.0,0.0,0.0,0.0,0.0,0.0,0.0,0.0,0.0,0.0,0.2717167558666118,5.187319884726226,15.685467270481682,8.108275010292303,0.7472210786331825,4.182048842372343,2.892267103161226,nan,nan,nan,4.137735849056604,2.8671678495327213,4.227127319257837,2.916887731499518,1.0216039576865725,0.3696,0.02295,0.0,0.0,0.0,0.0,0.0,0.0,0.0,0.0,0.037052284890901614,1.7414573898723757,11.68382050226431,13.839028406751728,2.5751337999176624,0.12350761630300537,0.0,0.0,0.0,0.0,0.0,0.0,0.0,0.0,0.0,0.0,0.0,0.0,0.0,0.0,0.0,0.0,nan,nan,4.182048842372343,2.892267103161226,nan,0.3696,0.11523,0.0,0.0,0.0,0.0,0.0,0.0,0.0,0.0,0.0,0.0003087690407575134,0.0004940304652120214,1.0292301358583779e-05,0.0,0.0030156442980650475,6.175380815150267e-05,0.006257719226018938,0.0053314121037463975,0.0076780568135035,0.008357348703170028,0.010909839440098806,0.01037463976945245,0.04005763688760807,0.018104158089748867,0.024722107863318236,0.019575957184026348,0.03205022643062989,0.010508439687114039,0.035611362700699874,0.04393783449979415,0.036393577603952246,0.010590778097982709,0.03714491560312886,0.016508851379168382,0.02903458213256484,0.03281185673116509,0.02450596953478798,0.04257925072046109,0.07907575133799917,0.03721696171263895,0.019627418690819267,0.026759983532317826,0.008244133388225607,0.01530465212021408,0.02731576780568135,0.026832029641827914,0.027706875257307535,0.018855496088925484,0.028365582544256897,0.02034787978592013,0.007647179909427748,0.02232400164676822,0.003828736105393166,0.0034170440510498147,0.01508851379168382,0.009263071222725402,0.01184643886372993,0.00590778097982709,0.013184438040345822,0.002048167970358172,0.009057225195553726,0.019431864965006176,0.008027995059695347,0.008419102511321531,0.004250720461095101,0.006504734458624949,0.00039110745162618363,0.006679703581720872,2.0584602717167558e-05,5.14615067929189e-05,0.0,2.0584602717167558e-05,0.0,0.0,0.0,0.0,0.0,0.0,0.0,0.0,0.0,0.0,0.0,0.0,0.0,0.0,0.0,0.0,0.0,0.0,0.0,0.0,0.0,0.0,0.0,0.0,0.0,0.0,0.0,0.0,0.0,0.0,nan,nan,4.182048842372343,2.892267103161226,nan,0.9210681159930224,0.023023643130979377,0.0,0.0,0.0,0.0,0.0,0.0,0.0,0.0,0.0,0.0,0.0,0.0,0.0,0.0,0.0,0.0,0.0,0.0,0.0,0.0,0.0,0.0,0.0,0.0,0.0,0.2605606000789578,5.258586656138967,15.432293722858274,8.373470193446508,0.6750888274772998,0.9208230226270614,0.023019854957730877,0.0,0.0,0.0,0.0,0.0,0.0,0.0,0.0,0.0,0.0,0.0,0.0,0.0,0.0,0.0,0.0,0.0,0.0,0.0,0.0,0.0,0.0,0.0,0.0,0.0,0.28387096774193554,5.109677419354839,15.961290322580648,7.819354838709679,0.8258064516129034,0.3691,0.0229,0.0,0.0,0.0,0.0,0.0,0.0,0.0,0.0,0.04737465455981051,1.8831425187524677,11.594946703513623,14.034741413343841,2.3095144097907623,0.1302803000394789,0.0,0.0,0.0,0.0,0.0,0.0,0.0,0.0,0.0,0.0,0.0,0.0,0.0,0.0,0.0,0.0,0.3704,0.023,0.0,0.0,0.0,0.0,0.0,0.0,0.0,0.0,0.025806451612903233,1.5870967741935489,11.780645161290325,13.625806451612883,2.8645161290322587,0.11612903225806454,0.0,0.0,0.0,0.0,0.0,0.0,0.0,0.0,0.0,0.0,0.0,0.0,0.0,0.0,0.0,0.0
57100,4774,2467,0.5167574361122749,1127,969,0.43904482614160034,1325,0.5550900712191035,0.426,2.940182054616385,3.062259968993712,6.5456,2.1267629487086706,9319.180288281957,1417.896016478821,7853.0,10763.19012439251,10690.26984039646,17.84936148318483,7853.0,0.0,28.310431503979892,21.098765991743228,33.32077824893989,19.30869007442214,0.13866778382907416,0.09782153330540427,0.09719312945119397,0.08190196899874319,0.07436112274821952,0.07834101382488479,0.07059069962295769,0.06137410976120654,0.058022622538751574,0.05550900712191035,0.04503560955173858,0.04252199413489736,0.03225806451612903,0.02618349392542941,0.021575198994553832,0.01193967322999581,0.006702974444909929,0.9221150494041331,0.02307463652512855,0.0,0.0,0.0,0.0,0.0,0.0,0.0,0.0,0.0,0.0,0.0,0.0,0.0,0.0,0.0,0.0,0.0,0.0,0.0,0.0,0.0,0.0,0.0,0.0,0.0,0.2764976958525346,4.8512777545035615,15.559279430247175,8.540008378718058,0.7729367406786763,4.267381416504223,2.838685753608142,nan,nan,nan,4.1761691223574635,2.778907639528049,4.361239288068556,2.8959136156271947,1.0443157736884514,0.369,0.02245,0.0,0.0,0.0,0.0,0.0,0.0,0.0,0.0,0.01256807708420612,1.6087138667783834,12.42354419773775,13.366149979053185,2.5136154168412235,0.07540846250523671,0.0,0.0,0.0,0.0,0.0,0.0,0.0,0.0,0.0,0.0,0.0,0.0,0.0,0.0,0.0,0.0,nan,nan,4.267381416504223,2.838685753608142,nan,0.369,0.1157,0.0,0.0,0.0,0.0,0.0,0.0,0.0,0.0,0.0,0.00012568077084206116,0.0003770423125261835,8.378718056137411e-05,0.0,0.0030791788856304987,0.00017804775869291998,0.006755341432760788,0.005948889819857562,0.0064516129032258064,0.009007121910347717,0.010902806870548806,0.010724759111855886,0.041202346041055715,0.018129451193967323,0.02605781315458735,0.019438625890238793,0.03236279849183075,0.01045245077503142,0.037463343108504396,0.04276288227901131,0.03563049853372434,0.010829493087557604,0.03824884792626728,0.016537494763301214,0.028162966066191873,0.03228948470883955,0.0254817762882279,0.043548387096774194,0.07779639715123586,0.03544197737746125,0.019396732299958107,0.027167993297025555,0.00848345203183913,0.013971512358609132,0.027293674067867615,0.026591956430666107,0.028937997486384582,0.017773355676581483,0.026696690406367827,0.022371177209886888,0.006996229576874739,0.02055927943024717,0.003550481776288228,0.0025136154168412233,0.015343527440301635,0.009352744030163385,0.013594470046082949,0.005215751989945538,0.012903225806451613,0.0023984080435693338,0.008033095936321743,0.019794721407624633,0.008797653958944282,0.007635106828655216,0.004199832425638877,0.0075513196480938415,0.000576036866359447,0.006744868035190616,2.0946795140343527e-05,0.0,0.0,6.284038542103058e-05,0.0,0.0,0.0,0.0,0.0,0.0,0.0,0.0,0.0,0.0,0.0,0.0,0.0,0.0,0.0,0.0,0.0,0.0,0.0,0.0,0.0,0.0,0.0,0.0,0.0,0.0,0.0,0.0,0.0,0.0,nan,nan,4.267381416504223,2.838685753608142,nan,0.9219722411484674,0.02269788045241544,0.0,0.0,0.0,0.0,0.0,0.0,0.0,0.0,0.0,0.0,0.0,0.0,0.0,0.0,0.0,0.0,0.0,0.0,0.0,0.0,0.0,0.0,0.0,0.0,0.0,0.24321037697608436,4.876368058370491,15.784353465747875,8.390758005674911,0.7053100932306446,0.9222677620034947,0.02346987030203387,0.0,0.0,0.0,0.0,0.0,0.0,0.0,0.0,0.0,0.0,0.0,0.0,0.0,0.0,0.0,0.0,0.0,0.0,0.0,0.0,0.0,0.0,0.0,0.0,0.0,0.31209362808842656,4.8244473342002605,15.318595578673605,8.699609882964891,0.845253576072822,0.3691,0.0222,0.0,0.0,0.0,0.0,0.0,0.0,0.0,0.0,0.012160518848804218,1.55654641264694,12.646939602756387,13.279286582894184,2.3713011755168223,0.1337657073368464,0.0,0.0,0.0,0.0,0.0,0.0,0.0,0.0,0.0,0.0,0.0,0.0,0.0,0.0,0.0,0.0,0.369,0.0227,0.0,0.0,0.0,0.0,0.0,0.0,0.0,0.0,0.013003901170351108,1.6644993498049419,12.18465539661899,13.459037711313375,2.6657997399219773,0.013003901170351108,0.0,0.0,0.0,0.0,0.0,0.0,0.0,0.0,0.0,0.0,0.0,0.0,0.0,0.0,0.0,0.0
57200,4697,2465,0.5248030657866724,1176,926,0.44751969342133274,1286,0.5475835639770066,0.438,3.0940860215053765,3.2088476710671143,6.819776714513557,2.209387961733882,9342.172432545249,1417.105331825827,7853.0,10762.664331436157,10690.58333292699,18.060487438440923,7853.0,0.0,28.144347455822867,20.979252768294174,33.197000508388406,19.175773807593252,0.14115392803917395,0.10027677240791995,0.09112199276133702,0.08409623163721525,0.07792207792207792,0.07515435384287843,0.06578667234404939,0.06834149457100276,0.056418990845220354,0.05216095380029806,0.051309346391313605,0.03981264637002342,0.031509474132424956,0.02959335746220992,0.01873536299765808,0.010006387055567384,0.006599957419629551,0.9216732920827778,0.02288213316311064,0.0,0.0,0.0,0.0,0.0,0.0,0.0,0.0,0.0,0.0,0.0,0.0,0.0,0.0,0.0,0.0,0.0,0.0,0.0,0.0,0.0,0.0,0.0,0.0,0.006387055567383438,0.24270811156057062,5.032999787098149,15.597189695550354,8.354268682137537,0.7664466680860126,4.323869263783427,2.980141395573801,nan,nan,nan,4.357472021066491,2.9715451825488857,4.288933068257124,2.9890483981031006,0.9842709368005093,0.369,0.02255,0.0,0.0,0.0,0.0,0.0,0.0,0.0,0.0,0.01916116670215031,1.7308920587609116,12.288694911645734,13.41920374707258,2.4590163934426235,0.08303172237598469,0.0,0.0,0.0,0.0,0.0,0.0,0.0,0.0,0.0,0.0,0.0,0.0,0.0,0.0,0.0,0.0,nan,nan,4.323869263783427,2.980141395573801,nan,0.369,0.116,0.0,0.0,0.0,0.0,0.0,0.0,0.0,0.0,0.0,0.00017032148179689163,0.00040451351926761763,0.0001596763891845859,0.0,0.00328933361720247,0.00013838620395997445,0.00702576112412178,0.006120928252075793,0.0067170534383649136,0.00804769001490313,0.011986374281456248,0.010581222056631893,0.04119650840962316,0.019001490312965722,0.02672982754949968,0.019150521609538004,0.031967213114754096,0.00886736214605067,0.03965296998083883,0.04118586331701086,0.03436235895252289,0.011326378539493294,0.03905684479454971,0.015935703640621673,0.028369171811794762,0.032627208856717056,0.026144347455822867,0.043676814988290395,0.07429210134128167,0.037257824143070044,0.018852459016393444,0.027166276346604217,0.008590589738130722,0.013285075580157547,0.02698530977219502,0.027741111347668726,0.02827336597828401,0.018543751330636578,0.026655311901213542,0.022631466893761977,0.00637641047477113,0.02107728337236534,0.002820949542261018,0.002544177134341069,0.015999574196295507,0.009665744091973601,0.014296359378326592,0.005844155844155844,0.013785394932935917,0.002693208430913349,0.005620608899297424,0.019044070683414946,0.009676389184585906,0.006972535661060251,0.004481583989780711,0.006929955290611028,0.0006493506493506494,0.0071322120502448376,0.00014903129657228018,0.0,0.0,7.451564828614009e-05,0.0,0.0,0.0,0.0,0.0,0.0,0.0,0.0,0.0,0.0,0.0,0.0,0.0,0.0,0.0,0.0,0.0,0.0,0.0,0.0,0.0,0.0,0.0,0.0,0.0,0.0,0.0,0.0,0.0,0.0,nan,nan,4.323869263783427,2.980141395573801,nan,0.9220920351649394,0.02326348881294945,0.0,0.0,0.0,0.0,0.0,0.0,0.0,0.0,0.0,0.0,0.0,0.0,0.0,0.0,0.0,0.0,0.0,0.0,0.0,0.0,0.0,0.0,0.0,0.0,0.012170385395537529,0.24340770791075056,4.8559837728194735,15.529411764705886,8.56795131845842,0.7910750507099393,0.9212108361251038,0.022444365720367218,0.0,0.0,0.0,0.0,0.0,0.0,0.0,0.0,0.0,0.0,0.0,0.0,0.0,0.0,0.0,0.0,0.0,0.0,0.0,0.0,0.0,0.0,0.0,0.0,0.0,0.2419354838709678,5.228494623655915,15.672043010752692,8.118279569892474,0.7392473118279572,0.3696,0.02263,0.0,0.0,0.0,0.0,0.0,0.0,0.0,0.0,0.012170385395537529,1.7038539553752539,11.780933062880328,13.691683569979695,2.7261663286004065,0.0851926977687627,0.0,0.0,0.0,0.0,0.0,0.0,0.0,0.0,0.0,0.0,0.0,0.0,0.0,0.0,0.0,0.0,0.368,0.02242,0.0,0.0,0.0,0.0,0.0,0.0,0.0,0.0,0.026881720430107534,1.7607526881720434,12.849462365591402,13.118279569892454,2.1639784946236564,0.08064516129032259,0.0,0.0,0.0,0.0,0.0,0.0,0.0,0.0,0.0,0.0,0.0,0.0,0.0,0.0,0.0,0.0
57300,4931,2550,0.5171364834719124,1231,1005,0.45345771648752786,1394,0.5654025552626242,0.39399999999999996,2.9521209575808482,3.090170961017789,6.5424739195231,2.15513786450951,9320.443098298654,1418.0375080416934,7853.0,10755.47602880001,10690.632124592417,17.3652901270982,7853.0,0.0,28.529101602109105,20.860132248003545,33.347555129434326,19.050193861498396,0.13425268708172786,0.09308456702494423,0.09328736564591361,0.08598661529101602,0.07868586493611844,0.07483269113770026,0.07381869803285337,0.06611235043601703,0.059825593185966336,0.051105252484283104,0.048063273169742446,0.04137091867775299,0.034272966943824784,0.03183938349219225,0.018251875887243967,0.009531535185560738,0.005678361387142568,0.9225190248747575,0.02301118005967555,0.0,0.0,0.0,0.0,0.0,0.0,0.0,0.0,0.0,0.0,0.0,0.0,0.0,0.0,0.0,0.0,0.0,0.0,0.0,0.0,0.0,0.0,0.0,0.0,0.0,0.24335834516325294,4.423037923342122,15.927803690934905,8.541877915230177,0.8639221253295479,4.211014851485149,2.883574593351627,nan,nan,nan,4.196374622356496,2.886281569376861,4.225253807106599,2.8812181595273336,1.0068819367547042,0.3691,0.02158,0.0,0.0,0.0,0.0,0.0,0.0,0.0,0.0,0.0,1.4418981950922738,12.313932265260599,13.93834921922529,2.2693165686473336,0.03650375177448794,0.0,0.0,0.0,0.0,0.0,0.0,0.0,0.0,0.0,0.0,0.0,0.0,0.0,0.0,0.0,0.0,nan,nan,4.211014851485149,2.883574593351627,nan,0.3691,0.11566,0.0,0.0,0.0,0.0,0.0,0.0,0.0,0.0,0.0,3.0419793145406613e-05,0.0004461569661326303,0.00029405800040559725,0.0,0.00296085986615291,7.097951733928209e-05,0.007412289596430744,0.005800040559724194,0.005769620766578787,0.008000405597241939,0.012269316568647333,0.00915635773676739,0.04105658081525046,0.019042790509024538,0.02522814844859055,0.019073210302169945,0.035307239910768604,0.008466842425471507,0.03862299736361793,0.040316365848712225,0.033999188805516126,0.0110423849117826,0.04108700060839586,0.016720746298925167,0.028513486108294465,0.0338775096329345,0.026982356519975666,0.042019874264855,0.07687081727844251,0.036351652808760904,0.017978097748935308,0.02730683431352667,0.009308456702494423,0.013486108294463598,0.02558304603528696,0.025512066517947678,0.029547759075238288,0.018981950922733727,0.02630298113972825,0.022541066720746298,0.006367876698438451,0.021243155546542283,0.0030825390387345364,0.0027682011762320017,0.016203609815453254,0.010109511255323464,0.014560940985601298,0.006438856215777733,0.012370715879132022,0.003295477590752383,0.005729061042384912,0.018525654025552625,0.009399716081930643,0.006094098560129791,0.004644088420198742,0.007118231596025147,0.000709795173392821,0.007838166700466437,0.00010139931048468871,0.0,0.0,6.0839586290813226e-05,0.0,0.0,0.0,0.0,0.0,0.0,0.0,0.0,0.0,0.0,0.0,0.0,0.0,0.0,0.0,0.0,0.0,0.0,0.0,0.0,0.0,0.0,0.0,0.0,0.0,0.0,0.0,0.0,0.0,0.0,nan,nan,4.211014851485149,2.883574593351627,nan,0.9227095821090773,0.0231406662066722,0.0,0.0,0.0,0.0,0.0,0.0,0.0,0.0,0.0,0.0,0.0,0.0,0.0,0.0,0.0,0.0,0.0,0.0,0.0,0.0,0.0,0.0,0.0,0.0,0.0,0.211764705882353,4.43529411764706,15.964705882352945,8.55294117647059,0.835294117647059,0.9223149421584551,0.0228699294717445,0.0,0.0,0.0,0.0,0.0,0.0,0.0,0.0,0.0,0.0,0.0,0.0,0.0,0.0,0.0,0.0,0.0,0.0,0.0,0.0,0.0,0.0,0.0,0.0,0.0,0.27719445611087784,4.409911801763966,15.888282234355316,8.530029399412014,0.894582108357833,0.3691,0.02147,0.0,0.0,0.0,0.0,0.0,0.0,0.0,0.0,0.0,1.5294117647058827,12.070588235294121,14.11764705882351,2.258823529411765,0.02352941176470589,0.0,0.0,0.0,0.0,0.0,0.0,0.0,0.0,0.0,0.0,0.0,0.0,0.0,0.0,0.0,0.0,0.3691,0.02168,0.0,0.0,0.0,0.0,0.0,0.0,0.0,0.0,0.0,1.3481730365392697,12.574548509029823,13.746325073498511,2.280554388912222,0.05039899202015961,0.0,0.0,0.0,0.0,0.0,0.0,0.0,0.0,0.0,0.0,0.0,0.0,0.0,0.0,0.0,0.0
57400,4728,2433,0.5145939086294417,1128,957,0.440989847715736,1341,0.567258883248731,0.40199999999999997,2.8806100217864925,3.025043412135207,6.356143079315707,2.0670875804050626,9313.342589084015,1418.3823297931021,7853.0,10749.138214349747,10690.854402461662,18.136430283004866,7853.0,0.0,28.188451776649746,21.008786180000516,33.09371859296483,19.277138039558334,0.13557529610829103,0.09961928934010152,0.09390862944162437,0.0901015228426396,0.08058375634517767,0.07318104906937395,0.0687394247038917,0.06218274111675127,0.05520304568527919,0.051607445008460234,0.050338409475465314,0.04060913705583756,0.03764805414551607,0.0266497461928934,0.015016920473773265,0.010363790186125212,0.008671742808798646,0.9234997446187054,0.023337429784631793,0.0,0.0,0.0,0.0,0.0,0.0,0.0,0.0,0.0,0.0,0.0,0.0,0.0,0.0,0.0,0.0,0.0,0.0,0.0,0.0,0.0,0.0,0.0,0.0,0.0,0.2538071065989848,4.593908629441625,14.809644670050764,9.384517766497463,0.9581218274111677,4.209561231172233,2.8382434136621173,nan,nan,nan,4.182236842105263,2.803489413440728,4.236636245110821,2.872009077767715,1.0130072506793217,0.369,0.02255,0.0,0.0,0.0,0.0,0.0,0.0,0.0,0.0,0.025380710659898484,1.8083756345177668,11.947969543147211,13.578680203045666,2.588832487309645,0.05076142131979697,0.0,0.0,0.0,0.0,0.0,0.0,0.0,0.0,0.0,0.0,0.0,0.0,0.0,0.0,0.0,0.0,nan,nan,4.209561231172233,2.8382434136621173,nan,0.369,0.11615,0.0,0.0,0.0,0.0,0.0,0.0,0.0,0.0,0.0,2.1150592216582064e-05,0.0008142978003384094,0.00016920473773265651,0.0,0.0025697969543147206,6.34517766497462e-05,0.007973773265651438,0.005403976311336717,0.005657783417935702,0.008259306260575297,0.013356598984771574,0.008280456852791877,0.04034475465313029,0.019321065989847716,0.026459390862944163,0.01864424703891709,0.03570219966159052,0.008735194585448393,0.04116962774957699,0.041222504230118445,0.03445431472081218,0.010173434856175972,0.04006979695431472,0.016909898477157362,0.02620558375634518,0.03472927241962775,0.0271256345177665,0.04043993231810491,0.07528553299492385,0.035903130287648057,0.01834813874788494,0.026385363790186127,0.009591793570219966,0.013800761421319797,0.02420685279187817,0.024936548223350254,0.031027918781725887,0.018887478849407783,0.026713197969543148,0.02328680203045685,0.006080795262267343,0.02079103214890017,0.003553299492385787,0.003066835871404399,0.016846446700507615,0.00952834179357022,0.015556260575296108,0.005541455160744501,0.01271150592216582,0.003659052453468697,0.006228849407783418,0.016698392554991538,0.008946700507614213,0.007624788494077835,0.004896362098138748,0.006683587140439933,0.0007296954314720812,0.0077834179357022,0.00021150592216582064,4.230118443316413e-05,0.0,0.00016920473773265651,0.0,0.0,0.0,0.0,0.0,0.0,0.0,0.0,0.0,0.0,0.0,0.0,0.0,0.0,0.0,0.0,0.0,0.0,0.0,0.0,0.0,0.0,0.0,0.0,0.0,0.0,0.0,0.0,0.0,0.0,nan,nan,4.209561231172233,2.8382434136621173,nan,0.9230785537932177,0.02376266078654172,0.0,0.0,0.0,0.0,0.0,0.0,0.0,0.0,0.0,0.0,0.0,0.0,0.0,0.0,0.0,0.0,0.0,0.0,0.0,0.0,0.0,0.0,0.0,0.0,0.0,0.32059186189889033,4.7472256473489525,14.771886559802716,9.161528976572134,0.9987669543773121,0.9239462619513468,0.02286953082816843,0.0,0.0,0.0,0.0,0.0,0.0,0.0,0.0,0.0,0.0,0.0,0.0,0.0,0.0,0.0,0.0,0.0,0.0,0.0,0.0,0.0,0.0,0.0,0.0,0.0,0.18300653594771246,4.431372549019609,14.849673202614381,9.62091503267974,0.9150326797385623,0.3691,0.02237,0.0,0.0,0.0,0.0,0.0,0.0,0.0,0.0,0.024660912453760796,1.7262638717632557,12.083847102342789,13.366214549938329,2.762022194821209,0.03699136868064119,0.0,0.0,0.0,0.0,0.0,0.0,0.0,0.0,0.0,0.0,0.0,0.0,0.0,0.0,0.0,0.0,0.369,0.02275,0.0,0.0,0.0,0.0,0.0,0.0,0.0,0.0,0.02614379084967321,1.8954248366013076,11.803921568627453,13.80392156862743,2.405228758169935,0.06535947712418302,0.0,0.0,0.0,0.0,0.0,0.0,0.0,0.0,0.0,0.0,0.0,0.0,0.0,0.0,0.0,0.0
57500,4658,2415,0.5184628595963933,1160,963,0.4557750107342207,1357,0.5826534993559468,0.40599999999999997,3.0227374052608114,3.0667881657021883,6.505952380952381,2.1595497320857127,9324.753586678276,1418.434753908595,7853.0,10761.62043941021,10691.68662805276,18.030124668546947,7853.0,0.0,28.31880635465865,20.814828852620323,33.02327935222672,19.0806795624707,0.13267496779733792,0.09875483039931301,0.09188492915414341,0.08222413052812366,0.08265349935594676,0.07878917990553885,0.0695577501073422,0.06719622155431516,0.058608844997853154,0.059252898239587806,0.045298411335337053,0.0364963503649635,0.03349076857020181,0.024688707599828254,0.0210390725633319,0.01051953628166595,0.006869901245169601,0.9251830979266766,0.023298076749099943,0.0,0.0,0.0,0.0,0.0,0.0,0.0,0.0,0.0,0.0,0.0,0.0,0.0,0.0,0.0,0.0,0.0,0.0,0.0,0.0,0.0,0.0,0.0,0.0,0.0064405324173465025,0.21253756977243457,3.954486904250752,14.8196650923143,9.821811936453415,1.1850579647917563,4.267058439438459,2.9027971355403035,nan,nan,nan,4.308349769888231,2.922445271150193,4.22632944228275,2.882706051508812,0.9809624724114242,0.3682,0.02238,0.0,0.0,0.0,0.0,0.0,0.0,0.0,0.0,0.02576212966938601,1.8419922713610997,12.127522541863463,13.69257191927864,2.2413052812365826,0.07084585659081152,0.0,0.0,0.0,0.0,0.0,0.0,0.0,0.0,0.0,0.0,0.0,0.0,0.0,0.0,0.0,0.0,nan,nan,4.267058439438459,2.9027971355403035,nan,0.3682,0.11597,0.0,0.0,0.0,0.0,0.0,0.0,0.0,0.0,0.0,0.0,0.0006547874624302276,8.587376556462001e-05,1.0734220695577501e-05,0.002672820953198798,0.000150279089738085,0.008426363246028338,0.0055817947617003,0.004862601975096608,0.008158007728638901,0.01409403177329326,0.008748389866895663,0.039534134821811936,0.019600686990124516,0.02607342206955775,0.019729497638471448,0.0374516960068699,0.008533705452984113,0.04353799914126234,0.03811721768999571,0.03532632030914556,0.010369257191927866,0.04010304851867754,0.016519965650493774,0.02572992700729927,0.03733361957921855,0.0276728209531988,0.038600257621296694,0.07519321597252039,0.034478316874194934,0.01872048089308716,0.025719192786603694,0.008469300128810649,0.014491197939029626,0.02284242164018892,0.02731859167024474,0.03142979819665093,0.019772434521253757,0.026620867325032202,0.024924860455130957,0.005023615285530271,0.020072992700729927,0.00279089738085015,0.003660369257191928,0.015757835981107773,0.009295835122370116,0.014662945470158867,0.005667668527264921,0.011453413482181193,0.0044654358093602405,0.0053993130098754834,0.01692786603692572,0.008705452984113354,0.008286818376985831,0.005120223271790468,0.0065908115070845855,0.00021468441391155003,0.007642765135251181,0.00034349506225848003,9.660798626019751e-05,0.0,0.00016101331043366253,0.0,0.0,0.0,0.0,0.0,0.0,0.0,0.0,0.0,0.0,0.0,0.0,0.0,0.0,0.0,0.0,0.0,0.0,0.0,0.0,0.0,0.0,0.0,0.0,0.0,0.0,0.0,0.0,0.0,0.0,nan,nan,4.267058439438459,2.9027971355403035,nan,0.9253272379654042,0.02275916714104949,0.0,0.0,0.0,0.0,0.0,0.0,0.0,0.0,0.0,0.0,0.0,0.0,0.0,0.0,0.0,0.0,0.0,0.0,0.0,0.0,0.0,0.0,0.0,0.0,0.012422360248447208,0.17391304347826092,3.714285714285715,15.291925465838512,9.639751552795033,1.1677018633540375,0.9250279047953673,0.02386373697512792,0.0,0.0,0.0,0.0,0.0,0.0,0.0,0.0,0.0,0.0,0.0,0.0,0.0,0.0,0.0,0.0,0.0,0.0,0.0,0.0,0.0,0.0,0.0,0.0,0.0,0.2541239411502453,4.213107445385645,14.311190370040128,10.01783325902809,1.2037449843958985,0.3684,0.02246,0.0,0.0,0.0,0.0,0.0,0.0,0.0,0.0,0.012422360248447208,1.9130434782608698,11.900621118012426,13.788819875776376,2.2981366459627335,0.08695652173913046,0.0,0.0,0.0,0.0,0.0,0.0,0.0,0.0,0.0,0.0,0.0,0.0,0.0,0.0,0.0,0.0,0.368,0.02231,0.0,0.0,0.0,0.0,0.0,0.0,0.0,0.0,0.04012483281319662,1.7654926437806513,12.371823450735626,13.588943379402567,2.180115916183683,0.05349977708426216,0.0,0.0,0.0,0.0,0.0,0.0,0.0,0.0,0.0,0.0,0.0,0.0,0.0,0.0,0.0,0.0
57600,4720,2472,0.523728813559322,1179,931,0.4470338983050847,1309,0.5546610169491526,0.418,2.994217081850534,3.151069186877865,6.731629392971246,2.166737266080573,9339.707019424539,1417.8063316787707,7853.0,10755.62508547306,10691.69625068116,17.63704298617162,7853.0,0.0,27.838983050847457,20.742211255779207,32.67664821338702,19.03524591525952,0.13834745762711864,0.10317796610169491,0.09216101694915255,0.08453389830508475,0.08453389830508475,0.07669491525423729,0.06949152542372881,0.06059322033898305,0.05402542372881356,0.05402542372881356,0.052754237288135594,0.03728813559322034,0.03347457627118644,0.02563559322033898,0.018008474576271187,0.009322033898305085,0.005932203389830509,0.9262749558030549,0.022950683921001847,0.0,0.0,0.0,0.0,0.0,0.0,0.0,0.0,0.0,0.0,0.0,0.0,0.0,0.0,0.0,0.0,0.0,0.0,0.0,0.0,0.0,0.0,0.0,0.0,0.0,0.1207627118644068,3.78177966101695,14.993644067796613,9.864406779661019,1.239406779661017,4.198097736962938,2.9340822457378075,nan,nan,nan,4.117111255692908,2.925992368899763,4.28042328042328,2.9399974500021027,1.0396666532886507,0.368,0.02213,0.0,0.0,0.0,0.0,0.0,0.0,0.0,0.0,0.012711864406779664,1.7097457627118648,12.661016949152545,13.385593220338963,2.1737288135593222,0.05720338983050849,0.0,0.0,0.0,0.0,0.0,0.0,0.0,0.0,0.0,0.0,0.0,0.0,0.0,0.0,0.0,0.0,nan,nan,4.198097736962938,2.9340822457378075,nan,0.368,0.11523,0.0,0.0,0.0,0.0,0.0,0.0,0.0,0.0,0.0,0.0,0.00038135593220338984,0.0,5.296610169491525e-05,0.002923728813559322,0.000211864406779661,0.008146186440677966,0.004883474576271187,0.00448093220338983,0.007298728813559322,0.015042372881355933,0.008675847457627119,0.03797669491525424,0.019216101694915253,0.02914194915254237,0.019322033898305085,0.03666313559322034,0.008516949152542372,0.0451271186440678,0.03734110169491525,0.03478813559322034,0.01041313559322034,0.041228813559322036,0.01652542372881356,0.026069915254237287,0.0374364406779661,0.028771186440677967,0.039396186440677966,0.07185381355932204,0.034851694915254236,0.019353813559322034,0.02503177966101695,0.009046610169491525,0.014088983050847458,0.02481991525423729,0.02684322033898305,0.030317796610169492,0.021345338983050847,0.02691737288135593,0.02611228813559322,0.004841101694915254,0.02044491525423729,0.0022351694915254236,0.0034110169491525424,0.01503177966101695,0.010688559322033898,0.015805084745762712,0.005519067796610169,0.01086864406779661,0.00426906779661017,0.005063559322033898,0.01579449152542373,0.0074364406779661016,0.007870762711864408,0.004608050847457627,0.007489406779661017,0.00036016949152542374,0.007002118644067796,0.00038135593220338984,0.00019067796610169492,0.0,7.415254237288135e-05,0.0,0.0,0.0,0.0,0.0,0.0,0.0,0.0,0.0,0.0,0.0,0.0,0.0,0.0,0.0,0.0,0.0,0.0,0.0,0.0,0.0,0.0,0.0,0.0,0.0,0.0,0.0,0.0,0.0,0.0,nan,nan,4.198097736962938,2.9340822457378075,nan,0.9258536127875152,0.02294050263309735,0.0,0.0,0.0,0.0,0.0,0.0,0.0,0.0,0.0,0.0,0.0,0.0,0.0,0.0,0.0,0.0,0.0,0.0,0.0,0.0,0.0,0.0,0.0,0.0,0.0,0.10922330097087381,3.7378640776699035,15.50970873786408,9.271844660194176,1.3713592233009713,0.9267382831760148,0.022952947276570507,0.0,0.0,0.0,0.0,0.0,0.0,0.0,0.0,0.0,0.0,0.0,0.0,0.0,0.0,0.0,0.0,0.0,0.0,0.0,0.0,0.0,0.0,0.0,0.0,0.0,0.13345195729537368,3.830071174377225,14.426156583629897,10.516014234875447,1.0943060498220643,0.368,0.02213,0.0,0.0,0.0,0.0,0.0,0.0,0.0,0.0,0.01213592233009709,1.735436893203884,12.584951456310682,13.470873786407747,2.1480582524271847,0.04854368932038836,0.0,0.0,0.0,0.0,0.0,0.0,0.0,0.0,0.0,0.0,0.0,0.0,0.0,0.0,0.0,0.0,0.368,0.02214,0.0,0.0,0.0,0.0,0.0,0.0,0.0,0.0,0.01334519572953737,1.6814946619217086,12.744661921708188,13.291814946619198,2.2019572953736657,0.06672597864768684,0.0,0.0,0.0,0.0,0.0,0.0,0.0,0.0,0.0,0.0,0.0,0.0,0.0,0.0,0.0,0.0
57700,4849,2510,0.5176325015467107,1145,981,0.4384409156527119,1365,0.5630026809651475,0.414,2.989311671654553,3.080280603850433,6.463703703703704,2.0826837176499122,9322.409155697522,1418.5297372965754,7853.0,10757.937412142754,10691.71115377581,17.675622908794605,7853.0,0.0,28.163126417818106,21.13979419333366,33.328391401037806,19.326122952460363,0.1412662404619509,0.10476386883893586,0.0909465869251392,0.07795421736440503,0.07939781398226438,0.07135491853990514,0.07217983089296762,0.06599298824499897,0.05568158383171788,0.05568158383171788,0.049082285007217986,0.036296143534749435,0.03258403794596824,0.028665704268921427,0.017323159414312228,0.013611053825531037,0.0072179830892967626,0.9258659059398074,0.023485030597752938,0.0,0.0,0.0,0.0,0.0,0.0,0.0,0.0,0.0,0.0,0.0,0.0,0.0,0.0,0.0,0.0,0.0,0.0,0.0,0.0,0.0,0.0,0.0,0.0,0.0,0.17941843679109098,3.8605898123324405,14.594761806558056,10.21447721179625,1.1507527325221698,4.230546623794212,2.8329536511043245,nan,nan,nan,4.192755498059508,2.8062210115800377,4.2693538067818295,2.8589805357846396,1.0182692047646882,0.368,0.02144,0.0,0.0,0.0,0.0,0.0,0.0,0.0,0.0,0.01237368529593731,1.6642606723035682,12.410806351825121,13.852340688801794,2.0354712311816874,0.02474737059187462,0.0,0.0,0.0,0.0,0.0,0.0,0.0,0.0,0.0,0.0,0.0,0.0,0.0,0.0,0.0,0.0,nan,nan,4.230546623794212,2.8329536511043245,nan,0.368,0.1144,0.0,0.0,0.0,0.0,0.0,0.0,0.0,0.0,0.0,0.0,7.217983089296762e-05,0.0,0.0,0.002237574757681996,0.0002577851103320272,0.00776448752320066,0.00464013198597649,0.004268921427098371,0.007908847184986596,0.014704062693338833,0.00795009280263972,0.03840998143947206,0.017869663848216127,0.030346463188286245,0.020777479892761394,0.037667560321715816,0.007558259434935038,0.045689832955248505,0.03595586718911116,0.03392452051969478,0.009486492060218602,0.04175087646937513,0.01731284800989895,0.02677871726129099,0.03792534543204785,0.028717261290987832,0.0375128892555166,0.07542792328315116,0.03291400288719323,0.01978758506908641,0.02378840998143947,0.008826562177768612,0.015034027634563827,0.023427510826974633,0.02897504640131986,0.03114044132810889,0.0227366467312848,0.02794390595999175,0.023891524025572285,0.005382553103732728,0.021818931738502783,0.0022788203753351206,0.0026294081253866778,0.01543617240668179,0.01087853165601155,0.015271189936069293,0.006393070736234275,0.010723860589812333,0.0036089915446483813,0.004712311816869458,0.014724685502165396,0.007393276964322541,0.007413899773149103,0.00501134254485461,0.007661373479067849,0.0005361930294906167,0.006289956692101464,0.00024747370591874615,0.00015467106619921633,0.0,5.1557022066405446e-05,0.0,0.0,0.0,0.0,0.0,0.0,0.0,0.0,0.0,0.0,0.0,0.0,0.0,0.0,0.0,0.0,0.0,0.0,0.0,0.0,0.0,0.0,0.0,0.0,0.0,0.0,0.0,0.0,0.0,0.0,nan,nan,4.230546623794212,2.8329536511043245,nan,0.9258181130506128,0.023113320507959344,0.0,0.0,0.0,0.0,0.0,0.0,0.0,0.0,0.0,0.0,0.0,0.0,0.0,0.0,0.0,0.0,0.0,0.0,0.0,0.0,0.0,0.0,0.0,0.0,0.0,0.2270916334661355,3.7051792828685266,14.760956175298809,10.231075697211159,1.0756972111553786,0.9259171928794734,0.023877373602231102,0.0,0.0,0.0,0.0,0.0,0.0,0.0,0.0,0.0,0.0,0.0,0.0,0.0,0.0,0.0,0.0,0.0,0.0,0.0,0.0,0.0,0.0,0.0,0.0,0.0,0.1282599401453613,4.027362120564344,14.41641727233861,10.196665241556222,1.2312954253954684,0.368,0.02147,0.0,0.0,0.0,0.0,0.0,0.0,0.0,0.0,0.0,1.6852589641434266,12.62151394422311,13.589641434262928,2.0916334661354585,0.011952191235059764,0.0,0.0,0.0,0.0,0.0,0.0,0.0,0.0,0.0,0.0,0.0,0.0,0.0,0.0,0.0,0.0,0.3682,0.02142,0.0,0.0,0.0,0.0,0.0,0.0,0.0,0.0,0.02565198802907226,1.6417272338606246,12.184694313809324,14.13424540401879,1.975203078238564,0.03847798204360839,0.0,0.0,0.0,0.0,0.0,0.0,0.0,0.0,0.0,0.0,0.0,0.0,0.0,0.0,0.0,0.0
57800,4908,2572,0.5240423797881011,1261,1002,0.46108394458027707,1368,0.5574572127139364,0.39799999999999996,2.9430650684931505,3.040214741403686,6.3993993993994,2.252712665653042,9340.46558238193,1417.6380679236934,7853.0,10763.997156977654,10691.445209304244,17.581922734437303,7853.0,0.0,28.10004074979625,20.599925819371794,32.835500963391134,18.853178840671973,0.13223308883455584,0.09637326813365933,0.09596577017114914,0.08231458842705787,0.08394458027709861,0.07823960880195599,0.07497962510187449,0.06397718011409943,0.06255093724531377,0.049103504482477585,0.05338223308883456,0.03769356153219234,0.029951100244498777,0.023634881825590873,0.018337408312958436,0.009779951100244499,0.007538712306438468,0.9259754354597207,0.02316654878561585,0.0,0.0,0.0,0.0,0.0,0.0,0.0,0.0,0.0,0.0,0.0,0.0,0.0,0.0,0.0,0.0,0.0,0.0,0.0,0.0,0.0,0.0,0.0,0.0,0.0,0.1466992665036675,3.8753056234718835,14.566014669926654,10.23227383863081,1.1797066014669928,4.10680824484697,2.834905102379054,nan,nan,nan,4.145272385723231,2.8710871449999957,4.068535825545172,2.7979143388371317,0.9814881742289484,0.367,0.022,0.0,0.0,0.0,0.0,0.0,0.0,0.0,0.0,0.024449877750611252,1.7053789731051348,13.257946210268951,13.025672371638123,1.9193154034229833,0.06723716381418095,0.0,0.0,0.0,0.0,0.0,0.0,0.0,0.0,0.0,0.0,0.0,0.0,0.0,0.0,0.0,0.0,nan,nan,4.10680824484697,2.834905102379054,nan,0.367,0.1141,0.0,0.0,0.0,0.0,0.0,0.0,0.0,0.0,2.0374898125509373e-05,0.0,4.0749796251018746e-05,0.0,1.0187449062754686e-05,0.0018643031784841076,0.0005704971475142624,0.008516707416462918,0.004655664221678892,0.004248166259168704,0.008751018744906275,0.01430317848410758,0.008343520782396087,0.03904849225753871,0.016666666666666666,0.031418092909535456,0.020201711491442544,0.03723512632436838,0.006845965770171149,0.04810513447432763,0.03563569682151589,0.03300733496332518,0.008863080684596576,0.04338834555827221,0.01773634881825591,0.02869804400977995,0.03984311328443358,0.030959657701711493,0.03627750611246944,0.06991646291768541,0.034372453137734314,0.02084352078239609,0.02199470252648737,0.008139771801140994,0.014639364303178484,0.02277913610431948,0.027292176039119806,0.031214343928280357,0.02195395273023635,0.028341483292583538,0.025855745721271393,0.005664221678891606,0.02128158109209454,0.0024551752241238796,0.003025672371638142,0.016411980440097798,0.01073757131214344,0.014079054604726976,0.006143031784841076,0.011236756316218418,0.0036980440097799513,0.005083537082314588,0.015189486552567237,0.007161776691116544,0.006723716381418093,0.003993480032599837,0.00730440097799511,0.000550122249388753,0.006193969030154849,0.0002954360228198859,0.0001426242868785656,2.0374898125509373e-05,1.0187449062754686e-05,0.0,0.0,0.0,0.0,0.0,0.0,0.0,0.0,0.0,0.0,0.0,0.0,0.0,0.0,0.0,0.0,0.0,0.0,0.0,0.0,0.0,0.0,0.0,0.0,0.0,0.0,0.0,0.0,0.0,0.0,nan,nan,4.10680824484697,2.834905102379054,nan,0.9263057189169419,0.023272821670308225,0.0,0.0,0.0,0.0,0.0,0.0,0.0,0.0,0.0,0.0,0.0,0.0,0.0,0.0,0.0,0.0,0.0,0.0,0.0,0.0,0.0,0.0,0.0,0.0,0.0,0.1632970451010887,3.75583203732504,14.39346811819596,10.497667185069988,1.1897356143079318,0.9256117843244582,0.023043497816696016,0.0,0.0,0.0,0.0,0.0,0.0,0.0,0.0,0.0,0.0,0.0,0.0,0.0,0.0,0.0,0.0,0.0,0.0,0.0,0.0,0.0,0.0,0.0,0.0,0.0,0.1284246575342466,4.006849315068494,14.755993150684935,9.940068493150687,1.168664383561644,0.367,0.02205,0.0,0.0,0.0,0.0,0.0,0.0,0.0,0.0,0.023328149300155525,1.7496111975116644,13.23872472783826,13.01710730948676,1.9012441679626753,0.06998444790046657,0.0,0.0,0.0,0.0,0.0,0.0,0.0,0.0,0.0,0.0,0.0,0.0,0.0,0.0,0.0,0.0,0.3672,0.02194,0.0,0.0,0.0,0.0,0.0,0.0,0.0,0.0,0.02568493150684932,1.6566780821917813,13.279109589041099,13.035102739726009,1.9392123287671237,0.0642123287671233,0.0,0.0,0.0,0.0,0.0,0.0,0.0,0.0,0.0,0.0,0.0,0.0,0.0,0.0,0.0,0.0
57900,4754,2476,0.5208245687841817,1163,967,0.44804375262936474,1319,0.55490113588557,0.426,2.986830553116769,3.17250623907336,6.697819314641745,2.202157306425626,9331.345164047027,1418.0620367042197,7853.0,10750.674944400787,10691.470480565253,17.81281606191847,7853.0,0.0,28.26167437946992,21.08834352079309,32.890400791687284,19.47914328569561,0.13125788809423644,0.09781236853176273,0.10244005048380311,0.08876735380732015,0.07782919646613379,0.07635675220866639,0.06604964240639462,0.061421960454354226,0.058897770298695834,0.05237694572991165,0.049432057214976864,0.03975599495161969,0.029448885149347917,0.027766091712242324,0.018721076987799748,0.012620950778291964,0.009045014724442574,0.9261809461975379,0.022967974058456117,0.0,0.0,0.0,0.0,0.0,0.0,0.0,0.0,0.0,0.0,0.0,0.0,0.0,0.0,0.0,0.0,0.0,0.0,0.0,0.0,0.0,0.0,0.0,0.0,0.0,0.13251998317206565,3.7358014303744222,14.81699621371477,10.090450147244427,1.2242322254943208,4.283942558746737,2.978653929931843,nan,nan,nan,4.246263807667316,3.010018577490555,4.321967213114754,2.946174412871066,1.0178282388651274,0.366,0.02153,0.0,0.0,0.0,0.0,0.0,0.0,0.0,0.0,0.012620950778291968,1.9625578460244009,13.346655448043755,12.97433740008412,1.6848969289019777,0.01893142616743795,0.0,0.0,0.0,0.0,0.0,0.0,0.0,0.0,0.0,0.0,0.0,0.0,0.0,0.0,0.0,0.0,nan,nan,4.283942558746737,2.978653929931843,nan,0.366,0.1139,0.0,0.0,0.0,0.0,0.0,0.0,0.0,0.0,1.051745898190997e-05,0.0,3.155237694572991e-05,0.0,8.413967185527976e-05,0.0022928060580563736,0.0005048380311316786,0.009297433740008415,0.005132519983172066,0.0037126630206142197,0.008592763988220446,0.014577198148927219,0.008077408498106857,0.03807320151451409,0.01804795961295751,0.030237694572991164,0.020708876735380733,0.03688472864955827,0.006331510307109802,0.048664282709297436,0.03791543962978544,0.029911653344551956,0.008403449726546067,0.044877997475809846,0.019741270509045016,0.03156289440471182,0.04152292806058056,0.03140513251998317,0.035107278081615484,0.06776398822044594,0.034570887673538074,0.02147665124106016,0.02175010517458982,0.0076251577618847285,0.014692890197728228,0.023285654185948676,0.025725704669751787,0.030511148506520824,0.022191838451830037,0.026693310896087504,0.02532604122843921,0.006058056373580143,0.022812368531762727,0.002534707614640303,0.003134202776609171,0.015565839293226757,0.010191417753470761,0.01410391249474127,0.005637358014303744,0.0110748843079512,0.0029659234328986116,0.0048695835086243165,0.01438788388725284,0.008035338662179217,0.00719394194362642,0.0041543962978544385,0.007446360959192259,0.0005679427850231384,0.005427008834665545,0.00032604122843920907,0.00012620950778291965,6.310475389145982e-05,0.0,0.0,0.0,0.0,0.0,0.0,0.0,0.0,0.0,0.0,0.0,0.0,0.0,0.0,0.0,0.0,0.0,0.0,0.0,0.0,0.0,0.0,0.0,0.0,0.0,0.0,0.0,0.0,0.0,0.0,0.0,nan,nan,4.283942558746737,2.978653929931843,nan,0.9267622600031207,0.02276989883270297,0.0,0.0,0.0,0.0,0.0,0.0,0.0,0.0,0.0,0.0,0.0,0.0,0.0,0.0,0.0,0.0,0.0,0.0,0.0,0.0,0.0,0.0,0.0,0.0,0.0,0.1696284329563813,3.5016155088853,14.842487883683363,10.298869143780294,1.187399030694669,0.9255491055554732,0.023164807182080374,0.0,0.0,0.0,0.0,0.0,0.0,0.0,0.0,0.0,0.0,0.0,0.0,0.0,0.0,0.0,0.0,0.0,0.0,0.0,0.0,0.0,0.0,0.0,0.0,0.0,0.09218612818261636,3.9903424056189647,14.789288849868308,9.86391571553995,1.264266900790167,0.3665,0.022,0.0,0.0,0.0,0.0,0.0,0.0,0.0,0.0,0.012116316639741522,1.9628432956381263,13.14620355411955,12.903877221324699,1.9386106623586434,0.03634894991922456,0.0,0.0,0.0,0.0,0.0,0.0,0.0,0.0,0.0,0.0,0.0,0.0,0.0,0.0,0.0,0.0,0.3655,0.021,0.0,0.0,0.0,0.0,0.0,0.0,0.0,0.0,0.013169446883230908,1.9622475856014052,13.564530289727834,13.050921861281807,1.4091308165057073,0.0,0.0,0.0,0.0,0.0,0.0,0.0,0.0,0.0,0.0,0.0,0.0,0.0,0.0,0.0,0.0,0.0
58000,4892,2510,0.5130825838103026,1255,982,0.4572771872444808,1351,0.5523303352412101,0.40599999999999997,2.943744752308984,3.0923690507873722,6.567607726597325,2.10750228864446,9308.811321287762,1418.259093332593,7853.0,10762.91674375534,10690.382065234953,17.241607974829243,7853.0,0.0,27.898609975470155,20.536188022838342,32.52735598939503,18.857587739473495,0.13143908421913328,0.1009811937857727,0.09709730171708912,0.08646770237121831,0.07849550286181521,0.08156173344235486,0.06991005723630417,0.06561733442354865,0.05948487326246934,0.051103843008994274,0.0527391659852821,0.03761242845461979,0.028413736713000817,0.02473426001635323,0.02105478331970564,0.00776778413736713,0.005519215044971382,0.9265968050268568,0.022797552380299506,0.0,0.0,0.0,0.0,0.0,0.0,0.0,0.0,0.0,0.0,0.0,0.0,0.0,0.0,0.0,0.0,0.0,0.0,0.0,0.0,0.0,0.0,0.0,0.0,0.0,0.1287816843826656,3.6304170073589543,14.895748160261654,10.100163532297632,1.2448896156991007,4.2155688622754495,2.8993272689942335,nan,nan,nan,4.2347388294524855,2.8945645136156206,4.196338383838384,2.903970066671253,0.9909320392211611,0.365,0.0218,0.0,0.0,0.0,0.0,0.0,0.0,0.0,0.0,0.049059689288634516,2.226083401471791,13.485282093213412,12.663532297628764,1.5515126737530667,0.024529844644317258,0.0,0.0,0.0,0.0,0.0,0.0,0.0,0.0,0.0,0.0,0.0,0.0,0.0,0.0,0.0,0.0,nan,nan,4.2155688622754495,2.8993272689942335,nan,0.365,0.1143,0.0,0.0,0.0,0.0,0.0,0.0,0.0,0.0,0.0,0.0,0.0,1.0220768601798855e-05,0.00014309076042518396,0.00276982829108749,0.0004599345870809485,0.00964840556009812,0.004936631234668847,0.003475061324611611,0.008074407195421096,0.015402698282910875,0.008585445625511038,0.04036181520850368,0.01855069501226492,0.030846279640228944,0.020421095666394114,0.03847097301717089,0.006193785772690107,0.04956050695012265,0.03525143090760425,0.03259403107113655,0.008953393295175797,0.044593213409648405,0.017988552739165987,0.03144930498773508,0.04140433360588716,0.030325020441537204,0.034249795584627964,0.06725265739983646,0.034178250204415374,0.02098323793949305,0.021831561733442355,0.0072567457072771875,0.015760425183973834,0.024764922322158628,0.024417416189697467,0.03025347506132461,0.02062551103843009,0.027994685200327066,0.024437857726901064,0.006439084219133279,0.02277187244480785,0.0019623875715453804,0.0030253475061324613,0.01491210139002453,0.009249795584627964,0.014983646770237122,0.005652085036794767,0.011150858544562551,0.002207686017988553,0.00499795584627964,0.014002452984464432,0.008687653311529027,0.007307849550286181,0.003945216680294358,0.007123875715453802,0.0006950122649223222,0.006020032706459526,0.0002964022894521668,7.154538021259198e-05,2.044153720359771e-05,0.0,0.0,0.0,0.0,0.0,0.0,0.0,0.0,0.0,0.0,0.0,0.0,0.0,0.0,0.0,0.0,0.0,0.0,0.0,0.0,0.0,0.0,0.0,0.0,0.0,0.0,0.0,0.0,0.0,0.0,0.0,nan,nan,4.2155688622754495,2.8993272689942335,nan,0.9261430541120202,0.022588252978858022,0.0,0.0,0.0,0.0,0.0,0.0,0.0,0.0,0.0,0.0,0.0,0.0,0.0,0.0,0.0,0.0,0.0,0.0,0.0,0.0,0.0,0.0,0.0,0.0,0.0,0.15537848605577695,3.6095617529880486,15.071713147410362,10.111553784860561,1.0517928286852591,0.9270749388623898,0.023006357911839928,0.0,0.0,0.0,0.0,0.0,0.0,0.0,0.0,0.0,0.0,0.0,0.0,0.0,0.0,0.0,0.0,0.0,0.0,0.0,0.0,0.0,0.0,0.0,0.0,0.0,0.10075566750629725,3.6523929471032752,14.710327455919398,10.088161209068012,1.4483627204030232,0.3652,0.02188,0.0,0.0,0.0,0.0,0.0,0.0,0.0,0.0,0.04780876494023906,2.127490039840638,13.66135458167331,12.513944223107552,1.613545816733068,0.035856573705179286,0.0,0.0,0.0,0.0,0.0,0.0,0.0,0.0,0.0,0.0,0.0,0.0,0.0,0.0,0.0,0.0,0.3647,0.0217,0.0,0.0,0.0,0.0,0.0,0.0,0.0,0.0,0.050377833753148624,2.3299748110831238,13.299748110831237,12.821158690176304,1.4861460957178845,0.012594458438287156,0.0,0.0,0.0,0.0,0.0,0.0,0.0,0.0,0.0,0.0,0.0,0.0,0.0,0.0,0.0,0.0
58100,5016,2599,0.5181419457735247,1221,1060,0.45474481658692184,1434,0.5717703349282297,0.38999999999999996,2.9975175837815473,3.120128647076608,6.664697193500738,2.1256283328329526,9323.37522089063,1418.0153014307982,7853.0,10757.513389825821,10690.784574062101,17.712899092623704,7853.0,0.0,27.858851674641148,20.589566208152167,32.3895525884282,18.966412435316713,0.13177830940988836,0.10087719298245613,0.0950956937799043,0.09190590111642744,0.08333333333333333,0.07575757575757576,0.06578947368421052,0.06977671451355662,0.05980861244019139,0.05003987240829346,0.046850079744816586,0.03847687400318979,0.03110047846889952,0.025917065390749602,0.016547049441786282,0.01036682615629984,0.006578947368421052,0.9270032146497016,0.02315579137591304,0.0,0.0,0.0,0.0,0.0,0.0,0.0,0.0,0.0,0.0,0.0,0.0,0.0,0.0,0.0,0.0,0.0,0.0,0.0,0.0,0.0,0.0,0.0,0.0,0.0,0.1196172248803828,3.6124401913875603,14.647129186602873,10.173444976076558,1.4473684210526319,4.195264452644526,2.9257418331883356,nan,nan,nan,4.130647130647131,2.946412059720495,4.260842627013631,2.9031437532119675,1.0315193944795042,0.3647,0.02167,0.0,0.0,0.0,0.0,0.0,0.0,0.0,0.0,0.04186602870813398,2.135167464114833,13.893540669856462,12.392344497607638,1.5071770334928234,0.0299043062200957,0.0,0.0,0.0,0.0,0.0,0.0,0.0,0.0,0.0,0.0,0.0,0.0,0.0,0.0,0.0,0.0,nan,nan,4.195264452644526,2.9257418331883356,nan,0.3647,0.1152,0.0,0.0,0.0,0.0,0.0,0.0,0.0,0.0,0.0,0.0,0.0,2.9904306220095695e-05,9.968102073365231e-05,0.003329346092503987,0.0005582137161084529,0.010556220095693779,0.004625199362041467,0.0028708133971291866,0.007476076555023923,0.015749601275917065,0.009190590111642744,0.04090909090909091,0.01903907496012759,0.030352870813397128,0.01956738437001595,0.038397129186602874,0.006469298245614035,0.050867224880382776,0.03708133971291866,0.03211722488038277,0.00907097288676236,0.0428030303030303,0.01770334928229665,0.02903708133971292,0.04182615629984051,0.03094098883572568,0.03393141945773525,0.0680023923444976,0.03604465709728868,0.020384768740031898,0.02113237639553429,0.007675438596491228,0.016008771929824563,0.02532894736842105,0.023943381180223284,0.03037280701754386,0.019387958532695374,0.026216108452950557,0.02452153110047847,0.007595693779904307,0.020384768740031898,0.0014154704944178628,0.0032795055821371612,0.01419457735247209,0.00930023923444976,0.015460526315789473,0.005073763955342903,0.011891945773524721,0.0022328548644338117,0.005482456140350877,0.014304226475279107,0.008393141945773525,0.007496012759170654,0.004475677830940989,0.007276714513556619,0.0006080542264752791,0.006748405103668261,0.0006578947368421052,1.9936204146730462e-05,8.971291866028708e-05,0.0,0.0,0.0,0.0,0.0,0.0,0.0,0.0,0.0,0.0,0.0,0.0,0.0,0.0,0.0,0.0,0.0,0.0,0.0,0.0,0.0,0.0,0.0,0.0,0.0,0.0,0.0,0.0,0.0,0.0,0.0,nan,nan,4.195264452644526,2.9257418331883356,nan,0.9269082080221671,0.023030783467752357,0.0,0.0,0.0,0.0,0.0,0.0,0.0,0.0,0.0,0.0,0.0,0.0,0.0,0.0,0.0,0.0,0.0,0.0,0.0,0.0,0.0,0.0,0.0,0.0,0.0,0.11542901115813776,3.6937283570604085,14.774913428241634,10.007695267410545,1.4082339361292808,0.9271053752723587,0.023289031259850677,0.0,0.0,0.0,0.0,0.0,0.0,0.0,0.0,0.0,0.0,0.0,0.0,0.0,0.0,0.0,0.0,0.0,0.0,0.0,0.0,0.0,0.0,0.0,0.0,0.0,0.12412081092263139,3.5250310302027312,14.509722796855609,10.351675630947458,1.4894497310715766,0.3652,0.02203,0.0,0.0,0.0,0.0,0.0,0.0,0.0,0.0,0.03462870334744133,2.204694113120431,13.63216621777607,12.477876106194673,1.6390919584455563,0.011542901115813776,0.0,0.0,0.0,0.0,0.0,0.0,0.0,0.0,0.0,0.0,0.0,0.0,0.0,0.0,0.0,0.0,0.3645,0.02127,0.0,0.0,0.0,0.0,0.0,0.0,0.0,0.0,0.04964832436905255,2.060405461315681,14.174596607364505,12.30037236243275,1.3653289201489454,0.04964832436905255,0.0,0.0,0.0,0.0,0.0,0.0,0.0,0.0,0.0,0.0,0.0,0.0,0.0,0.0,0.0,0.0
58200,4695,2374,0.5056443024494143,1112,980,0.445580404685836,1350,0.5750798722044729,0.422,2.9676863420939252,3.0450146057140812,6.545595054095827,2.027784191249544,9288.037523299665,1418.9842794831657,7853.0,10754.945249676704,10691.037561875286,17.715165171483164,7853.0,0.0,28.10031948881789,20.86121158975932,33.003541613964074,19.083211811368187,0.1382321618743344,0.09882854100106496,0.088604898828541,0.08839190628328009,0.08306709265175719,0.07476038338658147,0.06751863684771033,0.0711395101171459,0.054313099041533544,0.048775292864749735,0.05005324813631523,0.04132055378061768,0.03301384451544196,0.028541001064962726,0.016613418530351438,0.010223642172523962,0.006602768903088392,0.9271102021296566,0.02279710137671042,0.0,0.0,0.0,0.0,0.0,0.0,0.0,0.0,0.0,0.0,0.0,0.0,0.0,0.0,0.0,0.0,0.0,0.0,0.0,0.0,0.0,0.0,0.0,0.0,0.0,0.15335463258785945,3.3226837060702885,14.530351437699684,10.74121405750799,1.2523961661341856,4.33311432325887,2.8145845801484275,nan,nan,nan,4.316,2.8402131375420874,4.349967595593001,2.7902498393793866,1.0078701565322061,0.3655,0.02174,0.0,0.0,0.0,0.0,0.0,0.0,0.0,0.0,0.03833865814696486,1.9297124600638982,13.821086261980835,12.53674121405749,1.6357827476038342,0.03833865814696486,0.0,0.0,0.0,0.0,0.0,0.0,0.0,0.0,0.0,0.0,0.0,0.0,0.0,0.0,0.0,0.0,nan,nan,4.33311432325887,2.8145845801484275,nan,0.3655,0.11584,0.0,0.0,0.0,0.0,0.0,0.0,0.0,0.0,0.0,0.0,0.0,0.0,0.00019169329073482429,0.0033865814696485623,0.0006283280085197018,0.011033013844515441,0.005963791267305644,0.002630457933972311,0.007614483493077742,0.01420660276890309,0.00906283280085197,0.04048988285410011,0.019627263045793396,0.029733759318423855,0.020745473908413206,0.03900958466453674,0.007145899893503727,0.05124600638977636,0.03812566560170394,0.0294888178913738,0.0079765708200213,0.04206602768903089,0.01880724174653887,0.026996805111821086,0.04199148029818956,0.029755058572949945,0.031629392971246006,0.06750798722044729,0.03468583599574015,0.020298189563365283,0.022981895633652823,0.007902023429179979,0.01828541001064963,0.02412140575079872,0.023397231096911608,0.03142705005324813,0.019659211927582534,0.02680511182108626,0.023801916932907348,0.008168264110756123,0.020415335463258785,0.0017145899893503728,0.0033759318423855164,0.013365282215122471,0.009467518636847711,0.017337593184238553,0.0053780617678381255,0.012087326943556976,0.002726304579339723,0.006656017039403621,0.013258785942492014,0.00784877529286475,0.008083067092651757,0.004526091586794462,0.006538871139510117,0.0005857294994675187,0.007209797657082002,0.0007241746538871139,5.3248136315228964e-05,5.3248136315228964e-05,0.0,0.0,0.0,0.0,0.0,0.0,0.0,0.0,0.0,0.0,0.0,0.0,0.0,0.0,0.0,0.0,0.0,0.0,0.0,0.0,0.0,0.0,0.0,0.0,0.0,0.0,0.0,0.0,0.0,0.0,0.0,nan,nan,4.33311432325887,2.8145845801484275,nan,0.9268954490651177,0.02292724145658533,0.0,0.0,0.0,0.0,0.0,0.0,0.0,0.0,0.0,0.0,0.0,0.0,0.0,0.0,0.0,0.0,0.0,0.0,0.0,0.0,0.0,0.0,0.0,0.0,0.0,0.20219039595619212,3.348778433024432,14.59561920808762,10.602358887952825,1.2510530749789386,0.9273298590771857,0.022661111164426543,0.0,0.0,0.0,0.0,0.0,0.0,0.0,0.0,0.0,0.0,0.0,0.0,0.0,0.0,0.0,0.0,0.0,0.0,0.0,0.0,0.0,0.0,0.0,0.0,0.0,0.10340370529943992,3.2959931064196475,14.46359327875916,10.883239982766053,1.253769926755709,0.3655,0.02208,0.0,0.0,0.0,0.0,0.0,0.0,0.0,0.0,0.03791069924178602,1.9839932603201351,13.445661331086777,12.763268744734606,1.718618365627633,0.05054759898904803,0.0,0.0,0.0,0.0,0.0,0.0,0.0,0.0,0.0,0.0,0.0,0.0,0.0,0.0,0.0,0.0,0.3652,0.02138,0.0,0.0,0.0,0.0,0.0,0.0,0.0,0.0,0.03877638948728997,1.8741921585523484,14.20508401551056,12.30504093063333,1.5510555794915988,0.02585092632485998,0.0,0.0,0.0,0.0,0.0,0.0,0.0,0.0,0.0,0.0,0.0,0.0,0.0,0.0,0.0,0.0
58300,4658,2422,0.5199656504937742,1185,959,0.46028338342636327,1308,0.5616144267926149,0.40599999999999997,2.9440966010733454,3.0956727310765912,6.610738255033557,2.1750920967803062,9328.294469938559,1417.5734146165166,7853.0,10750.987025618553,10690.292172160944,17.905665342990925,7853.0,0.0,27.91841992271361,20.594737056148595,32.75254841997961,18.82985356959922,0.1352511807642765,0.10240446543580936,0.09188492915414341,0.08072133963074281,0.08565908115070846,0.07728638900815801,0.06569343065693431,0.06676685272649206,0.0639759553456419,0.053241734650064404,0.05002146844139115,0.03628166595105196,0.035422928295405755,0.025332760841562902,0.014383855732073852,0.008587376556462,0.007084585659081151,0.9258519630541664,0.0233940928681785,0.0,0.0,0.0,0.0,0.0,0.0,0.0,0.0,0.0,0.0,0.0,0.0,0.0,0.0,0.0,0.0,0.0,0.0,0.0,0.0,0.0,0.0,0.0,0.0,0.0,0.13525118076427653,3.7161872048089317,14.909832546157151,10.111635895234008,1.1270931730356377,4.183112582781457,2.8794624878808883,nan,nan,nan,4.185307743216413,2.904401578988583,4.180914512922465,2.8542703219718772,0.9989503208453265,0.3657,0.02168,0.0,0.0,0.0,0.0,0.0,0.0,0.0,0.0,0.0064405324173465025,1.925719192786604,13.834263632460287,12.468870759982806,1.7518248175182485,0.012881064834693005,0.0,0.0,0.0,0.0,0.0,0.0,0.0,0.0,0.0,0.0,0.0,0.0,0.0,0.0,0.0,0.0,nan,nan,4.183112582781457,2.8794624878808883,nan,0.3657,0.1157,0.0,0.0,0.0,0.0,0.0,0.0,0.0,0.0,0.0,0.0,0.0,0.0,0.00019321597252039502,0.003853585229712323,0.0007406612279948476,0.009907685702018033,0.007245598969514813,0.0038857878917990555,0.007245598969514813,0.012301416917131816,0.008222413052812365,0.03890081580077286,0.021060541004723057,0.030957492486045513,0.019665092314297982,0.03795620437956204,0.007063117217689996,0.05026835551738944,0.039319450407900386,0.029315156719622155,0.007471017604121941,0.043956633748389866,0.018699012451696008,0.026223701159295836,0.04304422498926578,0.03222413052812366,0.03342636324602834,0.06627307857449549,0.03133319021039072,0.021393301846285958,0.022574066122799486,0.007868183769858308,0.01714255045083727,0.023722627737226276,0.022713610991841993,0.0317732932589094,0.02020180334907686,0.028048518677544012,0.023003434950622584,0.00907041648776299,0.021672391584370974,0.001953628166595105,0.0035422928295405754,0.013246028338342637,0.009939888364104766,0.016133533705452983,0.0054315156719622155,0.01190425075139545,0.0022327179046801203,0.006247316444826106,0.013385573207385143,0.007599828252468871,0.008855732073851439,0.004443967367969086,0.006032632030914555,0.0007191927866036926,0.007954057535422929,0.00038643194504079005,3.2202662086732506e-05,0.0,0.0,2.1468441391155002e-05,0.0,0.0,0.0,0.0,0.0,0.0,0.0,0.0,0.0,0.0,0.0,0.0,0.0,0.0,0.0,0.0,0.0,0.0,0.0,0.0,0.0,0.0,0.0,0.0,0.0,0.0,0.0,0.0,0.0,nan,nan,4.183112582781457,2.8794624878808883,nan,0.925484094218121,0.02349117029903121,0.0,0.0,0.0,0.0,0.0,0.0,0.0,0.0,0.0,0.0,0.0,0.0,0.0,0.0,0.0,0.0,0.0,0.0,0.0,0.0,0.0,0.0,0.0,0.0,0.0,0.16102394715111482,3.8150289017341046,14.925681255161027,10.057803468208094,1.0404624277456649,0.9262504327862335,0.023281926558709698,0.0,0.0,0.0,0.0,0.0,0.0,0.0,0.0,0.0,0.0,0.0,0.0,0.0,0.0,0.0,0.0,0.0,0.0,0.0,0.0,0.0,0.0,0.0,0.0,0.0,0.10733452593917713,3.6091234347048307,14.892665474060825,10.169946332737032,1.2209302325581397,0.3657,0.02167,0.0,0.0,0.0,0.0,0.0,0.0,0.0,0.0,0.01238645747316268,1.8331957060280764,13.810900082576387,12.547481420313773,1.7836498761354256,0.01238645747316268,0.0,0.0,0.0,0.0,0.0,0.0,0.0,0.0,0.0,0.0,0.0,0.0,0.0,0.0,0.0,0.0,0.3657,0.0217,0.0,0.0,0.0,0.0,0.0,0.0,0.0,0.0,0.0,2.0259391771019684,13.859570661896246,12.38372093023254,1.717352415026834,0.01341681574239714,0.0,0.0,0.0,0.0,0.0,0.0,0.0,0.0,0.0,0.0,0.0,0.0,0.0,0.0,0.0,0.0
58400,4695,2457,0.5233226837060703,1163,925,0.4447284345047923,1278,0.544408945686901,0.422,3.018319928507596,3.14955270686497,6.782539682539682,2.1643606543448555,9337.887898661229,1417.2257442828982,7853.0,10753.550245642662,10690.423151898442,17.787685381086423,7853.0,0.0,27.41341853035144,20.594076480319007,32.24346943951306,18.94016814599186,0.1380191693290735,0.10692225772097977,0.09478168264110756,0.0845580404685836,0.08413205537806177,0.0792332268370607,0.06858359957401491,0.06112886048988286,0.0577209797657082,0.05282215122470713,0.048349307774227905,0.037486687965921195,0.027050053248136315,0.02619808306709265,0.016826411075612353,0.009371671991480299,0.006815761448349307,0.9254708139787213,0.023606837432808,0.0,0.0,0.0,0.0,0.0,0.0,0.0,0.0,0.0,0.0,0.0,0.0,0.0,0.0,0.0,0.0,0.0,0.0,0.0,0.0,0.0,0.0,0.0,0.0,0.0,0.1725239616613419,3.936102236421726,14.849840255591058,9.769968051118212,1.2715654952076678,4.333667669675694,2.969982425657436,nan,nan,nan,4.29089709762533,2.9804457684811196,4.377627118644067,2.9585454161806544,1.020212561393452,0.366,0.02188,0.0,0.0,0.0,0.0,0.0,0.0,0.0,0.0,0.03833865814696486,1.8849840255591057,13.62939297124601,12.555910543130972,1.833865814696486,0.057507987220447296,0.0,0.0,0.0,0.0,0.0,0.0,0.0,0.0,0.0,0.0,0.0,0.0,0.0,0.0,0.0,0.0,nan,nan,4.333667669675694,2.969982425657436,nan,0.366,0.1157,0.0,0.0,0.0,0.0,0.0,0.0,0.0,0.0,0.0,0.0,6.389776357827476e-05,3.194888178913738e-05,0.00036208732694355695,0.0035463258785942493,0.0004579339723109691,0.009382321618743344,0.0069542066027689035,0.004068157614483493,0.007422790202342918,0.013993610223642173,0.008775292864749734,0.039467518636847713,0.02073482428115016,0.02865814696485623,0.018615548455804046,0.036038338658146964,0.00718849840255591,0.04982960596379127,0.03838125665601704,0.031256656017039405,0.007859424920127795,0.04268370607028754,0.02027689030883919,0.02666666666666667,0.04615548455804047,0.03219382321618743,0.03575079872204473,0.06522896698615549,0.030468583599574016,0.019861554845580404,0.02268370607028754,0.00787007454739084,0.01689030883919063,0.02220447284345048,0.02211927582534611,0.029818956336528223,0.019840255591054314,0.030063897763578276,0.024526091586794464,0.008849840255591055,0.023248136315228967,0.0025346112886048986,0.004579339723109691,0.012854100106496272,0.009818956336528222,0.01592119275825346,0.004611288604898829,0.010010649627263045,0.0017358892438764644,0.007859424920127795,0.013706070287539935,0.00698615548455804,0.008189563365282215,0.0043130990415335465,0.007050053248136315,0.0007028753993610224,0.008104366347177849,0.00041533546325878595,5.3248136315228964e-05,0.0,0.0,5.3248136315228964e-05,1.0649627263045793e-05,0.0,0.0,0.0,0.0,0.0,0.0,0.0,0.0,0.0,0.0,0.0,0.0,0.0,0.0,0.0,0.0,0.0,0.0,0.0,0.0,0.0,0.0,0.0,0.0,0.0,0.0,0.0,0.0,nan,nan,4.333667669675694,2.969982425657436,nan,0.9253229387756475,0.023565082215786168,0.0,0.0,0.0,0.0,0.0,0.0,0.0,0.0,0.0,0.0,0.0,0.0,0.0,0.0,0.0,0.0,0.0,0.0,0.0,0.0,0.0,0.0,0.0,0.0,0.0,0.12210012210012212,4.02930402930403,14.969474969474973,9.560439560439562,1.318681318681319,0.92563315954349,0.02365152906745,0.0,0.0,0.0,0.0,0.0,0.0,0.0,0.0,0.0,0.0,0.0,0.0,0.0,0.0,0.0,0.0,0.0,0.0,0.0,0.0,0.0,0.0,0.0,0.0,0.0,0.2278820375335121,3.8337801608579096,14.71849865951743,10.000000000000002,1.219839142091153,0.366,0.02187,0.0,0.0,0.0,0.0,0.0,0.0,0.0,0.0,0.048840048840048854,1.782661782661783,13.882783882783885,12.344322344322327,1.8559218559218562,0.0854700854700855,0.0,0.0,0.0,0.0,0.0,0.0,0.0,0.0,0.0,0.0,0.0,0.0,0.0,0.0,0.0,0.0,0.3657,0.02188,0.0,0.0,0.0,0.0,0.0,0.0,0.0,0.0,0.02680965147453084,1.9973190348525474,13.351206434316357,12.788203753351189,1.8096514745308314,0.02680965147453084,0.0,0.0,0.0,0.0,0.0,0.0,0.0,0.0,0.0,0.0,0.0,0.0,0.0,0.0,0.0,0.0
58500,5065,2601,0.5135241855873642,1223,1079,0.45449160908193487,1464,0.5780848963474827,0.39399999999999996,3.0239448051948052,3.0996430497582415,6.667642752562226,2.041858777965113,9309.782830493165,1417.953121615464,7853.0,10751.394537448883,10689.833924047629,17.447065216886095,7853.0,0.0,27.690227048371174,20.59338379955259,32.44701754385965,18.8893654878044,0.1366238894373149,0.09930898321816387,0.09792694965449161,0.09299111549851925,0.0769990128331688,0.07324777887462981,0.07305034550839092,0.06278381046396841,0.05982230997038499,0.0525172754195459,0.04777887462981244,0.040473840078973346,0.02882527147087858,0.025863770977295163,0.016386969397828233,0.008292201382033564,0.007107601184600198,0.9252457221780572,0.02303003443278519,0.0,0.0,0.0,0.0,0.0,0.0,0.0,0.0,0.0,0.0,0.0,0.0,0.0,0.0,0.0,0.0,0.0,0.0,0.0,0.0,0.0,0.0,0.0,0.0,0.0,0.15399802566633766,3.992102665350445,15.14511352418559,9.524185587364267,1.1846001974333664,4.368809597047062,2.8854260642364222,nan,nan,nan,4.304320987654321,2.875714592146697,4.431288343558283,2.8938059824558477,1.0294976504466395,0.365,0.02156,0.0,0.0,0.0,0.0,0.0,0.0,0.0,0.0,0.023692003948667332,2.1026653504442256,13.770977295162885,12.473840078973328,1.5992102665350447,0.02961500493583416,0.0,0.0,0.0,0.0,0.0,0.0,0.0,0.0,0.0,0.0,0.0,0.0,0.0,0.0,0.0,0.0,nan,nan,4.368809597047062,2.8854260642364222,nan,0.365,0.1155,0.0,0.0,0.0,0.0,0.0,0.0,0.0,0.0,0.0,0.0,0.0,0.0,0.0005133267522211254,0.003287265547877591,0.00029615004935834154,0.010641658440276407,0.007838104639684106,0.004175715695952616,0.00648568608094768,0.015261599210266536,0.008687068114511353,0.03720631786771964,0.020888450148075024,0.027541954590325764,0.019407699901283316,0.03580454096742349,0.007561697926949654,0.05,0.03796643632773939,0.03372161895360316,0.00788746298124383,0.043899308983218165,0.020098716683119446,0.024965449160908194,0.04564659427443238,0.03495557749259625,0.03740375123395854,0.06576505429417571,0.03039486673247779,0.020088845014807503,0.023455083909180652,0.008667324777887463,0.017374136229022705,0.020197433366238894,0.021135241855873642,0.028627838104639685,0.018479763079960514,0.027630799605133267,0.023761105626850937,0.009387956564659428,0.023079960513326753,0.002645607107601185,0.00508390918065153,0.013010858835143139,0.009970384995064165,0.015261599210266536,0.004669299111549852,0.010513326752221126,0.0018558736426456072,0.006890424481737414,0.014817374136229022,0.007314906219151036,0.008035538005923002,0.00420533070088845,0.006011846001974333,0.0005231984205330701,0.008637709772951628,0.0002566633761105627,0.0,9.87166831194472e-06,0.0,9.871668311944718e-05,0.0,0.0,0.0,0.0,0.0,0.0,0.0,0.0,0.0,0.0,0.0,0.0,0.0,0.0,0.0,0.0,0.0,0.0,0.0,0.0,0.0,0.0,0.0,0.0,0.0,0.0,0.0,0.0,0.0,nan,nan,4.368809597047062,2.8854260642364222,nan,0.9254068445352718,0.02294884519524647,0.0,0.0,0.0,0.0,0.0,0.0,0.0,0.0,0.0,0.0,0.0,0.0,0.0,0.0,0.0,0.0,0.0,0.0,0.0,0.0,0.0,0.0,0.0,0.0,0.0,0.1730103806228374,4.0369088811995395,14.832756632064592,9.792387543252598,1.1649365628604385,0.9250756413131566,0.023114209947621006,0.0,0.0,0.0,0.0,0.0,0.0,0.0,0.0,0.0,0.0,0.0,0.0,0.0,0.0,0.0,0.0,0.0,0.0,0.0,0.0,0.0,0.0,0.0,0.0,0.0,0.13392857142857145,3.9448051948051956,15.474837662337665,9.24107142857143,1.205357142857143,0.365,0.02174,0.0,0.0,0.0,0.0,0.0,0.0,0.0,0.0,0.0,2.2376009227220304,13.506343713956174,12.595155709342542,1.6378316032295275,0.023068050749711654,0.0,0.0,0.0,0.0,0.0,0.0,0.0,0.0,0.0,0.0,0.0,0.0,0.0,0.0,0.0,0.0,0.3652,0.02138,0.0,0.0,0.0,0.0,0.0,0.0,0.0,0.0,0.04870129870129871,1.9602272727272732,14.050324675324678,12.345779220779203,1.5584415584415587,0.03652597402597403,0.0,0.0,0.0,0.0,0.0,0.0,0.0,0.0,0.0,0.0,0.0,0.0,0.0,0.0,0.0,0.0
58600,4611,2394,0.5191932335718933,1159,903,0.4471914985903275,1296,0.5621340273259596,0.41,2.9950383400992333,3.049504749289785,6.353197674418604,2.173831203304366,9326.08277674966,1417.6354702564315,7853.0,10744.442499876022,10690.253418376222,17.225270857674705,7853.0,0.0,28.830839297332467,21.115015119852156,33.5515043345232,19.351746190017643,0.1320754716981132,0.09780958577315116,0.08978529603122967,0.08479722402949469,0.07764042507048363,0.0769898069833008,0.06918238993710692,0.06180871828236825,0.06202559097809586,0.05551941010626762,0.04532639340707005,0.04337453914552158,0.037518976360876165,0.024289741921492084,0.022337887659943614,0.013012361743656473,0.006506180871828237,0.9260775601106361,0.02295240149665718,0.0,0.0,0.0,0.0,0.0,0.0,0.0,0.0,0.0,0.0,0.0,0.0,0.0,0.0,0.0,0.0,0.0,0.0,0.0,0.0,0.0,0.0,0.0,0.0,0.0,0.13012361743656475,3.7215354586857523,14.873129472999352,10.123617436564738,1.151594014313598,4.158604804211912,2.8801640023805426,nan,nan,nan,4.201315789473684,2.9116821608032986,4.115283267457181,2.8484821823580813,0.9795224814492507,0.365,0.02089,0.0,0.0,0.0,0.0,0.0,0.0,0.0,0.0,0.006506180871828238,2.0104098893949254,13.877683799609633,12.719583604424184,1.3728041639557584,0.013012361743656477,0.0,0.0,0.0,0.0,0.0,0.0,0.0,0.0,0.0,0.0,0.0,0.0,0.0,0.0,0.0,0.0,nan,nan,4.158604804211912,2.8801640023805426,nan,0.365,0.1151,0.0,0.0,0.0,0.0,0.0,0.0,0.0,0.0,0.0,0.0,1.0843634786380394e-05,0.0,0.000520494469746259,0.0033723704185643025,0.00036868358273693344,0.010518325742788983,0.007200173498156582,0.003491650401214487,0.007221860767729343,0.01511602689221427,0.008317067881153762,0.036618954673606596,0.02257644762524398,0.025959661678594665,0.018824549989156364,0.03758403816959445,0.008403816959444806,0.047646931251355454,0.03906961613532856,0.033658642376924744,0.009856864020819778,0.04435046627629582,0.018499240945564953,0.024831923660811103,0.04646497505963999,0.03877683799609629,0.03653220559531555,0.06344610713511169,0.02890913034049013,0.020234222511385815,0.024029494686618955,0.009227933203209715,0.016688353936239426,0.018857080893515506,0.021101713294296248,0.03022121014964216,0.01920407720667968,0.026469312513554544,0.02413793103448276,0.009976144003469963,0.021513771416178704,0.002851875948818044,0.005725439167208848,0.013684667100412058,0.010832791151594015,0.014779874213836478,0.004098893949251789,0.009086965950986771,0.0023964432877900672,0.006376057254391672,0.015072652353068748,0.008880936890045543,0.00821947516807634,0.004163955757970072,0.005280850140967252,0.0006289308176100629,0.007905009759271308,0.00018434179136846672,2.168726957276079e-05,0.0,0.0,0.0,0.0,0.0,0.0,0.0,0.0,0.0,0.0,0.0,0.0,0.0,0.0,0.0,0.0,0.0,0.0,0.0,0.0,0.0,0.0,0.0,0.0,0.0,0.0,0.0,0.0,0.0,0.0,0.0,0.0,nan,nan,4.158604804211912,2.8801640023805426,nan,0.9261352514712733,0.022945595110483285,0.0,0.0,0.0,0.0,0.0,0.0,0.0,0.0,0.0,0.0,0.0,0.0,0.0,0.0,0.0,0.0,0.0,0.0,0.0,0.0,0.0,0.0,0.0,0.0,0.0,0.11278195488721807,3.7468671679198002,14.774436090225567,10.250626566416042,1.1152882205513786,0.9260152628091632,0.02295958623787989,0.0,0.0,0.0,0.0,0.0,0.0,0.0,0.0,0.0,0.0,0.0,0.0,0.0,0.0,0.0,0.0,0.0,0.0,0.0,0.0,0.0,0.0,0.0,0.0,0.0,0.14884979702300408,3.6941813261163743,14.979702300405958,9.986468200270638,1.1907983761840326,0.365,0.02103,0.0,0.0,0.0,0.0,0.0,0.0,0.0,0.0,0.012531328320802008,1.967418546365915,13.784461152882209,12.857142857142838,1.353383458646617,0.025062656641604016,0.0,0.0,0.0,0.0,0.0,0.0,0.0,0.0,0.0,0.0,0.0,0.0,0.0,0.0,0.0,0.0,0.3647,0.02074,0.0,0.0,0.0,0.0,0.0,0.0,0.0,0.0,0.0,2.056833558863329,13.978349120433021,12.571041948579143,1.393775372124493,0.0,0.0,0.0,0.0,0.0,0.0,0.0,0.0,0.0,0.0,0.0,0.0,0.0,0.0,0.0,0.0,0.0
58700,4532,2333,0.514783759929391,1090,883,0.4353486319505737,1257,0.5547219770520742,0.426,3.0200090950432013,3.1554481350623895,6.748776508972267,2.071050982844891,9314.025878762921,1418.5039512981296,7853.0,10755.034571409225,10691.13514040015,17.695286086446085,7853.0,0.0,27.804942630185348,20.962379455728744,32.76479873717443,19.25646110828518,0.1409973521624007,0.1061341571050309,0.09245366284201235,0.09002647837599294,0.07413945278022947,0.06751985878199471,0.07325684024713151,0.06244483671668138,0.05736981465136805,0.05339805825242718,0.0500882612533098,0.038393645189761696,0.03000882612533098,0.030670785525154457,0.01588702559576346,0.009708737864077669,0.007502206531332745,0.9267679233390046,0.02307905112106088,0.0,0.0,0.0,0.0,0.0,0.0,0.0,0.0,0.0,0.0,0.0,0.0,0.0,0.0,0.0,0.0,0.0,0.0,0.0,0.0,0.0,0.0,0.0,0.0,0.0,0.12577228596646076,3.726831421006179,14.616063548102387,10.240511915269199,1.2908208296557813,4.436040432206344,2.8981498779378607,nan,nan,nan,4.469204152249135,2.9248818726065644,4.402387640449438,2.870377559290929,0.9850495726926973,0.3657,0.02127,0.0,0.0,0.0,0.0,0.0,0.0,0.0,0.0,0.026478375992939104,1.8468667255075026,13.77537511032657,12.643424536628402,1.6747572815533984,0.033097969991173884,0.0,0.0,0.0,0.0,0.0,0.0,0.0,0.0,0.0,0.0,0.0,0.0,0.0,0.0,0.0,0.0,nan,nan,4.436040432206344,2.8981498779378607,nan,0.3657,0.11633,0.0,0.0,0.0,0.0,0.0,0.0,0.0,0.0,0.0,0.0,1.1032656663724624e-05,0.0,0.0007171226831421007,0.004468225948808473,0.0006619593998234775,0.01163945278022948,0.007480141218005295,0.0030670785525154457,0.006255516328331863,0.016206972639011472,0.008594439541041483,0.03671668137687555,0.02288172992056487,0.023080317740511915,0.016615180935569285,0.036893203883495145,0.009388790820829655,0.0485657546337158,0.03755516328331862,0.032965578111209176,0.010205207413945278,0.043932038834951455,0.017210944395410415,0.028111209179170343,0.04606134157105031,0.03798543689320388,0.036396734333627535,0.06299646954986761,0.029004854368932038,0.019715357458075906,0.023488526037069725,0.008484112974404236,0.016615180935569285,0.018027360988526038,0.022440423654015888,0.030119152691968226,0.019627096204766107,0.029302736098852603,0.02093998234774934,0.009201235657546337,0.020862753751103264,0.0035745807590467785,0.0066306266548985,0.012875110326566637,0.01114298323036187,0.015776699029126214,0.0031553398058252425,0.008616504854368932,0.0021734333627537513,0.007568402471315093,0.018634157105030892,0.00894748455428067,0.008528243601059134,0.003596646072374228,0.005328773168578994,0.0009488084730803177,0.007733892321270962,0.00023168578993821714,4.41306266548985e-05,0.0,0.0,0.0,0.0,0.0,0.0,0.0,0.0,0.0,0.0,0.0,0.0,0.0,0.0,0.0,0.0,0.0,0.0,0.0,0.0,0.0,0.0,0.0,0.0,0.0,0.0,0.0,0.0,0.0,0.0,0.0,0.0,nan,nan,4.436040432206344,2.8981498779378607,nan,0.9263350870851483,0.023232384210260963,0.0,0.0,0.0,0.0,0.0,0.0,0.0,0.0,0.0,0.0,0.0,0.0,0.0,0.0,0.0,0.0,0.0,0.0,0.0,0.0,0.0,0.0,0.0,0.0,0.0,0.14144877839691386,3.9862837548221184,14.543506215173599,10.017145306472354,1.3116159451350196,0.9272271352445283,0.022906312870682077,0.0,0.0,0.0,0.0,0.0,0.0,0.0,0.0,0.0,0.0,0.0,0.0,0.0,0.0,0.0,0.0,0.0,0.0,0.0,0.0,0.0,0.0,0.0,0.0,0.0,0.10914051841746251,3.451568894952252,14.69304229195089,10.4774897680764,1.2687585266030015,0.3662,0.02118,0.0,0.0,0.0,0.0,0.0,0.0,0.0,0.0,0.03857693956279469,1.7873981997428208,13.30904414916417,13.141877411058704,1.6845263609087016,0.03857693956279469,0.0,0.0,0.0,0.0,0.0,0.0,0.0,0.0,0.0,0.0,0.0,0.0,0.0,0.0,0.0,0.0,0.3652,0.02136,0.0,0.0,0.0,0.0,0.0,0.0,0.0,0.0,0.013642564802182814,1.909959072305594,14.270122783083224,12.114597544338318,1.6643929058663032,0.02728512960436563,0.0,0.0,0.0,0.0,0.0,0.0,0.0,0.0,0.0,0.0,0.0,0.0,0.0,0.0,0.0,0.0
58800,4545,2333,0.5133113311331133,1111,931,0.4492849284928493,1275,0.5610561056105611,0.434,3.02124773960217,3.1835075504538826,6.75,2.1461129172517395,9310.048520259154,1418.8175629216605,7853.0,10747.751168370247,10691.527871657889,17.70092583133588,7853.0,0.0,27.870847084708473,20.999278039026372,32.98629414865577,19.216378036543876,0.14323432343234324,0.09988998899889989,0.08866886688668867,0.09218921892189219,0.08052805280528053,0.07282728272827282,0.06644664466446645,0.06512651265126512,0.05786578657865787,0.053245324532453245,0.045104510451045104,0.039383938393839385,0.0297029702970297,0.02574257425742574,0.02024202420242024,0.013861386138613862,0.005940594059405941,0.9266032507186152,0.022875647561833665,0.0,0.0,0.0,0.0,0.0,0.0,0.0,0.0,0.0,0.0,0.0,0.0,0.0,0.0,0.0,0.0,0.0,0.0,0.0,0.0,0.0,0.0,0.0,0.0,0.0,0.15841584158415845,3.6567656765676575,14.561056105610565,10.396039603960398,1.227722772277228,4.319945541184479,2.9640029594561135,nan,nan,nan,4.2377104377104375,2.9758951023618803,4.4039917412250515,2.949431203449614,1.039238476993358,0.3665,0.02165,0.0,0.0,0.0,0.0,0.0,0.0,0.0,0.0,0.02640264026402641,1.9009900990099013,13.062706270627066,13.08910891089107,1.8943894389438949,0.02640264026402641,0.0,0.0,0.0,0.0,0.0,0.0,0.0,0.0,0.0,0.0,0.0,0.0,0.0,0.0,0.0,0.0,nan,nan,4.319945541184479,2.9640029594561135,nan,0.3665,0.11676,0.0,0.0,0.0,0.0,0.0,0.0,0.0,0.0,0.0,0.0,0.0,0.0,0.0006050605060506051,0.005093509350935094,0.0009130913091309131,0.013124312431243124,0.00801980198019802,0.0027502750275027505,0.006259625962596259,0.016611661166116613,0.0070407040704070405,0.037788778877887785,0.022475247524752474,0.021947194719471947,0.015533553355335534,0.03597359735973597,0.00900990099009901,0.04434543454345435,0.038635863586358635,0.031177117711771177,0.010825082508250825,0.04533553355335534,0.018250825082508252,0.02656765676567657,0.04493949394939494,0.03871287128712871,0.03631463146314631,0.06481848184818483,0.029273927392739273,0.01858085808580858,0.024851485148514853,0.009504950495049505,0.015148514851485148,0.0188998899889989,0.022684268426842683,0.030275027502750275,0.01986798679867987,0.030165016501650165,0.019427942794279427,0.010583058305830582,0.020814081408140814,0.0036193619361936193,0.0072937293729372936,0.012673267326732674,0.011199119911991198,0.015423542354235424,0.0032233223322332234,0.009284928492849285,0.002706270627062706,0.007711771177117712,0.018976897689768978,0.008415841584158416,0.00768976897689769,0.0034433443344334433,0.005676567656765677,0.000814081408140814,0.008228822882288229,0.00022002200220022002,0.00016501650165016502,8.800880088008801e-05,0.0,0.0,0.0,0.0,0.0,0.0,0.0,0.0,0.0,0.0,0.0,0.0,0.0,0.0,0.0,0.0,0.0,0.0,0.0,0.0,0.0,0.0,0.0,0.0,0.0,0.0,0.0,0.0,0.0,0.0,0.0,nan,nan,4.319945541184479,2.9640029594561135,nan,0.9268916636845915,0.02289546809088316,0.0,0.0,0.0,0.0,0.0,0.0,0.0,0.0,0.0,0.0,0.0,0.0,0.0,0.0,0.0,0.0,0.0,0.0,0.0,0.0,0.0,0.0,0.0,0.0,0.0,0.14144877839691386,3.613373339048436,14.273467638234036,10.78868409772825,1.1830261465923706,0.9262990610940116,0.022850780169330714,0.0,0.0,0.0,0.0,0.0,0.0,0.0,0.0,0.0,0.0,0.0,0.0,0.0,0.0,0.0,0.0,0.0,0.0,0.0,0.0,0.0,0.0,0.0,0.0,0.0,0.17631103074141055,3.702531645569621,14.864376130198918,9.981916817359856,1.2748643761301992,0.3665,0.02145,0.0,0.0,0.0,0.0,0.0,0.0,0.0,0.0,0.0,1.89027003857694,12.987569652807547,13.270467209601353,1.8516930990141454,0.0,0.0,0.0,0.0,0.0,0.0,0.0,0.0,0.0,0.0,0.0,0.0,0.0,0.0,0.0,0.0,0.0,0.3667,0.02187,0.0,0.0,0.0,0.0,0.0,0.0,0.0,0.0,0.05424954792043401,1.9122965641952987,13.141952983725139,12.897830018083164,1.9394213381555159,0.05424954792043401,0.0,0.0,0.0,0.0,0.0,0.0,0.0,0.0,0.0,0.0,0.0,0.0,0.0,0.0,0.0,0.0
58900,4961,2576,0.5192501511791977,1248,1036,0.4603910501914937,1373,0.5535174360008063,0.418,2.9241090146750524,3.101853353579036,6.636217948717949,2.238367892973188,9326.63473273746,1418.0081969203777,7853.0,10757.613113164902,10691.005399499436,17.730862101143583,7853.0,0.0,27.51159040516025,20.595545473682826,32.37260076775432,18.880205940227775,0.13989115097762547,0.09836726466438218,0.09534368070953436,0.09534368070953436,0.07659746018947793,0.0743801652892562,0.07397702076194315,0.06752670832493449,0.05785123966942149,0.05019149365047369,0.04233017536786938,0.03648457972183028,0.03587986293086071,0.022374521265873817,0.01592420882886515,0.01169119129207821,0.005845595646039105,0.9258456868741859,0.02302692216301517,0.0,0.0,0.0,0.0,0.0,0.0,0.0,0.0,0.0,0.0,0.0,0.0,0.0,0.0,0.0,0.0,0.0,0.0,0.0,0.0,0.0,0.0,0.0,0.0,0.0,0.14513202983269505,3.8520459584761144,15.03325942350333,9.862930860713567,1.1066317274742996,4.257205513784461,2.9502896014120674,nan,nan,nan,4.228260869565218,2.9270227523571855,4.28580208973571,2.972947276022011,1.013608720451633,0.3665,0.02203,0.0,0.0,0.0,0.0,0.0,0.0,0.0,0.0,0.04233017536786939,2.043942753477122,13.35819391251764,12.553920580528102,1.9653295706510787,0.03628300745817376,0.0,0.0,0.0,0.0,0.0,0.0,0.0,0.0,0.0,0.0,0.0,0.0,0.0,0.0,0.0,0.0,nan,nan,4.257205513784461,2.9502896014120674,nan,0.3665,0.1169,0.0,0.0,0.0,0.0,0.0,0.0,0.0,0.0,0.0,0.0,0.0,0.0,0.000695424309614997,0.005200564402338239,0.000937311026002822,0.012346301148961902,0.007609352953033662,0.0027413827857286836,0.006682120540213667,0.016256803063898408,0.006863535577504535,0.03631324329772223,0.023553719008264463,0.02118524491030034,0.01599475912114493,0.03638379359000202,0.008093126385809312,0.04485990727675872,0.03995162265672243,0.03077000604716791,0.010179399314654303,0.04729893166700262,0.01676073372303971,0.030084660350735738,0.047339246119733926,0.038580931263858094,0.03517436000806289,0.06475508969965733,0.029207821003829872,0.018937714170530136,0.02353356178189881,0.009201773835920177,0.01599475912114493,0.019199758113283612,0.021437210239870993,0.02843176778875227,0.019189679500100785,0.03112275750856682,0.020036283007458175,0.011378754283410602,0.01968353154605926,0.002570046361620641,0.008526506752670833,0.01240677282805886,0.00985688369280387,0.013888328965934288,0.0031646845394073773,0.009211852449103003,0.00280185446482564,0.008113283612174964,0.01826244708728079,0.007347309010280185,0.008062890546260835,0.004222938923604112,0.007427937915742794,0.0006248740173352146,0.008768393469058658,0.0003225156218504334,0.0003124370086676073,0.00014110058455956461,0.0,0.0,0.0,0.0,0.0,0.0,0.0,0.0,0.0,0.0,0.0,0.0,0.0,0.0,0.0,0.0,0.0,0.0,0.0,0.0,0.0,0.0,0.0,0.0,0.0,0.0,0.0,0.0,0.0,0.0,0.0,nan,nan,4.257205513784461,2.9502896014120674,nan,0.9260527560059328,0.023021732316831574,0.0,0.0,0.0,0.0,0.0,0.0,0.0,0.0,0.0,0.0,0.0,0.0,0.0,0.0,0.0,0.0,0.0,0.0,0.0,0.0,0.0,0.0,0.0,0.0,0.0,0.18633540372670812,3.6451863354037273,15.000000000000004,10.05046583850932,1.1180124223602486,0.9256220348476114,0.023030435014361503,0.0,0.0,0.0,0.0,0.0,0.0,0.0,0.0,0.0,0.0,0.0,0.0,0.0,0.0,0.0,0.0,0.0,0.0,0.0,0.0,0.0,0.0,0.0,0.0,0.0,0.10062893081761008,4.075471698113208,15.06918238993711,9.660377358490567,1.0943396226415096,0.3665,0.02199,0.0,0.0,0.0,0.0,0.0,0.0,0.0,0.0,0.03493788819875777,2.03804347826087,13.64906832298137,12.344720496894391,1.909937888198758,0.023291925465838515,0.0,0.0,0.0,0.0,0.0,0.0,0.0,0.0,0.0,0.0,0.0,0.0,0.0,0.0,0.0,0.0,0.3667,0.0221,0.0,0.0,0.0,0.0,0.0,0.0,0.0,0.0,0.05031446540880504,2.0503144654088055,13.044025157232708,12.77987421383646,2.025157232704403,0.05031446540880504,0.0,0.0,0.0,0.0,0.0,0.0,0.0,0.0,0.0,0.0,0.0,0.0,0.0,0.0,0.0,0.0
59000,4863,2485,0.5110014394406744,1165,1034,0.4521900061690315,1406,0.5782438823771334,0.38999999999999996,2.8473507148864594,2.930767466627378,6.165919282511211,2.099392381182303,9302.659062419485,1418.1605392504105,7853.0,10762.298855304718,10689.898197402801,17.44608005069908,7853.0,0.0,28.538556446637877,21.24785201935017,33.5404348888346,19.437487476031187,0.1408595517170471,0.09089039687435739,0.09274110631297552,0.08801151552539585,0.07916923709644252,0.07464528069093153,0.06600863664404688,0.06374665844129139,0.06066214271026116,0.052848036191651244,0.04709027349372815,0.040098704503392965,0.03578038247995065,0.025293028994447873,0.022002878881348963,0.01316060045239564,0.006991568990335184,0.9240986119810995,0.023040436589679966,0.0,0.0,0.0,0.0,0.0,0.0,0.0,0.0,0.0,0.0,0.0,0.0,0.0,0.0,0.0,0.0,0.0,0.0,0.0,0.0,0.0,0.0,0.0,0.0,0.0,0.12954966070326962,4.503392967304134,14.941394201110429,9.481801357186923,0.94386181369525,4.111389236545682,2.744567134974525,nan,nan,nan,4.079158936301793,2.766737187873383,4.144395186827106,2.7212807933122773,1.0159925738477003,0.366,0.02141,0.0,0.0,0.0,0.0,0.0,0.0,0.0,0.0,0.02467612584824183,1.8938926588525604,13.442319555829737,12.850092535471912,1.7581739666872305,0.03084515731030229,0.0,0.0,0.0,0.0,0.0,0.0,0.0,0.0,0.0,0.0,0.0,0.0,0.0,0.0,0.0,0.0,nan,nan,4.111389236545682,2.744567134974525,nan,0.366,0.1171,0.0,0.0,0.0,0.0,0.0,0.0,0.0,0.0,0.0,0.0,0.0,4.1126876413736376e-05,0.0008945095619987662,0.005017478922475838,0.0006271848653094797,0.01378778531770512,0.007351429158955377,0.00329015011309891,0.006405511001439441,0.017489204194941394,0.007371992597162246,0.03690108986222496,0.023010487353485504,0.01944273082459387,0.015381451778737405,0.037775035986016864,0.007906641990540818,0.045352662965247786,0.038936870244704914,0.03033107135513058,0.010836931935019535,0.04874563026938104,0.016224552745219,0.030115155253958463,0.04559942422373021,0.0392350400987045,0.03407361710878059,0.06197820275550072,0.029487970388648983,0.020933580094591817,0.023647953937898418,0.009130166563849476,0.017016245116183427,0.020501747892247582,0.020080197409006784,0.02898416615258071,0.0198437178696278,0.031698539995887315,0.01976146411680033,0.010764959901295496,0.018918363150318734,0.002292823360065803,0.007125231338679827,0.013777503598601686,0.009623689080814311,0.013016656384947563,0.004554801562821304,0.009047912811022003,0.0017993008431009664,0.007968332305161424,0.019545548015628213,0.007022414147645486,0.007053259304955789,0.003249023236685174,0.008770306395229282,0.0005140859551717047,0.009027349372815135,0.000329015011309891,0.00030845157310302283,8.225375282747275e-05,0.0,0.0,0.0,0.0,0.0,0.0,0.0,0.0,0.0,0.0,0.0,0.0,0.0,0.0,0.0,0.0,0.0,0.0,0.0,0.0,0.0,0.0,0.0,0.0,0.0,0.0,0.0,0.0,0.0,0.0,0.0,nan,nan,4.111389236545682,2.744567134974525,nan,0.924142116032376,0.023317254539123807,0.0,0.0,0.0,0.0,0.0,0.0,0.0,0.0,0.0,0.0,0.0,0.0,0.0,0.0,0.0,0.0,0.0,0.0,0.0,0.0,0.0,0.0,0.0,0.0,0.0,0.13279678068410464,4.563380281690142,14.764587525150908,9.525150905432596,1.0140845070422537,0.9240531504304595,0.022747474977426897,0.0,0.0,0.0,0.0,0.0,0.0,0.0,0.0,0.0,0.0,0.0,0.0,0.0,0.0,0.0,0.0,0.0,0.0,0.0,0.0,0.0,0.0,0.0,0.0,0.0,0.12615643397813292,4.440706476030278,15.126156433978135,9.436501261564342,0.8704793944491171,0.3662,0.02109,0.0,0.0,0.0,0.0,0.0,0.0,0.0,0.0,0.024144869215291756,1.690140845070423,13.448692152917507,13.158953722333985,1.6418511066398394,0.036217303822937634,0.0,0.0,0.0,0.0,0.0,0.0,0.0,0.0,0.0,0.0,0.0,0.0,0.0,0.0,0.0,0.0,0.366,0.02173,0.0,0.0,0.0,0.0,0.0,0.0,0.0,0.0,0.025231286795626584,2.1068124474348195,13.435660218671154,12.527333894028578,1.8797308662741803,0.025231286795626584,0.0,0.0,0.0,0.0,0.0,0.0,0.0,0.0,0.0,0.0,0.0,0.0,0.0,0.0,0.0,0.0
59100,4683,2405,0.5135596839632715,1176,944,0.4527012598761478,1302,0.5560538116591929,0.43,3.0320456540825287,3.1698107245579155,6.6600910470409715,2.1569172328167387,9310.020817123415,1418.083829587354,7853.0,10744.313751101494,10690.10124182493,17.41981386572227,7853.0,0.0,28.087123638693146,20.928645711273592,33.07909460834181,19.123457135466,0.14349775784753363,0.09075379030535981,0.09203502028614136,0.09310271193679265,0.08221225710014948,0.06918641896220372,0.06811872731155243,0.0676916506512919,0.05551996583386718,0.057014734144778985,0.04612427930813581,0.04163997437540039,0.03010890454836643,0.025411061285500747,0.019004911381592996,0.011317531496903694,0.007260303224428785,0.9248977819620329,0.023548371888801215,0.0,0.0,0.0,0.0,0.0,0.0,0.0,0.0,0.0,0.0,0.0,0.0,0.0,0.0,0.0,0.0,0.0,0.0,0.0,0.0,0.0,0.0,0.0,0.0,0.0,0.16655989750160158,4.112748238308777,14.900704676489433,9.641255605381167,1.1787315823190265,4.305874630784378,2.955579952113305,nan,nan,nan,4.31389252948886,2.9556181345460426,4.3,2.9552807329467563,0.9967795837763936,0.366,0.02168,0.0,0.0,0.0,0.0,0.0,0.0,0.0,0.0,0.03203074951953876,1.8770019218449716,13.45932094811019,12.716207559256867,1.8770019218449716,0.03843689942344652,0.0,0.0,0.0,0.0,0.0,0.0,0.0,0.0,0.0,0.0,0.0,0.0,0.0,0.0,0.0,0.0,nan,nan,4.305874630784378,2.955579952113305,nan,0.366,0.11725,0.0,0.0,0.0,0.0,0.0,0.0,0.0,0.0,0.0,0.0,0.0,5.3384582532564594e-05,0.0006406149903907751,0.004729874012385223,0.0006299380738842622,0.014275037369207773,0.008360025624599615,0.0030535981208626947,0.005167627589152253,0.018310911808669655,0.008434764040145206,0.0360345932094811,0.022400170830664104,0.020456972026478754,0.016335682254964765,0.035490070467648946,0.007196241725389707,0.04505658765748452,0.04091394405295751,0.02746102925475123,0.01262011531069827,0.05120649156523596,0.01672005124919923,0.031251334614563316,0.044981849241938925,0.03708093102711937,0.03456117873158232,0.062406576980568014,0.02911595131326073,0.02118300234892163,0.021994448003416614,0.00951313260730301,0.017424727738629082,0.020350202861413622,0.019517403373905617,0.027994875080076875,0.020830664104206705,0.031262011531069826,0.018919496049540893,0.010708947256032457,0.017787742899850523,0.003192398035447363,0.007794149049754431,0.013869314541960281,0.00833867179158659,0.013356822549647662,0.005114243006619688,0.010484732009395686,0.0014093529788597053,0.008103779628443306,0.02047832585949178,0.0066944266495836,0.007452487721546017,0.003544736280162289,0.007762118300234892,0.0003736920777279522,0.008317317958573564,0.0005658765748451847,0.0005979073243647235,0.00011744608157164211,0.0,0.0,0.0,0.0,0.0,0.0,0.0,0.0,0.0,0.0,0.0,0.0,0.0,0.0,0.0,0.0,0.0,0.0,0.0,0.0,0.0,0.0,0.0,0.0,0.0,0.0,0.0,0.0,0.0,0.0,0.0,nan,nan,4.305874630784378,2.955579952113305,nan,0.9251157234711359,0.023754571285059516,0.0,0.0,0.0,0.0,0.0,0.0,0.0,0.0,0.0,0.0,0.0,0.0,0.0,0.0,0.0,0.0,0.0,0.0,0.0,0.0,0.0,0.0,0.0,0.0,0.0,0.13721413721413725,4.116424116424117,15.155925155925159,9.255717255717258,1.3347193347193351,0.9246676900702887,0.02332648941713366,0.0,0.0,0.0,0.0,0.0,0.0,0.0,0.0,0.0,0.0,0.0,0.0,0.0,0.0,0.0,0.0,0.0,0.0,0.0,0.0,0.0,0.0,0.0,0.0,0.0,0.19754170324846362,4.108867427568043,14.631255487269538,10.048287971905182,1.0140474100087797,0.3657,0.02156,0.0,0.0,0.0,0.0,0.0,0.0,0.0,0.0,0.049896049896049906,1.9459459459459463,13.521829521829526,12.69854469854468,1.7463617463617467,0.03742203742203743,0.0,0.0,0.0,0.0,0.0,0.0,0.0,0.0,0.0,0.0,0.0,0.0,0.0,0.0,0.0,0.0,0.3665,0.02182,0.0,0.0,0.0,0.0,0.0,0.0,0.0,0.0,0.013169446883230908,1.8042142230026343,13.393327480245834,12.734855136084265,2.0149253731343286,0.03950834064969272,0.0,0.0,0.0,0.0,0.0,0.0,0.0,0.0,0.0,0.0,0.0,0.0,0.0,0.0,0.0,0.0
59200,4756,2473,0.5199747687132044,1144,951,0.44049621530698063,1294,0.5441547518923465,0.426,2.9864213753832676,3.1213294913439458,6.583987441130298,2.228950612958284,9328.520138989687,1417.7603842753756,7853.0,10746.794781923294,10690.676417725414,17.2923415482287,7853.0,0.0,28.231917577796466,20.960329358956447,32.94244604316547,19.29242416691519,0.13162321278385197,0.10008410428931876,0.09966358284272497,0.09104289318755257,0.07611438183347351,0.06959629941126998,0.07380151387720774,0.060555088309503784,0.057190916736753576,0.051934398654331373,0.04878048780487805,0.04015979814970563,0.04205214465937763,0.01934398654331371,0.01934398654331371,0.01030277544154752,0.008410428931875526,0.926068413347833,0.023333279539628125,0.0,0.0,0.0,0.0,0.0,0.0,0.0,0.0,0.0,0.0,0.0,0.0,0.0,0.0,0.0,0.0,0.0,0.0,0.0,0.0,0.0,0.0,0.0,0.0,0.0,0.18923465096719938,3.7279226240538277,14.520605550883099,10.36375105130362,1.1984861227922625,4.308500164095832,2.9221385907360657,nan,nan,nan,4.294964028776978,2.9315240695226605,4.322134387351778,2.9125909356146504,1.0063260968876,0.3655,0.02097,0.0,0.0,0.0,0.0,0.0,0.0,0.0,0.0,0.006307821698906646,1.8418839360807404,14.097981497056352,12.609335576114363,1.406644238856182,0.03784693019343987,0.0,0.0,0.0,0.0,0.0,0.0,0.0,0.0,0.0,0.0,0.0,0.0,0.0,0.0,0.0,0.0,nan,nan,4.308500164095832,2.9221385907360657,nan,0.3655,0.117,0.0,0.0,0.0,0.0,0.0,0.0,0.0,0.0,0.0,0.0,0.0,0.00010513036164844407,0.0004415475189234651,0.004163162321278386,0.0008095037846930194,0.014213624894869638,0.008967619848612279,0.002523128679562658,0.004520605550883095,0.01846089150546678,0.008031959629941127,0.03735281749369218,0.022466358284272497,0.022203532380151388,0.017640874684608916,0.03517661900756939,0.006770395290159798,0.044081160639192596,0.041925988225399495,0.027470563498738436,0.012026913372582002,0.05063078216989066,0.016463414634146342,0.0339255677039529,0.04564760302775442,0.03544995794785534,0.033505046257359124,0.06396131202691337,0.029930613961312028,0.02175147182506308,0.019648864592094195,0.010565601345668628,0.017094196804037006,0.019259882253994953,0.01862910008410429,0.029257779646761985,0.021646341463414633,0.030561396131202692,0.01776703111858705,0.009934819175777964,0.016873423044575273,0.0036795626576955425,0.007190916736753574,0.014402859545836838,0.008126576955424727,0.01473927670311186,0.004573170731707317,0.010965096719932716,0.0009461732548359966,0.00787426408746846,0.020973507148864593,0.007043734230445753,0.007306560134566863,0.002817493692178301,0.008126576955424727,0.0005046257359125315,0.007853238015138772,0.0003994953742640875,0.0004100084104289319,0.00018923465096719932,0.0,2.1026072329688813e-05,0.0,0.0,0.0,0.0,0.0,0.0,0.0,0.0,0.0,0.0,0.0,0.0,0.0,0.0,0.0,0.0,0.0,0.0,0.0,0.0,0.0,0.0,0.0,0.0,0.0,0.0,0.0,0.0,0.0,nan,nan,4.308500164095832,2.9221385907360657,nan,0.9264964737778388,0.0236264650537726,0.0,0.0,0.0,0.0,0.0,0.0,0.0,0.0,0.0,0.0,0.0,0.0,0.0,0.0,0.0,0.0,0.0,0.0,0.0,0.0,0.0,0.0,0.0,0.0,0.0,0.18196522442377683,3.6393044884755366,14.363121714516785,10.432672866963205,1.382935705620704,0.9256047280901,0.023002493541650876,0.0,0.0,0.0,0.0,0.0,0.0,0.0,0.0,0.0,0.0,0.0,0.0,0.0,0.0,0.0,0.0,0.0,0.0,0.0,0.0,0.0,0.0,0.0,0.0,0.0,0.19710906701708283,3.8239159001314067,14.691195795006573,10.289093298291723,0.9986859395532196,0.3652,0.02107,0.0,0.0,0.0,0.0,0.0,0.0,0.0,0.0,0.012131014961585123,1.8317832591993535,14.169025475131422,12.55560048524058,1.395066720582289,0.036393044884755366,0.0,0.0,0.0,0.0,0.0,0.0,0.0,0.0,0.0,0.0,0.0,0.0,0.0,0.0,0.0,0.0,0.3655,0.02086,0.0,0.0,0.0,0.0,0.0,0.0,0.0,0.0,0.0,1.8528252299605785,14.021024967148492,12.667542706964502,1.4191852825229965,0.039421813403416564,0.0,0.0,0.0,0.0,0.0,0.0,0.0,0.0,0.0,0.0,0.0,0.0,0.0,0.0,0.0,0.0
59300,4825,2506,0.519378238341969,1180,1020,0.45595854922279794,1363,0.5649740932642487,0.43,2.978870202673566,3.1381834215913993,6.768982229402262,2.244348299004588,9326.379412527529,1417.3989833258245,7853.0,10754.976850748062,10689.813912787442,17.74556913062113,7853.0,0.0,27.36082901554404,20.448914215111323,32.23344861660079,18.717939593154274,0.13989637305699482,0.10134715025906736,0.0955440414507772,0.08911917098445596,0.08601036269430051,0.07357512953367876,0.0661139896373057,0.0661139896373057,0.06590673575129534,0.04683937823834197,0.045181347150259066,0.037927461139896375,0.03191709844559586,0.024663212435233162,0.015751295336787565,0.00849740932642487,0.005595854922279792,0.9256752905944469,0.022971250578828362,0.0,0.0,0.0,0.0,0.0,0.0,0.0,0.0,0.0,0.0,0.0,0.0,0.0,0.0,0.0,0.0,0.0,0.0,0.0,0.0,0.0,0.0,0.0,0.0,0.0,0.1430051813471503,3.9544041450777208,14.692227979274614,10.116062176165805,1.0943005181347152,4.243225806451613,2.888498200144368,nan,nan,nan,4.229166666666667,2.8773115981464854,4.254785478547855,2.8984635517082507,1.0060576500999854,0.3647,0.02187,0.0,0.0,0.0,0.0,0.0,0.0,0.0,0.0,0.055958549222797936,2.2756476683937827,13.5979274611399,12.4103626943005,1.6476683937823837,0.012435233160621765,0.0,0.0,0.0,0.0,0.0,0.0,0.0,0.0,0.0,0.0,0.0,0.0,0.0,0.0,0.0,0.0,nan,nan,4.243225806451613,2.888498200144368,nan,0.3647,0.11694,0.0,0.0,0.0,0.0,0.0,0.0,0.0,0.0,0.0,0.0,1.0362694300518135e-05,0.00022797927461139898,0.0003523316062176166,0.00444559585492228,0.0006632124352331606,0.014134715025906736,0.009813471502590673,0.0031917098445595855,0.004497409326424871,0.01793782383419689,0.008186528497409326,0.03806217616580311,0.02249740932642487,0.02205181347150259,0.018310880829015545,0.03407253886010363,0.0075958549222797924,0.04483937823834197,0.03944041450777202,0.02733678756476684,0.013544041450777202,0.04918134715025907,0.018196891191709846,0.03339896373056995,0.04263212435233161,0.037129533678756474,0.03564766839378238,0.06426943005181347,0.02872538860103627,0.02099481865284974,0.021357512953367876,0.012124352331606218,0.014746113989637306,0.019015544041450776,0.018227979274611398,0.029968911917098447,0.021077720207253885,0.030818652849740932,0.015813471502590673,0.010766839378238342,0.017398963730569948,0.003740932642487047,0.007626943005181347,0.013751295336787565,0.0072124352331606216,0.015937823834196892,0.004227979274611399,0.01100518134715026,0.0014093264248704663,0.00766839378238342,0.02167875647668394,0.007875647668393783,0.006922279792746114,0.002300518134715026,0.007025906735751295,0.0004870466321243523,0.007378238341968912,0.0003316062176165803,0.000538860103626943,0.00012435233160621763,0.0,5.1813471502590674e-05,0.0,0.0,0.0,0.0,0.0,0.0,0.0,0.0,0.0,0.0,0.0,0.0,0.0,0.0,0.0,0.0,0.0,0.0,0.0,0.0,0.0,0.0,0.0,0.0,0.0,0.0,0.0,0.0,0.0,nan,nan,4.243225806451613,2.888498200144368,nan,0.9256530374122065,0.02291549325717086,0.0,0.0,0.0,0.0,0.0,0.0,0.0,0.0,0.0,0.0,0.0,0.0,0.0,0.0,0.0,0.0,0.0,0.0,0.0,0.0,0.0,0.0,0.0,0.0,0.0,0.1197126895450918,4.08220271348763,14.581005586592182,10.223463687150842,0.9936153232242619,0.9256993382333836,0.023031328148524304,0.0,0.0,0.0,0.0,0.0,0.0,0.0,0.0,0.0,0.0,0.0,0.0,0.0,0.0,0.0,0.0,0.0,0.0,0.0,0.0,0.0,0.0,0.0,0.0,0.0,0.16817593790426913,3.8163001293661067,14.812419146183704,10.000000000000002,1.2031047865459252,0.3645,0.02197,0.0,0.0,0.0,0.0,0.0,0.0,0.0,0.0,0.08379888268156427,2.262569832402235,13.611332801276939,12.390263367916981,1.6280925778132487,0.02394253790901836,0.0,0.0,0.0,0.0,0.0,0.0,0.0,0.0,0.0,0.0,0.0,0.0,0.0,0.0,0.0,0.0,0.3647,0.02174,0.0,0.0,0.0,0.0,0.0,0.0,0.0,0.0,0.025873221216041402,2.289780077619664,13.583441138421737,12.432082794307874,1.6688227684346706,0.0,0.0,0.0,0.0,0.0,0.0,0.0,0.0,0.0,0.0,0.0,0.0,0.0,0.0,0.0,0.0,0.0
59400,4705,2455,0.5217853347502657,1157,910,0.4393198724760893,1335,0.5674814027630181,0.39399999999999996,2.8933333333333335,2.992910140834688,6.263079222720478,2.070397106974843,9333.085463766743,1417.0019847279939,7853.0,10746.209881424904,10689.579269662943,17.93613539173534,7853.0,0.0,28.780233793836345,21.015225297698677,33.63501632755589,19.1888555553536,0.13262486716259297,0.09585547290116897,0.0926673751328374,0.08416578108395324,0.08012752391073326,0.07523910733262487,0.06652497343251859,0.057810839532412325,0.0567481402763018,0.0567481402763018,0.055047821466524975,0.04442082890541977,0.03825717321997875,0.031030818278427207,0.01934112646121148,0.00871413390010627,0.004675876726886291,0.9257966771009245,0.023195021577280487,0.0,0.0,0.0,0.0,0.0,0.0,0.0,0.0,0.0,0.0,0.0,0.0,0.0,0.0,0.0,0.0,0.0,0.0,0.0,0.0,0.0,0.0,0.0,0.0,0.0,0.17215727948990442,3.551540913921361,15.207226354941554,9.857598299681191,1.211477151965994,4.073990306946688,2.776083887622576,nan,nan,nan,4.165695792880259,2.7331812109798896,3.9838605551969013,2.8156847095148434,0.9563493719358628,0.3647,0.02185,0.0,0.0,0.0,0.0,0.0,0.0,0.0,0.0,0.025504782146652503,1.982996811902232,14.142401700318812,12.140276301806571,1.6833156216790652,0.025504782146652503,0.0,0.0,0.0,0.0,0.0,0.0,0.0,0.0,0.0,0.0,0.0,0.0,0.0,0.0,0.0,0.0,nan,nan,4.073990306946688,2.776083887622576,nan,0.3647,0.1169,0.0,0.0,0.0,0.0,0.0,0.0,0.0,0.0,0.0,0.0,0.0,0.0001700318809776833,0.00037194473963868225,0.004133900106269925,0.00039319872476089267,0.015207226354941551,0.008809776833156216,0.003698193411264612,0.005132837407013815,0.01569606801275239,0.007757704569606802,0.039256110520722635,0.02297555791710946,0.021742826780021252,0.017396386822529225,0.033698193411264614,0.00922422954303932,0.04295430393198725,0.041604675876726886,0.026418703506907545,0.013804463336875664,0.048374070138150906,0.019287991498405953,0.034729011689691815,0.044463336875664186,0.0363336875664187,0.03691817215727949,0.06370882040382572,0.02833156216790648,0.019946865037194474,0.019500531349628054,0.011349628055260361,0.01538788522848034,0.019840595111583422,0.01738575982996812,0.03125398512221041,0.019989373007438895,0.031073326248671627,0.016068012752391073,0.011721572794899044,0.017321997874601487,0.004038257173219979,0.006981934112646121,0.012242295430393199,0.007683315621679065,0.01596174282678002,0.005536663124335813,0.009808714133900106,0.0015302869287991498,0.007502656748140276,0.021477151965993625,0.008342189160467587,0.006397449521785335,0.0025929861849096707,0.0066950053134962806,0.0005207226354941552,0.008352816153028693,0.00020191285866099894,0.0004357066950053135,0.00011689691817215728,0.0,0.0001487778958554729,0.0,0.0,0.0,0.0,0.0,0.0,0.0,0.0,0.0,0.0,0.0,0.0,0.0,0.0,0.0,0.0,0.0,0.0,0.0,0.0,0.0,0.0,0.0,0.0,0.0,0.0,0.0,0.0,0.0,nan,nan,4.073990306946688,2.776083887622576,nan,0.9254004833411782,0.023130642829789126,0.0,0.0,0.0,0.0,0.0,0.0,0.0,0.0,0.0,0.0,0.0,0.0,0.0,0.0,0.0,0.0,0.0,0.0,0.0,0.0,0.0,0.0,0.0,0.0,0.0,0.19551934826883915,3.5071283095723023,15.665987780040735,9.421588594704685,1.209775967413442,0.9262289685143364,0.023257364336970312,0.0,0.0,0.0,0.0,0.0,0.0,0.0,0.0,0.0,0.0,0.0,0.0,0.0,0.0,0.0,0.0,0.0,0.0,0.0,0.0,0.0,0.0,0.0,0.0,0.0,0.1466666666666667,3.600000000000001,14.70666666666667,10.333333333333336,1.2133333333333336,0.3645,0.02182,0.0,0.0,0.0,0.0,0.0,0.0,0.0,0.0,0.024439918533604894,1.9918533604887987,14.407331975560085,11.93890020366597,1.613034623217923,0.024439918533604894,0.0,0.0,0.0,0.0,0.0,0.0,0.0,0.0,0.0,0.0,0.0,0.0,0.0,0.0,0.0,0.0,0.3652,0.02187,0.0,0.0,0.0,0.0,0.0,0.0,0.0,0.0,0.026666666666666672,1.9733333333333338,13.853333333333337,12.359999999999982,1.7600000000000005,0.026666666666666672,0.0,0.0,0.0,0.0,0.0,0.0,0.0,0.0,0.0,0.0,0.0,0.0,0.0,0.0,0.0,0.0
59500,4447,2354,0.5293456262648977,1128,887,0.45311445918596804,1240,0.55767933438273,0.422,3.051122790253225,3.098905518722984,6.555737704918033,2.1503354362932168,9355.013720358895,1416.3595436126875,7853.0,10755.73488020897,10690.491509955822,17.835820469383243,7853.0,0.0,28.391050146165956,20.821216129357655,33.2,19.037460272237507,0.13199910051720262,0.10006746120980436,0.08522599505284462,0.08814931414436698,0.08320215875871374,0.07937935686979987,0.07150888239262423,0.06453789071284012,0.05891612322914324,0.04924668315718462,0.04654823476501012,0.04340004497413987,0.03800314818979087,0.022936811333483246,0.0188891387452215,0.011468405666741623,0.006521250281088374,0.9258980465144395,0.023589633153789733,0.0,0.0,0.0,0.0,0.0,0.0,0.0,0.0,0.0,0.0,0.0,0.0,0.0,0.0,0.0,0.0,0.0,0.0,0.0,0.0,0.0,0.0,0.0,0.0,0.0,0.17539914549134253,3.8587812008095352,14.59185968068361,10.11243534967394,1.2615246233415789,4.173644474948524,2.8707059422056758,nan,nan,nan,4.107556160653505,2.849409207108608,4.2430747922437675,2.8903891690259877,1.0329925206838075,0.3652,0.02165,0.0,0.0,0.0,0.0,0.0,0.0,0.0,0.0,0.013492241960872502,1.990105689228694,13.937485945581294,12.284686305374391,1.7404992129525527,0.03373060490218125,0.0,0.0,0.0,0.0,0.0,0.0,0.0,0.0,0.0,0.0,0.0,0.0,0.0,0.0,0.0,0.0,nan,nan,4.173644474948524,2.8707059422056758,nan,0.3652,0.11725,0.0,0.0,0.0,0.0,0.0,0.0,0.0,0.0,0.0,0.0,0.0,0.00010119181470654374,0.0004384978637283562,0.004519901056892287,0.00040476725882617495,0.014931414436698898,0.010231616820328311,0.0032044074657072183,0.005351922644479424,0.01541488644029683,0.00821902406116483,0.03748594558129076,0.022723184169102767,0.02072183494490668,0.016235664492916572,0.03469754890937711,0.010051720260850012,0.04343377557904205,0.04287159883067236,0.028142568023386553,0.01373959973015516,0.04559253429278165,0.019125252979536767,0.032741173825050596,0.04600854508657522,0.035203507982909825,0.03721610074207331,0.06158084101641556,0.0291319991005172,0.019934787497189115,0.02069934787497189,0.011659545761187317,0.01586462783899258,0.020328311221047897,0.018012143017764784,0.031088374184843715,0.017281313244884192,0.03260625140544187,0.015651000674612097,0.012041825950078704,0.017798515853384305,0.004362491567348774,0.006487519676186193,0.011580841016415561,0.008432651225545311,0.015459860580166405,0.006824825725208005,0.010040476725882617,0.0018214526647177872,0.006622442095794918,0.021351472903080728,0.008072858106588712,0.007510681358219024,0.0022149763885765685,0.006195187767033956,0.0006183944232066562,0.008635034854958399,0.0005284461434675062,0.0006746120980436249,0.0,0.0,7.870474477175624e-05,0.0,0.0,0.0,0.0,0.0,0.0,0.0,0.0,0.0,0.0,0.0,0.0,0.0,0.0,0.0,0.0,0.0,0.0,0.0,0.0,0.0,0.0,0.0,0.0,0.0,0.0,0.0,0.0,0.0,nan,nan,4.173644474948524,2.8707059422056758,nan,0.925790607372177,0.023535611983470338,0.0,0.0,0.0,0.0,0.0,0.0,0.0,0.0,0.0,0.0,0.0,0.0,0.0,0.0,0.0,0.0,0.0,0.0,0.0,0.0,0.0,0.0,0.0,0.0,0.0,0.19116397621070524,3.874256584536959,14.64316057774002,10.157179269328804,1.1342395921835176,0.9260188834666067,0.02364966022900916,0.0,0.0,0.0,0.0,0.0,0.0,0.0,0.0,0.0,0.0,0.0,0.0,0.0,0.0,0.0,0.0,0.0,0.0,0.0,0.0,0.0,0.0,0.0,0.0,0.0,0.15766841853798377,3.8413760152890597,14.534161490683234,10.062111801242239,1.4046822742474918,0.3657,0.02194,0.0,0.0,0.0,0.0,0.0,0.0,0.0,0.0,0.012744265080713682,1.962616822429907,13.67459643160578,12.463891248937959,1.83517417162277,0.05097706032285473,0.0,0.0,0.0,0.0,0.0,0.0,0.0,0.0,0.0,0.0,0.0,0.0,0.0,0.0,0.0,0.0,0.3647,0.02133,0.0,0.0,0.0,0.0,0.0,0.0,0.0,0.0,0.014333492594362163,2.021022455805065,14.233158146201628,12.083134257047282,1.6340181557572866,0.014333492594362163,0.0,0.0,0.0,0.0,0.0,0.0,0.0,0.0,0.0,0.0,0.0,0.0,0.0,0.0,0.0,0.0
59600,4586,2342,0.5106846925425207,1080,921,0.4363279546445704,1270,0.5538595726122983,0.438,3.1011586452762923,3.2757982649293873,7.027113237639553,2.1567516018368273,9302.244568594979,1418.6575003366797,7853.0,10752.631271958351,10690.84611083543,18.02165649381062,7853.0,0.0,27.31639773222852,20.71685166872102,32.41981132075472,18.974629027069916,0.1456607064980375,0.10379415612734409,0.10117749672917575,0.07740950719581334,0.08351504579153947,0.07130396860008723,0.07152202354993459,0.06214566070649804,0.05974705625817706,0.05167902311382468,0.04600959441779329,0.037723506323593545,0.030745747928477975,0.024640209332751854,0.015481901439162669,0.01155691234191016,0.005887483645878762,0.9274647853621946,0.023200592556264475,0.0,0.0,0.0,0.0,0.0,0.0,0.0,0.0,0.0,0.0,0.0,0.0,0.0,0.0,0.0,0.0,0.0,0.0,0.0,0.0,0.0,0.0,0.0,0.0,0.0,0.14391626689925863,3.5390318360226787,14.332751853467077,10.675970344526823,1.3083296990841695,4.5088326983027365,2.99031601573889,nan,nan,nan,4.409059711736445,2.967242851285897,4.6104895104895105,3.010243892419352,1.0456854322514346,0.3652,0.02213,0.0,0.0,0.0,0.0,0.0,0.0,0.0,0.0,0.02616659398168339,2.2045355429568256,13.789795028347147,12.036633231574339,1.9167030091583084,0.02616659398168339,0.0,0.0,0.0,0.0,0.0,0.0,0.0,0.0,0.0,0.0,0.0,0.0,0.0,0.0,0.0,0.0,nan,nan,4.5088326983027365,2.99031601573889,nan,0.3652,0.11755,0.0,0.0,0.0,0.0,0.0,0.0,0.0,0.0,0.0,0.0,2.1805494984736154e-05,0.0001962494548626254,0.0005996511120802443,0.0048844308765808985,0.0006105538595726123,0.013901003052769298,0.01037941561273441,0.0032708242477104232,0.005876580898386393,0.01565634539904056,0.009539904055822068,0.03737461840383777,0.0206279982555604,0.021293065852594852,0.014773222852158744,0.035335804622764935,0.01059747056258177,0.044025294374182296,0.0422481465329263,0.027627562145660707,0.014064544265154818,0.04537723506323593,0.017880505887483647,0.031639773222852156,0.04686000872219799,0.0368512865242041,0.03690580026166594,0.06286524204099433,0.02590492804186655,0.02221979938944614,0.021500218054949848,0.011066288704753598,0.016310510248582644,0.02301569995638901,0.017662450937636284,0.029699084169210643,0.0170082860880942,0.029840819886611428,0.01638682948102922,0.01162232882686437,0.017106410815525514,0.0045246402093327516,0.006214566070649804,0.012854339293501962,0.009136502398604448,0.014042738770170083,0.006737897950283471,0.010848233754906237,0.002965547317924117,0.005680331443523768,0.021674662014827737,0.007413868294810292,0.008122546881814217,0.001831661578717837,0.005418665503706934,0.0009594417793283908,0.009877889228085478,0.0004034016572176188,0.0006432621020497166,1.0902747492368077e-05,0.0,1.0902747492368077e-05,0.0,0.0,0.0,0.0,0.0,0.0,0.0,0.0,0.0,0.0,0.0,0.0,0.0,0.0,0.0,0.0,0.0,0.0,0.0,0.0,0.0,0.0,0.0,0.0,0.0,0.0,0.0,0.0,0.0,nan,nan,4.5088326983027365,2.99031601573889,nan,0.9274251076729251,0.023240548331857343,0.0,0.0,0.0,0.0,0.0,0.0,0.0,0.0,0.0,0.0,0.0,0.0,0.0,0.0,0.0,0.0,0.0,0.0,0.0,0.0,0.0,0.0,0.0,0.0,0.0,0.16652433817250217,3.5738684884713927,14.29547395388557,10.670367207514948,1.2937660119555936,0.9275061958560756,0.02315874581718042,0.0,0.0,0.0,0.0,0.0,0.0,0.0,0.0,0.0,0.0,0.0,0.0,0.0,0.0,0.0,0.0,0.0,0.0,0.0,0.0,0.0,0.0,0.0,0.0,0.0,0.12032085561497328,3.5026737967914445,14.371657754010698,10.681818181818183,1.323529411764706,0.3647,0.0222,0.0,0.0,0.0,0.0,0.0,0.0,0.0,0.0,0.05123825789923144,2.3185311699402225,13.731853116994026,12.0922288642186,1.7933390264731004,0.01280956447480786,0.0,0.0,0.0,0.0,0.0,0.0,0.0,0.0,0.0,0.0,0.0,0.0,0.0,0.0,0.0,0.0,0.366,0.02203,0.0,0.0,0.0,0.0,0.0,0.0,0.0,0.0,0.0,2.0855614973262036,13.850267379679147,11.978609625668431,2.045454545454546,0.04010695187165776,0.0,0.0,0.0,0.0,0.0,0.0,0.0,0.0,0.0,0.0,0.0,0.0,0.0,0.0,0.0,0.0
59700,4955,2513,0.5071644803229062,1192,1020,0.4464177598385469,1430,0.5771947527749748,0.41,2.9565929565929565,3.130874419845271,6.602026049204052,2.2594253984176236,9292.527724777388,1419.100682196163,7853.0,10756.005850315094,10691.384351879015,17.41695500535039,7853.0,0.0,27.6284561049445,20.728561379157163,32.70882708585248,18.929062687381577,0.1457114026236125,0.09828456104944501,0.09303733602421796,0.08698284561049445,0.07830474268415742,0.07648839556004036,0.07003027245206862,0.06498486377396569,0.05852674066599395,0.04742684157416751,0.04984863773965691,0.03854692230070636,0.03390514631685167,0.027245206861755803,0.015539858728557013,0.009687184661957619,0.00544904137235116,0.9269721140414026,0.023339204619049248,0.0,0.0,0.0,0.0,0.0,0.0,0.0,0.0,0.0,0.0,0.0,0.0,0.0,0.0,0.0,0.0,0.0,0.0,0.0,0.0,0.0,0.0,0.0,0.0,0.0,0.19374369323915241,3.37840565085772,14.579212916246219,10.540867810292637,1.3077699293642788,4.349355953502984,2.9198915978239035,nan,nan,nan,4.395793499043977,2.920140850332926,4.300681959082455,2.9163975401901507,0.9783630555024463,0.3657,0.02185,0.0,0.0,0.0,0.0,0.0,0.0,0.0,0.0,0.006054490413723513,1.9556004036326946,13.610494450050457,12.63572149344095,1.7497477295660953,0.042381432896064594,0.0,0.0,0.0,0.0,0.0,0.0,0.0,0.0,0.0,0.0,0.0,0.0,0.0,0.0,0.0,0.0,nan,nan,4.349355953502984,2.9198915978239035,nan,0.3657,0.11786,0.0,0.0,0.0,0.0,0.0,0.0,0.0,0.0,0.0,0.0,0.0,0.0005247225025227044,0.0007769929364278506,0.0056407669021190715,0.0004036326942482341,0.013693239152371342,0.009778002018163472,0.0025227043390514633,0.006054490413723511,0.015095862764883956,0.010010090817356206,0.03756811301715439,0.02080726538849647,0.021099899091826437,0.01450050454086781,0.03702320887991927,0.01117053481331988,0.042260343087790114,0.04134207870837538,0.027315842583249244,0.012926337033299698,0.043400605449041375,0.018425832492431887,0.03457114026236125,0.04751765893037336,0.036680121089808275,0.03746720484359233,0.061089808274470234,0.025923309788092836,0.022149344096871845,0.020938446014127143,0.011130171543895055,0.01591321897073663,0.022694248234106963,0.018092835519677095,0.030655903128153382,0.018143289606458123,0.02903128153380424,0.018476286579212915,0.011331987891019173,0.016195761856710393,0.003975782038345106,0.006508577194752775,0.012341069626639757,0.009667003027245206,0.013037336024217961,0.006639757820383451,0.010887991927346114,0.0028254288597376388,0.006125126135216953,0.022320887991927347,0.007507568113017155,0.007527749747729566,0.0022300706357214935,0.005963673057517659,0.0011503531786074672,0.009858728557013119,0.000343087790110999,0.0007164480322906156,3.0272452068617557e-05,0.0,0.0,0.0,0.0,0.0,0.0,0.0,0.0,0.0,0.0,0.0,0.0,0.0,0.0,0.0,0.0,0.0,0.0,0.0,0.0,0.0,0.0,0.0,0.0,0.0,0.0,0.0,0.0,0.0,0.0,0.0,nan,nan,4.349355953502984,2.9198915978239035,nan,0.9274096930591509,0.023120400700799005,0.0,0.0,0.0,0.0,0.0,0.0,0.0,0.0,0.0,0.0,0.0,0.0,0.0,0.0,0.0,0.0,0.0,0.0,0.0,0.0,0.0,0.0,0.0,0.0,0.0,0.21488261042578596,3.1038599283724637,14.63589335455631,10.744130521289298,1.3012335853561483,0.9265218126197803,0.023553763192015027,0.0,0.0,0.0,0.0,0.0,0.0,0.0,0.0,0.0,0.0,0.0,0.0,0.0,0.0,0.0,0.0,0.0,0.0,0.0,0.0,0.0,0.0,0.0,0.0,0.0,0.17199017199017202,3.6609336609336616,14.520884520884524,10.331695331695334,1.3144963144963149,0.3657,0.02179,0.0,0.0,0.0,0.0,0.0,0.0,0.0,0.0,0.011937922801432554,1.9339434938320736,13.430163151611623,12.869080779944271,1.7190608834062877,0.03581376840429766,0.0,0.0,0.0,0.0,0.0,0.0,0.0,0.0,0.0,0.0,0.0,0.0,0.0,0.0,0.0,0.0,0.3657,0.02191,0.0,0.0,0.0,0.0,0.0,0.0,0.0,0.0,0.0,1.9778869778869783,13.796068796068798,12.395577395577378,1.7813267813267817,0.04914004914004915,0.0,0.0,0.0,0.0,0.0,0.0,0.0,0.0,0.0,0.0,0.0,0.0,0.0,0.0,0.0,0.0
59800,4861,2407,0.4951656037852294,1144,1065,0.4544332441884386,1400,0.5760131660152232,0.38999999999999996,2.839445802770986,2.9765958610885175,6.256699576868829,2.067029333068519,9257.575397974693,1418.2721053579362,7853.0,10745.274034023285,10689.577070857908,16.901254567450465,7853.0,0.0,28.046081053281217,20.832358943460044,32.96648727984344,19.058030193657547,0.13927175478296647,0.09298498251388602,0.0923678255502983,0.09339642048961119,0.0872248508537338,0.0720016457519029,0.06336144826167456,0.06521291915243776,0.05924706850442296,0.054721250771446205,0.0446410203661798,0.039909483645340464,0.033943632997325654,0.028389220325036,0.013783172186792841,0.011931701296029624,0.00761160255091545,0.9249406470557933,0.022894539842042556,0.0,0.0,0.0,0.0,0.0,0.0,0.0,0.0,0.0,0.0,0.0,0.0,0.0,0.0,0.0,0.0,0.0,0.0,0.0,0.0,0.0,0.0,0.0,0.0,0.006171569635877393,0.12960296235342525,3.9683192758691637,15.231433861345405,9.44250154289241,1.2219707879037236,4.167924528301887,2.825998365463013,nan,nan,nan,4.2043478260869565,2.8598494471533766,4.131931166347992,2.7907351782796272,0.9827757686246517,0.3655,0.02083,0.0,0.0,0.0,0.0,0.0,0.0,0.0,0.0,0.006171569635877393,1.8329561818555857,13.787286566550096,12.935609956798995,1.4071178769800456,0.030857848179386964,0.0,0.0,0.0,0.0,0.0,0.0,0.0,0.0,0.0,0.0,0.0,0.0,0.0,0.0,0.0,0.0,nan,nan,4.167924528301887,2.825998365463013,nan,0.3655,0.11804,0.0,0.0,0.0,0.0,0.0,0.0,0.0,0.0,0.0,0.0,0.0,0.0006171569635877391,0.001512034560789961,0.0052046903929232665,0.0002880065830076116,0.012497428512651718,0.010224233696770212,0.0032606459576218884,0.006428718370705616,0.015583213330590413,0.01014194610162518,0.03833573338819173,0.01968730713844888,0.021929644106151,0.013217444970170748,0.037883151614894056,0.011119111293972434,0.04367414112322567,0.04115408352190907,0.029572104505245833,0.012764863196873071,0.041514091750668586,0.01652952067475828,0.03519851882328739,0.04760337379140095,0.03549681135568813,0.03653569224439416,0.0627751491462662,0.024603990948364535,0.02109648220530755,0.022968524994857024,0.011293972433655626,0.014935198518823287,0.02269080436124254,0.01734211067681547,0.03103270931907015,0.01908043612425427,0.02617774120551327,0.017074675992594116,0.012734005348693685,0.016879242954124667,0.004813824315984365,0.007467599259411643,0.012209421929644106,0.011088253445793046,0.012919152437770006,0.005945278749228554,0.011067681547006788,0.0028080641843242133,0.0070870191318658715,0.022083933347047932,0.008208187615716931,0.006531577864636906,0.0023863402592059248,0.004803538366591236,0.0011108825344579305,0.009576218885003086,0.0003497222793663855,0.0008845916478090928,0.0,0.0,0.0,0.0,0.0,0.0,0.0,0.0,0.0,0.0,0.0,0.0,0.0,0.0,0.0,0.0,0.0,0.0,0.0,0.0,0.0,0.0,0.0,0.0,0.0,0.0,0.0,0.0,0.0,0.0,0.0,0.0,nan,nan,4.167924528301887,2.825998365463013,nan,0.9248805627765426,0.022733247565884428,0.0,0.0,0.0,0.0,0.0,0.0,0.0,0.0,0.0,0.0,0.0,0.0,0.0,0.0,0.0,0.0,0.0,0.0,0.0,0.0,0.0,0.0,0.0,0.0,0.0,0.08724553385957626,4.075612796011633,15.25550477773162,9.397590361445785,1.184046530951392,0.9249995805766394,0.023051494522886684,0.0,0.0,0.0,0.0,0.0,0.0,0.0,0.0,0.0,0.0,0.0,0.0,0.0,0.0,0.0,0.0,0.0,0.0,0.0,0.0,0.0,0.0,0.0,0.0,0.012224938875305626,0.17114914425427877,3.8630806845965777,15.207823960880198,9.486552567237165,1.2591687041564796,0.365,0.0207,0.0,0.0,0.0,0.0,0.0,0.0,0.0,0.0,0.0,1.882010801828002,13.896967179061075,12.962193601994166,1.2339011217282927,0.02492729538845036,0.0,0.0,0.0,0.0,0.0,0.0,0.0,0.0,0.0,0.0,0.0,0.0,0.0,0.0,0.0,0.0,0.3657,0.02095,0.0,0.0,0.0,0.0,0.0,0.0,0.0,0.0,0.012224938875305626,1.7848410757946214,13.679706601466995,12.90953545232272,1.5770171149144259,0.03667481662591687,0.0,0.0,0.0,0.0,0.0,0.0,0.0,0.0,0.0,0.0,0.0,0.0,0.0,0.0,0.0,0.0
59900,4708,2416,0.5131690739167375,1174,947,0.45050977060322855,1290,0.5480033984706882,0.418,2.8712914485165792,3.0431044542695678,6.4234375,2.178821512559886,9309.14637097534,1418.3420384503715,7853.0,10750.276645421982,10690.55675271188,17.570334642556464,7853.0,0.0,28.217077315208158,20.99627827897992,33.06545820745217,19.276340062886835,0.13636363636363635,0.09685641461342395,0.09409515717926933,0.09218351741716228,0.08092608326253187,0.07370433305012744,0.06542056074766354,0.0632965165675446,0.05586236193712829,0.054163126593033135,0.05097706032285471,0.03993203058623619,0.03334749362786746,0.022090059473237042,0.022090059473237042,0.009345794392523364,0.009345794392523364,0.9245554041892873,0.02342169750022152,0.0,0.0,0.0,0.0,0.0,0.0,0.0,0.0,0.0,0.0,0.0,0.0,0.0,0.0,0.0,0.0,0.0,0.0,0.0,0.0,0.0,0.0,0.0,0.0,0.0,0.1847918436703484,4.205607476635515,15.10832625318607,9.303313508920986,1.197960917587086,4.1439319594373565,2.8582628149310185,nan,nan,nan,4.178687459389214,2.86402491139508,4.108695652173913,2.8519767798771958,0.983250289021249,0.3667,0.02124,0.0,0.0,0.0,0.0,0.0,0.0,0.0,0.0,0.03823279524214104,1.796941376380629,13.177570093457946,13.298640611724705,1.6631265930331354,0.025488530161427363,0.0,0.0,0.0,0.0,0.0,0.0,0.0,0.0,0.0,0.0,0.0,0.0,0.0,0.0,0.0,0.0,nan,nan,4.1439319594373565,2.8582628149310185,nan,0.3667,0.1181,0.0,0.0,0.0,0.0,0.0,0.0,0.0,0.0,0.0,0.0,0.0,0.0011682242990654205,0.0014443500424808837,0.004216227697536109,0.0001274426508071368,0.012510620220900595,0.010418436703483433,0.0027506372132540357,0.006074766355140187,0.015654205607476636,0.00933517417162277,0.03676720475785896,0.019318181818181818,0.02223874256584537,0.014231096006796942,0.03619371282922685,0.012393797790994053,0.04362786745964316,0.04010195412064571,0.02977909940526763,0.014209855564995752,0.03998513169073917,0.01669498725573492,0.034834324553950725,0.05046728971962617,0.0346750212404418,0.03687340696686491,0.06260620220900595,0.02389549702633815,0.017958793542905693,0.022695412064570944,0.011225573491928632,0.016992353440951572,0.02320518266779949,0.01862786745964316,0.030649957519116398,0.01833050127442651,0.02697536108751062,0.01705607476635514,0.01373194562446899,0.017045454545454544,0.00437553101104503,0.007200509770603229,0.012053950722175022,0.011299915038232796,0.012393797790994053,0.005819881053525914,0.010110450297366185,0.0032710280373831778,0.008209430756159729,0.022982158028887,0.008974086661002549,0.008007646559048428,0.003217926932880204,0.005065845369583688,0.0012638062871707732,0.007625318606627018,0.00029736618521665253,0.0007434154630416313,0.0,0.0,0.0,0.0,0.0,0.0,0.0,0.0,0.0,0.0,0.0,0.0,0.0,0.0,0.0,0.0,0.0,0.0,0.0,0.0,0.0,0.0,0.0,0.0,0.0,0.0,0.0,0.0,0.0,0.0,0.0,0.0,nan,nan,4.1439319594373565,2.8582628149310185,nan,0.9248691167411031,0.02361167829062874,0.0,0.0,0.0,0.0,0.0,0.0,0.0,0.0,0.0,0.0,0.0,0.0,0.0,0.0,0.0,0.0,0.0,0.0,0.0,0.0,0.0,0.0,0.0,0.0,0.0,0.1862582781456954,4.246688741721855,14.962748344370864,9.250827814569538,1.3534768211920534,0.9242247194051743,0.023215166710212804,0.0,0.0,0.0,0.0,0.0,0.0,0.0,0.0,0.0,0.0,0.0,0.0,0.0,0.0,0.0,0.0,0.0,0.0,0.0,0.0,0.0,0.0,0.0,0.0,0.0,0.18324607329842937,4.162303664921467,15.261780104712045,9.358638743455499,1.0340314136125657,0.3667,0.02144,0.0,0.0,0.0,0.0,0.0,0.0,0.0,0.0,0.04966887417218544,1.9122516556291393,12.988410596026494,13.323675496688722,1.7011589403973513,0.02483443708609272,0.0,0.0,0.0,0.0,0.0,0.0,0.0,0.0,0.0,0.0,0.0,0.0,0.0,0.0,0.0,0.0,0.3665,0.02103,0.0,0.0,0.0,0.0,0.0,0.0,0.0,0.0,0.026178010471204195,1.6753926701570685,13.376963350785344,13.272251308900504,1.6230366492146602,0.026178010471204195,0.0,0.0,0.0,0.0,0.0,0.0,0.0,0.0,0.0,0.0,0.0,0.0,0.0,0.0,0.0,0.0
60000,4671,2452,0.5249411260971955,1125,924,0.4386640976236352,1300,0.5566259901520018,0.422,3.0522757999098693,3.140106462001587,6.605828220858895,2.0994075459785217,9341.896351627072,1416.4472461116213,7853.0,10747.277053236961,10689.311116823024,17.560298462191415,7853.0,0.0,28.12545493470349,21.084970886967664,33.0593026215322,19.357267055469197,0.13937058445728967,0.10211946050096339,0.09526867908370798,0.08884607150503104,0.07471633483194177,0.0708627702847356,0.06294155427103404,0.0633697281096125,0.05887390280453864,0.054806251338043246,0.04816955684007707,0.044101905373581676,0.035324341682723186,0.023549561121815457,0.01798330122029544,0.013059302076643117,0.006636694497966175,0.9237492307685626,0.023287104223428143,0.0,0.0,0.0,0.0,0.0,0.0,0.0,0.0,0.0,0.0,0.0,0.0,0.0,0.0,0.0,0.0,0.0,0.0,0.0,0.0,0.0,0.0,0.0,0.0,0.0,0.2761721258831086,4.30956968529223,15.150931278098911,9.325626204238922,0.9377007064868339,4.35669002335669,2.930839915613757,nan,nan,nan,4.377181208053691,2.930975988016863,4.3364299933643,2.9305645115879693,0.9906900782141685,0.366,0.02184,0.0,0.0,0.0,0.0,0.0,0.0,0.0,0.0,0.03211303789338472,2.093770070648684,13.15992292870906,12.960822093770052,1.727681438664098,0.025690430314707777,0.0,0.0,0.0,0.0,0.0,0.0,0.0,0.0,0.0,0.0,0.0,0.0,0.0,0.0,0.0,0.0,nan,nan,4.35669002335669,2.930839915613757,nan,0.366,0.11865,0.0,0.0,0.0,0.0,0.0,0.0,0.0,0.0,0.0,0.0,0.0,0.0017769214301006208,0.0019053735816741597,0.003960608006850781,0.00035324341682723185,0.013990580175551274,0.01042603296938557,0.002697495183044316,0.005009633911368015,0.018978805394990365,0.008884607150503104,0.03709055876685934,0.01880753585955898,0.021408691928923144,0.012481267394562193,0.03535645472061657,0.01273817169770927,0.04339541853992721,0.03803254121173196,0.0299721687004924,0.015778205951616355,0.04272104474416613,0.01752301434382359,0.035238706915007495,0.05011774780560908,0.0356561764076215,0.0358488546349818,0.06192464140441019,0.02246842217940484,0.016473988439306357,0.02357096981374438,0.011967458788268036,0.017415970884178976,0.02323913508884607,0.018079640333975595,0.03210233354742025,0.017758509955041746,0.027349603939199316,0.015553414686362663,0.012663241275958038,0.016527510169128665,0.0036287732819524727,0.006497538000428174,0.013102119460500963,0.011389424106187112,0.010875615499892957,0.006968529222864483,0.008980946264183259,0.0032755298651252407,0.008081781203168487,0.023132091629201455,0.00988011132519803,0.009312780989081566,0.002643973453222008,0.00524512952258617,0.0018090344679940055,0.006925711839006637,0.000224791265253693,0.0007814172554056947,0.0,0.0,0.0,0.0,0.0,0.0,0.0,0.0,0.0,0.0,0.0,0.0,0.0,0.0,0.0,0.0,0.0,0.0,0.0,0.0,0.0,0.0,0.0,0.0,0.0,0.0,0.0,0.0,0.0,0.0,0.0,0.0,nan,nan,4.35669002335669,2.930839915613757,nan,0.923511030501876,0.023304501895526443,0.0,0.0,0.0,0.0,0.0,0.0,0.0,0.0,0.0,0.0,0.0,0.0,0.0,0.0,0.0,0.0,0.0,0.0,0.0,0.0,0.0,0.0,0.0,0.0,0.0,0.269168026101142,4.35562805872757,15.159053833605224,9.286296900489399,0.9298531810766723,0.9240124425999804,0.023265028405912238,0.0,0.0,0.0,0.0,0.0,0.0,0.0,0.0,0.0,0.0,0.0,0.0,0.0,0.0,0.0,0.0,0.0,0.0,0.0,0.0,0.0,0.0,0.0,0.0,0.0,0.2839116719242903,4.258675078864354,15.141955835962149,9.36908517350158,0.9463722397476343,0.366,0.02191,0.0,0.0,0.0,0.0,0.0,0.0,0.0,0.0,0.02446982055464927,2.0921696574225126,13.213703099510607,12.88336052202282,1.7618270799347475,0.02446982055464927,0.0,0.0,0.0,0.0,0.0,0.0,0.0,0.0,0.0,0.0,0.0,0.0,0.0,0.0,0.0,0.0,0.366,0.02176,0.0,0.0,0.0,0.0,0.0,0.0,0.0,0.0,0.04055881027489861,2.0955385308697614,13.100495718792253,13.046417305092366,1.6899504281207756,0.02703920684993241,0.0,0.0,0.0,0.0,0.0,0.0,0.0,0.0,0.0,0.0,0.0,0.0,0.0,0.0,0.0,0.0
60100,4828,2449,0.5072493786246893,1143,1014,0.4467688483844242,1392,0.5766362883181442,0.418,3.028163093736864,3.1769393611430226,6.735207100591716,2.2602829033692204,9291.818723652861,1418.1588913368532,7853.0,10740.189926862717,10689.511554837081,17.082747955521032,7853.0,0.0,28.03976801988401,20.86893631720689,32.915908532087535,19.120181040432815,0.1387738193869097,0.09693454846727423,0.09672742336371168,0.08574979287489644,0.0820215410107705,0.07352941176470588,0.06503728251864126,0.06669428334714167,0.05509527754763877,0.05550952775476388,0.04701739850869925,0.0403893951946976,0.035625517812758904,0.028583264291632146,0.017605633802816902,0.008699254349627174,0.006006628003314002,0.9241033382991571,0.02303543267289607,0.0,0.0,0.0,0.0,0.0,0.0,0.0,0.0,0.0,0.0,0.0,0.0,0.0,0.0,0.0,0.0,0.0,0.0,0.0,0.0,0.0,0.0,0.0,0.0,0.0,0.22990886495443252,4.026512013256007,15.397680198840103,9.345484672742337,1.0004142502071254,4.386777387416161,2.9565474754715226,nan,nan,nan,4.452781371280724,2.9791267202975567,4.322397476340694,2.93292576757423,0.9707185500323522,0.366,0.02158,0.0,0.0,0.0,0.0,0.0,0.0,0.0,0.0,0.01242750621375311,1.9759734879867443,13.322286661143334,13.042667771333868,1.6342170671085339,0.01242750621375311,0.0,0.0,0.0,0.0,0.0,0.0,0.0,0.0,0.0,0.0,0.0,0.0,0.0,0.0,0.0,0.0,nan,nan,4.386777387416161,2.9565474754715226,nan,0.366,0.1186,0.0,0.0,0.0,0.0,0.0,0.0,0.0,0.0,0.0,0.0,1.035625517812759e-05,0.0019469759734879867,0.001988400994200497,0.0034175642087821046,0.0006006628003314002,0.014384838442419222,0.011485086992543496,0.0022369511184755593,0.005292046396023198,0.019946147473073737,0.009931648715824358,0.03552195526097763,0.017377796188898096,0.020722866611433306,0.012096106048053024,0.03427920463960232,0.012686412593206296,0.041476801988400994,0.03767605633802817,0.031161971830985916,0.016735708367854183,0.04214995857497929,0.018206296603148302,0.03609154929577465,0.04582642916321458,0.03552195526097763,0.03751035625517813,0.06492336371168185,0.02254556752278376,0.016300745650372823,0.02250414250207125,0.01314208782104391,0.017502071251035624,0.024533968516984257,0.018806959403479703,0.033771748135874066,0.018320215410107706,0.02654308202154101,0.016176470588235296,0.011143330571665286,0.015876139188069596,0.0027340513670256836,0.007176884838442419,0.01215824357912179,0.011309030654515327,0.009372410936205468,0.00756006628003314,0.009175642087821043,0.0038421706710853355,0.00786039768019884,0.024337199668599836,0.009828086164043083,0.008823529411764706,0.002143744821872411,0.005354183927091963,0.001563794531897266,0.0073632974316487155,0.0002692626346313173,0.000756006628003314,0.0,0.0,0.0,0.0,0.0,0.0,0.0,0.0,0.0,0.0,0.0,0.0,0.0,0.0,0.0,0.0,0.0,0.0,0.0,0.0,0.0,0.0,0.0,0.0,0.0,0.0,0.0,0.0,0.0,0.0,0.0,0.0,nan,nan,4.386777387416161,2.9565474754715226,nan,0.9240635238213654,0.022934885975695797,0.0,0.0,0.0,0.0,0.0,0.0,0.0,0.0,0.0,0.0,0.0,0.0,0.0,0.0,0.0,0.0,0.0,0.0,0.0,0.0,0.0,0.0,0.0,0.0,0.0,0.23274806043282978,4.103715802368314,15.410371580236834,9.30992241731319,0.9432421396488364,0.924144324283231,0.02313840991913816,0.0,0.0,0.0,0.0,0.0,0.0,0.0,0.0,0.0,0.0,0.0,0.0,0.0,0.0,0.0,0.0,0.0,0.0,0.0,0.0,0.0,0.0,0.0,0.0,0.0,0.22698612862547293,3.9470365699873904,15.384615384615387,9.382093316519548,1.059268600252207,0.3657,0.02138,0.0,0.0,0.0,0.0,0.0,0.0,0.0,0.0,0.0,2.0089832584728464,13.48713760718661,12.935892200898307,1.5557370355247044,0.012249897917517356,0.0,0.0,0.0,0.0,0.0,0.0,0.0,0.0,0.0,0.0,0.0,0.0,0.0,0.0,0.0,0.0,0.3665,0.02177,0.0,0.0,0.0,0.0,0.0,0.0,0.0,0.0,0.025220680958385883,1.9419924337957128,13.152585119798237,13.152585119798216,1.71500630517024,0.012610340479192942,0.0,0.0,0.0,0.0,0.0,0.0,0.0,0.0,0.0,0.0,0.0,0.0,0.0,0.0,0.0,0.0
60200,4588,2394,0.521795989537925,1101,899,0.43591979075850046,1260,0.5492589363557105,0.438,2.994986326344576,3.0947469865044672,6.44811320754717,2.1917827297325485,9333.469380332863,1417.3382106937638,7853.0,10744.647593140602,10690.257108173424,17.777967120916063,7853.0,0.0,28.824324324324323,21.38187275319004,33.86975660279648,19.536163916239992,0.1375326939843069,0.0972101133391456,0.09263295553618134,0.07999128160418482,0.07802964254577158,0.07018308631211857,0.06952920662598082,0.059067131647776806,0.06255448997384482,0.05579773321708806,0.04511769834350479,0.0477332170880558,0.03792502179598954,0.02702702702702703,0.017654751525719267,0.013513513513513514,0.008500435919790758,0.9238239424116422,0.023076739869445754,0.0,0.0,0.0,0.0,0.0,0.0,0.0,0.0,0.0,0.0,0.0,0.0,0.0,0.0,0.0,0.0,0.0,0.0,0.0,0.0,0.0,0.0,0.0,0.0,0.0,0.2419354838709678,4.112903225806453,15.26809067131648,9.4485614646905,0.9285091543156061,4.158634538152611,2.8597754583756863,nan,nan,nan,4.148805460750853,2.8864234880900907,4.1680892974392645,2.8338736530970055,1.004648045532827,0.3662,0.02231,0.0,0.0,0.0,0.0,0.0,0.0,0.0,0.0,0.03923278116826504,1.9943330427201398,13.234524847428077,12.724498692240608,1.9747166521360073,0.03269398430688754,0.0,0.0,0.0,0.0,0.0,0.0,0.0,0.0,0.0,0.0,0.0,0.0,0.0,0.0,0.0,0.0,nan,nan,4.158634538152611,2.8597754583756863,nan,0.3662,0.11896,0.0,0.0,0.0,0.0,0.0,0.0,0.0,0.0,0.0,0.0,0.0,0.0019725370531822146,0.001580209241499564,0.0034655623365300783,0.0007737576285963383,0.013698779424585876,0.012946817785527464,0.0026482127288578903,0.005917611159546644,0.02048823016564952,0.009775501307759372,0.03377288578901482,0.01722972972972973,0.019910636442894508,0.012685265911072363,0.033718395815170006,0.0131102877070619,0.041499564080209245,0.0387205754141238,0.02942458587619878,0.01709895379250218,0.040856582388840455,0.01713164777680907,0.037096774193548385,0.04667611159546643,0.034154315605928506,0.037391020052310375,0.06660854402789887,0.02278770706190061,0.01801438535309503,0.02126198779424586,0.01297951176983435,0.01823234524847428,0.02485832606800349,0.02034655623365301,0.032846556233653006,0.016379686137750656,0.025196163905841326,0.01636878814298169,0.010799912816041849,0.015900174367916305,0.0029097646033129903,0.007606800348735832,0.011846120313862249,0.010396687009590235,0.008729293809938971,0.00867480383609416,0.01011333914559721,0.004468177855274629,0.007879250217959896,0.023855710549258936,0.01129032258064516,0.008402353966870096,0.0018308631211857017,0.00547079337401918,0.0012859633827375762,0.00750871839581517,0.000534001743679163,0.0008718395815170009,0.0,0.0,0.0,0.0,0.0,0.0,0.0,0.0,0.0,0.0,0.0,0.0,0.0,0.0,0.0,0.0,0.0,0.0,0.0,0.0,0.0,0.0,0.0,0.0,0.0,0.0,0.0,0.0,0.0,0.0,0.0,0.0,nan,nan,4.158634538152611,2.8597754583756863,nan,0.9245144525416812,0.023452821652421373,0.0,0.0,0.0,0.0,0.0,0.0,0.0,0.0,0.0,0.0,0.0,0.0,0.0,0.0,0.0,0.0,0.0,0.0,0.0,0.0,0.0,0.0,0.0,0.0,0.0,0.21303258145363413,4.010025062656642,15.150375939849628,9.548872180451129,1.0776942355889727,0.923070486964371,0.022635235307437142,0.0,0.0,0.0,0.0,0.0,0.0,0.0,0.0,0.0,0.0,0.0,0.0,0.0,0.0,0.0,0.0,0.0,0.0,0.0,0.0,0.0,0.0,0.0,0.0,0.0,0.2734731084776664,4.225159525979946,15.39653600729262,9.339106654512308,0.765724703737466,0.3665,0.02231,0.0,0.0,0.0,0.0,0.0,0.0,0.0,0.0,0.025062656641604016,1.8922305764411032,13.283208020050129,12.644110275689204,2.105263157894737,0.05012531328320803,0.0,0.0,0.0,0.0,0.0,0.0,0.0,0.0,0.0,0.0,0.0,0.0,0.0,0.0,0.0,0.0,0.366,0.02231,0.0,0.0,0.0,0.0,0.0,0.0,0.0,0.0,0.05469462169553328,2.1057429352780312,13.181403828623521,12.81221513217865,1.832269826800365,0.01367365542388332,0.0,0.0,0.0,0.0,0.0,0.0,0.0,0.0,0.0,0.0,0.0,0.0,0.0,0.0,0.0,0.0
60300,4670,2408,0.5156316916488223,1124,917,0.4370449678800857,1274,0.545610278372591,0.43,3.0446507515473034,3.2125204244479155,6.826498422712934,2.1979754186180624,9315.690342255783,1417.7132448891364,7853.0,10751.206152796745,10689.695971069146,17.946944481386996,7853.0,0.0,27.888865096359744,21.049443786539833,32.99102333931777,19.29759572521293,0.14218415417558886,0.10107066381156317,0.09892933618843683,0.08179871520342613,0.07922912205567452,0.07323340471092077,0.06937901498929336,0.06509635974304069,0.05460385438972163,0.05182012847965739,0.04646680942184154,0.036616702355460384,0.03640256959314775,0.026124197002141327,0.016916488222698072,0.013276231263383297,0.006852248394004282,0.923881599402785,0.023416719927231003,0.0,0.0,0.0,0.0,0.0,0.0,0.0,0.0,0.0,0.0,0.0,0.0,0.0,0.0,0.0,0.0,0.0,0.0,0.0,0.0,0.0,0.0,0.0,0.0,0.0,0.2312633832976446,4.387580299785868,14.903640256959317,9.53961456102784,0.9379014989293364,4.373863253620748,2.9839026861327422,nan,nan,nan,4.464942137508509,2.9446267618432453,4.284666666666666,3.0192104192247937,0.9596242313360775,0.3662,0.0219,0.0,0.0,0.0,0.0,0.0,0.0,0.0,0.0,0.03211991434689508,2.1327623126338335,12.770877944325484,13.17558886509634,1.8629550321199146,0.025695931477516067,0.0,0.0,0.0,0.0,0.0,0.0,0.0,0.0,0.0,0.0,0.0,0.0,0.0,0.0,0.0,0.0,nan,nan,4.373863253620748,2.9839026861327422,nan,0.3665,0.11975,0.0,0.0,0.0,0.0,0.0,0.0,0.0,0.0,0.0,0.0,0.0,0.002890792291220557,0.002055674518201285,0.003940042826552462,0.0007066381156316916,0.01609207708779443,0.012719486081370449,0.003094218415417559,0.006498929336188437,0.020460385438972162,0.010460385438972163,0.033179871520342616,0.016873661670235546,0.018201284796573874,0.013072805139186296,0.03201284796573876,0.011627408993576017,0.041445396145610276,0.03887580299785867,0.030513918629550323,0.01576017130620985,0.03945396145610278,0.016798715203426125,0.03676659528907923,0.045256959314775164,0.03261241970021413,0.03776231263383298,0.0665845824411135,0.02360813704496788,0.01709850107066381,0.021563169164882226,0.013201284796573875,0.01849036402569593,0.025546038543897216,0.02139186295503212,0.032558886509635974,0.016359743040685226,0.025364025695931477,0.017066381156316916,0.010278372591006424,0.016873661670235546,0.0032119914346895075,0.007162740899357601,0.012194860813704496,0.0104389721627409,0.0095610278372591,0.009507494646680941,0.010920770877944325,0.004668094218415418,0.007655246252676659,0.02247323340471092,0.011659528907922913,0.00905781584582441,0.0016059957173447537,0.004453961456102783,0.0009528907922912206,0.007815845824411135,0.0007173447537473233,0.0007601713062098501,1.0706638115631692e-05,5.3533190578158456e-05,0.0,0.0,0.0,0.0,0.0,0.0,0.0,0.0,0.0,0.0,0.0,0.0,0.0,0.0,0.0,0.0,0.0,0.0,0.0,0.0,0.0,0.0,0.0,0.0,0.0,0.0,0.0,0.0,0.0,0.0,nan,nan,4.373863253620748,2.9839026861327422,nan,0.9238708765799817,0.02352303869020803,0.0,0.0,0.0,0.0,0.0,0.0,0.0,0.0,0.0,0.0,0.0,0.0,0.0,0.0,0.0,0.0,0.0,0.0,0.0,0.0,0.0,0.0,0.0,0.0,0.0,0.23671096345514955,4.584717607973423,14.526578073089704,9.692691029900335,0.9593023255813955,0.9238930143264413,0.023303000393189117,0.0,0.0,0.0,0.0,0.0,0.0,0.0,0.0,0.0,0.0,0.0,0.0,0.0,0.0,0.0,0.0,0.0,0.0,0.0,0.0,0.0,0.0,0.0,0.0,0.0,0.22546419098143242,4.177718832891247,15.305039787798412,9.37665782493369,0.9151193633952257,0.3662,0.02167,0.0,0.0,0.0,0.0,0.0,0.0,0.0,0.0,0.037375415282392035,2.20514950166113,12.769933554817278,13.230897009966757,1.7192691029900335,0.037375415282392035,0.0,0.0,0.0,0.0,0.0,0.0,0.0,0.0,0.0,0.0,0.0,0.0,0.0,0.0,0.0,0.0,0.3665,0.02214,0.0,0.0,0.0,0.0,0.0,0.0,0.0,0.0,0.026525198938992047,2.0557029177718835,12.771883289124672,13.116710875331545,2.0159151193633957,0.013262599469496024,0.0,0.0,0.0,0.0,0.0,0.0,0.0,0.0,0.0,0.0,0.0,0.0,0.0,0.0,0.0,0.0
60400,4575,2382,0.520655737704918,1142,899,0.44612021857923495,1260,0.5508196721311476,0.434,2.9895120839033287,3.165647142712106,6.778688524590164,2.1740356636719405,9330.136006117544,1417.380834296469,7853.0,10756.566216230392,10690.068525603596,17.70123546386516,7853.0,0.0,28.21464480874317,20.87524859992838,33.13814593612049,19.077058855969575,0.1377049180327869,0.0955191256830601,0.09311475409836066,0.08721311475409836,0.08415300546448087,0.073224043715847,0.07125683060109289,0.059453551912568306,0.05639344262295082,0.052896174863387976,0.049398907103825135,0.039781420765027324,0.03825136612021858,0.03016393442622951,0.016174863387978144,0.009836065573770493,0.00546448087431694,0.9240426607210128,0.023138131254962592,0.0,0.0,0.0,0.0,0.0,0.0,0.0,0.0,0.0,0.0,0.0,0.0,0.0,0.0,0.0,0.0,0.0,0.0,0.0,0.0,0.0,0.0,0.0,0.0,0.0,0.17049180327868857,4.38688524590164,15.213114754098363,9.278688524590166,0.9508196721311477,4.263175562269218,2.9541460648611677,nan,nan,nan,4.2942743009320905,2.944666210942567,4.233739837398374,2.9632299171801564,0.985903447406567,0.367,0.02226,0.0,0.0,0.0,0.0,0.0,0.0,0.0,0.0,0.00655737704918033,2.013114754098361,12.865573770491807,12.97704918032785,2.111475409836066,0.02622950819672132,0.0,0.0,0.0,0.0,0.0,0.0,0.0,0.0,0.0,0.0,0.0,0.0,0.0,0.0,0.0,0.0,nan,nan,4.263175562269218,2.9541460648611677,nan,0.367,0.1197,0.0,0.0,0.0,0.0,0.0,0.0,0.0,0.0,0.0,0.0,0.0,0.002601092896174863,0.0020655737704918034,0.004513661202185792,0.0006885245901639345,0.015486338797814208,0.013956284153005465,0.0030382513661202184,0.005846994535519126,0.01946448087431694,0.011759562841530055,0.03452459016393443,0.014907103825136611,0.016459016393442622,0.012994535519125683,0.030546448087431694,0.011475409836065573,0.0406448087431694,0.040459016393442626,0.030513661202185793,0.014612021857923497,0.039169398907103824,0.01791256830601093,0.03745355191256831,0.04419672131147541,0.0327103825136612,0.03445901639344262,0.07065573770491804,0.021814207650273223,0.017759562841530054,0.022918032786885246,0.014295081967213115,0.01737704918032787,0.025846994535519127,0.020808743169398906,0.03481967213114754,0.017792349726775958,0.026579234972677595,0.016797814207650273,0.010032786885245901,0.0159672131147541,0.003431693989071038,0.008557377049180328,0.010032786885245901,0.009278688524590163,0.008699453551912569,0.010710382513661203,0.011081967213114755,0.00366120218579235,0.008349726775956284,0.02273224043715847,0.011672131147540983,0.009923497267759563,0.002207650273224044,0.003617486338797814,0.0009836065573770492,0.007289617486338798,0.0008852459016393442,0.0009071038251366121,1.092896174863388e-05,2.185792349726776e-05,0.0,2.185792349726776e-05,0.0,0.0,0.0,0.0,0.0,0.0,0.0,0.0,0.0,0.0,0.0,0.0,0.0,0.0,0.0,0.0,0.0,0.0,0.0,0.0,0.0,0.0,0.0,0.0,0.0,0.0,0.0,0.0,nan,nan,4.263175562269218,2.9541460648611677,nan,0.9240538637043547,0.023198954566136038,0.0,0.0,0.0,0.0,0.0,0.0,0.0,0.0,0.0,0.0,0.0,0.0,0.0,0.0,0.0,0.0,0.0,0.0,0.0,0.0,0.0,0.0,0.0,0.0,0.0,0.18891687657430736,4.445843828715366,15.000000000000004,9.420654911838792,0.9445843828715367,0.9240304922274787,0.0230718781571744,0.0,0.0,0.0,0.0,0.0,0.0,0.0,0.0,0.0,0.0,0.0,0.0,0.0,0.0,0.0,0.0,0.0,0.0,0.0,0.0,0.0,0.0,0.0,0.0,0.0,0.15047879616963067,4.322845417236663,15.444596443228457,9.124487004103969,0.9575923392612861,0.3667,0.0222,0.0,0.0,0.0,0.0,0.0,0.0,0.0,0.0,0.012594458438287156,2.0528967254408066,13.035264483627207,12.83375314861459,2.027707808564232,0.037783375314861464,0.0,0.0,0.0,0.0,0.0,0.0,0.0,0.0,0.0,0.0,0.0,0.0,0.0,0.0,0.0,0.0,0.3672,0.02237,0.0,0.0,0.0,0.0,0.0,0.0,0.0,0.0,0.0,1.9699042407660743,12.681258549931604,13.132694938440475,2.202462380300958,0.013679890560875516,0.0,0.0,0.0,0.0,0.0,0.0,0.0,0.0,0.0,0.0,0.0,0.0,0.0,0.0,0.0,0.0
60500,4860,2446,0.5032921810699589,1153,1022,0.44753086419753085,1403,0.577366255144033,0.422,3.0219552609776303,3.223633495399698,6.933634992458522,2.2542334698191206,9280.703643406761,1418.3917264988143,7853.0,10752.224486589432,10689.72923424238,18.05804825308065,7853.0,0.0,27.540123456790123,20.777694473619526,32.51486851806341,19.0519871255458,0.14238683127572016,0.09876543209876543,0.09567901234567901,0.08724279835390947,0.08703703703703704,0.07551440329218106,0.06790123456790123,0.06337448559670782,0.05493827160493827,0.05,0.04547325102880658,0.04238683127572016,0.03333333333333333,0.02119341563786008,0.01625514403292181,0.012345679012345678,0.006172839506172839,0.9230175952975151,0.023279830194020724,0.0,0.0,0.0,0.0,0.0,0.0,0.0,0.0,0.0,0.0,0.0,0.0,0.0,0.0,0.0,0.0,0.0,0.0,0.0,0.0,0.0,0.0,0.0,0.0,0.006172839506172841,0.2530864197530865,4.5432098765432105,15.185185185185189,9.185185185185187,0.8271604938271607,4.426461143224149,3.0076790823428925,nan,nan,nan,4.417631917631917,2.9901120709033138,4.43525641025641,3.0250514826553476,1.0039895792481373,0.3674,0.02248,0.0,0.0,0.0,0.0,0.0,0.0,0.0,0.0,0.006172839506172841,2.030864197530865,12.49382716049383,13.203703703703685,2.2222222222222228,0.04320987654320989,0.0,0.0,0.0,0.0,0.0,0.0,0.0,0.0,0.0,0.0,0.0,0.0,0.0,0.0,0.0,0.0,nan,nan,4.426461143224149,3.0076790823428925,nan,0.3674,0.11975,0.0,0.0,0.0,0.0,0.0,0.0,0.0,0.0,0.0,1.02880658436214e-05,2.05761316872428e-05,0.002890946502057613,0.002654320987654321,0.004753086419753087,0.00048353909465020576,0.01574074074074074,0.012417695473251028,0.0027983539094650206,0.006378600823045267,0.01976337448559671,0.010462962962962962,0.03481481481481481,0.015092592592592593,0.015576131687242799,0.013806584362139917,0.029104938271604937,0.012921810699588478,0.040390946502057615,0.04084362139917695,0.030606995884773662,0.014619341563786008,0.03791152263374486,0.01904320987654321,0.03866255144032922,0.04083333333333333,0.03243827160493827,0.0344238683127572,0.0697633744855967,0.021604938271604937,0.01631687242798354,0.023713991769547325,0.014547325102880659,0.01751028806584362,0.0277880658436214,0.020298353909465022,0.03761316872427983,0.017458847736625514,0.025853909465020575,0.018065843621399177,0.010709876543209877,0.015627572016460905,0.0033127572016460904,0.009372427983539095,0.010092592592592592,0.009393004115226337,0.009650205761316873,0.00926954732510288,0.00984567901234568,0.004135802469135802,0.008919753086419752,0.021388888888888888,0.012489711934156378,0.00926954732510288,0.002088477366255144,0.0034979423868312758,0.0009876543209876543,0.008281893004115226,0.0008230452674897119,0.0007407407407407407,0.0,5.1440329218106995e-05,0.0,5.1440329218106995e-05,0.0,0.0,0.0,0.0,0.0,0.0,0.0,0.0,0.0,0.0,0.0,0.0,0.0,0.0,0.0,0.0,0.0,0.0,0.0,0.0,0.0,0.0,0.0,0.0,0.0,0.0,0.0,0.0,nan,nan,4.426461143224149,3.0076790823428925,nan,0.922804357132167,0.022689328851712178,0.0,0.0,0.0,0.0,0.0,0.0,0.0,0.0,0.0,0.0,0.0,0.0,0.0,0.0,0.0,0.0,0.0,0.0,0.0,0.0,0.0,0.0,0.0,0.0,0.012264922322158629,0.18397383483237945,4.525756336876534,15.28209321340965,9.309076042518399,0.6868356500408832,0.9232336601493965,0.02386131637198655,0.0,0.0,0.0,0.0,0.0,0.0,0.0,0.0,0.0,0.0,0.0,0.0,0.0,0.0,0.0,0.0,0.0,0.0,0.0,0.0,0.0,0.0,0.0,0.0,0.0,0.32311516155758085,4.560894780447391,15.086992543496274,9.059652029826017,0.9693454846727425,0.3674,0.02267,0.0,0.0,0.0,0.0,0.0,0.0,0.0,0.0,0.0,2.085036794766967,12.596075224856913,12.865903515944382,2.4284546197874084,0.024529844644317258,0.0,0.0,0.0,0.0,0.0,0.0,0.0,0.0,0.0,0.0,0.0,0.0,0.0,0.0,0.0,0.0,0.3674,0.02225,0.0,0.0,0.0,0.0,0.0,0.0,0.0,0.0,0.01242750621375311,1.9759734879867443,12.390223695111851,13.545981772990867,2.0132560066280036,0.062137531068765545,0.0,0.0,0.0,0.0,0.0,0.0,0.0,0.0,0.0,0.0,0.0,0.0,0.0,0.0,0.0,0.0
60600,4775,2426,0.5080628272251309,1178,992,0.4544502617801047,1419,0.5943455497382198,0.35799999999999993,2.8067262664963812,2.845103919973549,5.959778085991678,1.9992486676452972,9294.169096132773,1418.1723910467301,7853.0,10751.168277740479,10689.59622177823,18.101896322568393,7853.0,0.0,29.2730890052356,21.07999171412244,33.975681650700075,19.253194042444374,0.12984293193717278,0.08942408376963351,0.09047120418848167,0.08335078534031413,0.08,0.0762303664921466,0.06387434554973823,0.07141361256544503,0.05738219895287958,0.05801047120418848,0.05068062827225131,0.049214659685863874,0.033717277486910995,0.027853403141361255,0.01905759162303665,0.01130890052356021,0.008167539267015706,0.9223971045329309,0.023072894003477118,0.0,0.0,0.0,0.0,0.0,0.0,0.0,0.0,0.0,0.0,0.0,0.0,0.0,0.0,0.0,0.0,0.0,0.0,0.0,0.0,0.0,0.0,0.0,0.0,0.012565445026178013,0.22617801047120423,4.705759162303666,15.518324607329847,8.745549738219896,0.7916230366492149,4.00093574547723,2.703882123536435,nan,nan,nan,4.053970223325062,2.720465652942598,3.947897049591965,2.6866804819330645,0.9738347427608642,0.3677,0.02223,0.0,0.0,0.0,0.0,0.0,0.0,0.0,0.0,0.05026178010471205,1.8534031413612568,12.427225130890056,13.608376963350766,2.016753926701571,0.04397905759162305,0.0,0.0,0.0,0.0,0.0,0.0,0.0,0.0,0.0,0.0,0.0,0.0,0.0,0.0,0.0,0.0,nan,nan,4.00093574547723,2.703882123536435,nan,0.3677,0.1194,0.0,0.0,0.0,0.0,0.0,0.0,0.0,0.0,0.0,0.0,0.00011518324607329843,0.003172774869109948,0.0026596858638743455,0.0034973821989528796,0.0005340314136125654,0.01443979057591623,0.011916230366492147,0.0026910994764397906,0.006806282722513089,0.01901570680628272,0.010083769633507853,0.03546596858638743,0.016680628272251308,0.015518324607329843,0.014,0.029350785340314135,0.013853403141361256,0.04084816753926702,0.03962303664921466,0.03057591623036649,0.013853403141361256,0.03719371727748691,0.021518324607329845,0.03973821989528796,0.04082722513089005,0.032743455497382196,0.03581151832460733,0.06477486910994765,0.018827225130890052,0.017015706806282723,0.026209424083769632,0.014596858638743455,0.01813612565445026,0.028094240837696335,0.020481675392670158,0.037654450261780104,0.017675392670157067,0.025298429319371728,0.017015706806282723,0.010397905759162303,0.015706806282722512,0.0035078534031413615,0.009863874345549738,0.010282722513089005,0.010115183246073299,0.01106806282722513,0.00919371727748691,0.010083769633507853,0.004785340314136126,0.008910994764397906,0.01973821989528796,0.012052356020942408,0.009633507853403141,0.002356020942408377,0.0036858638743455497,0.0005968586387434555,0.007790575916230367,0.0006596858638743456,0.0011204188481675392,0.0,6.282722513089006e-05,0.0,7.329842931937172e-05,0.0,0.0,0.0,0.0,0.0,0.0,0.0,0.0,0.0,0.0,0.0,0.0,0.0,0.0,0.0,0.0,0.0,0.0,0.0,0.0,0.0,0.0,0.0,0.0,0.0,0.0,0.0,0.0,nan,nan,4.00093574547723,2.703882123536435,nan,0.921985447677029,0.023122005703278947,0.0,0.0,0.0,0.0,0.0,0.0,0.0,0.0,0.0,0.0,0.0,0.0,0.0,0.0,0.0,0.0,0.0,0.0,0.0,0.0,0.0,0.0,0.0,0.0,0.012366034624896953,0.2844187963726299,4.575432811211872,15.927452596867274,8.408903544929927,0.791426215993405,0.9228222554620148,0.023014334444837033,0.0,0.0,0.0,0.0,0.0,0.0,0.0,0.0,0.0,0.0,0.0,0.0,0.0,0.0,0.0,0.0,0.0,0.0,0.0,0.0,0.0,0.0,0.0,0.0,0.012771392081736912,0.16602809706257987,4.840357598978289,15.09578544061303,9.09323116219668,0.7918263090676886,0.368,0.02255,0.0,0.0,0.0,0.0,0.0,0.0,0.0,0.0,0.04946413849958781,2.015663643858203,11.945589447650457,13.98598516075843,1.9538334707337184,0.04946413849958781,0.0,0.0,0.0,0.0,0.0,0.0,0.0,0.0,0.0,0.0,0.0,0.0,0.0,0.0,0.0,0.0,0.3677,0.02191,0.0,0.0,0.0,0.0,0.0,0.0,0.0,0.0,0.05108556832694765,1.6858237547892725,12.924648786717755,13.218390804597682,2.0817369093231166,0.03831417624521073,0.0,0.0,0.0,0.0,0.0,0.0,0.0,0.0,0.0,0.0,0.0,0.0,0.0,0.0,0.0,0.0
60700,4219,2194,0.5200284427589477,1087,814,0.4505807063285139,1161,0.5503673856364067,0.40599999999999997,2.9071604938271607,3.054771307262432,6.393728222996516,2.113098943648748,9328.188189419929,1417.2930931210499,7853.0,10755.339718222618,10689.745201076881,17.914318643215374,7853.0,0.0,28.6800189618393,20.92804196316656,33.351810584958216,19.177434679853693,0.13059966816781227,0.09694240341313107,0.0898317136762266,0.08556529983408391,0.08035079402702063,0.07418819625503674,0.07086987437781465,0.0692107134392036,0.05830765584261673,0.051908035079402705,0.051671012088172555,0.040767954491585684,0.036501540649443,0.027020621000237024,0.016828632377340603,0.011614126570277317,0.007821758710594928,0.9226930253198854,0.02310038150206455,0.0,0.0,0.0,0.0,0.0,0.0,0.0,0.0,0.0,0.0,0.0,0.0,0.0,0.0,0.0,0.0,0.0,0.0,0.0,0.0,0.0,0.0,0.0,0.0,0.0,0.21332069210713445,4.735719364778384,15.337757762502966,8.91680493007822,0.7963972505333019,4.147612156295224,2.8843967584222776,nan,nan,nan,4.162607449856734,2.945552729164484,4.133138258961229,2.8214053833398403,0.9929204972483008,0.3672,0.02196,0.0,0.0,0.0,0.0,0.0,0.0,0.0,0.0,0.028442758947617927,1.848779331595165,12.770798767480448,13.339653946432785,1.9909931263332548,0.021332069210713442,0.0,0.0,0.0,0.0,0.0,0.0,0.0,0.0,0.0,0.0,0.0,0.0,0.0,0.0,0.0,0.0,nan,nan,4.147612156295224,2.8843967584222776,nan,0.3672,0.1195,0.0,0.0,0.0,0.0,0.0,0.0,0.0,0.0,0.0,0.0,0.00015406494429959705,0.0034486845223986725,0.0024294856601090307,0.003816070158805404,0.000533301730267836,0.01487319269969187,0.01150746622422375,0.002168760369755866,0.0071462431855890025,0.01931737378525717,0.00907798056411472,0.03528087224460773,0.016259777198388243,0.017658212846646124,0.013688077743541123,0.029663427352453187,0.01458876511021569,0.03907324010429011,0.03880066366437544,0.029544915856838112,0.014363593268547048,0.03750888836217113,0.023963024413368096,0.042391561981512206,0.03915619815122067,0.03441573832661768,0.0363474757051434,0.06598720075847357,0.018416686418582604,0.016899739274709648,0.025705143398909693,0.015442047878644229,0.0188907324010429,0.025432566958995022,0.019933633562455557,0.03452239867267125,0.016816781227779094,0.02661768191514577,0.01684048352690211,0.010464565062811093,0.015276131784783124,0.004124200047404598,0.00977719838824366,0.010073477127281346,0.011080824840009482,0.008947617918938137,0.008509125385162361,0.010547523109741644,0.004278264991704196,0.00949277079876748,0.019661057122540886,0.01104527139132496,0.010381607015880541,0.0024650391087935528,0.004136051196966106,0.000865133917990045,0.008461720786916331,0.00047404598246029864,0.001019198862289642,2.3702299123014933e-05,0.00011851149561507466,0.0,9.480919649205973e-05,0.0,0.0,0.0,0.0,0.0,0.0,0.0,0.0,0.0,0.0,0.0,0.0,0.0,0.0,0.0,0.0,0.0,0.0,0.0,0.0,0.0,0.0,0.0,0.0,0.0,0.0,0.0,0.0,nan,nan,4.147612156295224,2.8843967584222776,nan,0.9232196691314416,0.02283474714129149,0.0,0.0,0.0,0.0,0.0,0.0,0.0,0.0,0.0,0.0,0.0,0.0,0.0,0.0,0.0,0.0,0.0,0.0,0.0,0.0,0.0,0.0,0.0,0.0,0.0,0.17775752051048319,4.525979945305379,15.177757520510486,9.352780309936191,0.765724703737466,0.9221224295062783,0.023371389115677453,0.0,0.0,0.0,0.0,0.0,0.0,0.0,0.0,0.0,0.0,0.0,0.0,0.0,0.0,0.0,0.0,0.0,0.0,0.0,0.0,0.0,0.0,0.0,0.0,0.0,0.2518518518518519,4.962962962962964,15.511111111111115,8.444444444444446,0.8296296296296298,0.367,0.02223,0.0,0.0,0.0,0.0,0.0,0.0,0.0,0.0,0.05469462169553328,1.9690063810391982,12.620783956244306,13.290793072014566,2.037374658158615,0.02734731084776664,0.0,0.0,0.0,0.0,0.0,0.0,0.0,0.0,0.0,0.0,0.0,0.0,0.0,0.0,0.0,0.0,0.3677,0.02164,0.0,0.0,0.0,0.0,0.0,0.0,0.0,0.0,0.0,1.718518518518519,12.933333333333337,13.392592592592573,1.940740740740741,0.014814814814814819,0.0,0.0,0.0,0.0,0.0,0.0,0.0,0.0,0.0,0.0,0.0,0.0,0.0,0.0,0.0,0.0
60800,4316,2242,0.5194624652455978,1029,883,0.44300278035217794,1214,0.5625579240037072,0.41,2.986017357762777,3.1125306288939316,6.507666098807496,2.301290469231133,9326.993885329357,1417.751361975068,7853.0,10751.514832854271,10690.53684615589,17.81898382383167,7853.0,0.0,27.87696941612604,20.92436216608411,32.88959601549529,19.177764437311254,0.14156626506024098,0.10658016682113068,0.09337349397590361,0.0778498609823911,0.0783132530120482,0.07367933271547729,0.07228915662650602,0.06139944392956441,0.06255792400370713,0.057692307692307696,0.04309545875810936,0.037303058387395734,0.030815569972196477,0.02571825764596849,0.019925857275254866,0.009962928637627433,0.007877664504170528,0.9238445304189157,0.022650785860430546,0.0,0.0,0.0,0.0,0.0,0.0,0.0,0.0,0.0,0.0,0.0,0.0,0.0,0.0,0.0,0.0,0.0,0.0,0.0,0.0,0.0,0.0,0.0,0.0,0.0,0.13206672845227066,4.205282669138092,15.458758109360522,9.307228915662652,0.8966635773864692,4.314943368651808,2.8763660201712278,nan,nan,nan,4.265365148228489,2.9142494051671517,4.365583456425406,2.8362545502403,1.0234958332321302,0.368,0.02225,0.0,0.0,0.0,0.0,0.0,0.0,0.0,0.0,0.03475440222428175,1.7516218721038002,12.344763670064879,13.755792400370693,2.064411492122336,0.048656163113994455,0.0,0.0,0.0,0.0,0.0,0.0,0.0,0.0,0.0,0.0,0.0,0.0,0.0,0.0,0.0,0.0,nan,nan,4.314943368651808,2.8763660201712278,nan,0.368,0.12,0.0,0.0,0.0,0.0,0.0,0.0,0.0,0.0,0.0,0.0,0.00011584800741427248,0.0029888785912882297,0.002757182576459685,0.004355885078776645,0.0006603336422613531,0.014446246524559777,0.010426320667284522,0.0016913809082483781,0.006464318813716404,0.018535681186283594,0.010414735866543096,0.03502085264133457,0.01612604263206673,0.018500926784059315,0.013774328081556998,0.030108897126969417,0.013948100092678406,0.03776645041705283,0.039006024096385546,0.03219416126042632,0.014863299351251158,0.03825301204819277,0.02305375347544022,0.04053521779425394,0.038577386468952736,0.033028266913809085,0.037974976830398514,0.0684082483781279,0.018153382761816498,0.017052826691380907,0.027340129749768304,0.01414504170528267,0.0202386468952734,0.02289156626506024,0.019763670064874884,0.03583178869323447,0.015407784986098239,0.025289620018535682,0.01590593141797961,0.009036144578313253,0.0158595922150139,0.004344300278035218,0.010715940685820205,0.01005560704355885,0.010009267840593142,0.009140407784986098,0.008063021316033364,0.01056533827618165,0.004216867469879518,0.010125115848007415,0.02058619091751622,0.011272011121408711,0.011075069508804448,0.0027340129749768302,0.0035797034291010195,0.0007182576459684893,0.009777571825764596,0.0009151992585727525,0.0009036144578313253,0.0,0.00025486561631139944,0.0,3.475440222428174e-05,0.0,0.0,0.0,0.0,0.0,0.0,0.0,0.0,0.0,0.0,0.0,0.0,0.0,0.0,0.0,0.0,0.0,0.0,0.0,0.0,0.0,0.0,0.0,0.0,0.0,0.0,0.0,0.0,nan,nan,4.314943368651808,2.8763660201712278,nan,0.9236119659110757,0.022784253016220227,0.0,0.0,0.0,0.0,0.0,0.0,0.0,0.0,0.0,0.0,0.0,0.0,0.0,0.0,0.0,0.0,0.0,0.0,0.0,0.0,0.0,0.0,0.0,0.0,0.0,0.12042818911685997,4.388938447814453,15.38804638715433,9.179304192685104,0.9232827832292598,0.9240959333246906,0.022502913931475646,0.0,0.0,0.0,0.0,0.0,0.0,0.0,0.0,0.0,0.0,0.0,0.0,0.0,0.0,0.0,0.0,0.0,0.0,0.0,0.0,0.0,0.0,0.0,0.0,0.0,0.14464802314368372,4.00675024108004,15.535197685631633,9.445515911282548,0.8678881388621025,0.368,0.02254,0.0,0.0,0.0,0.0,0.0,0.0,0.0,0.0,0.04014272970561999,1.8465655664585197,12.123104371097238,13.79571810883138,2.154326494201606,0.04014272970561999,0.0,0.0,0.0,0.0,0.0,0.0,0.0,0.0,0.0,0.0,0.0,0.0,0.0,0.0,0.0,0.0,0.368,0.02193,0.0,0.0,0.0,0.0,0.0,0.0,0.0,0.0,0.028929604628736748,1.6489874638379947,12.584378013500485,13.712632594021196,1.9672131147540988,0.057859209257473496,0.0,0.0,0.0,0.0,0.0,0.0,0.0,0.0,0.0,0.0,0.0,0.0,0.0,0.0,0.0,0.0
60900,4112,2142,0.5209143968871596,1000,837,0.4467412451361868,1151,0.5598249027237354,0.442,3.048730964467005,3.1417704785363654,6.694945848375451,2.089792040668374,9331.33015784027,1417.793394793684,7853.0,10741.24531018734,10690.952198430994,17.95024223590446,7853.0,0.0,27.908317120622566,20.830229288855243,32.86840579710145,19.071628949616507,0.14032101167315175,0.09751945525291829,0.0914396887159533,0.0928988326848249,0.08049610894941635,0.07782101167315175,0.06614785992217899,0.05909533073929961,0.057392996108949414,0.05520428015564202,0.05058365758754864,0.04036964980544747,0.032830739299610896,0.01921206225680934,0.020671206225680933,0.011916342412451361,0.006079766536964981,0.9243604470812625,0.023319230933265867,0.0,0.0,0.0,0.0,0.0,0.0,0.0,0.0,0.0,0.0,0.0,0.0,0.0,0.0,0.0,0.0,0.0,0.0,0.0,0.0,0.0,0.0,0.0,0.0,0.0072957198443579785,0.17509727626459146,4.136673151750974,15.000000000000004,9.608463035019456,1.0724708171206228,4.2807083647324795,2.8933486770168475,nan,nan,nan,4.297824456114029,2.85492739326191,4.263436790310371,2.9315072994814355,0.9919988202973861,0.3674,0.0226,0.0,0.0,0.0,0.0,0.0,0.0,0.0,0.0,0.0656614785992218,1.9698443579766542,12.213035019455257,13.723249027237335,1.999027237354086,0.029182879377431914,0.0,0.0,0.0,0.0,0.0,0.0,0.0,0.0,0.0,0.0,0.0,0.0,0.0,0.0,0.0,0.0,nan,nan,4.2807083647324795,2.8933486770168475,nan,0.3674,0.11975,0.0,0.0,0.0,0.0,0.0,0.0,0.0,0.0,0.0,0.0,0.00042558365758754864,0.0028453307392996108,0.002261673151750973,0.0035992217898832683,0.0008633268482490272,0.014056420233463035,0.010043774319066149,0.0020184824902723737,0.006517509727626459,0.020355058365758755,0.010432879377431906,0.03618677042801557,0.015187256809338521,0.01884727626459144,0.013010700389105059,0.03110408560311284,0.015102140077821012,0.037901264591439686,0.03860651750972763,0.031906614785992216,0.015053501945525292,0.03732976653696498,0.0222397859922179,0.04051556420233463,0.035396400778210116,0.03160262645914397,0.038922665369649806,0.07469601167315175,0.019576848249027237,0.017558365758754864,0.027261673151750973,0.014032101167315176,0.019564688715953307,0.02168044747081712,0.01867704280155642,0.035578793774319065,0.014640077821011673,0.02589980544747082,0.015041342412451362,0.00964250972762646,0.01616001945525292,0.0033195525291828793,0.010055933852140079,0.00953307392996109,0.010116731517509728,0.00953307392996109,0.008402237354085603,0.010250486381322957,0.004389591439688716,0.012037937743190662,0.020744163424124513,0.009861381322957198,0.011940661478599221,0.002213035019455253,0.0029426070038910505,0.000632295719844358,0.009520914396887159,0.0007538910505836576,0.0012037937743190662,0.0,0.00020671206225680934,0.0,0.0,0.0,0.0,0.0,0.0,0.0,0.0,0.0,0.0,0.0,0.0,0.0,0.0,0.0,0.0,0.0,0.0,0.0,0.0,0.0,0.0,0.0,0.0,0.0,0.0,0.0,0.0,0.0,0.0,nan,nan,4.2807083647324795,2.8933486770168475,nan,0.924550282994127,0.02333784760860528,0.0,0.0,0.0,0.0,0.0,0.0,0.0,0.0,0.0,0.0,0.0,0.0,0.0,0.0,0.0,0.0,0.0,0.0,0.0,0.0,0.0,0.0,0.0,0.0,0.0,0.19607843137254907,4.033613445378152,15.224089635854344,9.369747899159666,1.1764705882352944,0.9241540366623002,0.023297216682135927,0.0,0.0,0.0,0.0,0.0,0.0,0.0,0.0,0.0,0.0,0.0,0.0,0.0,0.0,0.0,0.0,0.0,0.0,0.0,0.0,0.0,0.0,0.0,0.0,0.01522842639593909,0.1522842639593909,4.248730964467006,14.756345177664977,9.86802030456853,0.9593908629441626,0.3677,0.02234,0.0,0.0,0.0,0.0,0.0,0.0,0.0,0.0,0.05602240896358545,1.8767507002801125,12.296918767507007,13.781512605041996,1.9607843137254906,0.028011204481792725,0.0,0.0,0.0,0.0,0.0,0.0,0.0,0.0,0.0,0.0,0.0,0.0,0.0,0.0,0.0,0.0,0.3672,0.02289,0.0,0.0,0.0,0.0,0.0,0.0,0.0,0.0,0.07614213197969545,2.071065989847716,12.121827411167514,13.65989847715734,2.040609137055838,0.03045685279187818,0.0,0.0,0.0,0.0,0.0,0.0,0.0,0.0,0.0,0.0,0.0,0.0,0.0,0.0,0.0,0.0
61000,4221,2229,0.5280739161336176,1047,859,0.4515517649846008,1159,0.5491589670694148,0.438,3.0948795180722892,3.199449922214944,6.792857142857143,2.2834698802212285,9350.8273063037,1416.021812653449,7853.0,10748.425390601158,10689.397065907542,18.017909169147863,7853.0,0.0,28.05188343994314,20.98105347588027,32.99069373942471,19.257821880462995,0.13835583984837715,0.10187159440890785,0.08860459606728263,0.087893864013267,0.08362947168917319,0.07249466950959488,0.07557450841032931,0.06396588486140725,0.05709547500592277,0.04548685145700071,0.04548685145700071,0.03885335228618811,0.03553660270078181,0.02771855010660981,0.01824212271973466,0.01089789149490642,0.008291873963515755,0.9247199488431744,0.023265952339199175,0.0,0.0,0.0,0.0,0.0,0.0,0.0,0.0,0.0,0.0,0.0,0.0,0.0,0.0,0.0,0.0,0.0,0.0,0.0,0.0,0.0,0.0,0.0,0.0,0.0,0.2061122956645345,4.093816631130065,14.996446339729925,9.694385216773279,1.0092395167022035,4.235508567262122,3.023294026114083,nan,nan,nan,4.236574746008708,3.0516688233256466,4.234604105571847,2.9954665999115213,0.9995348505443655,0.3643,0.02278,0.0,0.0,0.0,0.0,0.0,0.0,0.0,0.0,0.049751243781094544,2.5586353944562905,13.688699360341154,11.869225302061105,1.783937455579247,0.049751243781094544,0.0,0.0,0.0,0.0,0.0,0.0,0.0,0.0,0.0,0.0,0.0,0.0,0.0,0.0,0.0,0.0,nan,nan,4.235508567262122,3.023294026114083,nan,0.3643,0.11957,0.0,0.0,0.0,0.0,0.0,0.0,0.0,0.0,0.0,0.0,0.00047382136934375743,0.004288083392561004,0.0026415541340914475,0.003257521914238332,0.0009831793413882966,0.01535181236673774,0.011146647713811892,0.002357261312485193,0.007806207059938403,0.0220682302771855,0.009192134565268894,0.04021558872305141,0.014084340203743188,0.01673773987206823,0.012271973466003316,0.030478559583037194,0.01517412935323383,0.038462449656479505,0.03937455579246624,0.028452973229092633,0.015031982942430704,0.03813077469793888,0.024070125562662876,0.0414001421464108,0.0337953091684435,0.033368869936034114,0.040049751243781094,0.07741056621653637,0.019663586827765932,0.016370528310826818,0.02730395640843402,0.01423833214877991,0.020492774224117508,0.02302771855010661,0.019343757403458894,0.031864487088367685,0.012497038616441601,0.02392797915185975,0.014652925846955697,0.009654110400379057,0.01552949538024165,0.0027955460791281687,0.010483297796730632,0.009796256811182184,0.009665955934612652,0.008824923004027482,0.007806207059938403,0.010459606728263444,0.0045131485429992894,0.012520729684908789,0.0191423833214878,0.009547500592276712,0.011478322672352523,0.002144041696280502,0.003067993366500829,0.0009239516702203269,0.008576166785122009,0.0006515043828476665,0.000734423122482824,1.1845534233593935e-05,0.00021321961620469082,0.0,0.0,0.0,0.0,0.0,0.0,0.0,0.0,0.0,0.0,0.0,0.0,0.0,0.0,0.0,0.0,0.0,0.0,0.0,0.0,0.0,0.0,0.0,0.0,0.0,0.0,0.0,0.0,0.0,0.0,nan,nan,4.235508567262122,3.023294026114083,nan,0.9249799935579193,0.023531518527831308,0.0,0.0,0.0,0.0,0.0,0.0,0.0,0.0,0.0,0.0,0.0,0.0,0.0,0.0,0.0,0.0,0.0,0.0,0.0,0.0,0.0,0.0,0.0,0.0,0.0,0.24226110363391662,4.0107671601615085,14.912516823687756,9.67698519515478,1.157469717362046,0.9244289650735127,0.022961658478931606,0.0,0.0,0.0,0.0,0.0,0.0,0.0,0.0,0.0,0.0,0.0,0.0,0.0,0.0,0.0,0.0,0.0,0.0,0.0,0.0,0.0,0.0,0.0,0.0,0.0,0.16566265060240967,4.186746987951808,15.090361445783136,9.713855421686748,0.8433734939759039,0.3645,0.02274,0.0,0.0,0.0,0.0,0.0,0.0,0.0,0.0,0.06729475100942128,2.5168236877523555,13.781965006729479,11.722745625841169,1.8707940780619117,0.04037685060565276,0.0,0.0,0.0,0.0,0.0,0.0,0.0,0.0,0.0,0.0,0.0,0.0,0.0,0.0,0.0,0.0,0.3643,0.02286,0.0,0.0,0.0,0.0,0.0,0.0,0.0,0.0,0.03012048192771085,2.6054216867469884,13.584337349397593,12.033132530120463,1.6867469879518078,0.0602409638554217,0.0,0.0,0.0,0.0,0.0,0.0,0.0,0.0,0.0,0.0,0.0,0.0,0.0,0.0,0.0,0.0
61100,4403,2276,0.516920281626164,1088,861,0.4426527367703838,1207,0.5482625482625483,0.438,3.0244475787494123,3.187948091675315,6.696920583468396,2.2509944314644446,9319.14830403674,1417.4051365243251,7853.0,10751.196807861328,10689.314140014834,18.18828821182284,7853.0,0.0,27.57483533954122,20.82084602719415,32.55875169606513,19.10550958958775,0.14013172836702248,0.10651828298887123,0.09493527140585964,0.08471496706790825,0.08494208494208494,0.06813536225300931,0.07222348398818987,0.06472859414035885,0.05587099704746763,0.05087440381558029,0.048376107199636614,0.03679309561662503,0.03043379513967749,0.02475584828526005,0.018396547808312513,0.012037247331364978,0.006132182602770838,0.9251480415927099,0.02305114761789288,0.0,0.0,0.0,0.0,0.0,0.0,0.0,0.0,0.0,0.0,0.0,0.0,0.0,0.0,0.0,0.0,0.0,0.0,0.0,0.0,0.0,0.0,0.0,0.0,0.0,0.19759255053372707,3.9859186918010456,15.071542130365662,9.64796729502612,1.0969793322734502,4.3375,2.9578021823644662,nan,nan,nan,4.177570093457944,2.9124710390831563,4.495386799148332,2.9935132157287527,1.0760769295500483,0.365,0.02281,0.0,0.0,0.0,0.0,0.0,0.0,0.0,0.0,0.05450828980240746,2.4937542584601413,13.306836248012722,12.230297524415153,1.8805359981830574,0.03406768112650466,0.0,0.0,0.0,0.0,0.0,0.0,0.0,0.0,0.0,0.0,0.0,0.0,0.0,0.0,0.0,0.0,nan,nan,4.3375,2.9578021823644662,nan,0.365,0.1195,0.0,0.0,0.0,0.0,0.0,0.0,0.0,0.0,0.0,0.0,0.00044287985464456055,0.004042698160345219,0.0034294799000681355,0.003679309561662503,0.0011128775834658188,0.0160799454917102,0.011299114240290712,0.002066772655007949,0.007824210765387236,0.02120145355439473,0.007756075403134227,0.03981376334317511,0.014069952305246422,0.01860095389507154,0.010924369747899159,0.03014989779695662,0.014285714285714285,0.03637292754939814,0.0390302066772655,0.028253463547581195,0.014785373608903021,0.037042925278219396,0.024721780604133544,0.04109697933227345,0.03694072223483988,0.032852600499659323,0.04176697706109471,0.07673177379059733,0.01808993867817397,0.016795366795366796,0.027140585964115376,0.01580740404269816,0.020440608675902795,0.022212128094481035,0.02059959118782648,0.030990233931410403,0.012377924142630024,0.023143311378605497,0.015659777424483306,0.010106745400863048,0.016420622302975245,0.0030774471950942538,0.01083352259822848,0.00897115602997956,0.010084033613445379,0.01087894617306382,0.0072677719736543266,0.010958437429025664,0.003338632750397456,0.012934362934362934,0.019350442879854643,0.010095389507154212,0.01050420168067227,0.0021349080172609583,0.002748126277538042,0.0010220304337951397,0.007892346127640245,0.000590506472859414,0.0009652509652509653,1.1355893708834885e-05,0.00018169429934135816,0.0,0.0,0.0,0.0,0.0,0.0,0.0,0.0,0.0,0.0,0.0,0.0,0.0,0.0,0.0,0.0,0.0,0.0,0.0,0.0,0.0,0.0,0.0,0.0,0.0,0.0,0.0,0.0,0.0,0.0,nan,nan,4.3375,2.9578021823644662,nan,0.9248301869484159,0.02303783610605992,0.0,0.0,0.0,0.0,0.0,0.0,0.0,0.0,0.0,0.0,0.0,0.0,0.0,0.0,0.0,0.0,0.0,0.0,0.0,0.0,0.0,0.0,0.0,0.0,0.0,0.18453427065026368,4.2311072056239025,15.039543057996488,9.411247803163446,1.1335676625659052,0.9254881625002855,0.02306053136908172,0.0,0.0,0.0,0.0,0.0,0.0,0.0,0.0,0.0,0.0,0.0,0.0,0.0,0.0,0.0,0.0,0.0,0.0,0.0,0.0,0.0,0.0,0.0,0.0,0.0,0.2115655853314528,3.7235543018335693,15.10578279266573,9.90126939351199,1.0578279266572639,0.3645,0.02267,0.0,0.0,0.0,0.0,0.0,0.0,0.0,0.0,0.07908611599297014,2.5702987697715294,13.312829525483307,12.205623901581705,1.8189806678383131,0.013181019332161691,0.0,0.0,0.0,0.0,0.0,0.0,0.0,0.0,0.0,0.0,0.0,0.0,0.0,0.0,0.0,0.0,0.3652,0.02298,0.0,0.0,0.0,0.0,0.0,0.0,0.0,0.0,0.028208744710860375,2.4118476727785616,13.300423131170666,12.256699576868812,1.9464033850493658,0.05641748942172075,0.0,0.0,0.0,0.0,0.0,0.0,0.0,0.0,0.0,0.0,0.0,0.0,0.0,0.0,0.0,0.0
61200,4740,2454,0.5177215189873418,1147,967,0.4459915611814346,1337,0.5641350210970464,0.422,3.0026246719160103,3.1535495875062933,6.68370607028754,2.285310013126739,9321.610957447612,1417.5082694593743,7853.0,10747.183570861816,10689.681311451379,17.937640818145866,7853.0,0.0,27.869620253164555,20.816505061564854,32.64925,19.145997608834595,0.13481012658227848,0.10464135021097046,0.09135021097046414,0.08691983122362869,0.08713080168776371,0.07215189873417721,0.07067510548523206,0.06624472573839663,0.05590717299578059,0.048945147679324896,0.04472573839662447,0.042616033755274264,0.032489451476793246,0.025949367088607594,0.018354430379746836,0.008649789029535865,0.008438818565400843,0.9243212861853812,0.02335448162190271,0.0,0.0,0.0,0.0,0.0,0.0,0.0,0.0,0.0,0.0,0.0,0.0,0.0,0.0,0.0,0.0,0.0,0.0,0.0,0.0,0.0,0.0,0.0,0.0,0.0063291139240506345,0.15189873417721522,4.322784810126583,15.15822784810127,9.170886075949369,1.189873417721519,4.392317793827971,2.964563096319636,nan,nan,nan,4.447780678851175,2.974524388151868,4.336195508586526,2.953389169515468,0.9749121689396181,0.3652,0.0227,0.0,0.0,0.0,0.0,0.0,0.0,0.0,0.0,0.037974683544303806,2.246835443037975,13.65822784810127,12.07594936708859,1.8987341772151902,0.08227848101265825,0.0,0.0,0.0,0.0,0.0,0.0,0.0,0.0,0.0,0.0,0.0,0.0,0.0,0.0,0.0,0.0,nan,nan,4.392317793827971,2.964563096319636,nan,0.3652,0.1203,0.0,0.0,0.0,0.0,0.0,0.0,0.0,0.0,0.0,0.0,0.00040084388185654006,0.003881856540084388,0.0039029535864978904,0.004008438818565401,0.0013818565400843881,0.016424050632911392,0.011381856540084388,0.0017932489451476794,0.007531645569620253,0.02081223628691983,0.007584388185654009,0.04108649789029536,0.013006329113924051,0.019040084388185653,0.012225738396624473,0.03091772151898734,0.014388185654008439,0.03899789029535865,0.03758438818565401,0.027805907172995782,0.014071729957805907,0.035537974683544304,0.02420886075949367,0.04003164556962025,0.036128691983122366,0.03179324894514768,0.041213080168776374,0.07426160337552742,0.017552742616033755,0.018227848101265823,0.02693037974683544,0.0169831223628692,0.019082278481012658,0.02207805907172996,0.022141350210970464,0.03235232067510548,0.012035864978902954,0.02180379746835443,0.016160337552742616,0.009356540084388186,0.016645569620253164,0.0025,0.010675105485232067,0.009419831223628692,0.010126582278481013,0.011803797468354431,0.0075,0.011888185654008438,0.004335443037974684,0.013248945147679325,0.02037974683544304,0.01050632911392405,0.010221518987341771,0.0019936708860759495,0.0029430379746835443,0.0008649789029535865,0.007162447257383966,0.0006329113924050633,0.0008122362869198312,0.0,0.00023206751054852322,0.0,0.0,0.0,0.0,0.0,0.0,0.0,0.0,0.0,0.0,0.0,0.0,0.0,0.0,0.0,0.0,0.0,0.0,0.0,0.0,0.0,0.0,0.0,0.0,0.0,0.0,0.0,0.0,0.0,0.0,nan,nan,4.392317793827971,2.964563096319636,nan,0.9249657001209726,0.022938092153598807,0.0,0.0,0.0,0.0,0.0,0.0,0.0,0.0,0.0,0.0,0.0,0.0,0.0,0.0,0.0,0.0,0.0,0.0,0.0,0.0,0.0,0.0,0.0,0.0,0.0,0.08557457212713938,4.107579462102691,15.183374083129587,9.486552567237165,1.1369193154034232,0.9236295137453371,0.023773931204761335,0.0,0.0,0.0,0.0,0.0,0.0,0.0,0.0,0.0,0.0,0.0,0.0,0.0,0.0,0.0,0.0,0.0,0.0,0.0,0.0,0.0,0.0,0.0,0.0,0.013123359580052497,0.22309711286089243,4.553805774278216,15.131233595800529,8.832020997375329,1.2467191601049872,0.365,0.02272,0.0,0.0,0.0,0.0,0.0,0.0,0.0,0.0,0.012224938875305626,2.1760391198044013,14.022004889975554,11.735941320293382,1.9559902200489,0.09779951100244501,0.0,0.0,0.0,0.0,0.0,0.0,0.0,0.0,0.0,0.0,0.0,0.0,0.0,0.0,0.0,0.0,0.3655,0.02269,0.0,0.0,0.0,0.0,0.0,0.0,0.0,0.0,0.06561679790026248,2.3228346456692917,13.267716535433074,12.440944881889747,1.8372703412073494,0.06561679790026248,0.0,0.0,0.0,0.0,0.0,0.0,0.0,0.0,0.0,0.0,0.0,0.0,0.0,0.0,0.0,0.0
61300,4830,2501,0.5178053830227743,1165,1002,0.4486542443064182,1380,0.5714285714285714,0.41,2.979390296264491,3.0691900108254537,6.588414634146342,2.04629049836241,9321.785582347366,1417.4380035595093,7853.0,10756.211174726486,10689.559121446531,17.820511928890568,7853.0,0.0,27.889648033126296,20.87005136494633,32.84233900814212,19.130663820299862,0.1409937888198758,0.09585921325051759,0.10144927536231885,0.08695652173913043,0.07432712215320911,0.07701863354037267,0.06749482401656315,0.06190476190476191,0.06190476190476191,0.0567287784679089,0.0432712215320911,0.039337474120082816,0.032712215320910974,0.02525879917184265,0.014699792960662527,0.011594202898550725,0.008488612836438923,0.9245786261361084,0.023394898804447013,0.0,0.0,0.0,0.0,0.0,0.0,0.0,0.0,0.0,0.0,0.0,0.0,0.0,0.0,0.0,0.0,0.0,0.0,0.0,0.0,0.0,0.0,0.0,0.0,0.0,0.25465838509316774,4.217391304347827,14.844720496894412,9.608695652173914,1.0745341614906834,4.284421460892049,2.8145497121615217,nan,nan,nan,4.237820512820512,2.8244319362760626,4.331812255541069,2.8036700154199306,1.022179264656492,0.365,0.02275,0.0,0.0,0.0,0.0,0.0,0.0,0.0,0.0,0.09316770186335406,2.515527950310559,13.111801242236028,12.552795031055883,1.7080745341614911,0.01863354037267081,0.0,0.0,0.0,0.0,0.0,0.0,0.0,0.0,0.0,0.0,0.0,0.0,0.0,0.0,0.0,0.0,nan,nan,4.284421460892049,2.8145497121615217,nan,0.365,0.11993,0.0,0.0,0.0,0.0,0.0,0.0,0.0,0.0,0.0,0.0,0.0002484472049689441,0.0038716356107660454,0.004202898550724638,0.004544513457556936,0.002142857142857143,0.016128364389233953,0.01093167701863354,0.0018012422360248446,0.007836438923395445,0.02111801242236025,0.007608695652173913,0.04211180124223603,0.013436853002070393,0.016790890269151138,0.01129399585921325,0.029792960662525878,0.014699792960662527,0.04023809523809524,0.035838509316770184,0.025973084886128366,0.014616977225672878,0.035817805383022774,0.024575569358178055,0.03947204968944099,0.03702898550724638,0.030869565217391304,0.04355072463768116,0.07480331262939958,0.016956521739130436,0.019699792960662526,0.026283643892339545,0.017018633540372672,0.01836438923395445,0.02282608695652174,0.023374741200828157,0.03433747412008282,0.013861283643892339,0.020455486542443065,0.014730848861283645,0.008913043478260869,0.0175879917184265,0.0032712215320910972,0.009575569358178054,0.009596273291925465,0.009451345755693582,0.012287784679089028,0.005921325051759834,0.01295031055900621,0.00417184265010352,0.01417184265010352,0.01883022774327122,0.008726708074534162,0.00994824016563147,0.002474120082815735,0.002587991718426501,0.0007763975155279503,0.008022774327122154,0.0005693581780538302,0.0007039337474120083,2.0703933747412007e-05,0.00018633540372670808,0.0,0.0,0.0,0.0,0.0,0.0,0.0,0.0,0.0,0.0,0.0,0.0,0.0,0.0,0.0,0.0,0.0,0.0,0.0,0.0,0.0,0.0,0.0,0.0,0.0,0.0,0.0,0.0,0.0,0.0,nan,nan,4.284421460892049,2.8145497121615217,nan,0.9247413346263134,0.023305243013303327,0.0,0.0,0.0,0.0,0.0,0.0,0.0,0.0,0.0,0.0,0.0,0.0,0.0,0.0,0.0,0.0,0.0,0.0,0.0,0.0,0.0,0.0,0.0,0.0,0.0,0.2399040383846462,4.174330267892843,14.766093562574973,9.668132746901241,1.1515393842463018,0.9244039013898644,0.02348953983586166,0.0,0.0,0.0,0.0,0.0,0.0,0.0,0.0,0.0,0.0,0.0,0.0,0.0,0.0,0.0,0.0,0.0,0.0,0.0,0.0,0.0,0.0,0.0,0.0,0.0,0.27050236152855306,4.263632460283384,14.92915414340919,9.544869042507516,0.9918419922713613,0.365,0.02264,0.0,0.0,0.0,0.0,0.0,0.0,0.0,0.0,0.09596161535385848,2.3990403838464616,13.2906837265094,12.582966813274673,1.5953618552578972,0.03598560575769693,0.0,0.0,0.0,0.0,0.0,0.0,0.0,0.0,0.0,0.0,0.0,0.0,0.0,0.0,0.0,0.0,0.3647,0.02283,0.0,0.0,0.0,0.0,0.0,0.0,0.0,0.0,0.09016745384285103,2.640618291112066,12.919708029197084,12.520395019321578,1.8291112065264066,0.0,0.0,0.0,0.0,0.0,0.0,0.0,0.0,0.0,0.0,0.0,0.0,0.0,0.0,0.0,0.0,0.0
61400,4869,2502,0.5138632162661737,1168,991,0.44341753953583896,1404,0.5767097966728281,0.38999999999999996,3.0743557245458386,3.080041464921503,6.533886583679115,2.028810394408262,9310.87456069614,1418.0556318752429,7853.0,10753.258307218552,10690.08682495184,17.826700521333958,7853.0,0.0,28.31567056890532,20.9253277050489,33.24664552329836,19.12465777733696,0.13472992400903677,0.10002053809817212,0.0915999178476073,0.08543848839597454,0.07742863010885193,0.07783939207229411,0.07106181967549804,0.062025056479769976,0.05935510371739577,0.05586362702813719,0.0445676730334771,0.04292462517970836,0.033271719038817,0.02813719449578969,0.019921955226945984,0.009036763195728076,0.006777572396796057,0.9245639378639138,0.023108952251091778,0.0,0.0,0.0,0.0,0.0,0.0,0.0,0.0,0.0,0.0,0.0,0.0,0.0,0.0,0.0,0.0,0.0,0.0,0.0,0.0,0.0,0.0,0.0,0.0,0.0,0.17868145409735064,4.072704867529268,15.280345040049294,9.476278496611215,0.9919901417128776,4.304443744090766,2.845197508660265,nan,nan,nan,4.354919053549191,2.8147114125454187,4.2496807151979565,2.873601035652957,0.9758346051769972,0.3657,0.02245,0.0,0.0,0.0,0.0,0.0,0.0,0.0,0.0,0.0,2.3105360443622924,13.105360443622924,12.760320394331467,1.8052988293284045,0.018484288354898338,0.0,0.0,0.0,0.0,0.0,0.0,0.0,0.0,0.0,0.0,0.0,0.0,0.0,0.0,0.0,0.0,nan,nan,4.304443744090766,2.845197508660265,nan,0.3657,0.12067,0.0,0.0,0.0,0.0,0.0,0.0,0.0,0.0,0.0,0.0,0.00013349763811871022,0.0037379338673238856,0.004251386321626617,0.0037379338673238856,0.0027418361059765865,0.016728280961182996,0.011275415896487985,0.0015506264119942493,0.007496405832819881,0.020568905319367427,0.0076401725200246455,0.04447525159170261,0.013308687615526803,0.01591702608338468,0.011480796878209078,0.0292667898952557,0.01363729718628055,0.041528034504004926,0.03339494762784966,0.025220784555350175,0.01625590470322448,0.03339494762784966,0.025867734647771617,0.04094269870609982,0.03815978640377901,0.030119120969398235,0.041897720271102896,0.07183199835695214,0.017067159581022798,0.021143972068186485,0.024912713082768535,0.01647155473403163,0.01966522899979462,0.023752310536044364,0.02532347504621072,0.0352639145615116,0.014448552064078867,0.018679400287533374,0.015177654549188745,0.008554117888683509,0.016112138016019715,0.0034914766892585746,0.00948860135551448,0.008677346477716164,0.008554117888683509,0.010761963442185253,0.007034298623947423,0.01381187102074348,0.004795645923187513,0.015239268843705073,0.018771821729307865,0.010084206202505648,0.010115013349763812,0.0028445265968371327,0.0025467241733415484,0.0008831382214006983,0.008328198808790306,0.0005956048469911686,0.0007393715341959334,1.0269049086054631e-05,9.242144177449168e-05,0.0,0.0,0.0,0.0,0.0,0.0,0.0,0.0,0.0,0.0,0.0,0.0,0.0,0.0,0.0,0.0,0.0,0.0,0.0,0.0,0.0,0.0,0.0,0.0,0.0,0.0,0.0,0.0,0.0,0.0,nan,nan,4.304443744090766,2.845197508660265,nan,0.9249850835302751,0.023461032987300963,0.0,0.0,0.0,0.0,0.0,0.0,0.0,0.0,0.0,0.0,0.0,0.0,0.0,0.0,0.0,0.0,0.0,0.0,0.0,0.0,0.0,0.0,0.0,0.0,0.0,0.20383693045563553,4.028776978417267,14.652278177458037,10.059952038369307,1.0551558752997603,0.9241187724827411,0.022722378224494823,0.0,0.0,0.0,0.0,0.0,0.0,0.0,0.0,0.0,0.0,0.0,0.0,0.0,0.0,0.0,0.0,0.0,0.0,0.0,0.0,0.0,0.0,0.0,0.0,0.0,0.15209125475285173,4.1191381495564015,15.944233206590624,8.859315589353614,0.9252217997465148,0.3657,0.0223,0.0,0.0,0.0,0.0,0.0,0.0,0.0,0.0,0.0,2.2781774580335736,13.1294964028777,12.88968824940046,1.678657074340528,0.02398081534772183,0.0,0.0,0.0,0.0,0.0,0.0,0.0,0.0,0.0,0.0,0.0,0.0,0.0,0.0,0.0,0.0,0.3657,0.02261,0.0,0.0,0.0,0.0,0.0,0.0,0.0,0.0,0.0,2.344740177439798,13.07984790874525,12.623574144486673,1.9391634980988597,0.012674271229404312,0.0,0.0,0.0,0.0,0.0,0.0,0.0,0.0,0.0,0.0,0.0,0.0,0.0,0.0,0.0,0.0
61500,4766,2436,0.5111204364246748,1156,985,0.4492236676458246,1357,0.5694502727654217,0.422,2.973390557939914,3.1062964033264073,6.6532507739938085,2.1166917983756037,9303.317152230118,1418.4671646982606,7853.0,10749.693924307823,10690.525265816397,17.547218778854223,7853.0,0.0,27.556021821233738,20.724217469263582,32.70373171961674,18.910389879067893,0.14414603441040705,0.10365086026017625,0.09253042383550147,0.08224926563155686,0.07973143096936634,0.08057070919009651,0.06693243810323123,0.06063785144775493,0.05791019723038187,0.056651279899286616,0.04804867813680235,0.038187159043222826,0.029164918170373477,0.027066722618548048,0.017205203524968526,0.010071338648762064,0.005245488879563575,0.9243504769327857,0.023193480900119218,0.0,0.0,0.0,0.0,0.0,0.0,0.0,0.0,0.0,0.0,0.0,0.0,0.0,0.0,0.0,0.0,0.0,0.0,0.0,0.0,0.0,0.0,0.0,0.0,0.006294586655476292,0.22031053294167022,4.185900125891734,15.151070079731435,9.448174569869913,0.9882501049097778,4.325391644908616,2.88659595446204,nan,nan,nan,4.3315649867374,2.9034208199946345,4.319408740359897,2.870183330318959,0.9971935671253406,0.3662,0.02257,0.0,0.0,0.0,0.0,0.0,0.0,0.0,0.0,0.06294586655476292,2.1905161561057493,12.696181284095681,13.073856483424237,1.938732689886698,0.03776751993285775,0.0,0.0,0.0,0.0,0.0,0.0,0.0,0.0,0.0,0.0,0.0,0.0,0.0,0.0,0.0,0.0,nan,nan,4.325391644908616,2.88659595446204,nan,0.3662,0.1201,0.0,0.0,0.0,0.0,0.0,0.0,1.049097775912715e-05,0.0,0.0,0.0,9.441879983214435e-05,0.0035039865715484684,0.004259336970205623,0.0037347880822492657,0.002843054972723458,0.01686949223667646,0.010627360469995803,0.0015002098195551826,0.0078052874527906,0.02073017205203525,0.008224926563155686,0.04386277801091062,0.01258917331095258,0.015998741082668903,0.011361728913134705,0.028755770037767518,0.013638271086865297,0.03905791019723038,0.03235417540914813,0.024223667645824593,0.015736466638690726,0.03202895509861519,0.02536718422156945,0.045132186319765004,0.040841376416282,0.031231640788921527,0.042467477968946704,0.06791859001258917,0.01697440201426773,0.022691984892992026,0.025461603021401595,0.016649181703734788,0.020488879563575327,0.021821233738984473,0.025314729332773813,0.036330255979857326,0.014425094418799833,0.02039446076374318,0.015715484683172472,0.009620226605119598,0.01624003357112883,0.003262694083088544,0.009074695761644986,0.008550146873688628,0.009368443138900546,0.01027066722618548,0.0066198069660092325,0.014907679395719681,0.004825849769198489,0.014939152328997063,0.018610994544691565,0.008864876206462442,0.010417540914813261,0.0029164918170373477,0.0018464120856063785,0.0007553503986571548,0.008592110784725136,0.0004406210658833403,0.0007553503986571548,2.09819555182543e-05,5.245488879563575e-05,0.0,1.049097775912715e-05,0.0,0.0,0.0,0.0,0.0,0.0,0.0,0.0,0.0,0.0,0.0,0.0,0.0,0.0,0.0,0.0,0.0,0.0,0.0,0.0,0.0,0.0,0.0,0.0,0.0,0.0,0.0,0.0,nan,nan,4.325391644908616,2.88659595446204,nan,0.9249010179038901,0.022965659176241788,0.0,0.0,0.0,0.0,0.0,0.0,0.0,0.0,0.0,0.0,0.0,0.0,0.0,0.0,0.0,0.0,0.0,0.0,0.0,0.0,0.0,0.0,0.0,0.0,0.0,0.2093596059113301,4.125615763546799,14.95073891625616,9.802955665024632,0.911330049261084,0.9237748898917514,0.023415461542220073,0.0,0.0,0.0,0.0,0.0,0.0,0.0,0.0,0.0,0.0,0.0,0.0,0.0,0.0,0.0,0.0,0.0,0.0,0.0,0.0,0.0,0.0,0.0,0.0,0.012875536480686699,0.23175965665236056,4.2489270386266105,15.36051502145923,9.077253218884122,1.068669527896996,0.3667,0.02223,0.0,0.0,0.0,0.0,0.0,0.0,0.0,0.0,0.049261083743842374,2.06896551724138,12.783251231527096,13.226600985221655,1.8349753694581286,0.03694581280788178,0.0,0.0,0.0,0.0,0.0,0.0,0.0,0.0,0.0,0.0,0.0,0.0,0.0,0.0,0.0,0.0,0.366,0.02292,0.0,0.0,0.0,0.0,0.0,0.0,0.0,0.0,0.07725321888412018,2.3175965665236054,12.605150214592278,12.914163090128737,2.047210300429185,0.03862660944206009,0.0,0.0,0.0,0.0,0.0,0.0,0.0,0.0,0.0,0.0,0.0,0.0,0.0,0.0,0.0,0.0
61600,4839,2567,0.5304815044430667,1241,970,0.4569125852448853,1320,0.5455672659640421,0.426,3.0735035211267605,3.1271981643545606,6.6006006006006,2.13076977157531,9358.581894209869,1416.4919665036568,7853.0,10762.780532240868,10691.142105992034,17.95214743247654,7853.0,0.0,28.27898326100434,20.815098227920814,33.051037851037854,19.060230560849867,0.13287869394502996,0.0994007026245092,0.08782806364951436,0.09134118619549493,0.0834883240338913,0.07150237652407522,0.07026245091961149,0.07088241372184335,0.057449886340152925,0.04856375284149618,0.051250258317834266,0.040504236412481916,0.03368464558793139,0.0243852035544534,0.01839222979954536,0.012399256044637322,0.005786319487497416,0.9246491155586944,0.022721798369484816,0.0,0.0,0.0,0.0,0.0,0.0,0.0,0.0,0.0,0.0,0.0,0.0,0.0,0.0,0.0,0.0,0.0,0.0,0.0,0.0,0.0,0.0,0.0,0.0,0.0,0.17358958462492255,3.930564166150032,15.269683818970865,9.752014879107255,0.8741475511469313,4.211775878442545,2.9654186015692727,nan,nan,nan,4.157598499061914,2.937783576799492,4.2661962796664525,2.993099669964486,1.0261203145587632,0.3672,0.0223,0.0,0.0,0.0,0.0,0.0,0.0,0.0,0.0,0.012399256044637324,1.9900805951642906,12.727836329820214,13.174209547427134,2.0272783632982025,0.06819590824550528,0.0,0.0,0.0,0.0,0.0,0.0,0.0,0.0,0.0,0.0,0.0,0.0,0.0,0.0,0.0,0.0,nan,nan,4.211775878442545,2.9654186015692727,nan,0.3672,0.12054,0.0,0.0,0.0,0.0,0.0,0.0,0.0,0.0,0.0,3.0998140111593304e-05,0.00010332713370531102,0.003957429220913412,0.00459805744988634,0.003533787972721637,0.0025315147757801197,0.01773093614383137,0.010529034924571192,0.0011882620376110766,0.006426947716470345,0.02028311634635255,0.007697871461045671,0.04489563959495763,0.012233932630708825,0.015519735482537714,0.010539367637941723,0.026937383756974582,0.013422194668319901,0.04248811737962389,0.032320727423021285,0.023496590204587726,0.01605703657780533,0.029944203347799132,0.024901839222979956,0.04643521388716677,0.040411241992147136,0.029014259144451333,0.04308741475511469,0.06849555693325067,0.018702211200661293,0.023434593924364536,0.024354205414341808,0.01764827443686712,0.02225666460012399,0.020613763174209546,0.02419921471378384,0.03610250051663567,0.014093821037404423,0.020117792932424054,0.016542674106220293,0.0091031204794379,0.01819590824550527,0.003533787972721637,0.008999793345732589,0.007739202314527795,0.009526761727629675,0.00947509816077702,0.006871254391403183,0.015375077495350279,0.004577392023145278,0.014517462285596198,0.01877454019425501,0.009113453192808431,0.009898739408968795,0.004060756354618723,0.0016635668526555074,0.0007542880760487705,0.009268443893366398,0.000506302955156024,0.0010436040504236412,8.266170696424881e-05,3.0998140111593304e-05,1.0332713370531101e-05,0.0,0.0,0.0,0.0,0.0,0.0,0.0,0.0,0.0,0.0,0.0,0.0,0.0,0.0,0.0,0.0,0.0,0.0,0.0,0.0,0.0,0.0,0.0,0.0,0.0,0.0,0.0,0.0,0.0,nan,nan,4.211775878442545,2.9654186015692727,nan,0.9251710237303178,0.0229310844570786,0.0,0.0,0.0,0.0,0.0,0.0,0.0,0.0,0.0,0.0,0.0,0.0,0.0,0.0,0.0,0.0,0.0,0.0,0.0,0.0,0.0,0.0,0.0,0.0,0.0,0.17530190884300745,3.798208024931828,15.181145305804444,9.922088040514222,0.9232567199065058,0.9240594420214774,0.02246841260058501,0.0,0.0,0.0,0.0,0.0,0.0,0.0,0.0,0.0,0.0,0.0,0.0,0.0,0.0,0.0,0.0,0.0,0.0,0.0,0.0,0.0,0.0,0.0,0.0,0.0,0.17165492957746484,4.080105633802818,15.369718309859158,9.55985915492958,0.8186619718309861,0.3674,0.0226,0.0,0.0,0.0,0.0,0.0,0.0,0.0,0.0,0.011686793922867162,1.9984417608102847,12.399688352162059,13.381379041682878,2.1503700818075577,0.058433969614335814,0.0,0.0,0.0,0.0,0.0,0.0,0.0,0.0,0.0,0.0,0.0,0.0,0.0,0.0,0.0,0.0,0.3667,0.02193,0.0,0.0,0.0,0.0,0.0,0.0,0.0,0.0,0.01320422535211268,1.9806338028169017,13.098591549295778,12.940140845070403,1.8882042253521132,0.07922535211267608,0.0,0.0,0.0,0.0,0.0,0.0,0.0,0.0,0.0,0.0,0.0,0.0,0.0,0.0,0.0,0.0
61700,4983,2625,0.526791089704997,1233,1002,0.44852498494882603,1364,0.5474613686534217,0.40199999999999997,3.019932145886344,3.146552106123358,6.673163418290854,2.2639703304046703,9348.012474957704,1417.0052818140484,7853.0,10748.938074231148,10690.96082389114,18.45580226841455,7853.0,0.0,27.903471804134057,20.69143238782762,32.42796510257015,19.104684637171847,0.1280353200883002,0.11017459361830223,0.08910295003010235,0.09371864338751756,0.08308248043347381,0.07645996387718242,0.07003812964077864,0.06120810756572346,0.05639173188842063,0.05578968492875778,0.04475215733493879,0.03732691149909693,0.035721452939995985,0.02087096126831226,0.020268914308649407,0.010034115994380895,0.0070238811960666265,0.924919856245346,0.02327667480117688,0.0,0.0,0.0,0.0,0.0,0.0,0.0,0.0,0.0,0.0,0.0,0.0,0.0,0.0,0.0,0.0,0.0,0.0,0.0,0.0,0.0,0.0,0.0,0.0,0.006020469596628539,0.1745936183022276,4.057796508127635,15.057194461167974,9.644792293798918,1.0596026490066226,4.251168588345279,2.957028805637161,nan,nan,nan,4.261904761904762,2.994828856655087,4.240694789081886,2.920005695913348,0.9950233583320626,0.3672,0.02292,0.0,0.0,0.0,0.0,0.0,0.0,0.0,0.0,0.03010234798314269,2.0108368452739316,12.60686333534016,13.040337146297393,2.257676098735702,0.05418422636965684,0.0,0.0,0.0,0.0,0.0,0.0,0.0,0.0,0.0,0.0,0.0,0.0,0.0,0.0,0.0,0.0,nan,nan,4.251168588345279,2.957028805637161,nan,0.3672,0.1213,0.0,0.0,0.0,0.0,0.0,0.0,0.0,0.0,0.0,0.0,0.00011037527593818985,0.004294601645595023,0.004324703993578166,0.0038029299618703594,0.0022576760987357016,0.016967690146498092,0.010445514750150512,0.0011338551073650411,0.007274734095926149,0.02027894842464379,0.008378486855308048,0.04496287377082079,0.012251655629139073,0.014960866947621915,0.011137868753762794,0.028747742323901263,0.013716636564318683,0.044140076259281555,0.029339755167569738,0.02307846678707606,0.01603451735902067,0.030694360826811158,0.024824402970098334,0.045364238410596024,0.03816977724262492,0.030172586795103352,0.04452137266706803,0.0691149909692956,0.018512944009632753,0.02231587397150311,0.024894641782059,0.017088099538430664,0.023249046758980534,0.019556492073048364,0.025857916917519565,0.03635360224764198,0.01277342966084688,0.01858318282159342,0.0141280353200883,0.008549066827212523,0.018793899257475415,0.004304635761589404,0.008689544451133855,0.007264699979931768,0.009281557294802328,0.009070840858920329,0.008428657435279952,0.013997591812161349,0.004635761589403974,0.015201685731487056,0.02028898254063817,0.008689544451133855,0.011348585189644793,0.004455147501505117,0.0017660044150110375,0.0006120810756572346,0.008890226771021473,0.000381296407786474,0.0015051173991571343,3.0102347983142685e-05,0.0,0.0,0.0,0.0,0.0,0.0,0.0,0.0,0.0,0.0,0.0,0.0,0.0,0.0,0.0,0.0,0.0,0.0,0.0,0.0,0.0,0.0,0.0,0.0,0.0,0.0,0.0,0.0,0.0,0.0,0.0,nan,nan,4.251168588345279,2.957028805637161,nan,0.9249222680954706,0.023335198524602436,0.0,0.0,0.0,0.0,0.0,0.0,0.0,0.0,0.0,0.0,0.0,0.0,0.0,0.0,0.0,0.0,0.0,0.0,0.0,0.0,0.0,0.0,0.0,0.0,0.011428571428571432,0.17142857142857149,4.102857142857143,14.960000000000003,9.680000000000003,1.0742857142857145,0.9249171712976881,0.023211350485005073,0.0,0.0,0.0,0.0,0.0,0.0,0.0,0.0,0.0,0.0,0.0,0.0,0.0,0.0,0.0,0.0,0.0,0.0,0.0,0.0,0.0,0.0,0.0,0.0,0.0,0.17811704834605602,4.00763358778626,15.165394402035627,9.605597964376592,1.0432569974554708,0.3674,0.02339,0.0,0.0,0.0,0.0,0.0,0.0,0.0,0.0,0.034285714285714294,2.0800000000000005,12.422857142857145,12.891428571428552,2.5028571428571436,0.06857142857142859,0.0,0.0,0.0,0.0,0.0,0.0,0.0,0.0,0.0,0.0,0.0,0.0,0.0,0.0,0.0,0.0,0.3672,0.02238,0.0,0.0,0.0,0.0,0.0,0.0,0.0,0.0,0.025445292620865145,1.933842239185751,12.811704834605601,13.20610687022899,1.9847328244274813,0.03816793893129772,0.0,0.0,0.0,0.0,0.0,0.0,0.0,0.0,0.0,0.0,0.0,0.0,0.0,0.0,0.0,0.0
61800,4641,2377,0.5121741004093945,1118,919,0.43891402714932126,1300,0.5602240896358543,0.426,3.0075088339222615,3.137518906635932,6.511177347242921,2.2548725746066847,9306.854780439493,1418.9358695108995,7853.0,10754.947197914124,10691.594882633439,18.11030879215989,7853.0,0.0,28.301659125188536,21.132561348644423,33.16496424923391,19.423348161520064,0.13531566472742942,0.10234863176039646,0.09588450764921354,0.08683473389355742,0.07627666451195864,0.07218271924154276,0.06851971557853911,0.06119370825253178,0.05235940530058177,0.05731523378582202,0.05472958414134885,0.04050851109674639,0.030165912518853696,0.028442146089204912,0.018961430726136607,0.01098901098901099,0.007972419737125619,0.9259062442792898,0.023090916483955157,0.0,0.0,0.0,0.0,0.0,0.0,0.0,0.0,0.0,0.0,0.0,0.0,0.0,0.0,0.0,0.0,0.0,0.0,0.0,0.0,0.0,0.0,0.0,0.0,0.0,0.18099547511312222,3.85261797026503,14.647705235940533,10.271493212669684,1.0471881060116357,4.255163224516989,2.879696723822238,nan,nan,nan,4.140854472630173,2.8252721440185273,4.369015957446808,2.928468590744897,1.0551000974133997,0.367,0.02304,0.0,0.0,0.0,0.0,0.0,0.0,0.0,0.0,0.025856496444731744,2.184873949579832,12.734324499030384,12.624434389140253,2.3852617970265033,0.045248868778280556,0.0,0.0,0.0,0.0,0.0,0.0,0.0,0.0,0.0,0.0,0.0,0.0,0.0,0.0,0.0,0.0,nan,nan,4.255163224516989,2.879696723822238,nan,0.367,0.12103,0.0,0.0,0.0,0.0,0.0,0.0,0.0,0.0,0.0,0.0,0.0002370178840767076,0.004503339797457444,0.0040508511096746394,0.004255548373195432,0.002176255117431588,0.01701141995259642,0.009976298211592328,0.0012281835811247576,0.007261366084895497,0.018982977806507217,0.00938375350140056,0.04486102133160957,0.011021331609566904,0.014059469941822883,0.011053652230122819,0.028118939883645767,0.01442577030812325,0.04524886877828054,0.030025856496444733,0.023066149536737773,0.015632406808877397,0.033204050851109675,0.023777203188967894,0.0460245636716225,0.037901314371902604,0.03261150614091791,0.04364361129067011,0.07222581340228398,0.017086834733893556,0.02129928894634777,0.02332471450118509,0.016558931264813618,0.02305537599655247,0.018605903900021547,0.028118939883645767,0.03747037276449041,0.01187244128420599,0.017086834733893556,0.014027149321266969,0.008672699849170438,0.019219995690583927,0.004147812971342383,0.008974358974358974,0.007099762982115923,0.00931911226028873,0.009265244559362206,0.008726567550096962,0.013143719026071967,0.004320189614307262,0.01446886446886447,0.019995690583925876,0.00839258780435251,0.010633484162895928,0.004600301659125189,0.0018638224520577463,0.0006356388709329886,0.009276018099547511,0.00028011204481792715,0.0024886877828054297,0.0,0.0,0.0,0.0,0.0,0.0,0.0,0.0,0.0,0.0,0.0,0.0,0.0,0.0,0.0,0.0,0.0,0.0,0.0,0.0,0.0,0.0,0.0,0.0,0.0,0.0,0.0,0.0,0.0,0.0,0.0,0.0,nan,nan,4.255163224516989,2.879696723822238,nan,0.9260203581825244,0.02309417123973553,0.0,0.0,0.0,0.0,0.0,0.0,0.0,0.0,0.0,0.0,0.0,0.0,0.0,0.0,0.0,0.0,0.0,0.0,0.0,0.0,0.0,0.0,0.0,0.0,0.0,0.1893142616743795,3.7484223811527144,14.75389145982331,10.248212031973077,1.0601598653765252,0.925786434761627,0.023086891818859524,0.0,0.0,0.0,0.0,0.0,0.0,0.0,0.0,0.0,0.0,0.0,0.0,0.0,0.0,0.0,0.0,0.0,0.0,0.0,0.0,0.0,0.0,0.0,0.0,0.0,0.17226148409894,3.962014134275619,14.536219081272089,10.29593639575972,1.0335689045936398,0.3674,0.02315,0.0,0.0,0.0,0.0,0.0,0.0,0.0,0.0,0.025241901556583936,2.057214976861591,12.797644089188056,12.58308792595707,2.5115692048801015,0.025241901556583936,0.0,0.0,0.0,0.0,0.0,0.0,0.0,0.0,0.0,0.0,0.0,0.0,0.0,0.0,0.0,0.0,0.3667,0.02292,0.0,0.0,0.0,0.0,0.0,0.0,0.0,0.0,0.026501766784452305,2.3189045936395765,12.6678445229682,12.66784452296818,2.2526501766784457,0.06625441696113075,0.0,0.0,0.0,0.0,0.0,0.0,0.0,0.0,0.0,0.0,0.0,0.0,0.0,0.0,0.0,0.0
61900,4593,2348,0.5112127150010886,1091,955,0.44546048334421945,1301,0.5665142608317004,0.422,3.0120267260579063,3.17722093399692,6.669767441860465,2.3123062969755956,9304.044724419333,1418.9171140491005,7853.0,10760.823874473572,10691.436294402896,17.611386474204735,7853.0,0.0,28.18680600914435,21.128028342318746,33.27523413111342,19.337928111740926,0.13977792292619204,0.10428913564119312,0.09144350097975179,0.08055736991073373,0.07881558893969083,0.07250163291966036,0.0677117352492924,0.06466361854996734,0.06074461136512083,0.054430655345090354,0.046810363596777704,0.038101458741563246,0.033964728935336384,0.028303940779446986,0.018941868060091443,0.011757021554539516,0.007184846505551927,0.9259455892973779,0.023362281332390007,0.0,0.0,0.0,0.0,0.0,0.0,0.0,0.0,0.0,0.0,0.0,0.0,0.0,0.0,0.0,0.0,0.0,0.0,0.0,0.0,0.0,0.0,0.0,0.0,0.0,0.1502286087524494,3.7883736120182894,14.983670803396477,9.797517962116265,1.2802090137165254,4.294038396766588,2.906555492293585,nan,nan,nan,4.329388560157791,2.938329116289575,4.2569060773480665,2.8723331300465595,0.9832580324444053,0.3665,0.02188,0.0,0.0,0.0,0.0,0.0,0.0,0.0,0.0,0.01959503592423253,1.881123448726323,13.38340953625082,12.691051600261249,1.9790986283474856,0.04572175048987591,0.0,0.0,0.0,0.0,0.0,0.0,0.0,0.0,0.0,0.0,0.0,0.0,0.0,0.0,0.0,0.0,nan,nan,4.294038396766588,2.906555492293585,nan,0.3665,0.11993,0.0,0.0,0.0,0.0,0.0,0.0,0.0,0.0,0.0,0.0,0.0002503810145874156,0.004822556063575005,0.003701284563466144,0.004637491835401698,0.002122795558458524,0.017711735249292402,0.009002830394077945,0.001382538645765295,0.0068147180492053126,0.019899847594165035,0.009231439146527324,0.0448182016111474,0.009612453733942957,0.015382103200522534,0.011049423035053341,0.027106466361854997,0.013455258001306336,0.0444589592858698,0.02980622686697148,0.021685173089484,0.01603527106466362,0.03359460047898977,0.02360113215763118,0.04597213150446331,0.03732854343566296,0.0347594165033747,0.04452427607228391,0.0751251905072937,0.01749401262791204,0.020955802307859785,0.023220117570215547,0.017287176137600696,0.0231330285216634,0.019322882647507075,0.027509253211408666,0.03929893315915524,0.012606139777922926,0.017287176137600696,0.015033747006313956,0.008219028957108644,0.018038319181362943,0.004016982364467668,0.009383844981493578,0.006215980840409319,0.008545612889179186,0.007827128238623993,0.009449161767907686,0.01398867842368822,0.003679512301328108,0.01337905508382321,0.019105160026126715,0.008959285869801872,0.01015676028739386,0.004365338558676247,0.0019050729370781625,0.0005443065534509035,0.008458523840627041,0.0002939255388634879,0.0024276072283910296,0.0,0.0,0.0,0.0,0.0,0.0,0.0,0.0,0.0,0.0,0.0,0.0,0.0,0.0,0.0,0.0,0.0,0.0,0.0,0.0,0.0,0.0,0.0,0.0,0.0,0.0,0.0,0.0,0.0,0.0,0.0,0.0,nan,nan,4.294038396766588,2.906555492293585,nan,0.9265794888316468,0.02330348863211414,0.0,0.0,0.0,0.0,0.0,0.0,0.0,0.0,0.0,0.0,0.0,0.0,0.0,0.0,0.0,0.0,0.0,0.0,0.0,0.0,0.0,0.0,0.0,0.0,0.0,0.11499148211243614,3.6158432708688255,14.936115843270873,10.132027257240207,1.2010221465076663,0.9252826066218931,0.02340525285447621,0.0,0.0,0.0,0.0,0.0,0.0,0.0,0.0,0.0,0.0,0.0,0.0,0.0,0.0,0.0,0.0,0.0,0.0,0.0,0.0,0.0,0.0,0.0,0.0,0.0,0.18708240534521164,3.9688195991091324,15.033407572383076,9.447661469933186,1.3630289532293989,0.3667,0.02167,0.0,0.0,0.0,0.0,0.0,0.0,0.0,0.0,0.025553662691652476,1.9293015332197618,12.955706984667806,13.121805792163524,1.9293015332197618,0.038330494037478714,0.0,0.0,0.0,0.0,0.0,0.0,0.0,0.0,0.0,0.0,0.0,0.0,0.0,0.0,0.0,0.0,0.3662,0.0221,0.0,0.0,0.0,0.0,0.0,0.0,0.0,0.0,0.013363028953229402,1.830734966592428,13.83073496659243,12.24053452115811,2.031180400890869,0.05345211581291761,0.0,0.0,0.0,0.0,0.0,0.0,0.0,0.0,0.0,0.0,0.0,0.0,0.0,0.0,0.0,0.0
62000,4975,2599,0.5224120603015076,1219,1014,0.44884422110552763,1422,0.5716582914572864,0.38199999999999995,2.928872053872054,3.070371292290018,6.527987897125567,2.126389275826451,9335.82943984197,1417.8460342732021,7853.0,10757.427337169647,10691.42880462247,17.757424827931438,7853.0,0.0,27.915979899497486,20.710169762159975,32.719189511323,18.99780556453873,0.13467336683417086,0.10673366834170854,0.08944723618090453,0.08341708542713568,0.08301507537688442,0.0743718592964824,0.0743718592964824,0.06552763819095478,0.056884422110552765,0.05226130653266332,0.04844221105527638,0.038592964824120606,0.03336683417085427,0.02592964824120603,0.016080402010050253,0.00984924623115578,0.007035175879396985,0.925897311277725,0.023341877299130714,0.0,0.0,0.0,0.0,0.0,0.0,0.0,0.0,0.0,0.0,0.0,0.0,0.0,0.0,0.0,0.0,0.0,0.0,0.0,0.0,0.0,0.0,0.0,0.0,0.0,0.16281407035175885,3.973869346733669,14.586934673366837,10.082412060301511,1.1939698492462314,4.183540372670808,2.8563173767010874,nan,nan,nan,4.20424734540912,2.8456231245419135,4.163063619518221,2.8667064176973107,0.9902042571458433,0.3662,0.02205,0.0,0.0,0.0,0.0,0.0,0.0,0.0,0.0,0.024120603015075383,2.002010050251257,13.230150753768847,12.795979899497468,1.9236180904522617,0.024120603015075383,0.0,0.0,0.0,0.0,0.0,0.0,0.0,0.0,0.0,0.0,0.0,0.0,0.0,0.0,0.0,0.0,nan,nan,4.183540372670808,2.8563173767010874,nan,0.3662,0.11975,0.0,0.0,0.0,0.0,0.0,0.0,0.0,0.0,0.0,1.0050251256281408e-05,0.0002613065326633166,0.004623115577889447,0.00392964824120603,0.0048542713567839195,0.0020804020100502513,0.0197286432160804,0.008984924623115578,0.0013668341708542714,0.0069045226130653265,0.01949748743718593,0.0077688442211055276,0.04764824120603015,0.008773869346733668,0.015959798994974874,0.010351758793969849,0.02543718592964824,0.013949748743718593,0.04430150753768844,0.02892462311557789,0.021618090452261308,0.017316582914572866,0.03367839195979899,0.022814070351758794,0.04417085427135679,0.03514572864321608,0.03423115577889447,0.043678391959798994,0.07542713567839196,0.01921608040201005,0.02098492462311558,0.023467336683417085,0.018462311557788946,0.022844221105527637,0.020271356783919597,0.02593969849246231,0.04031155778894473,0.012331658291457286,0.019135678391959798,0.01507537688442211,0.008864321608040201,0.01836180904522613,0.0036884422110552762,0.008703517587939698,0.00763819095477387,0.009608040201005025,0.007115577889447236,0.009708542713567839,0.013839195979899497,0.0026733668341708543,0.014512562814070352,0.018964824120603015,0.0084321608040201,0.00993969849246231,0.004030150753768844,0.002090452261306533,0.0006130653266331658,0.0073768844221105525,0.0004422110552763819,0.0019195979899497488,0.0,0.0,0.0,0.0,0.0,0.0,0.0,0.0,0.0,0.0,0.0,0.0,0.0,0.0,0.0,0.0,0.0,0.0,0.0,0.0,0.0,0.0,0.0,0.0,0.0,0.0,0.0,0.0,0.0,0.0,0.0,0.0,nan,nan,4.183540372670808,2.8563173767010874,nan,0.9262389236571652,0.02346143009266645,0.0,0.0,0.0,0.0,0.0,0.0,0.0,0.0,0.0,0.0,0.0,0.0,0.0,0.0,0.0,0.0,0.0,0.0,0.0,0.0,0.0,0.0,0.0,0.0,0.0,0.16160061562139288,3.924586379376684,14.474797999230477,10.250096190842635,1.1889188149288192,0.9255236367936488,0.023204640086691885,0.0,0.0,0.0,0.0,0.0,0.0,0.0,0.0,0.0,0.0,0.0,0.0,0.0,0.0,0.0,0.0,0.0,0.0,0.0,0.0,0.0,0.0,0.0,0.0,0.0,0.1641414141414142,4.027777777777779,14.709595959595962,9.8989898989899,1.1994949494949496,0.367,0.0219,0.0,0.0,0.0,0.0,0.0,0.0,0.0,0.0,0.023085802231627553,1.8584070796460181,12.83570604078492,13.262793382070008,1.9969218930357833,0.023085802231627553,0.0,0.0,0.0,0.0,0.0,0.0,0.0,0.0,0.0,0.0,0.0,0.0,0.0,0.0,0.0,0.0,0.3652,0.02217,0.0,0.0,0.0,0.0,0.0,0.0,0.0,0.0,0.02525252525252526,2.1590909090909096,13.661616161616164,12.285353535353517,1.8434343434343439,0.02525252525252526,0.0,0.0,0.0,0.0,0.0,0.0,0.0,0.0,0.0,0.0,0.0,0.0,0.0,0.0,0.0,0.0
62100,4723,2458,0.5204319288587762,1151,968,0.4486555155621427,1332,0.5640482744018632,0.414,3.0247240618101547,3.118457156068268,6.5606060606060606,2.2028135444195955,9329.642304207999,1417.5466534420323,7853.0,10746.589325428009,10690.339952308535,18.32711240533806,7853.0,0.0,28.314207071776412,20.850941080830726,33.11013767209011,19.08322815595242,0.13254287529112851,0.09845437222104594,0.08977344907897523,0.0876561507516409,0.08320982426423883,0.07918695744230363,0.06881219563836545,0.06013127249629473,0.06182511115816219,0.05250899851789117,0.047639212365022235,0.045945373703154775,0.029006987084480202,0.026889688757145883,0.016303197120474275,0.013338979462206225,0.0067753546474698285,0.9256560944183232,0.023083853742398127,0.0,0.0,0.0,0.0,0.0,0.0,0.0,0.0,0.0,0.0,0.0,0.0,0.0,0.0,0.0,0.0,0.0,0.0,0.0,0.0,0.0,0.0,0.0,0.0,0.0,0.1715011645140801,3.7666737243277586,14.844378572940931,10.105864916366718,1.111581621850519,4.231813773035888,2.9361559578532503,nan,nan,nan,4.244415243101183,2.9318897236907264,4.217834394904458,2.940330220735395,0.9937374534124745,0.3655,0.02263,0.0,0.0,0.0,0.0,0.0,0.0,0.0,0.0,0.05716705483802669,2.4581833580351478,12.919754393394033,12.799068388735954,1.7467711200508156,0.019055684946008896,0.0,0.0,0.0,0.0,0.0,0.0,0.0,0.0,0.0,0.0,0.0,0.0,0.0,0.0,0.0,0.0,nan,nan,4.231813773035888,2.9361559578532503,nan,0.3655,0.1198,0.0,0.0,0.0,0.0,0.0,0.0,0.0,0.0,0.0,0.0,0.00024348930764344696,0.005356764768155833,0.003959347872115181,0.005176794410332416,0.0020855388524243066,0.020717764132966335,0.008882066483167477,0.001132754605123862,0.006870633072199873,0.0193521067118357,0.007558755028583527,0.047872115181029004,0.00975015879737455,0.01640906203684099,0.010067753546474698,0.02655092102477239,0.013476603853482956,0.042727080245606605,0.02820241372009316,0.022189286470463688,0.017224221892864704,0.03387677323734914,0.023597289858141014,0.04462206224857082,0.03507304679229303,0.035422401016303194,0.04252593690450984,0.072146940503917,0.019098030912555578,0.020378996400592844,0.0244230362058014,0.01766885454160491,0.02259157315265721,0.020400169383866188,0.02438069023925471,0.04014397628625874,0.012566165572729198,0.01962735549438916,0.0143552826593267,0.009739572305737878,0.020262544992589455,0.0038640694473851367,0.010597078128308278,0.008088079610417107,0.008659750158797375,0.0075905145034935425,0.01053355917848825,0.013624814736396358,0.0022337497353377093,0.014948126190980309,0.01799703578234173,0.00909379631590091,0.009083209824264239,0.004128731738301927,0.0025936904509845436,0.0003705272072835062,0.00625661655727292,0.00039170019055684947,0.0012174465382172347,0.0,2.1172983273343213e-05,0.0,0.0,0.0,0.0,0.0,0.0,0.0,0.0,0.0,0.0,0.0,0.0,0.0,0.0,0.0,0.0,0.0,0.0,0.0,0.0,0.0,0.0,0.0,0.0,0.0,0.0,0.0,0.0,0.0,0.0,nan,nan,4.231813773035888,2.9361559578532503,nan,0.9259083331649725,0.02349106824717457,0.0,0.0,0.0,0.0,0.0,0.0,0.0,0.0,0.0,0.0,0.0,0.0,0.0,0.0,0.0,0.0,0.0,0.0,0.0,0.0,0.0,0.0,0.0,0.0,0.0,0.1830756712774614,3.8323840520748584,14.572823433685926,10.093572009764038,1.3181448331977221,0.9253823624804584,0.02263047190839129,0.0,0.0,0.0,0.0,0.0,0.0,0.0,0.0,0.0,0.0,0.0,0.0,0.0,0.0,0.0,0.0,0.0,0.0,0.0,0.0,0.0,0.0,0.0,0.0,0.0,0.1589403973509934,3.6953642384105967,15.139072847682122,10.119205298013247,0.8874172185430466,0.3652,0.02269,0.0,0.0,0.0,0.0,0.0,0.0,0.0,0.0,0.07323026851098455,2.41659886086249,12.986167615947927,12.729861676159462,1.7941415785191217,0.0,0.0,0.0,0.0,0.0,0.0,0.0,0.0,0.0,0.0,0.0,0.0,0.0,0.0,0.0,0.0,0.0,0.3657,0.02255,0.0,0.0,0.0,0.0,0.0,0.0,0.0,0.0,0.03973509933774835,2.503311258278146,12.8476821192053,12.874172185430444,1.6953642384105965,0.03973509933774835,0.0,0.0,0.0,0.0,0.0,0.0,0.0,0.0,0.0,0.0,0.0,0.0,0.0,0.0,0.0,0.0
62200,4677,2431,0.5197776352362625,1153,943,0.4481505238400684,1301,0.5563395338892453,0.418,2.9341050756901157,3.0969958982196846,6.429027113237639,2.3113311155221057,9328.050237049525,1417.8733307998205,7853.0,10759.217668294907,10690.848604969407,18.01701785957253,7853.0,0.0,28.250374171477443,20.798080390386865,33.1128010139417,19.004467512586537,0.1372674791533034,0.1013470173187941,0.08723540731237973,0.08189010049176823,0.08231772503741715,0.07740004276245456,0.06692324139405602,0.06200555911909344,0.061577934573444515,0.05601881548000855,0.05067350865939705,0.043190079110540944,0.03356852683344024,0.023946974556339533,0.01796023091725465,0.012828736369467608,0.003848620910840282,0.9262048929885128,0.022807196071474727,0.0,0.0,0.0,0.0,0.0,0.0,0.0,0.0,0.0,0.0,0.0,0.0,0.0,0.0,0.0,0.0,0.0,0.0,0.0,0.0,0.0,0.0,0.0,0.0,0.006414368184733806,0.16035920461834513,3.527902501603593,15.080179602309176,10.128287363694678,1.0968569595894806,4.251812788398154,2.8885936564958374,nan,nan,nan,4.2174202127659575,2.8634601416809873,4.2871157619359055,2.9130585066196266,1.0165256354960748,0.366,0.02267,0.0,0.0,0.0,0.0,0.0,0.0,0.0,0.0,0.08980115458627327,2.0269403463758824,13.373957665169984,12.488774855676697,1.9948685054522133,0.025657472738935223,0.0,0.0,0.0,0.0,0.0,0.0,0.0,0.0,0.0,0.0,0.0,0.0,0.0,0.0,0.0,0.0,nan,nan,4.251812788398154,2.8885936564958374,nan,0.366,0.1196,0.0,0.0,0.0,0.0,0.0,0.0,0.0,0.0,0.0,0.0,0.00016035920461834508,0.005078041479580928,0.003998289501817404,0.006061577934573444,0.0028223220012828735,0.01916827025871285,0.00889459054949754,0.0013577079324353218,0.00618986529826812,0.02002351935001069,0.006692324139405602,0.04678212529399187,0.008755612572161642,0.015437246097926021,0.010519563822963438,0.026523412443874277,0.013865725892666238,0.04271969211032713,0.02734658969424845,0.02176608937353004,0.01924310455420141,0.03330126149240967,0.02404319007911054,0.04432328415651059,0.03897797733589908,0.03732093222150951,0.041565105837075046,0.07178747060081249,0.020248022236476374,0.017938849689972204,0.02325208466966004,0.01611075475732307,0.02208680778276673,0.022856531964934788,0.024053880692751765,0.039373530040624334,0.012828736369467608,0.02245028864656831,0.01447509087021595,0.009076330981398333,0.018719264485781484,0.0032178747060081247,0.008766303185802866,0.009760530254436605,0.008563181526619628,0.007312379730596536,0.011011332050459696,0.014143681847338037,0.0027367970921530894,0.014560615779345734,0.018120590121872997,0.009193927731451786,0.009482574299764807,0.004062433183664742,0.0022343382510156082,0.00033140902287791317,0.006906136412230062,0.0002031216591832371,0.0011759675005345307,0.0,2.138122728244601e-05,0.0,0.0,0.0,0.0,0.0,0.0,0.0,0.0,0.0,0.0,0.0,0.0,0.0,0.0,0.0,0.0,0.0,0.0,0.0,0.0,0.0,0.0,0.0,0.0,0.0,0.0,0.0,0.0,0.0,0.0,nan,nan,4.251812788398154,2.8885936564958374,nan,0.9260926789484216,0.023233352816028896,0.0,0.0,0.0,0.0,0.0,0.0,0.0,0.0,0.0,0.0,0.0,0.0,0.0,0.0,0.0,0.0,0.0,0.0,0.0,0.0,0.0,0.0,0.0,0.0,0.0,0.17276840806252575,3.7638831756478823,14.84574249280132,10.106951871657756,1.1106540518305226,0.926326349948202,0.022336141292247234,0.0,0.0,0.0,0.0,0.0,0.0,0.0,0.0,0.0,0.0,0.0,0.0,0.0,0.0,0.0,0.0,0.0,0.0,0.0,0.0,0.0,0.0,0.0,0.0,0.013357079252003565,0.1469278717720392,3.2724844167408733,15.333926981300092,10.151380231522708,1.0819234194122886,0.366,0.02289,0.0,0.0,0.0,0.0,0.0,0.0,0.0,0.0,0.09872480460715757,2.1349238996297824,12.98231180584122,12.760180995475094,1.9991772932949408,0.024681201151789393,0.0,0.0,0.0,0.0,0.0,0.0,0.0,0.0,0.0,0.0,0.0,0.0,0.0,0.0,0.0,0.0,0.3657,0.02246,0.0,0.0,0.0,0.0,0.0,0.0,0.0,0.0,0.08014247551202139,1.9100623330365099,13.797862867319683,12.195013357079235,1.990204808548531,0.02671415850400713,0.0,0.0,0.0,0.0,0.0,0.0,0.0,0.0,0.0,0.0,0.0,0.0,0.0,0.0,0.0,0.0
62300,4740,2422,0.5109704641350211,1125,1002,0.4487341772151899,1366,0.5763713080168776,0.39399999999999996,2.968507333908542,3.0739168940203916,6.472809667673716,2.1699021146905593,9303.45563918005,1419.0289406495447,7853.0,10746.743797540665,10691.629120443204,17.64454079884032,7853.0,0.0,27.966877637130803,20.71366881807418,32.799549549549546,18.962151063902734,0.1369198312236287,0.09915611814345991,0.0919831223628692,0.09219409282700422,0.07890295358649789,0.07236286919831224,0.07341772151898734,0.05970464135021097,0.06181434599156118,0.052742616033755275,0.04767932489451477,0.039240506329113925,0.03481012658227848,0.024472573839662448,0.0189873417721519,0.012447257383966244,0.0031645569620253164,0.9264999756833169,0.022661629816967125,0.0,0.0,0.0,0.0,0.0,0.0,0.0,0.0,0.0,0.0,0.0,0.0,0.0,0.0,0.0,0.0,0.0,0.0,0.0,0.0,0.0,0.0,0.0,0.0,0.0,0.13924050632911394,3.5379746835443044,14.78481012658228,10.37341772151899,1.1645569620253167,4.249103358330617,2.8718802999430495,nan,nan,nan,4.338064516129032,2.8532781592235597,4.15820698747528,2.887934384966084,0.9585396833115235,0.367,0.02231,0.0,0.0,0.0,0.0,0.0,0.0,0.0,0.0,0.018987341772151903,2.158227848101266,12.518987341772155,13.221518987341753,2.056962025316456,0.025316455696202538,0.0,0.0,0.0,0.0,0.0,0.0,0.0,0.0,0.0,0.0,0.0,0.0,0.0,0.0,0.0,0.0,nan,nan,4.249103358330617,2.8718802999430495,nan,0.367,0.1203,0.0,0.0,0.0,0.0,0.0,0.0,0.0,0.0,0.0,0.0,0.00014767932489451475,0.005031645569620253,0.003966244725738396,0.006529535864978903,0.0019620253164556963,0.019736286919831224,0.010295358649789029,0.0010759493670886076,0.005727848101265823,0.01982067510548523,0.007373417721518987,0.04522151898734177,0.008164556962025317,0.01568565400843882,0.011244725738396624,0.027246835443037975,0.01479957805907173,0.04069620253164557,0.0284915611814346,0.02168776371308017,0.01661392405063291,0.032521097046413504,0.022827004219409284,0.04404008438818566,0.03735232067510549,0.03639240506329114,0.04295358649789029,0.0719831223628692,0.018860759493670887,0.016951476793248946,0.02488396624472574,0.016845991561181436,0.022035864978902954,0.024535864978902953,0.02312236286919831,0.03939873417721519,0.013491561181434599,0.02258438818565401,0.01607594936708861,0.009978902953586498,0.018660337552742615,0.0027848101265822785,0.008808016877637131,0.010928270042194092,0.009261603375527425,0.0070569620253164555,0.01,0.015042194092827005,0.0021835443037974685,0.014883966244725738,0.017542194092827004,0.00839662447257384,0.00990506329113924,0.004324894514767932,0.0020253164556962027,0.0005274261603375527,0.007310126582278481,0.00025316455696202533,0.0016561181434599156,0.0,9.493670886075949e-05,0.0,0.0,0.0,0.0,0.0,0.0,0.0,0.0,0.0,0.0,0.0,0.0,0.0,0.0,0.0,0.0,0.0,0.0,0.0,0.0,0.0,0.0,0.0,0.0,0.0,0.0,0.0,0.0,0.0,0.0,nan,nan,4.249103358330617,2.8718802999430495,nan,0.9267698721783305,0.022384457470009403,0.0,0.0,0.0,0.0,0.0,0.0,0.0,0.0,0.0,0.0,0.0,0.0,0.0,0.0,0.0,0.0,0.0,0.0,0.0,0.0,0.0,0.0,0.0,0.0,0.0,0.12386457473162678,3.4805945499587128,14.715111478117262,10.4541701073493,1.226259289843105,0.9262179699408998,0.02294427020345493,0.0,0.0,0.0,0.0,0.0,0.0,0.0,0.0,0.0,0.0,0.0,0.0,0.0,0.0,0.0,0.0,0.0,0.0,0.0,0.0,0.0,0.0,0.0,0.0,0.0,0.1553062985332183,3.5979292493528914,14.857635893011219,10.289042277825713,1.1000862812769632,0.3667,0.02223,0.0,0.0,0.0,0.0,0.0,0.0,0.0,0.0,0.02477291494632536,2.241948802642445,12.262592898431052,13.57555739058627,1.8827415359207271,0.01238645747316268,0.0,0.0,0.0,0.0,0.0,0.0,0.0,0.0,0.0,0.0,0.0,0.0,0.0,0.0,0.0,0.0,0.367,0.02237,0.0,0.0,0.0,0.0,0.0,0.0,0.0,0.0,0.01294219154443486,2.070750647109578,12.786885245901642,12.851596203623794,2.2389991371872306,0.03882657463330458,0.0,0.0,0.0,0.0,0.0,0.0,0.0,0.0,0.0,0.0,0.0,0.0,0.0,0.0,0.0,0.0
62400,4469,2290,0.5124188856567464,1014,944,0.4381293354217946,1260,0.5638845379279481,0.422,3.0197338228545205,3.117858628242753,6.609046849757673,2.1228008054260625,9308.248862898732,1419.598896256406,7853.0,10769.184850931168,10692.959462137305,17.808027244749105,7853.0,0.0,27.477064220183486,20.834003325837735,32.484207708779444,19.124417026949306,0.14298500783172968,0.10874916088610427,0.09196688297158201,0.08503020810024614,0.08010740657865294,0.07719847840680241,0.06712911165808906,0.061311255314388004,0.05996867308122623,0.04676661445513538,0.0472141418661893,0.03871112105616469,0.030879391362720967,0.027746699485343477,0.01969120608637279,0.009398075632132468,0.005146565227120161,0.927413754907063,0.023086952469506337,0.0,0.0,0.0,0.0,0.0,0.0,0.0,0.0,0.0,0.0,0.0,0.0,0.0,0.0,0.0,0.0,0.0,0.0,0.0,0.0,0.0,0.0,0.0,0.0,0.006712911165808908,0.10740657865294252,3.1684940702618043,14.87581114343254,10.43857686283285,1.4029984336540617,4.430134086097389,2.9148505549347012,nan,nan,nan,4.524857954545454,2.9372134738875766,4.336605890603086,2.8895552553966755,0.958396027934256,0.368,0.0222,0.0,0.0,0.0,0.0,0.0,0.0,0.0,0.0,0.006712911165808908,1.8191989259342138,12.425598567912289,13.486238532110072,2.195121951219513,0.06712911165808907,0.0,0.0,0.0,0.0,0.0,0.0,0.0,0.0,0.0,0.0,0.0,0.0,0.0,0.0,0.0,0.0,nan,nan,4.430134086097389,2.9148505549347012,nan,0.368,0.1212,0.0,0.0,0.0,0.0,0.0,2.2376370552696353e-05,0.0,0.0,0.0,1.1188185276348177e-05,7.831729693443723e-05,0.005471022600134258,0.004385768628328485,0.005728350861490266,0.00227120161109868,0.021324681136719623,0.008805101812486015,0.0011523830834638622,0.005347952562094428,0.020530319982098904,0.00785410606399642,0.044831058402327144,0.007384202282389797,0.01386216155739539,0.011546207205191318,0.02742224211232938,0.0159543522040725,0.03854329827701947,0.027892145893936005,0.02166032669501007,0.01747594540165585,0.033340792123517565,0.022600134258223315,0.04232490490042515,0.037502797046319085,0.036652494965316626,0.04062430073842023,0.07229805325576191,0.01969120608637279,0.015663459386887447,0.025732826135600805,0.01662564332065339,0.022163795032445737,0.02539718057731036,0.022555381517117924,0.04151935556052808,0.012564332065339003,0.023842022823897965,0.016894159767285748,0.008961736406354889,0.018191989259342133,0.0025620944282837323,0.008592526292235399,0.010091743119266056,0.00950995748489595,0.0064891474602819426,0.00908480644439472,0.015495636607742225,0.002618035354665473,0.01668158424703513,0.01705079436115462,0.0073953904676661445,0.010483329603938241,0.005012307003803983,0.0022935779816513763,0.0010964421570821212,0.008435891698366525,0.000190199149697919,0.0020138733497426717,0.0,0.00017901096442157082,0.0,2.2376370552696353e-05,0.0,0.0,0.0,0.0,0.0,0.0,0.0,0.0,0.0,0.0,0.0,0.0,0.0,0.0,0.0,0.0,0.0,0.0,0.0,0.0,0.0,0.0,0.0,0.0,0.0,0.0,0.0,0.0,nan,nan,4.430134086097389,2.9148505549347012,nan,0.9276853460411838,0.023367187237104004,0.0,0.0,0.0,0.0,0.0,0.0,0.0,0.0,0.0,0.0,0.0,0.0,0.0,0.0,0.0,0.0,0.0,0.0,0.0,0.0,0.0,0.0,0.0,0.0,0.01310043668122271,0.1310043668122271,3.078602620087337,14.672489082969436,10.598253275109172,1.5065502183406116,0.9271283287036961,0.022785240207468884,0.0,0.0,0.0,0.0,0.0,0.0,0.0,0.0,0.0,0.0,0.0,0.0,0.0,0.0,0.0,0.0,0.0,0.0,0.0,0.0,0.0,0.0,0.0,0.0,0.0,0.0826067003212483,3.262964662689308,15.08949059201469,10.270766406608537,1.2941716383662232,0.3682,0.02223,0.0,0.0,0.0,0.0,0.0,0.0,0.0,0.0,0.01310043668122271,1.7554585152838431,12.510917030567688,13.375545851528365,2.2794759825327513,0.06550218340611355,0.0,0.0,0.0,0.0,0.0,0.0,0.0,0.0,0.0,0.0,0.0,0.0,0.0,0.0,0.0,0.0,0.368,0.02216,0.0,0.0,0.0,0.0,0.0,0.0,0.0,0.0,0.0,1.8861863240018362,12.335933914639746,13.602569986232197,2.1064708581918317,0.06883891693437358,0.0,0.0,0.0,0.0,0.0,0.0,0.0,0.0,0.0,0.0,0.0,0.0,0.0,0.0,0.0,0.0
62500,4815,2438,0.5063343717549325,1128,1041,0.4504672897196262,1389,0.5769470404984424,0.40199999999999997,2.944047118216239,3.080845751661244,6.618181818181818,2.0470902550685675,9290.242689841089,1419.205513442,7853.0,10752.41812157631,10691.524836581148,17.87421739058885,7853.0,0.0,27.663966770508825,20.900269035093554,32.7452102513063,19.145057872200784,0.14413291796469366,0.09698857736240914,0.09179646936656283,0.09241952232606439,0.08639667705088266,0.07185877466251298,0.06895119418483904,0.06230529595015576,0.05898234683281412,0.04714434060228453,0.045067497403946,0.0407061266874351,0.030114226375908618,0.022429906542056073,0.02201453790238837,0.012668743509865006,0.0060228452751817235,0.9271995275439008,0.022852879071345453,0.0,0.0,0.0,0.0,0.0,0.0,0.0,0.0,0.0,0.0,0.0,0.0,0.0,0.0,0.0,0.0,0.0,0.0,0.0,0.0,0.0,0.0,0.0,0.0,0.0,0.1121495327102804,3.4579439252336455,14.716510903426794,10.448598130841125,1.2647975077881621,4.325297332047573,2.8880760580793226,nan,nan,nan,4.273074474856779,2.8911783393402817,4.378571428571429,2.8839336476172606,1.0246887701900365,0.3662,0.0231,0.0,0.0,0.0,0.0,0.0,0.0,0.0,0.0,0.043613707165109046,2.137071651090343,13.239875389408102,12.392523364485964,2.1308411214953273,0.0560747663551402,0.0,0.0,0.0,0.0,0.0,0.0,0.0,0.0,0.0,0.0,0.0,0.0,0.0,0.0,0.0,0.0,nan,nan,4.325297332047573,2.8880760580793226,nan,0.3662,0.1216,0.0,0.0,0.0,0.0,0.0,8.307372793354102e-05,0.0,0.0,0.0,0.0,0.00021806853582554517,0.0048805815160955345,0.004361370716510903,0.006386292834890965,0.002367601246105919,0.02292834890965732,0.00857736240913811,0.0011007268951194185,0.004652128764278297,0.0228141225337487,0.007455867082035306,0.04580477673935618,0.007258566978193146,0.013509865005192108,0.01229491173416407,0.026749740394600208,0.01711318795430945,0.03717549325025961,0.0281723779854621,0.022824506749740396,0.019543094496365526,0.0328245067497404,0.02204569055036345,0.044060228452751815,0.039231568016614746,0.03573208722741433,0.040934579439252335,0.07482866043613708,0.018203530633437177,0.014683281412253375,0.024122533748701974,0.014527518172377985,0.021952232606438214,0.02564901349948079,0.024569055036344756,0.0414122533748702,0.011599169262720664,0.023707165109034267,0.015316718587746626,0.007736240913811007,0.01711318795430945,0.0021079958463136035,0.00833852544132918,0.008473520249221184,0.008515057113187955,0.0060228452751817235,0.010166147455867082,0.015970924195223262,0.00304257528556594,0.01652128764278297,0.017165109034267913,0.008110072689511942,0.009615784008307373,0.005275181723779855,0.0021599169262720664,0.0012772585669781932,0.00829698857736241,0.0002284527518172378,0.0020872274143302182,1.0384215991692628e-05,9.345794392523364e-05,0.0,0.0,0.0,0.0,0.0,0.0,0.0,0.0,0.0,0.0,0.0,0.0,0.0,0.0,0.0,0.0,0.0,0.0,0.0,0.0,0.0,0.0,0.0,0.0,0.0,0.0,0.0,0.0,0.0,0.0,nan,nan,4.325297332047573,2.8880760580793226,nan,0.9272221379880538,0.02269230312408768,0.0,0.0,0.0,0.0,0.0,0.0,0.0,0.0,0.0,0.0,0.0,0.0,0.0,0.0,0.0,0.0,0.0,0.0,0.0,0.0,0.0,0.0,0.0,0.0,0.0,0.11074651353568501,3.445447087776867,14.75389663658737,10.484003281378182,1.2059064807219033,0.9271763368569657,0.023016389006135413,0.0,0.0,0.0,0.0,0.0,0.0,0.0,0.0,0.0,0.0,0.0,0.0,0.0,0.0,0.0,0.0,0.0,0.0,0.0,0.0,0.0,0.0,0.0,0.0,0.0,0.11358855700462771,3.470761464030291,14.678165755153557,10.412284392090873,1.3251998317206566,0.3662,0.02274,0.0,0.0,0.0,0.0,0.0,0.0,0.0,0.0,0.049220672682526674,2.116488925348647,13.117309269893358,12.68662838392123,1.9934372436423302,0.036915504511895,0.0,0.0,0.0,0.0,0.0,0.0,0.0,0.0,0.0,0.0,0.0,0.0,0.0,0.0,0.0,0.0,0.3662,0.02345,0.0,0.0,0.0,0.0,0.0,0.0,0.0,0.0,0.0378628523348759,2.1581825830879264,13.365586874211195,12.090870845603686,2.271771140092554,0.0757257046697518,0.0,0.0,0.0,0.0,0.0,0.0,0.0,0.0,0.0,0.0,0.0,0.0,0.0,0.0,0.0,0.0
62600,4888,2498,0.5110474631751227,1194,1004,0.44967266775777415,1389,0.5683306055646481,0.40199999999999997,2.9606694560669458,3.1005670239200134,6.460869565217391,2.2261435681207353,9303.78969739853,1419.1392729959691,7853.0,10756.707347869873,10691.855100433955,17.98427064381687,7853.0,0.0,28.213993453355155,20.93601507594476,33.30163774138352,19.087390393093692,0.13972995090016366,0.09247135842880523,0.09328968903436989,0.09083469721767594,0.07999181669394435,0.0716039279869067,0.07017184942716857,0.06485270049099837,0.05810147299509002,0.052782324058919805,0.05073649754500818,0.041734860883797055,0.030278232405891982,0.026595744680851064,0.01820785597381342,0.010433715220949264,0.008183306055646482,0.927841838004156,0.02296460113877992,0.0,0.0,0.0,0.0,0.0,0.0,0.0,0.0,0.0,0.0,0.0,0.0,0.0,0.0,0.0,0.0,0.0,0.0,0.0,0.0,0.0,0.0,0.0,0.0,0.0,0.14729950900163669,3.1914893617021285,14.484451718494274,10.844926350245503,1.3318330605564652,4.267795547193478,2.8940365693422248,nan,nan,nan,4.261904761904762,2.9112309329241497,4.273697426239799,2.876694666582711,1.0027669938663217,0.366,0.02261,0.0,0.0,0.0,0.0,0.0,0.0,0.0,0.0,0.02454991816693945,2.1112929623567926,13.201718494271688,12.704582651391144,1.914893617021277,0.04296235679214404,0.0,0.0,0.0,0.0,0.0,0.0,0.0,0.0,0.0,0.0,0.0,0.0,0.0,0.0,0.0,0.0,nan,nan,4.267795547193478,2.8940365693422248,nan,0.366,0.12177,0.0,0.0,0.0,0.0,0.0,8.183306055646482e-05,0.0,0.0,0.0,0.0,0.00023527004909983633,0.004705400981996726,0.00339607201309329,0.00625,0.0017696399345335516,0.02434533551554828,0.008203764320785597,0.0015752864157119477,0.005145253682487725,0.023946399345335514,0.006546644844517185,0.04793371522094926,0.0076411620294599015,0.012060147299509001,0.011466857610474631,0.027557283142389526,0.017491816693944354,0.04018003273322422,0.02974631751227496,0.021736906710310967,0.018402209492635026,0.030851063829787233,0.02358837970540098,0.04317716857610475,0.03537234042553192,0.03452332242225859,0.04078355155482815,0.07423281505728314,0.020724222585924712,0.014249181669394435,0.02542962356792144,0.015977905073649754,0.021788052373158756,0.02504091653027823,0.022821194762684124,0.04020049099836334,0.013318330605564649,0.024887479541734862,0.014965220949263502,0.007497954173486089,0.01730769230769231,0.002035597381342062,0.007774140752864157,0.008162847790507365,0.008377659574468085,0.00587152209492635,0.01088379705400982,0.015445990180032733,0.0034676759410801963,0.015036824877250408,0.017481587561374794,0.008398117839607202,0.009891571194762683,0.005799918166939443,0.002536824877250409,0.001728723404255319,0.007948036006546646,0.00015343698854337152,0.001698036006546645,0.0,0.00015343698854337152,0.0,0.0,0.0,0.0,0.0,0.0,0.0,0.0,0.0,0.0,0.0,0.0,0.0,0.0,0.0,0.0,0.0,0.0,0.0,0.0,0.0,0.0,0.0,0.0,0.0,0.0,0.0,0.0,0.0,0.0,nan,nan,4.267795547193478,2.8940365693422248,nan,0.927651557328703,0.023145711157392335,0.0,0.0,0.0,0.0,0.0,0.0,0.0,0.0,0.0,0.0,0.0,0.0,0.0,0.0,0.0,0.0,0.0,0.0,0.0,0.0,0.0,0.0,0.0,0.0,0.0,0.09607686148919138,3.350680544435549,14.051240992794238,11.228983186549243,1.2730184147317858,0.9280407171369097,0.022772068439870223,0.0,0.0,0.0,0.0,0.0,0.0,0.0,0.0,0.0,0.0,0.0,0.0,0.0,0.0,0.0,0.0,0.0,0.0,0.0,0.0,0.0,0.0,0.0,0.0,0.0,0.20083682008368206,3.025104602510461,14.937238493723852,10.443514644351467,1.3933054393305444,0.3662,0.0228,0.0,0.0,0.0,0.0,0.0,0.0,0.0,0.0,0.024019215372297845,2.00560448358687,13.162530024019219,12.778222578062431,1.9695756605284231,0.060048038430744605,0.0,0.0,0.0,0.0,0.0,0.0,0.0,0.0,0.0,0.0,0.0,0.0,0.0,0.0,0.0,0.0,0.3655,0.02242,0.0,0.0,0.0,0.0,0.0,0.0,0.0,0.0,0.025104602510460258,2.2217573221757325,13.242677824267785,12.627615062761487,1.857740585774059,0.025104602510460258,0.0,0.0,0.0,0.0,0.0,0.0,0.0,0.0,0.0,0.0,0.0,0.0,0.0,0.0,0.0,0.0
62700,4601,2344,0.5094544664203434,1138,918,0.4468593783960009,1273,0.5533579656596392,0.45,3.0248116969428445,3.1988180793147363,6.872785829307569,2.1184528127079836,9299.525829000282,1419.4822585301074,7853.0,10746.500003695488,10692.362346088012,17.492388479140942,7853.0,0.0,27.813518800260812,20.802472973019917,32.70147324890152,19.074327834072015,0.13714409910888936,0.10302108237339709,0.09367528798087373,0.08650293414475115,0.08085198869810911,0.07737448380786785,0.07085416213866551,0.06259508802434254,0.06172571180178222,0.04585959574005651,0.04542490762877635,0.039991306237774395,0.03564442512497283,0.024342534231688764,0.016735492284286026,0.01238861117148446,0.005868289502282112,0.9284460002301802,0.023228228126618275,0.0,0.0,0.0,0.0,0.0,0.0,0.0,0.0,0.0,0.0,0.0,0.0,0.0,0.0,0.0,0.0,0.0,0.0,0.0,0.0,0.0,0.0,0.0,0.0,0.006520321669202349,0.15648772006085637,3.1884372962399485,13.986089980439038,11.24103455770485,1.421430123886112,4.316998986143967,2.9729349688189077,nan,nan,nan,4.332434254888739,2.989203985486918,4.301490514905149,2.956417474314201,0.9928576550356943,0.366,0.02193,0.0,0.0,0.0,0.0,0.0,0.0,0.0,0.0,0.013040643338404698,2.021299717452728,13.18409041512715,12.975440121712651,1.760486850684634,0.04564225168441644,0.0,0.0,0.0,0.0,0.0,0.0,0.0,0.0,0.0,0.0,0.0,0.0,0.0,0.0,0.0,0.0,nan,nan,4.316998986143967,2.9729349688189077,nan,0.366,0.12177,0.0,0.0,0.0,0.0,0.0,9.78048250380352e-05,0.0,0.0,0.0,0.0,0.0003260160834601174,0.00439034992392958,0.002879808737231037,0.006574657683112367,0.001717018039556618,0.024266463812214735,0.00794392523364486,0.0015866116061725713,0.0053575309715279285,0.024179526189958705,0.005716148663334058,0.0466746359487068,0.007748315583568789,0.013105846555096718,0.01099760921538796,0.02791784394696805,0.018452510323842642,0.04343620951966964,0.029852206042164747,0.021875679200173876,0.01650728102586394,0.031243207998261247,0.021853944794609868,0.04433818735057596,0.03453597044120843,0.03536187785264073,0.043207998261247556,0.07238643773092807,0.01911540969354488,0.014659856552923277,0.02411432297326668,0.015453162356009563,0.021517061508367748,0.025907411432297328,0.02294066507281026,0.040491197565746574,0.013594870680286895,0.023679634861986525,0.015366224733753531,0.007041947402738535,0.016822429906542057,0.0021734405564007822,0.00830254292545099,0.008324277331014996,0.008454683764399043,0.007183221038904586,0.010465116279069767,0.015909584872853728,0.0029993479678330796,0.015659639208867638,0.017148445990002172,0.00858509019778309,0.010095631384481635,0.005281460552053902,0.0027820039121930016,0.0011736579004564226,0.007748315583568789,0.00024994566398608997,0.0019560965007607042,2.1734405564007825e-05,0.00024994566398608997,0.0,0.0,0.0,0.0,0.0,0.0,0.0,0.0,0.0,0.0,0.0,0.0,0.0,0.0,0.0,0.0,0.0,0.0,0.0,0.0,0.0,0.0,0.0,0.0,0.0,0.0,0.0,0.0,0.0,0.0,nan,nan,4.316998986143967,2.9729349688189077,nan,0.9288795418503342,0.023017646984603138,0.0,0.0,0.0,0.0,0.0,0.0,0.0,0.0,0.0,0.0,0.0,0.0,0.0,0.0,0.0,0.0,0.0,0.0,0.0,0.0,0.0,0.0,0.0,0.0,0.012798634812286692,0.1407849829351536,2.9692832764505126,14.078498293515361,11.275597269624576,1.5230375426621163,0.9279957469924129,0.023436436320737324,0.0,0.0,0.0,0.0,0.0,0.0,0.0,0.0,0.0,0.0,0.0,0.0,0.0,0.0,0.0,0.0,0.0,0.0,0.0,0.0,0.0,0.0,0.0,0.0,0.0,0.17279574656623842,3.4160389898094823,13.890119627824548,11.205139565795307,1.315906070004431,0.366,0.02182,0.0,0.0,0.0,0.0,0.0,0.0,0.0,0.0,0.012798634812286692,1.830204778156997,13.400170648464167,12.977815699658684,1.70221843003413,0.07679180887372015,0.0,0.0,0.0,0.0,0.0,0.0,0.0,0.0,0.0,0.0,0.0,0.0,0.0,0.0,0.0,0.0,0.3662,0.02205,0.0,0.0,0.0,0.0,0.0,0.0,0.0,0.0,0.013291980505095263,2.219760744350909,12.95968099246788,12.972972972972954,1.821001329198051,0.013291980505095263,0.0,0.0,0.0,0.0,0.0,0.0,0.0,0.0,0.0,0.0,0.0,0.0,0.0,0.0,0.0,0.0
62800,4985,2656,0.5327983951855567,1292,991,0.4579739217652959,1424,0.5713139418254765,0.3379999999999999,2.952769428939459,2.9958325596205593,6.346590909090909,2.0503020211908227,9365.546940205855,1416.4378380635653,7853.0,10762.346735715866,10691.872928059558,17.642329513240508,7853.0,0.0,29.267001003009028,20.9043272320367,33.916392672616254,19.048381182945857,0.12738214643931794,0.09107321965897693,0.08545636910732196,0.08345035105315948,0.08304914744232698,0.07342026078234704,0.07703109327983952,0.06740220661985957,0.05757271815446339,0.058174523570712136,0.050752256770310936,0.04553660982948846,0.03671013039117352,0.026078234704112337,0.01925777331995988,0.010431293881644935,0.007221664994984955,0.9287681924423937,0.023240606260903754,0.0,0.0,0.0,0.0,0.0,0.0,0.0,0.0,0.0,0.0,0.0,0.0,0.0,0.0,0.0,0.0,0.0,0.0,0.0,0.0,0.0,0.0,0.0,0.0,0.0,0.13841524573721165,2.9368104312938823,14.196589769307927,11.05516549648947,1.673019057171515,3.954694485842027,2.8285911751821486,nan,nan,nan,3.9916716240333137,2.864154493971992,3.916317991631799,2.7923005444331013,0.9811222867262376,0.3652,0.0219,0.0,0.0,0.0,0.0,0.0,0.0,0.0,0.0,0.024072216649949855,2.274824473420261,13.233701103309933,12.92678034102305,1.504513540621866,0.03610832497492478,0.0,0.0,0.0,0.0,0.0,0.0,0.0,0.0,0.0,0.0,0.0,0.0,0.0,0.0,0.0,0.0,nan,nan,3.954694485842027,2.8285911751821486,nan,0.3652,0.1216,0.0,0.0,0.0,0.0,0.0,7.021063189568705e-05,0.0,0.0,0.0,0.0,0.0004312938816449348,0.003961885656970913,0.003370110330992979,0.005626880641925777,0.0014543630892678034,0.02608826479438315,0.006710130391173521,0.0016850551654964895,0.005446339017051154,0.02675025075225677,0.005947843530591775,0.046228686058174526,0.007131394182547643,0.014503510531594785,0.011755265797392176,0.024423269809428286,0.01917753259779338,0.043761283851554665,0.029979939819458377,0.020461384152457372,0.0180641925777332,0.03348044132397192,0.019187562688064194,0.044002006018054166,0.03382146439317954,0.03793380140421264,0.04313941825476429,0.07510531594784353,0.01896690070210632,0.015336008024072216,0.022808425275827483,0.013961885656970912,0.02045135406218656,0.026048144433299898,0.021755265797392176,0.03989969909729187,0.0140320962888666,0.026118355065195588,0.015626880641925776,0.006910732196589769,0.017301905717151456,0.0021063189568706116,0.007933801404212638,0.007502507522567703,0.00712136409227683,0.008274824473420261,0.009438314944834504,0.016639919759277835,0.002918756268806419,0.014373119358074223,0.017141424272818454,0.008164493480441324,0.01033099297893681,0.004804413239719157,0.0026479438314944833,0.000962888665997994,0.007452357071213641,0.0002808425275827482,0.0026479438314944833,5.0150451354062184e-05,0.0002908726178535607,0.0,0.0,0.0,0.0,0.0,0.0,0.0,0.0,0.0,0.0,0.0,0.0,0.0,0.0,0.0,0.0,0.0,0.0,0.0,0.0,0.0,0.0,0.0,0.0,0.0,0.0,0.0,0.0,0.0,0.0,nan,nan,3.954694485842027,2.8285911751821486,nan,0.9285566890500037,0.02326258781875038,0.0,0.0,0.0,0.0,0.0,0.0,0.0,0.0,0.0,0.0,0.0,0.0,0.0,0.0,0.0,0.0,0.0,0.0,0.0,0.0,0.0,0.0,0.0,0.0,0.0,0.1468373493975904,3.0045180722891573,14.209337349397593,10.978915662650605,1.6603915662650606,0.9290093916739042,0.02321316119910607,0.0,0.0,0.0,0.0,0.0,0.0,0.0,0.0,0.0,0.0,0.0,0.0,0.0,0.0,0.0,0.0,0.0,0.0,0.0,0.0,0.0,0.0,0.0,0.0,0.0,0.12881064834693004,2.859596393301847,14.182052382996998,11.14212108200945,1.6874194933447835,0.3655,0.02226,0.0,0.0,0.0,0.0,0.0,0.0,0.0,0.0,0.04518072289156628,2.3945783132530125,12.865210843373497,13.136295180722872,1.5361445783132535,0.02259036144578314,0.0,0.0,0.0,0.0,0.0,0.0,0.0,0.0,0.0,0.0,0.0,0.0,0.0,0.0,0.0,0.0,0.365,0.0215,0.0,0.0,0.0,0.0,0.0,0.0,0.0,0.0,0.0,2.1382567625590387,13.653928724774584,12.687848862172588,1.4684413911550025,0.05152425933877202,0.0,0.0,0.0,0.0,0.0,0.0,0.0,0.0,0.0,0.0,0.0,0.0,0.0,0.0,0.0,0.0
62900,4158,2130,0.5122655122655123,1033,836,0.4494949494949495,1179,0.5670995670995671,0.414,2.9842209072978303,3.1019411646056914,6.513513513513513,2.2078988620298077,9306.688048156395,1418.5141568397726,7853.0,10755.380598187447,10690.762865837694,18.18444665492379,7853.0,0.0,28.884319384319383,21.209923063730667,33.70144598809186,19.413053218852184,0.13323713323713324,0.09764309764309764,0.08994708994708994,0.08056758056758057,0.07960557960557961,0.07551707551707551,0.06685906685906685,0.06974506974506975,0.05844155844155844,0.05747955747955748,0.04377104377104377,0.04064454064454064,0.037758537758537755,0.026214526214526215,0.023809523809523808,0.01034151034151034,0.008417508417508417,0.9281590062159079,0.02362942688934681,0.0,0.0,0.0,0.0,0.0,0.0,0.0,0.0,0.0,0.0,0.0,0.0,0.0,0.0,0.0,0.0,0.0,0.0,0.0,0.0,0.0,0.0,0.0,0.0,0.007215007215007217,0.10822510822510825,3.5353535353535364,14.033189033189037,10.721500721500723,1.5945165945165949,4.279722830051058,2.8696742184633717,nan,nan,nan,4.266519823788546,2.8522414742245967,4.292753623188406,2.8867171485651664,1.0061487583518514,0.3643,0.02187,0.0,0.0,0.0,0.0,0.0,0.0,0.0,0.0,0.05050505050505052,2.265512265512266,14.011544011544014,12.085137085137069,1.5728715728715732,0.014430014430014433,0.0,0.0,0.0,0.0,0.0,0.0,0.0,0.0,0.0,0.0,0.0,0.0,0.0,0.0,0.0,0.0,nan,nan,4.279722830051058,2.8696742184633717,nan,0.3643,0.12164,0.0,0.0,0.0,0.0,0.0,1.2025012025012024e-05,0.0,0.0,0.0,0.0,0.0007455507455507456,0.0045334295334295335,0.0031746031746031746,0.006277056277056277,0.0012145262145262146,0.027236652236652236,0.006277056277056277,0.002405002405002405,0.005266955266955267,0.029052429052429052,0.005423280423280424,0.0443963443963444,0.007996632996632997,0.014634439634439634,0.010774410774410775,0.025805675805675804,0.017664742664742664,0.04041606541606542,0.02892015392015392,0.021272246272246272,0.017965367965367966,0.036676286676286675,0.02284752284752285,0.04235209235209235,0.03208273208273208,0.03848003848003848,0.04553872053872054,0.07285954785954786,0.017893217893217895,0.016714766714766714,0.020995670995670995,0.014201539201539201,0.02031024531024531,0.027068302068302068,0.021632996632996632,0.03902116402116402,0.01461038961038961,0.02448292448292448,0.016077441077441076,0.006818181818181818,0.018855218855218854,0.0021765271765271767,0.009175084175084175,0.0062890812890812895,0.007792207792207792,0.00808080808080808,0.00854978354978355,0.017027417027417027,0.0036435786435786437,0.01246993746993747,0.016462241462241463,0.007202982202982203,0.009764309764309764,0.005134680134680135,0.0031385281385281384,0.0010822510822510823,0.007960557960557961,0.00018037518037518038,0.0027056277056277055,0.0,0.00018037518037518038,0.0,0.0,0.0,0.0,0.0,0.0,0.0,0.0,0.0,0.0,0.0,0.0,0.0,0.0,0.0,0.0,0.0,0.0,0.0,0.0,0.0,0.0,0.0,0.0,0.0,0.0,0.0,0.0,0.0,0.0,nan,nan,4.279722830051058,2.8696742184633717,nan,0.9278539943303301,0.023561188330337525,0.0,0.0,0.0,0.0,0.0,0.0,0.0,0.0,0.0,0.0,0.0,0.0,0.0,0.0,0.0,0.0,0.0,0.0,0.0,0.0,0.0,0.0,0.0,0.0,0.0,0.12676056338028172,3.619718309859156,14.02816901408451,10.690140845070424,1.5352112676056342,0.9284793589359674,0.02369665928257923,0.0,0.0,0.0,0.0,0.0,0.0,0.0,0.0,0.0,0.0,0.0,0.0,0.0,0.0,0.0,0.0,0.0,0.0,0.0,0.0,0.0,0.0,0.0,0.0,0.014792899408284026,0.08875739644970415,3.4467455621301784,14.038461538461542,10.754437869822487,1.6568047337278111,0.3643,0.02203,0.0,0.0,0.0,0.0,0.0,0.0,0.0,0.0,0.07042253521126762,2.394366197183099,14.014084507042257,11.915492957746462,1.605633802816902,0.0,0.0,0.0,0.0,0.0,0.0,0.0,0.0,0.0,0.0,0.0,0.0,0.0,0.0,0.0,0.0,0.0,0.3645,0.0217,0.0,0.0,0.0,0.0,0.0,0.0,0.0,0.0,0.029585798816568053,2.1301775147929,14.008875739644974,12.263313609467438,1.538461538461539,0.029585798816568053,0.0,0.0,0.0,0.0,0.0,0.0,0.0,0.0,0.0,0.0,0.0,0.0,0.0,0.0,0.0,0.0
63000,4025,2078,0.5162732919254659,991,813,0.44819875776397516,1096,0.5445962732919255,0.426,2.938366718027735,3.1533812089369886,6.830798479087452,2.1792056775909967,9317.545311031194,1417.6863269650776,7853.0,10768.362397551537,10689.763655871297,17.526009052990723,7853.0,0.0,27.937639751552794,20.900529563724795,32.785082547169814,19.192746925468295,0.13838509316770187,0.09714285714285714,0.09788819875776397,0.084472049689441,0.08273291925465838,0.07577639751552795,0.0715527950310559,0.06360248447204969,0.05788819875776398,0.05167701863354037,0.04372670807453416,0.03453416149068323,0.03751552795031056,0.0253416149068323,0.019130434782608695,0.011677018633540372,0.006956521739130435,0.9274143359972084,0.02298523861745797,0.0,0.0,0.0,0.0,0.0,0.0,0.0,0.0,0.0,0.0,0.0,0.0,0.0,0.0,0.0,0.0,0.0,0.0,0.0,0.0,0.0,0.0,0.0,0.0,0.0,0.12670807453416152,3.391304347826088,14.392546583850935,10.71801242236025,1.3714285714285717,4.189795129493622,2.895273636196956,nan,nan,nan,4.162737642585551,2.8590692394482966,4.2177672955974845,2.9319695307926477,1.0132195823366263,0.363,0.02245,0.0,0.0,0.0,0.0,0.0,0.0,0.0,0.0,0.05217391304347827,2.727950310559007,14.340372670807456,11.373913043478245,1.4608695652173915,0.04472049689440995,0.0,0.0,0.0,0.0,0.0,0.0,0.0,0.0,0.0,0.0,0.0,0.0,0.0,0.0,0.0,0.0,nan,nan,4.189795129493622,2.895273636196956,nan,0.363,0.12146,0.0,0.0,0.0,0.0,0.0,0.0,0.0,0.0,0.0,0.0,0.0009813664596273293,0.005329192546583851,0.003813664596273292,0.006633540372670808,0.0008695652173913044,0.028372670807453416,0.0060993788819875775,0.002559006211180124,0.005478260869565217,0.029391304347826087,0.00577639751552795,0.0437639751552795,0.007440993788819876,0.013329192546583851,0.011006211180124223,0.025763975155279503,0.016385093167701863,0.04206211180124224,0.029503105590062112,0.019850931677018634,0.01812422360248447,0.03612422360248447,0.022596273291925466,0.044484472049689444,0.03190062111801242,0.03768944099378882,0.047763975155279505,0.07416149068322982,0.01906832298136646,0.015279503105590063,0.020472049689440993,0.014198757763975155,0.0191055900621118,0.024844720496894408,0.02470807453416149,0.038670807453416146,0.015329192546583851,0.023714285714285716,0.014956521739130434,0.007142857142857143,0.018683229813664597,0.002434782608695652,0.009055900621118012,0.005763975155279503,0.007267080745341615,0.00768944099378882,0.008211180124223602,0.01643478260869565,0.0032422360248447204,0.013130434782608696,0.019031055900621117,0.006819875776397515,0.009838509316770187,0.0034285714285714284,0.0037888198757763977,0.0012049689440993788,0.0068322981366459624,0.00018633540372670808,0.002186335403726708,0.0,2.484472049689441e-05,0.0,0.0,0.0,0.0,0.0,0.0,0.0,0.0,0.0,0.0,0.0,0.0,0.0,0.0,0.0,0.0,0.0,0.0,0.0,0.0,0.0,0.0,0.0,0.0,0.0,0.0,0.0,0.0,0.0,0.0,nan,nan,4.189795129493622,2.895273636196956,nan,0.9271664032291288,0.022916443980019838,0.0,0.0,0.0,0.0,0.0,0.0,0.0,0.0,0.0,0.0,0.0,0.0,0.0,0.0,0.0,0.0,0.0,0.0,0.0,0.0,0.0,0.0,0.0,0.0,0.0,0.1876804619826757,3.5081809432146303,14.249278152069301,10.798845043310878,1.2560153994225218,0.9276789504255952,0.023055494401270363,0.0,0.0,0.0,0.0,0.0,0.0,0.0,0.0,0.0,0.0,0.0,0.0,0.0,0.0,0.0,0.0,0.0,0.0,0.0,0.0,0.0,0.0,0.0,0.0,0.0,0.06163328197226504,3.266563944530047,14.545454545454549,10.631741140215718,1.4946070878274271,0.363,0.02255,0.0,0.0,0.0,0.0,0.0,0.0,0.0,0.0,0.0577478344562079,2.8007699711260834,14.408084696823872,11.116458132820004,1.6025024061597695,0.014436958614051976,0.0,0.0,0.0,0.0,0.0,0.0,0.0,0.0,0.0,0.0,0.0,0.0,0.0,0.0,0.0,0.0,0.363,0.02234,0.0,0.0,0.0,0.0,0.0,0.0,0.0,0.0,0.04622496147919877,2.6502311248073966,14.268104776579356,11.648690292758072,1.309707241910632,0.07704160246533129,0.0,0.0,0.0,0.0,0.0,0.0,0.0,0.0,0.0,0.0,0.0,0.0,0.0,0.0,0.0,0.0
63100,4140,2181,0.5268115942028986,1038,821,0.44903381642512075,1145,0.5531400966183575,0.422,3.025012761613068,3.094543467528805,6.5883424408014575,2.025774443927691,9347.361282924177,1416.324264472721,7853.0,10751.543891310692,10689.614264697888,17.61881689174578,7853.0,0.0,28.609420289855073,21.272566492343667,33.64876507754164,19.433840695660983,0.14057971014492754,0.09227053140096618,0.09106280193236715,0.08091787439613526,0.08357487922705314,0.07536231884057971,0.06859903381642513,0.06594202898550725,0.05652173913043478,0.05241545893719807,0.04758454106280193,0.03671497584541063,0.03647342995169082,0.028502415458937197,0.023671497584541065,0.012801932367149759,0.007004830917874396,0.9274247544831123,0.023122600707386715,0.0,0.0,0.0,0.0,0.0,0.0,0.0,0.0,0.0,0.0,0.0,0.0,0.0,0.0,0.0,0.0,0.0,0.0,0.0,0.0,0.0,0.0,0.0,0.0,0.0,0.1449275362318841,3.3405797101449286,14.318840579710148,10.949275362318842,1.246376811594203,4.2707182320441985,2.92974974257603,nan,nan,nan,4.252615844544096,2.962977313858399,4.288307915758896,2.8969898681031516,1.0083929685914592,0.3625,0.0226,0.0,0.0,0.0,0.0,0.0,0.0,0.0,0.0,0.05797101449275364,3.0217391304347836,14.043478260869568,11.318840579710129,1.5507246376811599,0.007246376811594205,0.0,0.0,0.0,0.0,0.0,0.0,0.0,0.0,0.0,0.0,0.0,0.0,0.0,0.0,0.0,0.0,nan,nan,4.2707182320441985,2.92974974257603,nan,0.3625,0.1211,0.0,0.0,0.0,0.0,0.0,0.0,0.0,0.0,0.0,0.0,0.0012801932367149757,0.00568840579710145,0.003719806763285024,0.007101449275362319,0.0004830917874396135,0.029408212560386473,0.005253623188405797,0.001932367149758454,0.0059661835748792275,0.031256038647343,0.005881642512077295,0.041932367149758454,0.008405797101449276,0.0113768115942029,0.011304347826086957,0.024746376811594202,0.01602657004830918,0.043683574879227055,0.028079710144927536,0.01963768115942029,0.018659420289855073,0.035060386473429954,0.023007246376811594,0.04710144927536232,0.0303743961352657,0.03878019323671498,0.049118357487922704,0.07123188405797101,0.02009661835748792,0.014456521739130436,0.01897342995169082,0.01576086956521739,0.02108695652173913,0.025410628019323672,0.025857487922705313,0.03794685990338164,0.01613526570048309,0.02252415458937198,0.016642512077294686,0.007958937198067633,0.01882850241545894,0.002632850241545894,0.008333333333333333,0.00501207729468599,0.006437198067632851,0.007101449275362319,0.007355072463768116,0.01685990338164251,0.003538647342995169,0.01323671497584541,0.01618357487922705,0.006751207729468599,0.010591787439613526,0.0035869565217391303,0.0035628019323671496,0.0013285024154589373,0.006606280193236715,0.0002898550724637681,0.002294685990338164,0.0,0.00012077294685990338,0.0,0.0,0.0,0.0,0.0,0.0,0.0,0.0,0.0,0.0,0.0,0.0,0.0,0.0,0.0,0.0,0.0,0.0,0.0,0.0,0.0,0.0,0.0,0.0,0.0,0.0,0.0,0.0,0.0,0.0,nan,nan,4.2707182320441985,2.92974974257603,nan,0.9275714748226027,0.023098502961853933,0.0,0.0,0.0,0.0,0.0,0.0,0.0,0.0,0.0,0.0,0.0,0.0,0.0,0.0,0.0,0.0,0.0,0.0,0.0,0.0,0.0,0.0,0.0,0.0,0.0,0.20632737276478685,3.246217331499313,14.11279229711142,11.279229711141681,1.1554332874828062,0.9272614073363903,0.023148305797370105,0.0,0.0,0.0,0.0,0.0,0.0,0.0,0.0,0.0,0.0,0.0,0.0,0.0,0.0,0.0,0.0,0.0,0.0,0.0,0.0,0.0,0.0,0.0,0.0,0.0,0.0765696784073507,3.445635528330782,14.548238897396635,10.581929555895867,1.3476263399693724,0.3623,0.02225,0.0,0.0,0.0,0.0,0.0,0.0,0.0,0.0,0.027510316368638245,2.9573590096286115,14.222833562585974,11.320495185694618,1.4718019257221462,0.0,0.0,0.0,0.0,0.0,0.0,0.0,0.0,0.0,0.0,0.0,0.0,0.0,0.0,0.0,0.0,0.0,0.3628,0.02296,0.0,0.0,0.0,0.0,0.0,0.0,0.0,0.0,0.09188361408882084,3.093415007656968,13.843797856049008,11.316998468606416,1.6385911179173052,0.015313935681470141,0.0,0.0,0.0,0.0,0.0,0.0,0.0,0.0,0.0,0.0,0.0,0.0,0.0,0.0,0.0,0.0
63200,4306,2218,0.5150952159777056,1064,895,0.45494658615884814,1237,0.5745471435206688,0.414,2.986111111111111,3.1045478028935642,6.515806988352746,2.175380255784183,9313.926655284371,1417.5221010480277,7853.0,10747.740832805634,10689.226410123762,17.449350689891716,7853.0,0.0,28.459823502090106,21.06626766683073,33.478861563967946,19.223508543332272,0.13910822108685555,0.09753831862517418,0.08848118903855086,0.08778448676265675,0.07988852763585694,0.07036692986530423,0.06038086391082211,0.07083139804923362,0.06130980027868091,0.055271713887598696,0.047607988852763586,0.04249883882954018,0.036925220622387366,0.026010218300046448,0.017882025081281932,0.009289363678588018,0.008824895494658615,0.9265538291409577,0.022982947327038008,0.0,0.0,0.0,0.0,0.0,0.0,0.0,0.0,0.0,0.0,0.0,0.0,0.0,0.0,0.0,0.0,0.0,0.0,0.0,0.0,0.0,0.0,0.0,0.0,0.0,0.17417556897352535,3.518346493265212,14.742220157919187,10.199721319089644,1.3655364607524387,4.267326732673268,2.8963653874472044,nan,nan,nan,4.27842866988284,2.8900736527601834,4.2556281771968045,2.902934543301293,0.9946708255658123,0.3628,0.02217,0.0,0.0,0.0,0.0,0.0,0.0,0.0,0.0,0.041802136553646084,2.7868091035764055,13.975847654435675,11.641895030190415,1.5466790524849052,0.006967022758941014,0.0,0.0,0.0,0.0,0.0,0.0,0.0,0.0,0.0,0.0,0.0,0.0,0.0,0.0,0.0,0.0,nan,nan,4.267326732673268,2.8963653874472044,nan,0.3628,0.12146,0.0,0.0,0.0,0.0,0.0,0.0,0.0,1.161170459823502e-05,0.0,0.0,0.002206223873664654,0.004969809568044589,0.004075708313980493,0.006978634463539248,0.00024384579656293545,0.029006038086391083,0.004876915931258709,0.001672085462145843,0.0070947515095215975,0.03075940548072457,0.006351602415234556,0.040664189503019046,0.008546214584300976,0.01196005573618207,0.012238736646539712,0.024686483975847655,0.0142243381328379,0.04428704133766837,0.027949372967951695,0.01942638179284719,0.018660009289363677,0.03204830469112866,0.02354853692522062,0.047724105898745935,0.029749187180678125,0.03936367858801672,0.05197398978169995,0.07152810032512773,0.01956572224802601,0.01389921040408732,0.019101254064096608,0.016453785415699026,0.020877844867626567,0.0256967022758941,0.024756154203437065,0.03905016256386438,0.016732466326056666,0.02409428704133767,0.016058987459359034,0.008151416627960985,0.015826753367394333,0.002786809103576405,0.008755225267069205,0.004784022294472829,0.006026474686483976,0.006641895030190432,0.006769623780771017,0.01737111007895959,0.003355782628889921,0.011994890849976776,0.017254993032977242,0.007652113330236879,0.010462145843009753,0.0035183464932652115,0.0035764050162563864,0.0017998142127264283,0.007408267533673943,0.0002090106827682304,0.002380399442638179,0.0,0.0001625638643752903,0.0,0.0,0.0,0.0,0.0,0.0,0.0,0.0,0.0,0.0,0.0,0.0,0.0,0.0,0.0,0.0,0.0,0.0,0.0,0.0,0.0,0.0,0.0,0.0,0.0,0.0,0.0,0.0,0.0,0.0,nan,nan,4.267326732673268,2.8963653874472044,nan,0.9265986571342049,0.023077958120639643,0.0,0.0,0.0,0.0,0.0,0.0,0.0,0.0,0.0,0.0,0.0,0.0,0.0,0.0,0.0,0.0,0.0,0.0,0.0,0.0,0.0,0.0,0.0,0.0,0.0,0.17583408476104603,3.489630297565375,14.93237150586114,10.036068530207396,1.3660955816050497,0.9265062101328053,0.0228814927984177,0.0,0.0,0.0,0.0,0.0,0.0,0.0,0.0,0.0,0.0,0.0,0.0,0.0,0.0,0.0,0.0,0.0,0.0,0.0,0.0,0.0,0.0,0.0,0.0,0.0,0.17241379310344832,3.5488505747126444,14.540229885057474,10.373563218390807,1.3649425287356325,0.3625,0.02228,0.0,0.0,0.0,0.0,0.0,0.0,0.0,0.0,0.04057709648331831,2.9215509467989187,14.026149684400364,11.510369702434609,1.5013525698827777,0.0,0.0,0.0,0.0,0.0,0.0,0.0,0.0,0.0,0.0,0.0,0.0,0.0,0.0,0.0,0.0,0.0,0.3633,0.02208,0.0,0.0,0.0,0.0,0.0,0.0,0.0,0.0,0.04310344827586208,2.6436781609195408,13.922413793103452,11.78160919540228,1.594827586206897,0.014367816091954026,0.0,0.0,0.0,0.0,0.0,0.0,0.0,0.0,0.0,0.0,0.0,0.0,0.0,0.0,0.0,0.0
63300,4322,2241,0.51850994909764,1035,889,0.4451642757982416,1215,0.5622397038408145,0.414,3.0014416146083613,3.1023696725842616,6.587436332767402,2.2092362948670043,9323.141172359907,1416.748099151773,7853.0,10758.455577254295,10688.319119562479,18.153178260491106,7853.0,0.0,28.400277649236465,20.96661986265913,33.100327153762265,19.27189572918474,0.13026376677464138,0.10203609440074039,0.0927811198519204,0.08745950948634891,0.07866728366496992,0.07866728366496992,0.07195742711707542,0.06270245256825543,0.055529847292919945,0.04951411383618695,0.047200370198981954,0.045118000925497455,0.03447478019435447,0.026145303100416475,0.01966682091624248,0.011337343822304488,0.006478482184173994,0.9257674507248572,0.023530819500308914,0.0,0.0,0.0,0.0,0.0,0.0,0.0,0.0,0.0,0.0,0.0,0.0,0.0,0.0,0.0,0.0,0.0,0.0,0.0,0.0,0.0,0.0,0.0,0.0,0.0,0.18047200370198987,3.845441925034707,14.590467376214718,10.113373438223046,1.270245256825544,4.259351620947631,2.919486757698266,nan,nan,nan,4.2466240227434255,2.9108308717566524,4.272142857142857,2.928104405270288,1.0060092050209204,0.3623,0.02213,0.0,0.0,0.0,0.0,0.0,0.0,0.0,0.0,0.06247107820453495,2.873669597408608,14.250347061545584,11.584914391485407,1.214715409532624,0.01388246182322999,0.0,0.0,0.0,0.0,0.0,0.0,0.0,0.0,0.0,0.0,0.0,0.0,0.0,0.0,0.0,0.0,nan,nan,4.259351620947631,2.919486757698266,nan,0.3623,0.1216,0.0,0.0,0.0,0.0,0.0,0.0,0.0,0.0,0.0,9.254974548819991e-05,0.0022674687644608977,0.005043961129106895,0.004303563165201296,0.006860249884312818,0.00034706154558074965,0.03054141601110597,0.0058074965293845445,0.0018509949097639982,0.005622397038408144,0.03010180472003702,0.006281813975011569,0.04132346136048126,0.009671448403516891,0.011927348449791764,0.012494215640906987,0.0242596020360944,0.01495835261453031,0.0441230911614993,0.030321610365571496,0.019817214252660805,0.017989356779268856,0.030622397038408144,0.022119389171679778,0.046506247107820455,0.028297084683017122,0.037494215640906985,0.05059000462748727,0.07394724664507173,0.02043035631652013,0.013743637204997687,0.02033780657103193,0.01505090236001851,0.020441925034706154,0.0263419713095789,0.025196668209162425,0.03795696436834799,0.01790837575196668,0.026075890791300325,0.01590698750578436,0.008283202221193891,0.016288755205923183,0.002938454419250347,0.008144377602961592,0.00510180472003702,0.006085145765849144,0.0068255437297547435,0.006721425266080518,0.01583757519666821,0.0034127718648773718,0.011591855622397038,0.015478944932901435,0.008722813512262841,0.01108283202221194,0.0032970846830171216,0.003817677001388246,0.0018162887552059233,0.006466913465987968,0.00039333641832484963,0.0026723739009717725,0.0,4.6274872744099955e-05,0.0,0.0,0.0,0.0,0.0,0.0,0.0,0.0,0.0,0.0,0.0,0.0,0.0,0.0,0.0,0.0,0.0,0.0,0.0,0.0,0.0,0.0,0.0,0.0,0.0,0.0,0.0,0.0,0.0,0.0,nan,nan,4.259351620947631,2.919486757698266,nan,0.925909104117428,0.02349929017903658,0.0,0.0,0.0,0.0,0.0,0.0,0.0,0.0,0.0,0.0,0.0,0.0,0.0,0.0,0.0,0.0,0.0,0.0,0.0,0.0,0.0,0.0,0.0,0.0,0.0,0.1874163319946453,3.8420348058902283,14.497991967871489,10.107095046854084,1.3654618473895583,0.9256149061536171,0.02356377355876014,0.0,0.0,0.0,0.0,0.0,0.0,0.0,0.0,0.0,0.0,0.0,0.0,0.0,0.0,0.0,0.0,0.0,0.0,0.0,0.0,0.0,0.0,0.0,0.0,0.0,0.17299375300336378,3.8491110043248447,14.69005285920231,10.120134550696783,1.1677078327727057,0.3616,0.02238,0.0,0.0,0.0,0.0,0.0,0.0,0.0,0.0,0.08032128514056226,2.945113788487283,14.47121820615797,11.392235609103063,1.0843373493975905,0.026773761713520756,0.0,0.0,0.0,0.0,0.0,0.0,0.0,0.0,0.0,0.0,0.0,0.0,0.0,0.0,0.0,0.0,0.3628,0.0218,0.0,0.0,0.0,0.0,0.0,0.0,0.0,0.0,0.043248438250840945,2.796732340221048,14.012493993272468,11.792407496395946,1.355117731859683,0.0,0.0,0.0,0.0,0.0,0.0,0.0,0.0,0.0,0.0,0.0,0.0,0.0,0.0,0.0,0.0,0.0
63400,4450,2229,0.5008988764044944,1058,916,0.4435955056179775,1289,0.5793258426966292,0.40599999999999997,2.873930661864025,2.995471637501674,6.247706422018348,2.1750150477995494,9273.557830529026,1418.0590059756373,7853.0,10747.619744896889,10689.017203164722,17.273137835914337,7853.0,0.0,28.1123595505618,20.954738919790103,33.034436732514685,19.180769294996118,0.1395505617977528,0.09662921348314607,0.09213483146067415,0.08696629213483147,0.08719101123595506,0.07280898876404494,0.06247191011235955,0.06584269662921348,0.05640449438202247,0.052808988764044947,0.05213483146067416,0.03752808988764045,0.03617977528089888,0.027191011235955055,0.014157303370786517,0.01303370786516854,0.006966292134831461,0.9252585287308425,0.022595198858794366,0.0,0.0,0.0,0.0,0.0,0.0,0.0,0.0,0.0,0.0,0.0,0.0,0.0,0.0,0.0,0.0,0.0,0.0,0.0,0.0,0.0,0.0,0.0,0.0,0.0,0.21573033707865175,3.842696629213484,14.986516853932587,10.011235955056181,0.9438202247191013,4.27502597852442,2.8352541717778785,nan,nan,nan,4.311608961303462,2.841355380508513,4.236916548797737,2.828381236963526,0.9826764409351388,0.363,0.02199,0.0,0.0,0.0,0.0,0.0,0.0,0.0,0.0,0.026966292134831468,2.7303370786516856,14.238202247191014,11.60224719101122,1.3955056179775285,0.006741573033707867,0.0,0.0,0.0,0.0,0.0,0.0,0.0,0.0,0.0,0.0,0.0,0.0,0.0,0.0,0.0,0.0,nan,nan,4.27502597852442,2.8352541717778785,nan,0.363,0.1219,0.0,0.0,0.0,0.0,0.0,0.0,0.0,0.0,0.0,7.865168539325843e-05,0.0032808988764044945,0.004561797752808989,0.004831460674157303,0.006269662921348315,0.0005617977528089888,0.030191011235955058,0.006213483146067416,0.0019887640449438204,0.0056067415730337074,0.03002247191011236,0.006157303370786517,0.039876404494382026,0.00946067415730337,0.012910112359550563,0.013112359550561798,0.024348314606741573,0.014606741573033709,0.042,0.030640449438202245,0.018168539325842697,0.018213483146067414,0.03057303370786517,0.023078651685393258,0.044820224719101125,0.028842696629213484,0.03468539325842697,0.05082022471910112,0.07723595505617978,0.019674157303370788,0.013168539325842697,0.020157303370786517,0.014786516853932584,0.021191011235955057,0.025303370786516854,0.023606741573033708,0.039876404494382026,0.017898876404494383,0.027134831460674157,0.01739325842696629,0.006786516853932585,0.01746067415730337,0.0029775280898876404,0.010292134831460674,0.0046179775280898875,0.006696629213483146,0.006876404494382022,0.007247191011235955,0.015842696629213483,0.002842696629213483,0.011280898876404495,0.016808988764044942,0.006786516853932585,0.010651685393258427,0.0037191011235955056,0.003651685393258427,0.002235955056179775,0.006820224719101124,0.0005730337078651685,0.0023370786516853934,0.0,0.0001460674157303371,0.0,0.0,0.0,0.0,0.0,0.0,0.0,0.0,0.0,0.0,0.0,0.0,0.0,0.0,0.0,0.0,0.0,0.0,0.0,0.0,0.0,0.0,0.0,0.0,0.0,0.0,0.0,0.0,0.0,0.0,nan,nan,4.27502597852442,2.8352541717778785,nan,0.9261935173047932,0.022405089182566274,0.0,0.0,0.0,0.0,0.0,0.0,0.0,0.0,0.0,0.0,0.0,0.0,0.0,0.0,0.0,0.0,0.0,0.0,0.0,0.0,0.0,0.0,0.0,0.0,0.0,0.2153432032301481,3.5262449528936752,14.92597577388964,10.296096904441455,1.0363391655450878,0.9243201723457295,0.0227457897503517,0.0,0.0,0.0,0.0,0.0,0.0,0.0,0.0,0.0,0.0,0.0,0.0,0.0,0.0,0.0,0.0,0.0,0.0,0.0,0.0,0.0,0.0,0.0,0.0,0.0,0.21611886537595681,4.160288158487169,15.047276001800993,9.725348941918057,0.85096803241783,0.3625,0.02223,0.0,0.0,0.0,0.0,0.0,0.0,0.0,0.0,0.04037685060565276,2.947510094212652,14.01076716016151,11.628532974427978,1.372812920592194,0.0,0.0,0.0,0.0,0.0,0.0,0.0,0.0,0.0,0.0,0.0,0.0,0.0,0.0,0.0,0.0,0.0,0.3633,0.02174,0.0,0.0,0.0,0.0,0.0,0.0,0.0,0.0,0.013507429085997301,2.5123818099954978,14.46645655110311,11.575866726699669,1.4182800540297167,0.013507429085997301,0.0,0.0,0.0,0.0,0.0,0.0,0.0,0.0,0.0,0.0,0.0,0.0,0.0,0.0,0.0,0.0
63500,4406,2297,0.5213345438039038,1124,876,0.45392646391284613,1202,0.5456196096232411,0.434,3.0550023707918443,3.128026820527954,6.632450331125828,2.0725276396394396,9331.32050083512,1416.5893882381056,7853.0,10747.84514605999,10688.646550578816,17.65878843155838,7853.0,0.0,27.966182478438494,20.819414415666863,32.91301998919503,19.029960117499314,0.14139809350885157,0.09577848388561053,0.09146618247843849,0.08647299137539718,0.08329550612800726,0.07557875624148888,0.07217430776214254,0.0628688152519292,0.061053109396277803,0.05015887426236949,0.041988197911938266,0.03994552882433046,0.03631411711302769,0.02723558783477077,0.017476168860644577,0.010667271901951884,0.006128007262823422,0.9247852747974967,0.023264930649556138,0.0,0.0,0.0,0.0,0.0,0.0,0.0,0.0,0.0,0.0,0.0,0.0,0.0,0.0,0.0,0.0,0.0,0.0,0.0,0.0,0.0,0.0,0.0,0.0,0.0,0.21107580571947349,3.949160236041762,15.211075805719476,9.546073536087155,1.0826146164321382,4.231630510846746,2.880684243044415,nan,nan,nan,4.18943661971831,2.896092747777498,4.273296244784423,2.864777536018464,1.0200169217673358,0.363,0.02187,0.0,0.0,0.0,0.0,0.0,0.0,0.0,0.0,0.02042669087607808,2.689514298683614,14.394008170676354,11.479800272355861,1.3958238765320021,0.02042669087607808,0.0,0.0,0.0,0.0,0.0,0.0,0.0,0.0,0.0,0.0,0.0,0.0,0.0,0.0,0.0,0.0,nan,nan,4.231630510846746,2.880684243044415,nan,0.363,0.12274,0.0,0.0,0.0,0.0,0.0,0.0,0.0,0.0,0.0,2.2696323195642304e-05,0.0029959146618247843,0.00482296867907399,0.004811620517476169,0.004845665002269632,0.0006581933726736268,0.030481162051747616,0.00640036314117113,0.001985928279618702,0.006729459827507943,0.03040172492056287,0.006479800272355878,0.041091693145710394,0.009169314571039491,0.01250567408079891,0.012290059010440309,0.0261802088061734,0.014741261915569678,0.04202224239673173,0.0327280980481162,0.016454834316840673,0.018259192010894234,0.032013163867453474,0.02303676804357694,0.04577848388561053,0.028109396277802994,0.035077167498865185,0.04700408533817522,0.07697458011802089,0.020528824330458467,0.012448933272809805,0.020608261461643212,0.0129822968679074,0.020517476168860644,0.022980027235587834,0.022526100771674988,0.03874262369496142,0.018486155242850657,0.028381752156150703,0.019314571039491604,0.007024512029051294,0.01789605083976396,0.0027122106218792556,0.01032682705401725,0.00403994552882433,0.006979119382660009,0.006184748070812528,0.0058216068996822514,0.01596686336813436,0.002610077167498865,0.01162051747616886,0.017498865183840216,0.006139355424421244,0.012165229232864276,0.004936450295052202,0.003915115751248298,0.0023944620971402633,0.00650249659555152,0.0005106672719019519,0.0029959146618247843,1.1348161597821152e-05,0.00015887426236949615,0.0,0.0,0.0,0.0,0.0,0.0,0.0,0.0,0.0,0.0,0.0,0.0,0.0,0.0,0.0,0.0,0.0,0.0,0.0,0.0,0.0,0.0,0.0,0.0,0.0,0.0,0.0,0.0,0.0,0.0,nan,nan,4.231630510846746,2.880684243044415,nan,0.9247780188457521,0.02322077897880183,0.0,0.0,0.0,0.0,0.0,0.0,0.0,0.0,0.0,0.0,0.0,0.0,0.0,0.0,0.0,0.0,0.0,0.0,0.0,0.0,0.0,0.0,0.0,0.0,0.0,0.14366565084893343,3.970396168915978,15.359164127122337,9.429690901175448,1.0970831519373097,0.9247931775576472,0.023312920378910394,0.0,0.0,0.0,0.0,0.0,0.0,0.0,0.0,0.0,0.0,0.0,0.0,0.0,0.0,0.0,0.0,0.0,0.0,0.0,0.0,0.0,0.0,0.0,0.0,0.0,0.2844950213371267,3.926031294452348,15.049786628734001,9.672830725462306,1.0668563300142249,0.3633,0.02197,0.0,0.0,0.0,0.0,0.0,0.0,0.0,0.0,0.026121027427078804,2.5468001741401833,14.510230735742276,11.349586417065723,1.5411406181976495,0.026121027427078804,0.0,0.0,0.0,0.0,0.0,0.0,0.0,0.0,0.0,0.0,0.0,0.0,0.0,0.0,0.0,0.0,0.3628,0.02174,0.0,0.0,0.0,0.0,0.0,0.0,0.0,0.0,0.014224751066856334,2.8449502133712663,14.267425320056903,11.621621621621605,1.2375533428165009,0.014224751066856334,0.0,0.0,0.0,0.0,0.0,0.0,0.0,0.0,0.0,0.0,0.0,0.0,0.0,0.0,0.0,0.0
63600,4610,2351,0.5099783080260304,1102,954,0.4459869848156182,1317,0.5713665943600867,0.41,2.919433377600708,3.0609376067857674,6.461417322834646,2.1987128390665975,9299.170999193191,1417.6481616271396,7853.0,10751.688589215279,10688.75002393901,17.569480349325246,7853.0,0.0,27.811062906724512,20.699075376206597,32.65739309634209,18.960222555809455,0.13947939262472886,0.09913232104121475,0.09696312364425162,0.08524945770065076,0.07570498915401301,0.07570498915401301,0.0754880694143167,0.06594360086767896,0.05639913232104121,0.051193058568329716,0.0455531453362256,0.039913232104121475,0.031453362255965296,0.02928416485900217,0.0193058568329718,0.008026030368763558,0.005206073752711497,0.9248524877616485,0.022810539001531727,0.0,0.0,0.0,0.0,0.0,0.0,0.0,0.0,0.0,0.0,0.0,0.0,0.0,0.0,0.0,0.0,0.0,0.0,0.0,0.0,0.0,0.0,0.0,0.0,0.0,0.15618221258134493,3.989154013015185,15.201735357917574,9.63123644251627,1.0216919739696315,4.262643290627107,2.859864856628695,nan,nan,nan,4.2348284960422165,2.8447518052341976,4.291724137931035,2.8752931712178227,1.0134351702653348,0.3635,0.022,0.0,0.0,0.0,0.0,0.0,0.0,0.0,0.0,0.05206073752711498,2.375271149674621,14.349240780911066,11.642082429501068,1.5618221258134495,0.019522776572668116,0.0,0.0,0.0,0.0,0.0,0.0,0.0,0.0,0.0,0.0,0.0,0.0,0.0,0.0,0.0,0.0,nan,nan,4.262643290627107,2.859864856628695,nan,0.3635,0.12274,0.0,0.0,0.0,0.0,0.0,0.0,0.0,0.0,4.3383947939262474e-05,0.0,0.0030260303687635573,0.0048698481561822125,0.004739696312364425,0.004620390455531453,0.0004663774403470716,0.031030368763557484,0.0059002169197396965,0.0030043383947939263,0.007169197396963123,0.029490238611713664,0.006073752711496746,0.040726681127982646,0.009143167028199567,0.012505422993492409,0.010759219088937092,0.028947939262472886,0.01314533622559653,0.041268980477223424,0.03414316702819956,0.015618221258134491,0.016149674620390457,0.030162689804772234,0.02197396963123644,0.043503253796095445,0.02943600867678959,0.03577006507592191,0.049284164859002166,0.07962039045553146,0.02158351409978308,0.0106941431670282,0.023134490238611714,0.012190889370932755,0.020509761388286335,0.021670281995661605,0.024414316702819957,0.03804772234273319,0.017657266811279826,0.030477223427331886,0.018329718004338396,0.006811279826464209,0.019360086767895877,0.0031778741865509763,0.011127982646420825,0.00368763557483731,0.006691973969631237,0.005216919739696312,0.005585683297180044,0.01646420824295011,0.0025921908893709327,0.009544468546637744,0.017364425162689805,0.006735357917570499,0.012190889370932755,0.004436008676789588,0.003937093275488069,0.0028199566160520607,0.0065509761388286335,0.0007049891540130152,0.003546637744034707,0.0,0.00015184381778741865,0.0,0.0,0.0,0.0,0.0,0.0,0.0,0.0,0.0,0.0,0.0,0.0,0.0,0.0,0.0,0.0,0.0,0.0,0.0,0.0,0.0,0.0,0.0,0.0,0.0,0.0,0.0,0.0,0.0,0.0,nan,nan,4.262643290627107,2.859864856628695,nan,0.9250538934803374,0.0234563774795396,0.0,0.0,0.0,0.0,0.0,0.0,0.0,0.0,0.0,0.0,0.0,0.0,0.0,0.0,0.0,0.0,0.0,0.0,0.0,0.0,0.0,0.0,0.0,0.0,0.0,0.19140791152700984,4.045087196937474,15.07018290089324,9.430029774564018,1.2632922160782647,0.9246428795966917,0.022116433967341944,0.0,0.0,0.0,0.0,0.0,0.0,0.0,0.0,0.0,0.0,0.0,0.0,0.0,0.0,0.0,0.0,0.0,0.0,0.0,0.0,0.0,0.0,0.0,0.0,0.0,0.11952191235059763,3.9309428950863223,15.338645418326696,9.840637450199205,0.7702523240371848,0.3633,0.02167,0.0,0.0,0.0,0.0,0.0,0.0,0.0,0.0,0.012760527435133989,2.2713738834538497,14.81497235219056,11.318587834963829,1.5695448745214806,0.012760527435133989,0.0,0.0,0.0,0.0,0.0,0.0,0.0,0.0,0.0,0.0,0.0,0.0,0.0,0.0,0.0,0.0,0.3638,0.02235,0.0,0.0,0.0,0.0,0.0,0.0,0.0,0.0,0.09296148738379817,2.483399734395751,13.864541832669326,11.978751660026543,1.5537848605577693,0.026560424966799476,0.0,0.0,0.0,0.0,0.0,0.0,0.0,0.0,0.0,0.0,0.0,0.0,0.0,0.0,0.0,0.0
63700,4465,2357,0.5278835386338185,1114,911,0.45352743561030234,1255,0.5621500559910414,0.40599999999999997,2.9468690702087286,2.9912942417826276,6.229132569558102,2.1307204471719197,9349.792405043418,1415.5815395263335,7853.0,10752.867933273315,10688.459519948603,17.64339677501162,7853.0,0.0,28.438745800671892,20.91961630784125,33.2503970354685,19.13596225584106,0.1366181410974244,0.09361702127659574,0.09272116461366181,0.0851063829787234,0.07950727883538634,0.07592385218365062,0.07256438969764838,0.059574468085106386,0.06293393057110862,0.05531914893617021,0.049720044792833144,0.04188129899216125,0.030907054871220606,0.024412094064949607,0.020828667413213885,0.011646136618141097,0.006718924972004479,0.9247904143968861,0.023173785954365124,0.0,0.0,0.0,0.0,0.0,0.0,0.0,0.0,0.0,0.0,0.0,0.0,0.0,0.0,0.0,0.0,0.0,0.0,0.0,0.0,0.0,0.0,0.0,0.0,0.0,0.14109742441209408,4.071668533034715,14.983202687569992,9.755879059350505,1.048152295632699,4.162559890485968,2.8268406535871735,nan,nan,nan,4.108126721763085,2.780543392881897,4.216326530612245,2.870825352804125,1.0263379920283286,0.3633,0.02187,0.0,0.0,0.0,0.0,0.0,0.0,0.0,0.0,0.04031354983202688,2.5397536394176936,14.12318029115342,11.865621500559893,1.4042553191489366,0.026875699888017923,0.0,0.0,0.0,0.0,0.0,0.0,0.0,0.0,0.0,0.0,0.0,0.0,0.0,0.0,0.0,0.0,nan,nan,4.162559890485968,2.8268406535871735,nan,0.3633,0.1222,0.0,0.0,0.0,0.0,0.0,0.0,0.0,0.0,1.1198208286674133e-05,3.35946248600224e-05,0.0025643896976483764,0.0058342665173572224,0.004893617021276595,0.005386338185890257,0.00019036954087346024,0.03238521836506159,0.005554311310190369,0.0030907054871220606,0.006472564389697648,0.027088465845464725,0.005946248600223964,0.038846584546472565,0.01005599104143337,0.01251959686450168,0.011455767077267637,0.029742441209406494,0.012105263157894737,0.04212765957446808,0.034837625979843224,0.015263157894736841,0.015755879059350504,0.0287010078387458,0.023045912653975365,0.04161254199328108,0.02994400895856663,0.03463605823068309,0.050044792833146695,0.08357222844344905,0.02068309070548712,0.01040313549832027,0.023773796192609182,0.012082866741321389,0.02026875699888018,0.022631578947368423,0.023941769316909296,0.03742441209406495,0.01729003359462486,0.03227323628219485,0.02032474804031355,0.006170212765957447,0.018555431131019037,0.0028331466965285552,0.010716685330347144,0.0037849944008958567,0.005800671892497201,0.004983202687569989,0.006696528555431131,0.017413213885778274,0.0024412094064949607,0.010492721164613661,0.016629339305711085,0.0058342665173572224,0.011724524076147816,0.004020156774916014,0.003639417693169093,0.003896976483762598,0.005800671892497201,0.0006382978723404255,0.002889137737961926,0.0,0.00022396416573348266,0.0,0.0,0.0,0.0,0.0,0.0,0.0,0.0,0.0,0.0,0.0,0.0,0.0,0.0,0.0,0.0,0.0,0.0,0.0,0.0,0.0,0.0,0.0,0.0,0.0,0.0,0.0,0.0,0.0,0.0,nan,nan,4.162559890485968,2.8268406535871735,nan,0.9245718096493157,0.02312008829030356,0.0,0.0,0.0,0.0,0.0,0.0,0.0,0.0,0.0,0.0,0.0,0.0,0.0,0.0,0.0,0.0,0.0,0.0,0.0,0.0,0.0,0.0,0.0,0.0,0.0,0.19092066185829448,4.098430207891388,15.057276198557492,9.673313534153587,0.980059397539245,0.9250348410524951,0.023231243747192227,0.0,0.0,0.0,0.0,0.0,0.0,0.0,0.0,0.0,0.0,0.0,0.0,0.0,0.0,0.0,0.0,0.0,0.0,0.0,0.0,0.0,0.0,0.0,0.0,0.0,0.08538899430740039,4.041745730550286,14.90037950664137,9.848197343453512,1.1242884250474385,0.3633,0.02168,0.0,0.0,0.0,0.0,0.0,0.0,0.0,0.0,0.06364022061943149,2.6347051336444642,13.899024183283839,12.155282138311396,1.2218922358930846,0.0254560882477726,0.0,0.0,0.0,0.0,0.0,0.0,0.0,0.0,0.0,0.0,0.0,0.0,0.0,0.0,0.0,0.0,0.3635,0.02206,0.0,0.0,0.0,0.0,0.0,0.0,0.0,0.0,0.0142314990512334,2.4335863377609113,14.373814041745733,11.541745730550268,1.6081593927893743,0.0284629981024668,0.0,0.0,0.0,0.0,0.0,0.0,0.0,0.0,0.0,0.0,0.0,0.0,0.0,0.0,0.0,0.0
63800,4390,2249,0.5123006833712984,1034,921,0.44533029612756264,1258,0.5731207289293849,0.418,3.02288650163475,3.134377834565864,6.7593856655290105,2.2134684605853607,9305.631283445131,1417.3794795642955,7853.0,10744.563356637955,10688.505262038294,17.594257562639925,7853.0,0.0,27.57630979498861,20.892587519540466,32.685534591194966,19.15753927632246,0.14510250569476082,0.10227790432801823,0.09043280182232347,0.08929384965831436,0.08018223234624146,0.07699316628701594,0.07198177676537586,0.0621867881548975,0.05353075170842825,0.05079726651480638,0.04191343963553531,0.04100227790432802,0.030068337129840545,0.025968109339407745,0.02232346241457859,0.010022779043280182,0.00592255125284738,0.9241961056795098,0.023242426347524946,0.0,0.0,0.0,0.0,0.0,0.0,0.0,0.0,0.0,0.0,0.0,0.0,0.0,0.0,0.0,0.0,0.0,0.0,0.0,0.0,0.0,0.0,0.0,0.0,0.0,0.18451025056947615,4.37357630979499,15.034168564920277,9.34851936218679,1.059225512528474,4.344408717399071,2.837254710021948,nan,nan,nan,4.366926898509581,2.8736460438171365,4.321582733812949,2.7996984059034693,0.9896164589537536,0.364,0.02132,0.0,0.0,0.0,0.0,0.0,0.0,0.0,0.0,0.020501138952164013,2.1321184510250575,14.330296127562645,12.082004555808638,1.4077448747152623,0.027334851936218686,0.0,0.0,0.0,0.0,0.0,0.0,0.0,0.0,0.0,0.0,0.0,0.0,0.0,0.0,0.0,0.0,nan,nan,4.344408717399071,2.837254710021948,nan,0.364,0.12244,0.0,0.0,0.0,0.0,0.0,0.0,0.0,0.0,0.0,0.0,0.0023462414578587698,0.005945330296127563,0.004977220956719818,0.0051822323462414575,0.0002050113895216401,0.033109339407744874,0.0061731207289293846,0.003530751708428246,0.0051822323462414575,0.026822323462414577,0.0062072892938496585,0.03785876993166287,0.008792710706150342,0.011890660592255126,0.012118451025056948,0.032232346241457856,0.011400911161731208,0.04168564920273349,0.03586560364464692,0.014544419134396355,0.01561503416856492,0.026685649202733485,0.02334851936218679,0.040273348519362186,0.03059225512528474,0.0330751708428246,0.048018223234624145,0.08506833712984055,0.021207289293849657,0.010797266514806378,0.023712984054669702,0.011480637813211845,0.019134396355353075,0.024453302961275625,0.025,0.03796127562642369,0.01682232346241458,0.033018223234624146,0.020056947608200454,0.007790432801822324,0.01875854214123007,0.003223234624145786,0.011241457858769932,0.0041685649202733484,0.006241457858769932,0.005546697038724373,0.006275626423690205,0.017391799544419134,0.0017425968109339408,0.01050113895216401,0.016287015945330295,0.005626423690205011,0.01123006833712984,0.003952164009111617,0.0033029612756264237,0.004612756264236902,0.005945330296127563,0.000694760820045558,0.0026993166287015945,0.0,0.0003758542141230068,0.0,0.0,0.0,0.0,0.0,0.0,0.0,0.0,0.0,0.0,0.0,0.0,0.0,0.0,0.0,0.0,0.0,0.0,0.0,0.0,0.0,0.0,0.0,0.0,0.0,0.0,0.0,0.0,0.0,0.0,nan,nan,4.344408717399071,2.837254710021948,nan,0.9238394357830538,0.02267833489546126,0.0,0.0,0.0,0.0,0.0,0.0,0.0,0.0,0.0,0.0,0.0,0.0,0.0,0.0,0.0,0.0,0.0,0.0,0.0,0.0,0.0,0.0,0.0,0.0,0.0,0.1734104046242775,4.401956425077813,15.03334815473544,9.510893730546911,0.8803912850155626,0.9245707673316022,0.023814839046655146,0.0,0.0,0.0,0.0,0.0,0.0,0.0,0.0,0.0,0.0,0.0,0.0,0.0,0.0,0.0,0.0,0.0,0.0,0.0,0.0,0.0,0.0,0.0,0.0,0.0,0.1961700140121439,4.3437645959831865,15.03503035964503,9.177954226996732,1.2470808033629148,0.364,0.02153,0.0,0.0,0.0,0.0,0.0,0.0,0.0,0.0,0.026678523788350384,2.1476211649622057,14.25967096487328,12.15206758559358,1.3739439751000448,0.04001778568252557,0.0,0.0,0.0,0.0,0.0,0.0,0.0,0.0,0.0,0.0,0.0,0.0,0.0,0.0,0.0,0.0,0.364,0.02109,0.0,0.0,0.0,0.0,0.0,0.0,0.0,0.0,0.014012143858010279,2.115833722559552,14.404483886034567,12.008407286314789,1.443250817375059,0.014012143858010279,0.0,0.0,0.0,0.0,0.0,0.0,0.0,0.0,0.0,0.0,0.0,0.0,0.0,0.0,0.0,0.0
63900,4797,2529,0.5272045028142589,1188,952,0.4461121534292266,1354,0.5645194913487597,0.414,3.0440917107583774,3.115897029503293,6.573353293413174,2.100543730800224,9347.772647754784,1415.5966141241684,7853.0,10746.963122844696,10688.280502680782,17.38264986643489,7853.0,0.0,27.892224306858452,20.75791994279784,32.77433737924201,19.00012008196731,0.14071294559099437,0.09589326662497394,0.09651865749426725,0.08755472170106317,0.07754846779237023,0.072336877214926,0.07317073170731707,0.061079841567646447,0.06504065040650407,0.05545132374400667,0.0429435063581405,0.039816552011673965,0.03293725244944757,0.025015634771732333,0.015843235355430477,0.011048572024181781,0.007087763185324161,0.9219715174272802,0.02278028417976403,0.0,0.0,0.0,0.0,0.0,0.0,0.0,0.0,0.0,0.0,0.0,0.0,0.0,0.0,0.0,0.0,0.0,0.0,0.0,0.0,0.0,0.0,0.0,0.0,0.0,0.21263289555972487,4.934333958724204,15.528455284552848,8.574108818011258,0.7504690431519702,4.290113452188007,2.8837750144503556,nan,nan,nan,4.296440129449838,2.8679943964495473,4.284600389863548,2.9002638213486973,0.9972442908013229,0.365,0.02159,0.0,0.0,0.0,0.0,0.0,0.0,0.0,0.0,0.04377736085053159,2.151344590368981,13.445903689806132,12.826766729205735,1.4946841776110074,0.0375234521575985,0.0,0.0,0.0,0.0,0.0,0.0,0.0,0.0,0.0,0.0,0.0,0.0,0.0,0.0,0.0,0.0,nan,nan,4.290113452188007,2.8837750144503556,nan,0.365,0.1226,0.0,0.0,0.0,0.0,0.0,0.0,0.0,0.0,0.0,0.0,0.001855326245570148,0.0066187200333541795,0.005347091932457786,0.004680008338544924,0.000375234521575985,0.03258286429018136,0.006378986866791745,0.0034604961434229727,0.0047425474254742545,0.025453408380237647,0.006233062330623307,0.039013967062747554,0.009922868459453825,0.010173024807171149,0.011475922451532207,0.033531373775276214,0.010600375234521576,0.04316239316239316,0.03622055451323744,0.014311027725661871,0.013967062747550553,0.026297686053783614,0.024056702105482594,0.03880550343964978,0.030737961225766105,0.03346883468834688,0.045726495726495724,0.08434438190535752,0.02168021680216802,0.010235563894100479,0.02469251615593079,0.01064206795914113,0.018250990202209716,0.02434855117781947,0.026026683343756515,0.0367104440275172,0.017834062956014175,0.03379195330414843,0.02195121951219512,0.007713154054617469,0.020002084636230977,0.003293725244944757,0.011830310610798415,0.0049301646862622475,0.006160100062539087,0.006024598707525537,0.006170523243693975,0.01616635397123202,0.0019387116948092558,0.011632270168855536,0.016062122159683136,0.006035021888680425,0.011152803835730665,0.00327287888263498,0.0037210756722951847,0.004659161976235147,0.0058682509902022095,0.0008755472170106316,0.002293099854075464,0.0,0.0004898895142797582,0.0,0.0,0.0,0.0,0.0,0.0,0.0,0.0,0.0,0.0,0.0,0.0,0.0,0.0,0.0,0.0,0.0,0.0,0.0,0.0,0.0,0.0,0.0,0.0,0.0,0.0,0.0,0.0,0.0,0.0,nan,nan,4.290113452188007,2.8837750144503556,nan,0.9222947190806252,0.02297987300549993,0.0,0.0,0.0,0.0,0.0,0.0,0.0,0.0,0.0,0.0,0.0,0.0,0.0,0.0,0.0,0.0,0.0,0.0,0.0,0.0,0.0,0.0,0.0,0.0,0.0,0.26097271648873077,4.816132858837486,15.504151838671415,8.659549228944249,0.759193357058126,0.9216111219328758,0.022550182288351393,0.0,0.0,0.0,0.0,0.0,0.0,0.0,0.0,0.0,0.0,0.0,0.0,0.0,0.0,0.0,0.0,0.0,0.0,0.0,0.0,0.0,0.0,0.0,0.0,0.0,0.15873015873015875,5.066137566137567,15.555555555555559,8.478835978835981,0.7407407407407409,0.3652,0.02177,0.0,0.0,0.0,0.0,0.0,0.0,0.0,0.0,0.04744958481613287,2.1115065243179125,13.34519572953737,12.894424673784085,1.5539739027283515,0.04744958481613287,0.0,0.0,0.0,0.0,0.0,0.0,0.0,0.0,0.0,0.0,0.0,0.0,0.0,0.0,0.0,0.0,0.3647,0.02138,0.0,0.0,0.0,0.0,0.0,0.0,0.0,0.0,0.03968253968253969,2.1957671957671963,13.558201058201062,12.751322751322734,1.428571428571429,0.02645502645502646,0.0,0.0,0.0,0.0,0.0,0.0,0.0,0.0,0.0,0.0,0.0,0.0,0.0,0.0,0.0,0.0
64000,4605,2338,0.5077090119435397,1104,951,0.44625407166123776,1298,0.5637350705754615,0.414,2.8800176444640493,3.091271831262506,6.6605657237936775,2.1331530129042346,9292.70884239143,1417.7330754313525,7853.0,10752.529138088226,10688.696843119133,17.234549404101013,7853.0,0.0,28.02258414766558,21.04607246958272,33.11760124610592,19.239767996079586,0.14310532030401737,0.09858849077090119,0.09511400651465798,0.08099891422366992,0.08165038002171553,0.0736156351791531,0.06948968512486428,0.06449511400651466,0.05537459283387622,0.051900108577633004,0.04408251900108578,0.04429967426710098,0.033659066232356136,0.02975027144408252,0.01498371335504886,0.011509229098805645,0.00738327904451683,0.9219191892139298,0.02298262233451956,0.0,0.0,0.0,0.0,0.0,0.0,0.0,0.0,0.0,0.0,0.0,0.0,0.0,0.0,0.0,0.0,0.0,0.0,0.0,0.0,0.0,0.0,0.0,0.0,0.0,0.2801302931596092,4.736156351791532,15.66123778501629,8.508143322475572,0.8143322475570035,4.24680993955675,2.876317386987564,nan,nan,nan,4.268243243243243,2.8864206105196666,4.224448897795591,2.8667332918195654,0.9897394916475345,0.366,0.0213,0.0,0.0,0.0,0.0,0.0,0.0,0.0,0.0,0.006514657980456027,1.889250814332248,13.713355048859938,12.644951140065128,1.7068403908794791,0.03908794788273616,0.0,0.0,0.0,0.0,0.0,0.0,0.0,0.0,0.0,0.0,0.0,0.0,0.0,0.0,0.0,0.0,nan,nan,4.24680993955675,2.876317386987564,nan,0.366,0.1224,0.0,0.0,0.0,0.0,0.0,0.0,0.0,0.0,0.0,1.0857763300760044e-05,0.0016503800217155266,0.0073072747014115095,0.00501628664495114,0.004527687296416938,0.0003040173724212812,0.030608034744842562,0.0056134636264929426,0.0041150922909880564,0.0045819761129207385,0.025982627578718782,0.005841476655808904,0.04001085776330076,0.010662323561346363,0.00979370249728556,0.01254071661237785,0.03209554831704669,0.01219326818675353,0.04294245385450597,0.03452768729641694,0.013669923995656894,0.013930510314875136,0.026970684039087946,0.02247557003257329,0.03621064060803474,0.02991313789359392,0.033040173724212814,0.0447014115092291,0.08621064060803474,0.023452768729641693,0.011878393051031487,0.02236699239956569,0.009576547231270358,0.01963083604777416,0.02533116178067318,0.028132464712269274,0.036188925081433225,0.016634093376764386,0.03505971769815418,0.02251900108577633,0.007915309446254072,0.020760043431053202,0.00495114006514658,0.011574375678610206,0.006102062975027144,0.005689467969598263,0.006188925081433224,0.005917480998914224,0.016091205211726384,0.0018458197611292075,0.010922909880564604,0.016134636264929423,0.006167209554831705,0.0101628664495114,0.0036047774158523343,0.004125950054288816,0.004136807817589577,0.0050814332247557,0.0011943539630836048,0.0028555917480998913,0.0,0.00035830618892508144,0.0,0.0,0.0,0.0,0.0,0.0,0.0,0.0,0.0,0.0,0.0,0.0,0.0,0.0,0.0,0.0,0.0,0.0,0.0,0.0,0.0,0.0,0.0,0.0,0.0,0.0,0.0,0.0,0.0,0.0,nan,nan,4.24680993955675,2.876317386987564,nan,0.9224265740405198,0.022731014368604165,0.0,0.0,0.0,0.0,0.0,0.0,0.0,0.0,0.0,0.0,0.0,0.0,0.0,0.0,0.0,0.0,0.0,0.0,0.0,0.0,0.0,0.0,0.0,0.0,0.0,0.2437981180496151,4.452523524379813,15.64157399486741,8.930710008554321,0.7313943541488453,0.9213959136406756,0.023227650606718057,0.0,0.0,0.0,0.0,0.0,0.0,0.0,0.0,0.0,0.0,0.0,0.0,0.0,0.0,0.0,0.0,0.0,0.0,0.0,0.0,0.0,0.0,0.0,0.0,0.0,0.317600352889281,5.028672254080283,15.681517423908252,8.07234230260256,0.8998676665196297,0.3657,0.02132,0.0,0.0,0.0,0.0,0.0,0.0,0.0,0.0,0.012831479897348164,1.963216424294269,13.331907613344741,13.165098374679195,1.4756201881950388,0.05132591958939266,0.0,0.0,0.0,0.0,0.0,0.0,0.0,0.0,0.0,0.0,0.0,0.0,0.0,0.0,0.0,0.0,0.366,0.02127,0.0,0.0,0.0,0.0,0.0,0.0,0.0,0.0,0.0,1.8129686810763128,14.1067490074989,12.10851345390382,1.9453021614468464,0.026466696074106757,0.0,0.0,0.0,0.0,0.0,0.0,0.0,0.0,0.0,0.0,0.0,0.0,0.0,0.0,0.0,0.0
64100,4659,2379,0.510624597553123,1118,936,0.4408671388710024,1328,0.5700794161837304,0.39799999999999996,2.9842105263157896,3.059026876208001,6.354838709677419,2.145762048482273,9300.702976434854,1417.3141233920524,7853.0,10755.786657094955,10688.161062299278,17.26027422240453,7853.0,0.0,28.31122558488946,21.03933255244556,33.11548223350254,19.32109427952552,0.1356514273449238,0.09637261214852973,0.09680188881734278,0.08886027044430135,0.07877226872719467,0.07512341704228376,0.06761107533805538,0.06138656364026615,0.05709379695213565,0.0540888602704443,0.04915217857909423,0.03906417686198755,0.03455677183945052,0.02790298347284825,0.0188881734277742,0.01159047005795235,0.0070830650354153256,0.9227457787376997,0.022700501439766884,0.0,0.0,0.0,0.0,0.0,0.0,0.0,0.0,0.0,0.0,0.0,0.0,0.0,0.0,0.0,0.0,0.0,0.0,0.0,0.0,0.0,0.0,0.0,0.0,0.0,0.2253702511268513,4.610431423052158,15.68576947842885,8.634900193174502,0.8435286542176434,4.3097754293262875,2.8871000982489496,nan,nan,nan,4.3924050632911396,2.8924622820552512,4.226736566186108,2.879578427271444,0.9622829646360302,0.365,0.0217,0.0,0.0,0.0,0.0,0.0,0.0,0.0,0.0,0.0064391500321957515,2.124919510624598,13.715389568576951,12.601416613007064,1.5260785576303932,0.025756600128783006,0.0,0.0,0.0,0.0,0.0,0.0,0.0,0.0,0.0,0.0,0.0,0.0,0.0,0.0,0.0,0.0,nan,nan,4.3097754293262875,2.8871000982489496,nan,0.365,0.12244,0.0,0.0,0.0,0.0,0.0,0.0,0.0,0.0,0.0,1.0731916720326251e-05,0.0016205194247692638,0.00841382270873578,0.006567933032839665,0.005119124275595621,0.000214638334406525,0.02934106031337197,0.005086928525434643,0.00455033268941833,0.0041317879373256065,0.026883451384417258,0.005108392358875295,0.04089933462116334,0.010978750804893755,0.008864563210989483,0.012599270229663017,0.032002575660012876,0.012545610646061387,0.04077055162051942,0.03162695857480146,0.015389568576947843,0.014412964155398155,0.026722472633612365,0.025080489375402446,0.037078772268727196,0.030403520068684266,0.033505044000858554,0.045288688559776774,0.08509336767546684,0.023771195535522645,0.011150461472418974,0.020873578021034556,0.010120197467267654,0.01897402876153681,0.026314659798239964,0.027538098304357158,0.03656364026615153,0.01579738141232024,0.036992916934964586,0.02355655720111612,0.006879158617729126,0.021592616441296415,0.005891822279459112,0.010270444301352221,0.007286971453101524,0.004679115690062245,0.004958145524790728,0.006482077699077055,0.014777849323889246,0.0012985619231594763,0.009830435715818845,0.015861772912642198,0.0057201116119338915,0.009658725048293626,0.004088860270444301,0.004078128353723975,0.005333762610002147,0.005473277527366388,0.0012234385061171925,0.0024146812620734065,2.1463833440652502e-05,0.000214638334406525,0.0,0.0,0.0,0.0,0.0,0.0,0.0,0.0,0.0,0.0,0.0,0.0,0.0,0.0,0.0,0.0,0.0,0.0,0.0,0.0,0.0,0.0,0.0,0.0,0.0,0.0,0.0,0.0,0.0,0.0,nan,nan,4.3097754293262875,2.8871000982489496,nan,0.9221352343050158,0.02281765258082213,0.0,0.0,0.0,0.0,0.0,0.0,0.0,0.0,0.0,0.0,0.0,0.0,0.0,0.0,0.0,0.0,0.0,0.0,0.0,0.0,0.0,0.0,0.0,0.0,0.0,0.21437578814628,4.9558638083228255,15.636822194199246,8.297604035308956,0.8953341740226988,0.923382833652329,0.022560007307531597,0.0,0.0,0.0,0.0,0.0,0.0,0.0,0.0,0.0,0.0,0.0,0.0,0.0,0.0,0.0,0.0,0.0,0.0,0.0,0.0,0.0,0.0,0.0,0.0,0.0,0.23684210526315794,4.250000000000001,15.736842105263161,8.98684210526316,0.7894736842105265,0.3652,0.02165,0.0,0.0,0.0,0.0,0.0,0.0,0.0,0.0,0.0,2.118537200504414,13.7578814627995,12.559899117276148,1.5510718789407318,0.012610340479192942,0.0,0.0,0.0,0.0,0.0,0.0,0.0,0.0,0.0,0.0,0.0,0.0,0.0,0.0,0.0,0.0,0.365,0.02174,0.0,0.0,0.0,0.0,0.0,0.0,0.0,0.0,0.013157894736842108,2.1315789473684212,13.67105263157895,12.644736842105246,1.5000000000000004,0.03947368421052632,0.0,0.0,0.0,0.0,0.0,0.0,0.0,0.0,0.0,0.0,0.0,0.0,0.0,0.0,0.0,0.0
64200,4522,2415,0.5340557275541795,1132,906,0.4506855373728439,1260,0.5572755417956656,0.422,3.024205030849549,3.1191925092164943,6.658940397350993,2.118095218365647,9366.96773074423,1414.1915460609737,7853.0,10756.617200613022,10687.849721915283,17.578128267971323,7853.0,0.0,28.196815568332596,20.77910205702763,33.076600209863585,18.972211638723408,0.13688633348076074,0.09265811587793012,0.08956214064573198,0.09575409111012827,0.08182220256523662,0.0762936753648828,0.06523662096417514,0.0659000442282176,0.05639097744360902,0.05727554179566564,0.047766475011057054,0.03847854931446263,0.03427686864219372,0.02697921273772667,0.019239274657231315,0.010172490048651039,0.005307386112339673,0.9225358445129791,0.023599951185413276,0.0,0.0,0.0,0.0,0.0,0.0,0.0,0.0,0.0,0.0,0.0,0.0,0.0,0.0,0.0,0.0,0.0,0.0,0.0,0.0,0.0,0.0,0.0,0.0,0.0,0.27863777089783287,4.823087129588679,15.145953118089345,8.903140203449803,0.8491817779743478,4.236573759347383,2.9631400118697817,nan,nan,nan,4.279481935923654,2.925269219110425,4.193898305084746,2.9997225956203173,0.9800014038801086,0.3638,0.02156,0.0,0.0,0.0,0.0,0.0,0.0,0.0,0.0,0.019902697921273776,2.2821760283060595,14.383016364440516,11.855373728438726,1.4462627156125611,0.013268465280849184,0.0,0.0,0.0,0.0,0.0,0.0,0.0,0.0,0.0,0.0,0.0,0.0,0.0,0.0,0.0,0.0,nan,nan,4.236573759347383,2.9631400118697817,nan,0.3638,0.1217,0.0,0.0,0.0,0.0,0.0,0.0,0.0,8.845643520566122e-05,4.422821760283061e-05,2.2114108801415304e-05,0.0013710747456877489,0.007717823971693941,0.00673374613003096,0.00527421494913755,0.000254312251216276,0.030263157894736843,0.004621848739495798,0.0036267138434321095,0.003914197257850509,0.029544449358690845,0.005384785493144626,0.04014816452896948,0.0105484298982751,0.008845643520566122,0.012748783724015922,0.0333812472357364,0.013235294117647059,0.042989827509951346,0.028261831048208758,0.01497125165855816,0.014506855373728438,0.027178239716939407,0.025995134896063688,0.03732861565678903,0.029411764705882353,0.03466386554621849,0.0456656346749226,0.08585802742149491,0.021771340114993366,0.01002874834144184,0.020687748783724015,0.009785493144626272,0.02038920831490491,0.02881468376824414,0.028836797877045555,0.03561477222467935,0.01595532950022114,0.03686421937195931,0.02481203007518797,0.0070875718708536045,0.021030517470145952,0.00673374613003096,0.009332153914197257,0.007275541795665635,0.0042680229986731535,0.004489164086687306,0.005561698363555949,0.013124723573639982,0.0011057054400707652,0.008812472357363998,0.014573197700132684,0.00531844316674038,0.010084033613445379,0.0036598850066342325,0.0035272003538257407,0.006103494029190624,0.006169836355594869,0.000984077841662981,0.0024325519681556835,5.528527200353826e-05,0.00011057054400707652,0.0,0.0,0.0,0.0,0.0,0.0,0.0,0.0,0.0,0.0,0.0,0.0,0.0,0.0,0.0,0.0,0.0,0.0,0.0,0.0,0.0,0.0,0.0,0.0,0.0,0.0,0.0,0.0,0.0,0.0,nan,nan,4.236573759347383,2.9631400118697817,nan,0.9230394475948737,0.023693642311479766,0.0,0.0,0.0,0.0,0.0,0.0,0.0,0.0,0.0,0.0,0.0,0.0,0.0,0.0,0.0,0.0,0.0,0.0,0.0,0.0,0.0,0.0,0.0,0.0,0.0,0.28571428571428575,4.633540372670808,15.031055900621121,9.105590062111803,0.9440993788819878,0.9219586250337312,0.023478822683742944,0.0,0.0,0.0,0.0,0.0,0.0,0.0,0.0,0.0,0.0,0.0,0.0,0.0,0.0,0.0,0.0,0.0,0.0,0.0,0.0,0.0,0.0,0.0,0.0,0.0,0.27052681537731377,5.0403417180825825,15.277645942097772,8.671096345514952,0.7403891789273851,0.3638,0.02145,0.0,0.0,0.0,0.0,0.0,0.0,0.0,0.0,0.012422360248447208,2.3229813664596275,14.608695652173916,11.602484472049673,1.428571428571429,0.024844720496894415,0.0,0.0,0.0,0.0,0.0,0.0,0.0,0.0,0.0,0.0,0.0,0.0,0.0,0.0,0.0,0.0,0.364,0.0217,0.0,0.0,0.0,0.0,0.0,0.0,0.0,0.0,0.028476506881822503,2.235405790223066,14.124347413383962,12.145230185097278,1.466540104413859,0.0,0.0,0.0,0.0,0.0,0.0,0.0,0.0,0.0,0.0,0.0,0.0,0.0,0.0,0.0,0.0,0.0
64300,4658,2410,0.5173894375268355,1128,955,0.4471876341777587,1305,0.5603263203091455,0.414,3.006672597864769,3.137911044874927,6.650238473767885,2.162350361209926,9319.937090389843,1416.8344742685513,7853.0,10742.533854603767,10688.2667913012,17.930239054581907,7853.0,0.0,27.776298840704165,20.861866037607072,32.881142269102135,19.065369571137506,0.14512666380420783,0.1000429368827823,0.09295835122370116,0.08329755259768142,0.07685702018033491,0.07664233576642336,0.07277801631601545,0.06419063975955346,0.05732073851438386,0.05302705023615285,0.04143409188492916,0.042722198368398454,0.033061399742378705,0.025762129669386003,0.0184628595963933,0.01051953628166595,0.005796479175611851,0.9229355257767472,0.023095216933857965,0.0,0.0,0.0,0.0,0.0,0.0,0.0,0.0,0.0,0.0,0.0,0.0,0.0,0.0,0.0,0.0,0.0,0.0,0.0,0.0,0.0,0.0,0.0,0.0,0.0,0.19321597252039507,4.740231859167025,15.3735508802061,8.797767282095322,0.8952340060111638,4.32539416303254,2.918918135221841,nan,nan,nan,4.308159136884693,2.910924302167478,4.342456608811749,2.9267104432242155,1.0079610503784355,0.3645,0.02165,0.0,0.0,0.0,0.0,0.0,0.0,0.0,0.0,0.03864319450407901,2.08029197080292,13.988836410476603,12.359381708887918,1.500644053241735,0.03220266208673251,0.0,0.0,0.0,0.0,0.0,0.0,0.0,0.0,0.0,0.0,0.0,0.0,0.0,0.0,0.0,0.0,nan,nan,4.32539416303254,2.918918135221841,nan,0.3645,0.1215,0.0,0.0,0.0,0.0,0.0,0.0,0.0,0.00032202662086732505,0.0,1.0734220695577501e-05,0.0009338772005152426,0.006429798196650923,0.0061721768999570634,0.006290253327608415,0.00034349506225848003,0.03083941605839416,0.004218548733361958,0.003789179905538858,0.0036711034778875054,0.030871618720480894,0.004701588664662946,0.038589523400601115,0.01103477887505367,0.010143838557320739,0.012924001717475311,0.030807213396307428,0.012902533276084156,0.041165736367539715,0.029272219836839846,0.017067410905968226,0.013761270931730357,0.027458136539287248,0.025525976814083296,0.03853585229712323,0.02844568484328038,0.035583941605839414,0.04559896951481322,0.08422069557750107,0.023776298840704164,0.008319021039072564,0.020910261914984973,0.010455130957492486,0.019611421210820094,0.028069987118935165,0.029959209961356807,0.03772005152425934,0.015779304422498926,0.038890081580077285,0.02329325890940318,0.007739373121511378,0.01989051094890511,0.007513954486904251,0.008683984542722198,0.007202662086732503,0.004175611850579648,0.0038428510090167452,0.006129240017174753,0.012913267496779735,0.001009016745384285,0.008254615714899098,0.015264061829111206,0.004755259768140833,0.010734220695577501,0.004411764705882353,0.003467153284671533,0.0059145556032632034,0.005678402747960498,0.0012559038213825677,0.00253327608415629,5.367110347788751e-05,0.00016101331043366253,0.0,0.0,0.0,0.0,0.0,0.0,0.0,0.0,0.0,0.0,0.0,0.0,0.0,0.0,0.0,0.0,0.0,0.0,0.0,0.0,0.0,0.0,0.0,0.0,0.0,0.0,0.0,0.0,0.0,0.0,nan,nan,4.32539416303254,2.918918135221841,nan,0.9232770236943273,0.02328821206271105,0.0,0.0,0.0,0.0,0.0,0.0,0.0,0.0,0.0,0.0,0.0,0.0,0.0,0.0,0.0,0.0,0.0,0.0,0.0,0.0,0.0,0.0,0.0,0.0,0.0,0.16182572614107887,4.867219917012449,15.248962655601662,8.751037344398341,0.9709543568464732,0.92256941813379,0.022880845882030286,0.0,0.0,0.0,0.0,0.0,0.0,0.0,0.0,0.0,0.0,0.0,0.0,0.0,0.0,0.0,0.0,0.0,0.0,0.0,0.0,0.0,0.0,0.0,0.0,0.0,0.22686832740213528,4.604092526690392,15.507117437722423,8.847864768683275,0.8140569395017796,0.3643,0.0217,0.0,0.0,0.0,0.0,0.0,0.0,0.0,0.0,0.02489626556016598,2.178423236514523,14.016597510373447,12.261410788381724,1.493775933609959,0.02489626556016598,0.0,0.0,0.0,0.0,0.0,0.0,0.0,0.0,0.0,0.0,0.0,0.0,0.0,0.0,0.0,0.0,0.3647,0.0216,0.0,0.0,0.0,0.0,0.0,0.0,0.0,0.0,0.05338078291814948,1.9750889679715307,13.959074733096088,12.464412811387882,1.5080071174377228,0.0400355871886121,0.0,0.0,0.0,0.0,0.0,0.0,0.0,0.0,0.0,0.0,0.0,0.0,0.0,0.0,0.0,0.0
64400,4630,2411,0.5207343412526998,1146,911,0.44427645788336934,1292,0.5580993520518358,0.422,3.046867958539883,3.100038940015637,6.5220700152207005,2.14324537509545,9329.746711926815,1416.7833272034447,7853.0,10761.278276085854,10688.892690261782,17.563903625395177,7853.0,0.0,28.237580993520517,21.043607202274348,33.333505420753745,19.22416946274575,0.13995680345572353,0.09870410367170626,0.08855291576673865,0.08531317494600432,0.08380129589632829,0.07688984881209503,0.06393088552915767,0.06479481641468683,0.06025917926565875,0.052483801295896325,0.04730021598272138,0.03952483801295896,0.03347732181425486,0.02613390928725702,0.020950323974082072,0.009071274298056155,0.008855291576673866,0.9232715833006874,0.023567310658373475,0.0,0.0,0.0,0.0,0.0,0.0,0.0,0.0,0.0,0.0,0.0,0.0,0.0,0.0,0.0,0.0,0.0,0.0,0.0,0.0,0.0,0.0,0.0,0.0,0.006479481641468684,0.2397408207343413,4.87257019438445,14.501079913606915,9.511879049676027,0.8682505399568037,4.286717965874875,2.8590908291101536,nan,nan,nan,4.274064171122995,2.8448792642162566,4.29939718687207,2.8732045510443767,1.005927149133659,0.3647,0.02206,0.0,0.0,0.0,0.0,0.0,0.0,0.0,0.0,0.006479481641468684,2.3002159827213826,13.866090712742984,12.103671706263482,1.6781857451403892,0.04535637149028079,0.0,0.0,0.0,0.0,0.0,0.0,0.0,0.0,0.0,0.0,0.0,0.0,0.0,0.0,0.0,0.0,nan,nan,4.286717965874875,2.8590908291101536,nan,0.3647,0.12195,0.0,0.0,0.0,0.0,0.0,0.0,0.0,0.0004535637149028078,1.0799136069114471e-05,1.0799136069114471e-05,0.0009611231101511879,0.007408207343412527,0.005561555075593952,0.007257019438444924,0.00038876889848812093,0.029827213822894168,0.004308855291576674,0.004632829373650108,0.0033153347732181424,0.02871490280777538,0.0051187904967602595,0.04103671706263499,0.010183585313174946,0.010356371490280777,0.012526997840172787,0.031241900647948163,0.01205183585313175,0.037818574514038875,0.03058315334773218,0.01611231101511879,0.013779697624190065,0.028034557235421167,0.02558315334773218,0.03898488120950324,0.029233261339092872,0.037494600431965446,0.04674946004319654,0.08113390928725701,0.023995680345572354,0.00865010799136069,0.01929805615550756,0.011079913606911447,0.019287257019438446,0.028131749460043196,0.02968682505399568,0.04139308855291576,0.014816414686825053,0.03872570194384449,0.022008639308855292,0.007721382289416847,0.018228941684665226,0.007721382289416847,0.00906047516198704,0.006630669546436285,0.003984881209503239,0.00437365010799136,0.005939524838012959,0.012786177105831534,0.0013498920086393088,0.008380129589632829,0.016900647948164146,0.004438444924406047,0.010647948164146869,0.005172786177105831,0.0029265658747300214,0.006436285097192225,0.004568034557235421,0.0014146868250539957,0.003120950323974082,5.3995680345572353e-05,0.00018358531317494602,1.0799136069114471e-05,0.0,0.0,0.0,0.0,0.0,0.0,0.0,0.0,0.0,0.0,0.0,0.0,0.0,0.0,0.0,0.0,0.0,0.0,0.0,0.0,0.0,0.0,0.0,0.0,0.0,0.0,0.0,0.0,0.0,nan,nan,4.286717965874875,2.8590908291101536,nan,0.9236707025571069,0.023444300847682297,0.0,0.0,0.0,0.0,0.0,0.0,0.0,0.0,0.0,0.0,0.0,0.0,0.0,0.0,0.0,0.0,0.0,0.0,0.0,0.0,0.0,0.0,0.0,0.0,0.0,0.22397345499792623,4.790543343011199,14.296972210700957,9.854832019908754,0.8336789713811699,0.9228379300662449,0.023692620239117043,0.0,0.0,0.0,0.0,0.0,0.0,0.0,0.0,0.0,0.0,0.0,0.0,0.0,0.0,0.0,0.0,0.0,0.0,0.0,0.0,0.0,0.0,0.0,0.0,0.013519603424966204,0.25687246507435785,4.961694456962596,14.722848129788197,9.139251915277153,0.9058134294727357,0.365,0.02226,0.0,0.0,0.0,0.0,0.0,0.0,0.0,0.0,0.0,2.189962671090834,14.234757362090422,11.783492326835322,1.7171298216507678,0.07465781833264207,0.0,0.0,0.0,0.0,0.0,0.0,0.0,0.0,0.0,0.0,0.0,0.0,0.0,0.0,0.0,0.0,0.3645,0.02184,0.0,0.0,0.0,0.0,0.0,0.0,0.0,0.0,0.013519603424966204,2.42000901306895,13.46552501126634,12.451554754393854,1.6358720144209107,0.013519603424966204,0.0,0.0,0.0,0.0,0.0,0.0,0.0,0.0,0.0,0.0,0.0,0.0,0.0,0.0,0.0,0.0
64500,4826,2534,0.5250725238292582,1183,1000,0.45234148363033566,1333,0.5524243680066308,0.422,2.9467713787085517,3.122394628285799,6.755371900826447,2.1695850390927442,9342.035177534712,1416.2078658314997,7853.0,10748.968519568443,10688.865732747641,17.814992892700317,7853.0,0.0,27.653543307086615,20.602129155443052,32.43999016232169,18.912878270794337,0.13634479900538748,0.10733526730211355,0.09573145462080399,0.07936179030252798,0.07542478242851222,0.08164111065064235,0.07501036054703689,0.061956071280563615,0.06237049316203896,0.0499378367177787,0.04869457107335267,0.039577289680895154,0.031910484873601326,0.020928305014504767,0.01554082055532532,0.011396601740571902,0.006837961044343141,0.9231327186715687,0.02356796012369938,0.0,0.0,0.0,0.0,0.0,0.0,0.0,0.0,0.0,0.0,0.0,0.0,0.0,0.0,0.0,0.0,0.0,0.0,0.0,0.0,0.0,0.0,0.0,0.0,0.0,0.2300041442188148,4.76792374637381,15.024865312888524,8.995026937422297,0.9821798590965605,4.246024018175917,2.8922842097706263,nan,nan,nan,4.286266924564797,2.9647507362519585,4.205228758169935,2.8163340295444987,0.9810935324791771,0.3652,0.02196,0.0,0.0,0.0,0.0,0.0,0.0,0.0,0.0,0.018648984666390388,2.2813924575217577,13.39618731869043,12.52590136759219,1.728139245752176,0.049730625777041036,0.0,0.0,0.0,0.0,0.0,0.0,0.0,0.0,0.0,0.0,0.0,0.0,0.0,0.0,0.0,0.0,nan,nan,4.246024018175917,2.8922842097706263,nan,0.3652,0.12134,0.0,0.0,0.0,0.0,0.0,0.0,0.0,0.000756319933692499,0.0,8.288437629506838e-05,0.0007148777455449648,0.0080605055946954,0.0046415250725238295,0.005998756734355574,0.0004558640696228761,0.028377538334024035,0.004734769995855781,0.003968089515126398,0.002880232076253626,0.026543721508495648,0.00470368835474513,0.044529631164525484,0.01130335681723995,0.009448818897637795,0.012753833402403648,0.02935142975549109,0.013385826771653543,0.0379092416079569,0.03110236220472441,0.01533360961458765,0.013997099046829673,0.027994198093659346,0.025859925404061335,0.040675507666804805,0.030211355159552426,0.03732905097389142,0.04562784915043514,0.08053253211769582,0.022855366763365106,0.011137588064649814,0.01912556983008703,0.010940737670949026,0.018731869042685454,0.030242436800663075,0.029796933278077083,0.04044757563199337,0.01594488188976378,0.040136759220886865,0.02193327807708247,0.006641110650642354,0.017043099875673436,0.008226274347285536,0.008682138416908413,0.006154164939908827,0.004019892250310816,0.005097389142146706,0.005107749689183589,0.013240779113137174,0.0013157894736842105,0.008785743887277249,0.01653543307086614,0.004631164525486946,0.00940737670949026,0.005480729382511397,0.0031081641110650643,0.006164525486945711,0.004817654372150849,0.0009738914214670535,0.003688354745130543,2.0721094073767094e-05,0.00030045586406962285,0.0,0.0,0.0,0.0,0.0,0.0,0.0,0.0,0.0,0.0,0.0,0.0,0.0,0.0,0.0,0.0,0.0,0.0,0.0,0.0,0.0,0.0,0.0,0.0,0.0,0.0,0.0,0.0,0.0,0.0,nan,nan,4.246024018175917,2.8922842097706263,nan,0.922877478571322,0.02360590431356374,0.0,0.0,0.0,0.0,0.0,0.0,0.0,0.0,0.0,0.0,0.0,0.0,0.0,0.0,0.0,0.0,0.0,0.0,0.0,0.0,0.0,0.0,0.0,0.0,0.0,0.21310181531176012,4.925019731649567,15.03551696921863,8.855564325177586,0.9707971586424627,0.9234149082064836,0.02352271496942856,0.0,0.0,0.0,0.0,0.0,0.0,0.0,0.0,0.0,0.0,0.0,0.0,0.0,0.0,0.0,0.0,0.0,0.0,0.0,0.0,0.0,0.0,0.0,0.0,0.0,0.24869109947643983,4.5942408376963355,15.013089005235605,9.149214659685866,0.9947643979057593,0.3657,0.02196,0.0,0.0,0.0,0.0,0.0,0.0,0.0,0.0,0.023677979479084458,2.308602999210734,13.07024467245462,12.750591949486958,1.7995264404104188,0.047355958958168916,0.0,0.0,0.0,0.0,0.0,0.0,0.0,0.0,0.0,0.0,0.0,0.0,0.0,0.0,0.0,0.0,0.3647,0.02199,0.0,0.0,0.0,0.0,0.0,0.0,0.0,0.0,0.013089005235602098,2.2513089005235605,13.756544502617805,12.277486910994748,1.6492146596858643,0.05235602094240839,0.0,0.0,0.0,0.0,0.0,0.0,0.0,0.0,0.0,0.0,0.0,0.0,0.0,0.0,0.0,0.0
64600,5000,2549,0.5098,1177,1073,0.45,1441,0.5764,0.39799999999999996,2.846185230518156,3.0116739972937396,6.493730407523511,2.13254925730765,9298.677706611705,1417.666531114046,7853.0,10744.638776540756,10688.77423815556,16.97087192140388,7853.0,0.0,27.4456,20.624525222171783,32.47843794920939,18.857176098784322,0.143,0.1028,0.0912,0.0886,0.08,0.0776,0.0716,0.0626,0.0576,0.0544,0.042,0.0338,0.0358,0.0284,0.0176,0.008,0.005,0.923321425819397,0.02310752407909009,0.0,0.0,0.0,0.0,0.0,0.0,0.0,0.0,0.0,0.0,0.0,0.0,0.0,0.0,0.0,0.0,0.0,0.0,0.0,0.0,0.0,0.0,0.0,0.0,0.0,0.22200000000000006,4.386000000000001,15.462000000000003,8.958000000000002,0.9720000000000002,4.228464419475656,2.847056655485716,nan,nan,nan,4.259566326530612,2.856847808995792,4.1986552567237165,2.8373208119120985,0.9857001710649481,0.3645,0.0212,0.0,0.0,0.0,0.0,0.0,0.0,0.0,0.0,0.04200000000000001,2.1000000000000005,13.914000000000003,12.497999999999983,1.4280000000000004,0.018000000000000002,0.0,0.0,0.0,0.0,0.0,0.0,0.0,0.0,0.0,0.0,0.0,0.0,0.0,0.0,0.0,0.0,nan,nan,4.228464419475656,2.847056655485716,nan,0.3645,0.1215,0.0,0.0,0.0,0.0,0.0,0.0,0.0,0.00093,0.0,0.0,0.00106,0.00807,0.00429,0.00646,0.00053,0.02731,0.00526,0.00417,0.0027,0.02588,0.00567,0.04734,0.01245,0.00953,0.01381,0.02894,0.01318,0.03565,0.03023,0.01616,0.01429,0.0282,0.0251,0.04202,0.0302,0.03655,0.04362,0.08007,0.02397,0.01191,0.01879,0.01135,0.01755,0.03051,0.02699,0.0394,0.01616,0.04079,0.02319,0.00735,0.01644,0.00907,0.00847,0.00547,0.00453,0.00571,0.0046,0.01265,0.00091,0.00979,0.01641,0.00473,0.01017,0.00573,0.00302,0.0063,0.00409,0.00064,0.00341,3e-05,0.0002,0.0,0.0,0.0,0.0,0.0,0.0,0.0,0.0,0.0,0.0,0.0,0.0,0.0,0.0,0.0,0.0,0.0,0.0,0.0,0.0,0.0,0.0,0.0,0.0,0.0,0.0,0.0,0.0,0.0,0.0,nan,nan,4.228464419475656,2.847056655485716,nan,0.9235906946794713,0.022840148010728027,0.0,0.0,0.0,0.0,0.0,0.0,0.0,0.0,0.0,0.0,0.0,0.0,0.0,0.0,0.0,0.0,0.0,0.0,0.0,0.0,0.0,0.0,0.0,0.0,0.0,0.22361710474695964,4.389956845821891,15.347194978422914,9.168301294625344,0.8709297763828955,0.9230413905993523,0.02337905824263404,0.0,0.0,0.0,0.0,0.0,0.0,0.0,0.0,0.0,0.0,0.0,0.0,0.0,0.0,0.0,0.0,0.0,0.0,0.0,0.0,0.0,0.0,0.0,0.0,0.0,0.22031823745410042,4.381884944920442,15.581395348837212,8.739290085679317,1.0771113831089354,0.3647,0.02098,0.0,0.0,0.0,0.0,0.0,0.0,0.0,0.0,0.011769321302471561,2.012553942722637,13.934876422126328,12.522557865829718,1.4947038054138881,0.023538642604943122,0.0,0.0,0.0,0.0,0.0,0.0,0.0,0.0,0.0,0.0,0.0,0.0,0.0,0.0,0.0,0.0,0.3643,0.02142,0.0,0.0,0.0,0.0,0.0,0.0,0.0,0.0,0.07343941248470014,2.190942472460221,13.89228886168911,12.47246022031822,1.3586291309669527,0.012239902080783356,0.0,0.0,0.0,0.0,0.0,0.0,0.0,0.0,0.0,0.0,0.0,0.0,0.0,0.0,0.0,0.0
64700,4636,2414,0.5207075064710958,1105,945,0.44219154443485764,1297,0.5595340811044004,0.40199999999999997,2.9158415841584158,3.0174457024383465,6.323343848580442,2.218617280134492,9329.405416412843,1416.5297252089572,7853.0,10744.667934060097,10688.383392912154,17.1983810676457,7853.0,0.0,28.11259706643658,20.887023149572062,32.8625350675848,19.207579653465064,0.13373597929249353,0.10742018981880933,0.0910267471958585,0.08390854184641933,0.0778688524590164,0.07528041415012943,0.07441760138050044,0.059534081104400345,0.058671268334771355,0.05306298533218291,0.05155306298533218,0.04163071613459879,0.028904227782571183,0.02523727351164797,0.01984469370146678,0.012079378774805867,0.005823986194995686,0.9230054322633381,0.02298257014360415,0.0,0.0,0.0,0.0,0.0,0.0,0.0,0.0,0.0,0.0,0.0,0.0,0.0,0.0,0.0,0.0,0.0,0.0,0.0,0.0,0.0,0.0,0.0,0.0,0.0,0.2135461604831752,4.575064710957723,15.420621225194136,8.943054357204488,0.8477135461604833,4.192075218267293,2.836851716468935,nan,nan,nan,4.1593707250342,2.775930676814691,4.2236147757255935,2.894038384939286,1.015445617844239,0.3638,0.0218,0.0,0.0,0.0,0.0,0.0,0.0,0.0,0.0,0.01941328731665229,2.439603106125971,14.229939603106128,11.764452113891268,1.5142364106988788,0.03235547886108715,0.0,0.0,0.0,0.0,0.0,0.0,0.0,0.0,0.0,0.0,0.0,0.0,0.0,0.0,0.0,0.0,nan,nan,4.192075218267293,2.836851716468935,nan,0.3638,0.122,0.0,0.0,0.0,0.0,0.0,0.0,0.0,0.0012618636755823986,5.392579810181191e-05,2.1570319240724762e-05,0.0005823986194995686,0.008811475409836065,0.004022864538395168,0.006676013805004314,0.00039905090595340813,0.026121656600517688,0.00543572044866264,0.005069025021570319,0.0028149266609145815,0.02675798101811907,0.005910267471958585,0.04753019844693702,0.013071613459879207,0.01060181190681622,0.01548748921484038,0.026704055220017255,0.012521570319240725,0.0395060396893874,0.030327868852459017,0.015368852459016393,0.013438308886971527,0.029918032786885245,0.024762726488352028,0.039808024158757546,0.0305327868852459,0.03430759275237274,0.04488783433994823,0.0763481449525453,0.024115616911130285,0.012413718723037101,0.018701466781708368,0.0113244176013805,0.017914150129421914,0.03201035375323555,0.026380500431406384,0.037737273511647976,0.016091458153580672,0.040455133735979296,0.0247411561691113,0.008671268334771354,0.015411993097497844,0.008638912855910268,0.008703623813632442,0.0057916307161345985,0.004130716134598792,0.005317083692838654,0.003817946505608283,0.012154874892148403,0.0007873166522864538,0.01060181190681622,0.01612381363244176,0.00520923209663503,0.010030198446937014,0.006223037100949094,0.0026423641069887836,0.0071613459879206216,0.003138481449525453,0.0010353753235547887,0.0032031924072476272,0.0,0.0002588438308886972,0.0,0.0,0.0,0.0,0.0,0.0,0.0,0.0,0.0,0.0,0.0,0.0,0.0,0.0,0.0,0.0,0.0,0.0,0.0,0.0,0.0,0.0,0.0,0.0,0.0,0.0,0.0,0.0,0.0,0.0,nan,nan,4.192075218267293,2.836851716468935,nan,0.9233390500748957,0.022812218960052543,0.0,0.0,0.0,0.0,0.0,0.0,0.0,0.0,0.0,0.0,0.0,0.0,0.0,0.0,0.0,0.0,0.0,0.0,0.0,0.0,0.0,0.0,0.0,0.0,0.0,0.22369511184755597,4.424192212096107,15.62137531068766,8.83595691797846,0.8947804473902239,0.9226429869901157,0.023160775741408682,0.0,0.0,0.0,0.0,0.0,0.0,0.0,0.0,0.0,0.0,0.0,0.0,0.0,0.0,0.0,0.0,0.0,0.0,0.0,0.0,0.0,0.0,0.0,0.0,0.0,0.20252025202520257,4.73897389738974,15.202520252025206,9.059405940594061,0.7965796579657968,0.3643,0.02164,0.0,0.0,0.0,0.0,0.0,0.0,0.0,0.0,0.01242750621375311,2.3860811930405967,13.782104391052199,12.290803645401805,1.4913007456503733,0.037282518641259324,0.0,0.0,0.0,0.0,0.0,0.0,0.0,0.0,0.0,0.0,0.0,0.0,0.0,0.0,0.0,0.0,0.3633,0.02197,0.0,0.0,0.0,0.0,0.0,0.0,0.0,0.0,0.02700270027002701,2.497749774977498,14.71647164716472,11.192619261926176,1.5391539153915397,0.02700270027002701,0.0,0.0,0.0,0.0,0.0,0.0,0.0,0.0,0.0,0.0,0.0,0.0,0.0,0.0,0.0,0.0
64800,4457,2326,0.5218757011442674,1152,878,0.4554633161319273,1216,0.5456585146959838,0.422,3.00469263256687,3.151422780859986,6.672240802675585,2.149807177059331,9332.21175116358,1415.906349023738,7853.0,10747.171221017838,10687.413918717146,17.499634537887303,7853.0,0.0,28.12183082791115,20.814138708408322,32.950545067801116,19.066033681838036,0.13708772717074266,0.09647745120035899,0.09333632488220776,0.08481041059008301,0.08413731209333633,0.07538703163562935,0.07381646847655374,0.06349562485977114,0.061251963203948843,0.046892528606686114,0.04711689477226834,0.042405205295041506,0.03141126318151223,0.025353376710792012,0.02019295490240072,0.010545209782364819,0.006282252636302446,0.9230912037967753,0.023222622141907307,0.0,0.0,0.0,0.0,0.0,0.0,0.0,0.0,0.0,0.0,0.0,0.0,0.0,0.0,0.0,0.0,0.0,0.0,0.0,0.0,0.0,0.0,0.0,0.0,0.0,0.1884675790890734,4.583800762844964,15.434148530401618,8.810859322414181,0.9827238052501684,4.176693021656927,2.987149041702164,nan,nan,nan,4.134986225895317,3.0015540855005316,4.21771978021978,2.9730916436391386,1.0200081813589474,0.3633,0.0217,0.0,0.0,0.0,0.0,0.0,0.0,0.0,0.0,0.040385909804801445,2.3760376935158183,14.471617680053852,11.637873008750264,1.460623737940319,0.013461969934933815,0.0,0.0,0.0,0.0,0.0,0.0,0.0,0.0,0.0,0.0,0.0,0.0,0.0,0.0,0.0,0.0,nan,nan,4.176693021656927,2.987149041702164,nan,0.3633,0.1225,0.0,0.0,0.0,0.0,0.0,0.0,0.0,0.0012003589858649315,0.0002019295490240072,0.0,0.0006282252636302445,0.008739062149427866,0.004150774063271258,0.007213372223468701,0.0003589858649315683,0.02869643257796724,0.006237379403186,0.004969710567646399,0.00260264752075387,0.02548799641014135,0.006271034328023334,0.04421135292797846,0.012676688355396006,0.011857751851020866,0.01457258245456585,0.026048911824096927,0.01292349113753646,0.04087951536908234,0.032297509535562034,0.016019744222571235,0.012755216513349786,0.030300650661880188,0.024949517612744,0.03866950863809737,0.029380749382993045,0.03601076957594795,0.04597262732779897,0.07658739062149428,0.024276419115997306,0.012934709445815571,0.019273053623513572,0.011992371550370204,0.016367511779223694,0.03308279111509984,0.024141799416647968,0.03592102310971505,0.014078976890284945,0.04071124074489567,0.023883778326228403,0.009243886021987884,0.014651110612519632,0.008739062149427866,0.00839129459277541,0.0069329145164909135,0.00356742203275746,0.005530625981601974,0.00393762620596814,0.011925061700695535,0.0004936055642809064,0.011947498317253759,0.016333856854386358,0.004868745793134396,0.009860892977339017,0.006484182185326453,0.0025353376710792012,0.007336773614538927,0.002883105227731658,0.001211577294144043,0.0032645277092214495,0.0,0.00032533094009423377,0.0,0.0,0.0,0.0,0.0,0.0,0.0,0.0,0.0,0.0,0.0,0.0,0.0,0.0,0.0,0.0,0.0,0.0,0.0,0.0,0.0,0.0,0.0,0.0,0.0,0.0,0.0,0.0,0.0,0.0,nan,nan,4.176693021656927,2.987149041702164,nan,0.9234723970229936,0.022944645642992968,0.0,0.0,0.0,0.0,0.0,0.0,0.0,0.0,0.0,0.0,0.0,0.0,0.0,0.0,0.0,0.0,0.0,0.0,0.0,0.0,0.0,0.0,0.0,0.0,0.0,0.14187446259673261,4.385210662080826,15.52880481513328,8.95098882201204,0.9931212381771283,0.9226751289754784,0.023515233578766885,0.0,0.0,0.0,0.0,0.0,0.0,0.0,0.0,0.0,0.0,0.0,0.0,0.0,0.0,0.0,0.0,0.0,0.0,0.0,0.0,0.0,0.0,0.0,0.0,0.0,0.23932426091037076,4.800563115908025,15.33083059596434,8.657907085875177,0.9713749413420931,0.3625,0.02121,0.0,0.0,0.0,0.0,0.0,0.0,0.0,0.0,0.05159071367153913,2.3473774720550304,15.012897678417888,11.298366294067053,1.2897678417884784,0.0,0.0,0.0,0.0,0.0,0.0,0.0,0.0,0.0,0.0,0.0,0.0,0.0,0.0,0.0,0.0,0.0,0.364,0.02217,0.0,0.0,0.0,0.0,0.0,0.0,0.0,0.0,0.028155795401220093,2.4073205068043175,13.880807132801506,12.008446738620348,1.6471140309713754,0.028155795401220093,0.0,0.0,0.0,0.0,0.0,0.0,0.0,0.0,0.0,0.0,0.0,0.0,0.0,0.0,0.0,0.0
64900,4382,2284,0.521223185759927,1024,904,0.4399817434961205,1227,0.5600182565038795,0.426,2.9270734032411823,3.061947191848696,6.521505376344086,2.15494843366685,9330.862653642607,1416.4687392241665,7853.0,10744.439825177193,10688.37397034234,17.975256935157876,7853.0,0.0,27.887266088544045,21.009258296059787,32.99261891744123,19.244994667908937,0.14354176175262437,0.10474669100867184,0.09105431309904154,0.08215426745778183,0.07850296668188042,0.07256960292104062,0.06983112733911456,0.06549520766773163,0.0581926061159288,0.054541305340027386,0.044500228206298495,0.037425832952989506,0.03423094477407576,0.02784116841624829,0.016887266088544045,0.011410314924691922,0.007074395253308992,0.9235004503832512,0.022879468128159115,0.0,0.0,0.0,0.0,0.0,0.0,0.0,0.0,0.0,0.0,0.0,0.0,0.0,0.0,0.0,0.0,0.0,0.0,0.0,0.0,0.0,0.0,0.0,0.0,0.0,0.2259242355089001,4.347329986307623,15.191693290734827,9.331355545413055,0.9036969420356004,4.20150591609896,2.8001916696135467,nan,nan,nan,4.237616654702082,2.793997885337232,4.165472779369628,2.805895322123515,0.9829753653501425,0.3643,0.0225,0.0,0.0,0.0,0.0,0.0,0.0,0.0,0.0,0.03423094477407577,2.526243724326792,13.726608854404384,12.097215883158357,1.5746234596074855,0.04107713372889092,0.0,0.0,0.0,0.0,0.0,0.0,0.0,0.0,0.0,0.0,0.0,0.0,0.0,0.0,0.0,0.0,nan,nan,4.20150591609896,2.8001916696135467,nan,0.3643,0.12286,0.0,0.0,0.0,0.0,0.0,0.0,3.423094477407576e-05,0.0011866727521679598,0.00017115472387037883,1.1410314924691921e-05,0.0006047466910086718,0.008466453674121405,0.004598356914650844,0.007496576905522592,0.00044500228206298495,0.027590141487905066,0.0058306709265175715,0.00492925604746691,0.002293473299863076,0.025136923779096303,0.006366955727978092,0.04181880419899589,0.011592879963486992,0.013019169329073483,0.016259698767685987,0.025969876768598812,0.013452761296211776,0.03824737562756732,0.03137836604290278,0.015814696485623003,0.0134185303514377,0.030214513920584208,0.027282062984938384,0.04113418530351438,0.030146052031036055,0.034847101780009125,0.04642857142857143,0.07730488361478777,0.02356230031948882,0.012129164764947513,0.02042446371519854,0.010531720675490644,0.016008671839342768,0.033979917845732545,0.026574623459607486,0.03507530807850297,0.012197626654495664,0.03971930625285258,0.022660885440438157,0.00824965769055226,0.014639434048379736,0.00961889548151529,0.007907348242811502,0.005853491556366956,0.0038338658146964857,0.006013235965312643,0.004415791875855774,0.012094933820173437,0.00038795070743952533,0.012094933820173437,0.018633044272021906,0.005157462345960749,0.009984025559105431,0.006686444545869466,0.002487448653582839,0.0074395253308991325,0.0030123231401186674,0.001768598813327248,0.0031492469192149703,0.0,0.00019397535371976267,1.1410314924691921e-05,0.0,1.1410314924691921e-05,0.0,0.0,0.0,0.0,0.0,0.0,0.0,0.0,0.0,0.0,0.0,0.0,0.0,0.0,0.0,0.0,0.0,0.0,0.0,0.0,0.0,0.0,0.0,0.0,0.0,0.0,0.0,nan,nan,4.20150591609896,2.8001916696135467,nan,0.9232675781548545,0.023153967216354605,0.0,0.0,0.0,0.0,0.0,0.0,0.0,0.0,0.0,0.0,0.0,0.0,0.0,0.0,0.0,0.0,0.0,0.0,0.0,0.0,0.0,0.0,0.0,0.0,0.0,0.3021015761821367,4.229422066549914,15.407180385288969,9.089316987740807,0.9719789842381789,0.9237539680999614,0.022574107951133262,0.0,0.0,0.0,0.0,0.0,0.0,0.0,0.0,0.0,0.0,0.0,0.0,0.0,0.0,0.0,0.0,0.0,0.0,0.0,0.0,0.0,0.0,0.0,0.0,0.0,0.14299332697807438,4.4756911344137285,14.95710200190658,9.594852240228791,0.8293612964728315,0.3645,0.02252,0.0,0.0,0.0,0.0,0.0,0.0,0.0,0.0,0.026269702276707538,2.4168126094570934,13.883537653239934,12.070928196147094,1.5367775831873909,0.06567425569176884,0.0,0.0,0.0,0.0,0.0,0.0,0.0,0.0,0.0,0.0,0.0,0.0,0.0,0.0,0.0,0.0,0.364,0.02248,0.0,0.0,0.0,0.0,0.0,0.0,0.0,0.0,0.04289799809342231,2.645376549094376,13.555767397521452,12.125834127740688,1.6158245948522407,0.014299332697807438,0.0,0.0,0.0,0.0,0.0,0.0,0.0,0.0,0.0,0.0,0.0,0.0,0.0,0.0,0.0,0.0
65000,4410,2256,0.5115646258503401,1089,881,0.4467120181405896,1233,0.5591836734693878,0.446,3.084493964716806,3.219357515504867,6.80379746835443,2.161102803216344,9303.716174499004,1417.5976024295396,7853.0,10751.805054187775,10688.841458129704,17.64700123713849,7853.0,0.0,28.0968253968254,20.897588830935447,32.96475652407856,19.150118364866373,0.13696145124716552,0.09750566893424037,0.09410430839002268,0.09070294784580499,0.08072562358276644,0.07437641723356009,0.06621315192743764,0.06281179138321996,0.06258503401360545,0.049206349206349205,0.04467120181405896,0.039909297052154194,0.03877551020408163,0.02857142857142857,0.01904761904761905,0.0072562358276643995,0.006575963718820862,0.9233908628255061,0.02312734296802521,0.0,0.0,0.0,0.0,0.0,0.0,0.0,0.0,0.0,0.0,0.0,0.0,0.0,0.0,0.0,0.0,0.0,0.0,0.0,0.0,0.0,0.0,0.0,0.0,0.0,0.2244897959183674,4.408163265306123,15.272108843537419,9.306122448979593,0.7891156462585036,4.379032258064516,2.9452261352465317,nan,nan,nan,4.3926812104152,2.9512677990665983,4.365478686233403,2.9391516822937787,0.9938073074555697,0.365,0.02226,0.0,0.0,0.0,0.0,0.0,0.0,0.0,0.0,0.034013605442176874,2.1836734693877555,13.795918367346943,12.170068027210867,1.7823129251700685,0.034013605442176874,0.0,0.0,0.0,0.0,0.0,0.0,0.0,0.0,0.0,0.0,0.0,0.0,0.0,0.0,0.0,0.0,nan,nan,4.379032258064516,2.9452261352465317,nan,0.365,0.122,0.0,0.0,0.0,0.0,0.0,0.0,2.2675736961451248e-05,0.0012811791383219955,2.2675736961451248e-05,1.1337868480725624e-05,0.0005215419501133786,0.0074716553287981855,0.004489795918367347,0.008015873015873016,0.00036281179138321996,0.027732426303854876,0.00471655328798186,0.005113378684807256,0.0024829931972789117,0.024773242630385488,0.006337868480725623,0.0368140589569161,0.012018140589569161,0.012097505668934241,0.016099773242630386,0.028469387755102042,0.013151927437641724,0.03922902494331066,0.029682539682539682,0.017913832199546485,0.013061224489795919,0.031009070294784582,0.0286281179138322,0.04201814058956916,0.031247165532879817,0.033820861678004535,0.04697278911564626,0.07481859410430838,0.02600907029478458,0.012857142857142857,0.021473922902494332,0.01028344671201814,0.015374149659863945,0.031360544217687074,0.02639455782312925,0.03671201814058957,0.01147392290249433,0.03913832199546485,0.024603174603174603,0.008242630385487528,0.015736961451247165,0.009058956916099772,0.007925170068027211,0.005997732426303855,0.0035260770975056688,0.005873015873015873,0.004217687074829932,0.012335600907029478,0.0003287981859410431,0.01173469387755102,0.019920634920634922,0.004943310657596372,0.011281179138321995,0.006564625850340136,0.0022675736961451248,0.006201814058956916,0.003049886621315193,0.0016213151927437642,0.003015873015873016,0.0,6.802721088435374e-05,0.0,0.0,0.0,0.0,0.0,0.0,0.0,0.0,0.0,0.0,0.0,0.0,0.0,0.0,0.0,0.0,0.0,0.0,0.0,0.0,0.0,0.0,0.0,0.0,0.0,0.0,0.0,0.0,0.0,0.0,nan,nan,4.379032258064516,2.9452261352465317,nan,0.9235213231691655,0.0228286976687132,0.0,0.0,0.0,0.0,0.0,0.0,0.0,0.0,0.0,0.0,0.0,0.0,0.0,0.0,0.0,0.0,0.0,0.0,0.0,0.0,0.0,0.0,0.0,0.0,0.0,0.19946808510638303,4.308510638297873,15.27925531914894,9.481382978723406,0.7313829787234044,0.9232542246939854,0.023435271744725657,0.0,0.0,0.0,0.0,0.0,0.0,0.0,0.0,0.0,0.0,0.0,0.0,0.0,0.0,0.0,0.0,0.0,0.0,0.0,0.0,0.0,0.0,0.0,0.0,0.0,0.2506963788300836,4.512534818941505,15.264623955431759,9.12256267409471,0.84958217270195,0.365,0.02237,0.0,0.0,0.0,0.0,0.0,0.0,0.0,0.0,0.02659574468085107,1.99468085106383,14.08244680851064,11.954787234042536,1.888297872340426,0.05319148936170214,0.0,0.0,0.0,0.0,0.0,0.0,0.0,0.0,0.0,0.0,0.0,0.0,0.0,0.0,0.0,0.0,0.365,0.02216,0.0,0.0,0.0,0.0,0.0,0.0,0.0,0.0,0.041782729805013935,2.3816155988857943,13.495821727019502,12.395543175487447,1.6713091922005576,0.013927576601671312,0.0,0.0,0.0,0.0,0.0,0.0,0.0,0.0,0.0,0.0,0.0,0.0,0.0,0.0,0.0,0.0
65100,4670,2437,0.5218415417558887,1138,944,0.4458244111349036,1296,0.5550321199143469,0.422,3.0895656068069863,3.182329660540505,6.791732909379968,2.103716527752622,9332.752250470314,1416.5221655323003,7853.0,10758.626130580902,10688.635211200806,17.737592582184156,7853.0,0.0,28.047537473233405,20.834626952059043,32.94378020859832,19.068491576587412,0.13940042826552462,0.09357601713062098,0.09828693790149894,0.08501070663811564,0.09122055674518201,0.06573875802997858,0.06552462526766595,0.06745182012847965,0.05974304068522484,0.04925053533190578,0.04475374732334047,0.04411134903640257,0.034475374732334044,0.028907922912205567,0.018629550321199142,0.007494646680942184,0.006423982869379015,0.923556115029966,0.022659801153914055,0.0,0.0,0.0,0.0,0.0,0.0,0.0,0.0,0.0,0.0,0.0,0.0,0.0,0.0,0.0,0.0,0.0,0.0,0.0,0.0,0.0,0.0,0.0,0.0,0.0,0.17344753747323347,4.349036402569594,15.481798715203428,9.192719486081373,0.802997858672377,4.349501661129568,2.945593265407359,nan,nan,nan,4.418109187749667,2.9070632829061434,4.281167108753316,2.9819066615376157,0.9690043697027547,0.3645,0.02213,0.0,0.0,0.0,0.0,0.0,0.0,0.0,0.0,0.05139186295503213,2.408993576017131,13.753747323340475,12.044967880085636,1.7344753747323345,0.006423982869379017,0.0,0.0,0.0,0.0,0.0,0.0,0.0,0.0,0.0,0.0,0.0,0.0,0.0,0.0,0.0,0.0,nan,nan,4.349501661129568,2.945593265407359,nan,0.3645,0.1218,0.0,0.0,0.0,0.0,0.0,0.0,0.0,0.0018415417558886509,0.0001498929336188437,0.0,0.0006638115631691649,0.00841541755888651,0.004271948608137045,0.008490364025695932,0.0002355460385438972,0.025021413276231263,0.004496788008565311,0.004721627408993576,0.002708779443254818,0.02493576017130621,0.006488222698072805,0.036755888650963596,0.011241970021413276,0.012612419700214133,0.016306209850107067,0.028308351177730194,0.012890792291220556,0.038511777301927196,0.03113490364025696,0.01795503211991435,0.01221627408993576,0.032901498929336186,0.028083511777301926,0.04337259100642398,0.032516059957173445,0.03613490364025696,0.04767665952890792,0.07381156316916489,0.026102783725910066,0.013972162740899357,0.02081370449678801,0.010331905781584582,0.013854389721627409,0.029271948608137047,0.025438972162740898,0.037291220556745185,0.012194860813704496,0.038126338329764455,0.02480728051391863,0.009079229122055674,0.015256959314775161,0.0075160599571734476,0.007162740899357601,0.006284796573875803,0.003854389721627409,0.006209850107066381,0.003576017130620985,0.01240899357601713,0.000588865096359743,0.01234475374732334,0.020310492505353318,0.004978586723768737,0.011488222698072805,0.006423982869379015,0.0021092077087794432,0.005974304068522484,0.002880085653104925,0.0015096359743040685,0.002955032119914347,0.0,1.0706638115631692e-05,0.0,0.0,0.0,0.0,0.0,0.0,0.0,0.0,0.0,0.0,0.0,0.0,0.0,0.0,0.0,0.0,0.0,0.0,0.0,0.0,0.0,0.0,0.0,0.0,0.0,0.0,0.0,0.0,0.0,0.0,nan,nan,4.349501661129568,2.945593265407359,nan,0.923368167989705,0.023078695666765146,0.0,0.0,0.0,0.0,0.0,0.0,0.0,0.0,0.0,0.0,0.0,0.0,0.0,0.0,0.0,0.0,0.0,0.0,0.0,0.0,0.0,0.0,0.0,0.0,0.0,0.1969634796881412,4.407057858022159,15.412392285597049,9.084940500615513,0.8986458760771442,0.9237612323327498,0.02219180020143484,0.0,0.0,0.0,0.0,0.0,0.0,0.0,0.0,0.0,0.0,0.0,0.0,0.0,0.0,0.0,0.0,0.0,0.0,0.0,0.0,0.0,0.0,0.0,0.0,0.0,0.1477832512315271,4.2857142857142865,15.557545902373493,9.310344827586208,0.6986117330944919,0.3647,0.02197,0.0,0.0,0.0,0.0,0.0,0.0,0.0,0.0,0.07386130488305294,2.2773902338941325,13.787443578169883,12.187115305703717,1.6741895773492002,0.0,0.0,0.0,0.0,0.0,0.0,0.0,0.0,0.0,0.0,0.0,0.0,0.0,0.0,0.0,0.0,0.0,0.3645,0.0223,0.0,0.0,0.0,0.0,0.0,0.0,0.0,0.0,0.026869682042095843,2.5526197939991047,13.716972682489928,11.889834303627389,1.8002686968204213,0.013434841021047922,0.0,0.0,0.0,0.0,0.0,0.0,0.0,0.0,0.0,0.0,0.0,0.0,0.0,0.0,0.0,0.0
65200,4787,2505,0.5232922498433257,1184,977,0.45143095884687695,1355,0.5661165656987674,0.40599999999999997,3.034618755477651,3.0963398367894386,6.593558282208589,2.118894312017211,9337.067956810832,1416.5286254306186,7853.0,10748.055060386658,10689.021281139103,17.634923088894812,7853.0,0.0,28.151869646960517,20.819017749541043,32.82865583456425,19.12607336951073,0.13202423229580112,0.10632964278253604,0.09066221015249634,0.08543973260914978,0.08314184249007729,0.07374138291205348,0.06810110716523919,0.06037184040108628,0.0641320242322958,0.05494046375600585,0.0457489032797159,0.03969082932943389,0.03613954459995822,0.02381449759766033,0.01817422185084604,0.013369542510967202,0.004177982034677251,0.9245168292400407,0.022806263391816777,0.0,0.0,0.0,0.0,0.0,0.0,0.0,0.0,0.0,0.0,0.0,0.0,0.0,0.0,0.0,0.0,0.0,0.0,0.0,0.0,0.0,0.0,0.0,0.0,0.0,0.16294129935241283,4.060998537706289,15.448088573219138,9.28765406308753,1.0403175266346356,4.277527366387637,2.8383567370174587,nan,nan,nan,4.304854368932038,2.837042718493781,4.2474358974358974,2.8377593345388994,0.9866619247539411,0.3643,0.02246,0.0,0.0,0.0,0.0,0.0,0.0,0.0,0.0,0.037601838312095265,2.5631919782744936,13.536661792354296,12.176728640066829,1.6732818048882394,0.012533946104031756,0.0,0.0,0.0,0.0,0.0,0.0,0.0,0.0,0.0,0.0,0.0,0.0,0.0,0.0,0.0,0.0,nan,nan,4.277527366387637,2.8383567370174587,nan,0.3643,0.1219,0.0,0.0,0.0,0.0,0.0,0.0,0.0,0.002068101107165239,6.266973052015876e-05,0.0,0.0006162523501148945,0.009306454982243577,0.0037288489659494466,0.009097555880509714,0.0003029036975141007,0.024294965531648213,0.0038855232922498434,0.00424065176519741,0.0030812617505744724,0.02645707123459369,0.00658032170461667,0.03616043451013161,0.010434510131606433,0.011050762481721328,0.016680593273448924,0.03068727804470441,0.014622937121370378,0.038270315437643615,0.031052851472738667,0.01943806141633591,0.011625235011489451,0.03391476916649258,0.024858993106329642,0.04388970127428452,0.03220179653227491,0.034645916022561105,0.04575934823480259,0.07499477752245666,0.026843534572801336,0.013400877376227282,0.019814079799456864,0.009995822017965323,0.014455817839983289,0.029914351368289117,0.027209108000835595,0.0375391685815751,0.013453102151660748,0.03823898057238354,0.0240129517443075,0.009922707332358472,0.013735115939001463,0.007207019009818258,0.0066429914351368285,0.005682055567161061,0.0032588259870482555,0.006736996030917067,0.0031543764361813245,0.014539377480676833,0.0002715688322540213,0.012095257990390641,0.018498015458533527,0.005420931689993733,0.012648840609985378,0.0066221015249634425,0.0017025276791309797,0.005671610612074368,0.0027679130979736785,0.0017547524545644454,0.0027156883225402132,6.266973052015876e-05,0.0,0.0,0.0,0.0,0.0,0.0,0.0,0.0,0.0,0.0,0.0,0.0,0.0,0.0,0.0,0.0,0.0,0.0,0.0,0.0,0.0,0.0,0.0,0.0,0.0,0.0,0.0,0.0,0.0,0.0,0.0,nan,nan,4.277527366387637,2.8383567370174587,nan,0.9243402268358334,0.02280569650145199,0.0,0.0,0.0,0.0,0.0,0.0,0.0,0.0,0.0,0.0,0.0,0.0,0.0,0.0,0.0,0.0,0.0,0.0,0.0,0.0,0.0,0.0,0.0,0.0,0.0,0.20359281437125754,4.131736526946108,15.23353293413174,9.497005988023954,0.9341317365269463,0.9247106894602596,0.0228053111289724,0.0,0.0,0.0,0.0,0.0,0.0,0.0,0.0,0.0,0.0,0.0,0.0,0.0,0.0,0.0,0.0,0.0,0.0,0.0,0.0,0.0,0.0,0.0,0.0,0.0,0.11831726555652938,3.983347940403156,15.68361086765995,9.057843996494304,1.156879929886065,0.3645,0.02261,0.0,0.0,0.0,0.0,0.0,0.0,0.0,0.0,0.02395209580838324,2.491017964071857,13.700598802395213,11.928143712574833,1.856287425149701,0.0,0.0,0.0,0.0,0.0,0.0,0.0,0.0,0.0,0.0,0.0,0.0,0.0,0.0,0.0,0.0,0.0,0.364,0.02228,0.0,0.0,0.0,0.0,0.0,0.0,0.0,0.0,0.052585451358457505,2.6424189307624895,13.356704645048206,12.449605609114794,1.4723926380368102,0.026292725679228753,0.0,0.0,0.0,0.0,0.0,0.0,0.0,0.0,0.0,0.0,0.0,0.0,0.0,0.0,0.0,0.0
65300,4831,2447,0.5065203891533844,1123,1007,0.4409025046574208,1375,0.5692403229145104,0.40599999999999997,2.88506711409396,3.053254149515884,6.424514200298954,2.136394699623321,9289.18030269628,1417.6300568984054,7853.0,10756.05699980259,10688.384978473941,18.036750695918922,7853.0,0.0,27.51976816394121,20.848359176292156,32.7284966342558,19.053647135613247,0.14903746636307183,0.09915131442765474,0.09646036017387705,0.08652452908300559,0.07803767335955289,0.06851583523080107,0.06830883874974125,0.0668598633823225,0.06189194783688677,0.04843717656799834,0.04574622231422066,0.04202028565514386,0.03022148623473401,0.022769612916580417,0.020078658662802732,0.010142827571931277,0.005795901469675016,0.923649402255475,0.02313606061805512,0.0,0.0,0.0,0.0,0.0,0.0,0.0,0.0,0.0,0.0,0.0,0.0,0.0,0.0,0.0,0.0,0.0,0.0,0.0,0.0,0.0,0.0,0.0,0.0,0.0,0.22976609397640244,4.278617263506521,15.270130407783071,9.23411302007866,0.987373214655351,4.3200522534291315,2.832370317794953,nan,nan,nan,4.3709043250327655,2.8420716042972005,4.269055374592834,2.822649219985277,0.976698426031284,0.3643,0.02278,0.0,0.0,0.0,0.0,0.0,0.0,0.0,0.0,0.06209894431794661,2.5087973504450427,13.556199544607745,12.078244669840595,1.757400124197889,0.037259366590767964,0.0,0.0,0.0,0.0,0.0,0.0,0.0,0.0,0.0,0.0,0.0,0.0,0.0,0.0,0.0,0.0,nan,nan,4.3200522534291315,2.832370317794953,nan,0.3643,0.1217,0.0,0.0,0.0,0.0,0.0,0.0,0.0,0.002897950734837508,6.209894431794659e-05,0.0,0.00043469261022562614,0.009159594286897122,0.0036224384185468846,0.009252742703374043,0.0005174912026495549,0.022541916787414615,0.003788035603394742,0.004243427861726351,0.004067480852825502,0.027934175119022978,0.00574415234941006,0.035820741047402196,0.010184226868143242,0.009542537776857794,0.017315255640654108,0.029869592216932313,0.016228524115090043,0.037352515007244874,0.030356033947422895,0.02117574001241979,0.010753467191057752,0.035365348789070584,0.02410474021941627,0.04457669219623266,0.03154626371351687,0.03622438418546885,0.045725522666114675,0.0733699027116539,0.026040157317325605,0.015038294348996067,0.020399503208445455,0.010422272821362037,0.015576485199751603,0.027395984268267438,0.02690954253777686,0.03446491409646036,0.01498654522873111,0.040198716621817426,0.023193955702753052,0.010536120885944938,0.013827364934796109,0.008435106603187746,0.006199544607741668,0.005216311322707514,0.0036224384185468846,0.0077416683916373425,0.0032808942247981782,0.01365141792589526,0.00023804595321879528,0.010008279859242393,0.019167874146139515,0.00620989443179466,0.012098944317946595,0.007369074725729663,0.0015317739598426827,0.0055164562202442554,0.0030014489753674187,0.0018733181535913889,0.0020078658662802734,6.209894431794659e-05,0.0,0.0,0.0,0.0,0.0,0.0,0.0,0.0,0.0,0.0,0.0,0.0,0.0,0.0,0.0,0.0,0.0,0.0,0.0,0.0,0.0,0.0,0.0,0.0,0.0,0.0,0.0,0.0,0.0,0.0,0.0,nan,nan,4.3200522534291315,2.832370317794953,nan,0.9239399607053912,0.023085706532160848,0.0,0.0,0.0,0.0,0.0,0.0,0.0,0.0,0.0,0.0,0.0,0.0,0.0,0.0,0.0,0.0,0.0,0.0,0.0,0.0,0.0,0.0,0.0,0.0,0.0,0.14711892112791175,4.376787903555375,15.006129955047,9.513690232938293,0.9562729873314264,0.9233511654572599,0.02318384482939657,0.0,0.0,0.0,0.0,0.0,0.0,0.0,0.0,0.0,0.0,0.0,0.0,0.0,0.0,0.0,0.0,0.0,0.0,0.0,0.0,0.0,0.0,0.0,0.0,0.0,0.31459731543624164,4.177852348993289,15.541107382550338,8.947147651006713,1.019295302013423,0.3638,0.02261,0.0,0.0,0.0,0.0,0.0,0.0,0.0,0.0,0.07355946056395588,2.464241928892522,13.829178586023705,11.990192071924788,1.5937883122190442,0.04903964037597059,0.0,0.0,0.0,0.0,0.0,0.0,0.0,0.0,0.0,0.0,0.0,0.0,0.0,0.0,0.0,0.0,0.3645,0.02295,0.0,0.0,0.0,0.0,0.0,0.0,0.0,0.0,0.05033557046979867,2.554530201342282,13.2760067114094,12.168624161073808,1.925335570469799,0.025167785234899334,0.0,0.0,0.0,0.0,0.0,0.0,0.0,0.0,0.0,0.0,0.0,0.0,0.0,0.0,0.0,0.0
65400,4838,2488,0.5142620917734602,1158,962,0.4381976023150062,1374,0.5680033071517155,0.41,3.086808510638298,3.086435047714006,6.440771349862259,2.1232522120519683,9310.946473998785,1416.9951460140157,7853.0,10747.701504826546,10688.026141963875,18.0095356514258,7853.0,0.0,28.82079371641174,21.1679909796596,33.456505936515626,19.4554279437846,0.12918561389003722,0.09880115750310045,0.09363373294749897,0.07978503513848698,0.08164530797850351,0.07999173212071103,0.06862339809838776,0.06428276147168252,0.054774700289375776,0.05188094253823894,0.04816039685820587,0.044853245142620915,0.03844563869367507,0.025010334849111204,0.02232327408019843,0.011575031004547334,0.007027697395618024,0.9228595179952634,0.02286073341951617,0.0,0.0,0.0,0.0,0.0,0.0,0.0,0.0,0.0,0.0,0.0,0.0,0.0,0.0,0.0,0.0,0.0,0.0,0.0,0.0,0.0,0.0,0.0,0.0,0.006200909466721787,0.2666391070690368,4.47705663497313,15.341050020669702,9.102935097147583,0.8061182306738324,4.267862763613472,2.8305990688368667,nan,nan,nan,4.305696202531646,2.856632160449112,4.230432060112712,2.804103018691631,0.9825198669672327,0.364,0.02231,0.0,0.0,0.0,0.0,0.0,0.0,0.0,0.0,0.06200909466721787,2.474162877221993,13.815626291856143,12.166184373708125,1.4510128152128983,0.031004547333608936,0.0,0.0,0.0,0.0,0.0,0.0,0.0,0.0,0.0,0.0,0.0,0.0,0.0,0.0,0.0,0.0,nan,nan,4.267862763613472,2.8305990688368667,nan,0.364,0.1222,0.0,0.0,0.0,0.0,0.0,0.0,0.0,0.002656056221579165,0.00014468788755684167,0.00011368334022323274,0.0005580818520049607,0.008867300537412155,0.0037412153782554773,0.011058288548987185,0.000434063662670525,0.02311905746176106,0.003131459280694502,0.004206283588259611,0.003834229020256304,0.0274286895411327,0.00510541546093427,0.035128152128978914,0.010562215791649442,0.010510541546093427,0.016546093427035967,0.029795369987598182,0.01812732534105002,0.03538652335675899,0.030446465481603967,0.021889210417527904,0.011451012815212897,0.03497312939231087,0.022974369574204217,0.04543199669284828,0.0337019429516329,0.03467341876808599,0.04772633319553535,0.07386316659776768,0.025113683340223233,0.013941711451012815,0.02120711037618851,0.010665564282761471,0.014117403885903266,0.02690161223646135,0.026994625878462176,0.03486978090119884,0.015998346424142208,0.03839396444811906,0.02146548160396858,0.011233980983877635,0.013187267465894999,0.007957833815626291,0.00579785035138487,0.005394791236047954,0.003379495659363373,0.00743075651095494,0.003441504754030591,0.012763538652335676,0.00034105002066969823,0.011016949152542373,0.02069036792062836,0.00656262918561389,0.011750723439437784,0.008143861099627945,0.0011988424968995453,0.00559115336916081,0.003420835055808185,0.0018396031417941298,0.0015502273666804464,5.167424555601488e-05,0.0,0.0,0.0,0.0,0.0,0.0,0.0,0.0,0.0,0.0,0.0,0.0,0.0,0.0,0.0,0.0,0.0,0.0,0.0,0.0,0.0,0.0,0.0,0.0,0.0,0.0,0.0,0.0,0.0,0.0,0.0,nan,nan,4.267862763613472,2.8305990688368667,nan,0.9228711624141674,0.022990627625888525,0.0,0.0,0.0,0.0,0.0,0.0,0.0,0.0,0.0,0.0,0.0,0.0,0.0,0.0,0.0,0.0,0.0,0.0,0.0,0.0,0.0,0.0,0.0,0.0,0.0,0.3255627009646303,4.606109324758843,15.024115755627012,9.200160771704182,0.8440514469453378,0.9228471897764409,0.022722395657088047,0.0,0.0,0.0,0.0,0.0,0.0,0.0,0.0,0.0,0.0,0.0,0.0,0.0,0.0,0.0,0.0,0.0,0.0,0.0,0.0,0.0,0.0,0.0,0.0,0.012765957446808513,0.20425531914893622,4.340425531914894,15.676595744680855,9.000000000000002,0.7659574468085109,0.3643,0.02261,0.0,0.0,0.0,0.0,0.0,0.0,0.0,0.0,0.07234726688102895,2.6045016077170424,13.396302250803862,12.407556270096446,1.4831189710610937,0.036173633440514476,0.0,0.0,0.0,0.0,0.0,0.0,0.0,0.0,0.0,0.0,0.0,0.0,0.0,0.0,0.0,0.0,0.3638,0.02197,0.0,0.0,0.0,0.0,0.0,0.0,0.0,0.0,0.051063829787234054,2.336170212765958,14.259574468085109,11.910638297872323,1.417021276595745,0.025531914893617027,0.0,0.0,0.0,0.0,0.0,0.0,0.0,0.0,0.0,0.0,0.0,0.0,0.0,0.0,0.0,0.0
65500,5004,2514,0.5023980815347722,1174,1042,0.442845723421263,1426,0.5699440447641887,0.39799999999999996,2.9357429718875503,3.07677652182635,6.527536231884058,2.1216539936985734,9276.830806595315,1417.073225844861,7853.0,10749.150333046913,10687.06895632576,17.621607722352838,7853.0,0.0,27.628896882494004,20.76270455364264,32.718600191754554,18.9900162788409,0.14388489208633093,0.10191846522781775,0.09272581934452438,0.08493205435651478,0.08213429256594725,0.07234212629896083,0.07034372501998401,0.0649480415667466,0.055955235811350916,0.05295763389288569,0.04656274980015987,0.039568345323741004,0.030775379696243006,0.02597921662669864,0.02018385291766587,0.010391686650679457,0.004396482813749001,0.9218443259179926,0.02268207203197525,0.0,0.0,0.0,0.0,0.0,0.0,0.0,0.0,0.0,0.0,0.0,0.0,0.0,0.0,0.0,0.0,0.0,0.0,0.0,0.0,0.0,0.0,0.0,0.0,0.005995203836930457,0.1678657074340528,4.832134292565948,15.86330935251799,8.363309352517987,0.7673860911270985,4.3242566510172145,2.860560704831107,nan,nan,nan,4.298190892077355,2.882548513878651,4.350502512562814,2.838006988553607,1.0121706135904487,0.3635,0.02228,0.0,0.0,0.0,0.0,0.0,0.0,0.0,0.0,0.03597122302158274,2.6019184652278184,14.106714628297365,11.912470023980799,1.3189448441247007,0.02398081534772183,0.0,0.0,0.0,0.0,0.0,0.0,0.0,0.0,0.0,0.0,0.0,0.0,0.0,0.0,0.0,0.0,nan,nan,4.3242566510172145,2.860560704831107,nan,0.3635,0.1224,0.0,0.0,0.0,0.0,0.0,0.0,0.0,0.0027478017585931256,1.9984012789768187e-05,2.997601918465228e-05,0.0006195043964828137,0.009622302158273381,0.004196642685851319,0.01106115107913669,0.0004896083133493205,0.02329136690647482,0.003017585931254996,0.003737010391686651,0.003667066346922462,0.02643884892086331,0.005435651478816947,0.037100319744204635,0.009922062350119904,0.01079136690647482,0.01740607513988809,0.029776179056754597,0.017865707434052757,0.0358013589128697,0.03230415667466027,0.021233013589128696,0.012210231814548361,0.03499200639488409,0.021692645883293366,0.044274580335731416,0.033243405275779375,0.03449240607513989,0.048151478816946446,0.07424060751398881,0.025639488409272583,0.012340127897681855,0.021842525979216626,0.008772981614708233,0.013079536370903278,0.027058353317346122,0.026838529176658674,0.03516187050359712,0.016027178257394085,0.03803956834532374,0.021472821742605914,0.010761390887290168,0.014368505195843326,0.006724620303756994,0.006734612310151878,0.006254996003197442,0.0029576338928856915,0.006574740207833733,0.002917665867306155,0.013519184652278178,0.00034972022382094326,0.014028776978417265,0.020293764988009593,0.006474820143884892,0.011870503597122302,0.00754396482813749,0.0009292565947242207,0.005505595523581135,0.0028776978417266188,0.002038369304556355,0.0011091127098321342,9.992006394884094e-06,0.0,0.0,9.992006394884094e-06,0.0,0.0,0.0,0.0,0.0,0.0,0.0,0.0,0.0,0.0,0.0,0.0,0.0,0.0,0.0,0.0,0.0,0.0,0.0,0.0,0.0,0.0,0.0,0.0,0.0,0.0,0.0,0.0,nan,nan,4.3242566510172145,2.860560704831107,nan,0.9218005162197727,0.022673681340714843,0.0,0.0,0.0,0.0,0.0,0.0,0.0,0.0,0.0,0.0,0.0,0.0,0.0,0.0,0.0,0.0,0.0,0.0,0.0,0.0,0.0,0.0,0.0,0.0,0.011933174224343679,0.17899761336515518,4.749403341288784,16.133651551312653,8.162291169451075,0.7637231503579954,0.921888557878364,0.02269045463712015,0.0,0.0,0.0,0.0,0.0,0.0,0.0,0.0,0.0,0.0,0.0,0.0,0.0,0.0,0.0,0.0,0.0,0.0,0.0,0.0,0.0,0.0,0.0,0.0,0.0,0.15662650602409642,4.91566265060241,15.590361445783136,8.566265060240966,0.7710843373493977,0.3635,0.02188,0.0,0.0,0.0,0.0,0.0,0.0,0.0,0.0,0.023866348448687357,2.4582338902147978,14.319809069212413,11.933174224343658,1.2529832935560863,0.011933174224343679,0.0,0.0,0.0,0.0,0.0,0.0,0.0,0.0,0.0,0.0,0.0,0.0,0.0,0.0,0.0,0.0,0.3633,0.02267,0.0,0.0,0.0,0.0,0.0,0.0,0.0,0.0,0.04819277108433736,2.7469879518072298,13.891566265060243,11.891566265060224,1.3855421686746991,0.03614457831325302,0.0,0.0,0.0,0.0,0.0,0.0,0.0,0.0,0.0,0.0,0.0,0.0,0.0,0.0,0.0,0.0
65600,4848,2488,0.5132013201320133,1155,1016,0.44781353135313534,1391,0.5738448844884488,0.40199999999999997,2.8783898305084747,3.007060750385125,6.458204334365325,2.0731108812722305,9307.897857171547,1417.0373640720668,7853.0,10755.625778913498,10687.94566381337,18.000934799833633,7853.0,0.0,27.74773102310231,20.87508263180645,32.63680981595092,19.181474181770177,0.13985148514851486,0.10396039603960396,0.0922029702970297,0.08642739273927393,0.08188943894389439,0.07405115511551155,0.07425742574257425,0.06023102310231023,0.05754950495049505,0.05218646864686469,0.04661716171617162,0.03362211221122112,0.03259075907590759,0.029084158415841586,0.018564356435643563,0.010313531353135313,0.006600660066006601,0.9217284800785996,0.02340298620435661,0.0,0.0,0.0,0.0,0.0,0.0,0.0,0.0,0.0,0.0,0.0,0.0,0.0,0.0,0.0,0.0,0.0,0.0,0.0,0.0,0.0,0.0,0.0,0.0,0.0,0.2908415841584159,5.105198019801982,15.049504950495052,8.756188118811883,0.7982673267326734,4.241888853196274,2.8169817794051397,nan,nan,nan,4.295911745619727,2.8482110969784076,4.188931297709924,2.785011615338448,0.9750971495122346,0.3643,0.02289,0.0,0.0,0.0,0.0,0.0,0.0,0.0,0.0,0.05569306930693071,2.611386138613862,13.397277227722775,12.103960396039586,1.7883663366336637,0.04331683168316833,0.0,0.0,0.0,0.0,0.0,0.0,0.0,0.0,0.0,0.0,0.0,0.0,0.0,0.0,0.0,0.0,nan,nan,4.241888853196274,2.8169817794051397,nan,0.3643,0.1231,0.0,0.0,0.0,0.0,0.0,0.0,0.0,0.0035994224422442244,3.094059405940594e-05,1.0313531353135314e-05,0.0008147689768976898,0.009787541254125412,0.0034137788778877886,0.011035478547854785,0.0006188118811881188,0.023741749174917493,0.0030631188118811882,0.0030321782178217823,0.0035787953795379536,0.025402227722772276,0.006012788778877888,0.03591171617161716,0.010004125412541254,0.012159653465346535,0.016625412541254124,0.03094059405940594,0.01754331683168317,0.03440594059405941,0.031476897689768975,0.019956683168316832,0.012231848184818482,0.0343440594059406,0.023287953795379537,0.04230610561056106,0.035468234323432345,0.034168729372937294,0.04957714521452145,0.06964727722772278,0.026113861386138613,0.013593234323432343,0.021844059405940593,0.009271864686468647,0.012695957095709571,0.028424092409240924,0.027650577557755775,0.03394183168316832,0.016594471947194718,0.038521039603960396,0.021648102310231024,0.010622937293729373,0.014356435643564357,0.006538778877887789,0.006353135313531353,0.006239686468646865,0.0029496699669966995,0.006466584158415841,0.002825907590759076,0.013665429042904291,0.0004537953795379538,0.014593646864686468,0.019626650165016503,0.007198844884488449,0.012283415841584159,0.008137376237623763,0.0009179042904290429,0.006229372937293729,0.0027227722772277226,0.0016192244224422442,0.0017017326732673267,0.0,0.0,0.0,0.0,0.0,0.0,0.0,0.0,0.0,0.0,0.0,0.0,0.0,0.0,0.0,0.0,0.0,0.0,0.0,0.0,0.0,0.0,0.0,0.0,0.0,0.0,0.0,0.0,0.0,0.0,0.0,0.0,nan,nan,4.241888853196274,2.8169817794051397,nan,0.9216707220175259,0.02353680246518696,0.0,0.0,0.0,0.0,0.0,0.0,0.0,0.0,0.0,0.0,0.0,0.0,0.0,0.0,0.0,0.0,0.0,0.0,0.0,0.0,0.0,0.0,0.0,0.0,0.0,0.277331189710611,5.22106109324759,14.91559485530547,8.814308681672028,0.7717041800643089,0.921789370780274,0.02326092325366996,0.0,0.0,0.0,0.0,0.0,0.0,0.0,0.0,0.0,0.0,0.0,0.0,0.0,0.0,0.0,0.0,0.0,0.0,0.0,0.0,0.0,0.0,0.0,0.0,0.0,0.30508474576271194,4.983050847457628,15.190677966101697,8.694915254237289,0.8262711864406782,0.3652,0.02324,0.0,0.0,0.0,0.0,0.0,0.0,0.0,0.0,0.060289389067524124,2.42363344051447,13.287781350482318,12.14228295819934,2.0377813504823155,0.0482315112540193,0.0,0.0,0.0,0.0,0.0,0.0,0.0,0.0,0.0,0.0,0.0,0.0,0.0,0.0,0.0,0.0,0.3635,0.02245,0.0,0.0,0.0,0.0,0.0,0.0,0.0,0.0,0.050847457627118654,2.809322033898306,13.512711864406782,12.063559322033882,1.5254237288135597,0.03813559322033899,0.0,0.0,0.0,0.0,0.0,0.0,0.0,0.0,0.0,0.0,0.0,0.0,0.0,0.0,0.0,0.0
65700,4739,2475,0.5222620806077232,1181,984,0.4568474361679679,1337,0.5642540620384048,0.422,2.970406360424028,3.0468237259814295,6.482484076433121,2.153654620469293,9333.638114718779,1416.1754856869609,7853.0,10745.86279797554,10688.048091172643,17.610672876709927,7853.0,0.0,28.279383836252375,20.854929012262804,33.08609932617919,19.084560203639118,0.13462755855665753,0.10234226630090737,0.08968136737708378,0.0827178729689808,0.08187381304072588,0.07512133361468665,0.0732221987761131,0.06182738974467187,0.059928254906098335,0.05338679046212281,0.05001055074910318,0.04199198143068158,0.03186326229162271,0.023633677991137372,0.02131251318843638,0.009917704156995147,0.0065414644439755225,0.9224403577027982,0.02336195878607165,0.0,0.0,0.0,0.0,0.0,0.0,0.0,0.0,0.0,0.0,0.0,0.0,0.0,0.0,0.0,0.0,0.0,0.0,0.0,0.0,0.0,0.0,0.0,0.0,0.0,0.24688752901456007,4.880776535133995,15.237391854821695,8.792994302595487,0.841949778434269,4.219111969111969,2.8941974050469588,nan,nan,nan,4.231018818948734,2.858978060188641,4.205619412515964,2.9284562544031036,0.9939968580808437,0.3647,0.02235,0.0,0.0,0.0,0.0,0.0,0.0,0.0,0.0,0.05697404515720617,2.367588098755012,13.591474994724628,12.338046001266072,1.62059506224942,0.01899134838573539,0.006330449461911797,0.0,0.0,0.0,0.0,0.0,0.0,0.0,0.0,0.0,0.0,0.0,0.0,0.0,0.0,0.0,nan,nan,4.219111969111969,2.8941974050469588,nan,0.3647,0.123,0.0,0.0,0.0,0.0,0.0,3.165224730955898e-05,0.0,0.00361890694239291,0.0,5.275374551593163e-05,0.0007596539354294155,0.010065414644439755,0.0032707322219877612,0.010614053597805444,0.0008018569318421608,0.02185060139269888,0.002658788774002954,0.0029331082506857988,0.003998733910107618,0.025089681367377083,0.005961173243300274,0.03604135893648449,0.01140535978054442,0.011553070267989027,0.016849546317788563,0.029900822958430048,0.017683055496940284,0.034796370542308504,0.03209537877189281,0.0199092635577126,0.01232327495252163,0.03382570162481536,0.024045157206161637,0.04188647393964971,0.03687486811563621,0.03575648871069846,0.049409158050221565,0.06923401561510867,0.024720405148765563,0.013494408102975312,0.020605612998522895,0.010413589364844903,0.013346697615530702,0.029288879510445242,0.026229162270521206,0.03566153196876978,0.017218822536400086,0.03921713441654357,0.021460223675880987,0.009928254906098333,0.013452205106562566,0.006857986917071112,0.005834564254062038,0.006636421185904199,0.0027642962650348173,0.006763030175142435,0.002110149820637265,0.012407680945347119,0.0005591897024688753,0.01432791728212703,0.01912850812407681,0.006383203207427727,0.0130407258915383,0.007311669128508124,0.0009812196665963282,0.007311669128508124,0.0031441232327495254,0.0021840050643595695,0.0019202363367799113,0.0,0.0,0.0,0.0,0.0,0.0,0.0,0.0,0.0,0.0,0.0,0.0,0.0,0.0,0.0,0.0,0.0,0.0,0.0,0.0,0.0,0.0,0.0,0.0,0.0,0.0,0.0,0.0,0.0,0.0,0.0,0.0,nan,nan,4.219111969111969,2.8941974050469588,nan,0.922434976149087,0.02301689784322213,0.0,0.0,0.0,0.0,0.0,0.0,0.0,0.0,0.0,0.0,0.0,0.0,0.0,0.0,0.0,0.0,0.0,0.0,0.0,0.0,0.0,0.0,0.0,0.0,0.0,0.21818181818181823,4.8121212121212125,15.333333333333336,8.872727272727275,0.7636363636363638,0.9224462408059056,0.023733438000005616,0.0,0.0,0.0,0.0,0.0,0.0,0.0,0.0,0.0,0.0,0.0,0.0,0.0,0.0,0.0,0.0,0.0,0.0,0.0,0.0,0.0,0.0,0.0,0.0,0.0,0.27826855123674915,4.95583038869258,15.132508833922264,8.705830388692581,0.9275618374558305,0.3647,0.02223,0.0,0.0,0.0,0.0,0.0,0.0,0.0,0.0,0.060606060606060615,2.387878787878788,13.357575757575761,12.630303030303013,1.5393939393939398,0.012121212121212125,0.012121212121212125,0.0,0.0,0.0,0.0,0.0,0.0,0.0,0.0,0.0,0.0,0.0,0.0,0.0,0.0,0.0,0.3647,0.02246,0.0,0.0,0.0,0.0,0.0,0.0,0.0,0.0,0.05300353356890461,2.3454063604240285,13.847173144876328,12.018551236749099,1.7093639575971735,0.026501766784452305,0.0,0.0,0.0,0.0,0.0,0.0,0.0,0.0,0.0,0.0,0.0,0.0,0.0,0.0,0.0,0.0
65800,4858,2438,0.5018526142445451,1146,1015,0.44483326471799095,1394,0.5738987237546316,0.414,2.9603305785123966,3.113433419765531,6.658499234303216,2.1664451122930117,9275.51448032504,1417.3102599894257,7853.0,10746.607024669647,10687.526392706746,17.910167291839514,7853.0,0.0,27.35384932070811,20.67708726180498,32.59304347826087,18.849171886301846,0.15026759983532317,0.0969534787978592,0.0953067105804858,0.08851379168382051,0.07739810621655002,0.06813503499382462,0.0759571840263483,0.06772334293948126,0.055372581309180734,0.051255660765747224,0.04693289419514203,0.03911074516261836,0.030671058048579662,0.023466447097571015,0.01543845203787567,0.012762453684643887,0.004734458624948539,0.9238255199040342,0.022752370126318477,0.0,0.0,0.0,0.0,0.0,0.0,0.0,0.0,0.0,0.0,0.0,0.0,0.0,0.0,0.0,0.0,0.0,0.0,0.0,0.0,0.0,0.0,0.0,0.0,0.0,0.12968299711815565,4.409221902017292,15.098806093042407,9.42363112391931,0.9386578839028409,4.359339592101003,2.8955672718971996,nan,nan,nan,4.357984293193717,2.9185252533092045,4.360666239590007,2.8729163306410577,1.0006154098353401,0.3635,0.02269,0.0,0.0,0.0,0.0,0.0,0.0,0.0,0.0,0.06792918896665295,2.8283244133388235,13.684643886372996,11.844380403458198,1.5561959654178679,0.018526142445450807,0.0,0.0,0.0,0.0,0.0,0.0,0.0,0.0,0.0,0.0,0.0,0.0,0.0,0.0,0.0,0.0,nan,nan,4.359339592101003,2.8955672718971996,nan,0.3635,0.1233,0.0,0.0,0.0,0.0,0.0,4.1169205434335116e-05,0.0,0.003499382461918485,0.0,0.0002058460271716756,0.0009468917249897078,0.01037463976945245,0.003489090160559901,0.009468917249897077,0.0008130918073281186,0.02268423219431865,0.0029641827912721287,0.0032935364347468094,0.0043124742692466035,0.026461506792918896,0.006689995883079457,0.036064223960477565,0.010343762865376699,0.011064223960477564,0.01767188143268835,0.03262659530671058,0.018505557842733635,0.036856731165088516,0.030321119802387813,0.018886372993001235,0.01198023878139152,0.03453067105804858,0.02437216961712639,0.039944421572663646,0.03598188554960889,0.03638328530259366,0.04656237134623302,0.07139769452449568,0.025308769040757514,0.014182791272128448,0.018752573075339646,0.011023054755043228,0.013297653355290243,0.026090983944009882,0.026152737752161384,0.037155207904487446,0.01704405104981474,0.039151914368052695,0.02154178674351585,0.009623301770275833,0.01206257719226019,0.0068752573075339645,0.005084396871140387,0.007235487855084397,0.0028097982708933716,0.007750102923013586,0.0017599835323178262,0.012710992177850967,0.0008027995059695348,0.013524083985179087,0.019534787978592014,0.005660765747221078,0.013771099217785097,0.007719226018937835,0.001121860848085632,0.006926718814326884,0.003684643886372993,0.0012865376698229724,0.0016158913132976534,0.0,0.0,0.0,0.0,0.0,0.0,0.0,0.0,0.0,0.0,0.0,0.0,0.0,0.0,0.0,0.0,0.0,0.0,0.0,0.0,0.0,0.0,0.0,0.0,0.0,0.0,0.0,0.0,0.0,0.0,0.0,0.0,nan,nan,4.359339592101003,2.8955672718971996,nan,0.9230864061450645,0.02281567093153884,0.0,0.0,0.0,0.0,0.0,0.0,0.0,0.0,0.0,0.0,0.0,0.0,0.0,0.0,0.0,0.0,0.0,0.0,0.0,0.0,0.0,0.0,0.0,0.0,0.0,0.15996718621821168,4.57752255947498,15.233798195242004,9.167350287120593,0.8613617719442167,0.9245701312033598,0.02266405963896274,0.0,0.0,0.0,0.0,0.0,0.0,0.0,0.0,0.0,0.0,0.0,0.0,0.0,0.0,0.0,0.0,0.0,0.0,0.0,0.0,0.0,0.0,0.0,0.0,0.0,0.09917355371900828,4.239669421487604,14.962809917355376,9.681818181818183,1.0165289256198349,0.363,0.02298,0.0,0.0,0.0,0.0,0.0,0.0,0.0,0.0,0.08613617719442168,3.125512715340444,13.449548810500414,11.776045939294487,1.5504511894995903,0.012305168170631669,0.0,0.0,0.0,0.0,0.0,0.0,0.0,0.0,0.0,0.0,0.0,0.0,0.0,0.0,0.0,0.0,0.364,0.02237,0.0,0.0,0.0,0.0,0.0,0.0,0.0,0.0,0.04958677685950414,2.528925619834711,13.921487603305788,11.913223140495852,1.5619834710743805,0.02479338842975207,0.0,0.0,0.0,0.0,0.0,0.0,0.0,0.0,0.0,0.0,0.0,0.0,0.0,0.0,0.0,0.0
65900,4831,2500,0.517491202649555,1174,1008,0.45166632167253157,1361,0.5634444214448354,0.39399999999999996,2.8966108966108965,2.9704741250693014,6.2823179791976225,2.0565408947157158,9319.916499264638,1416.5281106552172,7853.0,10745.4840143919,10687.669443178987,18.259051817752244,7853.0,0.0,28.23225005174912,20.911803911577138,33.11809477043948,19.1299726804453,0.13703167046160214,0.10163527220037259,0.08797350445042434,0.08362657834816808,0.0819706064996895,0.07286276133305734,0.0753467191057752,0.06375491616642517,0.05423307803767336,0.0565100393293314,0.04885116953011799,0.038501345477126886,0.03808735251500724,0.025460567170358103,0.017594700890084868,0.009935831090871455,0.006623887393914303,0.9239146976065276,0.022959731158658573,0.0,0.0,0.0,0.0,0.0,0.0,0.0,0.0,0.0,0.0,0.0,0.0,0.0,0.0,0.0,0.0,0.0,0.0,0.0,0.0,0.0,0.0,0.0,0.0,0.0,0.14282757193127718,4.415234941006004,15.425377768577937,9.066445870420205,0.9501138480645831,4.085759493670886,2.767679600773264,nan,nan,nan,4.058290155440415,2.7953460914048014,4.110216718266254,2.740633519691406,1.0127951824135166,0.362,0.02289,0.0,0.0,0.0,0.0,0.0,0.0,0.0,0.0,0.08693852204512525,3.1732560546470716,14.127509832332853,11.20264955495755,1.3848064582902095,0.024839577727178645,0.0,0.0,0.0,0.0,0.0,0.0,0.0,0.0,0.0,0.0,0.0,0.0,0.0,0.0,0.0,0.0,nan,nan,4.085759493670886,2.767679600773264,nan,0.362,0.1238,0.0,0.0,0.0,0.0,0.0,7.24487683709377e-05,0.0,0.003549989650175947,1.0349824052991099e-05,0.0003622438418546885,0.0009728834609811633,0.010577520182156904,0.0038708341958186713,0.010794866487269716,0.0014179258952597806,0.02204512523287104,0.003229145104533223,0.00282550196646657,0.004533222935210101,0.02619540467812047,0.0074725729662595735,0.03718691782239702,0.009542537776857794,0.009625336369281721,0.018112192092734423,0.03475470916994411,0.019623266404471124,0.03839784723659698,0.028865659283792176,0.018619333471330986,0.013196025667563652,0.03269509418339888,0.02578141171600083,0.03908093562409439,0.03708341958186711,0.037166218174291034,0.045135582695094184,0.06946801904367626,0.02582281101221279,0.01544193748706272,0.019074725729662595,0.010028979507348375,0.013051128130821776,0.02617470503001449,0.024787828606913684,0.03768370937694059,0.01583523080107638,0.03819085075553716,0.020492651624922375,0.009149244462844132,0.012502587456013247,0.00631339267232457,0.00423307803767336,0.007834816808114263,0.003529290002069965,0.0074311736700476095,0.0014075760712067894,0.01326847443593459,0.001045332229352101,0.013765265990478162,0.01874353135996688,0.006106396191264749,0.014334506313392672,0.006240943903953633,0.0010763817015110742,0.007503622438418547,0.0036120885944938936,0.0014696750155247362,0.001552473607948665,0.0,3.1049472158973297e-05,0.0,0.0,0.0,0.0,0.0,0.0,0.0,0.0,0.0,0.0,0.0,0.0,0.0,0.0,0.0,0.0,0.0,0.0,0.0,0.0,0.0,0.0,0.0,0.0,0.0,0.0,0.0,0.0,0.0,0.0,nan,nan,4.085759493670886,2.767679600773264,nan,0.9238969762086868,0.022991896773466067,0.0,0.0,0.0,0.0,0.0,0.0,0.0,0.0,0.0,0.0,0.0,0.0,0.0,0.0,0.0,0.0,0.0,0.0,0.0,0.0,0.0,0.0,0.0,0.0,0.0,0.14400000000000002,4.308000000000001,15.684000000000003,8.88,0.9840000000000002,0.923933703824718,0.0229251681205253,0.0,0.0,0.0,0.0,0.0,0.0,0.0,0.0,0.0,0.0,0.0,0.0,0.0,0.0,0.0,0.0,0.0,0.0,0.0,0.0,0.0,0.0,0.0,0.0,0.0,0.14157014157014158,4.530244530244531,15.14800514800515,9.266409266409267,0.913770913770914,0.3625,0.02303,0.0,0.0,0.0,0.0,0.0,0.0,0.0,0.0,0.10800000000000003,3.0960000000000005,14.064000000000004,11.219999999999985,1.4880000000000004,0.024000000000000004,0.0,0.0,0.0,0.0,0.0,0.0,0.0,0.0,0.0,0.0,0.0,0.0,0.0,0.0,0.0,0.0,0.3616,0.0227,0.0,0.0,0.0,0.0,0.0,0.0,0.0,0.0,0.06435006435006436,3.256113256113257,14.195624195624198,11.184041184041169,1.2741312741312742,0.025740025740025745,0.0,0.0,0.0,0.0,0.0,0.0,0.0,0.0,0.0,0.0,0.0,0.0,0.0,0.0,0.0,0.0
66000,4746,2444,0.5149599662873999,1167,964,0.44900969237252425,1332,0.561314791403287,0.39799999999999996,2.945264986967854,3.0207149995914397,6.428994082840236,2.0667814056312808,9312.713882342678,1416.7325141141368,7853.0,10751.985348701477,10687.616237969865,18.006156083526225,7853.0,0.0,28.587020648967552,21.035791947828077,33.33085132787292,19.280763005775242,0.1337968815844922,0.0965023177412558,0.08828487147071218,0.09292035398230089,0.07838179519595449,0.06911083017277707,0.0695322376738306,0.06721449641803624,0.05941845764854614,0.055836493889591235,0.049515381373788456,0.040455120101137804,0.03603034134007586,0.025705857564264644,0.017909818794774546,0.011378002528445006,0.008006742520016857,0.9238422026852239,0.023243127751419915,0.0,0.0,0.0,0.0,0.0,0.0,0.0,0.0,0.0,0.0,0.0,0.0,0.0,0.0,0.0,0.0,0.0,0.0,0.0,0.0,0.0,0.0,0.0,0.0,0.0,0.24020227560050575,4.228824273072061,15.341340075853353,9.102402022756007,1.0872313527180786,4.161953727506427,2.803343080990171,nan,nan,nan,4.098064516129032,2.815062503580245,4.225352112676056,2.790219342583993,1.0310604179231562,0.3625,0.02321,0.0,0.0,0.0,0.0,0.0,0.0,0.0,0.0,0.06953223767383061,3.109987357774969,14.013906447534769,11.182048040455102,1.5865992414664984,0.037926675094816696,0.0,0.0,0.0,0.0,0.0,0.0,0.0,0.0,0.0,0.0,0.0,0.0,0.0,0.0,0.0,0.0,nan,nan,4.161953727506427,2.803343080990171,nan,0.3625,0.1237,0.0,0.0,0.0,0.0,0.0,0.0,0.0,0.003676780446691951,5.2675937631689846e-05,0.00025284450063211124,0.000695322376738306,0.010240202275600506,0.0045828065739570165,0.009523809523809525,0.0017909818794774547,0.023472397808680996,0.002718078381795196,0.002380952380952381,0.004056047197640118,0.02448377581120944,0.006310577328276444,0.036335861778339654,0.009460598398651496,0.010240202275600506,0.019721871049304677,0.035903919089759796,0.021144121365360303,0.036788874841972186,0.029814580699536453,0.01919511167298778,0.01218921196797303,0.030699536451748843,0.02504214075010535,0.04147703329119258,0.03907501053518753,0.0362094395280236,0.04579646017699115,0.06680362410450906,0.025453013063632533,0.017646439106616098,0.019374209860935524,0.009839865149599662,0.012673830594184577,0.026316898440792245,0.025221238938053097,0.03719974715549937,0.017309313105773282,0.03635693215339233,0.02112305099030763,0.009587020648967551,0.01193636746734092,0.006352718078381795,0.004403708386009271,0.006647703329119258,0.003350189633375474,0.007648546144121365,0.0008428150021070375,0.013780025284450064,0.0012536873156342183,0.015950273914875683,0.016034555415086388,0.006510745891276865,0.014085545722713864,0.006731984829329962,0.0009481668773704172,0.007195533080488833,0.004572271386430678,0.0015381373788453435,0.0019595448798988622,0.0,1.0535187526337969e-05,0.0,1.0535187526337969e-05,0.0,0.0,0.0,0.0,0.0,0.0,0.0,0.0,0.0,0.0,0.0,0.0,0.0,0.0,0.0,0.0,0.0,0.0,0.0,0.0,0.0,0.0,0.0,0.0,0.0,0.0,0.0,0.0,nan,nan,4.161953727506427,2.803343080990171,nan,0.9241252352046108,0.0234450858627801,0.0,0.0,0.0,0.0,0.0,0.0,0.0,0.0,0.0,0.0,0.0,0.0,0.0,0.0,0.0,0.0,0.0,0.0,0.0,0.0,0.0,0.0,0.0,0.0,0.0,0.2577741407528642,4.210310965630115,15.09819967266776,9.27986906710311,1.153846153846154,0.9235417111659443,0.02302296557336891,0.0,0.0,0.0,0.0,0.0,0.0,0.0,0.0,0.0,0.0,0.0,0.0,0.0,0.0,0.0,0.0,0.0,0.0,0.0,0.0,0.0,0.0,0.0,0.0,0.0,0.22154648132059085,4.24847958297133,15.599478714161602,8.913987836663772,1.0165073848827109,0.362,0.02284,0.0,0.0,0.0,0.0,0.0,0.0,0.0,0.0,0.08592471358428808,3.11783960720131,14.21440261865794,11.133387888707022,1.423895253682488,0.02454991816693945,0.0,0.0,0.0,0.0,0.0,0.0,0.0,0.0,0.0,0.0,0.0,0.0,0.0,0.0,0.0,0.0,0.363,0.02357,0.0,0.0,0.0,0.0,0.0,0.0,0.0,0.0,0.05212858384013902,3.1016507384882717,13.801042571676806,11.23370981754994,1.759339704604692,0.05212858384013902,0.0,0.0,0.0,0.0,0.0,0.0,0.0,0.0,0.0,0.0,0.0,0.0,0.0,0.0,0.0,0.0
66100,4815,2423,0.5032191069574247,1141,1035,0.45192107995846315,1379,0.5727933541017654,0.38999999999999996,2.907190635451505,3.0451862007277883,6.428571428571429,2.144009715097344,9278.880714440445,1416.7850441329465,7853.0,10750.543256759644,10686.518629810458,17.612849312352708,7853.0,0.0,27.834060228452753,20.512987118503506,32.55085995085995,18.79881179259237,0.13229491173416408,0.10010384215991693,0.0980269989615784,0.08992731048805815,0.08265835929387332,0.07040498442367601,0.07102803738317758,0.06687435098650052,0.058566978193146414,0.05379023883696781,0.04818276220145379,0.041121495327102804,0.0328141225337487,0.024299065420560748,0.013499480789200415,0.010384215991692628,0.0060228452751817235,0.9223153061089362,0.022560966192277484,0.0,0.0,0.0,0.0,0.0,0.0,0.0,0.0,0.0,0.0,0.0,0.0,0.0,0.0,0.0,0.0,0.0,0.0,0.0,0.0,0.0,0.0,0.0,0.0,0.0,0.14953271028037385,4.741433021806855,15.700934579439256,8.629283489096574,0.7788161993769472,4.24468085106383,2.825193330486189,nan,nan,nan,4.129903536977492,2.8007531698936203,4.360051712992889,2.844885770256285,1.055727252211763,0.3623,0.02261,0.0,0.0,0.0,0.0,0.0,0.0,0.0,0.0,0.04984423676012462,3.1526479750778824,14.224299065420563,11.102803738317741,1.433021806853583,0.03738317757009346,0.0,0.0,0.0,0.0,0.0,0.0,0.0,0.0,0.0,0.0,0.0,0.0,0.0,0.0,0.0,0.0,nan,nan,4.24468085106383,2.825193330486189,nan,0.3623,0.12305,0.0,0.0,0.0,0.0,0.0,0.0,0.0,0.0033541017653167184,4.153686396677051e-05,0.0003426791277258567,0.0005088265835929387,0.01174454828660436,0.0057528556593977155,0.008691588785046729,0.0018795430944963656,0.022741433021806853,0.0025441329179646936,0.002429906542056075,0.004060228452751817,0.024413291796469366,0.005877466251298027,0.03719626168224299,0.00952232606438214,0.011007268951194185,0.01988577362409138,0.034766355140186916,0.02190031152647975,0.03416407061266875,0.030602284527518172,0.017487019730010385,0.011879543094496365,0.027289719626168225,0.024537902388369677,0.04356178608515057,0.03786085150571132,0.03951194184839045,0.04610591900311527,0.06781931464174455,0.02663551401869159,0.018909657320872273,0.018701973001038423,0.01039460020768432,0.010726895119418484,0.026074766355140187,0.026812045690550363,0.034953271028037386,0.018681204569055036,0.03818276220145379,0.021360332294911733,0.009781931464174455,0.012429906542056075,0.0069885773624091384,0.004755970924195223,0.00671858774662513,0.0033541017653167184,0.00695742471443406,0.0010799584631360332,0.012751817237798547,0.0012149532710280374,0.01751817237798546,0.013966770508826583,0.007185877466251298,0.0135202492211838,0.005420560747663551,0.0007995846313603323,0.0070716510903426795,0.004122533748701973,0.0018068535825545172,0.001557632398753894,5.1921079958463136e-05,0.0,0.0,3.115264797507788e-05,0.0,0.0,0.0,0.0,0.0,0.0,0.0,0.0,0.0,0.0,0.0,0.0,0.0,0.0,0.0,0.0,0.0,0.0,0.0,0.0,0.0,0.0,0.0,0.0,0.0,0.0,0.0,0.0,nan,nan,4.24468085106383,2.825193330486189,nan,0.9223875024079587,0.022580638198215198,0.0,0.0,0.0,0.0,0.0,0.0,0.0,0.0,0.0,0.0,0.0,0.0,0.0,0.0,0.0,0.0,0.0,0.0,0.0,0.0,0.0,0.0,0.0,0.0,0.0,0.09905076351630213,4.717292612463888,15.984316962443256,8.332645480808916,0.8666941807676436,0.9222421741555367,0.022540785984155633,0.0,0.0,0.0,0.0,0.0,0.0,0.0,0.0,0.0,0.0,0.0,0.0,0.0,0.0,0.0,0.0,0.0,0.0,0.0,0.0,0.0,0.0,0.0,0.0,0.0,0.2006688963210703,4.765886287625419,15.413879598662211,8.929765886287626,0.6897993311036791,0.362,0.02275,0.0,0.0,0.0,0.0,0.0,0.0,0.0,0.0,0.061906727197688825,3.132480396203055,14.374742055303345,10.87082129591414,1.5229054890631453,0.037144036318613294,0.0,0.0,0.0,0.0,0.0,0.0,0.0,0.0,0.0,0.0,0.0,0.0,0.0,0.0,0.0,0.0,0.3625,0.02248,0.0,0.0,0.0,0.0,0.0,0.0,0.0,0.0,0.03762541806020067,3.173076923076924,14.071906354515054,11.337792642140451,1.3419732441471575,0.03762541806020067,0.0,0.0,0.0,0.0,0.0,0.0,0.0,0.0,0.0,0.0,0.0,0.0,0.0,0.0,0.0,0.0
66200,4454,2323,0.5215536596317917,1082,877,0.4398293668612483,1225,0.5500673551863493,0.438,3.0525574847489443,3.2178900404445705,6.944162436548224,2.125168395997603,9330.61566488056,1415.2943792742585,7853.0,10754.04427242279,10686.10381893156,17.92884470989909,7853.0,0.0,27.86910642119443,20.90821071953531,32.787603526582956,19.18442729965701,0.13942523574315221,0.10395150426582847,0.09137853614728333,0.0837449483610238,0.08531656937584194,0.07813201616524472,0.06466097889537495,0.05725190839694656,0.05814997754827122,0.05051638976201168,0.05051638976201168,0.0431073192635833,0.035698248765154914,0.022900763358778626,0.020431073192635832,0.00898069151324652,0.0058374494836102376,0.9221917413305584,0.023086102900886255,0.0,0.0,0.0,0.0,0.0,0.0,0.0,0.0,0.0,0.0,0.0,0.0,0.0,0.0,0.0,0.0,0.0,0.0,0.0,0.0,0.0,0.0,0.0,0.0,0.0,0.20880107768298165,4.748540637629098,15.82173327346206,8.39919173776381,0.8217332734620568,4.327158336246068,2.986968071204805,nan,nan,nan,4.305865921787709,2.970999343544436,4.348495451364591,3.0027336816283707,1.0099003383642708,0.361,0.02292,0.0,0.0,0.0,0.0,0.0,0.0,0.0,0.0,0.08082622361921869,3.3138751683879666,14.259092950157166,11.046250561293203,1.2460709474629548,0.05388414907947913,0.0,0.0,0.0,0.0,0.0,0.0,0.0,0.0,0.0,0.0,0.0,0.0,0.0,0.0,0.0,0.0,nan,nan,4.327158336246068,2.986968071204805,nan,0.361,0.1227,0.0,0.0,0.0,0.0,0.0,0.0,0.0,0.0030534351145038168,2.24517287831163e-05,0.0003816793893129771,0.000673551863493489,0.011551414458913336,0.006701841041760215,0.008722496632240683,0.0016951055231252806,0.021766951055231253,0.0022114952851369557,0.0024472384373596767,0.004254602604400539,0.022653794342164347,0.0064436461607543785,0.03872923215087562,0.009991019308486754,0.012123933542882801,0.018904355635383924,0.036798383475527614,0.023495734171531207,0.034014369106421194,0.031297709923664124,0.01614279299506062,0.01152896273013022,0.027525819488100584,0.023282442748091603,0.043724741805119,0.038493488998652896,0.039582397844634035,0.048821284238886396,0.06702963628199371,0.026369555455770095,0.019746295464750787,0.01709699146834306,0.01037269869779973,0.010731926358329591,0.027379883251010328,0.025987876066457118,0.03563089357880557,0.019757521329142345,0.03413785361472833,0.022687471935339022,0.00976650202065559,0.010406376290974404,0.007229456668163449,0.005264930399640772,0.005736416704086215,0.0034912438257745848,0.006769196228109564,0.0015603951504265829,0.013078132016165245,0.0013583295913785361,0.016647956892680737,0.013863942523574315,0.006701841041760215,0.013201616524472385,0.0058149977548271215,0.0009092950157162102,0.007745846430175124,0.0028738212842388863,0.001796138302649304,0.0017400089806915132,7.858105074090705e-05,0.0,0.0,0.0,0.0,0.0,0.0,0.0,0.0,0.0,0.0,0.0,0.0,0.0,0.0,0.0,0.0,0.0,0.0,0.0,0.0,0.0,0.0,0.0,0.0,0.0,0.0,0.0,0.0,0.0,0.0,0.0,nan,nan,4.327158336246068,2.986968071204805,nan,0.9222541129696846,0.023305855189512958,0.0,0.0,0.0,0.0,0.0,0.0,0.0,0.0,0.0,0.0,0.0,0.0,0.0,0.0,0.0,0.0,0.0,0.0,0.0,0.0,0.0,0.0,0.0,0.0,0.0,0.2453723633232889,4.687903572965993,15.4584588893672,8.781747739991392,0.8265174343521311,0.9221237500974797,0.02284394916610115,0.0,0.0,0.0,0.0,0.0,0.0,0.0,0.0,0.0,0.0,0.0,0.0,0.0,0.0,0.0,0.0,0.0,0.0,0.0,0.0,0.0,0.0,0.0,0.0,0.0,0.16893477240732052,4.814641013608635,16.217738151102772,7.982167996245896,0.8165180666353826,0.3613,0.02245,0.0,0.0,0.0,0.0,0.0,0.0,0.0,0.0,0.10331467929401639,3.0865260439087394,14.593198450279814,10.990099009900975,1.1752044769694363,0.051657339647008194,0.0,0.0,0.0,0.0,0.0,0.0,0.0,0.0,0.0,0.0,0.0,0.0,0.0,0.0,0.0,0.0,0.361,0.02339,0.0,0.0,0.0,0.0,0.0,0.0,0.0,0.0,0.056311590802440185,3.5617081182543417,13.894885030502115,11.107461285781309,1.3233223838573442,0.056311590802440185,0.0,0.0,0.0,0.0,0.0,0.0,0.0,0.0,0.0,0.0,0.0,0.0,0.0,0.0,0.0,0.0
66300,4602,2379,0.5169491525423728,1118,952,0.4498044328552803,1287,0.559322033898305,0.422,2.957714799820063,3.1430166786365645,6.701168614357262,2.267395813757196,9317.387077529862,1415.6174295795602,7853.0,10749.501015782356,10685.74877292662,17.67636693165349,7853.0,0.0,27.966101694915253,20.918805347831047,33.01453790238837,19.125475077936414,0.1418948283355063,0.10104302477183832,0.0880052151238592,0.08279009126466753,0.085832246849196,0.07344632768361582,0.07083876575402,0.06605823554976098,0.054758800521512385,0.05258583224684919,0.046284224250325946,0.0423728813559322,0.035202086049543675,0.024119947848761408,0.015428074750108649,0.011516731855714906,0.007822685788787484,0.9221986112958294,0.023285308880684953,0.0,0.0,0.0,0.0,0.0,0.0,0.0,0.0,0.0,0.0,0.0,0.0,0.0,0.0,0.0,0.0,0.0,0.0,0.0,0.0,0.0,0.0,0.0,0.0,0.0,0.29986962190352023,4.5632333767927,15.932203389830512,8.21382007822686,0.9908735332464148,4.307044152342433,2.9781409442911495,nan,nan,nan,4.303619302949062,2.989196415700735,4.310508474576271,2.966912121729219,1.0016007855579812,0.361,0.022,0.0,0.0,0.0,0.0,0.0,0.0,0.0,0.0,0.05867014341590614,3.04432855280313,15.006518904823993,10.704041720990858,1.1668839634941333,0.019556714471968713,0.0,0.0,0.0,0.0,0.0,0.0,0.0,0.0,0.0,0.0,0.0,0.0,0.0,0.0,0.0,0.0,nan,nan,4.307044152342433,2.9781409442911495,nan,0.361,0.1223,0.0,0.0,0.0,1.086484137331595e-05,0.0,0.0,0.0,0.0028357235984354627,6.51890482398957e-05,0.000641025641025641,0.0005323772272924815,0.011755758365927857,0.006192959582790091,0.008485441112559756,0.0012168622338113862,0.02226205997392438,0.002357670578009561,0.002759669708822251,0.0035528031290743157,0.02102346805736636,0.0065514993481095175,0.03897218600608431,0.008898305084745763,0.012624945675793134,0.0199587136027814,0.038581051716644936,0.022196870925684484,0.03345284658843981,0.028922207735767057,0.018100825727944372,0.01051716644936984,0.027781399391568883,0.025771403737505433,0.0441438504997827,0.03992829204693611,0.03993915688830943,0.04959800086918731,0.06807909604519774,0.025651890482398958,0.01992611907866145,0.017959582790091265,0.01134289439374185,0.010528031290743155,0.027042590178183397,0.024043893959148195,0.035017383746197304,0.018633202955236853,0.03423511516731856,0.021523250760538896,0.010788787483702739,0.010473707083876575,0.006953498478922208,0.005269448066058236,0.0042264232942199045,0.0038244241634072143,0.007475010864841374,0.0012168622338113862,0.013450673620165145,0.0011190786614515428,0.016970882225119513,0.014080834419817471,0.006855714906562364,0.012059973924380704,0.005508474576271186,0.0009235115167318557,0.00898522381573229,0.0024554541503694046,0.0017492394611038679,0.0018035636679704476,0.0001738374619730552,0.0,2.17296827466319e-05,0.0,0.0,0.0,0.0,0.0,0.0,0.0,0.0,0.0,0.0,0.0,0.0,0.0,0.0,0.0,0.0,0.0,0.0,0.0,0.0,0.0,0.0,0.0,0.0,0.0,0.0,0.0,0.0,0.0,nan,nan,4.307044152342433,2.9781409442911495,nan,0.9220975660987139,0.02274879048839424,0.0,0.0,0.0,0.0,0.0,0.0,0.0,0.0,0.0,0.0,0.0,0.0,0.0,0.0,0.0,0.0,0.0,0.0,0.0,0.0,0.0,0.0,0.0,0.0,0.0,0.30264817150063056,4.426229508196722,16.078184110970998,8.259773013871376,0.9331651954602777,0.9223067473839706,0.02384563552273515,0.0,0.0,0.0,0.0,0.0,0.0,0.0,0.0,0.0,0.0,0.0,0.0,0.0,0.0,0.0,0.0,0.0,0.0,0.0,0.0,0.0,0.0,0.0,0.0,0.0,0.2968960863697706,4.709851551956816,15.775978407557359,8.164642375168693,1.0526315789473686,0.3608,0.0221,0.0,0.0,0.0,0.0,0.0,0.0,0.0,0.0,0.0630517023959647,3.2912988650693578,15.044136191677179,10.36569987389658,1.2105926860025222,0.025220680958385883,0.0,0.0,0.0,0.0,0.0,0.0,0.0,0.0,0.0,0.0,0.0,0.0,0.0,0.0,0.0,0.0,0.3616,0.0219,0.0,0.0,0.0,0.0,0.0,0.0,0.0,0.0,0.05398110661268557,2.7800269905533073,14.966261808367074,11.066126855600523,1.1201079622132255,0.013495276653171392,0.0,0.0,0.0,0.0,0.0,0.0,0.0,0.0,0.0,0.0,0.0,0.0,0.0,0.0,0.0,0.0
66400,4875,2539,0.5208205128205128,1181,993,0.44594871794871793,1386,0.5686153846153846,0.39399999999999996,2.9841609589041096,3.0816801504106,6.55081001472754,2.130498449733763,9328.094327845549,1414.956086570213,7853.0,10763.001904845238,10685.250826406873,17.89988174206903,7853.0,0.0,27.810871794871794,20.863353339607396,32.72918192918193,19.141696827878615,0.1398974358974359,0.09723076923076923,0.09476923076923077,0.09046153846153847,0.08594871794871795,0.0756923076923077,0.06317948717948718,0.06461538461538462,0.057025641025641026,0.052307692307692305,0.042256410256410255,0.04451282051282051,0.030974358974358976,0.022153846153846152,0.019692307692307693,0.012102564102564103,0.0071794871794871795,0.9212027192482581,0.022766831710960677,0.0,0.0,0.0,0.0,0.0,0.0,0.0,0.0,0.0,0.0,0.0,0.0,0.0,0.0,0.0,0.0,0.0,0.0,0.0,0.0,0.0,0.0,0.0,0.0,0.0,0.25230769230769234,5.113846153846155,15.926153846153849,7.987692307692309,0.7200000000000002,4.2683941138835575,2.8666133253855874,nan,nan,nan,4.301007556675063,2.872842349693026,4.234720416124837,2.8597773256430274,0.9845879971897865,0.3608,0.0229,0.0,0.0,0.0,0.0,0.0,0.0,0.0,0.0,0.11076923076923079,3.255384615384616,14.713846153846157,10.627692307692293,1.2492307692307694,0.04307692307692309,0.0,0.0,0.0,0.0,0.0,0.0,0.0,0.0,0.0,0.0,0.0,0.0,0.0,0.0,0.0,0.0,nan,nan,4.2683941138835575,2.8666133253855874,nan,0.3608,0.1213,0.0,0.0,0.0,0.0,0.0,1.0256410256410256e-05,0.0,0.0029333333333333334,0.00010256410256410256,0.0005846153846153846,0.0011282051282051281,0.011743589743589744,0.005917948717948718,0.008625641025641026,0.0010564102564102563,0.022225641025641025,0.001876923076923077,0.002769230769230769,0.003364102564102564,0.020153846153846154,0.006492307692307692,0.04021538461538462,0.006943589743589744,0.011815384615384615,0.019805128205128204,0.03745641025641026,0.022707692307692307,0.03345641025641025,0.029507692307692308,0.019805128205128204,0.010543589743589744,0.026943589743589742,0.02513846153846154,0.04514871794871795,0.04046153846153846,0.037261538461538464,0.05064615384615385,0.07356923076923078,0.024574358974358973,0.020369230769230768,0.019015384615384615,0.01198974358974359,0.012594871794871796,0.025394871794871796,0.022687179487179486,0.03642051282051282,0.018943589743589742,0.034194871794871795,0.019405128205128207,0.011517948717948718,0.009425641025641026,0.0068615384615384615,0.005343589743589744,0.004082051282051282,0.0035487179487179487,0.007076923076923077,0.0014461538461538461,0.014758974358974358,0.0003076923076923077,0.01711794871794872,0.013702564102564102,0.006369230769230769,0.012092307692307692,0.005343589743589744,0.001241025641025641,0.008112820512820513,0.0021128205128205127,0.001805128205128205,0.001394871794871795,0.00033846153846153846,0.0,0.0,0.0,0.0,0.0,0.0,0.0,0.0,0.0,0.0,0.0,0.0,0.0,0.0,0.0,0.0,0.0,0.0,0.0,0.0,0.0,0.0,0.0,0.0,0.0,0.0,0.0,0.0,0.0,0.0,0.0,nan,nan,4.2683941138835575,2.8666133253855874,nan,0.9211127992782503,0.022623258018775377,0.0,0.0,0.0,0.0,0.0,0.0,0.0,0.0,0.0,0.0,0.0,0.0,0.0,0.0,0.0,0.0,0.0,0.0,0.0,0.0,0.0,0.0,0.0,0.0,0.0,0.24812918471839313,4.986215045293424,15.915714848365502,8.223710122095314,0.6262307995273731,0.9213004533252488,0.022921462106367377,0.0,0.0,0.0,0.0,0.0,0.0,0.0,0.0,0.0,0.0,0.0,0.0,0.0,0.0,0.0,0.0,0.0,0.0,0.0,0.0,0.0,0.0,0.0,0.0,0.0,0.2568493150684932,5.252568493150686,15.937500000000004,7.731164383561645,0.8219178082191783,0.3608,0.02301,0.0,0.0,0.0,0.0,0.0,0.0,0.0,0.0,0.08270972823946438,3.3556518314296975,14.497833792831827,10.775896022055912,1.2406459235919658,0.0472627018511225,0.0,0.0,0.0,0.0,0.0,0.0,0.0,0.0,0.0,0.0,0.0,0.0,0.0,0.0,0.0,0.0,0.3606,0.02278,0.0,0.0,0.0,0.0,0.0,0.0,0.0,0.0,0.14126712328767127,3.146404109589042,14.948630136986305,10.46660958904108,1.2585616438356166,0.03852739726027398,0.0,0.0,0.0,0.0,0.0,0.0,0.0,0.0,0.0,0.0,0.0,0.0,0.0,0.0,0.0,0.0
66500,4737,2411,0.5089719231581169,1150,1004,0.45471817606079795,1360,0.5742030821194849,0.414,2.883920894239037,3.083717162734611,6.622977346278317,2.141119131531251,9294.760823103807,1416.1760410955928,7853.0,10742.545577049255,10685.692251780478,17.957980742801094,7853.0,0.0,27.379142917458307,20.567887865702712,32.27952656761521,18.855303478856158,0.14080641756385898,0.09985222714798396,0.09921891492505805,0.08950812750686088,0.08148617268313278,0.07578636267679967,0.0686088241503061,0.05742030821194849,0.06290901414397299,0.059531348955034834,0.041376398564492295,0.034621068186616,0.03187671522060376,0.023221448173949756,0.017943846316233903,0.009921891492505806,0.005910914080641756,0.9196362048230242,0.023174263121196644,0.0,0.0,0.0,0.0,0.0,0.0,0.0,0.0,0.0,0.0,0.0,0.0,0.0,0.0,0.0,0.0,0.0,0.0,0.0,0.0,0.0,0.0,0.0,0.0,0.01899936668777708,0.34832172260924643,5.427485750474986,16.136795440152,7.5174160861304635,0.5509816339455352,4.262409000661814,2.8535225402384627,nan,nan,nan,4.308567603748327,2.8341896101176927,4.212180746561886,2.8656049691076446,0.9776290252234671,0.3623,0.02324,0.0,0.0,0.0,0.0,0.0,0.0,0.0,0.0,0.08233058898036734,3.141228625712477,13.863204559848008,11.285623812539566,1.6086130462317927,0.01899936668777708,0.0,0.0,0.0,0.0,0.0,0.0,0.0,0.0,0.0,0.0,0.0,0.0,0.0,0.0,0.0,0.0,nan,nan,4.262409000661814,2.8535225402384627,nan,0.3623,0.1225,0.0,0.0,0.0,0.0,0.0,5.277601857715854e-05,0.0,0.0029343466328900147,9.499683343888537e-05,0.0004116529449018366,0.0009710787418197171,0.012391809161916826,0.004591513616212793,0.009172472028710153,0.0009710787418197171,0.020255435929913447,0.001804939835338822,0.0024804728731264514,0.0029343466328900147,0.02094152417141651,0.007156428119062698,0.040373654211526284,0.007188093730208993,0.013194004644289634,0.019294912391809162,0.03561325733586658,0.025554148195060165,0.03339666455562593,0.029522904792062488,0.02152206037576525,0.010639645345155161,0.02657800295545704,0.022545915136162126,0.04528182393920203,0.04113362887903736,0.036109351910491874,0.050643867426641336,0.07058264724509183,0.02329533459995778,0.018556048131728942,0.019294912391809162,0.012317922735908803,0.012476250791640279,0.02435085497150095,0.022514249525015833,0.03538104285412708,0.019548237280979524,0.03492716909436352,0.020751530504538738,0.01242347477306312,0.01062909014143973,0.005467595524593625,0.0047392864682288365,0.004770952079375132,0.003219337133206671,0.007209204137639856,0.0015621701498838927,0.016423896981211737,0.00043276335233270003,0.018408275279712897,0.013573991978045177,0.006702554359299134,0.012455140384209416,0.006259235803251002,0.0016360565758919148,0.008655267046654,0.0024804728731264514,0.001804939835338822,0.001044965167827739,0.0003483217226092464,0.0,0.0,0.0,0.0,0.0,0.0,0.0,0.0,0.0,0.0,0.0,0.0,0.0,0.0,0.0,0.0,0.0,0.0,0.0,0.0,0.0,0.0,0.0,0.0,0.0,0.0,0.0,0.0,0.0,0.0,0.0,nan,nan,4.262409000661814,2.8535225402384627,nan,0.9200503746536647,0.02326717577593064,0.0,0.0,0.0,0.0,0.0,0.0,0.0,0.0,0.0,0.0,0.0,0.0,0.0,0.0,0.0,0.0,0.0,0.0,0.0,0.0,0.0,0.0,0.0,0.0,0.012442969722107013,0.3110742430526753,5.400248859394444,16.188303608461222,7.515553712152635,0.5723766072169225,0.9192068998094068,0.023069713502392338,0.0,0.0,0.0,0.0,0.0,0.0,0.0,0.0,0.0,0.0,0.0,0.0,0.0,0.0,0.0,0.0,0.0,0.0,0.0,0.0,0.0,0.0,0.0,0.0,0.025795356835769567,0.3869303525365435,5.455717970765264,16.083404987102323,7.519346517626829,0.5288048151332762,0.3628,0.02345,0.0,0.0,0.0,0.0,0.0,0.0,0.0,0.0,0.0995437577768561,3.2227291580257162,13.226876814599754,11.858150145167963,1.5678141849854836,0.024885939444214026,0.0,0.0,0.0,0.0,0.0,0.0,0.0,0.0,0.0,0.0,0.0,0.0,0.0,0.0,0.0,0.0,0.362,0.02298,0.0,0.0,0.0,0.0,0.0,0.0,0.0,0.0,0.06448839208942392,3.056749785038694,14.522785898538267,10.692175408426468,1.6509028374892523,0.012897678417884783,0.0,0.0,0.0,0.0,0.0,0.0,0.0,0.0,0.0,0.0,0.0,0.0,0.0,0.0,0.0,0.0
66600,4878,2600,0.5330053300533005,1235,992,0.45653956539565393,1348,0.5526855268552685,0.41,2.944249341527656,3.0367893252221414,6.444270015698587,2.1669964837734503,9362.731761187597,1413.2137692701363,7853.0,10759.25468480587,10685.489050412729,17.565963830330404,7853.0,0.0,28.52931529315293,21.019921181894244,33.492820637624725,19.17453895976371,0.13755637556375563,0.0951209512095121,0.08897088970889709,0.08589585895858959,0.07810578105781057,0.07503075030750307,0.07359573595735958,0.06478064780647806,0.05740057400574006,0.054735547355473556,0.04489544895448955,0.04694546945469455,0.033210332103321034,0.02706027060270603,0.017015170151701516,0.012505125051250513,0.007175071750717507,0.9201518986473419,0.022975753890419653,0.0,0.0,0.0,0.0,0.0,0.0,0.0,0.0,0.0,0.0,0.0,0.0,0.0,0.0,0.0,0.0,0.0,0.0,0.0,0.0,0.0,0.0,0.0,0.0,0.0,0.3382533825338254,5.590405904059042,15.485854858548588,7.9827798277982795,0.6027060270602707,4.098039215686274,2.8754689544086673,nan,nan,nan,4.1720226843100185,2.89601749525426,4.025830258302583,2.8534214943765828,0.9649588611880682,0.3628,0.02248,0.0,0.0,0.0,0.0,0.0,0.0,0.0,0.0,0.061500615006150075,2.9397293972939735,14.040590405904062,11.45756457564574,1.4637146371463718,0.036900369003690044,0.0,0.0,0.0,0.0,0.0,0.0,0.0,0.0,0.0,0.0,0.0,0.0,0.0,0.0,0.0,0.0,nan,nan,4.098039215686274,2.8754689544086673,nan,0.3628,0.1221,0.0,0.0,0.0,0.0,0.0,2.050020500205002e-05,0.0,0.001947519475194752,9.225092250922509e-05,0.00045100451004510047,0.0011685116851168512,0.012156621566215662,0.0050943009430094305,0.008343583435834358,0.0009020090200902009,0.02058220582205822,0.0015580155801558015,0.002972529725297253,0.0033927839278392784,0.02080770807708077,0.006990569905699057,0.03989339893398934,0.006683066830668306,0.01403239032390324,0.01883968839688397,0.03432759327593276,0.0242619926199262,0.03381508815088151,0.029264042640426403,0.022939729397293974,0.01002460024600246,0.026886018860188602,0.02432349323493235,0.0484829848298483,0.041707667076670764,0.037156621566215665,0.048616236162361624,0.07019270192701928,0.023472734727347275,0.01758917589175892,0.018501435014350143,0.011685116851168511,0.012361623616236163,0.023903239032390323,0.022160721607216074,0.03628536285362854,0.01859368593685937,0.03459409594095941,0.021063960639606395,0.012412874128741288,0.010608856088560886,0.005268552685526855,0.004510045100451004,0.0057810578105781055,0.0036182861828618286,0.007995079950799507,0.0017425174251742518,0.015774907749077492,0.0008302583025830259,0.018460434604346043,0.013222632226322263,0.007718327183271833,0.013550635506355064,0.005770807708077081,0.0017732677326773268,0.007749077490774908,0.0017732677326773268,0.0019680196801968018,0.0007995079950799508,0.0005125051250512505,0.0,2.050020500205002e-05,0.0,0.0,0.0,0.0,0.0,0.0,0.0,0.0,0.0,0.0,0.0,0.0,0.0,0.0,0.0,0.0,0.0,0.0,0.0,0.0,0.0,0.0,0.0,0.0,0.0,0.0,0.0,0.0,0.0,nan,nan,4.098039215686274,2.8754689544086673,nan,0.9195942006661342,0.02265150023370361,0.0,0.0,0.0,0.0,0.0,0.0,0.0,0.0,0.0,0.0,0.0,0.0,0.0,0.0,0.0,0.0,0.0,0.0,0.0,0.0,0.0,0.0,0.0,0.0,0.0,0.3000000000000001,5.711538461538463,15.600000000000003,7.892307692307694,0.4961538461538462,0.9207884283888434,0.023324047363928634,0.0,0.0,0.0,0.0,0.0,0.0,0.0,0.0,0.0,0.0,0.0,0.0,0.0,0.0,0.0,0.0,0.0,0.0,0.0,0.0,0.0,0.0,0.0,0.0,0.0,0.38191395961369634,5.452151009657596,15.355575065847237,8.086040386303777,0.7243195785776999,0.3628,0.02255,0.0,0.0,0.0,0.0,0.0,0.0,0.0,0.0,0.0576923076923077,2.8846153846153855,14.14615384615385,11.353846153846137,1.534615384615385,0.02307692307692308,0.0,0.0,0.0,0.0,0.0,0.0,0.0,0.0,0.0,0.0,0.0,0.0,0.0,0.0,0.0,0.0,0.3625,0.0224,0.0,0.0,0.0,0.0,0.0,0.0,0.0,0.0,0.06584723441615453,3.002633889376647,13.92010535557507,11.575943810359949,1.3827919227392453,0.05267778753292363,0.0,0.0,0.0,0.0,0.0,0.0,0.0,0.0,0.0,0.0,0.0,0.0,0.0,0.0,0.0,0.0
66700,4716,2469,0.5235368956743003,1161,969,0.45165394402035625,1324,0.5614927905004241,0.422,3.045838896306186,3.1267738957210156,6.714968152866242,2.1444563767659166,9335.94322626165,1414.7650830503046,7853.0,10746.978345513344,10685.547693418366,18.20111004552539,7853.0,0.0,27.780958439355388,20.820921137448348,32.87858775717552,19.009656015583708,0.14567430025445294,0.09584393553859202,0.08969465648854962,0.08778625954198473,0.08481764206955046,0.07315521628498728,0.07018659881255301,0.07082273112807463,0.0542832909245123,0.051102629346904155,0.043469041560644614,0.039440203562340966,0.029474130619168787,0.02862595419847328,0.01929601357082273,0.009754028837998304,0.006573367260390161,0.9202494717079063,0.02328833157711285,0.0,0.0,0.0,0.0,0.0,0.0,0.0,0.0,0.0,0.0,0.0,0.0,0.0,0.0,0.0,0.0,0.0,0.0,0.0,0.0,0.0,0.0,0.0,0.0,0.012722646310432573,0.35623409669211203,5.286259541984735,15.903307888040716,7.837150127226464,0.6043256997455472,4.331688055281343,2.9367388641812138,nan,nan,nan,4.2723097112860895,2.890384941738384,4.3914191419141915,2.981448520395011,1.0278793998275575,0.362,0.02295,0.0,0.0,0.0,0.0,0.0,0.0,0.0,0.0,0.06997455470737915,3.1424936386768456,14.204834605597968,11.081424936386753,1.4567430025445296,0.044529262086514004,0.0,0.0,0.0,0.0,0.0,0.0,0.0,0.0,0.0,0.0,0.0,0.0,0.0,0.0,0.0,0.0,nan,nan,4.331688055281343,2.9367388641812138,nan,0.362,0.1217,0.0,0.0,0.0,0.0,1.0602205258693808e-05,1.0602205258693808e-05,0.0,0.002215860899067006,0.00023324851569126378,0.0007315521628498728,0.0014206955046649702,0.011863867684478372,0.004156064461407973,0.008163698049194233,0.001208651399491094,0.021331636980491942,0.0013464800678541138,0.0029262086513994912,0.0030534351145038168,0.018564461407972858,0.007283715012722646,0.04022476675148431,0.007347328244274809,0.014429601357082274,0.019974554707379136,0.03486005089058524,0.02374893977947413,0.03484944868532655,0.03015267175572519,0.023642917726887192,0.009255725190839694,0.02577396098388465,0.02410941475826972,0.04955470737913486,0.04078668363019508,0.03931297709923664,0.04600296861747243,0.06964588634435963,0.0260284139100933,0.017525445292620866,0.0179813401187447,0.010888464800678541,0.012818066157760814,0.023653519932145886,0.022932569974554708,0.03708651399491094,0.01904156064461408,0.03357718405428329,0.021448261238337575,0.013358778625954198,0.009711620016963528,0.004601357082273113,0.005311704834605598,0.005375318066157761,0.0037531806615776083,0.007675996607294317,0.001982612383375742,0.013623833757421544,0.0006255301102629346,0.016793893129770993,0.013295165394402036,0.008471162001696352,0.013486005089058525,0.0066263782866836304,0.001325275657336726,0.008365139949109415,0.0016433418150975402,0.0016539440203562341,0.0007421543681085666,0.00040288379983036474,0.0,0.0,0.0,0.0,0.0,0.0,0.0,0.0,0.0,0.0,0.0,0.0,0.0,0.0,0.0,0.0,0.0,0.0,0.0,0.0,0.0,0.0,0.0,0.0,0.0,0.0,0.0,0.0,0.0,0.0,0.0,nan,nan,4.331688055281343,2.9367388641812138,nan,0.9204014179531791,0.02318796606573494,0.0,0.0,0.0,0.0,0.0,0.0,0.0,0.0,0.0,0.0,0.0,0.0,0.0,0.0,0.0,0.0,0.0,0.0,0.0,0.0,0.0,0.0,0.0,0.0,0.0,0.3402187120291617,5.188335358444716,16.026731470230867,7.861482381530986,0.5832320777642771,0.920082513417039,0.023396978821909966,0.0,0.0,0.0,0.0,0.0,0.0,0.0,0.0,0.0,0.0,0.0,0.0,0.0,0.0,0.0,0.0,0.0,0.0,0.0,0.0,0.0,0.0,0.0,0.0,0.026702269692923906,0.3738317757009347,5.393858477970628,15.767690253671566,7.810413885180242,0.6275033377837117,0.362,0.02327,0.0,0.0,0.0,0.0,0.0,0.0,0.0,0.0,0.10935601458080196,3.292831105710815,13.924665856622116,11.130012150668271,1.4823815309842046,0.06075334143377887,0.0,0.0,0.0,0.0,0.0,0.0,0.0,0.0,0.0,0.0,0.0,0.0,0.0,0.0,0.0,0.0,0.362,0.02257,0.0,0.0,0.0,0.0,0.0,0.0,0.0,0.0,0.026702269692923906,2.9773030707610153,14.512683578104141,11.028037383177553,1.428571428571429,0.026702269692923906,0.0,0.0,0.0,0.0,0.0,0.0,0.0,0.0,0.0,0.0,0.0,0.0,0.0,0.0,0.0,0.0
66800,4710,2406,0.510828025477707,1129,972,0.44607218683651806,1330,0.564755838641189,0.434,2.984375,3.176617964551031,6.827044025157233,2.084298459252939,9300.240884403134,1416.2911336986524,7853.0,10750.12963604927,10686.127417098405,18.18479843184174,7853.0,0.0,27.992356687898088,20.88654889144308,32.90431709164353,19.141791024873367,0.13800424628450106,0.10021231422505308,0.08895966029723991,0.09278131634819532,0.08556263269639065,0.07452229299363057,0.05987261146496815,0.0653927813163482,0.05774946921443737,0.05371549893842888,0.048195329087048835,0.038853503184713374,0.03694267515923567,0.02526539278131635,0.015498938428874735,0.011040339702760084,0.0074309978768577496,0.9212337474914113,0.02329941354623291,0.0,0.0,0.0,0.0,0.0,0.0,0.0,0.0,0.0,0.0,0.0,0.0,0.0,0.0,0.0,0.0,0.0,0.0,0.0,0.0,0.0,0.0,0.0,0.0,0.0,0.2866242038216561,5.070063694267517,15.515923566878984,8.407643312101913,0.7197452229299365,4.347482724580454,2.9192859433149305,nan,nan,nan,4.3063241106719365,2.9327732526749766,4.388560157790927,2.9051814948317647,1.0190965763387834,0.3628,0.02321,0.0,0.0,0.0,0.0,0.0,0.0,0.0,0.0,0.08280254777070066,2.866242038216561,14.012738853503187,11.312101910828009,1.6815286624203825,0.04458598726114651,0.0,0.0,0.0,0.0,0.0,0.0,0.0,0.0,0.0,0.0,0.0,0.0,0.0,0.0,0.0,0.0,nan,nan,4.347482724580454,2.9192859433149305,nan,0.3628,0.12134,0.0,0.0,0.0,0.0,0.0,0.0,0.0,0.0022611464968152867,0.00044585987261146497,0.0008174097664543524,0.0011464968152866241,0.010318471337579618,0.005063694267515923,0.00802547770700637,0.0013906581740976646,0.020753715498938428,0.0015286624203821656,0.0030148619957537153,0.0036942675159235667,0.01540339702760085,0.008046709129511677,0.043110403397027604,0.007898089171974522,0.012834394904458599,0.019670912951167727,0.03446921443736731,0.02335456475583864,0.03298301486199575,0.03153927813163482,0.023312101910828026,0.00886411889596603,0.02561571125265393,0.02243099787685775,0.05003184713375796,0.042611464968152865,0.041008492569002124,0.04559447983014862,0.06765392781316348,0.026050955414012738,0.01602972399150743,0.017367303609341828,0.01151804670912951,0.013152866242038217,0.022165605095541403,0.023418259023354565,0.04158174097664544,0.020392781316348196,0.03358811040339703,0.02059447983014862,0.0140552016985138,0.009978768577494692,0.004989384288747346,0.005265392781316348,0.005,0.0037685774946921444,0.00786624203821656,0.002356687898089172,0.013853503184713376,0.0006263269639065817,0.01630573248407643,0.01361995753715499,0.007059447983014862,0.013789808917197452,0.007154989384288747,0.0012632696390658174,0.007473460721868365,0.0019957537154989386,0.0015711252653927814,0.0006475583864118896,0.0006050955414012739,0.0,0.0,0.0,0.0,0.0,0.0,0.0,0.0,0.0,0.0,0.0,0.0,0.0,0.0,0.0,0.0,0.0,0.0,0.0,0.0,0.0,0.0,0.0,0.0,0.0,0.0,0.0,0.0,0.0,0.0,0.0,nan,nan,4.347482724580454,2.9192859433149305,nan,0.9211812136030554,0.023329104608369577,0.0,0.0,0.0,0.0,0.0,0.0,0.0,0.0,0.0,0.0,0.0,0.0,0.0,0.0,0.0,0.0,0.0,0.0,0.0,0.0,0.0,0.0,0.0,0.0,0.0,0.2618453865336659,5.137157107231921,15.548628428927683,8.341645885286784,0.7107231920199503,0.921288607098783,0.023268240995789048,0.0,0.0,0.0,0.0,0.0,0.0,0.0,0.0,0.0,0.0,0.0,0.0,0.0,0.0,0.0,0.0,0.0,0.0,0.0,0.0,0.0,0.0,0.0,0.0,0.0,0.31250000000000006,5.000000000000001,15.481770833333336,8.476562500000002,0.7291666666666669,0.3625,0.02339,0.0,0.0,0.0,0.0,0.0,0.0,0.0,0.0,0.08728179551122196,3.042394014962594,13.852867830423943,11.284289276807963,1.695760598503741,0.0374064837905237,0.0,0.0,0.0,0.0,0.0,0.0,0.0,0.0,0.0,0.0,0.0,0.0,0.0,0.0,0.0,0.0,0.3633,0.02303,0.0,0.0,0.0,0.0,0.0,0.0,0.0,0.0,0.07812500000000001,2.6822916666666674,14.179687500000004,11.341145833333318,1.666666666666667,0.05208333333333334,0.0,0.0,0.0,0.0,0.0,0.0,0.0,0.0,0.0,0.0,0.0,0.0,0.0,0.0,0.0,0.0
66900,5073,2591,0.5107431500098562,1149,1096,0.4425389315986596,1463,0.5767790262172284,0.40199999999999997,2.985898468976632,3.118690661955663,6.637026239067056,2.257678680112634,9300.145861031458,1416.4388439338568,7853.0,10743.6125177145,10686.41217792844,18.213832524133032,7853.0,0.0,28.01025034496353,21.01586921160087,32.98075117370892,19.2666757330354,0.14113936526710033,0.09363295880149813,0.09718115513502858,0.08791642026414351,0.07825744135619948,0.07825744135619948,0.07451212300413956,0.05913660555884092,0.05696826335501676,0.050266114725014785,0.04356396609501281,0.04100137985412971,0.03272225507589198,0.026808594520007886,0.017938103686181747,0.012812931204415533,0.007884880741178789,0.9201314724598461,0.023234399540696497,0.0,0.0,0.0,0.0,0.0,0.0,0.0,0.0,0.0,0.0,0.0,0.0,0.0,0.0,0.0,0.0,0.0,0.0,0.0,0.0,0.0,0.0,0.0,0.0,0.005913660555884093,0.31933767001774105,5.357776463630989,15.943228858663515,7.587226493199291,0.7865168539325844,4.309429356118401,2.8772167361442964,nan,nan,nan,4.30722525804493,2.864957343928776,4.310006138735421,2.8896681918547245,1.0006456315896868,0.3635,0.02263,0.0,0.0,0.0,0.0,0.0,0.0,0.0,0.0,0.053222945002956844,2.637492607924306,13.985807214665881,11.768184506209327,1.5079834417504439,0.04730928444707275,0.0,0.0,0.0,0.0,0.0,0.0,0.0,0.0,0.0,0.0,0.0,0.0,0.0,0.0,0.0,0.0,nan,nan,4.309429356118401,2.8772167361442964,nan,0.3635,0.12134,0.0,0.0,0.0,0.0,0.0,0.0,0.0,0.0021190616991917997,0.0005519416518825153,0.001015178395426769,0.0013995663315592352,0.009796964320914646,0.0056179775280898875,0.007737039227281688,0.000995466193573822,0.022422629607727184,0.0015474078454563375,0.002651291149221368,0.00384387936132466,0.01436033904987187,0.008288980879164203,0.04245022669032131,0.007401931795781589,0.013207175241474472,0.01769170116301991,0.03232801103883304,0.02170313424009462,0.03499901438990735,0.033816282278730535,0.022935146855903806,0.009570273999605756,0.023989749655036467,0.02258032722255076,0.05102503449635324,0.04117878967080623,0.04294303173664498,0.04682633550167554,0.06500098561009265,0.025507589197713385,0.016932781391681452,0.016844076483343188,0.0110782574413562,0.013916814508180563,0.022402917405874235,0.02247191011235955,0.04083382613837966,0.022097378277153558,0.03460477035284841,0.02232406859846245,0.013394441159077468,0.009925093632958801,0.005440567711413365,0.004109994086339444,0.005667258032722255,0.003705893948354031,0.006603587620737236,0.002562586240883107,0.016045732308298838,0.0006800709639266706,0.01636112753794599,0.013985807214665878,0.006652868125369604,0.014606741573033709,0.006475458308693081,0.0008279124778237729,0.007392075694855115,0.0020894933964123795,0.00149812734082397,0.0003252513305736251,0.0006406465602207767,0.0,0.0,0.0,0.0,0.0,0.0,0.0,0.0,0.0,0.0,0.0,0.0,0.0,0.0,0.0,0.0,0.0,0.0,0.0,0.0,0.0,0.0,0.0,0.0,0.0,0.0,0.0,0.0,0.0,0.0,0.0,nan,nan,4.309429356118401,2.8772167361442964,nan,0.9204607835058907,0.02357394089754418,0.0,0.0,0.0,0.0,0.0,0.0,0.0,0.0,0.0,0.0,0.0,0.0,0.0,0.0,0.0,0.0,0.0,0.0,0.0,0.0,0.0,0.0,0.0,0.0,0.011578541103820922,0.30104206869934397,5.245079120030877,15.804708606715556,7.79235816287148,0.8452335005789272,0.9197876993251558,0.022869512239772894,0.0,0.0,0.0,0.0,0.0,0.0,0.0,0.0,0.0,0.0,0.0,0.0,0.0,0.0,0.0,0.0,0.0,0.0,0.0,0.0,0.0,0.0,0.0,0.0,0.0,0.3384367445608381,5.475423045930703,16.087832393231267,7.373086220789687,0.7252215954875103,0.3638,0.02275,0.0,0.0,0.0,0.0,0.0,0.0,0.0,0.0,0.04631416441528369,2.6399073716711703,13.755306831339254,12.05326128907756,1.470474720185257,0.03473562331146276,0.0,0.0,0.0,0.0,0.0,0.0,0.0,0.0,0.0,0.0,0.0,0.0,0.0,0.0,0.0,0.0,0.3633,0.02249,0.0,0.0,0.0,0.0,0.0,0.0,0.0,0.0,0.06043513295729252,2.634971796937954,14.226430298146658,11.470588235294102,1.5471394037066886,0.06043513295729252,0.0,0.0,0.0,0.0,0.0,0.0,0.0,0.0,0.0,0.0,0.0,0.0,0.0,0.0,0.0,0.0
67000,4388,2320,0.528714676390155,1069,880,0.4441659070191431,1197,0.5455788514129444,0.45,3.0188588007736943,3.222282828684011,6.778966131907309,2.3372484852747055,9350.895695516954,1414.263363903485,7853.0,10747.729968905449,10686.088927555342,17.432246969073788,7853.0,0.0,27.502734731084775,20.841498068670724,32.62588943623427,19.08146329856508,0.14813126709206928,0.10391978122151321,0.08842297174111212,0.09092980856882407,0.07748404740200547,0.07292616226071102,0.06563354603463993,0.06449407474931632,0.05993618960802188,0.05355515041020966,0.04421148587055606,0.040793072014585235,0.033272561531449404,0.022789425706472195,0.015724703737465817,0.010027347310847767,0.007748404740200547,0.9190461733798712,0.022716692440120378,0.0,0.0,0.0,0.0,0.0,0.0,0.0,0.0,0.0,0.0,0.0,0.0,0.0,0.0,0.0,0.0,0.0,0.0,0.0,0.0,0.0,0.0,0.0,0.0,0.0,0.33500455788514133,5.838650865998178,15.72470373746582,7.53418413855971,0.5674567000911578,4.306923625981442,3.0260613007000634,nan,nan,nan,4.276474769012083,3.031632720896381,4.337634408602151,3.0201206025846963,1.01430141480858,0.364,0.02242,0.0,0.0,0.0,0.0,0.0,0.0,0.0,0.0,0.05469462169553328,2.7005469462169556,13.639471285323614,12.019143117593421,1.5656335460346404,0.02051048313582498,0.0,0.0,0.0,0.0,0.0,0.0,0.0,0.0,0.0,0.0,0.0,0.0,0.0,0.0,0.0,0.0,nan,nan,4.306923625981442,3.0260613007000634,nan,0.364,0.1214,0.0,0.0,0.0,0.0,0.0,0.0,0.0,0.0020396536007292617,0.000695077484047402,0.0006381039197812216,0.0016864175022789426,0.007759799453053783,0.005925250683682771,0.008397903372835004,0.0008546034639927074,0.021023245214220602,0.0020738377392889697,0.0033842297174111213,0.003247493163172288,0.01416362807657247,0.008170009115770283,0.044758432087511395,0.0078281677301732,0.011861896080218778,0.017046490428441204,0.03350045578851413,0.020670009115770282,0.037078395624430265,0.03247493163172288,0.024259343664539655,0.00908158614402917,0.023644029170464903,0.022151321786690974,0.0527461257976299,0.03976754785779398,0.043789881494986325,0.0446330902461258,0.06778714676390155,0.02503418413855971,0.015929808568824064,0.017775752051048314,0.010916134913400183,0.012876025524156792,0.022686873290793073,0.020350957155879673,0.041374202370100276,0.023119872379216044,0.033477666362807655,0.022846399270738376,0.011941659070191431,0.01036918869644485,0.0058910665451230625,0.004216043755697356,0.0058226982680036465,0.004443938012762078,0.006244302643573382,0.002221969006381039,0.016055150410209662,0.0008090246125797629,0.016556517775752053,0.014402917046490429,0.006529170464904284,0.016305834092980857,0.006198723792160438,0.00093436645396536,0.007019143117593437,0.002062443026435734,0.0014471285323609845,0.00036463081130355516,0.0006381039197812216,0.0,0.0,0.0,0.0,0.0,0.0,0.0,0.0,0.0,0.0,0.0,0.0,0.0,0.0,0.0,0.0,0.0,0.0,0.0,0.0,0.0,0.0,0.0,0.0,0.0,0.0,0.0,0.0,0.0,0.0,0.0,nan,nan,4.306923625981442,3.0260613007000634,nan,0.9193880767914756,0.022526206480494568,0.0,0.0,0.0,0.0,0.0,0.0,0.0,0.0,0.0,0.0,0.0,0.0,0.0,0.0,0.0,0.0,0.0,0.0,0.0,0.0,0.0,0.0,0.0,0.0,0.0,0.31034482758620696,5.534482758620691,15.905172413793107,7.719827586206898,0.5301724137931035,0.91866260668987,0.02292243803444353,0.0,0.0,0.0,0.0,0.0,0.0,0.0,0.0,0.0,0.0,0.0,0.0,0.0,0.0,0.0,0.0,0.0,0.0,0.0,0.0,0.0,0.0,0.0,0.0,0.0,0.3626692456479691,6.179883945841395,15.52224371373308,7.3259187620889765,0.6092843326885882,0.3643,0.02237,0.0,0.0,0.0,0.0,0.0,0.0,0.0,0.0,0.07758620689655174,2.612068965517242,13.512931034482762,12.232758620689637,1.5387931034482762,0.025862068965517248,0.0,0.0,0.0,0.0,0.0,0.0,0.0,0.0,0.0,0.0,0.0,0.0,0.0,0.0,0.0,0.0,0.3635,0.02248,0.0,0.0,0.0,0.0,0.0,0.0,0.0,0.0,0.02901353965183753,2.7998065764023217,13.781431334622827,11.779497098646017,1.5957446808510642,0.014506769825918765,0.0,0.0,0.0,0.0,0.0,0.0,0.0,0.0,0.0,0.0,0.0,0.0,0.0,0.0,0.0,0.0
67100,4888,2488,0.5090016366612111,1134,1007,0.4380114566284779,1374,0.5621931260229133,0.40199999999999997,2.9445833333333336,3.099706275287314,6.617910447761194,2.1517729845536735,9295.146265936244,1416.467595486714,7853.0,10753.501671791077,10686.28414304516,17.515285870271825,7853.0,0.0,27.709901800327334,20.862698217474982,32.720401174168295,19.141604737664835,0.1407528641571195,0.10372340425531915,0.09328968903436989,0.09165302782324058,0.07733224222585924,0.07283142389525368,0.06751227495908348,0.062193126022913256,0.05523731587561375,0.05360065466448445,0.0484860883797054,0.04193944353518821,0.03375613747954174,0.023527004909983634,0.016775777414075287,0.009819967266775777,0.0075695581014729955,0.9194939022612455,0.022858349856145245,0.0,0.0,0.0,0.0,0.0,0.0,0.0,0.0,0.0,0.0,0.0,0.0,0.0,0.0,0.0,0.0,0.0,0.0,0.0,0.0,0.0,0.0,0.0,0.0,0.0,0.31301145662847796,5.486906710310967,16.061783960720135,7.506137479541736,0.6321603927986909,4.342249436029649,2.872325142422982,nan,nan,nan,4.34968152866242,2.892888803784218,4.334637964774951,2.851091358323993,0.996541456244937,0.365,0.02246,0.0,0.0,0.0,0.0,0.0,0.0,0.0,0.0,0.07978723404255321,2.4795417348608844,13.336743044189856,12.360883797053992,1.7184942716857614,0.02454991816693945,0.0,0.0,0.0,0.0,0.0,0.0,0.0,0.0,0.0,0.0,0.0,0.0,0.0,0.0,0.0,0.0,nan,nan,4.342249436029649,2.872325142422982,nan,0.365,0.1218,0.0,0.0,0.0,0.0,0.0,1.0229132569558102e-05,0.0,0.0014934533551554828,0.00046031096563011457,0.0008387888707037643,0.0012684124386252045,0.006935351882160393,0.006853518821603928,0.008152618657937807,0.0005626022913256956,0.021808510638297873,0.002035597381342062,0.0031505728314238954,0.002935761047463175,0.013226268412438626,0.008756137479541735,0.04592880523731588,0.008439034369885435,0.012295417348608837,0.01917962356792144,0.03226268412438625,0.020448036006546644,0.03599631751227496,0.03302986906710311,0.025010229132569558,0.009308510638297872,0.024335106382978724,0.020233224222585926,0.05226063829787234,0.038840016366612114,0.042747545008183306,0.04292144026186579,0.06328764320785597,0.025675122749590835,0.01632569558101473,0.019271685761047465,0.010515548281505728,0.012745499181669395,0.023936170212765957,0.01993657937806874,0.04219517184942717,0.022340425531914895,0.033224222585924716,0.024007774140752863,0.012694353518821604,0.011630523731587562,0.005400981996726678,0.004531505728314239,0.005738543371522095,0.004705400981996726,0.005687397708674304,0.0021583469721767595,0.01643821603927987,0.0013297872340425532,0.01756342062193126,0.015231178396072013,0.006157937806873977,0.017798690671031098,0.006444353518821604,0.0007876432078559738,0.00667962356792144,0.0019639934533551553,0.0013195581014729951,0.00011252045826513912,0.00043985270049099834,0.0,0.0,0.0,0.0,0.0,0.0,0.0,0.0,0.0,0.0,0.0,0.0,0.0,0.0,0.0,0.0,0.0,0.0,0.0,0.0,0.0,0.0,0.0,0.0,0.0,0.0,0.0,0.0,0.0,0.0,0.0,nan,nan,4.342249436029649,2.872325142422982,nan,0.9194201861786689,0.022497968872935054,0.0,0.0,0.0,0.0,0.0,0.0,0.0,0.0,0.0,0.0,0.0,0.0,0.0,0.0,0.0,0.0,0.0,0.0,0.0,0.0,0.0,0.0,0.0,0.0,0.0,0.3135048231511255,5.450160771704182,16.350482315112544,7.198553054662381,0.6872990353697751,0.9195703212668498,0.023225795502355675,0.0,0.0,0.0,0.0,0.0,0.0,0.0,0.0,0.0,0.0,0.0,0.0,0.0,0.0,0.0,0.0,0.0,0.0,0.0,0.0,0.0,0.0,0.0,0.0,0.0,0.31250000000000006,5.525000000000001,15.762500000000003,7.825000000000002,0.5750000000000001,0.3645,0.02261,0.0,0.0,0.0,0.0,0.0,0.0,0.0,0.0,0.0964630225080386,2.6165594855305474,13.299839228295824,12.178456591639854,1.796623794212219,0.012057877813504826,0.0,0.0,0.0,0.0,0.0,0.0,0.0,0.0,0.0,0.0,0.0,0.0,0.0,0.0,0.0,0.0,0.3652,0.02231,0.0,0.0,0.0,0.0,0.0,0.0,0.0,0.0,0.06250000000000001,2.3375000000000004,13.375000000000004,12.549999999999981,1.6375000000000004,0.037500000000000006,0.0,0.0,0.0,0.0,0.0,0.0,0.0,0.0,0.0,0.0,0.0,0.0,0.0,0.0,0.0,0.0
67200,4809,2463,0.5121646912039926,1173,975,0.44666250779787897,1358,0.5647743813682679,0.41,2.9096334185848254,3.0838552092668157,6.489953632148377,2.1625178162094847,9304.32128705017,1416.4888679835374,7853.0,10752.581773519516,10686.700393594914,17.921057717039762,7853.0,0.0,27.768974838843835,20.780418962009172,32.766633565044685,19.00375384669892,0.14077770846329798,0.10355583281347473,0.09149511332917447,0.08546475358702432,0.08692035766271575,0.07111665626949469,0.07153254314826367,0.055936785194427116,0.054273237679351216,0.05552089831565814,0.04512372634643377,0.04512372634643377,0.034102724059055935,0.029735911831981703,0.01601164483260553,0.008525681014763984,0.0047826991058432106,0.9196061205903615,0.022611925399966485,0.0,0.0,0.0,0.0,0.0,0.0,0.0,0.0,0.0,0.0,0.0,0.0,0.0,0.0,0.0,0.0,0.0,0.0,0.0,0.0,0.0,0.0,0.0,0.0,0.006238303181534624,0.34934497816593896,5.389893948845915,16.04491578290705,7.641921397379914,0.5676855895196508,4.26797807158981,2.8873457761845644,nan,nan,nan,4.321520618556701,2.8745866143122427,4.214331826985152,2.899081779950977,0.9751965104340174,0.3652,0.02232,0.0,0.0,0.0,0.0,0.0,0.0,0.0,0.0,0.03119151590767312,2.220835932626326,13.686837180286965,12.258265751715514,1.7966313162819716,0.006238303181534624,0.0,0.0,0.0,0.0,0.0,0.0,0.0,0.0,0.0,0.0,0.0,0.0,0.0,0.0,0.0,0.0,nan,nan,4.26797807158981,2.8873457761845644,nan,0.3652,0.12213,0.0,0.0,0.0,0.0,0.0,0.0,0.0,0.0009877313370763151,0.00033270950301517984,0.0008525681014763984,0.0014348097317529631,0.0067165730921189435,0.0076731129132875855,0.007433977957995426,0.0005926388022457892,0.022249948014140153,0.0023393636930754834,0.0035662299854439593,0.0033166978581825744,0.013017259305468912,0.009710958619255562,0.048066126013724265,0.007569141193595342,0.011291328758577667,0.019650655021834062,0.032345601996257016,0.01981700977334165,0.03340611353711791,0.03590143480973175,0.023320856726970263,0.009523809523809525,0.022936161364108962,0.0186005406529424,0.05280723643169058,0.03936369307548347,0.043491370347265544,0.039301310043668124,0.063994593470576,0.025795383655645664,0.015855687253067165,0.02036805988771054,0.011696818465377417,0.013287585776668746,0.02383031815346226,0.019234768143065087,0.0405281763360366,0.02338323975878561,0.03164899147431899,0.023965481389062175,0.014171345394052818,0.012715741318361406,0.005416926595965897,0.004980245373258474,0.006134331461842379,0.004689124558120191,0.0053337492202121025,0.002100228737783323,0.017883135787065917,0.000925348305260969,0.01752963194011229,0.014899147431898524,0.00644624662091911,0.019588271990018714,0.006227906009565398,0.0005510501143688916,0.005437720939904346,0.0017779164067373674,0.0015387814514452069,0.00015595757953836556,0.0002911208151382824,0.0,0.0,0.0,0.0,0.0,0.0,0.0,0.0,0.0,0.0,0.0,0.0,0.0,0.0,0.0,0.0,0.0,0.0,0.0,0.0,0.0,0.0,0.0,0.0,0.0,0.0,0.0,0.0,0.0,0.0,0.0,nan,nan,4.26797807158981,2.8873457761845644,nan,0.9193469576123183,0.022860034473851022,0.0,0.0,0.0,0.0,0.0,0.0,0.0,0.0,0.0,0.0,0.0,0.0,0.0,0.0,0.0,0.0,0.0,0.0,0.0,0.0,0.0,0.0,0.0,0.0,0.012180267965895252,0.30450669914738127,5.578562728380025,16.017052375152257,7.429963459196104,0.6577344701583436,0.9198782085762609,0.022345244681050168,0.0,0.0,0.0,0.0,0.0,0.0,0.0,0.0,0.0,0.0,0.0,0.0,0.0,0.0,0.0,0.0,0.0,0.0,0.0,0.0,0.0,0.0,0.0,0.0,0.0,0.39641943734015356,5.191815856777494,16.074168797953966,7.864450127877239,0.473145780051151,0.3652,0.02249,0.0,0.0,0.0,0.0,0.0,0.0,0.0,0.0,0.06090133982947626,2.2533495736906217,13.288672350791721,12.57003654080388,1.8270401948842878,0.0,0.0,0.0,0.0,0.0,0.0,0.0,0.0,0.0,0.0,0.0,0.0,0.0,0.0,0.0,0.0,0.0,0.365,0.02214,0.0,0.0,0.0,0.0,0.0,0.0,0.0,0.0,0.0,2.1867007672634275,14.104859335038366,11.930946291560085,1.7647058823529416,0.012787723785166244,0.0,0.0,0.0,0.0,0.0,0.0,0.0,0.0,0.0,0.0,0.0,0.0,0.0,0.0,0.0,0.0
67300,4720,2404,0.5093220338983051,1127,1006,0.45190677966101694,1364,0.5779661016949152,0.40599999999999997,2.9317789291882557,3.0561258925295482,6.486571879936809,2.10773639314055,9296.524488866227,1416.9145239449315,7853.0,10744.505437850952,10687.207815078451,17.7976243321101,7853.0,0.0,27.934957627118646,20.92200524299798,32.97823886639676,19.127410333032696,0.1419491525423729,0.09576271186440678,0.08919491525423728,0.09279661016949152,0.0847457627118644,0.07245762711864406,0.06758474576271187,0.06694915254237288,0.05805084745762712,0.050423728813559325,0.041101694915254235,0.04152542372881356,0.034957627118644065,0.028389830508474576,0.01673728813559322,0.01059322033898305,0.006779661016949152,0.9196834418859522,0.023049823817852106,0.0,0.0,0.0,0.0,0.0,0.0,0.0,0.0,0.0,0.0,0.0,0.0,0.0,0.0,0.0,0.0,0.0,0.0,0.0,0.0,0.0,0.0,0.0,0.0,0.0,0.34322033898305093,5.485169491525426,15.86440677966102,7.6588983050847474,0.6483050847457628,4.246905537459283,2.8549542973464153,nan,nan,nan,4.227037516170763,2.8511260379423597,4.267060367454068,2.8586914979314,1.0094682981000749,0.365,0.02248,0.0,0.0,0.0,0.0,0.0,0.0,0.0,0.0,0.050847457627118654,2.370762711864407,13.531779661016952,12.197033898305067,1.8305084745762716,0.019067796610169496,0.0,0.0,0.0,0.0,0.0,0.0,0.0,0.0,0.0,0.0,0.0,0.0,0.0,0.0,0.0,0.0,nan,nan,4.246905537459283,2.8549542973464153,nan,0.365,0.1222,0.0,0.0,0.0,0.0,0.0,0.0,0.0,0.0009957627118644067,0.0007838983050847458,0.000826271186440678,0.0017161016949152543,0.007097457627118644,0.007764830508474576,0.006451271186440678,0.0008050847457627119,0.02208686440677966,0.0025953389830508473,0.004163135593220339,0.004459745762711864,0.013675847457627118,0.008580508474576271,0.04551906779661017,0.007521186440677966,0.010338983050847458,0.020540254237288134,0.03420550847457627,0.01854872881355932,0.03465042372881356,0.035296610169491524,0.023209745762711863,0.00875,0.022934322033898304,0.020540254237288134,0.05175847457627119,0.038283898305084746,0.0436228813559322,0.03965042372881356,0.06588983050847458,0.02375,0.0169385593220339,0.021197033898305084,0.013061440677966102,0.013103813559322034,0.024533898305084744,0.01978813559322034,0.03985169491525424,0.02433262711864407,0.029788135593220338,0.021610169491525423,0.013114406779661017,0.013294491525423729,0.006472457627118644,0.005010593220338983,0.005317796610169492,0.004396186440677966,0.004565677966101695,0.0019385593220338983,0.01698093220338983,0.0010063559322033898,0.017997881355932204,0.01677966101694915,0.005858050847457627,0.02114406779661017,0.005773305084745763,0.00040254237288135593,0.005360169491525423,0.0016207627118644068,0.0012817796610169491,0.00028601694915254236,0.00018008474576271187,0.0,0.0,0.0,0.0,0.0,0.0,0.0,0.0,0.0,0.0,0.0,0.0,0.0,0.0,0.0,0.0,0.0,0.0,0.0,0.0,0.0,0.0,0.0,0.0,0.0,0.0,0.0,0.0,0.0,0.0,0.0,nan,nan,4.246905537459283,2.8549542973464153,nan,0.9198893473271323,0.022966514266564368,0.0,0.0,0.0,0.0,0.0,0.0,0.0,0.0,0.0,0.0,0.0,0.0,0.0,0.0,0.0,0.0,0.0,0.0,0.0,0.0,0.0,0.0,0.0,0.0,0.0,0.2995008319467555,5.391014975041599,16.148086522462567,7.462562396006657,0.6988352745424294,0.9194697127492523,0.023134043182109137,0.0,0.0,0.0,0.0,0.0,0.0,0.0,0.0,0.0,0.0,0.0,0.0,0.0,0.0,0.0,0.0,0.0,0.0,0.0,0.0,0.0,0.0,0.0,0.0,0.0,0.38860103626943016,5.582901554404146,15.569948186528501,7.862694300518136,0.5958549222797929,0.3657,0.0225,0.0,0.0,0.0,0.0,0.0,0.0,0.0,0.0,0.012479201331114811,2.2587354409317806,13.190515806988357,12.591514143094823,1.909317803660566,0.037437603993344434,0.0,0.0,0.0,0.0,0.0,0.0,0.0,0.0,0.0,0.0,0.0,0.0,0.0,0.0,0.0,0.0,0.364,0.02243,0.0,0.0,0.0,0.0,0.0,0.0,0.0,0.0,0.09067357512953371,2.4870466321243527,13.886010362694304,11.787564766839361,1.7487046632124357,0.0,0.0,0.0,0.0,0.0,0.0,0.0,0.0,0.0,0.0,0.0,0.0,0.0,0.0,0.0,0.0,0.0
67400,4795,2486,0.5184567257559959,1143,983,0.44337851929092803,1348,0.562252346193952,0.39399999999999996,2.9333044608055436,3.000485660628619,6.355521936459909,2.1080683362585133,9322.284507783983,1416.070620632427,7853.0,10745.197359323502,10686.957849889059,17.709563503374934,7853.0,0.0,28.099687174139728,21.02053392798262,33.22840738891662,19.193824461622803,0.1424400417101147,0.10093847758081334,0.09197080291970802,0.08050052137643378,0.08175182481751825,0.07069864442127216,0.06944734098018769,0.06569343065693431,0.059854014598540145,0.05005213764337852,0.04629822732012513,0.04316996871741397,0.03587069864442127,0.026277372262773723,0.018561001042752868,0.00959332638164755,0.0068821689259645465,0.9205800034579694,0.023258281930405283,0.0,0.0,0.0,0.0,0.0,0.0,0.0,0.0,0.0,0.0,0.0,0.0,0.0,0.0,0.0,0.0,0.0,0.0,0.0,0.0,0.0,0.0,0.0,0.0,0.0,0.3378519290928051,5.167883211678833,15.91032325338895,7.801876955161628,0.7820646506777895,4.192084942084942,2.809956860483521,nan,nan,nan,4.146675358539765,2.8279659055912965,4.235855054036872,2.7924038473387256,1.0215063123553783,0.3647,0.02283,0.0,0.0,0.0,0.0,0.0,0.0,0.0,0.0,0.018769551616266946,2.6527632950990623,13.163712200208554,12.375391032325322,1.7580813347236708,0.03128258602711158,0.0,0.0,0.0,0.0,0.0,0.0,0.0,0.0,0.0,0.0,0.0,0.0,0.0,0.0,0.0,0.0,nan,nan,4.192084942084942,2.809956860483521,nan,0.3647,0.1216,0.0,0.0,0.0,0.0,0.0,3.128258602711157e-05,8.342022940563087e-05,0.001178310740354536,0.0008342022940563086,0.0005109489051094891,0.001835245046923879,0.007111574556830032,0.007424400417101147,0.006986444212721585,0.000802919708029197,0.022095933263816474,0.002116788321167883,0.004233576642335766,0.004066736183524505,0.013670490093847758,0.008748696558915537,0.04313868613138686,0.0075912408759124085,0.010656934306569343,0.020990615224191867,0.03386861313868613,0.01956204379562044,0.0340458811261731,0.03462982273201251,0.024327424400417103,0.010782064650677789,0.022294056308654848,0.018446298227320124,0.04986444212721585,0.035693430656934304,0.04529718456725756,0.04295099061522419,0.06419186652763295,0.02605839416058394,0.019092805005213764,0.02329509906152242,0.012586027111574557,0.013753910323253389,0.02558915537017727,0.018925964546402503,0.03786235662148071,0.023889468196037537,0.029530761209593328,0.01981230448383733,0.014264859228362878,0.013628779979144943,0.0062043795620437955,0.004932221063607925,0.005828988529718457,0.004661105318039625,0.0051720542231491135,0.001762252346193952,0.017518248175182483,0.0013555787278415016,0.017956204379562045,0.018018769551616267,0.004796663190823775,0.018925964546402503,0.005766423357664234,0.0005630865484880083,0.004244004171011471,0.0019499478623566215,0.001178310740354536,0.0004275286757038582,0.0003753910323253389,0.0,0.0,0.0,1.0427528675703859e-05,0.0,0.0,0.0,0.0,0.0,0.0,0.0,0.0,0.0,0.0,0.0,0.0,0.0,0.0,0.0,0.0,0.0,0.0,0.0,0.0,0.0,0.0,0.0,0.0,0.0,0.0,0.0,nan,nan,4.192084942084942,2.809956860483521,nan,0.9202920169669203,0.02322117980618542,0.0,0.0,0.0,0.0,0.0,0.0,0.0,0.0,0.0,0.0,0.0,0.0,0.0,0.0,0.0,0.0,0.0,0.0,0.0,0.0,0.0,0.0,0.0,0.0,0.0,0.3740949316170556,5.201126307320999,16.14641995172969,7.493966210780371,0.7843925985518908,0.920890066003118,0.023294182229393303,0.0,0.0,0.0,0.0,0.0,0.0,0.0,0.0,0.0,0.0,0.0,0.0,0.0,0.0,0.0,0.0,0.0,0.0,0.0,0.0,0.0,0.0,0.0,0.0,0.0,0.2988306626245128,5.132091814638373,15.65612819402339,8.133391078388915,0.7795582503248162,0.3647,0.02258,0.0,0.0,0.0,0.0,0.0,0.0,0.0,0.0,0.024135156878519717,2.6186645213193893,12.984714400643607,12.707160096540608,1.6532582461786005,0.012067578439259858,0.0,0.0,0.0,0.0,0.0,0.0,0.0,0.0,0.0,0.0,0.0,0.0,0.0,0.0,0.0,0.0,0.365,0.02307,0.0,0.0,0.0,0.0,0.0,0.0,0.0,0.0,0.012992637505413601,2.6894759636206156,13.356431355565183,12.018189692507562,1.8709398007795586,0.051970550021654405,0.0,0.0,0.0,0.0,0.0,0.0,0.0,0.0,0.0,0.0,0.0,0.0,0.0,0.0,0.0,0.0
67500,4701,2480,0.5275473303552436,1155,958,0.44947883429057645,1319,0.5611572005956179,0.39799999999999996,2.9013957676722195,3.079715751480086,6.640599001663894,2.1701228656105913,9348.293781288683,1415.119199304914,7853.0,10748.113738656044,10687.425832999234,17.766471139289752,7853.0,0.0,27.814294830887047,20.636958147046197,32.60610648498612,18.929368777835496,0.135503084450117,0.09763880025526483,0.09551159327802596,0.08806636885768986,0.08657732397362264,0.07849393746011486,0.06892150606253988,0.06466709210806211,0.05254201233780047,0.05105296745373325,0.0538183365241438,0.037013401403956606,0.031269942565411615,0.024462880238247182,0.018081259306530525,0.010423314188470539,0.005956179536268879,0.92044932828054,0.023199594641345255,0.0,0.0,0.0,0.0,0.0,0.0,0.0,0.0,0.0,0.0,0.0,0.0,0.0,0.0,0.0,0.0,0.0,0.0,0.0,0.0,0.0,0.0,0.0,0.0,0.006381620931716657,0.28717294192724957,5.373324824505426,15.800893426930443,7.791959157626039,0.7402680280791323,4.174728529121421,2.9482885064314543,nan,nan,nan,4.161502966381015,2.989702363056931,4.1879106438896185,2.906363668552415,1.00634570676074,0.365,0.0223,0.0,0.0,0.0,0.0,0.0,0.0,0.0,0.0,0.019144862795149972,2.380344607530313,13.305679642629231,12.48245054243776,1.7932354818123808,0.019144862795149972,0.0,0.0,0.0,0.0,0.0,0.0,0.0,0.0,0.0,0.0,0.0,0.0,0.0,0.0,0.0,0.0,nan,nan,4.174728529121421,2.9482885064314543,nan,0.365,0.12177,0.0,0.0,0.0,0.0,0.0,0.0,0.00019144862795149968,0.0008615188257817486,0.0007657945118059987,0.0004041693256753882,0.0016060412678153585,0.00790257392044246,0.008008934269304404,0.007636673048287598,0.0005956179536268879,0.020825356307168686,0.002637736651776218,0.005041480536056158,0.0041586896405020205,0.014348011061476281,0.00799829823441821,0.04114018293980004,0.008391831525207403,0.010561582641991066,0.021314613911933632,0.034801106147628165,0.018698149329929803,0.03457774941501808,0.03347160178685386,0.024718145075515847,0.01194426717719634,0.022335673261008295,0.01643267389917039,0.05073388640714742,0.03238672622846203,0.046351840034035315,0.042118698149329926,0.0643267389917039,0.02477132524994682,0.02051691129546905,0.023420548819400127,0.013039778770474367,0.016071048713039778,0.02532439906402893,0.017528185492448414,0.040299936183790686,0.023750265900872154,0.02889810678579026,0.02051691129546905,0.012699425654116145,0.014667092108062114,0.005530738140821102,0.004488406721974048,0.006243352478196128,0.004499042756860243,0.005030844501169964,0.002361199744735163,0.016953839608593917,0.0014784088491810253,0.01941076366730483,0.016783663050414805,0.004509678791746437,0.019325675388215273,0.005626462454796852,0.0003509891512444161,0.0046160391406083814,0.0021591150818974685,0.0012869602212295256,0.0003084450116996384,0.0002446288023824718,0.0,0.0,0.0,0.0,0.0,0.0,0.0,0.0,0.0,0.0,0.0,0.0,0.0,0.0,0.0,0.0,0.0,0.0,0.0,0.0,0.0,0.0,0.0,0.0,0.0,0.0,0.0,0.0,0.0,0.0,0.0,nan,nan,4.174728529121421,2.9482885064314543,nan,0.9207024530537666,0.023161449753442736,0.0,0.0,0.0,0.0,0.0,0.0,0.0,0.0,0.0,0.0,0.0,0.0,0.0,0.0,0.0,0.0,0.0,0.0,0.0,0.0,0.0,0.0,0.0,0.0,0.01209677419354839,0.24193548387096778,5.274193548387098,15.737903225806454,8.020161290322582,0.713709677419355,0.9201666855801338,0.02323885587407782,0.0,0.0,0.0,0.0,0.0,0.0,0.0,0.0,0.0,0.0,0.0,0.0,0.0,0.0,0.0,0.0,0.0,0.0,0.0,0.0,0.0,0.0,0.0,0.0,0.0,0.3376857271499325,5.484016208914904,15.871229176046828,7.537145429986494,0.7699234579018462,0.3652,0.02196,0.0,0.0,0.0,0.0,0.0,0.0,0.0,0.0,0.0,2.2500000000000004,13.233870967741938,12.858870967741916,1.6572580645161294,0.0,0.0,0.0,0.0,0.0,0.0,0.0,0.0,0.0,0.0,0.0,0.0,0.0,0.0,0.0,0.0,0.0,0.3647,0.02266,0.0,0.0,0.0,0.0,0.0,0.0,0.0,0.0,0.0405222872579919,2.5258892390814953,13.385862224223326,12.06213417379557,1.9450697883836114,0.0405222872579919,0.0,0.0,0.0,0.0,0.0,0.0,0.0,0.0,0.0,0.0,0.0,0.0,0.0,0.0,0.0,0.0
67600,4535,2308,0.5089305402425579,1114,915,0.4474090407938258,1254,0.55303197353914,0.426,2.9712617871576112,3.203623955087749,6.799325463743676,2.2308279039196197,9295.348465553008,1416.872647738041,7853.0,10761.24291062355,10687.077249256019,18.288642955603873,7853.0,0.0,27.386769570011026,20.755125062401884,32.41966173361522,19.044231765076255,0.1439911797133407,0.10562293274531422,0.09503858875413451,0.0846747519294377,0.08158765159867695,0.07386990077177508,0.07034178610804852,0.06350606394707828,0.05689084895259096,0.05226019845644984,0.04564498346196252,0.03484013230429989,0.03263506063947078,0.023594266813671445,0.018302094818081587,0.011245865490628445,0.005953693495038589,0.9204792709834257,0.022830073036486955,0.0,0.0,0.0,0.0,0.0,0.0,0.0,0.0,0.0,0.0,0.0,0.0,0.0,0.0,0.0,0.0,0.0,0.0,0.0,0.0,0.0,0.0,0.0,0.0,0.0,0.3042998897464168,5.133406835722162,16.266813671444325,7.620727673649395,0.6747519294377068,4.394645340751043,3.002842738573478,nan,nan,nan,4.3081761006289305,2.956840053581131,4.480609418282548,3.046324821726679,1.0400246678933216,0.3647,0.02255,0.0,0.0,0.0,0.0,0.0,0.0,0.0,0.0,0.019845644983461967,2.3947078280044107,13.653803748621833,12.10584343991178,1.805953693495039,0.019845644983461967,0.0,0.0,0.0,0.0,0.0,0.0,0.0,0.0,0.0,0.0,0.0,0.0,0.0,0.0,0.0,0.0,nan,nan,4.394645340751043,3.002842738573478,nan,0.3647,0.1212,0.0,0.0,0.0,0.0,0.0,0.0,0.0002866593164277839,0.0007166482910694597,0.0008379272326350607,0.00037486218302094817,0.001587651598676957,0.009636163175303197,0.00711135611907387,0.007331863285556781,0.0005402425578831312,0.019327453142227124,0.0022822491730981258,0.004377067254685777,0.003737596471885336,0.013450937155457553,0.006604189636163175,0.044531422271223815,0.008654906284454245,0.009525909592061742,0.02117971334068357,0.03490628445424476,0.022083792723263506,0.03572216097023153,0.031620727673649394,0.024366041896361632,0.012943770672546857,0.021488423373759648,0.016229327453142227,0.0537045203969129,0.030187431091510473,0.045104740904079385,0.04577728776185226,0.06368246968026461,0.02444321940463065,0.019272326350606394,0.023869900771775084,0.01328555678059537,0.01607497243660419,0.025226019845644983,0.01557883131201764,0.03988974641675855,0.024983461962513782,0.02858875413450937,0.02155457552370452,0.01192943770672547,0.015600882028665932,0.005424476295479603,0.005314222712238147,0.006141124586549063,0.004685777287761852,0.005203969128996693,0.0026901874310915103,0.01631753031973539,0.0016207276736493936,0.018081587651598677,0.016284454244762953,0.0045314222712238145,0.019669239250275635,0.004917309812568909,0.000330760749724366,0.004255788313120176,0.0022601984564498347,0.0013120176405733187,0.0003858875413450937,0.00036383682469680263,0.0,0.0,0.0,0.0,0.0,0.0,0.0,0.0,0.0,0.0,0.0,0.0,0.0,0.0,0.0,0.0,0.0,0.0,0.0,0.0,0.0,0.0,0.0,0.0,0.0,0.0,0.0,0.0,0.0,0.0,0.0,nan,nan,4.394645340751043,3.002842738573478,nan,0.9210005300813573,0.02314168591518106,0.0,0.0,0.0,0.0,0.0,0.0,0.0,0.0,0.0,0.0,0.0,0.0,0.0,0.0,0.0,0.0,0.0,0.0,0.0,0.0,0.0,0.0,0.0,0.0,0.0,0.33795493934142123,4.900346620450607,16.104852686308494,7.8769497400346635,0.7798960138648182,0.9199390527535084,0.02248982821178442,0.0,0.0,0.0,0.0,0.0,0.0,0.0,0.0,0.0,0.0,0.0,0.0,0.0,0.0,0.0,0.0,0.0,0.0,0.0,0.0,0.0,0.0,0.0,0.0,0.0,0.26942074539739563,5.3749438706780435,16.434665469241136,7.355186349348902,0.5657835653345309,0.3643,0.02289,0.0,0.0,0.0,0.0,0.0,0.0,0.0,0.0,0.01299826689774697,2.560658578856153,13.791161178509535,11.776429809358735,1.8327556325823227,0.02599653379549394,0.0,0.0,0.0,0.0,0.0,0.0,0.0,0.0,0.0,0.0,0.0,0.0,0.0,0.0,0.0,0.0,0.365,0.0222,0.0,0.0,0.0,0.0,0.0,0.0,0.0,0.0,0.026942074539739565,2.222721149528514,13.511450381679392,12.447238437359658,1.7781769196228114,0.013471037269869783,0.0,0.0,0.0,0.0,0.0,0.0,0.0,0.0,0.0,0.0,0.0,0.0,0.0,0.0,0.0,0.0
67700,4629,2399,0.5182544826096349,1116,931,0.44221214085115573,1272,0.5495787427090084,0.418,2.904932735426009,3.0273673788617983,6.474878444084279,2.0384714042481162,9321.717839275589,1416.098872214891,7853.0,10743.582369565964,10686.970353483408,17.858949186007692,7853.0,0.0,27.979261179520414,20.913487246675473,32.90976863753213,19.1726382852065,0.13912292071721755,0.10110174983797797,0.09634910347807302,0.08252322315834953,0.07604234175847915,0.07798660617844026,0.07085763663858284,0.06459278461870814,0.05551955065888961,0.05119896305897602,0.04579822855908403,0.04363793475912724,0.03305249513933895,0.027435731259451285,0.01771440915964571,0.010369410239792612,0.006696910779866062,0.9197616220988474,0.02307547184222407,0.0,0.0,0.0,0.0,0.0,0.0,0.0,0.0,0.0,0.0,0.0,0.0,0.0,0.0,0.0,0.0,0.0,0.0,0.0,0.0,0.0,0.0,0.0,0.0,0.0,0.29163966299416727,5.638366817887234,15.670771224886588,7.6798444588464045,0.7193778353856126,4.229734275142953,2.7875854891089777,nan,nan,nan,4.174932975871314,2.764353534676176,4.284942606347062,2.8097152544378265,1.026350035105124,0.3657,0.02245,0.0,0.0,0.0,0.0,0.0,0.0,0.0,0.0,0.058327932598833454,2.0738820479585227,13.50615683732988,12.456254050550857,1.8276085547634482,0.0777705767984446,0.0,0.0,0.0,0.0,0.0,0.0,0.0,0.0,0.0,0.0,0.0,0.0,0.0,0.0,0.0,0.0,nan,nan,4.229734275142953,2.7875854891089777,nan,0.366,0.11993,0.0,0.0,0.0,0.0,0.0,0.0,0.0003888528839922229,0.0007993087059840139,0.0004212572909915749,0.0005400734499891985,0.0013933895009721321,0.008641175199827177,0.006707712248865846,0.004763447828904731,0.0006372866709872543,0.020166342622596672,0.0019874702959602505,0.004018146467919637,0.0041909699719161805,0.013210196586735796,0.005865197666882696,0.04264419961114711,0.00886800604882264,0.00908403542881832,0.021667746813566646,0.03620652408727587,0.022283430546554333,0.03556923741628862,0.03173471592136531,0.02307193778353856,0.01291855692374163,0.024011665586519768,0.016850291639662993,0.05075610282998488,0.030416936703391663,0.04549578742709008,0.047018794556059625,0.06638582847267228,0.024886584575502267,0.018448909051631022,0.023601209764527977,0.013091380427738173,0.016223806437675525,0.025307841866493843,0.015521710952689565,0.03785914884424282,0.02728451069345431,0.03022251026139555,0.021700151220565997,0.012734931950745302,0.015305681572693887,0.005562756534888745,0.005454741844890905,0.006146035860877079,0.004288183192914237,0.005379131561892418,0.0032080362929358393,0.018027651760639446,0.0016850291639662995,0.018351695830632966,0.015327284510693455,0.004082955281918341,0.018222078202635557,0.004266580254914668,0.000367249945992655,0.00435299200691294,0.0017282350399654353,0.0015446100669691079,0.0005616763879887664,0.0005400734499891985,0.0,0.0,0.0,0.0,0.0,0.0,0.0,0.0,0.0,0.0,0.0,0.0,0.0,0.0,0.0,0.0,0.0,0.0,0.0,0.0,0.0,0.0,0.0,0.0,0.0,0.0,0.0,0.0,0.0,0.0,0.0,nan,nan,4.229734275142953,2.7875854891089777,nan,0.9194786636568,0.023100006785214098,0.0,0.0,0.0,0.0,0.0,0.0,0.0,0.0,0.0,0.0,0.0,0.0,0.0,0.0,0.0,0.0,0.0,0.0,0.0,0.0,0.0,0.0,0.0,0.0,0.0,0.27511463109629014,5.864943726552732,15.343893288870365,7.7907461442267625,0.7253022092538559,0.9200660244766372,0.02304516948219694,0.0,0.0,0.0,0.0,0.0,0.0,0.0,0.0,0.0,0.0,0.0,0.0,0.0,0.0,0.0,0.0,0.0,0.0,0.0,0.0,0.0,0.0,0.0,0.0,0.0,0.30941704035874446,5.394618834080719,16.02242152466368,7.56053811659193,0.7130044843049329,0.3657,0.02254,0.0,0.0,0.0,0.0,0.0,0.0,0.0,0.0,0.07503126302626095,2.08837015423093,13.530637765735726,12.40516882034179,1.8257607336390167,0.07503126302626095,0.0,0.0,0.0,0.0,0.0,0.0,0.0,0.0,0.0,0.0,0.0,0.0,0.0,0.0,0.0,0.0,0.366,0.02237,0.0,0.0,0.0,0.0,0.0,0.0,0.0,0.0,0.04035874439461884,2.058295964125561,13.479820627802694,12.511210762331821,1.8295964125560542,0.08071748878923768,0.0,0.0,0.0,0.0,0.0,0.0,0.0,0.0,0.0,0.0,0.0,0.0,0.0,0.0,0.0,0.0
67800,4837,2499,0.516642547033285,1209,996,0.4558610709117221,1375,0.5685342154227827,0.40199999999999997,2.934131736526946,3.053266511992172,6.51063829787234,2.0703528662409503,9317.61821416488,1416.7074281172245,7853.0,10749.463900208473,10687.87727167488,17.24044184670069,7853.0,0.0,28.438701674591687,21.00751056931131,33.35400833537632,19.198418230558964,0.13913582799255736,0.09530700847632831,0.091792433326442,0.08393632416787265,0.0787678313003928,0.07732065329749845,0.06532974984494522,0.0657432292743436,0.05871407897457102,0.05892081868927021,0.048170353524912134,0.03845358693405003,0.034318792640066154,0.025842464337399215,0.02067397146991937,0.009923506305561299,0.007649369443870168,0.9204563955543996,0.02317532397437936,0.0,0.0,0.0,0.0,0.0,0.0,0.0,0.0,0.0,0.0,0.0,0.0,0.0,0.0,0.0,0.0,0.0,0.0,0.0,0.0,0.0,0.0,0.0,0.0,0.006202191440975813,0.26669423196195996,5.563365722555305,15.548893942526362,7.845772172834403,0.7690717386810008,4.182449494949495,2.8680220650530326,nan,nan,nan,4.1393129770992365,2.7883904239719124,4.225078369905956,2.9446510525772602,1.020719716842195,0.3662,0.02223,0.0,0.0,0.0,0.0,0.0,0.0,0.0,0.0,0.024808765763903253,1.9909034525532359,13.185859003514578,12.78271655985113,1.9909034525532359,0.024808765763903253,0.0,0.0,0.0,0.0,0.0,0.0,0.0,0.0,0.0,0.0,0.0,0.0,0.0,0.0,0.0,0.0,nan,nan,4.182449494949495,2.8680220650530326,nan,0.3662,0.1193,0.0,0.0,0.0,0.0,0.0,0.0,0.000527186272482944,0.0006719040727723796,0.0005892081868927021,0.00038246847219350837,0.00131279718833988,0.008279925573702709,0.005065123010130246,0.003359520363861898,0.0004961753152780649,0.019898697539797394,0.002212114947281373,0.004155468265453793,0.005809385983047343,0.012745503411205292,0.005799048997312384,0.04272276204258838,0.00788712011577424,0.008703741988836056,0.02238991110192268,0.039084143063882575,0.021780028943560056,0.03284060367996692,0.03162083936324168,0.023526979532768246,0.01412032251395493,0.024116187719660946,0.019350837295844532,0.051819309489352906,0.030318379160636757,0.04824271242505685,0.04697126317965681,0.06547446764523465,0.02373371924746744,0.015205706016125697,0.023754393218937356,0.013334711598097994,0.01616704568947695,0.026473020467231757,0.015247053959065537,0.037750671904072775,0.026193921852387843,0.03138308869133761,0.02066363448418441,0.011877196609468678,0.015391771759354972,0.00461029563779202,0.0045896216663221,0.00690510647095307,0.004961753152780649,0.004796361381021294,0.004196816208393632,0.01775894149266074,0.002212114947281373,0.01908207566673558,0.016218730618151746,0.004568947694852181,0.019629935910688442,0.00329749844945214,0.00046516435807318586,0.0037936737647302045,0.00131279718833988,0.0012921232168699606,0.00040314244366342777,0.00045482737233822616,0.0,0.0,0.0,0.0,0.0,0.0,0.0,0.0,0.0,0.0,0.0,0.0,0.0,0.0,0.0,0.0,0.0,0.0,0.0,0.0,0.0,0.0,0.0,0.0,0.0,0.0,0.0,0.0,0.0,0.0,0.0,nan,nan,4.182449494949495,2.8680220650530326,nan,0.9202828077899785,0.022826798168208096,0.0,0.0,0.0,0.0,0.0,0.0,0.0,0.0,0.0,0.0,0.0,0.0,0.0,0.0,0.0,0.0,0.0,0.0,0.0,0.0,0.0,0.0,0.0,0.0,0.01200480192076831,0.2761104441776711,5.390156062424971,16.026410564225692,7.539015606242499,0.7563025210084036,0.9206419369672689,0.023540730628059486,0.0,0.0,0.0,0.0,0.0,0.0,0.0,0.0,0.0,0.0,0.0,0.0,0.0,0.0,0.0,0.0,0.0,0.0,0.0,0.0,0.0,0.0,0.0,0.0,0.0,0.2566295979469633,5.748502994011978,15.038494439692048,8.17365269461078,0.782720273738238,0.3665,0.0222,0.0,0.0,0.0,0.0,0.0,0.0,0.0,0.0,0.03601440576230493,1.8847539015606247,13.157262905162067,12.809123649459766,2.0768307322929176,0.03601440576230493,0.0,0.0,0.0,0.0,0.0,0.0,0.0,0.0,0.0,0.0,0.0,0.0,0.0,0.0,0.0,0.0,0.3662,0.02228,0.0,0.0,0.0,0.0,0.0,0.0,0.0,0.0,0.012831479897348164,2.1043627031650987,13.21642429426861,12.754491017964053,1.899059024807528,0.012831479897348164,0.0,0.0,0.0,0.0,0.0,0.0,0.0,0.0,0.0,0.0,0.0,0.0,0.0,0.0,0.0,0.0
67900,4868,2452,0.5036976170912079,1108,1030,0.4391947411668036,1371,0.5632703368940016,0.39399999999999996,2.941639072847682,3.0935183192581706,6.607558139534884,2.0854007679337956,9281.68058697016,1418.2087041721115,7853.0,10754.396375060081,10689.38543938448,17.560948990642103,7853.0,0.0,27.55176663927691,20.8160545126566,32.47892156862745,19.142231998798085,0.142974527526705,0.10230073952341824,0.09387838948233361,0.09059161873459326,0.08216926869350863,0.07518488085456039,0.06450287592440428,0.05957271980279376,0.05957271980279376,0.05382087099424815,0.044576828266228434,0.03944124897288414,0.03348397699260477,0.02506162695152013,0.014790468364831553,0.01047658175842235,0.0076006573541495485,0.9217237535689635,0.022944374497885726,0.0,0.0,0.0,0.0,0.0,0.0,0.0,0.0,0.0,0.0,0.0,0.0,0.0,0.0,0.0,0.0,0.0,0.0,0.0,0.0,0.0,0.0,0.0,0.0,0.0,0.23418241577649965,4.862366474938374,15.714872637633528,8.30115036976171,0.8874281018898934,4.305134000645786,2.880722582806714,nan,nan,nan,4.312621359223301,2.8345994372926433,4.297680412371134,2.9258965990227725,0.9965355301085701,0.3677,0.02168,0.0,0.0,0.0,0.0,0.0,0.0,0.0,0.0,0.04313886606409204,1.5838126540673791,12.769104354971244,13.545603944124876,2.027526705012326,0.030813475760065743,0.0,0.0,0.0,0.0,0.0,0.0,0.0,0.0,0.0,0.0,0.0,0.0,0.0,0.0,0.0,0.0,nan,nan,4.305134000645786,2.880722582806714,nan,0.3677,0.1193,0.0,0.0,0.0,0.0,0.0,0.0,0.0004724732949876746,0.0005546425636811833,0.0001848808545603944,0.00013352506162695151,0.0013455217748562039,0.007107641741988496,0.0047350041084634345,0.004026294165981922,0.000513557929334429,0.02009038619556286,0.002198027937551356,0.0040468364831553,0.00592645850451931,0.012109695973705833,0.005505341002465078,0.04239934264585045,0.008648315529991783,0.008853738701725554,0.021795398520953163,0.037315119145439606,0.022576006573541495,0.034213229252259655,0.03235414954806902,0.024168036154478226,0.014317995069843879,0.02404478225143796,0.020141741988496303,0.048171733771569435,0.029919884963023828,0.04773007395234182,0.04533689400164338,0.06688578471651602,0.022380854560394414,0.014585045193097782,0.02303820870994248,0.014410435497124075,0.016967953985209533,0.026345521774856204,0.01466721446179129,0.038722267871815944,0.026705012325390305,0.03179950698438784,0.020614215283483978,0.012684880854560394,0.017173377156943302,0.003985209531635168,0.004642563681183237,0.006963845521774857,0.006029170090386195,0.005320460147904683,0.004344700082169269,0.018046425636811834,0.0022596548890714873,0.019052999178307314,0.016444124897288415,0.004786359901396878,0.019700082169268694,0.003112161051766639,0.00039030402629416596,0.003307313064913722,0.0013249794576828265,0.0009757600657354149,0.0006265406737880033,0.0007292522596548891,0.0,4.108463434675431e-05,0.0,0.0,0.0,0.0,0.0,0.0,0.0,0.0,0.0,0.0,0.0,0.0,0.0,0.0,0.0,0.0,0.0,0.0,0.0,0.0,0.0,0.0,0.0,0.0,0.0,0.0,0.0,0.0,0.0,nan,nan,4.305134000645786,2.880722582806714,nan,0.9219745891761235,0.023040709722210406,0.0,0.0,0.0,0.0,0.0,0.0,0.0,0.0,0.0,0.0,0.0,0.0,0.0,0.0,0.0,0.0,0.0,0.0,0.0,0.0,0.0,0.0,0.0,0.0,0.0,0.22022838499184344,4.7960848287112565,15.709624796084832,8.270799347471453,1.0032626427406202,0.9214691803451406,0.022843372440455506,0.0,0.0,0.0,0.0,0.0,0.0,0.0,0.0,0.0,0.0,0.0,0.0,0.0,0.0,0.0,0.0,0.0,0.0,0.0,0.0,0.0,0.0,0.0,0.0,0.0,0.2483443708609272,4.929635761589405,15.720198675496691,8.331953642384107,0.7698675496688744,0.3674,0.02182,0.0,0.0,0.0,0.0,0.0,0.0,0.0,0.0,0.04893964110929854,1.6517128874388258,12.79771615008157,13.397226753670452,2.079934747145188,0.02446982055464927,0.0,0.0,0.0,0.0,0.0,0.0,0.0,0.0,0.0,0.0,0.0,0.0,0.0,0.0,0.0,0.0,0.368,0.02156,0.0,0.0,0.0,0.0,0.0,0.0,0.0,0.0,0.037251655629139076,1.514900662251656,12.740066225165567,13.69619205298011,1.9743377483443711,0.037251655629139076,0.0,0.0,0.0,0.0,0.0,0.0,0.0,0.0,0.0,0.0,0.0,0.0,0.0,0.0,0.0,0.0
68000,4724,2420,0.5122777307366638,1174,981,0.4561812023708721,1324,0.5605419136325148,0.422,2.8663194444444446,3.049848185321821,6.368258859784284,2.2333051686088288,9305.38562005983,1417.2024378069289,7853.0,10741.360520362854,10688.152755852327,17.205308670069773,7853.0,0.0,27.798687552921255,20.621347093254606,32.66641509433962,18.850245090678268,0.1373835732430144,0.09610499576629974,0.09801016088060965,0.08488569009314141,0.0842506350550381,0.07853513971210838,0.06752751905165115,0.06477561388653684,0.05906011854360711,0.05207451312447079,0.04911092294665537,0.03640982218458933,0.03492802709568162,0.02497883149872989,0.017781541066892465,0.007832345469940728,0.006350550381033023,0.9213633691855753,0.022889549773336015,0.0,0.0,0.0,0.0,0.0,0.0,0.0,0.0,0.0,0.0,0.0,0.0,0.0,0.0,0.0,0.0,0.0,0.0,0.0,0.0,0.0,0.0,0.0,0.0,0.0,0.2413209144792549,5.06138865368332,15.711261642675701,8.2112616426757,0.774767146486029,4.108752449379491,2.8870974393921913,nan,nan,nan,4.176973684210527,2.8473665209401187,4.041504539559014,2.9241762183690936,0.9675676327184912,0.3665,0.0218,0.0,0.0,0.0,0.0,0.0,0.0,0.0,0.0,0.025402201524132098,2.0258255715495346,13.20914479254869,12.83446232006772,1.8543607112616431,0.044453852667231175,0.0063505503810330245,0.0,0.0,0.0,0.0,0.0,0.0,0.0,0.0,0.0,0.0,0.0,0.0,0.0,0.0,0.0,nan,nan,4.108752449379491,2.8870974393921913,nan,0.3665,0.1184,0.0,0.0,0.0,0.0,0.0,0.0,0.0003281117696867062,0.00029635901778154105,1.0584250635055039e-05,3.1752751905165114e-05,0.0009949195596951736,0.0074301439458086364,0.004392464013547841,0.004678238780694327,0.0007091447925486876,0.01900931414055885,0.002804826418289585,0.004000846740050804,0.0070702794242167655,0.01220364098221846,0.004794665537679932,0.04337425910245555,0.008922523285351397,0.008329805249788314,0.02252328535139712,0.03748941574936494,0.023708721422523286,0.0349809483488569,0.030641405588484334,0.023856900931414057,0.013621930567315834,0.02634419983065199,0.02212108382726503,0.0486346316680779,0.031128281117696867,0.047152836579170194,0.04533234546994073,0.06564352243861135,0.021613039796782387,0.014712108382726503,0.024026248941574936,0.014690939881456392,0.01520956816257409,0.02466130397967824,0.013473751058425064,0.039129974597798475,0.029064352243861134,0.03052497883149873,0.021210838272650297,0.01375952582557155,0.016522015241320916,0.004530059271803557,0.005069856054191363,0.007091447925486875,0.006350550381033023,0.006181202370872142,0.003873835732430144,0.016839542760372566,0.002540220152413209,0.01830016934801016,0.015537679932260797,0.004466553767993226,0.017485182049110922,0.003895004233700254,0.00021168501270110075,0.003334038950042337,0.001069009314140559,0.0011536833192209992,0.0005821337849280271,0.0003281117696867062,0.0,0.0,0.0,0.0,0.0,0.0,0.0,0.0,0.0,0.0,0.0,0.0,0.0,0.0,0.0,0.0,0.0,0.0,0.0,0.0,0.0,0.0,0.0,0.0,0.0,0.0,0.0,0.0,0.0,0.0,0.0,nan,nan,4.108752449379491,2.8870974393921913,nan,0.920882878495642,0.022629839799836206,0.0,0.0,0.0,0.0,0.0,0.0,0.0,0.0,0.0,0.0,0.0,0.0,0.0,0.0,0.0,0.0,0.0,0.0,0.0,0.0,0.0,0.0,0.0,0.0,0.0,0.22314049586776863,5.293388429752068,15.582644628099176,8.31818181818182,0.5826446280991736,0.9218680512470504,0.023148462714596613,0.0,0.0,0.0,0.0,0.0,0.0,0.0,0.0,0.0,0.0,0.0,0.0,0.0,0.0,0.0,0.0,0.0,0.0,0.0,0.0,0.0,0.0,0.0,0.0,0.0,0.26041666666666674,4.817708333333334,15.84635416666667,8.098958333333336,0.9765625000000002,0.3665,0.02156,0.0,0.0,0.0,0.0,0.0,0.0,0.0,0.0,0.02479338842975207,2.0082644628099175,13.214876033057854,12.855371900826428,1.8719008264462813,0.012396694214876035,0.012396694214876035,0.0,0.0,0.0,0.0,0.0,0.0,0.0,0.0,0.0,0.0,0.0,0.0,0.0,0.0,0.0,0.3665,0.02206,0.0,0.0,0.0,0.0,0.0,0.0,0.0,0.0,0.02604166666666667,2.044270833333334,13.203125000000004,12.81249999999998,1.8359375000000004,0.07812500000000001,0.0,0.0,0.0,0.0,0.0,0.0,0.0,0.0,0.0,0.0,0.0,0.0,0.0,0.0,0.0,0.0
68100,4842,2526,0.5216852540272615,1187,942,0.43969434118133005,1370,0.5658818669971086,0.38599999999999995,3.02720207253886,3.053162116127019,6.4114365411436545,2.070455727181444,9332.398185621309,1416.6273910230746,7853.0,10753.925529003143,10688.80602326935,17.831216546935934,7853.0,0.0,29.09748038000826,21.2739453213905,33.87293488824101,19.486873213402305,0.12825278810408922,0.09933911606774061,0.09004543577034284,0.08013217678645188,0.08199091284593144,0.07372986369268897,0.06794712928541925,0.06422965716646015,0.06071871127633209,0.05617513424204874,0.048740190004130525,0.044403139198678235,0.03448988021478728,0.027261462205700124,0.01982651796778191,0.01486988847583643,0.00784799669558034,0.9210784715815351,0.02301651968887745,0.0,0.0,0.0,0.0,0.0,0.0,0.0,0.0,0.0,0.0,0.0,0.0,0.0,0.0,0.0,0.0,0.0,0.0,0.0,0.0,0.0,0.0,0.0,0.0,0.0,0.2540272614622057,5.210656753407684,15.328376703841391,8.525402726146222,0.6815365551425033,4.204126289465458,2.8371285456956663,nan,nan,nan,4.213971050975457,2.816302652593624,4.1944099378881985,2.8575007202295537,0.9953580333489168,0.3667,0.02226,0.0,0.0,0.0,0.0,0.0,0.0,0.0,0.0,0.018587360594795543,1.8897149938042135,13.240396530359359,12.918215613382882,1.8897149938042135,0.04337050805452294,0.0,0.0,0.0,0.0,0.0,0.0,0.0,0.0,0.0,0.0,0.0,0.0,0.0,0.0,0.0,0.0,nan,nan,4.204126289465458,2.8371285456956663,nan,0.3667,0.1196,0.0,0.0,0.0,0.0,0.0,0.0,0.0003717472118959108,0.00016522098306484924,1.0326311441553078e-05,0.0,0.001466336224700537,0.0071561338289962825,0.004977282114828583,0.004863692688971499,0.000660883932259397,0.02040479140850888,0.002406030565881867,0.004812061131763734,0.007569186286658406,0.012556794712928542,0.005225113589425857,0.043473771168938455,0.009252375051631557,0.008746385790995457,0.020642296571664602,0.03501652209830648,0.022965716646014045,0.03335398595621644,0.03146427096241223,0.02576414704667493,0.013176373399421727,0.028448988021478726,0.02308963238331268,0.050082610491532426,0.031226765799256505,0.04771788517141677,0.04197645600991326,0.06028500619578687,0.021933085501858737,0.01396117306897976,0.023110285006195788,0.014023130937629079,0.0147666253614209,0.02506195786864932,0.015148698884758364,0.037742668318876495,0.03093762907889302,0.030524576621230898,0.021323833126807103,0.013486162742668319,0.01641883519206939,0.0053696819496076,0.0055142503097893435,0.007548533663775299,0.00657786038826931,0.005844692275919041,0.003603882693102024,0.01587154068566708,0.002385377942998761,0.019114002478314747,0.01684221396117307,0.005287071458075176,0.017771581990912846,0.004047914085088806,0.00020652622883106156,0.002942998760842627,0.0009706732755059892,0.0010016522098306485,0.0008983890954151177,0.00043370508054522923,0.0,0.0,0.0,0.0,0.0,0.0,0.0,0.0,0.0,0.0,0.0,0.0,0.0,0.0,0.0,0.0,0.0,0.0,0.0,0.0,0.0,0.0,0.0,0.0,0.0,0.0,0.0,0.0,0.0,0.0,0.0,nan,nan,4.204126289465458,2.8371285456956663,nan,0.9215859149716151,0.02275243421386425,0.0,0.0,0.0,0.0,0.0,0.0,0.0,0.0,0.0,0.0,0.0,0.0,0.0,0.0,0.0,0.0,0.0,0.0,0.0,0.0,0.0,0.0,0.0,0.0,0.0,0.23752969121140147,4.988123515439431,15.403800475059386,8.776722090261284,0.5938242280285037,0.9205250164851005,0.023288535778928945,0.0,0.0,0.0,0.0,0.0,0.0,0.0,0.0,0.0,0.0,0.0,0.0,0.0,0.0,0.0,0.0,0.0,0.0,0.0,0.0,0.0,0.0,0.0,0.0,0.0,0.27202072538860106,5.45336787564767,15.246113989637308,8.251295336787566,0.7772020725388603,0.367,0.02222,0.0,0.0,0.0,0.0,0.0,0.0,0.0,0.0,0.011876484560570074,1.923990498812352,13.040380047505941,13.064133016627059,1.9002375296912117,0.05938242280285037,0.0,0.0,0.0,0.0,0.0,0.0,0.0,0.0,0.0,0.0,0.0,0.0,0.0,0.0,0.0,0.0,0.3662,0.02235,0.0,0.0,0.0,0.0,0.0,0.0,0.0,0.0,0.025906735751295342,1.852331606217617,13.45854922279793,12.759067357512935,1.8782383419689124,0.025906735751295342,0.0,0.0,0.0,0.0,0.0,0.0,0.0,0.0,0.0,0.0,0.0,0.0,0.0,0.0,0.0,0.0
68200,4283,2139,0.4994162969880925,980,917,0.44291384543544243,1228,0.5734298388979687,0.43,2.96875,3.1485979355719684,6.686440677966102,2.1935929529178986,9268.580382029391,1417.2914910163918,7853.0,10762.18196105957,10687.469741108876,18.078733480958252,7853.0,0.0,27.63156665888396,20.827760642924474,32.79489337822671,19.022677315808075,0.14639271538641138,0.09549381274807378,0.09712818118141489,0.08848937660518329,0.08101797805276675,0.07448050431940229,0.06514125612888162,0.06327340649077749,0.05673593275741303,0.0520663086621527,0.04622927854307728,0.039925286014475835,0.03502218071445248,0.02521597011440579,0.016577165538174177,0.00957272939528368,0.007237917347653514,0.9204941477114259,0.023419569379103552,0.0,0.0,0.0,0.0,0.0,0.0,0.0,0.0,0.0,0.0,0.0,0.0,0.0,0.0,0.0,0.0,0.0,0.0,0.0,0.0,0.0,0.0,0.0,0.0,0.0,0.29418631800140094,5.4984823721690415,15.647910343217374,7.788932990894235,0.7704879757179549,4.298431229478292,2.893329346596323,nan,nan,nan,4.337896253602305,2.8588966575843155,4.257945306725794,2.9276792945440455,0.9815691887951176,0.366,0.02206,0.0,0.0,0.0,0.0,0.0,0.0,0.0,0.0,0.014008872285780998,1.9402288115806683,13.602614989493349,12.50291851505952,1.8982021947233252,0.04202661685734299,0.0,0.0,0.0,0.0,0.0,0.0,0.0,0.0,0.0,0.0,0.0,0.0,0.0,0.0,0.0,0.0,nan,nan,4.298431229478292,2.893329346596323,nan,0.366,0.1199,0.0,0.0,0.0,0.0,0.0,0.0,0.0002801774457156199,0.00022180714452486576,0.0,0.0,0.0016460424935792668,0.007307961709082419,0.004424468830259164,0.005475134251692739,0.001027317300957273,0.01961242120009339,0.0028251225776325006,0.0058136819985991125,0.007506420733130983,0.013880457623161336,0.0057436376371702074,0.04300723791734765,0.009607751575998132,0.008977352323137988,0.019694139621760448,0.038629465328041096,0.022787765584870417,0.03147326640205463,0.03125145925752977,0.027118841933224374,0.012631333177679198,0.02844968480037357,0.0211533971515293,0.04826056502451553,0.031741769787532105,0.046929722157366335,0.04395283679663787,0.05904739668456689,0.01986925052533271,0.014277375671258464,0.02410693439178146,0.01226943731029652,0.015549848237216904,0.024982488909642775,0.015479803875788,0.03718188185851039,0.029955638571095025,0.03168339948634135,0.021608685500817185,0.011662386177912678,0.01762783095960775,0.006257296287648844,0.006082185384076582,0.008545412094326407,0.006747606817651179,0.006327340649077749,0.0033037590473966845,0.015830025682932524,0.0022647676862012607,0.018970347886995097,0.017300957272939527,0.00577865981788466,0.015094559887929022,0.004354424468830259,9.339248190520663e-05,0.0025682932523931824,0.0012607985057202895,0.0011790800840532337,0.0006420733130982956,0.0006654214335745973,0.0,0.0,0.0,0.0,0.0,0.0,0.0,0.0,0.0,0.0,0.0,0.0,0.0,0.0,0.0,0.0,0.0,0.0,0.0,0.0,0.0,0.0,0.0,0.0,0.0,0.0,0.0,0.0,0.0,0.0,0.0,nan,nan,4.298431229478292,2.893329346596323,nan,0.9206074249136944,0.02346481966999511,0.0,0.0,0.0,0.0,0.0,0.0,0.0,0.0,0.0,0.0,0.0,0.0,0.0,0.0,0.0,0.0,0.0,0.0,0.0,0.0,0.0,0.0,0.0,0.0,0.0,0.21037868162692852,5.568022440392708,15.750350631136047,7.6718092566619935,0.7994389901823284,0.9203811346817372,0.02337379026855456,0.0,0.0,0.0,0.0,0.0,0.0,0.0,0.0,0.0,0.0,0.0,0.0,0.0,0.0,0.0,0.0,0.0,0.0,0.0,0.0,0.0,0.0,0.0,0.0,0.0,0.3777985074626867,5.429104477611941,15.545708955223883,7.905783582089554,0.7416044776119405,0.3655,0.0222,0.0,0.0,0.0,0.0,0.0,0.0,0.0,0.0,0.014025245441795234,2.1879382889200567,13.39410939691445,12.67882187938287,1.6690042075736329,0.05610098176718094,0.0,0.0,0.0,0.0,0.0,0.0,0.0,0.0,0.0,0.0,0.0,0.0,0.0,0.0,0.0,0.0,0.3665,0.02193,0.0,0.0,0.0,0.0,0.0,0.0,0.0,0.0,0.01399253731343284,1.6930970149253735,13.810634328358212,12.32742537313431,2.1268656716417915,0.02798507462686568,0.0,0.0,0.0,0.0,0.0,0.0,0.0,0.0,0.0,0.0,0.0,0.0,0.0,0.0,0.0,0.0
68300,4706,2417,0.5135996600084998,1145,975,0.45048873778155546,1328,0.5643858903527412,0.418,3.011795543905636,3.165362555061694,6.746081504702194,2.071172946102601,9308.837683009458,1416.8185274813427,7853.0,10755.273247003555,10687.57680440319,17.336909841277897,7853.0,0.0,27.534424139396513,20.67481886246229,32.49124587668105,18.9385747562805,0.14173395665108374,0.10093497662558436,0.09604759881002975,0.08691032724181895,0.08393540161495963,0.07288567785805355,0.06757331066723332,0.06544836379090523,0.05907352316192095,0.050786230344241394,0.046323841903952404,0.040798980025499365,0.029536761580960476,0.02379940501487463,0.018699532511687208,0.009562260943476413,0.005949851253718657,0.9205079897889876,0.022797491322450857,0.0,0.0,0.0,0.0,0.0,0.0,0.0,0.0,0.0,0.0,0.0,0.0,0.0,0.0,0.0,0.0,0.0,0.0,0.0,0.0,0.0,0.0,0.0,0.0,0.006374840628984277,0.28049298767530817,5.189120271993201,15.886102847428818,8.108797280068,0.5291117722056949,4.306950448952445,2.920045551781999,nan,nan,nan,4.330446369087275,2.9138300334175367,4.2835325365205845,2.9260395715551386,0.9891665134334459,0.366,0.02168,0.0,0.0,0.0,0.0,0.0,0.0,0.0,0.0,0.04462388440288994,1.89332766680833,13.546536336591588,12.762430939226501,1.7148321291967705,0.03824904377390566,0.0,0.0,0.0,0.0,0.0,0.0,0.0,0.0,0.0,0.0,0.0,0.0,0.0,0.0,0.0,0.0,nan,nan,4.306950448952445,2.920045551781999,nan,0.366,0.11914,0.0,0.0,0.0,0.0,0.0,0.0,0.0005843603909902252,0.0001593710157246069,0.0,0.0,0.0016043348916277094,0.007490437739056523,0.0047598810029749255,0.0049511262218444535,0.0013280917977050574,0.01852953676158096,0.0033255418614534637,0.005758606034849129,0.006151721206969826,0.013992775180620485,0.006396090097747557,0.041712707182320445,0.01017849553761156,0.008977900552486187,0.021674458138546536,0.037537186570335744,0.02201444963875903,0.03171483212919677,0.03028049298767531,0.027188695282617935,0.012452188695282617,0.0305673608159796,0.01991075223119422,0.04961750956226094,0.028984275393115173,0.04389077773055674,0.04613259668508287,0.05992350191245219,0.019294517637059073,0.01483212919677008,0.02219507012324692,0.014152146196345092,0.014991500212494688,0.026062473438164046,0.016213344666383342,0.036740331491712706,0.03031236719082023,0.03352103697407565,0.02248193795155121,0.012866553336166596,0.019103272418189546,0.0069592010199745,0.0055673608159796,0.008361665958351042,0.007437314067148321,0.006672333191670208,0.0025074373140671485,0.016075223119422014,0.002337441563960901,0.0166489587760306,0.016319592010199745,0.005482362940926477,0.014768380790480238,0.0038992775180620486,0.0001806204844878878,0.003102422439439014,0.0007543561410964726,0.001317467063323417,0.0004993625159371016,0.0005524861878453039,0.0,0.0,0.0,0.0,0.0,0.0,0.0,0.0,0.0,0.0,0.0,0.0,0.0,0.0,0.0,0.0,0.0,0.0,0.0,0.0,0.0,0.0,0.0,0.0,0.0,0.0,0.0,0.0,0.0,0.0,0.0,nan,nan,4.306950448952445,2.920045551781999,nan,0.9199652494011115,0.022592894291060695,0.0,0.0,0.0,0.0,0.0,0.0,0.0,0.0,0.0,0.0,0.0,0.0,0.0,0.0,0.0,0.0,0.0,0.0,0.0,0.0,0.0,0.0,0.0,0.0,0.012412081092263138,0.23582954075299964,5.250310302027308,16.272238311956976,7.732726520479935,0.49648324369052554,0.9210810800106987,0.02299765614063871,0.0,0.0,0.0,0.0,0.0,0.0,0.0,0.0,0.0,0.0,0.0,0.0,0.0,0.0,0.0,0.0,0.0,0.0,0.0,0.0,0.0,0.0,0.0,0.0,0.0,0.32765399737876805,5.124508519003933,15.478374836173005,8.505897771952819,0.563564875491481,0.3662,0.02153,0.0,0.0,0.0,0.0,0.0,0.0,0.0,0.0,0.07447248655357883,1.8245759205626815,13.56640463384361,12.784443525031012,1.7128671907323132,0.03723624327678941,0.0,0.0,0.0,0.0,0.0,0.0,0.0,0.0,0.0,0.0,0.0,0.0,0.0,0.0,0.0,0.0,0.3657,0.02184,0.0,0.0,0.0,0.0,0.0,0.0,0.0,0.0,0.013106159895150724,1.9659239842726086,13.525557011795547,12.739187418086482,1.7169069462647448,0.03931847968545217,0.0,0.0,0.0,0.0,0.0,0.0,0.0,0.0,0.0,0.0,0.0,0.0,0.0,0.0,0.0,0.0
68400,4824,2505,0.5192786069651741,1178,1019,0.45543117744610284,1372,0.5688225538971807,0.39799999999999996,2.893057352307029,3.0050610051051683,6.458658346333853,2.0874614333795187,9324.987770661217,1416.3420046656934,7853.0,10749.425794005394,10687.678245776333,17.605900618616946,7853.0,0.0,27.9742951907131,20.79258110035929,32.97874443895205,18.962878193657243,0.14344941956882257,0.09742951907131012,0.08665008291873963,0.08374792703150911,0.08022388059701492,0.08499170812603649,0.06716417910447761,0.06633499170812604,0.05700663349917081,0.05286069651741294,0.04809286898839138,0.03876451077943615,0.03296019900497513,0.026119402985074626,0.01658374792703151,0.0101575456053068,0.007462686567164179,0.9209724928732733,0.022837312396353216,0.0,0.0,0.0,0.0,0.0,0.0,0.0,0.0,0.0,0.0,0.0,0.0,0.0,0.0,0.0,0.0,0.0,0.0,0.0,0.0,0.0,0.0,0.0,0.0,0.0,0.2611940298507463,5.006218905472638,15.914179104477615,8.165422885572141,0.6529850746268658,4.200128287363695,2.8033197554467595,nan,nan,nan,4.2690582959641254,2.8287663339799227,4.13102119460501,2.7758560479904992,0.9676656789883584,0.3657,0.02216,0.0,0.0,0.0,0.0,0.0,0.0,0.0,0.0,0.031094527363184084,2.139303482587065,13.196517412935327,12.804726368159185,1.8159203980099505,0.012437810945273634,0.0,0.0,0.0,0.0,0.0,0.0,0.0,0.0,0.0,0.0,0.0,0.0,0.0,0.0,0.0,0.0,nan,nan,4.200128287363695,2.8033197554467595,nan,0.3657,0.1194,0.0,0.0,0.0,0.0,1.0364842454394693e-05,1.0364842454394693e-05,0.0003316749585406302,9.328358208955224e-05,0.0,0.0,0.0017205638474295192,0.007400497512437811,0.0043946932006633495,0.0054933665008291875,0.0012023217247097845,0.01883291873963516,0.0035758706467661694,0.006457296849087894,0.006353648424543947,0.014210199004975124,0.006654228855721393,0.04325248756218905,0.008271144278606965,0.008685737976782753,0.020750414593698176,0.03936567164179104,0.022419154228855723,0.0330016583747927,0.0289075456053068,0.0265650912106136,0.012603648424543947,0.031104892205638474,0.019496268656716418,0.04719112769485904,0.029301409618573797,0.04311774461028192,0.04769900497512438,0.060084991708126034,0.01974502487562189,0.014676616915422885,0.01936152570480929,0.013888888888888888,0.014158374792703151,0.026720563847429518,0.017599502487562188,0.03736525704809287,0.03225538971807629,0.03346807628524046,0.02210820895522388,0.01214759535655058,0.0185530679933665,0.006198175787728026,0.0057213930348258705,0.008177860696517414,0.008115671641791045,0.007680348258706468,0.002228441127694859,0.015246683250414594,0.002238805970149254,0.015713101160862355,0.017433665008291875,0.005130597014925373,0.015029021558872304,0.003648424543946932,0.00021766169154228856,0.0038453565505804314,0.0007566334991708126,0.0011608623548922056,0.00037313432835820896,0.0004767827529021559,0.0,0.0,0.0,0.0,0.0,0.0,0.0,0.0,0.0,0.0,0.0,0.0,0.0,0.0,0.0,0.0,0.0,0.0,0.0,0.0,0.0,0.0,0.0,0.0,0.0,0.0,0.0,0.0,0.0,0.0,0.0,nan,nan,4.200128287363695,2.8033197554467595,nan,0.9206965639919578,0.022762465490037468,0.0,0.0,0.0,0.0,0.0,0.0,0.0,0.0,0.0,0.0,0.0,0.0,0.0,0.0,0.0,0.0,0.0,0.0,0.0,0.0,0.0,0.0,0.0,0.0,0.0,0.22754491017964076,5.137724550898205,15.988023952095812,8.047904191616768,0.5988023952095809,0.9212705531784459,0.022914155079932722,0.0,0.0,0.0,0.0,0.0,0.0,0.0,0.0,0.0,0.0,0.0,0.0,0.0,0.0,0.0,0.0,0.0,0.0,0.0,0.0,0.0,0.0,0.0,0.0,0.0,0.2975420439844761,4.8641655886157835,15.834411384217338,8.29236739974127,0.7115135834411386,0.3657,0.02196,0.0,0.0,0.0,0.0,0.0,0.0,0.0,0.0,0.02395209580838324,2.0000000000000004,13.592814371257488,12.682634730538902,1.6886227544910184,0.01197604790419162,0.0,0.0,0.0,0.0,0.0,0.0,0.0,0.0,0.0,0.0,0.0,0.0,0.0,0.0,0.0,0.0,0.366,0.02237,0.0,0.0,0.0,0.0,0.0,0.0,0.0,0.0,0.0388098318240621,2.289780077619664,12.768434670116433,12.936610608020679,1.953428201811126,0.012936610608020701,0.0,0.0,0.0,0.0,0.0,0.0,0.0,0.0,0.0,0.0,0.0,0.0,0.0,0.0,0.0,0.0
68500,4615,2433,0.5271939328277356,1150,959,0.456988082340195,1291,0.5594799566630553,0.434,3.062328139321723,3.1083049640176075,6.822445561139029,2.011349384751173,9347.187903611968,1415.0731601813943,7853.0,10752.975977897644,10687.228185437414,17.424835956032485,7853.0,0.0,28.243986998916576,20.923154402981684,33.13679609154024,19.15054663664216,0.13867822318526543,0.09599133261105092,0.09317443120260022,0.08342361863488625,0.08689057421451787,0.06955579631635969,0.07215601300108343,0.06565547128927411,0.0552546045503792,0.0533044420368364,0.04832069339111593,0.03770314192849404,0.03640303358613218,0.02838569880823402,0.018418201516793065,0.009750812567713976,0.006933911159263272,0.9197537252213301,0.02342465048276759,0.0,0.0,0.0,0.0,0.0,0.0,0.0,0.0,0.0,0.0,0.0,0.0,0.0,0.0,0.0,0.0,0.0,0.0,0.0,0.0,0.0,0.0,0.0,0.0,0.0,0.33152762730227525,5.570964247020586,15.750812567713979,7.696641386782233,0.6500541711809319,4.257057455994686,2.9264785712497705,nan,nan,nan,4.262187088274045,2.9259244610588886,4.251841929002009,2.9270326356278136,0.9975728049806878,0.366,0.02113,0.0,0.0,0.0,0.0,0.0,0.0,0.0,0.0,0.052004333694474554,1.7356446370530882,13.475622968580717,13.176598049837468,1.5536294691224273,0.006500541711809319,0.0,0.0,0.0,0.0,0.0,0.0,0.0,0.0,0.0,0.0,0.0,0.0,0.0,0.0,0.0,0.0,nan,nan,4.257057455994686,2.9264785712497705,nan,0.366,0.1193,0.0,0.0,1.0834236186348862e-05,0.0,0.0,0.0,0.0002491874322860238,7.583965330444204e-05,0.0,4.333694474539545e-05,0.0016143011917659805,0.006533044420368364,0.004561213434452871,0.0050704225352112674,0.0016901408450704226,0.01933911159263272,0.0029252437703141928,0.007161430119176598,0.006413867822318527,0.014496208017334778,0.007421451787648971,0.04463705308775731,0.008071505958829902,0.008028169014084508,0.019024918743228602,0.038905742145178765,0.022361863488624054,0.03407367280606717,0.02657638136511376,0.028645720476706393,0.012979414951245938,0.03217768147345612,0.019219934994582882,0.043044420368364034,0.030715059588299023,0.0419284940411701,0.046641386782231856,0.05924160346695558,0.02159263271939328,0.016023835319609967,0.01819068255687974,0.01409534127843987,0.01438786565547129,0.027562296858071506,0.01934994582881907,0.03769230769230769,0.033921993499458285,0.03388949079089924,0.020465872156013,0.01180931744312026,0.01828819068255688,0.005384615384615384,0.0062405200433369445,0.0090465872156013,0.006749729144095341,0.0075947995666305525,0.002340195016251354,0.01543878656554713,0.0028494041170097507,0.015655471289274105,0.01656554712892741,0.005113759479956663,0.015243770314192849,0.0037486457204767066,0.00015167930660888408,0.003683640303358613,0.0005850487540628386,0.0016684723726977247,0.0002275189599133261,0.0005308775731310943,3.250270855904659e-05,0.0,0.0,0.0,0.0,0.0,0.0,0.0,0.0,0.0,0.0,0.0,0.0,0.0,0.0,0.0,0.0,0.0,0.0,0.0,0.0,0.0,0.0,0.0,0.0,0.0,0.0,0.0,0.0,0.0,0.0,nan,nan,4.257057455994686,2.9264785712497705,nan,0.9197696992707164,0.02363607238416537,0.0,0.0,0.0,0.0,0.0,0.0,0.0,0.0,0.0,0.0,0.0,0.0,0.0,0.0,0.0,0.0,0.0,0.0,0.0,0.0,0.0,0.0,0.0,0.0,0.0,0.36991368680641196,5.4130702836004945,15.955610357583234,7.570900123304564,0.6905055487053022,0.9197359136438064,0.023186622220567544,0.0,0.0,0.0,0.0,0.0,0.0,0.0,0.0,0.0,0.0,0.0,0.0,0.0,0.0,0.0,0.0,0.0,0.0,0.0,0.0,0.0,0.0,0.0,0.0,0.0,0.2887259395050413,5.747021081576537,15.522456461961507,7.83684692942255,0.6049495875343722,0.3657,0.02107,0.0,0.0,0.0,0.0,0.0,0.0,0.0,0.0,0.061652281134401986,1.800246609124538,13.464858199753394,13.131935881627602,1.5289765721331694,0.012330456226880398,0.0,0.0,0.0,0.0,0.0,0.0,0.0,0.0,0.0,0.0,0.0,0.0,0.0,0.0,0.0,0.0,0.3662,0.02121,0.0,0.0,0.0,0.0,0.0,0.0,0.0,0.0,0.041246562786434474,1.6636113657195237,13.487626031164073,13.2263978001833,1.5811182401466548,0.0,0.0,0.0,0.0,0.0,0.0,0.0,0.0,0.0,0.0,0.0,0.0,0.0,0.0,0.0,0.0,0.0
68600,4752,2512,0.5286195286195287,1136,957,0.4404461279461279,1298,0.5462962962962963,0.434,3.0245535714285716,3.1473947243238385,6.794453507340946,2.08235856596972,9351.000643834974,1414.6306198354348,7853.0,10737.143246769905,10686.79739629928,17.145391663413072,7853.0,0.0,27.703493265993266,20.866928579352862,32.861293582617485,19.051583193453332,0.14898989898989898,0.09701178451178451,0.09259259259259259,0.08522727272727272,0.08270202020202021,0.0707070707070707,0.06565656565656566,0.0664983164983165,0.05955387205387205,0.050715488215488214,0.0444023569023569,0.04061447811447812,0.03345959595959596,0.030513468013468013,0.01936026936026936,0.006313131313131313,0.005681818181818182,0.9184223815848932,0.02267591757697348,0.0,0.0,0.0,0.0,0.0,0.0,0.0,0.0,0.0,0.0,0.0,0.0,0.0,0.0,0.0,0.0,0.0,0.0,0.0,0.0,0.0,0.0,0.0,0.0,0.0,0.3598484848484849,5.76388888888889,16.4709595959596,6.91287878787879,0.49242424242424254,4.2544613350958365,2.8819047533293776,nan,nan,nan,4.229540918163672,2.9065974903451277,4.279054497701904,2.8571139902991547,1.0117066084703417,0.3662,0.02118,0.0,0.0,0.0,0.0,0.0,0.0,0.0,0.0,0.03787878787878789,1.666666666666667,13.573232323232327,12.979797979797961,1.7171717171717176,0.02525252525252526,0.0,0.0,0.0,0.0,0.0,0.0,0.0,0.0,0.0,0.0,0.0,0.0,0.0,0.0,0.0,0.0,nan,nan,4.2544613350958365,2.8819047533293776,nan,0.3662,0.1192,0.0,0.0,0.0,0.0,0.0,0.0,0.0002525252525252525,2.1043771043771045e-05,0.0,5.260942760942761e-05,0.0011363636363636363,0.0073547979797979795,0.004734848484848485,0.004997895622895623,0.0017992424242424243,0.018339646464646465,0.00434553872053872,0.006534090909090909,0.006218434343434344,0.014046717171717172,0.007249579124579125,0.04479166666666667,0.007617845117845118,0.007891414141414142,0.019865319865319864,0.039467592592592596,0.022074915824915824,0.03297558922558923,0.02622053872053872,0.02784090909090909,0.013257575757575758,0.03441708754208754,0.018571127946127947,0.041698232323232325,0.03484848484848485,0.04076178451178451,0.04434974747474747,0.059501262626262624,0.019539141414141415,0.015288299663299663,0.018150252525252524,0.01423611111111111,0.012763047138047138,0.029808501683501683,0.020370370370370372,0.03758417508417508,0.03639520202020202,0.03361742424242424,0.021632996632996632,0.011658249158249158,0.017150673400673402,0.004776936026936027,0.005934343434343434,0.00827020202020202,0.0058606902356902356,0.008754208754208754,0.0023674242424242425,0.01623526936026936,0.0024515993265993266,0.0172243265993266,0.01819234006734007,0.004177188552188552,0.014688552188552188,0.003977272727272727,0.00010521885521885521,0.003724747474747475,0.0003367003367003367,0.0012626262626262627,5.260942760942761e-05,0.00010521885521885521,7.365319865319865e-05,0.0,0.0,0.0,0.0,0.0,0.0,0.0,0.0,0.0,0.0,0.0,0.0,0.0,0.0,0.0,0.0,0.0,0.0,0.0,0.0,0.0,0.0,0.0,0.0,0.0,0.0,0.0,0.0,0.0,0.0,nan,nan,4.2544613350958365,2.8819047533293776,nan,0.9185247180663096,0.022623118671272157,0.0,0.0,0.0,0.0,0.0,0.0,0.0,0.0,0.0,0.0,0.0,0.0,0.0,0.0,0.0,0.0,0.0,0.0,0.0,0.0,0.0,0.0,0.0,0.0,0.0,0.2985668789808918,5.792197452229301,16.445063694267517,6.938694267515925,0.5254777070063695,0.9183076185307333,0.022734433971645998,0.0,0.0,0.0,0.0,0.0,0.0,0.0,0.0,0.0,0.0,0.0,0.0,0.0,0.0,0.0,0.0,0.0,0.0,0.0,0.0,0.0,0.0,0.0,0.0,0.0,0.42857142857142866,5.7321428571428585,16.500000000000004,6.883928571428573,0.45535714285714296,0.3662,0.02136,0.0,0.0,0.0,0.0,0.0,0.0,0.0,0.0,0.047770700636942685,1.7794585987261151,13.304140127388537,12.993630573248389,1.8630573248407647,0.011942675159235671,0.0,0.0,0.0,0.0,0.0,0.0,0.0,0.0,0.0,0.0,0.0,0.0,0.0,0.0,0.0,0.0,0.3662,0.02095,0.0,0.0,0.0,0.0,0.0,0.0,0.0,0.0,0.02678571428571429,1.5401785714285718,13.875000000000004,12.964285714285694,1.553571428571429,0.04017857142857143,0.0,0.0,0.0,0.0,0.0,0.0,0.0,0.0,0.0,0.0,0.0,0.0,0.0,0.0,0.0,0.0
68700,4904,2549,0.5197797716150081,1153,1004,0.43984502446982054,1371,0.5591353996737357,0.414,3.024628450106157,3.1580162247111376,6.824806201550388,2.1891923046955664,9326.075006515663,1415.9655417528884,7853.0,10756.87027335167,10687.036811280035,17.52271223002363,7853.0,0.0,27.751019575856443,20.95042405605412,32.77504265171825,19.22155142243815,0.14376019575856444,0.0948205546492659,0.09726753670473083,0.08584828711256118,0.08625611745513866,0.07687601957585645,0.06851549755301795,0.06239804241435563,0.0534257748776509,0.04995921696574225,0.0450652528548124,0.03690864600326264,0.03568515497553018,0.02569331158238173,0.018556280587275695,0.01203099510603589,0.006933115823817292,0.918586621106546,0.0230099528668862,0.0,0.0,0.0,0.0,0.0,0.0,0.0,0.0,0.0,0.0,0.0,0.0,0.0,0.0,0.0,0.0,0.0,0.0,0.0,0.0,0.0,0.0,0.0,0.0,0.0,0.37928221859706374,5.940048939641111,15.935970636215337,7.188009787928223,0.5566884176182709,4.35828534868842,2.936670025924074,nan,nan,nan,4.329479768786127,2.8961889868916306,4.386870618228171,2.9760216079606607,1.0132558303784693,0.3662,0.02145,0.0,0.0,0.0,0.0,0.0,0.0,0.0,0.0,0.018352365415986952,1.7434747145187606,13.342169657422515,13.140293637846636,1.7312398042414359,0.02446982055464927,0.0,0.0,0.0,0.0,0.0,0.0,0.0,0.0,0.0,0.0,0.0,0.0,0.0,0.0,0.0,0.0,nan,nan,4.35828534868842,2.936670025924074,nan,0.3662,0.1191,0.0,0.0,0.0,0.0,0.0,0.0,0.00027528548123980425,0.0,0.0,0.0001631321370309951,0.0012744698205546493,0.007075856443719413,0.0052202283849918435,0.0056484502446982054,0.0015089722675367047,0.019688009787928222,0.0036500815660685153,0.005984910277324633,0.00599510603588907,0.013539967373572593,0.006413132137030995,0.0424347471451876,0.008156606851549755,0.007973083197389886,0.021349918433931483,0.03971247960848287,0.02143148450244698,0.033809135399673736,0.025193719412724306,0.026294861337683523,0.014732871125611745,0.03642944535073409,0.01940252854812398,0.04180261011419249,0.03361541598694943,0.04175163132137031,0.04396411092985318,0.056973898858075044,0.019637030995106036,0.014804241435562806,0.018546084828711257,0.015201876019575856,0.012449021207177814,0.031596655791190864,0.021349918433931483,0.03762234910277325,0.03549143556280587,0.03398246329526917,0.022726345840130505,0.01122553017944535,0.015640293637846657,0.00483278955954323,0.005954323001631321,0.008207585644371941,0.00617862969004894,0.008340130505709625,0.0021818923327895597,0.015375203915171288,0.002732463295269168,0.018515497553017946,0.017720228384991845,0.0037214518760195756,0.01554853181076672,0.003313621533442088,0.0003568515497553018,0.003874388254486134,0.00027528548123980425,0.001050163132137031,0.0,4.078303425774878e-05,4.078303425774878e-05,0.0,0.0,0.0,0.0,0.0,0.0,0.0,0.0,0.0,0.0,0.0,0.0,0.0,0.0,0.0,0.0,0.0,0.0,0.0,0.0,0.0,0.0,0.0,0.0,0.0,0.0,0.0,0.0,0.0,0.0,nan,nan,4.35828534868842,2.936670025924074,nan,0.9185420303730087,0.023093333691387247,0.0,0.0,0.0,0.0,0.0,0.0,0.0,0.0,0.0,0.0,0.0,0.0,0.0,0.0,0.0,0.0,0.0,0.0,0.0,0.0,0.0,0.0,0.0,0.0,0.0,0.37661828167908995,5.943507257748138,15.982738328756378,7.155747351902709,0.5413887799136917,0.9186348851319331,0.022919263686072132,0.0,0.0,0.0,0.0,0.0,0.0,0.0,0.0,0.0,0.0,0.0,0.0,0.0,0.0,0.0,0.0,0.0,0.0,0.0,0.0,0.0,0.0,0.0,0.0,0.0,0.3821656050955415,5.936305732484078,15.88535031847134,7.222929936305734,0.5732484076433122,0.3667,0.02116,0.0,0.0,0.0,0.0,0.0,0.0,0.0,0.0,0.023538642604943122,1.530011769321303,13.381718320910164,13.369948999607669,1.65947430364849,0.035307963907414676,0.0,0.0,0.0,0.0,0.0,0.0,0.0,0.0,0.0,0.0,0.0,0.0,0.0,0.0,0.0,0.0,0.3657,0.02176,0.0,0.0,0.0,0.0,0.0,0.0,0.0,0.0,0.012738853503184716,1.974522292993631,13.299363057324843,12.891719745222911,1.8089171974522298,0.012738853503184716,0.0,0.0,0.0,0.0,0.0,0.0,0.0,0.0,0.0,0.0,0.0,0.0,0.0,0.0,0.0,0.0
68800,4333,2190,0.5054234941149319,1014,916,0.4454188783752596,1243,0.5737364412647127,0.39399999999999996,2.903873075128325,2.875565058673146,6.018691588785047,2.033893378621169,9285.606507202123,1417.20326499753,7853.0,10750.35625898838,10687.46757794831,17.21596404921423,7853.0,0.0,28.79459958458343,21.308993504179256,33.688949522510235,19.51588293905864,0.13408723747980614,0.09762289406877452,0.0916224324948073,0.08146780521578582,0.0830833141010847,0.07246711285483498,0.07177475190399261,0.06046618970690053,0.05746595891991692,0.0553888760673898,0.043387952919455346,0.04408031387029771,0.035541195476575124,0.028617585968151397,0.02284791137779829,0.015231940918532194,0.004846526655896607,0.9188139371362427,0.022945600073704248,0.0,0.0,0.0,0.0,0.0,0.0,0.0,0.0,0.0,0.0,0.0,0.0,0.0,0.0,0.0,0.0,0.0,0.0,0.0,0.0,0.0,0.0,0.0,0.0,0.0,0.33925686591276255,5.705054234941151,16.159704592660976,7.235171936302794,0.5608123701823218,4.0966608084358525,2.633061278607065,nan,nan,nan,4.066243833685694,2.6620519990052247,4.124912280701754,2.6033400427662605,1.0144281674724072,0.3667,0.02205,0.0,0.0,0.0,0.0,0.0,0.0,0.0,0.0,0.04154165705054236,1.9663051003923382,12.753288714516504,13.28640664666511,1.9386106623586434,0.013847219016847453,0.0,0.0,0.0,0.0,0.0,0.0,0.0,0.0,0.0,0.0,0.0,0.0,0.0,0.0,0.0,0.0,nan,nan,4.0966608084358525,2.633061278607065,nan,0.3667,0.1193,0.0,0.0,0.0,0.0,0.0,0.0,0.00033464112624048003,0.0,0.0,9.231479344564966e-05,0.0010385414262635588,0.007073621047772906,0.005527348257558274,0.006127394414954996,0.0012462497115162704,0.020147703669513038,0.00368105238864528,0.006162012462497115,0.005400415416570505,0.013985691207015925,0.0070274636510500805,0.039879990768520654,0.008089083775675052,0.008481421647819063,0.020286175859681514,0.038876067389799214,0.020816985921993998,0.033856450496192014,0.02689822294022617,0.02485575813524117,0.015116547426725132,0.039303023309485347,0.019305331179321487,0.04065312716362797,0.033071774751903996,0.04226863604892684,0.04369951534733441,0.057500576967459034,0.020193861066235864,0.013951073159473805,0.018439879990768522,0.014931917839833834,0.011250865451188552,0.03344103392568659,0.02254788829909993,0.03588737595199631,0.03644126471267021,0.033464112624048005,0.022755596584352642,0.010754673436418186,0.015774290330025385,0.004581121624740365,0.006277405954304177,0.007650588506808216,0.006415878144472652,0.008412185552734826,0.0024694207246711286,0.014597276713593354,0.0035656588968382185,0.01912070159243019,0.01853219478421417,0.003969536118162935,0.014435725825063467,0.002550196168936072,0.0004154165705054235,0.0047772905608123705,0.0003807985229633049,0.001050080775444265,0.0,1.1539349180706208e-05,0.0001500115393491807,0.0,0.0,0.0,0.0,0.0,0.0,0.0,0.0,0.0,0.0,0.0,0.0,0.0,0.0,0.0,0.0,0.0,0.0,0.0,0.0,0.0,0.0,0.0,0.0,0.0,0.0,0.0,0.0,0.0,0.0,nan,nan,4.0966608084358525,2.633061278607065,nan,0.918939895553676,0.02277321104863743,0.0,0.0,0.0,0.0,0.0,0.0,0.0,0.0,0.0,0.0,0.0,0.0,0.0,0.0,0.0,0.0,0.0,0.0,0.0,0.0,0.0,0.0,0.0,0.0,0.0,0.3698630136986302,5.67123287671233,16.027397260273975,7.438356164383563,0.49315068493150693,0.9186852162150206,0.023119733038602798,0.0,0.0,0.0,0.0,0.0,0.0,0.0,0.0,0.0,0.0,0.0,0.0,0.0,0.0,0.0,0.0,0.0,0.0,0.0,0.0,0.0,0.0,0.0,0.0,0.0,0.30797946803546433,5.739617358842746,16.294913672421842,7.027531497900141,0.6299580027998134,0.3672,0.02179,0.0,0.0,0.0,0.0,0.0,0.0,0.0,0.0,0.054794520547945216,1.753424657534247,12.79452054794521,13.465753424657514,1.9041095890410964,0.027397260273972608,0.0,0.0,0.0,0.0,0.0,0.0,0.0,0.0,0.0,0.0,0.0,0.0,0.0,0.0,0.0,0.0,0.3662,0.02231,0.0,0.0,0.0,0.0,0.0,0.0,0.0,0.0,0.027998133457769487,2.18385440970602,12.711152589827348,13.1031264582361,1.973868408772749,0.0,0.0,0.0,0.0,0.0,0.0,0.0,0.0,0.0,0.0,0.0,0.0,0.0,0.0,0.0,0.0,0.0
68900,4082,2118,0.5188633023027928,999,792,0.43875551200391966,1123,0.5502204801567859,0.43,3.058044806517312,3.2166654006001365,6.75993091537133,2.2745989406157863,9323.983429229213,1416.5529685090203,7853.0,10748.386656999588,10688.011500525801,17.539647602299986,7853.0,0.0,27.985546300832926,20.997515935485968,32.96524532710281,19.266112205006216,0.13939245467907888,0.102890739833415,0.09578637922586968,0.08500734933855952,0.07716805487506125,0.07471827535521804,0.06369426751592357,0.06638902498775111,0.05805977462028417,0.051200391964723174,0.0492405683488486,0.04483096521313082,0.032582067613914745,0.022048015678588925,0.015188633023027927,0.013718765311121999,0.008084272415482607,0.9199040791148476,0.02329772912884865,0.0,0.0,0.0,0.0,0.0,0.0,0.0,0.0,0.0,0.0,0.0,0.0,0.0,0.0,0.0,0.0,0.0,0.0,0.0,0.0,0.0,0.0,0.0,0.0,0.007349338559529644,0.3380695737383636,5.394414502694758,15.859872611464972,7.716805487506126,0.6834884860362569,4.308840413318025,2.944684950076264,nan,nan,nan,4.3079340141398275,2.9692440031233875,4.309701492537314,2.9211623479587883,1.000410284463895,0.3672,0.02165,0.0,0.0,0.0,0.0,0.0,0.0,0.0,0.0,0.0,1.7417932386085258,13.214110730034301,13.081822635962745,1.940225379715826,0.02204801567858893,0.0,0.0,0.0,0.0,0.0,0.0,0.0,0.0,0.0,0.0,0.0,0.0,0.0,0.0,0.0,0.0,nan,nan,4.308840413318025,2.944684950076264,nan,0.3672,0.1201,0.0,0.0,0.0,0.0,0.0,0.0,0.0003674669279764821,1.2248897599216071e-05,0.0,0.00013473787359137676,0.000698187163155316,0.0070063694267515925,0.005609995100440961,0.007802547770700637,0.0009309162175404214,0.02108035276825086,0.0033929446349828516,0.005634492895639392,0.004936305732484076,0.014796668299853013,0.006479666829985301,0.03944145026947575,0.007998530132288094,0.009762371386575208,0.020345418912297894,0.0372733953944145,0.0219500244977952,0.031859382655561,0.028062224399804016,0.022648211660950514,0.01533561979421852,0.04027437530622244,0.02032092111709946,0.040237628613424795,0.0322390984811367,0.042638412542871144,0.0439000489955904,0.05583047525722685,0.0229421852033317,0.013106320431161195,0.01705046545810877,0.013388045075943164,0.010362567368936796,0.03554630083292504,0.02338314551690348,0.03538706516413523,0.03550955414012739,0.03170014698677119,0.020798628123468887,0.010681038706516413,0.018973542381185694,0.0046913277804997554,0.007349338559529643,0.007104360607545321,0.007018618324350808,0.008610975012248898,0.0025110240078392945,0.013473787359137677,0.0036011758941695247,0.020247427731504165,0.018410093091621754,0.0037481626653601175,0.014612934835864773,0.003111219990200882,0.0001592356687898089,0.0057692307692307696,0.0006369426751592356,0.0011024007839294464,0.0,0.0,1.2248897599216071e-05,0.0,0.0,0.0,0.0,0.0,0.0,0.0,0.0,0.0,0.0,0.0,0.0,0.0,0.0,0.0,0.0,0.0,0.0,0.0,0.0,0.0,0.0,0.0,0.0,0.0,0.0,0.0,0.0,0.0,0.0,nan,nan,4.308840413318025,2.944684950076264,nan,0.9203347040021949,0.023048540557844367,0.0,0.0,0.0,0.0,0.0,0.0,0.0,0.0,0.0,0.0,0.0,0.0,0.0,0.0,0.0,0.0,0.0,0.0,0.0,0.0,0.0,0.0,0.0,0.0,0.014164305949008502,0.2974504249291785,5.184135977337111,16.06232294617564,7.762039660056659,0.679886685552408,0.9194396883249283,0.023554682686841397,0.0,0.0,0.0,0.0,0.0,0.0,0.0,0.0,0.0,0.0,0.0,0.0,0.0,0.0,0.0,0.0,0.0,0.0,0.0,0.0,0.0,0.0,0.0,0.0,0.0,0.38187372708757644,5.6211812627291255,15.641547861507132,7.668024439918535,0.6873727087576376,0.3667,0.02126,0.0,0.0,0.0,0.0,0.0,0.0,0.0,0.0,0.0,1.7280453257790374,13.413597733711052,13.002832861189782,1.8413597733711053,0.014164305949008502,0.0,0.0,0.0,0.0,0.0,0.0,0.0,0.0,0.0,0.0,0.0,0.0,0.0,0.0,0.0,0.0,0.3677,0.02205,0.0,0.0,0.0,0.0,0.0,0.0,0.0,0.0,0.0,1.7566191446028518,12.998981670061104,13.167006109979615,2.04684317718941,0.030549898167006116,0.0,0.0,0.0,0.0,0.0,0.0,0.0,0.0,0.0,0.0,0.0,0.0,0.0,0.0,0.0,0.0
69000,4167,2161,0.5185985121190305,1028,842,0.44876409887209023,1164,0.558675305975522,0.41,3.000997008973081,3.1309090100645083,6.673647469458988,2.1827389157092374,9322.428889003622,1415.8060500657846,7853.0,10745.121245980263,10686.461443997268,17.45082932356126,7853.0,0.0,27.664506839452844,20.78115123940506,32.51811697574893,19.093456613979345,0.1415886729061675,0.09935205183585313,0.09479241660667147,0.08759299256059515,0.08039356851451884,0.08399328053755699,0.06527477801775858,0.06023518118550516,0.05855531557475402,0.054475641948644106,0.04271658267338613,0.04007679385649148,0.03167746580273578,0.023038156947444204,0.018958483321334294,0.010559155267578594,0.00671946244300456,0.9194017216001794,0.02264488149601872,0.0,0.0,0.0,0.0,0.0,0.0,0.0,0.0,0.0,0.0,0.0,0.0,0.0,0.0,0.0,0.0,0.0,0.0,0.0,0.0,0.0,0.0,0.0,0.0,0.007199424046076316,0.25197984161267106,5.701943844492441,15.953923686105115,7.516198704103673,0.5687544996400289,4.210585165859113,2.935765253310542,nan,nan,nan,4.2234513274336285,2.888193626580831,4.200603318250377,2.982432161305836,0.994590204216433,0.366,0.0219,0.0,0.0,0.0,0.0,0.0,0.0,0.0,0.0,0.06479481641468685,1.9942404607631394,13.304535637149032,12.879769618430506,1.7206623470122395,0.035997120230381575,0.0,0.0,0.0,0.0,0.0,0.0,0.0,0.0,0.0,0.0,0.0,0.0,0.0,0.0,0.0,0.0,nan,nan,4.210585165859113,2.935765253310542,nan,0.366,0.1202,0.0,0.0,0.0,0.0,0.0,0.0,0.0004079673626109911,0.0,0.0,3.599712023038157e-05,0.0004439644828413727,0.007739380849532037,0.006539476841852652,0.009047276217902567,0.0006959443244540437,0.020554355651547875,0.0032037437005039597,0.005267578593712503,0.004619630429565634,0.014410847132229421,0.0053035757139428845,0.040988720902327816,0.007847372210223183,0.01123110151187905,0.0222702183825294,0.03864890808735301,0.021994240460763138,0.029325653947684185,0.02878569714422846,0.022966162706983442,0.014602831773458124,0.04253659707223422,0.020362371010319173,0.03994480441564675,0.034833213342932566,0.04122870170386369,0.04102471802255819,0.056491480681545476,0.020446364290856733,0.011675065994720422,0.017062634989200864,0.014902807775377969,0.00964722822174226,0.03441324694024478,0.02253419726421886,0.03736501079913607,0.035637149028077755,0.03142548596112311,0.020890328773698105,0.011027117830573554,0.019438444924406047,0.004907607391408687,0.007139428845692345,0.007283417326613871,0.007415406767458603,0.009443244540436765,0.002495800335973122,0.014494840412766979,0.002483801295896328,0.01898248140148788,0.018682505399568033,0.0030357571394288457,0.012730981521478281,0.002855771538276938,0.00020398368130549556,0.006311495080393569,0.0005399568034557236,0.001175905927525798,0.0,0.0,0.0,0.0,0.0,0.0,0.0,0.0,0.0,0.0,0.0,0.0,0.0,0.0,0.0,0.0,0.0,0.0,0.0,0.0,0.0,0.0,0.0,0.0,0.0,0.0,0.0,0.0,0.0,0.0,0.0,0.0,0.0,nan,nan,4.210585165859113,2.935765253310542,nan,0.9188897021663018,0.022197607427673228,0.0,0.0,0.0,0.0,0.0,0.0,0.0,0.0,0.0,0.0,0.0,0.0,0.0,0.0,0.0,0.0,0.0,0.0,0.0,0.0,0.0,0.0,0.0,0.0,0.0,0.2360018509949098,5.802869042110136,16.256362795002318,7.246645071726054,0.45812124016658967,0.9199533038517295,0.02310434235646929,0.0,0.0,0.0,0.0,0.0,0.0,0.0,0.0,0.0,0.0,0.0,0.0,0.0,0.0,0.0,0.0,0.0,0.0,0.0,0.0,0.0,0.0,0.0,0.0,0.014955134596211369,0.26919242273180466,5.593220338983052,15.628115653040881,7.806580259222335,0.6879361914257229,0.3652,0.0221,0.0,0.0,0.0,0.0,0.0,0.0,0.0,0.0,0.06941230911614994,2.0407218880148084,13.79916705229061,12.29986117538175,1.7214252660805187,0.06941230911614994,0.0,0.0,0.0,0.0,0.0,0.0,0.0,0.0,0.0,0.0,0.0,0.0,0.0,0.0,0.0,0.0,0.3665,0.02168,0.0,0.0,0.0,0.0,0.0,0.0,0.0,0.0,0.059820538384845474,1.944167497507478,12.77168494516451,13.504486540378844,1.7198404785643076,0.0,0.0,0.0,0.0,0.0,0.0,0.0,0.0,0.0,0.0,0.0,0.0,0.0,0.0,0.0,0.0,0.0
69100,4055,2089,0.5151664611590628,1000,812,0.4468557336621455,1120,0.5524044389642416,0.41,3.0061037639877926,3.184072035584069,6.715563506261181,2.2665707027223365,9312.590346819434,1416.0216131154036,7853.0,10742.543793916702,10686.240237603066,17.125436300419143,7853.0,0.0,27.70702836004932,20.73282540431489,32.55219941348974,19.05119825592677,0.13612823674475955,0.10801479654747226,0.09272503082614057,0.08483353884093711,0.0845869297163995,0.07472256473489519,0.06757090012330456,0.06189889025893958,0.06066584463625154,0.05228113440197287,0.045376078914919855,0.0374845869297164,0.03551171393341554,0.02466091245376079,0.018002466091245378,0.010110974106041924,0.005425400739827373,0.9186740608015425,0.023055451726491316,0.0,0.0,0.0,0.0,0.0,0.0,0.0,0.0,0.0,0.0,0.0,0.0,0.0,0.0,0.0,0.0,0.0,0.0,0.0,0.0,0.0,0.0,0.0,0.0,0.0,0.3699136868064119,5.903822441430334,15.8766954377312,7.3464858199753404,0.5030826140567202,4.322209436133487,3.017106583155269,nan,nan,nan,4.29,3.105289531899252,4.355283307810107,2.9272899499588787,1.0152175542680903,0.3652,0.0214,0.0,0.0,0.0,0.0,0.0,0.0,0.0,0.0,0.014796547472256477,2.0567200986436505,13.686806411837242,12.754623921085063,1.4648581997533912,0.022194821208384712,0.0,0.0,0.0,0.0,0.0,0.0,0.0,0.0,0.0,0.0,0.0,0.0,0.0,0.0,0.0,0.0,nan,nan,4.322209436133487,3.017106583155269,nan,0.3652,0.1195,0.0,0.0,0.0,0.0,0.0,0.0,0.00036991368680641185,0.0,6.165228113440197e-05,0.0,0.0005178791615289766,0.007127003699136868,0.0063995067817509245,0.00876695437731196,0.0009247842170160296,0.021676942046855732,0.0024537607891491984,0.005413070283600494,0.005561035758323058,0.013563501849568433,0.00467324290998767,0.03980271270036991,0.008902589395807644,0.009802712700369913,0.022034525277435265,0.03898890258939581,0.02151664611590629,0.02972872996300863,0.033033292231812575,0.023526510480887792,0.014204685573366214,0.042589395807644884,0.018594327990135634,0.0381750924784217,0.03389642416769421,0.04527743526510481,0.03875462392108508,0.058397040690505546,0.023057953144266338,0.012071516646115906,0.016621454993834772,0.015844636251541307,0.009913686806411838,0.03315659679408138,0.020073982737361284,0.03939580764488286,0.03701602959309495,0.031664611590628854,0.01906288532675709,0.011060419235511714,0.01939580764488286,0.0040567200986436494,0.0071393341553637486,0.007780517879161529,0.007324290998766954,0.008027127003699137,0.0027003699136868065,0.013033292231812576,0.002342786683107275,0.02093711467324291,0.017065351418002465,0.0027990135635018497,0.012059186189889026,0.002909987669543773,0.0004562268803945746,0.0061898890258939585,0.0006165228113440197,0.0014919852034525278,0.0,0.0,0.0,0.0,0.0,0.0,0.0,0.0,0.0,0.0,0.0,0.0,0.0,0.0,0.0,0.0,0.0,0.0,0.0,0.0,0.0,0.0,0.0,0.0,0.0,0.0,0.0,0.0,0.0,0.0,0.0,0.0,0.0,nan,nan,4.322209436133487,3.017106583155269,nan,0.9189992154141029,0.023165810866612475,0.0,0.0,0.0,0.0,0.0,0.0,0.0,0.0,0.0,0.0,0.0,0.0,0.0,0.0,0.0,0.0,0.0,0.0,0.0,0.0,0.0,0.0,0.0,0.0,0.0,0.3590234561991384,5.801819052178076,15.753949258018194,7.539492580181907,0.5457156534226903,0.9183285633520822,0.022932554893507495,0.0,0.0,0.0,0.0,0.0,0.0,0.0,0.0,0.0,0.0,0.0,0.0,0.0,0.0,0.0,0.0,0.0,0.0,0.0,0.0,0.0,0.0,0.0,0.0,0.0,0.38148524923702953,6.012207527975586,16.00712105798576,7.141403865717194,0.4577822990844355,0.3647,0.0212,0.0,0.0,0.0,0.0,0.0,0.0,0.0,0.0,0.014360938247965537,2.0823360459550027,13.887027285782674,12.709430349449478,1.2924844423168982,0.014360938247965537,0.0,0.0,0.0,0.0,0.0,0.0,0.0,0.0,0.0,0.0,0.0,0.0,0.0,0.0,0.0,0.0,0.3657,0.02159,0.0,0.0,0.0,0.0,0.0,0.0,0.0,0.0,0.015259409969481184,2.029501525940997,13.474059003051886,12.802644964394691,1.6480162767039679,0.03051881993896237,0.0,0.0,0.0,0.0,0.0,0.0,0.0,0.0,0.0,0.0,0.0,0.0,0.0,0.0,0.0,0.0
69200,4011,2090,0.5210670655696834,1009,798,0.4505110944901521,1115,0.555971079531289,0.426,2.969807391983342,3.090366286353246,6.539741219963031,2.021326024646382,9329.66951416214,1415.7630838678551,7853.0,10745.382012605667,10686.933694403993,17.217817279389138,7853.0,0.0,28.24482672650212,21.00676945749353,33.27947727947728,19.16399464587314,0.1443530291697831,0.0924956369982548,0.09075043630017451,0.08900523560209424,0.07579157317377212,0.06756419845425081,0.0775367738718524,0.0605833956619297,0.06207928197456993,0.055846422338568937,0.047619047619047616,0.0381451009723261,0.03465469957616554,0.02468212415856395,0.02368486661680379,0.008476689104961356,0.006731488406881077,0.918482724061722,0.022858627313908312,0.0,0.0,0.0,0.0,0.0,0.0,0.0,0.0,0.0,0.0,0.0,0.0,0.0,0.0,0.0,0.0,0.0,0.0,0.0,0.0,0.0,0.0,0.0,0.0,0.0,0.38145100972326107,5.983545250560958,16.04338070306657,7.0381451009723275,0.5534779356768886,4.200763358778626,2.8752960998057544,nan,nan,nan,4.265660377358491,2.8850280463199462,4.134466769706337,2.8648866584461476,0.9692442444906044,0.3662,0.02187,0.0,0.0,0.0,0.0,0.0,0.0,0.0,0.0,0.03739715781600599,2.0493642483171284,13.074046372475696,13.006731488406864,1.7950635751682877,0.03739715781600599,0.0,0.0,0.0,0.0,0.0,0.0,0.0,0.0,0.0,0.0,0.0,0.0,0.0,0.0,0.0,0.0,nan,nan,4.200763358778626,2.8752960998057544,nan,0.3662,0.1186,0.0,0.0,0.0,0.0,0.0,0.0,0.00037397157816005983,0.0,9.972575417601596e-05,2.493143854400399e-05,0.00037397157816005983,0.006357516828721017,0.006033408127648966,0.008040388930441287,0.0011343804537521816,0.022463226128147593,0.002405883819496385,0.004487658937920718,0.004886561954624782,0.013462976813762155,0.004225878833208676,0.03790825230615807,0.008638743455497382,0.008975317875841436,0.02319870356519571,0.03692346048366991,0.023971578160059834,0.031613064073797055,0.032336075791573174,0.022450760408875593,0.01343804537521815,0.04490152081775119,0.019658439291947147,0.0406507105459985,0.031475941161805035,0.044577412116679135,0.04015208177511843,0.05618299675891299,0.023485415108451757,0.011717776115681875,0.015507354774370482,0.016965843929194716,0.011780104712041885,0.03229867863375717,0.01893542757417103,0.0425205684367988,0.03666168037895787,0.03229867863375717,0.017838444278234854,0.009773123909249564,0.020443779606083273,0.004051358763400648,0.006756419845425081,0.00931189229618549,0.008489154824233357,0.008376963350785341,0.0032161555721765146,0.014634754425330342,0.0026551982049364247,0.021216654200947396,0.01655447519321865,0.0024308152580403888,0.00924956369982548,0.002567938170032411,0.0004487658937920718,0.006295188232361007,0.0005360259286960857,0.0015457491897282473,1.2465719272001995e-05,0.0,0.0,0.0,0.0,0.0,0.0,0.0,0.0,0.0,0.0,0.0,0.0,0.0,0.0,0.0,0.0,0.0,0.0,0.0,0.0,0.0,0.0,0.0,0.0,0.0,0.0,0.0,0.0,0.0,0.0,0.0,0.0,nan,nan,4.200763358778626,2.8752960998057544,nan,0.9188973633010992,0.022648095025768134,0.0,0.0,0.0,0.0,0.0,0.0,0.0,0.0,0.0,0.0,0.0,0.0,0.0,0.0,0.0,0.0,0.0,0.0,0.0,0.0,0.0,0.0,0.0,0.0,0.0,0.4019138755980862,5.712918660287082,16.047846889952158,7.377990430622011,0.45933014354067,0.9180316069298644,0.023077040017282675,0.0,0.0,0.0,0.0,0.0,0.0,0.0,0.0,0.0,0.0,0.0,0.0,0.0,0.0,0.0,0.0,0.0,0.0,0.0,0.0,0.0,0.0,0.0,0.0,0.0,0.3591879229567934,6.277980218636128,16.038521603331603,6.668401874023948,0.6559083810515358,0.3662,0.02165,0.0,0.0,0.0,0.0,0.0,0.0,0.0,0.0,0.0,2.1387559808612444,13.133971291866033,12.961722488038259,1.7511961722488043,0.014354066985645937,0.0,0.0,0.0,0.0,0.0,0.0,0.0,0.0,0.0,0.0,0.0,0.0,0.0,0.0,0.0,0.0,0.3662,0.02208,0.0,0.0,0.0,0.0,0.0,0.0,0.0,0.0,0.07808433107756378,1.9521082769390947,13.008849557522128,13.055700156168644,1.8427902134305054,0.06246746486205103,0.0,0.0,0.0,0.0,0.0,0.0,0.0,0.0,0.0,0.0,0.0,0.0,0.0,0.0,0.0,0.0
69300,3964,2053,0.5179112008072654,1007,784,0.45181634712411706,1071,0.5403632694248234,0.418,3.0397697540554685,3.1150096193546153,6.607985480943738,2.0683970945212726,9321.053284332502,1416.429896838805,7853.0,10745.969191551208,10687.56562060109,17.616511038042997,7853.0,0.0,28.270433905146316,20.744883111047894,33.050999105278855,18.971011517725294,0.1324419778002018,0.09712411705348133,0.09460141271442987,0.08451059535822401,0.08526740665993945,0.07492431886982846,0.07164480322906155,0.06231079717457114,0.05600403632694248,0.05474268415741675,0.04591321897073663,0.04667003027245207,0.03481331987891019,0.028254288597376387,0.016649848637739658,0.008072653884964682,0.006054490413723511,0.9186436681285516,0.02285162907625575,0.0,0.0,0.0,0.0,0.0,0.0,0.0,0.0,0.0,0.0,0.0,0.0,0.0,0.0,0.0,0.0,0.0,0.0,0.0,0.0,0.0,0.0,0.0,0.0,0.015136226034308782,0.3178607467204844,5.910696266397579,15.741675075681133,7.4697275479313845,0.5449041372351161,4.179497098646035,2.8603007610066427,nan,nan,nan,4.098679098679098,2.8495651537108273,4.259630200308166,2.8686586287983915,1.0392690175917745,0.3665,0.02142,0.0,0.0,0.0,0.0,0.0,0.0,0.0,0.0,0.02270433905146317,1.7633703329969732,13.395560040363273,12.994450050454068,1.7936427850655907,0.030272452068617565,0.0,0.0,0.0,0.0,0.0,0.0,0.0,0.0,0.0,0.0,0.0,0.0,0.0,0.0,0.0,0.0,nan,nan,4.179497098646035,2.8603007610066427,nan,0.3665,0.11816,0.0,0.0,0.0,0.0,0.0,0.0,0.0002522704339051463,0.0,0.00029011099899091825,5.0454086781029264e-05,0.00026488395560040365,0.005171543895055499,0.005234611503531786,0.008476286579212917,0.0018920282542885974,0.02260343087790111,0.002194752774974773,0.0034687184661957617,0.0038218970736629667,0.013395560040363269,0.0037840565085771947,0.03930373360242179,0.00977547931382442,0.008476286579212917,0.024117053481331988,0.03780272452068618,0.022969223007063572,0.031142785065590314,0.032315842583249245,0.02462159434914228,0.011692734611503532,0.041649848637739656,0.020093340060544904,0.040867810292633706,0.03380423814328961,0.04574924318869828,0.04014883955600403,0.05684914228052472,0.023700807265388497,0.01160443995963673,0.016157921291624622,0.01729313824419778,0.011553985872855702,0.03384207870837538,0.018806760847628657,0.0406912209889001,0.03671796165489405,0.029679616548940465,0.017558022199798184,0.009510595358224017,0.019752774974772958,0.0040615539858728554,0.007038345105953582,0.008652875882946519,0.010519677093844602,0.009321392532795156,0.0034939455095862764,0.0155146316851665,0.0024974772956609485,0.019979818365287588,0.016813824419778002,0.0029515640766902117,0.009132189707366296,0.0018289606458123109,0.00018920282542885973,0.005877901109989909,0.0008955600403632695,0.0020686175580221997,0.0,0.0,0.0,1.2613521695257316e-05,0.0,0.0,0.0,0.0,0.0,0.0,0.0,0.0,0.0,0.0,0.0,0.0,0.0,0.0,0.0,0.0,0.0,0.0,0.0,0.0,0.0,0.0,0.0,0.0,0.0,0.0,0.0,0.0,0.0,nan,nan,4.179497098646035,2.8603007610066427,nan,0.919394734599099,0.023169701981137734,0.0,0.0,0.0,0.0,0.0,0.0,0.0,0.0,0.0,0.0,0.0,0.0,0.0,0.0,0.0,0.0,0.0,0.0,0.0,0.0,0.0,0.0,0.0,0.0,0.0,0.36531904529956166,5.611300535801267,15.737944471505118,7.584023380418901,0.7014125669751584,0.9178367924278534,0.02247696679566163,0.0,0.0,0.0,0.0,0.0,0.0,0.0,0.0,0.0,0.0,0.0,0.0,0.0,0.0,0.0,0.0,0.0,0.0,0.0,0.0,0.0,0.0,0.0,0.0,0.031397174254317116,0.26687598116169553,6.232339089481948,15.745682888540035,7.346938775510206,0.3767660910518054,0.367,0.02162,0.0,0.0,0.0,0.0,0.0,0.0,0.0,0.0,0.029225523623964935,1.811982464685826,12.946906965416467,13.326838772527989,1.8704335119337558,0.014612761811982468,0.0,0.0,0.0,0.0,0.0,0.0,0.0,0.0,0.0,0.0,0.0,0.0,0.0,0.0,0.0,0.0,0.3662,0.02121,0.0,0.0,0.0,0.0,0.0,0.0,0.0,0.0,0.015698587127158558,1.7111459968602831,13.877551020408166,12.637362637362619,1.7111459968602831,0.04709576138147568,0.0,0.0,0.0,0.0,0.0,0.0,0.0,0.0,0.0,0.0,0.0,0.0,0.0,0.0,0.0,0.0
69400,4085,2157,0.5280293757649939,1021,790,0.44332925336597306,1121,0.5488372093023256,0.43,3.013485477178423,3.105313457426838,6.57380073800738,2.1522098702515775,9349.161254383447,1414.567802318238,7853.0,10744.159477114677,10686.481096039119,17.184762282860685,7853.0,0.0,27.936597307221543,20.92137509904406,32.89533527696793,19.16688581298631,0.14394124847001225,0.0981640146878825,0.08739290085679315,0.08739290085679315,0.08053855569155446,0.0766217870257038,0.07613219094247246,0.06315789473684211,0.05507955936352509,0.04944920440636475,0.04700122399020808,0.03598531211750306,0.033047735618115054,0.027172582619339046,0.021787025703794368,0.010526315789473684,0.006609547123623011,0.9184222224292732,0.022752823152014948,0.0,0.0,0.0,0.0,0.0,0.0,0.0,0.0,0.0,0.0,0.0,0.0,0.0,0.0,0.0,0.0,0.0,0.0,0.0,0.0,0.0,0.0,0.0,0.0,0.007343941248470014,0.33782129742962064,5.95593635250918,15.92900856793146,7.307221542227664,0.46266829865361087,4.280988593155894,2.9305879599057265,nan,nan,nan,4.369465648854962,2.8899904416168565,4.191053828658075,2.967840572072896,0.9591685037634657,0.3662,0.0217,0.0,0.0,0.0,0.0,0.0,0.0,0.0,0.0,0.03671970624235007,1.9094247246022036,13.189718482252145,12.998776009791902,1.8433292533659735,0.02203182374541004,0.0,0.0,0.0,0.0,0.0,0.0,0.0,0.0,0.0,0.0,0.0,0.0,0.0,0.0,0.0,0.0,nan,nan,4.280988593155894,2.9305879599057265,nan,0.3662,0.1191,0.0,0.0,0.0,0.0,0.0,0.0,0.0002815177478580171,1.2239902080783353e-05,0.0004406364749082007,0.0,0.0003059975520195838,0.005079559363525092,0.005189718482252142,0.008763769889840881,0.0017013463892288862,0.02189718482252142,0.0016279069767441861,0.0037943696450428396,0.0030966952264381885,0.014222766217870258,0.0035495716034271724,0.04072215422276622,0.011028151774785801,0.007294981640146879,0.023708690330477355,0.03884944920440637,0.026291309669522644,0.03178702570379437,0.028445532435740516,0.026988984088127294,0.01208078335373317,0.041370869033047736,0.0199265605875153,0.03991432068543452,0.036193390452876374,0.04260709914320685,0.041028151774785804,0.0580905752753978,0.023194614443084457,0.010318237454100368,0.01745410036719706,0.018335373317013463,0.011395348837209301,0.033929008567931455,0.017906976744186048,0.03938800489596083,0.03482252141982864,0.029082007343941247,0.015605875152998777,0.008653610771113832,0.020611995104039167,0.0036597307221542226,0.006903304773561812,0.00806609547123623,0.0098531211750306,0.009755201958384334,0.0029253365973072216,0.014651162790697675,0.0023990208078335374,0.021015911872705018,0.01843329253365973,0.0027172582619339044,0.010012239902080783,0.0015789473684210526,0.0002815177478580171,0.007515299877600979,0.0011383108935128518,0.002105263157894737,0.0,0.0,0.0,0.0,0.0,0.0,0.0,0.0,0.0,0.0,0.0,0.0,0.0,0.0,0.0,0.0,0.0,0.0,0.0,0.0,0.0,0.0,0.0,0.0,0.0,0.0,0.0,0.0,0.0,0.0,0.0,0.0,0.0,nan,nan,4.280988593155894,2.9305879599057265,nan,0.9179189735172963,0.022557058709073687,0.0,0.0,0.0,0.0,0.0,0.0,0.0,0.0,0.0,0.0,0.0,0.0,0.0,0.0,0.0,0.0,0.0,0.0,0.0,0.0,0.0,0.0,0.0,0.0,0.013908205841446458,0.3198887343532685,5.994436717663423,16.2865090403338,6.954102920723228,0.43115438108484017,0.9189852452006083,0.022956790717300245,0.0,0.0,0.0,0.0,0.0,0.0,0.0,0.0,0.0,0.0,0.0,0.0,0.0,0.0,0.0,0.0,0.0,0.0,0.0,0.0,0.0,0.0,0.0,0.0,0.0,0.35788381742738595,5.91286307053942,15.52904564315353,7.7022821576763505,0.4979253112033196,0.3665,0.0218,0.0,0.0,0.0,0.0,0.0,0.0,0.0,0.0,0.027816411682892915,1.919332406119611,13.184979137691242,12.934631432545183,1.9054242002781645,0.027816411682892915,0.0,0.0,0.0,0.0,0.0,0.0,0.0,0.0,0.0,0.0,0.0,0.0,0.0,0.0,0.0,0.0,0.3662,0.0216,0.0,0.0,0.0,0.0,0.0,0.0,0.0,0.0,0.04668049792531121,1.898340248962656,13.195020746887971,13.070539419087119,1.7738589211618263,0.015560165975103738,0.0,0.0,0.0,0.0,0.0,0.0,0.0,0.0,0.0,0.0,0.0,0.0,0.0,0.0,0.0,0.0
69500,4252,2241,0.5270460959548448,1069,851,0.451552210724365,1172,0.5512699905926622,0.426,2.99403281949279,3.150140564522097,6.576991150442478,2.2779826834540193,9346.46869123027,1414.8104701524855,7853.0,10750.201654791832,10686.65857880906,17.26099005564357,7853.0,0.0,27.42521166509878,20.600265420555697,32.41153305203938,18.8491004321487,0.14322671683913452,0.10018814675446848,0.0936030103480715,0.08490122295390405,0.08537158984007526,0.07878645343367827,0.0698494825964252,0.06067732831608655,0.06138287864534337,0.05032925682031985,0.0486829727187206,0.03857008466603951,0.027751646284101598,0.024459078080903106,0.017168391345249296,0.007525870178739417,0.007525870178739417,0.9188254091079125,0.0231944793443367,0.0,0.0,0.0,0.0,0.0,0.0,0.0,0.0,0.0,0.0,0.0,0.0,0.0,0.0,0.0,0.0,0.0,0.0,0.0,0.0,0.0,0.0,0.0,0.0,0.0,0.3245531514581374,6.0042333019755425,15.705550329256823,7.302445907808092,0.6632173095014112,4.264227642276423,2.9646897859460712,nan,nan,nan,4.184268026219956,2.9994391548304082,4.346586646661666,2.9261832417028737,1.0387925963214042,0.3655,0.02113,0.0,0.0,0.0,0.0,0.0,0.0,0.0,0.0,0.021166509877704614,1.820319849482597,14.005174035747887,12.622295390404497,1.516933207902164,0.01411100658513641,0.0,0.0,0.0,0.0,0.0,0.0,0.0,0.0,0.0,0.0,0.0,0.0,0.0,0.0,0.0,0.0,nan,nan,4.264227642276423,2.9646897859460712,nan,0.3655,0.11993,0.0,0.0,0.0,0.0,0.0,1.1759172154280339e-05,0.0003410159924741298,0.0,0.0005997177798682973,0.0,0.0003292568203198495,0.005032925682031985,0.005820790216368768,0.008701787394167451,0.0017168391345249293,0.022401222953904044,0.0013405456255879587,0.0035042333019755408,0.002845719661335842,0.016462841015992474,0.004327375352775165,0.039334430856067734,0.010312793979303857,0.006514581373471308,0.023083254938852306,0.04206255879586077,0.02742238946378175,0.03217309501411101,0.0284689557855127,0.02676387582314205,0.011712135465663217,0.04402634054562559,0.021742709313264347,0.03837017873941675,0.0355832549388523,0.04038099717779868,0.041368767638758235,0.05649106302916275,0.021977892756349954,0.011018344308560678,0.018932267168391345,0.0180620884289746,0.009912982126058326,0.03346660395108184,0.01768579492003763,0.03793508936970837,0.03555973659454374,0.02883349012229539,0.015921919096895578,0.007596425211665099,0.02014346190028222,0.003374882408278457,0.006867356538099717,0.008701787394167451,0.009454374412041392,0.008784101599247413,0.0026105362182502353,0.014757761053621825,0.0021989651928504233,0.020261053621825023,0.020025870178739417,0.002363593603010348,0.009571966133584195,0.002057855126999059,7.055503292568203e-05,0.009078080903104422,0.001634524929444967,0.0018579492003762935,0.0,3.5277516462841014e-05,0.0,0.0,0.0,0.0,0.0,0.0,0.0,0.0,0.0,0.0,0.0,0.0,0.0,0.0,0.0,0.0,0.0,0.0,0.0,0.0,0.0,0.0,0.0,0.0,0.0,0.0,0.0,0.0,0.0,0.0,0.0,nan,nan,4.264227642276423,2.9646897859460712,nan,0.9191196648896884,0.023227778902260493,0.0,0.0,0.0,0.0,0.0,0.0,0.0,0.0,0.0,0.0,0.0,0.0,0.0,0.0,0.0,0.0,0.0,0.0,0.0,0.0,0.0,0.0,0.0,0.0,0.0,0.22757697456492643,5.917001338688087,15.783132530120485,7.336010709504687,0.7362784471218208,0.9184974990099712,0.02315290948500895,0.0,0.0,0.0,0.0,0.0,0.0,0.0,0.0,0.0,0.0,0.0,0.0,0.0,0.0,0.0,0.0,0.0,0.0,0.0,0.0,0.0,0.0,0.0,0.0,0.0,0.43262058677275,6.1014420686225765,15.619094977623076,7.265042267528594,0.5818000994530086,0.3655,0.02115,0.0,0.0,0.0,0.0,0.0,0.0,0.0,0.0,0.013386880856760378,1.7135207496653284,14.016064257028116,12.717536813922338,1.526104417670683,0.013386880856760378,0.0,0.0,0.0,0.0,0.0,0.0,0.0,0.0,0.0,0.0,0.0,0.0,0.0,0.0,0.0,0.0,0.3655,0.02112,0.0,0.0,0.0,0.0,0.0,0.0,0.0,0.0,0.02983590253605172,1.939333664843362,13.993038289408258,12.516161113873677,1.506713078070612,0.01491795126802586,0.0,0.0,0.0,0.0,0.0,0.0,0.0,0.0,0.0,0.0,0.0,0.0,0.0,0.0,0.0,0.0
69600,4380,2303,0.5257990867579909,1083,883,0.4488584474885845,1213,0.5538812785388127,0.438,3.052961001444391,3.1998265397318377,6.795454545454546,2.2372670726195367,9342.671298201118,1414.7502995232583,7853.0,10743.968648910522,10686.156876300865,17.795222048606092,7853.0,0.0,27.871917808219177,20.865316887922578,32.83183673469388,19.11649980131343,0.1408675799086758,0.09703196347031963,0.09611872146118722,0.08470319634703197,0.08150684931506849,0.07123287671232877,0.07237442922374429,0.07054794520547945,0.056164383561643834,0.052054794520547946,0.04474885844748858,0.039269406392694065,0.02899543378995434,0.02671232876712329,0.020319634703196348,0.009817351598173516,0.007534246575342466,0.9186338555050767,0.02333060603245834,0.0,0.0,0.0,0.0,0.0,0.0,0.0,0.0,0.0,0.0,0.0,0.0,0.0,0.0,0.0,0.0,0.0,0.0,0.0,0.0,0.0,0.0,0.0,0.0,0.0,0.41095890410958913,5.965753424657536,15.589041095890414,7.493150684931509,0.541095890410959,4.33250266998932,2.9491623797246063,nan,nan,nan,4.361565836298932,2.950640747732268,4.303418803418803,2.9473953431689788,0.9866683124679209,0.3652,0.02158,0.0,0.0,0.0,0.0,0.0,0.0,0.0,0.0,0.03424657534246576,2.0547945205479454,13.876712328767127,12.369863013698613,1.6369863013698633,0.027397260273972608,0.0,0.0,0.0,0.0,0.0,0.0,0.0,0.0,0.0,0.0,0.0,0.0,0.0,0.0,0.0,0.0,nan,nan,4.33250266998932,2.9491623797246063,nan,0.3652,0.1205,0.0,0.0,0.0,0.0,0.0,0.0,0.0003767123287671233,0.0,0.0005821917808219178,0.0,0.0005707762557077625,0.004931506849315068,0.006027397260273973,0.00845890410958904,0.0014726027397260273,0.024840182648401828,0.0013242009132420091,0.00386986301369863,0.0028995433789954336,0.017203196347031963,0.004189497716894977,0.039863013698630136,0.009863013698630137,0.006289954337899544,0.02324200913242009,0.04069634703196347,0.025547945205479452,0.029794520547945205,0.03023972602739726,0.02656392694063927,0.01365296803652968,0.04361872146118721,0.02288812785388128,0.037636986301369864,0.03605022831050228,0.0413013698630137,0.041643835616438356,0.05579908675799087,0.022728310502283106,0.009920091324200913,0.01728310502283105,0.016792237442922374,0.010605022831050229,0.03367579908675799,0.01699771689497717,0.03756849315068493,0.03526255707762557,0.028618721461187213,0.014041095890410958,0.007888127853881278,0.021986301369863015,0.003047945205479452,0.006952054794520548,0.008356164383561644,0.010422374429223745,0.009509132420091325,0.003447488584474886,0.015125570776255707,0.002271689497716895,0.02195205479452055,0.018356164383561645,0.0018835616438356165,0.009794520547945206,0.0014726027397260273,0.0002968036529680365,0.00834474885844749,0.0017123287671232876,0.002214611872146119,0.0,3.424657534246575e-05,0.0,0.0,0.0,0.0,0.0,0.0,0.0,0.0,0.0,0.0,0.0,0.0,0.0,0.0,0.0,0.0,0.0,0.0,0.0,0.0,0.0,0.0,0.0,0.0,0.0,0.0,0.0,0.0,0.0,0.0,0.0,nan,nan,4.33250266998932,2.9491623797246063,nan,0.9185823360009138,0.023497188690557,0.0,0.0,0.0,0.0,0.0,0.0,0.0,0.0,0.0,0.0,0.0,0.0,0.0,0.0,0.0,0.0,0.0,0.0,0.0,0.0,0.0,0.0,0.0,0.0,0.0,0.5210594876248372,5.900998697351283,15.81415544941381,7.190620929222755,0.573165436387321,0.9186909808869195,0.02314436157719023,0.0,0.0,0.0,0.0,0.0,0.0,0.0,0.0,0.0,0.0,0.0,0.0,0.0,0.0,0.0,0.0,0.0,0.0,0.0,0.0,0.0,0.0,0.0,0.0,0.0,0.28887818969667794,6.03755416466057,15.3394318728936,7.8285989407799725,0.5055368319691864,0.365,0.02197,0.0,0.0,0.0,0.0,0.0,0.0,0.0,0.0,0.05210594876248373,2.1754233608336957,13.847155883630052,12.192792010421172,1.7064698219713421,0.026052974381241864,0.0,0.0,0.0,0.0,0.0,0.0,0.0,0.0,0.0,0.0,0.0,0.0,0.0,0.0,0.0,0.0,0.3652,0.02112,0.0,0.0,0.0,0.0,0.0,0.0,0.0,0.0,0.014443909484833898,1.9210399614829086,13.909484833895045,12.566201251805472,1.559942224362061,0.028887818969667797,0.0,0.0,0.0,0.0,0.0,0.0,0.0,0.0,0.0,0.0,0.0,0.0,0.0,0.0,0.0,0.0
69700,4698,2366,0.5036185610898255,1134,1004,0.4550872711792252,1345,0.5725840783312047,0.414,2.9369639794168094,3.093575877333961,6.666666666666667,2.063490872271016,9280.337101711573,1417.098775440597,7853.0,10746.164180397987,10687.163019374882,17.493090949849154,7853.0,0.0,27.029799914857385,20.428591159000053,31.97986235024216,18.72423139890942,0.14303959131545338,0.10451255853554704,0.09855257556406982,0.0857811834823329,0.08109833971902937,0.0800340570455513,0.06747552149851001,0.06683695189442315,0.05917411664538101,0.05151128139633887,0.043635589612601104,0.037249893571732653,0.0280970625798212,0.02022137079608344,0.013409961685823755,0.012984248616432525,0.006385696040868455,0.9200107309477235,0.023222752642553596,0.0,0.0,0.0,0.0,0.0,0.0,0.0,0.0,0.0,0.0,0.0,0.0,0.0,0.0,0.0,0.0,0.0,0.0,0.0,0.0,0.0,0.0,0.0,0.0,0.019157088122605366,0.3256704980842912,5.478927203065136,15.747126436781612,7.675606641123884,0.7535121328224779,4.37123745819398,2.9190830111334374,nan,nan,nan,4.296695886716116,2.8845454934657977,4.444591904445919,2.9508384448411005,1.0344208716718923,0.365,0.02136,0.0,0.0,0.0,0.0,0.0,0.0,0.0,0.0,0.025542784163473824,2.017879948914432,13.89527458492976,12.496807151979548,1.5453384418901663,0.019157088122605366,0.0,0.0,0.0,0.0,0.0,0.0,0.0,0.0,0.0,0.0,0.0,0.0,0.0,0.0,0.0,0.0,nan,nan,4.37123745819398,2.9190830111334374,nan,0.365,0.1196,0.0,0.0,0.0,0.0,0.0,0.0,0.00023414218816517667,0.0,0.0002022137079608344,0.0,0.0003299276287782035,0.004480630055342699,0.00631119625372499,0.009504044274159216,0.0018199233716475096,0.023552575564069818,0.001011068539804172,0.0036292039165602384,0.003299276287782035,0.016868880374627502,0.0036292039165602384,0.038239676458067265,0.009472115793954874,0.005885483184333759,0.023935717326521923,0.03863346104725415,0.026319710515112813,0.030928054491272883,0.03238612175393785,0.02917198808003406,0.014580672626649638,0.04245423584504044,0.02318007662835249,0.038452532992762876,0.03521711366538953,0.04183695189442316,0.04306087696892295,0.056236696466581526,0.02123243933588761,0.011632609621115368,0.017784163473818646,0.01756066411238825,0.011057896977437207,0.0334078331204768,0.01646445295870583,0.0376117496807152,0.035014899957428694,0.02755427841634738,0.015240527884206045,0.00632183908045977,0.022520221370796085,0.0026181353767560666,0.006023839931885909,0.008737760749255002,0.009333759046402724,0.011249467858663261,0.003341847594721158,0.013452532992762879,0.0011174968071519795,0.020040442741592168,0.018891017454235846,0.0016496381438910175,0.009876543209876543,0.0018305661983822902,0.0001809280544912729,0.008620689655172414,0.0018944231587909748,0.0028735632183908046,0.0,0.0,0.0,0.0,0.0,0.0,0.0,0.0,0.0,0.0,0.0,0.0,0.0,0.0,0.0,0.0,0.0,0.0,0.0,0.0,0.0,0.0,0.0,0.0,0.0,0.0,0.0,0.0,0.0,0.0,0.0,0.0,0.0,nan,nan,4.37123745819398,2.9190830111334374,nan,0.9206266819372685,0.02319877016296849,0.0,0.0,0.0,0.0,0.0,0.0,0.0,0.0,0.0,0.0,0.0,0.0,0.0,0.0,0.0,0.0,0.0,0.0,0.0,0.0,0.0,0.0,0.0,0.0,0.025359256128486905,0.3423499577345732,5.122569737954354,15.874894336432801,7.810650887573966,0.8241758241758244,0.9193857995406637,0.023230374702784336,0.0,0.0,0.0,0.0,0.0,0.0,0.0,0.0,0.0,0.0,0.0,0.0,0.0,0.0,0.0,0.0,0.0,0.0,0.0,0.0,0.0,0.0,0.0,0.0,0.01286449399656947,0.3087478559176673,5.84048027444254,15.617495711835337,7.53859348198971,0.681818181818182,0.3647,0.02115,0.0,0.0,0.0,0.0,0.0,0.0,0.0,0.0,0.025359256128486905,1.9780219780219783,13.858833474218093,12.6415891800507,1.4835164835164838,0.012679628064243453,0.0,0.0,0.0,0.0,0.0,0.0,0.0,0.0,0.0,0.0,0.0,0.0,0.0,0.0,0.0,0.0,0.365,0.02158,0.0,0.0,0.0,0.0,0.0,0.0,0.0,0.0,0.02572898799313894,2.0583190394511153,13.932246998284738,12.349914236706672,1.608061749571184,0.02572898799313894,0.0,0.0,0.0,0.0,0.0,0.0,0.0,0.0,0.0,0.0,0.0,0.0,0.0,0.0,0.0,0.0
69800,4720,2371,0.5023305084745763,1140,980,0.4491525423728814,1331,0.5639830508474576,0.41,2.8935717326521924,3.073070174123684,6.425339366515837,2.2010741579812643,9276.509593437057,1416.944799717696,7853.0,10751.532499074936,10686.81074695188,17.5853963569675,7853.0,0.0,27.846822033898306,20.882653637681656,32.8582995951417,19.12786354798263,0.14216101694915254,0.09809322033898304,0.09300847457627119,0.09088983050847457,0.08072033898305085,0.07182203389830509,0.0646186440677966,0.06673728813559322,0.06122881355932203,0.052754237288135594,0.04406779661016949,0.0423728813559322,0.02923728813559322,0.02478813559322034,0.020550847457627117,0.01059322033898305,0.006355932203389831,0.9199989010343107,0.023151826929174096,0.0,0.0,0.0,0.0,0.0,0.0,0.0,0.0,0.0,0.0,0.0,0.0,0.0,0.0,0.0,0.0,0.0,0.0,0.0,0.0,0.0,0.0,0.0,0.0,0.0,0.27330508474576276,5.466101694915256,15.915254237288138,7.576271186440679,0.7690677966101697,4.244817374136229,2.9013536839928986,nan,nan,nan,4.302868579052702,2.8900807638001353,4.188311688311688,2.9111730141705445,0.9733766233766233,0.3645,0.02106,0.0,0.0,0.0,0.0,0.0,0.0,0.0,0.0,0.03177966101694916,2.0656779661016955,14.103813559322036,12.41949152542371,1.3728813559322037,0.006355932203389832,0.0,0.0,0.0,0.0,0.0,0.0,0.0,0.0,0.0,0.0,0.0,0.0,0.0,0.0,0.0,0.0,nan,nan,4.244817374136229,2.9013536839928986,nan,0.3645,0.11975,0.0,0.0,0.0,0.0,0.0,0.0,0.00045550847457627116,2.1186440677966103e-05,0.0002754237288135593,0.0,0.00018008474576271187,0.005031779661016949,0.006673728813559322,0.010010593220338983,0.0020444915254237287,0.022966101694915253,0.0008050847457627119,0.003538135593220339,0.0035911016949152544,0.017616525423728813,0.0030614406779661016,0.039978813559322035,0.00948093220338983,0.0059427966101694915,0.021419491525423728,0.041334745762711865,0.024565677966101696,0.030286016949152544,0.03103813559322034,0.029544491525423728,0.014915254237288136,0.041578389830508475,0.02322033898305085,0.03871822033898305,0.03366525423728813,0.0404343220338983,0.04605932203389831,0.053146186440677964,0.022828389830508476,0.012309322033898305,0.018908898305084746,0.0175635593220339,0.011292372881355933,0.03133474576271186,0.01666313559322034,0.041875,0.03155720338983051,0.027235169491525425,0.01551906779661017,0.006377118644067797,0.023379237288135592,0.0027754237288135594,0.0065360169491525425,0.009364406779661017,0.007891949152542373,0.011938559322033897,0.004375,0.014078389830508475,0.0010381355932203389,0.021027542372881357,0.01781779661016949,0.0015572033898305084,0.008527542372881355,0.0013771186440677966,0.00030720338983050846,0.007764830508474576,0.0022139830508474574,0.002944915254237288,0.0,2.1186440677966103e-05,0.0,0.0,0.0,0.0,0.0,0.0,0.0,0.0,0.0,0.0,0.0,0.0,0.0,0.0,0.0,0.0,0.0,0.0,0.0,0.0,0.0,0.0,0.0,0.0,0.0,0.0,0.0,0.0,0.0,0.0,0.0,nan,nan,4.244817374136229,2.9013536839928986,nan,0.9202475637536871,0.022744977504572758,0.0,0.0,0.0,0.0,0.0,0.0,0.0,0.0,0.0,0.0,0.0,0.0,0.0,0.0,0.0,0.0,0.0,0.0,0.0,0.0,0.0,0.0,0.0,0.0,0.0,0.1771404470687474,5.402783635596796,16.107127794179675,7.528469000421764,0.7844791227330242,0.9197479094176051,0.02355269954581738,0.0,0.0,0.0,0.0,0.0,0.0,0.0,0.0,0.0,0.0,0.0,0.0,0.0,0.0,0.0,0.0,0.0,0.0,0.0,0.0,0.0,0.0,0.0,0.0,0.0,0.37037037037037046,5.530012771392084,15.721583652618138,7.624521072796936,0.7535121328224779,0.3645,0.0216,0.0,0.0,0.0,0.0,0.0,0.0,0.0,0.0,0.0253057781526782,2.2522142555883597,13.816954871362297,12.311261071277924,1.5816111345423876,0.0126528890763391,0.0,0.0,0.0,0.0,0.0,0.0,0.0,0.0,0.0,0.0,0.0,0.0,0.0,0.0,0.0,0.0,0.3645,0.02048,0.0,0.0,0.0,0.0,0.0,0.0,0.0,0.0,0.03831417624521073,1.877394636015326,14.3933588761175,12.52873563218389,1.162196679438059,0.0,0.0,0.0,0.0,0.0,0.0,0.0,0.0,0.0,0.0,0.0,0.0,0.0,0.0,0.0,0.0,0.0
69900,4704,2482,0.5276360544217688,1165,931,0.445578231292517,1313,0.5582482993197279,0.414,3.027902790279028,3.0429175879237844,6.359165424739195,2.0890892248360675,9348.076402451514,1414.6560873398012,7853.0,10749.620419621468,10686.53722688635,16.897369762185058,7853.0,0.0,28.67453231292517,21.033999793555253,33.68375852488002,19.148032528245313,0.13732993197278912,0.09119897959183673,0.09247448979591837,0.07971938775510204,0.0818452380952381,0.07950680272108844,0.06972789115646258,0.06313775510204081,0.057610544217687076,0.05335884353741496,0.05293367346938776,0.04017857142857143,0.036564625850340135,0.027210884353741496,0.01764455782312925,0.012967687074829932,0.006590136054421769,0.9195245247030136,0.022985166432598993,0.0,0.0,0.0,0.0,0.0,0.0,0.0,0.0,0.0,0.0,0.0,0.0,0.0,0.0,0.0,0.0,0.0,0.0,0.0,0.0,0.0,0.0,0.0,0.0,0.0,0.2806122448979592,5.6696428571428585,15.758928571428575,7.716836734693879,0.5739795918367347,4.230371567043619,2.9002114051794163,nan,nan,nan,4.273381294964029,2.9572633552755963,4.18837803320562,2.8427753963606546,0.9801086643359952,0.3647,0.021,0.0,0.0,0.0,0.0,0.0,0.0,0.0,0.0,0.019132653061224494,1.9260204081632657,14.183673469387758,12.474489795918348,1.3711734693877555,0.02551020408163266,0.0,0.0,0.0,0.0,0.0,0.0,0.0,0.0,0.0,0.0,0.0,0.0,0.0,0.0,0.0,0.0,nan,nan,4.230371567043619,2.9002114051794163,nan,0.3647,0.1195,0.0,0.0,0.0,0.0,0.0,0.0,0.0006058673469387755,0.0,0.00014880952380952382,0.0,1.0629251700680271e-05,0.004974489795918367,0.005909863945578232,0.008907312925170068,0.0015943877551020409,0.022576530612244898,0.0007759353741496599,0.0036245748299319727,0.0040284863945578234,0.017857142857142856,0.0026785714285714286,0.040082908163265304,0.00970450680272109,0.006069302721088435,0.022587159863945577,0.04345238095238095,0.024447278911564625,0.032259778911564625,0.029177295918367346,0.03176020408163265,0.014742772108843538,0.04126275510204082,0.023894557823129253,0.03636267006802721,0.03253613945578231,0.04101828231292517,0.045184948979591834,0.051828231292517006,0.02269345238095238,0.013265306122448979,0.019387755102040816,0.018229166666666668,0.00898171768707483,0.032610544217687075,0.01688988095238095,0.04105017006802721,0.03274872448979592,0.026445578231292517,0.01523171768707483,0.007079081632653061,0.02225765306122449,0.0025935374149659864,0.006356292517006802,0.01016156462585034,0.008003826530612245,0.012170493197278911,0.006207482993197279,0.015125425170068027,0.0007865646258503401,0.019345238095238096,0.017697704081632654,0.0017006802721088435,0.008832908163265306,0.0012329931972789115,0.00021258503401360543,0.006483843537414966,0.002614795918367347,0.0034332482993197277,0.0,0.00010629251700680272,0.0,0.0,0.0,0.0,0.0,0.0,0.0,0.0,0.0,0.0,0.0,0.0,0.0,0.0,0.0,0.0,0.0,0.0,0.0,0.0,0.0,0.0,0.0,0.0,0.0,0.0,0.0,0.0,0.0,0.0,0.0,nan,nan,4.230371567043619,2.9002114051794163,nan,0.9197303491864447,0.022704758528853144,0.0,0.0,0.0,0.0,0.0,0.0,0.0,0.0,0.0,0.0,0.0,0.0,0.0,0.0,0.0,0.0,0.0,0.0,0.0,0.0,0.0,0.0,0.0,0.0,0.0,0.2659145850120871,5.620467365028205,15.725221595487513,7.904915390813861,0.48348106365834015,0.9192946163466339,0.0232922443270005,0.0,0.0,0.0,0.0,0.0,0.0,0.0,0.0,0.0,0.0,0.0,0.0,0.0,0.0,0.0,0.0,0.0,0.0,0.0,0.0,0.0,0.0,0.0,0.0,0.0,0.29702970297029707,5.724572457245726,15.7965796579658,7.506750675067509,0.6750675067506752,0.3647,0.02075,0.0,0.0,0.0,0.0,0.0,0.0,0.0,0.0,0.02417405318291701,1.825141015310234,14.443996776792911,12.328767123287653,1.3416599516518941,0.03626107977437551,0.0,0.0,0.0,0.0,0.0,0.0,0.0,0.0,0.0,0.0,0.0,0.0,0.0,0.0,0.0,0.0,0.365,0.02127,0.0,0.0,0.0,0.0,0.0,0.0,0.0,0.0,0.013501350135013504,2.0387038703870393,13.892889288928895,12.63726372637262,1.4041404140414044,0.013501350135013504,0.0,0.0,0.0,0.0,0.0,0.0,0.0,0.0,0.0,0.0,0.0,0.0,0.0,0.0,0.0,0.0
70000,4645,2448,0.5270182992465016,1171,930,0.45231431646932185,1269,0.5463939720129171,0.434,3.1069640418752846,3.1130909410380387,6.590138674884438,2.096654054492715,9345.788808110507,1414.2456111948654,7853.0,10756.693974375725,10685.517979441709,17.311217457092283,7853.0,0.0,28.38794402583423,21.103379375564174,33.359426963417754,19.3037414681142,0.1395048439181916,0.09752421959095801,0.09063509149623251,0.07922497308934338,0.08116254036598493,0.07944025834230355,0.07168998923573736,0.06221743810548978,0.06178686759956943,0.048869752421959095,0.04951560818083961,0.03918191603875135,0.03186221743810549,0.026695371367061356,0.02109795479009688,0.011194833153928956,0.008396124865446717,0.9187049891771618,0.02293083274873184,0.0,0.0,0.0,0.0,0.0,0.0,0.0,0.0,0.0,0.0,0.0,0.0,0.0,0.0,0.0,0.0,0.0,0.0,0.0,0.0,0.0,0.0,0.0,0.0,0.0,0.36167922497308946,5.877287405812703,15.965554359526376,7.207750269106568,0.5877287405812702,4.3192751235584845,2.8762289060545347,nan,nan,nan,4.300392670157068,2.878099258745665,4.338645418326693,2.875145453524032,1.008895175651071,0.3643,0.02115,0.0,0.0,0.0,0.0,0.0,0.0,0.0,0.0,0.019375672766415504,2.002152852529602,14.20882669537137,12.432723358449929,1.311087190527449,0.025834230355220672,0.0,0.0,0.0,0.0,0.0,0.0,0.0,0.0,0.0,0.0,0.0,0.0,0.0,0.0,0.0,0.0,nan,nan,4.3192751235584845,2.8762289060545347,nan,0.3643,0.119,0.0,0.0,0.0,0.0,0.0,0.0,0.00039827771797631864,0.0,2.1528525296017223e-05,0.0,0.0,0.00511302475780409,0.005188374596340151,0.008493003229278795,0.0019483315392895587,0.021270182992465015,0.0003767491926803014,0.0034230355220667384,0.004940796555435952,0.019257265877287405,0.0023358449946178686,0.03923573735199139,0.010527448869752421,0.00658772874058127,0.022755651237890206,0.04572658772874058,0.02373519913885899,0.03336921420882669,0.028891280947255113,0.03046286329386437,0.015769644779332615,0.03969860064585576,0.025446716899892356,0.03904198062432723,0.03439181916038751,0.038428417653390744,0.046598493003229276,0.051033369214208826,0.021356297093649085,0.01604951560818084,0.02022604951560818,0.017168998923573736,0.009956942949407965,0.030430570505920344,0.0155005382131324,0.040129171151776104,0.03278794402583423,0.02603875134553283,0.014402583423035522,0.007373519913885899,0.021754574811625405,0.00263724434876211,0.005328310010764263,0.010301399354144241,0.008493003229278795,0.011851453175457482,0.005382131324004306,0.015306781485468246,0.0005597416576964478,0.019386437029063508,0.018363832077502692,0.002292787944025834,0.008363832077502692,0.001194833153928956,0.0003659849300322928,0.005726587728740581,0.0027664155005382132,0.0038858988159311087,0.0,0.00015069967707212055,0.0,0.0,0.0,0.0,0.0,0.0,0.0,0.0,0.0,0.0,0.0,0.0,0.0,0.0,0.0,0.0,0.0,0.0,0.0,0.0,0.0,0.0,0.0,0.0,0.0,0.0,0.0,0.0,0.0,0.0,0.0,nan,nan,4.3192751235584845,2.8762289060545347,nan,0.91865167343149,0.022850612299488038,0.0,0.0,0.0,0.0,0.0,0.0,0.0,0.0,0.0,0.0,0.0,0.0,0.0,0.0,0.0,0.0,0.0,0.0,0.0,0.0,0.0,0.0,0.0,0.0,0.0,0.465686274509804,5.502450980392158,16.38480392156863,7.107843137254903,0.5392156862745099,0.9187643960708372,0.023019743384581126,0.0,0.0,0.0,0.0,0.0,0.0,0.0,0.0,0.0,0.0,0.0,0.0,0.0,0.0,0.0,0.0,0.0,0.0,0.0,0.0,0.0,0.0,0.0,0.0,0.0,0.2457897132453346,6.294947655894403,15.498406918525266,7.319071461083297,0.641784251251707,0.3638,0.02138,0.0,0.0,0.0,0.0,0.0,0.0,0.0,0.0,0.024509803921568634,2.169117647058824,14.215686274509807,12.205882352941158,1.3480392156862748,0.03676470588235295,0.0,0.0,0.0,0.0,0.0,0.0,0.0,0.0,0.0,0.0,0.0,0.0,0.0,0.0,0.0,0.0,0.3645,0.02086,0.0,0.0,0.0,0.0,0.0,0.0,0.0,0.0,0.013654984069185257,1.816112881201639,14.201183431952666,12.685480200273082,1.2699135184342287,0.013654984069185257,0.0,0.0,0.0,0.0,0.0,0.0,0.0,0.0,0.0,0.0,0.0,0.0,0.0,0.0,0.0,0.0
70100,4913,2550,0.5190311418685121,1201,986,0.44514553226134745,1354,0.5511907185019337,0.422,3.045704612780364,3.2343286611291253,6.9072327044025155,2.175306936182427,9322.808400770129,1414.9464836438979,7853.0,10744.381245970726,10684.83085215045,17.640206815598326,7853.0,0.0,27.75697130063098,20.885524510521044,32.71796116504854,19.1593108425031,0.14024017911662934,0.09708935477305108,0.09871768776714838,0.09240789741502137,0.07571748422552411,0.07571748422552411,0.06716873600651334,0.06676165275798901,0.05454915530225931,0.04986769794422959,0.04783228170160798,0.039690616731121516,0.03582332587014044,0.023203745165886424,0.016893954813759413,0.012416039079991859,0.005902707103602686,0.9177822604238587,0.02308964464009308,0.0,0.0,0.0,0.0,0.0,0.0,0.0,0.0,0.0,0.0,0.0,0.0,0.0,0.0,0.0,0.0,0.0,0.0,0.0,0.0,0.0,0.0,0.0,0.0,0.00610624872786485,0.4152249134948098,6.210054956238552,15.980052920822311,6.875636067575821,0.5129248931406474,4.365721567378146,2.975751617216826,nan,nan,nan,4.3206011271133375,2.9572038510610157,4.410772225827385,2.994368625597804,1.0208700354559903,0.3638,0.02159,0.0,0.0,0.0,0.0,0.0,0.0,0.0,0.0,0.00610624872786485,2.3325870140443725,14.514553226134748,11.754528801139816,1.349480968858132,0.04274374109505395,0.0,0.0,0.0,0.0,0.0,0.0,0.0,0.0,0.0,0.0,0.0,0.0,0.0,0.0,0.0,0.0,nan,nan,4.365721567378146,2.975751617216826,nan,0.3638,0.1195,0.0,0.0,0.0,0.0,0.0,0.0,0.00029513535518013435,0.0,0.0,0.0,0.0,0.005180134337472013,0.005556686342357012,0.009077956442092408,0.002106655811113373,0.02067982902503562,0.00033584368003256666,0.002768166089965398,0.005668634235701201,0.019967433340118055,0.003144718094850397,0.03962955424384287,0.01002442499491146,0.006208019539995929,0.02289843272949318,0.04421941787095461,0.025788723794015877,0.036576429879910444,0.026389171585589254,0.03069407693873397,0.016008548748219012,0.04040301241603908,0.02497455729696723,0.0396702625686953,0.03383879503358437,0.038367596173417465,0.04400569916547934,0.05160797883167108,0.02290860981070629,0.014237736617138204,0.018145735802971706,0.017514756767759005,0.009291675147567678,0.029035212700997355,0.017565642173824548,0.040158762466924486,0.034744555261550986,0.02454711988601669,0.013922247099531854,0.008131487889273356,0.02067982902503562,0.002910645226948911,0.005556686342357012,0.009535925096682272,0.008508039894158355,0.01245674740484429,0.005312436393242418,0.01532668430694077,0.0005699165479340525,0.01972318339100346,0.01786077752900468,0.0028699369020964787,0.008111133726847141,0.0011907185019336454,0.0003256665988194586,0.005984123753307552,0.0032363118257683694,0.003388968043964991,0.0,0.0001526562181966212,0.0,0.0,1.0177081213108081e-05,0.0,0.0,0.0,0.0,0.0,0.0,0.0,0.0,0.0,0.0,0.0,0.0,0.0,0.0,0.0,0.0,0.0,0.0,0.0,0.0,0.0,0.0,0.0,0.0,0.0,0.0,0.0,0.0,nan,nan,4.365721567378146,2.975751617216826,nan,0.9175680722442328,0.022816376725551774,0.0,0.0,0.0,0.0,0.0,0.0,0.0,0.0,0.0,0.0,0.0,0.0,0.0,0.0,0.0,0.0,0.0,0.0,0.0,0.0,0.0,0.0,0.0,0.0,0.011764705882352944,0.4352941176470589,6.082352941176472,16.38823529411765,6.5882352941176485,0.4941176470588236,0.9180133987471959,0.023378754068994263,0.0,0.0,0.0,0.0,0.0,0.0,0.0,0.0,0.0,0.0,0.0,0.0,0.0,0.0,0.0,0.0,0.0,0.0,0.0,0.0,0.0,0.0,0.0,0.0,0.0,0.393567498942023,6.347862886161661,15.539568345323744,7.185780787134999,0.5332204824375795,0.3638,0.02179,0.0,0.0,0.0,0.0,0.0,0.0,0.0,0.0,0.011764705882352944,2.3764705882352946,14.282352941176473,11.78823529411763,1.5176470588235298,0.02352941176470589,0.0,0.0,0.0,0.0,0.0,0.0,0.0,0.0,0.0,0.0,0.0,0.0,0.0,0.0,0.0,0.0,0.3638,0.02138,0.0,0.0,0.0,0.0,0.0,0.0,0.0,0.0,0.0,2.285230639018198,14.765129073212021,11.718154887854405,1.1680067710537454,0.0634786288616166,0.0,0.0,0.0,0.0,0.0,0.0,0.0,0.0,0.0,0.0,0.0,0.0,0.0,0.0,0.0,0.0
70200,4737,2390,0.5045387375976357,1148,961,0.44521849271690944,1324,0.5590035887692633,0.39799999999999996,2.9326800170430336,3.0206901529069663,6.295058139534884,2.119642081757986,9282.11306922635,1416.2541689661173,7853.0,10743.153063893318,10685.51406231181,17.64973954960949,7853.0,0.0,28.466540004222082,21.142054726641803,33.30062421972534,19.413408036595957,0.1334177749630568,0.1057631412286257,0.08971923158116951,0.08570825416930547,0.077897403419886,0.06966434452184928,0.06839772007599747,0.06333122229259025,0.059742453029343466,0.0593202448807262,0.04665400042220815,0.04158750263880093,0.03103229892336922,0.028287945957356977,0.02132151150517205,0.01118851593835761,0.006966434452184927,0.9187085836628758,0.022863570701026067,0.0,0.0,0.0,0.0,0.0,0.0,0.0,0.0,0.0,0.0,0.0,0.0,0.0,0.0,0.0,0.0,0.0,0.0,0.0,0.0,0.0,0.0,0.0,0.0,0.0,0.3673210892970235,5.59214692843572,16.276124129195697,7.200759974667513,0.5636478784040533,4.208726799088245,2.7677496876292262,nan,nan,nan,4.30638852672751,2.7468124696529106,4.111255692908263,2.7850767942456454,0.9546875920256246,0.364,0.02182,0.0,0.0,0.0,0.0,0.0,0.0,0.0,0.0,0.006333122229259026,2.46991766941102,14.198860037998736,11.861937935402135,1.443951868271058,0.01899936668777708,0.0,0.0,0.0,0.0,0.0,0.0,0.0,0.0,0.0,0.0,0.0,0.0,0.0,0.0,0.0,0.0,nan,nan,4.208726799088245,2.7677496876292262,nan,0.364,0.1196,0.0,0.0,0.0,0.0,0.0,0.0,0.00023221448173949756,0.0,0.0,0.0,1.0555203715431708e-05,0.006195904580958413,0.004528182393920202,0.010154105974245303,0.002417141650833861,0.021036521004855393,0.00037998733375554147,0.0029449018366054466,0.005826472450918303,0.01941101963267891,0.0031560059109140806,0.03855815917247203,0.009636900992189149,0.007388642600802195,0.02335866582225037,0.03972978678488495,0.025606924213637323,0.03937090985856027,0.024804728731264512,0.029375131940046442,0.017532193371332067,0.04214692843571881,0.022672577580747307,0.039465906691999154,0.036109351910491874,0.03804095419041587,0.04436352121595947,0.04739286468228837,0.023221448173949756,0.014323411441840827,0.019791006966434453,0.016297234536626556,0.01118851593835761,0.029786784884948278,0.01760607979734009,0.04118640489761453,0.03393497994511294,0.024181971712054044,0.013774540848638378,0.008148617268313278,0.01915769474350855,0.0026071353177116318,0.00599535571036521,0.010027443529660122,0.010956301456618113,0.013151783829427909,0.005710365210048554,0.014566181127295756,0.0005910914080641756,0.018967701076630778,0.018587713742875236,0.0027126873548659488,0.008064175638589825,0.0014143972978678488,0.00022165927802406587,0.006164238969812118,0.002881570614312856,0.002754908169727676,0.0,0.00017943846316233902,0.0,0.0,0.0,0.0,0.0,0.0,0.0,0.0,0.0,0.0,0.0,0.0,0.0,0.0,0.0,0.0,0.0,0.0,0.0,0.0,0.0,0.0,0.0,0.0,0.0,0.0,0.0,0.0,0.0,0.0,0.0,nan,nan,4.208726799088245,2.7677496876292262,nan,0.918057308211985,0.022714588173009455,0.0,0.0,0.0,0.0,0.0,0.0,0.0,0.0,0.0,0.0,0.0,0.0,0.0,0.0,0.0,0.0,0.0,0.0,0.0,0.0,0.0,0.0,0.0,0.0,0.0,0.38912133891213396,5.83682008368201,16.179916317991633,7.104602510460253,0.489539748953975,0.9193717913014054,0.022995344030264632,0.0,0.0,0.0,0.0,0.0,0.0,0.0,0.0,0.0,0.0,0.0,0.0,0.0,0.0,0.0,0.0,0.0,0.0,0.0,0.0,0.0,0.0,0.0,0.0,0.0,0.34512143161482756,5.34299105240733,16.374094588836815,7.298679164891352,0.6391137622496805,0.3645,0.02196,0.0,0.0,0.0,0.0,0.0,0.0,0.0,0.0,0.0,2.397489539748954,13.983263598326364,11.999999999999984,1.6192468619246865,0.0,0.0,0.0,0.0,0.0,0.0,0.0,0.0,0.0,0.0,0.0,0.0,0.0,0.0,0.0,0.0,0.0,0.3633,0.02165,0.0,0.0,0.0,0.0,0.0,0.0,0.0,0.0,0.012782275244993611,2.5436727737537286,14.418406476352795,11.721346399659122,1.2654452492543675,0.038346825734980834,0.0,0.0,0.0,0.0,0.0,0.0,0.0,0.0,0.0,0.0,0.0,0.0,0.0,0.0,0.0,0.0
70300,4556,2398,0.5263388937664618,1106,919,0.444468832309043,1232,0.5408252853380158,0.434,3.0092678405931417,3.1322276671772515,6.75,2.1761078110882863,9343.888997126845,1414.374968794581,7853.0,10749.918334841728,10685.564750170937,17.809028305430022,7853.0,0.0,27.532484635645304,20.806807069535402,32.54490546218487,19.08702923925403,0.14354697102721686,0.10184372256365233,0.09152765583845479,0.08669885864793679,0.08318700614574188,0.0792361720807726,0.0757243195785777,0.055970149253731345,0.05509218612818262,0.05201931518876207,0.04411764705882353,0.03950834064969271,0.030509218612818263,0.025460930640913083,0.017998244073748903,0.010974539069359086,0.006584723441615452,0.9182807917365702,0.02288646212684299,0.0,0.0,0.0,0.0,0.0,0.0,0.0,0.0,0.0,0.0,0.0,0.0,0.0,0.0,0.0,0.0,0.0,0.0,0.0,0.0,0.0,0.0,0.0,0.0,0.006584723441615454,0.2699736611062336,6.123792800702372,16.066725197541707,7.006145741878843,0.5267778753292363,4.399861878453039,2.9830876848692482,nan,nan,nan,4.3610729023383765,2.9884505706330766,4.438973647711512,2.9771587327469287,1.0178627477957007,0.3647,0.02156,0.0,0.0,0.0,0.0,0.0,0.0,0.0,0.0,0.032923617208077266,2.1334503950834067,13.86084284460053,12.445127304653187,1.52107111501317,0.006584723441615454,0.0,0.0,0.0,0.0,0.0,0.0,0.0,0.0,0.0,0.0,0.0,0.0,0.0,0.0,0.0,0.0,nan,nan,4.399861878453039,2.9830876848692482,nan,0.3647,0.119,0.0,0.0,0.0,0.0,0.0,0.0,0.00030728709394205444,0.0,0.0,3.292361720807726e-05,3.292361720807726e-05,0.005992098331870061,0.0039727831431079896,0.010195346795434592,0.002271729587357331,0.018217734855136083,0.0006804214223002634,0.003413081650570676,0.006079894644424934,0.019381035996488147,0.0034679543459174714,0.036907374890254606,0.009822212467076383,0.008351624231782265,0.02235513608428446,0.042372695346795435,0.02671202809482002,0.038882791922739246,0.025164618086040386,0.0281387181738367,0.015671641791044775,0.04097892888498683,0.02202589991220369,0.04192273924495171,0.03606233538191396,0.03688542581211589,0.04266900790166813,0.05017559262510975,0.022058823529411766,0.016516681299385425,0.020116330114135206,0.015561896400351185,0.011270851624231783,0.030465320456540827,0.01886523266022827,0.04056189640035118,0.03233099209833187,0.02586698858647937,0.013268217734855136,0.007671202809482002,0.019874890254609305,0.0022827041264266903,0.006562774363476734,0.010107550482879719,0.011226953467954347,0.014409569798068482,0.006573748902546093,0.014365671641791044,0.0008230904302019315,0.019402985074626865,0.016187445127304655,0.002425373134328358,0.00961369622475856,0.0018217734855136083,0.000252414398595259,0.00504828797190518,0.003028972783143108,0.0022168568920105354,1.0974539069359088e-05,6.584723441615452e-05,0.0,0.0,0.0,0.0,0.0,0.0,0.0,0.0,0.0,0.0,0.0,0.0,0.0,0.0,0.0,0.0,0.0,0.0,0.0,0.0,0.0,0.0,0.0,0.0,0.0,0.0,0.0,0.0,0.0,0.0,0.0,nan,nan,4.399861878453039,2.9830876848692482,nan,0.9177804122724764,0.023082219372049153,0.0,0.0,0.0,0.0,0.0,0.0,0.0,0.0,0.0,0.0,0.0,0.0,0.0,0.0,0.0,0.0,0.0,0.0,0.0,0.0,0.0,0.0,0.0,0.0,0.0,0.33778148457047547,6.142618849040869,16.226021684737283,6.743119266055047,0.5504587155963304,0.9188368204459755,0.02265399016675063,0.0,0.0,0.0,0.0,0.0,0.0,0.0,0.0,0.0,0.0,0.0,0.0,0.0,0.0,0.0,0.0,0.0,0.0,0.0,0.0,0.0,0.0,0.0,0.0,0.0139017608897127,0.19462465245597782,6.102873030583876,15.889712696941617,7.298424467099167,0.5004633920296572,0.3647,0.02155,0.0,0.0,0.0,0.0,0.0,0.0,0.0,0.0,0.025020850708924108,2.151793160967473,13.711426188490412,12.648040033361116,1.4637197664720605,0.0,0.0,0.0,0.0,0.0,0.0,0.0,0.0,0.0,0.0,0.0,0.0,0.0,0.0,0.0,0.0,0.0,0.3645,0.02159,0.0,0.0,0.0,0.0,0.0,0.0,0.0,0.0,0.041705282669138095,2.1130676552363306,14.026876737720114,12.219647822057444,1.5848007414272478,0.0139017608897127,0.0,0.0,0.0,0.0,0.0,0.0,0.0,0.0,0.0,0.0,0.0,0.0,0.0,0.0,0.0,0.0
70400,4944,2605,0.5269012944983819,1211,995,0.44619741100323623,1391,0.5627022653721683,0.418,3.0282171868319794,3.1358126433902194,6.689248895434463,2.130302970610762,9345.690146247956,1414.4837345058916,7853.0,10746.949452161789,10685.95972477923,17.264073059210894,7853.0,0.0,27.79692556634304,20.743297906157203,32.68078960038517,19.032602131918768,0.13794498381877024,0.10275080906148867,0.09344660194174757,0.08131067961165049,0.08272653721682847,0.08272653721682847,0.07220873786407767,0.05906148867313916,0.05521844660194175,0.058859223300970875,0.040655339805825245,0.03802588996763754,0.034385113268608415,0.02750809061488673,0.01820388349514563,0.009101941747572815,0.005865695792880259,0.9186752852546745,0.022710791383567488,0.0,0.0,0.0,0.0,0.0,0.0,0.0,0.0,0.0,0.0,0.0,0.0,0.0,0.0,0.0,0.0,0.0,0.0,0.0,0.0,0.0,0.0,0.0,0.0,0.006067961165048545,0.3580097087378642,5.849514563106798,15.879854368932042,7.408980582524273,0.4975728155339807,4.2561282212445,2.9300591900546435,nan,nan,nan,4.235037406483791,2.9486874058728865,4.277566539923955,2.9108452702386622,1.0100422096331552,0.365,0.02173,0.0,0.0,0.0,0.0,0.0,0.0,0.0,0.0,0.018203883495145633,2.196601941747573,13.495145631067965,12.754854368932019,1.5230582524271847,0.01213592233009709,0.0,0.0,0.0,0.0,0.0,0.0,0.0,0.0,0.0,0.0,0.0,0.0,0.0,0.0,0.0,0.0,nan,nan,4.2561282212445,2.9300591900546435,nan,0.365,0.11847,0.0,0.0,0.0,0.0,0.0,0.0,0.00026294498381877025,0.0,2.022653721682848e-05,3.0339805825242717e-05,0.0,0.006179207119741101,0.003519417475728155,0.009911003236245955,0.0017495954692556635,0.018476941747572816,0.0005258899676375405,0.004004854368932039,0.0056634304207119745,0.0185376213592233,0.0031351132686084143,0.03634708737864078,0.010062702265372168,0.008333333333333333,0.02182443365695793,0.042071197411003236,0.026658576051779934,0.03934061488673139,0.026324838187702267,0.029085760517799354,0.014320388349514563,0.04383090614886732,0.022390776699029127,0.039856391585760514,0.03649878640776699,0.036701051779935275,0.04287014563106796,0.05173948220064725,0.021875,0.017253236245954692,0.018224110032362458,0.016707119741100323,0.009395226537216828,0.029611650485436892,0.02092435275080906,0.03913834951456311,0.02995550161812298,0.02638551779935275,0.013713592233009709,0.0070590614886731394,0.02134911003236246,0.00245752427184466,0.007817556634304208,0.010224514563106796,0.011154935275080905,0.015493527508090615,0.005451051779935275,0.01497775080906149,0.000758495145631068,0.01991302588996764,0.016393608414239483,0.002659789644012945,0.009749190938511327,0.0020327669902912623,0.0003843042071197411,0.004581310679611651,0.0023058252427184465,0.0017597087378640776,0.0,2.022653721682848e-05,0.0,0.0,0.0,0.0,0.0,0.0,0.0,0.0,0.0,0.0,0.0,0.0,0.0,0.0,0.0,0.0,0.0,0.0,0.0,0.0,0.0,0.0,0.0,0.0,0.0,0.0,0.0,0.0,0.0,0.0,0.0,nan,nan,4.2561282212445,2.9300591900546435,nan,0.9185018502590524,0.02264130650225853,0.0,0.0,0.0,0.0,0.0,0.0,0.0,0.0,0.0,0.0,0.0,0.0,0.0,0.0,0.0,0.0,0.0,0.0,0.0,0.0,0.0,0.0,0.0,0.0,0.011516314779270636,0.3109404990403072,6.161228406909791,15.570057581573899,7.508637236084454,0.43761996161228417,0.9188684439394096,0.02278637522330401,0.0,0.0,0.0,0.0,0.0,0.0,0.0,0.0,0.0,0.0,0.0,0.0,0.0,0.0,0.0,0.0,0.0,0.0,0.0,0.0,0.0,0.0,0.0,0.0,0.0,0.41043180846515614,5.502351432236,16.224882428388202,7.297990594271058,0.5643437366395897,0.3647,0.02191,0.0,0.0,0.0,0.0,0.0,0.0,0.0,0.0,0.02303262955854127,2.2802303262955856,13.209213051823419,12.944337811900173,1.5431861804222653,0.0,0.0,0.0,0.0,0.0,0.0,0.0,0.0,0.0,0.0,0.0,0.0,0.0,0.0,0.0,0.0,0.0,0.3652,0.02153,0.0,0.0,0.0,0.0,0.0,0.0,0.0,0.0,0.01282599401453613,2.103463018383925,13.81359555365541,12.543822146216312,1.5006412997007272,0.02565198802907226,0.0,0.0,0.0,0.0,0.0,0.0,0.0,0.0,0.0,0.0,0.0,0.0,0.0,0.0,0.0,0.0
70500,4983,2627,0.5271924543447722,1238,977,0.44451133855107366,1350,0.5418422636965683,0.438,3.1048387096774195,3.2010387240495684,6.732574679943101,2.250248615892831,9346.354206961894,1414.2887485690874,7853.0,10740.694058060646,10685.654744305717,17.560583798090242,7853.0,0.0,28.022877784467187,21.045965157113972,33.06804024916148,19.271511459812196,0.14288581175998394,0.09833433674493278,0.09271523178807947,0.0874974914710014,0.07906883403572146,0.07866746939594622,0.06602448324302629,0.055990367248645395,0.059000602046959665,0.0549869556492073,0.04836443909291591,0.04174192253662452,0.03230985350190648,0.026490066225165563,0.015853903271121815,0.012843668472807546,0.007224563515954244,0.918658834598927,0.023055130897888923,0.0,0.0,0.0,0.0,0.0,0.0,0.0,0.0,0.0,0.0,0.0,0.0,0.0,0.0,0.0,0.0,0.0,0.0,0.0,0.0,0.0,0.0,0.0,0.0,0.0,0.391330523780855,5.978326309452139,15.6953642384106,7.320891029500302,0.6140878988561108,4.30442919525889,2.977712862986297,nan,nan,nan,4.241379310344827,2.94504042792854,4.369386464263124,3.0104475791377694,1.0301805484848017,0.3635,0.02148,0.0,0.0,0.0,0.0,0.0,0.0,0.0,0.0,0.006020469596628539,2.4322697170379293,14.394942805538834,11.685731487055973,1.475015051173992,0.006020469596628539,0.0,0.0,0.0,0.0,0.0,0.0,0.0,0.0,0.0,0.0,0.0,0.0,0.0,0.0,0.0,0.0,nan,nan,4.30442919525889,2.977712862986297,nan,0.3635,0.1174,0.0,0.0,0.0,0.0,0.0,0.0,0.0002006823198876179,0.0,1.0034115994380895e-05,6.020469596628537e-05,0.0,0.006773028296207104,0.003381497090106362,0.00931165964278547,0.0015753562111178005,0.019004615693357416,0.0005318081477021874,0.003481838250050171,0.005137467389123018,0.019586594421031507,0.0034115994380895043,0.03643387517559703,0.009733092514549468,0.008830022075055188,0.023118603251053582,0.04346779048765804,0.026199076861328517,0.03998595223760787,0.02477423239012643,0.02938992574754164,0.014589604655829822,0.0417519566526189,0.02172386112783464,0.04029700983343368,0.03969496287377082,0.03713626329520369,0.04266506120810756,0.05138470800722456,0.022376078667469396,0.017298815974312664,0.0188541039534417,0.016405779650812764,0.00975316074653823,0.027975115392333934,0.02178406582380092,0.04074854505318082,0.028195865944210315,0.027934978928356412,0.015191651615492675,0.006773028296207104,0.021593417619907688,0.0023279149106963676,0.0073349387918924345,0.010054184226369656,0.011308448725667268,0.0150210716435882,0.005167569737106161,0.014328717639975919,0.00067228577162352,0.01862331928557094,0.014077864740116396,0.002518563114589605,0.01007425245835842,0.0022476419827413205,0.0004214328717639976,0.0037527593818984547,0.002307846678707606,0.0012241621513144692,0.0,0.0,1.0034115994380895e-05,0.0,0.0,0.0,0.0,0.0,0.0,0.0,0.0,0.0,0.0,0.0,0.0,0.0,0.0,0.0,0.0,0.0,0.0,0.0,0.0,0.0,0.0,0.0,0.0,0.0,0.0,0.0,0.0,0.0,0.0,nan,nan,4.30442919525889,2.977712862986297,nan,0.9188198206040811,0.0227938525949492,0.0,0.0,0.0,0.0,0.0,0.0,0.0,0.0,0.0,0.0,0.0,0.0,0.0,0.0,0.0,0.0,0.0,0.0,0.0,0.0,0.0,0.0,0.0,0.0,0.0,0.3083365055196042,5.961172440045681,15.793681004948613,7.4229158736201,0.5138941758660069,0.918479331103367,0.023341705506822977,0.0,0.0,0.0,0.0,0.0,0.0,0.0,0.0,0.0,0.0,0.0,0.0,0.0,0.0,0.0,0.0,0.0,0.0,0.0,0.0,0.0,0.0,0.0,0.0,0.0,0.48387096774193555,5.9974533106960966,15.585738539898136,7.2071307300509355,0.7258064516129035,0.364,0.02155,0.0,0.0,0.0,0.0,0.0,0.0,0.0,0.0,0.0,2.421012561857633,14.263418347925393,11.72820708031974,1.5759421393224213,0.011419870574800156,0.0,0.0,0.0,0.0,0.0,0.0,0.0,0.0,0.0,0.0,0.0,0.0,0.0,0.0,0.0,0.0,0.363,0.02141,0.0,0.0,0.0,0.0,0.0,0.0,0.0,0.0,0.01273344651952462,2.444821731748727,14.541595925297116,11.638370118845485,1.3624787775891345,0.0,0.0,0.0,0.0,0.0,0.0,0.0,0.0,0.0,0.0,0.0,0.0,0.0,0.0,0.0,0.0,0.0
70600,4702,2354,0.5006380263717567,1122,995,0.4502339430029775,1375,0.584857507443641,0.37799999999999995,2.8739352640545146,2.916548334935852,6.049861495844875,2.070169672730086,9271.479132844914,1416.7252528583222,7853.0,10750.479823470116,10686.34277087374,17.646361886042154,7853.0,0.0,28.88005104210974,21.219931306256075,33.84555303602923,19.357078258683455,0.13675031901318588,0.0937898766482348,0.09017439387494683,0.0829434283283709,0.07954062101233518,0.07422373458102935,0.06507868991918332,0.06252658443215653,0.06486601446193109,0.05997447894512973,0.04423649510846448,0.04104636324968099,0.03424074861760953,0.027647809442790303,0.023819651212250107,0.013398553806890685,0.0057422373458102935,0.9198591195867701,0.023249235022402014,0.0,0.0,0.0,0.0,0.0,0.0,0.0,0.0,0.0,0.0,0.0,0.0,0.0,0.0,0.0,0.0,0.0,0.0,0.0,0.0,0.0,0.0,0.0,0.0,0.0,0.36367503190131867,5.576350489153553,15.669927690344537,7.669076988515527,0.7209698000850704,4.080411707944677,2.687539422647347,nan,nan,nan,4.108681672025724,2.7100661229255487,4.052123552123552,2.664507409941024,0.9862344848258136,0.3643,0.02162,0.0,0.0,0.0,0.0,0.0,0.0,0.0,0.0,0.03828158230540196,2.137388345384943,14.355593364525737,11.918332624415125,1.4993619736282437,0.051042109740535954,0.0,0.0,0.0,0.0,0.0,0.0,0.0,0.0,0.0,0.0,0.0,0.0,0.0,0.0,0.0,0.0,nan,nan,4.080411707944677,2.687539422647347,nan,0.3643,0.1179,0.0,0.0,0.0,0.0,0.0,0.0,8.507018290089324e-05,0.0,0.0,0.0002552105487026797,0.0,0.006858783496384517,0.00308379413015738,0.009272649936197364,0.0014887282007656317,0.02141641854529987,0.0004040833687792429,0.003966397277754147,0.004870267971076138,0.017939174819225863,0.0033602722245852827,0.03509145044661846,0.009304551254785198,0.008751595065929391,0.021629094002552106,0.04356656741811995,0.02571246278179498,0.040854955338153975,0.02526584432156529,0.031008081667375585,0.015397703105061675,0.0411527009783071,0.02294768183751595,0.03788813270948532,0.040823054019566145,0.03678222033177371,0.04273713313483624,0.04909612930667801,0.022926414291790726,0.016492981709910676,0.01818375159506593,0.016822628668651637,0.010250957039557635,0.02601020842194811,0.02249042960442365,0.04232241599319438,0.027360697575499787,0.026754572522330922,0.015897490429604425,0.007847724372607402,0.021108039132284134,0.0021692896639727774,0.007922160782645682,0.010399829859634198,0.011463207145895363,0.016822628668651637,0.005338153977031051,0.014323692045937898,0.0008507018290089324,0.01791790727350064,0.01362186303700553,0.002679710761378137,0.010123351765206295,0.002307528711186729,0.00036154827732879627,0.004136537643555933,0.0030306252658443217,0.0010527435133985538,0.0,0.0,0.0,0.0,0.0,0.0,0.0,0.0,0.0,0.0,0.0,0.0,0.0,0.0,0.0,0.0,0.0,0.0,0.0,0.0,0.0,0.0,0.0,0.0,0.0,0.0,0.0,0.0,0.0,0.0,0.0,0.0,0.0,nan,nan,4.080411707944677,2.687539422647347,nan,0.9201992347570629,0.023711446213653026,0.0,0.0,0.0,0.0,0.0,0.0,0.0,0.0,0.0,0.0,0.0,0.0,0.0,0.0,0.0,0.0,0.0,0.0,0.0,0.0,0.0,0.0,0.0,0.0,0.0,0.3950722175021241,5.5310110450297385,15.497026338147837,7.723024638912491,0.8538657604078167,0.9195181352976437,0.02277132992049966,0.0,0.0,0.0,0.0,0.0,0.0,0.0,0.0,0.0,0.0,0.0,0.0,0.0,0.0,0.0,0.0,0.0,0.0,0.0,0.0,0.0,0.0,0.0,0.0,0.0,0.3321976149914822,5.621805792163545,15.843270868824535,7.614991482112438,0.5877342419080069,0.3638,0.02155,0.0,0.0,0.0,0.0,0.0,0.0,0.0,0.0,0.06372132540356841,2.1282922684791847,14.566694987255739,11.852166525063705,1.363636363636364,0.025488530161427363,0.0,0.0,0.0,0.0,0.0,0.0,0.0,0.0,0.0,0.0,0.0,0.0,0.0,0.0,0.0,0.0,0.3645,0.02168,0.0,0.0,0.0,0.0,0.0,0.0,0.0,0.0,0.012776831345826238,2.146507666098808,14.143952299829646,11.984667802384992,1.6354344122657585,0.07666098807495743,0.0,0.0,0.0,0.0,0.0,0.0,0.0,0.0,0.0,0.0,0.0,0.0,0.0,0.0,0.0,0.0
70700,4328,2223,0.5136321626617375,1083,842,0.4447781885397412,1174,0.5425138632162662,0.418,2.906413301662708,3.0938267720114823,6.569707401032702,2.2172950486189813,9308.653391853553,1416.5451185621598,7853.0,10744.709012150764,10687.038632452623,17.02760484098091,7853.0,0.0,28.180914972273566,20.832796106560906,33.27829928216455,18.93990229753556,0.14371534195933455,0.09311460258780037,0.09403881700554528,0.08387245841035121,0.07070240295748614,0.07740295748613678,0.07024029574861368,0.0688539741219963,0.057070240295748614,0.059149722735674676,0.04805914972273567,0.041589648798521256,0.030961182994454713,0.02911275415896488,0.01756007393715342,0.008548983364140481,0.006007393715341959,0.9203142525969062,0.02275372317610492,0.0,0.0,0.0,0.0,0.0,0.0,0.0,0.0,0.0,0.0,0.0,0.0,0.0,0.0,0.0,0.0,0.0,0.0,0.0,0.0,0.0,0.0,0.0,0.0,0.013863216266173756,0.19408502772643257,5.48290203327172,15.568391866913128,8.137707948243994,0.6030499075785584,4.180645161290323,2.873619652345723,nan,nan,nan,4.132530120481928,2.9291439679821925,4.229876722262509,2.8148226068840234,1.023556174774893,0.365,0.02094,0.0,0.0,0.0,0.0,0.0,0.0,0.0,0.0,0.02079482439926063,1.86460258780037,14.071164510166362,12.49768946395562,1.5249537892791132,0.02079482439926063,0.0,0.0,0.0,0.0,0.0,0.0,0.0,0.0,0.0,0.0,0.0,0.0,0.0,0.0,0.0,0.0,nan,nan,4.180645161290323,2.873619652345723,nan,0.365,0.11847,0.0,0.0,0.0,0.0,0.0,0.0,0.00016173752310536045,1.155268022181146e-05,0.0,0.00040434380776340113,0.0,0.005984288354898336,0.003615988909426987,0.008964879852125693,0.0017791127541589649,0.020228743068391866,0.0001732902033271719,0.004528650646950093,0.003685304990757856,0.019154343807763402,0.0032463031423290204,0.03512014787430684,0.009184380776340111,0.00831792975970425,0.02128003696857671,0.04573706099815157,0.02644408502772643,0.039059611829944545,0.028361829944547137,0.029482439926062847,0.014521719038817006,0.041993992606284655,0.02372920517560074,0.03751155268022181,0.04251386321626617,0.03493530499075786,0.04005314232902033,0.046880776340110904,0.021129852125693162,0.017837338262476896,0.019951478743068393,0.016012014787430685,0.010859519408502773,0.02476894639556377,0.021487985212569317,0.04265249537892791,0.02815388170055453,0.026305452865064693,0.018299445471349353,0.00799445471349353,0.02049445471349353,0.002391404805914972,0.008179297597042515,0.010940388170055453,0.009369223659889094,0.017756469500924216,0.005464417744916821,0.015006931608133087,0.0012245841035120148,0.01857670979667283,0.01375924214417745,0.0019408502772643253,0.010998151571164511,0.002437615526802218,0.000150184842883549,0.005152495378927912,0.0023451940850277263,0.0012939001848428836,0.0,0.0,0.0,0.0,0.0,0.0,0.0,0.0,0.0,0.0,0.0,0.0,0.0,0.0,0.0,0.0,0.0,0.0,0.0,0.0,0.0,0.0,0.0,0.0,0.0,0.0,0.0,0.0,0.0,0.0,0.0,0.0,0.0,nan,nan,4.180645161290323,2.873619652345723,nan,0.9204911641907274,0.022867512650150218,0.0,0.0,0.0,0.0,0.0,0.0,0.0,0.0,0.0,0.0,0.0,0.0,0.0,0.0,0.0,0.0,0.0,0.0,0.0,0.0,0.0,0.0,0.0,0.0,0.0,0.21592442645074228,5.4116059379217285,15.654520917678816,8.029689608636978,0.688259109311741,0.9201274238686097,0.022631432582729486,0.0,0.0,0.0,0.0,0.0,0.0,0.0,0.0,0.0,0.0,0.0,0.0,0.0,0.0,0.0,0.0,0.0,0.0,0.0,0.0,0.0,0.0,0.0,0.0,0.02850356294536818,0.17102137767220904,5.558194774346794,15.47743467933492,8.251781472684087,0.5130641330166272,0.3647,0.0209,0.0,0.0,0.0,0.0,0.0,0.0,0.0,0.0,0.0,1.7948717948717954,14.278002699055333,12.294197031039118,1.605937921727396,0.026990553306342785,0.0,0.0,0.0,0.0,0.0,0.0,0.0,0.0,0.0,0.0,0.0,0.0,0.0,0.0,0.0,0.0,0.3652,0.02095,0.0,0.0,0.0,0.0,0.0,0.0,0.0,0.0,0.04275534441805226,1.938242280285036,13.852731591448935,12.712589073634184,1.4394299287410928,0.01425178147268409,0.0,0.0,0.0,0.0,0.0,0.0,0.0,0.0,0.0,0.0,0.0,0.0,0.0,0.0,0.0,0.0
70800,4405,2324,0.5275822928490352,1062,889,0.44290578887627696,1221,0.5543700340522134,0.43,3.016338298894762,3.139052316598425,6.761658031088083,2.1039927534442784,9347.406266355054,1414.1785785856537,7853.0,10745.619466423988,10685.555767338217,17.526000416174146,7853.0,0.0,27.572531214528944,20.746675273634533,32.284600913732866,19.13047751669461,0.13666288308740068,0.09988649262202043,0.09693530079455165,0.09080590238365494,0.09171396140749148,0.07446083995459706,0.0637911464245176,0.06265607264472191,0.05993189557321226,0.0492622020431328,0.04267877412031782,0.03745743473325766,0.03427922814982974,0.023609534619750284,0.018161180476730987,0.009307604994324632,0.008399545970488082,0.9198535959512232,0.022978147497567474,0.0,0.0,0.0,0.0,0.0,0.0,0.0,0.0,0.0,0.0,0.0,0.0,0.0,0.0,0.0,0.0,0.0,0.0,0.0,0.0,0.0,0.0,0.0,0.0,0.0,0.279228149829739,5.659477866061295,15.725312145289447,7.648127128263339,0.6878547105561863,4.276241134751773,2.9577286759568455,nan,nan,nan,4.163558106169297,2.8590399748943782,4.386666666666667,3.0481454432613373,1.053586032621181,0.3633,0.02167,0.0,0.0,0.0,0.0,0.0,0.0,0.0,0.0,0.06810442678774122,2.458569807037458,14.083995459704884,12.074914869466497,1.3007945516458572,0.013620885357548244,0.0,0.0,0.0,0.0,0.0,0.0,0.0,0.0,0.0,0.0,0.0,0.0,0.0,0.0,0.0,0.0,nan,nan,4.276241134751773,2.9577286759568455,nan,0.3633,0.11725,0.0,0.0,0.0,0.0,0.0,0.0,7.945516458569807e-05,2.2701475595913734e-05,0.0,0.0006583427922814983,0.0,0.004971623155505108,0.00376844494892168,0.010204313280363224,0.0022587968217934167,0.019591373439273554,0.00019296254256526675,0.004494892167990919,0.003314415437003405,0.020272417707150964,0.002962542565266742,0.03583427922814983,0.010408626560726447,0.00753688989784336,0.019557321225879682,0.04314415437003405,0.026072644721906926,0.041237230419977296,0.029591373439273552,0.03229284903518729,0.014029511918274689,0.043995459704880814,0.02122587968217934,0.03625425652667423,0.042746878547105564,0.03648127128263337,0.04258796821793417,0.047150964812712824,0.022656072644721907,0.01953461975028377,0.021475595913734394,0.01496027241770715,0.011316685584562997,0.025505107832009082,0.019262202043132802,0.041691259931895576,0.026254256526674232,0.026651532349602724,0.018830874006810442,0.007695800227014756,0.01836549375709421,0.002474460839954597,0.008399545970488082,0.010669693530079455,0.009682179341657209,0.016288308740068105,0.006367763904653803,0.014653802497162315,0.0012485811577752554,0.016447219069239502,0.013427922814982974,0.0021793416572077184,0.011055618615209989,0.002406356413166856,3.40522133938706e-05,0.004846765039727583,0.0018388195232690125,0.0008399545970488081,0.0,0.0,0.0,0.0,0.0,0.0,0.0,0.0,0.0,0.0,0.0,0.0,0.0,0.0,0.0,0.0,0.0,0.0,0.0,0.0,0.0,0.0,0.0,0.0,0.0,0.0,0.0,0.0,0.0,0.0,0.0,0.0,0.0,nan,nan,4.276241134751773,2.9577286759568455,nan,0.9192845450262195,0.023060435713289956,0.0,0.0,0.0,0.0,0.0,0.0,0.0,0.0,0.0,0.0,0.0,0.0,0.0,0.0,0.0,0.0,0.0,0.0,0.0,0.0,0.0,0.0,0.0,0.0,0.0,0.2969018932874355,5.82185886402754,15.787435456110158,7.422547332185888,0.6712564543889847,0.9204890953984644,0.022869170518061366,0.0,0.0,0.0,0.0,0.0,0.0,0.0,0.0,0.0,0.0,0.0,0.0,0.0,0.0,0.0,0.0,0.0,0.0,0.0,0.0,0.0,0.0,0.0,0.0,0.0,0.2594906295050457,5.4781355117731865,15.655934646804424,7.900048053820281,0.7063911580970689,0.3633,0.02167,0.0,0.0,0.0,0.0,0.0,0.0,0.0,0.0,0.06454388984509468,2.439759036144579,14.044750430292602,12.121342512908761,1.3037865748709123,0.025817555938037872,0.0,0.0,0.0,0.0,0.0,0.0,0.0,0.0,0.0,0.0,0.0,0.0,0.0,0.0,0.0,0.0,0.363,0.02167,0.0,0.0,0.0,0.0,0.0,0.0,0.0,0.0,0.07208073041806826,2.479577126381548,14.127823161941377,12.023065833733764,1.2974531475252284,0.0,0.0,0.0,0.0,0.0,0.0,0.0,0.0,0.0,0.0,0.0,0.0,0.0,0.0,0.0,0.0,0.0
70900,4532,2374,0.5238305383936452,1145,892,0.44947043248014124,1259,0.5556045895851721,0.40199999999999997,2.927247451343837,3.051274658050388,6.358372456964006,2.132149285320058,9337.053345647751,1414.986150826086,7853.0,10756.773720026016,10686.079091186019,17.45701599971417,7853.0,0.0,28.213371579876434,20.868989215443207,33.13135815416885,19.08471433721719,0.13636363636363635,0.09951456310679611,0.09223300970873786,0.0823036187113857,0.08340688437775816,0.07811120917917035,0.06685789938217122,0.06332744924977934,0.059796999117387464,0.052736098852603705,0.04964695498676081,0.03971756398940865,0.03331862312444837,0.027802294792586054,0.01787290379523389,0.01059135039717564,0.006398940864960283,0.920822059145462,0.022939525875783913,0.0,0.0,0.0,0.0,0.0,0.0,0.0,0.0,0.0,0.0,0.0,0.0,0.0,0.0,0.0,0.0,0.0,0.0,0.0,0.0,0.0,0.0,0.0,0.0,0.0,0.31774051191526925,5.143424536628421,15.496469549867612,8.479699911738749,0.562665489849956,4.198506956226671,2.918347784945208,nan,nan,nan,4.2652232746955345,2.883393786300046,4.131381892443839,2.9515768990697295,0.9686203104428924,0.3633,0.02113,0.0,0.0,0.0,0.0,0.0,0.0,0.0,0.0,0.013239187996469552,2.3499558693733453,14.602824360105917,11.802736098852586,1.211385701676964,0.01985878199470433,0.0,0.0,0.0,0.0,0.0,0.0,0.0,0.0,0.0,0.0,0.0,0.0,0.0,0.0,0.0,0.0,nan,nan,4.198506956226671,2.918347784945208,nan,0.3633,0.1175,0.0,0.0,0.0,0.0,0.0,1.1032656663724624e-05,0.00015445719329214476,0.0,0.0,0.0007171226831421007,0.0,0.004214474845542807,0.004324801412180053,0.011429832303618711,0.00236098852603707,0.020222859664607237,0.00029788172992056486,0.003883495145631068,0.003011915269196823,0.017001323918799646,0.00324360105913504,0.034079876434245364,0.01128640776699029,0.008153133274492498,0.02017872903795234,0.04290600176522506,0.026588702559576346,0.04280670785525154,0.029964695498676083,0.033914386584289496,0.013470873786407767,0.04437334510150044,0.021568843777581642,0.037566195939982346,0.04160414827890556,0.03680494263018535,0.04249779346866726,0.04725286849073257,0.020686231244483672,0.01996910856134157,0.021381288614298322,0.014199029126213592,0.01219108561341571,0.02399602824360106,0.01822594880847308,0.04168137687555163,0.0271954986760812,0.025584730803177406,0.01855692850838482,0.007237422771403354,0.017850838481906443,0.002261694616063548,0.009168137687555164,0.010657546337157988,0.009929390997352162,0.01636142983230362,0.006288614298323036,0.01514783759929391,0.0013790820829655782,0.015511915269196822,0.014640335392762577,0.002206531332744925,0.01159532215357458,0.0030670785525154457,4.41306266548985e-05,0.00513018534863195,0.0012797881729920565,0.0006840247131509267,0.0,0.0,0.0,0.0,0.0,0.0,0.0,0.0,0.0,0.0,0.0,0.0,0.0,0.0,0.0,0.0,0.0,0.0,0.0,0.0,0.0,0.0,0.0,0.0,0.0,0.0,0.0,0.0,0.0,0.0,0.0,0.0,0.0,nan,nan,4.198506956226671,2.918347784945208,nan,0.9205389052202647,0.023224366487008815,0.0,0.0,0.0,0.0,0.0,0.0,0.0,0.0,0.0,0.0,0.0,0.0,0.0,0.0,0.0,0.0,0.0,0.0,0.0,0.0,0.0,0.0,0.0,0.0,0.0,0.32855939342881224,5.332771693344568,15.379106992417864,8.378264532434711,0.5812973883740523,0.9211335547054333,0.022617937828670828,0.0,0.0,0.0,0.0,0.0,0.0,0.0,0.0,0.0,0.0,0.0,0.0,0.0,0.0,0.0,0.0,0.0,0.0,0.0,0.0,0.0,0.0,0.0,0.0,0.0,0.3058387395736794,4.935125115848008,15.625579240037075,8.591288229842448,0.5421686746987953,0.363,0.02136,0.0,0.0,0.0,0.0,0.0,0.0,0.0,0.0,0.012636899747262008,2.5400168491996635,14.469250210614998,11.815501263689958,1.1246840775063187,0.03791069924178602,0.0,0.0,0.0,0.0,0.0,0.0,0.0,0.0,0.0,0.0,0.0,0.0,0.0,0.0,0.0,0.0,0.3635,0.02087,0.0,0.0,0.0,0.0,0.0,0.0,0.0,0.0,0.0139017608897127,2.1408711770157556,14.749768303985174,11.78869323447635,1.3067655236329938,0.0,0.0,0.0,0.0,0.0,0.0,0.0,0.0,0.0,0.0,0.0,0.0,0.0,0.0,0.0,0.0,0.0
71000,4421,2258,0.5107441755258991,1058,921,0.44763628138430217,1253,0.5668400814295408,0.40199999999999997,2.8904299583911235,3.0496759337731274,6.444061962134251,2.063297835576567,9299.831572006877,1416.123120221581,7853.0,10760.56571650505,10685.791133676883,17.400414678889543,7853.0,0.0,27.673377064012666,20.893631781278096,32.77874186550976,19.117766757452838,0.1463469803211943,0.09952499434517077,0.09319158561411445,0.08617959737615924,0.07713187061750736,0.07961999547613662,0.0655960190002262,0.06672698484505768,0.05292920153811355,0.055643519565709114,0.04546482696222574,0.04139334992083239,0.028952725627686044,0.023976475910427505,0.019226419362135264,0.012440624293146347,0.005654829224157431,0.9208766760208088,0.02330455648570494,0.0,0.0,0.0,0.0,0.0,0.0,0.0,0.0,0.0,0.0,0.0,0.0,0.0,0.0,0.0,0.0,0.0,0.0,0.0,0.0,0.0,0.0,0.0,0.0,0.0,0.2782175978285456,5.367563899570234,15.4919701425017,8.142954082786702,0.7192942773128254,4.228279985930356,2.858046523299819,nan,nan,nan,4.173117522871218,2.812635245242853,4.2834036568213785,2.9016688934646333,1.026427756550283,0.3625,0.02135,0.0,0.0,0.0,0.0,0.0,0.0,0.0,0.0,0.0407147704139335,2.483600995249944,14.569102013119208,11.67835331372991,1.2146573173490163,0.013571590137977835,0.0,0.0,0.0,0.0,0.0,0.0,0.0,0.0,0.0,0.0,0.0,0.0,0.0,0.0,0.0,0.0,nan,nan,4.228279985930356,2.858046523299819,nan,0.3625,0.1179,0.0,0.0,0.0,0.0,0.0,1.130965844831486e-05,0.00024881248586292693,0.0,0.0,0.0007238181406921511,5.6548292241574305e-05,0.003743496946392219,0.004195883284324814,0.011739425469350825,0.0023750282741461207,0.02159013797783307,0.0002714318027595567,0.004388147477946166,0.0033137299253562544,0.01703234562316218,0.0033024202669079392,0.0344718389504637,0.010472743723139562,0.008256050667269848,0.02220085953404207,0.04453743496946392,0.026543768378194978,0.042173716353766114,0.029133680162859082,0.03270753223252658,0.01216919249038679,0.04518208550101787,0.02242705270300837,0.03567066274598507,0.03978737842117168,0.03708437005202443,0.04254693508256051,0.04806604840533816,0.021047274372313955,0.02147704139334992,0.020572268717484733,0.01265550780366433,0.01221443112418005,0.025186609364397195,0.01840081429540828,0.04019452612531101,0.027459850712508484,0.025491970142501697,0.018977606876272337,0.006955439945713639,0.01810676317575209,0.002126215788283194,0.009387016512101335,0.009047726758651889,0.008855462565030536,0.017349016059714995,0.006774485410540602,0.01540375480660484,0.0014250169644876725,0.01690793938023072,0.014091834426600317,0.0017643067179371184,0.011434064691246325,0.0031327753901832164,0.0,0.00530422981225967,0.0013571590137977834,0.0004750056548292242,0.0,0.0,0.0,0.0,0.0,0.0,0.0,0.0,0.0,0.0,0.0,0.0,0.0,0.0,0.0,0.0,0.0,0.0,0.0,0.0,0.0,0.0,0.0,0.0,0.0,0.0,0.0,0.0,0.0,0.0,0.0,0.0,0.0,nan,nan,4.228279985930356,2.858046523299819,nan,0.9206049742426251,0.02328556704454685,0.0,0.0,0.0,0.0,0.0,0.0,0.0,0.0,0.0,0.0,0.0,0.0,0.0,0.0,0.0,0.0,0.0,0.0,0.0,0.0,0.0,0.0,0.0,0.0,0.0,0.358724534986714,5.274579273693535,15.664304694419844,8.011514614703279,0.6908768821966343,0.9211603110717284,0.023320986637805463,0.0,0.0,0.0,0.0,0.0,0.0,0.0,0.0,0.0,0.0,0.0,0.0,0.0,0.0,0.0,0.0,0.0,0.0,0.0,0.0,0.0,0.0,0.0,0.0,0.0,0.19417475728155345,5.464632454923718,15.3120665742025,8.280166435506244,0.7489597780859919,0.3623,0.02127,0.0,0.0,0.0,0.0,0.0,0.0,0.0,0.0,0.05314437555358726,2.4446412754650138,14.641275465013289,11.67847652790078,1.1691762621789197,0.013286093888396815,0.0,0.0,0.0,0.0,0.0,0.0,0.0,0.0,0.0,0.0,0.0,0.0,0.0,0.0,0.0,0.0,0.363,0.02142,0.0,0.0,0.0,0.0,0.0,0.0,0.0,0.0,0.02773925104022192,2.5242718446601944,14.493758668515953,11.678224687933408,1.2621359223300972,0.01386962552011096,0.0,0.0,0.0,0.0,0.0,0.0,0.0,0.0,0.0,0.0,0.0,0.0,0.0,0.0,0.0,0.0
71100,4269,2228,0.5219020847973764,1039,872,0.4476458186929023,1204,0.5640665261185289,0.434,2.9318961293483587,3.0357605339664318,6.319039451114922,2.2159017779892127,9331.682895761487,1415.3251079597355,7853.0,10734.926548838615,10686.257307902059,17.462428782698044,7853.0,0.0,28.561021316467556,21.220950292256212,33.64471113591962,19.36768168504436,0.14031389084094636,0.09346451159522136,0.08620285781213399,0.08831107987819162,0.08268915436870461,0.07425626610447411,0.07167955024595925,0.06488639025532912,0.054111033028812365,0.04872335441555399,0.049894588896697116,0.03911923167018037,0.04029046615132349,0.026938393066291873,0.018739751698289998,0.012180838603888498,0.008198641368001873,0.9211226816645381,0.023234618929441418,0.0,0.0,0.0,0.0,0.0,0.0,0.0,0.0,0.0,0.0,0.0,0.0,0.0,0.0,0.0,0.0,0.0,0.0,0.0,0.0,0.0,0.0,0.0,0.0,0.00702740688685875,0.252986647926915,5.249472944483486,15.36191145467323,8.404778636683066,0.7238229093464513,4.213032581453634,2.904140137286402,nan,nan,nan,4.22008547008547,2.9268130706503315,4.206051873198847,2.882055827977672,0.9966745704592711,0.363,0.02144,0.0,0.0,0.0,0.0,0.0,0.0,0.0,0.0,0.042164441321152504,2.4877020379479977,14.553759662684472,11.658468025298648,1.2438510189739989,0.0140548137737175,0.0,0.0,0.0,0.0,0.0,0.0,0.0,0.0,0.0,0.0,0.0,0.0,0.0,0.0,0.0,0.0,nan,nan,4.213032581453634,2.904140137286402,nan,0.363,0.1171,0.0,0.0,0.0,0.0,0.0,3.513703443429375e-05,0.00044506910283438747,0.0,0.0,0.0010892480674631062,2.3424689622862496e-05,0.003525415788240806,0.0036425392363551184,0.010377137502928086,0.0018739751698289998,0.020929960178027642,0.0003630826891543687,0.003911923167018037,0.0032794565472007496,0.017392832044975406,0.003443429374560787,0.033204497540407586,0.01070508315764816,0.0075193253689388615,0.02344811431248536,0.04181307097680956,0.02748887327242914,0.043499648629655656,0.031295385336144295,0.03181072850784727,0.01200515343171703,0.04743499648629656,0.02409229327711408,0.036565940501288356,0.038603888498477394,0.038065120637151555,0.04224642773483251,0.045373623799484654,0.021222768798313422,0.02128133052237058,0.020578589833684702,0.012403373155305692,0.012696181775591474,0.024443663621457015,0.01850550480206137,0.04126259077067229,0.027418599203560552,0.025040993206840008,0.01961817755914734,0.007062543921293043,0.01979386273131881,0.0026587022721948936,0.008889669711876318,0.010201452330756618,0.008550011712344811,0.01604591239166081,0.006687748887327243,0.01603420004684938,0.001276645584446006,0.017509955493089716,0.012907003982197235,0.0008784258608573436,0.010915905364253924,0.003244319512766456,2.3424689622862496e-05,0.005586788475052705,0.0011009604122745374,0.00065589130944015,0.0,0.0,0.0,0.0,0.0,0.0,0.0,0.0,0.0,0.0,0.0,0.0,0.0,0.0,0.0,0.0,0.0,0.0,0.0,0.0,0.0,0.0,0.0,0.0,0.0,0.0,0.0,0.0,0.0,0.0,0.0,0.0,0.0,nan,nan,4.213032581453634,2.904140137286402,nan,0.9206976810306364,0.02332149707646426,0.0,0.0,0.0,0.0,0.0,0.0,0.0,0.0,0.0,0.0,0.0,0.0,0.0,0.0,0.0,0.0,0.0,0.0,0.0,0.0,0.0,0.0,0.0,0.0,0.01346499102333932,0.2692998204667864,5.34560143626571,15.350089766606825,8.361759425493718,0.6597845601436266,0.9215866216019869,0.023130495224499458,0.0,0.0,0.0,0.0,0.0,0.0,0.0,0.0,0.0,0.0,0.0,0.0,0.0,0.0,0.0,0.0,0.0,0.0,0.0,0.0,0.0,0.0,0.0,0.0,0.0,0.23517883390494862,5.14453699167075,15.374816266536016,8.45173934345909,0.7937285644292016,0.3633,0.02153,0.0,0.0,0.0,0.0,0.0,0.0,0.0,0.0,0.04039497307001796,2.612208258527828,14.219030520646323,11.889587073608599,1.225314183123878,0.01346499102333932,0.0,0.0,0.0,0.0,0.0,0.0,0.0,0.0,0.0,0.0,0.0,0.0,0.0,0.0,0.0,0.0,0.3628,0.02135,0.0,0.0,0.0,0.0,0.0,0.0,0.0,0.0,0.04409603135717786,2.351788339049486,14.919157275845178,11.406173444389989,1.2640862322390987,0.014698677119059289,0.0,0.0,0.0,0.0,0.0,0.0,0.0,0.0,0.0,0.0,0.0,0.0,0.0,0.0,0.0,0.0
71200,4433,2321,0.5235732009925558,1077,876,0.4405594405594406,1216,0.5486126776449357,0.40599999999999997,3.0104166666666665,3.1156504708795434,6.639344262295082,2.0528491746698023,9335.56062591853,1414.291959896214,7853.0,10750.878980994225,10684.62053196762,17.407248133109384,7853.0,0.0,28.115271824949243,21.176953623839548,33.045613093640995,19.497980644198115,0.13692758854049178,0.10354161967065192,0.0927137378750282,0.0897811865553801,0.07692307692307693,0.07917888563049853,0.07083239341303857,0.056169636814798106,0.0550417324610873,0.049402210692533276,0.04421385066546357,0.04398826979472141,0.035416196706519285,0.02729528535980149,0.017820888788630723,0.011955786149334537,0.008797653958944282,0.91947348668294,0.022825170938015744,0.0,0.0,0.0,0.0,0.0,0.0,0.0,0.0,0.0,0.0,0.0,0.0,0.0,0.0,0.0,0.0,0.0,0.0,0.0,0.0,0.0,0.0,0.0,0.0,0.0,0.3789758628468307,5.2650575231220405,16.2418226934356,7.579517256936613,0.5346266636589219,4.256922537679635,2.9256876136348744,nan,nan,nan,4.31638418079096,2.9096881673018147,4.1984679665738165,2.9412109558576156,0.9726817147690648,0.362,0.02147,0.0,0.0,0.0,0.0,0.0,0.0,0.0,0.0,0.04737198285585384,2.591924204827431,14.725919242048278,11.457252424994344,1.1572298669072865,0.020302278366794498,0.0,0.0,0.0,0.0,0.0,0.0,0.0,0.0,0.0,0.0,0.0,0.0,0.0,0.0,0.0,0.0,nan,nan,4.256922537679635,2.9256876136348744,nan,0.362,0.11707,0.0,0.0,0.0,0.0,0.0,0.0,0.000631626438078051,1.1279043537108053e-05,1.1279043537108053e-05,0.0008910444394315362,1.1279043537108053e-05,0.003801037672005414,0.003947665237987819,0.011335438754793594,0.0015903451387322355,0.020832393413038573,0.00045116174148432213,0.004342431761786601,0.002977667493796526,0.0175050755695917,0.003203248364538687,0.0329122490412813,0.010297766749379652,0.00823370178208888,0.02444168734491315,0.041394089781186555,0.02880667719377397,0.042488157004286035,0.030137604331152718,0.03393864200315813,0.011493345364313106,0.04967290773742387,0.023742386645612453,0.0359914279269118,0.037953981502368596,0.03816828332957365,0.04258966839612001,0.04388675840288744,0.021824949244304084,0.01947890818858561,0.02108053237085495,0.012079855628242726,0.011685089104443944,0.024723663433340853,0.019501466275659823,0.04348071283555154,0.026866681705391384,0.02676517031355741,0.018960072185878637,0.006586961425671103,0.02022332506203474,0.0018384840965486127,0.008955560568463795,0.008910444394315362,0.008876607263704038,0.015847056169636813,0.0069366117753214525,0.014640198511166254,0.0013309271373787503,0.01626438078050981,0.012124971802391157,0.001071509136025265,0.01048951048951049,0.0036205729754116853,0.00015790660951951275,0.006124520640649673,0.0011842995713963456,0.0006767426122264832,0.0,0.0,0.0,0.0,0.0,0.0,0.0,0.0,0.0,0.0,0.0,0.0,0.0,0.0,0.0,0.0,0.0,0.0,0.0,0.0,0.0,0.0,0.0,0.0,0.0,0.0,0.0,0.0,0.0,0.0,0.0,0.0,0.0,nan,nan,4.256922537679635,2.9256876136348744,nan,0.9191993163197989,0.022964984488937443,0.0,0.0,0.0,0.0,0.0,0.0,0.0,0.0,0.0,0.0,0.0,0.0,0.0,0.0,0.0,0.0,0.0,0.0,0.0,0.0,0.0,0.0,0.0,0.0,0.0,0.45239121068504967,5.2606635071090055,16.286083584661785,7.367514002585094,0.6333476949590695,0.919774788488267,0.022666702753904276,0.0,0.0,0.0,0.0,0.0,0.0,0.0,0.0,0.0,0.0,0.0,0.0,0.0,0.0,0.0,0.0,0.0,0.0,0.0,0.0,0.0,0.0,0.0,0.0,0.0,0.2982954545454546,5.269886363636364,16.19318181818182,7.812500000000002,0.42613636363636376,0.3618,0.02147,0.0,0.0,0.0,0.0,0.0,0.0,0.0,0.0,0.06462731581214995,2.766049116760018,14.72210254200776,11.348556656613512,1.0986643688065492,0.0,0.0,0.0,0.0,0.0,0.0,0.0,0.0,0.0,0.0,0.0,0.0,0.0,0.0,0.0,0.0,0.0,0.3625,0.02145,0.0,0.0,0.0,0.0,0.0,0.0,0.0,0.0,0.028409090909090915,2.400568181818182,14.73011363636364,11.576704545454529,1.2215909090909094,0.04261363636363637,0.0,0.0,0.0,0.0,0.0,0.0,0.0,0.0,0.0,0.0,0.0,0.0,0.0,0.0,0.0,0.0
71300,4267,2168,0.5080853058354816,982,858,0.4312163112256855,1212,0.5680806187016639,0.43,3.0214387803716054,3.086341705614091,6.5008,2.041273955156436,9292.387024515849,1416.3538645707781,7853.0,10748.109544992447,10685.963299635207,17.892631126432846,7853.0,0.0,28.082727911881886,21.132699780459653,32.970506399554814,19.44610629390822,0.13803609093039607,0.10100773377079916,0.09819545348019686,0.08413405202718538,0.07944691820951488,0.08061870166393251,0.06280759315678462,0.06022966955706585,0.05460510897586126,0.050386688539957813,0.04921490508554019,0.04194984766815093,0.03445043355987813,0.026951019451605343,0.018748535270681977,0.011249121162409188,0.00796812749003984,0.9203831093188943,0.023220994806327527,0.0,0.0,0.0,0.0,0.0,0.0,0.0,0.0,0.0,0.0,0.0,0.0,0.0,0.0,0.0,0.0,0.0,0.0,0.0,0.0,0.0,0.0,0.0,0.0,0.0,0.2601359268807125,5.455823763768456,15.587063510663233,7.923599718771973,0.7733770799156318,4.372434017595308,2.8298269326091696,nan,nan,nan,4.387860843819393,2.766614024222016,4.359738372093023,2.8900553107151254,0.9935908469463014,0.362,0.02176,0.0,0.0,0.0,0.0,0.0,0.0,0.0,0.0,0.07030700726505743,2.7419732833372397,14.342629482071716,11.713147410358548,1.1108507147879074,0.02109210217951723,0.0,0.0,0.0,0.0,0.0,0.0,0.0,0.0,0.0,0.0,0.0,0.0,0.0,0.0,0.0,0.0,nan,nan,4.372434017595308,2.8298269326091696,nan,0.362,0.11725,0.0,0.0,0.0,0.0,0.0,0.0,0.0006913522381063979,0.0,7.030700726505741e-05,0.00099601593625498,0.0,0.003116943988750879,0.0035505038668853994,0.010815561284274666,0.0019685962034216077,0.02113897351769393,0.0003280993672369346,0.005237872041246778,0.003855167565033982,0.01715490977267401,0.0036325287086946332,0.032645887040075,0.010569486758846966,0.00753456761190532,0.025486290133583313,0.040766346379189126,0.029939067260370284,0.040531989688305604,0.028157956409655495,0.0348605577689243,0.012385751113194282,0.049835950316381536,0.02472463088821186,0.034274666041715494,0.035985469885165225,0.039301617061167096,0.04626201078040778,0.04277009608624326,0.022474806655730022,0.019252402156081556,0.019533630185141787,0.01014764471525662,0.012620107804077806,0.024994141082727912,0.021713147410358565,0.04319193812983361,0.025896414342629483,0.026951019451605343,0.01905319896883056,0.0058120459339114135,0.020154675415983127,0.0019451605343332552,0.009069603937192406,0.008940707757206469,0.00837825169908601,0.016147176001874854,0.007581438950082025,0.014272322474806656,0.0011014764471525662,0.016358097023670026,0.011483477853292711,0.0010546051089758612,0.011577220529646121,0.0033513006796344036,0.0001640496836184673,0.0062456058120459335,0.0013006796344035621,0.000644480899929693,0.0,0.0,0.0,0.0,0.0,0.0,0.0,0.0,0.0,0.0,0.0,0.0,0.0,0.0,0.0,0.0,0.0,0.0,0.0,0.0,0.0,0.0,0.0,0.0,0.0,0.0,0.0,0.0,0.0,0.0,0.0,0.0,0.0,nan,nan,4.372434017595308,2.8298269326091696,nan,0.9208089451123428,0.02327820056964478,0.0,0.0,0.0,0.0,0.0,0.0,0.0,0.0,0.0,0.0,0.0,0.0,0.0,0.0,0.0,0.0,0.0,0.0,0.0,0.0,0.0,0.0,0.0,0.0,0.0,0.2905904059040591,5.036900369003691,15.844095940959413,7.970479704797049,0.8579335793357936,0.9199432751120358,0.02315353934480542,0.0,0.0,0.0,0.0,0.0,0.0,0.0,0.0,0.0,0.0,0.0,0.0,0.0,0.0,0.0,0.0,0.0,0.0,0.0,0.0,0.0,0.0,0.0,0.0,0.0,0.22868032396379234,5.888518342067653,15.321581705574086,7.875178656503098,0.6860409718913769,0.3625,0.02199,0.0,0.0,0.0,0.0,0.0,0.0,0.0,0.0,0.0830258302583026,2.933579335793359,13.782287822878232,11.969557195571939,1.2038745387453877,0.027675276752767534,0.0,0.0,0.0,0.0,0.0,0.0,0.0,0.0,0.0,0.0,0.0,0.0,0.0,0.0,0.0,0.0,0.3618,0.0215,0.0,0.0,0.0,0.0,0.0,0.0,0.0,0.0,0.057170080990948086,2.5440686040971894,14.92139113863745,11.448308718437334,1.0147689375893285,0.014292520247737021,0.0,0.0,0.0,0.0,0.0,0.0,0.0,0.0,0.0,0.0,0.0,0.0,0.0,0.0,0.0,0.0
71400,4392,2244,0.5109289617486339,1041,922,0.44694899817850636,1246,0.5673952641165756,0.43,2.9590316573556796,3.1571498757451693,6.760070052539405,2.2136851846341714,9300.18180905706,1415.9413713216404,7853.0,10746.398299098015,10685.452096871035,17.248443764828895,7853.0,0.0,27.67349726775956,20.849904857765214,32.78263244128891,19.070960188404744,0.1448087431693989,0.0965391621129326,0.09540072859744991,0.08743169398907104,0.08469945355191257,0.07399817850637523,0.06443533697632059,0.06443533697632059,0.05555555555555555,0.052823315118397086,0.04553734061930783,0.03847905282331512,0.036657559198542806,0.023451730418943533,0.018214936247723135,0.011839708561020037,0.005692167577413479,0.9204785326845225,0.02310644816987653,0.0,0.0,0.0,0.0,0.0,0.0,0.0,0.0,0.0,0.0,0.0,0.0,0.0,0.0,0.0,0.0,0.0,0.0,0.0,0.0,0.0,0.0,0.0,0.0,0.0,0.29371584699453557,5.416666666666668,15.396174863387982,8.25136612021858,0.6420765027322406,4.312678062678063,2.94062011727699,nan,nan,nan,4.2661462029808375,2.9609710074950977,4.359542530378842,2.919230820390164,1.0218924347535832,0.3625,0.02162,0.0,0.0,0.0,0.0,0.0,0.0,0.0,0.0,0.03415300546448088,2.6297814207650276,14.672131147540988,11.413934426229492,1.243169398907104,0.006830601092896176,0.0,0.0,0.0,0.0,0.0,0.0,0.0,0.0,0.0,0.0,0.0,0.0,0.0,0.0,0.0,0.0,nan,nan,4.312678062678063,2.94062011727699,nan,0.3625,0.1176,0.0,0.0,0.0,0.0,0.0,0.0,0.000808287795992714,0.0,4.553734061930783e-05,0.0012181238615664846,0.0,0.0022427140255009107,0.003267304189435337,0.01032559198542805,0.002436247723132969,0.02205145719489982,0.00035291438979963573,0.005954007285974499,0.004610655737704918,0.01758879781420765,0.002982695810564663,0.03382285974499089,0.010120673952641166,0.006762295081967213,0.02638888888888889,0.043101092896174864,0.027447632058287794,0.03830828779599271,0.026935336976320584,0.03510928961748634,0.012226775956284153,0.048474499089253185,0.02492030965391621,0.032502276867030964,0.036908014571949,0.03833105646630237,0.04762067395264116,0.04438752276867031,0.022176684881602914,0.02054872495446266,0.02017304189435337,0.008595173041894354,0.012431693989071037,0.02511384335154827,0.023451730418943533,0.04222449908925319,0.02701502732240437,0.026457194899817852,0.01956967213114754,0.005191256830601093,0.02038934426229508,0.0020264116575591986,0.009710837887067395,0.0085724043715847,0.008139799635701274,0.015926684881602916,0.007581967213114754,0.011908014571948998,0.0009335154826958106,0.01624544626593807,0.011725865209471767,0.001377504553734062,0.01272768670309654,0.00273224043715847,6.830601092896175e-05,0.007081056466302368,0.0018670309653916212,0.0007855191256830601,0.0,0.0,0.0,0.0,0.0,0.0,0.0,0.0,0.0,0.0,0.0,0.0,0.0,0.0,0.0,0.0,0.0,0.0,0.0,0.0,0.0,0.0,0.0,0.0,0.0,0.0,0.0,0.0,0.0,0.0,0.0,0.0,0.0,nan,nan,4.312678062678063,2.94062011727699,nan,0.9198729143263822,0.02318415251869745,0.0,0.0,0.0,0.0,0.0,0.0,0.0,0.0,0.0,0.0,0.0,0.0,0.0,0.0,0.0,0.0,0.0,0.0,0.0,0.0,0.0,0.0,0.0,0.0,0.0,0.30748663101604284,5.614973262032088,15.24064171122995,8.24866310160428,0.5882352941176472,0.921111217784926,0.023007971465766837,0.0,0.0,0.0,0.0,0.0,0.0,0.0,0.0,0.0,0.0,0.0,0.0,0.0,0.0,0.0,0.0,0.0,0.0,0.0,0.0,0.0,0.0,0.0,0.0,0.0,0.2793296089385475,5.209497206703912,15.558659217877098,8.25418994413408,0.6983240223463688,0.3625,0.02136,0.0,0.0,0.0,0.0,0.0,0.0,0.0,0.0,0.05347593582887702,2.5133689839572195,14.625668449197864,11.684491978609609,1.1229946524064174,0.0,0.0,0.0,0.0,0.0,0.0,0.0,0.0,0.0,0.0,0.0,0.0,0.0,0.0,0.0,0.0,0.0,0.3623,0.0219,0.0,0.0,0.0,0.0,0.0,0.0,0.0,0.0,0.013966480446927377,2.751396648044693,14.720670391061455,11.131284916201102,1.3687150837988828,0.013966480446927377,0.0,0.0,0.0,0.0,0.0,0.0,0.0,0.0,0.0,0.0,0.0,0.0,0.0,0.0,0.0,0.0
71500,4707,2452,0.5209262800084979,1176,929,0.4472062885064797,1326,0.5634161886551944,0.40199999999999997,3.004878048780488,3.0774875534187283,6.425872093023256,2.0951978165835676,9328.716211791703,1415.2500057916347,7853.0,10740.226877331734,10685.869579487582,17.490049147099306,7853.0,0.0,28.547057573826216,20.84847927069132,33.37945755901557,19.016366894110273,0.13511790949649458,0.09538984491183344,0.09156575313363076,0.0839175695772254,0.08073082642872317,0.07202039515615041,0.06500956022944551,0.06925855109411515,0.06203526662417676,0.053749734438070955,0.05162523900573614,0.045889101338432124,0.03356702783089016,0.02676864244741874,0.018483110261312937,0.009135330359039727,0.0057361376673040155,0.9208885428883706,0.02333063135643845,0.0,0.0,0.0,0.0,0.0,0.0,0.0,0.0,0.0,0.0,0.0,0.0,0.0,0.0,0.0,0.0,0.0,0.0,0.0,0.0,0.0,0.0,0.0,0.0,0.0,0.24219247928616958,5.264499681325686,15.761631612492037,7.960484384958574,0.77119184193754,4.1922455573505655,2.8687280477161448,nan,nan,nan,4.209604153147307,2.861421647922383,4.177076625885383,2.8756481313033744,0.9922730199613651,0.3623,0.02141,0.0,0.0,0.0,0.0,0.0,0.0,0.0,0.0,0.025493945188017852,2.638623326959848,14.811982154238372,11.230082855321845,1.2746972594008925,0.019120458891013388,0.0,0.0,0.0,0.0,0.0,0.0,0.0,0.0,0.0,0.0,0.0,0.0,0.0,0.0,0.0,0.0,nan,nan,4.1922455573505655,2.8687280477161448,nan,0.3623,0.11816,0.0,0.0,0.0,0.0,0.0,0.0,0.0006798385383471426,0.0,0.0,0.0011153601019757808,0.0,0.0021563628638198427,0.0026662417675801997,0.010739324410452517,0.001954535797748035,0.02345442957297642,0.0002974293605268749,0.0070958147439983,0.004387083067771404,0.01799447631187593,0.002921181219460378,0.03529849160824304,0.009230932653494795,0.006670915657531336,0.025334608030592735,0.044316974718504355,0.027246653919694074,0.04062035266624177,0.02654557042702358,0.03445931591247079,0.011461652857446356,0.049107711918419374,0.0269492245591672,0.03189929891650733,0.035595920968769915,0.036647546207775654,0.04602719354153389,0.04263862332695985,0.022700233694497557,0.018992989165073294,0.019874654769492246,0.007308264287231783,0.012906309751434034,0.025313363076269385,0.025706394731251327,0.041905672402804336,0.026195028680688338,0.02685362226471213,0.01926917357127682,0.0047376248141066495,0.021659230932653494,0.0023581899298916508,0.009273422562141491,0.009645209262800086,0.007531336307626938,0.015753133630762695,0.00794561291693223,0.01159974506054812,0.0014021669853409816,0.0162417675801997,0.011886551943913321,0.001561504142766093,0.014212874442319948,0.0026556192904185257,1.0622477161674103e-05,0.006968345018058211,0.0014765243254727003,0.0005417463352453793,0.0,0.0,0.0,0.0,0.0,0.0,0.0,0.0,0.0,0.0,0.0,0.0,0.0,0.0,0.0,0.0,0.0,0.0,0.0,0.0,0.0,0.0,0.0,0.0,0.0,0.0,0.0,0.0,0.0,0.0,0.0,0.0,0.0,nan,nan,4.1922455573505655,2.8687280477161448,nan,0.9209919968106424,0.023236052958839827,0.0,0.0,0.0,0.0,0.0,0.0,0.0,0.0,0.0,0.0,0.0,0.0,0.0,0.0,0.0,0.0,0.0,0.0,0.0,0.0,0.0,0.0,0.0,0.0,0.0,0.23246329526916806,5.089722675367049,16.064437194127247,7.659053833605221,0.9543230016313216,0.9207760510846411,0.02343252071630274,0.0,0.0,0.0,0.0,0.0,0.0,0.0,0.0,0.0,0.0,0.0,0.0,0.0,0.0,0.0,0.0,0.0,0.0,0.0,0.0,0.0,0.0,0.0,0.0,0.0,0.2527716186252772,5.454545454545456,15.43237250554324,8.288248337028826,0.5720620842572063,0.362,0.0212,0.0,0.0,0.0,0.0,0.0,0.0,0.0,0.0,0.012234910277324635,2.703915171288745,15.061174551386626,11.060358890701451,1.1623164763458402,0.0,0.0,0.0,0.0,0.0,0.0,0.0,0.0,0.0,0.0,0.0,0.0,0.0,0.0,0.0,0.0,0.0,0.3625,0.02165,0.0,0.0,0.0,0.0,0.0,0.0,0.0,0.0,0.039911308203991136,2.567627494456763,14.541019955654106,11.414634146341447,1.39689578713969,0.039911308203991136,0.0,0.0,0.0,0.0,0.0,0.0,0.0,0.0,0.0,0.0,0.0,0.0,0.0,0.0,0.0,0.0
71600,4432,2309,0.5209837545126353,1059,895,0.440884476534296,1222,0.5514440433212996,0.426,3.0113047574187473,3.0679023479708176,6.5,2.1416583146478656,9328.78283448945,1415.1509031654966,7853.0,10756.116998910904,10685.684938266453,17.48324446311299,7853.0,0.0,27.84476534296029,20.95801845548179,32.8858915565147,19.213541191766446,0.1407942238267148,0.10108303249097472,0.09453971119133574,0.08799638989169675,0.07987364620938628,0.0776173285198556,0.06385379061371842,0.06588447653429604,0.05279783393501805,0.048736462093862815,0.04918772563176895,0.04129061371841155,0.036326714801444046,0.026398916967509026,0.015342960288808664,0.011732851985559567,0.006543321299638989,0.9209103254258417,0.022683485737573478,0.0,0.0,0.0,0.0,0.0,0.0,0.0,0.0,0.0,0.0,0.0,0.0,0.0,0.0,0.0,0.0,0.0,0.0,0.0,0.0,0.0,0.0,0.0,0.0,0.0,0.24368231046931413,5.083483754512637,15.81227436823105,8.224277978339352,0.6362815884476535,4.332744613210879,2.8887627796616275,nan,nan,nan,4.247183098591549,2.886861780256528,4.418851878100638,2.8881166802822453,1.040419444023032,0.362,0.02133,0.0,0.0,0.0,0.0,0.0,0.0,0.0,0.0,0.020306859205776177,2.626353790613719,15.081227436823108,11.067238267147998,1.1777978339350184,0.027075812274368238,0.0,0.0,0.0,0.0,0.0,0.0,0.0,0.0,0.0,0.0,0.0,0.0,0.0,0.0,0.0,0.0,nan,nan,4.332744613210879,2.8887627796616275,nan,0.362,0.118,0.0,0.0,0.0,0.0,1.1281588447653429e-05,0.0,0.0008799638989169675,5.640794223826715e-05,1.1281588447653429e-05,0.0008348375451263538,0.0,0.001962996389891697,0.002493231046931408,0.010379061371841155,0.001601985559566787,0.02348826714801444,0.00021435018050541517,0.006678700361010831,0.005336191335740073,0.018761281588447653,0.003655234657039711,0.034070397111913356,0.009916516245487365,0.006261281588447653,0.02232626353790614,0.047224729241877254,0.027324007220216606,0.04247518050541516,0.028034747292418772,0.03383348375451264,0.01052572202166065,0.04922157039711191,0.026511732851985558,0.03262635379061372,0.03654106498194946,0.03657490974729242,0.04283619133574007,0.04012861010830325,0.02585740072202166,0.0200586642599278,0.01878384476534296,0.007750451263537906,0.013064079422382672,0.02480821299638989,0.02766245487364621,0.038323555956678704,0.02796705776173285,0.026951714801444045,0.019347924187725633,0.004817238267148014,0.020972472924187725,0.0028993682310469314,0.009814981949458484,0.009228339350180505,0.0070735559566787,0.016245487364620937,0.007118682310469314,0.012973826714801445,0.0012184115523465704,0.015489620938628159,0.01131543321299639,0.001680956678700361,0.014812725631768954,0.0025383574007220217,9.025270758122743e-05,0.006046931407942238,0.0018614620938628159,0.0003835740072202166,0.0,4.5126353790613716e-05,0.0,0.0,0.0,0.0,0.0,0.0,0.0,0.0,0.0,0.0,0.0,0.0,0.0,0.0,0.0,0.0,0.0,0.0,0.0,0.0,0.0,0.0,0.0,0.0,0.0,0.0,0.0,0.0,0.0,0.0,0.0,nan,nan,4.332744613210879,2.8887627796616275,nan,0.9205169344991252,0.02239613737022815,0.0,0.0,0.0,0.0,0.0,0.0,0.0,0.0,0.0,0.0,0.0,0.0,0.0,0.0,0.0,0.0,0.0,0.0,0.0,0.0,0.0,0.0,0.0,0.0,0.0,0.24686011260285842,5.093113902122131,15.993936769164144,8.094413165872673,0.5716760502381985,0.9213381820672871,0.022984290077224915,0.0,0.0,0.0,0.0,0.0,0.0,0.0,0.0,0.0,0.0,0.0,0.0,0.0,0.0,0.0,0.0,0.0,0.0,0.0,0.0,0.0,0.0,0.0,0.0,0.0,0.240226095148375,5.073009891662743,15.614696184644375,8.365520489872823,0.7065473386716911,0.3623,0.02135,0.0,0.0,0.0,0.0,0.0,0.0,0.0,0.0,0.025985275010827202,2.6894759636206156,14.980511043741883,11.03074924209613,1.234300563014292,0.038977912516240804,0.0,0.0,0.0,0.0,0.0,0.0,0.0,0.0,0.0,0.0,0.0,0.0,0.0,0.0,0.0,0.0,0.3618,0.0213,0.0,0.0,0.0,0.0,0.0,0.0,0.0,0.0,0.014130946773433824,2.5577013659915218,15.19076778144136,11.106924163918967,1.116344795101272,0.014130946773433824,0.0,0.0,0.0,0.0,0.0,0.0,0.0,0.0,0.0,0.0,0.0,0.0,0.0,0.0,0.0,0.0
71700,4240,2222,0.5240566037735849,1048,818,0.4400943396226415,1140,0.5377358490566038,0.446,3.0634291377601586,3.200895027084398,6.879370629370629,2.10339243693438,9338.098139308366,1415.3376085769887,7853.0,10746.397308468819,10686.850634863846,16.95911313330754,7853.0,0.0,27.839622641509433,21.139769278320408,32.971452798191066,19.38762985193062,0.14575471698113207,0.10683962264150944,0.08349056603773584,0.08773584905660377,0.07877358490566037,0.0820754716981132,0.06533018867924528,0.05306603773584906,0.06061320754716981,0.05235849056603774,0.045283018867924525,0.041981132075471696,0.03278301886792453,0.025235849056603775,0.019339622641509433,0.012735849056603774,0.006603773584905661,0.9211938262829241,0.02296328890845481,0.0,0.0,0.0,0.0,0.0,0.0,0.0,0.0,0.0,0.0,0.0,0.0,0.0,0.0,0.0,0.0,0.0,0.0,0.0,0.0,0.0,0.0,0.0,0.0,0.0,0.26179245283018876,4.91745283018868,15.94103773584906,8.15801886792453,0.7216981132075473,4.269357798165138,2.934782950019233,nan,nan,nan,4.2914244186046515,2.964192653541721,4.246849518161601,2.904305118481799,0.9896130291262256,0.3635,0.02046,0.0,0.0,0.0,0.0,0.0,0.0,0.0,0.0,0.021226415094339625,1.995283018867925,14.872641509433965,11.922169811320737,1.1816037735849059,0.0070754716981132094,0.0,0.0,0.0,0.0,0.0,0.0,0.0,0.0,0.0,0.0,0.0,0.0,0.0,0.0,0.0,0.0,nan,nan,4.269357798165138,2.934782950019233,nan,0.3635,0.1182,0.0,0.0,0.0,0.0,0.0,0.0,0.0009787735849056604,1.1792452830188679e-05,0.0,0.0006839622641509434,0.0,0.001957547169811321,0.0020990566037735847,0.01142688679245283,0.0013797169811320756,0.022370283018867926,0.00025943396226415095,0.007606132075471698,0.004858490566037736,0.01982311320754717,0.003337264150943396,0.032900943396226415,0.008608490566037736,0.006662735849056604,0.022099056603773586,0.04581367924528302,0.027287735849056603,0.040837264150943395,0.02821933962264151,0.03428066037735849,0.011132075471698113,0.04694575471698113,0.02731132075471698,0.031120283018867923,0.03634433962264151,0.03700471698113208,0.043372641509433964,0.04001179245283019,0.02418632075471698,0.020625,0.019834905660377357,0.007040094339622642,0.013726415094339623,0.025943396226415096,0.02891509433962264,0.039363207547169814,0.027382075471698113,0.02695754716981132,0.018608490566037736,0.005518867924528302,0.020778301886792454,0.0024056603773584904,0.010507075471698114,0.00982311320754717,0.00777122641509434,0.01596698113207547,0.008278301886792452,0.013408018867924528,0.0014976415094339623,0.015613207547169812,0.012393867924528302,0.001957547169811321,0.014834905660377358,0.0021580188679245285,0.0001179245283018868,0.006025943396226415,0.0013207547169811322,0.0002830188679245283,0.0,1.1792452830188679e-05,0.0,0.0,0.0,0.0,0.0,0.0,0.0,0.0,0.0,0.0,0.0,0.0,0.0,0.0,0.0,0.0,0.0,0.0,0.0,0.0,0.0,0.0,0.0,0.0,0.0,0.0,0.0,0.0,0.0,0.0,0.0,nan,nan,4.269357798165138,2.934782950019233,nan,0.9212672555371515,0.02310922039002698,0.0,0.0,0.0,0.0,0.0,0.0,0.0,0.0,0.0,0.0,0.0,0.0,0.0,0.0,0.0,0.0,0.0,0.0,0.0,0.0,0.0,0.0,0.0,0.0,0.0,0.2700270027002701,5.076507650765078,15.513051305130515,8.370837083708372,0.7695769576957698,0.9211129740515597,0.022801251307564135,0.0,0.0,0.0,0.0,0.0,0.0,0.0,0.0,0.0,0.0,0.0,0.0,0.0,0.0,0.0,0.0,0.0,0.0,0.0,0.0,0.0,0.0,0.0,0.0,0.0,0.25272547076313184,4.742319127849357,16.412289395441036,7.923686818632311,0.6689791873141726,0.3638,0.02013,0.0,0.0,0.0,0.0,0.0,0.0,0.0,0.0,0.02700270027002701,1.7551755175517556,15.10801080108011,11.935193519351918,1.1611161116111612,0.013501350135013504,0.0,0.0,0.0,0.0,0.0,0.0,0.0,0.0,0.0,0.0,0.0,0.0,0.0,0.0,0.0,0.0,0.3635,0.02084,0.0,0.0,0.0,0.0,0.0,0.0,0.0,0.0,0.014866204162537169,2.2596630327056495,14.613478691774038,11.90782953419225,1.2041625371655107,0.0,0.0,0.0,0.0,0.0,0.0,0.0,0.0,0.0,0.0,0.0,0.0,0.0,0.0,0.0,0.0,0.0
71800,4316,2292,0.531047265987025,1105,846,0.4520389249304912,1214,0.5625579240037072,0.426,3.1299407114624507,3.151700211906881,6.585089141004862,2.2181594791709753,9358.326754130623,1414.637853481896,7853.0,10742.496540904045,10687.637989017352,16.94549198939174,7853.0,0.0,29.08433734939759,21.34676247396183,33.895469432314414,19.570169383331795,0.13229842446709916,0.0963855421686747,0.08572752548656164,0.08572752548656164,0.08271547729379054,0.07391102873030583,0.06232622798887859,0.06811862835959222,0.05908248378127896,0.05329008341056534,0.04657089898053753,0.04355885078776645,0.04170528266913809,0.028035217794253938,0.02015755329008341,0.011121408711770158,0.009267840593141797,0.9222980161664439,0.023299059752418264,0.0,0.0,0.0,0.0,0.0,0.0,0.0,0.0,0.0,0.0,0.0,0.0,0.0,0.0,0.0,0.0,0.0,0.0,0.0,0.0,0.0,0.0,0.0,0.0,0.00695088044485635,0.32669138090824845,4.490268767377202,15.681186283595926,8.667747914735868,0.8271547729379056,4.244258872651357,2.9584533396067014,nan,nan,nan,4.251559251559252,2.939171251384419,4.236897274633123,2.9777525684850072,0.9965513883122407,0.3638,0.02113,0.0,0.0,0.0,0.0,0.0,0.0,0.0,0.0,0.0556070435588508,2.1964782205746065,14.256255792400374,12.28220574606115,1.2025023169601485,0.00695088044485635,0.0,0.0,0.0,0.0,0.0,0.0,0.0,0.0,0.0,0.0,0.0,0.0,0.0,0.0,0.0,0.0,nan,nan,4.244258872651357,2.9584533396067014,nan,0.3638,0.11865,0.0,0.0,0.0,0.0,0.0,0.0,0.00032437442075996294,0.0,0.0,0.0005560704355885078,1.1584800741427247e-05,0.0017145505097312327,0.0027455977757182577,0.011132993512511584,0.0015523632993512512,0.023772011121408712,0.00028962001853568116,0.0075764596848934196,0.004529657089898054,0.021489805375347545,0.0031047265987025024,0.03258804448563485,0.00816728452270621,0.006568582020389249,0.022706209453197405,0.04632761816496756,0.027873030583873956,0.04059314179796108,0.02696941612604263,0.03564643188137164,0.010206209453197406,0.046037998146431884,0.027513901760889713,0.028544949026876737,0.03678174235403151,0.03544949026876738,0.041276645041705286,0.04069740500463392,0.025405468025949954,0.020528266913809084,0.021014828544949026,0.007599629286376274,0.013693234476367007,0.02727062094531974,0.028938832252085264,0.04105653382761817,0.02541705282669138,0.025984708063021316,0.018697868396663576,0.005363762743280816,0.020389249304911955,0.002293790546802595,0.009383688600556071,0.012071362372567191,0.007460611677479147,0.016265060240963854,0.00896663577386469,0.01241890639481001,0.0017724745134383689,0.014747451343836886,0.013380444856348471,0.0025718257645968487,0.01355421686746988,0.0021200185356811865,1.1584800741427247e-05,0.007031974050046339,0.0015407784986098238,0.00030120481927710846,0.0,0.0,0.0,0.0,0.0,0.0,0.0,0.0,0.0,0.0,0.0,0.0,0.0,0.0,0.0,0.0,0.0,0.0,0.0,0.0,0.0,0.0,0.0,0.0,0.0,0.0,0.0,0.0,0.0,0.0,0.0,0.0,0.0,nan,nan,4.244258872651357,2.9584533396067014,nan,0.9223278607997595,0.023131410786442524,0.0,0.0,0.0,0.0,0.0,0.0,0.0,0.0,0.0,0.0,0.0,0.0,0.0,0.0,0.0,0.0,0.0,0.0,0.0,0.0,0.0,0.0,0.0,0.0,0.013089005235602098,0.35340314136125667,4.332460732984294,15.706806282722516,8.887434554973824,0.7068062827225133,0.9222642197733811,0.023487416744508376,0.0,0.0,0.0,0.0,0.0,0.0,0.0,0.0,0.0,0.0,0.0,0.0,0.0,0.0,0.0,0.0,0.0,0.0,0.0,0.0,0.0,0.0,0.0,0.0,0.0,0.29644268774703564,4.668972332015811,15.652173913043482,8.418972332015812,0.9634387351778658,0.364,0.0209,0.0,0.0,0.0,0.0,0.0,0.0,0.0,0.0,0.026178010471204195,2.0942408376963355,14.371727748691102,12.342931937172757,1.1518324607329844,0.013089005235602098,0.0,0.0,0.0,0.0,0.0,0.0,0.0,0.0,0.0,0.0,0.0,0.0,0.0,0.0,0.0,0.0,0.3635,0.02138,0.0,0.0,0.0,0.0,0.0,0.0,0.0,0.0,0.08893280632411069,2.312252964426878,14.125494071146248,12.213438735177848,1.2598814229249014,0.0,0.0,0.0,0.0,0.0,0.0,0.0,0.0,0.0,0.0,0.0,0.0,0.0,0.0,0.0,0.0,0.0
71900,4537,2372,0.5228124311218867,1169,915,0.45933436191315846,1250,0.551024906325766,0.418,3.009699769053118,3.1041056255130477,6.594202898550725,2.1594040786604154,9335.049495960297,1415.9623280787582,7853.0,10746.506178617477,10687.763306564866,17.520866184342513,7853.0,0.0,27.493057086180297,20.371392073432904,32.41467262687352,18.567563666993358,0.14062155609433546,0.10359268238924399,0.08529865549922856,0.08772316508706193,0.08573947542428918,0.07692307692307693,0.06810667842186467,0.07031077804716773,0.05752700022040996,0.05333921093233414,0.04672691205642495,0.03989420321798545,0.03173903460436412,0.024024685915803395,0.016530747189772977,0.006391888913378885,0.00551024906325766,0.9226286989990404,0.02333930970687344,0.0,0.0,0.0,0.0,0.0,0.0,0.0,0.0,0.0,0.0,0.0,0.0,0.0,0.0,0.0,0.0,0.0,0.0,0.0,0.0,0.0,0.0,0.0,0.0,0.0,0.24465505840864013,4.7145690985232545,15.380207185364782,8.787745206083317,0.8728234516200134,4.304392236976507,2.9280251135811666,nan,nan,nan,4.340816326530613,2.882064053965841,4.267893660531698,2.972920018524662,0.9832007022381437,0.3645,0.02203,0.0,0.0,0.0,0.0,0.0,0.0,0.0,0.0,0.006612298875909192,2.3804275953273093,13.694070972007937,12.19969142605244,1.6795239144809349,0.039673793255455156,0.0,0.0,0.0,0.0,0.0,0.0,0.0,0.0,0.0,0.0,0.0,0.0,0.0,0.0,0.0,0.0,nan,nan,4.304392236976507,2.9280251135811666,nan,0.3645,0.1192,0.0,0.0,0.0,0.0,0.0,0.0,3.3061494379545955e-05,0.0,0.0,0.0006171478950848579,1.1020498126515318e-05,0.0012783777826757769,0.002733083535375799,0.011527441040335023,0.0017412387039894203,0.025787965616045846,0.0003195944456689442,0.006876790830945559,0.004176768789949306,0.02104915142164426,0.0027220630372492838,0.03168393211373154,0.007802512673572845,0.007372713246638748,0.024344280361472338,0.04650650209389465,0.02530306369847917,0.040059510689883185,0.02674674895305268,0.03448313863786643,0.010689883182719859,0.0449636323561825,0.024278157372713247,0.0313643376680626,0.034736610094776285,0.037833370068327085,0.04084196605686577,0.041712585408860484,0.027275732863125412,0.021203438395415473,0.01993608111086621,0.008155168613621335,0.013621335684372933,0.0269781794137095,0.02643817500551025,0.04322239365219308,0.025953273087943575,0.02646021600176328,0.018404231871280582,0.004749834692528102,0.020299757549041217,0.0020938946440379105,0.009929468811990302,0.01313643376680626,0.006424950407758431,0.01589155829843509,0.007306590257879656,0.012960105796782015,0.0018734846815076042,0.015571963852766145,0.012750716332378223,0.0033722724267136873,0.013422966718095657,0.0030967599735508044,4.408199250606127e-05,0.007758430681066784,0.0017522592021159357,0.0003195944456689442,0.0,0.0,0.0,0.0,0.0,0.0,0.0,0.0,0.0,0.0,0.0,0.0,0.0,0.0,0.0,0.0,0.0,0.0,0.0,0.0,0.0,0.0,0.0,0.0,0.0,0.0,0.0,0.0,0.0,0.0,0.0,0.0,0.0,nan,nan,4.304392236976507,2.9280251135811666,nan,0.9219850726915653,0.023420217348996224,0.0,0.0,0.0,0.0,0.0,0.0,0.0,0.0,0.0,0.0,0.0,0.0,0.0,0.0,0.0,0.0,0.0,0.0,0.0,0.0,0.0,0.0,0.0,0.0,0.0,0.2529510961214166,4.970489038785836,15.467959527824624,8.511804384485668,0.7967959527824623,0.9233338637109717,0.02322988021996494,0.0,0.0,0.0,0.0,0.0,0.0,0.0,0.0,0.0,0.0,0.0,0.0,0.0,0.0,0.0,0.0,0.0,0.0,0.0,0.0,0.0,0.0,0.0,0.0,0.0,0.23556581986143194,4.43418013856813,15.284064665127024,9.090069284064667,0.9561200923787531,0.3645,0.02184,0.0,0.0,0.0,0.0,0.0,0.0,0.0,0.0,0.0,2.162731871838112,13.912310286677911,12.23018549747047,1.6188870151770662,0.07588532883642497,0.0,0.0,0.0,0.0,0.0,0.0,0.0,0.0,0.0,0.0,0.0,0.0,0.0,0.0,0.0,0.0,0.3645,0.02226,0.0,0.0,0.0,0.0,0.0,0.0,0.0,0.0,0.013856812933025408,2.618937644341802,13.454965357967671,12.166281755196287,1.7459584295612014,0.0,0.0,0.0,0.0,0.0,0.0,0.0,0.0,0.0,0.0,0.0,0.0,0.0,0.0,0.0,0.0,0.0
72000,4688,2423,0.5168515358361775,1124,987,0.4502986348122867,1337,0.5703924914675768,0.39799999999999996,3.035320088300221,3.1312125455981503,6.715610510046368,2.143850100099791,9318.362319774595,1416.8372843358143,7853.0,10750.405427217484,10688.170678953076,17.722449786990875,7853.0,0.0,28.129266211604097,21.09949039727487,33.49382716049383,19.169993349597814,0.14675767918088736,0.09428327645051195,0.08937713310580205,0.08212457337883959,0.08468430034129693,0.0693259385665529,0.07145904436860068,0.06804607508532423,0.05844709897610922,0.05418088737201365,0.04244880546075085,0.04052901023890785,0.031783276450511946,0.029436860068259386,0.015784982935153583,0.013438566552901024,0.007892491467576791,0.9231773015022685,0.022769446209501228,0.0,0.0,0.0,0.0,0.0,0.0,0.0,0.0,0.0,0.0,0.0,0.0,0.0,0.0,0.0,0.0,0.0,0.0,0.0,0.0,0.0,0.0,0.0,0.0,0.0,0.1919795221843004,4.383532423208192,15.582337883959047,9.035836177474405,0.8063139931740616,4.283223684210526,2.894365238558517,nan,nan,nan,4.245672436750999,2.8814049676807936,4.319895968790637,2.9064981659477014,1.017482161694141,0.3655,0.02199,0.0,0.0,0.0,0.0,0.0,0.0,0.0,0.0,0.0,2.1693686006825943,13.566552901023893,12.369880546075066,1.8430034129692836,0.05119453924914677,0.0,0.0,0.0,0.0,0.0,0.0,0.0,0.0,0.0,0.0,0.0,0.0,0.0,0.0,0.0,0.0,nan,nan,4.283223684210526,2.894365238558517,nan,0.3655,0.11975,0.0,0.0,0.0,0.0,0.0,0.0,0.0,0.0,0.0,0.0005332764505119454,1.0665529010238908e-05,0.0009065699658703072,0.0023784129692832764,0.010825511945392491,0.0016104948805460751,0.026290529010238907,0.0004159556313993174,0.006751279863481229,0.0040529010238907846,0.02079778156996587,0.0027090443686006824,0.031783276450511946,0.008724402730375426,0.007476535836177475,0.02354948805460751,0.0457231228668942,0.02472269624573379,0.04079564846416382,0.02706911262798635,0.0363481228668942,0.00957764505119454,0.045467150170648465,0.02490401023890785,0.03260452218430034,0.03563353242320819,0.03789462457337884,0.03751066552901024,0.041062286689419795,0.025938566552901023,0.020776450511945394,0.020787116040955633,0.00850042662116041,0.013001279863481228,0.026685153583617748,0.02647184300341297,0.043003412969283276,0.025927901023890785,0.027581058020477816,0.01619027303754266,0.004479522184300341,0.01983788395904437,0.002101109215017065,0.010569539249146758,0.013310580204778157,0.0077218430034129695,0.017182167235494882,0.006441979522184301,0.012755972696245734,0.002325085324232082,0.015315699658703072,0.01367320819112628,0.0033809726962457337,0.013225255972696246,0.0035196245733788395,0.0001599829351535836,0.008489761092150171,0.002218430034129693,0.0002986348122866894,0.0,0.0,0.0,0.0,0.0,0.0,0.0,0.0,0.0,0.0,0.0,0.0,0.0,0.0,0.0,0.0,0.0,0.0,0.0,0.0,0.0,0.0,0.0,0.0,0.0,0.0,0.0,0.0,0.0,0.0,0.0,0.0,0.0,nan,nan,4.283223684210526,2.894365238558517,nan,0.9222000038825526,0.022980368577488544,0.0,0.0,0.0,0.0,0.0,0.0,0.0,0.0,0.0,0.0,0.0,0.0,0.0,0.0,0.0,0.0,0.0,0.0,0.0,0.0,0.0,0.0,0.0,0.0,0.0,0.2228642179116798,4.791580685101115,15.476681799422208,8.765992571192738,0.742880726372266,0.9242227726424767,0.02249466919274835,0.0,0.0,0.0,0.0,0.0,0.0,0.0,0.0,0.0,0.0,0.0,0.0,0.0,0.0,0.0,0.0,0.0,0.0,0.0,0.0,0.0,0.0,0.0,0.0,0.0,0.1589403973509934,3.9470198675496695,15.6953642384106,9.32450331125828,0.8741721854304638,0.365,0.0221,0.0,0.0,0.0,0.0,0.0,0.0,0.0,0.0,0.0,2.302930251754024,13.730912092447383,12.009905076351613,1.8819645068097404,0.07428807263722659,0.0,0.0,0.0,0.0,0.0,0.0,0.0,0.0,0.0,0.0,0.0,0.0,0.0,0.0,0.0,0.0,0.366,0.02185,0.0,0.0,0.0,0.0,0.0,0.0,0.0,0.0,0.0,2.026490066225166,13.390728476821195,12.7549668874172,1.8013245033112586,0.02649006622516557,0.0,0.0,0.0,0.0,0.0,0.0,0.0,0.0,0.0,0.0,0.0,0.0,0.0,0.0,0.0,0.0
72100,4323,2278,0.5269488780939162,1040,866,0.4408975248669905,1206,0.5579458709229702,0.41,2.9599022004889974,3.0520113998095235,6.466437177280551,2.120547588227217,9347.390373906133,1415.9626798182883,7853.0,10756.376741886139,10688.930459348647,17.733897529195687,7853.0,0.0,28.988433957899606,21.42075660934597,33.9233926128591,19.60959974527957,0.1350913717325931,0.09507286606523248,0.09275965764515383,0.08651399491094147,0.07078417765440666,0.06962757344436733,0.07610455702058755,0.0659264399722415,0.055517002081887576,0.05065926439972242,0.05181586860976174,0.04210039324543141,0.03354152209114041,0.030534351145038167,0.02498265093684941,0.01087207957436965,0.008096229470275272,0.9229818789075983,0.022590964640440133,0.0,0.0,0.0,0.0,0.0,0.0,0.0,0.0,0.0,0.0,0.0,0.0,0.0,0.0,0.0,0.0,0.0,0.0,0.0,0.0,0.0,0.0,0.0,0.0,0.0,0.18736988202637062,4.53851492019431,15.62109646079112,8.82026370575989,0.8327550312283138,4.169317780134323,2.8269205775338953,nan,nan,nan,4.178723404255319,2.8119503973167754,4.157263751763047,2.8408577271275948,0.9948645434463504,0.365,0.02223,0.0,0.0,0.0,0.0,0.0,0.0,0.0,0.0,0.027758501040943795,2.0680083275503125,14.142956280360863,11.880638445523925,1.8390006939625265,0.04163775156141569,0.0,0.0,0.0,0.0,0.0,0.0,0.0,0.0,0.0,0.0,0.0,0.0,0.0,0.0,0.0,0.0,nan,nan,4.169317780134323,2.8269205775338953,nan,0.365,0.1197,0.0,0.0,0.0,0.0,0.0,0.0,0.0,0.0,0.0,0.0004626416840157298,2.313208420078649e-05,0.0010987739995373584,0.003007170946102244,0.01015498496414527,0.0017927365255609531,0.027029840388619015,0.0004048114735137636,0.006893361091834374,0.003909322229932917,0.019060837381448068,0.0029840388619014574,0.032315521628498725,0.008605135322692574,0.007332870691649318,0.023085820032384918,0.044552394170714785,0.02558408512606986,0.0412676382142031,0.0263705759888966,0.03808697663659496,0.009449456396021282,0.048380754105944945,0.024184594031922278,0.03398103169095536,0.037022900763358776,0.037531806615776084,0.0351029377746935,0.04056210964607911,0.02652093453620171,0.02169789498033773,0.019581309275965766,0.008084663428174878,0.012063381910710155,0.025919500346981265,0.02580383992597733,0.043361091834374275,0.024681933842239184,0.028325237103863057,0.015995836224843858,0.004210039324543141,0.021547536433032616,0.002694887809391626,0.011138098542678696,0.012919269026139255,0.008130927596576451,0.016053666435345823,0.007136247975942632,0.011415683553088134,0.002579227388387694,0.016007402266944252,0.01364792967846403,0.0027989821882951653,0.013092759657645154,0.0030765671987046032,5.783021050196623e-05,0.009102475133009484,0.0019893592412676383,0.0001272264631043257,0.0,0.0,0.0,0.0,0.0,0.0,0.0,0.0,0.0,0.0,0.0,0.0,0.0,0.0,0.0,0.0,0.0,0.0,0.0,0.0,0.0,0.0,0.0,0.0,0.0,0.0,0.0,0.0,0.0,0.0,0.0,0.0,0.0,nan,nan,4.169317780134323,2.8269205775338953,nan,0.9232514772214211,0.02248690430862611,0.0,0.0,0.0,0.0,0.0,0.0,0.0,0.0,0.0,0.0,0.0,0.0,0.0,0.0,0.0,0.0,0.0,0.0,0.0,0.0,0.0,0.0,0.0,0.0,0.0,0.15803336259877088,4.451273046532046,15.724319578577703,8.889376646180862,0.7769973661106235,0.9226815635242789,0.02270255057463225,0.0,0.0,0.0,0.0,0.0,0.0,0.0,0.0,0.0,0.0,0.0,0.0,0.0,0.0,0.0,0.0,0.0,0.0,0.0,0.0,0.0,0.0,0.0,0.0,0.0,0.22004889975550126,4.635696821515893,15.506112469437657,8.743276283618584,0.8948655256723719,0.3655,0.02245,0.0,0.0,0.0,0.0,0.0,0.0,0.0,0.0,0.03950834064969272,1.988586479367867,14.117647058823533,11.839332748024566,1.9622475856014052,0.05267778753292363,0.0,0.0,0.0,0.0,0.0,0.0,0.0,0.0,0.0,0.0,0.0,0.0,0.0,0.0,0.0,0.0,0.3647,0.02194,0.0,0.0,0.0,0.0,0.0,0.0,0.0,0.0,0.014669926650366752,2.1564792176039123,14.171149144254283,11.926650366748149,1.7017114914425433,0.029339853300733503,0.0,0.0,0.0,0.0,0.0,0.0,0.0,0.0,0.0,0.0,0.0,0.0,0.0,0.0,0.0,0.0
72200,4326,2268,0.5242718446601942,1091,893,0.4586222838650023,1205,0.5570966250577901,0.43,2.9606413994169096,3.112548035571175,6.625912408759124,2.2653821497263054,9339.556592034703,1416.1221973944955,7853.0,10752.288349151611,10688.469055177306,17.867034860477688,7853.0,0.0,27.958622283865,20.768151903080913,32.79747876130447,19.004271323300603,0.13869625520110956,0.09454461396208969,0.09246417013407304,0.08691631992602866,0.08807212205270458,0.07212205270457697,0.07281553398058252,0.07142857142857142,0.055940822931114194,0.04600092464170134,0.04600092464170134,0.04137771613499769,0.032131299121590386,0.025889967637540454,0.018261673601479428,0.010402219140083218,0.006934812760055479,0.9233495616218419,0.022798088842486693,0.0,0.0,0.0,0.0,0.0,0.0,0.0,0.0,0.0,0.0,0.0,0.0,0.0,0.0,0.0,0.0,0.0,0.0,0.0,0.0,0.0,0.0,0.0,0.0,0.0,0.20110957004160893,4.535367545076284,15.055478502080447,9.382801664355064,0.8252427184466021,4.1934566145092464,2.9406625617659286,nan,nan,nan,4.245924875974486,2.963236119125061,4.140613847251963,2.9167975790452885,0.975197152140297,0.3652,0.02248,0.0,0.0,0.0,0.0,0.0,0.0,0.0,0.0,0.02773925104022192,2.385575589459085,13.037447988904303,12.773925104022172,1.7406380027739254,0.0346740638002774,0.0,0.0,0.0,0.0,0.0,0.0,0.0,0.0,0.0,0.0,0.0,0.0,0.0,0.0,0.0,0.0,nan,nan,4.1934566145092464,2.9406625617659286,nan,0.3652,0.1201,0.0,0.0,0.0,0.0,0.0,0.0,0.0,0.0,3.467406380027739e-05,0.0004507628294036061,0.0001502542764678687,0.0013638465094775775,0.003201571890892279,0.01050624133148405,0.0021729079981507166,0.0252542764678687,0.0005894590846047157,0.007801664355062413,0.0032824780397595933,0.0191169671752196,0.003294036061026352,0.0329750346740638,0.008691631992602866,0.006888580674988442,0.02473416551086454,0.043816458622283866,0.025323624595469257,0.041019417475728154,0.0255085529357374,0.03843042071197411,0.008807212205270457,0.04739944521497919,0.02463014331946371,0.03307905686546463,0.04014100785945446,0.037170596393897366,0.036118816458622284,0.03808368007397134,0.026895515487748496,0.01926722145168747,0.017914932963476654,0.008229311141932502,0.012552011095700416,0.027831715210355986,0.023901987979657882,0.04364308830328248,0.02288488210818308,0.030802126675913085,0.016030975496994913,0.004010633379565419,0.02459546925566343,0.0026005547850208046,0.010471567267683772,0.012991215903837262,0.008229311141932502,0.01675913083680074,0.0066920943134535366,0.011615811373092927,0.0027739251040221915,0.01423948220064725,0.013210818307905686,0.0026005547850208046,0.013673139158576052,0.003617660656495608,0.0001155802126675913,0.009812760055478502,0.0017914932963476653,0.00016181229773462783,4.6232085067036525e-05,0.0,0.0,0.0,0.0,0.0,0.0,0.0,0.0,0.0,0.0,0.0,0.0,0.0,0.0,0.0,0.0,0.0,0.0,0.0,0.0,0.0,0.0,0.0,0.0,0.0,0.0,0.0,0.0,0.0,0.0,0.0,0.0,nan,nan,4.1934566145092464,2.9406625617659286,nan,0.922823338518067,0.022971576972734862,0.0,0.0,0.0,0.0,0.0,0.0,0.0,0.0,0.0,0.0,0.0,0.0,0.0,0.0,0.0,0.0,0.0,0.0,0.0,0.0,0.0,0.0,0.0,0.0,0.0,0.171957671957672,4.70899470899471,15.132275132275135,9.060846560846562,0.9259259259259262,0.9239294809606958,0.022591162725008898,0.0,0.0,0.0,0.0,0.0,0.0,0.0,0.0,0.0,0.0,0.0,0.0,0.0,0.0,0.0,0.0,0.0,0.0,0.0,0.0,0.0,0.0,0.0,0.0,0.0,0.2332361516034986,4.344023323615161,14.970845481049567,9.737609329446066,0.7142857142857144,0.365,0.02249,0.0,0.0,0.0,0.0,0.0,0.0,0.0,0.0,0.03968253968253969,2.420634920634921,13.187830687830692,12.65873015873014,1.666666666666667,0.02645502645502646,0.0,0.0,0.0,0.0,0.0,0.0,0.0,0.0,0.0,0.0,0.0,0.0,0.0,0.0,0.0,0.0,0.3655,0.02243,0.0,0.0,0.0,0.0,0.0,0.0,0.0,0.0,0.014577259475218662,2.3469387755102047,12.871720116618079,12.900874635568494,1.8221574344023328,0.04373177842565598,0.0,0.0,0.0,0.0,0.0,0.0,0.0,0.0,0.0,0.0,0.0,0.0,0.0,0.0,0.0,0.0
72300,4602,2399,0.5212950890916993,1131,935,0.44893524554541503,1295,0.5627987831377662,0.40199999999999997,2.9736722650930547,3.1201156466351363,6.5883280757097795,2.1370819560063894,9331.182497415968,1416.568460192436,7853.0,10747.131232619286,10688.596437310665,17.55625770464329,7853.0,0.0,27.743589743589745,20.733975689997163,32.762399376785254,18.941624680274167,0.1429813124728379,0.096045197740113,0.09995654063450674,0.08822251195132551,0.07409821816601478,0.07496740547588006,0.06388526727509779,0.06627553237722729,0.06149500217296827,0.05823554976097349,0.046718817905258586,0.03954802259887006,0.029335071707953065,0.023902651021295088,0.018252933507170794,0.010212950890916993,0.005867014341590613,0.9237719813619992,0.023407392716034786,0.0,0.0,0.0,0.0,0.0,0.0,0.0,0.0,0.0,0.0,0.0,0.0,0.0,0.0,0.0,0.0,0.0,0.0,0.0,0.0,0.0,0.0,0.0,0.0,0.0,0.136897001303781,4.582790091264668,15.169491525423732,9.11994784876141,0.9908735332464148,4.255514082117408,2.8671878500866117,nan,nan,nan,4.290344361917623,2.8606095595598835,4.220327421555252,2.873389488154991,0.9836803448730451,0.3647,0.0219,0.0,0.0,0.0,0.0,0.0,0.0,0.0,0.0,0.03259452411994786,2.3011734028683186,13.494132985658412,12.73142112125161,1.4276401564537162,0.013037809647979142,0.0,0.0,0.0,0.0,0.0,0.0,0.0,0.0,0.0,0.0,0.0,0.0,0.0,0.0,0.0,0.0,nan,nan,4.255514082117408,2.8671878500866117,nan,0.3647,0.1198,0.0,0.0,0.0,0.0,0.0,0.0,0.0,0.0,4.34593654932638e-05,0.0006627553237722729,0.0001955671447196871,0.001738374619730552,0.003661451542807475,0.0103541938287701,0.00303129074315515,0.023750543242068666,0.0007822685788787483,0.008887440243372447,0.0029552368535419385,0.01985006518904824,0.003683181225554107,0.031203824424163407,0.00818122555410691,0.007453281182094741,0.022957409821816602,0.04493698392003477,0.024130812690134725,0.04119947848761408,0.026325510647544546,0.03833116036505867,0.008387657540199912,0.045860495436766624,0.026303780964797914,0.03299652325076054,0.039765319426336376,0.03892872664059105,0.037136027813993916,0.038591916558018254,0.027401129943502824,0.018524554541503695,0.019404606692742285,0.008148631029986962,0.012950890916992612,0.026684050412863973,0.023022598870056497,0.04479574098218166,0.022674923946110388,0.02934593654932638,0.014613211647109952,0.00463928726640591,0.02548891786179922,0.0022055627987831376,0.010397653194263364,0.013342025206431987,0.0072685788787483704,0.01872012168622338,0.007507605388961321,0.010930030421555846,0.0032485875706214687,0.013298565840938721,0.012972620599739243,0.0027162103433289874,0.011734028683181226,0.003389830508474576,0.0001086484137331595,0.010419382877009995,0.0015319426336375488,0.00020643198609300305,0.0,2.17296827466319e-05,0.0,0.0,0.0,0.0,0.0,0.0,0.0,0.0,0.0,0.0,0.0,0.0,0.0,0.0,0.0,0.0,0.0,0.0,0.0,0.0,0.0,0.0,0.0,0.0,0.0,0.0,0.0,0.0,0.0,0.0,0.0,nan,nan,4.255514082117408,2.8671878500866117,nan,0.9235238129270728,0.023377763565517493,0.0,0.0,0.0,0.0,0.0,0.0,0.0,0.0,0.0,0.0,0.0,0.0,0.0,0.0,0.0,0.0,0.0,0.0,0.0,0.0,0.0,0.0,0.0,0.0,0.0,0.1500625260525219,4.551896623593165,15.356398499374743,8.916215089620676,1.0254272613588997,0.9240422292400694,0.023436626620052872,0.0,0.0,0.0,0.0,0.0,0.0,0.0,0.0,0.0,0.0,0.0,0.0,0.0,0.0,0.0,0.0,0.0,0.0,0.0,0.0,0.0,0.0,0.0,0.0,0.0,0.12256014525646848,4.6164321379936455,14.96595551520654,9.341806627326374,0.9532455742169771,0.3645,0.0221,0.0,0.0,0.0,0.0,0.0,0.0,0.0,0.0,0.050020842017507304,2.375989995831597,13.305543976656944,12.84285118799498,1.4005835764902046,0.025010421008753652,0.0,0.0,0.0,0.0,0.0,0.0,0.0,0.0,0.0,0.0,0.0,0.0,0.0,0.0,0.0,0.0,0.365,0.02168,0.0,0.0,0.0,0.0,0.0,0.0,0.0,0.0,0.013617793917385386,2.219700408533818,13.699500680889699,12.610077167498847,1.4571039491602364,0.0,0.0,0.0,0.0,0.0,0.0,0.0,0.0,0.0,0.0,0.0,0.0,0.0,0.0,0.0,0.0,0.0
72400,4512,2339,0.518395390070922,1125,926,0.4545656028368794,1269,0.5625,0.414,2.9595029912563278,3.0466866013375418,6.451355661881978,2.0878880409616674,9323.370676820028,1417.293267702062,7853.0,10752.845445990562,10689.388411206484,17.990669075141735,7853.0,0.0,27.790336879432623,20.639121313900855,32.66315234580917,18.888245464743704,0.13829787234042554,0.09330673758865249,0.09796099290780141,0.09397163120567376,0.07579787234042554,0.0797872340425532,0.06804078014184398,0.0625,0.05851063829787234,0.053413120567375884,0.051418439716312055,0.041223404255319146,0.0274822695035461,0.02327127659574468,0.01928191489361702,0.008421985815602837,0.007313829787234043,0.9243156292495576,0.02278816116660879,0.0,0.0,0.0,0.0,0.0,0.0,0.0,0.0,0.0,0.0,0.0,0.0,0.0,0.0,0.0,0.0,0.0,0.0,0.0,0.0,0.0,0.0,0.0,0.0,0.0,0.20611702127659579,4.0492021276595755,15.558510638297875,9.261968085106385,0.9242021276595747,4.222640218878249,2.8759142492999255,nan,nan,nan,4.224172856178258,2.8846346780881826,4.221067221067221,2.866935742558749,0.9992647945013673,0.3652,0.02232,0.0,0.0,0.0,0.0,0.0,0.0,0.0,0.0,0.013297872340425535,2.2606382978723407,13.31117021276596,12.599734042553173,1.7686170212765961,0.04654255319148937,0.0,0.0,0.0,0.0,0.0,0.0,0.0,0.0,0.0,0.0,0.0,0.0,0.0,0.0,0.0,0.0,nan,nan,4.222640218878249,2.8759142492999255,nan,0.3652,0.12,0.0,0.0,0.0,0.0,0.0,0.0,0.0,3.324468085106383e-05,0.0,0.0008311170212765958,0.00037677304964539007,0.0008421985815602837,0.0035571808510638297,0.008787677304964539,0.0029698581560283687,0.02386968085106383,0.0003546099290780142,0.010660460992907801,0.003945035460992907,0.019647606382978723,0.0032358156028368793,0.030407801418439715,0.007446808510638298,0.007967641843971631,0.021797429078014185,0.04639849290780142,0.02451241134751773,0.04389406028368794,0.027005762411347518,0.03888519503546099,0.007147606382978723,0.04573359929078014,0.024811613475177303,0.03266843971631206,0.04192154255319149,0.03847517730496454,0.0356604609929078,0.03744459219858156,0.027770390070921986,0.01675531914893617,0.020511968085106382,0.008311170212765957,0.012056737588652482,0.02531028368794326,0.022972074468085107,0.045500886524822697,0.023093971631205672,0.027559840425531914,0.015048758865248226,0.004266400709219858,0.026418439716312057,0.002737145390070922,0.009552304964539007,0.01265514184397163,0.007723847517730496,0.020611702127659573,0.007546542553191489,0.011546985815602836,0.0039117907801418435,0.01346409574468085,0.014860372340425532,0.0029920212765957447,0.010749113475177305,0.002914450354609929,0.00013297872340425532,0.009563386524822696,0.0018617021276595746,0.0003102836879432624,0.0,0.0,0.0,0.0,0.0,0.0,0.0,0.0,0.0,0.0,0.0,0.0,0.0,0.0,0.0,0.0,0.0,0.0,0.0,0.0,0.0,0.0,0.0,0.0,0.0,0.0,0.0,0.0,0.0,0.0,0.0,0.0,0.0,nan,nan,4.222640218878249,2.8759142492999255,nan,0.9242579683935402,0.022915704024967273,0.0,0.0,0.0,0.0,0.0,0.0,0.0,0.0,0.0,0.0,0.0,0.0,0.0,0.0,0.0,0.0,0.0,0.0,0.0,0.0,0.0,0.0,0.0,0.0,0.0,0.23086789226165033,4.001710132535273,15.634886703719541,9.247541684480549,0.8849935870029929,0.9243776949385701,0.02264990843199361,0.0,0.0,0.0,0.0,0.0,0.0,0.0,0.0,0.0,0.0,0.0,0.0,0.0,0.0,0.0,0.0,0.0,0.0,0.0,0.0,0.0,0.0,0.0,0.0,0.0,0.17947537965945703,4.1003221352968255,15.47630004601933,9.277496548550392,0.9664058904739993,0.3652,0.02234,0.0,0.0,0.0,0.0,0.0,0.0,0.0,0.0,0.0,2.2702009405728947,13.441641727233863,12.428388200085488,1.8212911500641304,0.03847798204360839,0.0,0.0,0.0,0.0,0.0,0.0,0.0,0.0,0.0,0.0,0.0,0.0,0.0,0.0,0.0,0.0,0.3655,0.02231,0.0,0.0,0.0,0.0,0.0,0.0,0.0,0.0,0.027611596870685696,2.250345144960884,13.170731707317076,12.784169351127455,1.7119190059825131,0.05522319374137139,0.0,0.0,0.0,0.0,0.0,0.0,0.0,0.0,0.0,0.0,0.0,0.0,0.0,0.0,0.0,0.0
72500,4586,2366,0.5159180113388574,1112,948,0.4491931966855648,1300,0.56694286960314,0.39799999999999996,3.0144144144144143,3.104163053174418,6.549206349206349,2.1930534642599446,9315.6473718859,1416.8537473037438,7853.0,10738.100656867027,10688.038397070472,17.074787973225302,7853.0,0.0,28.050806803314437,21.084141662840022,33.31035386631717,19.214676982433527,0.14675098124727431,0.09725250763192324,0.08940252943741823,0.08264282599215002,0.07675534234627127,0.08002616659398168,0.07304840819886611,0.05974705625817706,0.05822067160924553,0.0538595726122983,0.04404709986916703,0.03597906672481466,0.04121238552115133,0.02311382468382032,0.019406890536415176,0.011120802442215439,0.007413868294810292,0.9239439961824987,0.022600767873164125,0.0,0.0,0.0,0.0,0.0,0.0,0.0,0.0,0.0,0.0,0.0,0.0,0.0,0.0,0.0,0.0,0.0,0.0,0.0,0.0,0.0,0.0,0.0,0.0,0.0,0.1373746184038378,4.343654600959443,15.470998691670305,9.119058002616661,0.9289140863497604,4.281092012133469,2.8736784897843695,nan,nan,nan,4.31895961670089,2.8844226084491096,4.244355909694555,2.8627382466929494,0.9827264634015443,0.3635,0.02129,0.0,0.0,0.0,0.0,0.0,0.0,0.0,0.0,0.013083296990841695,2.328826864369822,14.718709114696907,11.631051024858246,1.2887047535979068,0.019624945486262542,0.0,0.0,0.0,0.0,0.0,0.0,0.0,0.0,0.0,0.0,0.0,0.0,0.0,0.0,0.0,0.0,nan,nan,4.281092012133469,2.8736784897843695,nan,0.3635,0.11847,0.0,0.0,0.0,0.0,0.0,0.0,0.0,0.0,0.0,0.0009376362843436546,0.0006105538595726123,0.0006105538595726123,0.00402311382468382,0.0085041430440471,0.0026166593981683385,0.02176188399476668,0.00038159616223288267,0.009965111208024423,0.00504797208896642,0.020595290013083297,0.003096380287832534,0.030309638028783253,0.0077409507195813345,0.00782817269952028,0.022939380723942433,0.04552987352812909,0.02489097252507632,0.046020497165285654,0.02802006105538596,0.04056912341910161,0.007784561709550807,0.04552987352812909,0.026450065416484956,0.03269733972961186,0.04038377671173136,0.03845399040558221,0.036698648059310945,0.03847579590056694,0.025817706061927605,0.01746620148277366,0.02250327082424771,0.008580462276493676,0.012102049716528566,0.0260248582642826,0.022001744439598778,0.04411251635412124,0.022972088966419536,0.028041866550370692,0.014784125599651112,0.003696031399912778,0.025763192324465764,0.0027583951155691236,0.008885739206279983,0.011938508504143044,0.007490187527256869,0.02070431748800698,0.00827518534670737,0.011011774967291757,0.003576101177496729,0.012778020061055386,0.016027038813781074,0.0025076319232446576,0.009899694723070214,0.002115133013519407,8.722197993894462e-05,0.007413868294810292,0.001559092891408635,0.0006323593545573484,0.0,0.0,0.0,0.0,0.0,0.0,0.0,0.0,0.0,0.0,0.0,0.0,0.0,0.0,0.0,0.0,0.0,0.0,0.0,0.0,0.0,0.0,0.0,0.0,0.0,0.0,0.0,0.0,0.0,0.0,0.0,0.0,0.0,nan,nan,4.281092012133469,2.8736784897843695,nan,0.9240327498868474,0.022859474287022976,0.0,0.0,0.0,0.0,0.0,0.0,0.0,0.0,0.0,0.0,0.0,0.0,0.0,0.0,0.0,0.0,0.0,0.0,0.0,0.0,0.0,0.0,0.0,0.0,0.0,0.10143702451394762,4.425190194420964,15.202874049027898,9.294167371090449,0.9763313609467458,0.923849405522819,0.022321358557542158,0.0,0.0,0.0,0.0,0.0,0.0,0.0,0.0,0.0,0.0,0.0,0.0,0.0,0.0,0.0,0.0,0.0,0.0,0.0,0.0,0.0,0.0,0.0,0.0,0.0,0.1756756756756757,4.256756756756758,15.75675675675676,8.932432432432433,0.8783783783783786,0.363,0.02086,0.0,0.0,0.0,0.0,0.0,0.0,0.0,0.0,0.025359256128486905,2.1935756551141172,14.987320371935759,11.563820794590008,1.2045646661031277,0.025359256128486905,0.0,0.0,0.0,0.0,0.0,0.0,0.0,0.0,0.0,0.0,0.0,0.0,0.0,0.0,0.0,0.0,0.364,0.02171,0.0,0.0,0.0,0.0,0.0,0.0,0.0,0.0,0.0,2.4729729729729732,14.432432432432435,11.702702702702686,1.3783783783783785,0.013513513513513516,0.0,0.0,0.0,0.0,0.0,0.0,0.0,0.0,0.0,0.0,0.0,0.0,0.0,0.0,0.0,0.0
72600,4433,2270,0.5120685765847056,1088,881,0.4441687344913151,1249,0.5635010151139184,0.40599999999999997,2.9801202034211745,3.095202704530022,6.493769470404985,2.086328094720177,9305.068968865045,1417.4887658139166,7853.0,10745.632410645485,10688.692396025877,17.55220486962464,7853.0,0.0,27.932551319648095,20.88811370426718,32.83762748255502,19.17368956701266,0.13625084592826528,0.10218813444619897,0.0897811865553801,0.09339048048725468,0.0834649221745996,0.07105797428378073,0.06970448905932777,0.06383938642003158,0.05752312203925107,0.04985337243401759,0.04714640198511166,0.035641777577261446,0.03699526280171442,0.02729528535980149,0.01849763140085721,0.010602300924881571,0.006767426122264832,0.9247443039880335,0.022898566683976385,0.0,0.0,0.0,0.0,0.0,0.0,0.0,0.0,0.0,0.0,0.0,0.0,0.0,0.0,0.0,0.0,0.0,0.0,0.0,0.0,0.0,0.0,0.0,0.0,0.006767426122264834,0.16241822693435598,3.9927814121362517,15.20640649672908,9.636814798105123,0.9948116399729305,4.224903812521861,2.8662859696954364,nan,nan,nan,4.2195295794725585,2.857307956706811,4.231615120274914,2.8752941824051246,1.0028641915110987,0.363,0.02158,0.0,0.0,0.0,0.0,0.0,0.0,0.0,0.0,0.020302278366794498,2.3415294383036325,14.983081434694341,11.166253101736956,1.4549966162869392,0.033837130611324165,0.0,0.0,0.0,0.0,0.0,0.0,0.0,0.0,0.0,0.0,0.0,0.0,0.0,0.0,0.0,0.0,nan,nan,4.224903812521861,2.8662859696954364,nan,0.363,0.1182,0.0,0.0,0.0,0.0,0.0,0.0,0.0,0.0,0.0,0.0007669749605233476,0.0005188360027069704,0.0005865102639296188,0.004534175501917438,0.00827881795623731,0.002346041055718475,0.01953530340627115,0.00022558087074216106,0.010275208662305437,0.005470336115497406,0.02284006316264381,0.003586735844800361,0.03113016016241823,0.0074216106474170995,0.008030678998420934,0.024249943604782314,0.045183848409654864,0.024960523347620122,0.04703361154974058,0.02868260771486578,0.04095420708323934,0.006564403338596887,0.042916760658696144,0.02682156553124295,0.03204376268892398,0.04097676517031356,0.038495375592149786,0.03882246785472592,0.03736747123843898,0.024114595082337018,0.018745770358673586,0.02050530115046244,0.010038348748026168,0.011109857884051432,0.026911797879539814,0.022851342206180916,0.04321001579066095,0.021182043762688924,0.028062260320324838,0.015204150688021657,0.003789758628468306,0.027904353710805324,0.0022219715768102867,0.008775095871870066,0.010974509361606136,0.007805098127678773,0.0197496052334762,0.007489284908639747,0.013320550417324611,0.0030791788856304987,0.012519738326189939,0.01812542296413264,0.0016580193999548838,0.00956462891946763,0.0019738326189939095,0.00013534852244529664,0.005492894202571622,0.002267087750958719,0.0005977893074667268,0.0,0.0,0.0,0.0,0.0,0.0,0.0,0.0,0.0,0.0,0.0,0.0,0.0,0.0,0.0,0.0,0.0,0.0,0.0,0.0,0.0,0.0,0.0,0.0,0.0,0.0,0.0,0.0,0.0,0.0,0.0,0.0,0.0,nan,nan,4.224903812521861,2.8662859696954364,nan,0.9248572169684104,0.023118634217009965,0.0,0.0,0.0,0.0,0.0,0.0,0.0,0.0,0.0,0.0,0.0,0.0,0.0,0.0,0.0,0.0,0.0,0.0,0.0,0.0,0.0,0.0,0.0,0.0,0.013215859030837008,0.21145374449339213,3.819383259911895,15.356828193832602,9.607929515418503,0.9911894273127755,0.9246258053909668,0.02266471005581451,0.0,0.0,0.0,0.0,0.0,0.0,0.0,0.0,0.0,0.0,0.0,0.0,0.0,0.0,0.0,0.0,0.0,0.0,0.0,0.0,0.0,0.0,0.0,0.0,0.0,0.11095700416088768,4.174757281553399,15.048543689320391,9.667128987517339,0.9986130374479891,0.3633,0.0217,0.0,0.0,0.0,0.0,0.0,0.0,0.0,0.0,0.026431718061674016,2.2995594713656393,14.696035242290753,11.325991189427297,1.625550660792952,0.026431718061674016,0.0,0.0,0.0,0.0,0.0,0.0,0.0,0.0,0.0,0.0,0.0,0.0,0.0,0.0,0.0,0.0,0.3625,0.02142,0.0,0.0,0.0,0.0,0.0,0.0,0.0,0.0,0.01386962552011096,2.385575589459085,15.284327323162278,10.998613037447974,1.2760055478502081,0.04160887656033288,0.0,0.0,0.0,0.0,0.0,0.0,0.0,0.0,0.0,0.0,0.0,0.0,0.0,0.0,0.0,0.0
72700,4565,2355,0.515881708652793,1146,923,0.45323110624315444,1299,0.5691128148959474,0.40599999999999997,2.9171945701357465,3.0211806303259143,6.32755905511811,2.098318680725731,9315.619725382028,1416.932864189856,7853.0,10742.818033099174,10688.184308436925,17.53979285770362,7853.0,0.0,28.322672508214676,20.805012999600834,33.15378630705394,19.014502304939324,0.13384446878422782,0.09835706462212486,0.08937568455640744,0.09090909090909091,0.07907995618838992,0.07426067907995619,0.0692223439211391,0.06506024096385542,0.05651697699890471,0.054983570646221246,0.05235487404162103,0.0411829134720701,0.035487404162102956,0.025848849945235487,0.016867469879518072,0.01095290251916758,0.005695509309967141,0.9250353426948957,0.023159773022530843,0.0,0.0,0.0,0.0,0.0,0.0,0.0,0.0,0.0,0.0,0.0,0.0,0.0,0.0,0.0,0.0,0.0,0.0,0.0,0.0,0.0,0.0,0.0,0.0,0.0,0.15772179627601318,3.9824753559693327,15.042716319824757,9.680175246440308,1.136911281489595,4.2199197860962565,2.8544980910581286,nan,nan,nan,4.153950953678474,2.8321825915584755,4.284307288246882,2.875153933381013,1.0313812888072191,0.3623,0.02162,0.0,0.0,0.0,0.0,0.0,0.0,0.0,0.0,0.019715224534501648,2.5958378970427165,14.845564074479741,11.250821467688922,1.2617743702081055,0.026286966046002197,0.0,0.0,0.0,0.0,0.0,0.0,0.0,0.0,0.0,0.0,0.0,0.0,0.0,0.0,0.0,0.0,nan,nan,4.2199197860962565,2.8544980910581286,nan,0.3623,0.11835,0.0,0.0,0.0,0.0,0.0,0.0,0.0,0.0,0.0,0.0009090909090909091,0.0006133625410733844,0.0006571741511500548,0.005125958378970427,0.009496166484118291,0.0017853231106243154,0.019430449069003285,0.0003285870755750274,0.009715224534501642,0.004950711938663746,0.023636363636363636,0.004085432639649507,0.03148959474260679,0.007809419496166484,0.007415115005476452,0.02348302300109529,0.046768893756845564,0.0235815991237678,0.04768893756845564,0.029299014238773274,0.04005476451259584,0.007842278203723987,0.04450164293537787,0.027995618838992334,0.03062431544359255,0.038981380065717414,0.03813800657174151,0.03687842278203724,0.03683461117196057,0.024720700985761228,0.017360350492880615,0.02049288061336254,0.010711938663745892,0.012825848849945235,0.02796276013143483,0.022814895947426066,0.043515881708652795,0.022497261774370208,0.025892661555312158,0.015618838992332969,0.0036582694414019714,0.027207009857612267,0.001741511500547645,0.008225629791894852,0.01050383351588171,0.007820372398685651,0.020284775465498357,0.007776560788608981,0.014863088718510406,0.0025739320920043812,0.011752464403066813,0.018269441401971523,0.0016429353778751369,0.009452354874041622,0.0014786418400876233,0.0002519167579408543,0.0055312157721796274,0.0018181818181818182,0.0006133625410733844,0.0,0.0,0.0,0.0,0.0,0.0,0.0,0.0,0.0,0.0,0.0,0.0,0.0,0.0,0.0,0.0,0.0,0.0,0.0,0.0,0.0,0.0,0.0,0.0,0.0,0.0,0.0,0.0,0.0,0.0,0.0,0.0,0.0,nan,nan,4.2199197860962565,2.8544980910581286,nan,0.9249048359834464,0.023256411656692896,0.0,0.0,0.0,0.0,0.0,0.0,0.0,0.0,0.0,0.0,0.0,0.0,0.0,0.0,0.0,0.0,0.0,0.0,0.0,0.0,0.0,0.0,0.0,0.0,0.0,0.15286624203821658,3.9235668789808926,15.171974522292997,9.554140127388537,1.1974522292993632,0.9251744120638834,0.02305553504332701,0.0,0.0,0.0,0.0,0.0,0.0,0.0,0.0,0.0,0.0,0.0,0.0,0.0,0.0,0.0,0.0,0.0,0.0,0.0,0.0,0.0,0.0,0.0,0.0,0.0,0.16289592760181,4.045248868778281,14.904977375565615,9.814479638009052,1.072398190045249,0.3623,0.02156,0.0,0.0,0.0,0.0,0.0,0.0,0.0,0.0,0.038216560509554146,2.5350318471337583,14.662420382165609,11.52866242038215,1.2356687898089174,0.0,0.0,0.0,0.0,0.0,0.0,0.0,0.0,0.0,0.0,0.0,0.0,0.0,0.0,0.0,0.0,0.0,0.362,0.02168,0.0,0.0,0.0,0.0,0.0,0.0,0.0,0.0,0.0,2.6606334841628962,15.040723981900456,10.954751131221704,1.2895927601809958,0.05429864253393667,0.0,0.0,0.0,0.0,0.0,0.0,0.0,0.0,0.0,0.0,0.0,0.0,0.0,0.0,0.0,0.0
72800,4570,2337,0.5113785557986871,1098,946,0.4472647702407002,1321,0.5781181619256017,0.41,3.1088222122704883,3.155654171140465,6.579025110782865,2.257114848550401,9303.02591037732,1417.4491494831382,7853.0,10749.567520022392,10688.523496116539,17.392598540096255,7853.0,0.0,28.430415754923413,20.954208552543133,33.30508035251425,19.157608834706686,0.13807439824945295,0.09037199124726478,0.09277899343544858,0.087527352297593,0.08227571115973742,0.07527352297592997,0.06892778993435449,0.06717724288840263,0.05798687089715536,0.05536105032822757,0.05076586433260394,0.035667396061269147,0.029978118161925603,0.027133479212253828,0.01947483588621444,0.013347921225382932,0.00787746170678337,0.9256471410882812,0.022937741282954525,0.0,0.0,0.0,0.0,0.0,0.0,0.0,0.0,0.0,0.0,0.0,0.0,0.0,0.0,0.0,0.0,0.0,0.0,0.0,0.0,0.0,0.0,0.0,0.0,0.0,0.137855579868709,3.8140043763676155,14.967177242888406,9.90590809628009,1.1750547045951862,4.331767863133177,2.891466326751724,nan,nan,nan,4.333333333333333,2.9029185360488547,4.330213903743315,2.8800524462729187,0.9992801316330728,0.3628,0.02086,0.0,0.0,0.0,0.0,0.0,0.0,0.0,0.0,0.0,2.389496717724289,14.849015317286655,11.55361050328226,1.1947483588621446,0.013129102844638953,0.0,0.0,0.0,0.0,0.0,0.0,0.0,0.0,0.0,0.0,0.0,0.0,0.0,0.0,0.0,0.0,nan,nan,4.331767863133177,2.891466326751724,nan,0.3628,0.1179,0.0,0.0,0.0,0.0,0.0,0.0,0.0,0.0,0.0,0.0007986870897155361,0.0003172866520787746,0.0007986870897155361,0.005142231947483589,0.009037199124726477,0.002177242888402626,0.019693654266958426,0.0003610503282275711,0.008807439824945295,0.005273522975929978,0.022603938730853392,0.003840262582056893,0.030185995623632386,0.008074398249452955,0.006444201312910285,0.025667396061269148,0.04575492341356674,0.024168490153172868,0.04671772428884026,0.028894967177242888,0.038687089715536103,0.007450765864332604,0.044540481400437634,0.029168490153172865,0.030678336980306347,0.03854485776805252,0.037199124726477024,0.0400218818380744,0.03717724288840263,0.024431072210065647,0.016280087527352296,0.022286652078774616,0.010776805251641137,0.01261487964989059,0.02927789934354486,0.024201312910284465,0.043807439824945296,0.023063457330415756,0.02525164113785558,0.015536105032822756,0.0046280087527352295,0.026050328227571116,0.002188183807439825,0.008402625820568927,0.008741794310722101,0.00862144420131291,0.02086433260393873,0.0073304157549234136,0.014781181619256017,0.0025929978118161925,0.010897155361050329,0.017210065645514222,0.002100656455142232,0.010142231947483588,0.0011925601750547045,8.7527352297593e-05,0.0052078774617067836,0.0024835886214442013,0.0007221006564551422,0.0,0.0,0.0,0.0,0.0,0.0,0.0,0.0,0.0,0.0,0.0,0.0,0.0,0.0,0.0,0.0,0.0,0.0,0.0,0.0,0.0,0.0,0.0,0.0,0.0,0.0,0.0,0.0,0.0,0.0,0.0,0.0,0.0,nan,nan,4.331767863133177,2.891466326751724,nan,0.9256517903693579,0.02300045483207576,0.0,0.0,0.0,0.0,0.0,0.0,0.0,0.0,0.0,0.0,0.0,0.0,0.0,0.0,0.0,0.0,0.0,0.0,0.0,0.0,0.0,0.0,0.0,0.0,0.0,0.08985879332477538,3.825417201540437,15.198973042362006,9.602053915275997,1.283697047496791,0.9256422752710506,0.02287192173764912,0.0,0.0,0.0,0.0,0.0,0.0,0.0,0.0,0.0,0.0,0.0,0.0,0.0,0.0,0.0,0.0,0.0,0.0,0.0,0.0,0.0,0.0,0.0,0.0,0.0,0.18808777429467088,3.8020600089565617,14.724585759068521,10.223914017017467,1.0613524406627857,0.3623,0.02081,0.0,0.0,0.0,0.0,0.0,0.0,0.0,0.0,0.0,2.413350449293967,15.186136071887038,11.399229781771485,0.9884467265725291,0.01283697047496791,0.0,0.0,0.0,0.0,0.0,0.0,0.0,0.0,0.0,0.0,0.0,0.0,0.0,0.0,0.0,0.0,0.3635,0.0209,0.0,0.0,0.0,0.0,0.0,0.0,0.0,0.0,0.0,2.3645320197044337,14.496193461710707,11.715181370353768,1.4106583072100318,0.013434841021047922,0.0,0.0,0.0,0.0,0.0,0.0,0.0,0.0,0.0,0.0,0.0,0.0,0.0,0.0,0.0,0.0
72900,4470,2315,0.5178970917225951,1096,905,0.4476510067114094,1238,0.5539149888143177,0.442,3.0812064965197217,3.227980114705212,6.760450160771704,2.175317204926632,9321.959993629382,1417.3403027882364,7853.0,10752.145434379578,10689.39359461051,16.920754765830257,7853.0,0.0,27.905592841163312,20.810501996074695,32.974304068522486,19.001968885297668,0.14250559284116332,0.09351230425055929,0.10089485458612975,0.08232662192393736,0.07941834451901567,0.07718120805369127,0.06621923937360179,0.06241610738255034,0.059731543624161075,0.05727069351230425,0.04742729306487696,0.03825503355704698,0.03333333333333333,0.025279642058165547,0.016554809843400447,0.011409395973154362,0.006263982102908278,0.9257082105216298,0.02291931411182366,0.0,0.0,0.0,0.0,0.0,0.0,0.0,0.0,0.0,0.0,0.0,0.0,0.0,0.0,0.0,0.0,0.0,0.0,0.0,0.0,0.0,0.0,0.0,0.0,0.0,0.19463087248322153,3.738255033557048,15.020134228187922,9.95302013422819,1.0939597315436245,4.4044475330090345,3.0355333137376044,nan,nan,nan,4.4356643356643355,3.075459044578858,4.373618784530387,2.9952624007171567,0.9860121175908014,0.3635,0.02113,0.0,0.0,0.0,0.0,0.0,0.0,0.0,0.0,0.006711409395973156,2.3355704697986583,14.302013422818796,12.040268456375822,1.2885906040268458,0.026845637583892624,0.0,0.0,0.0,0.0,0.0,0.0,0.0,0.0,0.0,0.0,0.0,0.0,0.0,0.0,0.0,0.0,nan,nan,4.4044475330090345,3.0355333137376044,nan,0.3635,0.1186,0.0,0.0,0.0,0.0,0.0,0.0,0.0,0.0,0.0,0.0007718120805369127,0.00026845637583892615,0.0007829977628635347,0.00558165548098434,0.008982102908277405,0.001912751677852349,0.019865771812080536,0.00031319910514541387,0.01034675615212528,0.00534675615212528,0.02168903803131991,0.002953020134228188,0.029574944071588366,0.007997762863534676,0.006331096196868009,0.024787472035794185,0.045402684563758386,0.0248993288590604,0.04738255033557047,0.02855704697986577,0.03813199105145414,0.0070693512304250555,0.04221476510067114,0.030548098434004474,0.03034675615212528,0.03901565995525727,0.03761744966442953,0.03995525727069351,0.03644295302013423,0.028299776286353467,0.016577181208053692,0.022158836689038033,0.009451901565995525,0.01168903803131991,0.027762863534675615,0.025604026845637583,0.043064876957494405,0.02395973154362416,0.025357941834451902,0.01670022371364653,0.004463087248322148,0.02401565995525727,0.0021588366890380314,0.00802013422818792,0.006856823266219239,0.00842281879194631,0.021901565995525726,0.007829977628635347,0.01609619686800895,0.0029306487695749442,0.011219239373601789,0.015536912751677852,0.002069351230425056,0.011621923937360178,0.0014541387024608501,0.0002460850111856823,0.0057718120805369125,0.002651006711409396,0.0008277404921700224,0.00014541387024608502,0.0,4.47427293064877e-05,0.0,0.0,0.0,0.0,0.0,0.0,0.0,0.0,0.0,0.0,0.0,0.0,0.0,0.0,0.0,0.0,0.0,0.0,0.0,0.0,0.0,0.0,0.0,0.0,0.0,0.0,0.0,0.0,0.0,0.0,nan,nan,4.4044475330090345,3.0355333137376044,nan,0.9259643097933117,0.02236780393274129,0.0,0.0,0.0,0.0,0.0,0.0,0.0,0.0,0.0,0.0,0.0,0.0,0.0,0.0,0.0,0.0,0.0,0.0,0.0,0.0,0.0,0.0,0.0,0.0,0.0,0.14254859611231105,3.628509719222463,15.265658747300218,9.926565874730024,1.0367170626349893,0.9254330969188717,0.023494244218605215,0.0,0.0,0.0,0.0,0.0,0.0,0.0,0.0,0.0,0.0,0.0,0.0,0.0,0.0,0.0,0.0,0.0,0.0,0.0,0.0,0.0,0.0,0.0,0.0,0.0,0.25058004640371234,3.856148491879351,14.756380510440838,9.981438515081209,1.155452436194896,0.3635,0.02124,0.0,0.0,0.0,0.0,0.0,0.0,0.0,0.0,0.012958963282937368,2.397408207343413,14.254859611231105,12.038876889848796,1.2440604751619873,0.051835853131749474,0.0,0.0,0.0,0.0,0.0,0.0,0.0,0.0,0.0,0.0,0.0,0.0,0.0,0.0,0.0,0.0,0.3635,0.02103,0.0,0.0,0.0,0.0,0.0,0.0,0.0,0.0,0.0,2.2691415313225063,14.352668213457079,12.041763341067268,1.3364269141531324,0.0,0.0,0.0,0.0,0.0,0.0,0.0,0.0,0.0,0.0,0.0,0.0,0.0,0.0,0.0,0.0,0.0
73000,4607,2406,0.5222487518992837,1099,915,0.43716084219665724,1277,0.554373779031908,0.442,3.0985915492957745,3.2043534132209746,6.798732171156894,2.0874080963236072,9334.286670991725,1416.8274656729031,7853.0,10746.685185313225,10689.362299775095,16.639720059321807,7853.0,0.0,28.457564575645755,21.278831760934786,33.52846790890269,19.488402803269157,0.13913609724332537,0.10397221619275017,0.09029737356197091,0.08335142174951161,0.07662253093119166,0.0718471890601259,0.06598654221836336,0.060125895376600826,0.05947471239418277,0.05556761449967441,0.04862166268721511,0.042761015845452575,0.03624918602127198,0.027783807249837204,0.01996961146082049,0.01107011070110701,0.007163012806598654,0.9260011097989994,0.022584275454968532,0.0,0.0,0.0,0.0,0.0,0.0,0.0,0.0,0.0,0.0,0.0,0.0,0.0,0.0,0.0,0.0,0.0,0.0,0.0,0.0,0.0,0.0,0.0,0.0,0.0,0.1302365964836119,3.418710657694813,15.270240937703498,10.112871716952466,1.0679400911656178,4.377777777777778,2.9409527610175035,nan,nan,nan,4.391188251001335,3.0065309068871335,4.364377974167233,2.8735760704972306,0.993894528018017,0.364,0.02065,0.0,0.0,0.0,0.0,0.0,0.0,0.0,0.0,0.019535489472541787,1.8493596700672894,14.840460169307578,12.046885174734083,1.224224006945952,0.019535489472541787,0.0,0.0,0.0,0.0,0.0,0.0,0.0,0.0,0.0,0.0,0.0,0.0,0.0,0.0,0.0,0.0,nan,nan,4.377777777777778,2.9409527610175035,nan,0.364,0.11835,0.0,0.0,0.0,0.0,0.0,0.0,0.0,0.0,3.2559149120902974e-05,0.0009550683742131538,0.00042326893857173864,0.0004992402865205123,0.005176904710223573,0.008552203169090514,0.0020186672454959842,0.01974169741697417,0.00042326893857173864,0.00955068374213154,0.005100933362274799,0.020609941393531582,0.0024962014326025614,0.031061428261341437,0.008454525721727805,0.006153679183850662,0.02617755589320599,0.042609073149555025,0.024224006945951813,0.04759062296505318,0.027545040156283916,0.04202300846537877,0.007152159756891686,0.042370306056001734,0.029346646407640547,0.028955936618189713,0.04080746689819839,0.03831126546559583,0.041990449316257866,0.035576296939439984,0.02720859561536792,0.01673540264814413,0.02275884523551118,0.00851964401996961,0.012025179075320165,0.02785977859778598,0.027056652919470372,0.04215324506186238,0.024799218580421098,0.025504666811373995,0.01695246364228348,0.004384632081614934,0.023410028217929237,0.0025179075320164966,0.0073692207510310396,0.007032776210115043,0.008628174517039289,0.021337095723898414,0.006869980464510528,0.014933796396787498,0.0027783807249837206,0.00922509225092251,0.016713696548730193,0.0020078141957890166,0.013685695680486217,0.0010961580204037335,0.000412415888864771,0.006913392663338398,0.0022248751899283698,0.0007488604297807684,4.3412198827870635e-05,0.0,0.00016279574560451487,0.0,0.0,0.0,0.0,0.0,0.0,0.0,0.0,0.0,0.0,0.0,0.0,0.0,0.0,0.0,0.0,0.0,0.0,0.0,0.0,0.0,0.0,0.0,0.0,0.0,0.0,0.0,0.0,0.0,0.0,nan,nan,4.377777777777778,2.9409527610175035,nan,0.9257795450247434,0.022467673997106027,0.0,0.0,0.0,0.0,0.0,0.0,0.0,0.0,0.0,0.0,0.0,0.0,0.0,0.0,0.0,0.0,0.0,0.0,0.0,0.0,0.0,0.0,0.0,0.0,0.0,0.16209476309226936,3.30423940149626,15.935162094763095,9.526184538653368,1.0723192019950127,0.926243311001571,0.02270857920012397,0.0,0.0,0.0,0.0,0.0,0.0,0.0,0.0,0.0,0.0,0.0,0.0,0.0,0.0,0.0,0.0,0.0,0.0,0.0,0.0,0.0,0.0,0.0,0.0,0.0,0.09541117673784646,3.5438437074057254,14.543389368468882,10.754202635165836,1.0631531122217177,0.3638,0.02072,0.0,0.0,0.0,0.0,0.0,0.0,0.0,0.0,0.012468827930174566,1.895261845386534,15.0997506234414,11.670822942643374,1.3092269326683295,0.012468827930174566,0.0,0.0,0.0,0.0,0.0,0.0,0.0,0.0,0.0,0.0,0.0,0.0,0.0,0.0,0.0,0.0,0.3643,0.02055,0.0,0.0,0.0,0.0,0.0,0.0,0.0,0.0,0.027260336210813273,1.799182189913676,14.557019536574288,12.457973648341644,1.1313039527487507,0.027260336210813273,0.0,0.0,0.0,0.0,0.0,0.0,0.0,0.0,0.0,0.0,0.0,0.0,0.0,0.0,0.0,0.0
73100,4798,2468,0.5143809920800333,1162,1001,0.4508128386827845,1371,0.5714881200500208,0.39399999999999996,2.9128755364806866,3.0496122130108416,6.5241809672386895,2.1748366607155125,9312.333226997984,1418.000159084286,7853.0,10741.773711800575,10690.066784090895,17.195414659009284,7853.0,0.0,27.72634431012922,20.678667070109114,32.59176587301587,18.971979956477767,0.1373488953730721,0.10337640683618174,0.0917048770320967,0.08753647353063776,0.0854522717799083,0.07649020425177157,0.07002917882451021,0.06502709462275948,0.05502292621925802,0.04897874114214256,0.04668611921634014,0.037098791162984576,0.0358482701125469,0.028136723634847854,0.016882034180908712,0.009378907878282617,0.005002084201750729,0.926892058819023,0.02295299511523295,0.0,0.0,0.0,0.0,0.0,0.0,0.0,0.0,0.0,0.0,0.0,0.0,0.0,0.0,0.0,0.0,0.0,0.0,0.0,0.0,0.0,0.0,0.0,0.0,0.0,0.1563151313047103,3.482701125468946,14.724885368903713,10.423092955398086,1.213005418924552,4.230322580645161,2.89223374314283,nan,nan,nan,4.214606021780909,2.8524585058641505,4.246263807667316,2.931940349837613,1.0075114460812709,0.3635,0.0212,0.0,0.0,0.0,0.0,0.0,0.0,0.0,0.0,0.006252605252188413,2.4135056273447275,14.368486869528974,11.848686952897024,1.3443101292205089,0.018757815756565238,0.0,0.0,0.0,0.0,0.0,0.0,0.0,0.0,0.0,0.0,0.0,0.0,0.0,0.0,0.0,0.0,nan,nan,4.230322580645161,2.89223374314283,nan,0.3635,0.11755,0.0,0.0,0.0,0.0,0.0,0.0,7.294706127553147e-05,0.0,0.0,0.0008336807002917883,0.0004272613588995415,0.0004376823676531888,0.004553980825343893,0.009243434764485203,0.002355147978324302,0.018393080450187577,0.00032305127136306796,0.009326802834514382,0.005127136306794498,0.020883701542309296,0.0031992496873697374,0.029918716131721552,0.008722384326802834,0.006294289287203002,0.027459358065860775,0.0423197165485619,0.025416840350145894,0.04806169237182159,0.026969570654439348,0.040089620675281365,0.006523551479783243,0.042819924968736975,0.028814089203834933,0.0289391413088787,0.04205919132972072,0.0380054189245519,0.04247603167986661,0.03657774072530221,0.02763651521467278,0.01799708211754898,0.02346811171321384,0.009462275948311796,0.013390996248436848,0.026646519383076283,0.027021675698207587,0.038599416423509794,0.024822842851187996,0.02818882867861609,0.017111296373488953,0.0038036681950812837,0.021800750312630263,0.0030846185910796166,0.007180075031263026,0.007763651521467278,0.00724260108378491,0.02236348478532722,0.00617965819091288,0.01566277615673197,0.002751146310962901,0.00846185910796165,0.01737182159233014,0.0015735723218007504,0.012744893705710712,0.000739891621508962,0.0010525218841183827,0.006763234681117132,0.0020425177157148812,0.00034389328887036264,0.0,0.0,8.336807002917882e-05,0.0,0.0,0.0,0.0,0.0,0.0,0.0,0.0,0.0,0.0,0.0,0.0,0.0,0.0,0.0,0.0,0.0,0.0,0.0,0.0,0.0,0.0,0.0,0.0,0.0,0.0,0.0,0.0,0.0,0.0,nan,nan,4.230322580645161,2.89223374314283,nan,0.9268076471996461,0.023081368309626794,0.0,0.0,0.0,0.0,0.0,0.0,0.0,0.0,0.0,0.0,0.0,0.0,0.0,0.0,0.0,0.0,0.0,0.0,0.0,0.0,0.0,0.0,0.0,0.0,0.0,0.19448946515397086,3.585899513776338,14.343598055105351,10.648298217179907,1.227714748784441,0.9269814699248694,0.022815890415135036,0.0,0.0,0.0,0.0,0.0,0.0,0.0,0.0,0.0,0.0,0.0,0.0,0.0,0.0,0.0,0.0,0.0,0.0,0.0,0.0,0.0,0.0,0.0,0.0,0.0,0.11587982832618028,3.373390557939915,15.12875536480687,10.184549356223178,1.1974248927038629,0.364,0.02107,0.0,0.0,0.0,0.0,0.0,0.0,0.0,0.0,0.0,2.3581847649918966,14.039708265802272,12.252836304700145,1.349270664505673,0.0,0.0,0.0,0.0,0.0,0.0,0.0,0.0,0.0,0.0,0.0,0.0,0.0,0.0,0.0,0.0,0.0,0.363,0.02132,0.0,0.0,0.0,0.0,0.0,0.0,0.0,0.0,0.012875536480686699,2.4721030042918457,14.716738197424895,11.420600858369081,1.3390557939914167,0.03862660944206009,0.0,0.0,0.0,0.0,0.0,0.0,0.0,0.0,0.0,0.0,0.0,0.0,0.0,0.0,0.0,0.0
73200,4911,2559,0.5210751374465485,1190,1006,0.4471594379963348,1375,0.5599674200773773,0.40199999999999997,3.0051020408163267,3.098162911301118,6.583208395802099,2.05914493470431,9331.175202008566,1417.1853137886405,7853.0,10739.656142830849,10689.779373608468,17.48017001620875,7853.0,0.0,27.755039706780696,20.809852274670224,32.71307094266278,19.084527189135915,0.14050091631032377,0.09997963754836083,0.09590714722052535,0.09000203624516392,0.08348605172062716,0.07065770718794542,0.06312360008144981,0.06699246589289351,0.05721848910608837,0.05375687232742822,0.044797393606190186,0.044186520057014865,0.028100183262064753,0.027082060680105886,0.017308083893300755,0.009773976786805132,0.007126858073712075,0.9265452512435431,0.022983519743091256,0.0,0.0,0.0,0.0,0.0,0.0,0.0,0.0,0.0,0.0,0.0,0.0,0.0,0.0,0.0,0.0,0.0,0.0,0.0,0.0,0.0,0.0,0.0,0.0,0.006108735491753208,0.10995723885155775,3.5552840562003674,15.119120342089191,9.95723885155773,1.2522907758094077,4.305837563451776,2.905292987664539,nan,nan,nan,4.335642317380352,2.8268796431577017,4.2757517594369805,2.98344236371492,0.9861864624525672,0.3638,0.02164,0.0,0.0,0.0,0.0,0.0,0.0,0.0,0.0,0.03665241295051925,2.43738546120953,14.208918753817963,11.954795357361009,1.3439218081857058,0.018326206475259624,0.0,0.0,0.0,0.0,0.0,0.0,0.0,0.0,0.0,0.0,0.0,0.0,0.0,0.0,0.0,0.0,nan,nan,4.305837563451776,2.905292987664539,nan,0.3638,0.11847,0.0,0.0,0.0,0.0,0.0,0.0,4.0724903278354713e-05,0.0,0.0,0.0016188149053145999,0.00021380574221136224,0.0002647118713093056,0.004866625941763388,0.008735491753207087,0.002575850132355936,0.017603339442068825,0.000285074322948483,0.009926695174098962,0.0055080431683974754,0.021859091834656893,0.004276114844227245,0.02882305029525555,0.008542048462634901,0.007982081042557524,0.026634086744043984,0.043361840765628185,0.02465892893504378,0.048808796579108124,0.025127265322744858,0.0399307676644268,0.007910812461820403,0.04434941967012828,0.027642028100183264,0.02864996945632254,0.039554062309102016,0.03806760333944207,0.03927916921197312,0.03485033598045205,0.02990226023213195,0.017929138668295663,0.022062716351048665,0.009845245367542253,0.015495825697413968,0.02650173080838933,0.027937283648951334,0.03779271024231318,0.025025453064548973,0.02912848706984321,0.016625941763388313,0.00438810832824272,0.01949704744451232,0.0030543677458766036,0.008267155365506007,0.00808389330075341,0.005833842394624313,0.022327428222357972,0.0062818163306862145,0.015994705762573815,0.003064548971696192,0.009051109753614336,0.01671757279576461,0.0019446141315414376,0.012563632661372429,0.0012624720016289961,0.0011504785176135208,0.007544288332315211,0.002321319486866219,0.0004479739360619019,1.0181225819588678e-05,0.0,0.0,0.0,0.0,0.0,0.0,0.0,0.0,0.0,0.0,0.0,0.0,0.0,0.0,0.0,0.0,0.0,0.0,0.0,0.0,0.0,0.0,0.0,0.0,0.0,0.0,0.0,0.0,0.0,0.0,0.0,0.0,nan,nan,4.305837563451776,2.905292987664539,nan,0.9267671747149877,0.022917786633108044,0.0,0.0,0.0,0.0,0.0,0.0,0.0,0.0,0.0,0.0,0.0,0.0,0.0,0.0,0.0,0.0,0.0,0.0,0.0,0.0,0.0,0.0,0.0,0.0,0.011723329425556862,0.10550996483001175,3.7162954279015246,14.783118405627201,10.26963657678781,1.1137162954279016,0.9263037962420863,0.023052398527579072,0.0,0.0,0.0,0.0,0.0,0.0,0.0,0.0,0.0,0.0,0.0,0.0,0.0,0.0,0.0,0.0,0.0,0.0,0.0,0.0,0.0,0.0,0.0,0.0,0.0,0.11479591836734697,3.380102040816327,15.484693877551024,9.617346938775512,1.4030612244897962,0.3635,0.02196,0.0,0.0,0.0,0.0,0.0,0.0,0.0,0.0,0.04689331770222745,2.5674091441969527,14.49003516998828,11.383352872215692,1.5005861664712783,0.011723329425556862,0.0,0.0,0.0,0.0,0.0,0.0,0.0,0.0,0.0,0.0,0.0,0.0,0.0,0.0,0.0,0.0,0.364,0.02127,0.0,0.0,0.0,0.0,0.0,0.0,0.0,0.0,0.02551020408163266,2.295918367346939,13.903061224489798,12.576530612244879,1.1734693877551023,0.02551020408163266,0.0,0.0,0.0,0.0,0.0,0.0,0.0,0.0,0.0,0.0,0.0,0.0,0.0,0.0,0.0,0.0
73300,4942,2500,0.5058680696074463,1218,1033,0.4554836098745447,1427,0.5774989882638608,0.37799999999999995,2.932022932022932,3.0411264970896057,6.431850789096126,2.0680714518854018,9287.923084451524,1418.2341443368898,7853.0,10751.969036340714,10689.555953343774,17.375673281305527,7853.0,0.0,28.39740995548361,20.882286951046186,33.326050420168066,19.035426778407498,0.1396195872116552,0.08599757183326588,0.0906515580736544,0.09227033589639821,0.08619991906110887,0.07223796033994334,0.07142857142857142,0.06475111290975313,0.05928773775799272,0.05099150141643059,0.04613516794819911,0.043909348441926344,0.032780250910562525,0.02772157021448806,0.018211250505868068,0.009510319708619992,0.00829623634156212,0.9263675154847493,0.02320523655586153,0.0,0.0,0.0,0.0,0.0,0.0,0.0,0.0,0.0,0.0,0.0,0.0,0.0,0.0,0.0,0.0,0.0,0.0,0.0,0.0,0.0,0.0,0.0,0.0,0.0,0.16997167138810204,3.6240388506677466,14.581141238365037,10.350060704168357,1.2747875354107652,4.1851168511685115,2.8403913061977333,nan,nan,nan,4.159975293390982,2.803814396362127,4.2100428658909985,2.875978525347589,1.012035545638831,0.3638,0.02153,0.0,0.0,0.0,0.0,0.0,0.0,0.0,0.0,0.03035208417644679,2.3371104815864028,14.36260623229462,11.831242411978938,1.4204775394577098,0.01821125050586807,0.0,0.0,0.0,0.0,0.0,0.0,0.0,0.0,0.0,0.0,0.0,0.0,0.0,0.0,0.0,0.0,nan,nan,4.1851168511685115,2.8403913061977333,nan,0.3638,0.11786,0.0,0.0,0.0,0.0,0.0,0.0,2.0234722784297857e-05,0.0,0.0,0.0018818292189397006,0.00020234722784297855,6.070416835289356e-05,0.005584783488466208,0.008053419668150546,0.0018919465803318495,0.017159044921084582,0.00020234722784297855,0.008913395386483206,0.0046539862403885066,0.02104411169566977,0.004866450829623634,0.029785511938486442,0.009237150951031971,0.008063537029542696,0.02792391744233104,0.04397005261027924,0.024008498583569404,0.04763253743423715,0.02433225414811817,0.043150546337515173,0.008154593282072036,0.043069607446377986,0.02838931606636989,0.02772157021448806,0.03806151355726427,0.039083367057871306,0.03845609065155808,0.0354006475111291,0.030827600161877782,0.017381626871711856,0.021641036017806557,0.011533791987049777,0.015317685147713476,0.026527721570214487,0.02745851881829219,0.038506677458518816,0.026871711857547553,0.02849048968029138,0.016855524079320113,0.005433023067583974,0.019840145690004047,0.0031464993929583166,0.007395791177660866,0.006556050182112505,0.0066066369890732494,0.02009307972480777,0.006242411978955888,0.01746256576284905,0.0038648320518008903,0.00839740995548361,0.01633953864832052,0.001264670174018616,0.011533791987049777,0.0012039660056657223,0.001689599352488871,0.007760016187778228,0.0022662889518413596,0.0005159854309995953,0.0,0.0,0.0,0.0,0.0,0.0,0.0,0.0,0.0,0.0,0.0,0.0,0.0,0.0,0.0,0.0,0.0,0.0,0.0,0.0,0.0,0.0,0.0,0.0,0.0,0.0,0.0,0.0,0.0,0.0,0.0,0.0,0.0,nan,nan,4.1851168511685115,2.8403913061977333,nan,0.9257454066753388,0.023257690727336112,0.0,0.0,0.0,0.0,0.0,0.0,0.0,0.0,0.0,0.0,0.0,0.0,0.0,0.0,0.0,0.0,0.0,0.0,0.0,0.0,0.0,0.0,0.0,0.0,0.0,0.16800000000000004,3.6960000000000006,14.880000000000003,9.936000000000003,1.3200000000000003,0.9270044000152678,0.023134089791698148,0.0,0.0,0.0,0.0,0.0,0.0,0.0,0.0,0.0,0.0,0.0,0.0,0.0,0.0,0.0,0.0,0.0,0.0,0.0,0.0,0.0,0.0,0.0,0.0,0.0,0.17199017199017202,3.550368550368551,14.275184275184278,10.773955773955777,1.2285012285012287,0.364,0.02193,0.0,0.0,0.0,0.0,0.0,0.0,0.0,0.0,0.036000000000000004,2.232,14.268000000000002,11.843999999999982,1.6080000000000003,0.012000000000000002,0.0,0.0,0.0,0.0,0.0,0.0,0.0,0.0,0.0,0.0,0.0,0.0,0.0,0.0,0.0,0.0,0.3633,0.0211,0.0,0.0,0.0,0.0,0.0,0.0,0.0,0.0,0.024570024570024575,2.444717444717445,14.459459459459463,11.818181818181802,1.2285012285012287,0.024570024570024575,0.0,0.0,0.0,0.0,0.0,0.0,0.0,0.0,0.0,0.0,0.0,0.0,0.0,0.0,0.0,0.0
73400,4675,2406,0.5146524064171123,1164,967,0.4558288770053476,1345,0.5754010695187166,0.418,2.9369766416923757,3.0888122990920768,6.5984,2.198981000372673,9313.212562970682,1418.0836857662573,7853.0,10757.573421955109,10690.279190310863,17.148849659614196,7853.0,0.0,28.437860962566845,20.889097013373856,33.44136352073264,19.001407345832067,0.14074866310160428,0.09026737967914439,0.0853475935828877,0.08941176470588236,0.08149732620320856,0.08021390374331551,0.06716577540106952,0.06481283422459894,0.05925133689839572,0.052406417112299465,0.049625668449197864,0.04449197860962567,0.03572192513368984,0.023957219251336898,0.017112299465240642,0.010481283422459893,0.0074866310160427805,0.9275015733841269,0.022605981264488158,0.0,0.0,0.0,0.0,0.0,0.0,0.0,0.0,0.0,0.0,0.0,0.0,0.0,0.0,0.0,0.0,0.0,0.0,0.0,0.0,0.0,0.0,0.0,0.0,0.0,0.14117647058823532,3.234224598930482,14.759358288770057,10.620320855614976,1.2449197860962569,4.183732987686326,2.8794545301913272,nan,nan,nan,4.317511225144323,2.923641435843995,4.047151277013753,2.827107660895967,0.9373806033077463,0.3638,0.02048,0.0,0.0,0.0,0.0,0.0,0.0,0.0,0.0,0.02566844919786097,2.0919786096256687,14.695187165775405,12.096256684491962,1.0652406417112301,0.02566844919786097,0.0,0.0,0.0,0.0,0.0,0.0,0.0,0.0,0.0,0.0,0.0,0.0,0.0,0.0,0.0,0.0,nan,nan,4.183732987686326,2.8794545301913272,nan,0.3638,0.1172,0.0,0.0,0.0,0.0,0.0,0.0,5.3475935828877e-05,0.0,0.0,0.0015828877005347594,0.00019251336898395722,4.2780748663101606e-05,0.004598930481283422,0.0075828877005347595,0.002053475935828877,0.016898395721925134,0.00020320855614973263,0.00960427807486631,0.003914438502673797,0.021379679144385027,0.00453475935828877,0.028,0.009935828877005348,0.007850267379679145,0.028823529411764706,0.04591443850267379,0.024545454545454544,0.04575401069518716,0.02572192513368984,0.042256684491978606,0.008149732620320855,0.043550802139037434,0.03111229946524064,0.026770053475935827,0.03727272727272727,0.040106951871657755,0.038684491978609625,0.03654545454545455,0.03151871657754011,0.014588235294117647,0.020566844919786095,0.01225668449197861,0.015422459893048128,0.025689839572192515,0.028203208556149734,0.03851336898395722,0.026695187165775403,0.03087700534759358,0.019593582887700536,0.006267379679144385,0.017529411764705884,0.0026310160427807485,0.007989304812834224,0.0054866310160427804,0.0062887700534759354,0.01897326203208556,0.005475935828877006,0.01639572192513369,0.0033262032085561496,0.008085561497326203,0.0173903743315508,0.0012620320855614973,0.010128342245989306,0.001732620320855615,0.0018502673796791443,0.0086951871657754,0.0024171122994652407,0.0004919786096256684,1.0695187165775402e-05,0.0,1.0695187165775402e-05,0.0,0.0,0.0,0.0,0.0,0.0,0.0,0.0,0.0,0.0,0.0,0.0,0.0,0.0,0.0,0.0,0.0,0.0,0.0,0.0,0.0,0.0,0.0,0.0,0.0,0.0,0.0,0.0,0.0,0.0,nan,nan,4.183732987686326,2.8794545301913272,nan,0.9274575271560862,0.022824156905554983,0.0,0.0,0.0,0.0,0.0,0.0,0.0,0.0,0.0,0.0,0.0,0.0,0.0,0.0,0.0,0.0,0.0,0.0,0.0,0.0,0.0,0.0,0.0,0.0,0.0,0.16209476309226936,3.254364089775562,14.68827930174564,10.660847880299254,1.234413965087282,0.9275482790803216,0.022372213548089676,0.0,0.0,0.0,0.0,0.0,0.0,0.0,0.0,0.0,0.0,0.0,0.0,0.0,0.0,0.0,0.0,0.0,0.0,0.0,0.0,0.0,0.0,0.0,0.0,0.0,0.11899515204936098,3.2128691053327465,14.834728955487002,10.577346848832086,1.2560599382988102,0.3638,0.0205,0.0,0.0,0.0,0.0,0.0,0.0,0.0,0.0,0.012468827930174566,2.069825436408978,14.713216957605988,12.094763092269309,1.0847880299251873,0.024937655860349132,0.0,0.0,0.0,0.0,0.0,0.0,0.0,0.0,0.0,0.0,0.0,0.0,0.0,0.0,0.0,0.0,0.3638,0.02045,0.0,0.0,0.0,0.0,0.0,0.0,0.0,0.0,0.039665050683120325,2.1154693697664175,14.67606875275452,12.09784045835168,1.0445130013221686,0.026443367122080216,0.0,0.0,0.0,0.0,0.0,0.0,0.0,0.0,0.0,0.0,0.0,0.0,0.0,0.0,0.0,0.0
73500,4781,2497,0.5222756745450743,1163,964,0.44488600711148296,1346,0.5630621208952102,0.41,3.040280210157618,3.133926425855138,6.720430107526882,2.023334793348658,9334.920433635592,1417.3618277307976,7853.0,10753.058398246765,10690.429552748006,17.38706179751934,7853.0,0.0,27.789583769085965,20.76813119232058,32.74432526814667,19.019104843934358,0.14013804643380046,0.09914243882033047,0.09579585860698599,0.08512863417695044,0.07759882869692533,0.08052708638360176,0.07278811964024262,0.060656766366868856,0.055636896046852125,0.05354528341351182,0.04685212298682284,0.0397406400334658,0.032210834553440704,0.025099351600083666,0.018406191173394686,0.010039740640033466,0.006693160426688978,0.9274572715104012,0.02326218651047639,0.0,0.0,0.0,0.0,0.0,0.0,0.0,0.0,0.0,0.0,0.0,0.0,0.0,0.0,0.0,0.0,0.0,0.0,0.0,0.0,0.0,0.0,0.0,0.0,0.0,0.06274837900020917,3.6017569546120067,14.444676845848152,10.3785818866346,1.512235933905041,4.334095362508164,2.8851984053206308,nan,nan,nan,4.2905100064557775,2.8673346176572796,4.37871777924653,2.902695457734319,1.0205588083137038,0.3638,0.02046,0.0,0.0,0.0,0.0,0.0,0.0,0.0,0.0,0.0,1.9514745869065053,14.752143902949177,12.02886425434008,1.2549675800041835,0.012549675800041835,0.0,0.0,0.0,0.0,0.0,0.0,0.0,0.0,0.0,0.0,0.0,0.0,0.0,0.0,0.0,0.0,nan,nan,4.334095362508164,2.8851984053206308,nan,0.3638,0.1175,0.0,0.0,0.0,0.0,0.0,0.0,2.0916126333403053e-05,0.0,0.0,0.0016837481698389457,0.00029282576866764275,8.366450533361221e-05,0.004287805898347626,0.007414766785191383,0.0023112319598410373,0.017611378372725372,5.229031583350764e-05,0.010018824513700062,0.004643380046015478,0.020225894164400755,0.0046956703618489855,0.02864463501359548,0.009276302028864255,0.008408282786028027,0.028927002719096425,0.04616189081782054,0.02493202258941644,0.045879523112319597,0.02477515164191592,0.04137209788747124,0.008136373143693788,0.045021961932650074,0.030798996025935995,0.02677264170675591,0.036697343651955656,0.03860071114829534,0.038381091821794604,0.03716795649445723,0.030725789583769085,0.012581049989541937,0.019891236143066305,0.012790211252875968,0.015791675381719307,0.027985777034093287,0.027358293244091194,0.03602802760928676,0.025705919263752354,0.03102907341560343,0.021669106881405564,0.007184689395523949,0.018374816983894583,0.0021543610123405145,0.008471031165028236,0.006588579795021962,0.006316670152687723,0.02000627483790002,0.004831625183016106,0.015498849613051664,0.0027400125496758,0.008272327964860908,0.020100397406400336,0.0010039740640033466,0.010165237398033884,0.0016209997908387366,0.001610541727672035,0.007979502196193264,0.0016837481698389457,0.0005019870320016733,0.0,4.1832252666806106e-05,0.0,0.0,0.0,0.0,0.0,0.0,0.0,0.0,0.0,0.0,0.0,0.0,0.0,0.0,0.0,0.0,0.0,0.0,0.0,0.0,0.0,0.0,0.0,0.0,0.0,0.0,0.0,0.0,0.0,0.0,0.0,nan,nan,4.334095362508164,2.8851984053206308,nan,0.9278864204334554,0.022967416857118228,0.0,0.0,0.0,0.0,0.0,0.0,0.0,0.0,0.0,0.0,0.0,0.0,0.0,0.0,0.0,0.0,0.0,0.0,0.0,0.0,0.0,0.0,0.0,0.0,0.0,0.03604325190228275,3.3640368442130564,14.6936323588306,10.404485382458954,1.5018021625951146,0.9269881012560816,0.023571291177960946,0.0,0.0,0.0,0.0,0.0,0.0,0.0,0.0,0.0,0.0,0.0,0.0,0.0,0.0,0.0,0.0,0.0,0.0,0.0,0.0,0.0,0.0,0.0,0.0,0.0,0.09194395796847638,3.861646234676008,14.172504378283715,10.35026269702277,1.523642732049037,0.3635,0.02057,0.0,0.0,0.0,0.0,0.0,0.0,0.0,0.0,0.0,2.0784941930316383,14.621545855026033,12.134561473768505,1.1653984781738087,0.0,0.0,0.0,0.0,0.0,0.0,0.0,0.0,0.0,0.0,0.0,0.0,0.0,0.0,0.0,0.0,0.0,0.364,0.02034,0.0,0.0,0.0,0.0,0.0,0.0,0.0,0.0,0.0,1.81260945709282,14.894921190893173,11.913309982486847,1.3528896672504382,0.026269702276707538,0.0,0.0,0.0,0.0,0.0,0.0,0.0,0.0,0.0,0.0,0.0,0.0,0.0,0.0,0.0,0.0
73600,4723,2472,0.5233961465170442,1146,954,0.44463264874020747,1308,0.5538852424306585,0.434,3.017325633051977,3.12186399202117,6.612698412698412,2.1267377255998317,9338.46840580959,1417.5689839063016,7853.0,10746.520278573036,10691.134013203355,17.473266932772727,7853.0,0.0,28.480203260639424,21.290947515688178,33.43553656697663,19.534313351702448,0.1388947702731315,0.09591361422824476,0.09379631590091043,0.08638577175524031,0.0823629049333051,0.07092949396569977,0.06351894982002965,0.059707812830827864,0.0652127884818971,0.05229726868515774,0.04827440186322253,0.04065212788481897,0.03451196273554944,0.027313148422612746,0.017573576116874868,0.01291551979673936,0.009739572305737878,0.9280754866146723,0.023254356423011473,0.0,0.0,0.0,0.0,0.0,0.0,0.0,0.0,0.0,0.0,0.0,0.0,0.0,0.0,0.0,0.0,0.0,0.0,0.0,0.0,0.0,0.0,0.0,0.0,0.0,0.10163031971204745,3.3982638153715867,14.190133389794624,10.893499894135086,1.4164725809866614,4.254331480876103,2.9078767187420262,nan,nan,nan,4.243614931237721,2.942070608713068,4.26518615284128,2.874280010598291,1.005083218424172,0.3638,0.02124,0.0,0.0,0.0,0.0,0.0,0.0,0.0,0.0,0.04446326487402076,2.2612746135930557,14.28541181452467,12.113063730679636,1.283082786364599,0.01270378996400593,0.0,0.0,0.0,0.0,0.0,0.0,0.0,0.0,0.0,0.0,0.0,0.0,0.0,0.0,0.0,0.0,nan,nan,4.254331480876103,2.9078767187420262,nan,0.3638,0.11804,0.0,0.0,0.0,0.0,0.0,0.0,3.175947491001482e-05,0.0,0.0,0.0019055684946008892,0.00020114334109676055,8.469193309337285e-05,0.004456912979038746,0.008680923142070718,0.002826593266991319,0.01600677535464747,8.469193309337285e-05,0.009400804573364388,0.00566377302561931,0.019542663561295786,0.005557908109252593,0.028001270378996402,0.008575058225704002,0.010194791446114758,0.029928011856870634,0.04574423036205801,0.025333474486555155,0.04473851365657421,0.024941774295998306,0.04062036840990896,0.008130425576963795,0.046559390218081725,0.029885665890323945,0.025206436586915095,0.03740207495236079,0.03974168960406521,0.03984755452043193,0.0347131060766462,0.02972686851577387,0.011306373067965276,0.018346390006351895,0.012883760321829345,0.01613381325428753,0.028477662502646623,0.0294939656997671,0.035189498200296425,0.024910014821088292,0.029081092525936904,0.02372432775778107,0.006891806055473216,0.018791022655092103,0.002212576752064366,0.008130425576963795,0.0067753546474698285,0.0068600465805632015,0.019839085327122592,0.004753334744865552,0.01652551344484438,0.0032182934575481687,0.009580774931187804,0.018155833156891805,0.0008680923142070718,0.010173618462841415,0.0013974168960406521,0.0017573576116874867,0.008553885242430658,0.0018526360364175313,0.00034935422401016303,3.175947491001482e-05,0.0,0.0,0.0,0.0,0.0,0.0,0.0,0.0,0.0,0.0,0.0,0.0,0.0,0.0,0.0,0.0,0.0,0.0,0.0,0.0,0.0,0.0,0.0,0.0,0.0,0.0,0.0,0.0,0.0,0.0,0.0,0.0,nan,nan,4.254331480876103,2.9078767187420262,nan,0.9289287805653699,0.02358933719182037,0.0,0.0,0.0,0.0,0.0,0.0,0.0,0.0,0.0,0.0,0.0,0.0,0.0,0.0,0.0,0.0,0.0,0.0,0.0,0.0,0.0,0.0,0.0,0.0,0.0,0.09708737864077673,3.3009708737864085,13.883495145631072,11.152912621359226,1.5655339805825246,0.9271384174693483,0.022844147381975995,0.0,0.0,0.0,0.0,0.0,0.0,0.0,0.0,0.0,0.0,0.0,0.0,0.0,0.0,0.0,0.0,0.0,0.0,0.0,0.0,0.0,0.0,0.0,0.0,0.0,0.10661928031985787,3.5051088405153275,14.526876943580634,10.608618391825857,1.2527765437583298,0.3638,0.02101,0.0,0.0,0.0,0.0,0.0,0.0,0.0,0.0,0.02427184466019418,2.2936893203883497,14.320388349514566,12.075242718446585,1.2742718446601946,0.01213592233009709,0.0,0.0,0.0,0.0,0.0,0.0,0.0,0.0,0.0,0.0,0.0,0.0,0.0,0.0,0.0,0.0,0.3638,0.02147,0.0,0.0,0.0,0.0,0.0,0.0,0.0,0.0,0.06663705019991116,2.2256774766770326,14.247001332741007,12.154597956463776,1.2927587738782764,0.013327410039982234,0.0,0.0,0.0,0.0,0.0,0.0,0.0,0.0,0.0,0.0,0.0,0.0,0.0,0.0,0.0,0.0
73700,4850,2545,0.5247422680412371,1229,992,0.45793814432989693,1383,0.5703092783505155,0.37399999999999994,2.9553145336225595,2.9989439498431283,6.387994143484627,1.9436353133492041,9342.31795307592,1417.4113887605042,7853.0,10751.723690509796,10691.189419417766,17.272640961949996,7853.0,0.0,29.244742268041236,21.092630710615474,33.94750846637639,19.276547796567808,0.12721649484536082,0.09690721649484536,0.08845360824742268,0.0822680412371134,0.07505154639175257,0.07896907216494846,0.06762886597938145,0.06597938144329897,0.06371134020618557,0.05670103092783505,0.04762886597938144,0.0445360824742268,0.03731958762886598,0.030927835051546393,0.018762886597938143,0.010721649484536083,0.007216494845360825,0.9287115169677538,0.022881292989022754,0.0,0.0,0.0,0.0,0.0,0.0,0.0,0.0,0.0,0.0,0.0,0.0,0.0,0.0,0.0,0.0,0.0,0.0,0.0,0.0,0.0,0.0,0.0,0.0,0.0,0.06185567010309279,3.204123711340207,14.189690721649487,10.967010309278354,1.5773195876288664,4.094531974050047,2.808537296757612,nan,nan,nan,4.134790528233151,2.8170351450306277,4.052830188679246,2.7990971437627383,0.9801778738259498,0.364,0.02133,0.0,0.0,0.0,0.0,0.0,0.0,0.0,0.0,0.03711340206185568,2.1402061855670107,14.307216494845363,12.129896907216477,1.3855670103092788,0.0,0.0,0.0,0.0,0.0,0.0,0.0,0.0,0.0,0.0,0.0,0.0,0.0,0.0,0.0,0.0,0.0,nan,nan,4.094531974050047,2.808537296757612,nan,0.364,0.118,0.0,0.0,0.0,0.0,0.0,0.0,7.216494845360825e-05,0.0,0.0,0.0013195876288659794,0.00026804123711340205,2.0618556701030927e-05,0.004556701030927835,0.008804123711340206,0.0032989690721649486,0.015711340206185566,0.00013402061855670103,0.00956701030927835,0.005154639175257732,0.018927835051546393,0.005845360824742268,0.02865979381443299,0.0091340206185567,0.009525773195876289,0.03134020618556701,0.044515463917525776,0.026783505154639176,0.04210309278350515,0.024010309278350517,0.039597938144329894,0.008082474226804123,0.04811340206185567,0.02822680412371134,0.026927835051546393,0.03796907216494845,0.04001030927835052,0.040195876288659796,0.03361855670103093,0.02979381443298969,0.012,0.020515463917525772,0.012628865979381444,0.01816494845360825,0.02877319587628866,0.025989690721649486,0.03427835051546392,0.023257731958762885,0.029041237113402063,0.025030927835051547,0.007103092783505155,0.02075257731958763,0.0028762886597938145,0.007587628865979382,0.006463917525773196,0.00665979381443299,0.017969072164948453,0.004628865979381443,0.017082474226804124,0.0033917525773195876,0.009804123711340207,0.01839175257731959,0.0008969072164948453,0.010701030927835052,0.0015257731958762887,0.0017525773195876289,0.008195876288659793,0.001824742268041237,0.000422680412371134,0.0,0.0,0.0,0.0,0.0,0.0,0.0,0.0,0.0,0.0,0.0,0.0,0.0,0.0,0.0,0.0,0.0,0.0,0.0,0.0,0.0,0.0,0.0,0.0,0.0,0.0,0.0,0.0,0.0,0.0,0.0,0.0,0.0,nan,nan,4.094531974050047,2.808537296757612,nan,0.9286238502659826,0.02250668079509258,0.0,0.0,0.0,0.0,0.0,0.0,0.0,0.0,0.0,0.0,0.0,0.0,0.0,0.0,0.0,0.0,0.0,0.0,0.0,0.0,0.0,0.0,0.0,0.0,0.0,0.03536345776031435,3.0884086444007868,14.593320235756387,10.64440078585462,1.6385068762278983,0.9288083116558266,0.023287528169138063,0.0,0.0,0.0,0.0,0.0,0.0,0.0,0.0,0.0,0.0,0.0,0.0,0.0,0.0,0.0,0.0,0.0,0.0,0.0,0.0,0.0,0.0,0.0,0.0,0.0,0.09110629067245121,3.3318872017353587,13.744034707158354,11.323210412147509,1.5097613882863345,0.364,0.02112,0.0,0.0,0.0,0.0,0.0,0.0,0.0,0.0,0.03536345776031435,1.9803536345776036,14.522593320235758,12.035363457760297,1.4263261296660121,0.0,0.0,0.0,0.0,0.0,0.0,0.0,0.0,0.0,0.0,0.0,0.0,0.0,0.0,0.0,0.0,0.0,0.3638,0.02156,0.0,0.0,0.0,0.0,0.0,0.0,0.0,0.0,0.03904555314533623,2.3167028199566166,14.069414316702822,12.234273318872,1.3405639913232108,0.0,0.0,0.0,0.0,0.0,0.0,0.0,0.0,0.0,0.0,0.0,0.0,0.0,0.0,0.0,0.0,0.0
73800,4444,2334,0.5252025202520252,1049,905,0.4396939693969397,1250,0.5625562556255626,0.422,3.0744075829383886,3.1467517299574004,6.7344262295081965,2.1189918145504207,9342.925173037096,1416.681737592262,7853.0,10752.94421172142,10689.858384308849,17.31429585216905,7853.0,0.0,27.736498649864988,20.915168978784617,32.87493246893571,19.140027481899427,0.14311431143114312,0.10553555355535553,0.08933393339333934,0.08730873087308731,0.07988298829882988,0.0747074707470747,0.06480648064806481,0.06548154815481548,0.052205220522052204,0.05738073807380738,0.04657965796579658,0.03892889288928893,0.0333033303330333,0.028352835283528353,0.017101710171017102,0.010351035103510351,0.0056255625562556255,0.9275865095167092,0.022968210490176277,0.0,0.0,0.0,0.0,0.0,0.0,0.0,0.0,0.0,0.0,0.0,0.0,0.0,0.0,0.0,0.0,0.0,0.0,0.0,0.0,0.0,0.0,0.0,0.0,0.0,0.12151215121512154,3.4765976597659773,14.311431143114314,10.760576057605762,1.3298829882988301,4.360973888496824,2.9181811332313017,nan,nan,nan,4.34366391184573,2.886454509186179,4.379160636758321,2.951037962351179,1.008172069854619,0.363,0.02086,0.0,0.0,0.0,0.0,0.0,0.0,0.0,0.0,0.013501350135013504,2.2142214221422147,14.648964896489652,12.029702970297011,1.0868586858685871,0.006750675067506752,0.0,0.0,0.0,0.0,0.0,0.0,0.0,0.0,0.0,0.0,0.0,0.0,0.0,0.0,0.0,0.0,nan,nan,4.360973888496824,2.9181811332313017,nan,0.363,0.118,0.0,0.0,0.0,0.0,0.0,0.0,7.875787578757876e-05,0.0,0.0,0.0008888388838883889,0.00027002700270027,0.0,0.004275427542754276,0.008483348334833484,0.004275427542754276,0.01646039603960396,9.000900090009e-05,0.008854635463546355,0.005906840684068407,0.017698019801980196,0.005816831683168317,0.028364086408640864,0.009462196219621962,0.01032853285328533,0.03384338433843384,0.04677092709270927,0.027463996399639964,0.040031503150315034,0.02373987398739874,0.03862511251125113,0.009732223222322232,0.04933618361836184,0.02732898289828983,0.026271377137713773,0.03786003600360036,0.03727497749774977,0.04112286228622862,0.03333708370837084,0.0313006300630063,0.013006300630063007,0.021545904590459047,0.011937443744374438,0.018991899189918993,0.026248874887488748,0.02588883888388839,0.034687218721872186,0.02511251125112511,0.02879162916291629,0.023244824482448245,0.006818181818181818,0.01998199819981998,0.0028127812781278128,0.007752025202520252,0.0056255625562556255,0.007155715571557156,0.01733798379837984,0.0039491449144914495,0.016302880288028804,0.0036566156615661567,0.009563456345634564,0.018665616561656165,0.0005625562556255626,0.010317281728172817,0.0011926192619261926,0.0019351935193519351,0.009057155715571558,0.0020927092709270927,0.00047254725472547257,0.0,0.0,0.0,0.0,0.0,0.0,0.0,0.0,0.0,0.0,0.0,0.0,0.0,0.0,0.0,0.0,0.0,0.0,0.0,0.0,0.0,0.0,0.0,0.0,0.0,0.0,0.0,0.0,0.0,0.0,0.0,0.0,0.0,nan,nan,4.360973888496824,2.9181811332313017,nan,0.927272742976464,0.02325765315249214,0.0,0.0,0.0,0.0,0.0,0.0,0.0,0.0,0.0,0.0,0.0,0.0,0.0,0.0,0.0,0.0,0.0,0.0,0.0,0.0,0.0,0.0,0.0,0.0,0.0,0.15424164524421596,3.4961439588688954,14.562982005141391,10.39845758354756,1.3881748071979438,0.9279335858697575,0.02263866570794822,0.0,0.0,0.0,0.0,0.0,0.0,0.0,0.0,0.0,0.0,0.0,0.0,0.0,0.0,0.0,0.0,0.0,0.0,0.0,0.0,0.0,0.0,0.0,0.0,0.0,0.08530805687203794,3.4549763033175362,14.03317535545024,11.161137440758296,1.265402843601896,0.363,0.02115,0.0,0.0,0.0,0.0,0.0,0.0,0.0,0.0,0.012853470437017999,2.2879177377892033,14.730077120822624,11.81233933161952,1.1439588688946016,0.012853470437017999,0.0,0.0,0.0,0.0,0.0,0.0,0.0,0.0,0.0,0.0,0.0,0.0,0.0,0.0,0.0,0.0,0.3633,0.02052,0.0,0.0,0.0,0.0,0.0,0.0,0.0,0.0,0.014218009478672989,2.1327014218009483,14.55924170616114,12.27014218009477,1.023696682464455,0.0,0.0,0.0,0.0,0.0,0.0,0.0,0.0,0.0,0.0,0.0,0.0,0.0,0.0,0.0,0.0,0.0
73900,4337,2218,0.5114134194143417,1059,885,0.44823610790869267,1216,0.5607562831450311,0.426,2.9792354884379426,3.1517455377353776,6.6873949579831935,2.173892246517839,9303.397222711135,1417.715858300835,7853.0,10751.611617326736,10689.056246572674,17.81201465599832,7853.0,0.0,27.64906617477519,20.841507370979276,32.71452236333517,19.07515734834388,0.14410883098916302,0.09407424486972561,0.09684113442471755,0.09038505879640304,0.08554300207516717,0.07055568365229421,0.06409960802397971,0.06617477519022366,0.062024440857735764,0.04957343786027208,0.04496195526861886,0.0341249711782338,0.03873645376988702,0.02467143186534471,0.017984782107447545,0.008070094535393129,0.008070094535393129,0.9272840561365405,0.022813538842894214,0.0,0.0,0.0,0.0,0.0,0.0,0.0,0.0,0.0,0.0,0.0,0.0,0.0,0.0,0.0,0.0,0.0,0.0,0.0,0.0,0.0,0.0,0.0,0.0,0.0,0.1037583583121974,3.3963569287525948,14.574590730919994,10.687110906156331,1.2381830758588888,4.230078966259871,2.9562203623557366,nan,nan,nan,4.230657989877079,2.933021917986246,4.227532097004279,2.979053988831125,0.9992611331664533,0.3613,0.02118,0.0,0.0,0.0,0.0,0.0,0.0,0.0,0.0,0.07608946276227808,2.7253862116670513,14.996541388056263,11.15748213050494,1.037583583121974,0.006917223887479827,0.0,0.0,0.0,0.0,0.0,0.0,0.0,0.0,0.0,0.0,0.0,0.0,0.0,0.0,0.0,0.0,nan,nan,4.230078966259871,2.9562203623557366,nan,0.3613,0.1173,0.0,0.0,0.0,0.0,0.0,0.0,5.764353239566521e-05,0.0,0.0,0.0004957343786027207,0.000276688955499193,0.0,0.004576896472215817,0.009246022596264699,0.0041157482130504955,0.017258473599262164,5.764353239566521e-05,0.008496656675121051,0.0059142264237952505,0.01823841364998847,0.005983398662670048,0.029778648835600646,0.008289139958496656,0.01035277841826147,0.03328337560525709,0.046011067558219966,0.02881023749135347,0.04116901083698409,0.02444085773576205,0.037491353470140654,0.010848512796864192,0.050541849204519256,0.027150103758358312,0.026377680424256398,0.03769887018676504,0.03752593958957805,0.039624164168780264,0.0355545307816463,0.032845284759050034,0.01459534240258243,0.021016831911459533,0.0118630389670279,0.018134655291676273,0.02600876181692414,0.022642379525017294,0.03474752132810699,0.02657366843440166,0.02879870878487434,0.021823841364998847,0.006433018215356237,0.02131657827991699,0.00276688955499193,0.007332257320728614,0.005245561448005534,0.007643532395665206,0.01565598339866267,0.00432326492967489,0.013511643993543924,0.0038044731381139036,0.010329721005303206,0.018399815540696335,0.0007839520405810469,0.00959188379063869,0.0012681577127046345,0.0021443394051187457,0.008012451002997464,0.002029052340327415,0.0006340788563523172,0.0,5.764353239566521e-05,0.0,0.0,0.0,0.0,0.0,0.0,0.0,0.0,0.0,0.0,0.0,0.0,0.0,0.0,0.0,0.0,0.0,0.0,0.0,0.0,0.0,0.0,0.0,0.0,0.0,0.0,0.0,0.0,0.0,0.0,0.0,nan,nan,4.230078966259871,2.9562203623557366,nan,0.9273761218737868,0.02298897052165651,0.0,0.0,0.0,0.0,0.0,0.0,0.0,0.0,0.0,0.0,0.0,0.0,0.0,0.0,0.0,0.0,0.0,0.0,0.0,0.0,0.0,0.0,0.0,0.0,0.0,0.0946798917944094,3.4084761045987384,14.472497745716865,10.671776375112715,1.352569882777277,0.9271876890741468,0.022628052908614808,0.0,0.0,0.0,0.0,0.0,0.0,0.0,0.0,0.0,0.0,0.0,0.0,0.0,0.0,0.0,0.0,0.0,0.0,0.0,0.0,0.0,0.0,0.0,0.0,0.0,0.1132609721566777,3.3836715431807467,14.681453515809347,10.703161868806042,1.1184521000471923,0.3616,0.02145,0.0,0.0,0.0,0.0,0.0,0.0,0.0,0.0,0.0946798917944094,2.664562669071236,14.905320108205593,11.185752930568063,1.1496844003606854,0.0,0.0,0.0,0.0,0.0,0.0,0.0,0.0,0.0,0.0,0.0,0.0,0.0,0.0,0.0,0.0,0.0,0.361,0.02089,0.0,0.0,0.0,0.0,0.0,0.0,0.0,0.0,0.05663048607833885,2.7890514393581882,15.092024539877304,11.127890514393567,0.9202453987730064,0.014157621519584713,0.0,0.0,0.0,0.0,0.0,0.0,0.0,0.0,0.0,0.0,0.0,0.0,0.0,0.0,0.0,0.0
74000,4485,2313,0.5157190635451505,1103,934,0.45418060200668897,1274,0.5681159420289855,0.39799999999999996,2.9337016574585637,3.091041311566879,6.540453074433657,2.167533560633175,9315.636990888435,1417.4081133593254,7853.0,10740.423517227173,10689.111934342685,17.082985295383192,7853.0,0.0,28.16454849498328,20.75475829291341,33.001321003963014,18.972113258100645,0.13623188405797101,0.09944258639910813,0.0907469342251951,0.08651059085841695,0.08049052396878484,0.07023411371237458,0.07246376811594203,0.06889632107023412,0.06220735785953177,0.05261984392419175,0.04258639910813824,0.04659977703455964,0.029654403567447047,0.028093645484949834,0.01716833890746934,0.010033444816053512,0.006020066889632107,0.92671201671645,0.023015392743724345,0.0,0.0,0.0,0.0,0.0,0.0,0.0,0.0,0.0,0.0,0.0,0.0,0.0,0.0,0.0,0.0,0.0,0.0,0.0,0.0,0.0,0.0,0.0,0.0,0.0,0.13377926421404684,3.4648829431438135,15.063545150501675,9.96655518394649,1.3712374581939804,4.209716045159083,2.903419955680063,nan,nan,nan,4.328690807799443,2.9174885623841824,4.09421265141319,2.885990926247169,0.9458316228168179,0.3623,0.02081,0.0,0.0,0.0,0.0,0.0,0.0,0.0,0.0,0.05351170568561874,2.327759197324415,15.204013377926424,11.411371237458178,0.9899665551839467,0.013377926421404686,0.0,0.0,0.0,0.0,0.0,0.0,0.0,0.0,0.0,0.0,0.0,0.0,0.0,0.0,0.0,0.0,nan,nan,4.209716045159083,2.903419955680063,nan,0.3623,0.1175,0.0,0.0,0.0,0.0,0.0,0.0,0.0,0.0,0.0,0.0004793756967670011,0.0002229654403567447,1.1148272017837235e-05,0.005139353400222965,0.00875139353400223,0.004158305462653289,0.01609810479375697,0.00017837235228539575,0.009665551839464883,0.0049386845039018955,0.017112597547380155,0.00641025641025641,0.032552954292084726,0.0079041248606466,0.010301003344481606,0.03354515050167224,0.04555183946488294,0.029275362318840578,0.038573021181716835,0.025261984392419175,0.03639910813823857,0.011315496098104793,0.047480490523968785,0.025629877369007802,0.028885172798216275,0.03696767001114827,0.038528428093645484,0.03764771460423634,0.03635451505016722,0.032586399108138236,0.012764771460423634,0.023076923076923078,0.013377926421404682,0.01819397993311037,0.025496098104793755,0.022675585284280937,0.03367892976588629,0.02668896321070234,0.030089186176142698,0.02379041248606466,0.00673355629877369,0.02124860646599777,0.0030657748049052395,0.006354515050167224,0.005206243032329989,0.00798216276477146,0.016142697881828316,0.00556298773690078,0.012597547380156076,0.003322185061315496,0.009988851727982162,0.018238573021181717,0.0011928651059085842,0.010568561872909698,0.0012709030100334449,0.0017725752508361203,0.008015607580824972,0.0019509476031215162,0.0009141583054626533,0.0,0.00011148272017837236,0.0,0.0,0.0,0.0,0.0,0.0,0.0,0.0,0.0,0.0,0.0,0.0,0.0,0.0,0.0,0.0,0.0,0.0,0.0,0.0,0.0,0.0,0.0,0.0,0.0,0.0,0.0,0.0,0.0,0.0,0.0,nan,nan,4.209716045159083,2.903419955680063,nan,0.926878807532339,0.023001884274625,0.0,0.0,0.0,0.0,0.0,0.0,0.0,0.0,0.0,0.0,0.0,0.0,0.0,0.0,0.0,0.0,0.0,0.0,0.0,0.0,0.0,0.0,0.0,0.0,0.0,0.07782101167315177,3.37224383916991,15.136186770428019,10.05188067444877,1.3618677042801561,0.9265343983199715,0.023028441255922443,0.0,0.0,0.0,0.0,0.0,0.0,0.0,0.0,0.0,0.0,0.0,0.0,0.0,0.0,0.0,0.0,0.0,0.0,0.0,0.0,0.0,0.0,0.0,0.0,0.0,0.19337016574585641,3.563535911602211,14.98618784530387,9.875690607734809,1.38121546961326,0.362,0.02072,0.0,0.0,0.0,0.0,0.0,0.0,0.0,0.0,0.0648508430609598,2.2438391699092093,15.291828793774322,11.50453955901425,0.8949416342412453,0.0,0.0,0.0,0.0,0.0,0.0,0.0,0.0,0.0,0.0,0.0,0.0,0.0,0.0,0.0,0.0,0.0,0.3623,0.02092,0.0,0.0,0.0,0.0,0.0,0.0,0.0,0.0,0.041436464088397795,2.417127071823205,15.110497237569064,11.31215469613258,1.0911602209944753,0.0276243093922652,0.0,0.0,0.0,0.0,0.0,0.0,0.0,0.0,0.0,0.0,0.0,0.0,0.0,0.0,0.0,0.0
74100,4504,2393,0.5313055062166963,1116,901,0.4478241563055062,1277,0.5670515097690941,0.39399999999999996,3.0360018948365703,3.1107204385173204,6.6176,2.162815350417136,9360.250948124733,1415.713585471953,7853.0,10747.968017101288,10689.881851380607,17.218323783920635,7853.0,0.0,27.809724689165186,20.55443717712629,32.615323854660346,18.79117377202112,0.1372113676731794,0.09369449378330373,0.09502664298401421,0.09280639431616342,0.08081705150976909,0.07926287744227353,0.06971580817051509,0.06438721136767318,0.055062166962699825,0.0552841918294849,0.0452930728241563,0.04285079928952042,0.03197158081705151,0.025976909413854353,0.015985790408525755,0.008658969804618118,0.005994671403197158,0.9270672814434205,0.02339051431141693,0.0,0.0,0.0,0.0,0.0,0.0,0.0,0.0,0.0,0.0,0.0,0.0,0.0,0.0,0.0,0.0,0.0,0.0,0.0,0.0,0.0,0.0,0.0,0.0,0.0,0.14653641207815277,3.6301065719360577,14.500444049733574,10.397424511545294,1.3254884547069274,4.2247152226441145,2.8807090748502,nan,nan,nan,4.182188987083617,2.8691345276531224,4.268583450210379,2.891945158754023,1.0206577137938015,0.3623,0.02063,0.0,0.0,0.0,0.0,0.0,0.0,0.0,0.0,0.039964476021314393,2.30461811722913,15.146536412078156,11.469804618117212,1.0324156305506218,0.006660746003552399,0.0,0.0,0.0,0.0,0.0,0.0,0.0,0.0,0.0,0.0,0.0,0.0,0.0,0.0,0.0,0.0,nan,nan,4.2247152226441145,2.8807090748502,nan,0.3623,0.1175,0.0,0.0,0.0,0.0,0.0,0.0,0.0,0.0,0.0,0.0005328596802841918,0.00025532859680284193,0.0,0.004562611012433392,0.007904085257548845,0.005073268206039076,0.015863676731793962,0.00013321492007104796,0.011301065719360568,0.004729129662522202,0.0159746891651865,0.0068272646536412076,0.03267095914742451,0.007015985790408526,0.010712699822380106,0.03272646536412078,0.0480461811722913,0.030306394316163412,0.03604573712255773,0.024589253996447603,0.03809946714031972,0.009902309058614564,0.046514209591474245,0.02561056838365897,0.03038410301953819,0.03848801065719361,0.03811056838365897,0.03784413854351688,0.03706705150976909,0.03125,0.01349911190053286,0.0231904973357016,0.012377886323268207,0.017906305506216698,0.026198934280639432,0.022602131438721137,0.03299289520426288,0.02563277087033748,0.03019538188277087,0.022990674955595026,0.007448934280639432,0.021236678507992896,0.003075044404973357,0.006871669626998224,0.0053285968028419185,0.008348134991119005,0.015719360568383658,0.00602797513321492,0.013010657193605684,0.002586589698046181,0.011267761989342807,0.017295737122557726,0.0014653641207815276,0.009902309058614564,0.0017095914742451155,0.0024422735346358794,0.007171403197158081,0.0017873001776198935,0.0010657193605683837,1.1101243339253996e-05,9.991119005328597e-05,0.0,0.0,0.0,0.0,0.0,0.0,0.0,0.0,0.0,0.0,0.0,0.0,0.0,0.0,0.0,0.0,0.0,0.0,0.0,0.0,0.0,0.0,0.0,0.0,0.0,0.0,0.0,0.0,0.0,0.0,0.0,nan,nan,4.2247152226441145,2.8807090748502,nan,0.9280854818266004,0.023449723443214852,0.0,0.0,0.0,0.0,0.0,0.0,0.0,0.0,0.0,0.0,0.0,0.0,0.0,0.0,0.0,0.0,0.0,0.0,0.0,0.0,0.0,0.0,0.0,0.0,0.0,0.1379022147931467,3.409945674885082,14.10363560384455,10.84412870873381,1.5043877977434186,0.9259130637660403,0.02326939757051498,0.0,0.0,0.0,0.0,0.0,0.0,0.0,0.0,0.0,0.0,0.0,0.0,0.0,0.0,0.0,0.0,0.0,0.0,0.0,0.0,0.0,0.0,0.0,0.0,0.0,0.15632401705352916,3.8796778777830423,14.950260540028426,9.891046897205118,1.1226906679298914,0.3623,0.02051,0.0,0.0,0.0,0.0,0.0,0.0,0.0,0.0,0.037609694943585466,2.281654826577518,15.194316757208528,11.470956957793549,1.0029251984956125,0.012536564981195155,0.0,0.0,0.0,0.0,0.0,0.0,0.0,0.0,0.0,0.0,0.0,0.0,0.0,0.0,0.0,0.0,0.362,0.02077,0.0,0.0,0.0,0.0,0.0,0.0,0.0,0.0,0.04263382283278068,2.3306489815253437,15.092373282804362,11.468498342017984,1.0658455708195171,0.0,0.0,0.0,0.0,0.0,0.0,0.0,0.0,0.0,0.0,0.0,0.0,0.0,0.0,0.0,0.0,0.0
74200,4245,2247,0.5293286219081272,1022,854,0.4419316843345112,1173,0.5526501766784452,0.41,2.944944944944945,3.073502625728882,6.55834829443447,2.0317735000563433,9353.513948057649,1414.991571410416,7853.0,10754.854673147202,10687.749314421328,17.514192907455765,7853.0,0.0,27.78421672555948,20.85190555460327,32.68488926268573,19.143943079704997,0.1413427561837456,0.09587750294464076,0.10129564193168433,0.0850412249705536,0.08197879858657244,0.07444051825677267,0.06501766784452297,0.0652532391048292,0.060306242638398115,0.053003533568904596,0.04098939929328622,0.038869257950530034,0.03604240282685512,0.025441696113074206,0.018374558303886925,0.010129564193168433,0.006595995288574794,0.9262118947800815,0.02323089006660567,0.0,0.0,0.0,0.0,0.0,0.0,0.0,0.0,0.0,0.0,0.0,0.0,0.0,0.0,0.0,0.0,0.0,0.0,0.0,0.0,0.0,0.0,0.0,0.0,0.007067137809187281,0.176678445229682,3.547703180212015,14.989399293286223,10.000000000000002,1.2791519434628977,4.266469282013324,2.897211587089653,nan,nan,nan,4.245793708851499,2.87732772901361,4.287640449438202,2.9172797943997897,1.0098560465854622,0.3606,0.021,0.0,0.0,0.0,0.0,0.0,0.0,0.0,0.0,0.042402826855123685,2.7632508833922267,15.59717314487633,10.66431095406359,0.9257950530035338,0.007067137809187281,0.0,0.0,0.0,0.0,0.0,0.0,0.0,0.0,0.0,0.0,0.0,0.0,0.0,0.0,0.0,0.0,nan,nan,4.266469282013324,2.897211587089653,nan,0.3606,0.1173,0.0,0.0,0.0,0.0,0.0,0.0,0.0,0.0,0.0,0.0004004711425206125,0.00038869257950530035,0.0,0.004346289752650176,0.009022379269729094,0.00535924617196702,0.015606595995288575,0.00023557126030624264,0.01227326266195524,0.004617196702002356,0.016277974087161366,0.006336866902237927,0.0332979976442874,0.0053356890459363955,0.012497055359246173,0.032909305064782096,0.050753828032979974,0.028574793875147234,0.03861012956419317,0.023922261484098938,0.03871613663133098,0.009163722025912839,0.045818610129564195,0.025288574793875147,0.02956419316843345,0.03936395759717314,0.03617196702002356,0.04216725559481743,0.036007067137809184,0.03186101295641932,0.013239104829210837,0.02237926972909305,0.013663133097762074,0.016595995288574795,0.024770318021201415,0.020318021201413426,0.036595995288574795,0.024970553592461718,0.029823321554770316,0.020200235571260307,0.008574793875147231,0.021224970553592463,0.002497055359246172,0.006595995288574794,0.0054652532391048295,0.009575971731448763,0.01552414605418139,0.004876325088339223,0.012355712603062426,0.002697290930506478,0.01127208480565371,0.016725559481743226,0.001248527679623086,0.010153121319199057,0.001955241460541814,0.0024499411071849234,0.00663133097762073,0.0015783274440518257,0.0010954063604240282,0.0,5.889281507656066e-05,0.0,0.0,0.0,0.0,0.0,0.0,0.0,0.0,0.0,0.0,0.0,0.0,0.0,0.0,0.0,0.0,0.0,0.0,0.0,0.0,0.0,0.0,0.0,0.0,0.0,0.0,0.0,0.0,0.0,0.0,0.0,nan,nan,4.266469282013324,2.897211587089653,nan,0.9262639770891914,0.023091320017615997,0.0,0.0,0.0,0.0,0.0,0.0,0.0,0.0,0.0,0.0,0.0,0.0,0.0,0.0,0.0,0.0,0.0,0.0,0.0,0.0,0.0,0.0,0.0,0.0,0.0,0.21361815754339125,3.5113484646194935,14.806408544726304,10.240320427236316,1.2283044058744996,0.9261533217327492,0.023386720318657326,0.0,0.0,0.0,0.0,0.0,0.0,0.0,0.0,0.0,0.0,0.0,0.0,0.0,0.0,0.0,0.0,0.0,0.0,0.0,0.0,0.0,0.0,0.0,0.0,0.015015015015015018,0.13513513513513517,3.5885885885885895,15.195195195195199,9.729729729729732,1.3363363363363365,0.3604,0.02144,0.0,0.0,0.0,0.0,0.0,0.0,0.0,0.0,0.05340453938584781,2.9238985313751678,15.821094793057414,10.16021361815753,1.0280373831775702,0.013351134846461953,0.0,0.0,0.0,0.0,0.0,0.0,0.0,0.0,0.0,0.0,0.0,0.0,0.0,0.0,0.0,0.0,0.361,0.02048,0.0,0.0,0.0,0.0,0.0,0.0,0.0,0.0,0.030030030030030037,2.582582582582583,15.345345345345349,11.231231231231215,0.8108108108108111,0.0,0.0,0.0,0.0,0.0,0.0,0.0,0.0,0.0,0.0,0.0,0.0,0.0,0.0,0.0,0.0,0.0
74300,3971,2051,0.5164945857466633,991,799,0.45076806849660034,1124,0.5661042558549484,0.43,3.003125,3.132156908751805,6.4865831842576025,2.363122072224039,9316.984417450485,1416.51309732233,7853.0,10746.048805117607,10687.462272889263,17.105766684566134,7853.0,0.0,28.625535129690256,21.108038159139472,33.67275996403956,19.236962581497142,0.14051876101737598,0.09242004532863259,0.08813900780659784,0.08839083354318811,0.07302946361118107,0.0763031981868547,0.07101485771845882,0.06471921430370184,0.05791991941576429,0.05590531352304205,0.05137245026441702,0.039032989171493324,0.036262906069000254,0.027700831024930747,0.019138755980861243,0.009569377990430622,0.008562075044069504,0.9253362399209089,0.02309473749410067,0.0,0.0,0.0,0.0,0.0,0.0,0.0,0.0,0.0,0.0,0.0,0.0,0.0,0.0,0.0,0.0,0.0,0.0,0.0,0.0,0.0,0.0,0.0,0.0,0.0,0.13598589775875097,3.8604885419289863,15.253084865273234,9.60967010828507,1.1407705867539666,4.25707727620505,2.924139307997257,nan,nan,nan,4.195011337868481,2.9879687034272244,4.3206816421378775,2.8558496913272324,1.0299570833420562,0.3604,0.02069,0.0,0.0,0.0,0.0,0.0,0.0,0.0,0.0,0.03021908839083355,2.7348274993704362,15.970788214555531,10.350037773860475,0.876353563334173,0.037773860488541935,0.0,0.0,0.0,0.0,0.0,0.0,0.0,0.0,0.0,0.0,0.0,0.0,0.0,0.0,0.0,0.0,nan,nan,4.25707727620505,2.924139307997257,nan,0.3604,0.11774,0.0,0.0,0.0,0.0,0.0,0.0,0.0,0.0,0.0,0.00035255603122639134,0.0002895995970788215,0.0,0.004960967010828507,0.01057668093679174,0.004469906824477461,0.016557542180810878,0.00030219088390833545,0.011709896751447998,0.005565348778645177,0.014845127171996979,0.006446738856711156,0.03212037270209015,0.005590531352304206,0.012893477713422311,0.03407202216066482,0.049357844371694784,0.028229665071770334,0.03839083354318811,0.024301183580961973,0.036086628053387054,0.008776126920171242,0.04830017627801561,0.027121631830773103,0.03242256358599849,0.03773608662805339,0.03637622765046588,0.042571140770586754,0.03408461344749433,0.03213296398891967,0.013258625031478217,0.020750440695039032,0.014240745404180306,0.0173885671115588,0.02282800302190884,0.02013346764039285,0.03705615713925963,0.024213044573155377,0.03205741626794258,0.01921430370183833,0.008335431881138252,0.021178544447242507,0.002530848652732309,0.005880130949383027,0.005880130949383027,0.009116091664568119,0.015650969529085873,0.003714429614706623,0.012603878116343491,0.0036388818937295392,0.010148577184588265,0.01640644673885671,0.0015487282800302191,0.011596575169982372,0.0023293880634600857,0.0022790229161420298,0.006421556283052128,0.0017124150088139007,0.0012465373961218836,0.0,0.0,0.0,0.0,0.0,0.0,0.0,0.0,0.0,0.0,0.0,0.0,0.0,0.0,0.0,0.0,0.0,0.0,0.0,0.0,0.0,0.0,0.0,0.0,0.0,0.0,0.0,0.0,0.0,0.0,0.0,0.0,0.0,nan,nan,4.25707727620505,2.924139307997257,nan,0.9254219629949386,0.023328653167439053,0.0,0.0,0.0,0.0,0.0,0.0,0.0,0.0,0.0,0.0,0.0,0.0,0.0,0.0,0.0,0.0,0.0,0.0,0.0,0.0,0.0,0.0,0.0,0.0,0.0,0.0877620672842516,4.0078010726474895,15.065821550463193,9.60994636762555,1.2286689419795225,0.925244668032974,0.022841860577763596,0.0,0.0,0.0,0.0,0.0,0.0,0.0,0.0,0.0,0.0,0.0,0.0,0.0,0.0,0.0,0.0,0.0,0.0,0.0,0.0,0.0,0.0,0.0,0.0,0.0,0.18750000000000003,3.703125000000001,15.453125000000004,9.609375000000002,1.0468750000000002,0.3606,0.02034,0.0,0.0,0.0,0.0,0.0,0.0,0.0,0.0,0.029254022428083868,2.5450999512432966,16.060458313018042,10.443686006825924,0.8629936616284741,0.058508044856167736,0.0,0.0,0.0,0.0,0.0,0.0,0.0,0.0,0.0,0.0,0.0,0.0,0.0,0.0,0.0,0.0,0.36,0.02106,0.0,0.0,0.0,0.0,0.0,0.0,0.0,0.0,0.03125000000000001,2.9375000000000004,15.875000000000004,10.249999999999984,0.8906250000000002,0.015625000000000003,0.0,0.0,0.0,0.0,0.0,0.0,0.0,0.0,0.0,0.0,0.0,0.0,0.0,0.0,0.0,0.0
74400,4078,2078,0.5095635115252575,986,851,0.450465914664051,1132,0.5551741049534086,0.418,2.941,3.093625542951183,6.675977653631285,2.0693831391943425,9296.96826315347,1416.664895417518,7853.0,10745.433327198029,10686.735600163549,17.69206775817163,7853.0,0.0,28.10446297204512,20.854922270927123,32.70946335833814,19.23156208595569,0.1297204512015694,0.10348209906817067,0.09906817067189799,0.08607160372731731,0.0767533104462972,0.07405590975968612,0.07282981853849926,0.06718979892103973,0.06204021579205493,0.047817557626287394,0.043403629230014715,0.039725355566454144,0.03457577243746935,0.02893575282000981,0.016429622363903874,0.012015693967631191,0.005885237861696911,0.9245160125294639,0.02337734470037818,0.0,0.0,0.0,0.0,0.0,0.0,0.0,0.0,0.0,0.0,0.0,0.0,0.0,0.0,0.0,0.0,0.0,0.0,0.0,0.0,0.0,0.0,0.0,0.0,0.0,0.2059833251593919,4.163805787150565,14.860225600784702,9.717999019127024,1.051986267778323,4.357874762808349,2.893526380406254,nan,nan,nan,4.313017306245297,2.9006349426341753,4.403522205206738,2.88555888432866,1.0209841260850934,0.36,0.02095,0.0,0.0,0.0,0.0,0.0,0.0,0.0,0.0,0.01471309465424228,3.0308974987739097,15.809220205983328,10.188818048062762,0.9563511525257481,0.0,0.0,0.0,0.0,0.0,0.0,0.0,0.0,0.0,0.0,0.0,0.0,0.0,0.0,0.0,0.0,0.0,nan,nan,4.357874762808349,2.893526380406254,nan,0.36,0.1178,0.0,0.0,0.0,0.0,0.0,0.0,0.0,0.0,0.0,0.0007479156449239823,0.0002574791564492398,3.678273663560569e-05,0.0049534085335948995,0.01143943109367337,0.004058361942128494,0.015681706718979893,0.0006007846983815595,0.011120647376164786,0.004867582148111819,0.014823442864149093,0.007209416380578715,0.03230750367827366,0.006289847964688572,0.013070132417851888,0.035679254536537516,0.04813634134379598,0.027317312408043158,0.03730995586071604,0.025269740068661107,0.03667238842569887,0.008153506620892594,0.051054438450220695,0.02763609612555174,0.03072584600294262,0.03684404119666503,0.03686856302108877,0.042091711623344776,0.034612555174104956,0.030566454144188328,0.014713094654242276,0.01894310936733693,0.013952918097106425,0.019065718489455614,0.022989210397253556,0.018722412947523297,0.03755517410495341,0.024607650809220206,0.03179254536537519,0.01877145659637077,0.008766552231486022,0.021113290828837665,0.002832270720941638,0.0054070622854340365,0.007233938205002452,0.009048553212359,0.015595880333496813,0.0031878371750858263,0.013045610593428151,0.004462972045120157,0.008852378616969102,0.016000490436488476,0.0011280039234919078,0.0114271701814615,0.0024521824423737125,0.002108876900441393,0.006706718979892104,0.0021456596370769986,0.0009563511525257479,0.0,0.0,0.0,1.2260912211868564e-05,0.0,0.0,0.0,0.0,0.0,0.0,0.0,0.0,0.0,0.0,0.0,0.0,0.0,0.0,0.0,0.0,0.0,0.0,0.0,0.0,0.0,0.0,0.0,0.0,0.0,0.0,0.0,0.0,0.0,nan,nan,4.357874762808349,2.893526380406254,nan,0.9251250894283078,0.023454216152835133,0.0,0.0,0.0,0.0,0.0,0.0,0.0,0.0,0.0,0.0,0.0,0.0,0.0,0.0,0.0,0.0,0.0,0.0,0.0,0.0,0.0,0.0,0.0,0.0,0.0,0.21655437921077966,4.027911453320502,14.725697786333017,9.889316650625604,1.140519730510106,0.9238831816315651,0.023280333269017565,0.0,0.0,0.0,0.0,0.0,0.0,0.0,0.0,0.0,0.0,0.0,0.0,0.0,0.0,0.0,0.0,0.0,0.0,0.0,0.0,0.0,0.0,0.0,0.0,0.0,0.19500000000000006,4.305000000000001,15.000000000000004,9.540000000000003,0.9600000000000002,0.3596,0.02121,0.0,0.0,0.0,0.0,0.0,0.0,0.0,0.0,0.014436958614051976,3.3638113570741104,15.77959576515881,9.83156881616938,1.0105871029836384,0.0,0.0,0.0,0.0,0.0,0.0,0.0,0.0,0.0,0.0,0.0,0.0,0.0,0.0,0.0,0.0,0.0,0.3606,0.02065,0.0,0.0,0.0,0.0,0.0,0.0,0.0,0.0,0.015000000000000003,2.6850000000000005,15.840000000000003,10.559999999999986,0.9000000000000002,0.0,0.0,0.0,0.0,0.0,0.0,0.0,0.0,0.0,0.0,0.0,0.0,0.0,0.0,0.0,0.0,0.0
74500,4254,2196,0.5162200282087447,1021,889,0.44898918664786086,1217,0.5721673718852844,0.414,2.9689018464528667,3.0520277729419547,6.476190476190476,2.0648347280154518,9316.325718192074,1416.6538134146533,7853.0,10744.611435174942,10687.693809284647,17.036576956565796,7853.0,0.0,27.756464503996238,20.87391175864496,32.70868347338936,19.13334478287796,0.14174894217207334,0.10225669957686882,0.0933239304184297,0.08556652562294312,0.07851433944522802,0.0763986835919135,0.07263751763046544,0.06064880112834979,0.05923836389280677,0.05124588622472966,0.044193700047014575,0.038787023977433006,0.03455571227080395,0.025858015984955338,0.018100611189468735,0.010343206393982134,0.006582040432534086,0.9253705465911306,0.022834861245110714,0.0,0.0,0.0,0.0,0.0,0.0,0.0,0.0,0.0,0.0,0.0,0.0,0.0,0.0,0.0,0.0,0.0,0.0,0.0,0.0,0.0,0.0,0.0,0.0,0.0,0.2045133991537377,3.6600846262341333,15.19040902679831,9.823695345557125,1.1212976022566998,4.378605330412559,2.887344841004167,nan,nan,nan,4.430656934306569,2.8655915439756012,4.326515704894083,2.908018621138037,0.976495307364892,0.361,0.02074,0.0,0.0,0.0,0.0,0.0,0.0,0.0,0.0,0.035260930888575466,2.813822284908322,15.13399153737659,11.093088857545824,0.9238363892806772,0.0,0.0,0.0,0.0,0.0,0.0,0.0,0.0,0.0,0.0,0.0,0.0,0.0,0.0,0.0,0.0,0.0,nan,nan,4.378605330412559,2.887344841004167,nan,0.361,0.1192,0.0,0.0,0.0,0.0,0.0,0.0,0.0,0.0,1.1753643629525152e-05,0.0011283497884344146,0.00038787023977433007,1.1753643629525152e-05,0.004407616361071932,0.012129760225669958,0.0039022096850023506,0.01622002820874471,0.0006934649741419841,0.010754583921015515,0.005289139633286318,0.01450399623883404,0.006452750352609309,0.032757404795486604,0.007075693464974142,0.01530324400564175,0.034109073812881995,0.047049835448989184,0.026810061118946873,0.03618946873530795,0.023777621062529383,0.03657733897508227,0.0096262341325811,0.05041137752703338,0.025235072872590504,0.033674188998589566,0.0380818053596615,0.03535496003761166,0.04338269863657734,0.03455571227080395,0.02807945463093559,0.014868359191349318,0.018265162200282088,0.015091678420310296,0.017524682651622003,0.02306064880112835,0.017571697226140104,0.03903385049365303,0.023236953455571228,0.032487070992007525,0.019428772919605077,0.008450869769628585,0.019769628584861306,0.0027973671838269864,0.005512458862247297,0.00725199811941702,0.008039492242595205,0.018077103902209686,0.0033027738598965677,0.011495063469675599,0.004078514339445228,0.008697696285848613,0.01629055007052186,0.002080394922425952,0.013328631875881524,0.0030441937000470144,0.0022919605077574047,0.007393041842971321,0.0025740479548660086,0.001010813352139163,0.0,0.0,0.0,0.0,0.0,0.0,0.0,0.0,0.0,0.0,0.0,0.0,0.0,0.0,0.0,0.0,0.0,0.0,0.0,0.0,0.0,0.0,0.0,0.0,0.0,0.0,0.0,0.0,0.0,0.0,0.0,0.0,0.0,nan,nan,4.378605330412559,2.887344841004167,nan,0.9253269118580879,0.022597286980701098,0.0,0.0,0.0,0.0,0.0,0.0,0.0,0.0,0.0,0.0,0.0,0.0,0.0,0.0,0.0,0.0,0.0,0.0,0.0,0.0,0.0,0.0,0.0,0.0,0.0,0.1775956284153006,3.729508196721312,15.013661202185796,10.068306010928964,1.0109289617486341,0.9254171072683715,0.023085579064139435,0.0,0.0,0.0,0.0,0.0,0.0,0.0,0.0,0.0,0.0,0.0,0.0,0.0,0.0,0.0,0.0,0.0,0.0,0.0,0.0,0.0,0.0,0.0,0.0,0.0,0.2332361516034986,3.5860058309037908,15.379008746355689,9.562682215743441,1.2390670553935863,0.361,0.02078,0.0,0.0,0.0,0.0,0.0,0.0,0.0,0.0,0.05464480874316941,2.8005464480874327,14.959016393442626,11.284153005464464,0.9016393442622953,0.0,0.0,0.0,0.0,0.0,0.0,0.0,0.0,0.0,0.0,0.0,0.0,0.0,0.0,0.0,0.0,0.0,0.3608,0.02068,0.0,0.0,0.0,0.0,0.0,0.0,0.0,0.0,0.014577259475218662,2.8279883381924202,15.320699708454814,10.889212827988322,0.947521865889213,0.0,0.0,0.0,0.0,0.0,0.0,0.0,0.0,0.0,0.0,0.0,0.0,0.0,0.0,0.0,0.0,0.0
74600,4239,2224,0.5246520405756074,1058,874,0.4557678697806086,1195,0.5638122198631753,0.418,2.9320099255583125,3.0835902312956045,6.539019963702359,2.2360318879562446,9340.370308533707,1415.8161348926164,7853.0,10751.282266139984,10687.965259835606,17.605041029098118,7853.0,0.0,28.16890776126445,20.85994513819297,33.15112359550562,19.0405443776749,0.13800424628450106,0.10167492333097429,0.08752064166076905,0.08799245104977589,0.08115121490917669,0.07501769285208776,0.06463788629393726,0.06558150507195093,0.05897617362585515,0.05142722340174569,0.050719509318235434,0.043878273177636234,0.03349846661948573,0.027836753951403632,0.016513328615239443,0.00778485491861288,0.00778485491861288,0.9258509391347989,0.023198454910859666,0.0,0.0,0.0,0.0,0.0,0.0,0.0,0.0,0.0,0.0,0.0,0.0,0.0,0.0,0.0,0.0,0.0,0.0,0.0,0.0,0.0,0.0,0.0,0.0,0.0,0.1769285208775655,3.878273177636236,14.91153573956122,9.88676574663836,1.1464968152866244,4.135495495495496,2.904923046766879,nan,nan,nan,4.118155619596542,2.960428555507917,4.154401154401154,2.8486292180709882,1.008801399984045,0.3608,0.02104,0.0,0.0,0.0,0.0,0.0,0.0,0.0,0.0,0.0353857041755131,2.7671620665251244,15.385704175513096,10.884642604387812,0.9058740268931353,0.021231422505307858,0.0,0.0,0.0,0.0,0.0,0.0,0.0,0.0,0.0,0.0,0.0,0.0,0.0,0.0,0.0,0.0,nan,nan,4.135495495495496,2.904923046766879,nan,0.3608,0.1194,0.0,0.0,0.0,0.0,0.0,0.0,0.0,2.359046945034206e-05,1.179523472517103e-05,0.0011205472988912479,0.000389242745930644,0.00020051899032790752,0.004010379806558151,0.012101910828025478,0.0036565227648030197,0.017138476055673507,0.0010261854210898797,0.010061335220570889,0.005543760320830385,0.016631280962491155,0.005567350790280727,0.03317999528190611,0.007041755130927105,0.01418966737438075,0.03491389478650625,0.04672092474640245,0.0266690257136117,0.03786270346779901,0.023649445623967917,0.034831328143430054,0.009176692616183061,0.047971219627270585,0.025583864118895967,0.032531257372021706,0.03912479358339231,0.03519698041991036,0.04430290162774239,0.033510261854210896,0.026503892427459305,0.01453172918141071,0.017338995046001414,0.01646614767633876,0.019308799245104976,0.025501297475819768,0.017563104505779664,0.039030431705590944,0.023967916961547535,0.03164661476763388,0.020995517810804436,0.007218683651804671,0.02081858928992687,0.002665723047888653,0.0050129747581976886,0.007195093182354329,0.006664307619721632,0.01692616183062043,0.003161122906345836,0.012974758197688134,0.003786270346779901,0.008740268931351734,0.016112290634583627,0.0022292993630573248,0.013670677046473225,0.002925218211842416,0.0016985138004246285,0.008256664307619722,0.002252889832507667,0.0008610521349374853,1.179523472517103e-05,0.0,2.359046945034206e-05,0.0,0.0,0.0,0.0,0.0,0.0,0.0,0.0,0.0,0.0,0.0,0.0,0.0,0.0,0.0,0.0,0.0,0.0,0.0,0.0,0.0,0.0,0.0,0.0,0.0,0.0,0.0,0.0,0.0,0.0,nan,nan,4.135495495495496,2.904923046766879,nan,0.9262583667157794,0.02286334002644213,0.0,0.0,0.0,0.0,0.0,0.0,0.0,0.0,0.0,0.0,0.0,0.0,0.0,0.0,0.0,0.0,0.0,0.0,0.0,0.0,0.0,0.0,0.0,0.0,0.0,0.13489208633093527,3.5611510791366916,15.40467625899281,9.644784172661872,1.2544964028776981,0.9254012523158904,0.023554615761394795,0.0,0.0,0.0,0.0,0.0,0.0,0.0,0.0,0.0,0.0,0.0,0.0,0.0,0.0,0.0,0.0,0.0,0.0,0.0,0.0,0.0,0.0,0.0,0.0,0.0,0.2233250620347395,4.228287841191068,14.367245657568242,10.153846153846155,1.0272952853598016,0.3606,0.0213,0.0,0.0,0.0,0.0,0.0,0.0,0.0,0.0,0.026978417266187056,3.008093525179857,15.229316546762593,10.85881294964027,0.8767985611510793,0.0,0.0,0.0,0.0,0.0,0.0,0.0,0.0,0.0,0.0,0.0,0.0,0.0,0.0,0.0,0.0,0.0,0.3613,0.02075,0.0,0.0,0.0,0.0,0.0,0.0,0.0,0.0,0.044665012406947896,2.5012406947890824,15.558312655086853,10.913151364764252,0.9379652605459059,0.044665012406947896,0.0,0.0,0.0,0.0,0.0,0.0,0.0,0.0,0.0,0.0,0.0,0.0,0.0,0.0,0.0,0.0
74700,4175,2148,0.5144910179640718,1039,842,0.45053892215568864,1142,0.547065868263473,0.422,2.9319190922545633,3.097065214463513,6.5612431444241315,2.2154098645069373,9311.38923842473,1416.7731542390345,7853.0,10741.965596675873,10687.62526556017,17.544159491026733,7853.0,0.0,28.101556886227545,20.914384585878818,33.07214143142287,19.124065907646088,0.14155688622754492,0.0948502994011976,0.09293413173652694,0.08694610778443114,0.0807185628742515,0.07161676646706587,0.06898203592814371,0.06754491017964072,0.06179640718562874,0.04934131736526946,0.047664670658682635,0.042395209580838325,0.03209580838323353,0.02467065868263473,0.017005988023952097,0.012215568862275449,0.007664670658682635,0.9253816100223335,0.023300027509837135,0.0,0.0,0.0,0.0,0.0,0.0,0.0,0.0,0.0,0.0,0.0,0.0,0.0,0.0,0.0,0.0,0.0,0.0,0.0,0.0,0.0,0.0,0.0,0.0,0.0,0.21556886227544916,3.959281437125749,14.601197604790423,10.18922155688623,1.034730538922156,4.218565088757397,2.907080981761748,nan,nan,nan,4.213499633162142,2.9166548853585677,4.224626865671642,2.898196468705759,1.0026408528487634,0.3606,0.02112,0.0,0.0,0.0,0.0,0.0,0.0,0.0,0.0,0.021556886227544914,2.759281437125749,15.542514970059884,10.670658682634715,1.005988023952096,0.0,0.0,0.0,0.0,0.0,0.0,0.0,0.0,0.0,0.0,0.0,0.0,0.0,0.0,0.0,0.0,0.0,nan,nan,4.218565088757397,2.907080981761748,nan,0.3606,0.11957,0.0,0.0,0.0,0.0,0.0,0.0,0.0,0.0,4.790419161676647e-05,0.0008023952095808383,0.0002634730538922156,0.00025149700598802393,0.0038682634730538923,0.0121437125748503,0.0029221556886227544,0.018850299401197604,0.0009461077844311377,0.00947305389221557,0.005497005988023952,0.017892215568862276,0.005221556886227545,0.034275449101796404,0.006023952095808383,0.013508982035928143,0.03524550898203593,0.04639520958083832,0.027065868263473052,0.041245508982035925,0.02216766467065868,0.034778443113772456,0.008467065868263473,0.04611976047904191,0.025760479041916168,0.031461077844311375,0.04132934131736527,0.034287425149700596,0.04676646706586826,0.031580838323353295,0.027449101796407187,0.014215568862275449,0.017664670658682633,0.018095808383233533,0.019508982035928144,0.02464670658682635,0.017604790419161676,0.038802395209580835,0.02308982035928144,0.03125748502994012,0.019137724550898204,0.00762874251497006,0.02038323353293413,0.0032335329341317367,0.005568862275449102,0.006395209580838323,0.0059401197604790415,0.016850299401197606,0.0033053892215568863,0.012215568862275449,0.0033173652694610777,0.008155688622754492,0.018035928143712576,0.0026227544910179643,0.013281437125748504,0.0029461077844311376,0.0014251497005988024,0.008634730538922155,0.0023233532934131738,0.0016047904191616765,0.0,0.0,0.0,0.0,0.0,0.0,0.0,0.0,0.0,0.0,0.0,0.0,0.0,0.0,0.0,0.0,0.0,0.0,0.0,0.0,0.0,0.0,0.0,0.0,0.0,0.0,0.0,0.0,0.0,0.0,0.0,0.0,0.0,nan,nan,4.218565088757397,2.907080981761748,nan,0.9255138330674926,0.02357504235927949,0.0,0.0,0.0,0.0,0.0,0.0,0.0,0.0,0.0,0.0,0.0,0.0,0.0,0.0,0.0,0.0,0.0,0.0,0.0,0.0,0.0,0.0,0.0,0.0,0.0,0.20949720670391067,4.106145251396649,14.21787709497207,10.349162011173187,1.11731843575419,0.9252414940376263,0.023004178865850978,0.0,0.0,0.0,0.0,0.0,0.0,0.0,0.0,0.0,0.0,0.0,0.0,0.0,0.0,0.0,0.0,0.0,0.0,0.0,0.0,0.0,0.0,0.0,0.0,0.0,0.22200296003946726,3.8036507153428722,15.007400098667986,10.019733596447955,0.9472126295017269,0.3608,0.02156,0.0,0.0,0.0,0.0,0.0,0.0,0.0,0.0,0.027932960893854754,2.709497206703911,15.432960893854752,10.71229050279328,1.11731843575419,0.0,0.0,0.0,0.0,0.0,0.0,0.0,0.0,0.0,0.0,0.0,0.0,0.0,0.0,0.0,0.0,0.0,0.3606,0.02063,0.0,0.0,0.0,0.0,0.0,0.0,0.0,0.0,0.014800197335964483,2.8120374938332517,15.658608781450424,10.62654168722248,0.888011840157869,0.0,0.0,0.0,0.0,0.0,0.0,0.0,0.0,0.0,0.0,0.0,0.0,0.0,0.0,0.0,0.0,0.0
74800,4153,2111,0.5083072477726944,1011,870,0.45292559595473153,1168,0.5624849506380929,0.414,2.890303623898139,3.0372667370523283,6.5111940298507465,2.1283151646230305,9293.800067308723,1417.1123953479146,7853.0,10748.447481632233,10687.506243265336,17.495492989034428,7853.0,0.0,27.921261738502288,20.759787044860627,32.82164328657315,18.992411006944945,0.13893570912593306,0.09944618348182037,0.09414880809053697,0.08861064290874067,0.07560799422104503,0.07512641464001926,0.07368167589694197,0.06260534553334939,0.06091981699975921,0.04767637852155068,0.05104743558873104,0.037803997110522514,0.03322899109077775,0.02672766674692993,0.019744762822056346,0.011076330363592584,0.003611846857693234,0.9250952434947397,0.02314099026001351,0.0,0.0,0.0,0.0,0.0,0.0,0.0,0.0,0.0,0.0,0.0,0.0,0.0,0.0,0.0,0.0,0.0,0.0,0.0,0.0,0.0,0.0,0.0,0.0,0.0,0.15169756802311585,4.15362388634722,14.953045990849992,9.694196966048642,1.047435588731038,4.307865168539326,2.8303422082017473,nan,nan,nan,4.3745318352059925,2.8388337113587365,4.241198501872659,2.8202496877796084,0.9695205479452054,0.3616,0.02129,0.0,0.0,0.0,0.0,0.0,0.0,0.0,0.0,0.021671081146159406,2.8172405490007226,15.249217433180837,10.78497471707198,1.1052251384541298,0.021671081146159406,0.0,0.0,0.0,0.0,0.0,0.0,0.0,0.0,0.0,0.0,0.0,0.0,0.0,0.0,0.0,0.0,nan,nan,4.307865168539326,2.8303422082017473,nan,0.3616,0.1197,0.0,0.0,0.0,0.0,0.0,0.0,0.0,0.0,0.00010835540573079701,0.0011437515049361907,0.00027690825908981457,0.00010835540573079701,0.004430532145437033,0.010883698531182278,0.0029857934023597398,0.01771008909222249,0.0007223693715386468,0.00957139417288707,0.0060317842523477,0.01873344570190224,0.0046592824464242715,0.03232602937635444,0.00591138935709126,0.015759691789068143,0.033626294245124005,0.044281242475319046,0.029135564652058753,0.04198169997592102,0.02303154346255719,0.03531182277871418,0.007512641464001927,0.0447869010353961,0.026065494823019505,0.030483987478930892,0.04051288225379244,0.035299783289188535,0.04689381170238382,0.03050806645798218,0.029280038526366483,0.014941006501324345,0.01650614013965808,0.01803515530941488,0.021538646761377317,0.026438718998314473,0.01858897182759451,0.03914038044786901,0.020238381892607755,0.03032747411509752,0.0189140380447869,0.006609679749578618,0.01981699975921021,0.0031423067661931134,0.005321454370334698,0.008030339513604623,0.005586323139898868,0.016783048398747894,0.0027088851432699253,0.012725740428605827,0.0031543462557187575,0.009258367445220322,0.019792920780158922,0.0031423067661931134,0.012448832169516012,0.0031784252347700458,0.001276185889718276,0.008776787864194557,0.002010594750782567,0.0014928967011798699,0.0,0.0,0.0,0.0,0.0,0.0,0.0,0.0,0.0,0.0,0.0,0.0,0.0,0.0,0.0,0.0,0.0,0.0,0.0,0.0,0.0,0.0,0.0,0.0,0.0,0.0,0.0,0.0,0.0,0.0,0.0,0.0,0.0,nan,nan,4.307865168539326,2.8303422082017473,nan,0.9251072341545337,0.023571833574423835,0.0,0.0,0.0,0.0,0.0,0.0,0.0,0.0,0.0,0.0,0.0,0.0,0.0,0.0,0.0,0.0,0.0,0.0,0.0,0.0,0.0,0.0,0.0,0.0,0.0,0.19895783988630986,4.178114637612507,14.737091425864522,9.86262434864993,1.0232117479867364,0.9250828476657363,0.022686982116821356,0.0,0.0,0.0,0.0,0.0,0.0,0.0,0.0,0.0,0.0,0.0,0.0,0.0,0.0,0.0,0.0,0.0,0.0,0.0,0.0,0.0,0.0,0.0,0.0,0.0,0.10284035259549464,4.128305582761999,15.176297747306565,9.52007835455436,1.0724779627815868,0.361,0.02103,0.0,0.0,0.0,0.0,0.0,0.0,0.0,0.0,0.02842254855518712,2.927522501184274,15.36238749407864,10.701089531027934,0.9663666508763621,0.01421127427759356,0.0,0.0,0.0,0.0,0.0,0.0,0.0,0.0,0.0,0.0,0.0,0.0,0.0,0.0,0.0,0.0,0.3618,0.02153,0.0,0.0,0.0,0.0,0.0,0.0,0.0,0.0,0.01469147894221352,2.7032321253672875,15.132223310479926,10.871694417237986,1.2487757100881491,0.02938295788442704,0.0,0.0,0.0,0.0,0.0,0.0,0.0,0.0,0.0,0.0,0.0,0.0,0.0,0.0,0.0,0.0
74900,4193,2188,0.521822084426425,1018,856,0.44693536847126164,1178,0.5618888623896972,0.418,2.9371571072319203,3.072042851191487,6.5234657039711195,2.1387751419982326,9332.02855057771,1415.883482770242,7853.0,10747.832532048225,10687.354073387722,17.559317944584006,7853.0,0.0,27.856904364416884,20.85270331491493,32.763120567375886,19.119565602900593,0.14023372287145242,0.10207488671595516,0.08967326496541855,0.09134271404722157,0.07798712139279752,0.07250178869544478,0.0729787741473885,0.06129263057476747,0.05795373241116146,0.05461483424755545,0.048652516098259005,0.03696637252563797,0.03362747436203196,0.025041736227045076,0.017171476269973767,0.009778201764846173,0.008108752683043167,0.9254827913054128,0.023502807822619837,0.0,0.0,0.0,0.0,0.0,0.0,0.0,0.0,0.0,0.0,0.0,0.0,0.0,0.0,0.0,0.0,0.0,0.0,0.0,0.0,0.0,0.0,0.0,0.0,0.007154781779155737,0.21464345337467214,4.006677796327213,14.917720009539712,9.637491056522778,1.2163129024564754,4.27255848496101,2.8787827805903445,nan,nan,nan,4.238484398216939,2.8494214250932344,4.306607275426875,2.9074273465110547,1.0160724614767,0.3606,0.02174,0.0,0.0,0.0,0.0,0.0,0.0,0.0,0.0,0.02861912711662295,3.191032673503459,15.168137371810163,10.553303124254695,1.0589077033150491,0.0,0.0,0.0,0.0,0.0,0.0,0.0,0.0,0.0,0.0,0.0,0.0,0.0,0.0,0.0,0.0,0.0,nan,nan,4.27255848496101,2.8787827805903445,nan,0.3606,0.1188,0.0,0.0,0.0,0.0,0.0,0.0,0.0,0.0,5.9623181492964464e-05,0.0009897448127832102,0.00031004054376341524,0.0001788695444788934,0.00560457906033866,0.011650369663725256,0.0029453851657524443,0.017338421178154068,0.0003577390889577868,0.009575482947770093,0.005843071786310518,0.01851896017171476,0.005008347245409015,0.03225614118769377,0.005902694967803482,0.015203911280705938,0.033496303362747434,0.04327450512759361,0.030312425471023134,0.04283329358454567,0.022787979966611017,0.03486763653708562,0.006248509420462676,0.04435964703076556,0.026007631767231098,0.03143334128309087,0.040746482232291915,0.036596708800381586,0.0466491772000954,0.031015979012640114,0.030682089196279513,0.01563319818745528,0.015191986644407346,0.016944908180300502,0.0219771046983067,0.026293823038397328,0.020748867159551633,0.03974481278321011,0.019508704984497974,0.029406153112330073,0.020212258526114954,0.006653947054614834,0.018662055807297878,0.0026353446219890293,0.00560457906033866,0.007512520868113523,0.006343906510851419,0.01690913427140472,0.0031719532554257096,0.013856427378964942,0.0027068924397805868,0.009289291676603863,0.02040305270689244,0.0019317910803720486,0.010899117576913904,0.002301454805628428,0.0014190317195325543,0.008168375864536132,0.0016813737181015978,0.001108991175769139,1.1924636298592893e-05,1.1924636298592893e-05,0.0,0.0,0.0,0.0,0.0,0.0,0.0,0.0,0.0,0.0,0.0,0.0,0.0,0.0,0.0,0.0,0.0,0.0,0.0,0.0,0.0,0.0,0.0,0.0,0.0,0.0,0.0,0.0,0.0,0.0,0.0,nan,nan,4.27255848496101,2.8787827805903445,nan,0.9251356842421963,0.023487994670213428,0.0,0.0,0.0,0.0,0.0,0.0,0.0,0.0,0.0,0.0,0.0,0.0,0.0,0.0,0.0,0.0,0.0,0.0,0.0,0.0,0.0,0.0,0.0,0.0,0.01371115173674589,0.21937842778793423,4.017367458866546,15.000000000000004,9.556672760511885,1.1928702010968923,0.9258615794621798,0.02351311611882979,0.0,0.0,0.0,0.0,0.0,0.0,0.0,0.0,0.0,0.0,0.0,0.0,0.0,0.0,0.0,0.0,0.0,0.0,0.0,0.0,0.0,0.0,0.0,0.0,0.0,0.20947630922693272,3.995012468827931,14.827930174563594,9.725685785536161,1.2418952618453867,0.3606,0.02167,0.0,0.0,0.0,0.0,0.0,0.0,0.0,0.0,0.01371115173674589,3.0438756855575875,15.233089579524684,10.626142595978047,1.0831809872029252,0.0,0.0,0.0,0.0,0.0,0.0,0.0,0.0,0.0,0.0,0.0,0.0,0.0,0.0,0.0,0.0,0.0,0.3604,0.02184,0.0,0.0,0.0,0.0,0.0,0.0,0.0,0.0,0.044887780548628436,3.3516209476309236,15.097256857855365,10.47381546134662,1.0324189526184542,0.0,0.0,0.0,0.0,0.0,0.0,0.0,0.0,0.0,0.0,0.0,0.0,0.0,0.0,0.0,0.0,0.0
75000,4317,2269,0.5255964790363679,1053,883,0.44845957841093353,1187,0.5499189251795228,0.43,2.97314453125,3.1163570282540185,6.583928571428571,2.3014185676380965,9342.784147035338,1415.4278455319175,7853.0,10749.055265665054,10687.463712098526,17.09985353143167,7853.0,0.0,28.089413944869122,21.048481305254573,33.173539994464434,19.24213269757357,0.14338661107250406,0.09983785035904563,0.09103544127866574,0.08223303219828584,0.07922168172341904,0.07644197359277276,0.07088255733148019,0.060227009497336115,0.059763724808895066,0.05211952744961779,0.0472550382209868,0.03961084086170952,0.03242992819087329,0.028028723650683346,0.01922631457030345,0.012045401899467222,0.006254343293954135,0.9251800514576417,0.022701059525829206,0.0,0.0,0.0,0.0,0.0,0.0,0.0,0.0,0.0,0.0,0.0,0.0,0.0,0.0,0.0,0.0,0.0,0.0,0.0,0.0,0.0,0.0,0.0,0.0,0.0,0.14593467685892983,3.870743571924949,15.142460041695625,9.916608756080613,0.924252953439889,4.249910490511994,2.9049609084399286,nan,nan,nan,4.233357193987115,2.915405426493971,4.26647564469914,2.8943764094447157,1.007823211979151,0.3606,0.0208,0.0,0.0,0.0,0.0,0.0,0.0,0.0,0.0,0.02779708130646283,2.7658095899930513,15.42738012508687,10.833912439193869,0.9451007644197361,0.0,0.0,0.0,0.0,0.0,0.0,0.0,0.0,0.0,0.0,0.0,0.0,0.0,0.0,0.0,0.0,0.0,nan,nan,4.249910490511994,2.9049609084399286,nan,0.3606,0.1186,0.0,0.0,0.0,0.0,0.0,0.0,0.0,0.0,0.0,0.0010771369006254343,0.0002316423442205235,0.00015056752374334028,0.005617326847347695,0.011524206624971044,0.002617558489691916,0.017581653926337735,0.00026638869585360206,0.008825573314801946,0.006509149872596711,0.019759091962010655,0.0057215659022469305,0.03256891359740561,0.005096131572851517,0.0138058837155432,0.03353022932592078,0.04423210562890897,0.030240908037989345,0.04142923326384063,0.022179754459115127,0.03353022932592078,0.0069029418577716,0.043525596479036366,0.027426453555709985,0.03167709057215659,0.0423442205235117,0.03378503590456335,0.047417187861941164,0.03173500115821172,0.029881862404447533,0.014662960389159138,0.013979615473708594,0.017848042622191338,0.022700949733611305,0.027519110493398193,0.019400046328468843,0.03895066018068103,0.020975214269168405,0.034503127171646976,0.022006022700949732,0.006798702802872365,0.017037294417419503,0.0021426916840398425,0.005154042158906648,0.006115357887421821,0.005860551308779245,0.016770905721565903,0.002965022006022701,0.014153347231873987,0.002385916145471392,0.008628677322214501,0.020094973361130416,0.0013319434792680102,0.010898772295575631,0.002455408848737549,0.001841556636553162,0.009381514940931202,0.0009497336113041464,0.001192958072735696,0.0,0.0,0.00010423905489923558,0.0,0.0,0.0,0.0,0.0,0.0,0.0,0.0,0.0,0.0,0.0,0.0,0.0,0.0,0.0,0.0,0.0,0.0,0.0,0.0,0.0,0.0,0.0,0.0,0.0,0.0,0.0,0.0,0.0,0.0,nan,nan,4.249910490511994,2.9049609084399286,nan,0.9257393244501251,0.022417887585004327,0.0,0.0,0.0,0.0,0.0,0.0,0.0,0.0,0.0,0.0,0.0,0.0,0.0,0.0,0.0,0.0,0.0,0.0,0.0,0.0,0.0,0.0,0.0,0.0,0.0,0.14543851917144118,3.62274129572499,15.297487880123406,10.035257822829442,0.8990744821507274,0.924560427229153,0.02299484193454732,0.0,0.0,0.0,0.0,0.0,0.0,0.0,0.0,0.0,0.0,0.0,0.0,0.0,0.0,0.0,0.0,0.0,0.0,0.0,0.0,0.0,0.0,0.0,0.0,0.0,0.14648437500000003,4.145507812500001,14.970703125000004,9.785156250000002,0.9521484375000002,0.3604,0.02113,0.0,0.0,0.0,0.0,0.0,0.0,0.0,0.0,0.026443367122080216,3.027765535478185,15.337152930806527,10.590568532393108,1.0180696342000883,0.0,0.0,0.0,0.0,0.0,0.0,0.0,0.0,0.0,0.0,0.0,0.0,0.0,0.0,0.0,0.0,0.0,0.361,0.02043,0.0,0.0,0.0,0.0,0.0,0.0,0.0,0.0,0.029296875000000007,2.4755859375000004,15.527343750000004,11.103515624999984,0.8642578125000002,0.0,0.0,0.0,0.0,0.0,0.0,0.0,0.0,0.0,0.0,0.0,0.0,0.0,0.0,0.0,0.0,0.0
75100,4200,2185,0.5202380952380953,1035,849,0.44857142857142857,1170,0.5571428571428572,0.422,2.96575682382134,3.070603211068334,6.4973166368515205,2.1087372438936147,9327.304119729968,1415.8445806701943,7853.0,10744.650598049164,10686.90265577385,17.213768746417315,7853.0,0.0,28.44857142857143,21.005242494313126,33.43985281630342,19.158584601121536,0.13833333333333334,0.1019047619047619,0.0911904761904762,0.08,0.07595238095238095,0.06595238095238096,0.07523809523809524,0.0680952380952381,0.05761904761904762,0.060476190476190475,0.041666666666666664,0.04428571428571428,0.03380952380952381,0.03142857142857143,0.017857142857142856,0.01,0.006190476190476191,0.9243000333933603,0.023340314081147378,0.0,0.0,0.0,0.0,0.0,0.0,0.0,0.0,0.0,0.0,0.0,0.0,0.0,0.0,0.0,0.0,0.0,0.0,0.0,0.0,0.0,0.0,0.0,0.0,0.007142857142857144,0.14285714285714288,4.385714285714287,15.03571428571429,9.385714285714288,1.0428571428571431,4.226491035492133,2.858717485183104,nan,nan,nan,4.201174743024963,2.8236048912338423,4.25164113785558,2.89295830198248,1.012012448402534,0.3606,0.02094,0.0,0.0,0.0,0.0,0.0,0.0,0.0,0.0,0.014285714285714289,2.821428571428572,15.328571428571433,10.949999999999985,0.8785714285714288,0.007142857142857144,0.0,0.0,0.0,0.0,0.0,0.0,0.0,0.0,0.0,0.0,0.0,0.0,0.0,0.0,0.0,0.0,nan,nan,4.226491035492133,2.858717485183104,nan,0.3606,0.1184,0.0,0.0,0.0,0.0,0.0,0.0,0.0,0.0,0.0,0.0013214285714285715,8.333333333333333e-05,0.00011904761904761905,0.005583333333333333,0.010726190476190476,0.002380952380952381,0.018845238095238095,0.0004166666666666667,0.008761904761904762,0.007702380952380953,0.02011904761904762,0.0058095238095238096,0.03205952380952381,0.004571428571428572,0.014083333333333333,0.03269047619047619,0.04336904761904762,0.029369047619047618,0.04229761904761905,0.021642857142857144,0.0345,0.006642857142857143,0.04342857142857143,0.026845238095238096,0.030702380952380953,0.03975,0.03325,0.04928571428571429,0.033,0.02982142857142857,0.016083333333333335,0.013,0.015571428571428571,0.02305952380952381,0.029845238095238095,0.01880952380952381,0.04017857142857143,0.02238095238095238,0.03525,0.021261904761904763,0.007261904761904762,0.016523809523809524,0.002416666666666667,0.004833333333333334,0.0069404761904761905,0.005035714285714286,0.018083333333333333,0.0026785714285714286,0.013904761904761904,0.002785714285714286,0.008083333333333333,0.02025,0.0015357142857142857,0.010238095238095239,0.002619047619047619,0.0015357142857142857,0.008523809523809524,0.0012976190476190477,0.0007261904761904762,0.0,0.0,0.00010714285714285714,0.0,0.0,0.0,0.0,0.0,0.0,0.0,0.0,0.0,0.0,0.0,0.0,0.0,0.0,0.0,0.0,0.0,0.0,0.0,0.0,0.0,0.0,0.0,0.0,0.0,0.0,0.0,0.0,0.0,0.0,nan,nan,4.226491035492133,2.858717485183104,nan,0.9244904948863066,0.023177109576039738,0.0,0.0,0.0,0.0,0.0,0.0,0.0,0.0,0.0,0.0,0.0,0.0,0.0,0.0,0.0,0.0,0.0,0.0,0.0,0.0,0.0,0.0,0.0,0.0,0.0,0.13729977116704808,4.160183066361557,15.377574370709386,9.267734553775746,1.0572082379862702,0.9240935031888503,0.02351426434046062,0.0,0.0,0.0,0.0,0.0,0.0,0.0,0.0,0.0,0.0,0.0,0.0,0.0,0.0,0.0,0.0,0.0,0.0,0.0,0.0,0.0,0.0,0.0,0.0,0.014888337468982634,0.14888337468982632,4.630272952853599,14.665012406947895,9.513647642679903,1.0272952853598016,0.3606,0.02104,0.0,0.0,0.0,0.0,0.0,0.0,0.0,0.0,0.027459954233409616,2.8558352402746006,15.487414187643024,10.736842105263143,0.8787185354691077,0.013729977116704808,0.0,0.0,0.0,0.0,0.0,0.0,0.0,0.0,0.0,0.0,0.0,0.0,0.0,0.0,0.0,0.0,0.3608,0.02084,0.0,0.0,0.0,0.0,0.0,0.0,0.0,0.0,0.0,2.784119106699752,15.156327543424322,11.18114143920594,0.8784119106699754,0.0,0.0,0.0,0.0,0.0,0.0,0.0,0.0,0.0,0.0,0.0,0.0,0.0,0.0,0.0,0.0,0.0
75200,4132,2202,0.5329138431752178,1023,845,0.452081316553727,1158,0.5605033881897387,0.45,3.1259067357512955,3.262473446040662,7.113502935420744,2.166917616442607,9362.925429070272,1413.6517591884879,7853.0,10752.364033222198,10686.338725212701,17.104273916977142,7853.0,0.0,27.23838334946757,20.602189004368604,32.43795620437956,18.7991696174233,0.14811229428848016,0.10430784123910938,0.09075508228460794,0.08639883833494676,0.07841239109390126,0.07962245885769603,0.06655372700871248,0.06582768635043562,0.0617134559535334,0.050096805421103584,0.04525653436592449,0.03630203291384317,0.032671829622458855,0.02202323330106486,0.014278799612778316,0.011132623426911906,0.006534365924491772,0.9242833619080808,0.022952307031047836,0.0,0.0,0.0,0.0,0.0,0.0,0.0,0.0,0.0,0.0,0.0,0.0,0.0,0.0,0.0,0.0,0.0,0.0,0.0,0.0,0.0,0.0,0.0,0.0,0.0,0.17424975798644726,4.015004840271056,15.559051306873188,9.191674733785094,1.060019361084221,4.398857142857143,2.980661260697097,nan,nan,nan,4.355453852021358,2.981043401175736,4.442161339421613,2.9796499367642313,1.0199077961439114,0.3596,0.02086,0.0,0.0,0.0,0.0,0.0,0.0,0.0,0.0,0.021781219748305908,3.020329138431753,16.343175217812203,9.649080348499503,0.95837366892546,0.007260406582768637,0.0,0.0,0.0,0.0,0.0,0.0,0.0,0.0,0.0,0.0,0.0,0.0,0.0,0.0,0.0,0.0,nan,nan,4.398857142857143,2.980661260697097,nan,0.3596,0.1179,0.0,0.0,0.0,0.0,0.0,0.0,0.0,0.0,1.2100677637947726e-05,0.001016456921587609,4.84027105517909e-05,0.00012100677637947725,0.004537754114230397,0.011374636979670862,0.002432236205227493,0.018635043562439498,0.00035091965150048403,0.008906098741529526,0.00712729912875121,0.02005082284607938,0.007986447241045498,0.0324540174249758,0.005941432720232333,0.015258954501452081,0.030651016456921587,0.04553484995159729,0.028787512100677638,0.04397386253630203,0.02069215876089061,0.03293804453049371,0.00648596321393998,0.04450629235237173,0.02356001936108422,0.028811713455953535,0.04002904162633107,0.03540658276863504,0.052468538238141335,0.036519845111326235,0.029549854791868346,0.016844143272023233,0.0135648596321394,0.015125847047434656,0.0244675701839303,0.028279283639883832,0.017364472410454985,0.03883107454017425,0.021587608906098742,0.03457163601161665,0.020450145208131654,0.005759922555663117,0.015997095837366894,0.0018393030009680542,0.004852371732817037,0.007538722168441433,0.005542110358180058,0.01851403678606002,0.002650048402710552,0.012378993223620523,0.0027952565343659246,0.00850677637947725,0.020450145208131654,0.0012705711519845112,0.010721200387221684,0.0020208131655372703,0.001621490803484995,0.007986447241045498,0.001234269119070668,0.0010043562439496611,3.630203291384317e-05,0.0,2.420135527589545e-05,0.0,0.0,0.0,0.0,0.0,0.0,0.0,0.0,0.0,0.0,0.0,0.0,0.0,0.0,0.0,0.0,0.0,0.0,0.0,0.0,0.0,0.0,0.0,0.0,0.0,0.0,0.0,0.0,0.0,0.0,nan,nan,4.398857142857143,2.980661260697097,nan,0.9244571464587947,0.02289422789206746,0.0,0.0,0.0,0.0,0.0,0.0,0.0,0.0,0.0,0.0,0.0,0.0,0.0,0.0,0.0,0.0,0.0,0.0,0.0,0.0,0.0,0.0,0.0,0.0,0.0,0.17711171662125347,3.99182561307902,15.49046321525886,9.291553133514988,1.0490463215258858,0.9240850854414114,0.023016789949252926,0.0,0.0,0.0,0.0,0.0,0.0,0.0,0.0,0.0,0.0,0.0,0.0,0.0,0.0,0.0,0.0,0.0,0.0,0.0,0.0,0.0,0.0,0.0,0.0,0.0,0.17098445595854925,4.041450777202074,15.63730569948187,9.077720207253888,1.0725388601036272,0.3596,0.02066,0.0,0.0,0.0,0.0,0.0,0.0,0.0,0.0,0.02724795640326976,3.0108991825613085,16.430517711171664,9.686648501362384,0.8446866485013627,0.0,0.0,0.0,0.0,0.0,0.0,0.0,0.0,0.0,0.0,0.0,0.0,0.0,0.0,0.0,0.0,0.0,0.3596,0.0211,0.0,0.0,0.0,0.0,0.0,0.0,0.0,0.0,0.015544041450777205,3.031088082901555,16.24352331606218,9.606217616580297,1.0880829015544045,0.015544041450777205,0.0,0.0,0.0,0.0,0.0,0.0,0.0,0.0,0.0,0.0,0.0,0.0,0.0,0.0,0.0,0.0
75300,4131,2136,0.5170660856935366,983,824,0.4374243524570322,1156,0.5596707818930041,0.434,3.1223057644110277,3.226624623797925,6.848797250859106,2.108196309773421,9318.17307525635,1416.0427471081641,7853.0,10749.332806944847,10686.62826492696,17.22214827547547,7853.0,0.0,28.430646332607118,21.319899093457046,33.6985187336625,19.444948710028026,0.14500121036068747,0.09682885499878964,0.0924715565238441,0.0813362381989833,0.07891551682401356,0.06850641491164366,0.06778019849915275,0.06124425078673445,0.05954974582425563,0.05664488017429194,0.05035100459937061,0.04212055192447349,0.030016945049624787,0.02662793512466715,0.02178649237472767,0.013071895424836602,0.007746308399903171,0.924072208328935,0.022990925175845014,0.0,0.0,0.0,0.0,0.0,0.0,0.0,0.0,0.0,0.0,0.0,0.0,0.0,0.0,0.0,0.0,0.0,0.0,0.0,0.0,0.0,0.0,0.0,0.0,0.0,0.1815541031227306,4.204793028322441,15.395787944807557,9.230210602759625,0.9876543209876545,4.349420127197905,2.9522729043243303,nan,nan,nan,4.337858220211161,2.9073993496577306,4.363298662704309,2.9954580469104535,1.0058647473480378,0.3596,0.02116,0.0,0.0,0.0,0.0,0.0,0.0,0.0,0.0,0.06535947712418302,3.0936819172113297,15.708061002178653,10.181554103122716,0.9440813362381992,0.007262164124909225,0.0,0.0,0.0,0.0,0.0,0.0,0.0,0.0,0.0,0.0,0.0,0.0,0.0,0.0,0.0,0.0,nan,nan,4.349420127197905,2.9522729043243303,nan,0.3596,0.11847,0.0,0.0,0.0,0.0,0.0,0.0,0.0,0.0,1.2103606874848705e-05,0.0008835633018639555,2.420721374969741e-05,3.6310820624546116e-05,0.004647785039941903,0.011655773420479304,0.0029774872912127813,0.019426289034132172,0.00033890099249576374,0.009561849431130478,0.007141128056160736,0.02011619462599855,0.007274267731784072,0.0317356572258533,0.0057129024449285885,0.014984265311062697,0.02936335027838296,0.04818445896877269,0.028080367949648997,0.04553376906318083,0.019644153957879447,0.032970225127087874,0.006293875574921327,0.0448317598644396,0.02063664972161704,0.028830791575889615,0.04007504236262406,0.036673928830791576,0.049019607843137254,0.03796901476640039,0.030791575889615105,0.016763495521665457,0.014330670539820867,0.01514161220043573,0.0261679980634229,0.02627693052529654,0.016303558460421204,0.036322924231420965,0.022222222222222223,0.03375695957395304,0.02119341563786008,0.006088114258048899,0.01589203582667635,0.0019123698862260955,0.005482933914306464,0.007879448075526508,0.006523844105543452,0.019123698862260955,0.0028927620430888403,0.012091503267973857,0.003485838779956427,0.008956669087388042,0.019704671992253692,0.0008714596949891067,0.011232147179859597,0.0017066085693536674,0.0012950859356088114,0.00860566448801743,0.0014887436456063907,0.0007746308399903171,2.420721374969741e-05,0.0,6.051803437424352e-05,0.0,0.0,0.0,0.0,0.0,0.0,0.0,0.0,0.0,0.0,0.0,0.0,0.0,0.0,0.0,0.0,0.0,0.0,0.0,0.0,0.0,0.0,0.0,0.0,0.0,0.0,0.0,0.0,0.0,0.0,nan,nan,4.349420127197905,2.9522729043243303,nan,0.9239825115500765,0.023182895007078888,0.0,0.0,0.0,0.0,0.0,0.0,0.0,0.0,0.0,0.0,0.0,0.0,0.0,0.0,0.0,0.0,0.0,0.0,0.0,0.0,0.0,0.0,0.0,0.0,0.0,0.22471910112359555,4.28370786516854,15.252808988764048,9.297752808988765,0.9410112359550564,0.9241682445793821,0.02278320315615473,0.0,0.0,0.0,0.0,0.0,0.0,0.0,0.0,0.0,0.0,0.0,0.0,0.0,0.0,0.0,0.0,0.0,0.0,0.0,0.0,0.0,0.0,0.0,0.0,0.0,0.13533834586466167,4.1203007518797,15.54887218045113,9.157894736842108,1.0375939849624063,0.3606,0.02106,0.0,0.0,0.0,0.0,0.0,0.0,0.0,0.0,0.05617977528089889,2.780898876404495,15.744382022471914,10.43539325842695,0.9691011235955058,0.014044943820224722,0.0,0.0,0.0,0.0,0.0,0.0,0.0,0.0,0.0,0.0,0.0,0.0,0.0,0.0,0.0,0.0,0.359,0.02124,0.0,0.0,0.0,0.0,0.0,0.0,0.0,0.0,0.07518796992481204,3.4285714285714293,15.66917293233083,9.909774436090212,0.917293233082707,0.0,0.0,0.0,0.0,0.0,0.0,0.0,0.0,0.0,0.0,0.0,0.0,0.0,0.0,0.0,0.0,0.0
75400,4076,2157,0.5291952894995093,1027,820,0.4531403336604514,1136,0.5574092247301276,0.43,3.0760812923397602,3.1550923404172933,6.591150442477876,2.1708265838184952,9353.116078449126,1414.9912664716662,7853.0,10742.559776067734,10687.711699470858,16.94418725908017,7853.0,0.0,28.417320902845926,20.9353363112051,33.26808016264885,19.15098577553676,0.1346908734052993,0.0971540726202159,0.08537782139352307,0.09396467124631992,0.08316977428851816,0.07286555446516192,0.07311089303238469,0.05618253189401374,0.06305201177625122,0.05225711481844946,0.0429342492639843,0.04342492639842983,0.03974484789008832,0.025760549558390577,0.01987242394504416,0.009813542688910697,0.00662414131501472,0.9240533908549422,0.022697449253939,0.0,0.0,0.0,0.0,0.0,0.0,0.0,0.0,0.0,0.0,0.0,0.0,0.0,0.0,0.0,0.0,0.0,0.0,0.0,0.0,0.0,0.0,0.0,0.0,0.0,0.1251226692836114,4.0407262021589805,15.699214916584891,9.163395485770366,0.9715407262021593,4.1511887072808324,2.9377813921772913,nan,nan,nan,4.118694362017804,2.9835116751049426,4.183779761904762,2.8908216823446975,1.0158024349869632,0.3618,0.02098,0.0,0.0,0.0,0.0,0.0,0.0,0.0,0.0,0.01472031403336605,2.583415112855741,15.250245338567227,11.054955839057884,1.0819430814524045,0.01472031403336605,0.0,0.0,0.0,0.0,0.0,0.0,0.0,0.0,0.0,0.0,0.0,0.0,0.0,0.0,0.0,0.0,nan,nan,4.1511887072808324,2.9377813921772913,nan,0.3618,0.11914,0.0,0.0,0.0,0.0,0.0,0.0,0.0,0.0,0.0,0.0008341511285574092,8.586849852796859e-05,2.4533856722276743e-05,0.0037659470068694798,0.011175171736997057,0.0027355250245338567,0.020350834151128556,0.00034347399411187437,0.009138861629048086,0.006342001962708538,0.019492149165848873,0.0065996074582924434,0.032666830225711485,0.006207065750736015,0.014217369970559371,0.027416584887144258,0.051005888125613345,0.02674190382728165,0.04603778213935231,0.01905053974484789,0.03071638861629048,0.006268400392541708,0.04328999018645731,0.02197006869479882,0.026803238469087342,0.03947497546614328,0.03638370951913641,0.05117762512266928,0.038088812561334645,0.030299313052011775,0.015677134445534837,0.013015210991167812,0.014401373895976448,0.027060843964671247,0.025257605495583906,0.014438174681059863,0.038039744847890085,0.026226692836113837,0.034629538763493624,0.023736506378802747,0.005753189401373896,0.015713935230618252,0.0019872423945044163,0.005434249263984298,0.008819921491658488,0.006906280667320902,0.017762512266928362,0.003545142296368989,0.013039744847890089,0.0034224730127576054,0.009175662414131501,0.017737978410206086,0.0009813542688910696,0.013567222767419038,0.0019995093228655546,0.0012757605495583907,0.009641805691854759,0.0015333660451422964,0.0005029440628066732,0.0,1.2266928361138371e-05,0.0,0.0,0.0,0.0,0.0,0.0,0.0,0.0,0.0,0.0,0.0,0.0,0.0,0.0,0.0,0.0,0.0,0.0,0.0,0.0,0.0,0.0,0.0,0.0,0.0,0.0,0.0,0.0,0.0,0.0,0.0,nan,nan,4.1511887072808324,2.9377813921772913,nan,0.9245638071965663,0.02248377241927185,0.0,0.0,0.0,0.0,0.0,0.0,0.0,0.0,0.0,0.0,0.0,0.0,0.0,0.0,0.0,0.0,0.0,0.0,0.0,0.0,0.0,0.0,0.0,0.0,0.0,0.1251738525730181,4.005563282336579,15.549374130737139,9.388038942976358,0.9318497913769126,0.9234796711838202,0.022921686950193268,0.0,0.0,0.0,0.0,0.0,0.0,0.0,0.0,0.0,0.0,0.0,0.0,0.0,0.0,0.0,0.0,0.0,0.0,0.0,0.0,0.0,0.0,0.0,0.0,0.0,0.12506513809275668,4.080250130276187,15.867639395518504,8.910891089108913,1.016154247003648,0.3618,0.02078,0.0,0.0,0.0,0.0,0.0,0.0,0.0,0.0,0.013908205841446458,2.573018080667594,15.326842837273995,11.084840055632808,0.9874826147426984,0.013908205841446458,0.0,0.0,0.0,0.0,0.0,0.0,0.0,0.0,0.0,0.0,0.0,0.0,0.0,0.0,0.0,0.0,0.3618,0.0212,0.0,0.0,0.0,0.0,0.0,0.0,0.0,0.0,0.015633142261594585,2.5951016154247006,15.164147993746747,11.021365294424164,1.1881188118811883,0.015633142261594585,0.0,0.0,0.0,0.0,0.0,0.0,0.0,0.0,0.0,0.0,0.0,0.0,0.0,0.0,0.0,0.0
75500,4346,2248,0.5172572480441786,1107,873,0.4555913483663139,1231,0.5664979291302347,0.39799999999999996,2.9828408007626313,3.104885773541968,6.630182421227198,2.0183777042723996,9319.099691075413,1416.3977966991395,7853.0,10741.920622110367,10687.372445468747,17.5025373205541,7853.0,0.0,27.882420616658997,20.581563672753983,32.842884562654234,18.74004240007682,0.1387482742751956,0.09618039576622181,0.09410952600092039,0.08559595029912563,0.0839852738150023,0.07409111826967327,0.06672802577082375,0.0664979291302347,0.06511734928670042,0.053382420616658995,0.048090197883110905,0.039116428900138056,0.031753336401288544,0.022549470777726646,0.01863782788771284,0.009664058904739991,0.005752416014726185,0.9238874775799419,0.023147417990075494,0.0,0.0,0.0,0.0,0.0,0.0,0.0,0.0,0.0,0.0,0.0,0.0,0.0,0.0,0.0,0.0,0.0,0.0,0.0,0.0,0.0,0.0,0.0,0.0,0.0,0.24850437183617125,4.341923607915326,15.103543488265075,9.429360331339165,0.8766682006442708,4.25390625,2.9204325882606113,nan,nan,nan,4.385164051355207,2.964364121524959,4.123762376237623,2.8702913700371555,0.9403895334230885,0.3623,0.02104,0.0,0.0,0.0,0.0,0.0,0.0,0.0,0.0,0.027611596870685696,2.360791532443627,15.172572480441788,11.265531523239744,1.1458812701334562,0.027611596870685696,0.0,0.0,0.0,0.0,0.0,0.0,0.0,0.0,0.0,0.0,0.0,0.0,0.0,0.0,0.0,0.0,nan,nan,4.25390625,2.9204325882606113,nan,0.3623,0.11914,0.0,0.0,0.0,0.0,0.0,0.0,0.0,0.0,0.0,0.0004947077772664519,1.150483202945237e-05,0.0,0.0037735849056603774,0.010204786010124253,0.003911642890013806,0.02180165669581224,0.000621260929590428,0.008433041877588587,0.005430280717901519,0.020064427059364932,0.006833870225494708,0.03305338242061666,0.00708697653014266,0.013794293603313391,0.026955821445006904,0.04668660837551772,0.02688679245283019,0.042280257708237456,0.02019098021168891,0.03271974229176254,0.006500230096640589,0.04627243442245743,0.0223193741371376,0.028957662218131616,0.04061205706396687,0.03395075931891394,0.04777956741831569,0.037402208927749654,0.031373676944316614,0.014047399907961344,0.01233317993557294,0.016866083755177175,0.02611596870685688,0.024263690750115047,0.01403589507593189,0.03938104003681546,0.02630004601932812,0.03569949378739071,0.024206166589967788,0.006373676944316613,0.01626783248964565,0.001829268292682927,0.006120570639668661,0.009054302807179015,0.006902899217671422,0.018442245743212148,0.0038080994017487347,0.012367694431661297,0.002738150023009664,0.009664058904739991,0.017510354348826508,0.0011159687068568798,0.013805798435342844,0.001806258628624022,0.0011849976990335942,0.009549010584445468,0.0011619880349746895,0.0005752416014726184,2.300966405890474e-05,4.601932811780948e-05,0.0,0.0,0.0,0.0,0.0,0.0,0.0,0.0,0.0,0.0,0.0,0.0,0.0,0.0,0.0,0.0,0.0,0.0,0.0,0.0,0.0,0.0,0.0,0.0,0.0,0.0,0.0,0.0,0.0,0.0,0.0,nan,nan,4.25390625,2.9204325882606113,nan,0.9233725038340508,0.023189947656243184,0.0,0.0,0.0,0.0,0.0,0.0,0.0,0.0,0.0,0.0,0.0,0.0,0.0,0.0,0.0,0.0,0.0,0.0,0.0,0.0,0.0,0.0,0.0,0.0,0.0,0.25355871886121,4.443950177935944,15.06672597864769,9.43505338078292,0.8007117437722422,0.9244392702304487,0.023089017165651003,0.0,0.0,0.0,0.0,0.0,0.0,0.0,0.0,0.0,0.0,0.0,0.0,0.0,0.0,0.0,0.0,0.0,0.0,0.0,0.0,0.0,0.0,0.0,0.0,0.0,0.24308865586272646,4.2326024785510015,15.142993326978077,9.423260247855103,0.9580552907530984,0.3625,0.02084,0.0,0.0,0.0,0.0,0.0,0.0,0.0,0.0,0.0400355871886121,2.2953736654804273,15.093416370106764,11.450177935943044,1.1076512455516017,0.01334519572953737,0.0,0.0,0.0,0.0,0.0,0.0,0.0,0.0,0.0,0.0,0.0,0.0,0.0,0.0,0.0,0.0,0.3623,0.02124,0.0,0.0,0.0,0.0,0.0,0.0,0.0,0.0,0.014299332697807438,2.4308865586272645,15.257387988560538,11.06768350810294,1.1868446139180173,0.04289799809342231,0.0,0.0,0.0,0.0,0.0,0.0,0.0,0.0,0.0,0.0,0.0,0.0,0.0,0.0,0.0,0.0
75600,4314,2175,0.5041724617524339,1028,939,0.4559573481687529,1249,0.579044969865554,0.40199999999999997,2.8934081346423564,3.0315234124809316,6.5366269165247015,2.107810785019009,9282.204287255672,1417.3825019125406,7853.0,10743.272863984108,10687.752779411941,17.659253290970916,7853.0,0.0,27.663885025498377,20.80700682420728,32.51019283746557,19.12603639039963,0.14070468242929995,0.09735744089012517,0.09550301344459898,0.08530366249420492,0.08576726935558646,0.08136300417246176,0.0746407046824293,0.0593416782568382,0.05702364394993046,0.044738062123319426,0.04334724153917478,0.03732035234121465,0.033843300880853036,0.029439035697728325,0.017153453871117292,0.00880853036624942,0.008344923504867872,0.9241100700160226,0.023443632737355186,0.0,0.0,0.0,0.0,0.0,0.0,0.0,0.0,0.0,0.0,0.0,0.0,0.0,0.0,0.0,0.0,0.0,0.0,0.0,0.0,0.0,0.0,0.0,0.0,0.0,0.18776077885952716,4.2906815020862314,15.180806675938808,9.30458970792768,1.036161335187761,4.220825852782765,2.8143765377829593,nan,nan,nan,4.214542836573074,2.8304711204398094,4.227077363896848,2.7982567838564747,1.0029741131624057,0.3628,0.02133,0.0,0.0,0.0,0.0,0.0,0.0,0.0,0.0,0.027816411682892915,2.3087621696801115,15.132127955493745,11.2030598052851,1.3212795549374132,0.006954102920723229,0.0,0.0,0.0,0.0,0.0,0.0,0.0,0.0,0.0,0.0,0.0,0.0,0.0,0.0,0.0,0.0,nan,nan,4.220825852782765,2.8143765377829593,nan,0.3628,0.1193,0.0,0.0,0.0,0.0,0.0,0.0,0.0,0.0,0.0,0.0003477051460361613,1.1590171534538712e-05,4.636068613815485e-05,0.003500231803430691,0.00961984237366713,0.003048215113583681,0.023701900788131666,0.0007185906351414,0.00891284191006027,0.004694019471488178,0.020132127955493743,0.006699119146963375,0.034051923968474736,0.007406119610570237,0.01339823829392675,0.025533147890588782,0.04515530829856282,0.026692165044042652,0.04019471488178025,0.022774687065368567,0.030795085767269356,0.006513676402410755,0.0477862772369031,0.02293694946685211,0.02933472415391748,0.038073713490959664,0.03769123783031989,0.048620769587389895,0.03665971256374594,0.030795085767269356,0.014151599443671767,0.01150904033379694,0.017860454334724152,0.027828001854427447,0.021453407510431153,0.01403569772832638,0.0373667130273528,0.0271557719054242,0.03497913769123783,0.025556328233657857,0.006930922577654149,0.015855354659248956,0.0021905424200278165,0.006235512285581827,0.00891284191006027,0.006548446917014372,0.019471488178025034,0.0044390356977283265,0.012888270746407048,0.0033495595734816877,0.009666203059805286,0.016318961520630504,0.0007070004636068614,0.01383866481223922,0.0018080667593880389,0.0009503940658321744,0.009747334260547056,0.0015067222994900324,0.0008344923504867872,0.0,5.795085767269355e-05,0.0,0.0,0.0,0.0,0.0,0.0,0.0,0.0,0.0,0.0,0.0,0.0,0.0,0.0,0.0,0.0,0.0,0.0,0.0,0.0,0.0,0.0,0.0,0.0,0.0,0.0,0.0,0.0,0.0,0.0,0.0,nan,nan,4.220825852782765,2.8143765377829593,nan,0.9233159852027893,0.023358709166247372,0.0,0.0,0.0,0.0,0.0,0.0,0.0,0.0,0.0,0.0,0.0,0.0,0.0,0.0,0.0,0.0,0.0,0.0,0.0,0.0,0.0,0.0,0.0,0.0,0.0,0.20689655172413798,4.482758620689656,15.406896551724142,8.93793103448276,0.9655172413793106,0.9249175195105447,0.023502175940250367,0.0,0.0,0.0,0.0,0.0,0.0,0.0,0.0,0.0,0.0,0.0,0.0,0.0,0.0,0.0,0.0,0.0,0.0,0.0,0.0,0.0,0.0,0.0,0.0,0.0,0.1683029453015428,4.095371669004209,14.95091164095372,9.677419354838712,1.1079943899018234,0.3633,0.02122,0.0,0.0,0.0,0.0,0.0,0.0,0.0,0.0,0.0,2.275862068965518,14.993103448275866,11.393103448275845,1.3379310344827589,0.0,0.0,0.0,0.0,0.0,0.0,0.0,0.0,0.0,0.0,0.0,0.0,0.0,0.0,0.0,0.0,0.0,0.3625,0.02142,0.0,0.0,0.0,0.0,0.0,0.0,0.0,0.0,0.05610098176718094,2.342215988779804,15.27349228611501,11.009817671809241,1.3043478260869568,0.014025245441795234,0.0,0.0,0.0,0.0,0.0,0.0,0.0,0.0,0.0,0.0,0.0,0.0,0.0,0.0,0.0,0.0
75700,4262,2233,0.5239324260910371,1072,862,0.45377756921633033,1180,0.5537306428906617,0.40599999999999997,2.9822572695909315,3.1013249574532913,6.5646258503401365,2.109479825009207,9338.173182087598,1415.7636729867086,7853.0,10753.000017166138,10687.665518162712,17.307888813528756,7853.0,0.0,28.611684655091505,20.905579435871868,33.359889349930846,19.135512841746987,0.1311590802440169,0.09643359924917878,0.09221022993899577,0.08798686062881277,0.07555138432660723,0.07531675269826373,0.07250117315814172,0.0689816987329892,0.058423275457531676,0.053730642890661665,0.04528390427029563,0.042702956358517126,0.035194744251525106,0.029094321914594087,0.01712810886907555,0.011731581417175035,0.00656968559361802,0.924376509031294,0.022798946075755697,0.0,0.0,0.0,0.0,0.0,0.0,0.0,0.0,0.0,0.0,0.0,0.0,0.0,0.0,0.0,0.0,0.0,0.0,0.0,0.0,0.0,0.0,0.0,0.0,0.0,0.1830126701079306,4.082590333176913,15.26044110746129,9.572970436414831,0.900985452839043,4.136054421768708,2.916568674312809,nan,nan,nan,4.078515346181299,2.9008555817716166,4.193965517241379,2.9311580856291037,1.0283069110352068,0.3623,0.021,0.0,0.0,0.0,0.0,0.0,0.0,0.0,0.0,0.021116846550915065,2.6748005631159084,14.711403097137497,11.410136086344423,1.1684655091506337,0.014077897700610046,0.0,0.0,0.0,0.0,0.0,0.0,0.0,0.0,0.0,0.0,0.0,0.0,0.0,0.0,0.0,0.0,nan,nan,4.136054421768708,2.916568674312809,nan,0.3623,0.1187,0.0,0.0,0.0,0.0,0.0,0.0,0.0,0.0,0.0,0.0001642421398404505,4.692632566870014e-05,0.0,0.0030267480056311593,0.009009854528390426,0.0032261848897231346,0.024589394650398874,0.0008564054434537776,0.009244486156733928,0.004094321914594088,0.020964335992491787,0.00656968559361802,0.03497184420459878,0.008118254340685124,0.013714218676677617,0.023076020647583295,0.04829892069450962,0.027616142656030032,0.03826841858282497,0.021281088690755515,0.030560769591740967,0.007531675269826373,0.046093383388080715,0.021726888784608166,0.030771938057250117,0.03589863913655561,0.03781088690755514,0.05408259033317691,0.03485452839042703,0.03103003284842797,0.01516893477240732,0.011027686532144533,0.018137024870952603,0.029856874706710463,0.02065931487564524,0.014922571562646645,0.035394181135617084,0.02870717972782731,0.0340215861098076,0.024671515720319098,0.007167996245893946,0.016213045518535897,0.002311121539183482,0.005584232754575317,0.00829422806194275,0.005361332707648991,0.020893946503988736,0.0042937587986860625,0.012634913186297513,0.003589863913655561,0.01008916001877053,0.015473955889253871,0.0009854528390427029,0.012095260441107461,0.0015837634913186298,0.0009385265133740028,0.010077428437353356,0.001313937118723604,0.0008212106992022525,0.0,0.00021116846550915064,0.0,0.0,0.0,0.0,0.0,0.0,0.0,0.0,0.0,0.0,0.0,0.0,0.0,0.0,0.0,0.0,0.0,0.0,0.0,0.0,0.0,0.0,0.0,0.0,0.0,0.0,0.0,0.0,0.0,0.0,0.0,nan,nan,4.136054421768708,2.916568674312809,nan,0.9243575640179574,0.022826959574627725,0.0,0.0,0.0,0.0,0.0,0.0,0.0,0.0,0.0,0.0,0.0,0.0,0.0,0.0,0.0,0.0,0.0,0.0,0.0,0.0,0.0,0.0,0.0,0.0,0.0,0.20152261531571883,4.13793103448276,15.261979399910437,9.498432601880879,0.9001343484102107,0.9243973588167945,0.022768057979104712,0.0,0.0,0.0,0.0,0.0,0.0,0.0,0.0,0.0,0.0,0.0,0.0,0.0,0.0,0.0,0.0,0.0,0.0,0.0,0.0,0.0,0.0,0.0,0.0,0.0,0.16264169541646134,4.021685559388862,15.258748151798919,9.655002464268113,0.9019221291276494,0.362,0.02109,0.0,0.0,0.0,0.0,0.0,0.0,0.0,0.0,0.0,2.915360501567399,14.442454097626515,11.580832960143288,1.03448275862069,0.026869682042095843,0.0,0.0,0.0,0.0,0.0,0.0,0.0,0.0,0.0,0.0,0.0,0.0,0.0,0.0,0.0,0.0,0.3623,0.0209,0.0,0.0,0.0,0.0,0.0,0.0,0.0,0.0,0.04435682602267128,2.4100542138984724,15.007392804337115,11.222276983735814,1.3159191720059145,0.0,0.0,0.0,0.0,0.0,0.0,0.0,0.0,0.0,0.0,0.0,0.0,0.0,0.0,0.0,0.0,0.0
75800,4166,2133,0.5120019203072491,977,871,0.44359097455592894,1189,0.57081132981277,0.426,2.97196261682243,3.1035103705874367,6.552816901408451,2.105666187512985,9304.232363597195,1416.8587971087509,7853.0,10746.280744433403,10687.42757934642,17.18398312479475,7853.0,0.0,28.124579932789246,21.07300675702869,32.92355782892867,19.412165741098285,0.13466154584733558,0.10585693710993758,0.09697551608257321,0.0842534805568891,0.07921267402784446,0.07633221315410466,0.06168987037926068,0.06361017762842054,0.055928948631781085,0.05496879500720115,0.04704752760441671,0.03960633701392223,0.03528564570331253,0.027364378300528083,0.01944311089774364,0.009601536245799328,0.00816130580892943,0.9233578369557943,0.022880434581024935,0.0,0.0,0.0,0.0,0.0,0.0,0.0,0.0,0.0,0.0,0.0,0.0,0.0,0.0,0.0,0.0,0.0,0.0,0.0,0.0,0.0,0.0,0.0,0.0,0.0,0.21603456553048495,4.263082093134902,15.525684109457517,9.095055208833415,0.9001440230436872,4.373692077727952,2.9102357838738646,nan,nan,nan,4.407046476761619,2.9822028025540197,4.3405365126676605,2.8365002803315695,0.9849082680555638,0.362,0.02086,0.0,0.0,0.0,0.0,0.0,0.0,0.0,0.0,0.02880460873739799,2.405184829572732,15.18002880460874,11.377820451272187,0.9865578492558812,0.021603456553048492,0.0,0.0,0.0,0.0,0.0,0.0,0.0,0.0,0.0,0.0,0.0,0.0,0.0,0.0,0.0,0.0,nan,nan,4.373692077727952,2.9102357838738646,nan,0.362,0.1188,0.0,0.0,0.0,0.0,0.0,0.0,0.0,0.0,0.0,0.00016802688430148823,2.400384061449832e-05,2.400384061449832e-05,0.002316370619299088,0.009889582333173308,0.003312530004800768,0.024423907825252042,0.001356216994719155,0.009505520883341334,0.003936629860777725,0.021651464234277485,0.007273163706192991,0.03367738838214114,0.008257321171387421,0.012109937590014403,0.02584013442150744,0.046207393182909264,0.02586413826212194,0.03778204512722035,0.02227556409025444,0.03350936149783965,0.008029284685549688,0.043891022563610174,0.02231156985117619,0.029968795007201152,0.03760201632261162,0.03433749399903985,0.056421027364378304,0.0328852616418627,0.03190110417666827,0.017066730676908306,0.010933749399903984,0.017918867018722997,0.030760921747479596,0.019779164666346615,0.015770523283725395,0.0349375900144023,0.030256841094575132,0.03301728276524244,0.025048007681228997,0.006937109937590015,0.01610657705232837,0.002484397503600576,0.005460873739798368,0.00742918867018723,0.005040806529044647,0.01944311089774364,0.005064810369659146,0.011077772443590974,0.0031084973595775322,0.01128180508881421,0.016082573211713875,0.0011161785885741718,0.01098175708113298,0.0017642822851656264,0.0011881901104176668,0.010201632261161785,0.0017042726836293807,0.0007561209793566971,0.0,0.00046807489198271725,0.0,0.0,6.0009601536245796e-05,0.0,0.0,0.0,0.0,0.0,0.0,0.0,0.0,0.0,0.0,0.0,0.0,0.0,0.0,0.0,0.0,0.0,0.0,0.0,0.0,0.0,0.0,0.0,0.0,0.0,0.0,0.0,0.0,nan,nan,4.373692077727952,2.9102357838738646,nan,0.9235563357279886,0.02300823143032022,0.0,0.0,0.0,0.0,0.0,0.0,0.0,0.0,0.0,0.0,0.0,0.0,0.0,0.0,0.0,0.0,0.0,0.0,0.0,0.0,0.0,0.0,0.0,0.0,0.0,0.21097046413502116,4.275668073136428,15.316455696202535,9.28270042194093,0.9142053445850916,0.9231495743482733,0.0227437174790788,0.0,0.0,0.0,0.0,0.0,0.0,0.0,0.0,0.0,0.0,0.0,0.0,0.0,0.0,0.0,0.0,0.0,0.0,0.0,0.0,0.0,0.0,0.0,0.0,0.0,0.221347761928185,4.249877029021152,15.745204131824893,8.898180029513037,0.88539104771274,0.3623,0.02066,0.0,0.0,0.0,0.0,0.0,0.0,0.0,0.0,0.01406469760900141,2.3347398030942337,15.06329113924051,11.518987341772135,1.0407876230661044,0.02812939521800282,0.0,0.0,0.0,0.0,0.0,0.0,0.0,0.0,0.0,0.0,0.0,0.0,0.0,0.0,0.0,0.0,0.3616,0.02106,0.0,0.0,0.0,0.0,0.0,0.0,0.0,0.0,0.044269552385637,2.479094933595672,15.302508607968523,11.2297097884899,0.929660600098377,0.014756517461879,0.0,0.0,0.0,0.0,0.0,0.0,0.0,0.0,0.0,0.0,0.0,0.0,0.0,0.0,0.0,0.0
75900,4432,2253,0.5083483754512635,1056,920,0.44584837545126355,1262,0.5694945848375451,0.38999999999999996,2.9366681964203765,3.104517146771235,6.53484602917342,2.2187870335203295,9293.678827243726,1416.8768231862605,7853.0,10746.604845285416,10687.038420925075,17.532850934199367,7853.0,0.0,27.695171480144403,20.69871100661139,32.70550161812298,18.91620088221576,0.14462996389891697,0.09521660649819494,0.09814981949458483,0.08416064981949459,0.08077617328519855,0.07084837545126353,0.07017148014440433,0.06633574007220217,0.06069494584837545,0.053700361010830325,0.04783393501805054,0.041064981949458484,0.03203971119133574,0.021886281588447652,0.014666064981949459,0.010379061371841155,0.0074458483754512635,0.9232662138579555,0.023326195459324794,0.0,0.0,0.0,0.0,0.0,0.0,0.0,0.0,0.0,0.0,0.0,0.0,0.0,0.0,0.0,0.0,0.0,0.0,0.0,0.0,0.0,0.0,0.0,0.0,0.0,0.2030685920577618,4.521660649819496,15.473826714801447,8.840252707581229,0.9611913357400724,4.343230823612584,2.8775973633331793,nan,nan,nan,4.308019872249822,2.8387363335146443,4.378169014084507,2.915225118676257,1.0162833839942456,0.3616,0.02087,0.0,0.0,0.0,0.0,0.0,0.0,0.0,0.0,0.013537906137184119,2.6128158844765346,15.365523465703975,10.952166064981933,1.0491877256317692,0.006768953068592059,0.0,0.0,0.0,0.0,0.0,0.0,0.0,0.0,0.0,0.0,0.0,0.0,0.0,0.0,0.0,0.0,nan,nan,4.343230823612584,2.8775973633331793,nan,0.3616,0.1187,0.0,0.0,0.0,0.0,0.0,0.0,0.0,0.0,0.0,0.00021435018050541517,2.2563176895306858e-05,0.0,0.0022111913357400724,0.008630415162454873,0.003023465703971119,0.02431182310469314,0.0013763537906137185,0.009555505415162455,0.004332129963898917,0.024029783393501807,0.00703971119133574,0.032987364620938625,0.008269404332129963,0.01217283393501805,0.026714801444043323,0.045904783393501805,0.026635830324909748,0.03813176895306859,0.024402075812274368,0.03125,0.007885830324909747,0.04472021660649819,0.021829873646209388,0.02944494584837545,0.03710514440433213,0.03393501805054152,0.058754512635379064,0.033574007220216605,0.03193817689530686,0.017125451263537907,0.011360559566787004,0.018840252707581228,0.028790613718411552,0.018761281588447653,0.013447653429602888,0.03562725631768953,0.02980595667870036,0.03319043321299639,0.02631994584837545,0.00799864620938628,0.015309115523465705,0.002154783393501805,0.0041403429602888085,0.0071525270758122745,0.005449007220216607,0.018761281588447653,0.006114620938628159,0.009510379061371841,0.0032152527075812276,0.011834386281588448,0.014981949458483754,0.0011055956678700362,0.011213898916967509,0.0015681407942238267,0.0013763537906137185,0.011304151624548736,0.0019065884476534296,0.0007107400722021661,0.0,0.0005189530685920578,0.0,0.0,0.0,0.0,0.0,0.0,0.0,0.0,0.0,0.0,0.0,0.0,0.0,0.0,0.0,0.0,0.0,0.0,0.0,0.0,0.0,0.0,0.0,0.0,0.0,0.0,0.0,0.0,0.0,0.0,0.0,nan,nan,4.343230823612584,2.8775973633331793,nan,0.9236449272802973,0.023445805854168875,0.0,0.0,0.0,0.0,0.0,0.0,0.0,0.0,0.0,0.0,0.0,0.0,0.0,0.0,0.0,0.0,0.0,0.0,0.0,0.0,0.0,0.0,0.0,0.0,0.0,0.14647137150466047,4.527296937416779,15.41944074567244,8.881491344873504,1.0252996005326234,0.9228746391261811,0.0231953737259502,0.0,0.0,0.0,0.0,0.0,0.0,0.0,0.0,0.0,0.0,0.0,0.0,0.0,0.0,0.0,0.0,0.0,0.0,0.0,0.0,0.0,0.0,0.0,0.0,0.0,0.2615878843506196,4.515832950894906,15.530059660394679,8.797613584212943,0.8949059201468565,0.3616,0.02092,0.0,0.0,0.0,0.0,0.0,0.0,0.0,0.0,0.026631158455392816,2.689747003994674,15.366178428761655,10.972037283621821,0.9320905459387485,0.013315579227696408,0.0,0.0,0.0,0.0,0.0,0.0,0.0,0.0,0.0,0.0,0.0,0.0,0.0,0.0,0.0,0.0,0.3616,0.02081,0.0,0.0,0.0,0.0,0.0,0.0,0.0,0.0,0.0,2.5332721431849476,15.364846259752182,10.931620009178507,1.1702615878843508,0.0,0.0,0.0,0.0,0.0,0.0,0.0,0.0,0.0,0.0,0.0,0.0,0.0,0.0,0.0,0.0,0.0
76000,4227,2202,0.5209368346344926,982,884,0.4414478353442158,1199,0.5673054175538207,0.418,2.997037037037037,3.1117445563242243,6.646853146853147,2.1108545379850443,9329.270531054137,1415.7521195992401,7853.0,10744.168392777443,10686.87626465297,17.56514260676076,7853.0,0.0,27.975632836527087,20.981513657252158,33.002259248799774,19.21433368642472,0.13981547196593327,0.10149041873669269,0.09415661225455406,0.08469363614856873,0.08090844570617459,0.07333806482138633,0.06363851431275136,0.0631653655074521,0.06245564229950319,0.05133664537497043,0.052046368582919326,0.040927371658386565,0.0319375443577005,0.023184291459664063,0.01726993139342323,0.011592145729832031,0.008043529690087533,0.9229978887866174,0.02311358223477234,0.0,0.0,0.0,0.0,0.0,0.0,0.0,0.0,0.0,0.0,0.0,0.0,0.0,0.0,0.0,0.0,0.0,0.0,0.0,0.0,0.0,0.0,0.0,0.0,0.0,0.177430801987225,4.599006387508872,15.26614620298084,9.134137686302344,0.8232789212207241,4.349241583425823,2.9217388449987123,nan,nan,nan,4.392330383480826,2.866406000529811,4.3058648849294725,2.9757724590173837,0.9803144365286038,0.362,0.0211,0.0,0.0,0.0,0.0,0.0,0.0,0.0,0.0,0.021291696238467002,2.4840312278211503,15.110007097232083,11.312987934705449,1.0361958836053942,0.035486160397445,0.0,0.0,0.0,0.0,0.0,0.0,0.0,0.0,0.0,0.0,0.0,0.0,0.0,0.0,0.0,0.0,nan,nan,4.349241583425823,2.9217388449987123,nan,0.362,0.11957,0.0,0.0,0.0,0.0,0.0,0.0,0.0,0.0,0.0,0.000248403122782115,1.1828720132481666e-05,4.731488052992666e-05,0.0023184291459664064,0.007937071208895197,0.0028862077123255263,0.025609179086822805,0.0012538443340430565,0.010361958836053939,0.004471256210078069,0.025242488762715874,0.0073456352022711145,0.03206766027915779,0.007109060799621481,0.012680387982020345,0.024804826117814052,0.044570617459190914,0.026176957653181926,0.037686302342086586,0.024319848592382304,0.03316773125147859,0.008516678495386799,0.04459427489945588,0.02274662881476224,0.030163236337828248,0.035781878400757035,0.03528507215519281,0.05809084457061746,0.03539153063638514,0.030991246747101964,0.01577951265673054,0.010456588597113792,0.0191625266146203,0.026863023420865863,0.017577478116867756,0.01307073574639224,0.03489472439082091,0.029358883368819495,0.033226874852141,0.026661935178613674,0.008741424177903951,0.01633546250295718,0.002022711142654365,0.004672344452330258,0.007203690560681334,0.005855216465578425,0.020641116631180505,0.005382067660279158,0.009474804826117815,0.0033002129169623848,0.01179323397208422,0.014643955524012302,0.0010054412112609416,0.011260941566122545,0.001454932576295245,0.0018452803406671398,0.011935178613674,0.0020108824225218832,0.0010882422521883133,0.0,0.0003785190442394133,0.0,2.365744026496333e-05,0.0,0.0,0.0,0.0,0.0,0.0,0.0,0.0,0.0,0.0,0.0,0.0,0.0,0.0,0.0,0.0,0.0,0.0,0.0,0.0,0.0,0.0,0.0,0.0,0.0,0.0,0.0,0.0,0.0,nan,nan,4.349241583425823,2.9217388449987123,nan,0.9227878222619263,0.023376350640728325,0.0,0.0,0.0,0.0,0.0,0.0,0.0,0.0,0.0,0.0,0.0,0.0,0.0,0.0,0.0,0.0,0.0,0.0,0.0,0.0,0.0,0.0,0.0,0.0,0.0,0.1362397820163488,4.836512261580382,15.095367847411447,9.087193460490465,0.8446866485013627,0.9232263166816146,0.022822218504006727,0.0,0.0,0.0,0.0,0.0,0.0,0.0,0.0,0.0,0.0,0.0,0.0,0.0,0.0,0.0,0.0,0.0,0.0,0.0,0.0,0.0,0.0,0.0,0.0,0.0,0.22222222222222227,4.340740740740742,15.451851851851856,9.185185185185187,0.8000000000000003,0.3623,0.02126,0.0,0.0,0.0,0.0,0.0,0.0,0.0,0.0,0.02724795640326976,2.520435967302453,15.000000000000004,11.3351498637602,1.0626702997275206,0.05449591280653952,0.0,0.0,0.0,0.0,0.0,0.0,0.0,0.0,0.0,0.0,0.0,0.0,0.0,0.0,0.0,0.0,0.362,0.02092,0.0,0.0,0.0,0.0,0.0,0.0,0.0,0.0,0.014814814814814819,2.444444444444445,15.229629629629633,11.288888888888872,1.0074074074074075,0.014814814814814819,0.0,0.0,0.0,0.0,0.0,0.0,0.0,0.0,0.0,0.0,0.0,0.0,0.0,0.0,0.0,0.0
76100,4456,2328,0.5224416517055656,1106,873,0.44412028725314184,1245,0.5587971274685817,0.38999999999999996,3.024436090225564,3.106711849623687,6.506329113924051,2.1895807223725026,9333.480512119067,1415.5144789057379,7853.0,10747.114887237549,10686.771976805225,17.478195932545393,7853.0,0.0,28.778276481149014,21.1116493042883,33.642705570291774,19.300923717282725,0.13532315978456014,0.09245960502692999,0.09201077199281867,0.08662477558348294,0.07540394973070018,0.07450628366247755,0.07360861759425494,0.06395870736086176,0.05767504488330341,0.05543087971274686,0.04578096947935368,0.04286355475763016,0.03972172351885099,0.02423698384201077,0.0190754039497307,0.015484739676840215,0.0058348294434470375,0.9218084972010695,0.023106075098899472,0.0,0.0,0.0,0.0,0.0,0.0,0.0,0.0,0.0,0.0,0.0,0.0,0.0,0.0,0.0,0.0,0.0,0.0,0.0,0.0,0.0,0.0,0.0,0.0,0.01346499102333932,0.2827648114901257,4.75314183123878,15.747307001795335,8.422351885098745,0.7809694793536807,4.206414193108154,2.8993181125861005,nan,nan,nan,4.1632928475033735,2.957011285546663,4.250517598343685,2.8384209725708742,1.020950904496814,0.3625,0.02065,0.0,0.0,0.0,0.0,0.0,0.0,0.0,0.0,0.02019748653500898,2.1745960502693,15.424147217235191,11.223070017953305,1.1512567324955119,0.00673249551166966,0.0,0.0,0.0,0.0,0.0,0.0,0.0,0.0,0.0,0.0,0.0,0.0,0.0,0.0,0.0,0.0,nan,nan,4.206414193108154,2.8993181125861005,nan,0.3625,0.1189,0.0,0.0,0.0,0.0,0.0,0.0,0.0,0.0,0.0,0.0003590664272890485,5.6104129263913826e-05,5.6104129263913826e-05,0.002244165170556553,0.00742818671454219,0.0029510771992818674,0.024629712746858167,0.0014250448833034112,0.00815754039497307,0.004622980251346499,0.026885098743267506,0.0077423698384201075,0.033314631956912026,0.008045332136445243,0.012814183123877918,0.02394524236983842,0.041943447037701975,0.023877917414721724,0.037971274685816875,0.024943895870736085,0.03441427289048474,0.008280969479353681,0.043559245960502695,0.022295780969479352,0.0295556552962298,0.03862208258527828,0.03733168761220826,0.05837073608617594,0.03140709156193896,0.03136220825852783,0.015271543985637343,0.009773339317773789,0.019064183123877917,0.030038150807899462,0.018312387791741474,0.013330341113105925,0.035255834829443444,0.029061938958707362,0.032203770197486534,0.025807899461400358,0.009638689407540394,0.017100538599640933,0.0016045780969479353,0.005318671454219031,0.007921903052064631,0.0071476660682226216,0.02162253141831239,0.00572262118491921,0.00840439856373429,0.00348967684021544,0.012511220825852782,0.014295332136445243,0.0012230700179533213,0.010727109515260323,0.001526032315978456,0.0018963195691202872,0.010300718132854578,0.0019412028725314184,0.0003141831238779174,0.0,0.0004824955116696589,1.1220825852782766e-05,6.732495511669658e-05,0.0,0.0,0.0,0.0,0.0,0.0,0.0,0.0,0.0,0.0,0.0,0.0,0.0,0.0,0.0,0.0,0.0,0.0,0.0,0.0,0.0,0.0,0.0,0.0,0.0,0.0,0.0,0.0,0.0,nan,nan,4.206414193108154,2.8993181125861005,nan,0.9216100587877621,0.02316952453613465,0.0,0.0,0.0,0.0,0.0,0.0,0.0,0.0,0.0,0.0,0.0,0.0,0.0,0.0,0.0,0.0,0.0,0.0,0.0,0.0,0.0,0.0,0.0,0.0,0.012886597938144333,0.24484536082474231,4.896907216494846,15.773195876288662,8.234536082474229,0.8376288659793817,0.9220255858411914,0.023034504217810295,0.0,0.0,0.0,0.0,0.0,0.0,0.0,0.0,0.0,0.0,0.0,0.0,0.0,0.0,0.0,0.0,0.0,0.0,0.0,0.0,0.0,0.0,0.0,0.0,0.014097744360902258,0.32424812030075195,4.5958646616541365,15.718984962406019,8.627819548872182,0.7189849624060152,0.3633,0.02055,0.0,0.0,0.0,0.0,0.0,0.0,0.0,0.0,0.012886597938144333,2.0360824742268044,15.180412371134024,11.481958762886581,1.288659793814433,0.0,0.0,0.0,0.0,0.0,0.0,0.0,0.0,0.0,0.0,0.0,0.0,0.0,0.0,0.0,0.0,0.0,0.3618,0.02072,0.0,0.0,0.0,0.0,0.0,0.0,0.0,0.0,0.028195488721804517,2.326127819548873,15.690789473684214,10.939849624060136,1.0009398496240605,0.014097744360902258,0.0,0.0,0.0,0.0,0.0,0.0,0.0,0.0,0.0,0.0,0.0,0.0,0.0,0.0,0.0,0.0
76200,4357,2201,0.5051641037411063,1017,923,0.44526050034427356,1242,0.5701170530181318,0.40199999999999997,2.972170686456401,3.1390421238167843,6.793515358361775,2.138552091579472,9284.620167900395,1416.9635592695597,7853.0,10746.476889014244,10686.970500473431,17.38669779230236,7853.0,0.0,27.09616708744549,20.605972035832483,31.946575342465753,19.006693717739022,0.14161120036722516,0.11361028230433785,0.09019967867798945,0.08721597429423915,0.0803305026394308,0.07987147119577691,0.07252696809731467,0.06242827633692908,0.05370667890750516,0.05141152168923571,0.03970621987606151,0.03787009410144595,0.03511590543952261,0.02272205646086757,0.014000459031443653,0.010328207482212531,0.007344503098462245,0.9219272190998639,0.02282069074638332,0.0,0.0,0.0,0.0,0.0,0.0,0.0,0.0,0.0,0.0,0.0,0.0,0.0,0.0,0.0,0.0,0.0,0.0,0.0,0.0,0.0,0.0,0.0,0.0,0.0,0.16525131971540052,4.985081478081249,15.4096855634611,8.71012164333257,0.7298599954096858,4.4389799635701275,2.901668959104815,nan,nan,nan,4.4655172413793105,2.903667027006665,4.41198224852071,2.9004088019828855,0.9880114687806995,0.3635,0.02095,0.0,0.0,0.0,0.0,0.0,0.0,0.0,0.0,0.03442735827404178,2.0862979114069318,14.755565756254306,11.822354831305928,1.2738122561395457,0.027541886619233423,0.0,0.0,0.0,0.0,0.0,0.0,0.0,0.0,0.0,0.0,0.0,0.0,0.0,0.0,0.0,0.0,nan,nan,4.4389799635701275,2.901668959104815,nan,0.3635,0.11926,0.0,0.0,0.0,0.0,0.0,0.0,0.0,0.0,0.0,0.00018361257746155613,0.0,8.03305026394308e-05,0.001778746844158825,0.006598577002524673,0.0025820518705531328,0.026072985999540967,0.0012623364700481983,0.00778058296993344,0.004291943998163874,0.026681202662382372,0.008056001836125775,0.03338306173972917,0.008916685792976818,0.013288960293780124,0.022618774386045443,0.03980950195088363,0.02276795960523296,0.04033738811108561,0.02585494606380537,0.03315354601790223,0.008182235483130594,0.04299977048427817,0.021769566215285748,0.029733761762680742,0.038524213908652745,0.03982097773697498,0.05890521000688547,0.029309157677300895,0.031684645398209775,0.015710351159054396,0.009547854028000917,0.019198990130823962,0.02863208629791141,0.01992196465457884,0.014333256828092724,0.035781501032820746,0.028689465228368145,0.03147808124856553,0.025545099839338996,0.009134725728712417,0.016812026623823733,0.001113151250860684,0.005428046821207253,0.008331420702318109,0.006690383291255451,0.021241680055083773,0.006747762221712188,0.008721597429423916,0.004280468212072527,0.011177415652972228,0.014241450539361947,0.0014459490475097544,0.009938030755106724,0.0022148267156300206,0.0010442965343126004,0.012703695203121413,0.001916456277254992,0.0005737893045673629,0.0,0.0008262565985770026,0.0,0.00014918521918751433,0.0,0.0,0.0,0.0,0.0,0.0,0.0,0.0,0.0,0.0,0.0,0.0,0.0,0.0,0.0,0.0,0.0,0.0,0.0,0.0,0.0,0.0,0.0,0.0,0.0,0.0,0.0,0.0,0.0,nan,nan,4.4389799635701275,2.901668959104815,nan,0.9217428584252635,0.02282774150634484,0.0,0.0,0.0,0.0,0.0,0.0,0.0,0.0,0.0,0.0,0.0,0.0,0.0,0.0,0.0,0.0,0.0,0.0,0.0,0.0,0.0,0.0,0.0,0.0,0.0,0.16356201726487962,5.138573375738302,15.415720127214906,8.54611540208996,0.7360290776919584,0.9221154277477283,0.02281195369666243,0.0,0.0,0.0,0.0,0.0,0.0,0.0,0.0,0.0,0.0,0.0,0.0,0.0,0.0,0.0,0.0,0.0,0.0,0.0,0.0,0.0,0.0,0.0,0.0,0.0,0.16697588126159557,4.828385899814472,15.403525046382192,8.877551020408164,0.7235621521335809,0.3633,0.02097,0.0,0.0,0.0,0.0,0.0,0.0,0.0,0.0,0.013630168105406636,2.099045888232622,14.938664243525674,11.708314402544282,1.199454793275784,0.040890504316219906,0.0,0.0,0.0,0.0,0.0,0.0,0.0,0.0,0.0,0.0,0.0,0.0,0.0,0.0,0.0,0.0,0.3638,0.02094,0.0,0.0,0.0,0.0,0.0,0.0,0.0,0.0,0.05565862708719853,2.073283858998145,14.568645640074214,11.938775510204065,1.3497217068645642,0.013914656771799632,0.0,0.0,0.0,0.0,0.0,0.0,0.0,0.0,0.0,0.0,0.0,0.0,0.0,0.0,0.0,0.0
76300,4335,2244,0.5176470588235295,1083,901,0.4576701268742791,1245,0.5743944636678201,0.38999999999999996,2.9010043041606886,2.9911800757090226,6.375652173913044,2.1527976259155084,9320.191626460248,1416.3460348941685,7853.0,10742.906826496124,10687.347460207295,17.387582913577248,7853.0,0.0,28.26251441753172,20.726044431676236,32.977965179542984,18.96660497395826,0.13264129181084197,0.1033448673587082,0.0908881199538639,0.08027681660899653,0.07912341407151095,0.07958477508650519,0.06735870818915801,0.0685121107266436,0.06205305651672434,0.0530565167243368,0.047520184544406,0.0433679354094579,0.03275663206459054,0.02698961937716263,0.014763552479815456,0.012226066897347175,0.005536332179930796,0.9208583189266913,0.023079402220448398,0.0,0.0,0.0,0.0,0.0,0.0,0.0,0.0,0.0,0.0,0.0,0.0,0.0,0.0,0.0,0.0,0.0,0.0,0.0,0.0,0.0,0.0,0.0,0.0,0.0,0.3529411764705883,5.038062283737025,15.87543252595156,8.027681660899656,0.7058823529411766,4.192266761262859,2.7881184725591788,nan,nan,nan,4.199022346368715,2.779398300013002,4.1854256854256855,2.7980803560335397,0.9967619460385134,0.365,0.02155,0.0,0.0,0.0,0.0,0.0,0.0,0.0,0.0,0.04844290657439448,2.0968858131487895,13.730103806228376,12.643598615916936,1.4463667820069208,0.034602076124567484,0.0,0.0,0.0,0.0,0.0,0.0,0.0,0.0,0.0,0.0,0.0,0.0,0.0,0.0,0.0,0.0,nan,nan,4.192266761262859,2.7881184725591788,nan,0.365,0.1188,0.0,0.0,0.0,0.0,0.0,0.0,0.0,0.0,0.0,1.1534025374855825e-05,0.0,9.22722029988466e-05,0.002087658592848904,0.006747404844290658,0.0027450980392156863,0.022664359861591696,0.0014186851211072664,0.007289504036908881,0.004163783160322953,0.025017301038062285,0.008339100346020761,0.033910034602076124,0.007520184544405998,0.012306805074971165,0.021372549019607844,0.03974625144175317,0.021833910034602076,0.0455363321799308,0.027301038062283737,0.03200692041522491,0.007450980392156863,0.045420991926182236,0.02204152249134948,0.03145328719723183,0.03881199538638985,0.038154555940023066,0.0564244521337947,0.02768166089965398,0.031014994232987314,0.016724336793540944,0.009965397923875432,0.01988465974625144,0.029826989619377162,0.01806228373702422,0.015144175317185697,0.038835063437139564,0.02867358708189158,0.03175317185697808,0.02362168396770473,0.01096885813148789,0.016170703575547868,0.0018339100346020762,0.005190311418685121,0.009319492502883506,0.006747404844290658,0.020542099192618225,0.007381776239907728,0.008339100346020761,0.0036678200692041524,0.01152249134948097,0.013471741637831602,0.0013494809688581314,0.00994232987312572,0.0016147635524798155,0.001257208765859285,0.013610149942329872,0.0017531718569780853,0.0009919261822376008,1.1534025374855825e-05,0.0008419838523644751,0.0,0.0004152249134948097,0.0,0.0,0.0,0.0,0.0,0.0,0.0,0.0,0.0,0.0,0.0,0.0,0.0,0.0,0.0,0.0,0.0,0.0,0.0,0.0,0.0,0.0,0.0,0.0,0.0,0.0,0.0,0.0,0.0,nan,nan,4.192266761262859,2.7881184725591788,nan,0.9213894785991115,0.0226735147869033,0.0,0.0,0.0,0.0,0.0,0.0,0.0,0.0,0.0,0.0,0.0,0.0,0.0,0.0,0.0,0.0,0.0,0.0,0.0,0.0,0.0,0.0,0.0,0.0,0.0,0.21390374331550807,4.852941176470589,15.989304812834227,8.195187165775403,0.7486631016042783,0.9202882939123868,0.023493838717059717,0.0,0.0,0.0,0.0,0.0,0.0,0.0,0.0,0.0,0.0,0.0,0.0,0.0,0.0,0.0,0.0,0.0,0.0,0.0,0.0,0.0,0.0,0.0,0.0,0.0,0.502152080344333,5.236728837876615,15.753228120516503,7.847919655667146,0.659971305595409,0.3645,0.02156,0.0,0.0,0.0,0.0,0.0,0.0,0.0,0.0,0.04010695187165776,2.205882352941177,14.050802139037437,12.272727272727256,1.403743315508022,0.02673796791443851,0.0,0.0,0.0,0.0,0.0,0.0,0.0,0.0,0.0,0.0,0.0,0.0,0.0,0.0,0.0,0.0,0.3655,0.02153,0.0,0.0,0.0,0.0,0.0,0.0,0.0,0.0,0.05738880918220948,1.9799139167862272,13.385939741750363,13.041606886657084,1.4921090387374467,0.04304160688665711,0.0,0.0,0.0,0.0,0.0,0.0,0.0,0.0,0.0,0.0,0.0,0.0,0.0,0.0,0.0,0.0
76400,4132,2166,0.5242013552758954,1080,842,0.46515004840271057,1171,0.5667957405614714,0.40199999999999997,3.0030518819938963,3.0928314129426884,6.4573378839590445,2.176289169977979,9338.920649960248,1415.7124562859533,7853.0,10750.984813213348,10687.637177117149,17.252077421424126,7853.0,0.0,28.464424007744434,20.964958146153677,33.31595531366371,19.181149599009103,0.1350435624394966,0.10188770571151985,0.0803484995159729,0.08591481122942884,0.08494675701839303,0.07792836398838335,0.07260406582768635,0.061955469506292354,0.06122942884801549,0.05179090029041626,0.04912875121006777,0.04090029041626331,0.032429816069699906,0.02637947725072604,0.01669893514036786,0.012100677637947725,0.008712487899322363,0.9212897989145207,0.023048539407614577,0.0,0.0,0.0,0.0,0.0,0.0,0.0,0.0,0.0,0.0,0.0,0.0,0.0,0.0,0.0,0.0,0.0,0.0,0.0,0.0,0.0,0.0,0.0,0.0,0.014520813165537274,0.24685382381413365,5.016940948693128,15.784123910939016,8.20425943852856,0.7333010648596322,4.132798248814301,2.940964894726635,nan,nan,nan,4.206474820143885,2.9298441688394488,4.05699481865285,2.950443316746171,0.9644643061274946,0.3647,0.02104,0.0,0.0,0.0,0.0,0.0,0.0,0.0,0.0,0.021781219748305908,1.938528557599226,14.208615682478221,12.473378509196497,1.3504356243949662,0.007260406582768637,0.0,0.0,0.0,0.0,0.0,0.0,0.0,0.0,0.0,0.0,0.0,0.0,0.0,0.0,0.0,0.0,nan,nan,4.132798248814301,2.940964894726635,nan,0.3647,0.1176,0.0,0.0,0.0,0.0,0.0,0.0,0.0,0.0,0.0,0.0,0.0,0.0002783155856727977,0.0014036786060019361,0.007272507260406583,0.002371732817037754,0.021030977734753147,0.0014278799612778316,0.007732333010648597,0.004465150048402711,0.025544530493707647,0.007804937076476282,0.03175217812197483,0.007599225556631171,0.012221684414327203,0.0210188770571152,0.03982333010648596,0.02398354307841239,0.04503872216844143,0.027843659244917714,0.03152226524685382,0.007562923523717328,0.04656340755082285,0.021176185866408518,0.03373668925459826,0.03950871248789932,0.03776621490803485,0.056292352371732815,0.02802516940948693,0.032042594385285575,0.015767182962245885,0.010757502420135527,0.01931268151016457,0.029065827686350437,0.01840513068731849,0.014290900290416263,0.0382865440464666,0.029549854791868346,0.032175701839303,0.022991287512100677,0.011519845111326234,0.01749757986447241,0.0018514036786060018,0.005191190706679574,0.009874152952565343,0.007575024201355276,0.02122458857696031,0.0071878025169409485,0.008143756050338818,0.0035333978702807357,0.00994675701839303,0.012729912875121006,0.0010285575992255566,0.01052758954501452,0.0015609874152952565,0.0016819941916747338,0.012270087124878993,0.0016093901258470474,0.0005203291384317522,4.84027105517909e-05,0.000750242013552759,0.0,0.00031461761858664084,0.0,0.0,0.0,0.0,0.0,0.0,0.0,0.0,0.0,0.0,0.0,0.0,0.0,0.0,0.0,0.0,0.0,0.0,0.0,0.0,0.0,0.0,0.0,0.0,0.0,0.0,0.0,0.0,0.0,nan,nan,4.132798248814301,2.940964894726635,nan,0.9217914685483124,0.023400004681134314,0.0,0.0,0.0,0.0,0.0,0.0,0.0,0.0,0.0,0.0,0.0,0.0,0.0,0.0,0.0,0.0,0.0,0.0,0.0,0.0,0.0,0.0,0.0,0.0,0.013850415512465377,0.2354570637119114,4.944598337950139,15.678670360110807,8.310249307479227,0.8171745152354573,0.9207370947299872,0.022642142658907197,0.0,0.0,0.0,0.0,0.0,0.0,0.0,0.0,0.0,0.0,0.0,0.0,0.0,0.0,0.0,0.0,0.0,0.0,0.0,0.0,0.0,0.0,0.0,0.0,0.015259409969481184,0.2594099694811801,5.096642929806715,15.900305188199393,8.087487283825027,0.6408952187182096,0.3645,0.0212,0.0,0.0,0.0,0.0,0.0,0.0,0.0,0.0,0.027700831024930754,1.9806094182825489,14.196675900277011,12.437673130193888,1.3573407202216068,0.0,0.0,0.0,0.0,0.0,0.0,0.0,0.0,0.0,0.0,0.0,0.0,0.0,0.0,0.0,0.0,0.0,0.3647,0.02086,0.0,0.0,0.0,0.0,0.0,0.0,0.0,0.0,0.015259409969481184,1.8921668362156667,14.221770091556463,12.51271617497455,1.3428280773143442,0.015259409969481184,0.0,0.0,0.0,0.0,0.0,0.0,0.0,0.0,0.0,0.0,0.0,0.0,0.0,0.0,0.0,0.0
76500,3931,2003,0.5095395573645383,915,831,0.4441617908929026,1127,0.5733909946578479,0.422,2.962136929460581,3.146511932640043,6.775431861804223,2.174148200769223,9297.382883303646,1417.1362794718732,7853.0,10744.704653382301,10687.682533333316,17.17003618002822,7853.0,0.0,27.632663444416178,20.98466185274283,32.957270212111894,19.159747651857042,0.14881709488679726,0.10379038412617654,0.0862375985754261,0.08878148053930297,0.08522004578987535,0.07351818875604171,0.06334266090053421,0.05723734418722971,0.05520223861612821,0.05443907402696515,0.045281098957008395,0.044009157975069955,0.034596794708725516,0.025947596031544135,0.019587891121851945,0.00966675146273213,0.0043245993385906895,0.9210209075472368,0.022745048930466086,0.0,0.0,0.0,0.0,0.0,0.0,0.0,0.0,0.0,0.0,0.0,0.0,0.0,0.0,0.0,0.0,0.0,0.0,0.0,0.0,0.0,0.0,0.0,0.0,0.0,0.206054439074027,5.151360976850675,15.690663953192576,8.310862375985757,0.6410582548969729,4.343016315161162,2.9316609401529936,nan,nan,nan,4.294258373205742,2.8845984161677483,4.394276629570747,2.9766498266619643,1.0232911594209315,0.365,0.02147,0.0,0.0,0.0,0.0,0.0,0.0,0.0,0.0,0.01526329178326126,2.037649453065378,13.866700585092856,12.447214449249536,1.6026456372424325,0.03052658356652252,0.0,0.0,0.0,0.0,0.0,0.0,0.0,0.0,0.0,0.0,0.0,0.0,0.0,0.0,0.0,0.0,nan,nan,4.343016315161162,2.9316609401529936,nan,0.365,0.117,0.0,0.0,0.0,0.0,0.0,0.0,0.0,0.0,0.0,0.0,3.8158229458153144e-05,0.00015263291783261258,0.0019333502925464258,0.0071610277283134065,0.0023022131773085728,0.020745357415415926,0.0015644874077842788,0.008776392775375223,0.004248282879674383,0.023937929280081403,0.006804884253370644,0.031022640549478505,0.007224624777410328,0.012693970999745612,0.02052912744848639,0.039735436275756805,0.02453574154159247,0.04461968964640041,0.02868226914271178,0.03001780717374714,0.006652251335538031,0.04717629102009667,0.020490969219028238,0.03452047824980921,0.03703892139404732,0.039239379292800816,0.05792419231747647,0.029725260747901296,0.032129229203764945,0.013393538539811753,0.012083439328415161,0.020694479776138388,0.028389722716865937,0.016713304502671077,0.014500127194098194,0.04090562197914017,0.030412108878148054,0.03446960061053167,0.021991859577715593,0.011727295853472399,0.016802340371406765,0.0025311625540574917,0.005456626812515899,0.010735181887560417,0.0074790129737980155,0.019320783515644875,0.006766726023912491,0.008585601628084458,0.0030526583566522513,0.011332994149071483,0.01187992877130501,0.000801322818621216,0.010735181887560417,0.0013864156703128974,0.0014627321292292037,0.012045281098957009,0.0015136097685067413,0.00036886288476214703,0.0,0.000534215212414144,0.0,0.00030526583566522515,0.0,0.0,0.0,0.0,0.0,0.0,0.0,0.0,0.0,0.0,0.0,0.0,0.0,0.0,0.0,0.0,0.0,0.0,0.0,0.0,0.0,0.0,0.0,0.0,0.0,0.0,0.0,0.0,0.0,nan,nan,4.343016315161162,2.9316609401529936,nan,0.9214738502659562,0.022598289360244352,0.0,0.0,0.0,0.0,0.0,0.0,0.0,0.0,0.0,0.0,0.0,0.0,0.0,0.0,0.0,0.0,0.0,0.0,0.0,0.0,0.0,0.0,0.0,0.0,0.0,0.23964053919121323,4.807788317523715,15.95107338991513,8.31253120319521,0.688966550174738,0.9205503451688161,0.02288702948010887,0.0,0.0,0.0,0.0,0.0,0.0,0.0,0.0,0.0,0.0,0.0,0.0,0.0,0.0,0.0,0.0,0.0,0.0,0.0,0.0,0.0,0.0,0.0,0.0,0.0,0.1711618257261411,5.508298755186723,15.420124481327804,8.309128630705397,0.591286307053942,0.365,0.02165,0.0,0.0,0.0,0.0,0.0,0.0,0.0,0.0,0.014977533699450827,2.186719920119821,13.614578132800803,12.670993509735379,1.4977533699450827,0.014977533699450827,0.0,0.0,0.0,0.0,0.0,0.0,0.0,0.0,0.0,0.0,0.0,0.0,0.0,0.0,0.0,0.0,0.3652,0.02129,0.0,0.0,0.0,0.0,0.0,0.0,0.0,0.0,0.015560165975103738,1.8827800829875523,14.128630705394194,12.214730290456414,1.7116182572614114,0.04668049792531121,0.0,0.0,0.0,0.0,0.0,0.0,0.0,0.0,0.0,0.0,0.0,0.0,0.0,0.0,0.0,0.0
76600,4101,2105,0.5132894415996099,1021,815,0.4476956839795172,1133,0.5525481589856133,0.41,2.909819639278557,3.045230800578612,6.32590051457976,2.186846261924474,9307.891902193911,1416.7755022897559,7853.0,10740.182431101799,10687.44735909607,17.024070125969054,7853.0,0.0,28.432089734211168,21.121635038822998,33.48620389195469,19.276818433648877,0.14142891977566446,0.10070714459887832,0.08534503779565959,0.08266276517922458,0.08022433552792002,0.07510363326018045,0.06486222872470129,0.06071689831748354,0.06169227017800537,0.05779078273591807,0.0509631797122653,0.04316020482809071,0.03218727139722019,0.02609119726895879,0.01755669348939283,0.011704462326261888,0.007802974884174592,0.9199539920348303,0.022752671227889452,0.0,0.0,0.0,0.0,0.0,0.0,0.0,0.0,0.0,0.0,0.0,0.0,0.0,0.0,0.0,0.0,0.0,0.0,0.0,0.0,0.0,0.0,0.0,0.0,0.0,0.22677395757132413,5.515727871250915,15.83760058522312,7.878566203365034,0.5413313825896124,4.241314904744117,2.9116046055366414,nan,nan,nan,4.2458893871449925,2.9363072290243575,4.2367438386855865,2.8867020447903977,0.9978460229116907,0.3655,0.02133,0.0,0.0,0.0,0.0,0.0,0.0,0.0,0.0,0.007315288953913681,1.8507681053401615,14.155084125822974,12.31894659839062,1.6532553035844921,0.014630577907827362,0.0,0.0,0.0,0.0,0.0,0.0,0.0,0.0,0.0,0.0,0.0,0.0,0.0,0.0,0.0,0.0,nan,nan,4.241314904744117,2.9116046055366414,nan,0.3655,0.11725,0.0,0.0,0.0,0.0,0.0,0.0,0.0,0.0,0.0,0.0,2.43842965130456e-05,0.0003535722994391612,0.00213362594489149,0.006656912948061448,0.0022067788344306265,0.02025115825408437,0.0009631797122653012,0.010046330163374787,0.0038283345525481588,0.02490855888807608,0.007168983174835406,0.031723969763472325,0.0073152889539136795,0.012533528407705437,0.020836381370397464,0.03667398195562058,0.02416483784442819,0.04194099000243843,0.031114362350646185,0.0321385028041941,0.006827603023652768,0.04782979761033894,0.022384784198975858,0.03374786637405511,0.03511338697878566,0.03994147768836869,0.05771762984637893,0.028541819068519873,0.031504511094854915,0.013557668861253354,0.011631309436722751,0.018532065349914657,0.02905388929529383,0.017702999268471104,0.016581321628871007,0.0401609363569861,0.02949280663252865,0.03252865154840283,0.021616678858814922,0.01210680321872714,0.017020238966105827,0.0028285783955132896,0.005474274567178737,0.010070714459887832,0.008729578151670324,0.02094611070470617,0.007034869544013655,0.009497683491831261,0.002792001950743721,0.012082418922214094,0.012472567666422824,0.0004998780785174348,0.009546452084857352,0.0009387954157522555,0.0014020970495001218,0.01158254084369666,0.0022189709826871493,0.00023165081687393318,4.87685930260912e-05,0.0008900268227261644,0.0,0.0001341136308217508,0.0,0.0,0.0,0.0,0.0,0.0,0.0,0.0,0.0,0.0,0.0,0.0,0.0,0.0,0.0,0.0,0.0,0.0,0.0,0.0,0.0,0.0,0.0,0.0,0.0,0.0,0.0,0.0,0.0,nan,nan,4.241314904744117,2.9116046055366414,nan,0.9202908299031564,0.02255268360532205,0.0,0.0,0.0,0.0,0.0,0.0,0.0,0.0,0.0,0.0,0.0,0.0,0.0,0.0,0.0,0.0,0.0,0.0,0.0,0.0,0.0,0.0,0.0,0.0,0.0,0.22802850356294543,5.287410926365797,15.733966745843233,8.280285035629456,0.47030878859857495,0.9195987597137749,0.02295633899140268,0.0,0.0,0.0,0.0,0.0,0.0,0.0,0.0,0.0,0.0,0.0,0.0,0.0,0.0,0.0,0.0,0.0,0.0,0.0,0.0,0.0,0.0,0.0,0.0,0.0,0.22545090180360727,5.756513026052105,15.946893787575155,7.454909819639281,0.6162324649298598,0.3657,0.0216,0.0,0.0,0.0,0.0,0.0,0.0,0.0,0.0,0.0,1.923990498812352,13.980997624703091,12.427553444180505,1.6389548693586702,0.02850356294536818,0.0,0.0,0.0,0.0,0.0,0.0,0.0,0.0,0.0,0.0,0.0,0.0,0.0,0.0,0.0,0.0,0.365,0.02101,0.0,0.0,0.0,0.0,0.0,0.0,0.0,0.0,0.015030060120240484,1.7735470941883773,14.338677354709423,12.204408817635253,1.6683366733466938,0.0,0.0,0.0,0.0,0.0,0.0,0.0,0.0,0.0,0.0,0.0,0.0,0.0,0.0,0.0,0.0,0.0
76700,4056,2090,0.5152859960552268,1000,811,0.4464990138067061,1137,0.5606508875739645,0.414,2.979145473041709,3.1770528455657057,6.666666666666667,2.307848538044031,9312.723577103847,1415.8123465128651,7853.0,10745.238866686821,10685.841544848423,17.17101601880188,7853.0,0.0,27.691321499013807,20.765037174661646,32.58661186142102,19.061417172740835,0.13979289940828402,0.09714003944773175,0.10009861932938856,0.08875739644970414,0.08037475345167652,0.08012820512820513,0.0641025641025641,0.0604043392504931,0.059911242603550297,0.05128205128205128,0.04807692307692308,0.03772189349112426,0.03254437869822485,0.02440828402366864,0.016518737672583828,0.013067061143984222,0.005670611439842209,0.9183171470842418,0.02303829205282864,0.0,0.0,0.0,0.0,0.0,0.0,0.0,0.0,0.0,0.0,0.0,0.0,0.0,0.0,0.0,0.0,0.0,0.0,0.0,0.0,0.0,0.0,0.0,0.0,0.007396449704142013,0.3180473372781066,6.094674556213019,15.97633136094675,6.900887573964499,0.7026627218934912,4.266641015775298,2.9932730644477603,nan,nan,nan,4.385615914307575,3.048906332343446,4.146284829721362,2.931011745244392,0.9454281703499338,0.3645,0.02104,0.0,0.0,0.0,0.0,0.0,0.0,0.0,0.0,0.014792899408284026,1.9008875739644975,14.504437869822489,12.063609467455603,1.4571005917159765,0.059171597633136105,0.0,0.0,0.0,0.0,0.0,0.0,0.0,0.0,0.0,0.0,0.0,0.0,0.0,0.0,0.0,0.0,nan,nan,4.266641015775298,2.9932730644477603,nan,0.3645,0.11676,0.0,0.0,0.0,0.0,0.0,0.0,0.0,0.0,0.0,0.0,4.930966469428008e-05,0.0003081854043392505,0.0017258382642998027,0.006434911242603551,0.002625739644970414,0.021511341222879683,0.0008259368836291913,0.008703155818540434,0.003192800788954635,0.025505424063116372,0.0061267258382642995,0.034529092702169625,0.007988165680473372,0.011674063116370809,0.01987179487179487,0.03833826429980276,0.021918145956607495,0.04206114398422091,0.03086785009861933,0.032852564102564104,0.007618343195266272,0.048767258382643,0.02419871794871795,0.03328402366863906,0.03661242603550296,0.04000246548323472,0.05685404339250493,0.027921597633136095,0.034307199211045365,0.01198224852071006,0.01231508875739645,0.016950197238658777,0.027514792899408284,0.016851577909270218,0.017159763313609466,0.041691321499013806,0.028427021696252466,0.03378944773175543,0.02032790927021696,0.01238905325443787,0.015618836291913215,0.0027490138067061145,0.00621301775147929,0.009664694280078896,0.008086785009861933,0.01993343195266272,0.0068170611439842205,0.01224112426035503,0.0028599605522682445,0.011969921104536489,0.011501479289940829,0.0004561143984220907,0.009504437869822486,0.0006780078895463511,0.0010108481262327417,0.010885108481262328,0.002514792899408284,0.0002465483234714004,2.465483234714004e-05,0.0007889546351084812,0.0,0.00016025641025641026,0.0,0.0,0.0,0.0,0.0,0.0,0.0,0.0,0.0,0.0,0.0,0.0,0.0,0.0,0.0,0.0,0.0,0.0,0.0,0.0,0.0,0.0,0.0,0.0,0.0,0.0,0.0,0.0,0.0,nan,nan,4.266641015775298,2.9932730644477603,nan,0.9184300743792045,0.022801352444413198,0.0,0.0,0.0,0.0,0.0,0.0,0.0,0.0,0.0,0.0,0.0,0.0,0.0,0.0,0.0,0.0,0.0,0.0,0.0,0.0,0.0,0.0,0.0,0.0,0.0,0.27272727272727276,6.028708133971294,16.076555023923447,6.990430622009571,0.6315789473684211,0.918197097213198,0.02328693198041364,0.0,0.0,0.0,0.0,0.0,0.0,0.0,0.0,0.0,0.0,0.0,0.0,0.0,0.0,0.0,0.0,0.0,0.0,0.0,0.0,0.0,0.0,0.0,0.0,0.015259409969481184,0.36622583926754837,6.164801627670398,15.869786368260431,6.805696846388608,0.7782299084435403,0.3647,0.02107,0.0,0.0,0.0,0.0,0.0,0.0,0.0,0.0,0.0,1.9377990430622014,14.354066985645936,12.157894736842088,1.4784688995215316,0.07177033492822968,0.0,0.0,0.0,0.0,0.0,0.0,0.0,0.0,0.0,0.0,0.0,0.0,0.0,0.0,0.0,0.0,0.3645,0.021,0.0,0.0,0.0,0.0,0.0,0.0,0.0,0.0,0.03051881993896237,1.8616480162767044,14.664292980671418,11.963377416073229,1.4343845371312312,0.045778229908443546,0.0,0.0,0.0,0.0,0.0,0.0,0.0,0.0,0.0,0.0,0.0,0.0,0.0,0.0,0.0,0.0
76800,3989,2068,0.5184256705941339,990,800,0.4487340185510153,1103,0.5530208072198546,0.414,3.004685059864654,3.117928361808647,6.551912568306011,2.114125660284671,9321.709976181497,1415.6006575808865,7853.0,10752.090091228485,10686.019388292065,17.03131942577089,7853.0,0.0,28.312108297819,20.938858726190908,33.39994017349686,19.044434399576456,0.13988468287791425,0.09425921283529706,0.08523439458510905,0.08799197793933317,0.08423163700175483,0.07771371270995237,0.0684382050639258,0.06618200050137879,0.05715718225119078,0.05063925795938832,0.04938581098019554,0.03985961393833041,0.0353472048132364,0.029832038104788166,0.017548257708698924,0.011030333416896465,0.005264477312609677,0.918197419267455,0.022953597130568344,0.0,0.0,0.0,0.0,0.0,0.0,0.0,0.0,0.0,0.0,0.0,0.0,0.0,0.0,0.0,0.0,0.0,0.0,0.0,0.0,0.0,0.0,0.0,0.0,0.0,0.3233893206317373,6.114314364502382,16.0942592128353,6.934068688894461,0.5339684131361244,4.132668711656442,2.866140432033574,nan,nan,nan,4.184790874524714,2.8079322483634845,4.08204334365325,2.9230724385641667,0.9754473917688579,0.3652,0.0203,0.0,0.0,0.0,0.0,0.0,0.0,0.0,0.0,0.007520681875156683,1.707194785660567,14.311857608423168,12.544497367761325,1.4138881925294562,0.015041363750313366,0.0,0.0,0.0,0.0,0.0,0.0,0.0,0.0,0.0,0.0,0.0,0.0,0.0,0.0,0.0,0.0,nan,nan,4.132668711656442,2.866140432033574,nan,0.3652,0.1177,0.0,0.0,0.0,0.0,0.0,0.0,0.0,0.0,1.2534469791927801e-05,0.0,0.0001378791677112058,0.00018801704687891702,0.0016796189521183255,0.007332664828277764,0.0026447731260967663,0.020230634244171472,0.0009902231135622962,0.008736525444973678,0.0028327901729756832,0.026259714214088743,0.006705941338681374,0.03420656806217097,0.008260215592880421,0.011356229631486588,0.021082978190022562,0.037866633241413886,0.0215968914514916,0.03929556279769366,0.03256455251942843,0.03619954875908749,0.008147405364753071,0.0450864878415643,0.026761093005765856,0.03296565555277012,0.03472048132364001,0.03865630483830534,0.05926297317623465,0.025194284281774882,0.03364251692153422,0.01156931561794936,0.013236400100275759,0.01680872399097518,0.02724993732765104,0.016846327400350965,0.017886688393080972,0.04074956129355728,0.028077212333918276,0.03342943093507145,0.019252945600401104,0.01243419403359238,0.015718225119077462,0.0035597894209074958,0.00615442466783655,0.008648784156430183,0.008009526197041865,0.019704186512910504,0.007282526949110053,0.012960641764853347,0.0039859613938330405,0.014151416395086488,0.01002757583354224,0.0004763098520932565,0.009137628478315367,0.0008272750062672349,0.0008774128854349461,0.012747555778390575,0.0025570318375532715,0.000250689395838556,1.2534469791927801e-05,0.00062672348959639,0.0,0.000125344697919278,0.0,0.0,0.0,0.0,0.0,0.0,0.0,0.0,0.0,0.0,0.0,0.0,0.0,0.0,0.0,0.0,0.0,0.0,0.0,0.0,0.0,0.0,0.0,0.0,0.0,0.0,0.0,0.0,0.0,nan,nan,4.132668711656442,2.866140432033574,nan,0.9184753340551886,0.022887768387051588,0.0,0.0,0.0,0.0,0.0,0.0,0.0,0.0,0.0,0.0,0.0,0.0,0.0,0.0,0.0,0.0,0.0,0.0,0.0,0.0,0.0,0.0,0.0,0.0,0.0,0.2901353965183753,5.947775628626694,16.18955512572534,7.0938104448742765,0.4787234042553193,0.9178982377052307,0.02302050314291484,0.0,0.0,0.0,0.0,0.0,0.0,0.0,0.0,0.0,0.0,0.0,0.0,0.0,0.0,0.0,0.0,0.0,0.0,0.0,0.0,0.0,0.0,0.0,0.0,0.0,0.3591879229567934,6.2935970848516405,15.991671004685063,6.762103071317024,0.5934409161894848,0.365,0.02051,0.0,0.0,0.0,0.0,0.0,0.0,0.0,0.0,0.014506769825918765,1.856866537717602,14.129593810444877,12.606382978723387,1.3781431334622827,0.014506769825918765,0.0,0.0,0.0,0.0,0.0,0.0,0.0,0.0,0.0,0.0,0.0,0.0,0.0,0.0,0.0,0.0,0.3652,0.02007,0.0,0.0,0.0,0.0,0.0,0.0,0.0,0.0,0.0,1.546069755335763,14.508068714211353,12.477876106194671,1.4523685580426864,0.015616866215512757,0.0,0.0,0.0,0.0,0.0,0.0,0.0,0.0,0.0,0.0,0.0,0.0,0.0,0.0,0.0,0.0
76900,3878,1973,0.5087674058793192,927,799,0.445074780814853,1076,0.554925219185147,0.45,2.91496062992126,3.139806539173532,6.718,2.2694660164893414,9294.126720720311,1416.1277229601174,7853.0,10738.740636348724,10685.58460362563,17.20446615970665,7853.0,0.0,27.013408973697782,20.645621750282604,32.284197376639604,18.872541518206294,0.1511088189788551,0.10056730273336771,0.09360495100567302,0.09102630221763795,0.08457968024755029,0.07529654461062403,0.06420835482207324,0.06420835482207324,0.06111397627643115,0.051830840639504897,0.038164002062919034,0.0332645693656524,0.035069623517276945,0.021402784940691078,0.018824136152656008,0.009541000515729758,0.006188757091284167,0.9167657866958738,0.022629879763031987,0.0,0.0,0.0,0.0,0.0,0.0,0.0,0.0,0.0,0.0,0.0,0.0,0.0,0.0,0.0,0.0,0.0,0.0,0.0,0.0,0.0,0.0,0.0,0.0,0.0,0.3945332645693657,6.459515214027851,16.013408973697786,6.78442496132027,0.34811758638473445,4.382340862422998,2.920932079380639,nan,nan,nan,4.343089430894309,2.954012877668784,4.42240663900415,2.886223540246194,1.0182628539826104,0.3655,0.0207,0.0,0.0,0.0,0.0,0.0,0.0,0.0,0.0,0.023207839092315632,1.725116039195462,13.715832903558539,13.050541516245469,1.4853017019082004,0.0,0.0,0.0,0.0,0.0,0.0,0.0,0.0,0.0,0.0,0.0,0.0,0.0,0.0,0.0,0.0,0.0,nan,nan,4.382340862422998,2.920932079380639,nan,0.3657,0.11914,0.0,0.0,0.0,0.0,0.0,0.0,0.0,0.0,0.0,0.0,0.0002707581227436823,6.446621970087674e-05,0.001482723053120165,0.008612686952037133,0.0025786487880350697,0.020500257864878805,0.001070139247034554,0.009605466735430635,0.0028751933986591025,0.02768179473955647,0.00684631253223311,0.03317431665807117,0.007684373388344507,0.011268695203713255,0.021879834966477565,0.03964672511603919,0.020693656523981432,0.03958225889633832,0.03215575038679732,0.03800928313563692,0.007078390923156266,0.04243166580711707,0.02649561629706034,0.03318720990201134,0.031420835482207324,0.038202681794739554,0.05933470861268695,0.022756575554409488,0.0314853017019082,0.011230015471892727,0.013950489943269726,0.01779267663744198,0.027449716348633316,0.01656781846312532,0.01748323878287777,0.041580711707065496,0.029035585353274884,0.03365136668385766,0.019971634863331613,0.011333161423414131,0.015085095410005158,0.0034682826199071686,0.00631768953068592,0.010018050541516246,0.008238782877772048,0.01928829293450232,0.006678700361010831,0.014143888602372357,0.004809179989685405,0.014840123775141826,0.00995358432181537,0.0009541000515729758,0.010520887055183083,0.0003996905621454358,0.0008509541000515729,0.012519339865910263,0.002668901495616297,0.00025786487880350697,3.867973182052605e-05,0.0006833419288292935,0.0,0.00014182568334192882,0.0,0.0,0.0,0.0,0.0,0.0,0.0,0.0,0.0,0.0,0.0,0.0,0.0,0.0,0.0,0.0,0.0,0.0,0.0,0.0,0.0,0.0,0.0,0.0,0.0,0.0,0.0,0.0,0.0,nan,nan,4.382340862422998,2.920932079380639,nan,0.9169268484231607,0.022746449371452943,0.0,0.0,0.0,0.0,0.0,0.0,0.0,0.0,0.0,0.0,0.0,0.0,0.0,0.0,0.0,0.0,0.0,0.0,0.0,0.0,0.0,0.0,0.0,0.0,0.0,0.31931069437404974,6.690319310694376,15.6158134820071,6.979219462747087,0.39533705017739496,0.9165989757835709,0.022507297768835227,0.0,0.0,0.0,0.0,0.0,0.0,0.0,0.0,0.0,0.0,0.0,0.0,0.0,0.0,0.0,0.0,0.0,0.0,0.0,0.0,0.0,0.0,0.0,0.0,0.0,0.47244094488188987,6.220472440944883,16.425196850393704,6.582677165354332,0.29921259842519693,0.3657,0.02086,0.0,0.0,0.0,0.0,0.0,0.0,0.0,0.0,0.045615813482007106,1.5965534718702488,13.88241256969083,12.90927521540799,1.5661429295489107,0.0,0.0,0.0,0.0,0.0,0.0,0.0,0.0,0.0,0.0,0.0,0.0,0.0,0.0,0.0,0.0,0.0,0.3655,0.02055,0.0,0.0,0.0,0.0,0.0,0.0,0.0,0.0,0.0,1.8582677165354335,13.543307086614178,13.196850393700768,1.4015748031496065,0.0,0.0,0.0,0.0,0.0,0.0,0.0,0.0,0.0,0.0,0.0,0.0,0.0,0.0,0.0,0.0,0.0
77000,4088,2120,0.5185909980430529,1002,837,0.449853228962818,1132,0.5538160469667319,0.434,2.970020325203252,3.106283888037734,6.543478260869565,2.1446582282951465,9321.940459237669,1415.353477940196,7853.0,10740.278324007988,10685.56065913377,16.926797059439075,7853.0,0.0,27.86399217221135,20.841802203550326,33.12573616018846,18.93998418117493,0.14921722113502936,0.09466731898238748,0.08610567514677103,0.09222113502935421,0.07558708414872799,0.07289628180039139,0.07289628180039139,0.062866927592955,0.0638454011741683,0.047700587084148725,0.047700587084148725,0.03816046966731898,0.03595890410958904,0.02813111545988258,0.017123287671232876,0.008806262230919765,0.00611545988258317,0.9170712928803466,0.022830499538492262,0.0,0.0,0.0,0.0,0.0,0.0,0.0,0.0,0.0,0.0,0.0,0.0,0.0,0.0,0.0,0.0,0.0,0.0,0.0,0.0,0.0,0.0,0.0,0.0,0.0,0.35225048923679064,6.494618395303329,15.741193737769084,7.052348336594914,0.35958904109589046,4.181372549019608,2.921661945425755,nan,nan,nan,4.142215568862276,2.9096909935731947,4.22112462006079,2.9332302099755148,1.019049962486667,0.3655,0.021,0.0,0.0,0.0,0.0,0.0,0.0,0.0,0.0,0.007338551859099806,1.7685909980430532,13.987279843444231,12.541585127201548,1.6731898238747558,0.022015655577299415,0.0,0.0,0.0,0.0,0.0,0.0,0.0,0.0,0.0,0.0,0.0,0.0,0.0,0.0,0.0,0.0,nan,nan,4.181372549019608,2.921661945425755,nan,0.3655,0.1198,0.0,0.0,0.0,0.0,0.0,0.0,0.0,0.0,0.0,2.446183953033268e-05,0.0001834637964774951,0.00013454011741682975,0.0015655577299412916,0.008047945205479452,0.002556262230919765,0.01905577299412916,0.0007583170254403132,0.010102739726027397,0.004060665362035225,0.02920743639921722,0.006678082191780822,0.03405088062622309,0.0087573385518591,0.012830234833659492,0.02096379647749511,0.03822162426614482,0.021746575342465754,0.039126712328767126,0.03209393346379648,0.04017857142857143,0.0064334637964774954,0.04068003913894325,0.025477005870841486,0.03568982387475538,0.029696673189823875,0.039359099804305284,0.05895303326810176,0.021709882583170255,0.028387964774951077,0.011313600782778864,0.013209393346379647,0.019740704500978475,0.026210861056751467,0.016634050880626222,0.016230430528375733,0.04202544031311155,0.028595890410958905,0.03219178082191781,0.020976027397260275,0.012414383561643835,0.015900195694716242,0.0037426614481409002,0.006506849315068493,0.010200587084148728,0.008304794520547946,0.018505381604696673,0.0073140900195694716,0.014090019569471625,0.005430528375733855,0.011386986301369863,0.011717221135029354,0.0009295499021526419,0.01045743639921722,0.00041585127201565557,0.0009050880626223092,0.013490704500978473,0.003339041095890411,0.00019569471624266145,0.0,0.0008561643835616438,0.0,3.669275929549902e-05,0.0,0.0,0.0,0.0,0.0,0.0,0.0,0.0,0.0,0.0,0.0,0.0,0.0,0.0,0.0,0.0,0.0,0.0,0.0,0.0,0.0,0.0,0.0,0.0,0.0,0.0,0.0,0.0,0.0,nan,nan,4.181372549019608,2.921661945425755,nan,0.9166398895517835,0.022451395560881222,0.0,0.0,0.0,0.0,0.0,0.0,0.0,0.0,0.0,0.0,0.0,0.0,0.0,0.0,0.0,0.0,0.0,0.0,0.0,0.0,0.0,0.0,0.0,0.0,0.0,0.339622641509434,6.580188679245285,16.089622641509436,6.735849056603775,0.2547169811320755,0.917536015978189,0.023222998870845397,0.0,0.0,0.0,0.0,0.0,0.0,0.0,0.0,0.0,0.0,0.0,0.0,0.0,0.0,0.0,0.0,0.0,0.0,0.0,0.0,0.0,0.0,0.0,0.0,0.0,0.3658536585365854,6.402439024390246,15.365853658536588,7.393292682926831,0.47256097560975624,0.366,0.02132,0.0,0.0,0.0,0.0,0.0,0.0,0.0,0.0,0.014150943396226419,1.8820754716981136,13.386792452830193,13.018867924528283,1.6698113207547174,0.028301886792452838,0.0,0.0,0.0,0.0,0.0,0.0,0.0,0.0,0.0,0.0,0.0,0.0,0.0,0.0,0.0,0.0,0.3652,0.02061,0.0,0.0,0.0,0.0,0.0,0.0,0.0,0.0,0.0,1.6463414634146345,14.634146341463419,12.027439024390228,1.6768292682926833,0.015243902439024393,0.0,0.0,0.0,0.0,0.0,0.0,0.0,0.0,0.0,0.0,0.0,0.0,0.0,0.0,0.0,0.0
77100,4250,2187,0.5145882352941177,1049,865,0.45035294117647057,1188,0.5590588235294117,0.40199999999999997,2.9461948618516725,3.0592015811226867,6.490630323679728,1.9607296501875946,9310.92619252062,1416.0453784853391,7853.0,10740.163873314857,10686.18990316078,17.160001746181084,7853.0,0.0,27.983764705882354,20.895684213927193,33.00477126017401,19.085821206242,0.14188235294117646,0.09694117647058824,0.09482352941176471,0.0811764705882353,0.08564705882352941,0.07176470588235294,0.06729411764705882,0.064,0.06258823529411765,0.05341176470588235,0.04635294117647059,0.03929411764705883,0.032705882352941175,0.029411764705882353,0.01623529411764706,0.008470588235294117,0.008,0.9183553893566132,0.022937814488242263,0.0,0.0,0.0,0.0,0.0,0.0,0.0,0.0,0.0,0.0,0.0,0.0,0.0,0.0,0.0,0.0,0.0,0.0,0.0,0.0,0.0,0.0,0.0,0.0,0.0,0.3811764705882354,6.014117647058825,16.002352941176476,7.037647058823531,0.5647058823529413,4.324097703244623,2.85784713463124,nan,nan,nan,4.384057971014493,2.822072585494353,4.263389581804843,2.8923512282206714,0.9724756401472202,0.3647,0.0213,0.0,0.0,0.0,0.0,0.0,0.0,0.0,0.0,0.04235294117647059,2.167058823529412,13.842352941176474,12.578823529411746,1.3482352941176472,0.021176470588235297,0.0,0.0,0.0,0.0,0.0,0.0,0.0,0.0,0.0,0.0,0.0,0.0,0.0,0.0,0.0,0.0,nan,nan,4.324097703244623,2.85784713463124,nan,0.3647,0.1197,0.0,0.0,0.0,0.0,0.0,0.0,0.0,0.0,0.0,0.0,0.0002,3.529411764705882e-05,0.0011294117647058823,0.007811764705882353,0.002682352941176471,0.02101176470588235,0.0010823529411764705,0.01051764705882353,0.0055294117647058825,0.030894117647058822,0.006552941176470589,0.03470588235294118,0.008152941176470588,0.01236470588235294,0.020529411764705883,0.03494117647058823,0.022129411764705884,0.03911764705882353,0.03087058823529412,0.04121176470588235,0.0045294117647058825,0.04155294117647059,0.025258823529411764,0.03508235294117647,0.028447058823529412,0.03965882352941177,0.06235294117647059,0.021317647058823528,0.028494117647058823,0.010752941176470588,0.013376470588235293,0.021505882352941177,0.024294117647058824,0.016023529411764707,0.014670588235294118,0.04212941176470588,0.031682352941176474,0.03345882352941176,0.02115294117647059,0.012694117647058823,0.016164705882352942,0.004058823529411765,0.006164705882352941,0.010411764705882353,0.008129411764705882,0.01783529411764706,0.007035294117647059,0.013741176470588236,0.005670588235294117,0.009329411764705883,0.0114,0.0007529411764705883,0.009894117647058824,0.00031764705882352944,0.0004823529411764706,0.014270588235294118,0.0030823529411764705,0.00014117647058823528,1.1764705882352942e-05,0.0012,0.0,0.0,0.0,0.0,0.0,0.0,0.0,0.0,0.0,0.0,0.0,0.0,0.0,0.0,0.0,0.0,0.0,0.0,0.0,0.0,0.0,0.0,0.0,0.0,0.0,0.0,0.0,0.0,0.0,0.0,0.0,nan,nan,4.324097703244623,2.85784713463124,nan,0.9184793243410383,0.02284554857509686,0.0,0.0,0.0,0.0,0.0,0.0,0.0,0.0,0.0,0.0,0.0,0.0,0.0,0.0,0.0,0.0,0.0,0.0,0.0,0.0,0.0,0.0,0.0,0.0,0.0,0.32921810699588483,6.200274348422498,15.761316872427987,7.133058984910838,0.5761316872427985,0.9182240050565948,0.023034494512713943,0.0,0.0,0.0,0.0,0.0,0.0,0.0,0.0,0.0,0.0,0.0,0.0,0.0,0.0,0.0,0.0,0.0,0.0,0.0,0.0,0.0,0.0,0.0,0.0,0.0,0.4362578768783326,5.816771691711101,16.257876878332528,6.936500242365489,0.5525933107125547,0.3652,0.02148,0.0,0.0,0.0,0.0,0.0,0.0,0.0,0.0,0.041152263374485604,2.0850480109739373,13.66255144032922,12.770919067215345,1.4128943758573393,0.02743484224965707,0.0,0.0,0.0,0.0,0.0,0.0,0.0,0.0,0.0,0.0,0.0,0.0,0.0,0.0,0.0,0.0,0.364,0.02109,0.0,0.0,0.0,0.0,0.0,0.0,0.0,0.0,0.04362578768783326,2.253999030538052,14.032961706253033,12.37518177411535,1.2796897721764422,0.014541929229277755,0.0,0.0,0.0,0.0,0.0,0.0,0.0,0.0,0.0,0.0,0.0,0.0,0.0,0.0,0.0,0.0
77200,4042,2074,0.5131123206333498,953,816,0.4376546264225631,1108,0.5482434438396834,0.434,2.959857723577236,3.1333691800970107,6.688311688311688,2.071825471888807,9305.99993224518,1415.433024785264,7853.0,10734.730437278748,10684.738537191424,16.726014759940604,7853.0,0.0,27.593518060366154,20.85212864952933,32.53453364817001,19.163721379428683,0.14101929737753588,0.10761999010390895,0.09574468085106383,0.08584858980702623,0.07595249876298862,0.0776843146956952,0.06506679861454726,0.0635823849579416,0.05665512122711529,0.0512122711528946,0.047006432459178626,0.03908955962394854,0.0363681345868382,0.02177140029688273,0.01880257298367145,0.010638297872340425,0.005937654626422563,0.9194114995085326,0.02277365028170655,0.0,0.0,0.0,0.0,0.0,0.0,0.0,0.0,0.0,0.0,0.0,0.0,0.0,0.0,0.0,0.0,0.0,0.0,0.0,0.0,0.0,0.0,0.0,0.0,0.0,0.34141514101929743,5.551707075705098,15.831271647699163,7.8451261751608135,0.4304799604156359,4.3341185708676875,2.8600840065658732,nan,nan,nan,4.408527131782946,2.911046350354977,4.257756563245823,2.804770182822004,0.9658002403001779,0.3635,0.02061,0.0,0.0,0.0,0.0,0.0,0.0,0.0,0.0,0.029688273132112822,1.9445818901533898,15.192973775358737,11.496783770410671,1.3285502226620487,0.0074220682830282055,0.0,0.0,0.0,0.0,0.0,0.0,0.0,0.0,0.0,0.0,0.0,0.0,0.0,0.0,0.0,0.0,nan,nan,4.3341185708676875,2.8600840065658732,nan,0.3635,0.11816,0.0,0.0,0.0,0.0,0.0,0.0,0.0,0.0,0.0,0.0,0.00023503216229589312,1.2370113805047006e-05,0.0011751608114794656,0.006432459178624443,0.0029069767441860465,0.021177634834240476,0.0014225630875804058,0.010465116279069767,0.006432459178624443,0.02971301335972291,0.007013854527461652,0.03322612568035626,0.007941613062840178,0.011293913904007916,0.022006432459178625,0.03383226125680356,0.021288965858485897,0.04268926274121722,0.030479960415635825,0.03910192973775359,0.004725383473527956,0.04515091538842157,0.027238990598713507,0.037295893122216726,0.031061355764473032,0.0394482929242949,0.06214745175655616,0.020138545274616528,0.02793171697179614,0.010811479465611083,0.012209302325581395,0.01991588322612568,0.022476496783770412,0.017417120237506186,0.016303809995051953,0.041835724888668976,0.031754082137555664,0.03525482434438397,0.01929737753587333,0.012196932211776349,0.016019297377535872,0.005566551212271153,0.005937654626422563,0.010526966848095003,0.008114794656110836,0.01867887184562098,0.006828302820385947,0.013879267689262741,0.005121227115289461,0.008597229094507669,0.010836219693221178,0.0010267194458189015,0.007929242949035131,0.00025977238990598713,0.0008411677387431965,0.01214745175655616,0.002474022761009401,0.00014844136566056408,0.0,0.0015957446808510637,1.2370113805047006e-05,0.0,0.0,0.0,0.0,0.0,0.0,0.0,0.0,0.0,0.0,0.0,0.0,0.0,0.0,0.0,0.0,0.0,0.0,0.0,0.0,0.0,0.0,0.0,0.0,0.0,0.0,0.0,0.0,0.0,0.0,nan,nan,4.3341185708676875,2.8600840065658732,nan,0.9186176938169143,0.022951638857118598,0.0,0.0,0.0,0.0,0.0,0.0,0.0,0.0,0.0,0.0,0.0,0.0,0.0,0.0,0.0,0.0,0.0,0.0,0.0,0.0,0.0,0.0,0.0,0.0,0.0,0.3616200578592093,5.843780135004822,15.73770491803279,7.6952748312439745,0.3616200578592093,0.9202480609945165,0.022554341206623935,0.0,0.0,0.0,0.0,0.0,0.0,0.0,0.0,0.0,0.0,0.0,0.0,0.0,0.0,0.0,0.0,0.0,0.0,0.0,0.0,0.0,0.0,0.0,0.0,0.0,0.32012195121951226,5.243902439024391,15.929878048780491,8.003048780487807,0.503048780487805,0.3625,0.02008,0.0,0.0,0.0,0.0,0.0,0.0,0.0,0.0,0.014464802314368374,1.8659594985535202,15.91128254580521,11.166827386692367,1.0414657666345228,0.0,0.0,0.0,0.0,0.0,0.0,0.0,0.0,0.0,0.0,0.0,0.0,0.0,0.0,0.0,0.0,0.0,0.3645,0.02113,0.0,0.0,0.0,0.0,0.0,0.0,0.0,0.0,0.04573170731707318,2.0274390243902443,14.4359756097561,11.844512195121935,1.6310975609756102,0.015243902439024393,0.0,0.0,0.0,0.0,0.0,0.0,0.0,0.0,0.0,0.0,0.0,0.0,0.0,0.0,0.0,0.0
77300,4206,2146,0.510223490252021,998,841,0.4372325249643367,1174,0.5582501188777936,0.40199999999999997,2.85,3.0383191891481105,6.423611111111111,2.1133828237866754,9298.158228578452,1415.9601560626945,7853.0,10739.855292320251,10685.402380895137,17.477914245644374,7853.0,0.0,28.017118402282453,21.027170156763432,32.8617381489842,19.3653994031701,0.1362339514978602,0.09985734664764621,0.10294816928197813,0.08559201141226819,0.07489300998573467,0.07655729909652877,0.06776034236804565,0.06038991916310033,0.05349500713266762,0.06157869709938184,0.042796005706134094,0.0439847836424156,0.02757964812173086,0.02710413694721826,0.019733713742272944,0.011887779362815026,0.007608178792201617,0.9192316721747503,0.0230700950096651,0.0,0.0,0.0,0.0,0.0,0.0,0.0,0.0,0.0,0.0,0.0,0.0,0.0,0.0,0.0,0.0,0.0,0.0,0.0,0.0,0.0,0.0,0.0,0.0,0.014265335235378035,0.3138373751783167,5.699001426533524,15.89871611982882,7.417974322396578,0.6562054208273895,4.1715558856294095,2.8710846492339646,nan,nan,nan,4.267553584626755,2.9120065953236627,4.074626865671642,2.825858384109053,0.9547921976539196,0.3635,0.0207,0.0,0.0,0.0,0.0,0.0,0.0,0.0,0.0,0.03566333808844509,2.139800285306705,14.657631954350931,11.861626248216815,1.298145506419401,0.007132667617689018,0.0,0.0,0.0,0.0,0.0,0.0,0.0,0.0,0.0,0.0,0.0,0.0,0.0,0.0,0.0,0.0,nan,nan,4.1715558856294095,2.8710846492339646,nan,0.3635,0.1189,0.0,0.0,0.0,0.0,0.0,0.0,0.0,0.0,0.0,0.0,0.000463623395149786,5.943889681407513e-05,0.0007845934379457917,0.006324298621017594,0.0024964336661911554,0.02095815501664289,0.0024369947693770803,0.010675225867807893,0.0091773656680932,0.02975511174512601,0.007168330955777461,0.03190679980979553,0.008000475511174512,0.010627674750356633,0.022836424155967667,0.03403471231573942,0.02194484070375654,0.04323585354255825,0.029077508321445553,0.03867094626723728,0.0041607227769852595,0.042023300047551115,0.02762719923918212,0.03634094151212554,0.03409415121255349,0.03928911079410366,0.0627318116975749,0.02053019495958155,0.026806942463147885,0.010496909177365668,0.012601046124583928,0.019662387066096052,0.022360912981455063,0.017891107941036613,0.015240133143128864,0.04087018544935806,0.033083689966714215,0.03415359010936757,0.019234427009034712,0.012696148359486448,0.014229671897289586,0.005718021873514028,0.006015216357584403,0.010461245839277223,0.008107465525439847,0.01864003804089396,0.006894912030432715,0.01544222539229672,0.0048621017593913456,0.00860675225867808,0.012066096053257251,0.0008440323347598668,0.008523537803138373,0.00034474560152163576,0.0007489300998573466,0.011911554921540656,0.0016286257727056587,0.00016642891107941036,0.0001783166904422254,0.0020684736091298147,1.1887779362815025e-05,0.0,0.0,0.0,0.0,0.0,0.0,0.0,0.0,0.0,0.0,0.0,0.0,0.0,0.0,0.0,0.0,0.0,0.0,0.0,0.0,0.0,0.0,0.0,0.0,0.0,0.0,0.0,0.0,0.0,0.0,nan,nan,4.1715558856294095,2.8710846492339646,nan,0.9190760042382975,0.023039846465135284,0.0,0.0,0.0,0.0,0.0,0.0,0.0,0.0,0.0,0.0,0.0,0.0,0.0,0.0,0.0,0.0,0.0,0.0,0.0,0.0,0.0,0.0,0.0,0.0,0.013979496738117431,0.29356943150046605,5.9133271202236735,15.824790307548932,7.367194780987886,0.5871388630009321,0.9193938388697152,0.023100448652963075,0.0,0.0,0.0,0.0,0.0,0.0,0.0,0.0,0.0,0.0,0.0,0.0,0.0,0.0,0.0,0.0,0.0,0.0,0.0,0.0,0.0,0.0,0.0,0.0,0.014563106796116509,0.3349514563106797,5.475728155339807,15.975728155339809,7.470873786407768,0.7281553398058254,0.3633,0.02083,0.0,0.0,0.0,0.0,0.0,0.0,0.0,0.0,0.04193849021435229,2.208760484622554,14.874184529356947,11.561043802423097,1.3140726933830384,0.0,0.0,0.0,0.0,0.0,0.0,0.0,0.0,0.0,0.0,0.0,0.0,0.0,0.0,0.0,0.0,0.0,0.3638,0.02058,0.0,0.0,0.0,0.0,0.0,0.0,0.0,0.0,0.029126213592233018,2.067961165048544,14.43203883495146,12.174757281553381,1.2815533980582527,0.014563106796116509,0.0,0.0,0.0,0.0,0.0,0.0,0.0,0.0,0.0,0.0,0.0,0.0,0.0,0.0,0.0,0.0
77400,4415,2237,0.5066817667044168,1041,932,0.446885617214043,1274,0.5771234428086071,0.40199999999999997,2.9173553719008263,3.0893581943138564,6.533772652388797,2.3035885122956055,9287.712609588303,1415.7167169790378,7853.0,10738.151410102844,10684.585235284918,16.80274854289253,7853.0,0.0,27.672933182332955,20.809483178365777,32.64061654948621,19.090214360092876,0.1433748584371461,0.09966024915062288,0.0971687429218573,0.08199320498301246,0.08425821064552662,0.07791619479048698,0.06477916194790487,0.06002265005662514,0.06500566251415628,0.04620611551528879,0.04507361268403171,0.04167610419026047,0.031710079275198186,0.027633069082672705,0.017893544733861833,0.008154020385050963,0.007474518686296716,0.9187571142834958,0.022646498014771182,0.0,0.0,0.0,0.0,0.0,0.0,0.0,0.0,0.0,0.0,0.0,0.0,0.0,0.0,0.0,0.0,0.0,0.0,0.0,0.0,0.0,0.0,0.0,0.0,0.013590033975084941,0.2921857304643262,6.033975084937714,15.76443941109853,7.392978482446208,0.5028312570781428,4.298801973220578,2.898847668235168,nan,nan,nan,4.316748423265592,2.8924701936376036,4.278014184397163,2.904510852205401,0.9910269871972,0.362,0.02048,0.0,0.0,0.0,0.0,0.0,0.0,0.0,0.0,0.0,2.398640996602492,15.417893544733865,11.204983012457514,0.9648924122310308,0.013590033975084941,0.0,0.0,0.0,0.0,0.0,0.0,0.0,0.0,0.0,0.0,0.0,0.0,0.0,0.0,0.0,0.0,nan,nan,4.298801973220578,2.898847668235168,nan,0.362,0.1187,0.0,0.0,0.0,0.0,0.0,3.3975084937712346e-05,0.0,0.0,0.0,4.5300113250283124e-05,0.000622876557191393,3.3975084937712346e-05,0.0011325028312570782,0.007281993204983013,0.0032502831257078145,0.021392978482446205,0.002593431483578709,0.011687429218573046,0.009048697621744055,0.030668176670441676,0.006466591166477916,0.030486976217440544,0.008040770101925256,0.010645526613816535,0.01970554926387316,0.0352321630804077,0.02186862967157418,0.04297848244620611,0.030339750849377123,0.036885617214043036,0.0039071347678369195,0.04576443941109853,0.027066817667044166,0.038912797281993206,0.03455266138165346,0.040079275198188,0.061381653454133635,0.020271800679501698,0.024394110985277464,0.010328425821064552,0.01233295583238958,0.019026047565118914,0.022978482446206115,0.018607021517553793,0.014394110985277464,0.04431483578708947,0.03245753114382786,0.03437146092865232,0.018856172140430352,0.012072480181200452,0.011279728199320499,0.005979614949037372,0.006455266138165346,0.011075877689694225,0.008108720271800679,0.017882219705549263,0.006738391845979615,0.01648924122310306,0.005141562853907135,0.007893544733861835,0.01130237825594564,0.0005889014722536807,0.00795016987542469,0.0005549263873159683,0.001087202718006795,0.011562853907134768,0.0019026047565118913,9.060022650056625e-05,0.0001245753114382786,0.0012797281993204982,0.0,0.0,0.0,0.0,0.0,0.0,0.0,0.0,0.0,0.0,0.0,0.0,0.0,0.0,0.0,0.0,0.0,0.0,0.0,0.0,0.0,0.0,0.0,0.0,0.0,0.0,0.0,0.0,0.0,0.0,0.0,nan,nan,4.298801973220578,2.898847668235168,nan,0.9187521619033643,0.022929958560288215,0.0,0.0,0.0,0.0,0.0,0.0,0.0,0.0,0.0,0.0,0.0,0.0,0.0,0.0,0.0,0.0,0.0,0.0,0.0,0.0,0.0,0.0,0.0,0.0,0.026821636119803316,0.3352704514975414,6.021457308895844,15.529727313366118,7.630755476084043,0.4559678140366563,0.918762200819012,0.02235161575482039,0.0,0.0,0.0,0.0,0.0,0.0,0.0,0.0,0.0,0.0,0.0,0.0,0.0,0.0,0.0,0.0,0.0,0.0,0.0,0.0,0.0,0.0,0.0,0.0,0.0,0.24793388429752072,6.046831955922866,16.00550964187328,7.148760330578514,0.5509641873278238,0.362,0.02005,0.0,0.0,0.0,0.0,0.0,0.0,0.0,0.0,0.0,2.4273580688422,15.435851586946807,11.265087170317374,0.8448815377738044,0.026821636119803316,0.0,0.0,0.0,0.0,0.0,0.0,0.0,0.0,0.0,0.0,0.0,0.0,0.0,0.0,0.0,0.0,0.362,0.0209,0.0,0.0,0.0,0.0,0.0,0.0,0.0,0.0,0.0,2.3691460055096423,15.399449035812676,11.143250688705217,1.088154269972452,0.0,0.0,0.0,0.0,0.0,0.0,0.0,0.0,0.0,0.0,0.0,0.0,0.0,0.0,0.0,0.0,0.0
77500,4619,2324,0.5031392076206971,1121,974,0.4535613769214116,1363,0.5901710326910586,0.36599999999999994,2.867538126361656,3.0010696415852167,6.369327073552426,2.1699465282067236,9277.024529347922,1415.1652634667043,7853.0,10748.729282617569,10683.279389439782,17.341487374401506,7853.0,0.0,28.10413509417623,20.722022881601816,32.78529486852183,19.016099980257092,0.13357869668759473,0.1002381467850184,0.09439272569820308,0.08573284260662481,0.08313487767915133,0.07295951504654687,0.06798008226888937,0.06776358519159992,0.05975319333189002,0.053691275167785234,0.049577830699285556,0.03723749729378653,0.030959082052392294,0.029443602511366098,0.016670274951288158,0.011041350941762286,0.005845421086815328,0.9172761452665161,0.02305727962570237,0.0,0.0,0.0,0.0,0.0,0.0,0.0,0.0,0.0,0.0,0.0,0.0,0.0,0.0,0.0,0.0,0.0,0.0,0.0,0.0,0.0,0.0,0.0,0.0,0.0,0.39618965143970564,6.6897596882442105,15.587789564840877,6.897596882442088,0.42866421303312413,4.183605464845051,2.7808931432303248,nan,nan,nan,4.172050098879367,2.788063705318199,4.194875252865812,2.774350422040503,1.0054709683358252,0.3608,0.02077,0.0,0.0,0.0,0.0,0.0,0.0,0.0,0.0,0.019484736956051095,2.8058021216713582,15.620264126434297,10.736090062784136,0.8053691275167787,0.012989824637367399,0.0,0.0,0.0,0.0,0.0,0.0,0.0,0.0,0.0,0.0,0.0,0.0,0.0,0.0,0.0,0.0,nan,nan,4.183605464845051,2.7808931432303248,nan,0.3608,0.118,0.0,0.0,0.0,0.0,0.0,7.577397705130981e-05,0.0,0.0,0.0,1.0824853864472829e-05,0.0007360900627841525,1.0824853864472829e-05,0.001017536263260446,0.0076423468283178175,0.004080969906906257,0.02011257848019052,0.002478891534964278,0.01117124918813596,0.009136176661615068,0.03010391859709894,0.006137692141156095,0.03173847153063434,0.008443386014288807,0.010326910586707079,0.020935267373890454,0.03567871833730245,0.02455076856462438,0.04303961896514397,0.02983329725048712,0.03954319116691925,0.0034747780904957784,0.04662264559428448,0.02623944576748214,0.038384931803420654,0.0348993288590604,0.039434942628274516,0.05864905823771379,0.02015587789564841,0.0250595366962546,0.010326910586707079,0.012481056505737173,0.020881143104568088,0.022515696038103484,0.017492963844988094,0.014700151547954102,0.04489066897596882,0.033340549902576316,0.032799307209352674,0.01901926823987876,0.011809915566139858,0.011182074042000433,0.007663996536046764,0.005975319333189002,0.01144187053474778,0.007317601212383633,0.015750162372807967,0.006852132496211302,0.016735224074474996,0.004806235115825936,0.0071877029660099585,0.011063000649491232,0.0007360900627841525,0.0067547088114310455,0.0006278415241394241,0.0009309374323446634,0.01132279714223858,0.002403117557912968,5.4124269322364146e-05,0.00019484736956051094,0.001017536263260446,0.0,0.0,0.0,0.0,0.0,0.0,0.0,0.0,0.0,0.0,0.0,0.0,0.0,0.0,0.0,0.0,0.0,0.0,0.0,0.0,0.0,0.0,0.0,0.0,0.0,0.0,0.0,0.0,0.0,0.0,0.0,nan,nan,4.183605464845051,2.7808931432303248,nan,0.9173902381410287,0.023203211668349065,0.0,0.0,0.0,0.0,0.0,0.0,0.0,0.0,0.0,0.0,0.0,0.0,0.0,0.0,0.0,0.0,0.0,0.0,0.0,0.0,0.0,0.0,0.0,0.0,0.0,0.33562822719449237,6.751290877796904,15.51635111876076,6.9061962134251305,0.49053356282271954,0.9171606106955501,0.02290797722416011,0.0,0.0,0.0,0.0,0.0,0.0,0.0,0.0,0.0,0.0,0.0,0.0,0.0,0.0,0.0,0.0,0.0,0.0,0.0,0.0,0.0,0.0,0.0,0.0,0.0,0.45751633986928114,6.627450980392158,15.660130718954251,6.88888888888889,0.3660130718954249,0.361,0.0208,0.0,0.0,0.0,0.0,0.0,0.0,0.0,0.0,0.012908777969018936,2.7495697074010335,15.425989672977629,10.920826161790002,0.8777969018932876,0.012908777969018936,0.0,0.0,0.0,0.0,0.0,0.0,0.0,0.0,0.0,0.0,0.0,0.0,0.0,0.0,0.0,0.0,0.3604,0.02072,0.0,0.0,0.0,0.0,0.0,0.0,0.0,0.0,0.02614379084967321,2.8627450980392166,15.81699346405229,10.549019607843121,0.7320261437908498,0.013071895424836605,0.0,0.0,0.0,0.0,0.0,0.0,0.0,0.0,0.0,0.0,0.0,0.0,0.0,0.0,0.0,0.0
77600,4135,2169,0.524546553808948,1044,845,0.45683192261185007,1150,0.5562273276904474,0.426,3.003560528992879,3.1233520640687638,6.613309352517986,2.206865314379609,9337.344172294424,1413.2323985212859,7853.0,10735.869825959206,10682.766322008967,17.261028318562843,7853.0,0.0,28.141475211608224,20.75777406854657,32.835139760410726,19.046275579686537,0.13083434099153568,0.09866989117291415,0.09286577992744861,0.09189842805320435,0.08053204353083435,0.0773881499395405,0.0720677146311971,0.06432889963724304,0.05828295042321645,0.053204353083434096,0.04425634824667473,0.039177750906892385,0.03603385731559855,0.02249093107617896,0.022249093107617895,0.0094316807738815,0.006287787182587666,0.916727414413692,0.02257992750287512,0.0,0.0,0.0,0.0,0.0,0.0,0.0,0.0,0.0,0.0,0.0,0.0,0.0,0.0,0.0,0.0,0.0,0.0,0.0,0.0,0.0,0.0,0.0,0.0,0.0,0.4062877871825878,6.406287787182589,16.280532043530837,6.435308343409917,0.47158403869407506,4.207280832095097,2.930873808898816,nan,nan,nan,4.149546827794562,2.8842720874413463,4.263350402340892,2.975293762602277,1.0274255429012271,0.3606,0.02086,0.0,0.0,0.0,0.0,0.0,0.0,0.0,0.0,0.0072551390568319244,2.785973397823459,15.830713422007259,10.39661426844013,0.9721886336154778,0.0072551390568319244,0.0,0.0,0.0,0.0,0.0,0.0,0.0,0.0,0.0,0.0,0.0,0.0,0.0,0.0,0.0,0.0,nan,nan,4.207280832095097,2.930873808898816,nan,0.3606,0.11694,0.0,0.0,0.0,0.0,0.0,6.0459492140266024e-05,0.0,0.0,1.2091898428053204e-05,0.0,0.0003385731559854897,1.2091898428053204e-05,0.0007980652962515115,0.008694074969770253,0.003143893591293833,0.01898428053204353,0.0027932285368802903,0.012974607013301089,0.008403869407496977,0.027714631197097946,0.0063361547762998795,0.029746070133010883,0.008778718258766626,0.010096735187424426,0.02147521160822249,0.037146311970979444,0.022370012091898428,0.043047158403869405,0.031185006045949214,0.04313180169286578,0.003567110036275695,0.047980652962515115,0.02442563482466747,0.03783555018137848,0.038536880290205563,0.036989117291414755,0.05962515114873035,0.0194316807738815,0.0245223700120919,0.010471584038694075,0.014740024183796855,0.019649334945586457,0.023796856106408706,0.018089480048367593,0.014449818621523579,0.044691656590084644,0.034280532043530834,0.030846432889963724,0.019721886336154775,0.01105199516324063,0.010628778718258767,0.008597339782345828,0.005985489721886336,0.010822249093107618,0.007750906892382104,0.017351874244256348,0.006384522370012092,0.015816203143893592,0.004292623941958887,0.007061668681983072,0.010532043530834341,0.00039903264812575577,0.0057799274486094315,0.0007013301088270858,0.0013422007255139057,0.010314389359129383,0.003240628778718259,7.255139056831923e-05,0.0003022974607013301,0.0006771463119709794,0.0,0.0,0.0,0.0,0.0,0.0,0.0,0.0,0.0,0.0,0.0,0.0,0.0,0.0,0.0,0.0,0.0,0.0,0.0,0.0,0.0,0.0,0.0,0.0,0.0,0.0,0.0,0.0,0.0,0.0,0.0,nan,nan,4.207280832095097,2.930873808898816,nan,0.9170518950857617,0.02284465679251201,0.0,0.0,0.0,0.0,0.0,0.0,0.0,0.0,0.0,0.0,0.0,0.0,0.0,0.0,0.0,0.0,0.0,0.0,0.0,0.0,0.0,0.0,0.0,0.0,0.0,0.41493775933609967,6.154910096818813,16.307053941908716,6.611341632088521,0.5117565698478562,0.9163694293792468,0.02227873263041077,0.0,0.0,0.0,0.0,0.0,0.0,0.0,0.0,0.0,0.0,0.0,0.0,0.0,0.0,0.0,0.0,0.0,0.0,0.0,0.0,0.0,0.0,0.0,0.0,0.0,0.3967446592065108,6.683621566632759,16.251271617497462,6.241098677517804,0.42726347914547314,0.3606,0.0209,0.0,0.0,0.0,0.0,0.0,0.0,0.0,0.0,0.0,2.8769017980636247,15.532503457814665,10.705394190871354,0.8713692946058094,0.013831258644536656,0.0,0.0,0.0,0.0,0.0,0.0,0.0,0.0,0.0,0.0,0.0,0.0,0.0,0.0,0.0,0.0,0.3606,0.02081,0.0,0.0,0.0,0.0,0.0,0.0,0.0,0.0,0.015259409969481184,2.6856561546286883,16.159715157680573,10.055951169888083,1.083418107833164,0.0,0.0,0.0,0.0,0.0,0.0,0.0,0.0,0.0,0.0,0.0,0.0,0.0,0.0,0.0,0.0,0.0
77700,4029,2118,0.5256887565152644,1002,792,0.44527177959791514,1087,0.5395879870935716,0.426,3.0,3.1233158727250636,6.570093457943925,2.217652836540279,9340.628948581725,1413.1185509024162,7853.0,10737.836059808731,10682.866399355888,17.046218847256654,7853.0,0.0,28.352196574832465,21.280380925296353,33.470640569395016,19.488066225576276,0.14048150905931994,0.10151402333085133,0.08835939439066766,0.08538098783817324,0.08389178456192603,0.07222635889798958,0.06205013651030032,0.06254653760238273,0.06353933978654754,0.050881111938446265,0.04765450483991065,0.0387192851824274,0.034996276991809384,0.027798461156614544,0.018366840407048897,0.012906428394142468,0.008687019111442046,0.917139823456265,0.022941524441612616,0.0,0.0,0.0,0.0,0.0,0.0,0.0,0.0,0.0,0.0,0.0,0.0,0.0,0.0,0.0,0.0,0.0,0.0,0.0,0.0,0.0,0.0,0.0,0.0,0.0,0.36485480268056597,6.656738644825021,15.658972449739393,6.8577810871183935,0.4616530156366345,4.255679630342703,2.9252152700916785,nan,nan,nan,4.316199376947041,2.949420854096453,4.196496572734197,2.9001278807104636,0.9722666184393194,0.3604,0.02039,0.0,0.0,0.0,0.0,0.0,0.0,0.0,0.0,0.0372300819061802,2.620997766195086,15.860014892032765,10.692479523454935,0.7818317200297843,0.007446016381236041,0.0,0.0,0.0,0.0,0.0,0.0,0.0,0.0,0.0,0.0,0.0,0.0,0.0,0.0,0.0,0.0,nan,nan,4.255679630342703,2.9252152700916785,nan,0.3604,0.1169,0.0,0.0,0.0,0.0,0.0,0.0,0.0,0.0,0.0,1.2410027302060064e-05,0.00026061057334326136,0.0,0.0006453214197071234,0.009344750558451229,0.003052866716306776,0.01970712335567138,0.0025936957061305534,0.013588979895755771,0.00974187143211715,0.027674360883593943,0.007309506080913378,0.03061553735418218,0.008823529411764706,0.00982874162323157,0.02102258624968975,0.03430131546289402,0.01909903201787044,0.04281459419210722,0.03073963762720278,0.04508562918838421,0.0034375775626706378,0.0470464135021097,0.02278481012658228,0.033705634152395136,0.03850831471829238,0.037391412261106975,0.06331595929511045,0.02105981633159593,0.025515016133035494,0.00982874162323157,0.014904442789774137,0.018615040953090096,0.026408538098783817,0.019409282700421943,0.015289153636138,0.04601638123603872,0.035629188384214444,0.031384959046909904,0.01758500868701911,0.010734673616281956,0.011379995035989078,0.007557706626954579,0.00577066269545793,0.010933234053114917,0.007011665425663937,0.015810374782824523,0.007321916108215438,0.013799950359890793,0.0037974683544303796,0.006850335070737156,0.01167783569123852,0.0005212211466865227,0.005956813104988831,0.0006825515016133035,0.001129312484487466,0.010672623479771656,0.0035120377264829983,2.4820054604120128e-05,0.0002109704641350211,0.0005460412012906428,0.0,0.0,0.0,0.0,0.0,0.0,0.0,0.0,0.0,0.0,0.0,0.0,0.0,0.0,0.0,0.0,0.0,0.0,0.0,0.0,0.0,0.0,0.0,0.0,0.0,0.0,0.0,0.0,0.0,0.0,0.0,nan,nan,4.255679630342703,2.9252152700916785,nan,0.91736383453307,0.022750694941353334,0.0,0.0,0.0,0.0,0.0,0.0,0.0,0.0,0.0,0.0,0.0,0.0,0.0,0.0,0.0,0.0,0.0,0.0,0.0,0.0,0.0,0.0,0.0,0.0,0.0,0.3541076487252125,6.558073654390936,15.79320113314448,6.827195467422098,0.46742209631728054,0.916891547443354,0.023148654381451726,0.0,0.0,0.0,0.0,0.0,0.0,0.0,0.0,0.0,0.0,0.0,0.0,0.0,0.0,0.0,0.0,0.0,0.0,0.0,0.0,0.0,0.0,0.0,0.0,0.0,0.3767660910518054,6.766091051805339,15.510204081632656,6.891679748822608,0.4552590266875982,0.3604,0.01999,0.0,0.0,0.0,0.0,0.0,0.0,0.0,0.0,0.028328611898017005,2.4220963172804537,16.203966005665727,10.481586402266274,0.8640226628895187,0.0,0.0,0.0,0.0,0.0,0.0,0.0,0.0,0.0,0.0,0.0,0.0,0.0,0.0,0.0,0.0,0.0,0.3604,0.0208,0.0,0.0,0.0,0.0,0.0,0.0,0.0,0.0,0.04709576138147568,2.841444270015699,15.47880690737834,10.92621664050234,0.6907378335949765,0.015698587127158558,0.0,0.0,0.0,0.0,0.0,0.0,0.0,0.0,0.0,0.0,0.0,0.0,0.0,0.0,0.0,0.0
77800,4113,2089,0.5079017748601994,950,841,0.43544857768052514,1133,0.5509360564065159,0.418,2.960474308300395,3.1940562036302107,6.8397790055248615,2.2352692635213347,9290.793523499342,1415.2976036166006,7853.0,10742.448726534843,10683.849574989368,16.622560771150624,7853.0,0.0,27.331631412594213,20.947816183497,32.55148137283661,19.225050996236167,0.14806710430342815,0.11013858497447118,0.09700948212983224,0.07658643326039387,0.07974714320447363,0.07828835399951374,0.06710430342815463,0.058837831266715296,0.05592025285679553,0.05081449063943593,0.04570872842207634,0.03549720398735716,0.03525407245319718,0.025528811086797956,0.020909311937758326,0.00899586676391928,0.0055920252856795525,0.9176827811018092,0.02263469025230701,0.0,0.0,0.0,0.0,0.0,0.0,0.0,0.0,0.0,0.0,0.0,0.0,0.0,0.0,0.0,0.0,0.0,0.0,0.0,0.0,0.0,0.0,0.0,0.0,0.0,0.3792851932895698,6.061269146608317,16.3311451495259,6.761487964989061,0.4668125455871628,4.400855365474339,2.929957225986482,nan,nan,nan,4.425349922239502,2.9105820756471603,4.375875486381323,2.9500975569277874,0.9888202206090989,0.3613,0.01996,0.0,0.0,0.0,0.0,0.0,0.0,0.0,0.0,0.03646973012399709,2.414296134208607,15.80598103574034,10.999270605397504,0.7366885485047412,0.0072939460247994185,0.0,0.0,0.0,0.0,0.0,0.0,0.0,0.0,0.0,0.0,0.0,0.0,0.0,0.0,0.0,0.0,nan,nan,4.400855365474339,2.929957225986482,nan,0.3613,0.1171,0.0,0.0,0.0,0.0,0.0,0.0,0.0,0.0,0.0,0.0,0.00029175784099197665,6.0782883539995136e-05,0.0005713591052759543,0.00911743253099927,0.0029297349866277654,0.018137612448334547,0.0029175784099197666,0.014709457816678824,0.010333090201799172,0.026902504254801847,0.0069657184536834425,0.031193775832725503,0.00888645757354729,0.008558230002431316,0.02014344760515439,0.03329686360320934,0.018538779479698515,0.04476051543885242,0.032664721614393384,0.04437150498419645,0.0034524677850717236,0.04567225869195234,0.02351081935327012,0.03396547532214928,0.04072453197179674,0.036311694626793095,0.060162898127887186,0.021638706540238268,0.02563822027716995,0.00950644298565524,0.014296134208606856,0.018952103087770483,0.028215414539265744,0.018696814976902506,0.015925115487478728,0.04903963044006808,0.0337466569414053,0.030294189156333577,0.016058837831266715,0.01088013615365913,0.01089229273036713,0.006442985655239484,0.006017505470459519,0.012351081935327012,0.006941405300267445,0.017554096766350596,0.007160223681011427,0.013639679066374909,0.004084609773887673,0.008011184050571359,0.010782883539995137,0.0005956722586919523,0.007099440797471432,0.0005713591052759543,0.0009725261366399222,0.010661317772915147,0.003172866520787746,1.2156576707999027e-05,0.0003039144176999757,0.0006929248723559446,0.0,0.0,0.0,0.0,0.0,0.0,0.0,0.0,0.0,0.0,0.0,0.0,0.0,0.0,0.0,0.0,0.0,0.0,0.0,0.0,0.0,0.0,0.0,0.0,0.0,0.0,0.0,0.0,0.0,0.0,0.0,nan,nan,4.400855365474339,2.929957225986482,nan,0.9176930076999491,0.02251258631295868,0.0,0.0,0.0,0.0,0.0,0.0,0.0,0.0,0.0,0.0,0.0,0.0,0.0,0.0,0.0,0.0,0.0,0.0,0.0,0.0,0.0,0.0,0.0,0.0,0.0,0.4164672091910006,5.887984681665871,16.51507898516037,6.82144566778363,0.3590234561991384,0.9176722260803102,0.022760023743465113,0.0,0.0,0.0,0.0,0.0,0.0,0.0,0.0,0.0,0.0,0.0,0.0,0.0,0.0,0.0,0.0,0.0,0.0,0.0,0.0,0.0,0.0,0.0,0.0,0.0,0.34090909090909094,6.2401185770751,16.14130434782609,6.699604743083006,0.5780632411067195,0.3618,0.01952,0.0,0.0,0.0,0.0,0.0,0.0,0.0,0.0,0.014360938247965537,2.1541407371948305,15.955002393489712,11.158449018669204,0.7180469123982768,0.0,0.0,0.0,0.0,0.0,0.0,0.0,0.0,0.0,0.0,0.0,0.0,0.0,0.0,0.0,0.0,0.0,0.3606,0.0204,0.0,0.0,0.0,0.0,0.0,0.0,0.0,0.0,0.059288537549407126,2.6828063241106723,15.652173913043482,10.834980237154134,0.7559288537549408,0.014822134387351782,0.0,0.0,0.0,0.0,0.0,0.0,0.0,0.0,0.0,0.0,0.0,0.0,0.0,0.0,0.0,0.0
77900,4408,2248,0.5099818511796733,1064,880,0.44101633393829404,1218,0.5526315789473685,0.39799999999999996,3.0199074074074073,3.1581863042207234,6.653846153846154,2.2054822315691545,9296.52409216675,1415.0397062493157,7853.0,10748.568932771683,10683.540123786048,16.938041939595887,7853.0,0.0,28.05285843920145,20.825547338698378,32.858870967741936,19.114024767466105,0.13702359346642468,0.10049909255898366,0.09482758620689655,0.0866606170598911,0.07713248638838476,0.07690562613430127,0.06715063520871144,0.06420145190562614,0.0603448275862069,0.05421960072595281,0.048548094373865695,0.03561705989110708,0.03470961887477314,0.02676950998185118,0.020871143375680582,0.008847549909255898,0.0056715063520871144,0.9169032539219043,0.022386529389240278,0.0,0.0,0.0,0.0,0.0,0.0,0.0,0.0,0.0,0.0,0.0,0.0,0.0,0.0,0.0,0.0,0.0,0.0,0.0,0.0,0.0,0.0,0.0,0.0,0.0,0.3402903811252269,6.438294010889294,16.37477313974592,6.438294010889294,0.4083484573502723,4.315024805102764,2.900361847721629,nan,nan,nan,4.280259365994237,2.9065635634355633,4.348675034867504,2.8939486812504933,1.0159840007399588,0.3616,0.02058,0.0,0.0,0.0,0.0,0.0,0.0,0.0,0.0,0.006805807622504539,2.4364791288566248,15.530852994555357,11.113883847549893,0.9051724137931036,0.006805807622504539,0.0,0.0,0.0,0.0,0.0,0.0,0.0,0.0,0.0,0.0,0.0,0.0,0.0,0.0,0.0,0.0,nan,nan,4.315024805102764,2.900361847721629,nan,0.3616,0.11676,0.0,0.0,0.0,0.0,0.0,0.0,0.0,0.0,0.0,0.0,0.00020417422867513612,3.402903811252269e-05,0.0007259528130671506,0.007509074410163339,0.0029038112522686023,0.018579854809437385,0.0028130671506352086,0.015188294010889293,0.009777676950998185,0.027382032667876588,0.0068398366606170595,0.03206669691470054,0.008983666061705989,0.008461887477313974,0.021211433756805807,0.030852994555353903,0.01770644283121597,0.04306941923774955,0.034289927404718694,0.043897459165154265,0.0028924682395644282,0.04474818511796733,0.023536751361161526,0.03451678765880218,0.042661070780399275,0.035741833030852994,0.0588021778584392,0.023672867513611615,0.029310344827586206,0.008144283121597096,0.014065335753176044,0.01845508166969147,0.03022912885662432,0.017751814882032667,0.014382940108892923,0.052109800362976404,0.03406306715063521,0.027994555353901995,0.01625453720508167,0.012624773139745917,0.011172867513611615,0.00566016333938294,0.006590290381125227,0.010821234119782214,0.006987295825771325,0.016129764065335752,0.007395644283121597,0.014450998185117967,0.00397005444646098,0.007406987295825771,0.009709618874773139,0.0007599818511796734,0.008541288566243194,0.0008847549909255898,0.0005331215970961888,0.01059437386569873,0.0027903811252268603,2.2686025408348456e-05,0.00046506352087114335,0.0006125226860254084,4.537205081669691e-05,0.0,0.0,0.0,0.0,0.0,0.0,0.0,0.0,0.0,0.0,0.0,0.0,0.0,0.0,0.0,0.0,0.0,0.0,0.0,0.0,0.0,0.0,0.0,0.0,0.0,0.0,0.0,0.0,0.0,0.0,nan,nan,4.315024805102764,2.900361847721629,nan,0.9168838501718969,0.022788026985374032,0.0,0.0,0.0,0.0,0.0,0.0,0.0,0.0,0.0,0.0,0.0,0.0,0.0,0.0,0.0,0.0,0.0,0.0,0.0,0.0,0.0,0.0,0.0,0.0,0.0,0.41370106761565845,6.4857651245551615,16.201067615658367,6.5258007117437735,0.37366548042704634,0.9169234481950601,0.021960862652735686,0.0,0.0,0.0,0.0,0.0,0.0,0.0,0.0,0.0,0.0,0.0,0.0,0.0,0.0,0.0,0.0,0.0,0.0,0.0,0.0,0.0,0.0,0.0,0.0,0.0,0.26388888888888895,6.38888888888889,16.55555555555556,6.347222222222224,0.44444444444444453,0.362,0.02074,0.0,0.0,0.0,0.0,0.0,0.0,0.0,0.0,0.01334519572953737,2.4154804270462638,15.06672597864769,11.490213523131656,1.01423487544484,0.0,0.0,0.0,0.0,0.0,0.0,0.0,0.0,0.0,0.0,0.0,0.0,0.0,0.0,0.0,0.0,0.0,0.3608,0.0204,0.0,0.0,0.0,0.0,0.0,0.0,0.0,0.0,0.0,2.458333333333334,16.013888888888893,10.722222222222207,0.7916666666666669,0.013888888888888892,0.0,0.0,0.0,0.0,0.0,0.0,0.0,0.0,0.0,0.0,0.0,0.0,0.0,0.0,0.0,0.0
78000,4495,2358,0.5245828698553949,1123,909,0.45205784204671856,1276,0.567741935483871,0.40199999999999997,3.087973795039775,3.0404741987966633,6.337858220211161,2.0345135753280483,9337.78189501659,1413.544055387847,7853.0,10738.775110244751,10683.404842281412,16.921462504682065,7853.0,0.0,28.742157953281424,21.114583107768734,33.55552638487792,19.332171919867186,0.13303670745272525,0.09254727474972191,0.09543937708565073,0.08631813125695217,0.08275862068965517,0.07230255839822025,0.064293659621802,0.06362625139043382,0.060289210233592884,0.05494994438264739,0.0507230255839822,0.042269187986651836,0.03648498331479422,0.02625139043381535,0.020022246941045607,0.00978865406006674,0.008898776418242492,0.9174899130827593,0.023282907592413415,0.0,0.0,0.0,0.0,0.0,0.0,0.0,0.0,0.0,0.0,0.0,0.0,0.0,0.0,0.0,0.0,0.0,0.0,0.0,0.0,0.0,0.0,0.0,0.0,0.0,0.42046718576195785,6.5005561735261415,15.543937708565075,7.054505005561737,0.48053392658509464,4.301517706576728,2.9123475675543253,nan,nan,nan,4.217185385656292,2.9069097248300393,4.383580080753701,2.9155174200062013,1.0394563387380025,0.361,0.0197,0.0,0.0,0.0,0.0,0.0,0.0,0.0,0.0,0.02002224694104561,2.302558398220245,15.977753058954397,10.898776418242475,0.8008898776418244,0.0,0.0,0.0,0.0,0.0,0.0,0.0,0.0,0.0,0.0,0.0,0.0,0.0,0.0,0.0,0.0,0.0,nan,nan,4.301517706576728,2.9123475675543253,nan,0.361,0.11646,0.0,0.0,0.0,0.0,0.0,0.0,0.0,0.0,0.0,0.0,0.00043381535038932145,5.5617352614015575e-05,0.0007230255839822024,0.0071412680756396,0.003292547274749722,0.01904338153503893,0.00253615127919911,0.01513904338153504,0.010600667408231368,0.026162402669632927,0.00542825361512792,0.030155728587319245,0.008353726362625139,0.010088987764182425,0.02174638487208009,0.031946607341490546,0.019877641824249167,0.042046718576195775,0.03552836484983315,0.04375973303670745,0.00253615127919911,0.046017797552836484,0.024338153503893213,0.033971078976640715,0.043225806451612905,0.03546162402669633,0.055650723025583985,0.026407119021134594,0.030622914349276973,0.006718576195773081,0.013047830923248054,0.016907675194660732,0.03050055617352614,0.017185761957730812,0.014115684093437152,0.05339265850945495,0.03248053392658509,0.02936596218020022,0.0157174638487208,0.014048943270300334,0.010845383759733037,0.005127919911012236,0.00628476084538376,0.011512791991101223,0.007041156840934371,0.017575083426028922,0.007030033370411568,0.01436040044493882,0.0038264738598442712,0.0073526140155728585,0.008476084538375974,0.000878754171301446,0.00810901001112347,0.0007563959955506118,0.0005228031145717464,0.010767519466073416,0.002458286985539488,8.898776418242492e-05,0.00042269187986651834,0.0007452725250278087,3.3370411568409345e-05,1.1123470522803115e-05,0.0,0.0,0.0,0.0,0.0,0.0,0.0,0.0,0.0,0.0,0.0,0.0,0.0,0.0,0.0,0.0,0.0,0.0,0.0,0.0,0.0,0.0,0.0,0.0,0.0,0.0,0.0,0.0,0.0,nan,nan,4.301517706576728,2.9123475675543253,nan,0.9174609072790801,0.023203690933611576,0.0,0.0,0.0,0.0,0.0,0.0,0.0,0.0,0.0,0.0,0.0,0.0,0.0,0.0,0.0,0.0,0.0,0.0,0.0,0.0,0.0,0.0,0.0,0.0,0.0,0.3689567430025446,6.539440203562343,15.508905852417305,7.048346055979645,0.534351145038168,0.9175219185507404,0.023369963137680107,0.0,0.0,0.0,0.0,0.0,0.0,0.0,0.0,0.0,0.0,0.0,0.0,0.0,0.0,0.0,0.0,0.0,0.0,0.0,0.0,0.0,0.0,0.0,0.0,0.0,0.47730463266261125,6.457650912494152,15.582592419279367,7.0613008890968665,0.4211511464670099,0.3613,0.01952,0.0,0.0,0.0,0.0,0.0,0.0,0.0,0.0,0.012722646310432573,2.251908396946565,15.966921119592879,11.11959287531805,0.6488549618320612,0.0,0.0,0.0,0.0,0.0,0.0,0.0,0.0,0.0,0.0,0.0,0.0,0.0,0.0,0.0,0.0,0.0,0.361,0.0199,0.0,0.0,0.0,0.0,0.0,0.0,0.0,0.0,0.02807674309780066,2.3584464202152553,15.989705194197477,10.655124005615333,0.9686476368741228,0.0,0.0,0.0,0.0,0.0,0.0,0.0,0.0,0.0,0.0,0.0,0.0,0.0,0.0,0.0,0.0,0.0
78100,4270,2186,0.511943793911007,991,865,0.4346604215456675,1176,0.5508196721311476,0.434,2.8814779270633397,3.144452892977387,6.799256505576208,2.2278733181142694,9301.662823936029,1414.5120713685742,7853.0,10744.48080420494,10682.730218758848,16.736909652562286,7853.0,0.0,27.469320843091335,21.025820420689936,32.5564606741573,19.33869215948857,0.1449648711943794,0.10070257611241218,0.10046838407494145,0.08782201405152225,0.08454332552693208,0.06908665105386416,0.07049180327868852,0.05807962529274005,0.054566744730679156,0.047775175644028105,0.04332552693208431,0.041920374707259955,0.03231850117096019,0.026932084309133488,0.020374707259953162,0.009836065573770493,0.006791569086651054,0.9158929744006878,0.0227904312759743,0.0,0.0,0.0,0.0,0.0,0.0,0.0,0.0,0.0,0.0,0.0,0.0,0.0,0.0,0.0,0.0,0.0,0.0,0.0,0.0,0.0,0.0,0.0,0.0,0.007025761124121782,0.40046838407494156,6.864168618266981,15.920374707259956,6.372365339578456,0.43559718969555045,4.296707362190159,2.9300666673933207,nan,nan,nan,4.328159645232816,2.992266098819891,4.265185185185185,2.866028831327896,0.9854500607164541,0.3618,0.021,0.0,0.0,0.0,0.0,0.0,0.0,0.0,0.0,0.014051522248243563,2.704918032786886,14.94379391100703,11.339578454332536,0.9836065573770494,0.014051522248243563,0.0,0.0,0.0,0.0,0.0,0.0,0.0,0.0,0.0,0.0,0.0,0.0,0.0,0.0,0.0,0.0,nan,nan,4.296707362190159,2.9300666673933207,nan,0.3618,0.1159,0.0,0.0,0.0,0.0,0.0,0.0,0.0,0.0,0.0,0.0,0.0001756440281030445,0.0003044496487119438,0.0006791569086651054,0.007868852459016393,0.0031498829039812645,0.018992974238875877,0.0027166276346604215,0.014789227166276347,0.009754098360655737,0.026733021077283373,0.005269320843091335,0.02838407494145199,0.007459016393442623,0.01050351288056206,0.022037470725995316,0.02860655737704918,0.02040983606557377,0.0431615925058548,0.03428571428571429,0.04256440281030445,0.0038758782201405153,0.0465807962529274,0.02484777517564403,0.03286885245901639,0.046522248243559716,0.033044496487119435,0.05366510538641686,0.026721311475409838,0.031943793911007025,0.00765807962529274,0.014285714285714285,0.0185480093676815,0.030117096018735363,0.017985948477751756,0.014648711943793911,0.05223653395784544,0.031861826697892275,0.02981264637002342,0.016545667447306792,0.01395784543325527,0.011264637002341921,0.005,0.006639344262295082,0.010936768149882904,0.006850117096018736,0.01895784543325527,0.007833723653395784,0.013782201405152225,0.0037353629976580797,0.007177985948477752,0.007775175644028103,0.001206088992974239,0.008302107728337237,0.0006908665105386417,0.000585480093676815,0.009355971896955504,0.0030327868852459017,0.0001990632318501171,0.0002810304449648712,0.0007142857142857143,0.0,0.0001053864168618267,0.0,0.0,0.0,0.0,0.0,0.0,0.0,0.0,0.0,0.0,0.0,0.0,0.0,0.0,0.0,0.0,0.0,0.0,0.0,0.0,0.0,0.0,0.0,0.0,0.0,0.0,0.0,0.0,0.0,nan,nan,4.296707362190159,2.9300666673933207,nan,0.9158239494412729,0.02244732583456374,0.0,0.0,0.0,0.0,0.0,0.0,0.0,0.0,0.0,0.0,0.0,0.0,0.0,0.0,0.0,0.0,0.0,0.0,0.0,0.0,0.0,0.0,0.0,0.0,0.0,0.3568161024702654,6.75205855443733,16.262580054894787,6.2168344007319325,0.41171088746569084,0.9159653777410339,0.023144643424456168,0.0,0.0,0.0,0.0,0.0,0.0,0.0,0.0,0.0,0.0,0.0,0.0,0.0,0.0,0.0,0.0,0.0,0.0,0.0,0.0,0.0,0.0,0.0,0.0,0.014395393474088296,0.44625719769673716,6.9817658349328235,15.561420345489447,6.535508637236086,0.46065259117082547,0.3616,0.02069,0.0,0.0,0.0,0.0,0.0,0.0,0.0,0.0,0.0,2.580054894784996,15.329368709972556,11.075022872827065,1.0018298261665144,0.013723696248856361,0.0,0.0,0.0,0.0,0.0,0.0,0.0,0.0,0.0,0.0,0.0,0.0,0.0,0.0,0.0,0.0,0.362,0.02129,0.0,0.0,0.0,0.0,0.0,0.0,0.0,0.0,0.02879078694817659,2.8358925143953937,14.539347408829178,11.617082533589233,0.9644913627639158,0.014395393474088296,0.0,0.0,0.0,0.0,0.0,0.0,0.0,0.0,0.0,0.0,0.0,0.0,0.0,0.0,0.0,0.0
78200,4375,2269,0.5186285714285714,1048,882,0.44114285714285717,1209,0.5526857142857143,0.43,2.9985754985754984,3.2024886250223874,6.766839378238342,2.2121986016081663,9320.582059786824,1413.9431473500551,7853.0,10745.333240628242,10682.736232510953,17.684537410626707,7853.0,0.0,27.765028571428573,20.944391404022653,32.728189749182114,19.24059915178632,0.14331428571428573,0.09874285714285715,0.09942857142857142,0.088,0.07611428571428572,0.07085714285714285,0.06811428571428571,0.06491428571428572,0.059885714285714285,0.0496,0.050057142857142856,0.03611428571428572,0.03497142857142857,0.021714285714285714,0.018514285714285716,0.0112,0.008457142857142858,0.9172264903068542,0.023373827542149048,0.0,0.0,0.0,0.0,0.0,0.0,0.0,0.0,0.0,0.0,0.0,0.0,0.0,0.0,0.0,0.0,0.0,0.0,0.0,0.0,0.0,0.0,0.0,0.0,0.0068571428571428585,0.486857142857143,6.555428571428573,15.64114285714286,6.78857142857143,0.5211428571428572,4.33142448103078,2.9715364655078784,nan,nan,nan,4.335734870317003,3.0226745831726785,4.329537366548043,2.91985767206489,0.9985705989977872,0.3606,0.02075,0.0,0.0,0.0,0.0,0.0,0.0,0.0,0.0,0.034285714285714294,2.8320000000000007,15.428571428571432,10.793142857142842,0.9051428571428574,0.0068571428571428585,0.0,0.0,0.0,0.0,0.0,0.0,0.0,0.0,0.0,0.0,0.0,0.0,0.0,0.0,0.0,0.0,nan,nan,4.33142448103078,2.9715364655078784,nan,0.3606,0.1159,0.0,0.0,0.0,0.0,0.0,0.0,0.0,0.0,0.0,1.1428571428571429e-05,0.00022857142857142857,0.0004,0.00072,0.007862857142857144,0.0033485714285714286,0.019908571428571428,0.0032685714285714284,0.014502857142857144,0.01009142857142857,0.02617142857142857,0.004742857142857143,0.03131428571428571,0.006971428571428571,0.010365714285714285,0.022514285714285716,0.030297142857142856,0.018605714285714284,0.04298285714285714,0.03276571428571429,0.04393142857142857,0.004228571428571429,0.04722285714285714,0.02552,0.03376,0.04809142857142857,0.0328,0.05273142857142857,0.02597714285714286,0.028982857142857144,0.008217142857142857,0.0136,0.019154285714285714,0.02934857142857143,0.01824,0.01416,0.05301714285714286,0.030525714285714284,0.02889142857142857,0.016662857142857142,0.01504,0.011085714285714286,0.00448,0.007737142857142857,0.01166857142857143,0.006285714285714286,0.018148571428571427,0.008697142857142856,0.013657142857142857,0.003337142857142857,0.00648,0.007565714285714286,0.0012914285714285714,0.007188571428571429,0.0004914285714285715,0.0005257142857142857,0.00992,0.0034514285714285714,0.00019428571428571428,0.00016,0.00041142857142857143,0.0,4.5714285714285716e-05,0.0,0.0,0.0,0.0,0.0,0.0,0.0,0.0,0.0,0.0,0.0,0.0,0.0,0.0,0.0,0.0,0.0,0.0,0.0,0.0,0.0,0.0,0.0,0.0,0.0,0.0,0.0,0.0,0.0,nan,nan,4.33142448103078,2.9715364655078784,nan,0.9167898850274958,0.023664262979177564,0.0,0.0,0.0,0.0,0.0,0.0,0.0,0.0,0.0,0.0,0.0,0.0,0.0,0.0,0.0,0.0,0.0,0.0,0.0,0.0,0.0,0.0,0.0,0.0,0.013221683561040108,0.5685323931247247,6.703393565447335,15.350374614367565,6.888497135301897,0.4759806081974439,0.9176968879226493,0.023047565160757424,0.0,0.0,0.0,0.0,0.0,0.0,0.0,0.0,0.0,0.0,0.0,0.0,0.0,0.0,0.0,0.0,0.0,0.0,0.0,0.0,0.0,0.0,0.0,0.0,0.0,0.398860398860399,6.396011396011398,15.954415954415959,6.680911680911683,0.5698005698005699,0.3606,0.02077,0.0,0.0,0.0,0.0,0.0,0.0,0.0,0.0,0.013221683561040108,2.9484354341119445,15.310709563684446,10.78889378580871,0.9387395328338477,0.0,0.0,0.0,0.0,0.0,0.0,0.0,0.0,0.0,0.0,0.0,0.0,0.0,0.0,0.0,0.0,0.0,0.3606,0.02072,0.0,0.0,0.0,0.0,0.0,0.0,0.0,0.0,0.056980056980056995,2.706552706552707,15.555555555555559,10.797720797720782,0.8689458689458691,0.014245014245014249,0.0,0.0,0.0,0.0,0.0,0.0,0.0,0.0,0.0,0.0,0.0,0.0,0.0,0.0,0.0,0.0
78300,4855,2475,0.509783728115345,1138,1024,0.44531410916580844,1385,0.5705458290422245,0.39799999999999996,2.9533613445378153,3.0808314323909833,6.52790346907994,2.157883503671556,9295.824022077188,1414.9137327671688,7853.0,10748.663504838943,10683.266920074646,16.861033328205128,7853.0,0.0,27.919052523171988,20.852397697399358,32.776908023483365,19.142378653092972,0.13614830072090628,0.10051493305870236,0.09721936148300721,0.08877445932028837,0.08032955715756952,0.07147270854788877,0.06673532440782698,0.06879505664263645,0.05540679711637487,0.054170957775489186,0.046961894953656026,0.037075180226570546,0.03316168898043254,0.02760041194644696,0.01956745623069001,0.010710607621009269,0.005355303810504634,0.9176268900950831,0.02274131924723702,0.0,0.0,0.0,0.0,0.0,0.0,0.0,0.0,0.0,0.0,0.0,0.0,0.0,0.0,0.0,0.0,0.0,0.0,0.0,0.0,0.0,0.0,0.0,0.0,0.0,0.38928939237899085,6.3398558187435645,15.911431513903196,6.90834191555098,0.45108135942327504,4.339537869062901,2.868802631978865,nan,nan,nan,4.3114860480207655,2.885719352660043,4.364675984752224,2.8513217230711754,1.0123367989920495,0.3608,0.01996,0.0,0.0,0.0,0.0,0.0,0.0,0.0,0.0,0.030895983522142127,2.4469618949536565,16.12770339855819,10.659114315139018,0.7229660144181258,0.012358393408856852,0.0,0.0,0.0,0.0,0.0,0.0,0.0,0.0,0.0,0.0,0.0,0.0,0.0,0.0,0.0,0.0,nan,nan,4.339537869062901,2.868802631978865,nan,0.3608,0.11615,0.0,0.0,0.0,0.0,0.0,0.0,0.0,2.0597322348094746e-05,0.0,0.0,0.00022657054582904222,0.0005046343975283214,0.000690010298661174,0.007929969104016478,0.003439752832131823,0.019618949536560248,0.0034809474768280123,0.014737384140061791,0.009279093717816683,0.0276519052523172,0.004500514933058702,0.031678681771369725,0.007013388259526261,0.010267765190525231,0.021791967044284242,0.029660144181256436,0.01819773429454171,0.04564366632337796,0.03211122554067971,0.04343975283213182,0.004654994850669413,0.04717816683831102,0.024881565396498457,0.03505664263645726,0.047435633367662204,0.030916580844490216,0.05270854788877446,0.025664263645726056,0.028928939237899073,0.008074150360453142,0.014212152420185377,0.01749742533470649,0.030102986611740472,0.01866117404737384,0.014191555097837281,0.053480947476828015,0.02898043254376931,0.029237899073120494,0.01572605561277034,0.014778578784757981,0.011050463439752831,0.0039752832131822865,0.008516992790937178,0.011946446961894954,0.006127703398558187,0.01969104016477858,0.009031925849639548,0.014335736354273945,0.0034294541709577755,0.007415036045314109,0.008300720906282184,0.0014315139031925849,0.00752832131822863,0.0007826982492276004,0.00048403707518022656,0.008032955715756952,0.0028321318228630276,0.00016477857878475797,0.00016477857878475797,0.0002677651905252317,0.0,0.0002368692070030896,0.0,0.0,0.0,0.0,0.0,0.0,0.0,0.0,0.0,0.0,0.0,0.0,0.0,0.0,0.0,0.0,0.0,0.0,0.0,0.0,0.0,0.0,0.0,0.0,0.0,0.0,0.0,0.0,0.0,nan,nan,4.339537869062901,2.868802631978865,nan,0.9175437540719004,0.0227439695726584,0.0,0.0,0.0,0.0,0.0,0.0,0.0,0.0,0.0,0.0,0.0,0.0,0.0,0.0,0.0,0.0,0.0,0.0,0.0,0.0,0.0,0.0,0.0,0.0,0.0,0.4242424242424243,6.327272727272729,15.793939393939397,7.018181818181819,0.43636363636363645,0.9177133445729728,0.022738240400851154,0.0,0.0,0.0,0.0,0.0,0.0,0.0,0.0,0.0,0.0,0.0,0.0,0.0,0.0,0.0,0.0,0.0,0.0,0.0,0.0,0.0,0.0,0.0,0.0,0.0,0.3529411764705883,6.35294117647059,16.033613445378155,6.794117647058825,0.46638655462184886,0.3608,0.01999,0.0,0.0,0.0,0.0,0.0,0.0,0.0,0.0,0.03636363636363637,2.521212121212122,15.660606060606064,11.127272727272711,0.6424242424242426,0.012121212121212125,0.0,0.0,0.0,0.0,0.0,0.0,0.0,0.0,0.0,0.0,0.0,0.0,0.0,0.0,0.0,0.0,0.3606,0.01991,0.0,0.0,0.0,0.0,0.0,0.0,0.0,0.0,0.025210084033613453,2.3697478991596643,16.613445378151262,10.17226890756301,0.8067226890756305,0.012605042016806726,0.0,0.0,0.0,0.0,0.0,0.0,0.0,0.0,0.0,0.0,0.0,0.0,0.0,0.0,0.0,0.0
78400,4830,2526,0.5229813664596273,1192,952,0.44389233954451346,1340,0.5548654244306418,0.414,3.0234375,3.1336501373946883,6.571641791044776,2.189548169170795,9332.758341954139,1413.2909052430487,7853.0,10737.841772437096,10682.46666335649,16.881113520775653,7853.0,0.0,28.416770186335405,20.9918649411883,33.147216796875,19.281859215149428,0.13105590062111802,0.1,0.094824016563147,0.08405797101449275,0.07971014492753623,0.07867494824016563,0.07080745341614907,0.061076604554865424,0.059006211180124224,0.054865424430641824,0.0474120082815735,0.038923395445134575,0.03084886128364389,0.03064182194616977,0.019254658385093167,0.011801242236024845,0.007039337474120083,0.9175955374665389,0.02304785743376761,0.0,0.0,0.0,0.0,0.0,0.0,0.0,0.0,0.0,0.0,0.0,0.0,0.0,0.0,0.0,0.0,0.0,0.0,0.0,0.0,0.0,0.0,0.0,0.0,0.0,0.4161490683229815,6.080745341614908,16.32298136645963,6.664596273291927,0.5155279503105591,4.226391096979333,2.9144020179245858,nan,nan,nan,4.23715916296766,2.9348562832495166,4.215561224489796,2.8936441065962684,0.9949027313709081,0.3596,0.02069,0.0,0.0,0.0,0.0,0.0,0.0,0.0,0.0,0.03105590062111802,3.1055900621118018,15.92546583850932,10.21739130434781,0.720496894409938,0.0,0.0,0.0,0.0,0.0,0.0,0.0,0.0,0.0,0.0,0.0,0.0,0.0,0.0,0.0,0.0,0.0,nan,nan,4.226391096979333,2.9144020179245858,nan,0.3596,0.116,0.0,0.0,0.0,0.0,0.0,0.0,0.0,0.0,0.0,0.0,9.316770186335404e-05,0.0008902691511387164,0.0009834368530020703,0.008850931677018633,0.002991718426501035,0.019730848861283644,0.004140786749482402,0.015755693581780538,0.007919254658385094,0.026677018633540373,0.005124223602484472,0.03212215320910973,0.007225672877846791,0.011180124223602485,0.022712215320910972,0.03296066252587992,0.01943064182194617,0.04437888198757764,0.030434782608695653,0.045693581780538305,0.005320910973084886,0.043861283643892336,0.021521739130434783,0.03602484472049689,0.04595238095238095,0.0315527950310559,0.05074534161490683,0.025486542443064183,0.02912008281573499,0.0070600414078674945,0.014699792960662527,0.017494824016563146,0.03453416149068323,0.017867494824016564,0.014440993788819875,0.05429606625258799,0.029627329192546584,0.025786749482401658,0.015900621118012423,0.015486542443064182,0.01087991718426501,0.004182194616977226,0.010207039337474121,0.011977225672877847,0.00598343685300207,0.01815734989648033,0.009710144927536232,0.013923395445134575,0.004409937888198758,0.006987577639751553,0.0072049689440993785,0.0013768115942028986,0.006759834368530021,0.0007246376811594203,0.0003830227743271222,0.007701863354037267,0.002370600414078675,8.281573498964803e-05,0.00022774327122153208,0.0004347826086956522,0.0,0.0002380952380952381,0.0,0.0,0.0,0.0,0.0,0.0,0.0,0.0,0.0,0.0,0.0,0.0,0.0,0.0,0.0,0.0,0.0,0.0,0.0,0.0,0.0,0.0,0.0,0.0,0.0,0.0,0.0,0.0,0.0,nan,nan,4.226391096979333,2.9144020179245858,nan,0.9172284209765995,0.02286192535300427,0.0,0.0,0.0,0.0,0.0,0.0,0.0,0.0,0.0,0.0,0.0,0.0,0.0,0.0,0.0,0.0,0.0,0.0,0.0,0.0,0.0,0.0,0.0,0.0,0.0,0.42755344418052266,6.270783847980999,16.23515439429929,6.5795724465558205,0.486935866983373,0.917998027159936,0.0232433337564208,0.0,0.0,0.0,0.0,0.0,0.0,0.0,0.0,0.0,0.0,0.0,0.0,0.0,0.0,0.0,0.0,0.0,0.0,0.0,0.0,0.0,0.0,0.0,0.0,0.0,0.4036458333333334,5.872395833333335,16.419270833333336,6.757812500000002,0.5468750000000001,0.3599,0.02043,0.0,0.0,0.0,0.0,0.0,0.0,0.0,0.0,0.02375296912114015,2.9572446555819485,16.033254156769598,10.356294536817087,0.629453681710214,0.0,0.0,0.0,0.0,0.0,0.0,0.0,0.0,0.0,0.0,0.0,0.0,0.0,0.0,0.0,0.0,0.0,0.3591,0.02098,0.0,0.0,0.0,0.0,0.0,0.0,0.0,0.0,0.03906250000000001,3.2682291666666674,15.80729166666667,10.065104166666652,0.8203125000000002,0.0,0.0,0.0,0.0,0.0,0.0,0.0,0.0,0.0,0.0,0.0,0.0,0.0,0.0,0.0,0.0,0.0
78500,4954,2537,0.5121114251110214,1224,1030,0.4549858700040371,1429,0.5769075494549859,0.36999999999999994,2.9007033512618947,3.0090312828537926,6.3210227272727275,2.1157716944698537,9302.438256084582,1414.7946527436336,7853.0,10744.953598499298,10683.31813978834,16.75580885330909,7853.0,0.0,28.563786838918045,20.898230552896262,33.21152478064975,19.165240796842678,0.13019781994348,0.09911182882519176,0.09103754541784416,0.086596689543803,0.08155026241421073,0.07266855066612839,0.0682276947920872,0.062373839321760195,0.06378683891804603,0.05591441259588212,0.050867985466289865,0.04178441663302382,0.03512313282196205,0.027856277755349212,0.015744852644327817,0.009285425918449738,0.007872426322163908,0.9174088740786767,0.022796884536790678,0.0,0.0,0.0,0.0,0.0,0.0,0.0,0.0,0.0,0.0,0.0,0.0,0.0,0.0,0.0,0.0,0.0,0.0,0.0,0.0,0.0,0.0,0.0,0.0,0.0,0.3936213161081955,6.285829632620106,16.09608397254744,6.818732337505048,0.4057327412192169,4.121592649310873,2.8165300579974173,nan,nan,nan,4.199511897498475,2.7776849396335415,4.043050430504305,2.8529980853389194,0.9627429399384797,0.3616,0.0207,0.0,0.0,0.0,0.0,0.0,0.0,0.0,0.0,0.024222850222042798,2.6100121114251116,15.32700847799758,11.045619701251498,0.9870811465482441,0.0060557125555106995,0.0,0.0,0.0,0.0,0.0,0.0,0.0,0.0,0.0,0.0,0.0,0.0,0.0,0.0,0.0,0.0,nan,nan,4.121592649310873,2.8165300579974173,nan,0.3616,0.1161,0.0,0.0,0.0,0.0,0.0,0.0,0.0,0.0,0.0,1.0092854259184498e-05,8.074283407347598e-05,0.0006257569640694389,0.0011203068227694792,0.007256762212353654,0.003229713362939039,0.019216794509487285,0.003017763423496165,0.014261203068227694,0.008689947517157853,0.024495357287040775,0.004834477190149374,0.03194388373031894,0.006812676624949536,0.010991118288251918,0.02439442874444893,0.0350928542591845,0.019781994348001614,0.045236172789664915,0.028330641905530883,0.0446608800968914,0.004925312878482035,0.042854259184497374,0.021941865159467097,0.0383427533306419,0.045710536939846586,0.031509890997174,0.04979814291481631,0.02625151392813888,0.028562777553492128,0.007690754945498587,0.014533710133225677,0.018903916027452564,0.035002018570851834,0.017208316511909568,0.013655631812676625,0.053774727492935,0.029945498587000404,0.0252624142107388,0.0151695599515543,0.017440452159870813,0.0105470327008478,0.0037646346386758177,0.010264432781590635,0.012262817924909164,0.006065805409769883,0.01916633023819136,0.010163504238998788,0.014866774323778765,0.0040876059749697215,0.00713564796124344,0.007418247880500606,0.001968106580540977,0.00673193379087606,0.0003431570448122729,0.0004238998788857489,0.00845781186919661,0.002291077916834881,2.0185708518368996e-05,0.0003633427533306419,0.0006863140896245458,0.0,0.0004037141703673799,0.0,0.0,0.0,0.0,0.0,0.0,0.0,0.0,0.0,0.0,0.0,0.0,0.0,0.0,0.0,0.0,0.0,0.0,0.0,0.0,0.0,0.0,0.0,0.0,0.0,0.0,0.0,0.0,0.0,nan,nan,4.121592649310873,2.8165300579974173,nan,0.9169942869132647,0.022289632720408743,0.0,0.0,0.0,0.0,0.0,0.0,0.0,0.0,0.0,0.0,0.0,0.0,0.0,0.0,0.0,0.0,0.0,0.0,0.0,0.0,0.0,0.0,0.0,0.0,0.0,0.3192747339377218,6.456444619629485,16.472211273157274,6.4091446590461185,0.3429247142294049,0.9178440448021563,0.023309522530328926,0.0,0.0,0.0,0.0,0.0,0.0,0.0,0.0,0.0,0.0,0.0,0.0,0.0,0.0,0.0,0.0,0.0,0.0,0.0,0.0,0.0,0.0,0.0,0.0,0.0,0.4716590815059993,6.106743897393464,15.70128258171287,7.248655357881673,0.4716590815059993,0.3616,0.02054,0.0,0.0,0.0,0.0,0.0,0.0,0.0,0.0,0.023649980291683095,2.506897910918408,15.218762317698072,11.340165549862027,0.9105242412297991,0.0,0.0,0.0,0.0,0.0,0.0,0.0,0.0,0.0,0.0,0.0,0.0,0.0,0.0,0.0,0.0,0.0,0.3613,0.0209,0.0,0.0,0.0,0.0,0.0,0.0,0.0,0.0,0.024824162184526277,2.7182457592056277,15.440628878775344,10.736450144807598,1.06743897393463,0.012412081092263138,0.0,0.0,0.0,0.0,0.0,0.0,0.0,0.0,0.0,0.0,0.0,0.0,0.0,0.0,0.0,0.0
78600,4528,2362,0.5216431095406361,1126,923,0.45251766784452296,1262,0.5574204946996466,0.418,2.9178208679593722,3.045770580287607,6.440734557595993,2.110331560082498,9329.356222937022,1413.8293341882877,7853.0,10748.50348520279,10683.203631438964,17.089127863531566,7853.0,0.0,27.891121908127207,20.673003742167086,32.679748822605966,18.938662819414134,0.13780918727915195,0.09916077738515901,0.09319787985865724,0.08392226148409894,0.0812720848056537,0.07597173144876325,0.07310070671378092,0.06890459363957598,0.06205830388692579,0.04770318021201413,0.04836572438162544,0.0353356890459364,0.03401060070671378,0.026501766784452298,0.01678445229681979,0.009717314487632508,0.006183745583038869,0.9177034567027968,0.022649154660993025,0.0,0.0,0.0,0.0,0.0,0.0,0.0,0.0,0.0,0.0,0.0,0.0,0.0,0.0,0.0,0.0,0.0,0.0,0.0,0.0,0.0,0.0,0.0,0.0,0.0,0.3577738515901061,6.208038869257952,15.980565371024738,6.983215547703182,0.4704063604240284,4.203407155025554,2.852272230189581,nan,nan,nan,4.213406292749658,2.8329477907528404,4.193482688391039,2.8712893269497184,0.9952713783161848,0.3613,0.02026,0.0,0.0,0.0,0.0,0.0,0.0,0.0,0.0,0.0,2.643551236749117,15.331272084805656,11.289752650176663,0.7287985865724383,0.006625441696113076,0.0,0.0,0.0,0.0,0.0,0.0,0.0,0.0,0.0,0.0,0.0,0.0,0.0,0.0,0.0,0.0,nan,nan,4.203407155025554,2.852272230189581,nan,0.3613,0.1158,0.0,0.0,0.0,0.0,0.0,0.0,0.0,0.0,0.0,2.2084805653710246e-05,0.0,0.0005079505300353357,0.0013140459363957598,0.007464664310954064,0.0033568904593639574,0.018761042402826854,0.002871024734982332,0.015702296819787985,0.008734540636042403,0.024801236749116606,0.0046267667844522966,0.03227694346289753,0.006007067137809187,0.010810512367491166,0.025784010600706713,0.03333701413427562,0.01845185512367491,0.04549469964664311,0.02801457597173145,0.04392667844522968,0.005554328621908127,0.04553886925795053,0.022007508833922263,0.035943021201413426,0.04546157243816255,0.03127208480565371,0.05138030035335689,0.02575088339222615,0.027815812720848057,0.008844964664310954,0.012533127208480566,0.019003975265017667,0.0355565371024735,0.017557420494699646,0.014034893992932862,0.05269434628975265,0.029715106007067137,0.02713118374558304,0.015094964664310954,0.01922482332155477,0.010457155477031802,0.004405918727915194,0.010545494699646643,0.012190812720848057,0.00672482332155477,0.01872791519434629,0.009617932862190813,0.014885159010600706,0.0044942579505300355,0.005521201413427562,0.006890459363957597,0.002418286219081272,0.0063604240282685515,0.0003864840989399293,0.0003202296819787986,0.008646201413427562,0.0016784452296819787,2.2084805653710246e-05,0.00024293286219081273,0.0005631625441696113,0.0,0.0005189929328621908,0.0,0.0,0.0,0.0,0.0,0.0,0.0,0.0,0.0,0.0,0.0,0.0,0.0,0.0,0.0,0.0,0.0,0.0,0.0,0.0,0.0,0.0,0.0,0.0,0.0,0.0,0.0,0.0,0.0,nan,nan,4.203407155025554,2.852272230189581,nan,0.9174828153611441,0.022998867611756447,0.0,0.0,0.0,0.0,0.0,0.0,0.0,0.0,0.0,0.0,0.0,0.0,0.0,0.0,0.0,0.0,0.0,0.0,0.0,0.0,0.0,0.0,0.0,0.0,0.0,0.40643522438611357,6.261642675698562,15.7493649449619,7.125317527519053,0.45723962743437774,0.9179440637429556,0.022259042587990645,0.0,0.0,0.0,0.0,0.0,0.0,0.0,0.0,0.0,0.0,0.0,0.0,0.0,0.0,0.0,0.0,0.0,0.0,0.0,0.0,0.0,0.0,0.0,0.0,0.0,0.30470914127423826,6.149584487534628,16.232686980609422,6.8282548476454314,0.4847645429362882,0.3608,0.0202,0.0,0.0,0.0,0.0,0.0,0.0,0.0,0.0,0.0,2.7815410668924647,15.609652836579173,10.961049957662983,0.6350550381033023,0.012701100762066049,0.0,0.0,0.0,0.0,0.0,0.0,0.0,0.0,0.0,0.0,0.0,0.0,0.0,0.0,0.0,0.0,0.3616,0.0203,0.0,0.0,0.0,0.0,0.0,0.0,0.0,0.0,0.0,2.493074792243768,15.027700831024934,11.648199445983362,0.8310249307479226,0.0,0.0,0.0,0.0,0.0,0.0,0.0,0.0,0.0,0.0,0.0,0.0,0.0,0.0,0.0,0.0,0.0
78700,4381,2274,0.5190595754393974,1022,895,0.4375713307464049,1213,0.5537548504907556,0.434,3.0664451827242525,3.169226261943416,6.8019966722129785,2.0692815491789944,9322.04843967983,1414.1301292517971,7853.0,10737.50981259346,10683.211615759601,16.964506901047617,7853.0,0.0,28.460853686372975,21.24695574905785,33.415176151761514,19.487720754344846,0.1394658753709199,0.094270714448756,0.09883588221867154,0.090162063455832,0.07486875142661492,0.06665144944076695,0.06528189910979229,0.0650536407212965,0.05957543939739785,0.049760328692079435,0.052955946131020316,0.03971695959826524,0.03583656699383703,0.029217073727459485,0.01871718785665373,0.012097694590276193,0.007532526820360649,0.9160478891533984,0.023476276702787735,0.0,0.0,0.0,0.0,0.0,0.0,0.0,0.0,0.0,0.0,0.0,0.0,0.0,0.0,0.0,0.0,0.0,0.0,0.0,0.0,0.0,0.0,0.0,0.0,0.006847751654873318,0.4861903674960056,6.847751654873318,15.797763067792745,6.382104542341933,0.47934261584113225,4.346562721474132,2.946550894723235,nan,nan,nan,4.3170559094125975,3.0001131085758277,4.376153300212917,2.891538124591608,1.0136892808525986,0.3616,0.01967,0.0,0.0,0.0,0.0,0.0,0.0,0.0,0.0,0.006847751654873318,2.177585026249715,15.832001826067112,11.257703720611715,0.7121661721068251,0.013695503309746636,0.0,0.0,0.0,0.0,0.0,0.0,0.0,0.0,0.0,0.0,0.0,0.0,0.0,0.0,0.0,0.0,nan,nan,4.346562721474132,2.946550894723235,nan,0.3616,0.1157,0.0,0.0,0.0,0.0,0.0,0.0,0.0,3.423875827436658e-05,9.130335539831088e-05,1.141291942478886e-05,0.0,0.0005820588906642319,0.0011412919424788862,0.007874914403104314,0.00410865099292399,0.018420451951609223,0.002841816936772426,0.014368865555809176,0.009096096781556722,0.024001369550330973,0.004040173476375257,0.0321730198584798,0.00601460853686373,0.011652590732709427,0.0273567678612189,0.033713763980826296,0.017690025108422734,0.04270714448755992,0.02868066651449441,0.04275279616525907,0.005158639580004565,0.04451038575667656,0.021501940196302215,0.03605341246290801,0.045332115955261355,0.03370235106140151,0.05278475233964848,0.024218215019401964,0.02882903446701666,0.009438484364300387,0.014425930152933121,0.019105227117096554,0.03583656699383703,0.015578635014836795,0.01401506505364072,0.053435288746861445,0.029217073727459485,0.025416571559004793,0.017267747089705545,0.017975348094042456,0.011241725633417028,0.004724948641862589,0.010168911207486876,0.013033553983108879,0.006767861218899794,0.017621547591874002,0.009895001141291942,0.016708514037890893,0.00421136726774709,0.005101574982880621,0.005683633873544852,0.0028532298561972152,0.0059233051814654184,0.0003195617438940881,0.00018260671079662176,0.009050445103857567,0.001894544624514951,0.0,0.00025108422734535494,0.0007874914403104314,0.0,0.00042227801871718785,0.0,0.0,0.0,0.0,0.0,0.0,0.0,0.0,0.0,0.0,0.0,0.0,0.0,0.0,0.0,0.0,0.0,0.0,0.0,0.0,0.0,0.0,0.0,0.0,0.0,0.0,0.0,0.0,0.0,nan,nan,4.346562721474132,2.946550894723235,nan,0.9166335580688668,0.023579128840911682,0.0,0.0,0.0,0.0,0.0,0.0,0.0,0.0,0.0,0.0,0.0,0.0,0.0,0.0,0.0,0.0,0.0,0.0,0.0,0.0,0.0,0.0,0.0,0.0,0.0,0.38258575197889194,7.005277044854883,15.514511873350926,6.517150395778366,0.5804749340369394,0.9154158003476202,0.023348286684548157,0.0,0.0,0.0,0.0,0.0,0.0,0.0,0.0,0.0,0.0,0.0,0.0,0.0,0.0,0.0,0.0,0.0,0.0,0.0,0.0,0.0,0.0,0.0,0.0,0.014238253440911251,0.5980066445182726,6.677740863787377,16.103464641670627,6.236355007119128,0.37019458946369255,0.3618,0.01991,0.0,0.0,0.0,0.0,0.0,0.0,0.0,0.0,0.01319261213720317,2.269129287598945,15.646437994722959,11.240105540897082,0.8179419525065965,0.01319261213720317,0.0,0.0,0.0,0.0,0.0,0.0,0.0,0.0,0.0,0.0,0.0,0.0,0.0,0.0,0.0,0.0,0.3616,0.01941,0.0,0.0,0.0,0.0,0.0,0.0,0.0,0.0,0.0,2.0787850023730425,16.03227337446607,11.276696725201694,0.5980066445182726,0.014238253440911251,0.0,0.0,0.0,0.0,0.0,0.0,0.0,0.0,0.0,0.0,0.0,0.0,0.0,0.0,0.0,0.0
78800,4587,2407,0.5247438412906039,1139,937,0.4525833878351864,1275,0.5559189012426422,0.426,2.9522935779816515,3.107333625865723,6.654700854700855,2.092824359424598,9338.04683952236,1413.3407132398136,7853.0,10739.220893383026,10683.041484374351,17.01536297458891,7853.0,0.0,27.698713756267715,20.65851591986108,32.559128630705395,18.94243928008533,0.1366906474820144,0.10638761717898408,0.09003706126008285,0.08981905384783083,0.07979071288423806,0.07128842380640942,0.07434052757793765,0.07259646827992151,0.05123174187922389,0.04970568999345978,0.04752561587093961,0.04163941574013517,0.03182908218879442,0.022018748637453674,0.01896664486592544,0.010028340963592761,0.006104207543056464,0.9167742586899926,0.022624170536276522,0.0,0.0,0.0,0.0,0.0,0.0,0.0,0.0,0.0,0.0,0.0,0.0,0.0,0.0,0.0,0.0,0.0,0.0,0.0,0.0,0.0,0.0,0.0,0.0,0.006540222367560499,0.3727926749509484,6.278613472858079,16.317854807063444,6.6252452583387855,0.3989535644211904,4.296509657743138,2.9448537062523688,nan,nan,nan,4.327781479013991,2.9536426670943388,4.265010351966874,2.936201781300794,0.9854957725219022,0.361,0.01979,0.0,0.0,0.0,0.0,0.0,0.0,0.0,0.0,0.006540222367560499,2.387181164159582,15.676913015042514,11.196860693263556,0.7259646827992153,0.006540222367560499,0.0,0.0,0.0,0.0,0.0,0.0,0.0,0.0,0.0,0.0,0.0,0.0,0.0,0.0,0.0,0.0,nan,nan,4.296509657743138,2.9448537062523688,nan,0.361,0.1159,0.0,0.0,0.0,0.0,0.0,0.0,0.0,3.2701111837802485e-05,0.00020710704163941573,1.0900370612600829e-05,0.0,0.0012426422498364943,0.0013516459559625028,0.008567691301504251,0.00407673860911271,0.01881403967734903,0.002289077828646174,0.013788968824940047,0.009766732068890342,0.02327229125790277,0.004948768258120776,0.03136036625245258,0.006834532374100719,0.011685197296708088,0.028580771746239374,0.03216699367778504,0.017985611510791366,0.0434815783736647,0.028362764333987357,0.04260954872465664,0.005014170481796381,0.0433943754087639,0.021593634183562242,0.03800959232613909,0.044157401351645954,0.03199258774798343,0.05079572705471986,0.025376062786134728,0.030967952910398954,0.008534990189666448,0.012698931763679965,0.02091781120558099,0.034270765206017004,0.01619795073032483,0.013658164377588837,0.051765860039241336,0.030292129932417703,0.025724874645737954,0.02128842380640942,0.017745803357314148,0.010616960976673208,0.005166775670372793,0.009374318726836712,0.012600828428166557,0.00736865053411816,0.01871593634183562,0.009679529103989535,0.015097013298452148,0.0033137126662306517,0.0038369304556354917,0.006703727926749509,0.002212775234357968,0.006365816437758884,0.000446915195116634,0.00014170481796381076,0.00894920427294528,0.0020710704163941574,1.0900370612600829e-05,0.00020710704163941573,0.0008720296490080662,0.0,0.00041421408327883146,0.0,0.0,0.0,0.0,0.0,0.0,0.0,0.0,0.0,0.0,0.0,0.0,0.0,0.0,0.0,0.0,0.0,0.0,0.0,0.0,0.0,0.0,0.0,0.0,0.0,0.0,0.0,0.0,0.0,nan,nan,4.296509657743138,2.9448537062523688,nan,0.9164618865355051,0.022762668205379907,0.0,0.0,0.0,0.0,0.0,0.0,0.0,0.0,0.0,0.0,0.0,0.0,0.0,0.0,0.0,0.0,0.0,0.0,0.0,0.0,0.0,0.0,0.0,0.0,0.0,0.43622766929788126,6.25675114250104,16.36476942251766,6.4810968009970935,0.4611549646863316,0.9171191576697411,0.022465214900861334,0.0,0.0,0.0,0.0,0.0,0.0,0.0,0.0,0.0,0.0,0.0,0.0,0.0,0.0,0.0,0.0,0.0,0.0,0.0,0.0,0.0,0.0,0.0,0.0,0.01376146788990826,0.3027522935779817,6.302752293577983,16.266055045871564,6.784403669724773,0.33027522935779824,0.3616,0.01988,0.0,0.0,0.0,0.0,0.0,0.0,0.0,0.0,0.01246364769422518,2.2933111757374327,15.554632322393024,11.441628583298696,0.6855006231823849,0.01246364769422518,0.0,0.0,0.0,0.0,0.0,0.0,0.0,0.0,0.0,0.0,0.0,0.0,0.0,0.0,0.0,0.0,0.3606,0.01968,0.0,0.0,0.0,0.0,0.0,0.0,0.0,0.0,0.0,2.4908256880733948,15.81192660550459,10.92660550458714,0.7706422018348625,0.0,0.0,0.0,0.0,0.0,0.0,0.0,0.0,0.0,0.0,0.0,0.0,0.0,0.0,0.0,0.0,0.0
78900,4765,2456,0.5154249737670514,1197,962,0.45309548793284365,1309,0.5494228751311647,0.40199999999999997,2.8796015591165007,3.0962983273472653,6.6790923824959485,2.089745082177083,9311.622148725319,1414.3452211997364,7853.0,10731.446996808052,10682.940773076605,16.28469963910519,7853.0,0.0,27.47240293809024,20.71247030728314,32.65689742294088,18.897933792939718,0.14795383001049317,0.0963273871983211,0.09171038824763904,0.0875131164742917,0.08814270724029381,0.07198321091290662,0.07261280167890871,0.06190975865687303,0.05813221406086044,0.05036726128016789,0.04323189926547744,0.041343126967471146,0.02875131164742917,0.027492130115424975,0.015949632738719834,0.010912906610703044,0.005666316894018888,0.9173071280856698,0.022651017334289376,0.0,0.0,0.0,0.0,0.0,0.0,0.0,0.0,0.0,0.0,0.0,0.0,0.0,0.0,0.0,0.0,0.0,0.0,0.0,0.0,0.0,0.0,0.0,0.0,0.0,0.4784889821615951,6.05666316894019,16.230849947534107,6.793284365162646,0.44071353620146914,4.272518833933836,2.961664903569841,nan,nan,nan,4.250325945241199,2.9757685932136644,4.297760210803689,2.946091444421087,1.0111601477565737,0.3608,0.01982,0.0,0.0,0.0,0.0,0.0,0.0,0.0,0.0,0.044071353620146914,2.499475341028332,15.783840503672616,11.01154249737669,0.6610703043022037,0.0,0.0,0.0,0.0,0.0,0.0,0.0,0.0,0.0,0.0,0.0,0.0,0.0,0.0,0.0,0.0,0.0,nan,nan,4.272518833933836,2.961664903569841,nan,0.3608,0.11566,0.0,0.0,0.0,0.0,0.0,0.0,0.0,4.1972717733473244e-05,0.00026232948583420777,2.0986358866736622e-05,0.0,0.0011017838405036726,0.0010598111227701993,0.007481636935991605,0.0046065057712486885,0.02006295907660021,0.002465897166841553,0.01429171038824764,0.009496327387198321,0.02266526757607555,0.0050891920251836305,0.02962224554039874,0.0064008394543546695,0.013305351521511018,0.028656873032528857,0.0340398740818468,0.017880377754459602,0.04250786988457503,0.027502623294858343,0.04310598111227702,0.004837355718782791,0.04329485834207765,0.02087093389296957,0.037408184679958024,0.04448058761804827,0.031028331584470093,0.05097586568730325,0.028467995802728227,0.030776495278069256,0.009076600209863589,0.011720881427072402,0.02087093389296957,0.03499475341028332,0.01707240293809024,0.014008394543546694,0.05300104931794334,0.030104931794333684,0.026379853095487932,0.020996852046169988,0.016673662119622245,0.010734522560335781,0.00608604407135362,0.007796432318992655,0.01291710388247639,0.006232948583420776,0.017544596012591816,0.009632738719832109,0.01359916054564533,0.003504721930745016,0.00304302203567681,0.007901364113326337,0.002203567681007345,0.006736621196222456,0.00033578174186778596,0.00011542497376705142,0.009716684155299056,0.001752360965372508,0.0,0.00023084994753410284,0.000776495278069255,0.0,0.0004302203567681007,0.0,0.0,0.0,0.0,0.0,0.0,0.0,0.0,0.0,0.0,0.0,0.0,0.0,0.0,0.0,0.0,0.0,0.0,0.0,0.0,0.0,0.0,0.0,0.0,0.0,0.0,0.0,0.0,0.0,nan,nan,4.272518833933836,2.961664903569841,nan,0.9168478858927174,0.02229106969159512,0.0,0.0,0.0,0.0,0.0,0.0,0.0,0.0,0.0,0.0,0.0,0.0,0.0,0.0,0.0,0.0,0.0,0.0,0.0,0.0,0.0,0.0,0.0,0.0,0.0,0.41530944625407173,6.4128664495114025,16.197068403908798,6.657166123778503,0.31758957654723136,0.9177956074385892,0.023017652369569524,0.0,0.0,0.0,0.0,0.0,0.0,0.0,0.0,0.0,0.0,0.0,0.0,0.0,0.0,0.0,0.0,0.0,0.0,0.0,0.0,0.0,0.0,0.0,0.0,0.0,0.5456907752273713,5.677782589865744,16.26678215677783,6.9380684278908635,0.5716760502381985,0.361,0.01944,0.0,0.0,0.0,0.0,0.0,0.0,0.0,0.0,0.024429967426710105,2.2109120521172643,16.123778501628667,11.054560260586303,0.5863192182410424,0.0,0.0,0.0,0.0,0.0,0.0,0.0,0.0,0.0,0.0,0.0,0.0,0.0,0.0,0.0,0.0,0.0,0.3606,0.02022,0.0,0.0,0.0,0.0,0.0,0.0,0.0,0.0,0.064963187527068,2.806409701169338,15.422260718925946,10.965786054569062,0.7405803378085754,0.0,0.0,0.0,0.0,0.0,0.0,0.0,0.0,0.0,0.0,0.0,0.0,0.0,0.0,0.0,0.0,0.0
79000,4601,2422,0.5264073027602695,1139,895,0.44207780917191913,1244,0.5407520104325146,0.418,3.0114731528223957,3.097521042556015,6.533011272141707,2.04796480764077,9342.80297079332,1413.1451090179673,7853.0,10741.882383823395,10683.133554343543,16.914984639247933,7853.0,0.0,28.621603999130624,21.345219371969193,33.581077597318895,19.573186481836746,0.13866550749836992,0.0988915453162356,0.09367528798087373,0.08019995653118887,0.07759182786350793,0.07411432297326669,0.06346446424690284,0.06759400130406433,0.05759617474462073,0.052379917409258854,0.05042382090849815,0.03846989784829385,0.03955661812649424,0.02716800695500978,0.020430341230167355,0.012605955227124538,0.007172353836122582,0.9178619064525064,0.023014692385391076,0.0,0.0,0.0,0.0,0.0,0.0,0.0,0.0,0.0,0.0,0.0,0.0,0.0,0.0,0.0,0.0,0.0,0.0,0.0,0.0,0.0,0.0,0.0,0.0,0.006520321669202349,0.4694631601825691,5.803086285590091,16.202999347967836,7.009345794392525,0.5085850901977832,4.313273152791709,2.917193469500015,nan,nan,nan,4.254729729729729,2.8364146205953307,4.370615486432826,2.993093232705509,1.0272369255074771,0.3613,0.02081,0.0,0.0,0.0,0.0,0.0,0.0,0.0,0.0,0.013040643338404698,2.8102586394262126,15.048902412519022,11.188871984351213,0.9324059986959359,0.006520321669202349,0.0,0.0,0.0,0.0,0.0,0.0,0.0,0.0,0.0,0.0,0.0,0.0,0.0,0.0,0.0,0.0,nan,nan,4.313273152791709,2.917193469500015,nan,0.3613,0.116,0.0,0.0,0.0,0.0,0.0,0.0,0.0,0.0,0.0002825472723321017,2.1734405564007825e-05,1.0867202782003912e-05,0.0010758530754183873,0.0011953923060204303,0.007346229080634645,0.004955444468593784,0.020104325146707236,0.0025320582482069114,0.014355574875027168,0.008791567050641165,0.0241686589871767,0.005205390132579874,0.028015648772006085,0.005422734188219952,0.014344707672245164,0.02986307324494675,0.033492718974136054,0.017452727667898283,0.041349706585524885,0.028852423386220388,0.0427624429471854,0.004846772440773745,0.04271897413605738,0.020017387524451206,0.036231254075201044,0.04381656161703978,0.033797000652032165,0.04968485111932189,0.029830471636600738,0.030797652684199088,0.010312975440121712,0.010823733970875897,0.019560965007607043,0.033699195826994134,0.016594218648119975,0.014648989350141273,0.0511193218865464,0.029765268419908716,0.02605955227124538,0.02174527276678983,0.01735492284286025,0.01188871984351228,0.0060965007607041944,0.00810693327537492,0.013181916974570745,0.006574657683112367,0.018376439904368616,0.010541186698543795,0.012736361660508585,0.003933927407085416,0.0037709193653553577,0.008128667680938926,0.0020539013257987395,0.0068898065637904805,0.0004129537057161487,0.00033688328624212127,0.009041512714627255,0.0011193218865464029,0.0,0.00011953923060204303,0.001238861117148446,1.0867202782003912e-05,0.0004129537057161487,0.0,0.0,0.0,0.0,0.0,0.0,0.0,0.0,0.0,0.0,0.0,0.0,0.0,0.0,0.0,0.0,0.0,0.0,0.0,0.0,0.0,0.0,0.0,0.0,0.0,0.0,0.0,0.0,0.0,nan,nan,4.313273152791709,2.917193469500015,nan,0.9175120212636045,0.023432673308369286,0.0,0.0,0.0,0.0,0.0,0.0,0.0,0.0,0.0,0.0,0.0,0.0,0.0,0.0,0.0,0.0,0.0,0.0,0.0,0.0,0.0,0.0,0.0,0.0,0.01238645747316268,0.5573905862923205,5.945499587118086,16.18909991742362,6.738232865400497,0.5573905862923205,0.9182508105036861,0.02253463093457939,0.0,0.0,0.0,0.0,0.0,0.0,0.0,0.0,0.0,0.0,0.0,0.0,0.0,0.0,0.0,0.0,0.0,0.0,0.0,0.0,0.0,0.0,0.0,0.0,0.0,0.3717301514456174,5.644791188618634,16.218448829738417,7.310692978430474,0.4543368517668656,0.3606,0.02081,0.0,0.0,0.0,0.0,0.0,0.0,0.0,0.0,0.02477291494632536,2.96036333608588,15.136251032204793,10.974401321222114,0.9042113955408755,0.0,0.0,0.0,0.0,0.0,0.0,0.0,0.0,0.0,0.0,0.0,0.0,0.0,0.0,0.0,0.0,0.0,0.3618,0.0208,0.0,0.0,0.0,0.0,0.0,0.0,0.0,0.0,0.0,2.6434144102799455,14.951812758145941,11.427260211105995,0.9637448370812302,0.013767783386874717,0.0,0.0,0.0,0.0,0.0,0.0,0.0,0.0,0.0,0.0,0.0,0.0,0.0,0.0,0.0,0.0
79100,4469,2340,0.5236070709330947,1089,879,0.44036697247706424,1226,0.5486686059521145,0.41,3.047909816815406,3.1599829656511838,6.7197346600331676,2.2161906710518067,9335.448025277621,1414.0869423020688,7853.0,10745.881685972214,10684.222318361406,17.1549237132302,7853.0,0.0,28.367643768180802,21.218017994171895,33.29163346613546,19.490330537217226,0.1362720966659208,0.10158872230924144,0.09107182814947415,0.08614902662788096,0.08167375251734169,0.07272320429626315,0.07205191317968225,0.060639964197807115,0.05526963526515999,0.048556724099351085,0.051241888565674645,0.04206757663906914,0.03222197359588275,0.026851644663235624,0.021705079436115462,0.012754531215036922,0.0071604385768628325,0.9185036968453988,0.02295093177401711,0.0,0.0,0.0,0.0,0.0,0.0,0.0,0.0,0.0,0.0,0.0,0.0,0.0,0.0,0.0,0.0,0.0,0.0,0.0,0.0,0.0,0.0,0.0,0.0,0.006712911165808908,0.35578429178787213,5.947639292906692,15.889460729469683,7.236518236742002,0.5638845379279482,4.26873920552677,2.963037750504612,nan,nan,nan,4.2704011065006915,3.0342983091902926,4.267080745341615,2.890172748693357,0.9992224708929515,0.3613,0.02068,0.0,0.0,0.0,0.0,0.0,0.0,0.0,0.0,0.03356455582904454,2.644886999328709,15.23830834638622,11.217274558066665,0.865965540389349,0.0,0.0,0.0,0.0,0.0,0.0,0.0,0.0,0.0,0.0,0.0,0.0,0.0,0.0,0.0,0.0,0.0,nan,nan,4.26873920552677,2.963037750504612,nan,0.3613,0.1161,0.0,0.0,0.0,0.0,0.0,0.0,0.0,0.0,0.0005258447079883643,1.1188185276348177e-05,1.1188185276348177e-05,0.0013537704184381294,0.001711792347281271,0.007585589617364064,0.004251510405012307,0.020888341910942045,0.0030879391362720965,0.011020362497202953,0.007865294249272767,0.026538375475497873,0.005236070709330946,0.026717386439919444,0.005884985455359141,0.01429850078317297,0.029111658089057954,0.034940702618035356,0.018505258447079884,0.04121727455806668,0.027086596554038934,0.04325352427836205,0.004475274110539271,0.041441038263593646,0.021056164690087267,0.03598120384873574,0.04640859252629224,0.03181919892593421,0.050827925710449764,0.030051465652271202,0.030163347505034684,0.011266502573282614,0.010360259565898412,0.020396061758782724,0.032691877377489374,0.015283061087491608,0.014488699932870889,0.05080554933989707,0.02952562094428284,0.026862832848511972,0.022074289550234952,0.018863280375923025,0.011255314388006265,0.0068919221302304766,0.007898858805101813,0.013023047661669278,0.006052808234504364,0.019165361378384427,0.00956589841127769,0.012765719400313269,0.004117252181696129,0.0037032893264712465,0.008290445289773999,0.0018236742000447526,0.0071604385768628325,0.0003468337435667935,0.00011188185276348176,0.008614902662788096,0.0009174311926605505,0.0,7.831729693443723e-05,0.0017453569031103155,0.0,0.0005258447079883643,0.0,0.0,0.0,0.0,0.0,0.0,0.0,0.0,0.0,0.0,0.0,0.0,0.0,0.0,0.0,0.0,0.0,0.0,0.0,0.0,0.0,0.0,0.0,0.0,0.0,0.0,0.0,0.0,0.0,nan,nan,4.26873920552677,2.963037750504612,nan,0.9183236797395934,0.023285585281931715,0.0,0.0,0.0,0.0,0.0,0.0,0.0,0.0,0.0,0.0,0.0,0.0,0.0,0.0,0.0,0.0,0.0,0.0,0.0,0.0,0.0,0.0,0.0,0.0,0.012820512820512824,0.4230769230769232,6.000000000000002,15.769230769230772,7.102564102564104,0.6923076923076925,0.9187015550077213,0.022575734286608518,0.0,0.0,0.0,0.0,0.0,0.0,0.0,0.0,0.0,0.0,0.0,0.0,0.0,0.0,0.0,0.0,0.0,0.0,0.0,0.0,0.0,0.0,0.0,0.0,0.0,0.28182245185533117,5.890089243776423,16.021606387975577,7.3837482386096775,0.4227336777829968,0.3618,0.02042,0.0,0.0,0.0,0.0,0.0,0.0,0.0,0.0,0.025641025641025647,2.5000000000000004,14.820512820512823,11.80769230769229,0.8461538461538464,0.0,0.0,0.0,0.0,0.0,0.0,0.0,0.0,0.0,0.0,0.0,0.0,0.0,0.0,0.0,0.0,0.0,0.3606,0.02094,0.0,0.0,0.0,0.0,0.0,0.0,0.0,0.0,0.04227336777829968,2.8041333959605454,15.697510568341947,10.568341944574902,0.8877407233442933,0.0,0.0,0.0,0.0,0.0,0.0,0.0,0.0,0.0,0.0,0.0,0.0,0.0,0.0,0.0,0.0,0.0
79200,4610,2431,0.5273318872017354,1141,946,0.4527114967462039,1289,0.5592190889370933,0.41,2.9752179899036255,3.0799848145336775,6.519417475728155,2.231093521446865,9346.61997856119,1414.1444515344906,7853.0,10741.85368859768,10685.409749554537,17.493787916219336,7853.0,0.0,28.14490238611714,20.720918021303234,32.8803177857509,18.991076085578946,0.13210412147505424,0.09913232104121475,0.09696312364425162,0.08394793926247289,0.08655097613882863,0.0668112798264642,0.07114967462039046,0.0702819956616052,0.056616052060737526,0.055314533622559656,0.04815618221258135,0.03709327548806941,0.03774403470715835,0.023210412147505424,0.019522776572668113,0.010195227765726681,0.005206073752711497,0.9184715466876868,0.022909357864602454,0.0,0.0,0.0,0.0,0.0,0.0,0.0,0.0,0.0,0.0,0.0,0.0,0.0,0.0,0.0,0.0,0.0,0.0,0.0,0.0,0.0,0.0,0.0,0.0,0.006507592190889372,0.31236442516268986,6.058568329718006,15.663774403470718,7.509761388286336,0.44902386117136667,4.199266911029657,2.9150380752358505,nan,nan,nan,4.2217768871075485,2.9113339060549697,4.17686170212766,2.918547937927366,0.9893610708995422,0.363,0.02098,0.0,0.0,0.0,0.0,0.0,0.0,0.0,0.0,0.03253796095444686,2.3362255965292844,14.609544468546641,11.876355748373085,1.1388286334056401,0.006507592190889372,0.0,0.0,0.0,0.0,0.0,0.0,0.0,0.0,0.0,0.0,0.0,0.0,0.0,0.0,0.0,0.0,nan,nan,4.199266911029657,2.9150380752358505,nan,0.363,0.1158,0.0,0.0,0.0,0.0,0.0,0.0,0.0,0.0,0.000596529284164859,0.0,8.676789587852495e-05,0.0015184381778741865,0.0015835140997830803,0.0064750542299349245,0.003937093275488069,0.018720173535791758,0.002744034707158351,0.012537960954446854,0.009316702819956616,0.023101952277657267,0.005466377440347072,0.026268980477223428,0.006041214750542299,0.013080260303687636,0.02883947939262473,0.03620390455531453,0.019815618221258133,0.03867678958785249,0.026334056399132322,0.04206073752711497,0.005010845986984816,0.04158351409978308,0.02175704989154013,0.03773318872017353,0.04644251626898048,0.030791757049891542,0.04886117136659436,0.02990238611713666,0.031258134490238614,0.0113882863340564,0.010715835140997831,0.022635574837310195,0.031485900216919736,0.015281995661605206,0.01581344902386117,0.05122559652928416,0.029023861171366596,0.02899132321041215,0.020379609544468547,0.020759219088937093,0.011518438177874187,0.005607375271149674,0.00955531453362256,0.012234273318872018,0.006464208242950109,0.020140997830802605,0.010303687635574838,0.012537960954446854,0.004045553145336225,0.002744034707158351,0.008405639913232104,0.0013882863340563992,0.007494577006507592,9.761388286334057e-05,9.761388286334057e-05,0.009023861171366594,0.0011605206073752711,0.0,0.0001301518438177874,0.0020065075921908895,3.253796095444685e-05,0.0005422993492407809,0.0,0.0,2.1691973969631237e-05,0.0,0.0,0.0,0.0,0.0,0.0,0.0,0.0,0.0,0.0,0.0,0.0,0.0,0.0,0.0,0.0,0.0,0.0,0.0,0.0,0.0,0.0,0.0,0.0,0.0,0.0,nan,nan,4.199266911029657,2.9150380752358505,nan,0.9189927627254739,0.02353658584981015,0.0,0.0,0.0,0.0,0.0,0.0,0.0,0.0,0.0,0.0,0.0,0.0,0.0,0.0,0.0,0.0,0.0,0.0,0.0,0.0,0.0,0.0,0.0,0.0,0.012340600575894697,0.3825586178527356,5.9111476758535595,15.413410119292475,7.737556561085975,0.5429864253393666,0.9178900523380491,0.02217422246276701,0.0,0.0,0.0,0.0,0.0,0.0,0.0,0.0,0.0,0.0,0.0,0.0,0.0,0.0,0.0,0.0,0.0,0.0,0.0,0.0,0.0,0.0,0.0,0.0,0.0,0.23405231757687017,6.223038090867372,15.94309316200092,7.255621844882976,0.34419458467186786,0.3633,0.02089,0.0,0.0,0.0,0.0,0.0,0.0,0.0,0.0,0.03702180172768409,2.270670505964624,14.672974084738794,11.883998354586573,1.1229946524064174,0.012340600575894697,0.0,0.0,0.0,0.0,0.0,0.0,0.0,0.0,0.0,0.0,0.0,0.0,0.0,0.0,0.0,0.0,0.3628,0.02104,0.0,0.0,0.0,0.0,0.0,0.0,0.0,0.0,0.027535566773749433,2.409362092703075,14.5387792565397,11.867829279485987,1.1564938044974762,0.0,0.0,0.0,0.0,0.0,0.0,0.0,0.0,0.0,0.0,0.0,0.0,0.0,0.0,0.0,0.0,0.0
79300,4669,2464,0.527736131934033,1138,944,0.44591989719426,1326,0.5680017134289997,0.414,3.0852607709750566,3.1513572625771253,6.586854460093897,2.2541665742330004,9347.670302955592,1413.989661287125,7853.0,10753.047600388527,10685.230375202784,17.162411677068874,7853.0,0.0,28.19511672735061,20.876249357777393,33.15486500254712,19.055512130533664,0.1385735703576783,0.09638038123795245,0.0920968087384879,0.08460055686442493,0.08417219961447847,0.07153566074105805,0.06939387449132577,0.06575283786678089,0.055686442493039195,0.054615549368173054,0.049689440993788817,0.04240736774469908,0.03876633112015421,0.023345470122081817,0.016277575497965303,0.008567144998929107,0.008138787748982652,0.919361365048271,0.02236328483542176,0.0,0.0,0.0,0.0,0.0,0.0,0.0,0.0,0.0,0.0,0.0,0.0,0.0,0.0,0.0,0.0,0.0,0.0,0.0,0.0,0.0,0.0,0.0,0.0,0.0,0.27629042621546374,5.429428143071323,16.346112657956738,7.369886485328766,0.5782822874277148,4.275429326287979,2.9302938715546967,nan,nan,nan,4.224149432955303,2.954930050173601,4.327879581151833,2.9047636820103846,1.0245564580143078,0.3628,0.02092,0.0,0.0,0.0,0.0,0.0,0.0,0.0,0.0,0.019276076247590493,2.4544870421931897,14.759049046905123,11.617048618547852,1.1501392161062327,0.0,0.0,0.0,0.0,0.0,0.0,0.0,0.0,0.0,0.0,0.0,0.0,0.0,0.0,0.0,0.0,0.0,nan,nan,4.275429326287979,2.9302938715546967,nan,0.3628,0.11597,0.0,0.0,0.0,0.0,0.0,0.0,0.0,0.0,0.00035339473120582564,0.0,0.0001285071749839366,0.0016063396872992076,0.0013279074748340117,0.00719640179910045,0.0035446562433069178,0.01817305632897837,0.00309488113086314,0.013139858642107517,0.009723709573784536,0.025358749196830156,0.005279503105590062,0.02397729706575284,0.005686442493039194,0.013332619404583423,0.02569072606553866,0.037963161276504606,0.021139430284857572,0.0380488327264939,0.02568001713429,0.0435103876633112,0.005954165774255729,0.04211822660098522,0.022413793103448276,0.03539301777682587,0.04674448490040694,0.0328335832083958,0.047868922681516386,0.0303384022274577,0.030756050546155492,0.012122510173484686,0.011597772542300279,0.023420432640822445,0.030895266652388093,0.01609552366673806,0.01400728207324909,0.04753694581280788,0.030059970014992502,0.031141572071107303,0.019147569072606552,0.020293424716213322,0.012261726279717285,0.006050546155493682,0.009113300492610837,0.011512101092310987,0.005707860355536517,0.01835510816020561,0.011619190404797601,0.013204112229599486,0.003919468837010066,0.0030734632683658172,0.007517669736560291,0.0013814521310773185,0.007774684086528164,5.3544656243306916e-05,0.0001285071749839366,0.009702291711287213,0.0013279074748340117,0.0,0.0003212679374598415,0.001927607624759049,8.567144998929107e-05,0.0002570143499678732,0.0,0.0,1.0708931248661384e-05,0.0,0.0,0.0,0.0,0.0,0.0,0.0,0.0,0.0,0.0,0.0,0.0,0.0,0.0,0.0,0.0,0.0,0.0,0.0,0.0,0.0,0.0,0.0,0.0,0.0,0.0,nan,nan,4.275429326287979,2.9302938715546967,nan,0.9196699670237767,0.0222128347836153,0.0,0.0,0.0,0.0,0.0,0.0,0.0,0.0,0.0,0.0,0.0,0.0,0.0,0.0,0.0,0.0,0.0,0.0,0.0,0.0,0.0,0.0,0.0,0.0,0.0,0.29220779220779225,5.271915584415586,16.29058441558442,7.621753246753248,0.5235389610389611,0.9190165145867536,0.022525216757526455,0.0,0.0,0.0,0.0,0.0,0.0,0.0,0.0,0.0,0.0,0.0,0.0,0.0,0.0,0.0,0.0,0.0,0.0,0.0,0.0,0.0,0.0,0.0,0.0,0.0,0.2585034013605443,5.60544217687075,16.408163265306126,7.088435374149661,0.6394557823129253,0.3623,0.0213,0.0,0.0,0.0,0.0,0.0,0.0,0.0,0.0,0.0,2.690746753246754,14.671266233766236,11.481331168831153,1.1566558441558443,0.0,0.0,0.0,0.0,0.0,0.0,0.0,0.0,0.0,0.0,0.0,0.0,0.0,0.0,0.0,0.0,0.0,0.363,0.02048,0.0,0.0,0.0,0.0,0.0,0.0,0.0,0.0,0.04081632653061225,2.1904761904761907,14.857142857142861,11.76870748299318,1.142857142857143,0.0,0.0,0.0,0.0,0.0,0.0,0.0,0.0,0.0,0.0,0.0,0.0,0.0,0.0,0.0,0.0,0.0
79400,4609,2381,0.5165979605120417,1098,959,0.44630071599045346,1278,0.5545671512258624,0.422,2.9851885098743267,3.116564825406834,6.6395348837209305,2.1661772864099884,9315.937324323191,1415.2078423927712,7853.0,10737.12062740326,10684.868176314822,17.2207535526742,7853.0,0.0,27.389455413321762,20.74663995795559,32.51447951995826,18.99781968339628,0.14536775873291385,0.10371013234975049,0.08982425688869602,0.09155999132132783,0.08440008678672163,0.07333477977869386,0.07008027771750922,0.06357127359513995,0.05337383380342808,0.04664786287697982,0.047949663701453676,0.03796919071382079,0.03384682143632024,0.02603601648947711,0.015187676285528313,0.011499240616185723,0.0056411369060533735,0.9191746408340858,0.023432819175244014,0.0,0.0,0.0,0.0,0.0,0.0,0.0,0.0,0.0,0.0,0.0,0.0,0.0,0.0,0.0,0.0,0.0,0.0,0.0,0.0,0.0,0.0,0.0,0.0,0.0,0.3319592102408332,5.845085701887613,15.745280972011285,7.322629637665439,0.7550444781948363,4.270932607215793,2.86717162481763,nan,nan,nan,4.2309264305177114,2.82754984152431,4.311095983662355,2.906628318060427,1.0189484630520587,0.3618,0.02138,0.0,0.0,0.0,0.0,0.0,0.0,0.0,0.0,0.026036016489477117,2.896506834454329,14.580169234107185,11.410284226513328,1.0804946843133003,0.006509004122369279,0.0,0.0,0.0,0.0,0.0,0.0,0.0,0.0,0.0,0.0,0.0,0.0,0.0,0.0,0.0,0.0,nan,nan,4.270932607215793,2.86717162481763,nan,0.3618,0.11633,0.0,0.0,0.0,0.0,0.0,0.0,0.0,0.0,0.0005424170101974398,0.0,0.00022781514428292472,0.001008895638967238,0.0008787155565198524,0.0077457149056194404,0.0037318290301583856,0.01829030158385767,0.0030592319375135606,0.014178780646561076,0.00791928834888262,0.028520286396181385,0.004881753091776958,0.025298329355608593,0.006715122586244304,0.01271425471902799,0.026817096984161425,0.037361683662399656,0.01981991755261445,0.03792579735300499,0.027359513994358865,0.044217834671295295,0.005152961596875678,0.04172271642438707,0.024712518984595356,0.03577782599262313,0.04712518984595357,0.03010414406595791,0.04848123237144717,0.03053807767411586,0.030830982859622477,0.011379908873942288,0.011303970492514645,0.021848557170752875,0.02875894988066826,0.01584942503796919,0.01369060533738338,0.04542200043393361,0.03157951833369495,0.031047949663701453,0.018333694944673466,0.022662182686049033,0.011586027337817315,0.007463658060316771,0.009112605771316989,0.010674766760685616,0.0054241701019743975,0.018387936645693208,0.010587980039054024,0.012475591234541115,0.004729876328921675,0.003688435669342591,0.0076372315035799524,0.001583857669776524,0.008049468431330007,1.0848340203948797e-05,0.00022781514428292472,0.008147103493165546,0.00117162074202647,2.1696680407897593e-05,0.00045563028856584944,0.0026252983293556086,0.00011933174224343676,0.00028205684530266867,0.0,0.0,0.0,0.0,0.0,0.0,0.0,0.0,0.0,0.0,0.0,0.0,0.0,0.0,0.0,0.0,0.0,0.0,0.0,0.0,0.0,0.0,0.0,0.0,0.0,0.0,0.0,0.0,0.0,nan,nan,4.270932607215793,2.86717162481763,nan,0.9193568060198836,0.023402217681103253,0.0,0.0,0.0,0.0,0.0,0.0,0.0,0.0,0.0,0.0,0.0,0.0,0.0,0.0,0.0,0.0,0.0,0.0,0.0,0.0,0.0,0.0,0.0,0.0,0.0,0.30239395212095765,5.808483830323395,15.573288534229318,7.572448551028981,0.7433851322973543,0.9189799661000713,0.02346391478080126,0.0,0.0,0.0,0.0,0.0,0.0,0.0,0.0,0.0,0.0,0.0,0.0,0.0,0.0,0.0,0.0,0.0,0.0,0.0,0.0,0.0,0.0,0.0,0.0,0.0,0.3635547576301617,5.884201077199283,15.929084380610416,7.055655296229804,0.7675044883303414,0.362,0.02141,0.0,0.0,0.0,0.0,0.0,0.0,0.0,0.0,0.0,2.7971440571188584,14.703905921881566,11.251574968500613,1.2347753044939103,0.012599748005039902,0.0,0.0,0.0,0.0,0.0,0.0,0.0,0.0,0.0,0.0,0.0,0.0,0.0,0.0,0.0,0.0,0.3616,0.02135,0.0,0.0,0.0,0.0,0.0,0.0,0.0,0.0,0.05385996409335728,3.002692998204669,14.44793536804309,11.579892280071798,0.9156193895870738,0.0,0.0,0.0,0.0,0.0,0.0,0.0,0.0,0.0,0.0,0.0,0.0,0.0,0.0,0.0,0.0,0.0
79500,4906,2497,0.5089686098654709,1178,1023,0.44863432531593966,1404,0.572360375050958,0.414,2.9647156496471565,3.1303493579189365,6.6937212863705975,2.156490348621335,9294.077614020922,1415.5111481711206,7853.0,10743.233304858208,10684.36835177679,17.448267210762086,7853.0,0.0,27.352629433346923,20.709923410191422,32.462291870714985,18.94174527962046,0.14900122299225438,0.0996738687321647,0.09396657154504688,0.08377496942519363,0.08479412963717896,0.07541785568691398,0.06930289441500204,0.06441092539747248,0.053811659192825115,0.05055034651447207,0.047900529963310234,0.04097024052181003,0.028740317977986138,0.024867509172441907,0.016714227476559314,0.007949449653485529,0.008153281695882593,0.91944088900133,0.022916488208083004,0.0,0.0,0.0,0.0,0.0,0.0,0.0,0.0,0.0,0.0,0.0,0.0,0.0,0.0,0.0,0.0,0.0,0.0,0.0,0.0,0.0,0.0,0.0,0.0,0.0061149612719119464,0.3118630248675092,5.582959641255607,15.880554423155322,7.600896860986548,0.6176110884631065,4.406909788867562,2.9219102348506154,nan,nan,nan,4.3926735218509,2.9105203730601397,4.421019108280254,2.9330867166745964,1.0064529235529007,0.3616,0.02112,0.0,0.0,0.0,0.0,0.0,0.0,0.0,0.0,0.03057480635955973,2.5621687729311056,15.195678760701185,11.208724011414578,0.9967386873216472,0.0061149612719119464,0.0,0.0,0.0,0.0,0.0,0.0,0.0,0.0,0.0,0.0,0.0,0.0,0.0,0.0,0.0,0.0,nan,nan,4.406909788867562,2.9219102348506154,nan,0.3616,0.11584,0.0,0.0,0.0,0.0,0.0,0.0,0.0,0.0,0.0006013045250713412,0.0,0.00023440684875662454,0.0010803098247044436,0.0008764777823073787,0.0067570322054626986,0.004035874439461884,0.018609865470852017,0.0038218507949449652,0.01494088870770485,0.007093355075417856,0.029800244598450876,0.004117407256420709,0.023950264981655117,0.006461475743986955,0.011027313493681207,0.02597839380350591,0.039298817774154095,0.020046881369751326,0.03813697513249083,0.02761924174480228,0.04196901752955565,0.004881777415409703,0.04211169995923359,0.026712189156135345,0.036618426416632696,0.04488381573583367,0.029728903383611904,0.05003057480635956,0.03233795352629433,0.03157358336730534,0.010324092947411333,0.011302486750917244,0.022462291072156543,0.029392580513656747,0.015002038320423971,0.013289849164288626,0.044629025682837345,0.03094170403587444,0.031583774969425195,0.019690175295556462,0.02389930697105585,0.011302486750917244,0.005320016306563392,0.010242560130452508,0.011119037912759885,0.004616795760293518,0.018885038728088055,0.010538116591928251,0.012525479005299633,0.00474928658785161,0.003883000407664085,0.0068997146351406444,0.0014777823073787199,0.008428454953118631,0.0,0.00025479005299633103,0.0074296779453730125,0.0012026090501426824,7.134121483897268e-05,0.0005197717081125153,0.0024459845087647777,0.00014268242967794536,9.172441907867917e-05,0.0,0.0,0.0,0.0,0.0,0.0,0.0,0.0,0.0,0.0,0.0,0.0,0.0,0.0,0.0,0.0,0.0,0.0,0.0,0.0,0.0,0.0,0.0,0.0,0.0,0.0,0.0,0.0,0.0,nan,nan,4.406909788867562,2.9219102348506154,nan,0.9191584906484491,0.022988398753165367,0.0,0.0,0.0,0.0,0.0,0.0,0.0,0.0,0.0,0.0,0.0,0.0,0.0,0.0,0.0,0.0,0.0,0.0,0.0,0.0,0.0,0.0,0.0,0.0,0.012014417300760916,0.34841810172206655,5.754905887064479,15.774929915899081,7.509010812975572,0.6007208650380458,0.9197336032757772,0.022838026546475723,0.0,0.0,0.0,0.0,0.0,0.0,0.0,0.0,0.0,0.0,0.0,0.0,0.0,0.0,0.0,0.0,0.0,0.0,0.0,0.0,0.0,0.0,0.0,0.0,0.0,0.27397260273972607,5.404732254047324,15.990037359900377,7.696139476961396,0.6351183063511832,0.3613,0.02167,0.0,0.0,0.0,0.0,0.0,0.0,0.0,0.0,0.03604325190228275,2.907488986784142,14.969963956748101,11.00520624749698,1.0812975570684824,0.0,0.0,0.0,0.0,0.0,0.0,0.0,0.0,0.0,0.0,0.0,0.0,0.0,0.0,0.0,0.0,0.0,0.362,0.02052,0.0,0.0,0.0,0.0,0.0,0.0,0.0,0.0,0.02490660024906601,2.2042341220423416,15.42963885429639,11.419676214196745,0.9090909090909093,0.012453300124533004,0.0,0.0,0.0,0.0,0.0,0.0,0.0,0.0,0.0,0.0,0.0,0.0,0.0,0.0,0.0,0.0
79600,4858,2570,0.5290242898312063,1218,949,0.446068340881021,1296,0.5335529024289831,0.434,2.9833916083916083,3.114045055692135,6.662557781201849,2.113534109391466,9351.244632316892,1413.7089693346893,7853.0,10743.946029543877,10685.090437274499,16.597405108266987,7853.0,0.0,28.30609304240428,21.07282086622904,33.29946131243879,19.265369094070724,0.1407986825854261,0.09386578839028406,0.0893371757925072,0.09221902017291066,0.07945656648826678,0.07739810621655002,0.06401811445039111,0.06525319061342116,0.05660765747221078,0.04981473857554549,0.04610951008645533,0.044256895841910254,0.036434746809386576,0.029641827912721283,0.017908604363935775,0.010498147385755455,0.006381226842321943,0.9203937381886317,0.02280433954344425,0.0,0.0,0.0,0.0,0.0,0.0,0.0,0.0,0.0,0.0,0.0,0.0,0.0,0.0,0.0,0.0,0.0,0.0,0.0,0.0,0.0,0.0,0.0,0.0,0.0,0.24701523260601074,5.446685878962538,16.012762453684648,7.632770687525732,0.6607657472210788,4.1419089759797725,2.899348354669937,nan,nan,nan,4.1427660930529,2.909295928785305,4.141065830721003,2.8895292745130994,0.9995895828309623,0.3616,0.02039,0.0,0.0,0.0,0.0,0.0,0.0,0.0,0.0,0.030876904075751343,2.507204610951009,15.271716755866615,11.405928365582527,0.7780979827089339,0.006175380815150269,0.0,0.0,0.0,0.0,0.0,0.0,0.0,0.0,0.0,0.0,0.0,0.0,0.0,0.0,0.0,0.0,nan,nan,4.1419089759797725,2.899348354669937,nan,0.3616,0.1164,0.0,0.0,0.0,0.0,0.0,0.0,0.0,0.0,0.0004013997529847674,0.0,0.00039110745162618363,0.0008645533141210375,0.001399752984767394,0.006288596130094689,0.0039728283244133385,0.017805681350349937,0.00438452037875669,0.01603540551667353,0.007153149444215727,0.03090778097982709,0.0045389048991354465,0.023919308357348703,0.0060107039934129275,0.01176410045286126,0.027521613832853026,0.03829765335529024,0.019112803622890077,0.03913132976533553,0.027058460271716756,0.04204405104981474,0.005279950596953479,0.042260189378345,0.024032523672293124,0.037628653766982295,0.044750926307122275,0.029209551255660767,0.04831206257719226,0.03265747221078633,0.03280156442980651,0.01138328530259366,0.010981885549608893,0.022241663235899548,0.02878756689995883,0.013771099217785097,0.012000823384108687,0.04411280362289008,0.030568135034993824,0.03189584191025113,0.020255249073692878,0.025123507616303005,0.01083779333058872,0.005403458213256484,0.009407163441745574,0.011311239193083574,0.003911074516261836,0.019328941951420337,0.010652531906134211,0.013390284067517497,0.004909427748044462,0.004600658707286949,0.00670028818443804,0.001399752984767394,0.009468917249897077,7.204610951008646e-05,0.00032935364347468093,0.0071016879374228075,0.0009880609304240427,0.0001029230135858378,0.00046315356113627005,0.0024083985179086044,7.204610951008646e-05,8.233841086867023e-05,0.0,0.0,0.0,0.0,0.0,0.0,0.0,0.0,0.0,0.0,0.0,0.0,0.0,0.0,0.0,0.0,0.0,0.0,0.0,0.0,0.0,0.0,0.0,0.0,0.0,0.0,0.0,0.0,0.0,nan,nan,4.1419089759797725,2.899348354669937,nan,0.9202868214841019,0.022306990298248067,0.0,0.0,0.0,0.0,0.0,0.0,0.0,0.0,0.0,0.0,0.0,0.0,0.0,0.0,0.0,0.0,0.0,0.0,0.0,0.0,0.0,0.0,0.0,0.0,0.0,0.23346303501945528,5.381322957198445,16.29571984435798,7.529182879377434,0.5603112840466927,0.9205138325639122,0.02334977541455079,0.0,0.0,0.0,0.0,0.0,0.0,0.0,0.0,0.0,0.0,0.0,0.0,0.0,0.0,0.0,0.0,0.0,0.0,0.0,0.0,0.0,0.0,0.0,0.0,0.0,0.2622377622377623,5.520104895104897,15.694930069930074,7.749125874125876,0.7736013986013988,0.3616,0.0205,0.0,0.0,0.0,0.0,0.0,0.0,0.0,0.0,0.046692607003891065,2.5330739299610903,15.291828793774322,11.287937743190644,0.840466926070039,0.0,0.0,0.0,0.0,0.0,0.0,0.0,0.0,0.0,0.0,0.0,0.0,0.0,0.0,0.0,0.0,0.0,0.3616,0.02025,0.0,0.0,0.0,0.0,0.0,0.0,0.0,0.0,0.013111888111888115,2.4781468531468533,15.249125874125877,11.538461538461522,0.7080419580419582,0.013111888111888115,0.0,0.0,0.0,0.0,0.0,0.0,0.0,0.0,0.0,0.0,0.0,0.0,0.0,0.0,0.0,0.0
79700,4859,2492,0.5128627289565755,1169,1009,0.4482403786787405,1395,0.5741922206215271,0.422,2.968736797634136,3.121242922607686,6.627272727272727,2.111408079253034,9305.491299824942,1415.6470708423503,7853.0,10750.495706558228,10685.124889987717,17.149889651756983,7853.0,0.0,28.29080057625026,20.879687000569945,33.10710808179162,19.10513163094762,0.13603622144474173,0.09302325581395349,0.09508129244700556,0.08911298621115456,0.08335048363860877,0.07799958839267339,0.05988886602181519,0.06421074295122453,0.06174109899156205,0.05597859641901626,0.042601358304177814,0.04198394731426219,0.037250463058242436,0.028195101872813336,0.016670096727721753,0.010701790491870755,0.006174109899156205,0.9206444542700922,0.02291181719829741,0.0,0.0,0.0,0.0,0.0,0.0,0.0,0.0,0.0,0.0,0.0,0.0,0.0,0.0,0.0,0.0,0.0,0.0,0.0,0.0,0.0,0.0,0.0,0.0,0.0,0.22844206626877964,5.445564931055774,15.42910063799136,8.285655484667629,0.6112368800164644,4.265846736045412,2.9220338256395246,nan,nan,nan,4.312736443883985,2.9161119933096367,4.221590909090909,2.9261988813562705,0.9788659622541201,0.3618,0.0209,0.0,0.0,0.0,0.0,0.0,0.0,0.0,0.0,0.03087054949578103,2.6980860259312625,14.848734307470677,11.551759621321244,0.8582012759827127,0.012348219798312413,0.0,0.0,0.0,0.0,0.0,0.0,0.0,0.0,0.0,0.0,0.0,0.0,0.0,0.0,0.0,0.0,nan,nan,4.265846736045412,2.9220338256395246,nan,0.3618,0.11707,0.0,0.0,0.0,0.0,0.0,0.0,0.0,0.0,0.00041160732661041366,5.145091582630171e-05,0.0002778349454620292,0.0009466968512039514,0.001656719489606915,0.006194690265486726,0.0036941757563284626,0.01772998559374357,0.004085202716608356,0.017719695410578308,0.006606297592097139,0.03159086231734925,0.006143239349660424,0.02286478699320848,0.005834533854702614,0.013119983535706935,0.025365301502366742,0.03635521712286479,0.01658777526239967,0.04258077793784729,0.025077176373739452,0.04389792138300062,0.005947725869520477,0.042817452150648284,0.023626260547437744,0.03719901214241614,0.0445256225560815,0.028267133154970158,0.04685120395143034,0.03245523770323112,0.034729368182753656,0.012204157233998765,0.009611031076353159,0.022679563696233793,0.028102490224325993,0.013500720312821568,0.012317349248816629,0.04458736365507306,0.031354188104548264,0.03244494752006586,0.019396995266515744,0.02415105988886602,0.012451121629965013,0.004949578102490224,0.009775674006997324,0.01206009466968512,0.003580983741510599,0.016207038485285038,0.01112368800164643,0.01327433628318584,0.005340605062770117,0.00392055978596419,0.006719489606915003,0.001358304177814365,0.011020786169993826,7.203128215682239e-05,0.00023667421280098785,0.007038485285038074,0.00090553611854291,0.00015435274747890512,0.0007306030047334842,0.0033545997118748713,0.00016464293064416546,0.0,0.0,0.0,0.0,0.0,0.0,0.0,0.0,0.0,0.0,0.0,0.0,0.0,0.0,0.0,0.0,0.0,0.0,0.0,0.0,0.0,0.0,0.0,0.0,0.0,0.0,0.0,0.0,0.0,0.0,nan,nan,4.265846736045412,2.9220338256395246,nan,0.9201100418406926,0.02274067048352481,0.0,0.0,0.0,0.0,0.0,0.0,0.0,0.0,0.0,0.0,0.0,0.0,0.0,0.0,0.0,0.0,0.0,0.0,0.0,0.0,0.0,0.0,0.0,0.0,0.0,0.22873194221508833,5.7303370786516865,15.469502407704658,8.005617977528091,0.5658105939004816,0.9212070887331525,0.0230772619475755,0.0,0.0,0.0,0.0,0.0,0.0,0.0,0.0,0.0,0.0,0.0,0.0,0.0,0.0,0.0,0.0,0.0,0.0,0.0,0.0,0.0,0.0,0.0,0.0,0.0,0.2281368821292776,5.14575411913815,15.386565272496835,8.580481622306719,0.6590621039290243,0.3618,0.02112,0.0,0.0,0.0,0.0,0.0,0.0,0.0,0.0,0.012038523274478333,2.9253611556982353,14.747191011235959,11.388443017656485,0.9269662921348316,0.0,0.0,0.0,0.0,0.0,0.0,0.0,0.0,0.0,0.0,0.0,0.0,0.0,0.0,0.0,0.0,0.0,0.362,0.02069,0.0,0.0,0.0,0.0,0.0,0.0,0.0,0.0,0.05069708491761725,2.4588086185044364,14.955640050697088,11.72370088719897,0.7858048162230674,0.025348542458808625,0.0,0.0,0.0,0.0,0.0,0.0,0.0,0.0,0.0,0.0,0.0,0.0,0.0,0.0,0.0,0.0
79800,4680,2381,0.5087606837606837,1063,968,0.433974358974359,1350,0.5769230769230769,0.39399999999999996,2.869508481948673,2.946887576304723,6.187683284457478,2.0741307544354055,9294.164989573426,1416.1826119756804,7853.0,10741.786193728447,10685.697249560535,16.917922920658484,7853.0,0.0,28.45448717948718,21.336549766389044,33.49427626558128,19.56201041930169,0.1388888888888889,0.09914529914529914,0.09294871794871795,0.08632478632478632,0.0782051282051282,0.06944444444444445,0.07158119658119658,0.05726495726495726,0.05897435897435897,0.054914529914529914,0.050213675213675216,0.041025641025641026,0.03333333333333333,0.02264957264957265,0.022222222222222223,0.014743589743589743,0.00811965811965812,0.9200277471262166,0.02266726433464051,0.0,0.0,0.0,0.0,0.0,0.0,0.0,0.0,0.0,0.0,0.0,0.0,0.0,0.0,0.0,0.0,0.0,0.0,0.0,0.0,0.0,0.0,0.0,0.0,0.0,0.3333333333333334,5.28846153846154,16.153846153846157,7.602564102564104,0.6217948717948719,4.128407224958949,2.6950537175060845,nan,nan,nan,4.177131526768011,2.695192747532,4.080287206266319,2.6940516472083225,0.9768155922596424,0.363,0.02068,0.0,0.0,0.0,0.0,0.0,0.0,0.0,0.0,0.03846153846153847,2.147435897435898,14.846153846153848,11.820512820512803,1.1410256410256412,0.006410256410256412,0.0,0.0,0.0,0.0,0.0,0.0,0.0,0.0,0.0,0.0,0.0,0.0,0.0,0.0,0.0,0.0,nan,nan,4.128407224958949,2.6950537175060845,nan,0.363,0.1168,0.0,0.0,0.0,0.0,0.0,0.0,0.0,0.0,0.00042735042735042735,8.547008547008547e-05,0.00022435897435897436,0.0006623931623931624,0.0016452991452991454,0.0056410256410256415,0.003920940170940171,0.016762820512820513,0.004700854700854701,0.016303418803418804,0.007852564102564102,0.028653846153846155,0.005993589743589743,0.02375,0.005395299145299145,0.01361111111111111,0.025096153846153844,0.03558760683760684,0.017713675213675215,0.04513888888888889,0.024594017094017095,0.041485042735042735,0.005235042735042735,0.043952991452991454,0.02391025641025641,0.035576923076923075,0.04121794871794872,0.027596153846153847,0.0489957264957265,0.03427350427350427,0.03516025641025641,0.011655982905982906,0.010235042735042735,0.02185897435897436,0.028878205128205128,0.013012820512820513,0.011517094017094017,0.04511752136752137,0.03377136752136752,0.03284188034188034,0.01986111111111111,0.026292735042735042,0.011303418803418803,0.005363247863247864,0.009797008547008547,0.013087606837606838,0.0030876068376068377,0.016452991452991454,0.01014957264957265,0.013215811965811966,0.0057692307692307696,0.0037927350427350427,0.005726495726495726,0.001591880341880342,0.011517094017094017,9.615384615384615e-05,0.0002670940170940171,0.007083333333333333,0.00043803418803418806,0.0002670940170940171,0.000673076923076923,0.004017094017094017,9.615384615384615e-05,0.0,0.0,0.0,0.0,0.0,0.0,0.0,0.0,0.0,0.0,0.0,0.0,0.0,0.0,0.0,0.0,0.0,0.0,0.0,0.0,0.0,0.0,0.0,0.0,0.0,0.0,0.0,0.0,0.0,0.0,nan,nan,4.128407224958949,2.6950537175060845,nan,0.9201312624872456,0.02271862167717997,0.0,0.0,0.0,0.0,0.0,0.0,0.0,0.0,0.0,0.0,0.0,0.0,0.0,0.0,0.0,0.0,0.0,0.0,0.0,0.0,0.0,0.0,0.0,0.0,0.0,0.40319193616127685,5.1784964300714,16.077278454430914,7.786644267114659,0.5543889122217557,0.9199205396122495,0.022613452746124262,0.0,0.0,0.0,0.0,0.0,0.0,0.0,0.0,0.0,0.0,0.0,0.0,0.0,0.0,0.0,0.0,0.0,0.0,0.0,0.0,0.0,0.0,0.0,0.0,0.0,0.2609830361026534,5.402348847324926,16.23314484558504,7.411918225315356,0.6916050456720315,0.3628,0.02081,0.0,0.0,0.0,0.0,0.0,0.0,0.0,0.0,0.05039899202015961,2.167156656866863,14.905501889962204,11.76816463670725,1.0961780764384714,0.012599748005039902,0.0,0.0,0.0,0.0,0.0,0.0,0.0,0.0,0.0,0.0,0.0,0.0,0.0,0.0,0.0,0.0,0.3635,0.02055,0.0,0.0,0.0,0.0,0.0,0.0,0.0,0.0,0.026098303610265338,2.127011744236625,14.784688995215314,11.874728142670708,1.1874728142670727,0.0,0.0,0.0,0.0,0.0,0.0,0.0,0.0,0.0,0.0,0.0,0.0,0.0,0.0,0.0,0.0,0.0
79900,4403,2294,0.5210084033613446,1123,861,0.45060186236656824,1175,0.5337270043152396,0.418,2.8681839734471315,3.0060280156427304,6.4223385689354275,1.9593575835386399,9329.322764417813,1415.5974239320492,7853.0,10736.576375722885,10686.587241382576,17.282759335874285,7853.0,0.0,27.872359754712697,20.78823866332059,32.909609120521175,18.98698694203784,0.14331137860549625,0.09470815353168294,0.09766068589598001,0.08130819895525777,0.0797183738360209,0.07812854871678401,0.07290483761071996,0.06177606177606178,0.056098114921644335,0.06018623665682489,0.04633204633204633,0.035203270497388146,0.031115148762207587,0.023393141040199864,0.020440608675902795,0.01090165796048149,0.006813536225300931,0.9211922480305731,0.023142100411192988,0.0,0.0,0.0,0.0,0.0,0.0,0.0,0.0,0.0,0.0,0.0,0.0,0.0,0.0,0.0,0.0,0.0,0.0,0.0,0.0,0.0,0.0,0.0,0.0,0.0,0.3406768112650466,4.987508516920283,15.602997955939136,8.264819441290031,0.8039972745855101,4.1343230823612585,2.804641738361508,nan,nan,nan,4.130985915492958,2.837579386457675,4.138494318181818,2.771864732731131,1.0018175812850634,0.363,0.02094,0.0,0.0,0.0,0.0,0.0,0.0,0.0,0.0,0.04769475357710653,2.4051782875312293,14.342493754258463,12.114467408585037,1.0901657960481492,0.0,0.0,0.0,0.0,0.0,0.0,0.0,0.0,0.0,0.0,0.0,0.0,0.0,0.0,0.0,0.0,0.0,nan,nan,4.1343230823612585,2.804641738361508,nan,0.363,0.1168,0.0,0.0,0.0,0.0,0.0,0.0,0.0,0.0,0.0005223711106064048,6.813536225300931e-05,0.00017033840563252328,0.0006813536225300931,0.0024528730411083354,0.006291165114694526,0.0036452418805359983,0.01571655689302748,0.0040994776288893935,0.017896888485123778,0.007528957528957529,0.028719055189643426,0.006518282988871224,0.0226890756302521,0.005712014535543947,0.014456052691346808,0.025811946400181696,0.03554394730865319,0.016102657279127866,0.04211900976606859,0.02284805814217579,0.041891891891891894,0.0052123552123552125,0.04531001589825119,0.022609584374290257,0.03648648648648649,0.0412105382693618,0.02924142630024983,0.04934135816488758,0.03352259822848058,0.03694072223483988,0.013150124914830797,0.010072677719736543,0.019793322734499207,0.028094481035657506,0.015103338632750398,0.012048603225073813,0.04418578242107654,0.033920054508289804,0.03330683624801272,0.01940722234839882,0.02661821485350897,0.012014535543947309,0.004576425164660459,0.009766068589598002,0.01380876674994322,0.0026686350215761982,0.017681126504655916,0.009152850329320918,0.013195548489666137,0.005496252555076084,0.002191687485805133,0.005246422893481717,0.0022598228480581422,0.011866908925732455,1.1355893708834885e-05,0.00013627072450601862,0.006563706563706564,0.0004201680672268908,0.0003179650238473768,0.0008630479218714513,0.004701339995457642,0.0,0.0,0.0,0.0,0.0,0.0,0.0,0.0,0.0,0.0,0.0,0.0,0.0,0.0,0.0,0.0,0.0,0.0,0.0,0.0,0.0,0.0,0.0,0.0,0.0,0.0,0.0,0.0,0.0,0.0,0.0,nan,nan,4.1343230823612585,2.804641738361508,nan,0.9210999912298963,0.02294712068050623,0.0,0.0,0.0,0.0,0.0,0.0,0.0,0.0,0.0,0.0,0.0,0.0,0.0,0.0,0.0,0.0,0.0,0.0,0.0,0.0,0.0,0.0,0.0,0.0,0.0,0.31386224934612034,5.100261551874456,15.457715780296429,8.461203138622494,0.6669572798605058,0.9212925975330637,0.023351921413868378,0.0,0.0,0.0,0.0,0.0,0.0,0.0,0.0,0.0,0.0,0.0,0.0,0.0,0.0,0.0,0.0,0.0,0.0,0.0,0.0,0.0,0.0,0.0,0.0,0.0,0.3698435277382647,4.864864864864866,15.761024182076817,8.051209103840684,0.9530583214793743,0.3633,0.02077,0.0,0.0,0.0,0.0,0.0,0.0,0.0,0.0,0.05231037489102006,2.2231909328683526,14.372275501307762,12.240627724498674,1.1115954664341763,0.0,0.0,0.0,0.0,0.0,0.0,0.0,0.0,0.0,0.0,0.0,0.0,0.0,0.0,0.0,0.0,0.0,0.3628,0.02112,0.0,0.0,0.0,0.0,0.0,0.0,0.0,0.0,0.042674253200568994,2.6031294452347087,14.310099573257471,11.977240398293013,1.0668563300142249,0.0,0.0,0.0,0.0,0.0,0.0,0.0,0.0,0.0,0.0,0.0,0.0,0.0,0.0,0.0,0.0,0.0
80000,4507,2340,0.5191923674284447,1101,909,0.4459729309962281,1260,0.5591302418460173,0.39799999999999996,3.0115366866635904,3.0901477618469513,6.516640253565769,2.1664402131257696,9324.212934217221,1415.8411033756079,7853.0,10742.107322692871,10686.656707058553,17.616639069589716,7853.0,0.0,27.971377856667406,20.695062794862864,32.63917255826132,19.03001845657339,0.13312624805857554,0.10095407144441979,0.09718216108276015,0.08542267583758598,0.08431329043709784,0.07566008431329044,0.06789438650987353,0.0650099844686044,0.05435988462391835,0.054138007543820726,0.048147326381184824,0.041491013978256046,0.03660971821610828,0.02285333925005547,0.015309518526736189,0.009318837364100288,0.008209451963612158,0.9213232871616974,0.023398815772847584,0.0,0.0,0.0,0.0,0.0,0.0,0.0,0.0,0.0,0.0,0.0,0.0,0.0,0.0,0.0,0.0,0.0,0.0,0.0,0.0,0.0,0.0,0.0,0.0,0.006656312402928779,0.2662524961171511,5.1187042378522305,15.575771022853342,8.273796316840471,0.7588196139338809,4.261798139855322,2.876552639127855,nan,nan,nan,4.244039270687237,2.840929357969173,4.278455284552845,2.9113546142191176,1.0081092590502905,0.363,0.02127,0.0,0.0,0.0,0.0,0.0,0.0,0.0,0.0,0.026625249611715116,2.3896161526514317,14.484135788773022,11.848236077213206,1.231417794541824,0.019968937208786335,0.0,0.0,0.0,0.0,0.0,0.0,0.0,0.0,0.0,0.0,0.0,0.0,0.0,0.0,0.0,0.0,nan,nan,4.261798139855322,2.876552639127855,nan,0.363,0.11664,0.0,0.0,0.0,0.0,0.0,0.0,0.0,0.0,0.0005103172842245396,5.546927002440648e-05,0.00019968937208786333,0.0012314177945418239,0.002729088085200799,0.006035056578655425,0.00393831817173286,0.01558686487685822,0.004615043266030619,0.0177945418238296,0.006722875526958065,0.028023075216330153,0.00684490792101176,0.023518970490348345,0.006367872198801864,0.013712003550033281,0.02517195473707566,0.03132904370978478,0.01611936986909252,0.04042600399378744,0.02284224539605059,0.04359884623918349,0.0059463057466163744,0.04802529398713113,0.02217661415575771,0.03656534280008875,0.03974927889948968,0.028655424894608386,0.052873308187264254,0.03312624805857555,0.03817395163079654,0.01224761482138895,0.009085866429997782,0.020390503660971823,0.029942311959174617,0.016319059241180385,0.01361215886398935,0.04451963612158864,0.03211670734413135,0.032571555358331485,0.018437985356112713,0.027878855114266698,0.011570889727091192,0.004559573996006212,0.009562902152207677,0.012879964499667185,0.00299534058131795,0.016918127357443975,0.009041491013978257,0.011581983581096073,0.00497004659418682,0.0023962724650543597,0.005680053250499224,0.002174395384956734,0.012303084091413357,8.875083203905037e-05,0.0002440647881073885,0.0063345906367872195,0.00031062791213667625,0.00014422010206345683,0.0009207898824051475,0.005524739294430885,0.0,0.0,1.1093854004881296e-05,0.0,0.0,0.0,0.0,0.0,0.0,0.0,0.0,0.0,0.0,0.0,0.0,0.0,0.0,0.0,0.0,0.0,0.0,0.0,0.0,0.0,0.0,0.0,0.0,0.0,0.0,0.0,0.0,nan,nan,4.261798139855322,2.876552639127855,nan,0.9214018728743252,0.023581987960567114,0.0,0.0,0.0,0.0,0.0,0.0,0.0,0.0,0.0,0.0,0.0,0.0,0.0,0.0,0.0,0.0,0.0,0.0,0.0,0.0,0.0,0.0,0.0,0.0,0.0,0.2820512820512821,5.205128205128206,15.410256410256414,8.307692307692308,0.794871794871795,0.9212384276473693,0.023199097322742203,0.0,0.0,0.0,0.0,0.0,0.0,0.0,0.0,0.0,0.0,0.0,0.0,0.0,0.0,0.0,0.0,0.0,0.0,0.0,0.0,0.0,0.0,0.0,0.0,0.013844023996308264,0.24919243193354873,5.025380710659899,15.754499307798804,8.237194277803416,0.7198892478080298,0.3633,0.02113,0.0,0.0,0.0,0.0,0.0,0.0,0.0,0.0,0.012820512820512824,2.333333333333334,14.679487179487182,11.679487179487163,1.2692307692307694,0.025641025641025647,0.0,0.0,0.0,0.0,0.0,0.0,0.0,0.0,0.0,0.0,0.0,0.0,0.0,0.0,0.0,0.0,0.363,0.02142,0.0,0.0,0.0,0.0,0.0,0.0,0.0,0.0,0.041532071988924786,2.4503922473465627,14.27318874019382,12.030456852791861,1.1905860636825105,0.013844023996308264,0.0,0.0,0.0,0.0,0.0,0.0,0.0,0.0,0.0,0.0,0.0,0.0,0.0,0.0,0.0,0.0
80100,4766,2448,0.5136382710868653,1153,974,0.446286193873269,1332,0.5589592950062946,0.40199999999999997,2.921484037963762,3.0988677059635172,6.660522273425499,2.050055419589974,9308.54599739942,1416.4250072930747,7853.0,10745.218492746353,10686.795842976157,17.30159466146093,7853.0,0.0,27.910407049937053,20.93435748959008,32.86746686671668,19.20916935754099,0.13827108686529585,0.10134284515316827,0.09630717582878724,0.08476710029374737,0.08371800251783466,0.07238774653797735,0.07301720520352496,0.0570709190096517,0.05497272345782627,0.057490558120016785,0.0434326479227864,0.04217373059169115,0.03210239194292908,0.026856903063365505,0.019093579521611413,0.009861519093579522,0.007133864876206463,0.9222649524079818,0.022862421980523427,0.0,0.0,0.0,0.0,0.0,0.0,0.0,0.0,0.0,0.0,0.0,0.0,0.0,0.0,0.0,0.0,0.0,0.0,0.0,0.0,0.0,0.0,0.0,0.0,0.0,0.25807805287452795,4.708350818296266,15.830885438522873,8.441040704993707,0.7616449853126314,4.273673934266189,2.9249668795998884,nan,nan,nan,4.206606217616581,2.8950883697686383,4.341399607586658,2.9532867817841417,1.0320432631430023,0.363,0.02072,0.0,0.0,0.0,0.0,0.0,0.0,0.0,0.0,0.03147293327738146,2.177926982794797,14.830046160302143,11.76458245908517,1.1833822912295429,0.012589173310952584,0.0,0.0,0.0,0.0,0.0,0.0,0.0,0.0,0.0,0.0,0.0,0.0,0.0,0.0,0.0,0.0,nan,nan,4.273673934266189,2.9249668795998884,nan,0.363,0.11646,0.0,0.0,0.0,0.0,0.0,0.0,0.0,0.0,0.0007553503986571548,9.441879983214435e-05,0.0001049097775912715,0.0012903902643726394,0.002580780528745279,0.005591691145614771,0.0037872429710449013,0.016114141838019302,0.0040285354595048254,0.017058329836340747,0.006042803189257239,0.029458665547629038,0.006934536298783047,0.02345782626940831,0.005874947545111205,0.014687368862778011,0.024622324800671423,0.030392362568191354,0.015568610994544691,0.04137641628199748,0.02349979018044482,0.04417750734368443,0.006200167855644146,0.04599244649601343,0.0217163239613932,0.039550986151909356,0.04008602601762484,0.02923835501468737,0.05336760386067982,0.03100083927822073,0.03622534620226605,0.01480276961812841,0.009557280738564834,0.021443558539655894,0.031063785144775494,0.0147608057070919,0.01339697859840537,0.0428136802349979,0.032668904741921946,0.030728073856483424,0.019932857742341586,0.028766261015526647,0.01236886277801091,0.004657994125052455,0.009357952161141419,0.01207511540075535,0.0037452790600083926,0.01605119597146454,0.008004616030214016,0.01151909357952161,0.004731430969366345,0.002633235417540915,0.0054867813680235,0.002643726395300042,0.012284934955937894,7.343684431389005e-05,0.00017834662190516155,0.006504406210658833,0.00022031053294167016,0.0,0.0008182962652119178,0.005749055812001679,0.0,0.0,8.39278220730172e-05,0.0,0.0,0.0,0.0,0.0,0.0,0.0,0.0,0.0,0.0,0.0,0.0,0.0,0.0,0.0,0.0,0.0,0.0,0.0,0.0,0.0,0.0,0.0,0.0,0.0,0.0,0.0,0.0,nan,nan,4.273673934266189,2.9249668795998884,nan,0.9217695382977623,0.023038224747096624,0.0,0.0,0.0,0.0,0.0,0.0,0.0,0.0,0.0,0.0,0.0,0.0,0.0,0.0,0.0,0.0,0.0,0.0,0.0,0.0,0.0,0.0,0.0,0.0,0.0,0.2941176470588236,4.901960784313726,15.58823529411765,8.382352941176473,0.8333333333333335,0.9227881507435371,0.02266352540107694,0.0,0.0,0.0,0.0,0.0,0.0,0.0,0.0,0.0,0.0,0.0,0.0,0.0,0.0,0.0,0.0,0.0,0.0,0.0,0.0,0.0,0.0,0.0,0.0,0.0,0.22001725625539262,4.503882657463331,16.087144089732533,8.503019844693704,0.6859361518550476,0.363,0.0209,0.0,0.0,0.0,0.0,0.0,0.0,0.0,0.0,0.03676470588235295,2.291666666666667,14.583333333333336,11.92401960784312,1.1519607843137256,0.012254901960784317,0.0,0.0,0.0,0.0,0.0,0.0,0.0,0.0,0.0,0.0,0.0,0.0,0.0,0.0,0.0,0.0,0.363,0.02051,0.0,0.0,0.0,0.0,0.0,0.0,0.0,0.0,0.02588438308886972,2.0578084555651426,15.090595340811047,11.596203623813615,1.2165660051768767,0.01294219154443486,0.0,0.0,0.0,0.0,0.0,0.0,0.0,0.0,0.0,0.0,0.0,0.0,0.0,0.0,0.0,0.0
80200,4607,2372,0.5148686780985456,1127,950,0.4508356848274365,1285,0.5578467549381376,0.41,2.930648769574944,3.057411178394829,6.362068965517241,2.2477303317227757,9312.188985196426,1416.4755281797127,7853.0,10748.238822102547,10687.099348566584,17.003828179426797,7853.0,0.0,27.841762535272412,20.743064434592664,32.78200155159038,18.974778268009942,0.13826785326676796,0.10223572823963534,0.0889950075971348,0.09094855654438898,0.07987844584328196,0.07423485999565878,0.07206425005426526,0.0649012372476666,0.06359887128283047,0.05014108964619058,0.04189277186889516,0.037985673974386805,0.03299327110918168,0.028434990232255264,0.017799001519426958,0.008682439765574127,0.006945951812459301,0.9212966037334784,0.022809832882789143,0.0,0.0,0.0,0.0,0.0,0.0,0.0,0.0,0.0,0.0,0.0,0.0,0.0,0.0,0.0,0.0,0.0,0.0,0.0,0.0,0.0,0.0,0.0,0.0,0.0,0.21489038419795967,4.9815498154981555,15.96049489906664,8.029086173214674,0.8139787280225745,4.114737550471063,2.863885825934233,nan,nan,nan,4.066575154426904,2.859623808360139,4.16116248348745,2.8681594116874725,1.0232597026905004,0.3635,0.0204,0.0,0.0,0.0,0.0,0.0,0.0,0.0,0.0,0.03255914912090298,2.1033210332103325,14.384632081614937,12.392012155415655,1.0874755806381595,0.0,0.0,0.0,0.0,0.0,0.0,0.0,0.0,0.0,0.0,0.0,0.0,0.0,0.0,0.0,0.0,0.0,nan,nan,4.114737550471063,2.863885825934233,nan,0.3635,0.11707,0.0,0.0,0.0,0.0,0.0,0.0,0.0,0.0,0.000759713479487736,0.00019535489472541785,0.00016279574560451487,0.0014543086607336662,0.0031799435641415236,0.006924245713045366,0.003972216192750163,0.01543303668330801,0.0035163881050575213,0.01639895810722813,0.006446711525938789,0.030204037334490993,0.006642066420664207,0.021890601258953767,0.005307141306707184,0.014662470154113306,0.025819405252876057,0.03287388756240504,0.01334925113957022,0.03997178207076189,0.022259604948990666,0.04534404167571088,0.006370740177990015,0.044313001953548946,0.021293683525070543,0.03891903624918602,0.03946168873453441,0.029259822009984806,0.05319079661384849,0.031213370957238983,0.03642283481658346,0.014543086607336662,0.009854569133926634,0.02284566963316692,0.03176687649229434,0.014391143911439114,0.014195789016713697,0.044866507488604296,0.03165834599522466,0.029487736053831128,0.021141740829172997,0.026514000434121988,0.012112003472975906,0.005415671803776861,0.009800303885391794,0.011786411981766876,0.00412415888864771,0.016572606902539613,0.00704362925982201,0.011580204037334492,0.00532884740612112,0.0022682873887562406,0.0058389407423486,0.0033427393097460387,0.012209680920338615,0.00024962014326025613,0.00010853049706967658,0.006392446277403951,0.00022791404384632082,1.0853049706967659e-05,0.000824831777729542,0.006110266985022791,0.0,5.426524853483829e-05,0.00011938354677664423,0.0,0.0,0.0,0.0,0.0,0.0,0.0,0.0,0.0,0.0,0.0,0.0,0.0,0.0,0.0,0.0,0.0,0.0,0.0,0.0,0.0,0.0,0.0,0.0,0.0,0.0,0.0,0.0,nan,nan,4.114737550471063,2.863885825934233,nan,0.921454582708883,0.022517298833898053,0.0,0.0,0.0,0.0,0.0,0.0,0.0,0.0,0.0,0.0,0.0,0.0,0.0,0.0,0.0,0.0,0.0,0.0,0.0,0.0,0.0,0.0,0.0,0.0,0.0,0.22765598650927493,4.6795952782462065,16.150927487352448,8.182967959527826,0.7588532883642498,0.921128941035644,0.023115068598750028,0.0,0.0,0.0,0.0,0.0,0.0,0.0,0.0,0.0,0.0,0.0,0.0,0.0,0.0,0.0,0.0,0.0,0.0,0.0,0.0,0.0,0.0,0.0,0.0,0.0,0.20134228187919467,5.302013422818793,15.75838926174497,7.865771812080538,0.8724832214765103,0.364,0.02019,0.0,0.0,0.0,0.0,0.0,0.0,0.0,0.0,0.02529510961214166,1.8971332209106244,14.456155143338957,12.584317032040454,1.037099494097808,0.0,0.0,0.0,0.0,0.0,0.0,0.0,0.0,0.0,0.0,0.0,0.0,0.0,0.0,0.0,0.0,0.0,0.3633,0.02061,0.0,0.0,0.0,0.0,0.0,0.0,0.0,0.0,0.04026845637583893,2.322147651006712,14.308724832214768,12.18791946308723,1.1409395973154364,0.0,0.0,0.0,0.0,0.0,0.0,0.0,0.0,0.0,0.0,0.0,0.0,0.0,0.0,0.0,0.0,0.0
80300,4595,2439,0.5307943416757345,1126,937,0.44896626768226333,1274,0.5545157780195865,0.39799999999999996,2.9452690166975883,3.069203493633073,6.545918367346939,2.123628090190218,9357.095658547263,1414.2005097241154,7853.0,10752.380774855614,10686.669352613642,17.201672599136185,7853.0,0.0,27.634167573449403,20.688487153352796,32.41757105943152,19.041537657819273,0.13732317736670294,0.1029379760609358,0.09836779107725789,0.088139281828074,0.08030467899891186,0.07268770402611534,0.06681175190424374,0.0676822633297062,0.0602829162132753,0.051142546245919476,0.04744287268770402,0.0367791077257889,0.03177366702937976,0.022415669205658323,0.01958650707290533,0.008922742110990207,0.007399347116430903,0.9216157008177308,0.022784277860250068,0.0,0.0,0.0,0.0,0.0,0.0,0.0,0.0,0.0,0.0,0.0,0.0,0.0,0.0,0.0,0.0,0.0,0.0,0.0,0.0,0.0,0.0,0.0,0.0,0.0,0.1697497279651796,5.242655059847661,15.519042437431995,8.324265505984767,0.7442872687704029,4.226036709721278,2.888871118370846,nan,nan,nan,4.227210884353742,2.8782685134990267,4.224864130434782,2.8994201506163835,0.9994448457900112,0.3635,0.02013,0.0,0.0,0.0,0.0,0.0,0.0,0.0,0.0,0.013057671381936892,1.9521218715995652,14.853101196953213,12.09140369967354,1.0903155603917303,0.0,0.0,0.0,0.0,0.0,0.0,0.0,0.0,0.0,0.0,0.0,0.0,0.0,0.0,0.0,0.0,0.0,nan,nan,4.226036709721278,2.888871118370846,nan,0.3635,0.1173,0.0,0.0,0.0,0.0,0.0,0.0,0.0,0.0,0.0006420021762785637,0.00036996735582154515,9.793253536452666e-05,0.001501632208922742,0.003220892274211099,0.006974972796517954,0.004461371055495104,0.015614798694232861,0.004026115342763874,0.01662676822633297,0.006789989118607182,0.02959738846572361,0.007323177366702938,0.01997823721436344,0.004526659412404788,0.01631120783460283,0.024450489662676822,0.03233949945593036,0.014254624591947769,0.03710554951033732,0.024211099020674646,0.045027203482045704,0.006637649619151252,0.045495103373231774,0.020674646354733407,0.039194776931447226,0.039619151251360174,0.027921653971708378,0.05598476605005441,0.031360174102285095,0.037736670293797604,0.014591947769314472,0.007867247007616976,0.02262241566920566,0.030968443960826986,0.014613710554951033,0.016071817192600653,0.04427638737758433,0.029314472252448313,0.030326441784548422,0.02058759521218716,0.025963003264417847,0.013166485310119696,0.005408052230685528,0.00998911860718172,0.012013057671381937,0.004766050054406964,0.016953210010881393,0.005767138193688792,0.010837867247007617,0.005016322089227421,0.002306855277475517,0.0057453754080522305,0.004047878128400436,0.01264417845484222,0.00047878128400435254,6.528835690968444e-05,0.006104461371055495,0.00022850924918389553,3.264417845484222e-05,0.0007072905331882481,0.006398258977149075,2.176278563656148e-05,1.088139281828074e-05,1.088139281828074e-05,0.0,0.0,0.0,0.0,0.0,0.0,0.0,0.0,0.0,0.0,0.0,0.0,0.0,0.0,0.0,0.0,0.0,0.0,0.0,0.0,0.0,0.0,0.0,0.0,0.0,0.0,0.0,0.0,nan,nan,4.226036709721278,2.888871118370846,nan,0.9217355838316589,0.022812037361465753,0.0,0.0,0.0,0.0,0.0,0.0,0.0,0.0,0.0,0.0,0.0,0.0,0.0,0.0,0.0,0.0,0.0,0.0,0.0,0.0,0.0,0.0,0.0,0.0,0.0,0.15990159901599021,5.3259532595325965,15.461254612546128,8.24108241082411,0.811808118081181,0.9214800817681155,0.022752072297526005,0.0,0.0,0.0,0.0,0.0,0.0,0.0,0.0,0.0,0.0,0.0,0.0,0.0,0.0,0.0,0.0,0.0,0.0,0.0,0.0,0.0,0.0,0.0,0.0,0.0,0.18089053803339522,5.1484230055658635,15.584415584415588,8.418367346938778,0.6679035250463823,0.3628,0.02042,0.0,0.0,0.0,0.0,0.0,0.0,0.0,0.0,0.02460024600246003,2.1033210332103325,15.104551045510458,11.635916359163575,1.1316113161131613,0.0,0.0,0.0,0.0,0.0,0.0,0.0,0.0,0.0,0.0,0.0,0.0,0.0,0.0,0.0,0.0,0.0,0.3643,0.01979,0.0,0.0,0.0,0.0,0.0,0.0,0.0,0.0,0.0,1.781076066790353,14.568645640074214,12.606679035250446,1.0435992578849724,0.0,0.0,0.0,0.0,0.0,0.0,0.0,0.0,0.0,0.0,0.0,0.0,0.0,0.0,0.0,0.0,0.0
80400,4428,2238,0.505420054200542,1005,949,0.44128274616079494,1243,0.561427280939476,0.39399999999999996,2.9086757990867578,3.038995805651254,6.3978159126365055,2.112867103783181,9285.296921438265,1416.9062034394403,7853.0,10743.550471305847,10686.874337859086,17.122014300605358,7853.0,0.0,28.24074074074074,21.108857587451965,33.147760793778495,19.389983562076008,0.1366305329719964,0.10004516711833784,0.09598012646793135,0.08333333333333333,0.08288166214995484,0.07813911472448058,0.06120144534778681,0.058265582655826556,0.06481481481481481,0.055781391147244806,0.043134598012646796,0.04358626919602529,0.03139114724480578,0.022357723577235773,0.023712737127371274,0.011517615176151762,0.007226738934056007,0.9208744709273126,0.02279467840322584,0.0,0.0,0.0,0.0,0.0,0.0,0.0,0.0,0.0,0.0,0.0,0.0,0.0,0.0,0.0,0.0,0.0,0.0,0.0,0.0,0.0,0.0,0.0,0.0,0.006775067750677508,0.29810298102981037,5.210027100271003,15.663956639566399,8.136856368563688,0.6842818428184283,4.259000349528137,2.8237941870779215,nan,nan,nan,4.287308228730823,2.80287123777866,4.230553608969867,2.8443809620402787,0.9867621788000632,0.3638,0.0207,0.0,0.0,0.0,0.0,0.0,0.0,0.0,0.0,0.006775067750677508,2.161246612466125,14.457994579945803,12.147696476964752,1.2195121951219514,0.006775067750677508,0.0,0.0,0.0,0.0,0.0,0.0,0.0,0.0,0.0,0.0,0.0,0.0,0.0,0.0,0.0,0.0,nan,nan,4.259000349528137,2.8237941870779215,nan,0.3635,0.11694,0.0,0.0,0.0,0.0,0.0,0.0,0.0,0.0,0.0005420054200542005,0.00044037940379403794,0.0002032520325203252,0.0015808491418247517,0.0031504065040650407,0.006481481481481481,0.004279584462511292,0.015492321589882566,0.004403794037940379,0.017332881662149954,0.007531616982836495,0.027393857271906054,0.0064137308039747066,0.021160794941282746,0.0035907859078590787,0.015819783197831977,0.02485320686540199,0.03318654019873532,0.016034327009936768,0.036720867208672084,0.02321589882565492,0.043913730803974704,0.007068654019873532,0.04411698283649503,0.021217253839205058,0.037420957542908764,0.03875338753387534,0.02804878048780488,0.05720415537488708,0.032542908762420955,0.03884372177055104,0.015808491418247517,0.008604336043360434,0.023148148148148147,0.03241869918699187,0.014848690153568203,0.015266485998193316,0.04141824751580849,0.02756323396567299,0.03272357723577236,0.02293360433604336,0.02687443541102078,0.012014453477868113,0.006007226738934056,0.011946702800361336,0.010919150858175249,0.0043473351400180665,0.01492773261065944,0.005431345980126468,0.010365853658536586,0.0038956639566395663,0.001897018970189702,0.0056345980126467935,0.003827913279132791,0.012872628726287264,0.0006549232158988257,2.2583559168925024e-05,0.006334688346883469,0.0004968383017163505,4.516711833785005e-05,0.0011404697380307137,0.006515356820234869,4.516711833785005e-05,0.0,0.0,9.03342366757001e-05,0.0,0.0,0.0,0.0,0.0,0.0,0.0,0.0,0.0,0.0,0.0,0.0,0.0,0.0,0.0,0.0,0.0,0.0,0.0,0.0,0.0,0.0,0.0,0.0,0.0,0.0,0.0,nan,nan,4.259000349528137,2.8237941870779215,nan,0.921379604810471,0.02270124808591474,0.0,0.0,0.0,0.0,0.0,0.0,0.0,0.0,0.0,0.0,0.0,0.0,0.0,0.0,0.0,0.0,0.0,0.0,0.0,0.0,0.0,0.0,0.0,0.0,0.0,0.3083109919571046,4.785522788203754,15.88471849865952,8.297587131367294,0.7238605898123326,0.9203582656165781,0.02287824310651799,0.0,0.0,0.0,0.0,0.0,0.0,0.0,0.0,0.0,0.0,0.0,0.0,0.0,0.0,0.0,0.0,0.0,0.0,0.0,0.0,0.0,0.0,0.0,0.0,0.013698630136986304,0.28767123287671237,5.643835616438357,15.438356164383565,7.972602739726029,0.6438356164383563,0.3635,0.02068,0.0,0.0,0.0,0.0,0.0,0.0,0.0,0.0,0.01340482573726542,2.211796246648794,14.235924932975875,12.386058981233226,1.1528150134048258,0.0,0.0,0.0,0.0,0.0,0.0,0.0,0.0,0.0,0.0,0.0,0.0,0.0,0.0,0.0,0.0,0.0,0.3638,0.02075,0.0,0.0,0.0,0.0,0.0,0.0,0.0,0.0,0.0,2.109589041095891,14.684931506849319,11.904109589041079,1.2876712328767126,0.013698630136986304,0.0,0.0,0.0,0.0,0.0,0.0,0.0,0.0,0.0,0.0,0.0,0.0,0.0,0.0,0.0,0.0
80500,4153,2139,0.5150493619070552,988,843,0.44088610642908743,1173,0.5648928485432217,0.418,2.9751737835153924,3.112485563007222,6.565292096219931,2.251772459688688,9312.706393899156,1416.466593134862,7853.0,10754.126230478287,10687.109702600837,17.19659943974179,7853.0,0.0,28.054900072236936,21.076377696215495,33.016910289481224,19.34299184245521,0.13893570912593306,0.09968697327233325,0.09414880809053697,0.09077775102335661,0.07897905128822538,0.07271851673489044,0.0705514086202745,0.06116060679027209,0.05730797014206598,0.05056585600770527,0.04358295208283169,0.04021189501565134,0.03635925836744522,0.02672766674692993,0.018059234288466168,0.013484228268721405,0.006742114134360703,0.9205860217852446,0.0230494726828519,0.0,0.0,0.0,0.0,0.0,0.0,0.0,0.0,0.0,0.0,0.0,0.0,0.0,0.0,0.0,0.0,0.0,0.0,0.0,0.0,0.0,0.0,0.0,0.0,0.0,0.24560558632313995,5.388875511678306,15.675415362388637,7.9821815555020486,0.7079219841078739,4.2306830907054875,2.844051561293109,nan,nan,nan,4.272524199553239,2.835559770650039,4.189513108614232,2.8528260754678616,0.9805709489140666,0.364,0.02121,0.0,0.0,0.0,0.0,0.0,0.0,0.0,0.0,0.014447387430772939,2.2465687454851917,13.977847339272818,12.381411028172389,1.3652781122080426,0.014447387430772939,0.0,0.0,0.0,0.0,0.0,0.0,0.0,0.0,0.0,0.0,0.0,0.0,0.0,0.0,0.0,0.0,nan,nan,4.2306830907054875,2.844051561293109,nan,0.364,0.1184,0.0,0.0,0.0,0.0,0.0,0.0,0.0,0.0,0.00034914519624367927,0.0006260534553334939,9.63159162051529e-05,0.0017938839393209728,0.003286780640500843,0.006898627498194076,0.0044666506140139655,0.015940284131952805,0.005164941006501324,0.019383578136287022,0.007693233806886588,0.02723332530700698,0.0063568504695400915,0.020274500361184687,0.003515530941488081,0.01705995665783771,0.02292318805682639,0.033626294245124005,0.01613291596436311,0.03745485191427884,0.024837466891403804,0.04045268480616422,0.005803033951360463,0.04488321695160125,0.019973513123043584,0.035287743799662895,0.03718998314471467,0.02793161569949434,0.05671803515530942,0.030616421863712977,0.041271370093908015,0.015591138935709126,0.0076691548278352995,0.02377799181314712,0.03404767637852155,0.014122321213580544,0.01486876956417048,0.042342884661690346,0.02634240308210932,0.03156754153623886,0.02306766193113412,0.028039971105225138,0.012051529015169756,0.006465205875270889,0.012689621960028895,0.012954490729593066,0.00386467613773176,0.014483505899349868,0.005201059475078256,0.010534553334938598,0.003936913074885625,0.002010594750782567,0.0055020467132193595,0.00468336142547556,0.012918372261016133,0.00040934264387189985,7.223693715386467e-05,0.005923428846616904,0.00021671081146159402,1.2039489525644112e-05,0.0016132915964363111,0.00772935227546352,0.0,1.2039489525644112e-05,0.0,3.611846857693234e-05,0.0,0.0,0.0,0.0,0.0,0.0,0.0,0.0,0.0,0.0,0.0,0.0,0.0,0.0,0.0,0.0,0.0,0.0,0.0,0.0,0.0,0.0,0.0,0.0,0.0,0.0,0.0,nan,nan,4.2306830907054875,2.844051561293109,nan,0.9210151046612041,0.022919547252281725,0.0,0.0,0.0,0.0,0.0,0.0,0.0,0.0,0.0,0.0,0.0,0.0,0.0,0.0,0.0,0.0,0.0,0.0,0.0,0.0,0.0,0.0,0.0,0.0,0.0,0.1963534361851333,5.3295932678821885,15.455820476858348,8.33099579242637,0.6872370266479665,0.9201303076483642,0.023177968210742427,0.0,0.0,0.0,0.0,0.0,0.0,0.0,0.0,0.0,0.0,0.0,0.0,0.0,0.0,0.0,0.0,0.0,0.0,0.0,0.0,0.0,0.0,0.0,0.0,0.0,0.297914597815293,5.451837140019862,15.908639523336648,7.611717974180737,0.7298907646474678,0.3643,0.02124,0.0,0.0,0.0,0.0,0.0,0.0,0.0,0.0,0.014025245441795234,2.1458625525946706,13.870967741935488,12.5946704067321,1.3604488078541377,0.014025245441795234,0.0,0.0,0.0,0.0,0.0,0.0,0.0,0.0,0.0,0.0,0.0,0.0,0.0,0.0,0.0,0.0,0.3638,0.02116,0.0,0.0,0.0,0.0,0.0,0.0,0.0,0.0,0.014895729890764651,2.353525322740815,14.09136047666336,12.154915590863935,1.3704071499503478,0.014895729890764651,0.0,0.0,0.0,0.0,0.0,0.0,0.0,0.0,0.0,0.0,0.0,0.0,0.0,0.0,0.0,0.0
80600,4366,2256,0.5167201099404489,1067,896,0.44961062757672926,1222,0.559780119102153,0.40199999999999997,2.9601895734597155,3.1492612482230706,6.6632302405498285,2.222190928087065,9317.483590466409,1416.3582727722658,7853.0,10742.196083068848,10687.191203890223,17.39950359639427,7853.0,0.0,27.944113605130553,20.830029833352903,32.96201147854605,19.016942142159433,0.14338066880439762,0.09092991296381127,0.09436555199267063,0.08932661475034356,0.08268437929454879,0.07398076042143839,0.06825469537333945,0.06527714154832799,0.06344480073293633,0.0510765002290426,0.0467246907924874,0.03321117727897389,0.03504351809436555,0.02702702702702703,0.017407237746220796,0.011223087494273936,0.006642235455794778,0.9206253358845966,0.02322519068142374,0.0,0.0,0.0,0.0,0.0,0.0,0.0,0.0,0.0,0.0,0.0,0.0,0.0,0.0,0.0,0.0,0.0,0.0,0.0,0.0,0.0,0.0,0.0,0.0,0.0,0.2679798442510307,5.4008245533669275,15.604672469079253,7.970682546953735,0.7558405863490611,4.302275960170697,2.9353552782378807,nan,nan,nan,4.347795163584637,2.906916283541963,4.256756756756757,2.962822124879871,0.9790610175036808,0.3645,0.02072,0.0,0.0,0.0,0.0,0.0,0.0,0.0,0.0,0.02061383417315621,1.8689876316994964,14.319743472285849,12.340815391662831,1.4360971140632162,0.013742556115437475,0.0,0.0,0.0,0.0,0.0,0.0,0.0,0.0,0.0,0.0,0.0,0.0,0.0,0.0,0.0,0.0,nan,nan,4.302275960170697,2.9353552782378807,nan,0.3645,0.11774,0.0,0.0,0.0,0.0,0.0,0.0,0.0,0.0,0.0002633989922125515,0.00038937242327072833,8.016491067338525e-05,0.0016262024736601007,0.003183692166743014,0.006699496106275767,0.005313788364635822,0.014990838295923042,0.005783325698579936,0.01836921667430142,0.007203389830508475,0.029054054054054056,0.005932203389830509,0.02027027027027027,0.003103527256069629,0.01646816307833257,0.024209803023362345,0.033394411360513056,0.014990838295923042,0.036543747136967474,0.024530462666055887,0.03879981676591846,0.0046152084287677505,0.04371278057718736,0.019159413650939074,0.036394869445716904,0.037723316536875856,0.026420064131928538,0.059780119102153,0.02978699038021072,0.04448007329363261,0.015116811726981219,0.009001374255611544,0.025148877691250574,0.03196289509848832,0.014590013742556116,0.015609253321117728,0.04119331195602382,0.02837837837837838,0.03093220338983051,0.02592762253779203,0.028080622995877234,0.011016949152542373,0.006241410902427851,0.014143380668804398,0.013089784699954192,0.004340357306459001,0.012849289967934037,0.004557947778286761,0.00994044892349977,0.0037104901511681174,0.002027027027027027,0.006092533211177279,0.005061841502519469,0.012872194228126431,0.0003321117727897389,0.00012597343105817682,0.00472972972972973,0.00034356390288593677,3.435639028859368e-05,0.001935409986257444,0.007272102611085662,0.0,6.871278057718736e-05,0.0,0.0,0.0,0.0,0.0,0.0,0.0,0.0,0.0,0.0,0.0,0.0,0.0,0.0,0.0,0.0,0.0,0.0,0.0,0.0,0.0,0.0,0.0,0.0,0.0,0.0,0.0,0.0,0.0,nan,nan,4.302275960170697,2.9353552782378807,nan,0.9206873210715064,0.023536668453100946,0.0,0.0,0.0,0.0,0.0,0.0,0.0,0.0,0.0,0.0,0.0,0.0,0.0,0.0,0.0,0.0,0.0,0.0,0.0,0.0,0.0,0.0,0.0,0.0,0.0,0.33244680851063835,5.438829787234043,15.492021276595748,7.97872340425532,0.7579787234042555,0.9205590616752751,0.02288728615841958,0.0,0.0,0.0,0.0,0.0,0.0,0.0,0.0,0.0,0.0,0.0,0.0,0.0,0.0,0.0,0.0,0.0,0.0,0.0,0.0,0.0,0.0,0.0,0.0,0.0,0.19905213270142186,5.360189573459716,15.725118483412325,7.962085308056873,0.7535545023696685,0.3647,0.02084,0.0,0.0,0.0,0.0,0.0,0.0,0.0,0.0,0.02659574468085107,1.8617021276595749,14.095744680851068,12.619680851063812,1.36968085106383,0.02659574468085107,0.0,0.0,0.0,0.0,0.0,0.0,0.0,0.0,0.0,0.0,0.0,0.0,0.0,0.0,0.0,0.0,0.3643,0.0206,0.0,0.0,0.0,0.0,0.0,0.0,0.0,0.0,0.014218009478672989,1.8767772511848346,14.55924170616114,12.042654028436,1.507109004739337,0.0,0.0,0.0,0.0,0.0,0.0,0.0,0.0,0.0,0.0,0.0,0.0,0.0,0.0,0.0,0.0,0.0
80700,4319,2192,0.5075248900208381,1053,906,0.45357721694836767,1247,0.5774484834452419,0.38999999999999996,2.926187118006582,2.9772220510555654,6.241157556270096,2.1079494182962826,9291.129433407941,1416.698780832622,7853.0,10757.159933328629,10686.613605332526,17.109719912964145,7853.0,0.0,28.6580226904376,20.941499457225262,33.37384196185286,19.171384562852204,0.13104885390136606,0.09469784672377865,0.08960407501736513,0.08867793470710812,0.08543644362120861,0.06969205834683954,0.07061819865709655,0.06807131280388978,0.06089372539939801,0.05348460291734198,0.04538087520259319,0.04005556841861542,0.038434822875665665,0.02570039360963186,0.02106969205834684,0.009724473257698542,0.007409122482056031,0.9213111231961331,0.023075618672841015,0.0,0.0,0.0,0.0,0.0,0.0,0.0,0.0,0.0,0.0,0.0,0.0,0.0,0.0,0.0,0.0,0.0,0.0,0.0,0.0,0.0,0.0,0.0,0.0,0.0,0.2431118314424636,5.20259319286872,15.510534846029177,8.321370687659183,0.7223894420004633,4.187565858798735,2.7994580131401423,nan,nan,nan,4.230715774843642,2.8719973125707168,4.146410803127221,2.721344123992965,0.9800731185446897,0.3633,0.0215,0.0,0.0,0.0,0.0,0.0,0.0,0.0,0.0,0.04167631396156518,2.4519564714054183,14.440842787682337,11.787450798796002,1.271127575827738,0.006946052326927531,0.0,0.0,0.0,0.0,0.0,0.0,0.0,0.0,0.0,0.0,0.0,0.0,0.0,0.0,0.0,0.0,nan,nan,4.187565858798735,2.7994580131401423,nan,0.3633,0.11835,0.0,0.0,0.0,0.0,0.0,0.0,0.0,0.0,0.00038203287798101415,0.00059041444778884,4.6307015512850196e-05,0.0012387126649687427,0.0028941884695531375,0.00762908080574207,0.005661032646445937,0.016381106737670757,0.0055799953692984485,0.018870108821486455,0.00821949525353091,0.030747858300532532,0.006621903218337578,0.019819402639499883,0.0026510766381106737,0.017006251447094233,0.024542718221810603,0.033769391062746006,0.01407733271590646,0.03720768696457513,0.023084047233155824,0.03770548738133827,0.004028710349617967,0.043401250289418845,0.021683260013892106,0.036026858068997455,0.038249594813614264,0.026198194026395,0.05806899745311415,0.02843250752489002,0.04269506830284788,0.014274137531836073,0.010997916184301921,0.025237323454503358,0.034012502894188466,0.015223431349849503,0.015235008103727715,0.044026394998842325,0.02843250752489002,0.030539476730724706,0.02493632785366983,0.025989812456587172,0.01062746006019912,0.005684186154202362,0.012873350312572356,0.011958786756193563,0.005209539245195647,0.011993517017828201,0.0038203287798101414,0.00940032414910859,0.004190784903912943,0.0019912016670525583,0.006899745311414679,0.005197962491317434,0.012607084973373466,0.00024311183144246353,6.94605232692753e-05,0.004190784903912943,0.0002662653391988886,0.0,0.0024542718221810603,0.007883769391062745,2.3153507756425098e-05,0.0,0.0,0.0,0.0,0.0,0.0,0.0,0.0,0.0,0.0,0.0,0.0,0.0,0.0,0.0,0.0,0.0,0.0,0.0,0.0,0.0,0.0,0.0,0.0,0.0,0.0,0.0,0.0,0.0,0.0,nan,nan,4.187565858798735,2.7994580131401423,nan,0.9215272246812382,0.022912347863820574,0.0,0.0,0.0,0.0,0.0,0.0,0.0,0.0,0.0,0.0,0.0,0.0,0.0,0.0,0.0,0.0,0.0,0.0,0.0,0.0,0.0,0.0,0.0,0.0,0.0,0.2326642335766424,5.063868613138687,15.848540145985405,8.129562043795621,0.7253649635036499,0.9210884177634343,0.023240576596303898,0.0,0.0,0.0,0.0,0.0,0.0,0.0,0.0,0.0,0.0,0.0,0.0,0.0,0.0,0.0,0.0,0.0,0.0,0.0,0.0,0.0,0.0,0.0,0.0,0.0,0.25387870239774335,5.3455571227080405,15.16220028208745,8.519040902679832,0.7193229901269395,0.363,0.02116,0.0,0.0,0.0,0.0,0.0,0.0,0.0,0.0,0.04105839416058395,2.436131386861314,14.616788321167887,11.783759124087574,1.1085766423357666,0.013686131386861318,0.0,0.0,0.0,0.0,0.0,0.0,0.0,0.0,0.0,0.0,0.0,0.0,0.0,0.0,0.0,0.0,0.3635,0.02182,0.0,0.0,0.0,0.0,0.0,0.0,0.0,0.0,0.042313117066290554,2.4682651622002827,14.259520451339919,11.791255289139617,1.438645980253879,0.0,0.0,0.0,0.0,0.0,0.0,0.0,0.0,0.0,0.0,0.0,0.0,0.0,0.0,0.0,0.0,0.0
80800,4129,2186,0.5294260111407121,977,824,0.4361830951804311,1124,0.5444417534511988,0.418,2.990735975295934,3.0963123890325144,6.5271739130434785,2.109155504169559,9353.202361420963,1414.417762580929,7853.0,10745.528394579887,10686.639318530262,16.9628006260562,7853.0,0.0,28.005328166626303,20.901734611162528,32.84199942545246,19.198198916079935,0.13804795349963672,0.10099297650762896,0.09905546137079196,0.08864131751029306,0.07362557519980625,0.06902397674981836,0.06999273431823685,0.06248486316299346,0.06030515863405183,0.05425042383143618,0.046984742068297405,0.04262533301041414,0.03632840881569387,0.02203923468152095,0.018648583192056187,0.011140712036812788,0.00581254541051102,0.921152553292157,0.022681126498392747,0.0,0.0,0.0,0.0,0.0,0.0,0.0,0.0,0.0,0.0,0.0,0.0,0.0,0.0,0.0,0.0,0.0,0.0,0.0,0.0,0.0,0.0,0.0,0.0,0.0,0.2760959069992735,5.013320416565755,15.977234197142169,8.021312666505208,0.7120368127876,4.236501901140684,2.8662780291679106,nan,nan,nan,4.225806451612903,2.870685354083398,4.247494217424826,2.861699647038211,1.0051322193906078,0.3633,0.02089,0.0,0.0,0.0,0.0,0.0,0.0,0.0,0.0,0.03632840881569388,2.1215790748365224,14.742068297408577,11.784935819811075,1.3150883991281184,0.0,0.0,0.0,0.0,0.0,0.0,0.0,0.0,0.0,0.0,0.0,0.0,0.0,0.0,0.0,0.0,0.0,nan,nan,4.236501901140684,2.8662780291679106,nan,0.3633,0.1171,0.0,0.0,0.0,0.0,0.0,0.0,0.0,1.210946960523129e-05,0.00046015984499878906,0.0009929765076289658,3.632840881569387e-05,0.0011746185517074353,0.0022160329377573264,0.008137563574715427,0.005703560184063938,0.01445870670864616,0.006442237829983047,0.01885444417534512,0.007774279486558489,0.02926858803584403,0.0066723177524824415,0.01978687333494793,0.002421893921046258,0.016081375635747155,0.023879874061516107,0.03341002664083313,0.013247759748123032,0.037745216759505935,0.022850569145071446,0.03756357471542746,0.0037660450472269315,0.04410268830225236,0.02018648583192056,0.037975296682005326,0.03843545652700412,0.0280576410753209,0.06231533058852022,0.029123274400581253,0.04392104625817389,0.012593848389440542,0.010305158634051828,0.025078711552434005,0.03331315088399128,0.015536449503511747,0.015996609348510535,0.04530152579317026,0.028251392589004602,0.03148462097360136,0.02355291838217486,0.025175587309275854,0.012496972632598692,0.004662145798014047,0.013199321869702107,0.011564543472995882,0.005679341244853475,0.012363768466941148,0.0034754177767013805,0.010728990070234925,0.002954710583676435,0.0018890772584160814,0.006975054492613223,0.005194962460644224,0.01070477113102446,0.0003511746185517074,2.421893921046258e-05,0.0034875272463066116,0.00032695567934124485,3.632840881569387e-05,0.0021797045289416324,0.007931702591426495,0.00010898522644708161,0.0,0.0,0.0,0.0,0.0,0.0,0.0,0.0,0.0,0.0,0.0,0.0,0.0,0.0,0.0,0.0,0.0,0.0,0.0,0.0,0.0,0.0,0.0,0.0,0.0,0.0,0.0,0.0,0.0,0.0,nan,nan,4.236501901140684,2.8662780291679106,nan,0.9209218358131908,0.022823784998267066,0.0,0.0,0.0,0.0,0.0,0.0,0.0,0.0,0.0,0.0,0.0,0.0,0.0,0.0,0.0,0.0,0.0,0.0,0.0,0.0,0.0,0.0,0.0,0.0,0.0,0.26075022872827086,5.24245196706313,15.823421774931385,7.932296431838977,0.7410795974382436,0.9214121252988579,0.022516720364356653,0.0,0.0,0.0,0.0,0.0,0.0,0.0,0.0,0.0,0.0,0.0,0.0,0.0,0.0,0.0,0.0,0.0,0.0,0.0,0.0,0.0,0.0,0.0,0.0,0.0,0.2933607822954195,4.755532681420485,16.150283067421515,8.121461657231087,0.6793618116314978,0.3635,0.02107,0.0,0.0,0.0,0.0,0.0,0.0,0.0,0.0,0.054894784995425445,2.0585544373284543,14.71180237877402,11.720036596523313,1.4547118023787744,0.0,0.0,0.0,0.0,0.0,0.0,0.0,0.0,0.0,0.0,0.0,0.0,0.0,0.0,0.0,0.0,0.0,0.363,0.0207,0.0,0.0,0.0,0.0,0.0,0.0,0.0,0.0,0.015440041173443133,2.1924858466289248,14.776119402985078,11.857951621204306,1.1580030880082348,0.0,0.0,0.0,0.0,0.0,0.0,0.0,0.0,0.0,0.0,0.0,0.0,0.0,0.0,0.0,0.0,0.0
80900,4126,2140,0.5186621425109065,986,851,0.4452253999030538,1171,0.5676199709161416,0.40199999999999997,3.0186304128902317,3.0862321917430298,6.484429065743945,2.1453901096250494,9322.94372423953,1416.1219682588637,7853.0,10743.035839438438,10687.106451501078,17.508201856170587,7853.0,0.0,28.385118759088705,21.007587244496804,33.21702981651376,19.247905197209445,0.13645176926805622,0.0996122152205526,0.08652447891420262,0.08870576829859428,0.08531265147842947,0.07246728065923412,0.06325739214735822,0.06616577799321377,0.0564711585070286,0.0523509452253999,0.04944255937954435,0.04459524963645177,0.03562772661173049,0.02593310712554532,0.021812893843916627,0.00896752302472128,0.006301502666020358,0.9226908747917578,0.02354448142200194,0.0,0.0,0.0,0.0,0.0,0.0,0.0,0.0,0.0,0.0,0.0,0.0,0.0,0.0,0.0,0.0,0.0,0.0,0.0,0.0,0.0,0.0,0.0,0.0,0.0,0.21085797382452745,4.900630150266603,15.443528841492975,8.41977702375182,1.0252060106640817,4.287523277467412,2.8729802737845227,nan,nan,nan,4.323008849557522,2.8763251561761027,4.251316779533484,2.8691110978533567,0.9834161639453096,0.3633,0.02095,0.0,0.0,0.0,0.0,0.0,0.0,0.0,0.0,0.04362578768783326,2.253999030538052,14.549200193892393,11.953465826466294,1.1851672321861368,0.014541929229277755,0.0,0.0,0.0,0.0,0.0,0.0,0.0,0.0,0.0,0.0,0.0,0.0,0.0,0.0,0.0,0.0,nan,nan,4.287523277467412,2.8729802737845227,nan,0.3633,0.11676,0.0,0.0,0.0,0.0,0.0,0.0,0.0,8.482792050412021e-05,0.0004726126999515269,0.0015269025690741638,3.6354823073194376e-05,0.001030053320407174,0.0020722249151720793,0.009185651963160447,0.0063257392147358215,0.012675714978187105,0.006968007755695589,0.017583616093068348,0.008167716917111004,0.02948376151236064,0.005332040717401842,0.01925593795443529,0.0026296655356277264,0.015075133301017936,0.023545807077072226,0.033240426563257396,0.013390693165293262,0.03899660688317984,0.024454677653902083,0.03779689772176442,0.0033446437227338827,0.0437590887057683,0.021328162869607366,0.03874212312166748,0.03721522055259331,0.029883664566165778,0.06303926320891905,0.029350460494425593,0.043795443528841495,0.01286960736791081,0.010167232186136695,0.024285021812893843,0.03406446921958313,0.014093553078041688,0.015147842947164324,0.04217159476490548,0.029108095007270966,0.0333979641299079,0.02250363548230732,0.02447891420261755,0.01295443528841493,0.005210857973824527,0.013560349006301502,0.012142510906446921,0.005525933107125546,0.013899660688317984,0.003114396509936985,0.010191468734852157,0.003114396509936985,0.0016238487639360156,0.006968007755695589,0.005768298594280174,0.010070285991274842,0.0004726126999515269,4.847309743092584e-05,0.00332040717401842,0.0005332040717401842,2.423654871546292e-05,0.0019146873485215705,0.007246728065923413,0.00016965584100824043,0.0,0.0,4.847309743092584e-05,0.0,0.0,0.0,0.0,0.0,0.0,0.0,0.0,0.0,0.0,0.0,0.0,0.0,0.0,0.0,0.0,0.0,0.0,0.0,0.0,0.0,0.0,0.0,0.0,0.0,0.0,0.0,nan,nan,4.287523277467412,2.8729802737845227,nan,0.9219347047193028,0.023372644506295448,0.0,0.0,0.0,0.0,0.0,0.0,0.0,0.0,0.0,0.0,0.0,0.0,0.0,0.0,0.0,0.0,0.0,0.0,0.0,0.0,0.0,0.0,0.0,0.0,0.0,0.21028037383177575,5.060747663551402,15.71495327102804,8.004672897196263,1.0093457943925235,0.9235056804086026,0.023701261932324955,0.0,0.0,0.0,0.0,0.0,0.0,0.0,0.0,0.0,0.0,0.0,0.0,0.0,0.0,0.0,0.0,0.0,0.0,0.0,0.0,0.0,0.0,0.0,0.0,0.0,0.21148036253776442,4.728096676737161,15.151057401812693,8.867069486404835,1.0422960725075532,0.3635,0.02142,0.0,0.0,0.0,0.0,0.0,0.0,0.0,0.0,0.042056074766355145,2.2429906542056077,14.509345794392527,11.971962616822413,1.2196261682242993,0.01401869158878505,0.0,0.0,0.0,0.0,0.0,0.0,0.0,0.0,0.0,0.0,0.0,0.0,0.0,0.0,0.0,0.0,0.363,0.02043,0.0,0.0,0.0,0.0,0.0,0.0,0.0,0.0,0.04531722054380665,2.2658610271903328,14.592145015105745,11.9335347432024,1.1480362537764353,0.015105740181268886,0.0,0.0,0.0,0.0,0.0,0.0,0.0,0.0,0.0,0.0,0.0,0.0,0.0,0.0,0.0,0.0
81000,3875,2011,0.5189677419354839,966,773,0.4487741935483871,1059,0.5465806451612903,0.434,3.0085836909871246,3.205402382203679,6.817120622568093,2.154900910683955,9323.436737809674,1415.7332664119283,7853.0,10755.3322224617,10686.387547992284,17.978199800650415,7853.0,0.0,27.49083870967742,20.48111907712576,32.28588957055215,18.791376031725818,0.1367741935483871,0.10709677419354839,0.096,0.08696774193548387,0.07690322580645162,0.07638709677419354,0.06787096774193549,0.06348387096774194,0.06503225806451612,0.05341935483870968,0.04748387096774193,0.03948387096774193,0.02890322580645161,0.02167741935483871,0.018838709677419355,0.008,0.00567741935483871,0.9219329049971796,0.023434865169303005,0.0,0.0,0.0,0.0,0.0,0.0,0.0,0.0,0.0,0.0,0.0,0.0,0.0,0.0,0.0,0.0,0.0,0.0,0.0,0.0,0.0,0.0,0.0,0.0,0.0077419354838709695,0.255483870967742,4.900645161290323,15.360000000000003,8.655483870967744,0.8206451612903228,4.333198216457236,3.002776114941332,nan,nan,nan,4.362012987012987,2.982435351052552,4.307941653160454,3.0213961711725053,0.9876040410669296,0.3628,0.02133,0.0,0.0,0.0,0.0,0.0,0.0,0.0,0.0,0.03870967741935485,2.454193548387097,14.392258064516133,11.945806451612887,1.1612903225806455,0.0077419354838709695,0.0,0.0,0.0,0.0,0.0,0.0,0.0,0.0,0.0,0.0,0.0,0.0,0.0,0.0,0.0,0.0,nan,nan,4.333198216457236,3.002776114941332,nan,0.3628,0.117,0.0,0.0,0.0,0.0,0.0,0.0,0.0,0.0001032258064516129,0.0007483870967741936,0.0017161290322580645,1.2903225806451613e-05,0.0009806451612903225,0.0016258064516129031,0.00896774193548387,0.005716129032258065,0.013793548387096774,0.007329032258064516,0.0164,0.0070967741935483875,0.031509677419354835,0.00567741935483871,0.017470967741935482,0.003070967741935484,0.01655483870967742,0.02432258064516129,0.033483870967741934,0.012180645161290322,0.04220645161290323,0.025045161290322582,0.03834838709677419,0.0029419354838709677,0.043883870967741934,0.020864516129032257,0.03752258064516129,0.03661935483870968,0.02815483870967742,0.06403870967741936,0.030941935483870968,0.04223225806451613,0.014438709677419354,0.009870967741935483,0.023793548387096772,0.032129032258064516,0.0144,0.0136,0.039612903225806455,0.03049032258064516,0.03312258064516129,0.02361290322580645,0.025406451612903225,0.01423225806451613,0.005032258064516129,0.012619354838709677,0.011509677419354838,0.006167741935483871,0.013548387096774193,0.0025161290322580645,0.010748387096774193,0.0042322580645161294,0.0011225806451612903,0.006580645161290323,0.0056903225806451616,0.01016774193548387,0.0005548387096774194,2.5806451612903226e-05,0.0030580645161290324,0.0005806451612903225,0.0,0.0016258064516129031,0.007729032258064516,9.032258064516129e-05,0.0,0.0,0.00012903225806451613,0.0,0.0,0.0,0.0,0.0,0.0,0.0,0.0,0.0,0.0,0.0,0.0,0.0,0.0,0.0,0.0,0.0,0.0,0.0,0.0,0.0,0.0,0.0,0.0,0.0,0.0,0.0,nan,nan,4.333198216457236,3.002776114941332,nan,0.9215940667111621,0.02350993172414214,0.0,0.0,0.0,0.0,0.0,0.0,0.0,0.0,0.0,0.0,0.0,0.0,0.0,0.0,0.0,0.0,0.0,0.0,0.0,0.0,0.0,0.0,0.0,0.0,0.01491795126802586,0.28344107409249136,4.818498259572353,15.604177026355051,8.39880656389856,0.8801591248135259,0.9222984649720621,0.023348094370925245,0.0,0.0,0.0,0.0,0.0,0.0,0.0,0.0,0.0,0.0,0.0,0.0,0.0,0.0,0.0,0.0,0.0,0.0,0.0,0.0,0.0,0.0,0.0,0.0,0.0,0.22532188841201722,4.989270386266095,15.096566523605155,8.932403433476397,0.7564377682403435,0.3625,0.0213,0.0,0.0,0.0,0.0,0.0,0.0,0.0,0.0,0.05967180507210344,2.4912978617603185,14.45549477871706,11.800099453008437,1.193436101442069,0.0,0.0,0.0,0.0,0.0,0.0,0.0,0.0,0.0,0.0,0.0,0.0,0.0,0.0,0.0,0.0,0.0,0.363,0.02135,0.0,0.0,0.0,0.0,0.0,0.0,0.0,0.0,0.01609442060085837,2.414163090128756,14.324034334763953,12.103004291845476,1.126609442060086,0.01609442060085837,0.0,0.0,0.0,0.0,0.0,0.0,0.0,0.0,0.0,0.0,0.0,0.0,0.0,0.0,0.0,0.0
81100,4064,2094,0.515255905511811,996,829,0.44906496062992124,1133,0.5575787401574803,0.414,2.96497461928934,3.1039996507479075,6.594545454545455,2.1744732429481677,9312.310160893214,1415.4966894136983,7853.0,10751.266085863113,10685.20462935531,17.177235640774327,7853.0,0.0,28.270423228346456,21.085209840868934,33.23815096547689,19.307542594232867,0.13976377952755906,0.10088582677165354,0.08882874015748031,0.0812007874015748,0.0812007874015748,0.07874015748031496,0.06988188976377953,0.05979330708661417,0.061515748031496065,0.04896653543307087,0.04699803149606299,0.04207677165354331,0.035679133858267716,0.0265748031496063,0.020915354330708662,0.009596456692913386,0.0073818897637795275,0.9205938792956156,0.02264881159372913,0.0,0.0,0.0,0.0,0.0,0.0,0.0,0.0,0.0,0.0,0.0,0.0,0.0,0.0,0.0,0.0,0.0,0.0,0.0,0.0,0.0,0.0,0.0,0.0,0.0,0.22883858267716542,5.218996062992127,16.122047244094492,7.758366141732285,0.6717519685039371,4.27913994718974,2.910291863749504,nan,nan,nan,4.311400153022189,2.9223906923309855,4.247767857142857,2.898133289750027,0.9852409209025224,0.3608,0.02069,0.0,0.0,0.0,0.0,0.0,0.0,0.0,0.0,0.029527559055118117,2.760826771653544,15.568405511811028,10.718503937007858,0.9005905511811025,0.022145669291338585,0.0,0.0,0.0,0.0,0.0,0.0,0.0,0.0,0.0,0.0,0.0,0.0,0.0,0.0,0.0,0.0,nan,nan,4.27913994718974,2.910291863749504,nan,0.3608,0.1176,0.0,0.0,0.0,0.0,0.0,0.0,0.0,7.381889763779527e-05,0.0011318897637795275,0.0017593503937007875,4.921259842519685e-05,0.0010703740157480316,0.0023499015748031497,0.008415354330708662,0.006373031496062992,0.015108267716535433,0.0072588582677165355,0.018368602362204726,0.006459153543307086,0.03324311023622047,0.005511811023622047,0.01785187007874016,0.0033956692913385826,0.016313976377952757,0.023818897637795277,0.03307086614173228,0.011675688976377952,0.04233513779527559,0.026747047244094487,0.038644192913385826,0.002546751968503937,0.047157972440944884,0.020435531496062993,0.03485482283464567,0.03763533464566929,0.027682086614173228,0.06283218503937008,0.028838582677165353,0.04389763779527559,0.01236466535433071,0.01108513779527559,0.023314468503937008,0.031631397637795274,0.01389025590551181,0.012992125984251968,0.03880413385826772,0.030253444881889763,0.033932086614173226,0.02234251968503937,0.025725885826771655,0.01482529527559055,0.006151574803149607,0.01219242125984252,0.010445374015748032,0.00640994094488189,0.013348917322834646,0.0029896653543307087,0.0093873031496063,0.004146161417322835,0.0011072834645669291,0.007578740157480315,0.004466043307086614,0.010063976377952756,0.000639763779527559,1.2303149606299212e-05,0.0025713582677165353,0.0007750984251968504,0.0,0.0013656496062992127,0.00813238188976378,0.0,1.2303149606299212e-05,0.0,0.00013533464566929134,0.0,0.0,0.0,0.0,0.0,0.0,0.0,0.0,0.0,0.0,0.0,0.0,0.0,0.0,0.0,0.0,0.0,0.0,0.0,0.0,0.0,0.0,0.0,0.0,0.0,0.0,0.0,nan,nan,4.27913994718974,2.910291863749504,nan,0.9208802428263761,0.02258916330838113,0.0,0.0,0.0,0.0,0.0,0.0,0.0,0.0,0.0,0.0,0.0,0.0,0.0,0.0,0.0,0.0,0.0,0.0,0.0,0.0,0.0,0.0,0.0,0.0,0.0,0.20057306590257884,5.05730659025788,16.375358166189116,7.650429799426936,0.7163323782234958,0.9202894908522591,0.02270808364130973,0.0,0.0,0.0,0.0,0.0,0.0,0.0,0.0,0.0,0.0,0.0,0.0,0.0,0.0,0.0,0.0,0.0,0.0,0.0,0.0,0.0,0.0,0.0,0.0,0.0,0.2588832487309645,5.390862944162437,15.852791878172592,7.87309644670051,0.6243654822335026,0.361,0.02098,0.0,0.0,0.0,0.0,0.0,0.0,0.0,0.0,0.042979942693409746,2.8080229226361038,15.50143266475645,10.616045845272192,1.017191977077364,0.014326647564469917,0.0,0.0,0.0,0.0,0.0,0.0,0.0,0.0,0.0,0.0,0.0,0.0,0.0,0.0,0.0,0.0,0.3606,0.02039,0.0,0.0,0.0,0.0,0.0,0.0,0.0,0.0,0.01522842639593909,2.7106598984771577,15.639593908629445,10.827411167512675,0.7766497461928935,0.03045685279187818,0.0,0.0,0.0,0.0,0.0,0.0,0.0,0.0,0.0,0.0,0.0,0.0,0.0,0.0,0.0,0.0
81200,3943,2085,0.5287851889424297,961,801,0.44686786710626425,1113,0.5645447628709105,0.414,3.002691065662002,3.102048573499922,6.639846743295019,2.128213678910654,9350.404431622585,1413.5988790267027,7853.0,10743.274581074715,10684.782097787936,17.327300989854283,7853.0,0.0,28.2597007354806,20.95838458625445,33.217194570135746,19.171384060369682,0.1377124017245752,0.0996703018006594,0.08648237382703525,0.08825767182348465,0.08267816383464367,0.07456251585087496,0.06619325386761349,0.06314988587370023,0.06137458787725082,0.05604869388790261,0.04844027390311945,0.0380420999239158,0.03423788993152422,0.027390311945219376,0.02028911995942176,0.007862033984275933,0.00760841998478316,0.9213952807312292,0.022945738225649305,0.0,0.0,0.0,0.0,0.0,0.0,0.0,0.0,0.0,0.0,0.0,0.0,0.0,0.0,0.0,0.0,0.0,0.0,0.0,0.0,0.0,0.0,0.0,0.0,0.0,0.2739031194521938,4.983515090032971,15.528785188942432,8.49099670301801,0.7227998985544003,4.265130808278016,2.8701547753850916,nan,nan,nan,4.1935987509758,2.855345112958642,4.33671875,2.883123607027357,1.0341282052773642,0.3591,0.02057,0.0,0.0,0.0,0.0,0.0,0.0,0.0,0.0,0.0608673598782653,2.974892214050216,16.07659142784682,10.142023839715938,0.7380167385239667,0.007608419984783162,0.0,0.0,0.0,0.0,0.0,0.0,0.0,0.0,0.0,0.0,0.0,0.0,0.0,0.0,0.0,0.0,nan,nan,4.265130808278016,2.8701547753850916,nan,0.3591,0.1179,0.0,0.0,0.0,0.0,0.0,0.0,0.0,7.60841998478316e-05,0.001306112097387776,0.001521683996956632,0.000126806999746386,0.001204666497590667,0.0030940907938118182,0.00833121988333756,0.0075703778848592446,0.015597260968805478,0.007316763885366472,0.018501141262997716,0.006593963986812072,0.03441541973116916,0.005782399188435202,0.01803195536393609,0.0033477047933045904,0.015901597768196805,0.025703778848592443,0.032906416434187166,0.011247780877504438,0.04034998731930003,0.029038802941922393,0.038891706822216585,0.00262490489475019,0.04883337560233325,0.019959421760081156,0.032107532335784936,0.038384478823231045,0.027504438244991124,0.0643545523712909,0.025412122749175755,0.045523712908952574,0.01077859497844281,0.011171696677656606,0.023687547552624904,0.030459041339081918,0.015381689069236622,0.01222419477555161,0.03963986812072026,0.03118184123763632,0.033223433933553134,0.02418209485163581,0.023053512553892975,0.014012173471975652,0.006543241186913518,0.01105757037788486,0.00914278468171443,0.005237129089525742,0.013923408572153182,0.0030180065939639867,0.00841998478316003,0.005376616789246767,0.0014836418970327163,0.007595739284808521,0.003575957392848085,0.011311184377377631,0.0004691858990616282,0.0001014455997971088,0.002345929495308141,0.0003550595992898808,0.0,0.0018133400963733198,0.007494293685011413,2.53613999492772e-05,1.26806999746386e-05,0.0,0.0001394876997210246,0.0,0.0,0.0,0.0,0.0,0.0,0.0,0.0,0.0,0.0,0.0,0.0,0.0,0.0,0.0,0.0,0.0,0.0,0.0,0.0,0.0,0.0,0.0,0.0,0.0,0.0,0.0,nan,nan,4.265130808278016,2.8701547753850916,nan,0.9215734694787352,0.02299055042100408,0.0,0.0,0.0,0.0,0.0,0.0,0.0,0.0,0.0,0.0,0.0,0.0,0.0,0.0,0.0,0.0,0.0,0.0,0.0,0.0,0.0,0.0,0.0,0.0,0.0,0.27338129496402885,4.949640287769785,15.410071942446047,8.661870503597124,0.7050359712230216,0.9211953218837857,0.022893695335896806,0.0,0.0,0.0,0.0,0.0,0.0,0.0,0.0,0.0,0.0,0.0,0.0,0.0,0.0,0.0,0.0,0.0,0.0,0.0,0.0,0.0,0.0,0.0,0.0,0.0,0.27448869752421967,5.021528525296018,15.662002152852533,8.299246501614642,0.7427341227125943,0.3596,0.02051,0.0,0.0,0.0,0.0,0.0,0.0,0.0,0.0,0.05755395683453239,2.863309352517986,16.043165467625904,10.302158273381279,0.7338129496402879,0.0,0.0,0.0,0.0,0.0,0.0,0.0,0.0,0.0,0.0,0.0,0.0,0.0,0.0,0.0,0.0,0.0,0.3586,0.02061,0.0,0.0,0.0,0.0,0.0,0.0,0.0,0.0,0.06458557588805168,3.1001076426264804,16.114101184068897,9.962325080731956,0.7427341227125943,0.01614639397201292,0.0,0.0,0.0,0.0,0.0,0.0,0.0,0.0,0.0,0.0,0.0,0.0,0.0,0.0,0.0,0.0
81300,3969,2090,0.526581002771479,956,761,0.4326026706979088,1105,0.5568153187200806,0.43,3.145290047897818,3.1563258172556856,6.657439446366782,2.0555322475523754,9344.216097592496,1413.9967307273273,7853.0,10762.155577301979,10684.883584375415,17.52988527329477,7853.0,0.0,28.266061980347693,20.879786689565382,33.12152881457151,19.10907180355268,0.13529856386999245,0.10153691106072059,0.09700176366843033,0.08112874779541446,0.07684555303602923,0.06953892668178382,0.07482993197278912,0.05870496346686823,0.06147644242882338,0.05517762660619804,0.05291005291005291,0.042328042328042326,0.03124212648022172,0.026958931720836483,0.01889644746787604,0.011589821113630638,0.0045351473922902496,0.9217955463177072,0.023264980493580376,0.0,0.0,0.0,0.0,0.0,0.0,0.0,0.0,0.0,0.0,0.0,0.0,0.0,0.0,0.0,0.0,0.0,0.0,0.0,0.0,0.0,0.0,0.0,0.0,0.0,0.1738473167044596,4.988662131519275,15.59334845049131,8.412698412698415,0.8314436885865459,4.339334637964775,2.8627301345810046,nan,nan,nan,4.365566037735849,2.930136702390457,4.311232449297972,2.7941350226412602,0.9875540564572338,0.3594,0.02129,0.0,0.0,0.0,0.0,0.0,0.0,0.0,0.0,0.015117157974300835,3.492063492063493,15.162509448223737,10.544217687074815,0.7709750566893425,0.015117157974300835,0.0,0.0,0.0,0.0,0.0,0.0,0.0,0.0,0.0,0.0,0.0,0.0,0.0,0.0,0.0,0.0,nan,nan,4.339334637964775,2.8627301345810046,nan,0.3594,0.11835,0.0,0.0,0.0,0.0,0.0,1.2597631645250693e-05,0.0,0.00021415973796926177,0.0012471655328798186,0.001108591584782061,5.039052658100277e-05,0.0009322247417485513,0.0025573192239858908,0.009208868732678257,0.006651549508692366,0.015243134290753338,0.007407407407407408,0.019601914840010077,0.005530360292265054,0.03532375913328294,0.0061854371378180905,0.016880826404635927,0.004081632653061225,0.017397329302091206,0.026795162509448224,0.03466868228772991,0.012131519274376418,0.04183673469387755,0.029743008314436888,0.03567649281934996,0.0031872008062484255,0.04613252708490804,0.017901234567901235,0.03289241622574956,0.036608717561098514,0.025736961451247164,0.06467624086671706,0.027147896195515244,0.0481859410430839,0.011728395061728396,0.010682791635172587,0.02213403880070547,0.02854623330813807,0.014814814814814815,0.012257495590828924,0.03927941546989166,0.0299445704207609,0.03698664651045604,0.022965482489292012,0.023028470647518267,0.014575459813555052,0.006374401612496851,0.010745779793398842,0.008944318468127993,0.004875283446712018,0.014109347442680775,0.0033761652809271856,0.008679768203577727,0.005706727135298564,0.00127236079617032,0.007747543461829176,0.0033131771227009324,0.01164021164021164,0.00027714789619551525,7.558578987150416e-05,0.0029478458049886623,0.0003779289493575208,0.0,0.001965230536659108,0.007596371882086168,5.039052658100277e-05,0.0,0.0,2.5195263290501386e-05,0.0,0.0,0.0,0.0,0.0,0.0,0.0,0.0,0.0,0.0,0.0,0.0,0.0,0.0,0.0,0.0,0.0,0.0,0.0,0.0,0.0,0.0,0.0,0.0,0.0,0.0,0.0,nan,nan,4.339334637964775,2.8627301345810046,nan,0.9220392897653807,0.022846345072050567,0.0,0.0,0.0,0.0,0.0,0.0,0.0,0.0,0.0,0.0,0.0,0.0,0.0,0.0,0.0,0.0,0.0,0.0,0.0,0.0,0.0,0.0,0.0,0.0,0.0,0.1148325358851675,4.98086124401914,15.602870813397132,8.468899521531101,0.8325358851674644,0.9215244319985813,0.023719006443191196,0.0,0.0,0.0,0.0,0.0,0.0,0.0,0.0,0.0,0.0,0.0,0.0,0.0,0.0,0.0,0.0,0.0,0.0,0.0,0.0,0.0,0.0,0.0,0.0,0.0,0.2394890899414583,4.997339010111762,15.58275678552422,8.350186269292179,0.8302288451303887,0.3594,0.02129,0.0,0.0,0.0,0.0,0.0,0.0,0.0,0.0,0.014354066985645937,3.574162679425838,15.08612440191388,10.550239234449744,0.7607655502392346,0.014354066985645937,0.0,0.0,0.0,0.0,0.0,0.0,0.0,0.0,0.0,0.0,0.0,0.0,0.0,0.0,0.0,0.0,0.3594,0.02127,0.0,0.0,0.0,0.0,0.0,0.0,0.0,0.0,0.01596593932943055,3.4007450771687076,15.247472059606178,10.537519957424147,0.782331027142097,0.01596593932943055,0.0,0.0,0.0,0.0,0.0,0.0,0.0,0.0,0.0,0.0,0.0,0.0,0.0,0.0,0.0,0.0
81400,4272,2120,0.49625468164794007,981,908,0.4421816479400749,1204,0.5636704119850188,0.422,2.9386617100371746,3.210107132177685,6.911504424778761,2.1655284957510084,9258.113488363668,1415.7296277571543,7853.0,10736.83704328537,10684.43623692905,17.096246845609517,7853.0,0.0,27.29681647940075,20.73226215310444,32.162900976290096,19.088466625466104,0.14232209737827714,0.10112359550561797,0.0976123595505618,0.09199438202247191,0.08450374531835206,0.0770131086142322,0.0650749063670412,0.06179775280898876,0.05500936329588015,0.05102996254681648,0.046348314606741575,0.03838951310861423,0.02785580524344569,0.020599250936329586,0.022237827715355804,0.010299625468164793,0.006788389513108614,0.92193767549784,0.023079099900161517,0.0,0.0,0.0,0.0,0.0,0.0,0.0,0.0,0.0,0.0,0.0,0.0,0.0,0.0,0.0,0.0,0.0,0.0,0.0,0.0,0.0,0.0,0.0,0.0,0.007022471910112361,0.21067415730337083,4.90870786516854,15.603932584269666,8.398876404494384,0.8707865168539328,4.495174461766889,3.010834017399125,nan,nan,nan,4.54559155990957,3.0062722312573658,4.446232626188735,3.0144492434643397,0.978141693460287,0.3586,0.02094,0.0,0.0,0.0,0.0,0.0,0.0,0.0,0.0,0.05617977528089889,3.3778089887640457,15.919943820224722,9.908707865168525,0.7303370786516856,0.007022471910112361,0.0,0.0,0.0,0.0,0.0,0.0,0.0,0.0,0.0,0.0,0.0,0.0,0.0,0.0,0.0,0.0,nan,nan,4.495174461766889,3.010834017399125,nan,0.3586,0.1176,0.0,0.0,0.0,0.0,2.3408239700374533e-05,0.0,0.0,0.00032771535580524347,0.0007724719101123596,0.0007256554307116104,0.0,0.0009480337078651685,0.0024344569288389513,0.009012172284644194,0.00761938202247191,0.014887640449438203,0.007350187265917603,0.022284644194756554,0.005255149812734082,0.032127808988764044,0.006086142322097378,0.016842228464419476,0.004225187265917603,0.01836376404494382,0.026568352059925093,0.03429307116104869,0.011587078651685394,0.04331694756554307,0.03031367041198502,0.033871722846441944,0.003136704119850187,0.04731975655430712,0.018820224719101122,0.03425795880149813,0.03727762172284644,0.027972846441947564,0.06539091760299626,0.025901217228464418,0.047109082397003746,0.012090355805243445,0.009445224719101124,0.02203885767790262,0.03000936329588015,0.01472378277153558,0.01296816479400749,0.036879681647940074,0.029225187265917604,0.03704353932584269,0.021254681647940074,0.02581928838951311,0.014021535580524344,0.005852059925093633,0.00988998127340824,0.009901685393258426,0.0048220973782771535,0.013061797752808989,0.0027504681647940077,0.009445224719101124,0.00599250936329588,0.0011587078651685394,0.00821629213483146,0.0031601123595505617,0.011809456928838951,0.0004798689138576779,0.0001989700374531835,0.0021184456928838953,0.0002691947565543071,0.0,0.002024812734082397,0.006835205992509363,5.852059925093633e-05,0.0,0.0,0.0,0.0,0.0,1.1704119850187266e-05,0.0,0.0,0.0,0.0,0.0,0.0,0.0,0.0,0.0,0.0,0.0,0.0,0.0,0.0,0.0,0.0,0.0,0.0,0.0,0.0,0.0,0.0,0.0,0.0,nan,nan,4.495174461766889,3.010834017399125,nan,0.9220449974795557,0.022901752646402176,0.0,0.0,0.0,0.0,0.0,0.0,0.0,0.0,0.0,0.0,0.0,0.0,0.0,0.0,0.0,0.0,0.0,0.0,0.0,0.0,0.0,0.0,0.0,0.0,0.014150943396226419,0.18396226415094344,4.712264150943397,15.778301886792455,8.448113207547172,0.8632075471698115,0.9218319493820233,0.023252003090360632,0.0,0.0,0.0,0.0,0.0,0.0,0.0,0.0,0.0,0.0,0.0,0.0,0.0,0.0,0.0,0.0,0.0,0.0,0.0,0.0,0.0,0.0,0.0,0.0,0.0,0.23698884758364316,5.102230483271376,15.432156133829,8.350371747211897,0.8782527881040895,0.3586,0.02058,0.0,0.0,0.0,0.0,0.0,0.0,0.0,0.0,0.056603773584905676,3.254716981132076,16.287735849056606,9.73584905660376,0.6650943396226416,0.0,0.0,0.0,0.0,0.0,0.0,0.0,0.0,0.0,0.0,0.0,0.0,0.0,0.0,0.0,0.0,0.0,0.359,0.02127,0.0,0.0,0.0,0.0,0.0,0.0,0.0,0.0,0.05576208178438663,3.499070631970261,15.557620817843869,10.078996282527866,0.7946096654275095,0.013940520446096658,0.0,0.0,0.0,0.0,0.0,0.0,0.0,0.0,0.0,0.0,0.0,0.0,0.0,0.0,0.0,0.0
81500,4332,2227,0.5140812557710065,1054,904,0.4519852262234534,1247,0.5757156048014774,0.426,3.008076009501188,3.072432223205917,6.56405990016639,2.0957860000826467,9309.133039786462,1415.7401750103245,7853.0,10742.472534656525,10685.495881614259,17.24228025461923,7853.0,0.0,27.96191135734072,20.797681676228144,32.84092155787164,19.052585763464077,0.13734995383194828,0.09926131117266851,0.09533702677747,0.08240997229916898,0.08264081255771007,0.07987072945521699,0.07109879963065559,0.05863342566943675,0.060480147737765465,0.05193905817174515,0.04293628808864266,0.04547553093259465,0.034856879039704525,0.02239150507848569,0.017082179132040628,0.01084949215143121,0.007386888273314866,0.9231267885020344,0.02336095948159323,0.0,0.0,0.0,0.0,0.0,0.0,0.0,0.0,0.0,0.0,0.0,0.0,0.0,0.0,0.0,0.0,0.0,0.0,0.0,0.0,0.0,0.0,0.0,0.0,0.0,0.21468144044321336,4.826869806094184,14.930747922437677,9.04432132963989,0.9833795013850417,4.261209964412811,2.8628353592187654,nan,nan,nan,4.276371308016878,2.8611056447661833,4.245677233429395,2.864523143747786,0.9928224018971549,0.3596,0.02147,0.0,0.0,0.0,0.0,0.0,0.0,0.0,0.0,0.06925207756232689,3.4349030470914137,15.394736842105267,10.16620498614957,0.9279778393351803,0.0069252077562326885,0.0,0.0,0.0,0.0,0.0,0.0,0.0,0.0,0.0,0.0,0.0,0.0,0.0,0.0,0.0,0.0,nan,nan,4.261209964412811,2.8628353592187654,nan,0.3596,0.11774,0.0,0.0,0.0,0.0,0.0,0.0,0.0,0.0003347183748845799,0.0008541089566020314,0.00047322253000923363,0.0,0.001327331486611265,0.002412280701754386,0.00884118190212373,0.007952446906740535,0.01273084025854109,0.00775623268698061,0.023765004616805172,0.005320867959372115,0.02961680517082179,0.006544321329639889,0.018294090489381347,0.0037049861495844875,0.01891735918744229,0.025911819021237303,0.033033240997229915,0.012003693444136657,0.04157433056325023,0.030586334256694367,0.034522160664819945,0.003543397968605725,0.05128116343490305,0.019644506001846723,0.03283702677746999,0.033795013850415515,0.02690443213296399,0.06299630655586334,0.028185595567867035,0.04671052631578947,0.013123268698060941,0.007698522622345337,0.023164819944598337,0.030078485687903972,0.016147276084949216,0.015766389658356417,0.03337950138504155,0.027008310249307478,0.03545706371191136,0.02096029547553093,0.02757386888273315,0.017024469067405356,0.006267313019390582,0.01084949215143121,0.010364727608494922,0.004559095106186519,0.013573407202216066,0.0025277008310249306,0.010318559556786703,0.005851800554016621,0.00188134810710988,0.007121421975992613,0.002700831024930748,0.01293859649122807,0.0004847645429362881,0.0002770083102493075,0.0016851338873499538,0.000265466297322253,2.3084025854108955e-05,0.0020429362880886428,0.006498153277931671,1.1542012927054478e-05,0.0,0.0,0.0,0.0,0.0,0.0,0.0,0.0,0.0,0.0,0.0,0.0,0.0,0.0,0.0,0.0,0.0,0.0,0.0,0.0,0.0,0.0,0.0,0.0,0.0,0.0,0.0,0.0,0.0,0.0,nan,nan,4.261209964412811,2.8628353592187654,nan,0.9228546227314679,0.022964842384489186,0.0,0.0,0.0,0.0,0.0,0.0,0.0,0.0,0.0,0.0,0.0,0.0,0.0,0.0,0.0,0.0,0.0,0.0,0.0,0.0,0.0,0.0,0.0,0.0,0.0,0.18859452177817698,5.0381679389312986,14.87202514593624,9.025594970812755,0.8756174225415359,0.9234147282507528,0.023769458018220724,0.0,0.0,0.0,0.0,0.0,0.0,0.0,0.0,0.0,0.0,0.0,0.0,0.0,0.0,0.0,0.0,0.0,0.0,0.0,0.0,0.0,0.0,0.0,0.0,0.0,0.2422802850356295,4.60332541567696,14.992874109263662,9.06413301662708,1.097387173396675,0.3596,0.02147,0.0,0.0,0.0,0.0,0.0,0.0,0.0,0.0,0.040413111809609346,3.556353839245623,15.208801077682985,10.264930399640757,0.9160305343511452,0.013471037269869783,0.0,0.0,0.0,0.0,0.0,0.0,0.0,0.0,0.0,0.0,0.0,0.0,0.0,0.0,0.0,0.0,0.3594,0.02145,0.0,0.0,0.0,0.0,0.0,0.0,0.0,0.0,0.09976247030878863,3.3064133016627086,15.591448931116393,10.06175771971495,0.9406175771971499,0.0,0.0,0.0,0.0,0.0,0.0,0.0,0.0,0.0,0.0,0.0,0.0,0.0,0.0,0.0,0.0,0.0
81600,4597,2389,0.519686752229715,1094,946,0.443767674570372,1310,0.5699369153795953,0.40199999999999997,2.963768115942029,3.0543908054809545,6.586038961038961,2.0558121341575863,9325.323676936856,1415.5084625622712,7853.0,10750.421508431435,10686.09834360767,17.73444008019584,7853.0,0.0,27.856863171633673,20.9700565288129,32.92818110850898,19.199462340043457,0.1444420274091799,0.10224059169023277,0.0850554709593213,0.09092886665216446,0.08266260604742223,0.06721775070698281,0.0776593430498151,0.06221448770937568,0.05612355884272351,0.04981509680226234,0.04394170110941919,0.04198390254513813,0.032194909723732866,0.02523384816184468,0.020448118338046554,0.01261692408092234,0.005220796171416141,0.9224999398544143,0.023369289866626883,0.0,0.0,0.0,0.0,0.0,0.0,0.0,0.0,0.0,0.0,0.0,0.0,0.0,0.0,0.0,0.0,0.0,0.0,0.0,0.0,0.0,0.0,0.0,0.0,0.0,0.18925386121383517,4.985860343702416,15.185990863606703,8.757885577550578,0.881009353926474,4.235194585448393,2.8333008715039005,nan,nan,nan,4.175,2.868005592930579,4.293080054274085,2.7960271068902616,1.0282826477303197,0.36,0.02144,0.0,0.0,0.0,0.0,0.0,0.0,0.0,0.0,0.05220796171416142,3.047639765064173,15.584076571677183,10.330650424189674,0.9658472917119862,0.019577985642810533,0.0,0.0,0.0,0.0,0.0,0.0,0.0,0.0,0.0,0.0,0.0,0.0,0.0,0.0,0.0,0.0,nan,nan,4.235194585448393,2.8333008715039005,nan,0.36,0.11816,0.0,0.0,0.0,0.0,0.0,0.0,0.0,0.00027191646726125733,0.0007069828148792691,0.00025016314988035674,0.0,0.001261692408092234,0.0021535784207091582,0.00999564933652382,0.007852947574505113,0.011931694583423972,0.007145964759625843,0.02632151403088971,0.0058625190341527085,0.028061779421361756,0.007798564281052861,0.018425059821622798,0.0035022840983249945,0.019741135523167284,0.024298455514465956,0.03174896671742441,0.011692408092234065,0.04015662388514248,0.03112899717206874,0.035436154013487056,0.0034914074396345442,0.04924951055035893,0.02001305199042854,0.030835327387426583,0.033217315640635195,0.028377202523384815,0.06341092016532521,0.027072003480530783,0.04757450511202958,0.012127474439852078,0.007907330867957363,0.022351533608875353,0.030432891015879922,0.016837067652817055,0.019458342397215576,0.0315966934957581,0.027637589732434197,0.035338264085273005,0.021383510985425278,0.028355449206003917,0.016608657820317597,0.007178594735697194,0.011366108331520557,0.010767892103545791,0.004709593212964977,0.012790950619969545,0.0022405916902327604,0.009451816402001306,0.004861866434631281,0.0015227322166630412,0.007363497933434849,0.0026539047204698716,0.01332390689580161,0.0004024363715466609,0.00027191646726125733,0.0029366978464215794,0.0001740265390472047,4.350663476180117e-05,0.0023602349358277136,0.0065586251903415275,0.0,0.0,0.0,0.0,0.0,0.0,0.0,0.0,0.0,0.0,0.0,0.0,0.0,0.0,0.0,0.0,0.0,0.0,0.0,0.0,0.0,0.0,0.0,0.0,0.0,0.0,0.0,0.0,0.0,0.0,0.0,nan,nan,4.235194585448393,2.8333008715039005,nan,0.9229384044465184,0.02333505323250068,0.0,0.0,0.0,0.0,0.0,0.0,0.0,0.0,0.0,0.0,0.0,0.0,0.0,0.0,0.0,0.0,0.0,0.0,0.0,0.0,0.0,0.0,0.0,0.0,0.0,0.15069066555043953,4.809543742151528,15.34533277521976,8.71494349100042,0.979489326077857,0.9220255322862363,0.023397023578242252,0.0,0.0,0.0,0.0,0.0,0.0,0.0,0.0,0.0,0.0,0.0,0.0,0.0,0.0,0.0,0.0,0.0,0.0,0.0,0.0,0.0,0.0,0.0,0.0,0.0,0.23097826086956527,5.176630434782609,15.013586956521742,8.804347826086959,0.7744565217391306,0.3606,0.02153,0.0,0.0,0.0,0.0,0.0,0.0,0.0,0.0,0.025115110925073257,2.9635830891586443,15.546253662620346,10.498116366680604,0.9418166596902472,0.025115110925073257,0.0,0.0,0.0,0.0,0.0,0.0,0.0,0.0,0.0,0.0,0.0,0.0,0.0,0.0,0.0,0.0,0.3596,0.02133,0.0,0.0,0.0,0.0,0.0,0.0,0.0,0.0,0.0815217391304348,3.13858695652174,15.625000000000004,10.149456521739115,0.9918478260869568,0.013586956521739134,0.0,0.0,0.0,0.0,0.0,0.0,0.0,0.0,0.0,0.0,0.0,0.0,0.0,0.0,0.0,0.0
81700,4431,2247,0.5071090047393365,1072,928,0.4513653802753329,1240,0.5596930715414128,0.422,2.937728937728938,3.0590593205306176,6.541176470588235,2.093503828461391,9289.799466095883,1416.5660188549496,7853.0,10744.394949674606,10686.314835011508,17.011295565693672,7853.0,0.0,27.53486797562627,20.773804979983087,32.630581867388365,18.988499790381173,0.14691943127962084,0.0961408259986459,0.09207853757616791,0.09027307605506657,0.08214849921011058,0.07560370119611826,0.0686075378018506,0.06838185511171294,0.05754908598510494,0.045136538027533285,0.04874746106973595,0.0376890092529903,0.030015797788309637,0.022568269013766643,0.01828029790115098,0.01466937485894832,0.005190701873166328,0.9231152312665727,0.02271731574770286,0.0,0.0,0.0,0.0,0.0,0.0,0.0,0.0,0.0,0.0,0.0,0.0,0.0,0.0,0.0,0.0,0.0,0.0,0.0,0.0,0.0,0.0,0.0,0.0,0.0,0.20988490182802985,4.454976303317537,15.477318889641168,9.025050778605282,0.8327691266079894,4.2272727272727275,2.846706558102787,nan,nan,nan,4.152974504249292,2.7665235631406233,4.300841514726508,2.9220757418454397,1.0356050850603393,0.3606,0.02153,0.0,0.0,0.0,0.0,0.0,0.0,0.0,0.0,0.04062288422477996,3.0467163168584976,15.077860528097498,10.771834800270804,1.056194989844279,0.0067704807041299945,0.0,0.0,0.0,0.0,0.0,0.0,0.0,0.0,0.0,0.0,0.0,0.0,0.0,0.0,0.0,0.0,nan,nan,4.2272727272727275,2.846706558102787,nan,0.3606,0.11896,0.0,0.0,0.0,0.0,0.0,0.0,0.0,0.00032723990069961635,0.000733468742947416,0.00020311442112389978,1.1284134506883322e-05,0.0011509817197020988,0.001929587000677048,0.009760776348454073,0.009185285488603024,0.012254570074475288,0.007887610020311442,0.02377567140600316,0.006770480704129994,0.028955089144662605,0.007966598961859625,0.017817648386368765,0.0032385466034755136,0.019645678176483862,0.02519747235387046,0.03131347325660122,0.012581809975174904,0.039280072218460846,0.03171970209884902,0.0333559016023471,0.003577070638682013,0.048657187993680885,0.01997291807718348,0.02914691943127962,0.032780410742496054,0.030760550665763935,0.06317986910403972,0.028018505980591288,0.04574588129090499,0.012198149401940871,0.008621078763258858,0.021044910855337395,0.030343037689009252,0.018088467614533966,0.017670954637779283,0.03221620401715188,0.027330173775671405,0.036030241480478446,0.02320018054615211,0.028729406454524938,0.015075603701196118,0.007628074926653126,0.011600090273076055,0.009377115775220041,0.004931166779508012,0.013631234484315052,0.0023019634394041977,0.009061160009027307,0.004208982171067479,0.0016700519070187317,0.008869329722410292,0.002798465357707064,0.012694651320243737,0.000349808169713383,0.0001579778830963665,0.0027871812232001807,0.00025953509365831643,0.0001466937485894832,0.0031482735274204468,0.006905890318212593,1.1284134506883322e-05,0.0,0.0,1.1284134506883322e-05,0.0,0.0,0.0,0.0,0.0,0.0,0.0,0.0,0.0,0.0,0.0,0.0,0.0,0.0,0.0,0.0,0.0,0.0,0.0,0.0,0.0,0.0,0.0,0.0,0.0,0.0,0.0,nan,nan,4.2272727272727275,2.846706558102787,nan,0.9230891259765964,0.022594537148706798,0.0,0.0,0.0,0.0,0.0,0.0,0.0,0.0,0.0,0.0,0.0,0.0,0.0,0.0,0.0,0.0,0.0,0.0,0.0,0.0,0.0,0.0,0.0,0.0,0.0,0.24032042723631514,4.325767690253673,15.72763684913218,8.905206942590121,0.8010680907877171,0.9231420895937599,0.022842916158748346,0.0,0.0,0.0,0.0,0.0,0.0,0.0,0.0,0.0,0.0,0.0,0.0,0.0,0.0,0.0,0.0,0.0,0.0,0.0,0.0,0.0,0.0,0.0,0.0,0.0,0.17857142857142863,4.5879120879120885,15.219780219780223,9.14835164835165,0.8653846153846156,0.3608,0.02144,0.0,0.0,0.0,0.0,0.0,0.0,0.0,0.0,0.026702269692923906,2.9906542056074774,15.153538050734316,10.694259012016005,1.134846461949266,0.0,0.0,0.0,0.0,0.0,0.0,0.0,0.0,0.0,0.0,0.0,0.0,0.0,0.0,0.0,0.0,0.0,0.3604,0.02162,0.0,0.0,0.0,0.0,0.0,0.0,0.0,0.0,0.05494505494505496,3.1043956043956054,15.000000000000004,10.851648351648336,0.9752747252747255,0.01373626373626374,0.0,0.0,0.0,0.0,0.0,0.0,0.0,0.0,0.0,0.0,0.0,0.0,0.0,0.0,0.0,0.0
81800,4500,2287,0.5082222222222222,1082,932,0.44755555555555554,1294,0.5751111111111111,0.39799999999999996,2.9774062358788975,3.0773189127589937,6.4021739130434785,2.2280108934165526,9292.99784472651,1416.5635203672134,7853.0,10757.398377776146,10686.401968198204,17.3662256956813,7853.0,0.0,27.895333333333333,20.876556240061348,32.875430691757224,19.122462015087223,0.13933333333333334,0.10377777777777777,0.08822222222222222,0.09,0.07888888888888888,0.074,0.06977777777777777,0.06911111111111111,0.06088888888888889,0.04755555555555555,0.042444444444444444,0.03955555555555555,0.03088888888888889,0.028,0.020666666666666667,0.011333333333333334,0.005555555555555556,0.9233272445334328,0.02284002386674252,0.0,0.0,0.0,0.0,0.0,0.0,0.0,0.0,0.0,0.0,0.0,0.0,0.0,0.0,0.0,0.0,0.0,0.0,0.0,0.0,0.0,0.0,0.0,0.0,0.006666666666666668,0.20000000000000004,4.380000000000001,15.440000000000003,9.133333333333335,0.8400000000000002,4.241261137765592,2.860603817582862,nan,nan,nan,4.3278350515463915,2.843286259998659,4.15516062884484,2.8751389799392264,0.960101431629227,0.3604,0.02147,0.0,0.0,0.0,0.0,0.0,0.0,0.0,0.0,0.026666666666666672,3.100000000000001,15.30666666666667,10.579999999999986,0.9666666666666669,0.020000000000000004,0.0,0.0,0.0,0.0,0.0,0.0,0.0,0.0,0.0,0.0,0.0,0.0,0.0,0.0,0.0,0.0,nan,nan,4.241261137765592,2.860603817582862,nan,0.3604,0.11957,0.0,0.0,0.0,0.0,0.0,0.0,1.1111111111111112e-05,0.0002666666666666667,0.0005555555555555556,0.00017777777777777779,2.2222222222222223e-05,0.0013666666666666666,0.002022222222222222,0.010533333333333334,0.01018888888888889,0.011833333333333333,0.007633333333333333,0.02447777777777778,0.006066666666666666,0.029,0.007544444444444445,0.017355555555555555,0.002777777777777778,0.02031111111111111,0.026966666666666667,0.0316,0.013355555555555556,0.03958888888888889,0.032344444444444446,0.03553333333333333,0.0038777777777777777,0.04616666666666667,0.019322222222222223,0.028266666666666666,0.03225555555555556,0.02857777777777778,0.06287777777777778,0.02581111111111111,0.04674444444444444,0.012733333333333333,0.009422222222222222,0.0217,0.02638888888888889,0.017566666666666668,0.017822222222222222,0.03392222222222222,0.028733333333333333,0.03545555555555555,0.025611111111111112,0.029022222222222224,0.014333333333333333,0.008522222222222223,0.010322222222222222,0.009411111111111111,0.004344444444444444,0.013133333333333334,0.0028888888888888888,0.009255555555555555,0.004188888888888889,0.0014555555555555556,0.008888888888888889,0.002988888888888889,0.011666666666666667,0.0002777777777777778,0.0002777777777777778,0.0023,0.0003333333333333333,0.00014444444444444444,0.0029,0.008544444444444445,0.0,0.0,0.0,0.0,1.1111111111111112e-05,0.0,0.0,0.0,0.0,0.0,0.0,0.0,0.0,0.0,0.0,0.0,0.0,0.0,0.0,0.0,0.0,0.0,0.0,0.0,0.0,0.0,0.0,0.0,0.0,0.0,0.0,nan,nan,4.241261137765592,2.860603817582862,nan,0.9233854501383972,0.022973682487282644,0.0,0.0,0.0,0.0,0.0,0.0,0.0,0.0,0.0,0.0,0.0,0.0,0.0,0.0,0.0,0.0,0.0,0.0,0.0,0.0,0.0,0.0,0.0,0.0,0.0,0.2623524267599476,4.368167905553127,15.32138172278094,9.15609969392217,0.8919982509838218,0.923267092604579,0.02270091220950857,0.0,0.0,0.0,0.0,0.0,0.0,0.0,0.0,0.0,0.0,0.0,0.0,0.0,0.0,0.0,0.0,0.0,0.0,0.0,0.0,0.0,0.0,0.0,0.0,0.013556258472661549,0.13556258472661548,4.392227745142342,15.562584726615457,9.10980569362856,0.7862629914143698,0.3608,0.02159,0.0,0.0,0.0,0.0,0.0,0.0,0.0,0.0,0.039352864013992135,2.9514648010494104,15.386969829470926,10.572802798425869,1.0231744643637957,0.02623524267599476,0.0,0.0,0.0,0.0,0.0,0.0,0.0,0.0,0.0,0.0,0.0,0.0,0.0,0.0,0.0,0.0,0.36,0.02133,0.0,0.0,0.0,0.0,0.0,0.0,0.0,0.0,0.013556258472661549,3.253502033438772,15.223678264798918,10.587437867148653,0.9082693176683238,0.013556258472661549,0.0,0.0,0.0,0.0,0.0,0.0,0.0,0.0,0.0,0.0,0.0,0.0,0.0,0.0,0.0,0.0
81900,4360,2316,0.5311926605504587,1089,883,0.4522935779816514,1196,0.5486238532110091,0.39399999999999996,2.9814090019569472,3.058088432996756,6.416382252559727,2.1930711281982864,9358.288804700587,1414.1915139632542,7853.0,10747.826456189156,10686.790668607324,17.282294456676908,7853.0,0.0,28.188761467889908,20.84514579112351,32.98426478567553,19.095677421613864,0.13623853211009174,0.10068807339449541,0.08669724770642202,0.09105504587155963,0.0768348623853211,0.08073394495412844,0.06559633027522936,0.06857798165137614,0.061238532110091747,0.05022935779816514,0.0426605504587156,0.04220183486238532,0.03509174311926606,0.026605504587155965,0.018807339449541285,0.011467889908256881,0.005275229357798165,0.9237251795076449,0.023177619044713462,0.0,0.0,0.0,0.0,0.0,0.0,0.0,0.0,0.0,0.0,0.0,0.0,0.0,0.0,0.0,0.0,0.0,0.0,0.0,0.0,0.0,0.0,0.0,0.0,0.0,0.18577981651376152,4.410550458715597,15.013761467889912,9.350917431192663,1.0389908256880735,4.228249383585769,2.919857943790833,nan,nan,nan,4.208421052631579,2.9153073260242772,4.248231966053749,2.9243007819971605,1.0094598218486897,0.3618,0.0213,0.0,0.0,0.0,0.0,0.0,0.0,0.0,0.0,0.03440366972477065,2.841743119266056,14.607798165137618,11.463302752293561,1.0458715596330277,0.00688073394495413,0.0,0.0,0.0,0.0,0.0,0.0,0.0,0.0,0.0,0.0,0.0,0.0,0.0,0.0,0.0,0.0,nan,nan,4.228249383585769,2.919857943790833,nan,0.3618,0.1194,0.0,0.0,0.0,0.0,0.0,0.0,0.00011467889908256881,0.0008256880733944954,0.0008944954128440367,3.4403669724770645e-05,1.146788990825688e-05,0.0008715596330275229,0.001938073394495413,0.01021788990825688,0.009472477064220183,0.011169724770642202,0.008279816513761468,0.025206422018348624,0.007052752293577982,0.028325688073394497,0.006743119266055046,0.015619266055045872,0.002018348623853211,0.019805045871559634,0.0275,0.029311926605504586,0.012901376146788992,0.04002293577981651,0.033142201834862384,0.03463302752293578,0.003910550458715596,0.044059633027522936,0.018692660550458717,0.027557339449541283,0.03205275229357798,0.029174311926605506,0.06514908256880735,0.025309633027522937,0.04809633027522936,0.012442660550458716,0.009977064220183487,0.023084862385321103,0.02705275229357798,0.016261467889908256,0.017763761467889907,0.036823394495412845,0.029059633027522937,0.03628440366972477,0.024116972477064222,0.030997706422018347,0.014208715596330275,0.00805045871559633,0.009793577981651376,0.009862385321100918,0.004885321100917431,0.013268348623853211,0.002775229357798165,0.009690366972477065,0.003646788990825688,0.0021559633027522936,0.008956422018348623,0.0022247706422018347,0.011777522935779817,0.0005963302752293578,0.0001834862385321101,0.0022247706422018347,0.00013761467889908258,0.00043577981651376146,0.0034059633027522934,0.007740825688073395,0.0,0.0,0.0,0.0,0.0,0.0,0.0,0.0,0.0,0.0,0.0,0.0,0.0,0.0,0.0,0.0,0.0,0.0,0.0,0.0,0.0,0.0,0.0,0.0,0.0,0.0,0.0,0.0,0.0,0.0,0.0,nan,nan,4.228249383585769,2.919857943790833,nan,0.9230745014491682,0.022891969782332187,0.0,0.0,0.0,0.0,0.0,0.0,0.0,0.0,0.0,0.0,0.0,0.0,0.0,0.0,0.0,0.0,0.0,0.0,0.0,0.0,0.0,0.0,0.0,0.0,0.0,0.22020725388601042,4.430051813471503,15.103626943005185,9.430051813471504,0.8160621761658033,0.9244624448615744,0.023475299462975607,0.0,0.0,0.0,0.0,0.0,0.0,0.0,0.0,0.0,0.0,0.0,0.0,0.0,0.0,0.0,0.0,0.0,0.0,0.0,0.0,0.0,0.0,0.0,0.0,0.0,0.1467710371819961,4.3884540117416835,14.911937377690807,9.261252446183954,1.2915851272015657,0.3618,0.02124,0.0,0.0,0.0,0.0,0.0,0.0,0.0,0.0,0.0,2.849740932642488,14.689119170984458,11.334196891191693,1.1269430051813474,0.0,0.0,0.0,0.0,0.0,0.0,0.0,0.0,0.0,0.0,0.0,0.0,0.0,0.0,0.0,0.0,0.0,0.3616,0.0214,0.0,0.0,0.0,0.0,0.0,0.0,0.0,0.0,0.07338551859099805,2.8326810176125248,14.515655577299416,11.609589041095875,0.9540117416829748,0.014677103718199611,0.0,0.0,0.0,0.0,0.0,0.0,0.0,0.0,0.0,0.0,0.0,0.0,0.0,0.0,0.0,0.0
82000,4004,2087,0.5212287712287712,981,821,0.4500499500499501,1133,0.5659340659340659,0.442,3.007303077725613,3.0859617656826215,6.4963503649635035,2.1710574220409593,9330.303867797722,1415.9112432399013,7853.0,10738.335568070412,10687.271531702001,17.02454280144527,7853.0,0.0,27.973526473526473,20.789699056616566,32.82335506816835,19.048394982231947,0.13886113886113885,0.0944055944055944,0.09715284715284715,0.08591408591408592,0.08616383616383616,0.07592407592407592,0.06793206793206794,0.059940059940059943,0.05869130869130869,0.05044955044955045,0.04795204795204795,0.041458541458541456,0.03471528471528471,0.023976023976023976,0.020229770229770228,0.012237762237762238,0.003996003996003996,0.9242716001404392,0.022967147206509025,0.0,0.0,0.0,0.0,0.0,0.0,0.0,0.0,0.0,0.0,0.0,0.0,0.0,0.0,0.0,0.0,0.0,0.0,0.0,0.0,0.0,0.0,0.0,0.0,0.0,0.20229770229770236,4.150849150849152,15.239760239760244,9.425574425574428,0.9815184815184818,4.275490573297422,2.8946321438115965,nan,nan,nan,4.301829268292683,2.857712554478042,4.248640248640249,2.9315468071556987,0.9876357204493279,0.3613,0.0214,0.0,0.0,0.0,0.0,0.0,0.0,0.0,0.0,0.01498501498501499,2.9370629370629375,15.097402597402601,10.88661338661337,1.0489510489510492,0.01498501498501499,0.0,0.0,0.0,0.0,0.0,0.0,0.0,0.0,0.0,0.0,0.0,0.0,0.0,0.0,0.0,0.0,nan,nan,4.275490573297422,2.8946321438115965,nan,0.3613,0.1191,0.0,0.0,0.0,0.0,0.0,1.2487512487512488e-05,0.00017482517482517483,0.0017857142857142857,0.0009240759240759241,4.995004995004995e-05,0.0,0.00046203796203796204,0.0018856143856143856,0.011525974025974026,0.008953546453546454,0.01155094905094905,0.008254245754245755,0.0271978021978022,0.006431068931068931,0.024725274725274724,0.006955544455544456,0.01697052947052947,0.002022977022977023,0.019892607392607394,0.02922077922077922,0.027472527472527472,0.012087912087912088,0.04108391608391608,0.0337037962037962,0.03135614385614385,0.004645354645354646,0.04184565434565435,0.018781218781218783,0.027934565434565434,0.0320054945054945,0.028708791208791207,0.06643356643356643,0.024013486513486514,0.04925074925074925,0.011625874125874127,0.010402097902097902,0.025999000999000998,0.031006493506493506,0.01411088911088911,0.015846653346653347,0.03715034965034965,0.030444555444555446,0.03568931068931069,0.0246003996003996,0.03148101898101898,0.013499000999000999,0.00882867132867133,0.009290709290709291,0.009902597402597402,0.00487012987012987,0.012774725274725274,0.0023726273726273725,0.010601898101898101,0.0031593406593406594,0.0019105894105894106,0.00817932067932068,0.001386113886113886,0.012762237762237762,0.0008991008991008991,0.0003246753246753247,0.002347652347652348,3.746253746253746e-05,0.00043706293706293706,0.0026973026973026973,0.00698051948051948,0.0,4.995004995004995e-05,1.2487512487512488e-05,0.0,0.0,0.0,0.0,0.0,0.0,0.0,0.0,0.0,0.0,0.0,0.0,0.0,0.0,0.0,0.0,0.0,0.0,0.0,0.0,0.0,0.0,0.0,0.0,0.0,0.0,0.0,0.0,nan,nan,4.275490573297422,2.8946321438115965,nan,0.9240356019711917,0.023015536840702087,0.0,0.0,0.0,0.0,0.0,0.0,0.0,0.0,0.0,0.0,0.0,0.0,0.0,0.0,0.0,0.0,0.0,0.0,0.0,0.0,0.0,0.0,0.0,0.0,0.0,0.18687110685194064,4.283660757067562,15.136559655007192,9.45855294681361,0.9343555342597032,0.924528526681503,0.022911586567341366,0.0,0.0,0.0,0.0,0.0,0.0,0.0,0.0,0.0,0.0,0.0,0.0,0.0,0.0,0.0,0.0,0.0,0.0,0.0,0.0,0.0,0.0,0.0,0.0,0.0,0.21909233176838816,4.006259780907669,15.352112676056342,9.38967136150235,1.0328638497652585,0.3616,0.02153,0.0,0.0,0.0,0.0,0.0,0.0,0.0,0.0,0.0,2.918064206995688,14.892189746046961,10.924772400574973,1.2362242453282226,0.028749401054144714,0.0,0.0,0.0,0.0,0.0,0.0,0.0,0.0,0.0,0.0,0.0,0.0,0.0,0.0,0.0,0.0,0.3608,0.02124,0.0,0.0,0.0,0.0,0.0,0.0,0.0,0.0,0.031298904538341166,2.95774647887324,15.320813771518,10.845070422535196,0.8450704225352115,0.0,0.0,0.0,0.0,0.0,0.0,0.0,0.0,0.0,0.0,0.0,0.0,0.0,0.0,0.0,0.0,0.0
82100,4447,2320,0.5217000224870699,1096,912,0.45154036429053296,1238,0.5567798515853384,0.43,2.9717912552891397,3.158134955394095,6.834494773519164,2.130448335585696,9331.23648591628,1415.4729669121084,7853.0,10742.943545818329,10686.498988305906,17.797070554974496,7853.0,0.0,27.496064762761414,20.49168320401466,32.33431398769724,18.755476030270703,0.13807060939959523,0.10074207330784798,0.09871823701371711,0.08724983134697549,0.08050371036653924,0.07825500337306049,0.06926017539914549,0.06273892511805712,0.05554306273892512,0.05464357994153362,0.051495390150663366,0.03665392399370362,0.03170676860805037,0.022711940634135373,0.018214526647177872,0.008320215875871374,0.005172026085001125,0.9244474110400674,0.023176034388801125,0.0,0.0,0.0,0.0,0.0,0.0,0.0,0.0,0.0,0.0,0.0,0.0,0.0,0.0,0.0,0.0,0.0,0.0,0.0,0.0,0.0,0.0,0.0,0.0,0.006746120980436251,0.18214526647177878,4.236563975713965,14.91567348774455,9.680683606926019,0.9781875421632563,4.288865546218488,2.990220165838209,nan,nan,nan,4.284810126582278,2.998083295200576,4.294487090020935,2.9828220043388702,1.002258434598682,0.36,0.02135,0.0,0.0,0.0,0.0,0.0,0.0,0.0,0.0,0.05396896784349001,3.150438497863729,15.428378682257705,10.38902630987181,0.9714414211828201,0.006746120980436251,0.0,0.0,0.0,0.0,0.0,0.0,0.0,0.0,0.0,0.0,0.0,0.0,0.0,0.0,0.0,0.0,nan,nan,4.288865546218488,2.990220165838209,nan,0.36,0.119,0.0,0.0,0.0,0.0,0.0,3.3730604902181246e-05,0.0002136271643804812,0.002192489318641781,0.0009219698673262874,0.00017989655947829998,0.0,0.0003035754441196312,0.0020688104340004496,0.010760062963795818,0.010006746120980436,0.010478974589610973,0.008027883966719137,0.02945806161457162,0.006970991679784124,0.02357769282662469,0.006397571396447043,0.01674162356644929,0.0023498988081852934,0.02066561727006971,0.031200809534517652,0.02774904429952777,0.01284011693276366,0.041522374634585114,0.033370811783224645,0.0300314818979087,0.004531144591859681,0.039993253879019565,0.019777378007645605,0.02819878569822352,0.031167078929615472,0.029671688778952102,0.06647177872723184,0.02505059590735327,0.04699797616370587,0.013177422981785473,0.010512705194513155,0.028210029233190916,0.030661119856082754,0.015920845513829548,0.014369237688329211,0.034877445468855406,0.02864852709691927,0.0350685855633011,0.024791994603103214,0.032134022936811335,0.013908252754666067,0.008792444344501911,0.008601304250056218,0.00938835169777378,0.005644254553631662,0.012457836743872273,0.002462334157859231,0.01082752417360018,0.0028783449516527997,0.002057566899033056,0.007409489543512481,0.0011131099617719812,0.011963121205306949,0.0012255453114459185,0.00040476725882617495,0.0018102091297503935,0.0,0.0007645603777827749,0.003530469979761637,0.006431302001349224,0.0,0.0,3.3730604902181246e-05,0.0,0.0,0.0,0.0,0.0,0.0,0.0,0.0,0.0,0.0,0.0,0.0,0.0,0.0,0.0,0.0,0.0,0.0,0.0,0.0,0.0,0.0,0.0,0.0,0.0,0.0,0.0,0.0,nan,nan,4.288865546218488,2.990220165838209,nan,0.9244006359885479,0.023510072639432486,0.0,0.0,0.0,0.0,0.0,0.0,0.0,0.0,0.0,0.0,0.0,0.0,0.0,0.0,0.0,0.0,0.0,0.0,0.0,0.0,0.0,0.0,0.0,0.0,0.012931034482758624,0.18103448275862075,4.228448275862069,14.987068965517244,9.594827586206899,0.995689655172414,0.9244984303722372,0.02280599874793183,0.0,0.0,0.0,0.0,0.0,0.0,0.0,0.0,0.0,0.0,0.0,0.0,0.0,0.0,0.0,0.0,0.0,0.0,0.0,0.0,0.0,0.0,0.0,0.0,0.0,0.18335684062059243,4.245416078984486,14.837799717912556,9.77433004231312,0.9590973201692526,0.3599,0.02145,0.0,0.0,0.0,0.0,0.0,0.0,0.0,0.0,0.06465517241379312,3.206896551724139,15.491379310344831,10.293103448275849,0.9310344827586209,0.012931034482758624,0.0,0.0,0.0,0.0,0.0,0.0,0.0,0.0,0.0,0.0,0.0,0.0,0.0,0.0,0.0,0.0,0.3604,0.02124,0.0,0.0,0.0,0.0,0.0,0.0,0.0,0.0,0.042313117066290554,3.088857545839211,15.359661495063474,10.493653032440042,1.0155148095909734,0.0,0.0,0.0,0.0,0.0,0.0,0.0,0.0,0.0,0.0,0.0,0.0,0.0,0.0,0.0,0.0,0.0
82200,4520,2397,0.5303097345132743,1135,870,0.4435840707964602,1239,0.5482300884955752,0.43,3.0965614696184645,3.1909850715954016,6.691588785046729,2.1220304813108934,9355.737056135156,1414.301473192087,7853.0,10746.579848408699,10686.696910192282,17.690591243757986,7853.0,0.0,28.572787610619468,21.054785536764285,33.42412349555207,19.268975885147725,0.13539823008849558,0.1006637168141593,0.08650442477876107,0.08429203539823009,0.08097345132743362,0.07876106194690266,0.06548672566371681,0.060398230088495576,0.05707964601769912,0.05796460176991151,0.051106194690265484,0.0420353982300885,0.035398230088495575,0.026106194690265486,0.020575221238938055,0.011061946902654867,0.006194690265486726,0.9249203748935092,0.02313944254415362,0.0,0.0,0.0,0.0,0.0,0.0,0.0,0.0,0.0,0.0,0.0,0.0,0.0,0.0,0.0,0.0,0.0,0.0,0.0,0.0,0.0,0.0,0.0,0.0,0.0,0.16592920353982304,4.042035398230089,14.966814159292039,9.763274336283187,1.0619469026548674,4.2192151556156965,2.9655183777379115,nan,nan,nan,4.154107264086898,2.9376893593315105,4.283884018880648,2.9915012038265645,1.0312405883005709,0.3594,0.02155,0.0,0.0,0.0,0.0,0.0,0.0,0.0,0.0,0.053097345132743376,3.5243362831858414,15.278761061946906,10.26106194690264,0.8827433628318586,0.0,0.0,0.0,0.0,0.0,0.0,0.0,0.0,0.0,0.0,0.0,0.0,0.0,0.0,0.0,0.0,0.0,nan,nan,4.2192151556156965,2.9655183777379115,nan,0.3594,0.1187,0.0,0.0,0.0,0.0,0.0,8.849557522123894e-05,0.000165929203539823,0.0022345132743362833,0.000995575221238938,0.0003761061946902655,0.0,0.0007300884955752212,0.002488938053097345,0.010243362831858407,0.00997787610619469,0.009347345132743363,0.008528761061946903,0.02961283185840708,0.007853982300884957,0.02277654867256637,0.006161504424778761,0.015110619469026549,0.0028871681415929204,0.022223451327433627,0.0322787610619469,0.02679203539823009,0.014258849557522124,0.0424004424778761,0.03350663716814159,0.027964601769911505,0.004435840707964602,0.04133849557522124,0.020011061946902654,0.028506637168141592,0.03148230088495575,0.030033185840707965,0.06664823008849557,0.023064159292035397,0.04594026548672566,0.014303097345132743,0.011736725663716814,0.0275,0.03178097345132743,0.01543141592920354,0.0146570796460177,0.03536504424778761,0.02734513274336283,0.03577433628318584,0.02558628318584071,0.032378318584070795,0.014469026548672567,0.008595132743362831,0.007654867256637168,0.008440265486725664,0.0055309734513274336,0.011714601769911504,0.0019579646017699117,0.010741150442477877,0.002632743362831858,0.001570796460176991,0.007676991150442478,0.0007743362831858407,0.010940265486725664,0.001338495575221239,0.00038716814159292035,0.0022787610619469027,0.0,0.0009070796460176992,0.003484513274336283,0.006515486725663717,6.637168141592921e-05,0.0,0.0,0.0,0.0,0.0,0.0,0.0,0.0,0.0,0.0,0.0,0.0,0.0,0.0,0.0,0.0,0.0,0.0,0.0,0.0,0.0,0.0,0.0,0.0,0.0,0.0,0.0,0.0,0.0,0.0,nan,nan,4.2192151556156965,2.9655183777379115,nan,0.9251503495559327,0.023371778127393713,0.0,0.0,0.0,0.0,0.0,0.0,0.0,0.0,0.0,0.0,0.0,0.0,0.0,0.0,0.0,0.0,0.0,0.0,0.0,0.0,0.0,0.0,0.0,0.0,0.0,0.16270337922403008,4.1677096370463085,14.455569461827286,10.05006257822278,1.1639549436795997,0.924660719092365,0.02287150576610628,0.0,0.0,0.0,0.0,0.0,0.0,0.0,0.0,0.0,0.0,0.0,0.0,0.0,0.0,0.0,0.0,0.0,0.0,0.0,0.0,0.0,0.0,0.0,0.0,0.0,0.16957136128120587,3.900141309467735,15.544041450777206,9.439472444653793,0.9467734338200662,0.3596,0.02138,0.0,0.0,0.0,0.0,0.0,0.0,0.0,0.0,0.06257822277847311,3.30413016270338,15.344180225281605,10.450563204004991,0.8385481852315396,0.0,0.0,0.0,0.0,0.0,0.0,0.0,0.0,0.0,0.0,0.0,0.0,0.0,0.0,0.0,0.0,0.0,0.359,0.02173,0.0,0.0,0.0,0.0,0.0,0.0,0.0,0.0,0.04239284032030147,3.7729627885068306,15.204898728214793,10.047103155911433,0.9326424870466323,0.0,0.0,0.0,0.0,0.0,0.0,0.0,0.0,0.0,0.0,0.0,0.0,0.0,0.0,0.0,0.0,0.0
82300,4556,2397,0.5261194029850746,1139,919,0.45171202809482003,1258,0.5522388059701493,0.418,3.0245484020379805,3.1552171911372113,6.678688524590164,2.2224720215538434,9343.160939907772,1414.303272898854,7853.0,10744.677609205246,10685.362637555196,17.285829199056028,7853.0,0.0,27.98661106233538,20.835238221063047,33.08957184134489,18.98638761406432,0.14266900790166814,0.09789288849868305,0.09196663740122915,0.08340649692712906,0.08230904302019315,0.07418788410886742,0.06453028972783142,0.06453028972783142,0.05948200175592625,0.05662862159789289,0.04938542581211589,0.04280070237050044,0.033143107989464446,0.023046532045654083,0.016900790166812993,0.01141352063213345,0.005706760316066725,0.9244955626886282,0.023180312291577604,0.0,0.0,0.0,0.0,0.0,0.0,0.0,0.0,0.0,0.0,0.0,0.0,0.0,0.0,0.0,0.0,0.0,0.0,0.0,0.0,0.0,0.0,0.0,0.0,0.0,0.19754170324846362,4.187884108867428,14.835381913959617,9.74539069359087,1.0338015803336262,4.309921581997954,2.937076280135936,nan,nan,nan,4.359973136333109,2.9935070096584115,4.258310249307479,2.876816573755829,0.9766826804095559,0.3574,0.02063,0.0,0.0,0.0,0.0,0.0,0.0,0.0,0.0,0.09218612818261636,3.4174714661984207,16.37620719929763,9.508340649692698,0.5992098331870063,0.006584723441615454,0.0,0.0,0.0,0.0,0.0,0.0,0.0,0.0,0.0,0.0,0.0,0.0,0.0,0.0,0.0,0.0,nan,nan,4.309921581997954,2.937076280135936,nan,0.3574,0.1179,0.0,0.0,0.0,0.0,0.0,0.00014266900790166814,6.584723441615452e-05,0.0018107989464442493,0.001009657594381036,0.0004170324846356453,1.0974539069359088e-05,0.0008340649692712906,0.0025570676031606674,0.008988147497805092,0.009273485513608428,0.009152765583845479,0.009449078138718174,0.03016900790166813,0.007616330114135207,0.023858647936786655,0.0065408252853380155,0.017032484635645304,0.003533801580333626,0.023639157155399472,0.03356014047410009,0.027622914837576822,0.014157155399473223,0.042230026338893764,0.0332089552238806,0.026569359086918348,0.004960491659350307,0.04307506584723442,0.019271290605794557,0.028083845478489904,0.031101843722563652,0.029642230026338895,0.06724100087796313,0.0237928007023705,0.0468612818261633,0.012873134328358208,0.012412203687445127,0.02870939420544337,0.03197980684811238,0.01586918349429324,0.012543898156277437,0.035996488147497806,0.026009657594381036,0.03519534679543459,0.024989025460930642,0.031639596136962246,0.014376646180860405,0.009075943810359964,0.007561457418788411,0.007254170324846356,0.005377524143985952,0.011369622475856014,0.0021949078138718174,0.010963564530289727,0.002172958735733099,0.0019205443371378402,0.00745171202809482,0.0007901668129938542,0.008702809482001755,0.0014925373134328358,0.00020851624231782266,0.0025680421422300263,0.0,0.0008230904302019315,0.003687445127304653,0.006277436347673398,2.1949078138718175e-05,0.0,0.0,0.0,0.0,1.0974539069359088e-05,0.0,0.0,0.0,0.0,0.0,0.0,0.0,0.0,0.0,0.0,0.0,0.0,0.0,0.0,0.0,0.0,0.0,0.0,0.0,0.0,0.0,0.0,0.0,0.0,0.0,nan,nan,4.309921581997954,2.937076280135936,nan,0.9244654118691478,0.023208009247697774,0.0,0.0,0.0,0.0,0.0,0.0,0.0,0.0,0.0,0.0,0.0,0.0,0.0,0.0,0.0,0.0,0.0,0.0,0.0,0.0,0.0,0.0,0.0,0.0,0.0,0.18773466833541932,4.30538172715895,14.668335419274095,9.762202753441803,1.0763454317897374,0.9245290372204924,0.023149477307634714,0.0,0.0,0.0,0.0,0.0,0.0,0.0,0.0,0.0,0.0,0.0,0.0,0.0,0.0,0.0,0.0,0.0,0.0,0.0,0.0,0.0,0.0,0.0,0.0,0.0,0.20842982862436318,4.057433997220937,15.02084298286244,9.726725335803614,0.9865678554886523,0.3577,0.02036,0.0,0.0,0.0,0.0,0.0,0.0,0.0,0.0,0.06257822277847311,3.2540675844806013,16.44555694618273,9.599499374217759,0.6382978723404257,0.0,0.0,0.0,0.0,0.0,0.0,0.0,0.0,0.0,0.0,0.0,0.0,0.0,0.0,0.0,0.0,0.0,0.3572,0.0209,0.0,0.0,0.0,0.0,0.0,0.0,0.0,0.0,0.1250578971746179,3.5988883742473377,16.2992125984252,9.407132931912908,0.5558128763316351,0.013895321908290879,0.0,0.0,0.0,0.0,0.0,0.0,0.0,0.0,0.0,0.0,0.0,0.0,0.0,0.0,0.0,0.0
82400,4592,2440,0.5313588850174216,1113,929,0.44468641114982577,1273,0.5544425087108014,0.426,3.0065055762081783,3.1468037807202918,6.66553480475382,2.203990190886084,9358.215323047823,1413.6496866229495,7853.0,10746.66639637947,10685.765886653935,17.133609989824723,7853.0,0.0,27.867378048780488,20.855777746826497,32.74404761904762,19.139632544208865,0.13937282229965156,0.09821428571428571,0.09472996515679442,0.09385888501742161,0.08013937282229965,0.07295296167247386,0.06990418118466898,0.06184668989547038,0.05422473867595819,0.05357142857142857,0.04507839721254355,0.04377177700348432,0.029834494773519165,0.024390243902439025,0.02025261324041812,0.012195121951219513,0.005662020905923345,0.9259353227757618,0.023083975838302177,0.0,0.0,0.0,0.0,0.0,0.0,0.0,0.0,0.0,0.0,0.0,0.0,0.0,0.0,0.0,0.0,0.0,0.0,0.0,0.0,0.0,0.0,0.0,0.0,0.0,0.20252613240418124,3.6258710801393734,14.980400696864114,10.028310104529618,1.162891986062718,4.2714577656675745,2.9594585907093913,nan,nan,nan,4.18972602739726,2.90399416609604,4.35230352303523,3.0111358551593232,1.0388038488853093,0.3567,0.0208,0.0,0.0,0.0,0.0,0.0,0.0,0.0,0.0,0.058797909407665515,4.030923344947736,16.5418118466899,8.780487804878035,0.5879790940766552,0.0,0.0,0.0,0.0,0.0,0.0,0.0,0.0,0.0,0.0,0.0,0.0,0.0,0.0,0.0,0.0,0.0,nan,nan,4.2714577656675745,2.9594585907093913,nan,0.3567,0.11804,0.0,0.0,0.0,0.0,0.0,0.00010888501742160279,4.3554006968641115e-05,0.001829268292682927,0.0006206445993031359,0.0003593205574912892,1.0888501742160279e-05,0.0006750871080139373,0.002493466898954704,0.00862369337979094,0.010420296167247387,0.009026567944250871,0.009320557491289199,0.030640243902439024,0.00817726480836237,0.025174216027874563,0.006718205574912892,0.017345383275261323,0.0035278745644599305,0.024520905923344948,0.03263283972125436,0.02613240418118467,0.014296602787456446,0.043499564459930314,0.0350609756097561,0.02684015679442509,0.005128484320557491,0.04224738675958188,0.018641114982578397,0.025947299651567945,0.030607578397212544,0.031685540069686415,0.0697081881533101,0.02260452961672474,0.04719076655052265,0.013077090592334495,0.011639808362369337,0.028310104529616725,0.03318815331010453,0.015831881533101045,0.01134581881533101,0.03513719512195122,0.024749564459930314,0.034135452961672474,0.023617160278745646,0.031761759581881537,0.016692073170731708,0.009875871080139372,0.006293554006968641,0.0074804006968641115,0.00508493031358885,0.010670731707317074,0.0020797038327526134,0.011422038327526132,0.0017748257839721253,0.0015135017421602788,0.008024825783972126,0.000979965156794425,0.007251742160278745,0.0015679442508710801,0.00018510452961672475,0.0030270034843205575,0.0,0.0003484320557491289,0.004213850174216028,0.006837979094076655,2.1777003484320557e-05,0.0,0.0,0.0,0.0,0.0,0.0,0.0,0.0,0.0,0.0,0.0,0.0,0.0,0.0,0.0,0.0,0.0,0.0,0.0,0.0,0.0,0.0,0.0,0.0,0.0,0.0,0.0,0.0,0.0,0.0,nan,nan,4.2714577656675745,2.9594585907093913,nan,0.9260513581701967,0.02297024378473577,0.0,0.0,0.0,0.0,0.0,0.0,0.0,0.0,0.0,0.0,0.0,0.0,0.0,0.0,0.0,0.0,0.0,0.0,0.0,0.0,0.0,0.0,0.0,0.0,0.0,0.22131147540983612,3.553278688524591,15.012295081967217,10.008196721311476,1.2049180327868854,0.9258037584809565,0.023211552752843954,0.0,0.0,0.0,0.0,0.0,0.0,0.0,0.0,0.0,0.0,0.0,0.0,0.0,0.0,0.0,0.0,0.0,0.0,0.0,0.0,0.0,0.0,0.0,0.0,0.0,0.18122676579925656,3.7081784386617107,14.944237918215617,10.051115241635689,1.1152416356877326,0.357,0.02061,0.0,0.0,0.0,0.0,0.0,0.0,0.0,0.0,0.061475409836065587,3.78688524590164,16.57377049180328,9.086065573770478,0.4918032786885247,0.0,0.0,0.0,0.0,0.0,0.0,0.0,0.0,0.0,0.0,0.0,0.0,0.0,0.0,0.0,0.0,0.0,0.3562,0.02098,0.0,0.0,0.0,0.0,0.0,0.0,0.0,0.0,0.05576208178438663,4.307620817843867,16.505576208178443,8.434014869888465,0.6970260223048328,0.0,0.0,0.0,0.0,0.0,0.0,0.0,0.0,0.0,0.0,0.0,0.0,0.0,0.0,0.0,0.0,0.0
82500,4819,2502,0.519194853704088,1172,963,0.4430379746835443,1331,0.5523967628138619,0.426,3.06517047906776,3.2461363945929196,6.93730407523511,2.106674035205815,9323.479233668637,1415.1254092477054,7853.0,10755.085126519203,10685.2299868302,17.206792287281186,7853.0,0.0,27.354845403610707,20.741430372044302,32.312577524187546,19.06230336698727,0.14152313758041088,0.11288649097323096,0.09421041709898319,0.08819257107283669,0.07781697447603238,0.06536625855986719,0.0682714256069724,0.06578128242373936,0.059763436397592865,0.05353807843951027,0.04150238638721727,0.0394272670678564,0.0334094210417099,0.026769039219755136,0.01639344262295082,0.010583108528740403,0.004565262502593899,0.9263815821565318,0.023354550423136927,0.0,0.0,0.0,0.0,0.0,0.0,0.0,0.0,0.0,0.0,0.0,0.0,0.0,0.0,0.0,0.0,0.0,0.0,0.0,0.0,0.0,0.0,0.0,0.0,0.0062253579580825915,0.16808466486822998,3.6293836895621507,14.666943349242585,10.334094210417103,1.1952687279518575,4.461286089238845,3.0320592215320197,nan,nan,nan,4.421087098886706,3.020801165693646,4.498684210526315,3.041597287310032,1.0175515907974646,0.356,0.0211,0.0,0.0,0.0,0.0,0.0,0.0,0.0,0.0,0.05602822162274332,4.270595559244657,16.45984644117037,8.622120771944374,0.5851836480597635,0.0062253579580825915,0.0,0.0,0.0,0.0,0.0,0.0,0.0,0.0,0.0,0.0,0.0,0.0,0.0,0.0,0.0,0.0,nan,nan,4.461286089238845,3.0320592215320197,nan,0.356,0.1181,0.0,0.0,0.0,0.0,0.0,0.0001245071591616518,0.00010375596596804317,0.0018261050010375598,0.000591409006017846,0.00022826312512969497,0.0,0.0008611745175347582,0.0033201909109773814,0.008601369578750778,0.009939821539738535,0.009504046482672753,0.008767379124299647,0.030971155841460884,0.008601369578750778,0.023760116206681885,0.007325171197343847,0.01666320813446773,0.0034239468769454245,0.024164764473957254,0.03490350695164972,0.02639551774227018,0.013426021996264786,0.04368126167254617,0.035401535588296326,0.028304627516082176,0.005063291139240506,0.04153351317700768,0.01876945424361901,0.02442415438887736,0.033938576468146915,0.03035899564224943,0.07372898941689147,0.020730442000415024,0.04642041917410251,0.014930483502801411,0.011797053330566508,0.028117866777339698,0.033087777547208964,0.015148371031334302,0.009649304835028015,0.03474787300269765,0.024776924673168707,0.03229923220585184,0.02411288649097323,0.029860967005602822,0.016341564639966798,0.00934841253372069,0.006598879435567545,0.008186345714878605,0.005789582901016809,0.011527287819049596,0.00242788960365221,0.010510479352562772,0.0015874662793110604,0.001213944801826105,0.006588503838970741,0.0014837103133430172,0.00675451338451961,0.0011620668188420833,0.00035277028429134673,0.00341357128034862,0.0,0.00030089230130732515,0.004056858269350488,0.00781282423739365,0.0001348827557584561,2.075119319360863e-05,0.0,0.0,0.0,0.0,0.0,0.0,0.0,0.0,0.0,0.0,0.0,0.0,0.0,0.0,0.0,0.0,0.0,0.0,0.0,0.0,0.0,0.0,0.0,0.0,0.0,0.0,0.0,0.0,0.0,nan,nan,4.461286089238845,3.0320592215320197,nan,0.9263338521897173,0.02321968274650091,0.0,0.0,0.0,0.0,0.0,0.0,0.0,0.0,0.0,0.0,0.0,0.0,0.0,0.0,0.0,0.0,0.0,0.0,0.0,0.0,0.0,0.0,0.0,0.0,0.011990407673860915,0.14388489208633096,3.501199040767387,14.856115107913672,10.263788968824944,1.2230215827338131,0.9264331231047277,0.023499208503742323,0.0,0.0,0.0,0.0,0.0,0.0,0.0,0.0,0.0,0.0,0.0,0.0,0.0,0.0,0.0,0.0,0.0,0.0,0.0,0.0,0.0,0.0,0.0,0.0,0.0,0.1942166594734571,3.767803193785068,14.46266724212344,10.4100129477773,1.1652999568407425,0.3557,0.02104,0.0,0.0,0.0,0.0,0.0,0.0,0.0,0.0,0.03597122302158274,4.292565947242207,16.30695443645084,8.800959232613895,0.551558752997602,0.011990407673860915,0.0,0.0,0.0,0.0,0.0,0.0,0.0,0.0,0.0,0.0,0.0,0.0,0.0,0.0,0.0,0.0,0.356,0.02115,0.0,0.0,0.0,0.0,0.0,0.0,0.0,0.0,0.07768666378938284,4.246870953819595,16.624946050927928,8.429003021148024,0.6214933103150627,0.0,0.0,0.0,0.0,0.0,0.0,0.0,0.0,0.0,0.0,0.0,0.0,0.0,0.0,0.0,0.0,0.0
82600,4847,2578,0.5318753868372189,1176,937,0.4359397565504436,1316,0.5430162987414896,0.422,3.00220361392684,3.0930186947493405,6.570982839313572,2.1622993917614433,9359.981633931404,1413.8432477954486,7853.0,10744.275215625763,10686.335911429604,17.408775474029113,7853.0,0.0,27.879925727253973,20.978793642758365,32.72549019607843,19.335293272567096,0.1349288219517227,0.10088714668867341,0.09964926758819889,0.09139674025170208,0.0792242624303693,0.07076542191046008,0.07757375696306994,0.05900557045595214,0.05446668042087889,0.049721477202393234,0.047452032184856614,0.04002475758200949,0.031153290695275428,0.023519702909015887,0.018774499690530223,0.013410356921807304,0.008046214153084381,0.9263583000896147,0.023140208298232462,0.0,0.0,0.0,0.0,0.0,0.0,0.0,0.0,0.0,0.0,0.0,0.0,0.0,0.0,0.0,0.0,0.0,0.0,0.0,0.0,0.0,0.0,0.0,0.0,0.0,0.12997730554982465,3.726016092428307,14.730761295646795,10.193934392407678,1.2193109139674028,4.3584171261758025,2.916112757623091,nan,nan,nan,4.279084551811825,2.9285279289671076,4.440026507620941,2.901500080359898,1.0376113053762799,0.3572,0.02097,0.0,0.0,0.0,0.0,0.0,0.0,0.0,0.0,0.055704559521353426,3.8436146069733863,16.513307200330104,8.925108314421278,0.6622653187538685,0.0,0.0,0.0,0.0,0.0,0.0,0.0,0.0,0.0,0.0,0.0,0.0,0.0,0.0,0.0,0.0,0.0,nan,nan,4.3584171261758025,2.916112757623091,nan,0.3572,0.11786,0.0,0.0,0.0,0.0,0.0,9.284093253558903e-05,0.00018568186507117806,0.0020631318341242004,0.0004538890035073241,0.0005054672993604291,4.126263668248401e-05,0.0009696719620383743,0.0024448112234371775,0.008479471838250464,0.010418815762327213,0.008500103156591707,0.007932741902207552,0.030720033010109345,0.009119042706828966,0.02117804827728492,0.007798638332989478,0.016866102743965338,0.003662059005570456,0.02580977924489375,0.03612543841551475,0.024943263874561583,0.01131627811017124,0.04129358365999587,0.03285537445842789,0.03126676294615226,0.005508561997111616,0.0417474726635032,0.01936249226325562,0.02395296059418197,0.03383536207963689,0.029863833298947803,0.078388694037549,0.019310913967402518,0.04613162781101712,0.012977099236641221,0.012977099236641221,0.028440272333402104,0.031854755518877655,0.015133072003301011,0.009119042706828966,0.03444398597070353,0.025892304518258715,0.03209201567980194,0.024427480916030534,0.03217454095316691,0.017206519496595834,0.008840519909222199,0.006736125438415515,0.01080049515164019,0.005787084794718383,0.010274396533938518,0.0027130183618733236,0.009789560552919331,0.0016195584897874973,0.0015576645347637715,0.00616876418403136,0.0017020837631524653,0.006560759232514958,0.0016814524448112234,0.0004745203218485661,0.003641427687229214,0.0,8.252527336496802e-05,0.004033422735712812,0.007344749329482154,0.0002888384567773881,2.0631318341242005e-05,0.0,0.0,0.0,0.0,0.0,0.0,0.0,0.0,0.0,0.0,0.0,0.0,0.0,0.0,0.0,0.0,0.0,0.0,0.0,0.0,0.0,0.0,0.0,0.0,0.0,0.0,0.0,0.0,0.0,nan,nan,4.3584171261758025,2.916112757623091,nan,0.9267926535650776,0.022971101461460173,0.0,0.0,0.0,0.0,0.0,0.0,0.0,0.0,0.0,0.0,0.0,0.0,0.0,0.0,0.0,0.0,0.0,0.0,0.0,0.0,0.0,0.0,0.0,0.0,0.0,0.10473235065942593,3.5841737781225764,14.592707525213347,10.519782777346784,1.1986035686578747,0.925864794906828,0.02332104193075294,0.0,0.0,0.0,0.0,0.0,0.0,0.0,0.0,0.0,0.0,0.0,0.0,0.0,0.0,0.0,0.0,0.0,0.0,0.0,0.0,0.0,0.0,0.0,0.0,0.0,0.1586602027324813,3.887174966945792,14.887615689731163,9.823710885852801,1.24283825473777,0.3572,0.02116,0.0,0.0,0.0,0.0,0.0,0.0,0.0,0.0,0.08145849495733129,3.9565554693560907,16.18696664080683,9.065166795965853,0.7098525989138869,0.0,0.0,0.0,0.0,0.0,0.0,0.0,0.0,0.0,0.0,0.0,0.0,0.0,0.0,0.0,0.0,0.0,0.357,0.02072,0.0,0.0,0.0,0.0,0.0,0.0,0.0,0.0,0.026443367122080216,3.7152930806522706,16.884089907448217,8.765976200969577,0.608197443807845,0.0,0.0,0.0,0.0,0.0,0.0,0.0,0.0,0.0,0.0,0.0,0.0,0.0,0.0,0.0,0.0,0.0
82700,4952,2567,0.5183764135702746,1212,984,0.44345718901453957,1390,0.561389337641357,0.39799999999999996,2.989937106918239,3.0964752051734736,6.673134328358209,2.0528162010005233,9322.196370953794,1416.2130801387223,7853.0,10756.250733852386,10687.226890908914,17.656353436663164,7853.0,0.0,27.913166397415186,20.720038715020696,32.653597896246715,19.050576665208666,0.13267366720516963,0.10601777059773829,0.0981421647819063,0.07976575121163167,0.08016962843295639,0.07189014539579967,0.0815831987075929,0.06320678513731826,0.05270597738287561,0.05533117932148627,0.047859450726978996,0.04079159935379645,0.02847334410339257,0.023222940226171242,0.019991922455573505,0.012722132471728594,0.005452342487883684,0.9268125616892666,0.02299111323814162,0.0,0.0,0.0,0.0,0.0,0.0,0.0,0.0,0.0,0.0,0.0,0.0,0.0,0.0,0.0,0.0,0.0,0.0,0.0,0.0,0.0,0.0,0.0,0.0,0.0,0.12722132471728598,3.5379644588045243,14.624394184168017,10.468497576736675,1.241922455573506,4.275981161695447,2.8538669438845745,nan,nan,nan,4.256948733786288,2.883908769011819,4.29565772669221,2.8223372912864972,1.009093131096153,0.3584,0.02135,0.0,0.0,0.0,0.0,0.0,0.0,0.0,0.0,0.042407108239095326,3.513731825525041,16.18739903069467,9.384087237479793,0.8663166397415187,0.006058158319870761,0.0,0.0,0.0,0.0,0.0,0.0,0.0,0.0,0.0,0.0,0.0,0.0,0.0,0.0,0.0,0.0,nan,nan,4.275981161695447,2.8538669438845745,nan,0.3584,0.11707,0.0,0.0,0.0,0.0,0.0,1.0096930533117933e-05,0.00016155088852988692,0.0017568659127625201,0.0004947495961227787,0.0004644588045234249,5.0484652665589664e-05,0.0013126009693053312,0.0021405492730210015,0.008168416801292407,0.010026252019386107,0.008016962843295639,0.006320678513731826,0.029765751211631664,0.008370355411954765,0.021203554119547656,0.006684168012924071,0.018144184168012924,0.003745961227786753,0.0268578352180937,0.037045638126009695,0.025615912762520194,0.010793618739903069,0.0398626817447496,0.03120961227786753,0.030502827140549273,0.0053715670436187395,0.04339660743134087,0.018881260096930533,0.02382875605815832,0.03238085621970921,0.03174474959612278,0.07747374798061389,0.01956785137318255,0.04647617124394184,0.011995153473344103,0.015074717285945073,0.02993739903069467,0.0326029886914378,0.014297253634894992,0.009107431340872375,0.03579361873990307,0.026989095315024234,0.0326029886914378,0.0243235056542811,0.03194668820678514,0.01694264943457189,0.009208400646203554,0.007289983844911147,0.011157108239095315,0.005512924071082391,0.01093497576736672,0.0022718093699515348,0.009874798061389337,0.001181340872374798,0.0014539579967689823,0.006674071082390953,0.0015953150242326332,0.00649232633279483,0.0013025040387722132,0.0009289176090468498,0.0031502423263327947,1.0096930533117933e-05,0.00015145395799676898,0.003917609046849757,0.00712843295638126,0.00030290791599353796,0.0,0.0,0.0,0.0,0.0,0.0,0.0,0.0,0.0,0.0,0.0,0.0,0.0,0.0,0.0,0.0,0.0,0.0,0.0,0.0,0.0,0.0,0.0,0.0,0.0,0.0,0.0,0.0,0.0,0.0,nan,nan,4.275981161695447,2.8538669438845745,nan,0.9269355706867654,0.023153605479700023,0.0,0.0,0.0,0.0,0.0,0.0,0.0,0.0,0.0,0.0,0.0,0.0,0.0,0.0,0.0,0.0,0.0,0.0,0.0,0.0,0.0,0.0,0.0,0.0,0.0,0.12855473315153879,3.4709777950915472,14.62017919750682,10.447993767043243,1.3322945072068566,0.9266801658416444,0.022814186991157132,0.0,0.0,0.0,0.0,0.0,0.0,0.0,0.0,0.0,0.0,0.0,0.0,0.0,0.0,0.0,0.0,0.0,0.0,0.0,0.0,0.0,0.0,0.0,0.0,0.0,0.1257861635220126,3.610062893081762,14.628930817610065,10.490566037735853,1.1446540880503147,0.3586,0.0216,0.0,0.0,0.0,0.0,0.0,0.0,0.0,0.0,0.03506038176860148,3.6345929100116874,15.660303856641997,9.73509933774833,0.9232567199065058,0.011686793922867162,0.0,0.0,0.0,0.0,0.0,0.0,0.0,0.0,0.0,0.0,0.0,0.0,0.0,0.0,0.0,0.0,0.3582,0.02107,0.0,0.0,0.0,0.0,0.0,0.0,0.0,0.0,0.05031446540880504,3.383647798742139,16.754716981132077,9.006289308176086,0.8050314465408807,0.0,0.0,0.0,0.0,0.0,0.0,0.0,0.0,0.0,0.0,0.0,0.0,0.0,0.0,0.0,0.0,0.0
82800,5032,2573,0.5113275039745628,1190,1035,0.44217011128775835,1407,0.559220985691574,0.39399999999999996,2.958926392842619,3.082889823651361,6.539454806312769,2.1336832021001926,9302.225481133772,1416.8102189940516,7853.0,10748.957127332687,10687.241205233246,17.19126431840893,7853.0,0.0,27.477344992050874,20.828609297981846,32.39203602749467,19.165535382104594,0.13950715421303655,0.10294117647058823,0.10771065182829889,0.07988871224165342,0.08048489666136725,0.07631160572337042,0.06856120826709063,0.0606120826709062,0.057233704292527825,0.05186804451510334,0.042726550079491256,0.0359697933227345,0.03418124006359301,0.027225755166931636,0.018680445151033388,0.010731319554848967,0.005365659777424483,0.9268444116051132,0.022707246308507557,0.0,0.0,0.0,0.0,0.0,0.0,0.0,0.0,0.0,0.0,0.0,0.0,0.0,0.0,0.0,0.0,0.0,0.0,0.0,0.0,0.0,0.0,0.0,0.0,0.0,0.10731319554848968,3.5234499205087446,14.73171701112878,10.445151033386331,1.192368839427663,4.355926860025221,2.862504843139321,nan,nan,nan,4.337654320987654,2.8874251726096034,4.375,2.8361335212777736,1.0086096484986482,0.359,0.02141,0.0,0.0,0.0,0.0,0.0,0.0,0.0,0.0,0.05961844197138316,3.4101748807631167,15.590222575516696,10.087440381558014,0.8525437201907792,0.0,0.0,0.0,0.0,0.0,0.0,0.0,0.0,0.0,0.0,0.0,0.0,0.0,0.0,0.0,0.0,0.0,nan,nan,4.355926860025221,2.862504843139321,nan,0.359,0.1178,0.0,0.0,0.0,4.9682034976152626e-05,0.0,0.0,0.00037758346581875994,0.0016891891891891893,0.0004372019077901431,0.0003179650238473768,0.0001987281399046105,0.0011625596184419713,0.0017885532591414945,0.008048489666136725,0.009956279809220986,0.009558823529411765,0.006667329093799682,0.030564387917329093,0.008028616852146264,0.019544912559618443,0.0059121621621621625,0.017160174880763115,0.0031299682034976154,0.02686804451510334,0.035502782193958665,0.026440779014308427,0.011595786963434022,0.040749205087440385,0.03121025437201908,0.03132949125596184,0.005137122416534181,0.04282591414944356,0.021124801271860096,0.02440381558028617,0.03251192368839428,0.030932034976152625,0.07853736089030207,0.01833267090620032,0.04848966613672496,0.010373608903020668,0.013990461049284579,0.02914348171701113,0.03106120826709062,0.01401033386327504,0.010234499205087441,0.033326709062003176,0.028428060413354533,0.033406200317965026,0.02272456279809221,0.03238275039745628,0.017666931637519874,0.008624801271860095,0.007770270270270271,0.011327503974562798,0.005554451510333863,0.011069157392686805,0.002305246422893482,0.00891295707472178,0.0010731319554848967,0.0012917329093799681,0.007780206677265501,0.002215818759936407,0.0065381558028616855,0.0012519872813990462,0.0006359300476947536,0.0037162162162162164,1.987281399046105e-05,0.0001589825119236884,0.004898648648648649,0.007273449920508744,0.0002484101748807631,0.0,0.0,0.0,0.0,0.0,0.0,0.0,0.0,0.0,0.0,0.0,0.0,0.0,0.0,0.0,0.0,0.0,0.0,0.0,0.0,0.0,0.0,0.0,0.0,0.0,0.0,0.0,0.0,0.0,0.0,nan,nan,4.355926860025221,2.862504843139321,nan,0.9268678273387424,0.022745788222436836,0.0,0.0,0.0,0.0,0.0,0.0,0.0,0.0,0.0,0.0,0.0,0.0,0.0,0.0,0.0,0.0,0.0,0.0,0.0,0.0,0.0,0.0,0.0,0.0,0.0,0.05829770695685971,3.6844150796735335,14.364554994170232,10.796735328410419,1.0959968907889626,0.926819910310836,0.022666821519028955,0.0,0.0,0.0,0.0,0.0,0.0,0.0,0.0,0.0,0.0,0.0,0.0,0.0,0.0,0.0,0.0,0.0,0.0,0.0,0.0,0.0,0.0,0.0,0.0,0.0,0.15860105734038232,3.3550223668157795,15.115900772671822,10.077267181781215,1.2932086213908096,0.3586,0.02138,0.0,0.0,0.0,0.0,0.0,0.0,0.0,0.0,0.06995724834823165,3.3229692965410034,15.623785464438402,10.050524679362598,0.9327633113097553,0.0,0.0,0.0,0.0,0.0,0.0,0.0,0.0,0.0,0.0,0.0,0.0,0.0,0.0,0.0,0.0,0.0,0.3591,0.02142,0.0,0.0,0.0,0.0,0.0,0.0,0.0,0.0,0.04880032533550225,3.501423342822286,15.55510370069134,10.1260675071167,0.7686051240341604,0.0,0.0,0.0,0.0,0.0,0.0,0.0,0.0,0.0,0.0,0.0,0.0,0.0,0.0,0.0,0.0,0.0
82900,4802,2472,0.5147855060391504,1149,979,0.44314868804664725,1342,0.5589337775926697,0.41,2.966094420600858,3.0384037950848533,6.475609756097561,2.035361834890595,9311.733179878638,1416.2700285165,7853.0,10740.026704192162,10686.67181625292,17.193807198561167,7853.0,0.0,27.780508121615995,21.081843330042513,33.00526315789474,19.30822989615381,0.14806330695543524,0.10016659725114535,0.0941274468971262,0.08225739275301958,0.07850895460224906,0.07309454394002499,0.07517700957934194,0.06309870887130363,0.052478134110787174,0.0514369012911287,0.04477301124531445,0.03956684714702208,0.030612244897959183,0.027488546438983758,0.0212411495210329,0.011870054144106622,0.006039150354019159,0.9269480378937592,0.023302099966151676,0.0,0.0,0.0,0.0,0.0,0.0,0.0,0.0,0.0,0.0,0.0,0.0,0.0,0.0,0.0,0.0,0.0,0.0,0.0,0.0,0.0,0.0,0.0,0.0,0.0,0.13119533527696794,3.6359850062473975,14.281549354435654,10.651811745106208,1.299458558933778,4.293024771838331,2.82494307324105,nan,nan,nan,4.249673202614379,2.820631834446149,4.336150845253576,2.828566199415506,1.0203492453457355,0.3582,0.02068,0.0,0.0,0.0,0.0,0.0,0.0,0.0,0.0,0.056226572261557695,3.329862557267806,16.187005414410667,9.789670970428974,0.6372344856309872,0.0,0.0,0.0,0.0,0.0,0.0,0.0,0.0,0.0,0.0,0.0,0.0,0.0,0.0,0.0,0.0,0.0,nan,nan,4.293024771838331,2.82494307324105,nan,0.3582,0.1179,0.0,0.0,0.0,5.2061640982923784e-05,0.0,0.0,0.0006143273635985006,0.0019262807163681799,0.0007080383173677634,0.00012494793835901707,0.00018742190753852562,0.0010516451478550604,0.0016867971678467305,0.007569762598917118,0.010058309037900875,0.01004789670970429,0.00599750104123282,0.03226780508121616,0.008152852977925864,0.01898167430237401,0.0066118284048313205,0.017867555185339442,0.003082049146189088,0.027946688879633485,0.03451686797167847,0.024895876718034154,0.01129737609329446,0.04048313202832153,0.03224698042482299,0.031518117451062054,0.0066326530612244895,0.04240941274468971,0.021438983756768015,0.023604748021657643,0.03093502707205331,0.03123698458975427,0.07612453144523115,0.0198771345272803,0.05048937942523948,0.010610162432319867,0.01407746772178259,0.02988338192419825,0.029956268221574343,0.01620158267388588,0.009881299458558934,0.0321012078300708,0.029414827155351937,0.03126822157434402,0.021772178259058726,0.03446480633069554,0.017503123698458977,0.008090379008746356,0.008288213244481465,0.011661807580174927,0.00426905456059975,0.011266139108704706,0.0019054560599750105,0.008610995418575594,0.0011245314452311536,0.0010932944606413995,0.0066222407330279055,0.0016972094960433152,0.006153685964181591,0.0007080383173677634,0.001280716368179925,0.0041857559350270725,7.28862973760933e-05,0.00013536026655560184,0.005351936693044565,0.007392753019575177,0.00030195751770095794,1.0412328196584756e-05,0.0,0.0,0.0,0.0,0.0,0.0,0.0,0.0,0.0,0.0,0.0,0.0,0.0,0.0,0.0,0.0,0.0,0.0,0.0,0.0,0.0,0.0,0.0,0.0,0.0,0.0,0.0,0.0,0.0,nan,nan,4.293024771838331,2.82494307324105,nan,0.926558970127098,0.023295780191053935,0.0,0.0,0.0,0.0,0.0,0.0,0.0,0.0,0.0,0.0,0.0,0.0,0.0,0.0,0.0,0.0,0.0,0.0,0.0,0.0,0.0,0.0,0.0,0.0,0.0,0.16990291262135926,3.8713592233009715,13.907766990291265,10.825242718446605,1.225728155339806,0.9273608170865432,0.023301701924093594,0.0,0.0,0.0,0.0,0.0,0.0,0.0,0.0,0.0,0.0,0.0,0.0,0.0,0.0,0.0,0.0,0.0,0.0,0.0,0.0,0.0,0.0,0.0,0.0,0.0,0.0901287553648069,3.3862660944206016,14.678111587982835,10.467811158798284,1.3776824034334767,0.3582,0.02055,0.0,0.0,0.0,0.0,0.0,0.0,0.0,0.0,0.04854368932038836,3.25242718446602,16.577669902912625,9.44174757281552,0.679611650485437,0.0,0.0,0.0,0.0,0.0,0.0,0.0,0.0,0.0,0.0,0.0,0.0,0.0,0.0,0.0,0.0,0.0,0.3584,0.02081,0.0,0.0,0.0,0.0,0.0,0.0,0.0,0.0,0.06437768240343349,3.412017167381975,15.772532188841204,10.158798283261788,0.5922746781115881,0.0,0.0,0.0,0.0,0.0,0.0,0.0,0.0,0.0,0.0,0.0,0.0,0.0,0.0,0.0,0.0,0.0
83000,4741,2480,0.5230963931659988,1183,970,0.45412360261548196,1319,0.5564226956338325,0.422,3.0583812472357366,3.159079756397759,6.814173228346457,2.0336044726284173,9335.200216403618,1415.3020433409672,7853.0,10745.518455266953,10686.512591116756,17.72691537353238,7853.0,0.0,27.81986922590171,20.80190599544748,32.7191265060241,19.07918333122269,0.1385783589959924,0.09976798143851508,0.09639316599873445,0.08310483020459819,0.08437038599451592,0.07783168107994094,0.07023834634043451,0.060324825986078884,0.06285593756591436,0.04640371229698376,0.05104408352668213,0.03944315545243619,0.029529635098080573,0.023623708078464457,0.017085003163889476,0.01117907614427336,0.008226112634465302,0.9261038927583346,0.02319186314521744,0.0,0.0,0.0,0.0,0.0,0.0,0.0,0.0,0.0,0.0,0.0,0.0,0.0,0.0,0.0,0.0,0.0,0.0,0.0,0.0,0.0,0.0,0.0,0.0,0.0,0.14553891584054,3.765028475005274,14.731069394642484,10.213035224636155,1.145327989875554,4.290427964717413,2.927793206646278,nan,nan,nan,4.285807717462394,2.9464483533456423,4.295039164490862,2.909047996597498,1.0021539573487759,0.3586,0.02106,0.0,0.0,0.0,0.0,0.0,0.0,0.0,0.0,0.10124446319341913,3.3853617380299523,15.81944737397174,10.035857414047655,0.6580890107572244,0.0,0.0,0.0,0.0,0.0,0.0,0.0,0.0,0.0,0.0,0.0,0.0,0.0,0.0,0.0,0.0,0.0,nan,nan,4.290427964717413,2.927793206646278,nan,0.3586,0.1179,0.0,0.0,0.0,0.00014764817549040287,0.0,0.0,0.0004323982282218941,0.002235815228854672,0.0009386205441889897,8.437038599451593e-05,5.273149124657245e-05,0.0010018983336848766,0.0014659354566547143,0.006749630879561274,0.010367011179076143,0.01047247416156929,0.005114954650917528,0.031217042817970893,0.008943260915418689,0.017443577304366166,0.006148491879350348,0.0168846234971525,0.0035330099135203546,0.02923433874709977,0.03546720101244463,0.024562328622653447,0.012054418898966463,0.03950643324193208,0.033273570976587216,0.032250580046403715,0.006591436405821557,0.042976165365956547,0.019363003585741403,0.02356043028896857,0.03346340434507488,0.034275469310272096,0.07398228221894115,0.020364901919426283,0.049230120227800045,0.010430288968572031,0.014690993461295085,0.030542079730014764,0.03112212613372706,0.015724530689727907,0.007973001476481755,0.033347395064332416,0.029002320185614848,0.02896013499261759,0.022410883779793292,0.03342121915207762,0.017549040286859312,0.008099557055473529,0.00784644589748998,0.011548196582999368,0.004661463826197005,0.01129508542501582,0.0018245095971314068,0.007688251423750263,0.0016874077198903185,0.0009280742459396752,0.007002742037544822,0.0017401392111368909,0.006253954861843493,0.0008437038599451593,0.001613583632145117,0.005157139843914786,6.327778949588694e-05,0.00018983336848766083,0.0052942417211558745,0.007477325458763974,0.00020037966673697532,0.0,2.109259649862898e-05,0.0,0.0,0.0,0.0,0.0,0.0,0.0,0.0,0.0,0.0,0.0,0.0,0.0,0.0,0.0,0.0,0.0,0.0,0.0,0.0,0.0,0.0,0.0,0.0,0.0,0.0,0.0,0.0,nan,nan,4.290427964717413,2.927793206646278,nan,0.9258659878084736,0.023306794604028222,0.0,0.0,0.0,0.0,0.0,0.0,0.0,0.0,0.0,0.0,0.0,0.0,0.0,0.0,0.0,0.0,0.0,0.0,0.0,0.0,0.0,0.0,0.0,0.0,0.0,0.1572580645161291,3.90725806451613,14.612903225806454,10.22177419354839,1.1008064516129035,0.9263648411332375,0.023062318801512646,0.0,0.0,0.0,0.0,0.0,0.0,0.0,0.0,0.0,0.0,0.0,0.0,0.0,0.0,0.0,0.0,0.0,0.0,0.0,0.0,0.0,0.0,0.0,0.0,0.0,0.13268465280849184,3.609022556390978,14.860681114551086,10.203449800973022,1.1941618752764265,0.3584,0.02126,0.0,0.0,0.0,0.0,0.0,0.0,0.0,0.0,0.12096774193548389,3.411290322580646,15.810483870967746,10.01612903225805,0.6411290322580647,0.0,0.0,0.0,0.0,0.0,0.0,0.0,0.0,0.0,0.0,0.0,0.0,0.0,0.0,0.0,0.0,0.0,0.3586,0.02084,0.0,0.0,0.0,0.0,0.0,0.0,0.0,0.0,0.0796107916850951,3.3569217160548437,15.829279080053077,10.057496682883665,0.6766917293233083,0.0,0.0,0.0,0.0,0.0,0.0,0.0,0.0,0.0,0.0,0.0,0.0,0.0,0.0,0.0,0.0,0.0
83100,4745,2519,0.5308746048472076,1219,891,0.4446786090621707,1255,0.5289778714436248,0.422,3.1091644204851754,3.191300579960173,6.71076923076923,2.1345598052362407,9357.708661577246,1414.5493287725053,7853.0,10760.278500080109,10687.395632863849,17.268132518478428,7853.0,0.0,28.031401475237093,20.612273555161018,32.70959721531576,18.89485687948293,0.13171759747102213,0.1017913593256059,0.09420442571127502,0.08640674394099052,0.0815595363540569,0.07038988408851422,0.0743940990516333,0.06680716543730242,0.056059009483667016,0.055216016859852474,0.048261327713382506,0.04467860906217071,0.03371970495258166,0.021917808219178082,0.018124341412012645,0.010115911485774499,0.004636459430979979,0.9263670993177858,0.02305599496509518,0.0,0.0,0.0,0.0,0.0,0.0,0.0,0.0,0.0,0.0,0.0,0.0,0.0,0.0,0.0,0.0,0.0,0.0,0.0,0.0,0.0,0.0,0.0,0.0,0.0,0.1390937829293994,3.7175974710221293,14.566912539515283,10.356164383561646,1.2202318229715492,4.262075718015666,2.983885856340061,nan,nan,nan,4.257786613651425,3.0418683229491426,4.268983268983269,2.9254535770778696,1.0026296891666542,0.3591,0.02087,0.0,0.0,0.0,0.0,0.0,0.0,0.0,0.0,0.025289778714436256,3.2054794520547953,15.73024236037935,10.255005268703883,0.7839831401475239,0.0,0.0,0.0,0.0,0.0,0.0,0.0,0.0,0.0,0.0,0.0,0.0,0.0,0.0,0.0,0.0,0.0,nan,nan,4.262075718015666,2.983885856340061,nan,0.3591,0.11816,0.0,0.0,0.0,0.00010537407797681771,0.0,0.0,0.0004425711275026344,0.003076923076923077,0.0013909378292939936,2.107481559536354e-05,2.107481559536354e-05,0.0011801896733403582,0.0012539515279241307,0.007281348788198103,0.010337197049525817,0.009852476290832456,0.004467860906217071,0.030674394099051632,0.009104320337197049,0.015563751317175975,0.004889357218124341,0.015331928345626977,0.00494204425711275,0.028071654373024234,0.036575342465753426,0.026754478398314015,0.012602739726027398,0.03731296101159115,0.0357218124341412,0.03173867228661749,0.007808219178082192,0.04185458377239199,0.019652265542676503,0.02351949420442571,0.03366701791359326,0.03280295047418335,0.0715595363540569,0.02178082191780822,0.04903055848261328,0.011717597471022129,0.016733403582718652,0.028018967334035826,0.030737618545837724,0.016206533192834563,0.008440463645943098,0.030979978925184403,0.028672286617492097,0.028777660695468915,0.02238145416227608,0.034299262381454164,0.01732349841938883,0.00886195995785037,0.008177028451001054,0.013593256059009483,0.004088514225500527,0.011633298208640674,0.0022233930453108533,0.008661749209694414,0.0017597471022128557,0.0008324552160168598,0.00624868282402529,0.0018229715489989462,0.006701791359325606,0.0007586933614330874,0.0014014752370916754,0.0058377239199157,0.0,4.214963119072708e-05,0.004805057955742887,0.007755532139093783,0.00011591148577449948,0.0,0.0,0.0,0.0,0.0,0.0,0.0,0.0,0.0,0.0,0.0,0.0,0.0,0.0,0.0,0.0,0.0,0.0,0.0,0.0,0.0,0.0,0.0,0.0,0.0,0.0,0.0,0.0,0.0,0.0,nan,nan,4.262075718015666,2.983885856340061,nan,0.9270809701436472,0.02325687937989643,0.0,0.0,0.0,0.0,0.0,0.0,0.0,0.0,0.0,0.0,0.0,0.0,0.0,0.0,0.0,0.0,0.0,0.0,0.0,0.0,0.0,0.0,0.0,0.0,0.0,0.14291385470424775,3.5013894402540697,14.624851131401353,10.301707026597859,1.4291385470424776,0.9255592643625545,0.022799594136850586,0.0,0.0,0.0,0.0,0.0,0.0,0.0,0.0,0.0,0.0,0.0,0.0,0.0,0.0,0.0,0.0,0.0,0.0,0.0,0.0,0.0,0.0,0.0,0.0,0.0,0.13477088948787064,3.962264150943397,14.501347708894881,10.4177897574124,0.9838274932614557,0.359,0.02083,0.0,0.0,0.0,0.0,0.0,0.0,0.0,0.0,0.023818975784041293,3.2751091703056776,16.113537117903935,9.825327510917017,0.7622072250893214,0.0,0.0,0.0,0.0,0.0,0.0,0.0,0.0,0.0,0.0,0.0,0.0,0.0,0.0,0.0,0.0,0.0,0.3596,0.02094,0.0,0.0,0.0,0.0,0.0,0.0,0.0,0.0,0.02695417789757413,3.126684636118599,15.296495956873319,10.741239892183273,0.8086253369272239,0.0,0.0,0.0,0.0,0.0,0.0,0.0,0.0,0.0,0.0,0.0,0.0,0.0,0.0,0.0,0.0,0.0
83200,4943,2521,0.5100141614404208,1181,1029,0.4470969047137366,1409,0.5700991300829455,0.41,2.991742361684558,3.1537687236636547,6.783132530120482,2.1588885626194934,9298.561114884571,1416.947764651409,7853.0,10747.188986301422,10687.354855563044,17.418456186484374,7853.0,0.0,27.69755209387012,20.741049808378033,32.66159420289855,19.00835624456657,0.14080517904106818,0.09993930811248229,0.09811855148695124,0.08719401173376493,0.0776856160226583,0.0754602468136759,0.07242565243779081,0.061096500101153146,0.05340886101557758,0.05644345539146267,0.04673275338863039,0.037022051385798095,0.034998988468541374,0.02427675500708072,0.01982601658911592,0.008092251669026907,0.006473801335221525,0.9262160583471398,0.023016430011890923,0.0,0.0,0.0,0.0,0.0,0.0,0.0,0.0,0.0,0.0,0.0,0.0,0.0,0.0,0.0,0.0,0.0,0.0,0.0,0.0,0.0,0.0,0.0,0.0,0.0,0.10317620878009308,3.823588913615214,14.814889743071012,9.983815496661949,1.2745296378717381,4.396715097915351,2.9492295768511427,nan,nan,nan,4.378778531770512,2.998192955815899,4.415533980582524,2.8968487715929574,1.0083939958473194,0.3599,0.02176,0.0,0.0,0.0,0.0,0.0,0.0,0.0,0.0,0.0971070200283229,3.380538134735991,15.215456200687845,10.384381954278764,0.9225166902690676,0.0,0.0,0.0,0.0,0.0,0.0,0.0,0.0,0.0,0.0,0.0,0.0,0.0,0.0,0.0,0.0,0.0,nan,nan,4.396715097915351,2.9492295768511427,nan,0.3599,0.11847,0.0,1.0115314586283634e-05,0.0,0.00013149908962168722,0.0,0.0,0.0005158810439004653,0.003287477240542181,0.0014970665587699778,0.0,0.0,0.0015678737608739632,0.0006777260772810035,0.006665992312360915,0.01116730730325713,0.009973700182075662,0.0038438195427877805,0.02936475824398139,0.008608132712927373,0.016447501517297188,0.004835120372243577,0.014859397127250658,0.004683390653449322,0.029354642929395103,0.035150718187335624,0.027250657495448107,0.01191584058264212,0.03826623507991098,0.037365972081731744,0.030983208577786768,0.00765729314181671,0.03894396115719199,0.02054420392474206,0.023922718996560795,0.03463483714343516,0.029627756423224762,0.0726785353024479,0.022870726279587295,0.05026299817924337,0.01094477038235889,0.016639692494436576,0.030163868096297796,0.02961764110863848,0.01664980780902286,0.009083552498482703,0.03059882662350799,0.027109043091240136,0.030356059073437185,0.021636657900060693,0.035059680356059074,0.01695326724661137,0.008972284038033582,0.009164475015172972,0.012573336030750556,0.003975318632409468,0.011501112684604492,0.002326522354845236,0.008011329152336637,0.0019421404005664576,0.0005765729314181671,0.005887113089217075,0.0019724863443253086,0.005998381549666195,0.0008598017398341088,0.001851102569289905,0.0064535707060489585,8.092251669026907e-05,5.057657293141817e-05,0.005472385191179445,0.007819138175197249,2.0230629172567268e-05,5.057657293141817e-05,0.0,0.0,6.06918875177018e-05,0.0,0.0,0.0,0.0,0.0,0.0,0.0,0.0,0.0,0.0,0.0,0.0,0.0,0.0,0.0,0.0,0.0,0.0,0.0,0.0,0.0,0.0,0.0,0.0,0.0,0.0,nan,nan,4.396715097915351,2.9492295768511427,nan,0.9260771047118541,0.02283749616386759,0.0,0.0,0.0,0.0,0.0,0.0,0.0,0.0,0.0,0.0,0.0,0.0,0.0,0.0,0.0,0.0,0.0,0.0,0.0,0.0,0.0,0.0,0.0,0.0,0.0,0.07140023800079334,3.7961126537088465,15.089250297500994,9.769932566441891,1.2733042443474816,0.9263606917552963,0.02320032819434508,0.0,0.0,0.0,0.0,0.0,0.0,0.0,0.0,0.0,0.0,0.0,0.0,0.0,0.0,0.0,0.0,0.0,0.0,0.0,0.0,0.0,0.0,0.0,0.0,0.0,0.13625103220478946,3.8521882741535927,14.529314616019821,10.206440957886048,1.275805119735756,0.3599,0.02206,0.0,0.0,0.0,0.0,0.0,0.0,0.0,0.0,0.13090043633478782,3.3796112653708854,15.160650535501787,10.364934549781818,0.9639032130107102,0.0,0.0,0.0,0.0,0.0,0.0,0.0,0.0,0.0,0.0,0.0,0.0,0.0,0.0,0.0,0.0,0.0,0.3599,0.02145,0.0,0.0,0.0,0.0,0.0,0.0,0.0,0.0,0.06193228736581339,3.381502890173411,15.272502064409581,10.404624277456632,0.8794384805945501,0.0,0.0,0.0,0.0,0.0,0.0,0.0,0.0,0.0,0.0,0.0,0.0,0.0,0.0,0.0,0.0,0.0
83300,4737,2452,0.517627190204771,1256,940,0.4635845471817606,1284,0.5421152628245726,0.418,2.9207877461706784,3.0798748576453154,6.39908256880734,2.152034614254607,9320.215473557917,1416.4240823211003,7853.0,10746.034903287888,10687.502323916744,17.178787348262635,7853.0,0.0,28.45450707198649,20.942346980199165,33.37114951164538,19.126242760659498,0.13700654422630357,0.0958412497361199,0.09288579269579902,0.08275279712898459,0.08275279712898459,0.06881992822461473,0.07198648933924424,0.06628667933291113,0.060586869326578,0.05763141228625712,0.04475406375343044,0.04053198226725776,0.0333544437407642,0.02744352966012244,0.019632678910702975,0.012032932235592146,0.005699810006333122,0.9261341978911234,0.023106742134319458,0.0,0.0,0.0,0.0,0.0,0.0,0.0,0.0,0.0,0.0,0.0,0.0,0.0,0.0,0.0,0.0,0.0,0.0,0.0,0.0,0.0,0.0,0.0,0.0,0.0,0.21532615579480688,3.5465484483850545,14.819506016466121,10.405319822672581,1.0132995566814442,4.087192590226764,2.910635154922042,nan,nan,nan,4.0803289057558505,2.9109488432860413,4.094193548387096,2.9102984817474655,1.0033979228026662,0.3596,0.021,0.0,0.0,0.0,0.0,0.0,0.0,0.0,0.0,0.06333122229259026,3.115896136795441,15.54781507283091,10.569981000633296,0.7029765674477519,0.0,0.0,0.0,0.0,0.0,0.0,0.0,0.0,0.0,0.0,0.0,0.0,0.0,0.0,0.0,0.0,0.0,nan,nan,4.087192590226764,2.910635154922042,nan,0.3596,0.1183,0.0,4.222081486172683e-05,0.0,0.0001372176483006122,0.0,0.0,0.0006649778340721976,0.003113785096052354,0.0010238547603968757,4.222081486172683e-05,3.166561114629513e-05,0.0012771796495672366,0.0005172049820561537,0.006628667933291112,0.010956301456618113,0.009594680177327423,0.0034093308000844418,0.030504538737597637,0.008296390120329322,0.016170572092041376,0.005900358876926325,0.014302301034409964,0.005404264302301035,0.02892125818028288,0.036721553725986913,0.026746886214903946,0.01242347477306312,0.03852649356132573,0.035581591724720286,0.032531137850960526,0.00796917880515094,0.03956090352543804,0.020434874393075786,0.02292590246991767,0.03604602068819928,0.031180071775385267,0.0703715431707832,0.0225036943213004,0.05006333122229259,0.010090774751952712,0.016919991555837028,0.029997888959256914,0.03127506860882415,0.016592780240658644,0.008940257546970656,0.031106185349377244,0.025891914713953978,0.03004010977411864,0.020529871226514673,0.03778762930124551,0.016413341777496305,0.007335866582225037,0.008993033565547814,0.013510660755752586,0.0029237914291745833,0.011631834494405743,0.0019104918724931392,0.008127506860882415,0.0021532615579480685,0.0005488705932024488,0.006533671099852227,0.0024382520582647243,0.005657589191471395,0.0007916402786573781,0.0014671733164450074,0.006174794173527549,9.499683343888537e-05,0.00011610724086974878,0.00512982900569981,0.007874181971712054,6.333122229259025e-05,0.00033776651889381467,0.0,0.0,7.388642600802195e-05,0.0,0.0,0.0,0.0,0.0,0.0,0.0,0.0,0.0,0.0,0.0,0.0,0.0,0.0,0.0,0.0,0.0,0.0,0.0,0.0,0.0,0.0,0.0,0.0,0.0,0.0,nan,nan,4.087192590226764,2.910635154922042,nan,0.9260912975129256,0.02348871563552444,0.0,0.0,0.0,0.0,0.0,0.0,0.0,0.0,0.0,0.0,0.0,0.0,0.0,0.0,0.0,0.0,0.0,0.0,0.0,0.0,0.0,0.0,0.0,0.0,0.0,0.3058727569331159,3.719412724306689,14.498368678629692,10.44861337683524,1.0277324632952693,0.9261802336580122,0.022689610353352877,0.0,0.0,0.0,0.0,0.0,0.0,0.0,0.0,0.0,0.0,0.0,0.0,0.0,0.0,0.0,0.0,0.0,0.0,0.0,0.0,0.0,0.0,0.0,0.0,0.0,0.11816192560175057,3.361050328227572,15.16411378555799,10.358862144420133,0.9978118161925603,0.36,0.02098,0.0,0.0,0.0,0.0,0.0,0.0,0.0,0.0,0.06117455138662318,3.119902120717782,15.073409461663951,11.170473083197374,0.5750407830342579,0.0,0.0,0.0,0.0,0.0,0.0,0.0,0.0,0.0,0.0,0.0,0.0,0.0,0.0,0.0,0.0,0.0,0.3591,0.02101,0.0,0.0,0.0,0.0,0.0,0.0,0.0,0.0,0.06564551422319476,3.111597374179432,16.05689277899344,9.925601750547031,0.840262582056893,0.0,0.0,0.0,0.0,0.0,0.0,0.0,0.0,0.0,0.0,0.0,0.0,0.0,0.0,0.0,0.0,0.0
83400,4903,2522,0.5143789516622476,1159,1015,0.4434019987762594,1394,0.5686314501325719,0.40599999999999997,2.9706005879882404,3.127014565505731,6.727963525835866,2.1381984971604724,9311.078823777527,1416.7886659838177,7853.0,10749.190255403519,10687.639362799848,17.43455112472517,7853.0,0.0,27.36161533754844,20.65031772814669,32.25334631297152,18.985855467520654,0.14134203548847643,0.11013665102998164,0.09402406689781766,0.08280644503365286,0.08504996940648582,0.07179277993065471,0.06893738527432185,0.059351417499490106,0.05771976341015705,0.05343667142565776,0.049153579441158474,0.04099530899449317,0.031001427697328166,0.020803589638996534,0.016520497654497247,0.012033448908831328,0.004894962267999185,0.9260543993777361,0.02324415490580839,0.0,0.0,0.0,0.0,0.0,0.0,0.0,0.0,0.0,0.0,0.0,0.0,0.0,0.0,0.0,0.0,0.0,0.0,0.0,0.0,0.0,0.0,0.0,0.0,0.0,0.16520497654497251,3.7997144605343673,14.568631450132575,10.27942076279829,1.1870283499898024,4.330118932819029,2.908879093651608,nan,nan,nan,4.363521215959468,2.897809749433769,4.292619203135206,2.9183205397444945,0.9837511932874442,0.3596,0.02145,0.0,0.0,0.0,0.0,0.0,0.0,0.0,0.0,0.055068325514990836,3.2857434223944533,15.455843361207426,10.340607791148262,0.8566183968998574,0.006118702834998982,0.0,0.0,0.0,0.0,0.0,0.0,0.0,0.0,0.0,0.0,0.0,0.0,0.0,0.0,0.0,0.0,nan,nan,4.330118932819029,2.908879093651608,nan,0.3596,0.1188,1.0197838058331634e-05,0.0,0.0,0.00010197838058331633,0.0,0.0,0.0010605751580664898,0.0038547827860493577,0.0006220681215582297,0.0,6.11870283499898e-05,0.0008158270446665307,0.00039771568427493374,0.006475627167040587,0.010371201305323272,0.00986130940240669,0.0032735060167244545,0.031246175810728125,0.008035896389965328,0.016194166836630636,0.00630226392004895,0.013654905160106057,0.005394656332857435,0.029492147664695084,0.04048541709157658,0.025545584336120742,0.013501937589231083,0.037854374872527026,0.03449928615133592,0.032306750968794616,0.0067203752804405464,0.041688761982459716,0.02178258209259637,0.01990617988986335,0.035896389965327354,0.028808892514786865,0.07213950642463798,0.022486232918621254,0.04727717723842546,0.008892514786865185,0.017887007954313687,0.030736283907811544,0.03133795635325311,0.016387925759738936,0.009167856414440139,0.030909647154803183,0.02534162757495411,0.02846216602080359,0.0201815215174383,0.0408117479094432,0.016469508464205588,0.007546400163165409,0.008392820722006934,0.014440138690597593,0.0026208443809912297,0.012288394860289618,0.002070161125841322,0.008250050989190292,0.0023047114011829494,0.0006220681215582297,0.0069651233938405055,0.0019273913930246789,0.005517030389557414,0.0009585967774831736,0.0012033448908831327,0.006414440138690598,4.0791352233326534e-05,0.0001835610850499694,0.004813379563532531,0.007882928819090354,5.0989190291658166e-05,0.0007954313685498675,0.0,0.0,0.0,0.0,0.0,0.0,0.0,0.0,0.0,0.0,0.0,0.0,0.0,0.0,0.0,0.0,0.0,0.0,0.0,0.0,0.0,0.0,0.0,0.0,0.0,0.0,0.0,0.0,0.0,nan,nan,4.330118932819029,2.908879093651608,nan,0.9260310888952153,0.023477880119570325,0.0,0.0,0.0,0.0,0.0,0.0,0.0,0.0,0.0,0.0,0.0,0.0,0.0,0.0,0.0,0.0,0.0,0.0,0.0,0.0,0.0,0.0,0.0,0.0,0.0,0.17842981760507537,3.7589214908802546,14.762093576526569,10.015860428231566,1.2846946867565427,0.9260790902794234,0.022993972210818895,0.0,0.0,0.0,0.0,0.0,0.0,0.0,0.0,0.0,0.0,0.0,0.0,0.0,0.0,0.0,0.0,0.0,0.0,0.0,0.0,0.0,0.0,0.0,0.0,0.0,0.15119697606047883,3.84292314153717,14.363712725745488,10.558588828223439,1.0835783284334315,0.3604,0.02118,0.0,0.0,0.0,0.0,0.0,0.0,0.0,0.0,0.059476605868358456,3.0689928628072964,15.356859635210153,10.551149881046772,0.963521015067407,0.0,0.0,0.0,0.0,0.0,0.0,0.0,0.0,0.0,0.0,0.0,0.0,0.0,0.0,0.0,0.0,0.0,0.359,0.02171,0.0,0.0,0.0,0.0,0.0,0.0,0.0,0.0,0.05039899202015961,3.5153296934061324,15.56068878622428,10.117597648047024,0.7433851322973543,0.012599748005039902,0.0,0.0,0.0,0.0,0.0,0.0,0.0,0.0,0.0,0.0,0.0,0.0,0.0,0.0,0.0,0.0
83500,4919,2518,0.5118926611099817,1207,1004,0.4494816019516162,1399,0.568814799756048,0.41,2.993336109954186,3.1652984498228873,6.752608047690015,2.1875317109616503,9303.873914231637,1416.8204955995172,7853.0,10742.94572520256,10687.332320931462,17.49083932958716,7853.0,0.0,27.955275462492377,20.83706800999241,32.79662243667069,19.123189950938244,0.13742630615978857,0.10205326285830453,0.09209188859524294,0.08619638137832893,0.08070746086602969,0.07664159381988209,0.06688351290912788,0.06424069932913194,0.05895507216914007,0.053059564952226065,0.04858711120146371,0.0367960967676357,0.03760927017686522,0.023988615572270788,0.018499695059971538,0.00914820085383208,0.007115267330758284,0.9262687343483801,0.023336710325293157,0.0,0.0,0.0,0.0,0.0,0.0,0.0,0.0,0.0,0.0,0.0,0.0,0.0,0.0,0.0,0.0,0.0,0.0,0.0,0.0,0.0,0.0,0.0,0.0,0.0,0.1951616182150844,3.6531815409636113,14.692010571254324,10.19719455173816,1.2624517178288273,4.358966277970375,2.990484826697043,nan,nan,nan,4.392268694550063,3.0046632196334317,4.327478042659975,2.976387255160143,0.9852489325230762,0.3594,0.0212,0.0,0.0,0.0,0.0,0.0,0.0,0.0,0.0,0.07928440739987805,3.366537914210206,15.527546249237654,10.22158975401503,0.8050416751372232,0.0,0.0,0.0,0.0,0.0,0.0,0.0,0.0,0.0,0.0,0.0,0.0,0.0,0.0,0.0,0.0,0.0,nan,nan,4.358966277970375,2.990484826697043,nan,0.3594,0.1187,0.0,0.0,0.0,7.115267330758284e-05,0.0,0.0,0.001372230128074812,0.003557633665379142,0.0009351494206139459,0.0,0.0002236226875381175,0.0006302093921528766,0.000447245375076235,0.005702378532221997,0.010805041675137224,0.009900386257369383,0.0033949989835332386,0.03218133767025818,0.007003455986989225,0.016954665582435455,0.00686115064037406,0.012665175848749747,0.004757064443992681,0.029497865419800772,0.041075421833706036,0.02604187843057532,0.014626956698515959,0.03659280341532832,0.03540353730433015,0.03295385240902623,0.007216914006911974,0.04088229314901403,0.022209798739581215,0.01839804838381785,0.03551534864809921,0.027353120552957917,0.07313478349257979,0.023195771498272007,0.04784509046554178,0.009676763569831267,0.01711730026428136,0.030463508843260826,0.030687131530798942,0.014301687334824151,0.008487497458833097,0.03000609880056922,0.027312461882496444,0.028664362675340515,0.020725757267737344,0.04008944907501525,0.017635698312665177,0.0077658060581418985,0.008700955478755846,0.014443992681439317,0.002297214881073389,0.013996747306363081,0.0021549095344582233,0.008324862776987192,0.0018499695059971538,0.0006505387273836146,0.007166090668835129,0.0014942061394592396,0.004655417767838991,0.0006505387273836146,0.0012400894490750152,0.006352917259605611,0.00015247001423053467,0.00033543403130717627,0.004716405773531205,0.007389713356373247,0.0001321406789997967,0.0009554787558446839,0.0,0.0,0.0,0.0,0.0,0.0,0.0,0.0,0.0,0.0,0.0,0.0,0.0,0.0,0.0,0.0,0.0,0.0,0.0,0.0,0.0,0.0,0.0,0.0,0.0,0.0,0.0,0.0,0.0,nan,nan,4.358966277970375,2.990484826697043,nan,0.9261435514361827,0.023824238816646606,0.0,0.0,0.0,0.0,0.0,0.0,0.0,0.0,0.0,0.0,0.0,0.0,0.0,0.0,0.0,0.0,0.0,0.0,0.0,0.0,0.0,0.0,0.0,0.0,0.0,0.238284352660842,3.6695790309769665,14.70214455917395,9.98411437648928,1.405877680698968,0.9264000173858283,0.02281349742350345,0.0,0.0,0.0,0.0,0.0,0.0,0.0,0.0,0.0,0.0,0.0,0.0,0.0,0.0,0.0,0.0,0.0,0.0,0.0,0.0,0.0,0.0,0.0,0.0,0.0,0.14993752603082053,3.6359850062473975,14.68138275718451,10.420658059142028,1.1120366513952522,0.3596,0.02083,0.0,0.0,0.0,0.0,0.0,0.0,0.0,0.0,0.0833995234312947,3.193010325655283,15.631453534551234,10.377283558379652,0.714853057982526,0.0,0.0,0.0,0.0,0.0,0.0,0.0,0.0,0.0,0.0,0.0,0.0,0.0,0.0,0.0,0.0,0.0,0.3591,0.02158,0.0,0.0,0.0,0.0,0.0,0.0,0.0,0.0,0.07496876301541026,3.5485214493960857,15.41857559350271,10.058309037900859,0.8996251561849231,0.0,0.0,0.0,0.0,0.0,0.0,0.0,0.0,0.0,0.0,0.0,0.0,0.0,0.0,0.0,0.0,0.0
83600,4818,2524,0.5238688252386883,1210,982,0.45496056454960565,1365,0.5666251556662516,0.40599999999999997,3.00871839581517,3.0761779544363064,6.429203539823009,2.1286435949782074,9337.44539190754,1415.2506171907175,7853.0,10737.594148159027,10686.62040341146,17.34914464155146,7853.0,0.0,28.638231631382315,20.985577079454377,33.60566502463054,19.10981790392805,0.13802407638024075,0.09090909090909091,0.09153175591531756,0.08447488584474885,0.08177667081776671,0.07119136571191366,0.07119136571191366,0.06268161062681611,0.061851390618513906,0.05645496056454961,0.047322540473225407,0.0452469904524699,0.035907015359070156,0.0273972602739726,0.013491075134910751,0.01141552511415525,0.0091324200913242,0.9253074585055355,0.02305602810354595,0.0,0.0,0.0,0.0,0.0,0.0,0.0,0.0,0.0,0.0,0.0,0.0,0.0,0.0,0.0,0.0,0.0,0.0,0.0,0.0,0.0,0.0,0.0,0.0,0.0,0.16811955168119555,3.960149439601495,14.912826899128271,9.912826899128271,1.0460772104607723,4.200439836632108,2.8757995177950115,nan,nan,nan,4.1786600496277915,2.908077429087,4.2227880330999366,2.842124722772233,1.0105603190850798,0.3591,0.0216,0.0,0.0,0.0,0.0,0.0,0.0,0.0,0.0,0.09339975093399754,3.5056039850560405,15.25529265255293,10.273972602739711,0.8717310087173102,0.0,0.0,0.0,0.0,0.0,0.0,0.0,0.0,0.0,0.0,0.0,0.0,0.0,0.0,0.0,0.0,0.0,nan,nan,4.200439836632108,2.8757995177950115,nan,0.3591,0.11926,0.0,0.0,0.0,5.1888750518887505e-05,0.0,1.0377750103777502e-05,0.0010792860107928601,0.004420921544209215,0.0005915317559153176,0.0,0.00034246575342465754,0.00046699875466998757,0.0003217102532171025,0.005904939809049398,0.011031548360315484,0.010398505603985055,0.003974678289746783,0.03277293482772935,0.007783312577833126,0.014476961394769615,0.006828559568285595,0.012795765877957659,0.0067040265670402655,0.02989829804898298,0.04157326691573267,0.025850975508509753,0.01350145288501453,0.03564757160647571,0.03600041511000415,0.03341635533416355,0.007077625570776256,0.04062889165628892,0.021741386467413866,0.019333748443337486,0.0341324200913242,0.02704441677044417,0.07513491075134911,0.022550850975508508,0.045288501452885016,0.010792860107928601,0.015431714404317145,0.03052096305520963,0.032555002075550024,0.014248650892486508,0.007907845579078455,0.027853881278538814,0.027210460772104608,0.029908675799086758,0.019883769198837692,0.040286425902864256,0.019447903694479036,0.0075653798256537985,0.008520132835201328,0.01473640514736405,0.00282274802822748,0.014103362391033623,0.0018991282689912827,0.00821917808219178,0.0014840182648401827,0.0010792860107928601,0.0061643835616438354,0.0016604400166044002,0.004721876297218763,0.0007783312577833125,0.0007471980074719801,0.005998339559983396,0.00045662100456621003,0.0001971772519717725,0.005157741801577418,0.007938978829389789,0.00015566625155666251,0.0007679535076795351,0.0,0.0,0.0,0.0,0.0,0.0,0.0,0.0,0.0,0.0,0.0,0.0,0.0,0.0,0.0,0.0,0.0,0.0,0.0,0.0,0.0,0.0,0.0,0.0,0.0,0.0,0.0,0.0,0.0,nan,nan,4.200439836632108,2.8757995177950115,nan,0.9250787793173088,0.023025143631480904,0.0,0.0,0.0,0.0,0.0,0.0,0.0,0.0,0.0,0.0,0.0,0.0,0.0,0.0,0.0,0.0,0.0,0.0,0.0,0.0,0.0,0.0,0.0,0.0,0.0,0.15451664025356582,4.112519809825674,14.92868462757528,9.770206022187008,1.0340729001584787,0.9255590654240553,0.02308734442871625,0.0,0.0,0.0,0.0,0.0,0.0,0.0,0.0,0.0,0.0,0.0,0.0,0.0,0.0,0.0,0.0,0.0,0.0,0.0,0.0,0.0,0.0,0.0,0.0,0.0,0.18308631211857024,3.7925021795989546,14.895379250217964,10.069747166521362,1.0592850915431562,0.3594,0.021,0.0,0.0,0.0,0.0,0.0,0.0,0.0,0.0,0.09508716323296357,3.304278922345484,15.356576862123616,10.423930269413615,0.8201267828843108,0.0,0.0,0.0,0.0,0.0,0.0,0.0,0.0,0.0,0.0,0.0,0.0,0.0,0.0,0.0,0.0,0.0,0.3586,0.02225,0.0,0.0,0.0,0.0,0.0,0.0,0.0,0.0,0.09154315605928512,3.7271142109851794,15.143853530950308,10.10897994768961,0.9285091543156061,0.0,0.0,0.0,0.0,0.0,0.0,0.0,0.0,0.0,0.0,0.0,0.0,0.0,0.0,0.0,0.0,0.0
83700,4938,2520,0.5103280680437424,1195,1024,0.44937221547185097,1400,0.5670311867152693,0.39799999999999996,2.9052936311000828,3.1009558707691034,6.652373660030628,2.1182821281202986,9299.073498845317,1416.56242538389,7853.0,10742.094312429428,10686.6154513088,17.78715227427471,7853.0,0.0,27.18955042527339,20.504425530676116,32.37927663734116,18.6950195056185,0.14965573106520857,0.09761036857027136,0.09315512353179425,0.0848521668691778,0.08930741190765493,0.07675172134467395,0.06500607533414338,0.06460105305791819,0.05528554070473876,0.054678007290400975,0.044349939246658567,0.04050222762251924,0.028351559335763468,0.024301336573511544,0.018428513568246253,0.009720534629404616,0.003442689347914135,0.9250957292914632,0.022925824935769383,0.0,0.0,0.0,0.0,0.0,0.0,0.0,0.0,0.0,0.0,0.0,0.0,0.0,0.0,0.0,0.0,0.0,0.0,0.0,0.0,0.0,0.0,0.0,0.0,0.0,0.1397326852976914,3.9489671931956263,15.091130012150671,9.714459295261241,1.1057108140947753,4.237626903553299,2.8900657700501013,nan,nan,nan,4.180174563591023,2.8787779634844646,4.297157622739018,2.9005153571240023,1.0279852090788044,0.3582,0.02203,0.0,0.0,0.0,0.0,0.0,0.0,0.0,0.0,0.11543134872417986,4.009720534629405,15.170109356014583,9.92709599027945,0.7776427703523696,0.0,0.0,0.0,0.0,0.0,0.0,0.0,0.0,0.0,0.0,0.0,0.0,0.0,0.0,0.0,0.0,0.0,nan,nan,4.237626903553299,2.8900657700501013,nan,0.3582,0.11993,0.0,0.0,0.0,5.062778452814905e-05,0.0,2.025111381125962e-05,0.0012251923855812069,0.003817334953422438,0.0007796678817334953,5.062778452814905e-05,0.0005164034021871203,0.000425273390036452,0.00018226002430133658,0.00532604293236128,0.011249493722154719,0.01118874038072094,0.0045868772782503035,0.03243215876873228,0.008971243418388012,0.015107330903199675,0.007634669906844876,0.013031591737545565,0.007816929931146212,0.029141352774402593,0.041616038882138516,0.02714661806399352,0.01218104495747266,0.03556095585257189,0.036634264884568654,0.03462940461725395,0.007371405427298501,0.041616038882138516,0.02032199270959903,0.019906844876468207,0.03336371000405022,0.025799918995544756,0.07473673552045362,0.023258404212231673,0.04486634264884569,0.010206561360874849,0.01692993114621304,0.02814904819765087,0.03276630214661806,0.01437829080599433,0.008110571081409477,0.029029971648440664,0.026731470230862697,0.02865532604293236,0.019309437019036046,0.038801134062373434,0.019866342648845688,0.007411907654921021,0.008414337788578372,0.014256784123126772,0.0028554070473876063,0.012960712839206157,0.001863102470635885,0.008211826650465775,0.0012656946132037262,0.0008809234507897934,0.005629809639530174,0.0015390846496557311,0.005700688537869583,0.0010226812474686108,0.0005265289590927501,0.006024706358849737,0.0004556500607533414,0.00024301336573511544,0.004931146213041717,0.009356014580801944,0.0002936411502632645,0.0006480356419603079,1.012555690562981e-05,0.0,0.0,0.0,0.0,0.0,0.0,0.0,0.0,0.0,0.0,0.0,0.0,0.0,0.0,0.0,0.0,0.0,0.0,0.0,0.0,0.0,0.0,0.0,0.0,0.0,0.0,0.0,0.0,nan,nan,4.237626903553299,2.8900657700501013,nan,0.925643353684554,0.02344932661341922,0.0,0.0,0.0,0.0,0.0,0.0,0.0,0.0,0.0,0.0,0.0,0.0,0.0,0.0,0.0,0.0,0.0,0.0,0.0,0.0,0.0,0.0,0.0,0.0,0.0,0.21428571428571433,3.7857142857142865,14.67857142857143,10.130952380952383,1.1904761904761907,0.9245250041175224,0.02235293263700969,0.0,0.0,0.0,0.0,0.0,0.0,0.0,0.0,0.0,0.0,0.0,0.0,0.0,0.0,0.0,0.0,0.0,0.0,0.0,0.0,0.0,0.0,0.0,0.0,0.0,0.0620347394540943,4.119106699751862,15.521091811414395,9.280397022332508,1.0173697270471467,0.359,0.02226,0.0,0.0,0.0,0.0,0.0,0.0,0.0,0.0,0.10714285714285716,3.9166666666666674,14.809523809523812,10.27380952380951,0.892857142857143,0.0,0.0,0.0,0.0,0.0,0.0,0.0,0.0,0.0,0.0,0.0,0.0,0.0,0.0,0.0,0.0,0.0,0.3572,0.02176,0.0,0.0,0.0,0.0,0.0,0.0,0.0,0.0,0.1240694789081886,4.106699751861043,15.545905707196033,9.565756823821326,0.6575682382133997,0.0,0.0,0.0,0.0,0.0,0.0,0.0,0.0,0.0,0.0,0.0,0.0,0.0,0.0,0.0,0.0,0.0
83800,4564,2337,0.5120508326029798,1097,921,0.4421560035056968,1278,0.5600350569675723,0.38999999999999996,2.898069151324652,2.962257850849877,6.145015105740181,2.125261153261014,9303.96570880284,1416.4628309874527,7853.0,10748.115620851517,10686.63606973734,17.658623955756692,7853.0,0.0,28.933391761612622,21.35887457304495,33.84840632288157,19.55975898289659,0.13540753724802804,0.09772129710780017,0.08720420683610867,0.08238387379491674,0.08282208588957055,0.0705521472392638,0.06748466257668712,0.06660823838737949,0.06310254163014899,0.04798422436459246,0.049079754601226995,0.04075372480280456,0.03768624014022787,0.031113058720420684,0.01862401402278703,0.012269938650306749,0.009202453987730062,0.9253190900676612,0.022988765045940097,0.0,0.0,0.0,0.0,0.0,0.0,0.0,0.0,0.0,0.0,0.0,0.0,0.0,0.0,0.0,0.0,0.0,0.0,0.0,0.0,0.0,0.0,0.0,0.0,0.0,0.1774758983347941,3.8650306748466265,15.013146362839617,9.951796669588083,0.9925503943908854,4.111111111111111,2.70332658798525,nan,nan,nan,4.053226879574185,2.6855298221340917,4.169344042838019,2.7198703554476804,1.028648078855145,0.3594,0.02174,0.0,0.0,0.0,0.0,0.0,0.0,0.0,0.0,0.06573181419807188,3.562664329535496,15.111744084136726,10.477651183172641,0.7822085889570554,0.0,0.0,0.0,0.0,0.0,0.0,0.0,0.0,0.0,0.0,0.0,0.0,0.0,0.0,0.0,0.0,0.0,nan,nan,4.111111111111111,2.70332658798525,nan,0.3594,0.1199,0.0,0.0,0.0,0.0,0.0,0.0,0.0013803680981595093,0.00334136722173532,0.001062664329535495,0.0,0.0005915863277826468,0.000492988606485539,6.573181419807186e-05,0.005291411042944785,0.00988168273444347,0.012258983347940403,0.004897020157756354,0.03270157756354075,0.008939526730937774,0.013277826468010517,0.007723488168273444,0.013212094653812446,0.007153812445223488,0.026676161262050833,0.04171779141104295,0.02801270815074496,0.011557843996494304,0.037291849255039436,0.0339943032427695,0.0341148115687993,0.0077892199824715165,0.0420464504820333,0.019500438212094653,0.022283085013146364,0.03215381244522349,0.025262927256792286,0.0738387379491674,0.022118755477651183,0.04844434706397897,0.010922436459246275,0.017068361086765994,0.029130148992112182,0.03277826468010517,0.0160056967572305,0.007679666958808063,0.02712532865907099,0.02650087642418931,0.028560473269062227,0.01932515337423313,0.03885845749342682,0.021209465381244522,0.007723488168273444,0.0072852760736196315,0.014263803680981594,0.002914110429447853,0.013288781770376863,0.0025525854513584576,0.008402716914986853,0.001128396143733567,0.0010078878177037687,0.005061349693251534,0.0016104294478527608,0.00668273444347064,0.001369412795793164,0.000635407537248028,0.006266432953549518,0.0004710780017528484,0.00013146362839614373,0.004612182296231376,0.009322962313759859,0.00024101665205959684,0.0007778264680105171,0.0,0.0,1.0955302366345311e-05,0.0,0.0,0.0,0.0,0.0,0.0,0.0,0.0,0.0,0.0,0.0,0.0,0.0,0.0,0.0,0.0,0.0,0.0,0.0,0.0,0.0,0.0,0.0,0.0,0.0,0.0,nan,nan,4.111111111111111,2.70332658798525,nan,0.9255641155330656,0.023470985305304354,0.0,0.0,0.0,0.0,0.0,0.0,0.0,0.0,0.0,0.0,0.0,0.0,0.0,0.0,0.0,0.0,0.0,0.0,0.0,0.0,0.0,0.0,0.0,0.0,0.0,0.17971758664955076,3.8767650834403087,14.890885750962775,9.961489088575098,1.0911424903722724,0.9250619618626095,0.022468728426124514,0.0,0.0,0.0,0.0,0.0,0.0,0.0,0.0,0.0,0.0,0.0,0.0,0.0,0.0,0.0,0.0,0.0,0.0,0.0,0.0,0.0,0.0,0.0,0.0,0.0,0.1751234845083072,3.8527166591827577,15.141445891333635,9.941625505163898,0.8890884598114057,0.359,0.02165,0.0,0.0,0.0,0.0,0.0,0.0,0.0,0.0,0.05134788189987164,3.6713735558408223,15.160462130937102,10.410783055198957,0.7060333761232351,0.0,0.0,0.0,0.0,0.0,0.0,0.0,0.0,0.0,0.0,0.0,0.0,0.0,0.0,0.0,0.0,0.0,0.3596,0.02182,0.0,0.0,0.0,0.0,0.0,0.0,0.0,0.0,0.08082622361921869,3.4485855410866644,15.060619667714418,10.547822182308023,0.8621463852716661,0.0,0.0,0.0,0.0,0.0,0.0,0.0,0.0,0.0,0.0,0.0,0.0,0.0,0.0,0.0,0.0,0.0
83900,4426,2307,0.5212381382738365,1108,904,0.45458653411658384,1283,0.5797559873474921,0.38999999999999996,3.023124115148655,3.0638838269319564,6.3644716692189895,2.1680033448794997,9330.00578481258,1415.5991548627399,7853.0,10746.89559495449,10686.648722835056,17.048572810442533,7853.0,0.0,28.527112516945323,20.94931398761621,33.31501733795679,19.174974274905413,0.1342069588793493,0.09602349751468595,0.09150474469046543,0.08359692724807953,0.07840036150022593,0.08314505196565748,0.07139629462268414,0.05942159963849977,0.05648441030275644,0.05535472209670131,0.04970628106642567,0.0447356529597831,0.032760957975598734,0.02869408043380027,0.0149118843199277,0.011974694984184365,0.0076818798011748755,0.9257790180578848,0.02278432527498417,0.0,0.0,0.0,0.0,0.0,0.0,0.0,0.0,0.0,0.0,0.0,0.0,0.0,0.0,0.0,0.0,0.0,0.0,0.0,0.0,0.0,0.0,0.0,0.0,0.0,0.13556258472661548,3.897424310890195,14.586534116583826,10.316312697695437,1.0641662901039315,4.169514695830485,2.8596660507288387,nan,nan,nan,4.140280561122244,2.8744075027316045,4.200139958012596,2.843818874096815,1.0144578117368275,0.3596,0.02124,0.0,0.0,0.0,0.0,0.0,0.0,0.0,0.0,0.013556258472661549,3.300948938093087,15.189787618617265,10.811116131947568,0.6845910528694081,0.0,0.0,0.0,0.0,0.0,0.0,0.0,0.0,0.0,0.0,0.0,0.0,0.0,0.0,0.0,0.0,0.0,nan,nan,4.169514695830485,2.8596660507288387,nan,0.3596,0.11914,0.0,0.0,0.0,0.0,0.0,0.0,0.0011522819701762315,0.003050158156348848,0.0011070944419340261,0.0,0.0004744690465431541,0.0005535472209670131,7.907817442385901e-05,0.005535472209670131,0.008687302304563941,0.012178038861274288,0.005196565747853593,0.03241075463172165,0.008099864437415274,0.01176005422503389,0.00895842747401717,0.012189335743334839,0.00605512878445549,0.027304563940352463,0.041086760054225034,0.029145955716222322,0.011455038409399007,0.037855851784907364,0.035381834613646634,0.03391323994577496,0.009026208766380479,0.04419340262087664,0.01840262087663805,0.02254857659286037,0.0350655219159512,0.02677361048350655,0.0696904654315409,0.019419340262087664,0.05045187528242205,0.011251694532309084,0.01649344780840488,0.029789877993673747,0.031009941256213286,0.016391775869859918,0.007602801626751017,0.026310438319023948,0.02684139177586986,0.027417532760957975,0.021610935381834614,0.03960686850429281,0.018933574333483957,0.007241301400813376,0.007840036150022593,0.015307275192046995,0.0026660641662901038,0.014753727971079982,0.002745142340713963,0.009342521464075914,0.0014234071396294623,0.0006439222774514234,0.003807049254405784,0.0021012200632625397,0.007376863985539991,0.000824672390420244,0.0006665160415725259,0.006009941256213285,0.0003727971079981925,5.648441030275644e-05,0.0038974243108901943,0.009195661997288749,0.0006213285133303208,0.0006326253953908721,1.1296882060551288e-05,0.0,0.0,0.0,0.0,0.0,0.0,0.0,0.0,0.0,0.0,0.0,0.0,0.0,0.0,0.0,0.0,0.0,0.0,0.0,0.0,0.0,0.0,0.0,0.0,0.0,0.0,0.0,0.0,nan,nan,4.169514695830485,2.8596660507288387,nan,0.9248008009774581,0.02274909327219104,0.0,0.0,0.0,0.0,0.0,0.0,0.0,0.0,0.0,0.0,0.0,0.0,0.0,0.0,0.0,0.0,0.0,0.0,0.0,0.0,0.0,0.0,0.0,0.0,0.0,0.18205461638491552,4.057217165149545,14.6553966189857,10.20806241872562,0.8972691807542265,0.9268440236286939,0.022774898410638064,0.0,0.0,0.0,0.0,0.0,0.0,0.0,0.0,0.0,0.0,0.0,0.0,0.0,0.0,0.0,0.0,0.0,0.0,0.0,0.0,0.0,0.0,0.0,0.0,0.0,0.08494572911750828,3.7234544596507795,14.51156205757433,10.434167059933932,1.2458706937234547,0.3599,0.02141,0.0,0.0,0.0,0.0,0.0,0.0,0.0,0.0,0.0,3.5500650195058525,14.603381014304295,11.222366710012988,0.6241872561768531,0.0,0.0,0.0,0.0,0.0,0.0,0.0,0.0,0.0,0.0,0.0,0.0,0.0,0.0,0.0,0.0,0.0,0.3596,0.02107,0.0,0.0,0.0,0.0,0.0,0.0,0.0,0.0,0.028315243039169425,3.029731005191129,15.828220858895708,10.363378952335992,0.7503539405379899,0.0,0.0,0.0,0.0,0.0,0.0,0.0,0.0,0.0,0.0,0.0,0.0,0.0,0.0,0.0,0.0,0.0
84000,4199,2187,0.5208382948321029,1031,842,0.44605858537747084,1178,0.5610859728506787,0.418,2.985089463220676,3.1070650496268395,6.688057040998218,2.0117347283046985,9329.074273203094,1415.8434598903516,7853.0,10755.985773563385,10687.035607306718,17.577008974713877,7853.0,0.0,28.105977613717553,21.09488108731811,33.12297642715138,19.34398222109746,0.14146225291736128,0.10383424624910693,0.08787806620623959,0.08382948321028816,0.08073350797809002,0.07120743034055728,0.07739938080495357,0.057632769707073116,0.0562038580614432,0.06025244105739462,0.043105501309835675,0.037866158609192666,0.033103119790426294,0.024053346034770183,0.020719218861633724,0.01428911645629912,0.006430102405334604,0.9251359660700975,0.022738775524329888,0.0,0.0,0.0,0.0,0.0,0.0,0.0,0.0,0.0,0.0,0.0,0.0,0.0,0.0,0.0,0.0,0.0,0.0,0.0,0.0,0.0,0.0,0.0,0.0,0.007144558228149561,0.10002381519409385,3.843772326744464,15.496546796856398,9.509407001667066,1.0431055013098358,4.2411111111111115,2.887523395234174,nan,nan,nan,4.310930576070901,2.903939440545057,4.171003717472119,2.870264050775777,0.9675413797254152,0.3604,0.02144,0.0,0.0,0.0,0.0,0.0,0.0,0.0,0.0,0.05715646582519649,3.0721600381043115,14.80352464872589,11.281257442248139,0.7859014050964518,0.0,0.0,0.0,0.0,0.0,0.0,0.0,0.0,0.0,0.0,0.0,0.0,0.0,0.0,0.0,0.0,0.0,nan,nan,4.2411111111111115,2.887523395234174,nan,0.3604,0.11884,0.0,0.0,0.0,0.0,0.0,2.3815194093831866e-05,0.0009049773755656109,0.00210764467730412,0.0013098356751607525,0.0,0.0005596570612050488,0.0006668254346272922,0.0,0.0058823529411764705,0.008823529411764706,0.012038580614432007,0.004763038818766373,0.03251964753512741,0.00816861157418433,0.011705167897118361,0.008847344605858537,0.011085972850678734,0.006072874493927126,0.026804000952607765,0.03902119552274351,0.028994998809240294,0.012491069302214813,0.038521076446773043,0.034401047868540126,0.03555608478209098,0.008656823053107884,0.04512979280781138,0.01762324362943558,0.023469873779471302,0.03605620385806144,0.02772088592522029,0.07021909978566325,0.020242914979757085,0.04768992617289831,0.012193379376041915,0.016730173850916887,0.029530840676351512,0.029899976184805905,0.01639676113360324,0.007585139318885449,0.024755894260538223,0.025648964039056917,0.029030721600381042,0.022493450821624197,0.04067635151226483,0.019576089545129793,0.0065729935698975945,0.00863300785901405,0.01443200762086211,0.0022505358418671113,0.01513455584663015,0.0024886877828054297,0.010573946177661348,0.0015360800190521553,0.0007382710169087878,0.003405572755417957,0.0018575851393188853,0.008025720409621339,0.0009764229578471064,0.00021433674684448678,0.006025244105739461,0.00034532031436056203,1.1907597046915933e-05,0.0037747082638723505,0.009228387711359847,0.0005953798523457966,0.0005001190759704691,0.0,8.335317932841152e-05,0.0,0.0,0.0,0.0,0.0,0.0,0.0,0.0,0.0,0.0,0.0,0.0,0.0,0.0,0.0,0.0,0.0,0.0,0.0,0.0,0.0,0.0,0.0,0.0,0.0,0.0,0.0,nan,nan,4.2411111111111115,2.887523395234174,nan,0.9248608990406739,0.02265257768729092,0.0,0.0,0.0,0.0,0.0,0.0,0.0,0.0,0.0,0.0,0.0,0.0,0.0,0.0,0.0,0.0,0.0,0.0,0.0,0.0,0.0,0.0,0.0,0.0,0.0,0.12345679012345681,3.9368998628257894,15.514403292181074,9.382716049382717,1.0425240054869687,0.9254349579156985,0.022828342552591828,0.0,0.0,0.0,0.0,0.0,0.0,0.0,0.0,0.0,0.0,0.0,0.0,0.0,0.0,0.0,0.0,0.0,0.0,0.0,0.0,0.0,0.0,0.0,0.0,0.014910536779324059,0.07455268389662029,3.742544731610339,15.477137176938374,9.647117296222666,1.0437375745526842,0.3604,0.02132,0.0,0.0,0.0,0.0,0.0,0.0,0.0,0.0,0.041152263374485604,3.100137174211249,14.567901234567904,11.53635116598078,0.7544581618655695,0.0,0.0,0.0,0.0,0.0,0.0,0.0,0.0,0.0,0.0,0.0,0.0,0.0,0.0,0.0,0.0,0.0,0.3604,0.02156,0.0,0.0,0.0,0.0,0.0,0.0,0.0,0.0,0.07455268389662029,3.0417495029821078,15.0596421471173,11.003976143141136,0.8200795228628233,0.0,0.0,0.0,0.0,0.0,0.0,0.0,0.0,0.0,0.0,0.0,0.0,0.0,0.0,0.0,0.0,0.0
84100,4092,2143,0.5237047898338221,1038,802,0.4496578690127077,1128,0.5513196480938416,0.434,3.082093381221139,3.2265942964249823,6.829749103942652,2.1589300104676306,9337.366674067076,1415.6409751880858,7853.0,10741.480848789215,10687.357643622247,17.35650348960869,7853.0,0.0,27.924975562072337,20.683458757008534,32.84389534883721,18.880015672742477,0.13954056695992179,0.09579667644183773,0.10239491691104595,0.0772238514173998,0.08113391984359726,0.07160312805474096,0.0689149560117302,0.06915933528836754,0.06207233626588465,0.05498533724340176,0.04960899315738025,0.039589442815249266,0.02956989247311828,0.023949169110459433,0.018328445747800588,0.011241446725317693,0.004887585532746823,0.9247719450022585,0.022933658036817316,0.0,0.0,0.0,0.0,0.0,0.0,0.0,0.0,0.0,0.0,0.0,0.0,0.0,0.0,0.0,0.0,0.0,0.0,0.0,0.0,0.0,0.0,0.0,0.0,0.0,0.13929618768328447,3.966275659824048,15.395894428152497,9.391495601173022,1.1070381231671556,4.350095238095238,2.9954417736789902,nan,nan,nan,4.356814701378254,2.979219034582157,4.3434420015163,3.0114037456924,0.9969306246011052,0.3606,0.02118,0.0,0.0,0.0,0.0,0.0,0.0,0.0,0.0,0.06598240469208212,2.8812316715542527,15.498533724340179,10.520527859237522,1.0337243401759533,0.0,0.0,0.0,0.0,0.0,0.0,0.0,0.0,0.0,0.0,0.0,0.0,0.0,0.0,0.0,0.0,0.0,nan,nan,4.350095238095238,2.9954417736789902,nan,0.3606,0.11847,0.0,0.0,0.0,0.0,1.2218963831867058e-05,3.665689149560117e-05,0.0003176930596285435,0.0016006842619745846,0.0011974584555229718,0.0,0.0006109481915933529,0.0011241446725317693,0.0,0.005070869990224829,0.007673509286412512,0.012280058651026392,0.004655425219941349,0.03332111436950146,0.00979960899315738,0.012829912023460411,0.007832355816226783,0.011534701857282503,0.0062072336265884655,0.028934506353861193,0.03586265884652982,0.028971163245356795,0.012866568914956012,0.03822091886608016,0.03505620723362659,0.035349462365591396,0.008076735092864126,0.04398826979472141,0.019122678396871946,0.022238514173998046,0.03597262952101662,0.027517106549364612,0.07171309872922776,0.020136852394916912,0.04890029325513196,0.012658846529814272,0.016226783968719453,0.02865347018572825,0.02761485826001955,0.01660557184750733,0.008565493646138808,0.025562072336265885,0.027003910068426198,0.02849462365591398,0.022910557184750734,0.04082355816226784,0.018682795698924733,0.0058040078201368524,0.008773216031280548,0.013282013685239492,0.0023826979472140763,0.017057673509286414,0.0025904203323558164,0.009848484848484848,0.0018084066471163245,0.0007942326490713588,0.0028470185728250246,0.001893939393939394,0.009249755620723363,0.0007942326490713588,1.2218963831867058e-05,0.005620723362658847,0.0003787878787878788,0.0,0.0036290322580645163,0.009225317693059629,0.0004887585532746823,0.0005009775171065494,0.0,0.00018328445747800586,0.0,0.0,0.0,0.0,0.0,0.0,0.0,0.0,0.0,0.0,0.0,0.0,0.0,0.0,0.0,0.0,0.0,0.0,0.0,0.0,0.0,0.0,0.0,0.0,0.0,0.0,0.0,nan,nan,4.350095238095238,2.9954417736789902,nan,0.9247681451244327,0.023018641903934937,0.0,0.0,0.0,0.0,0.0,0.0,0.0,0.0,0.0,0.0,0.0,0.0,0.0,0.0,0.0,0.0,0.0,0.0,0.0,0.0,0.0,0.0,0.0,0.0,0.0,0.08399440037330846,4.115725618292115,15.07699486700887,9.58936070928605,1.1339244050396642,0.9247761231131771,0.02283984930721627,0.0,0.0,0.0,0.0,0.0,0.0,0.0,0.0,0.0,0.0,0.0,0.0,0.0,0.0,0.0,0.0,0.0,0.0,0.0,0.0,0.0,0.0,0.0,0.0,0.0,0.2001026167265265,3.801949717804003,15.746536685479738,9.17393535146229,1.0774756285274503,0.361,0.02115,0.0,0.0,0.0,0.0,0.0,0.0,0.0,0.0,0.06999533364442372,2.673821745216986,15.52496500233318,10.639290713952388,1.09192720485301,0.0,0.0,0.0,0.0,0.0,0.0,0.0,0.0,0.0,0.0,0.0,0.0,0.0,0.0,0.0,0.0,0.0,0.3599,0.02118,0.0,0.0,0.0,0.0,0.0,0.0,0.0,0.0,0.0615700359158543,3.109286813750642,15.469471523858394,10.389943560800395,0.9697280656747053,0.0,0.0,0.0,0.0,0.0,0.0,0.0,0.0,0.0,0.0,0.0,0.0,0.0,0.0,0.0,0.0,0.0
84200,4350,2302,0.5291954022988505,1095,864,0.4503448275862069,1180,0.542528735632184,0.426,3.04248046875,3.119002385142528,6.607023411371237,2.1864016121210104,9353.238140749054,1415.1102715258887,7853.0,10744.795626163483,10687.941751632661,17.594274640170692,7853.0,0.0,28.34344827586207,20.78713620938571,33.22016348773842,18.95866799306756,0.13540229885057473,0.09310344827586207,0.09517241379310344,0.0864367816091954,0.08137931034482758,0.07241379310344828,0.06850574712643678,0.06367816091954023,0.06758620689655172,0.0535632183908046,0.044137931034482755,0.04459770114942529,0.0367816091954023,0.0232183908045977,0.01793103448275862,0.009885057471264367,0.006206896551724138,0.9255271899152077,0.023067798797912615,0.0,0.0,0.0,0.0,0.0,0.0,0.0,0.0,0.0,0.0,0.0,0.0,0.0,0.0,0.0,0.0,0.0,0.0,0.0,0.0,0.0,0.0,0.0,0.0,0.0,0.08275862068965519,4.020689655172415,14.800000000000002,9.855172413793104,1.2413793103448278,4.184349665139232,2.914392779805925,nan,nan,nan,4.066713483146067,2.8529826472174387,4.302901627742392,2.970289076808227,1.0580783833371035,0.3606,0.02075,0.0,0.0,0.0,0.0,0.0,0.0,0.0,0.0,0.02758620689655173,2.9172413793103456,15.227586206896556,11.006896551724124,0.813793103448276,0.006896551724137933,0.0,0.0,0.0,0.0,0.0,0.0,0.0,0.0,0.0,0.0,0.0,0.0,0.0,0.0,0.0,0.0,nan,nan,4.184349665139232,2.914392779805925,nan,0.3606,0.11865,0.0,0.0,0.0,0.0,6.896551724137931e-05,1.1494252873563218e-05,0.00042528735632183906,0.0014597701149425288,0.0010114942528735632,0.0,0.0008505747126436781,0.001264367816091954,0.0,0.005436781609195402,0.007551724137931035,0.010816091954022989,0.004770114942528735,0.03247126436781609,0.011333333333333334,0.013505747126436781,0.008689655172413793,0.012597701149425287,0.005494252873563218,0.02932183908045977,0.035333333333333335,0.02839080459770115,0.013551724137931034,0.035919540229885055,0.03524137931034483,0.0357816091954023,0.007471264367816092,0.045,0.019701149425287355,0.023632183908045976,0.03659770114942529,0.026528735632183907,0.06832183908045977,0.02147126436781609,0.045942528735632183,0.012862068965517242,0.017448275862068964,0.027413793103448277,0.027022988505747126,0.017885057471264367,0.009908045977011495,0.026011494252873562,0.02696551724137931,0.029770114942528736,0.023908045977011495,0.039310344827586205,0.018080459770114944,0.005885057471264368,0.007758620689655172,0.012264367816091954,0.002425287356321839,0.01911494252873563,0.002988505747126437,0.010666666666666666,0.0020344827586206895,0.0005747126436781609,0.0023448275862068967,0.0013448275862068967,0.009022988505747126,0.0015172413793103448,2.2988505747126437e-05,0.00471264367816092,0.0003448275862068965,0.0,0.003908045977011494,0.008850574712643678,0.0005287356321839081,0.0006781609195402299,0.0,0.0004597701149425287,0.0,0.0,0.0,0.0,0.0,0.0,0.0,0.0,0.0,0.0,0.0,0.0,0.0,0.0,0.0,0.0,0.0,0.0,0.0,0.0,0.0,0.0,0.0,0.0,0.0,0.0,0.0,nan,nan,4.184349665139232,2.914392779805925,nan,0.9259002288976614,0.023295039212397305,0.0,0.0,0.0,0.0,0.0,0.0,0.0,0.0,0.0,0.0,0.0,0.0,0.0,0.0,0.0,0.0,0.0,0.0,0.0,0.0,0.0,0.0,0.0,0.0,0.0,0.1172893136403128,3.9226759339704613,14.517810599478718,10.112945264986969,1.3292788879235449,0.9251078853558283,0.022802389071408143,0.0,0.0,0.0,0.0,0.0,0.0,0.0,0.0,0.0,0.0,0.0,0.0,0.0,0.0,0.0,0.0,0.0,0.0,0.0,0.0,0.0,0.0,0.0,0.0,0.0,0.04394531250000001,4.130859375000001,15.117187500000004,9.565429687500002,1.1425781250000002,0.361,0.02094,0.0,0.0,0.0,0.0,0.0,0.0,0.0,0.0,0.013032145960034755,2.880104257167681,15.078192875760212,11.116420503909628,0.8992180712423982,0.013032145960034755,0.0,0.0,0.0,0.0,0.0,0.0,0.0,0.0,0.0,0.0,0.0,0.0,0.0,0.0,0.0,0.0,0.36,0.02054,0.0,0.0,0.0,0.0,0.0,0.0,0.0,0.0,0.04394531250000001,2.9589843750000004,15.395507812500004,10.883789062499984,0.7177734375000001,0.0,0.0,0.0,0.0,0.0,0.0,0.0,0.0,0.0,0.0,0.0,0.0,0.0,0.0,0.0,0.0,0.0
84300,4650,2424,0.5212903225806451,1171,953,0.4567741935483871,1305,0.5612903225806452,0.40599999999999997,2.954627133872417,3.0855150490532393,6.608766233766234,2.109314786235395,9330.56199973873,1415.983748718415,7853.0,10747.854953289032,10687.432053954246,16.982672105465486,7853.0,0.0,27.791612903225808,20.644450804306867,32.71944657955419,18.86802876171653,0.14129032258064517,0.10172043010752688,0.08494623655913978,0.08688172043010753,0.08623655913978495,0.07161290322580645,0.07139784946236559,0.07139784946236559,0.052258064516129035,0.053978494623655913,0.05096774193548387,0.0389247311827957,0.03139784946236559,0.024516129032258065,0.014838709677419355,0.012258064516129033,0.005376344086021506,0.9255398726976046,0.022943583001347672,0.0,0.0,0.0,0.0,0.0,0.0,0.0,0.0,0.0,0.0,0.0,0.0,0.0,0.0,0.0,0.0,0.0,0.0,0.0,0.0,0.0,0.0,0.0,0.0,0.0,0.18064516129032263,3.6709677419354847,15.200000000000003,9.812903225806453,1.1354838709677422,4.251824817518248,2.9090313665446605,nan,nan,nan,4.174262734584451,2.9019605660106746,4.3278580814717476,2.9139429664841083,1.0367958024335013,0.3606,0.0211,0.0,0.0,0.0,0.0,0.0,0.0,0.0,0.0,0.045161290322580656,3.0129032258064523,15.1741935483871,10.993548387096759,0.774193548387097,0.0,0.0,0.0,0.0,0.0,0.0,0.0,0.0,0.0,0.0,0.0,0.0,0.0,0.0,0.0,0.0,0.0,nan,nan,4.251824817518248,2.9090313665446605,nan,0.3606,0.119,0.0,0.0,0.0,0.0,0.00020430107526881721,0.0,0.00029032258064516127,0.0019462365591397849,0.0009354838709677419,1.075268817204301e-05,0.0005268817204301075,0.0017634408602150537,8.602150537634408e-05,0.00510752688172043,0.007989247311827957,0.01121505376344086,0.004473118279569892,0.032870967741935486,0.012451612903225806,0.013,0.008161290322580644,0.012075268817204301,0.004698924731182796,0.027698924731182795,0.03781720430107527,0.028376344086021504,0.012010752688172043,0.0339247311827957,0.03575268817204301,0.0386236559139785,0.00664516129032258,0.04401075268817204,0.020053763440860215,0.023903225806451614,0.03726881720430107,0.027591397849462365,0.06591397849462366,0.022258064516129033,0.04574193548387097,0.011505376344086021,0.01664516129032258,0.028505376344086022,0.029440860215053762,0.018763440860215055,0.010021505376344086,0.02882795698924731,0.027064516129032257,0.029333333333333333,0.02117204301075269,0.038655913978494626,0.01767741935483871,0.00521505376344086,0.007354838709677419,0.013032258064516128,0.0031397849462365592,0.015838709677419356,0.003096774193548387,0.010698924731182795,0.0024301075268817205,0.0004838709677419355,0.0026559139784946236,0.0013440860215053765,0.009817204301075268,0.0016666666666666668,0.0,0.0049354838709677416,0.000967741935483871,0.0,0.004010752688172043,0.008688172043010752,0.0003440860215053763,0.0007634408602150538,0.0,0.0005053763440860215,0.0,0.0,0.0,0.0,0.0,0.0,0.0,0.0,0.0,0.0,0.0,0.0,0.0,0.0,0.0,0.0,0.0,0.0,0.0,0.0,0.0,0.0,0.0,0.0,0.0,0.0,0.0,nan,nan,4.251824817518248,2.9090313665446605,nan,0.9251961030139781,0.02282667335898225,0.0,0.0,0.0,0.0,0.0,0.0,0.0,0.0,0.0,0.0,0.0,0.0,0.0,0.0,0.0,0.0,0.0,0.0,0.0,0.0,0.0,0.0,0.0,0.0,0.0,0.16089108910891095,3.6881188118811887,15.55693069306931,9.480198019801982,1.113861386138614,0.9259142202776183,0.023064390808023433,0.0,0.0,0.0,0.0,0.0,0.0,0.0,0.0,0.0,0.0,0.0,0.0,0.0,0.0,0.0,0.0,0.0,0.0,0.0,0.0,0.0,0.0,0.0,0.0,0.0,0.20215633423180598,3.6522911051212947,14.811320754716984,10.175202156334233,1.1590296495956875,0.3608,0.02072,0.0,0.0,0.0,0.0,0.0,0.0,0.0,0.0,0.037128712871287134,2.8589108910891095,15.34653465346535,11.064356435643548,0.6930693069306932,0.0,0.0,0.0,0.0,0.0,0.0,0.0,0.0,0.0,0.0,0.0,0.0,0.0,0.0,0.0,0.0,0.0,0.36,0.0215,0.0,0.0,0.0,0.0,0.0,0.0,0.0,0.0,0.05390835579514826,3.1805929919137474,14.986522911051216,10.916442048517505,0.8625336927223721,0.0,0.0,0.0,0.0,0.0,0.0,0.0,0.0,0.0,0.0,0.0,0.0,0.0,0.0,0.0,0.0,0.0
84400,4690,2339,0.49872068230277183,1114,975,0.44541577825159917,1362,0.5808102345415779,0.39399999999999996,2.959166312207571,3.0344736958477614,6.376770538243626,2.0447469616431766,9266.829241472013,1417.5020080961358,7853.0,10742.206451654434,10687.911989099503,16.96868713236163,7853.0,0.0,28.69594882729211,21.255519403749723,33.71439432336543,19.431864160568793,0.13582089552238805,0.0976545842217484,0.09445628997867804,0.08081023454157782,0.07697228144989339,0.07313432835820896,0.07249466950959488,0.059914712153518124,0.05884861407249467,0.05628997867803838,0.049466950959488276,0.04051172707889126,0.036886993603411515,0.027292110874200425,0.01769722814498934,0.013219616204690832,0.008528784648187633,0.925859847518681,0.023103536485428,0.0,0.0,0.0,0.0,0.0,0.0,0.0,0.0,0.0,0.0,0.0,0.0,0.0,0.0,0.0,0.0,0.0,0.0,0.0,0.0,0.0,0.0,0.0,0.0,0.0063965884861407266,0.13432835820895525,3.7292110874200435,15.038379530916847,9.86993603411514,1.2217484008528787,4.259740259740259,2.7977384066912436,nan,nan,nan,4.203246753246753,2.796958432222468,4.316233766233767,2.7973775005204935,1.026880889850147,0.3608,0.02126,0.0,0.0,0.0,0.0,0.0,0.0,0.0,0.0,0.05117270788912581,2.9104477611940305,14.993603411513863,11.104477611940283,0.9402985074626867,0.0,0.0,0.0,0.0,0.0,0.0,0.0,0.0,0.0,0.0,0.0,0.0,0.0,0.0,0.0,0.0,0.0,nan,nan,4.259740259740259,2.7977384066912436,nan,0.3608,0.1187,0.0,0.0,0.0,0.0,0.0002025586353944563,0.0,0.0004051172707889126,0.0015031982942430703,0.0007569296375266525,0.0,0.000650319829424307,0.0019936034115138595,8.528784648187633e-05,0.005405117270788912,0.008390191897654584,0.011801705756929638,0.004594882729211087,0.030543710021321963,0.012334754797441365,0.012473347547974413,0.008837953091684435,0.012590618336886994,0.005138592750533049,0.0297228144989339,0.03732409381663113,0.0261727078891258,0.011268656716417911,0.033837953091684435,0.035053304904051175,0.039466950959488274,0.006599147121535181,0.043059701492537315,0.01986140724946695,0.02584221748400853,0.03291044776119403,0.029498933901918975,0.06609808102345416,0.020533049040511727,0.04485074626865672,0.010298507462686568,0.015522388059701492,0.029093816631130063,0.032782515991471216,0.021556503198294243,0.01140724946695096,0.02777185501066098,0.027590618336886995,0.03072494669509595,0.021471215351812366,0.041300639658848615,0.017025586353944563,0.004658848614072494,0.0073880597014925374,0.01150319829424307,0.003656716417910448,0.014946695095948826,0.002974413646055437,0.010074626865671642,0.002537313432835821,0.00028784648187633264,0.002238805970149254,0.001556503198294243,0.009808102345415778,0.0020149253731343284,0.0,0.004722814498933902,0.0008848614072494669,3.1982942430703626e-05,0.003742004264392324,0.009008528784648188,0.00035181236673773985,0.0006823027718550107,0.0,0.0005756929637526653,0.0,0.0,0.0,0.0,0.0,0.0,0.0,0.0,0.0,0.0,0.0,0.0,0.0,0.0,0.0,0.0,0.0,0.0,0.0,0.0,0.0,0.0,0.0,0.0,0.0,0.0,0.0,nan,nan,4.259740259740259,2.7977384066912436,nan,0.9262782443329125,0.0229506078238235,0.0,0.0,0.0,0.0,0.0,0.0,0.0,0.0,0.0,0.0,0.0,0.0,0.0,0.0,0.0,0.0,0.0,0.0,0.0,0.0,0.0,0.0,0.0,0.0,0.0,0.1282599401453613,3.681060282171869,14.929457032920054,10.106883283454469,1.1543394613082516,0.9254435862900602,0.023247215146134356,0.0,0.0,0.0,0.0,0.0,0.0,0.0,0.0,0.0,0.0,0.0,0.0,0.0,0.0,0.0,0.0,0.0,0.0,0.0,0.0,0.0,0.0,0.0,0.0,0.012760527435133989,0.14036580178647387,3.7771161207996604,15.146746065504043,9.63419821352616,1.2888132709485327,0.3606,0.02103,0.0,0.0,0.0,0.0,0.0,0.0,0.0,0.0,0.03847798204360839,2.962804617357846,15.250106883283458,10.863616930312084,0.8849935870029929,0.0,0.0,0.0,0.0,0.0,0.0,0.0,0.0,0.0,0.0,0.0,0.0,0.0,0.0,0.0,0.0,0.0,0.3613,0.02148,0.0,0.0,0.0,0.0,0.0,0.0,0.0,0.0,0.06380263717566995,2.8583581454700133,14.738409187579757,11.344108889834096,0.995321139940451,0.0,0.0,0.0,0.0,0.0,0.0,0.0,0.0,0.0,0.0,0.0,0.0,0.0,0.0,0.0,0.0,0.0
84500,4693,2414,0.5143831238014064,1098,991,0.44513104623907945,1349,0.5748987854251012,0.39799999999999996,2.9306713470820536,3.064828724211028,6.583881578947368,2.078920693324868,9311.016793944067,1416.718291198143,7853.0,10747.192321419716,10687.495780438901,17.704761025902286,7853.0,0.0,27.477945876837843,20.689226696506466,32.495536852843664,18.93810757075184,0.14447048796079268,0.10505007457916045,0.09375665885361176,0.08757724270189644,0.07607074366077136,0.07031749414020882,0.06754741103771575,0.06584274451310462,0.05881099509908374,0.05412316215640316,0.050713829107180905,0.04155124653739612,0.02919241423396548,0.024291497975708502,0.015555082037076498,0.009801832516513957,0.005327082889409759,0.9252477794498263,0.023250329835967743,0.0,0.0,0.0,0.0,0.0,0.0,0.0,0.0,0.0,0.0,0.0,0.0,0.0,0.0,0.0,0.0,0.0,0.0,0.0,0.0,0.0,0.0,0.0,0.0,0.0,0.19177498401875137,3.848284679309611,14.964841252929899,9.882804176432987,1.112294907308758,4.333221476510067,2.832227706799529,nan,nan,nan,4.319471947194719,2.824150396798034,4.3474402730375425,2.840486534902976,1.0064749409614726,0.3613,0.0208,0.0,0.0,0.0,0.0,0.0,0.0,0.0,0.0,0.019177498401875135,2.672064777327936,15.329213722565527,10.93117408906881,1.041977413168549,0.0063924994672917125,0.0,0.0,0.0,0.0,0.0,0.0,0.0,0.0,0.0,0.0,0.0,0.0,0.0,0.0,0.0,0.0,nan,nan,4.333221476510067,2.832227706799529,nan,0.3613,0.1187,0.0,0.0,0.0,0.0,0.00013850415512465375,2.1308331557639037e-05,0.0004155124653739612,0.0015022373748135522,0.0004900916258256978,1.0654165778819519e-05,0.0006605582782868102,0.002343916471340294,0.0002450458129128489,0.005699978691668443,0.00820370764969103,0.012326869806094183,0.0044214787982101,0.032612401448966544,0.011314724057106328,0.012529298955891754,0.009077349243554229,0.010430428297464309,0.00420839548263371,0.029469422544214786,0.03754528020455998,0.025697847858512677,0.011176219901981675,0.03407202216066482,0.03462603878116344,0.04034732580438952,0.006115491157042403,0.04088003409333049,0.02038141913488174,0.02583635201363733,0.03135520988706584,0.028670360110803324,0.06717451523545706,0.02011506499041125,0.04540805454932879,0.00994033667163861,0.016077136160238654,0.031088855742595355,0.032015768165352655,0.0211804815682932,0.011538461538461539,0.02803111016407415,0.027104197741316855,0.03334753888770509,0.021585339867888343,0.04405497549541871,0.01621564031536331,0.004623907948007671,0.0071382910718090775,0.009588749200937566,0.0038354996803750267,0.014937140421904966,0.002834008097165992,0.011442574046452162,0.002130833155763904,0.0002556999786916684,0.0021627956531003623,0.0017046665246111229,0.010483699126358405,0.0019816748348604305,0.0,0.005252503728958023,0.0011613040698913275,9.588749200937566e-05,0.003696995525250373,0.007468570210952483,0.0003409333049222246,0.0006072874493927126,0.0,0.000554016620498615,0.0,0.0,0.0,0.0,0.0,0.0,0.0,0.0,0.0,0.0,0.0,0.0,0.0,0.0,0.0,0.0,0.0,0.0,0.0,0.0,0.0,0.0,0.0,0.0,0.0,0.0,0.0,nan,nan,4.333221476510067,2.832227706799529,nan,0.9248399615732223,0.023652635228073232,0.0,0.0,0.0,0.0,0.0,0.0,0.0,0.0,0.0,0.0,0.0,0.0,0.0,0.0,0.0,0.0,0.0,0.0,0.0,0.0,0.0,0.0,0.0,0.0,0.0,0.2734051367025684,3.87738193869097,15.086992543496274,9.544324772162387,1.2178956089478046,0.9256797550330302,0.022808507165126415,0.0,0.0,0.0,0.0,0.0,0.0,0.0,0.0,0.0,0.0,0.0,0.0,0.0,0.0,0.0,0.0,0.0,0.0,0.0,0.0,0.0,0.0,0.0,0.0,0.0,0.10530934620447567,3.817463799912243,14.83545414655551,10.241333918385259,1.0004387889425188,0.3613,0.02109,0.0,0.0,0.0,0.0,0.0,0.0,0.0,0.0,0.037282518641259324,2.7713338856669436,15.372825186412596,10.799502899751435,1.0066280033140018,0.01242750621375311,0.0,0.0,0.0,0.0,0.0,0.0,0.0,0.0,0.0,0.0,0.0,0.0,0.0,0.0,0.0,0.0,0.3616,0.0205,0.0,0.0,0.0,0.0,0.0,0.0,0.0,0.0,0.0,2.566915313734094,15.28301886792453,11.070645019745486,1.0794207985958755,0.0,0.0,0.0,0.0,0.0,0.0,0.0,0.0,0.0,0.0,0.0,0.0,0.0,0.0,0.0,0.0,0.0
84600,4456,2301,0.5163824057450629,1082,918,0.4488330341113106,1265,0.5677737881508079,0.41,2.948491879350348,3.0774445208543364,6.486754966887418,2.0679252006112336,9316.495258783845,1416.357172192617,7853.0,10746.936838150024,10687.130757557936,16.99149582293267,7853.0,0.0,28.024461400359066,21.020253621736316,32.97863818424566,19.270516721169287,0.14228007181328545,0.09672351885098743,0.08976660682226212,0.09178635547576301,0.08415619389587074,0.06889587073608618,0.07091561938958707,0.06306104129263913,0.05745062836624776,0.057001795332136444,0.039946140035906644,0.0381508078994614,0.036355475763016155,0.02378815080789946,0.0190754039497307,0.013240574506283662,0.007405745062836625,0.9237647015113163,0.02335371850959739,0.0,0.0,0.0,0.0,0.0,0.0,0.0,0.0,0.0,0.0,0.0,0.0,0.0,0.0,0.0,0.0,0.0,0.0,0.0,0.0,0.0,0.0,0.0,0.0,0.0,0.20870736086175948,4.308797127468583,15.228904847396771,9.156193895870738,1.0973967684021546,4.2648385977091285,2.871959744981732,nan,nan,nan,4.353388658367911,2.840676968627842,4.175609756097561,2.9004080382725888,0.9591630988589473,0.3616,0.02094,0.0,0.0,0.0,0.0,0.0,0.0,0.0,0.0,0.04712746858168763,2.6458707360861764,14.86535008976661,11.398114901256717,1.0233393177737884,0.02019748653500898,0.0,0.0,0.0,0.0,0.0,0.0,0.0,0.0,0.0,0.0,0.0,0.0,0.0,0.0,0.0,0.0,nan,nan,4.2648385977091285,2.871959744981732,nan,0.3616,0.11786,0.0,0.0,0.0,0.0,0.00021319569120287253,0.0,0.0004712746858168761,0.0015035906642728906,0.0004712746858168761,0.0,0.0006508078994614003,0.002053411131059246,0.00013464991023339317,0.005184021543985637,0.00843806104129264,0.011535008976660682,0.003859964093357271,0.03516606822262119,0.010525134649910233,0.012230700179533214,0.008898114901256733,0.009380610412926392,0.0037701974865350088,0.031193895870736087,0.037410233393177734,0.025807899461400358,0.01209605026929982,0.03291068222621185,0.03242818671454219,0.038532315978456015,0.0062836624775583485,0.04168536804308797,0.020590215439856372,0.025785457809694795,0.03043087971274686,0.029858617594254937,0.06496858168761221,0.021196140035906644,0.046487881508079,0.010053859964093357,0.017066876122082585,0.03015035906642729,0.031149012567324955,0.022666068222621186,0.01355475763016158,0.029230251346499102,0.028702872531418313,0.03175493716337523,0.022991472172351885,0.04454667863554758,0.016707809694793536,0.005172800718132854,0.006620287253141831,0.009795780969479353,0.0035121184919210055,0.014441202872531419,0.0023563734290843806,0.010581238779174147,0.00243491921005386,0.00016831238779174148,0.0018177737881508078,0.0015148114901256731,0.011030071813285457,0.00223294434470377,4.488330341113106e-05,0.00486983842010772,0.000953770197486535,5.6104129263913826e-05,0.0033662477558348293,0.006945691202872532,0.00026929982046678633,0.0005947037701974865,0.0,0.0004937163375224417,0.0,0.0,0.0,0.0,0.0,0.0,0.0,0.0,0.0,0.0,0.0,0.0,0.0,0.0,0.0,0.0,0.0,0.0,0.0,0.0,0.0,0.0,0.0,0.0,0.0,0.0,0.0,nan,nan,4.2648385977091285,2.871959744981732,nan,0.923654410125172,0.023544831520389595,0.0,0.0,0.0,0.0,0.0,0.0,0.0,0.0,0.0,0.0,0.0,0.0,0.0,0.0,0.0,0.0,0.0,0.0,0.0,0.0,0.0,0.0,0.0,0.0,0.0,0.2477183833116037,4.341590612777054,15.05867014341591,9.361147327249023,0.9908735332464148,0.9238824650748977,0.023147335823436362,0.0,0.0,0.0,0.0,0.0,0.0,0.0,0.0,0.0,0.0,0.0,0.0,0.0,0.0,0.0,0.0,0.0,0.0,0.0,0.0,0.0,0.0,0.0,0.0,0.0,0.16705336426914155,4.273781902552205,15.41067285382831,8.937354988399074,1.2111368909512763,0.3618,0.02077,0.0,0.0,0.0,0.0,0.0,0.0,0.0,0.0,0.03911342894393743,2.58148631029987,14.810951760104306,11.5514993481095,0.9908735332464148,0.026075619295958283,0.0,0.0,0.0,0.0,0.0,0.0,0.0,0.0,0.0,0.0,0.0,0.0,0.0,0.0,0.0,0.0,0.3616,0.02109,0.0,0.0,0.0,0.0,0.0,0.0,0.0,0.0,0.05568445475638052,2.7146171693735504,14.92343387470998,11.23433874709975,1.05800464037123,0.01392111368909513,0.0,0.0,0.0,0.0,0.0,0.0,0.0,0.0,0.0,0.0,0.0,0.0,0.0,0.0,0.0,0.0
84700,4462,2352,0.5271178843567906,1061,904,0.4403854773644106,1238,0.5549081129538324,0.422,3.076303317535545,3.1657763485504034,6.771285475792988,2.177309803466927,9347.163456551112,1415.2625651980552,7853.0,10744.746490955353,10687.590707113548,16.90922239178394,7853.0,0.0,27.482070820259974,20.643513603354727,32.38770053475936,18.949297915857027,0.1393993724787091,0.10645450470640969,0.09367996414164052,0.08337068579112505,0.08449125952487674,0.07821604661586733,0.06521739130434782,0.06207978484984312,0.05826983415508741,0.05490811295383236,0.04594352308381892,0.043702375616315556,0.027117884356790675,0.025997310623038995,0.01344688480502017,0.0105333930972658,0.007171671896010758,0.9242607533584417,0.022789567568558555,0.0,0.0,0.0,0.0,0.0,0.0,0.0,0.0,0.0,0.0,0.0,0.0,0.0,0.0,0.0,0.0,0.0,0.0,0.0,0.0,0.0,0.0,0.0,0.0,0.0,0.17480950246526228,4.141640519946213,15.235320484087856,9.627969520394444,0.8202599731062306,4.343827378846834,2.9225227016311877,nan,nan,nan,4.321428571428571,2.915171399714927,4.366690493209435,2.929830770994196,1.0104738331393734,0.361,0.02074,0.0,0.0,0.0,0.0,0.0,0.0,0.0,0.0,0.04034065441506052,2.8978036754818475,14.946212460779922,11.322277005826967,0.7866427610936801,0.0067234424025100865,0.0,0.0,0.0,0.0,0.0,0.0,0.0,0.0,0.0,0.0,0.0,0.0,0.0,0.0,0.0,0.0,nan,nan,4.343827378846834,2.9225227016311877,nan,0.361,0.1175,0.0,0.0,0.0,0.0,0.00010085163603765127,0.0,0.0005602868668758404,0.0012774540564769162,0.0007731958762886598,0.0,0.0004594352308381892,0.0020730614074406096,0.00017929179740026893,0.00449350067234424,0.008303451367099954,0.012539220080681309,0.005535634244733303,0.03601523980277902,0.01000672344240251,0.009905871806364859,0.009300761990138951,0.009099058718063649,0.003272075302554908,0.03118556701030928,0.032530255490811295,0.02784625728372927,0.012124607799193186,0.03589197669206634,0.03350515463917526,0.04160690273419991,0.005726131779471089,0.03975795607350964,0.020977140295831465,0.02792469744509189,0.029717615419094578,0.032877633348274315,0.06402958314657105,0.021974450918870462,0.04338861497086508,0.010454952935903183,0.01798520842671448,0.030244285073957867,0.029011653966831016,0.023341550874047514,0.013536530703720304,0.027588525324966383,0.0275997310623039,0.0302666965486329,0.02325190497534738,0.04583146571044375,0.016069027341999102,0.006443298969072165,0.0062752129090094125,0.00962572837292694,0.003384132675930076,0.014320932317346482,0.0026557597489914836,0.011362617660242044,0.0031264007171671894,0.0001456745853877185,0.001232631107126849,0.0018041237113402063,0.010555804571940833,0.0027341999103541012,0.00010085163603765127,0.004616763783056925,0.0007956073509636934,7.844016136261766e-05,0.0034849843119677277,0.005647691618108471,0.00017929179740026893,0.0011429852084267145,3.3617212012550426e-05,0.00011205737337516809,0.0,0.0,0.0,0.0,0.0,0.0,0.0,0.0,0.0,0.0,0.0,0.0,0.0,0.0,0.0,0.0,0.0,0.0,0.0,0.0,0.0,0.0,0.0,0.0,0.0,0.0,0.0,nan,nan,4.343827378846834,2.9225227016311877,nan,0.9246372835469895,0.02323309112773265,0.0,0.0,0.0,0.0,0.0,0.0,0.0,0.0,0.0,0.0,0.0,0.0,0.0,0.0,0.0,0.0,0.0,0.0,0.0,0.0,0.0,0.0,0.0,0.0,0.0,0.20408163265306128,4.043367346938776,15.025510204081636,9.83418367346939,0.892857142857143,0.923841038190923,0.022277274363791445,0.0,0.0,0.0,0.0,0.0,0.0,0.0,0.0,0.0,0.0,0.0,0.0,0.0,0.0,0.0,0.0,0.0,0.0,0.0,0.0,0.0,0.0,0.0,0.0,0.0,0.14218009478672988,4.251184834123223,15.469194312796212,9.398104265402845,0.7393364928909955,0.3616,0.0204,0.0,0.0,0.0,0.0,0.0,0.0,0.0,0.0,0.02551020408163266,2.602040816326531,15.038265306122453,11.517857142857126,0.8035714285714287,0.01275510204081633,0.0,0.0,0.0,0.0,0.0,0.0,0.0,0.0,0.0,0.0,0.0,0.0,0.0,0.0,0.0,0.0,0.3606,0.0211,0.0,0.0,0.0,0.0,0.0,0.0,0.0,0.0,0.056872037914691954,3.227488151658769,14.8436018957346,11.104265402843586,0.7677725118483415,0.0,0.0,0.0,0.0,0.0,0.0,0.0,0.0,0.0,0.0,0.0,0.0,0.0,0.0,0.0,0.0,0.0
84800,4299,2246,0.5224470807164456,1080,873,0.4542916957431961,1198,0.557338916026983,0.418,3.0287384315635655,3.1549761553669655,6.6843910806174955,2.193835101102527,9334.077967673269,1416.0693901960615,7853.0,10752.60561466217,10687.88610108076,17.341761322170605,7853.0,0.0,27.821121190974644,20.599660124725663,32.82833333333333,18.759367363770263,0.141428239125378,0.09699930216329379,0.08699697604093976,0.09444056757385438,0.07792509886020005,0.07420330309374273,0.07001628285647825,0.06443358920679228,0.06466620144219586,0.05792044661549198,0.04419632472668062,0.037217957664573156,0.03047220283786927,0.02814608048383345,0.015817632007443592,0.008839264945336125,0.00628053035589672,0.9255106239214584,0.023393624472629538,0.0,0.0,0.0,0.0,0.0,0.0,0.0,0.0,0.0,0.0,0.0,0.0,0.0,0.0,0.0,0.0,0.0,0.0,0.0,0.0,0.0,0.0,0.0,0.0,0.0,0.21632937892533152,3.8799720865317524,14.822051639916262,9.909281228192604,1.1723656664340547,4.248740100791936,2.931981529831267,nan,nan,nan,4.256688358640636,2.9100612900745393,4.243185078909613,2.9533144401483145,0.9968277499799549,0.3613,0.02072,0.0,0.0,0.0,0.0,0.0,0.0,0.0,0.0,0.027913468248429874,2.8611304954640624,15.101186322400562,11.130495464061394,0.879274249825541,0.0,0.0,0.0,0.0,0.0,0.0,0.0,0.0,0.0,0.0,0.0,0.0,0.0,0.0,0.0,0.0,0.0,nan,nan,4.248740100791936,2.931981529831267,nan,0.3613,0.1172,0.0,0.0,0.0,0.0,6.978367062107467e-05,0.0,0.0005466387531984182,0.0012444754594091649,0.0009537101651546871,0.0,0.0003489183531053733,0.0024773203070481507,0.00023261223540358222,0.0038264712723889275,0.008990462898348452,0.01058385671086299,0.004815073272854152,0.0353570597813445,0.008653175157013259,0.010711793440334962,0.009781344498720633,0.00915329146313096,0.0033728774133519423,0.03319376599209119,0.031716678297278436,0.02987904163759014,0.013247266806234007,0.03283321702721563,0.03629913933472901,0.040916492207490114,0.005396603861363107,0.041125843219353336,0.02079553384508025,0.02697138869504536,0.029902302861130495,0.03075133752035357,0.06402651779483601,0.023121656199116075,0.043765992091183994,0.011444521981856245,0.01832984414980228,0.030786229355664108,0.02827401721330542,0.022540125610607118,0.012084205629216097,0.027308676436380554,0.027297045824610375,0.0311235170969993,0.02134217259827867,0.046778320539660384,0.016910909513840427,0.006431728308909049,0.00732728541521284,0.009351011863224006,0.00301232844847639,0.014759246336357293,0.002709932542451733,0.010886252616887648,0.0034891835310537334,0.00045359385903698534,0.0011979530123284485,0.0013956734124214933,0.011025819958129797,0.002733193765992091,1.1630611770179112e-05,0.005001163061177018,0.0008257734356827169,9.30448941614329e-05,0.003326354966271226,0.0055129099790648985,0.000209351011863224,0.0009537101651546871,0.0,1.1630611770179112e-05,0.0,0.0,0.0,0.0,0.0,0.0,0.0,0.0,0.0,0.0,0.0,0.0,0.0,0.0,0.0,0.0,0.0,0.0,0.0,0.0,0.0,0.0,0.0,0.0,0.0,0.0,0.0,nan,nan,4.248740100791936,2.931981529831267,nan,0.9253474638755048,0.023304357674530072,0.0,0.0,0.0,0.0,0.0,0.0,0.0,0.0,0.0,0.0,0.0,0.0,0.0,0.0,0.0,0.0,0.0,0.0,0.0,0.0,0.0,0.0,0.0,0.0,0.0,0.17364203027604636,3.8869100623330373,14.75957257346394,10.071237756010687,1.1086375779162958,0.9256891224422631,0.02348959647947612,0.0,0.0,0.0,0.0,0.0,0.0,0.0,0.0,0.0,0.0,0.0,0.0,0.0,0.0,0.0,0.0,0.0,0.0,0.0,0.0,0.0,0.0,0.0,0.0,0.0,0.2630297126156844,3.8723818801753542,14.890404286410135,9.732099366780323,1.2420847540185098,0.3613,0.02042,0.0,0.0,0.0,0.0,0.0,0.0,0.0,0.0,0.013357079252003565,2.724844167408727,15.267141585040074,11.04630454140693,0.9483526268922531,0.0,0.0,0.0,0.0,0.0,0.0,0.0,0.0,0.0,0.0,0.0,0.0,0.0,0.0,0.0,0.0,0.0,0.3613,0.02106,0.0,0.0,0.0,0.0,0.0,0.0,0.0,0.0,0.0438382854359474,3.0102289332683885,14.9196298100341,11.222601071602517,0.8037018996590358,0.0,0.0,0.0,0.0,0.0,0.0,0.0,0.0,0.0,0.0,0.0,0.0,0.0,0.0,0.0,0.0,0.0
84900,4310,2252,0.5225058004640372,1054,869,0.44617169373549886,1189,0.5517401392111368,0.422,3.045189504373178,3.1309916225336267,6.775652173913043,2.056615679442821,9334.194322658996,1416.0165081673845,7853.0,10749.553321003914,10687.790200115574,17.728452312160083,7853.0,0.0,27.77262180974478,20.782930537121093,32.79129711751663,18.993360424747372,0.14408352668213456,0.09651972157772622,0.09211136890951276,0.08677494199535962,0.08120649651972157,0.07470997679814385,0.07099767981438515,0.07030162412993039,0.05522041763341067,0.05081206496519722,0.04640371229698376,0.04013921113689095,0.032250580046403715,0.025522041763341066,0.014849187935034803,0.010208816705336427,0.00788863109048724,0.9254945553925641,0.022864542828363588,0.0,0.0,0.0,0.0,0.0,0.0,0.0,0.0,0.0,0.0,0.0,0.0,0.0,0.0,0.0,0.0,0.0,0.0,0.0,0.0,0.0,0.0,0.0,0.0,0.0,0.11832946635730861,4.00232018561485,14.874709976798147,9.904872389791185,1.0997679814385153,4.2526239594643505,2.898554338849593,nan,nan,nan,4.157018813314037,2.900537267152586,4.348298334540188,2.893407886389529,1.0460136289529227,0.3604,0.02179,0.0,0.0,0.0,0.0,0.0,0.0,0.0,0.0,0.06960556844547565,3.3271461716937365,14.92343387470998,10.705336426914139,0.9675174013921116,0.006960556844547565,0.0,0.0,0.0,0.0,0.0,0.0,0.0,0.0,0.0,0.0,0.0,0.0,0.0,0.0,0.0,0.0,nan,nan,4.2526239594643505,2.898554338849593,nan,0.3604,0.11755,0.0,0.0,0.0,0.0,0.0,0.0,0.0005220417633410673,0.00154292343387471,0.0007656612529002321,2.320185614849188e-05,0.000580046403712297,0.00271461716937355,0.0005104408352668213,0.004350348027842227,0.008561484918793504,0.010417633410672854,0.003805104408352668,0.03857308584686775,0.008990719257540603,0.010951276102088167,0.011948955916473318,0.008851508120649653,0.0029814385150812063,0.031960556844547565,0.032587006960556844,0.030487238979118328,0.013654292343387471,0.030359628770301624,0.036264501160092805,0.040870069605568445,0.00611368909512761,0.03830626450116009,0.01943155452436195,0.025394431554524362,0.03383990719257541,0.02906032482598608,0.06661252900232019,0.0221461716937355,0.04168213457076566,0.009930394431554525,0.018445475638051045,0.03403712296983759,0.02839907192575406,0.024071925754060326,0.013167053364269142,0.027795823665893272,0.027830626450116008,0.030324825986078885,0.020986078886310905,0.043979118329466355,0.015812064965197214,0.007262180974477958,0.007041763341067285,0.009709976798143852,0.0024593967517401393,0.014918793503480278,0.0028190255220417633,0.009849187935034804,0.0027726218097447798,0.00039443155452436197,0.0017517401392111369,0.0012993039443155452,0.011786542923433875,0.002563805104408353,2.320185614849188e-05,0.004918793503480279,0.0007192575406032483,0.00019721577726218098,0.0031438515081206497,0.005220417633410673,0.0005336426914153132,0.0009744779582366589,0.0,0.0,0.0,0.0,0.0,0.0,0.0,0.0,0.0,0.0,0.0,0.0,0.0,0.0,0.0,0.0,0.0,0.0,0.0,0.0,0.0,0.0,0.0,0.0,0.0,0.0,0.0,0.0,0.0,nan,nan,4.2526239594643505,2.898554338849593,nan,0.9259455030119017,0.02331037685833043,0.0,0.0,0.0,0.0,0.0,0.0,0.0,0.0,0.0,0.0,0.0,0.0,0.0,0.0,0.0,0.0,0.0,0.0,0.0,0.0,0.0,0.0,0.0,0.0,0.0,0.10657193605683839,4.089698046181173,14.533747779751335,10.097690941385437,1.1722912966252221,0.9250010986196057,0.022356080757556678,0.0,0.0,0.0,0.0,0.0,0.0,0.0,0.0,0.0,0.0,0.0,0.0,0.0,0.0,0.0,0.0,0.0,0.0,0.0,0.0,0.0,0.0,0.0,0.0,0.0,0.13119533527696794,3.9067055393586014,15.24781341107872,9.69387755102041,1.0204081632653064,0.3606,0.02177,0.0,0.0,0.0,0.0,0.0,0.0,0.0,0.0,0.07992895204262879,3.3570159857904094,14.746891651865011,10.870337477797497,0.9325044404973359,0.013321492007104798,0.0,0.0,0.0,0.0,0.0,0.0,0.0,0.0,0.0,0.0,0.0,0.0,0.0,0.0,0.0,0.0,0.36,0.02179,0.0,0.0,0.0,0.0,0.0,0.0,0.0,0.0,0.05830903790087465,3.294460641399418,15.116618075801753,10.524781341107856,1.0058309037900877,0.0,0.0,0.0,0.0,0.0,0.0,0.0,0.0,0.0,0.0,0.0,0.0,0.0,0.0,0.0,0.0,0.0
85000,4221,2173,0.5148069177919924,1015,886,0.45036721156124143,1194,0.5657427149964463,0.422,2.91943359375,3.096881822565072,6.6231884057971016,2.242387762530543,9312.33149782681,1416.7938464749284,7853.0,10749.921174645424,10687.716176864687,17.77314722411522,7853.0,0.0,27.75929874437337,20.73431306645826,32.62338028169014,19.019541170074913,0.1390665719023928,0.0990286661928453,0.09547500592276711,0.08813077469793888,0.08054963278843875,0.08220800758114191,0.0656242596541104,0.05946458185264156,0.06135986733001658,0.04927742241175077,0.04738213693437574,0.04359156597962568,0.029613835583984838,0.022743425728500355,0.020848140251125327,0.010187159440890783,0.00544894574745321,0.9257332503979196,0.02316969092838424,0.0,0.0,0.0,0.0,0.0,0.0,0.0,0.0,0.0,0.0,0.0,0.0,0.0,0.0,0.0,0.0,0.0,0.0,0.0,0.0,0.0,0.0,0.0,0.0,0.0,0.1492537313432836,3.8450604122245924,14.797441364605547,10.12082444918266,1.0874200426439236,4.209908256880734,2.8881238935701363,nan,nan,nan,4.265068990559187,2.9377776070182158,4.153560830860534,2.8353968771668248,0.9738554851174791,0.3608,0.02176,0.0,0.0,0.0,0.0,0.0,0.0,0.0,0.0,0.06396588486140727,3.2054015636105198,14.868514570007111,10.817341862117965,1.037668798862829,0.007107320540156363,0.0,0.0,0.0,0.0,0.0,0.0,0.0,0.0,0.0,0.0,0.0,0.0,0.0,0.0,0.0,0.0,nan,nan,4.209908256880734,2.8881238935701363,nan,0.3608,0.1184,0.0,0.0,0.0,1.1845534233593935e-05,0.0,0.0,0.000734423122482824,0.0015873015873015873,0.000734423122482824,0.0,0.0006278133143804785,0.002878464818763326,0.0006870409855484483,0.00394456289978678,0.007865434731106373,0.012106135986733001,0.004607912816868041,0.038486140724946695,0.008386638237384506,0.010471452262497039,0.01195214404169628,0.008753849798625918,0.002594171997157072,0.030845771144278607,0.03650793650793651,0.02865434731106373,0.014048803601042407,0.03153281212982705,0.033404406538734895,0.038486140724946695,0.00695332859511964,0.037562189054726365,0.020338782279080786,0.02347784885098318,0.032800284292821606,0.03054963278843876,0.06903577351338545,0.02154702677090737,0.041672589433783463,0.009263207770670457,0.018348732527837006,0.03236199952617863,0.02760009476427387,0.024982231698649607,0.01372897417673537,0.02765932243544184,0.028547737502961384,0.03097607202084814,0.021961620469083155,0.04228855721393035,0.016808813077469793,0.008220800758114192,0.006396588486140725,0.009973939824686093,0.002215114901682066,0.01363420990286662,0.0030324567638000473,0.010033167495854063,0.0026770907367922292,0.000367211561241412,0.0018715944089078417,0.0014096185737976783,0.012106135986733001,0.002771855010660981,1.1845534233593935e-05,0.004856669035773514,0.001077943615257048,0.00021321961620469082,0.002700781805259417,0.00611229566453447,0.0008291873963515755,0.0010660980810234541,0.0,4.738213693437574e-05,0.0,0.0,0.0,0.0,0.0,0.0,0.0,0.0,0.0,0.0,0.0,0.0,0.0,0.0,0.0,0.0,0.0,0.0,0.0,0.0,0.0,0.0,0.0,0.0,0.0,0.0,0.0,nan,nan,4.209908256880734,2.8881238935701363,nan,0.9255123528477458,0.02280267740677061,0.0,0.0,0.0,0.0,0.0,0.0,0.0,0.0,0.0,0.0,0.0,0.0,0.0,0.0,0.0,0.0,0.0,0.0,0.0,0.0,0.0,0.0,0.0,0.0,0.0,0.1518637827887713,3.7827887712839403,15.172572480441788,9.884951679705479,1.0078232857800278,0.9259676304645836,0.023550587360407785,0.0,0.0,0.0,0.0,0.0,0.0,0.0,0.0,0.0,0.0,0.0,0.0,0.0,0.0,0.0,0.0,0.0,0.0,0.0,0.0,0.0,0.0,0.0,0.0,0.0,0.14648437500000003,3.911132812500001,14.399414062500004,10.371093750000002,1.1718750000000002,0.361,0.02203,0.0,0.0,0.0,0.0,0.0,0.0,0.0,0.0,0.04141739530602854,3.327197422917626,14.78601012425219,10.713299585826032,1.1182696732627706,0.013805798435342848,0.0,0.0,0.0,0.0,0.0,0.0,0.0,0.0,0.0,0.0,0.0,0.0,0.0,0.0,0.0,0.0,0.3608,0.02148,0.0,0.0,0.0,0.0,0.0,0.0,0.0,0.0,0.08789062500000001,3.076171875000001,14.956054687500004,10.927734374999984,0.9521484375000002,0.0,0.0,0.0,0.0,0.0,0.0,0.0,0.0,0.0,0.0,0.0,0.0,0.0,0.0,0.0,0.0,0.0
85100,4221,2197,0.5204927742241175,1041,832,0.4437337123904288,1177,0.5576877517176024,0.422,2.984189723320158,3.1487727447367737,6.681818181818182,2.1998453970990672,9328.115504992204,1415.9035895475472,7853.0,10745.539258480072,10687.07489602735,17.582453304376628,7853.0,0.0,28.096659559346126,20.913323695853094,33.043404735062005,19.138294803335242,0.14072494669509594,0.09618573797678276,0.09357972044539209,0.08765695332859512,0.07912816868040749,0.080075811419095,0.06183368869936034,0.06751954513148543,0.050225065150438286,0.05567401089789149,0.046908315565031986,0.045013030087656954,0.03411513859275053,0.0289031035299692,0.017057569296375266,0.01089789149490642,0.0045013030087656955,0.9249860635444299,0.023260635895946537,0.0,0.0,0.0,0.0,0.0,0.0,0.0,0.0,0.0,0.0,0.0,0.0,0.0,0.0,0.0,0.0,0.0,0.0,0.0,0.0,0.0,0.0,0.0,0.0,0.0,0.17768301350390905,4.250177683013505,14.88983653162758,9.55223880597015,1.1300639658848617,4.263292995966263,2.936371790468264,nan,nan,nan,4.302189781021898,2.9886517027715884,4.224188790560472,2.8831530040207913,0.9818694677753387,0.3608,0.02136,0.0,0.0,0.0,0.0,0.0,0.0,0.0,0.0,0.04264392324093817,3.0845771144278618,14.840085287846485,11.179815209665941,0.8528784648187635,0.0,0.0,0.0,0.0,0.0,0.0,0.0,0.0,0.0,0.0,0.0,0.0,0.0,0.0,0.0,0.0,0.0,nan,nan,4.263292995966263,2.936371790468264,nan,0.3608,0.119,0.0,0.0,0.0,0.0,0.0,4.738213693437574e-05,0.000556740108978915,0.0018715944089078417,0.00111348021795783,0.0,0.0007581141909500118,0.0028310826818289505,0.0010305614783226724,0.004086709310589908,0.009429045249940772,0.01201137171286425,0.0048685145700071075,0.03726605069888652,0.007829898128405592,0.011573086946221275,0.011656005685856433,0.008031272210376687,0.0027955460791281687,0.030514096185737978,0.036069651741293535,0.027067045723762142,0.01402511253257522,0.033345178867566924,0.03335702440180052,0.03777540867093106,0.007699597251836058,0.03790570954750059,0.01932006633499171,0.024070125562662876,0.03009950248756219,0.030466714048803602,0.06997157071783937,0.020658611703387824,0.04389954986969912,0.010376687988628288,0.018763326226012792,0.03150912106135987,0.027055200189528547,0.024982231698649607,0.013800047382136934,0.027967306325515282,0.02730395640843402,0.032669983416252074,0.023098791755508174,0.04134091447524283,0.017934138829661217,0.007995735607675906,0.005366027007818052,0.009618573797678276,0.0021085050935797205,0.011975835110163468,0.0028547737502961383,0.008588012319355603,0.003458895996209429,0.00035536602700781805,0.0020255863539445627,0.0011845534233593934,0.013361762615493959,0.0024994077232883202,0.0,0.004477611940298508,0.0010424070125562663,0.00034352049277422414,0.0030087656953328595,0.006751954513148543,0.0006396588486140725,0.0015162283819000236,0.0,2.369106846718787e-05,0.0,0.0,0.0,0.0,0.0,0.0,0.0,0.0,0.0,0.0,0.0,0.0,0.0,0.0,0.0,0.0,0.0,0.0,0.0,0.0,0.0,0.0,0.0,0.0,0.0,0.0,0.0,nan,nan,4.263292995966263,2.936371790468264,nan,0.924664952807064,0.02332999420207506,0.0,0.0,0.0,0.0,0.0,0.0,0.0,0.0,0.0,0.0,0.0,0.0,0.0,0.0,0.0,0.0,0.0,0.0,0.0,0.0,0.0,0.0,0.0,0.0,0.0,0.20482476103777883,4.369594902139282,14.93855257168867,9.394629039599456,1.0923987255348204,0.9253346209999601,0.023180080059059756,0.0,0.0,0.0,0.0,0.0,0.0,0.0,0.0,0.0,0.0,0.0,0.0,0.0,0.0,0.0,0.0,0.0,0.0,0.0,0.0,0.0,0.0,0.0,0.0,0.0,0.14822134387351782,4.120553359683796,14.836956521739134,9.72332015810277,1.1709486166007907,0.3606,0.02122,0.0,0.0,0.0,0.0,0.0,0.0,0.0,0.0,0.027309968138370513,3.154301319981794,14.979517523896225,11.046882111970852,0.7919890760127448,0.0,0.0,0.0,0.0,0.0,0.0,0.0,0.0,0.0,0.0,0.0,0.0,0.0,0.0,0.0,0.0,0.0,0.3608,0.02151,0.0,0.0,0.0,0.0,0.0,0.0,0.0,0.0,0.059288537549407126,3.0088932806324116,14.688735177865617,11.324110671936742,0.9189723320158105,0.0,0.0,0.0,0.0,0.0,0.0,0.0,0.0,0.0,0.0,0.0,0.0,0.0,0.0,0.0,0.0,0.0
85200,4125,2112,0.512,1035,808,0.4467878787878788,1138,0.5517575757575758,0.438,3.044709388971684,3.23925685538485,6.817555938037866,2.296694073035271,9303.949261754296,1416.5889518649258,7853.0,10749.741969823837,10686.885276863859,17.358151066193543,7853.0,0.0,27.815272727272728,20.85174936527596,32.66897147796024,19.170951870707313,0.1376969696969697,0.10666666666666667,0.08896969696969698,0.09139393939393939,0.08072727272727273,0.07854545454545454,0.06327272727272727,0.06303030303030303,0.05454545454545454,0.04872727272727273,0.05042424242424243,0.04072727272727273,0.037333333333333336,0.024242424242424242,0.017696969696969697,0.010424242424242424,0.005575757575757576,0.9245277312307647,0.022412854499337317,0.0,0.0,0.0,0.0,0.0,0.0,0.0,0.0,0.0,0.0,0.0,0.0,0.0,0.0,0.0,0.0,0.0,0.0,0.0,0.0,0.0,0.0,0.0,0.0,0.0,0.10909090909090911,4.152727272727273,15.309090909090912,9.49818181818182,0.9309090909090911,4.322167858487015,3.032891099339012,nan,nan,nan,4.276785714285714,3.011020891861179,4.368621477532368,3.0544172506315044,1.0214730803415977,0.361,0.02171,0.0,0.0,0.0,0.0,0.0,0.0,0.0,0.0,0.06545454545454547,3.0836363636363644,14.530909090909095,11.250909090909076,1.0690909090909093,0.0,0.0,0.0,0.0,0.0,0.0,0.0,0.0,0.0,0.0,0.0,0.0,0.0,0.0,0.0,0.0,0.0,nan,nan,4.322167858487015,3.032891099339012,nan,0.361,0.11926,0.0,0.0,0.0,0.0,0.0,0.0,0.0004484848484848485,0.0016363636363636363,0.0006303030303030303,0.00010909090909090909,0.0009333333333333333,0.002787878787878788,0.0013575757575757575,0.0033575757575757576,0.007721212121212121,0.012266666666666667,0.005224242424242425,0.037418181818181816,0.006812121212121212,0.012690909090909091,0.011903030303030302,0.007818181818181818,0.002909090909090909,0.03355151515151515,0.03493333333333333,0.025636363636363638,0.013551515151515151,0.033587878787878785,0.03414545454545455,0.037636363636363634,0.008303030303030303,0.03833939393939394,0.021078787878787877,0.024763636363636363,0.02846060606060606,0.033212121212121214,0.06943030303030304,0.02035151515151515,0.04429090909090909,0.011696969696969697,0.01907878787878788,0.028933333333333332,0.02530909090909091,0.0244,0.015381818181818182,0.027006060606060606,0.024509090909090907,0.03345454545454545,0.024884848484848485,0.041115151515151514,0.01576969696969697,0.007842424242424243,0.004472727272727272,0.010424242424242424,0.002618181818181818,0.012387878787878788,0.0028242424242424244,0.008157575757575758,0.0030545454545454548,0.00019393939393939395,0.0017454545454545455,0.0017333333333333333,0.013066666666666667,0.002896969696969697,6.0606060606060605e-05,0.004812121212121212,0.0012484848484848486,0.0003393939393939394,0.0027636363636363635,0.008218181818181819,0.0006060606060606061,0.0016848484848484848,0.0,1.2121212121212122e-05,0.0,0.0,0.0,0.0,0.0,0.0,0.0,0.0,0.0,0.0,0.0,0.0,0.0,0.0,0.0,0.0,0.0,0.0,0.0,0.0,0.0,0.0,0.0,0.0,0.0,0.0,0.0,nan,nan,4.322167858487015,3.032891099339012,nan,0.9242250347566424,0.022505158101969187,0.0,0.0,0.0,0.0,0.0,0.0,0.0,0.0,0.0,0.0,0.0,0.0,0.0,0.0,0.0,0.0,0.0,0.0,0.0,0.0,0.0,0.0,0.0,0.0,0.0,0.0994318181818182,4.261363636363638,15.525568181818185,9.119318181818183,0.994318181818182,0.924845314416729,0.02231118678489279,0.0,0.0,0.0,0.0,0.0,0.0,0.0,0.0,0.0,0.0,0.0,0.0,0.0,0.0,0.0,0.0,0.0,0.0,0.0,0.0,0.0,0.0,0.0,0.0,0.0,0.11922503725782417,4.038748137108794,15.081967213114758,9.895678092399406,0.8643815201192253,0.3608,0.02191,0.0,0.0,0.0,0.0,0.0,0.0,0.0,0.0,0.0994318181818182,3.1392045454545463,14.389204545454549,11.3494318181818,1.022727272727273,0.0,0.0,0.0,0.0,0.0,0.0,0.0,0.0,0.0,0.0,0.0,0.0,0.0,0.0,0.0,0.0,0.0,0.3616,0.0215,0.0,0.0,0.0,0.0,0.0,0.0,0.0,0.0,0.029806259314456043,3.025335320417288,14.679582712369601,11.147540983606541,1.1177347242921016,0.0,0.0,0.0,0.0,0.0,0.0,0.0,0.0,0.0,0.0,0.0,0.0,0.0,0.0,0.0,0.0,0.0
85300,4332,2199,0.5076177285318559,1058,898,0.4515235457063712,1236,0.5706371191135734,0.39799999999999996,2.8588842006563526,2.9855507748419994,6.266558966074314,2.071819445993699,9291.921033118626,1417.2186525497225,7853.0,10745.418963074684,10687.654804670252,17.644098619229325,7853.0,0.0,28.21814404432133,20.999235211627337,32.99918122270742,19.302274041480153,0.13665743305632502,0.10295475530932595,0.08910433979686057,0.0840258541089566,0.08356417359187442,0.07548476454293629,0.06786703601108034,0.06278855032317636,0.056555863342566945,0.05517082179132041,0.04755309325946445,0.04155124653739612,0.03508771929824561,0.023776546629732224,0.02077562326869806,0.009464450600184672,0.007617728531855956,0.9255586481435587,0.023146247199094732,0.0,0.0,0.0,0.0,0.0,0.0,0.0,0.0,0.0,0.0,0.0,0.0,0.0,0.0,0.0,0.0,0.0,0.0,0.0,0.0,0.0,0.0,0.0,0.0,0.0,0.1177285318559557,3.9750692520775632,14.847645429362885,9.882271468144046,1.177285318559557,4.199221514508139,2.854382799003236,nan,nan,nan,4.266903914590747,2.900841825542616,4.132301196340605,2.80608660044739,0.9684542420114346,0.3606,0.02144,0.0,0.0,0.0,0.0,0.0,0.0,0.0,0.0,0.0623268698060942,3.1232686980609428,14.840720221606652,11.163434903047074,0.8102493074792246,0.0,0.0,0.0,0.0,0.0,0.0,0.0,0.0,0.0,0.0,0.0,0.0,0.0,0.0,0.0,0.0,0.0,nan,nan,4.199221514508139,2.854382799003236,nan,0.3606,0.1191,0.0,0.0,0.0,0.0,0.0,0.0,0.000507848568790397,0.0015120036934441366,0.0008541089566020314,0.00019621421975992613,0.0011195752539242844,0.0027123730378578025,0.0021583564173591873,0.0030009233610341643,0.007813942751615881,0.012661588180978763,0.004847645429362881,0.037096029547553096,0.007052169898430286,0.013446445060018467,0.01291551246537396,0.006971375807940905,0.0022045244690674054,0.03425669436749769,0.03358725761772853,0.026385041551246536,0.011992151431209602,0.034452908587257615,0.032375346260387815,0.03647276084949215,0.009914589104339797,0.0394275161588181,0.021352723915050786,0.025577100646352723,0.025727146814404432,0.035237765466297324,0.06994459833795014,0.020544783010156973,0.04631809787626962,0.01229224376731302,0.01937903970452447,0.028035549399815327,0.02587719298245614,0.02291089566020314,0.014577562326869806,0.029016620498614958,0.025888734995383196,0.03146352723915051,0.024284395198522622,0.03969298245614035,0.0141735918744229,0.008275623268698061,0.005251615881809788,0.009660664819944598,0.002816251154201293,0.012107571560480148,0.002873961218836565,0.008748845798707295,0.002873961218836565,0.00017313019390581717,0.002504616805170822,0.0015120036934441366,0.01291551246537396,0.0033818097876269623,0.0001615881809787627,0.00420129270544783,0.0008310249307479224,0.0006117266851338874,0.0029547553093259462,0.007998614958448754,0.0006001846722068329,0.0012003693444136657,0.0,0.00011542012927054478,0.0,0.0,0.0,0.0,0.0,0.0,0.0,0.0,0.0,0.0,0.0,0.0,0.0,0.0,0.0,0.0,0.0,0.0,0.0,0.0,0.0,0.0,0.0,0.0,0.0,0.0,0.0,nan,nan,4.199221514508139,2.854382799003236,nan,0.9253930586909858,0.023016715758918834,0.0,0.0,0.0,0.0,0.0,0.0,0.0,0.0,0.0,0.0,0.0,0.0,0.0,0.0,0.0,0.0,0.0,0.0,0.0,0.0,0.0,0.0,0.0,0.0,0.0,0.10914051841746251,3.8472032742155533,15.075034106412009,9.836289222373807,1.1323328785811735,0.9257293613204026,0.023277798963407342,0.0,0.0,0.0,0.0,0.0,0.0,0.0,0.0,0.0,0.0,0.0,0.0,0.0,0.0,0.0,0.0,0.0,0.0,0.0,0.0,0.0,0.0,0.0,0.0,0.0,0.1265822784810127,4.1068917018284115,14.613220815752465,9.929676511954995,1.2236286919831225,0.361,0.02162,0.0,0.0,0.0,0.0,0.0,0.0,0.0,0.0,0.08185538881309687,3.15143246930423,14.406548431105051,11.609822646657555,0.7503410641200547,0.0,0.0,0.0,0.0,0.0,0.0,0.0,0.0,0.0,0.0,0.0,0.0,0.0,0.0,0.0,0.0,0.0,0.36,0.02124,0.0,0.0,0.0,0.0,0.0,0.0,0.0,0.0,0.042194092827004225,3.09423347398031,15.288326300984533,10.703234880450054,0.8720112517580875,0.0,0.0,0.0,0.0,0.0,0.0,0.0,0.0,0.0,0.0,0.0,0.0,0.0,0.0,0.0,0.0,0.0
85400,4117,2077,0.5044935632742288,927,865,0.43526839931989314,1153,0.5601165897498178,0.41,2.8995098039215685,3.15563606510543,6.6531365313653135,2.2256429345548883,9283.30022389257,1417.5576729764284,7853.0,10737.400282025337,10688.120857855421,17.49930761596007,7853.0,0.0,27.4187515180957,20.98322816135797,32.3965717606043,19.36165843661804,0.14209375759047851,0.10808841389361186,0.10080155452999758,0.08768520767549186,0.07578333738158853,0.07165411707554044,0.06582462958464902,0.06339567646344425,0.05489434053922759,0.052465387418022834,0.047364585863492834,0.03716298275443284,0.03084770463930046,0.024532426524168083,0.01797425309691523,0.012144765606023804,0.0072868593636142825,0.9253628393356911,0.022827345396106518,0.0,0.0,0.0,0.0,0.0,0.0,0.0,0.0,0.0,0.0,0.0,0.0,0.0,0.0,0.0,0.0,0.0,0.0,0.0,0.0,0.0,0.0,0.0,0.0,0.0,0.15302404663589997,3.796453728443042,15.200388632499397,9.822686422152055,1.027447170269614,4.349114703618167,2.9250552170898856,nan,nan,nan,4.441199684293607,2.939319135824763,4.258646616541354,2.9079907493711876,0.9588955505878612,0.361,0.02187,0.0,0.0,0.0,0.0,0.0,0.0,0.0,0.0,0.06558173427252856,3.235365557444742,14.551858149137725,11.083313092057308,1.056594607724071,0.007286859363614284,0.0,0.0,0.0,0.0,0.0,0.0,0.0,0.0,0.0,0.0,0.0,0.0,0.0,0.0,0.0,0.0,nan,nan,4.349114703618167,2.9250552170898856,nan,0.361,0.11945,0.0,0.0,0.0,0.0,0.0,0.0,0.0009351469516638329,0.00172455671605538,0.000680106873937333,0.00042506679621083314,0.0006436725771192616,0.0033762448384746175,0.0033641000728685936,0.0024532426524168085,0.007517609910128734,0.01395433568132135,0.003570561088170998,0.03688365314549429,0.0063638571775564735,0.01207189701238766,0.012411950449356328,0.0068739373330094725,0.0020767549186300705,0.032839446198688366,0.032195773621569106,0.02620840417779937,0.012169055137235851,0.034649016273985915,0.0325479718241438,0.0375516152538256,0.0104080641243624,0.04007772649987855,0.02101044449842118,0.025941219334466845,0.025916929803254798,0.036094243381102745,0.07125333981054166,0.020172455671605537,0.04353898469759534,0.014063638571775564,0.019808112703424825,0.02571046878795239,0.02532183628855963,0.024350255040077727,0.014100072868593636,0.029293174641729414,0.02659703667719213,0.03155210104444984,0.023694437697352442,0.039203303376244836,0.01618897255282973,0.008574204517852806,0.005295117804226378,0.010092300218605781,0.0023196502307505466,0.011986883653145495,0.0023803740587806654,0.009108574204517854,0.0029876123390818556,0.00010930289045421423,0.002975467573475832,0.0012387660918144279,0.012509108574204519,0.003072625698324022,1.2144765606023803e-05,0.004505708039834831,0.0008136992956035949,0.0005343696866650473,0.002526111246052951,0.008647073111488948,0.000923002186057809,0.0015545299975710468,4.8579062424095214e-05,0.0,0.0,0.0,0.0,0.0,0.0,0.0,0.0,0.0,0.0,0.0,0.0,0.0,0.0,0.0,0.0,0.0,0.0,0.0,0.0,0.0,0.0,0.0,0.0,0.0,0.0,0.0,0.0,nan,nan,4.349114703618167,2.9250552170898856,nan,0.9258051219328585,0.02295871582649722,0.0,0.0,0.0,0.0,0.0,0.0,0.0,0.0,0.0,0.0,0.0,0.0,0.0,0.0,0.0,0.0,0.0,0.0,0.0,0.0,0.0,0.0,0.0,0.0,0.0,0.14443909484833897,3.8998555609051526,14.67501203659124,10.211844005777566,1.0688493018777085,0.9249125349463201,0.022683953205405186,0.0,0.0,0.0,0.0,0.0,0.0,0.0,0.0,0.0,0.0,0.0,0.0,0.0,0.0,0.0,0.0,0.0,0.0,0.0,0.0,0.0,0.0,0.0,0.0,0.0,0.16176470588235298,3.6911764705882364,15.735294117647062,9.426470588235295,0.9852941176470591,0.3613,0.02211,0.0,0.0,0.0,0.0,0.0,0.0,0.0,0.0,0.05777563793933559,3.2643235435724614,14.342802118440062,11.064034665382747,1.271064034665383,0.0,0.0,0.0,0.0,0.0,0.0,0.0,0.0,0.0,0.0,0.0,0.0,0.0,0.0,0.0,0.0,0.0,0.3608,0.0216,0.0,0.0,0.0,0.0,0.0,0.0,0.0,0.0,0.0735294117647059,3.2058823529411775,14.764705882352946,11.102941176470573,0.8382352941176473,0.01470588235294118,0.0,0.0,0.0,0.0,0.0,0.0,0.0,0.0,0.0,0.0,0.0,0.0,0.0,0.0,0.0,0.0
85500,4184,2162,0.5167304015296367,1034,838,0.4474187380497132,1155,0.5521032504780115,0.40199999999999997,2.9416419386745796,3.0265159977196254,6.367697594501718,2.1567892942412485,9317.41369942523,1416.25983554405,7853.0,10744.031619906425,10686.999499720241,17.134829965310697,7853.0,0.0,28.140774378585085,20.756233852985044,32.90819209039548,18.999562605948025,0.13718929254302104,0.09488527724665392,0.0965583173996176,0.0862810707456979,0.0738527724665392,0.07911089866156788,0.07289674952198853,0.06883365200764818,0.05975143403441682,0.04660611854684513,0.04851816443594646,0.0394359464627151,0.03895793499043977,0.024378585086042064,0.016252390057361378,0.009560229445506692,0.006931166347992352,0.9241884976169575,0.023064699574088417,0.0,0.0,0.0,0.0,0.0,0.0,0.0,0.0,0.0,0.0,0.0,0.0,0.0,0.0,0.0,0.0,0.0,0.0,0.0,0.0,0.0,0.0,0.0,0.0,0.0,0.2079349904397706,4.086998087954112,15.358508604206504,9.364244741873806,0.9823135755258129,4.218692279275952,2.80248281464213,nan,nan,nan,4.2686230248307,2.7555404998479087,4.170537010159651,2.846193164851802,0.9770216263885381,0.3606,0.02118,0.0,0.0,0.0,0.0,0.0,0.0,0.0,0.0,0.07887189292543022,3.1405353728489493,14.641491395793503,11.386233269598454,0.7528680688336522,0.0,0.0,0.0,0.0,0.0,0.0,0.0,0.0,0.0,0.0,0.0,0.0,0.0,0.0,0.0,0.0,0.0,nan,nan,4.218692279275952,2.80248281464213,nan,0.3606,0.1193,0.0,0.0,0.0,0.0,0.0,0.0,0.0008723709369024856,0.0015893881453154877,0.0006333652007648184,0.0012667304015296368,0.0005975143403441683,0.00255736137667304,0.0035611854684512428,0.0022466539196940726,0.0070984703632887185,0.015009560229445506,0.00390774378585086,0.03684273422562141,0.005628585086042065,0.010133843212237094,0.012225143403441682,0.006608508604206501,0.002354206500956023,0.032827437858508605,0.03281548757170172,0.026720841300191204,0.014041586998087954,0.03531309751434034,0.03214627151051625,0.03773900573613767,0.011137667304015296,0.04125239005736138,0.021904875717017207,0.02820267686424474,0.023816921606118546,0.0377151051625239,0.06748326959847037,0.020972753346080307,0.045267686424474186,0.01331261950286807,0.019968929254302104,0.02486854684512428,0.024306883365200763,0.023315009560229444,0.013623326959847037,0.03011472275334608,0.027282504780114722,0.03444072657743786,0.022633843212237093,0.036950286806883365,0.015547323135755258,0.008544455066921607,0.004983269598470363,0.010026290630975144,0.0017805927342256214,0.012344646271510516,0.0016252390057361376,0.009823135755258125,0.003250478011472275,7.17017208413002e-05,0.002975621414913958,0.0011591778202676864,0.01093451242829828,0.00255736137667304,2.390057361376673e-05,0.004827915869980879,0.000884321223709369,0.00046606118546845123,0.0025693116634799237,0.009703632887189293,0.0006333652007648184,0.001900095602294455,5.9751434034416824e-05,0.0,0.0,0.0,0.0,0.0,0.0,0.0,0.0,0.0,0.0,0.0,0.0,0.0,0.0,0.0,0.0,0.0,0.0,0.0,0.0,0.0,0.0,0.0,0.0,0.0,0.0,0.0,0.0,nan,nan,4.218692279275952,2.80248281464213,nan,0.9244091893709114,0.023079473686224348,0.0,0.0,0.0,0.0,0.0,0.0,0.0,0.0,0.0,0.0,0.0,0.0,0.0,0.0,0.0,0.0,0.0,0.0,0.0,0.0,0.0,0.0,0.0,0.0,0.0,0.16651248843663277,4.06567992599445,15.374653098982428,9.366327474560594,1.0268270120259022,0.9239525255239565,0.02304655429371999,0.0,0.0,0.0,0.0,0.0,0.0,0.0,0.0,0.0,0.0,0.0,0.0,0.0,0.0,0.0,0.0,0.0,0.0,0.0,0.0,0.0,0.0,0.0,0.0,0.0,0.2522255192878339,4.10979228486647,15.341246290801191,9.362017804154304,0.9347181008902079,0.3608,0.02089,0.0,0.0,0.0,0.0,0.0,0.0,0.0,0.0,0.04162812210915819,3.052728954671601,14.666975023126739,11.517113783533748,0.7215541165587421,0.0,0.0,0.0,0.0,0.0,0.0,0.0,0.0,0.0,0.0,0.0,0.0,0.0,0.0,0.0,0.0,0.0,0.3604,0.0215,0.0,0.0,0.0,0.0,0.0,0.0,0.0,0.0,0.11869436201780419,3.234421364985164,14.61424332344214,11.246290801186927,0.7863501483679527,0.0,0.0,0.0,0.0,0.0,0.0,0.0,0.0,0.0,0.0,0.0,0.0,0.0,0.0,0.0,0.0,0.0
85600,3957,2043,0.5163002274450341,968,796,0.44579226686884005,1101,0.5564821834723275,0.422,2.9367816091954024,3.0925594610655494,6.460377358490566,2.2223852240364774,9316.41463696086,1416.5141808757216,7853.0,10759.793058753014,10687.425706536525,17.31312056819648,7853.0,0.0,27.653272681324236,20.827839802077897,32.627338563669284,19.10720607038015,0.14126863785696234,0.10386656557998483,0.0922415971695729,0.08895628001010866,0.0813747788728835,0.06747536012130402,0.07303512762193581,0.06696992671215567,0.058377558756633814,0.050037907505686124,0.04624715693707354,0.03816022239070003,0.03335860500379075,0.023755370229972202,0.015415718979024514,0.012383118524134444,0.0070760677280768255,0.9232889481316259,0.023211458708751267,0.0,0.0,0.0,0.0,0.0,0.0,0.0,0.0,0.0,0.0,0.0,0.0,0.0,0.0,0.0,0.0,0.0,0.0,0.0,0.0,0.0,0.0,0.0,0.0,0.0,0.21986353297953,4.556482183472329,15.526914329037153,8.695981804397272,1.0007581501137228,4.232806324110672,2.8638317759167555,nan,nan,nan,4.211910286156225,2.9228195952509592,4.254648342764753,2.8006792356688743,1.0101469532124177,0.362,0.021,0.0,0.0,0.0,0.0,0.0,0.0,0.0,0.0,0.06065200909780138,2.5398028809704325,14.79150871872631,11.569370735405593,1.0310841546626235,0.007581501137225172,0.0,0.0,0.0,0.0,0.0,0.0,0.0,0.0,0.0,0.0,0.0,0.0,0.0,0.0,0.0,0.0,nan,nan,4.232806324110672,2.8638317759167555,nan,0.362,0.11914,0.0,0.0,0.0,0.0,0.0,0.0,0.0009350518069244378,0.0013014910285569876,0.0005686125852918878,0.0013014910285569876,0.0006570634318928481,0.0019711902956785444,0.00228708617639626,0.002312357846853677,0.006987616881475866,0.014366944655041698,0.004788981551680566,0.039373262572656054,0.004902704068738943,0.009312610563558251,0.013040181956027293,0.00667172100075815,0.0021354561536517562,0.03340914834470558,0.029226686884003032,0.024943138741470812,0.0140763204447814,0.035039171089208995,0.033030073287844325,0.03527925195855446,0.012319939347990902,0.04015668435683599,0.02057113975233763,0.02851908011119535,0.022870861763962597,0.036808188021228205,0.06948445792266869,0.020646954763709882,0.04670204700530705,0.014670204700530706,0.019408642911296438,0.025852918877937833,0.02532221379833207,0.02413444528683346,0.013457164518574679,0.02934040940106141,0.02898660601465757,0.036631286328026286,0.0211144806671721,0.03627748294162244,0.015415718979024514,0.009729593126105636,0.005003790750568613,0.011523881728582258,0.0014278493808440739,0.011839777609299974,0.0017311094263330806,0.009818043972706596,0.0034495830174374525,2.5271670457417235e-05,0.003866565579984837,0.00118776851149861,0.009628506444275967,0.0020722769775082133,2.5271670457417235e-05,0.005155420773313116,0.0010108668182966893,0.00040434672731867575,0.0030199646196613595,0.00913570887035633,0.0006191559262067222,0.0025903462218852666,7.581501137225171e-05,3.7907505686125855e-05,1.2635835228708617e-05,0.0,0.0,0.0,0.0,0.0,0.0,0.0,0.0,0.0,0.0,0.0,0.0,0.0,0.0,0.0,0.0,0.0,0.0,0.0,0.0,0.0,0.0,0.0,0.0,0.0,0.0,nan,nan,4.232806324110672,2.8638317759167555,nan,0.92383443008027,0.02284123915170568,0.0,0.0,0.0,0.0,0.0,0.0,0.0,0.0,0.0,0.0,0.0,0.0,0.0,0.0,0.0,0.0,0.0,0.0,0.0,0.0,0.0,0.0,0.0,0.0,0.0,0.17621145374449343,4.346549192364171,15.580029368575628,8.898678414096919,0.9985315712187961,0.922706701725628,0.02358630790553692,0.0,0.0,0.0,0.0,0.0,0.0,0.0,0.0,0.0,0.0,0.0,0.0,0.0,0.0,0.0,0.0,0.0,0.0,0.0,0.0,0.0,0.0,0.0,0.0,0.0,0.26645768025078376,4.780564263322885,15.47021943573668,8.479623824451412,1.0031347962382446,0.362,0.0208,0.0,0.0,0.0,0.0,0.0,0.0,0.0,0.0,0.029368575624082238,2.4229074889867848,14.889867841409695,11.65932452276063,0.983847283406755,0.014684287812041119,0.0,0.0,0.0,0.0,0.0,0.0,0.0,0.0,0.0,0.0,0.0,0.0,0.0,0.0,0.0,0.0,0.362,0.0212,0.0,0.0,0.0,0.0,0.0,0.0,0.0,0.0,0.09404388714733544,2.6645768025078373,14.686520376175553,11.473354231974904,1.0815047021943576,0.0,0.0,0.0,0.0,0.0,0.0,0.0,0.0,0.0,0.0,0.0,0.0,0.0,0.0,0.0,0.0,0.0
85700,3842,2025,0.5270692347735555,937,782,0.4474232170744404,1085,0.5648099947943779,0.438,3.119977985690699,3.1383302192859057,6.687382297551789,2.0785449882456715,9346.022452791056,1414.3203011850128,7853.0,10751.609107732773,10685.687537591723,16.974339822779225,7853.0,0.0,28.730609057782406,21.21090997141353,33.73802903923386,19.34351873923401,0.13872982821447163,0.09448204060385217,0.08433107756376887,0.08719416970327955,0.08042686100989069,0.07704320666319625,0.06871421134825612,0.06376887038001042,0.05283706402915148,0.055439875065070275,0.048412285268089536,0.045549193128578865,0.03695991671004685,0.027850078084331077,0.018479958355023425,0.011972930765226444,0.007808433107756377,0.9226160877108388,0.02302426627371667,0.0,0.0,0.0,0.0,0.0,0.0,0.0,0.0,0.0,0.0,0.0,0.0,0.0,0.0,0.0,0.0,0.0,0.0,0.0,0.0,0.0,0.0,0.0,0.0,0.0,0.24206142634044775,4.599167100468507,15.671525247267052,8.682977615825093,0.804268610098907,4.246062992125984,2.9221668848850175,nan,nan,nan,4.255886970172685,2.891086942817376,4.236176935229068,2.9530800447472547,0.9953687597716401,0.3608,0.02151,0.0,0.0,0.0,0.0,0.0,0.0,0.0,0.0,0.05465903175429465,3.099947943779282,14.77355543987507,11.127017178552823,0.9370119729307654,0.0078084331077563785,0.0,0.0,0.0,0.0,0.0,0.0,0.0,0.0,0.0,0.0,0.0,0.0,0.0,0.0,0.0,0.0,nan,nan,4.246062992125984,2.9221668848850175,nan,0.3608,0.1199,0.0,0.0,0.0,0.0,0.0,1.3014055179593961e-05,0.0008849557522123894,0.001678813118167621,0.0005596043727225403,0.0013925039042165539,0.0008979698073919833,0.002030192608016658,0.002381572097865695,0.0028110359187922956,0.007873503383654347,0.01471889640812077,0.005140551795939615,0.04078604893284748,0.006350858927641853,0.009474232170744404,0.01209005726184279,0.007990629880270692,0.001978136387298282,0.03370640291514836,0.027537740760020822,0.025078084331077565,0.0142243623112962,0.03396668401874024,0.030609057782404997,0.036972930765226446,0.01290994273815721,0.04217855283706403,0.0206923477355544,0.026652785007808433,0.023230088495575223,0.03528110359187923,0.06726965122332118,0.01963820926600729,0.04876366475793857,0.014692868297761582,0.021225923997917753,0.02743362831858407,0.022787610619469028,0.024856845393024466,0.01383394065590838,0.029242581988547633,0.02791514836022905,0.03582769390942218,0.022110879750130142,0.035580426861009894,0.015564809994794378,0.009617386777719937,0.005140551795939615,0.010320145757418011,0.001327433628318584,0.01159552316501822,0.001691827173347215,0.00890161374284227,0.0031103591879229568,0.0,0.0034877667881311816,0.0014966163456533055,0.009903695991671005,0.0021343050494534097,6.50702758979698e-05,0.005023425299323269,0.0009760541384695471,0.00041644976574700676,0.0029411764705882353,0.010437272254034357,0.0005335762623633524,0.0019521082769390942,9.109838625715773e-05,0.0,0.0,0.0,0.0,0.0,0.0,0.0,0.0,0.0,0.0,0.0,0.0,0.0,0.0,0.0,0.0,0.0,0.0,0.0,0.0,0.0,0.0,0.0,0.0,0.0,0.0,0.0,0.0,nan,nan,4.246062992125984,2.9221668848850175,nan,0.9219450548548758,0.022268933647302164,0.0,0.0,0.0,0.0,0.0,0.0,0.0,0.0,0.0,0.0,0.0,0.0,0.0,0.0,0.0,0.0,0.0,0.0,0.0,0.0,0.0,0.0,0.0,0.0,0.0,0.2370370370370371,4.725925925925927,16.000000000000004,8.355555555555558,0.6814814814814816,0.9233639366559819,0.023815614483734714,0.0,0.0,0.0,0.0,0.0,0.0,0.0,0.0,0.0,0.0,0.0,0.0,0.0,0.0,0.0,0.0,0.0,0.0,0.0,0.0,0.0,0.0,0.0,0.0,0.0,0.24766097963676395,4.4578976334617515,15.305448541552012,9.047881122729777,0.9411117226197031,0.3608,0.0216,0.0,0.0,0.0,0.0,0.0,0.0,0.0,0.0,0.04444444444444445,3.0666666666666678,14.651851851851855,11.318518518518502,0.9037037037037039,0.014814814814814819,0.0,0.0,0.0,0.0,0.0,0.0,0.0,0.0,0.0,0.0,0.0,0.0,0.0,0.0,0.0,0.0,0.3606,0.02142,0.0,0.0,0.0,0.0,0.0,0.0,0.0,0.0,0.06604292790313705,3.13703907539901,14.90919097413319,10.91359383599338,0.9741331865712716,0.0,0.0,0.0,0.0,0.0,0.0,0.0,0.0,0.0,0.0,0.0,0.0,0.0,0.0,0.0,0.0,0.0
85800,4047,2134,0.5273041759327898,1013,799,0.4477390659747961,1107,0.5470719051148999,0.426,2.9273392577104027,3.1633437083334246,6.6679174484052535,2.241607817325251,9346.464301229053,1414.0743110405563,7853.0,10746.774308919907,10685.263367888463,17.285068881092048,7853.0,0.0,28.158636026686434,20.929619289310306,32.86643336249635,19.268731074559298,0.13392636520879664,0.09859154929577464,0.09834445268099827,0.08821349147516679,0.07635285396590066,0.08055349641709908,0.06572769953051644,0.060044477390659746,0.06350382999752903,0.053125772176921174,0.04274771435631332,0.04274771435631332,0.03236965653570546,0.02619224116629602,0.01927353595255745,0.010872251050160613,0.007412898443291327,0.9233257203506251,0.02308542110646294,0.0,0.0,0.0,0.0,0.0,0.0,0.0,0.0,0.0,0.0,0.0,0.0,0.0,0.0,0.0,0.0,0.0,0.0,0.0,0.0,0.0,0.0,0.0,0.0,0.0,0.2594514455151965,4.299481097108971,15.28539659006672,9.303187546330618,0.8524833209785028,4.195121951219512,3.0659728666891755,nan,nan,nan,4.3305343511450385,3.018249660346006,4.0632140137090635,3.106114309834627,0.9382708193123344,0.3591,0.02174,0.0,0.0,0.0,0.0,0.0,0.0,0.0,0.0,0.11860637509266125,3.565604151223129,14.944403261675319,10.681986656782787,0.6819866567828022,0.007412898443291328,0.0,0.0,0.0,0.0,0.0,0.0,0.0,0.0,0.0,0.0,0.0,0.0,0.0,0.0,0.0,0.0,nan,nan,4.195121951219512,3.0659728666891755,nan,0.3591,0.1188,0.0,0.0,0.0,0.0,0.0,0.0,0.0007412898443291327,0.0019026439337781072,0.00043241907585866074,0.001519644180874722,0.0007289350135903138,0.0026933531010625155,0.00286632073140598,0.002223869532987398,0.006436866814924636,0.015245861131702496,0.005139609587348653,0.04033852236224364,0.006177415369409439,0.009389671361502348,0.013145539906103286,0.008598962194217939,0.002359772671114406,0.03498888065233506,0.02863849765258216,0.026599950580677045,0.013911539411910057,0.03313565604151223,0.03030639980232271,0.03975784531751915,0.013849765258215962,0.03804052384482333,0.01958240672102792,0.02677291821102051,0.02521620953792933,0.035038299975290337,0.06822337533975785,0.019285890783296268,0.04717074376081048,0.013367926859402026,0.02312824314306894,0.027588337039782557,0.023721275018532245,0.02478379046207067,0.014282184334074624,0.029033852236224365,0.0286632073140598,0.03611317024956758,0.021608598962194216,0.03477884852977514,0.015579441561650606,0.010291574005436125,0.004682480850012355,0.009500864838151718,0.0011984185816654312,0.009982703236965653,0.0010748702742772423,0.008623671855695576,0.003051643192488263,1.2354830738818879e-05,0.004250061774153694,0.0015814183345688165,0.010958734865332345,0.002446256486286138,4.9419322955275514e-05,0.004126513466765506,0.0015443538423523598,0.0005436125525080306,0.0022485791944650358,0.008648381517173214,0.0003459352606869286,0.0016308376575240918,8.648381517173215e-05,0.0,1.2354830738818879e-05,0.0,0.0,0.0,0.0,0.0,0.0,0.0,0.0,0.0,0.0,0.0,0.0,0.0,0.0,0.0,0.0,0.0,0.0,0.0,0.0,0.0,0.0,0.0,0.0,0.0,0.0,nan,nan,4.195121951219512,3.0659728666891755,nan,0.9230080313680322,0.022895847107866223,0.0,0.0,0.0,0.0,0.0,0.0,0.0,0.0,0.0,0.0,0.0,0.0,0.0,0.0,0.0,0.0,0.0,0.0,0.0,0.0,0.0,0.0,0.0,0.0,0.0,0.23898781630740398,4.3298969072164954,15.562324273664483,9.1377694470478,0.731021555763824,0.9236801104650283,0.023289962641765145,0.0,0.0,0.0,0.0,0.0,0.0,0.0,0.0,0.0,0.0,0.0,0.0,0.0,0.0,0.0,0.0,0.0,0.0,0.0,0.0,0.0,0.0,0.0,0.0,0.0,0.28227914270778887,4.265551489806588,14.976476738107689,9.48771562990068,0.987976999477261,0.3591,0.02151,0.0,0.0,0.0,0.0,0.0,0.0,0.0,0.0,0.112464854732896,3.472352389878164,14.775070290534211,11.02155576382379,0.618556701030928,0.0,0.0,0.0,0.0,0.0,0.0,0.0,0.0,0.0,0.0,0.0,0.0,0.0,0.0,0.0,0.0,0.0,0.3594,0.022,0.0,0.0,0.0,0.0,0.0,0.0,0.0,0.0,0.1254573967590173,3.6696288552012555,15.133298484056459,10.303188708834277,0.7527443805541036,0.01568217459487716,0.0,0.0,0.0,0.0,0.0,0.0,0.0,0.0,0.0,0.0,0.0,0.0,0.0,0.0,0.0,0.0
85900,4284,2195,0.5123716153127917,1040,884,0.44911297852474324,1240,0.5788982259570495,0.39799999999999996,2.977979894686453,3.0871331575095864,6.520338983050848,2.1413032354403803,9304.157262173743,1415.741535806637,7853.0,10742.269158482552,10685.235859294904,17.77369502210763,7853.0,0.0,28.135854341736696,20.785839043820864,32.94197292069632,19.027748489409397,0.13375350140056022,0.0992063492063492,0.09453781512605042,0.0896358543417367,0.07749766573295985,0.07516339869281045,0.07049486461251167,0.06349206349206349,0.05438842203548086,0.05205415499533147,0.05648926237161531,0.03991596638655462,0.032913165266106444,0.028944911297852476,0.01727357609710551,0.01050420168067227,0.003734827264239029,0.9234553749432194,0.023013181467257764,0.0,0.0,0.0,0.0,0.0,0.0,0.0,0.0,0.0,0.0,0.0,0.0,0.0,0.0,0.0,0.0,0.0,0.0,0.0,0.0,0.0,0.0,0.0,0.0,0.0,0.20308123249299725,4.537815126050421,15.119047619047622,9.19467787114846,0.9453781512605044,4.326383896477354,2.901674286880838,nan,nan,nan,4.409123823316437,2.9091785931371956,4.244825124910778,2.891942210991959,0.9627366558551133,0.3586,0.02177,0.0,0.0,0.0,0.0,0.0,0.0,0.0,0.0,0.07703081232492999,3.746498599439777,15.23809523809524,10.196078431372534,0.7422969187675073,0.0,0.0,0.0,0.0,0.0,0.0,0.0,0.0,0.0,0.0,0.0,0.0,0.0,0.0,0.0,0.0,0.0,nan,nan,4.326383896477354,2.901674286880838,nan,0.3586,0.11865,0.0,0.0,0.0,0.0,0.0,2.334267040149393e-05,0.0007936507936507937,0.0022875816993464053,0.0003034547152194211,0.0013655462184873949,0.0011904761904761906,0.003034547152194211,0.0028244631185807656,0.0018440709617180205,0.006524276377217554,0.01603641456582633,0.004166666666666667,0.04176003734827264,0.004738562091503268,0.010737628384687208,0.012861811391223155,0.0073062558356676004,0.0017857142857142857,0.03432539682539683,0.028524743230625583,0.0255718954248366,0.013632119514472456,0.03206115779645191,0.032259570494864616,0.04438608776844071,0.014320728291316526,0.0371265172735761,0.022187208216619982,0.026225490196078432,0.0234593837535014,0.03495564892623716,0.0665499533146592,0.01935107376283847,0.04858776844070962,0.012838468720821661,0.02488328664799253,0.026995798319327732,0.0226890756302521,0.022794117647058822,0.014635854341736695,0.029400093370681606,0.029096638655462186,0.03681139122315593,0.021556956115779645,0.03350840336134454,0.015896358543417366,0.01015406162464986,0.004726890756302521,0.009290382819794584,0.0012721755368814193,0.0096171802054155,0.001015406162464986,0.008298319327731092,0.003396358543417367,0.0,0.004528478057889823,0.0017857142857142857,0.0094187675070028,0.0028828197945845006,4.668534080298786e-05,0.004330065359477124,0.0012721755368814193,0.0004201680672268908,0.0025910364145658262,0.009056956115779646,0.0003151260504201681,0.0012838468720821662,8.169934640522875e-05,0.0,0.0,0.0,0.0,0.0,0.0,0.0,0.0,0.0,0.0,0.0,0.0,0.0,0.0,0.0,0.0,0.0,0.0,0.0,0.0,0.0,0.0,0.0,0.0,0.0,0.0,0.0,0.0,nan,nan,4.326383896477354,2.901674286880838,nan,0.9238135927087354,0.02337876002886147,0.0,0.0,0.0,0.0,0.0,0.0,0.0,0.0,0.0,0.0,0.0,0.0,0.0,0.0,0.0,0.0,0.0,0.0,0.0,0.0,0.0,0.0,0.0,0.0,0.0,0.23234624145785882,4.441913439635536,15.047835990888386,9.170842824601369,1.1070615034168567,0.9230789804983618,0.02261657664521394,0.0,0.0,0.0,0.0,0.0,0.0,0.0,0.0,0.0,0.0,0.0,0.0,0.0,0.0,0.0,0.0,0.0,0.0,0.0,0.0,0.0,0.0,0.0,0.0,0.0,0.17233125897558643,4.6385830540928685,15.193872666347538,9.219722355193875,0.775490665390139,0.3582,0.02177,0.0,0.0,0.0,0.0,0.0,0.0,0.0,0.0,0.08200455580865605,3.6902050113895224,15.690205011389525,9.744874715261945,0.7927107061503419,0.0,0.0,0.0,0.0,0.0,0.0,0.0,0.0,0.0,0.0,0.0,0.0,0.0,0.0,0.0,0.0,0.0,0.359,0.02176,0.0,0.0,0.0,0.0,0.0,0.0,0.0,0.0,0.07180469123982768,3.805648635710867,14.763044518908572,10.670177118238376,0.6893250359023457,0.0,0.0,0.0,0.0,0.0,0.0,0.0,0.0,0.0,0.0,0.0,0.0,0.0,0.0,0.0,0.0,0.0
86000,4118,2179,0.5291403593977659,1013,810,0.44269062651772706,1128,0.5478387566779991,0.414,3.0159876224858175,3.1418669109755597,6.732838589981447,2.1456815831622302,9351.677805535825,1413.796417673381,7853.0,10746.137598514557,10685.287839924977,17.84760829798101,7853.0,0.0,28.354541039339484,21.084558649035433,33.285755478662054,19.31926726744706,0.13720252549781448,0.09980573093734822,0.09276347741622147,0.0857212238950947,0.07770762506070908,0.0733365711510442,0.07090820786789703,0.06605148130160272,0.0505099562894609,0.055366682855755224,0.04783875667799903,0.045653229723166586,0.033268576979116074,0.02476930548810102,0.019669742593491985,0.011170471102476931,0.00825643516270034,0.9243895528587455,0.023413060094810485,0.0,0.0,0.0,0.0,0.0,0.0,0.0,0.0,0.0,0.0,0.0,0.0,0.0,0.0,0.0,0.0,0.0,0.0,0.0,0.0,0.0,0.0,0.0,0.0,0.0,0.18941233608547844,4.305488101019914,14.774162214667317,9.681884409907724,1.0490529383195728,4.2418691588785045,2.933564107941731,nan,nan,nan,4.254135338345865,2.905025753465892,4.229739776951673,2.9614638208196538,0.994265447745798,0.359,0.02203,0.0,0.0,0.0,0.0,0.0,0.0,0.0,0.0,0.13841670713938808,3.4968431277319096,15.415250121418168,9.973288003885367,0.9616318601262751,0.014570179698882956,0.0,0.0,0.0,0.0,0.0,0.0,0.0,0.0,0.0,0.0,0.0,0.0,0.0,0.0,0.0,0.0,nan,nan,4.2418691588785045,2.933564107941731,nan,0.359,0.1188,0.0,0.0,0.0,0.0,0.0,7.285089849441477e-05,0.0008013598834385624,0.0024647887323943664,0.0002549781447304517,0.000825643516270034,0.0015298688683827101,0.0034118504128217582,0.00259834871296746,0.001954832442933463,0.0062044681884409906,0.014934434191355027,0.005063137445361826,0.041100048567265665,0.004638173870811073,0.010089849441476445,0.012809616318601263,0.008062166100048567,0.0015055852355512385,0.036340456532297234,0.02589849441476445,0.02589849441476445,0.014400194269062652,0.03227294803302574,0.033960660514813015,0.044560466245750364,0.01521369596891695,0.03720252549781447,0.022328800388538125,0.025849927149101507,0.022122389509470618,0.03677756192326372,0.06669499757163672,0.01755706653715396,0.047098105876639144,0.012421078193297717,0.02373725109276348,0.02491500728508985,0.023348712967459932,0.023652258377853327,0.01500728508984944,0.029310344827586206,0.028800388538125304,0.03937591063623118,0.022122389509470618,0.03063380281690141,0.016634288489558037,0.009834871296745993,0.00458960660514813,0.009373482272948033,0.001590577950461389,0.010466245750364254,0.0014448761534725594,0.008268576979116076,0.002841185041282176,2.4283632831471587e-05,0.005172413793103448,0.0017969888295288976,0.009337056823700826,0.0032297231665857212,1.2141816415735793e-05,0.005767362797474502,0.0011413307430791647,0.0005706653715395823,0.0024647887323943664,0.008365711510441963,0.00023069451189898008,0.0009834871296745993,3.6425449247207385e-05,0.0,0.0,0.0,0.0,0.0,0.0,0.0,0.0,0.0,0.0,0.0,0.0,0.0,0.0,0.0,0.0,0.0,0.0,0.0,0.0,0.0,0.0,0.0,0.0,0.0,0.0,0.0,0.0,nan,nan,4.2418691588785045,2.933564107941731,nan,0.9237767133542079,0.023295717506617998,0.0,0.0,0.0,0.0,0.0,0.0,0.0,0.0,0.0,0.0,0.0,0.0,0.0,0.0,0.0,0.0,0.0,0.0,0.0,0.0,0.0,0.0,0.0,0.0,0.0,0.20651675080312076,4.391922900413034,14.80036714089032,9.664983937586051,0.9362092703074807,0.9250782466598735,0.02352518558237244,0.0,0.0,0.0,0.0,0.0,0.0,0.0,0.0,0.0,0.0,0.0,0.0,0.0,0.0,0.0,0.0,0.0,0.0,0.0,0.0,0.0,0.0,0.0,0.0,0.0,0.17019082001031463,4.208354822073234,14.744713769984532,9.700876740587933,1.175863847343992,0.3584,0.02162,0.0,0.0,0.0,0.0,0.0,0.0,0.0,0.0,0.15144561725562186,3.3455713630105564,15.819183111519049,9.871500688389155,0.7847636530518589,0.027535566773749433,0.0,0.0,0.0,0.0,0.0,0.0,0.0,0.0,0.0,0.0,0.0,0.0,0.0,0.0,0.0,0.0,0.3594,0.02248,0.0,0.0,0.0,0.0,0.0,0.0,0.0,0.0,0.12377514182568337,3.66683857658587,14.961320268179477,10.087674058793178,1.1603919546157815,0.0,0.0,0.0,0.0,0.0,0.0,0.0,0.0,0.0,0.0,0.0,0.0,0.0,0.0,0.0,0.0,0.0
86100,4177,2105,0.5039502034953316,959,900,0.4450562604740244,1198,0.5736174287766339,0.422,2.872104247104247,3.0495511747650537,6.578651685393258,2.121848457990564,9280.505033397578,1416.325016246382,7853.0,10742.239505648613,10685.631128029303,17.365927324554814,7853.0,0.0,27.819727076849414,21.06983755755293,33.13225526999711,19.227061157758246,0.14699545128082356,0.10174766578884367,0.08953794589418243,0.08642566435240603,0.07541297581996648,0.07182188173330141,0.07589178836485516,0.06679435001197032,0.05434522384486474,0.04644481685420158,0.04261431649509217,0.043093129039980846,0.03782619104620541,0.023701220971989467,0.018673689250658366,0.013167344984438592,0.005506344266219775,0.923314376113687,0.0231613688191109,0.0,0.0,0.0,0.0,0.0,0.0,0.0,0.0,0.0,0.0,0.0,0.0,0.0,0.0,0.0,0.0,0.0,0.0,0.0,0.0,0.0,0.0,0.0,0.0,0.0,0.18673689250658373,4.582236054584631,15.333971750059854,8.970553028489348,0.9265022743595884,4.226022304832714,2.809210716035046,nan,nan,nan,4.246290801186944,2.7736348065424457,4.2020879940343026,2.842396893405212,0.9895902543602795,0.3594,0.02106,0.0,0.0,0.0,0.0,0.0,0.0,0.0,0.0,0.0861862580799617,3.224802489825234,15.506344266219779,10.45726598036867,0.7182188173330142,0.007182188173330143,0.0,0.0,0.0,0.0,0.0,0.0,0.0,0.0,0.0,0.0,0.0,0.0,0.0,0.0,0.0,0.0,nan,nan,4.226022304832714,2.809210716035046,nan,0.3594,0.1195,0.0,0.0,0.0,0.0,0.0,0.00013167344984438593,0.00031122815417763944,0.00289681589657649,0.00013167344984438593,0.0009576250897773521,0.001604022025377065,0.0038305003591094086,0.0028728752693320567,0.0020349533157768733,0.0061766818290639215,0.014926981086904477,0.005614077088819727,0.04030404596600431,0.004656451999042375,0.009181230548240363,0.014591812305482404,0.00780464448168542,0.001340675125688293,0.035456068949006464,0.024084271007900407,0.02670576969116591,0.015322001436437634,0.03230787646636342,0.03641369403878381,0.04423030883409145,0.014867129518793392,0.03516878142207326,0.01951161120421355,0.02488628202058894,0.02090016758439071,0.03755087383289442,0.07042135503950203,0.01803926262868087,0.04704333253531243,0.012353363658127843,0.02318649748623414,0.0237969834809672,0.02311467560450084,0.0229470912137898,0.013933445056260475,0.03154177639454154,0.028441465166387358,0.0364735456068949,0.02534115393823318,0.030811587263586307,0.01696193440268135,0.009791716542973426,0.005063442662197749,0.007984199186018674,0.0017476657888436677,0.009707924347617908,0.001951161120421355,0.008881972707684942,0.0037227675365094567,1.1970313622216901e-05,0.004512808235575772,0.0025017955470433327,0.009815657170217859,0.0028848455829542734,2.3940627244433803e-05,0.006368206847019392,0.0008858032080440507,0.00034713909504429014,0.002717261192243237,0.009133349293751496,0.00010773282259995212,0.0005506344266219775,8.379219535551832e-05,0.0,1.1970313622216901e-05,0.0,1.1970313622216901e-05,0.0,0.0,0.0,0.0,0.0,0.0,0.0,0.0,0.0,0.0,0.0,0.0,0.0,0.0,0.0,0.0,0.0,0.0,0.0,0.0,0.0,0.0,0.0,0.0,nan,nan,4.226022304832714,2.809210716035046,nan,0.9235799763661382,0.02266335867612416,0.0,0.0,0.0,0.0,0.0,0.0,0.0,0.0,0.0,0.0,0.0,0.0,0.0,0.0,0.0,0.0,0.0,0.0,0.0,0.0,0.0,0.0,0.0,0.0,0.0,0.15676959619952496,4.489311163895488,15.520190023752972,9.035629453681713,0.798099762470309,0.9230445457413851,0.023653523499623023,0.0,0.0,0.0,0.0,0.0,0.0,0.0,0.0,0.0,0.0,0.0,0.0,0.0,0.0,0.0,0.0,0.0,0.0,0.0,0.0,0.0,0.0,0.0,0.0,0.0,0.21718146718146725,4.6766409266409275,15.144787644787648,8.904440154440156,1.0569498069498071,0.3591,0.0211,0.0,0.0,0.0,0.0,0.0,0.0,0.0,0.0,0.08551068883610452,3.2779097387173404,15.448931116389552,10.475059382422787,0.7125890736342044,0.0,0.0,0.0,0.0,0.0,0.0,0.0,0.0,0.0,0.0,0.0,0.0,0.0,0.0,0.0,0.0,0.0,0.3594,0.02101,0.0,0.0,0.0,0.0,0.0,0.0,0.0,0.0,0.08687258687258688,3.1708494208494216,15.564671814671819,10.439189189189173,0.723938223938224,0.014478764478764483,0.0,0.0,0.0,0.0,0.0,0.0,0.0,0.0,0.0,0.0,0.0,0.0,0.0,0.0,0.0,0.0
86200,4314,2250,0.521557719054242,1070,870,0.44969865554010197,1189,0.5512285581826611,0.40199999999999997,2.953972868217054,3.0497035234034167,6.398648648648648,2.1236756282091496,9329.970520574348,1414.660468543443,7853.0,10753.897296071053,10684.844811447885,17.231012756871035,7853.0,0.0,28.004404265183126,20.879252591075403,32.86296092460099,19.161709049809083,0.13722763096893834,0.10083449235048679,0.09225776541492814,0.09109874826147427,0.07927677329624479,0.07301808066759388,0.06722299490032453,0.06930922577654149,0.05725544738062123,0.05146036161335188,0.04381084840055633,0.039870190078813164,0.03639313861845155,0.024571163653222067,0.01854427445526194,0.011821974965229486,0.00602688919796013,0.9229037108303056,0.02264128244378396,0.0,0.0,0.0,0.0,0.0,0.0,0.0,0.0,0.0,0.0,0.0,0.0,0.0,0.0,0.0,0.0,0.0,0.0,0.0,0.0,0.0,0.0,0.0,0.0,0.0,0.17385257301808069,4.575799721835884,15.438108484005566,8.956884561891517,0.8553546592489571,4.173959827833572,2.8687594914713577,nan,nan,nan,4.163946061036196,2.86620608173615,4.184191443074692,2.8713300343908976,1.004862066352862,0.3586,0.02196,0.0,0.0,0.0,0.0,0.0,0.0,0.0,0.0,0.11821974965229488,3.755215577190543,15.07649513212796,10.236439499304575,0.8136300417246177,0.0,0.0,0.0,0.0,0.0,0.0,0.0,0.0,0.0,0.0,0.0,0.0,0.0,0.0,0.0,0.0,0.0,nan,nan,4.173959827833572,2.8687594914713577,nan,0.3586,0.119,0.0,0.0,0.0,0.0,0.0,3.4770514603616136e-05,0.0001159017153453871,0.0031525266573945296,0.0005099675475197032,0.0009156235512285582,0.0014140009272137228,0.0032336578581363003,0.003222067686601762,0.00224849327770051,0.006606397774687065,0.014510894761242467,0.005030134445989801,0.039441353732035236,0.0036277236903106166,0.008588317107093185,0.016318961520630504,0.00854195642095503,0.0010894761242466388,0.03883866481223922,0.023435326842837275,0.029021789522484933,0.01383866481223922,0.029995363931386184,0.035280482151135835,0.046534538711172926,0.0149397311080204,0.0354195642095503,0.01755910987482615,0.024965229485396385,0.021638850254983775,0.03902410755679184,0.06903106165971257,0.017477978674084377,0.04683588317107093,0.014360222531293463,0.02296012980992119,0.024687065368567455,0.023041261010662957,0.02327306444135373,0.012633286972647196,0.03176866017617061,0.028801576263328698,0.03669448307834956,0.02517385257301808,0.03130505331478906,0.015090403337969401,0.009469170143718127,0.0050880853036624945,0.008484005563282337,0.0012633286972647195,0.01044274455261938,0.001692165044042652,0.008286972647195178,0.005261937876680575,1.1590171534538712e-05,0.004334724153917478,0.0022716736207695873,0.009133055169216505,0.0024918868799258228,5.795085767269355e-05,0.005227167362076959,0.000961984237366713,0.0006142790913305516,0.0028280018544274456,0.009248956884561892,0.0001159017153453871,0.00024339360222531294,0.0001159017153453871,4.636068613815485e-05,0.0,0.0,8.113120074177098e-05,0.0,0.0,0.0,0.0,0.0,0.0,0.0,0.0,0.0,0.0,0.0,0.0,0.0,0.0,0.0,0.0,0.0,0.0,0.0,0.0,0.0,0.0,0.0,0.0,nan,nan,4.173959827833572,2.8687594914713577,nan,0.9225731937620375,0.022628334799852434,0.0,0.0,0.0,0.0,0.0,0.0,0.0,0.0,0.0,0.0,0.0,0.0,0.0,0.0,0.0,0.0,0.0,0.0,0.0,0.0,0.0,0.0,0.0,0.0,0.0,0.16000000000000003,4.653333333333334,15.573333333333336,8.813333333333334,0.8000000000000002,0.923264012866935,0.02264989453283652,0.0,0.0,0.0,0.0,0.0,0.0,0.0,0.0,0.0,0.0,0.0,0.0,0.0,0.0,0.0,0.0,0.0,0.0,0.0,0.0,0.0,0.0,0.0,0.0,0.0,0.18895348837209308,4.491279069767443,15.290697674418608,9.113372093023258,0.9156976744186048,0.3586,0.02226,0.0,0.0,0.0,0.0,0.0,0.0,0.0,0.0,0.1466666666666667,3.7466666666666675,14.94666666666667,10.319999999999986,0.8400000000000002,0.0,0.0,0.0,0.0,0.0,0.0,0.0,0.0,0.0,0.0,0.0,0.0,0.0,0.0,0.0,0.0,0.0,0.3586,0.02164,0.0,0.0,0.0,0.0,0.0,0.0,0.0,0.0,0.08720930232558141,3.764534883720931,15.218023255813957,10.145348837209289,0.7848837209302327,0.0,0.0,0.0,0.0,0.0,0.0,0.0,0.0,0.0,0.0,0.0,0.0,0.0,0.0,0.0,0.0,0.0
86300,4098,2125,0.5185456320156173,984,828,0.44216691068814057,1152,0.5622254758418741,0.418,2.9660415610745057,3.1239574873002347,6.654676258992806,2.1540065737253897,9321.230924661244,1414.802822315237,7853.0,10738.89923608303,10684.44015494672,17.624781337599877,7853.0,0.0,27.894338701805758,20.912511804891402,32.80888759802498,19.20411969337953,0.13787213274768179,0.10785749145924842,0.09370424597364568,0.08296730112249878,0.07564665690580771,0.08174719375305027,0.06612981942410932,0.05929721815519766,0.05929721815519766,0.05002440214738897,0.05002440214738897,0.04026354319180088,0.033430941922889215,0.02855051244509517,0.017325524646168863,0.009028794533918985,0.006832601268911664,0.9232361197122543,0.022874592385785295,0.0,0.0,0.0,0.0,0.0,0.0,0.0,0.0,0.0,0.0,0.0,0.0,0.0,0.0,0.0,0.0,0.0,0.0,0.0,0.0,0.0,0.0,0.0,0.0,0.007320644216691071,0.18301610541727675,4.494875549048317,15.51976573938507,8.828696925329432,0.9663250366032213,4.289733840304183,2.9067394361537353,nan,nan,nan,4.253617669459254,2.840323468817801,4.325740318906606,2.9710393329074964,1.0169556022783122,0.3574,0.02132,0.0,0.0,0.0,0.0,0.0,0.0,0.0,0.0,0.13177159590043927,3.843338213762812,15.922401171303079,9.385065885797935,0.7101024890190338,0.007320644216691071,0.0,0.0,0.0,0.0,0.0,0.0,0.0,0.0,0.0,0.0,0.0,0.0,0.0,0.0,0.0,0.0,nan,nan,4.289733840304183,2.9067394361537353,nan,0.3574,0.1187,0.0,0.0,0.0,0.0,0.0,1.2201073694485114e-05,0.0002562225475841874,0.002867252318204002,0.00046364080039043435,0.0008784773060029283,0.0013177159590043923,0.003550512445095168,0.003074670571010249,0.002025378233284529,0.007747681795998048,0.01566617862371889,0.004367984382625671,0.040165934602245,0.003269887750122011,0.009943875061005369,0.015763787213274767,0.00956564177647633,0.0014519277696437287,0.03922645192776964,0.02282820888238165,0.029209370424597366,0.014897510980966325,0.027269399707174232,0.03560273304050757,0.04477794045876037,0.01641044411908248,0.035236700829673014,0.01841142020497804,0.026451927769643727,0.02077842850170815,0.037847730600292825,0.06581259150805271,0.017947779404587604,0.04940214738897023,0.015446559297218155,0.021144460712542702,0.024804782820888237,0.024816983894582725,0.024377745241581258,0.011566617862371889,0.03223523670082967,0.027952659834065398,0.03760370912640312,0.024707174231332358,0.03034407027818448,0.014616886285993167,0.009468033186920449,0.005807711078574915,0.009175207418252807,0.000854075158613958,0.010297706198145436,0.001488530990727184,0.008125915080527086,0.005148853099072718,0.0,0.004001952171791117,0.002464616886285993,0.008138116154221572,0.00269643728648121,2.4402147388970228e-05,0.004050756466569058,0.001061493411420205,0.000951683748169839,0.002367008296730112,0.009211810639336262,0.00014641288433382137,0.00013421181063933625,0.00013421181063933625,3.6603221083455344e-05,0.0,0.0,9.760858955588091e-05,0.0,0.0,0.0,0.0,0.0,0.0,0.0,0.0,0.0,0.0,0.0,0.0,0.0,0.0,0.0,0.0,0.0,0.0,0.0,0.0,0.0,0.0,0.0,0.0,nan,nan,4.289733840304183,2.9067394361537353,nan,0.9227788391113281,0.022471284033686735,0.0,0.0,0.0,0.0,0.0,0.0,0.0,0.0,0.0,0.0,0.0,0.0,0.0,0.0,0.0,0.0,0.0,0.0,0.0,0.0,0.0,0.0,0.0,0.0,0.0,0.14117647058823532,4.630588235294119,15.642352941176474,8.71058823529412,0.875294117647059,0.9237286292292174,0.023291124997659535,0.0,0.0,0.0,0.0,0.0,0.0,0.0,0.0,0.0,0.0,0.0,0.0,0.0,0.0,0.0,0.0,0.0,0.0,0.0,0.0,0.0,0.0,0.0,0.0,0.015205271160669035,0.22807906741003553,4.348707551951344,15.387734414597064,8.955904713634062,1.0643689812468324,0.358,0.02179,0.0,0.0,0.0,0.0,0.0,0.0,0.0,0.0,0.15529411764705886,3.9388235294117657,15.571764705882357,9.557647058823516,0.7623529411764708,0.014117647058823533,0.0,0.0,0.0,0.0,0.0,0.0,0.0,0.0,0.0,0.0,0.0,0.0,0.0,0.0,0.0,0.0,0.3572,0.02081,0.0,0.0,0.0,0.0,0.0,0.0,0.0,0.0,0.10643689812468325,3.7404967055245826,16.300050684237206,9.199189052204751,0.6538266599087685,0.0,0.0,0.0,0.0,0.0,0.0,0.0,0.0,0.0,0.0,0.0,0.0,0.0,0.0,0.0,0.0,0.0
86400,4085,2122,0.5194614443084455,979,816,0.4394124847001224,1147,0.5615667074663403,0.438,2.974528782475802,3.0883349487287437,6.618279569892473,2.1292019591322413,9323.810797188331,1414.689879503469,7853.0,10751.939086318016,10684.41475330553,17.355337926133117,7853.0,0.0,28.182864137086902,20.968487170518987,33.20198482194979,19.169674576814604,0.1390452876376989,0.09791921664626684,0.09253365973072215,0.0817625458996328,0.08910648714810282,0.07588739290085679,0.06340269277845777,0.06291309669522643,0.05581395348837209,0.05679314565483476,0.04626682986536108,0.04039167686658507,0.03280293757649939,0.03084455324357405,0.016891064871481027,0.01175030599755202,0.00587515299877601,0.9224305703415281,0.022905844753017806,0.0,0.0,0.0,0.0,0.0,0.0,0.0,0.0,0.0,0.0,0.0,0.0,0.0,0.0,0.0,0.0,0.0,0.0,0.0,0.0,0.0,0.0,0.0,0.0,0.0,0.22031823745410042,4.589963280293759,15.92900856793146,8.496940024479805,0.7637698898408815,4.244813278008299,2.872502354814162,nan,nan,nan,4.150914634146342,2.824128251860488,4.336818521284541,2.9161924451367995,1.044786246772919,0.3577,0.02141,0.0,0.0,0.0,0.0,0.0,0.0,0.0,0.0,0.06609547123623012,3.8555691554467573,15.74541003671971,9.730722154222752,0.6022031823745411,0.0,0.0,0.0,0.0,0.0,0.0,0.0,0.0,0.0,0.0,0.0,0.0,0.0,0.0,0.0,0.0,0.0,nan,nan,4.244813278008299,2.872502354814162,nan,0.3577,0.1189,0.0,0.0,0.0,0.0,0.0,0.0,0.00017135862913096695,0.003035495716034272,0.0004039167686658507,0.001003671970624235,0.0015667074663402692,0.003329253365973072,0.003353733170134639,0.002484700122399021,0.007172582619339046,0.01638922888616891,0.003708690330477356,0.03960832313341493,0.0031334149326805384,0.00974296205630355,0.01591187270501836,0.009057527539779682,0.0017747858017135862,0.04037943696450429,0.02237454100367197,0.029914320685434516,0.014749082007343942,0.02767441860465116,0.03517747858017136,0.04430844553243574,0.016597307221542228,0.03518971848225214,0.019351285189718483,0.026144430844553243,0.01959608323133415,0.04011015911872705,0.06533659730722154,0.016193390452876377,0.05123623011015912,0.015642594859241125,0.018739290085679313,0.024222766217870256,0.02434516523867809,0.023782129742962056,0.011664626682986536,0.033121175030599755,0.028078335373317012,0.03572827417380661,0.02599755201958384,0.03105263157894737,0.015214198286413709,0.0099265605875153,0.004871481028151775,0.010134638922888618,0.0008935128518971848,0.009840881272949817,0.0013219094247246023,0.007490820073439412,0.005055079559363525,0.0,0.00416156670746634,0.003329253365973072,0.008127294981640146,0.002631578947368421,2.4479804161566707e-05,0.0043818849449204405,0.0011627906976744186,0.0010281517747858016,0.002594859241126071,0.008629130966952264,0.00022031823745410036,0.0002692778457772338,2.4479804161566707e-05,2.4479804161566707e-05,0.0,1.2239902080783353e-05,7.343941248470012e-05,0.0,0.0,0.0,0.0,0.0,0.0,0.0,0.0,0.0,0.0,0.0,0.0,0.0,0.0,0.0,0.0,0.0,0.0,0.0,0.0,0.0,0.0,0.0,0.0,nan,nan,4.244813278008299,2.872502354814162,nan,0.9228518447653512,0.02269827705042339,0.0,0.0,0.0,0.0,0.0,0.0,0.0,0.0,0.0,0.0,0.0,0.0,0.0,0.0,0.0,0.0,0.0,0.0,0.0,0.0,0.0,0.0,0.0,0.0,0.0,0.19792648444863342,4.311969839773799,16.060320452403396,8.70876531573987,0.7210179076343074,0.9219751733331977,0.023119497399230166,0.0,0.0,0.0,0.0,0.0,0.0,0.0,0.0,0.0,0.0,0.0,0.0,0.0,0.0,0.0,0.0,0.0,0.0,0.0,0.0,0.0,0.0,0.0,0.0,0.0,0.24452368823229756,4.890473764645951,15.78706062149771,8.267957208354561,0.8099847172694857,0.3577,0.02151,0.0,0.0,0.0,0.0,0.0,0.0,0.0,0.0,0.056550424128180975,3.887841658812442,15.622054665409994,9.740810556079158,0.6927426955702168,0.0,0.0,0.0,0.0,0.0,0.0,0.0,0.0,0.0,0.0,0.0,0.0,0.0,0.0,0.0,0.0,0.0,0.3574,0.02127,0.0,0.0,0.0,0.0,0.0,0.0,0.0,0.0,0.07641365257259299,3.8206826286296494,15.878757004584823,9.719816607233811,0.5043301069791137,0.0,0.0,0.0,0.0,0.0,0.0,0.0,0.0,0.0,0.0,0.0,0.0,0.0,0.0,0.0,0.0,0.0
86500,4471,2328,0.5206888839185865,1114,896,0.4495638559606352,1253,0.5605010064862447,0.39399999999999996,2.945870275314979,3.0797246842255785,6.47741935483871,2.131440475725483,9326.755895969452,1414.0402986233735,7853.0,10742.213121891022,10683.396310515216,17.150569283397086,7853.0,0.0,28.2487139342429,20.88796750129842,33.186337054758106,19.084108149754034,0.13800044732721986,0.10154327890852158,0.08745247148288973,0.08342652650413777,0.0789532543055245,0.07537463654663386,0.07023037351822858,0.06620442853947663,0.06217848356072467,0.053231939163498096,0.04607470364571684,0.04160143144710356,0.03310221426973831,0.029970923730709014,0.015432789085215835,0.010512189666741221,0.006709908297919929,0.9229467292542267,0.023025486012610896,0.0,0.0,0.0,0.0,0.0,0.0,0.0,0.0,0.0,0.0,0.0,0.0,0.0,0.0,0.0,0.0,0.0,0.0,0.0,0.0,0.0,0.0,0.0,0.0,0.0,0.21471706553343775,4.6298367255647515,15.499888168195039,8.776560053679267,0.8789979870275109,4.190426997245179,2.905874990350864,nan,nan,nan,4.093922651933702,2.859899270834752,4.2864010989010985,2.947756031176843,1.0470156530379202,0.3557,0.02112,0.0,0.0,0.0,0.0,0.0,0.0,0.0,0.0,0.0872288078729591,4.374860210243794,16.34533661373295,8.675911429210455,0.5166629389398346,0.0,0.0,0.0,0.0,0.0,0.0,0.0,0.0,0.0,0.0,0.0,0.0,0.0,0.0,0.0,0.0,0.0,nan,nan,4.190426997245179,2.905874990350864,nan,0.3557,0.1198,0.0,0.0,0.0,0.0,0.0,0.0,0.0004137776783717289,0.002672780138671438,0.0007604562737642585,0.0013531648400805188,0.0017557593379557146,0.0041601431447103555,0.003489152314918363,0.0027510624021471705,0.007302616864236189,0.017624692462536347,0.0047304853500335494,0.03802281368821293,0.003970029076269291,0.009550436144039364,0.01694251845224782,0.00991948110042496,0.0020688883918586446,0.03942071125027958,0.02452471482889734,0.028696041154104228,0.016785953925296353,0.029121002012972488,0.035428315813017225,0.04191456050100648,0.01660702303735182,0.035014538134645494,0.018810109595168868,0.025810780585998658,0.020588235294117647,0.041187653768731826,0.06100424960858868,0.017837172891970475,0.049776336390069335,0.01646164169089689,0.018385148736300604,0.024435249384925074,0.023909639901588012,0.023987922165063746,0.011037799150078282,0.03453366137329456,0.027443524938492506,0.03469022590024603,0.02648177141579065,0.029959740550212482,0.014750615074927309,0.01033325877879669,0.005155446208901812,0.0074368150301945875,0.0010400357861775889,0.008197271303958847,0.0017110266159695818,0.00713486915678819,0.004305524491165287,3.354954148959964e-05,0.0046745694475508835,0.003914113173786625,0.007559830015656453,0.003187206441511966,5.591590248266607e-05,0.004629836725564751,0.0014202639230597182,0.0012748825766047865,0.001722209796466115,0.009214940729143369,0.0004137776783717289,0.00038022813688212925,0.0,0.00011183180496533214,0.0,0.0,0.0,0.0,0.0,0.0,0.0,0.0,0.0,0.0,0.0,0.0,0.0,0.0,0.0,0.0,0.0,0.0,0.0,0.0,0.0,0.0,0.0,0.0,0.0,0.0,0.0,nan,nan,4.190426997245179,2.905874990350864,nan,0.9225638848809442,0.022969337040510275,0.0,0.0,0.0,0.0,0.0,0.0,0.0,0.0,0.0,0.0,0.0,0.0,0.0,0.0,0.0,0.0,0.0,0.0,0.0,0.0,0.0,0.0,0.0,0.0,0.0,0.24484536082474231,4.755154639175259,15.52835051546392,8.68556701030928,0.7860824742268043,0.9233626236550674,0.02307913177516613,0.0,0.0,0.0,0.0,0.0,0.0,0.0,0.0,0.0,0.0,0.0,0.0,0.0,0.0,0.0,0.0,0.0,0.0,0.0,0.0,0.0,0.0,0.0,0.0,0.0,0.1819878674755017,4.4937004199720025,15.468968735417642,8.875408306112927,0.9799346710219321,0.3562,0.02101,0.0,0.0,0.0,0.0,0.0,0.0,0.0,0.0,0.06443298969072166,4.291237113402063,16.14690721649485,9.08505154639174,0.41237113402061865,0.0,0.0,0.0,0.0,0.0,0.0,0.0,0.0,0.0,0.0,0.0,0.0,0.0,0.0,0.0,0.0,0.0,0.3552,0.02122,0.0,0.0,0.0,0.0,0.0,0.0,0.0,0.0,0.11199253383107795,4.465702286514233,16.56089594027065,8.231451236584215,0.6299580027998134,0.0,0.0,0.0,0.0,0.0,0.0,0.0,0.0,0.0,0.0,0.0,0.0,0.0,0.0,0.0,0.0,0.0
86600,4408,2293,0.5201905626134301,1089,911,0.4537205081669691,1247,0.5657894736842105,0.39399999999999996,2.911111111111111,3.0894687960157534,6.503344481605351,2.2890948799966195,9325.1632159699,1413.9229271578336,7853.0,10738.878961205482,10683.045990403542,17.148434762289803,7853.0,0.0,27.749092558983666,20.65746974693016,32.78963083604778,18.848616620497577,0.14088021778584392,0.09732304900181488,0.09210526315789473,0.09187840290381125,0.08461887477313974,0.07463702359346643,0.0662431941923775,0.05966424682395644,0.058303085299455534,0.05421960072595281,0.04945553539019964,0.04333030852994555,0.032667876588021776,0.022005444646098004,0.017695099818511795,0.009981851179673321,0.004990925589836661,0.9229183633103561,0.0235356650580865,0.0,0.0,0.0,0.0,0.0,0.0,0.0,0.0,0.0,0.0,0.0,0.0,0.0,0.0,0.0,0.0,0.0,0.0,0.0,0.0,0.0,0.0,0.0,0.0,0.0,0.30626134301270425,4.600725952813068,15.224591651542653,8.901996370235937,0.9664246823956445,4.152850647079398,2.9297597552672943,nan,nan,nan,4.142657342657342,2.8826582892628596,4.163051084674597,2.9761131015691547,1.0049228648015993,0.3542,0.02098,0.0,0.0,0.0,0.0,0.0,0.0,0.0,0.0,0.1225045372050817,4.757259528130672,16.531306715063526,8.200998185117955,0.3811252268602542,0.006805807622504539,0.0,0.0,0.0,0.0,0.0,0.0,0.0,0.0,0.0,0.0,0.0,0.0,0.0,0.0,0.0,0.0,nan,nan,4.152850647079398,2.9297597552672943,nan,0.3542,0.11945,0.0,0.0,0.0,0.0,0.0,0.0,0.0005671506352087115,0.002688294010889292,0.0008847549909255898,0.0006692377495462795,0.0020077132486388386,0.004083484573502722,0.0033802177858439203,0.0031193284936479127,0.006658348457350272,0.01877268602540835,0.004299001814882033,0.039224137931034485,0.003312159709618875,0.009664246823956443,0.016878402903811252,0.009051724137931035,0.002676950998185118,0.040970961887477314,0.025771324863883848,0.02658802177858439,0.017967332123411978,0.030569419237749546,0.03698956442831216,0.04301270417422867,0.015948275862068966,0.03466424682395644,0.01880671506352087,0.025782667876588023,0.02110934664246824,0.04275181488203267,0.06235254083484573,0.017093920145190563,0.04751588021778584,0.015426497277676952,0.019090290381125228,0.023672867513611615,0.023990471869328494,0.023037658802177858,0.011740018148820327,0.0338475499092559,0.02692831215970962,0.033076225045372054,0.029004083484573503,0.029378402903811253,0.013237295825771324,0.010095281306715064,0.005195099818511796,0.0072028130671506355,0.0009641560798548095,0.0073502722323049,0.001973684210526316,0.006669691470054446,0.0048661524500907445,1.1343012704174228e-05,0.00448049001814882,0.0039246823956442835,0.0072028130671506355,0.002268602540834846,1.1343012704174228e-05,0.005626134301270417,0.0011002722323049002,0.0011002722323049002,0.0015766787658802177,0.009153811252268603,0.0001247731397459165,0.0006805807622504537,0.0,0.0001588021778584392,0.0,0.0,0.0,0.0,0.0,0.0,0.0,0.0,0.0,0.0,0.0,0.0,0.0,0.0,0.0,0.0,0.0,0.0,0.0,0.0,0.0,0.0,0.0,0.0,0.0,0.0,0.0,nan,nan,4.152850647079398,2.9297597552672943,nan,0.9234552418255046,0.023735906094859708,0.0,0.0,0.0,0.0,0.0,0.0,0.0,0.0,0.0,0.0,0.0,0.0,0.0,0.0,0.0,0.0,0.0,0.0,0.0,0.0,0.0,0.0,0.0,0.0,0.0,0.3270824247710424,4.448320976886176,15.228957697339732,8.88355865678151,1.112080244221544,0.9223363006932234,0.02330265835315264,0.0,0.0,0.0,0.0,0.0,0.0,0.0,0.0,0.0,0.0,0.0,0.0,0.0,0.0,0.0,0.0,0.0,0.0,0.0,0.0,0.0,0.0,0.0,0.0,0.0,0.2836879432624114,4.765957446808511,15.219858156028373,8.921985815602838,0.8085106382978725,0.3545,0.0209,0.0,0.0,0.0,0.0,0.0,0.0,0.0,0.0,0.09158307893589188,4.526820758831226,16.733536851286527,8.242477104230256,0.4055822067160926,0.0,0.0,0.0,0.0,0.0,0.0,0.0,0.0,0.0,0.0,0.0,0.0,0.0,0.0,0.0,0.0,0.0,0.354,0.02104,0.0,0.0,0.0,0.0,0.0,0.0,0.0,0.0,0.15602836879432627,5.007092198581561,16.312056737588655,8.156028368794313,0.35460992907801425,0.01418439716312057,0.0,0.0,0.0,0.0,0.0,0.0,0.0,0.0,0.0,0.0,0.0,0.0,0.0,0.0,0.0,0.0
86700,4235,2174,0.5133412042502952,1034,830,0.4401416765053129,1151,0.5435655253837072,0.442,2.916060164968462,3.1227886622198224,6.510344827586207,2.267817548397153,9305.517811095897,1414.319588379615,7853.0,10742.807664513588,10682.536766325265,17.395532632272094,7853.0,0.0,27.65336481700118,20.992702052032772,32.7579275198188,19.25622980211345,0.1435655253837072,0.10696576151121606,0.09350649350649351,0.08524203069657615,0.08146399055489964,0.07107438016528926,0.06493506493506493,0.06351829988193625,0.05478158205430933,0.05360094451003542,0.047225501770956316,0.0384887839433294,0.03754427390791027,0.023140495867768594,0.017001180637544275,0.011334120425029516,0.006611570247933884,0.9230592778891571,0.023040418262233114,0.0,0.0,0.0,0.0,0.0,0.0,0.0,0.0,0.0,0.0,0.0,0.0,0.0,0.0,0.0,0.0,0.0,0.0,0.0,0.0,0.0,0.0,0.0,0.0,0.0,0.21959858323494694,4.554899645808738,15.371900826446284,9.088547815820545,0.7650531286894925,4.235600148643627,2.89764890829596,nan,nan,nan,4.237037037037037,2.9371374509947037,4.236567164179104,2.8570426481328846,0.9998891034338794,0.354,0.02126,0.0,0.0,0.0,0.0,0.0,0.0,0.0,0.0,0.17709563164108622,4.788665879574971,16.809917355371905,7.799291617473424,0.42502951593860694,0.0,0.0,0.0,0.0,0.0,0.0,0.0,0.0,0.0,0.0,0.0,0.0,0.0,0.0,0.0,0.0,0.0,nan,nan,4.235600148643627,2.89764890829596,nan,0.354,0.11896,0.0,0.0,0.0,0.0,0.0,0.0,0.0006375442739079102,0.0027508854781582055,0.0009090909090909091,0.0007319952774498229,0.0018654073199527745,0.004569067296340023,0.0034946871310507673,0.0032231404958677685,0.006446280991735537,0.018028335301062574,0.004002361275088548,0.038536009445100355,0.0034828807556080282,0.00948051948051948,0.01576151121605667,0.009303423848878395,0.003152302243211334,0.041192443919716645,0.02463990554899646,0.02728453364817001,0.01785123966942149,0.031818181818181815,0.03677685950413223,0.04526564344746163,0.016056670602125147,0.035489964580873674,0.019020070838252655,0.02681227863046045,0.019055489964580875,0.04344746162927981,0.06064935064935065,0.015312868949232585,0.04749704840613932,0.016056670602125147,0.018040141676505313,0.024545454545454544,0.024710743801652894,0.024273907910271546,0.013128689492325856,0.032349468713105074,0.02822904368358914,0.030566706021251475,0.026894923258559623,0.03293978748524203,0.013884297520661157,0.009079102715466351,0.004663518299881936,0.007626918536009445,0.0009799291617473436,0.007733175914994097,0.0019598583234946873,0.006387249114521842,0.004096812278630461,0.0,0.00461629279811098,0.004344746162927981,0.007650531286894923,0.0023258559622195986,1.180637544273908e-05,0.005088547815820543,0.0011688311688311688,0.0015348288075560802,0.0016174734356552538,0.008170011806375443,1.180637544273908e-05,0.0005903187721369539,0.0,0.0001770956316410862,0.0,0.0,0.0,0.0,0.0,0.0,0.0,0.0,0.0,0.0,0.0,0.0,0.0,0.0,0.0,0.0,0.0,0.0,0.0,0.0,0.0,0.0,0.0,0.0,0.0,0.0,0.0,nan,nan,4.235600148643627,2.89764890829596,nan,0.9229747310568679,0.023151356810753886,0.0,0.0,0.0,0.0,0.0,0.0,0.0,0.0,0.0,0.0,0.0,0.0,0.0,0.0,0.0,0.0,0.0,0.0,0.0,0.0,0.0,0.0,0.0,0.0,0.0,0.20699172033118682,4.622815087396505,15.386384544618219,8.955841766329348,0.8279668813247473,0.9231484602343278,0.022922477388903528,0.0,0.0,0.0,0.0,0.0,0.0,0.0,0.0,0.0,0.0,0.0,0.0,0.0,0.0,0.0,0.0,0.0,0.0,0.0,0.0,0.0,0.0,0.0,0.0,0.0,0.23289665211062596,4.48326055312955,15.356622998544399,9.228529839883553,0.6986899563318778,0.3542,0.02129,0.0,0.0,0.0,0.0,0.0,0.0,0.0,0.0,0.20699172033118682,4.622815087396505,16.862925482980685,7.879484820607164,0.42778288868445274,0.0,0.0,0.0,0.0,0.0,0.0,0.0,0.0,0.0,0.0,0.0,0.0,0.0,0.0,0.0,0.0,0.0,0.354,0.02122,0.0,0.0,0.0,0.0,0.0,0.0,0.0,0.0,0.1455604075691412,4.963609898107715,16.754002911208154,7.714701601164472,0.4221251819505096,0.0,0.0,0.0,0.0,0.0,0.0,0.0,0.0,0.0,0.0,0.0,0.0,0.0,0.0,0.0,0.0,0.0
86800,4699,2476,0.5269206214088104,1199,926,0.45222387742072784,1273,0.5418174079591402,0.418,3.000449842555106,3.1053622415819455,6.61637239165329,2.1348266331906944,9343.896238343186,1412.7341678448372,7853.0,10735.02435696125,10682.451302089916,18.020935513554214,7853.0,0.0,27.971270483081508,20.685584531995953,32.64156626506024,18.99453100206954,0.134283890189402,0.09746754628644393,0.09682911257714408,0.08852947435624602,0.07767610129814854,0.08235794849968078,0.06724835071291764,0.07256863162374974,0.05235156416258779,0.05320280910832092,0.042349436050223455,0.04022132368589062,0.03213449670142583,0.03064481804639285,0.016173653968929558,0.009363694403064482,0.006597148329431794,0.9232680887637125,0.02313606737971922,0.0,0.0,0.0,0.0,0.0,0.0,0.0,0.0,0.0,0.0,0.0,0.0,0.0,0.0,0.0,0.0,0.0,0.0,0.0,0.0,0.0,0.0,0.0,0.0,0.0,0.19791444988295387,4.469035965098958,15.52670781017238,8.848691210895938,0.9576505639497768,4.193357448207826,2.9309888714733052,nan,nan,nan,4.19811320754717,2.8796332310097292,4.190874035989717,2.978965505481344,0.9982756130672135,0.353,0.0211,0.0,0.0,0.0,0.0,0.0,0.0,0.0,0.0,0.19153011278995535,5.152160034049799,16.51628005958715,7.865503298574154,0.274526494998936,0.0,0.0,0.0,0.0,0.0,0.0,0.0,0.0,0.0,0.0,0.0,0.0,0.0,0.0,0.0,0.0,0.0,nan,nan,4.193357448207826,2.9309888714733052,nan,0.353,0.11865,0.0,0.0,0.0,0.0,0.0,0.0,0.0006490742711215152,0.002596297084486061,0.0012023834858480528,0.0006809959565865078,0.0018833794424345605,0.004469035965098957,0.003373058097467546,0.0035007448393275164,0.006192806980208555,0.018908278357097255,0.0039050861885507556,0.0391253458182592,0.002958076186422643,0.010204298786975952,0.015216003404979783,0.009736114066822728,0.003224090231964248,0.03974249840391573,0.02586720578846563,0.027963396467333475,0.017769738242179187,0.033017663332623966,0.03505001064056182,0.04623324111513088,0.018099595658650776,0.03547563311342839,0.01853585869333901,0.025856565226643966,0.017716535433070866,0.04555224515854437,0.06324749946797191,0.01632262183443286,0.04594594594594595,0.014460523515641626,0.017439880825707597,0.02398382634603107,0.024686103426260906,0.024845711853585868,0.013045328793360289,0.03066609917003618,0.02848478399659502,0.03085762928282613,0.02660140455416046,0.033155990636305595,0.015311768461374761,0.007725047882528198,0.004309427537773995,0.0063311342838901895,0.0010640561821664183,0.007182379229623324,0.0020536284315811875,0.006895084060438391,0.0040008512449457335,0.0,0.005075547988933816,0.004522238774207278,0.007522877207916578,0.0021174718025111726,0.0,0.0044264737178123,0.0011385401149180676,0.0017663332623962546,0.0016599276441796127,0.00762928282613322,0.00010640561821664184,0.0003511385401149181,0.0,0.00036177910193658223,0.0,0.0,0.0,0.0,0.0,0.0,0.0,0.0,0.0,0.0,0.0,0.0,0.0,0.0,0.0,0.0,0.0,0.0,0.0,0.0,0.0,0.0,0.0,0.0,0.0,0.0,0.0,nan,nan,4.193357448207826,2.9309888714733052,nan,0.923748187829104,0.023589224613709932,0.0,0.0,0.0,0.0,0.0,0.0,0.0,0.0,0.0,0.0,0.0,0.0,0.0,0.0,0.0,0.0,0.0,0.0,0.0,0.0,0.0,0.0,0.0,0.0,0.0,0.25444264943457195,4.4345718901453965,15.20597738287561,9.00242326332795,1.1025848142164785,0.9227333495437804,0.022608653881676894,0.0,0.0,0.0,0.0,0.0,0.0,0.0,0.0,0.0,0.0,0.0,0.0,0.0,0.0,0.0,0.0,0.0,0.0,0.0,0.0,0.0,0.0,0.0,0.0,0.0,0.13495276653171392,4.5074224021592455,15.88394062078273,8.677462887989206,0.7962213225371122,0.3533,0.0215,0.0,0.0,0.0,0.0,0.0,0.0,0.0,0.0,0.20597738287560585,5.41599353796446,15.920840064620359,8.214862681744737,0.24232633279483043,0.0,0.0,0.0,0.0,0.0,0.0,0.0,0.0,0.0,0.0,0.0,0.0,0.0,0.0,0.0,0.0,0.0,0.3528,0.02063,0.0,0.0,0.0,0.0,0.0,0.0,0.0,0.0,0.17543859649122812,4.858299595141701,17.179487179487182,7.4763832658569385,0.310391363022942,0.0,0.0,0.0,0.0,0.0,0.0,0.0,0.0,0.0,0.0,0.0,0.0,0.0,0.0,0.0,0.0,0.0
86900,4638,2365,0.5099180681328158,1114,956,0.4463130659767141,1312,0.5657611039241052,0.43,3.0523537175538937,3.189206521183711,6.806299212598425,2.2191630695758837,9295.9936590818,1414.6998394862826,7853.0,10731.4654225111,10682.853949607352,16.86473782731365,7853.0,0.0,27.714747736093145,20.77507219428204,32.61232349165597,19.06748106098144,0.1371280724450194,0.10370849504096594,0.09702457956015524,0.08430357912893488,0.0795601552393273,0.07675722294092281,0.07201379905131522,0.06252695127210005,0.060370849504096595,0.05023717119448038,0.0474342388960759,0.03708495040965933,0.03083225528244933,0.02414833980163864,0.019620526088831393,0.011427339370418284,0.005821474773609315,0.9228356246446525,0.023156663136027045,0.0,0.0,0.0,0.0,0.0,0.0,0.0,0.0,0.0,0.0,0.0,0.0,0.0,0.0,0.0,0.0,0.0,0.0,0.0,0.0,0.0,0.0,0.0,0.0,0.0,0.23932729624838298,4.657179818887452,15.271668822768438,9.081500646830532,0.7503234152652007,4.387672617042775,2.914337146412284,nan,nan,nan,4.459800664451827,2.9048953915783007,4.313524590163935,2.9221562951576954,0.9672012080150062,0.3545,0.02086,0.0,0.0,0.0,0.0,0.0,0.0,0.0,0.0,0.13583441138421737,4.60543337645537,16.59767141009056,8.260025873221203,0.4010349288486418,0.0,0.0,0.0,0.0,0.0,0.0,0.0,0.0,0.0,0.0,0.0,0.0,0.0,0.0,0.0,0.0,0.0,nan,nan,4.387672617042775,2.914337146412284,nan,0.3545,0.118,0.0,0.0,0.0,0.0,0.0,0.0,0.0006144890038809832,0.002554980595084088,0.0012505390254420009,0.0007222940922811557,0.001520051746442432,0.004905131522207848,0.0033203967227253125,0.0029215178956446745,0.004711082363087538,0.017421302285467875,0.0035791289348857266,0.03703104786545925,0.00278137128072445,0.008926261319534282,0.015092712376024149,0.00944372574385511,0.00364381198792583,0.03952134540750323,0.02809400603708495,0.029161276412246657,0.01841310909874946,0.033548943510133676,0.0348749460974558,0.04829667960327728,0.01723803363518758,0.0330638206123329,0.018359206554549375,0.025334195774040533,0.018283742992669254,0.04478223372143165,0.06321690383786115,0.017917205692108668,0.0447498921949116,0.016213885295385942,0.01896291504959034,0.023027166882276844,0.02574385510996119,0.024008193186718412,0.013820612332902113,0.028913324708926262,0.030778352738249245,0.03115567054764985,0.027080638206123327,0.03363518758085381,0.014435101336783097,0.007460112117291936,0.0051423027166882275,0.006144890038809832,0.0012397585166019835,0.0071798188874514874,0.0017141009055627425,0.006705476498490729,0.004592496765847348,3.234152652005175e-05,0.005616645105648987,0.003288055196205261,0.00771884432945235,0.001854247520482967,0.0,0.0040534713238464855,0.0015955153083225529,0.001865028029322984,0.0016601983613626563,0.00841957740405347,7.546356188012074e-05,0.00022639068564036223,0.0,0.000344976282880552,0.0,0.0,0.0,0.0,0.0,0.0,0.0,0.0,0.0,0.0,0.0,0.0,0.0,0.0,0.0,0.0,0.0,0.0,0.0,0.0,0.0,0.0,0.0,0.0,0.0,0.0,0.0,nan,nan,4.387672617042775,2.914337146412284,nan,0.9232246500493104,0.022666681650763958,0.0,0.0,0.0,0.0,0.0,0.0,0.0,0.0,0.0,0.0,0.0,0.0,0.0,0.0,0.0,0.0,0.0,0.0,0.0,0.0,0.0,0.0,0.0,0.0,0.0,0.16490486257928122,4.553911205073996,15.577167019027486,8.904862579281186,0.7991543340380551,0.9224308533811171,0.02364891337600501,0.0,0.0,0.0,0.0,0.0,0.0,0.0,0.0,0.0,0.0,0.0,0.0,0.0,0.0,0.0,0.0,0.0,0.0,0.0,0.0,0.0,0.0,0.0,0.0,0.0,0.31676198856137266,4.764628244610647,14.953805543334804,9.26528816542015,0.6995160580730314,0.3545,0.02077,0.0,0.0,0.0,0.0,0.0,0.0,0.0,0.0,0.15221987315010574,4.6680761099365755,16.541226215644823,8.257928118393222,0.38054968287526436,0.0,0.0,0.0,0.0,0.0,0.0,0.0,0.0,0.0,0.0,0.0,0.0,0.0,0.0,0.0,0.0,0.0,0.3545,0.02095,0.0,0.0,0.0,0.0,0.0,0.0,0.0,0.0,0.11878574571051477,4.540255169379675,16.656401231852183,8.262208534975791,0.4223493180818303,0.0,0.0,0.0,0.0,0.0,0.0,0.0,0.0,0.0,0.0,0.0,0.0,0.0,0.0,0.0,0.0,0.0
87000,4726,2444,0.5171392297926365,1178,960,0.4523910283537876,1329,0.562420651713923,0.418,2.9710780017528484,3.0657483504589327,6.537404580152672,2.0745030078176967,9316.784146532082,1414.4950833549426,7853.0,10738.308226704597,10683.541684333315,17.497290352187346,7853.0,0.0,28.22217520101566,20.87626888675324,33.21299093655589,19.022260040707906,0.14028776978417265,0.09521794329242489,0.08823529411764706,0.08611933982225983,0.082945408379179,0.07786711807024968,0.06707575116377486,0.06390181972069403,0.06199746085484553,0.052264071096064325,0.045704612780363946,0.04231908590774439,0.033008887008040624,0.0279305966991113,0.01946677951756242,0.009944985188319933,0.005713076597545493,0.9231277091040028,0.023083318819163662,0.0,0.0,0.0,0.0,0.0,0.0,0.0,0.0,0.0,0.0,0.0,0.0,0.0,0.0,0.0,0.0,0.0,0.0,0.0,0.0,0.0,0.0,0.0,0.0,0.0,0.24756665256030475,4.545069826491749,15.33008887008041,8.95048666948794,0.9267879813796024,4.172771474878444,2.852671573562111,nan,nan,nan,4.233974358974359,2.872013427466464,4.11016393442623,2.83138064671074,0.9707578709621376,0.3557,0.02097,0.0,0.0,0.0,0.0,0.0,0.0,0.0,0.0,0.0952179432924249,4.468895471857809,16.1426153195091,8.874312314853986,0.4189589504866696,0.0,0.0,0.0,0.0,0.0,0.0,0.0,0.0,0.0,0.0,0.0,0.0,0.0,0.0,0.0,0.0,0.0,nan,nan,4.172771474878444,2.852671573562111,nan,0.3557,0.11725,0.0,0.0,0.0,0.0,0.0,0.0,0.0006665256030469742,0.0023169699534490054,0.0013436309775708844,0.0009415996614473127,0.001713922979263648,0.003882776132035548,0.0037240795598815065,0.0026343630977570883,0.0037981379602200593,0.01662082099026661,0.0038933559035124843,0.035844265763859504,0.002782479898434194,0.009426576385950064,0.014716462124418113,0.009691070672873467,0.0039462547608971645,0.03779094371561574,0.027158273381294964,0.029570461278036395,0.01838764282691494,0.03196148963182395,0.0353152771900127,0.0463076597545493,0.019911129919593738,0.03149597968683877,0.01892721117223868,0.02454506982649175,0.018440541684299618,0.045979686838764286,0.06591197630131189,0.01700169276343631,0.04742911553110453,0.014388489208633094,0.020651713922979265,0.022661870503597123,0.025931019889970378,0.023804485823106222,0.012727465086754127,0.029348286077020735,0.0313901819720694,0.03299830723656369,0.026904358865848497,0.034997884045704614,0.01469530258146424,0.006845112145577655,0.004845535336436733,0.005681337283114684,0.00173508252221752,0.0057871349978840456,0.0017456622936944562,0.006686415573423614,0.005543800253914515,6.34786288616166e-05,0.005681337283114684,0.0032691493863732544,0.008178163351671604,0.0017562420651713922,0.0,0.003956834532374101,0.001523487092678798,0.0015023275497249259,0.00173508252221752,0.00813584426576386,4.231908590774439e-05,0.0002539145154464664,0.0,0.0004443504020313161,1.0579771476936098e-05,0.0,0.0,0.0,0.0,0.0,0.0,0.0,0.0,0.0,0.0,0.0,0.0,0.0,0.0,0.0,0.0,0.0,0.0,0.0,0.0,0.0,0.0,0.0,0.0,0.0,0.0,nan,nan,4.172771474878444,2.852671573562111,nan,0.9232763830456523,0.023173476553284573,0.0,0.0,0.0,0.0,0.0,0.0,0.0,0.0,0.0,0.0,0.0,0.0,0.0,0.0,0.0,0.0,0.0,0.0,0.0,0.0,0.0,0.0,0.0,0.0,0.0,0.20867430441898532,4.480360065466449,15.331423895253685,8.997545008183307,0.981996726677578,0.9229684807458121,0.022985302136768877,0.0,0.0,0.0,0.0,0.0,0.0,0.0,0.0,0.0,0.0,0.0,0.0,0.0,0.0,0.0,0.0,0.0,0.0,0.0,0.0,0.0,0.0,0.0,0.0,0.0,0.28921998247151626,4.614373356704646,15.328659070990362,8.900087642418933,0.8676599474145489,0.3557,0.02075,0.0,0.0,0.0,0.0,0.0,0.0,0.0,0.0,0.08592471358428808,4.504909983633389,16.01882160392799,9.009819967266763,0.3805237315875615,0.0,0.0,0.0,0.0,0.0,0.0,0.0,0.0,0.0,0.0,0.0,0.0,0.0,0.0,0.0,0.0,0.0,0.3557,0.02118,0.0,0.0,0.0,0.0,0.0,0.0,0.0,0.0,0.10517090271691501,4.430324276950045,16.275197195442598,8.729184925503931,0.4601226993865032,0.0,0.0,0.0,0.0,0.0,0.0,0.0,0.0,0.0,0.0,0.0,0.0,0.0,0.0,0.0,0.0,0.0
87100,4635,2474,0.533764832793959,1144,915,0.4442286947141316,1270,0.5480043149946062,0.442,3.0758907913003237,3.1497819430652867,6.720967741935484,2.1697061713345334,9363.726912700937,1411.9859640886566,7853.0,10755.170881986618,10683.3230559292,17.038378281523507,7853.0,0.0,27.967637540453076,20.99731911603575,33.03739040742651,19.208644977585372,0.14325782092772385,0.10140237324703344,0.0878101402373247,0.08651564185544768,0.07766990291262135,0.07939590075512405,0.06839266450916937,0.06364617044228695,0.05566343042071197,0.05091693635382956,0.05156418554476807,0.042286947141316075,0.02826321467098166,0.027831715210355986,0.017691477885652642,0.008845738942826321,0.008845738942826321,0.9225598945072425,0.0232377786142272,0.0,0.0,0.0,0.0,0.0,0.0,0.0,0.0,0.0,0.0,0.0,0.0,0.0,0.0,0.0,0.0,0.0,0.0,0.0,0.0,0.0,0.0,0.0,0.0,0.0,0.21359223300970878,4.815533980582525,15.352750809061492,8.692556634304209,0.9255663430420714,4.285378151260504,2.9110461286080604,nan,nan,nan,4.331130204890945,2.9322718079926027,4.23750855578371,2.889072206493762,0.9783840141768279,0.3564,0.0207,0.0,0.0,0.0,0.0,0.0,0.0,0.0,0.0,0.11003236245954695,3.8705501618122984,16.36245954692557,9.255663430420698,0.40129449838187714,0.0,0.0,0.0,0.0,0.0,0.0,0.0,0.0,0.0,0.0,0.0,0.0,0.0,0.0,0.0,0.0,0.0,nan,nan,4.285378151260504,2.9110461286080604,nan,0.3564,0.1171,0.0,0.0,0.0,0.0,0.0,1.0787486515641855e-05,0.0006040992448759439,0.002524271844660194,0.001564185544768069,0.0012297734627831716,0.0016073354908306364,0.0033980582524271844,0.0030960086299892126,0.0027184466019417475,0.003570658036677454,0.015900755124056094,0.004142394822006472,0.03629989212513484,0.002448759439050701,0.01005393743257821,0.013807982740021575,0.009848975188781015,0.0037756202804746495,0.036893203883495145,0.026850053937432578,0.02831715210355987,0.016914778856526428,0.0319848975188781,0.03528586839266451,0.04619201725997842,0.021024811218985976,0.03179072276159655,0.019525350593311758,0.024854368932038837,0.019967637540453075,0.04770226537216828,0.06429341963322546,0.01638619201725998,0.048015102481121896,0.014023732470334413,0.022233009708737865,0.02173678532901834,0.02639697950377562,0.023613807982740022,0.013344120819848974,0.028619201725997842,0.030884573894282633,0.033106796116504855,0.028176914778856525,0.03668824163969795,0.013559870550161812,0.006580366774541531,0.003656957928802589,0.004983818770226537,0.0019525350593311759,0.004962243797195253,0.00180151024811219,0.00715210355987055,0.00552319309600863,8.629989212513484e-05,0.006580366774541531,0.0044444444444444444,0.008176914778856527,0.0017583603020496223,2.157497303128371e-05,0.0033980582524271844,0.0014131607335490831,0.001855447680690399,0.0015426105717367853,0.008360302049622438,0.0,0.00034519956850053937,0.0,0.0004099244875943905,1.0787486515641855e-05,0.0,0.0,0.0,0.0,0.0,0.0,0.0,0.0,0.0,0.0,0.0,0.0,0.0,0.0,0.0,0.0,0.0,0.0,0.0,0.0,0.0,0.0,0.0,0.0,0.0,0.0,nan,nan,4.285378151260504,2.9110461286080604,nan,0.9222949329363115,0.023221209477249295,0.0,0.0,0.0,0.0,0.0,0.0,0.0,0.0,0.0,0.0,0.0,0.0,0.0,0.0,0.0,0.0,0.0,0.0,0.0,0.0,0.0,0.0,0.0,0.0,0.0,0.25464834276475345,4.82619240097009,15.400161681487473,8.58528698464026,0.9337105901374294,0.9228632332052913,0.02325302665840942,0.0,0.0,0.0,0.0,0.0,0.0,0.0,0.0,0.0,0.0,0.0,0.0,0.0,0.0,0.0,0.0,0.0,0.0,0.0,0.0,0.0,0.0,0.0,0.0,0.0,0.16658954187875985,4.803331790837576,15.298472929199448,8.815363257751043,0.9162424803331793,0.3562,0.02084,0.0,0.0,0.0,0.0,0.0,0.0,0.0,0.0,0.10913500404203721,4.001616814874698,16.43088116410671,9.021827000808393,0.43654001616814886,0.0,0.0,0.0,0.0,0.0,0.0,0.0,0.0,0.0,0.0,0.0,0.0,0.0,0.0,0.0,0.0,0.0,0.357,0.02055,0.0,0.0,0.0,0.0,0.0,0.0,0.0,0.0,0.11105969458583992,3.720499768625637,16.284127718648776,9.523368810735757,0.36094400740397975,0.0,0.0,0.0,0.0,0.0,0.0,0.0,0.0,0.0,0.0,0.0,0.0,0.0,0.0,0.0,0.0,0.0
87200,4960,2592,0.5225806451612903,1169,1050,0.4473790322580645,1413,0.569758064516129,0.39799999999999996,2.9877533783783785,3.1020539218028382,6.62596599690881,2.1495421212776282,9331.486904409096,1413.2150089294896,7853.0,10743.522667646408,10682.203335597651,17.50361129293517,7853.0,0.0,27.68548387096774,20.656051185362617,32.67911346663455,18.87602083715096,0.13911290322580644,0.09919354838709678,0.09798387096774193,0.08770161290322581,0.07802419354838709,0.07318548387096774,0.07096774193548387,0.07076612903225807,0.05887096774193548,0.04576612903225807,0.044758064516129036,0.04233870967741935,0.03286290322580645,0.027822580645161292,0.01592741935483871,0.009879032258064515,0.004838709677419355,0.9215057240618814,0.023657210719712864,0.0,0.0,0.0,0.0,0.0,0.0,0.0,0.0,0.0,0.0,0.0,0.0,0.0,0.0,0.0,0.0,0.0,0.0,0.0,0.0,0.0,0.0,0.0,0.0,0.0,0.32661290322580655,5.153225806451615,15.187500000000004,8.461693548387098,0.8709677419354841,4.265389447236181,2.9076416558930744,nan,nan,nan,4.176175548589342,2.8513313912495355,4.354940213971051,2.9603860028577147,1.0428058311490507,0.356,0.02052,0.0,0.0,0.0,0.0,0.0,0.0,0.0,0.0,0.06653225806451614,4.143145161290323,16.530241935483875,8.836693548387084,0.4233870967741936,0.0,0.0,0.0,0.0,0.0,0.0,0.0,0.0,0.0,0.0,0.0,0.0,0.0,0.0,0.0,0.0,0.0,nan,nan,4.265389447236181,2.9076416558930744,nan,0.356,0.1167,0.0,0.0,0.0,0.0,0.0,0.0,0.0007661290322580645,0.0033064516129032257,0.0015423387096774193,0.001532258064516129,0.0017439516129032259,0.0032056451612903227,0.0026310483870967743,0.0029536290322580644,0.0033266129032258063,0.016733870967741937,0.003921370967741936,0.03637096774193548,0.0028528225806451614,0.010181451612903226,0.01402217741935484,0.009294354838709678,0.002933467741935484,0.03651209677419355,0.026814516129032257,0.02871975806451613,0.01651209677419355,0.030413306451612904,0.035594758064516126,0.047076612903225803,0.02310483870967742,0.02998991935483871,0.019314516129032257,0.025241935483870968,0.02209677419354839,0.04544354838709677,0.06484879032258065,0.01563508064516129,0.04829637096774193,0.013881048387096775,0.02340725806451613,0.022036290322580646,0.026078629032258063,0.021895161290322582,0.014294354838709677,0.029425403225806453,0.029868951612903226,0.03181451612903226,0.02773185483870968,0.03742943548387097,0.013659274193548386,0.008024193548387097,0.004405241935483871,0.005080645161290322,0.0022681451612903227,0.004606854838709678,0.0010181451612903225,0.008518145161290323,0.005362903225806451,0.00017137096774193548,0.007893145161290322,0.0035080645161290323,0.007893145161290322,0.001502016129032258,5.040322580645161e-05,0.0030241935483870967,0.000997983870967742,0.0018951612903225807,0.0013004032258064516,0.007661290322580645,0.0,0.00015120967741935485,0.0,0.00021169354838709677,0.0,0.0,0.0,0.0,0.0,0.0,0.0,0.0,0.0,0.0,0.0,0.0,0.0,0.0,0.0,0.0,0.0,0.0,0.0,0.0,0.0,0.0,0.0,0.0,0.0,0.0,0.0,nan,nan,4.265389447236181,2.9076416558930744,nan,0.921290558843333,0.02361397682182378,0.0,0.0,0.0,0.0,0.0,0.0,0.0,0.0,0.0,0.0,0.0,0.0,0.0,0.0,0.0,0.0,0.0,0.0,0.0,0.0,0.0,0.0,0.0,0.0,0.0,0.33564814814814825,5.266203703703705,14.918981481481485,8.668981481481483,0.8101851851851853,0.921741242747049,0.02370220489529579,0.0,0.0,0.0,0.0,0.0,0.0,0.0,0.0,0.0,0.0,0.0,0.0,0.0,0.0,0.0,0.0,0.0,0.0,0.0,0.0,0.0,0.0,0.0,0.0,0.0,0.316722972972973,5.029560810810811,15.481418918918923,8.234797297297298,0.9375000000000002,0.3552,0.02063,0.0,0.0,0.0,0.0,0.0,0.0,0.0,0.0,0.08101851851851855,4.525462962962964,16.493055555555557,8.553240740740728,0.3472222222222223,0.0,0.0,0.0,0.0,0.0,0.0,0.0,0.0,0.0,0.0,0.0,0.0,0.0,0.0,0.0,0.0,0.0,0.3564,0.0204,0.0,0.0,0.0,0.0,0.0,0.0,0.0,0.0,0.050675675675675685,3.7246621621621627,16.570945945945947,9.146959459459445,0.5067567567567568,0.0,0.0,0.0,0.0,0.0,0.0,0.0,0.0,0.0,0.0,0.0,0.0,0.0,0.0,0.0,0.0,0.0
87300,5107,2650,0.5188956334442921,1180,1084,0.44331309966712357,1468,0.5748971999216761,0.39799999999999996,2.999185999185999,3.179477228488794,6.844674556213017,2.137538133644536,9320.943292850965,1413.5299277105,7853.0,10747.405339717865,10681.97599871316,16.889895312251237,7853.0,0.0,27.56726062267476,20.838839329219304,32.49053959355291,19.171948838088973,0.1405913452124535,0.10182102995887997,0.10084198159389074,0.09105149794399843,0.07695320148815352,0.07244957900920306,0.06814176620325044,0.059330330918347364,0.05991775993734091,0.05110632465243783,0.04523203446250245,0.04112003132954768,0.03328764440963384,0.0225181123947523,0.016252202858821226,0.013119248090855688,0.006265909535931075,0.9203952040041126,0.02302614028385447,0.0,0.0,0.0,0.0,0.0,0.0,0.0,0.0,0.0,0.0,0.0,0.0,0.0,0.0,0.0,0.0,0.0,0.0,0.0,0.0,0.0,0.0,0.0,0.0,0.0,0.31133738006657535,5.292735461131781,15.707851967887217,7.942040336792639,0.7460348541217938,4.346826126954922,2.9507217008360387,nan,nan,nan,4.342056074766355,2.939388879939132,4.3528700906344415,2.9619871531642845,1.0024905288374628,0.356,0.02039,0.0,0.0,0.0,0.0,0.0,0.0,0.0,0.0,0.10573722341883691,4.141374583904446,16.735852751125908,8.564715096925775,0.4523203446250246,0.0,0.0,0.0,0.0,0.0,0.0,0.0,0.0,0.0,0.0,0.0,0.0,0.0,0.0,0.0,0.0,0.0,nan,nan,4.346826126954922,2.9507217008360387,nan,0.356,0.118,0.0,0.0,0.0,0.0,1.958096729978461e-05,0.0,0.0008419815938907382,0.003338554924613276,0.001507734482083415,0.001351086743685138,0.0021441159193264147,0.0041413745839044445,0.0028490307421186606,0.002956726062267476,0.0036420599177599375,0.017045232034462503,0.003661640885059722,0.0375269238300372,0.003172116702565107,0.012512238104562366,0.012845114548658703,0.00726453886822009,0.0031916976698648913,0.03536322694341101,0.025680438613667516,0.027501468572547483,0.016555707851967888,0.03118269042490699,0.03630311337380067,0.04635794008224006,0.02240062659095359,0.03158410025455258,0.01788721362835324,0.025837086352065792,0.022234188368905426,0.04450753867241042,0.06482279224593696,0.01554728803602898,0.05013706677109849,0.01291364793420795,0.023692970432739376,0.02034462502447621,0.027011944390052868,0.020883101625220286,0.014431172899941258,0.02986097513217153,0.03118269042490699,0.029420403367926375,0.02676718229880556,0.036577246915997653,0.014558449187389856,0.0077834345016643824,0.0048364989230467986,0.0051693753671431366,0.0025944781672214605,0.004973565694145291,0.0009692578813393382,0.008361073037008029,0.004895241824946152,0.00032308596044644604,0.008948502056001567,0.003407088310162522,0.008527511259056198,0.001409829645584492,0.00014685725474838457,0.002770706872919522,0.0008321911102408459,0.0021049539847268453,0.0012629723908361074,0.008576463677305659,2.9371450949676913e-05,0.0002447620912473076,0.0,0.00027413354219698455,0.0,0.0,0.0,0.0,0.0,0.0,0.0,0.0,0.0,0.0,0.0,0.0,0.0,0.0,0.0,0.0,0.0,0.0,0.0,0.0,0.0,0.0,0.0,0.0,0.0,0.0,0.0,nan,nan,4.346826126954922,2.9507217008360387,nan,0.9203259466054304,0.023035315669584618,0.0,0.0,0.0,0.0,0.0,0.0,0.0,0.0,0.0,0.0,0.0,0.0,0.0,0.0,0.0,0.0,0.0,0.0,0.0,0.0,0.0,0.0,0.0,0.0,0.0,0.30566037735849066,5.366037735849058,15.633962264150947,7.890566037735851,0.8037735849056605,0.9204699016461588,0.02301600646232859,0.0,0.0,0.0,0.0,0.0,0.0,0.0,0.0,0.0,0.0,0.0,0.0,0.0,0.0,0.0,0.0,0.0,0.0,0.0,0.0,0.0,0.0,0.0,0.0,0.0,0.31746031746031755,5.213675213675216,15.78754578754579,7.997557997557999,0.683760683760684,0.3557,0.02031,0.0,0.0,0.0,0.0,0.0,0.0,0.0,0.0,0.07924528301886795,4.143396226415095,16.833962264150948,8.53584905660376,0.40754716981132083,0.0,0.0,0.0,0.0,0.0,0.0,0.0,0.0,0.0,0.0,0.0,0.0,0.0,0.0,0.0,0.0,0.0,0.3562,0.02045,0.0,0.0,0.0,0.0,0.0,0.0,0.0,0.0,0.13431013431013433,4.13919413919414,16.63003663003663,8.595848595848585,0.5006105006105007,0.0,0.0,0.0,0.0,0.0,0.0,0.0,0.0,0.0,0.0,0.0,0.0,0.0,0.0,0.0,0.0,0.0
87400,4493,2299,0.51168484308925,1083,916,0.4449143111506788,1233,0.5488537725350545,0.414,2.9307201458523244,3.0890365033072382,6.480707395498392,2.1641883921455913,9301.212357359687,1414.8084818870543,7853.0,10740.12279522419,10683.281914578982,17.282298471998523,7853.0,0.0,27.858669040730025,21.07398630820732,32.88676236044657,19.34993348244381,0.14311150678833742,0.10549744046294235,0.09103049187625195,0.08368573336300912,0.08257289116403294,0.07300244825283775,0.06877364789672824,0.05720008902737592,0.06031604718450924,0.05119074115290452,0.049410193634542625,0.03694636100600935,0.03204985533051413,0.028043623414199866,0.01780547518361896,0.012908969508123747,0.006454484754061874,0.9205757313864602,0.022954386742948227,0.0,0.0,0.0,0.0,0.0,0.0,0.0,0.0,0.0,0.0,0.0,0.0,0.0,0.0,0.0,0.0,0.0,0.0,0.0,0.0,0.0,0.0,0.0,0.0,0.0,0.3271756064989985,5.148008012463833,15.824616069441356,8.119296683730248,0.5809036278655688,4.200556134862704,2.869256158620764,nan,nan,nan,4.164529914529915,2.864831651520777,4.237092391304348,2.8727844435068826,1.0174239297744663,0.3577,0.02094,0.0,0.0,0.0,0.0,0.0,0.0,0.0,0.0,0.07344758513242823,3.7191186289784115,16.038281771644783,9.541509014021797,0.6276430002225686,0.0,0.0,0.0,0.0,0.0,0.0,0.0,0.0,0.0,0.0,0.0,0.0,0.0,0.0,0.0,0.0,0.0,nan,nan,4.200556134862704,2.869256158620764,nan,0.3577,0.1188,0.0,0.0,1.1128421989761852e-05,0.0,4.451368795904741e-05,0.0,0.0006454484754061874,0.0037057645225906967,0.001580235922546183,0.0017026485644335632,0.0021589138660137995,0.004429111951925217,0.002559537057645226,0.0026485644335633206,0.0037836634765190296,0.016447807700868018,0.004239928778099265,0.037102158913866014,0.002548408635655464,0.012608502114400177,0.011506788337413755,0.006632539505898064,0.0030825728911640328,0.03467616292009793,0.026641442243489872,0.028867126641442243,0.016036056087246828,0.03142666369908747,0.034576007122190076,0.04190963721344313,0.02452704206543512,0.03385265969285555,0.015535277097707545,0.025005564210994882,0.021288671266414424,0.04482528377476074,0.06704874248831516,0.01526819496995326,0.05050077898953928,0.012719786334297796,0.022145559759626086,0.02193411974182061,0.027976852882261295,0.02155575339416871,0.014522590696639217,0.02663031382150011,0.031326507901179614,0.02825506343200534,0.02769864233251725,0.037580681059425775,0.015012241264188738,0.00955931448920543,0.004762964611618073,0.005608724682839974,0.002615179167594035,0.005931448920543067,0.0008012463832628533,0.008813710215891387,0.004952147785444024,0.00024482528377476074,0.008913866013799242,0.0033719118628978413,0.008513242822167817,0.0014355664366792788,0.00017805475183618963,0.003227242377030937,0.000990429557088805,0.002559537057645226,0.0013131537947918986,0.008791453371911864,4.451368795904741e-05,0.0004340084576007122,0.0,0.00015579790785666593,0.0,0.0,0.0,0.0,0.0,0.0,0.0,0.0,0.0,0.0,0.0,0.0,0.0,0.0,0.0,0.0,0.0,0.0,0.0,0.0,0.0,0.0,0.0,0.0,0.0,0.0,0.0,nan,nan,4.200556134862704,2.869256158620764,nan,0.9205084298164132,0.022728224990968934,0.0,0.0,0.0,0.0,0.0,0.0,0.0,0.0,0.0,0.0,0.0,0.0,0.0,0.0,0.0,0.0,0.0,0.0,0.0,0.0,0.0,0.0,0.0,0.0,0.0,0.3262287951283167,5.063070900391476,15.933014354066989,8.181818181818183,0.49586776859504145,0.9206462538611813,0.02318879602284135,0.0,0.0,0.0,0.0,0.0,0.0,0.0,0.0,0.0,0.0,0.0,0.0,0.0,0.0,0.0,0.0,0.0,0.0,0.0,0.0,0.0,0.0,0.0,0.0,0.0,0.32816773017319967,5.237010027347312,15.711030082041935,8.053783044667275,0.6700091157702827,0.358,0.0209,0.0,0.0,0.0,0.0,0.0,0.0,0.0,0.0,0.026098303610265338,3.7581557198782085,15.906916050456724,9.734667246628955,0.5741626794258374,0.0,0.0,0.0,0.0,0.0,0.0,0.0,0.0,0.0,0.0,0.0,0.0,0.0,0.0,0.0,0.0,0.0,0.3572,0.02095,0.0,0.0,0.0,0.0,0.0,0.0,0.0,0.0,0.12306289881494989,3.6782133090246134,16.17593436645397,9.339106654512292,0.683682771194166,0.0,0.0,0.0,0.0,0.0,0.0,0.0,0.0,0.0,0.0,0.0,0.0,0.0,0.0,0.0,0.0,0.0
87500,4429,2328,0.5256265522691352,1098,866,0.4434409573267103,1221,0.5513659968390155,0.414,2.9043312708234175,3.0581988167199174,6.425925925925926,2.1862905952557186,9340.547778163384,1413.2216599151259,7853.0,10742.056866645813,10683.04686833575,17.65952515887539,7853.0,0.0,28.13840596071348,20.890905422274137,33.23893088552916,19.03398366244381,0.1399864529239106,0.09821630164822759,0.09324904041544367,0.08579814856626779,0.07699254910815083,0.07179950327387673,0.07134793407089636,0.0605102731993678,0.06389704222172048,0.05193045834274102,0.050575750733799954,0.04086701286972228,0.03567396703544818,0.024384736960939263,0.018965906525174984,0.011289230074508919,0.004515692029803568,0.9198555990222561,0.023076152576612923,0.0,0.0,0.0,0.0,0.0,0.0,0.0,0.0,0.0,0.0,0.0,0.0,0.0,0.0,0.0,0.0,0.0,0.0,0.0,0.0,0.0,0.0,0.0,0.0,0.0,0.3251298261458569,5.364642131406639,15.972002709415221,7.7015127568299855,0.6367125762023031,4.233648128716334,2.9329646408499728,nan,nan,nan,4.178326474622771,2.822313976903287,4.29,3.043524742324737,1.0267268548916613,0.3584,0.02094,0.0,0.0,0.0,0.0,0.0,0.0,0.0,0.0,0.10160307067058029,3.3732219462632655,15.877173176789347,10.018062768119199,0.6299390381575978,0.0,0.0,0.0,0.0,0.0,0.0,0.0,0.0,0.0,0.0,0.0,0.0,0.0,0.0,0.0,0.0,0.0,nan,nan,4.233648128716334,2.9329646408499728,nan,0.3584,0.11945,0.0,0.0,1.1289230074508918e-05,0.0,2.2578460149017837e-05,0.0,0.00046285843305486564,0.004233461277940845,0.0015014675999096862,0.0018401445021449538,0.002336870625423346,0.0042673289681643715,0.0030932490404154437,0.002449762926168435,0.0034206367125762024,0.017193497403477084,0.005034996613230978,0.03627229622939716,0.002528787536689998,0.012372996161661775,0.01073605780085798,0.007213818017611199,0.002359449085572364,0.03414992097538948,0.02622488146308422,0.030074508918491758,0.0165838789794536,0.030559945811695643,0.032411379543915105,0.042402348159855496,0.023944456988033415,0.03475953939941296,0.014980808308873335,0.02440731542108828,0.022375254007676676,0.04269586814179273,0.06677579589072025,0.014901783698351772,0.04911944005418831,0.012327839241363738,0.02043350643486114,0.02288326936102958,0.027816662903589976,0.023233235493339353,0.014247008354030255,0.027906976744186046,0.03224204109279747,0.028110182885527208,0.028866561300519306,0.03724317001580492,0.016233912847143823,0.010318356288101151,0.004989839692932942,0.005599458116956424,0.003048092120117408,0.005881688868819146,0.000553172273650937,0.007608941070219011,0.005802664258297584,0.00011289230074508918,0.009268457891171823,0.003601264393768345,0.007608941070219011,0.0015692029803567396,7.902461052156243e-05,0.0041657258974937906,0.00083540302551366,0.002935199819372319,0.001264393768344999,0.00887333483856401,0.0,0.0004289907428313389,0.0,0.0001919169112666516,0.0,0.0,0.0,0.0,0.0,0.0,0.0,0.0,0.0,0.0,0.0,0.0,0.0,0.0,0.0,0.0,0.0,0.0,0.0,0.0,0.0,0.0,0.0,0.0,0.0,0.0,0.0,nan,nan,4.233648128716334,2.9329646408499728,nan,0.9194662625744581,0.023432604039978225,0.0,0.0,0.0,0.0,0.0,0.0,0.0,0.0,0.0,0.0,0.0,0.0,0.0,0.0,0.0,0.0,0.0,0.0,0.0,0.0,0.0,0.0,0.0,0.0,0.0,0.3994845360824743,5.5412371134020635,15.902061855670107,7.551546391752579,0.6056701030927836,0.9202870008549424,0.022666836415818906,0.0,0.0,0.0,0.0,0.0,0.0,0.0,0.0,0.0,0.0,0.0,0.0,0.0,0.0,0.0,0.0,0.0,0.0,0.0,0.0,0.0,0.0,0.0,0.0,0.0,0.24274155164207525,5.168967158495955,16.049500237981917,7.8676820561637335,0.6711089957163257,0.3586,0.02098,0.0,0.0,0.0,0.0,0.0,0.0,0.0,0.0,0.10309278350515466,3.298969072164949,15.902061855670107,9.987113402061842,0.7087628865979383,0.0,0.0,0.0,0.0,0.0,0.0,0.0,0.0,0.0,0.0,0.0,0.0,0.0,0.0,0.0,0.0,0.0,0.3584,0.02086,0.0,0.0,0.0,0.0,0.0,0.0,0.0,0.0,0.09995240361732512,3.4554973821989536,15.849595430747266,10.052356020942394,0.5425987624940506,0.0,0.0,0.0,0.0,0.0,0.0,0.0,0.0,0.0,0.0,0.0,0.0,0.0,0.0,0.0,0.0,0.0
87600,4344,2283,0.5255524861878453,1112,827,0.44636279926335176,1165,0.5363720073664825,0.422,2.961183891314896,3.1444979567419025,6.674255691768827,2.0829604583078165,9340.2117051362,1413.1096903757502,7853.0,10748.568470478058,10682.806240521968,17.266760660065945,7853.0,0.0,28.029465930018418,20.959995595623216,32.87848170398689,19.25609214640994,0.13858195211786373,0.10151933701657459,0.08747697974217311,0.09116022099447514,0.08287292817679558,0.07550644567219153,0.06952117863720074,0.061694290976058934,0.055248618784530384,0.056169429097605895,0.04281767955801105,0.03913443830570902,0.030847145488029467,0.025552486187845305,0.02509208103130755,0.011740331491712707,0.0050644567219152855,0.920054150042064,0.022946191022513655,0.0,0.0,0.0,0.0,0.0,0.0,0.0,0.0,0.0,0.0,0.0,0.0,0.0,0.0,0.0,0.0,0.0,0.0,0.0,0.0,0.0,0.0,0.0,0.0,0.0069060773480663,0.3176795580110498,5.421270718232045,15.593922651933704,8.107734806629836,0.552486187845304,4.19427549194991,2.936508118711716,nan,nan,nan,4.229377713458756,2.9272766894865883,4.159943382873319,2.945104349387841,0.983582849466369,0.358,0.02168,0.0,0.0,0.0,0.0,0.0,0.0,0.0,0.0,0.1243093922651934,3.8812154696132604,15.559392265193374,9.841160220994462,0.5870165745856355,0.0069060773480663,0.0,0.0,0.0,0.0,0.0,0.0,0.0,0.0,0.0,0.0,0.0,0.0,0.0,0.0,0.0,0.0,nan,nan,4.19427549194991,2.936508118711716,nan,0.358,0.12006,0.0,0.0,1.151012891344383e-05,4.604051565377532e-05,0.00014963167587476978,1.151012891344383e-05,0.00027624309392265195,0.004040055248618784,0.0012546040515653775,0.001968232044198895,0.0018070902394106813,0.004178176795580111,0.003453038674033149,0.002716390423572744,0.004143646408839779,0.016217771639042356,0.005214088397790056,0.03958333333333333,0.0020603130755064455,0.013213627992633517,0.011671270718232044,0.007907458563535912,0.0018876611418047883,0.03370165745856354,0.02940837937384899,0.027209944751381214,0.015642265193370166,0.03180248618784531,0.034990791896869246,0.040550184162062616,0.022813075506445672,0.031744935543278084,0.014721454880294658,0.023181399631675873,0.023423112338858194,0.04323204419889503,0.06709254143646409,0.014686924493554328,0.04863029465930018,0.011233885819521179,0.020844843462246777,0.02277854511970534,0.026830110497237568,0.02261740331491713,0.01412292817679558,0.03023710865561694,0.03173342541436464,0.028107734806629835,0.027290515653775323,0.03928406998158379,0.016666666666666666,0.010094383057090239,0.004960865561694291,0.0050069060773480665,0.0026933701657458563,0.005444290976058932,0.00042587476979742174,0.006871546961325967,0.0065147329650092085,0.0002877532228360958,0.01018646408839779,0.0034875690607734807,0.007838397790055249,0.0011855432780847146,1.151012891344383e-05,0.0036372007366482504,0.0008057090239410681,0.0022559852670349908,0.001289134438305709,0.009990791896869244,0.0,0.00017265193370165745,0.0,0.0004488950276243094,0.0,0.0,0.0,0.0,0.0,0.0,0.0,0.0,0.0,0.0,0.0,0.0,0.0,0.0,0.0,0.0,0.0,0.0,0.0,0.0,0.0,0.0,0.0,0.0,0.0,0.0,0.0,nan,nan,4.19427549194991,2.936508118711716,nan,0.9199370190703551,0.0223895749771086,0.0,0.0,0.0,0.0,0.0,0.0,0.0,0.0,0.0,0.0,0.0,0.0,0.0,0.0,0.0,0.0,0.0,0.0,0.0,0.0,0.0,0.0,0.0,0.0,0.0,0.2890932982917215,5.2825229960578195,15.952693823915903,7.963206307490146,0.5124835742444154,0.9201838977414389,0.023546728101583765,0.0,0.0,0.0,0.0,0.0,0.0,0.0,0.0,0.0,0.0,0.0,0.0,0.0,0.0,0.0,0.0,0.0,0.0,0.0,0.0,0.0,0.0,0.0,0.0,0.014556040756914123,0.3493449781659389,5.574963609898108,15.196506550218345,8.267831149927222,0.596797671033479,0.3577,0.02177,0.0,0.0,0.0,0.0,0.0,0.0,0.0,0.0,0.18396846254927732,3.981603153745073,15.466491458607099,9.802890932982903,0.5650459921156374,0.0,0.0,0.0,0.0,0.0,0.0,0.0,0.0,0.0,0.0,0.0,0.0,0.0,0.0,0.0,0.0,0.0,0.3582,0.02159,0.0,0.0,0.0,0.0,0.0,0.0,0.0,0.0,0.05822416302765649,3.7700145560407576,15.662299854439595,9.883551673944673,0.6113537117903931,0.014556040756914123,0.0,0.0,0.0,0.0,0.0,0.0,0.0,0.0,0.0,0.0,0.0,0.0,0.0,0.0,0.0,0.0
87700,4644,2430,0.5232558139534884,1140,942,0.4483204134366925,1300,0.5598621877691645,0.414,3.0392953929539295,3.137872317876245,6.571428571428571,2.2755727394475893,9333.726325136515,1413.4420474172173,7853.0,10749.445375442505,10682.832532483118,17.55983510735186,7853.0,0.0,28.08247200689061,20.820990727414824,32.954777721001534,19.04669111489763,0.1380275624461671,0.09646856158484066,0.09539190353143842,0.08785529715762273,0.07945736434108527,0.07321274763135228,0.06804478897502153,0.06869078380706288,0.05813953488372093,0.04521963824289406,0.05189491817398794,0.04155900086132644,0.0359603789836348,0.028423772609819122,0.01614987080103359,0.0103359173126615,0.00516795865633075,0.9196224276306915,0.023415048897936414,0.0,0.0,0.0,0.0,0.0,0.0,0.0,0.0,0.0,0.0,0.0,0.0,0.0,0.0,0.0,0.0,0.0,0.0,0.0,0.0,0.0,0.0,0.0,0.0,0.0,0.4263565891472869,5.5167958656330764,15.78165374677003,7.571059431524549,0.7041343669250648,4.296444001329346,2.9684041247435786,nan,nan,nan,4.303170409511228,2.939711789317092,4.289632107023412,2.9971658070063794,0.9968538772115803,0.3582,0.02124,0.0,0.0,0.0,0.0,0.0,0.0,0.0,0.006459948320413438,0.10981912144702845,3.49483204134367,15.923772609819125,9.81912144702841,0.6459948320413438,0.0,0.0,0.0,0.0,0.0,0.0,0.0,0.0,0.0,0.0,0.0,0.0,0.0,0.0,0.0,0.0,0.0,nan,nan,4.296444001329346,2.9684041247435786,nan,0.3582,0.11896,0.0,0.0,7.536606373815676e-05,0.0,7.536606373815676e-05,0.0,0.00024763135228251506,0.0040805340223944876,0.0011843238587424634,0.002207149009474591,0.0016903531438415159,0.002917743324720069,0.003789836347975883,0.0028208440999138674,0.00382213608957795,0.014642549526270457,0.004941860465116279,0.03957795004306632,0.0022502153316106806,0.013156761412575366,0.012209302325581395,0.008311800172265288,0.001884151593453919,0.031233850129198968,0.030684754521963824,0.027422480620155038,0.016300602928509905,0.03147071490094746,0.03574504737295435,0.040180878552971575,0.02409560723514212,0.031147717484926788,0.01465331610680448,0.02306201550387597,0.02243755383290267,0.047502153316106806,0.06801248923341946,0.014082687338501291,0.04688845822566753,0.011401808785529715,0.019928940568475453,0.02271748492678725,0.02428940568475452,0.023578811369509043,0.014804048234280793,0.028746770025839793,0.03354866494401378,0.028111541774332473,0.02814384151593454,0.04072997416020672,0.016795865633074936,0.009431524547803617,0.005178725236864772,0.004694229112833764,0.0035637381567614128,0.006621447028423773,0.00023686477174849268,0.0069552110249784665,0.00714900947459087,0.0004198966408268734,0.009549956933677864,0.0028746770025839794,0.00787037037037037,0.0012704565030146426,1.0766580534022394e-05,0.003079242032730405,0.0011950904392764858,0.0018410852713178294,0.0008828596037898363,0.009097760551248923,0.0,6.459948320413436e-05,0.0,0.000409130060292851,0.0,0.0,0.0,0.0,0.0,0.0,0.0,0.0,0.0,0.0,0.0,0.0,0.0,0.0,0.0,0.0,0.0,0.0,0.0,0.0,0.0,0.0,0.0,0.0,0.0,0.0,0.0,nan,nan,4.296444001329346,2.9684041247435786,nan,0.9193734165817622,0.02330700086500259,0.0,0.0,0.0,0.0,0.0,0.0,0.0,0.0,0.0,0.0,0.0,0.0,0.0,0.0,0.0,0.0,0.0,0.0,0.0,0.0,0.0,0.0,0.0,0.0,0.0,0.4197530864197532,5.691358024691359,15.604938271604942,7.666666666666668,0.617283950617284,0.9198957324404919,0.02353003397446984,0.0,0.0,0.0,0.0,0.0,0.0,0.0,0.0,0.0,0.0,0.0,0.0,0.0,0.0,0.0,0.0,0.0,0.0,0.0,0.0,0.0,0.0,0.0,0.0,0.0,0.4336043360433605,5.325203252032521,15.975609756097564,7.466124661246614,0.799457994579946,0.3584,0.021,0.0,0.0,0.0,0.0,0.0,0.0,0.0,0.012345679012345682,0.07407407407407408,3.4814814814814823,15.901234567901238,9.950617283950603,0.580246913580247,0.0,0.0,0.0,0.0,0.0,0.0,0.0,0.0,0.0,0.0,0.0,0.0,0.0,0.0,0.0,0.0,0.0,0.3582,0.02148,0.0,0.0,0.0,0.0,0.0,0.0,0.0,0.0,0.14905149051490518,3.5094850948509495,15.948509485094855,9.674796747967466,0.718157181571816,0.0,0.0,0.0,0.0,0.0,0.0,0.0,0.0,0.0,0.0,0.0,0.0,0.0,0.0,0.0,0.0,0.0
87800,4808,2403,0.4997920133111481,1135,994,0.4428036605657238,1391,0.5786189683860233,0.40199999999999997,2.953014553014553,3.105202571856178,6.607196401799101,2.0645815405157353,9267.629404332247,1415.269117738762,7853.0,10745.564024209976,10683.436194768807,17.018769708157986,7853.0,0.0,27.817803660565723,20.735219642242356,32.77237788246963,18.964444284270094,0.13851913477537436,0.09941763727121464,0.09692179700499168,0.0863144758735441,0.07986688851913477,0.07196339434276207,0.07029950083194675,0.06780366056572379,0.05761231281198003,0.053452579034941765,0.04596505823627288,0.04055740432612313,0.03286189683860233,0.025998336106489186,0.014975041597337771,0.011647254575707155,0.005823627287853577,0.9192194269347111,0.022723866031022083,0.0,0.0,0.0,0.0,0.0,0.0,0.0,0.0,0.0,0.0,0.0,0.0,0.0,0.0,0.0,0.0,0.0,0.0,0.0,0.0,0.0,0.0,0.0,0.0,0.0,0.262063227953411,5.790349417637272,15.854825291181367,7.4875207986688865,0.6052412645590683,4.405598958333333,2.8651679534829335,nan,nan,nan,4.395182291666667,2.813093033421827,4.416015625,2.9162759428346043,1.004740038512813,0.3596,0.02122,0.0,0.0,0.0,0.0,0.0,0.0,0.0,0.0,0.049916805324459246,3.29450915141431,15.062396006655577,10.788269550748737,0.7986688851913479,0.006239600665557406,0.0,0.0,0.0,0.0,0.0,0.0,0.0,0.0,0.0,0.0,0.0,0.0,0.0,0.0,0.0,0.0,nan,nan,4.405598958333333,2.8651679534829335,nan,0.3596,0.11957,0.0,0.0,2.0798668885191348e-05,0.0,0.0,0.0,0.00030158069883527456,0.004305324459234609,0.0009463394342762063,0.002360648918469218,0.001788685524126456,0.002880615640599002,0.0043885191347753745,0.002672628951747088,0.00331738768718802,0.012188019966722129,0.0051060732113144755,0.04056780366056573,0.002641430948419301,0.01158485856905158,0.013976705490848586,0.007799500831946755,0.0024646422628951748,0.03086522462562396,0.02971089850249584,0.026767886855241264,0.017772462562396008,0.029721297836938436,0.03469217970049917,0.04050540765391015,0.023408901830282863,0.030199667221297837,0.013643926788685524,0.023502495840266223,0.022514559068219635,0.048814475873544094,0.06661813643926788,0.014881447587354409,0.04917845257903494,0.012177620632279534,0.01843801996672213,0.021089850249584027,0.024958402662229616,0.025301580698835275,0.013955906821963394,0.02699667221297837,0.034130615640599,0.02687188019966722,0.030199667221297837,0.04129575707154742,0.01742928452579035,0.008714642262895174,0.0053764559068219635,0.004658901830282862,0.004211730449251248,0.006218801996672213,0.0003119800332778702,0.006988352745424293,0.007165141430948419,0.0004263727121464226,0.010368136439267888,0.002454242928452579,0.008912229617304493,0.0015910981697171381,8.319467554076539e-05,0.0036397670549084857,0.0011439267886855242,0.002100665557404326,0.0007175540765391015,0.009432196339434276,2.0798668885191348e-05,0.0,0.0,0.0005095673876871881,0.0,0.0,0.0,0.0,0.0,0.0,0.0,0.0,0.0,0.0,0.0,0.0,0.0,0.0,0.0,0.0,0.0,0.0,0.0,0.0,0.0,0.0,0.0,0.0,0.0,0.0,0.0,nan,nan,4.405598958333333,2.8651679534829335,nan,0.9189278950455086,0.02270056226213375,0.0,0.0,0.0,0.0,0.0,0.0,0.0,0.0,0.0,0.0,0.0,0.0,0.0,0.0,0.0,0.0,0.0,0.0,0.0,0.0,0.0,0.0,0.0,0.0,0.0,0.2621722846441948,5.767790262172286,16.129837702871413,7.178526841448191,0.6616729088639203,0.9195107163857521,0.022743394596381642,0.0,0.0,0.0,0.0,0.0,0.0,0.0,0.0,0.0,0.0,0.0,0.0,0.0,0.0,0.0,0.0,0.0,0.0,0.0,0.0,0.0,0.0,0.0,0.0,0.0,0.261954261954262,5.812889812889814,15.580041580041582,7.796257796257798,0.548856548856549,0.3599,0.02142,0.0,0.0,0.0,0.0,0.0,0.0,0.0,0.0,0.0624219725343321,3.158551810237204,15.205992509363298,10.661672908863904,0.9113607990012487,0.0,0.0,0.0,0.0,0.0,0.0,0.0,0.0,0.0,0.0,0.0,0.0,0.0,0.0,0.0,0.0,0.0,0.3596,0.02101,0.0,0.0,0.0,0.0,0.0,0.0,0.0,0.0,0.03742203742203743,3.4303534303534313,14.918918918918921,10.9147609147609,0.6860706860706862,0.012474012474012476,0.0,0.0,0.0,0.0,0.0,0.0,0.0,0.0,0.0,0.0,0.0,0.0,0.0,0.0,0.0,0.0
87900,4932,2517,0.5103406326034063,1189,1070,0.458029197080292,1428,0.5790754257907542,0.414,2.9627329192546585,3.09655829534888,6.549698795180723,2.260970557323312,9297.890453831002,1415.3670850666158,7853.0,10747.396853327751,10684.227540045491,17.637852458208275,7853.0,0.0,27.503649635036496,20.581908322208943,32.42069632495164,18.834063575670147,0.1411192214111922,0.10016220600162205,0.08840227088402271,0.08880778588807786,0.08637469586374696,0.08333333333333333,0.06731549067315491,0.0681265206812652,0.05535279805352798,0.05190592051905921,0.040957015409570155,0.037915652879156526,0.03426601784266018,0.021492295214922953,0.015612327656123276,0.011759935117599351,0.007096512570965126,0.9193539920006936,0.022975305773649302,0.0,0.0,0.0,0.0,0.0,0.0,0.0,0.0,0.0,0.0,0.0,0.0,0.0,0.0,0.0,0.0,0.0,0.0,0.0,0.0,0.0,0.0,0.0,0.0,0.0,0.36496350364963515,5.529197080291972,15.796836982968372,7.731143552311437,0.5778588807785889,4.30062893081761,2.912054686562014,nan,nan,nan,4.290920716112532,2.927581934109845,4.310024752475248,2.8969168484977414,1.0044521998020097,0.3608,0.02136,0.0,0.0,0.0,0.0,0.0,0.0,0.0,0.0,0.054744525547445265,3.1508515815085167,14.592457420924577,11.27128953771288,0.918491484184915,0.012165450121654504,0.0,0.0,0.0,0.0,0.0,0.0,0.0,0.0,0.0,0.0,0.0,0.0,0.0,0.0,0.0,0.0,nan,nan,4.30062893081761,2.912054686562014,nan,0.3608,0.11975,0.0,0.0,0.0,0.0,0.0,0.0,0.00032441200324412003,0.003700324412003244,0.0005677210056772101,0.0021897810218978104,0.00210867802108678,0.003639497161394972,0.004511354420113544,0.002939983779399838,0.003740875912408759,0.011800486618004867,0.004785077047850771,0.040865774533657744,0.0033860502838605026,0.010239253852392539,0.013138686131386862,0.006113138686131387,0.002929845904298459,0.030393349553933496,0.030403487429034873,0.028477291159772912,0.015308191403081914,0.030210867802108677,0.03556366585563666,0.03938564476885645,0.023509732360097322,0.028436739659367397,0.013990267639902677,0.02362124898621249,0.022871046228710463,0.048418491484184915,0.0660786699107867,0.015369018653690187,0.04797242497972425,0.012753446877534469,0.019109894566098944,0.021867396593673965,0.023976074614760746,0.02708840227088402,0.01322992700729927,0.027757502027575022,0.0343978102189781,0.025598134630981345,0.03166058394160584,0.04271086780210868,0.016828872668288728,0.009397810218978103,0.004663422546634225,0.004785077047850771,0.004399837793998378,0.006042173560421736,0.00028386050283860505,0.0062854825628548255,0.006234793187347932,0.00038523925385239256,0.010999594484995944,0.002798053527980535,0.009864152473641525,0.0016220600162206002,6.082725060827251e-05,0.004399837793998378,0.00137875101378751,0.001987023519870235,0.001013787510137875,0.008941605839416058,8.110300081103001e-05,1.0137875101378751e-05,1.0137875101378751e-05,0.00038523925385239256,0.0,0.0,0.0,0.0,0.0,0.0,0.0,0.0,0.0,0.0,0.0,0.0,0.0,0.0,0.0,0.0,0.0,0.0,0.0,0.0,0.0,0.0,0.0,0.0,0.0,0.0,0.0,nan,nan,4.30062893081761,2.912054686562014,nan,0.9195760062492031,0.023362525593611114,0.0,0.0,0.0,0.0,0.0,0.0,0.0,0.0,0.0,0.0,0.0,0.0,0.0,0.0,0.0,0.0,0.0,0.0,0.0,0.0,0.0,0.0,0.0,0.0,0.0,0.4767580452920144,5.411203814064364,15.625744934445772,7.866507747318238,0.6197854588796188,0.919122600752868,0.022562335799091237,0.0,0.0,0.0,0.0,0.0,0.0,0.0,0.0,0.0,0.0,0.0,0.0,0.0,0.0,0.0,0.0,0.0,0.0,0.0,0.0,0.0,0.0,0.0,0.0,0.0,0.24844720496894415,5.652173913043479,15.975155279503108,7.5900621118012435,0.5341614906832299,0.3606,0.02156,0.0,0.0,0.0,0.0,0.0,0.0,0.0,0.0,0.07151370679380216,3.206197854588797,14.541120381406438,11.275327771156123,0.893921334922527,0.01191895113230036,0.0,0.0,0.0,0.0,0.0,0.0,0.0,0.0,0.0,0.0,0.0,0.0,0.0,0.0,0.0,0.0,0.3608,0.02113,0.0,0.0,0.0,0.0,0.0,0.0,0.0,0.0,0.03726708074534162,3.0931677018633548,14.645962732919259,11.267080745341598,0.9440993788819878,0.012422360248447208,0.0,0.0,0.0,0.0,0.0,0.0,0.0,0.0,0.0,0.0,0.0,0.0,0.0,0.0,0.0,0.0
88000,4755,2481,0.5217665615141955,1177,947,0.4466876971608833,1310,0.5509989484752892,0.446,3.021108179419525,3.1352527014468197,6.60596546310832,2.121911304547036,9330.527363375133,1414.6008258514669,7853.0,10738.214149951935,10684.778562212317,17.084502074379024,7853.0,0.0,27.766561514195583,20.889780773216625,32.7495608531995,19.15101487056287,0.14258675078864352,0.09842271293375394,0.0914826498422713,0.09022082018927445,0.08454258675078864,0.07255520504731862,0.06498422712933755,0.06645636172450052,0.061198738170347,0.05005257623554153,0.0508937960042061,0.03470031545741325,0.029232386961093586,0.026498422712933754,0.01808622502628812,0.00967402733964248,0.008412197686645636,0.9199158977509547,0.02266894175040334,0.0,0.0,0.0,0.0,0.0,0.0,0.0,0.0,0.0,0.0,0.0,0.0,0.0,0.0,0.0,0.0,0.0,0.0,0.0,0.0,0.0,0.0,0.0,0.0,0.0,0.2965299684542587,5.413249211356469,15.880126182965302,7.8170347003154586,0.5930599369085174,4.273977086743044,2.8905671510045914,nan,nan,nan,4.22099805573558,2.9085922796519483,4.327597617471873,2.87194595700913,1.0252545867893597,0.3608,0.02086,0.0,0.0,0.0,0.0,0.0,0.0,0.0,0.0,0.0883280757097792,2.7886435331230293,15.047318611987384,11.318611987381686,0.7570977917981074,0.0,0.0,0.0,0.0,0.0,0.0,0.0,0.0,0.0,0.0,0.0,0.0,0.0,0.0,0.0,0.0,0.0,nan,nan,4.273977086743044,2.8905671510045914,nan,0.3608,0.11957,0.0,0.0,0.0,0.0,0.0,0.0,0.0001577287066246057,0.003449001051524711,0.0006519453207150368,0.0026498422712933753,0.0022712933753943217,0.003280757097791798,0.005173501577287066,0.0035541535226077813,0.004121976866456362,0.010672975814931651,0.0035541535226077813,0.040262881177707675,0.003732912723449001,0.008748685594111462,0.01470031545741325,0.007087276550998949,0.0024079915878023133,0.03138801261829653,0.02729758149316509,0.03007360672975815,0.013817034700315457,0.03082018927444795,0.03569926393270242,0.03810725552050473,0.0244794952681388,0.029737118822292324,0.014279705573080967,0.0234279705573081,0.02213459516298633,0.048349106203995795,0.06809674027339642,0.014311251314405889,0.04678233438485804,0.012691903259726604,0.02003154574132492,0.022250262881177707,0.022691903259726604,0.02785488958990536,0.01352260778128286,0.027276550998948476,0.03594111461619348,0.02426919032597266,0.03038906414300736,0.04515247108307045,0.01832807570977918,0.009053627760252366,0.0050157728706624605,0.0037749737118822294,0.0040588853838065195,0.006456361724500525,0.0001577287066246057,0.006246056782334385,0.006246056782334385,0.0003049421661409043,0.010304942166140904,0.0031966351209253415,0.010368033648790747,0.001188222923238696,9.46372239747634e-05,0.004794952681388013,0.0015562565720294427,0.0016508937960042062,0.0010620399579390116,0.008191377497371189,1.0515247108307046e-05,0.0,0.0,0.0005888538380651946,0.0,0.0,0.0,0.0,0.0,0.0,0.0,0.0,0.0,0.0,0.0,0.0,0.0,0.0,0.0,0.0,0.0,0.0,0.0,0.0,0.0,0.0,0.0,0.0,0.0,0.0,0.0,nan,nan,4.273977086743044,2.8905671510045914,nan,0.9199729929619958,0.02326036132223073,0.0,0.0,0.0,0.0,0.0,0.0,0.0,0.0,0.0,0.0,0.0,0.0,0.0,0.0,0.0,0.0,0.0,0.0,0.0,0.0,0.0,0.0,0.0,0.0,0.0,0.350665054413543,5.574365175332528,15.356711003627572,8.065296251511489,0.6529625151148732,0.919853605218592,0.022005393168439608,0.0,0.0,0.0,0.0,0.0,0.0,0.0,0.0,0.0,0.0,0.0,0.0,0.0,0.0,0.0,0.0,0.0,0.0,0.0,0.0,0.0,0.0,0.0,0.0,0.0,0.23746701846965704,5.2374670184696575,16.451187335092353,7.546174142480213,0.5277044854881268,0.3613,0.02077,0.0,0.0,0.0,0.0,0.0,0.0,0.0,0.0,0.10882708585247886,2.672309552599759,14.93349455864571,11.5719467956469,0.7134220072551393,0.0,0.0,0.0,0.0,0.0,0.0,0.0,0.0,0.0,0.0,0.0,0.0,0.0,0.0,0.0,0.0,0.0,0.3606,0.02098,0.0,0.0,0.0,0.0,0.0,0.0,0.0,0.0,0.06596306068601585,2.9155672823219003,15.171503957783644,11.042216358839035,0.8047493403693934,0.0,0.0,0.0,0.0,0.0,0.0,0.0,0.0,0.0,0.0,0.0,0.0,0.0,0.0,0.0,0.0,0.0
88100,4772,2458,0.5150880134115675,1169,976,0.44949706621961444,1369,0.5737636211232188,0.36599999999999994,2.899740708729473,2.93245333471019,6.1688311688311686,2.0996965194190658,9311.838016350706,1415.5144786585581,7853.0,10741.74131822586,10685.211152980297,17.19510648814341,7853.0,0.0,28.804484492875105,20.93166637354707,33.64192031675328,19.07991800677733,0.1318105616093881,0.09870075440067058,0.08989941324392288,0.07774518021793797,0.07753562447611065,0.07250628667225482,0.07606873428331937,0.06684828164291702,0.06160938809723386,0.054274937133277454,0.050293378038558254,0.04631181894383906,0.03625314333612741,0.025146689019279127,0.016764459346186086,0.01068734283319363,0.0075440067057837385,0.9199171558159894,0.023144375213824245,0.0,0.0,0.0,0.0,0.0,0.0,0.0,0.0,0.0,0.0,0.0,0.0,0.0,0.0,0.0,0.0,0.0,0.0,0.0,0.0,0.0,0.0,0.0,0.0,0.0,0.3206202849958089,5.54484492875105,15.64752724224644,7.852053646269909,0.6349538977367981,4.089784263959391,2.7230212774262026,nan,nan,nan,4.021957340025094,2.6990671157911663,4.159178433889602,2.7455792157640517,1.03411798839807,0.362,0.02092,0.0,0.0,0.0,0.0,0.0,0.0,0.0,0.0,0.05029337803855827,2.401508801341157,15.018860016764462,11.504610226320185,1.0184409052808048,0.006286672254819783,0.0,0.0,0.0,0.0,0.0,0.0,0.0,0.0,0.0,0.0,0.0,0.0,0.0,0.0,0.0,0.0,nan,nan,4.089784263959391,2.7230212774262026,nan,0.362,0.1184,0.0,0.0,0.0,0.0,0.0,0.0,9.430008382229673e-05,0.003593880972338642,0.00017812238055322715,0.0023575020955574183,0.0028080469404861692,0.0035414920368818104,0.0049874266554903604,0.0030176026823134955,0.0032271584241408214,0.008989941324392289,0.0033948030176026824,0.0394279128248114,0.003352891869237217,0.007973595976529756,0.01499371332774518,0.007145850796311819,0.0024203688181056162,0.031003772003352893,0.026309723386420788,0.032208717518860015,0.014365046102263202,0.030165549036043588,0.03445096395641241,0.03928122380553227,0.024360854987426656,0.02783948030176027,0.013704945515507124,0.02533528918692372,0.021248952221290862,0.04869027661357921,0.06981349538977367,0.013338222967309304,0.04867979882648785,0.012290444258172674,0.02225481978206203,0.023826487845766974,0.023061609388097235,0.02721081307627829,0.013495389773679799,0.02633067896060352,0.03539396479463537,0.025272422464375523,0.03101424979044426,0.047003352891869236,0.01805322715842414,0.009503352891869238,0.004735959765297569,0.004065381391450126,0.0033424140821458506,0.006160938809723387,0.0002619446772841576,0.0056265716680637045,0.006014249790444258,0.0008487007544006706,0.009000419111483655,0.0036986588432523053,0.00989103101424979,0.0012154233025984912,4.191114836546522e-05,0.00501886001676446,0.0019174350377200336,0.001414501257334451,0.0011211232187761946,0.00779547359597653,0.0,0.0,0.0,0.0008172673931265717,0.0,0.0,0.0,0.0,0.0,0.0,0.0,0.0,0.0,0.0,0.0,0.0,0.0,0.0,0.0,0.0,0.0,0.0,0.0,0.0,0.0,0.0,0.0,0.0,0.0,0.0,0.0,nan,nan,4.089784263959391,2.7230212774262026,nan,0.9199312921216374,0.023054479431307215,0.0,0.0,0.0,0.0,0.0,0.0,0.0,0.0,0.0,0.0,0.0,0.0,0.0,0.0,0.0,0.0,0.0,0.0,0.0,0.0,0.0,0.0,0.0,0.0,0.0,0.3417412530512613,5.321399511798211,16.110659072416603,7.603742880390563,0.6224572823433687,0.9199021398093851,0.023239474916325057,0.0,0.0,0.0,0.0,0.0,0.0,0.0,0.0,0.0,0.0,0.0,0.0,0.0,0.0,0.0,0.0,0.0,0.0,0.0,0.0,0.0,0.0,0.0,0.0,0.0,0.2981849611063095,5.782195332757132,15.155574762316338,8.115816767502162,0.6482281763180641,0.362,0.02066,0.0,0.0,0.0,0.0,0.0,0.0,0.0,0.0,0.06102522375915379,2.2945484133441827,15.13425549227014,11.570382424735541,0.9397884458909684,0.0,0.0,0.0,0.0,0.0,0.0,0.0,0.0,0.0,0.0,0.0,0.0,0.0,0.0,0.0,0.0,0.0,0.3618,0.02118,0.0,0.0,0.0,0.0,0.0,0.0,0.0,0.0,0.038893690579083845,2.5151253241140887,14.896283491789113,11.434745030250632,1.1019878997407089,0.012964563526361283,0.0,0.0,0.0,0.0,0.0,0.0,0.0,0.0,0.0,0.0,0.0,0.0,0.0,0.0,0.0,0.0
88200,4297,2254,0.5245520130323481,1086,829,0.4456597626250873,1167,0.5431696532464511,0.41,2.9647577092511015,3.122829157302794,6.600343053173241,2.1174274544081992,9338.63107717126,1414.4399728130259,7853.0,10745.21393585205,10685.190212335805,16.929356664942777,7853.0,0.0,28.13846869909239,20.75829524068681,32.97020689655172,18.99780591574633,0.1356760530602746,0.10100069816150803,0.09355364207586689,0.08587386548754945,0.07563416336979288,0.07470328135908774,0.07284151733767745,0.06539446125203631,0.057016523155690016,0.0556202001396323,0.04840586455666744,0.0409588084710263,0.033046311380032584,0.026995578310449152,0.01698859669536886,0.011170584128461718,0.005119851058878288,0.9197504218301025,0.022702582902973372,0.0,0.0,0.0,0.0,0.0,0.0,0.0,0.0,0.0,0.0,0.0,0.0,0.0,0.0,0.0,0.0,0.0,0.0,0.0,0.0,0.0,0.0,0.0,0.0,0.0,0.30719106353269726,5.459622992785666,16.0088433791017,7.665813358156855,0.558529206423086,4.205533596837944,2.9342069676736062,nan,nan,nan,4.155555555555556,2.947965028564212,4.255763688760807,2.919452285996274,1.0241142566536698,0.362,0.02081,0.0,0.0,0.0,0.0,0.0,0.0,0.0,0.0,0.034908075401442876,2.4435652781010013,14.84291366069351,11.70816848964392,0.970444496160112,0.0,0.0,0.0,0.0,0.0,0.0,0.0,0.0,0.0,0.0,0.0,0.0,0.0,0.0,0.0,0.0,0.0,nan,nan,4.205533596837944,2.9342069676736062,nan,0.362,0.119,0.0,0.0,0.0,0.0,0.0,0.0,5.8180125669071444e-05,0.003060274610193158,0.0001978124272748429,0.0023272050267628577,0.003420991389341401,0.0033628112636723295,0.005515475913427973,0.003630439841750058,0.004107516872236444,0.008878287177100302,0.003735164067954387,0.03793344193623458,0.0035606236909471725,0.008145217593670002,0.012822899697463346,0.007144519432161973,0.0021875727251570863,0.031638352338841054,0.028531533628112636,0.03276704677682104,0.01627879916220619,0.02864789387945078,0.035245520130323484,0.036804747498254596,0.022562252734465906,0.02870607400511985,0.013474517104956946,0.026460321154293694,0.019059809169187807,0.04938329066790784,0.07047940423551315,0.012671631370723762,0.04692808936467303,0.01136839655573656,0.023446590644635792,0.02605306027461019,0.022120083779380965,0.026809401908308123,0.01367232953223179,0.025075634163369793,0.03550151268326739,0.027658831743076564,0.031463811961833836,0.04794042355131487,0.018326739585757507,0.008459390272282988,0.004526413777053758,0.0030486385850593436,0.00417733302303933,0.005201303234814987,0.0001978124272748429,0.005387479636956015,0.005585292064230859,0.0009774261112404003,0.007842680940190831,0.00434023737491273,0.009913893414009774,0.0015824994181987432,2.3272050267628578e-05,0.005166395159413545,0.002303932976495229,0.0012683267395857576,0.0013730509657900862,0.008715382825226903,2.3272050267628578e-05,0.0,0.0,0.0007214335582964859,0.0,0.0,0.0,0.0,0.0,0.0,0.0,0.0,0.0,0.0,0.0,0.0,0.0,0.0,0.0,0.0,0.0,0.0,0.0,0.0,0.0,0.0,0.0,0.0,0.0,0.0,0.0,nan,nan,4.205533596837944,2.9342069676736062,nan,0.919812213004746,0.022842664498299126,0.0,0.0,0.0,0.0,0.0,0.0,0.0,0.0,0.0,0.0,0.0,0.0,0.0,0.0,0.0,0.0,0.0,0.0,0.0,0.0,0.0,0.0,0.0,0.0,0.0,0.292812777284827,5.510204081632654,15.998225377107367,7.506654835847384,0.6921029281277731,0.9196822488943969,0.022546827517529202,0.0,0.0,0.0,0.0,0.0,0.0,0.0,0.0,0.0,0.0,0.0,0.0,0.0,0.0,0.0,0.0,0.0,0.0,0.0,0.0,0.0,0.0,0.0,0.0,0.0,0.3230543318649046,5.403817914831132,16.020558002936863,7.841409691629957,0.41116005873715133,0.362,0.02086,0.0,0.0,0.0,0.0,0.0,0.0,0.0,0.0,0.02661934338952973,2.4090505767524406,14.813664596273295,11.79236912156165,0.9582963620230703,0.0,0.0,0.0,0.0,0.0,0.0,0.0,0.0,0.0,0.0,0.0,0.0,0.0,0.0,0.0,0.0,0.0,0.3623,0.02075,0.0,0.0,0.0,0.0,0.0,0.0,0.0,0.0,0.04405286343612336,2.4816446402349492,14.875183553597655,11.615271659324506,0.983847283406755,0.0,0.0,0.0,0.0,0.0,0.0,0.0,0.0,0.0,0.0,0.0,0.0,0.0,0.0,0.0,0.0,0.0
88300,4016,2126,0.5293824701195219,987,818,0.44945219123505975,1127,0.5612549800796812,0.438,3.0095238095238095,3.1198145185868804,6.663479923518165,2.107426759335671,9352.326263899762,1413.718999952735,7853.0,10739.880025029182,10685.217439238686,17.52919244357018,7853.0,0.0,28.097858565737052,20.81116807221058,33.006800709639265,19.001671652813187,0.1394422310756972,0.09387450199203187,0.0901394422310757,0.09113545816733068,0.0824203187250996,0.07868525896414343,0.06772908366533864,0.05951195219123506,0.05602589641434263,0.053784860557768925,0.05104581673306773,0.04233067729083665,0.033117529880478086,0.027141434262948207,0.018177290836653388,0.009462151394422311,0.00597609561752988,0.9203492320064767,0.022916655297384927,0.0,0.0,0.0,0.0,0.0,0.0,0.0,0.0,0.0,0.0,0.0,0.0,0.0,0.0,0.0,0.0,0.0,0.0,0.0,0.0,0.0,0.0,0.0,0.0,0.0,0.2988047808764941,5.393426294820718,15.642430278884465,8.052788844621515,0.6125498007968129,4.159831353008816,2.917568828203319,nan,nan,nan,4.187739463601533,2.952887259249371,4.131901840490798,2.881519399850434,0.9866664047283606,0.3613,0.02113,0.0,0.0,0.0,0.0,0.0,0.0,0.0,0.0,0.02988047808764941,2.9805776892430282,14.760956175298809,11.309760956175282,0.9188247011952193,0.0,0.0,0.0,0.0,0.0,0.0,0.0,0.0,0.0,0.0,0.0,0.0,0.0,0.0,0.0,0.0,0.0,nan,nan,4.159831353008816,2.917568828203319,nan,0.3613,0.11865,0.0,0.0,0.0,0.0,0.0,4.9800796812749006e-05,0.0,0.002826195219123506,3.735059760956175e-05,0.002838645418326693,0.003075199203187251,0.002377988047808765,0.0049053784860557765,0.0030004980079681273,0.004382470119521913,0.008540836653386454,0.004930278884462152,0.03773655378486056,0.004133466135458167,0.008827191235059761,0.013147410358565738,0.008291832669322709,0.0023530876494023906,0.03405129482071713,0.02800049800796813,0.034611553784860555,0.01589890438247012,0.028125,0.034897908366533864,0.03558266932270916,0.024265438247011953,0.027739043824701194,0.014765936254980079,0.025249003984063746,0.020032370517928288,0.04792081673306773,0.07115288844621515,0.012985557768924303,0.04685009960159363,0.010134462151394422,0.02219870517928287,0.02577191235059761,0.02333167330677291,0.027427788844621513,0.01413097609561753,0.027340637450199202,0.0353461155378486,0.02722858565737052,0.030839143426294822,0.04421065737051793,0.01703187250996016,0.009574203187250996,0.004531872509960159,0.003075199203187251,0.003473605577689243,0.006038346613545817,0.00021165338645418326,0.005851593625498008,0.005639940239043825,0.0007843625498007968,0.0070717131474103585,0.005291334661354581,0.008665338645418326,0.0013944223107569722,7.47011952191235e-05,0.00588894422310757,0.0021663346613545816,0.0011703187250996015,0.001232569721115538,0.00837898406374502,1.2450199203187251e-05,0.0,0.0,0.0008964143426294821,0.0,0.0,0.0,0.0,0.0,0.0,0.0,0.0,0.0,0.0,0.0,0.0,0.0,0.0,0.0,0.0,0.0,0.0,0.0,0.0,0.0,0.0,0.0,0.0,0.0,0.0,0.0,nan,nan,4.159831353008816,2.917568828203319,nan,0.9205593360221733,0.022892264874198116,0.0,0.0,0.0,0.0,0.0,0.0,0.0,0.0,0.0,0.0,0.0,0.0,0.0,0.0,0.0,0.0,0.0,0.0,0.0,0.0,0.0,0.0,0.0,0.0,0.0,0.310442144873001,5.249294449670744,15.747883349012232,8.029162746942617,0.6632173095014112,0.9201128927803545,0.022941760863005273,0.0,0.0,0.0,0.0,0.0,0.0,0.0,0.0,0.0,0.0,0.0,0.0,0.0,0.0,0.0,0.0,0.0,0.0,0.0,0.0,0.0,0.0,0.0,0.0,0.0,0.28571428571428575,5.555555555555556,15.523809523809527,8.07936507936508,0.5555555555555557,0.3613,0.02148,0.0,0.0,0.0,0.0,0.0,0.0,0.0,0.0,0.04233301975540923,3.189087488240829,14.040451552210728,11.768579492003745,0.9595484477892758,0.0,0.0,0.0,0.0,0.0,0.0,0.0,0.0,0.0,0.0,0.0,0.0,0.0,0.0,0.0,0.0,0.0,0.361,0.02072,0.0,0.0,0.0,0.0,0.0,0.0,0.0,0.0,0.015873015873015876,2.7460317460317465,15.571428571428575,10.793650793650778,0.8730158730158732,0.0,0.0,0.0,0.0,0.0,0.0,0.0,0.0,0.0,0.0,0.0,0.0,0.0,0.0,0.0,0.0,0.0
88400,3981,2040,0.5124340617935192,935,825,0.44209997488068326,1106,0.5556392866114042,0.43,2.965996908809892,3.1532843778895154,6.669245647969052,2.2624856693189703,9304.631436032345,1416.021838570188,7853.0,10738.041020989418,10685.816052374887,16.92786159672572,7853.0,0.0,27.77216779703592,20.964919420736827,32.76987698769877,19.25861464692311,0.14117056016076363,0.10298919869379553,0.09319266515950766,0.08892238131122833,0.07862346144184879,0.07611152976639035,0.06882692790756091,0.06304948505400654,0.05551369002763125,0.05149459934689776,0.04546596332579754,0.04119567947751821,0.03014318010550113,0.02461693041949259,0.019593067068575734,0.012057272042200452,0.007033408691283597,0.9209979017964861,0.02294089217786361,0.0,0.0,0.0,0.0,0.0,0.0,0.0,0.0,0.0,0.0,0.0,0.0,0.0,0.0,0.0,0.0,0.0,0.0,0.0,0.0,0.0,0.0,0.0,0.0,0.0,0.2863602110022608,5.086661642803317,15.599095704596838,8.379804069329316,0.6480783722682745,4.385159010600707,2.953318192031575,nan,nan,nan,4.408985282726569,2.9551325685740255,4.362549800796812,2.951674498168355,0.9894679889017366,0.3618,0.0212,0.0,0.0,0.0,0.0,0.0,0.0,0.0,0.0,0.03767897513187642,2.8636021100226077,14.43104747550867,11.680482290881672,0.9871891484551623,0.0,0.0,0.0,0.0,0.0,0.0,0.0,0.0,0.0,0.0,0.0,0.0,0.0,0.0,0.0,0.0,0.0,nan,nan,4.385159010600707,2.953318192031575,nan,0.3618,0.119,0.0,0.0,0.0,0.0,0.0,7.535795026375282e-05,0.0,0.002084903290630495,2.5119316754584274e-05,0.002825923134890731,0.003177593569454911,0.002913840743531776,0.005563928661140417,0.003365988445114293,0.00434564179854308,0.008741522230595327,0.004420999748806833,0.03691283597086159,0.004295403165033911,0.009419743782969104,0.014054257724189901,0.008590806330067821,0.0022230595327807083,0.033044461190655613,0.028359708615925648,0.03202712886209495,0.015887967847274555,0.027957799547852297,0.036561165536297416,0.03521728208992715,0.025194674704848027,0.026098970108013063,0.015285104245164532,0.023750313991459434,0.019178598342125094,0.04565435820145692,0.0699698568198945,0.012848530519969857,0.048103491585028885,0.01163024365737252,0.023109771414217533,0.026827430293896008,0.02202964079377041,0.027957799547852297,0.014757598593318261,0.030344134639537803,0.03364732479276564,0.026098970108013063,0.0325923134890731,0.042426525998492844,0.018663652348656117,0.01217030896759608,0.0035795026375282594,0.002750565184626978,0.0027254458678723937,0.005388093443858327,0.0006782215523737754,0.005513690027631249,0.0051745792514443605,0.0010298919869379552,0.006078874654609394,0.005249937201708113,0.008540567696558653,0.0012057272042200451,0.0001004772670183371,0.007485556392866114,0.0022104998744034163,0.0010675709620698317,0.0012057272042200451,0.008666164280331574,2.5119316754584274e-05,0.0,0.0,0.0008917357447877417,0.0,0.0,0.0,0.0,0.0,0.0,0.0,0.0,0.0,0.0,0.0,0.0,0.0,0.0,0.0,0.0,0.0,0.0,0.0,0.0,0.0,0.0,0.0,0.0,0.0,0.0,0.0,nan,nan,4.385159010600707,2.953318192031575,nan,0.9211486006484312,0.022510434164721205,0.0,0.0,0.0,0.0,0.0,0.0,0.0,0.0,0.0,0.0,0.0,0.0,0.0,0.0,0.0,0.0,0.0,0.0,0.0,0.0,0.0,0.0,0.0,0.0,0.0,0.25000000000000006,4.911764705882354,15.911764705882357,8.308823529411766,0.6176470588235295,0.9208395166043336,0.023383720131753688,0.0,0.0,0.0,0.0,0.0,0.0,0.0,0.0,0.0,0.0,0.0,0.0,0.0,0.0,0.0,0.0,0.0,0.0,0.0,0.0,0.0,0.0,0.0,0.0,0.0,0.3245749613601237,5.270479134466771,15.270479134466774,8.454404945904175,0.680061823802164,0.3618,0.02132,0.0,0.0,0.0,0.0,0.0,0.0,0.0,0.0,0.02941176470588236,2.897058823529412,14.411764705882357,11.57352941176469,1.0882352941176472,0.0,0.0,0.0,0.0,0.0,0.0,0.0,0.0,0.0,0.0,0.0,0.0,0.0,0.0,0.0,0.0,0.0,0.3616,0.02106,0.0,0.0,0.0,0.0,0.0,0.0,0.0,0.0,0.046367851622874816,2.828438948995364,14.451313755795985,11.792890262751142,0.8809891808346215,0.0,0.0,0.0,0.0,0.0,0.0,0.0,0.0,0.0,0.0,0.0,0.0,0.0,0.0,0.0,0.0,0.0
88500,4240,2171,0.5120283018867925,1043,844,0.44504716981132075,1190,0.5613207547169812,0.422,3.0637989366843885,3.1406207299720292,6.577487765089723,2.31794521818698,9303.71534723243,1416.2811395503932,7853.0,10741.40982067585,10686.271797450716,17.47748854189485,7853.0,0.0,28.484669811320753,20.953390568260538,33.37227501397429,19.148416605327043,0.13372641509433963,0.1018867924528302,0.08985849056603773,0.08066037735849056,0.07783018867924528,0.07735849056603773,0.0740566037735849,0.06438679245283019,0.059433962264150944,0.05047169811320755,0.04905660377358491,0.0410377358490566,0.036556603773584904,0.02759433962264151,0.01839622641509434,0.012264150943396227,0.005424528301886792,0.9206126600785075,0.022833800750430316,0.0,0.0,0.0,0.0,0.0,0.0,0.0,0.0,0.0,0.0,0.0,0.0,0.0,0.0,0.0,0.0,0.0,0.0,0.0,0.0,0.0,0.0,0.0,0.0,0.0,0.3113207547169812,5.122641509433963,15.990566037735853,7.853773584905662,0.7216981132075473,4.329602888086643,2.9176465816054753,nan,nan,nan,4.305218012866333,2.886298002714915,4.354485776805252,2.9490840858883884,1.011443732649933,0.3625,0.02162,0.0,0.0,0.0,0.0,0.0,0.0,0.0,0.0,0.0778301886792453,2.709905660377359,14.158018867924532,11.929245283018851,1.117924528301887,0.0070754716981132094,0.0,0.0,0.0,0.0,0.0,0.0,0.0,0.0,0.0,0.0,0.0,0.0,0.0,0.0,0.0,0.0,nan,nan,4.329602888086643,2.9176465816054753,nan,0.3625,0.11926,0.0,0.0,0.0,0.0,0.0,0.0,0.0,0.0014976415094339623,0.0,0.0033018867924528303,0.002783018867924528,0.002511792452830189,0.005660377358490566,0.003431603773584906,0.0033962264150943396,0.00902122641509434,0.00517688679245283,0.038077830188679246,0.0036674528301886794,0.009209905660377358,0.014162735849056604,0.00873820754716981,0.002830188679245283,0.030695754716981133,0.030919811320754716,0.033195754716981135,0.017806603773584905,0.026132075471698112,0.037099056603773585,0.03463443396226415,0.02267688679245283,0.02464622641509434,0.015129716981132076,0.023808962264150944,0.017936320754716982,0.042629716981132076,0.07027122641509434,0.014681603773584906,0.04670990566037736,0.012299528301886792,0.022747641509433963,0.026768867924528303,0.022747641509433963,0.030070754716981132,0.014528301886792452,0.03247641509433962,0.030129716981132076,0.026014150943396225,0.03527122641509434,0.0423938679245283,0.01918632075471698,0.011992924528301887,0.0030188679245283017,0.004198113207547169,0.0024528301886792454,0.005259433962264151,0.0006485849056603773,0.00625,0.005141509433962264,0.0008608490566037735,0.005283018867924529,0.006556603773584906,0.008667452830188679,0.0006721698113207547,0.0001179245283018868,0.007995283018867925,0.0017334905660377359,0.0006485849056603773,0.0010495283018867923,0.009658018867924528,0.0,0.0,0.0,0.0007193396226415095,0.0,0.0,0.0,0.0,0.0,0.0,0.0,0.0,0.0,0.0,0.0,0.0,0.0,0.0,0.0,0.0,0.0,0.0,0.0,0.0,0.0,0.0,0.0,0.0,0.0,0.0,0.0,nan,nan,4.329602888086643,2.9176465816054753,nan,0.9211759335266616,0.022749660742530615,0.0,0.0,0.0,0.0,0.0,0.0,0.0,0.0,0.0,0.0,0.0,0.0,0.0,0.0,0.0,0.0,0.0,0.0,0.0,0.0,0.0,0.0,0.0,0.0,0.0,0.2901888530631046,4.739751266697375,16.167664670658684,8.042376784891756,0.7600184246890835,0.9200216177121748,0.022906869748705355,0.0,0.0,0.0,0.0,0.0,0.0,0.0,0.0,0.0,0.0,0.0,0.0,0.0,0.0,0.0,0.0,0.0,0.0,0.0,0.0,0.0,0.0,0.0,0.0,0.0,0.33349444175930404,5.5244079265345585,15.804736587723541,7.655872402126633,0.6814886418559691,0.3628,0.02158,0.0,0.0,0.0,0.0,0.0,0.0,0.0,0.0,0.09672961768770155,2.6669737448180566,13.998157531091666,12.201750345462901,1.0363887609396594,0.0,0.0,0.0,0.0,0.0,0.0,0.0,0.0,0.0,0.0,0.0,0.0,0.0,0.0,0.0,0.0,0.0,0.3623,0.02167,0.0,0.0,0.0,0.0,0.0,0.0,0.0,0.0,0.05799903334944419,2.754954084098599,14.325761237312715,11.6433059449009,1.203479942000967,0.014499758337361047,0.0,0.0,0.0,0.0,0.0,0.0,0.0,0.0,0.0,0.0,0.0,0.0,0.0,0.0,0.0,0.0
88600,4567,2314,0.5066783446463762,1077,956,0.445149989051894,1320,0.5780599956207576,0.39799999999999996,2.942299156679982,3.059297014072747,6.541284403669724,2.134751531102083,9288.552762064182,1416.5629724116461,7853.0,10743.799053192139,10686.262517003943,18.02146457033687,7853.0,0.0,28.23231880884607,21.022632187711558,33.10617860851506,19.279113282750778,0.13860302167724983,0.09612437048390629,0.08867965841909349,0.09262097657105321,0.0799211736369608,0.08298664331070725,0.06109043135537552,0.06656448434420845,0.05693015108386249,0.05058024961681629,0.042916575432450185,0.04357346179111014,0.03131158309612437,0.028684037661484564,0.02102036347711846,0.013137727173199037,0.005255090869279615,0.9214227894920214,0.02284218298176525,0.0,0.0,0.0,0.0,0.0,0.0,0.0,0.0,0.0,0.0,0.0,0.0,0.0,0.0,0.0,0.0,0.0,0.0,0.0,0.0,0.0,0.0,0.0,0.0,0.0,0.2627545434639808,4.92007882636304,15.633895336106857,8.506678344646378,0.6765929494197506,4.231182795698925,2.9017830445354584,nan,nan,nan,4.203197868087941,2.89328573861022,4.259837177747626,2.911107530864652,1.013475289871483,0.3623,0.02174,0.0,0.0,0.0,0.0,0.0,0.0,0.0,0.0,0.0985329537989928,2.8377490694109926,13.899715349244584,12.139259908035893,1.011604992336326,0.01313772717319904,0.0,0.0,0.0,0.0,0.0,0.0,0.0,0.0,0.0,0.0,0.0,0.0,0.0,0.0,0.0,0.0,nan,nan,4.231182795698925,2.9017830445354584,nan,0.3623,0.11896,0.0,0.0,0.0,0.0,0.0,0.0,0.0,0.0016312677906722137,0.0,0.0033391723231880883,0.002966936719947449,0.0022005693015108387,0.005255090869279615,0.0036347711845850666,0.0028793518721261222,0.008747536676155025,0.005890081015984235,0.03564703306328005,0.0030873658857017735,0.009152616597328663,0.014298226406831618,0.00944821545872564,0.002966936719947449,0.03188088460696299,0.03154149332165535,0.032176483468359975,0.018732209327786294,0.026724326691482374,0.03851543682942851,0.036008320560543025,0.022246551346617037,0.02464418655572586,0.015206919202977886,0.024600394131815195,0.019257718414714256,0.043398292095467486,0.06838186993650099,0.014046419969345303,0.048401576527260785,0.012338515436829428,0.02215896649879571,0.024677030873658856,0.022005693015108387,0.02946135318589884,0.014987957083424567,0.030063499014670463,0.030928399386906065,0.02747974600394132,0.033577841033501206,0.041580906503174954,0.019356251368513246,0.012579373768338077,0.0037880446682723888,0.0037223560324063936,0.002802715130282461,0.005276987081234946,0.0009196409021239325,0.006525071162688855,0.005145609809502956,0.0010510181738559228,0.005714911320341581,0.007039632143639151,0.007838843880008758,0.0006240420407269543,0.0002189621195533173,0.007641777972410773,0.0015436829428508868,0.0009196409021239325,0.0009962776439675935,0.009656229472301292,2.1896211955331726e-05,0.0,0.0,0.0004488723450843004,0.0,0.0,0.0,0.0,0.0,0.0,0.0,0.0,0.0,0.0,0.0,0.0,0.0,0.0,0.0,0.0,0.0,0.0,0.0,0.0,0.0,0.0,0.0,0.0,0.0,0.0,0.0,nan,nan,4.231182795698925,2.9017830445354584,nan,0.9215068467341319,0.023410484393519528,0.0,0.0,0.0,0.0,0.0,0.0,0.0,0.0,0.0,0.0,0.0,0.0,0.0,0.0,0.0,0.0,0.0,0.0,0.0,0.0,0.0,0.0,0.0,0.0,0.0,0.2981849611063095,5.017286084701816,15.38893690579084,8.504753673293001,0.7908383751080382,0.9213364563991481,0.022243054598316048,0.0,0.0,0.0,0.0,0.0,0.0,0.0,0.0,0.0,0.0,0.0,0.0,0.0,0.0,0.0,0.0,0.0,0.0,0.0,0.0,0.0,0.0,0.0,0.0,0.0,0.22636484687083894,4.820239680426099,15.885486018641814,8.508655126498004,0.5592543275632491,0.3623,0.02214,0.0,0.0,0.0,0.0,0.0,0.0,0.0,0.0,0.1296456352636128,2.8651685393258437,13.794295592048405,12.070008643042334,1.1279170267934315,0.012964563526361283,0.0,0.0,0.0,0.0,0.0,0.0,0.0,0.0,0.0,0.0,0.0,0.0,0.0,0.0,0.0,0.0,0.3623,0.02132,0.0,0.0,0.0,0.0,0.0,0.0,0.0,0.0,0.06657789613848204,2.8095872170439424,14.007989347536622,12.210386151797586,0.8921438082556593,0.013315579227696408,0.0,0.0,0.0,0.0,0.0,0.0,0.0,0.0,0.0,0.0,0.0,0.0,0.0,0.0,0.0,0.0
88700,4663,2415,0.5179069268711131,1127,972,0.45013939523911645,1318,0.5653013081707056,0.39399999999999996,2.9648576512455516,3.057589570772302,6.404458598726115,2.1663566511555015,9320.165654763321,1415.584603823831,7853.0,10750.704696297646,10685.87513381423,17.45135988828856,7853.0,0.0,28.19601115161913,21.003950925823624,33.13786952089704,19.224374053384498,0.14025305597254986,0.09328758310100793,0.09907784687969119,0.08363714346986918,0.07891915076131246,0.07184216169847737,0.0692687111301737,0.07098434484237615,0.05768818357280721,0.049538923439845596,0.05254128243619987,0.03602830795625134,0.030452498391593395,0.028522410465365643,0.019086425048252198,0.009864893845164058,0.009007076989062834,0.920763611435609,0.022928679639459895,0.0,0.0,0.0,0.0,0.0,0.0,0.0,0.0,0.0,0.0,0.0,0.0,0.0,0.0,0.0,0.0,0.0,0.0,0.0,0.0,0.0,0.0,0.0,0.0,0.0,0.23804417756808927,5.339909929230111,15.620844949603264,8.087068410894275,0.7141325327042678,4.2155688622754495,2.8151235528562766,nan,nan,nan,4.153141361256544,2.867511294119312,4.2823290453622205,2.7580458758954025,1.0311060165952526,0.3625,0.0217,0.0,0.0,0.0,0.0,0.0,0.0,0.0,0.0,0.09650439631138755,2.6120523268282225,14.443491314604335,11.664164700836354,1.177353634998928,0.006433626420759169,0.0,0.0,0.0,0.0,0.0,0.0,0.0,0.0,0.0,0.0,0.0,0.0,0.0,0.0,0.0,0.0,nan,nan,4.2155688622754495,2.8151235528562766,nan,0.3625,0.11896,0.0,0.0,0.0,0.0,0.0,0.0,0.0,0.0015655157623847308,2.144542140253056e-05,0.004096075487883337,0.0032811494745871757,0.001919365215526485,0.00536135535063264,0.003677889770533991,0.0020587604546429337,0.00867467295732361,0.006036886124812352,0.035406390735577956,0.0032060904996783187,0.007763242547716063,0.013510615483594253,0.009371649152905854,0.0037315033240403173,0.034655800986489384,0.029369504610765602,0.032500536135535066,0.017671027235685182,0.024844520694831652,0.04137894059618272,0.036693116019729785,0.020694831653441992,0.0255093287583101,0.015140467510186575,0.025101865751662022,0.01892558438773322,0.04296590177996998,0.0695796697405104,0.014357709628994209,0.04847737508042033,0.01220244477803989,0.022753592108084923,0.02469440274501394,0.02105940381728501,0.030924297662449068,0.01456144113231825,0.03048466652369719,0.03166416470083637,0.02607763242547716,0.03383015226249196,0.04012438344413468,0.01844306240617628,0.012877975552219601,0.0032168132103795838,0.003324040317392237,0.0030452498391593395,0.005833154621488312,0.0010186575166202015,0.007302165987561656,0.0049753377653870895,0.000879262277503753,0.005640145828865537,0.007463006648080635,0.007152048037743942,0.0009114304096075488,0.00023589963542783616,0.007602401887197083,0.0015762384730859961,0.00134033883765816,0.001265279862749303,0.009661162341840017,1.072271070126528e-05,0.0,0.0,0.0002573450568303667,4.289084280506112e-05,0.0,0.0,0.0,0.0,0.0,0.0,0.0,0.0,0.0,0.0,0.0,0.0,0.0,0.0,0.0,0.0,0.0,0.0,0.0,0.0,0.0,0.0,0.0,0.0,0.0,0.0,nan,nan,4.2155688622754495,2.8151235528562766,nan,0.920798218817938,0.022849677468534762,0.0,0.0,0.0,0.0,0.0,0.0,0.0,0.0,0.0,0.0,0.0,0.0,0.0,0.0,0.0,0.0,0.0,0.0,0.0,0.0,0.0,0.0,0.0,0.0,0.0,0.1366459627329193,5.465838509316772,15.813664596273295,7.813664596273293,0.7701863354037269,0.9207264331311942,0.02301319058423093,0.0,0.0,0.0,0.0,0.0,0.0,0.0,0.0,0.0,0.0,0.0,0.0,0.0,0.0,0.0,0.0,0.0,0.0,0.0,0.0,0.0,0.0,0.0,0.0,0.0,0.34697508896797163,5.204626334519574,15.413701067615662,8.380782918149468,0.653914590747331,0.3623,0.02168,0.0,0.0,0.0,0.0,0.0,0.0,0.0,0.0,0.08695652173913046,2.559006211180125,14.472049689440997,11.677018633540357,1.192546583850932,0.012422360248447208,0.0,0.0,0.0,0.0,0.0,0.0,0.0,0.0,0.0,0.0,0.0,0.0,0.0,0.0,0.0,0.0,0.3625,0.02171,0.0,0.0,0.0,0.0,0.0,0.0,0.0,0.0,0.10676156583629896,2.669039145907474,14.412811387900359,11.650355871886104,1.161032028469751,0.0,0.0,0.0,0.0,0.0,0.0,0.0,0.0,0.0,0.0,0.0,0.0,0.0,0.0,0.0,0.0,0.0
88800,4474,2301,0.5143048725972285,1061,910,0.4405453732677693,1256,0.5614662494412159,0.43,2.9797514956281637,3.103010508110013,6.554471544715447,2.1511672774785233,9309.522773925726,1415.4861220158189,7853.0,10738.863837599754,10685.022116707387,17.351456789627385,7853.0,0.0,27.99865891819401,21.136485138566773,33.13172690763052,19.36472448328765,0.1430487259722843,0.10393383996423781,0.09499329459097004,0.07912382655341976,0.07934734018775146,0.07487706750111757,0.06437192668752793,0.06772463120250335,0.057219490388913725,0.05096110862762628,0.04805543138131426,0.035762181493071074,0.03352704514975414,0.026151095216808227,0.022351363433169423,0.01318730442556996,0.005364327223960662,0.9197663358001769,0.022780505121756105,0.0,0.0,0.0,0.0,0.0,0.0,0.0,0.0,0.0,0.0,0.0,0.0,0.0,0.0,0.0,0.0,0.0,0.0,0.0,0.0,0.0,0.0,0.0,0.0,0.013410818059901658,0.32856504246759055,5.364327223960663,16.072865444792136,7.6911041573536005,0.5297273133661154,4.368145302130632,2.869983579441556,nan,nan,nan,4.401118099231307,2.8471126535392934,4.335195530726257,2.8922824183447333,0.9850214043298308,0.3618,0.0214,0.0,0.0,0.0,0.0,0.0,0.0,0.0,0.0,0.08046490835940993,2.950379973178365,14.255699597675461,11.90880643719265,0.7979436745641486,0.006705409029950829,0.0,0.0,0.0,0.0,0.0,0.0,0.0,0.0,0.0,0.0,0.0,0.0,0.0,0.0,0.0,0.0,nan,nan,4.368145302130632,2.869983579441556,nan,0.3618,0.1188,0.0,0.0,0.0,0.0,0.0,0.0,0.0,0.0012516763522574877,6.705409029950827e-05,0.004447921323200715,0.0028274474742959322,0.0023468931604827895,0.0053196244970943225,0.0044590970049173,0.0015757711220384444,0.009007599463567278,0.0063924899418864554,0.035326329906124276,0.0031180151989271348,0.008068842199374161,0.012717925793473401,0.009544032185963345,0.003576218149307108,0.03711443898077783,0.031303084488153776,0.031884219937416185,0.0167411712114439,0.02599463567277604,0.038913723737147965,0.03619803308001788,0.02037326776933393,0.025569959767545822,0.01614886008046491,0.024519445686186858,0.018428699150648188,0.04199821189092535,0.07020563254358515,0.014204291461779168,0.049117121144389805,0.011745641484130532,0.02282074206526598,0.025603486812695576,0.022060795708538222,0.03213008493518105,0.015008940545373268,0.028911488600804648,0.029548502458649976,0.027123379526151094,0.03202950379973178,0.03956191327670988,0.020764416629414393,0.012293249888243183,0.00367679928475637,0.003173893607510058,0.0037885561019222174,0.004928475637013858,0.0009052302190433616,0.006940098345999106,0.005699597675458203,0.0008158247653106839,0.005129637907912383,0.007398301296379079,0.006940098345999106,0.0006258381761287438,0.0001005811354492624,0.006805990165400089,0.001821636119803308,0.0019222172552525703,0.001709879302637461,0.008951721054984355,0.0,0.0,0.0,0.00026821636119803307,3.352704514975413e-05,0.0,0.0,0.0,0.0,0.0,0.0,0.0,0.0,0.0,0.0,0.0,0.0,0.0,0.0,0.0,0.0,0.0,0.0,0.0,0.0,0.0,0.0,0.0,0.0,0.0,0.0,nan,nan,4.368145302130632,2.869983579441556,nan,0.9196062315448063,0.022566573857636125,0.0,0.0,0.0,0.0,0.0,0.0,0.0,0.0,0.0,0.0,0.0,0.0,0.0,0.0,0.0,0.0,0.0,0.0,0.0,0.0,0.0,0.0,0.0,0.0,0.013037809647979142,0.3129074315514994,5.462842242503261,16.075619295958283,7.6271186440677985,0.5084745762711865,0.9199358709550814,0.023003654715057147,0.0,0.0,0.0,0.0,0.0,0.0,0.0,0.0,0.0,0.0,0.0,0.0,0.0,0.0,0.0,0.0,0.0,0.0,0.0,0.0,0.0,0.0,0.0,0.0,0.013805798435342848,0.34514496088357116,5.260009203865624,16.069949378739075,7.75885872066268,0.5522319374137139,0.362,0.02116,0.0,0.0,0.0,0.0,0.0,0.0,0.0,0.0,0.05215123859191657,2.7900912646675367,14.354628422425035,11.955671447196854,0.8344198174706651,0.013037809647979142,0.0,0.0,0.0,0.0,0.0,0.0,0.0,0.0,0.0,0.0,0.0,0.0,0.0,0.0,0.0,0.0,0.3613,0.02162,0.0,0.0,0.0,0.0,0.0,0.0,0.0,0.0,0.11044638748274278,3.1201104463874834,14.150943396226419,11.859180855959487,0.7593189139438566,0.0,0.0,0.0,0.0,0.0,0.0,0.0,0.0,0.0,0.0,0.0,0.0,0.0,0.0,0.0,0.0,0.0
88900,4699,2436,0.518408171951479,1099,973,0.4409448818897638,1343,0.5716109810597999,0.418,3.049491825011047,3.134660545720601,6.72107765451664,2.176415024044307,9321.056967479672,1415.0267215820697,7853.0,10744.036275863647,10684.855373639974,17.94129226737937,7853.0,0.0,27.964034901042776,21.0233958077994,33.00406504065041,19.252243131366942,0.14513726324749948,0.10002128112364334,0.09023196424771228,0.08129389231751437,0.08448606086401363,0.07767610129814854,0.07065333049585018,0.05894871249201958,0.055330921472653755,0.05256437539902107,0.042136624813790165,0.043839114705256435,0.03362417535645882,0.028942328154926582,0.01808895509682911,0.010214939348797617,0.006809959565865078,0.9196450223717747,0.02322958357251781,0.0,0.0,0.0,0.0,0.0,0.0,0.0,0.0,0.0,0.0,0.0,0.0,0.0,0.0,0.0,0.0,0.0,0.0,0.0,0.0,0.0,0.0,0.0,0.0,0.0,0.33198552883592264,5.7012130240476715,15.648010214939353,7.654820174505216,0.6639710576718453,4.40987408880053,2.923589856918327,nan,nan,nan,4.419852448021462,2.923708261497569,4.398427260812582,2.9236411777422355,0.9951525107544097,0.3616,0.02206,0.0,0.0,0.0,0.0,0.0,0.0,0.0,0.0,0.10214939348797619,2.879336028942329,14.556288572036607,11.351351351351335,1.0789529687167485,0.03192168546499256,0.0,0.0,0.0,0.0,0.0,0.0,0.0,0.0,0.0,0.0,0.0,0.0,0.0,0.0,0.0,0.0,nan,nan,4.40987408880053,2.923589856918327,nan,0.3616,0.119,0.0,0.0,0.0,0.0,0.0,0.0,4.256224728665674e-05,0.0011811023622047244,2.128112364332837e-05,0.005320280910832092,0.0031708874228559268,0.002436688657161098,0.0056182166418386895,0.004128537986805703,0.001447116407746329,0.008065545860821451,0.007001489678655033,0.03563524154075335,0.003341136412002554,0.008129389231751437,0.012119599914875505,0.009267929346669505,0.003649712704830815,0.03790168120876782,0.03026175782081294,0.03102787827197276,0.015748031496062992,0.026718450734198766,0.03899765907639923,0.03578420940625665,0.020770376675888488,0.02627154713768887,0.016035326665247925,0.023611406682272823,0.019067886784422217,0.0435837412215365,0.06790806554586082,0.01543945520323473,0.04870185145775697,0.011098105979995743,0.024143434773356034,0.025069163651840816,0.022824005107469673,0.03279421153436902,0.015407533517769738,0.027175994892530326,0.029538199616939775,0.026697169610555436,0.03213449670142583,0.03886997233453927,0.02019578633751862,0.013045328793360289,0.003819961693977442,0.0031496062992125984,0.004469035965098957,0.0054586082145137264,0.0011491806767397318,0.006852521813151735,0.005107469674398808,0.000691636518408172,0.005054266865290488,0.007905937433496489,0.006990849116833369,0.00047882528197488826,1.0640561821664184e-05,0.006831240689508406,0.0020536284315811875,0.0018088955096829114,0.0016599276441796127,0.008757182379229624,0.0,1.0640561821664184e-05,0.0,0.0003298574164715897,1.0640561821664184e-05,0.0,0.0,0.0,0.0,0.0,0.0,0.0,0.0,0.0,0.0,0.0,0.0,0.0,0.0,0.0,0.0,0.0,0.0,0.0,0.0,0.0,0.0,0.0,0.0,0.0,0.0,nan,nan,4.40987408880053,2.923589856918327,nan,0.9196626187741072,0.023316981467102246,0.0,0.0,0.0,0.0,0.0,0.0,0.0,0.0,0.0,0.0,0.0,0.0,0.0,0.0,0.0,0.0,0.0,0.0,0.0,0.0,0.0,0.0,0.0,0.0,0.0,0.33251231527093605,5.677339901477834,15.591133004926112,7.68472906403941,0.7142857142857145,0.9196260807738597,0.023135120410471086,0.0,0.0,0.0,0.0,0.0,0.0,0.0,0.0,0.0,0.0,0.0,0.0,0.0,0.0,0.0,0.0,0.0,0.0,0.0,0.0,0.0,0.0,0.0,0.0,0.0,0.33141847105612027,5.7269111798497585,15.7092355280601,7.622624834290766,0.6098099867432613,0.3616,0.02213,0.0,0.0,0.0,0.0,0.0,0.0,0.0,0.0,0.09852216748768475,2.770935960591134,14.556650246305422,11.403940886699491,1.1330049261083746,0.03694581280788178,0.0,0.0,0.0,0.0,0.0,0.0,0.0,0.0,0.0,0.0,0.0,0.0,0.0,0.0,0.0,0.0,0.3616,0.02197,0.0,0.0,0.0,0.0,0.0,0.0,0.0,0.0,0.10605391073795849,2.9960229783473276,14.555899248784803,11.29474149359256,1.0207688908528505,0.026513477684489622,0.0,0.0,0.0,0.0,0.0,0.0,0.0,0.0,0.0,0.0,0.0,0.0,0.0,0.0,0.0,0.0
89000,4757,2434,0.5116670170275384,1137,943,0.4372503678789153,1334,0.5608576834139163,0.41,2.9591046061127853,3.0437415898760034,6.373511904761905,2.095647598476694,9302.04126211207,1415.671404067235,7853.0,10751.75380563736,10685.000527472112,17.71020005932041,7853.0,0.0,28.604792936724827,21.33188207636932,33.64916229057264,19.51979634334692,0.14000420433046037,0.09606895101955014,0.09228505360521337,0.08324574311540887,0.0815640109312592,0.06663863779693084,0.06958166911919277,0.0611730081984444,0.05486651250788312,0.05949127601429472,0.05003153247845281,0.042673954172797984,0.038469623712423795,0.022703384486020602,0.0203910027328148,0.011351692243010301,0.009459743535841917,0.9193222081809077,0.023191673760460333,0.0,0.0,0.0,0.0,0.0,0.0,0.0,0.0,0.0,0.0,0.0,0.0,0.0,0.0,0.0,0.0,0.0,0.0,0.0,0.0,0.0,0.0,0.0,0.0,0.0,0.3594702543619929,5.776750052554132,15.595963842758044,7.744376708009251,0.5234391423165862,4.285575679172057,2.8285892992959494,nan,nan,nan,4.286266924564797,2.8339947821414877,4.284879948085659,2.8231381169274727,0.9996764138809954,0.3618,0.02213,0.0,0.0,0.0,0.0,0.0,0.0,0.0,0.0,0.09459743535841919,3.0775698969939045,14.139163338238388,11.528274122346,1.154088711372714,0.00630649569056128,0.0,0.0,0.0,0.0,0.0,0.0,0.0,0.0,0.0,0.0,0.0,0.0,0.0,0.0,0.0,0.0,nan,nan,4.285575679172057,2.8285892992959494,nan,0.3618,0.1192,0.0,0.0,0.0,0.0,0.0,0.0,4.204330460374185e-05,0.0017868404456590288,1.0510826150935463e-05,0.005265923901618667,0.0032793777590918644,0.0024174900147151566,0.006012192558335085,0.0032373344544881226,0.0015345806180365777,0.008240487702333403,0.007504729871767921,0.03433886903510616,0.003447550977506832,0.007515240697918857,0.01165650620138743,0.007473197393315115,0.004120243851166701,0.039194870716838345,0.030964893840655875,0.03184780323733445,0.01552449022493168,0.027906243430733654,0.03791254992642422,0.033886903510615934,0.020380491906663863,0.028599957956695395,0.016249737229346226,0.022945133487492116,0.019529114988438092,0.041938196342232496,0.06882488963632541,0.01696447340760984,0.045858734496531425,0.011519865461425268,0.02564641580828253,0.025362623502207273,0.02437460584401934,0.030344755097750684,0.017763296195080932,0.027180996426319107,0.029766659659449232,0.027023334034055078,0.02964052974563801,0.03837502627706538,0.019539625814589026,0.013632541517763296,0.0034265293252049613,0.00294303132226193,0.0054551187723355056,0.004929577464788733,0.0006832036998108052,0.007672903090182888,0.005276434727769602,0.0006516712213579987,0.004961109943241539,0.007178894261088921,0.0075677948286735335,0.0008723985705276435,3.153247845280639e-05,0.006937145259617406,0.002112676056338028,0.0012823207904141265,0.0013033424427159974,0.009575362623502207,0.0,0.0,0.0,0.0005570737859995796,0.0,0.0,0.0,0.0,0.0,0.0,0.0,0.0,0.0,0.0,0.0,0.0,0.0,0.0,0.0,0.0,0.0,0.0,0.0,0.0,0.0,0.0,0.0,0.0,0.0,0.0,0.0,nan,nan,4.285575679172057,2.8285892992959494,nan,0.9192213582620331,0.023136964005209686,0.0,0.0,0.0,0.0,0.0,0.0,0.0,0.0,0.0,0.0,0.0,0.0,0.0,0.0,0.0,0.0,0.0,0.0,0.0,0.0,0.0,0.0,0.0,0.0,0.0,0.32046014790468375,5.916187345932623,15.727198027937554,7.518488085456041,0.5176663927691044,0.9194278770154065,0.02324839026467479,0.0,0.0,0.0,0.0,0.0,0.0,0.0,0.0,0.0,0.0,0.0,0.0,0.0,0.0,0.0,0.0,0.0,0.0,0.0,0.0,0.0,0.0,0.0,0.0,0.0,0.40034438226431346,5.630650021523893,15.4584588893672,7.981058975462766,0.5294877313818339,0.3623,0.02242,0.0,0.0,0.0,0.0,0.0,0.0,0.0,0.0,0.08627773212818408,2.9950698438783903,13.890714872637636,11.770747740345094,1.2571898110106823,0.0,0.0,0.0,0.0,0.0,0.0,0.0,0.0,0.0,0.0,0.0,0.0,0.0,0.0,0.0,0.0,0.0,0.3613,0.02179,0.0,0.0,0.0,0.0,0.0,0.0,0.0,0.0,0.10331467929401639,3.1640120533792517,14.399483426603533,11.27421437795952,1.0460611278519159,0.012914334911752048,0.0,0.0,0.0,0.0,0.0,0.0,0.0,0.0,0.0,0.0,0.0,0.0,0.0,0.0,0.0,0.0
89100,4729,2457,0.5195601607105096,1127,968,0.44301120744343414,1316,0.5565658701628251,0.41,2.988556338028169,3.098280309072533,6.624605678233438,2.187091521634523,9324.614003040268,1415.1850164962598,7853.0,10743.371695756912,10685.42271891633,17.737810530870075,7853.0,0.0,27.889194332839924,21.03324829653423,33.00861413731948,19.2596943506563,0.144639458659336,0.10171283569465003,0.09135123704800169,0.08796785789807571,0.07506872488898288,0.07633749207020511,0.0666102770141679,0.06555297102981603,0.05519137238316769,0.05328822161133432,0.042715161767815604,0.04060054979911186,0.03425671389300063,0.02812433918375978,0.020088813702685556,0.011207443434129837,0.005286529921759357,0.920119829814614,0.023030351689656534,0.0,0.0,0.0,0.0,0.0,0.0,0.0,0.0,0.0,0.0,0.0,0.0,0.0,0.0,0.0,0.0,0.0,0.0,0.0,0.0,0.0,0.0,0.0,0.0,0.0,0.3235356312116727,5.544512581941215,15.637555508564182,7.796574328610702,0.6978219496722353,4.307565246118269,2.907371715597109,nan,nan,nan,4.324197860962567,2.9451042532405056,4.292156862745098,2.870677299593358,0.9925903024681816,0.362,0.02205,0.0,0.0,0.0,0.0,0.0,0.0,0.0,0.0,0.09515753859166845,2.9942905476845008,14.02622118841193,11.774159441742423,1.103827447663354,0.00634383590611123,0.0,0.0,0.0,0.0,0.0,0.0,0.0,0.0,0.0,0.0,0.0,0.0,0.0,0.0,0.0,0.0,nan,nan,4.307565246118269,2.907371715597109,nan,0.362,0.1195,0.0,0.0,0.0,0.0,0.0,1.0573059843518714e-05,0.0,0.0018925777119898498,0.0,0.0047050116303658275,0.004007189680693593,0.0030344681750898712,0.006121801649397336,0.0024740960033833794,0.0020934658490167055,0.006682173821103828,0.008257559737788116,0.03282935081412561,0.0031613448932120954,0.008342144216536266,0.011619792768027068,0.0077183336857686614,0.004049481920067668,0.03942694015648129,0.030460985409177417,0.033611757242545996,0.017223514485091986,0.029541129202791287,0.03744977796574329,0.03467963628674138,0.020205117360964264,0.028103193064072742,0.015923028124339184,0.0222034256713893,0.018777754282089238,0.041023472192852614,0.06947557623176147,0.01759357157961514,0.043106364982025795,0.011524635229435398,0.024740960033833793,0.025132163248043984,0.02516388242757454,0.02846267709875238,0.01669486149291605,0.027320786635652357,0.027511101712835696,0.02869528441530979,0.030534996828082046,0.03875026432649609,0.021495030661873547,0.01356523577923451,0.0030133220554028335,0.003341086910551914,0.005804609854091774,0.005201945443011207,0.000592091351237048,0.007623176147176993,0.006058363290336224,0.0007295411292027913,0.004736730809896384,0.008246986677944598,0.007559737788115881,0.0010467329245083528,4.229223937407486e-05,0.0062592514273630785,0.0022626348065130047,0.0012370480016916897,0.0011313174032565024,0.009251427363078876,0.0,1.0573059843518714e-05,0.0,0.0004546415732713047,0.0,0.0,0.0,0.0,0.0,0.0,0.0,0.0,0.0,0.0,0.0,0.0,0.0,0.0,0.0,0.0,0.0,0.0,0.0,0.0,0.0,0.0,0.0,0.0,0.0,0.0,0.0,nan,nan,4.307565246118269,2.907371715597109,nan,0.9198542274155653,0.023348175259870308,0.0,0.0,0.0,0.0,0.0,0.0,0.0,0.0,0.0,0.0,0.0,0.0,0.0,0.0,0.0,0.0,0.0,0.0,0.0,0.0,0.0,0.0,0.0,0.0,0.0,0.39072039072039083,5.702075702075703,15.360195360195362,7.826617826617828,0.7203907203907206,0.9204070591695712,0.022678136717189306,0.0,0.0,0.0,0.0,0.0,0.0,0.0,0.0,0.0,0.0,0.0,0.0,0.0,0.0,0.0,0.0,0.0,0.0,0.0,0.0,0.0,0.0,0.0,0.0,0.0,0.25088028169014087,5.37411971830986,15.937500000000004,7.764084507042255,0.6734154929577466,0.3625,0.02184,0.0,0.0,0.0,0.0,0.0,0.0,0.0,0.0,0.0854700854700855,2.7594627594627603,14.175824175824179,11.80708180708179,1.1721611721611724,0.0,0.0,0.0,0.0,0.0,0.0,0.0,0.0,0.0,0.0,0.0,0.0,0.0,0.0,0.0,0.0,0.0,0.3613,0.02225,0.0,0.0,0.0,0.0,0.0,0.0,0.0,0.0,0.10563380281690143,3.248239436619719,13.864436619718314,11.738556338028152,1.029929577464789,0.01320422535211268,0.0,0.0,0.0,0.0,0.0,0.0,0.0,0.0,0.0,0.0,0.0,0.0,0.0,0.0,0.0,0.0
89200,4432,2274,0.5130866425992779,1077,887,0.44314079422382674,1232,0.555956678700361,0.434,3.0092678405931417,3.135332936751095,6.550161812297735,2.204344410028501,9306.035010695,1415.5453735788426,7853.0,10753.29155933857,10684.948622427546,17.600906409790184,7853.0,0.0,27.817463898916966,20.805774765778185,32.87884511602806,18.99165182476805,0.14372743682310468,0.09679602888086643,0.09115523465703972,0.09273465703971119,0.08077617328519855,0.06836642599277978,0.07175090252707582,0.06114620938628159,0.06024368231046932,0.055054151624548735,0.04715703971119133,0.04061371841155235,0.029783393501805054,0.028429602888086644,0.017373646209386282,0.0078971119133574,0.006994584837545126,0.9192240801959262,0.02303773783406192,0.0,0.0,0.0,0.0,0.0,0.0,0.0,0.0,0.0,0.0,0.0,0.0,0.0,0.0,0.0,0.0,0.0,0.0,0.0,0.0,0.0,0.0,0.0,0.0,0.0,0.3113718411552347,5.8822202166065,15.785198555956683,7.418772563176897,0.6024368231046933,4.343199436222692,2.9266174008993793,nan,nan,nan,4.326502732240437,2.9063163376281187,4.36098981077147,2.947990341776773,1.007971121403447,0.3613,0.02176,0.0,0.0,0.0,0.0,0.0,0.0,0.0,0.0,0.09476534296028884,2.910649819494586,14.681859205776176,11.27030685920576,1.028880866425993,0.013537906137184119,0.0,0.0,0.0,0.0,0.0,0.0,0.0,0.0,0.0,0.0,0.0,0.0,0.0,0.0,0.0,0.0,nan,nan,4.343199436222692,2.9266174008993793,nan,0.3613,0.11884,0.0,0.0,0.0,0.0,0.0,0.0,0.0,0.0012973826714801444,0.0,0.004467509025270758,0.004219314079422383,0.0029444945848375453,0.005934115523465704,0.0022675992779783395,0.002414259927797834,0.006678700361010831,0.008856046931407941,0.03275045126353791,0.00276398916967509,0.010040613718411553,0.009611913357400722,0.008889891696750902,0.004907490974729242,0.03759025270758123,0.027854241877256318,0.03291967509025271,0.018219765342960288,0.0337206678700361,0.039000451263537905,0.03614620938628159,0.020938628158844765,0.027143501805054152,0.01701263537906137,0.021074007220216608,0.01852436823104693,0.040907039711191334,0.06979918772563178,0.016392148014440434,0.04297157039711191,0.010819043321299638,0.022754963898916968,0.028316787003610108,0.02467283393501805,0.02875676895306859,0.01601985559566787,0.027188628158844767,0.028068592057761733,0.026004061371841154,0.029162906137184117,0.041132671480144406,0.020600180505415164,0.013436371841155235,0.0028542418772563175,0.004072653429602888,0.0064530685920577615,0.004456227436823105,0.0006092057761732852,0.008698104693140795,0.0052233754512635375,0.0006092057761732852,0.004726985559566787,0.009453971119133575,0.008495036101083032,0.0013086642599277978,4.5126353790613716e-05,0.005787454873646209,0.0014327617328519855,0.0010153429602888086,0.0008348375451263538,0.008348375451263539,9.025270758122743e-05,3.384476534296029e-05,0.0,0.0002594765342960289,0.0,0.0,0.0,0.0,0.0,0.0,0.0,0.0,0.0,0.0,0.0,0.0,0.0,0.0,0.0,0.0,0.0,0.0,0.0,0.0,0.0,0.0,0.0,0.0,0.0,0.0,0.0,nan,nan,4.343199436222692,2.9266174008993793,nan,0.9196050402199687,0.023231867744756444,0.0,0.0,0.0,0.0,0.0,0.0,0.0,0.0,0.0,0.0,0.0,0.0,0.0,0.0,0.0,0.0,0.0,0.0,0.0,0.0,0.0,0.0,0.0,0.0,0.0,0.27704485488126657,5.989445910290239,15.474934036939317,7.585751978891822,0.6728232189973615,0.9188226422465875,0.02282450733877171,0.0,0.0,0.0,0.0,0.0,0.0,0.0,0.0,0.0,0.0,0.0,0.0,0.0,0.0,0.0,0.0,0.0,0.0,0.0,0.0,0.0,0.0,0.0,0.0,0.0,0.3475440222428175,5.769230769230771,16.11214087117702,7.242817423540317,0.5282669138090826,0.3618,0.02151,0.0,0.0,0.0,0.0,0.0,0.0,0.0,0.0,0.079155672823219,2.691292875989446,14.630606860158315,11.530343007915551,1.0422163588390503,0.02638522427440634,0.0,0.0,0.0,0.0,0.0,0.0,0.0,0.0,0.0,0.0,0.0,0.0,0.0,0.0,0.0,0.0,0.3608,0.02203,0.0,0.0,0.0,0.0,0.0,0.0,0.0,0.0,0.1112140871177016,3.14179796107507,14.735866543095462,10.996292863762728,1.014828544949027,0.0,0.0,0.0,0.0,0.0,0.0,0.0,0.0,0.0,0.0,0.0,0.0,0.0,0.0,0.0,0.0,0.0
89300,4664,2419,0.5186535162950258,1133,956,0.44789879931389365,1308,0.5608919382504288,0.422,3.044543429844098,3.13948527245367,6.670826833073323,2.2032257098435366,9321.584251090117,1414.837072409179,7853.0,10742.897580623627,10684.532429551182,17.548074233197163,7853.0,0.0,27.943825042881645,20.88463411564462,32.98488729508197,19.091924068541047,0.14086620926243568,0.10591766723842196,0.08469125214408234,0.08469125214408234,0.08683533447684391,0.07182675814751287,0.06968267581475128,0.0589622641509434,0.06239279588336192,0.05231560891938251,0.045454545454545456,0.040737564322469985,0.03623499142367067,0.022727272727272728,0.020154373927958835,0.011363636363636364,0.005145797598627788,0.9179724385102453,0.023210024667206938,0.0,0.0,0.0,0.0,0.0,0.0,0.0,0.0,0.0,0.0,0.0,0.0,0.0,0.0,0.0,0.0,0.0,0.0,0.0,0.0,0.0,0.0,0.0,0.0,0.006432246998284735,0.3795025728987994,6.277873070325902,15.82332761578045,6.998284734133792,0.5145797598627788,4.298111957601855,2.94746421395297,nan,nan,nan,4.34936539746159,2.9579870361498295,4.247700394218134,2.9362048492580826,0.9766253248570952,0.362,0.02148,0.0,0.0,0.0,0.0,0.0,0.0,0.0,0.0,0.045025728987993154,2.7722984562607214,14.440394511149231,11.674528301886776,1.0613207547169814,0.006432246998284735,0.0,0.0,0.0,0.0,0.0,0.0,0.0,0.0,0.0,0.0,0.0,0.0,0.0,0.0,0.0,0.0,nan,nan,4.298111957601855,2.94746421395297,nan,0.362,0.11914,0.0,0.0,0.0,0.0,0.0,0.0,0.0,0.0012114065180102915,0.0,0.004041595197255575,0.0034412521440823325,0.0038379073756432246,0.005220840480274443,0.002079759862778731,0.0032697255574614067,0.005928387650085763,0.009262435677530018,0.03175385934819897,0.002508576329331046,0.010506003430531732,0.0104631217838765,0.009026586620926244,0.005660377358490566,0.0383147512864494,0.028226843910806175,0.033565608919382504,0.017592195540308747,0.03297598627787307,0.03820754716981132,0.035270154373927956,0.02190180102915952,0.02556818181818182,0.01748499142367067,0.020765437392795884,0.016584476843910807,0.03993353344768439,0.06821397941680961,0.0161663807890223,0.04637650085763293,0.010902658662092625,0.02307032590051458,0.0300278730703259,0.024110205831903944,0.029491852487135505,0.016230703259005146,0.024699828473413378,0.029652658662092626,0.025064322469982848,0.028527015437392795,0.04121998284734134,0.021515866209262435,0.014365351629502573,0.003023156089193825,0.003602058319039451,0.007868782161234992,0.004834905660377358,0.00038593481989708403,0.00807246998284734,0.005488850771869639,0.00048241852487135507,0.0038164665523156087,0.009466123499142366,0.008104631217838765,0.0013936535162950257,0.0001179245283018868,0.005746140651801029,0.0011899656946826758,0.0013293310463121785,0.0006217838765008577,0.009723413379073757,6.432246998284734e-05,0.0,0.0,0.0004288164665523156,0.0,0.0,0.0,0.0,0.0,0.0,0.0,0.0,0.0,0.0,0.0,0.0,0.0,0.0,0.0,0.0,0.0,0.0,0.0,0.0,0.0,0.0,0.0,0.0,0.0,0.0,0.0,nan,nan,4.298111957601855,2.94746421395297,nan,0.9185337357749718,0.02310045699510221,0.0,0.0,0.0,0.0,0.0,0.0,0.0,0.0,0.0,0.0,0.0,0.0,0.0,0.0,0.0,0.0,0.0,0.0,0.0,0.0,0.0,0.0,0.0,0.0,0.0,0.31004547333608934,6.188507647788343,15.700702769739564,7.267465894997935,0.5332782141380736,0.9173676375822394,0.023312387113074543,0.0,0.0,0.0,0.0,0.0,0.0,0.0,0.0,0.0,0.0,0.0,0.0,0.0,0.0,0.0,0.0,0.0,0.0,0.0,0.0,0.0,0.0,0.0,0.0,0.013363028953229402,0.45434298440979964,6.3741648106904245,15.955456570155905,6.70824053452116,0.49443207126948785,0.3623,0.02158,0.0,0.0,0.0,0.0,0.0,0.0,0.0,0.0,0.06200909466721787,2.7035965274906992,14.348904505994215,11.831335262505151,1.0541546093427039,0.0,0.0,0.0,0.0,0.0,0.0,0.0,0.0,0.0,0.0,0.0,0.0,0.0,0.0,0.0,0.0,0.0,0.362,0.0214,0.0,0.0,0.0,0.0,0.0,0.0,0.0,0.0,0.026726057906458805,2.846325167037863,14.538975501113589,11.505567928730496,1.069042316258352,0.013363028953229402,0.0,0.0,0.0,0.0,0.0,0.0,0.0,0.0,0.0,0.0,0.0,0.0,0.0,0.0,0.0,0.0
89400,4985,2581,0.5177532597793381,1223,1022,0.45035105315947843,1417,0.568505516549649,0.38199999999999995,3.032029950083195,3.10938502714333,6.553041018387553,2.1822094618796166,9318.569932051098,1414.4799267758003,7853.0,10739.175753712654,10683.633905956885,17.399599960021444,7853.0,0.0,28.1432296890672,20.713112898311927,32.81910617167179,18.999773593387452,0.13199598796389167,0.09929789368104312,0.09007021063189569,0.09428284854563691,0.08605817452357072,0.07562688064192578,0.062186559679037114,0.06238716148445336,0.06038114343029087,0.0563691073219659,0.048345035105315945,0.03831494483450351,0.033299899699097295,0.02868605817452357,0.01805416248746239,0.00962888665997994,0.0050150451354062184,0.9176279702420937,0.022811529392220385,0.0,0.0,0.0,0.0,0.0,0.0,0.0,0.0,0.0,0.0,0.0,0.0,0.0,0.0,0.0,0.0,0.0,0.0,0.0,0.0,0.0,0.0,0.0,0.0,0.0,0.34302908726178544,6.2407221664995,16.116349047141426,6.782347041123372,0.5175526579739218,4.255155432440751,2.901240760802377,nan,nan,nan,4.2384230287859825,2.8977312805863225,4.2696969696969695,2.9046446450871133,1.0073786737894224,0.3613,0.02142,0.0,0.0,0.0,0.0,0.0,0.0,0.0,0.0,0.060180541624874635,2.87061183550652,15.063189568706122,11.055165496489453,0.9508525576730192,0.0,0.0,0.0,0.0,0.0,0.0,0.0,0.0,0.0,0.0,0.0,0.0,0.0,0.0,0.0,0.0,0.0,nan,nan,4.255155432440751,2.901240760802377,nan,0.3616,0.1183,0.0,0.0,0.0,0.0,0.0,0.0,4.012036108324975e-05,0.0010431293881644934,0.0,0.0031795386158475426,0.0033400200601805415,0.003490471414242728,0.005486459378134403,0.0023971915747241727,0.00440320962888666,0.006389167502507523,0.008816449348044132,0.030501504513540622,0.002978936810431294,0.009638916750250753,0.012026078234704113,0.009638916750250753,0.006068204613841524,0.036940822467402205,0.029488465396188566,0.033059177532597794,0.018294884653961885,0.03156469408224674,0.035857572718154464,0.03657973921765296,0.021624874623871616,0.024022066198595787,0.017061183550651955,0.023550651955867603,0.018956870611835507,0.03861584754262788,0.06768304914744233,0.018495486459378135,0.0479037111334002,0.009809428284854564,0.02482447342026078,0.03103309929789368,0.02633901705115346,0.029307923771313943,0.016439317953861585,0.022086258776328988,0.031223671013039116,0.024292878635907723,0.027161484453360082,0.03985957873620863,0.01970912738214644,0.013931795386158475,0.0023470411233701104,0.0032397191574724173,0.007733199598796389,0.005175526579739217,0.0007823470411233701,0.008214643931795386,0.0053761283851554665,0.0004914744232698094,0.004012036108324975,0.010220661985957873,0.008084252758274825,0.00119358074222668,7.021063189568705e-05,0.0053761283851554665,0.001013039117352056,0.0011534603811434302,0.00030090270812437313,0.009618856569709127,0.00018054162487462388,0.0,0.0,0.00026078234704112336,0.0,0.0,0.0,0.0,0.0,0.0,0.0,0.0,0.0,0.0,0.0,0.0,0.0,0.0,0.0,0.0,0.0,0.0,0.0,0.0,0.0,0.0,0.0,0.0,0.0,0.0,0.0,nan,nan,4.255155432440751,2.901240760802377,nan,0.9176337379949215,0.022932874436805098,0.0,0.0,0.0,0.0,0.0,0.0,0.0,0.0,0.0,0.0,0.0,0.0,0.0,0.0,0.0,0.0,0.0,0.0,0.0,0.0,0.0,0.0,0.0,0.0,0.0,0.3719488570321582,6.079039132119335,16.237892289810155,6.706702828361101,0.6044168926772571,0.9176217778252682,0.022680525741303484,0.0,0.0,0.0,0.0,0.0,0.0,0.0,0.0,0.0,0.0,0.0,0.0,0.0,0.0,0.0,0.0,0.0,0.0,0.0,0.0,0.0,0.0,0.0,0.0,0.0,0.3119800332778703,6.414309484193013,15.985856905158073,6.863560732113147,0.42429284525790356,0.3616,0.02173,0.0,0.0,0.0,0.0,0.0,0.0,0.0,0.0,0.09298721425803955,2.882603641999226,14.994188299108876,11.018984889577668,1.01123595505618,0.0,0.0,0.0,0.0,0.0,0.0,0.0,0.0,0.0,0.0,0.0,0.0,0.0,0.0,0.0,0.0,0.0,0.3613,0.0211,0.0,0.0,0.0,0.0,0.0,0.0,0.0,0.0,0.024958402662229623,2.8577371048252918,15.137271214642267,11.094009983361047,0.8860232945091516,0.0,0.0,0.0,0.0,0.0,0.0,0.0,0.0,0.0,0.0,0.0,0.0,0.0,0.0,0.0,0.0,0.0
89500,4492,2332,0.5191451469278717,1054,925,0.44056099732858417,1252,0.5574354407836153,0.442,2.9606481481481484,3.1444877617201312,6.6993127147766325,2.1113259156607582,9322.414066122827,1414.243279778864,7853.0,10752.290561556816,10683.449393234878,17.533652134771806,7853.0,0.0,27.825467497773822,20.98192394301479,32.75258552108194,19.30152763516297,0.13958147818343722,0.10129118432769368,0.09928762243989314,0.09016028495102404,0.0790293855743544,0.07190560997328584,0.06634016028495103,0.05654496883348174,0.05810329474621549,0.05387355298308103,0.05097951914514693,0.035173642030276044,0.034728406055209264,0.026046304541406946,0.017586821015138022,0.01313446126447017,0.006233303650934996,0.9174121666304893,0.023112088105846723,0.0,0.0,0.0,0.0,0.0,0.0,0.0,0.0,0.0,0.0,0.0,0.0,0.0,0.0,0.0,0.0,0.0,0.0,0.0,0.0,0.0,0.0,0.0,0.0,0.0,0.42742653606411407,6.251113089937669,15.975066785396264,6.8655387355298325,0.48085485307212833,4.30415068015347,2.9251075425784214,nan,nan,nan,4.376992376992377,2.9357778370654,4.230337078651686,2.912397155222613,0.9664940475766912,0.3606,0.02173,0.0,0.0,0.0,0.0,0.0,0.0,0.0,0.0,0.09349955476402495,3.1255565449688345,14.68610863757792,11.173196794300964,0.9149599287622442,0.006678539626001782,0.0,0.0,0.0,0.0,0.0,0.0,0.0,0.0,0.0,0.0,0.0,0.0,0.0,0.0,0.0,0.0,nan,nan,4.30415068015347,2.9251075425784214,nan,0.3608,0.1183,0.0,0.0,0.0,0.0,0.0,0.0,1.1130899376669635e-05,0.0009016028495102404,0.0,0.0035173642030276045,0.003138913624220837,0.0034283170080142474,0.005676758682101514,0.0018143365983971506,0.0058325912733748885,0.006110863757791629,0.009416740872662512,0.029808548530721284,0.0036731967943009797,0.009572573463935885,0.011854407836153161,0.00917186108637578,0.007068121104185218,0.037310774710596614,0.029307658058771148,0.032157168299198576,0.020069011576135352,0.030843722172751557,0.036609528049866426,0.03573018699910953,0.023408281389136244,0.022617987533392697,0.0158726625111309,0.0222506678539626,0.02069234194122885,0.038802315227070346,0.06767586821015138,0.01925645592163847,0.04780721282279608,0.01008459483526269,0.025801424755120213,0.03050979519145147,0.025178094390026714,0.029519145146927873,0.01769813000890472,0.023319234194122886,0.03052092609082814,0.0231300089047195,0.027816117542297417,0.0395146927871772,0.019768477292965273,0.011854407836153161,0.0019367764915405165,0.002827248441674087,0.007713713268032057,0.00517586821015138,0.0009906500445235975,0.00853739982190561,0.004808548530721282,0.0004229741763134461,0.0043187889581478185,0.009027159394479074,0.008648708815672305,0.0008014247551202137,8.904719501335708e-05,0.005699020480854853,0.0010796972395369546,0.001947907390917186,0.0001892252894033838,0.009194122885129118,7.791629563668744e-05,1.1130899376669635e-05,0.0,0.0003784505788067676,0.0,0.0,0.0,0.0,0.0,0.0,0.0,0.0,0.0,0.0,0.0,0.0,0.0,0.0,0.0,0.0,0.0,0.0,0.0,0.0,0.0,0.0,0.0,0.0,0.0,0.0,0.0,nan,nan,4.30415068015347,2.9251075425784214,nan,0.9177667786388005,0.023409304117485243,0.0,0.0,0.0,0.0,0.0,0.0,0.0,0.0,0.0,0.0,0.0,0.0,0.0,0.0,0.0,0.0,0.0,0.0,0.0,0.0,0.0,0.0,0.0,0.0,0.0,0.3730703259005147,6.32933104631218,15.746140651801031,6.9854202401372225,0.5660377358490567,0.9170293169992941,0.022780657275550315,0.0,0.0,0.0,0.0,0.0,0.0,0.0,0.0,0.0,0.0,0.0,0.0,0.0,0.0,0.0,0.0,0.0,0.0,0.0,0.0,0.0,0.0,0.0,0.0,0.0,0.4861111111111112,6.166666666666669,16.222222222222225,6.7361111111111125,0.388888888888889,0.361,0.02127,0.0,0.0,0.0,0.0,0.0,0.0,0.0,0.0,0.05145797598627788,2.9845626072041176,14.871355060034308,11.26929674099484,0.8104631217838767,0.01286449399656947,0.0,0.0,0.0,0.0,0.0,0.0,0.0,0.0,0.0,0.0,0.0,0.0,0.0,0.0,0.0,0.0,0.3604,0.0222,0.0,0.0,0.0,0.0,0.0,0.0,0.0,0.0,0.13888888888888892,3.2777777777777786,14.486111111111114,11.069444444444429,1.027777777777778,0.0,0.0,0.0,0.0,0.0,0.0,0.0,0.0,0.0,0.0,0.0,0.0,0.0,0.0,0.0,0.0,0.0
89600,4540,2346,0.5167400881057269,1113,913,0.4462555066079295,1252,0.5515418502202644,0.446,3.039653600729262,3.2349187380680253,6.774877650897227,2.2793967304642804,9315.435004890647,1414.319758044814,7853.0,10738.619218230247,10683.117187640042,17.26771099901482,7853.0,0.0,28.187224669603523,21.236422763000995,33.45408838317015,19.38245308993853,0.14669603524229075,0.09361233480176212,0.09295154185022027,0.08480176211453745,0.08171806167400882,0.07533039647577093,0.06585903083700441,0.06299559471365639,0.057488986784140966,0.04889867841409692,0.04581497797356828,0.04052863436123348,0.035682819383259914,0.02841409691629956,0.019383259911894272,0.012334801762114538,0.007488986784140969,0.9173233007938326,0.022920344822363697,0.0,0.0,0.0,0.0,0.0,0.0,0.0,0.0,0.0,0.0,0.0,0.0,0.0,0.0,0.0,0.0,0.0,0.0,0.0,0.0,0.0,0.0,0.0,0.0,0.013215859030837008,0.3898678414096917,6.502202643171808,15.786343612334806,6.859030837004407,0.44933920704845826,4.2772680937818555,3.0138286578520437,nan,nan,nan,4.2437845303867405,3.05666377152221,4.309698996655518,2.9713919538678666,1.0155320011647178,0.361,0.02074,0.0,0.0,0.0,0.0,0.0,0.0,0.0,0.0,0.05947136563876653,2.7819383259911903,15.072687224669608,11.398678414096901,0.6806167400881059,0.006607929515418504,0.0,0.0,0.0,0.0,0.0,0.0,0.0,0.0,0.0,0.0,0.0,0.0,0.0,0.0,0.0,0.0,nan,nan,4.2772680937818555,3.0138286578520437,nan,0.361,0.11847,0.0,0.0,0.0,0.0,0.0,0.0,0.0,0.0010572687224669603,0.0,0.0026211453744493392,0.002709251101321586,0.0034911894273127755,0.0052092511013215855,0.0012885462555066078,0.005726872246696035,0.005825991189427312,0.010616740088105727,0.030605726872246695,0.003898678414096916,0.009669603524229076,0.012279735682819383,0.010066079295154184,0.007555066079295154,0.03697136563876652,0.030220264317180615,0.030363436123348016,0.020209251101321588,0.03167400881057269,0.03513215859030837,0.03403083700440528,0.02477973568281938,0.024196035242290748,0.015330396475770926,0.023160792951541852,0.02183920704845815,0.03451541850220265,0.06552863436123348,0.02026431718061674,0.04950440528634361,0.009383259911894273,0.02919603524229075,0.02894273127753304,0.025969162995594715,0.028226872246696035,0.017951541850220264,0.022665198237885462,0.031134361233480175,0.023876651982378854,0.025297356828193833,0.04094713656387665,0.018997797356828192,0.010572687224669603,0.001949339207048458,0.002830396475770925,0.008887665198237886,0.0053303964757709255,0.0009251101321585903,0.008469162995594713,0.006266519823788546,0.0003303964757709251,0.0038766519823788545,0.00856828193832599,0.00960352422907489,0.000947136563876652,0.00013215859030837003,0.005616740088105727,0.0008700440528634361,0.0018722466960352422,0.00027533039647577095,0.009273127753303965,0.0002422907488986784,0.0,0.0,0.00023127753303964758,0.0,0.0,0.0,0.0,0.0,0.0,0.0,0.0,0.0,0.0,0.0,0.0,0.0,0.0,0.0,0.0,0.0,0.0,0.0,0.0,0.0,0.0,0.0,0.0,0.0,0.0,0.0,nan,nan,4.2772680937818555,3.0138286578520437,nan,0.9169008734890872,0.022967755187258004,0.0,0.0,0.0,0.0,0.0,0.0,0.0,0.0,0.0,0.0,0.0,0.0,0.0,0.0,0.0,0.0,0.0,0.0,0.0,0.0,0.0,0.0,0.0,0.0,0.012787723785166244,0.39641943734015356,6.624040920716114,15.882352941176475,6.611253196930948,0.473145780051151,0.9177749938006388,0.022860907197609037,0.0,0.0,0.0,0.0,0.0,0.0,0.0,0.0,0.0,0.0,0.0,0.0,0.0,0.0,0.0,0.0,0.0,0.0,0.0,0.0,0.0,0.0,0.0,0.0,0.01367365542388332,0.382862351868733,6.3719234275296275,15.683682771194169,7.123974475843211,0.423883318140383,0.3613,0.02081,0.0,0.0,0.0,0.0,0.0,0.0,0.0,0.0,0.025575447570332487,2.813299232736574,14.961636828644505,11.381074168797937,0.8184143222506396,0.0,0.0,0.0,0.0,0.0,0.0,0.0,0.0,0.0,0.0,0.0,0.0,0.0,0.0,0.0,0.0,0.0,0.3608,0.02065,0.0,0.0,0.0,0.0,0.0,0.0,0.0,0.0,0.09571558796718325,2.7484047402005474,15.191431175934369,11.417502278942553,0.5332725615314495,0.01367365542388332,0.0,0.0,0.0,0.0,0.0,0.0,0.0,0.0,0.0,0.0,0.0,0.0,0.0,0.0,0.0,0.0
89700,4967,2540,0.5113750754982888,1219,1018,0.45037245822428024,1411,0.5681497886047916,0.40199999999999997,2.943139678615575,3.111322364270264,6.587278106508876,2.1905696861491775,9300.860305724787,1415.3427031762417,7853.0,10744.024817585945,10684.307928557095,17.469840644401987,7853.0,0.0,28.112945439903363,20.820958401559118,32.961547647480295,19.07776256278542,0.1342862895107711,0.10368431648882626,0.08898731628749748,0.0853633984296356,0.08395409704046708,0.07368632977652506,0.07449164485604994,0.06301590497282061,0.05516408294745319,0.055969398026978055,0.04610428830279847,0.04348701429434266,0.030601973021944836,0.024360781155627138,0.018522246829071873,0.011274411113348098,0.007046506945842561,0.9178340488308653,0.023133507321122987,0.0,0.0,0.0,0.0,0.0,0.0,0.0,0.0,0.0,0.0,0.0,0.0,0.0,0.0,0.0,0.0,0.0,0.0,0.0,0.0,0.0,0.0,0.0,0.0,0.0,0.4469498691362997,6.1365009059794655,15.782162270988527,7.084759412119993,0.5496275417757198,4.278774752475248,2.9455571484203267,nan,nan,nan,4.353485502776064,2.9871669596343664,4.203600248292986,2.9011458938761168,0.9655712062466955,0.362,0.0211,0.0,0.0,0.0,0.0,0.0,0.0,0.0,0.0,0.042279041675055376,2.6575397624320525,14.543990336219048,11.711294543990318,1.0328165894906385,0.012079726192872965,0.0,0.0,0.0,0.0,0.0,0.0,0.0,0.0,0.0,0.0,0.0,0.0,0.0,0.0,0.0,0.0,nan,nan,4.278774752475248,2.9455571484203267,nan,0.362,0.11743,0.0,0.0,0.0,0.0,0.0,0.0,0.0,0.001107308234346688,0.0,0.0023656130461042883,0.002436078115562714,0.0029092007247835715,0.004701026776726394,0.0013992349506744513,0.005033219247030401,0.005355345278840347,0.011073082343466881,0.027481377088785987,0.002879001409301389,0.009653714515804308,0.01342862895107711,0.009472518622911213,0.008989329575196296,0.03505133883631971,0.029212804509764444,0.03126635796255285,0.021159653714515805,0.0319206764646668,0.035323132675659355,0.0334105093617878,0.028085363398429635,0.026051942822629355,0.015743909804711093,0.024219851016710287,0.022186430440910006,0.03270585866720355,0.06229112140124824,0.020706663982283068,0.048409502717938396,0.011123414535937185,0.028447755184215825,0.02952486410308033,0.025598953090396618,0.029695993557479365,0.01835111737467284,0.02046506945842561,0.03296758606804912,0.025317092812562916,0.02499496678075297,0.040134890275820415,0.01683108516206966,0.012442117978659151,0.0022045500301993153,0.0033722568955103682,0.009271189853029998,0.005919065834507751,0.0008355143950070465,0.007932353533319912,0.007378699416146568,0.0003120595933158848,0.003754781558284679,0.008959130259714114,0.010710690557680693,0.0006039863096436481,0.00010066438494060802,0.004811757600161063,0.0009563116569357761,0.0019528890678477955,0.0003221260318099456,0.008073283672236763,0.00038252466277431045,0.0,0.0,0.00022146164686933764,0.0,0.0,0.0,0.0,0.0,0.0,0.0,0.0,0.0,0.0,0.0,0.0,0.0,0.0,0.0,0.0,0.0,0.0,0.0,0.0,0.0,0.0,0.0,0.0,0.0,0.0,0.0,nan,nan,4.278774752475248,2.9455571484203267,nan,0.9179639230562946,0.023242004156430515,0.0,0.0,0.0,0.0,0.0,0.0,0.0,0.0,0.0,0.0,0.0,0.0,0.0,0.0,0.0,0.0,0.0,0.0,0.0,0.0,0.0,0.0,0.0,0.0,0.0,0.44881889763779537,6.000000000000002,15.720472440944885,7.346456692913387,0.4842519685039371,0.9176981277214337,0.02301862656089649,0.0,0.0,0.0,0.0,0.0,0.0,0.0,0.0,0.0,0.0,0.0,0.0,0.0,0.0,0.0,0.0,0.0,0.0,0.0,0.0,0.0,0.0,0.0,0.0,0.0,0.4449938195302844,6.279357231149569,15.846724351050684,6.8108776266996305,0.6180469715698395,0.3623,0.02113,0.0,0.0,0.0,0.0,0.0,0.0,0.0,0.0,0.03543307086614174,2.6102362204724416,14.503937007874018,11.834645669291321,0.9921259842519686,0.023622047244094495,0.0,0.0,0.0,0.0,0.0,0.0,0.0,0.0,0.0,0.0,0.0,0.0,0.0,0.0,0.0,0.0,0.362,0.02106,0.0,0.0,0.0,0.0,0.0,0.0,0.0,0.0,0.04944375772558716,2.707045735475897,14.585908529048211,11.582200247218772,1.0754017305315207,0.0,0.0,0.0,0.0,0.0,0.0,0.0,0.0,0.0,0.0,0.0,0.0,0.0,0.0,0.0,0.0,0.0
89800,4522,2335,0.5163644405130473,1077,930,0.44383016364440514,1249,0.5524104378593543,0.426,2.9743941472336535,3.0792434649646085,6.51628664495114,2.1405565402949516,9314.48649767364,1414.4657208774074,7853.0,10736.305240511894,10683.33916166176,17.246582245097265,7853.0,0.0,28.413976116762495,21.20386626135262,33.35301837270341,19.44516612528889,0.1393188854489164,0.09287925696594428,0.1017249004865104,0.08204334365325078,0.07916850950906679,0.07209199469261389,0.06855373728438743,0.06280406899601947,0.05771782397169394,0.05285272003538257,0.05108359133126935,0.03759398496240601,0.031180893409995577,0.03073861123396727,0.021450685537372845,0.01172047766475011,0.007076514816452897,0.9171707846326461,0.02315154731358966,0.0,0.0,0.0,0.0,0.0,0.0,0.0,0.0,0.0,0.0,0.0,0.0,0.0,0.0,0.0,0.0,0.0,0.0,0.0,0.0,0.0,0.0,0.0,0.0,0.006634232640424592,0.39141972578505096,6.455108359133129,15.96196373286157,6.740380362671386,0.4444935869084477,4.2441025641025645,2.863487251122982,nan,nan,nan,4.090970807875085,2.817341545152074,4.3994490358126725,2.901305818767512,1.075404651468979,0.362,0.02097,0.0,0.0,0.0,0.0,0.0,0.0,0.0,0.0,0.04643962848297215,2.7465723131357813,14.41618752764264,11.822202565236603,0.9619637328615659,0.006634232640424592,0.0,0.0,0.0,0.0,0.0,0.0,0.0,0.0,0.0,0.0,0.0,0.0,0.0,0.0,0.0,0.0,nan,nan,4.2441025641025645,2.863487251122982,nan,0.362,0.1179,0.0,0.0,0.0,0.0,0.0,0.0,6.634232640424591e-05,0.0013931888544891642,0.0,0.0024878372401592216,0.0032286598850066344,0.003261831048208757,0.005451127819548872,0.001901813356921716,0.00531844316674038,0.006446262715612561,0.009663865546218488,0.027100840336134455,0.0027421494913754977,0.009000442282176028,0.012748783724015922,0.009122069880583812,0.00828173374613003,0.03384564352056612,0.028980539584254755,0.030970809376382132,0.021362229102167184,0.033215391419725786,0.03635559486952676,0.0333812472357364,0.02725563909774436,0.025088456435205662,0.015236620964175144,0.027410437859354268,0.020544007076514815,0.03235294117647059,0.06289252543122512,0.02137328615656789,0.048109243697478994,0.011598850066342327,0.027576293675364884,0.029489164086687305,0.02409332153914197,0.029146395400265368,0.017315347191508183,0.021638655462184873,0.03367978770455551,0.02504422821760283,0.025066342326404246,0.041220698805838125,0.017967713401149932,0.014108801415302963,0.0015037593984962407,0.0035824856258292793,0.00814904909332154,0.005373728438743918,0.00048651039363113664,0.008215391419725784,0.007010172490048651,0.0003648827952233525,0.0036045997346306944,0.008447589562140645,0.010227775320654577,0.0011499336576735958,2.2114108801415304e-05,0.004555506413091552,0.0011941618752764264,0.0024878372401592216,0.00026536930561698365,0.007750995134896064,0.0006744803184431668,0.0,0.0,0.0003980539584254755,0.0,0.0,0.0,0.0,0.0,0.0,0.0,0.0,0.0,0.0,0.0,0.0,0.0,0.0,0.0,0.0,0.0,0.0,0.0,0.0,0.0,0.0,0.0,0.0,0.0,0.0,0.0,nan,nan,4.2441025641025645,2.863487251122982,nan,0.9171786693485187,0.023316060915265228,0.0,0.0,0.0,0.0,0.0,0.0,0.0,0.0,0.0,0.0,0.0,0.0,0.0,0.0,0.0,0.0,0.0,0.0,0.0,0.0,0.0,0.0,0.0,0.0,0.012847965738758033,0.44967880085653117,6.385438972162742,15.93147751605996,6.758029978586725,0.4625267665952892,0.9171623663374644,0.022974597390994916,0.0,0.0,0.0,0.0,0.0,0.0,0.0,0.0,0.0,0.0,0.0,0.0,0.0,0.0,0.0,0.0,0.0,0.0,0.0,0.0,0.0,0.0,0.0,0.0,0.0,0.32921810699588483,6.529492455418383,15.994513031550072,6.721536351165982,0.4252400548696846,0.3613,0.02094,0.0,0.0,0.0,0.0,0.0,0.0,0.0,0.0,0.06423982869379016,2.9293361884368316,14.428265524625271,11.665952890792274,0.9122055674518204,0.0,0.0,0.0,0.0,0.0,0.0,0.0,0.0,0.0,0.0,0.0,0.0,0.0,0.0,0.0,0.0,0.0,0.3625,0.021,0.0,0.0,0.0,0.0,0.0,0.0,0.0,0.0,0.02743484224965707,2.5514403292181074,14.403292181069963,11.98902606310012,1.0150891632373116,0.013717421124828535,0.0,0.0,0.0,0.0,0.0,0.0,0.0,0.0,0.0,0.0,0.0,0.0,0.0,0.0,0.0,0.0
89900,4607,2379,0.5163881050575212,1138,934,0.44975037985673977,1285,0.5578467549381376,0.418,2.9461400359066428,3.1195175825877253,6.648780487804878,2.187970283149311,9314.585790191863,1414.4940977128138,7853.0,10734.43935739994,10683.401738299248,17.13486029447599,7853.0,0.0,28.030605600173647,20.747443476531984,32.729369554074836,19.062686348664258,0.1334925113957022,0.10440633818102887,0.09138267853266768,0.08747558063815933,0.08226611677881485,0.07640546993705231,0.06837421315389625,0.06381593227696983,0.05708704145864988,0.05122639461688735,0.0481875406989364,0.041024527892337743,0.03690036900369004,0.024527892337746906,0.017581940525287606,0.008682439765574127,0.007163012806598654,0.9179086958557297,0.022586702295321538,0.0,0.0,0.0,0.0,0.0,0.0,0.0,0.0,0.0,0.0,0.0,0.0,0.0,0.0,0.0,0.0,0.0,0.0,0.0,0.0,0.0,0.0,0.0,0.0,0.0,0.35163881050575224,5.977859778597788,16.110266985022793,7.143477317126114,0.41675710874755817,4.2514228322731835,2.9198752933092336,nan,nan,nan,4.230872483221477,2.922325527229158,4.27187708750835,2.917290727249742,1.0096917608482616,0.361,0.02094,0.0,0.0,0.0,0.0,0.0,0.0,0.0,0.0,0.045582808769264176,2.9759062296505325,14.827436509659217,11.389190362491844,0.7618840894291298,0.0,0.0,0.0,0.0,0.0,0.0,0.0,0.0,0.0,0.0,0.0,0.0,0.0,0.0,0.0,0.0,0.0,nan,nan,4.2514228322731835,2.9198752933092336,nan,0.361,0.11804,0.0,0.0,0.0,0.0,0.0,0.0,4.3412198827870635e-05,0.0013132190145430866,0.0,0.0016605166051660517,0.002886911222053397,0.002441936184067723,0.005242023008465379,0.002973735619709138,0.005676144996744085,0.006186238332971565,0.011504232689385717,0.03038853917950944,0.0028652051226394615,0.009333622747992185,0.011460820490557846,0.008552203169090514,0.009507271543303669,0.03398089863251574,0.029552854352072933,0.029292381159105707,0.020175819405252877,0.03452355111786412,0.037410462339917516,0.03475146516171044,0.026991534621228566,0.024962014326025614,0.015302800086824398,0.026622530931191664,0.01960060777078359,0.03397004558280877,0.06388105057521164,0.021152593878879966,0.0474820924679835,0.009995658780117213,0.024853483828955938,0.02790319079661385,0.0237247666594313,0.030052094638593443,0.01765791187323638,0.02284566963316692,0.03535923594530063,0.02428912524419362,0.026112437594964184,0.039364011287171694,0.017755589320599088,0.013457781636639896,0.001302365964836119,0.0037877143477317125,0.007933579335793358,0.00481875406989364,0.0009442153245061862,0.007770783590188843,0.007683959192533102,0.00040156283915780336,0.0032776210115042326,0.00806381593227697,0.011287171695246364,0.0009984805730410245,2.1706099413935317e-05,0.0048079010201866725,0.0010853049706967658,0.00189928369871934,0.00028217929238115913,0.007445192098979814,0.0006186238332971565,0.0,0.0,0.0005100933362274799,0.0,0.0,0.0,0.0,0.0,0.0,0.0,0.0,0.0,0.0,0.0,0.0,0.0,0.0,0.0,0.0,0.0,0.0,0.0,0.0,0.0,0.0,0.0,0.0,0.0,0.0,0.0,nan,nan,4.2514228322731835,2.9198752933092336,nan,0.9177357864610384,0.02284986574951359,0.0,0.0,0.0,0.0,0.0,0.0,0.0,0.0,0.0,0.0,0.0,0.0,0.0,0.0,0.0,0.0,0.0,0.0,0.0,0.0,0.0,0.0,0.0,0.0,0.0,0.40353089533417413,6.103404791929384,15.851197982345527,7.187894073139977,0.45397225725094587,0.9180933239751059,0.022300795438067195,0.0,0.0,0.0,0.0,0.0,0.0,0.0,0.0,0.0,0.0,0.0,0.0,0.0,0.0,0.0,0.0,0.0,0.0,0.0,0.0,0.0,0.0,0.0,0.0,0.0,0.29622980251346503,5.843806104129266,16.38689407540395,7.096050269299822,0.377019748653501,0.361,0.0208,0.0,0.0,0.0,0.0,0.0,0.0,0.0,0.0,0.0630517023959647,2.849936948297605,14.943253467843634,11.462799495586363,0.6809583858764189,0.0,0.0,0.0,0.0,0.0,0.0,0.0,0.0,0.0,0.0,0.0,0.0,0.0,0.0,0.0,0.0,0.0,0.361,0.0211,0.0,0.0,0.0,0.0,0.0,0.0,0.0,0.0,0.02692998204667864,3.1104129263913833,14.703770197486538,11.31059245960501,0.8482944344703772,0.0,0.0,0.0,0.0,0.0,0.0,0.0,0.0,0.0,0.0,0.0,0.0,0.0,0.0,0.0,0.0,0.0
90000,4564,2423,0.5308939526730938,1146,889,0.4458808063102542,1243,0.5446976336546888,0.422,3.0644558617468474,3.1524480298026636,6.609872611464968,2.2215715695311804,9355.868579670956,1412.7647192347006,7853.0,10741.48646235466,10683.826330011658,17.260897773571724,7853.0,0.0,28.127738825591585,21.26292218464157,33.248033560566334,19.515133091349234,0.14176161262050832,0.1023225241016652,0.09092900964066608,0.08632778264680105,0.08063102541630149,0.06989482909728309,0.06792287467134094,0.06310254163014899,0.06134969325153374,0.05718667835232252,0.042068361086765996,0.033304119193689745,0.030455740578439965,0.03001752848378615,0.019281332164767746,0.015775635407537247,0.007668711656441718,0.9191140237212913,0.02334235707651436,0.0,0.0,0.0,0.0,0.0,0.0,0.0,0.0,0.0,0.0,0.0,0.0,0.0,0.0,0.0,0.0,0.0,0.0,0.0,0.0,0.0,0.0,0.0,0.0,0.0,0.43382997370727444,5.863277826468012,15.89395267309378,7.112182296231378,0.696757230499562,4.2943781942078365,2.96301202938339,nan,nan,nan,4.3885480572597135,2.9649770707781062,4.200272479564033,2.9580536962036534,0.9570984354644978,0.3604,0.02068,0.0,0.0,0.0,0.0,0.0,0.0,0.0,0.0,0.013146362839614376,3.0105170902716925,15.519281332164772,10.747151621384734,0.7099035933391764,0.0,0.0,0.0,0.0,0.0,0.0,0.0,0.0,0.0,0.0,0.0,0.0,0.0,0.0,0.0,0.0,0.0,nan,nan,4.2943781942078365,2.96301202938339,nan,0.3604,0.1185,0.0,0.0,0.0,0.0,0.0,0.0,9.85977212971078e-05,0.0016652059596844874,0.0,0.002366345311130587,0.0032646801051709026,0.0018952673093777389,0.005170902716914987,0.0030127081507449606,0.005159947414548642,0.007504382120946538,0.011338737949167397,0.029009640666082383,0.003001752848378615,0.01018843120070114,0.010407537248028046,0.009191498685363717,0.009826906222611745,0.03651402278702892,0.028582383873794918,0.028823400525854515,0.020475460122699386,0.0339943032427695,0.03865030674846626,0.034607800175284836,0.026435144609991235,0.026084574934268186,0.016673970201577563,0.026325591586327784,0.018415863277826468,0.03568141980718668,0.06440622261174409,0.02128615249780894,0.04718448729184926,0.010703330411919369,0.02336765994741455,0.02516432953549518,0.022578878177037687,0.02945880806310254,0.01672874671340929,0.021253286590709904,0.03406003505696757,0.026314636283961437,0.026654250657318142,0.03896801051709027,0.018361086765994742,0.0139022787028922,0.0012598597721297108,0.003275635407537248,0.007515337423312883,0.005565293602103418,0.0008326029798422437,0.008041191936897459,0.006748466257668712,0.0002738825591586328,0.0037138475021910606,0.009717353198948292,0.01006792287467134,0.0015008764241893075,0.0,0.005839176161262051,0.0011393514460999123,0.001829535495179667,0.00014241893076248903,0.0069127957931638916,0.0005039439088518843,0.0,0.0,0.0003615249780893953,0.0,0.0,0.0,0.0,0.0,0.0,0.0,0.0,0.0,0.0,0.0,0.0,0.0,0.0,0.0,0.0,0.0,0.0,0.0,0.0,0.0,0.0,0.0,0.0,0.0,0.0,0.0,nan,nan,4.2943781942078365,2.96301202938339,nan,0.9189526984084504,0.023297940287513814,0.0,0.0,0.0,0.0,0.0,0.0,0.0,0.0,0.0,0.0,0.0,0.0,0.0,0.0,0.0,0.0,0.0,0.0,0.0,0.0,0.0,0.0,0.0,0.0,0.0,0.4333470903838218,5.7325629385059855,16.18241848947586,6.8716467189434605,0.7800247626908793,0.9192965978609519,0.02339118038147495,0.0,0.0,0.0,0.0,0.0,0.0,0.0,0.0,0.0,0.0,0.0,0.0,0.0,0.0,0.0,0.0,0.0,0.0,0.0,0.0,0.0,0.0,0.0,0.0,0.0,0.43437645959831866,6.01120971508641,15.56749182624942,7.384399813171417,0.602522185894442,0.3606,0.0209,0.0,0.0,0.0,0.0,0.0,0.0,0.0,0.0,0.02476269087907553,2.959141560049526,15.266198926950064,10.87082129591414,0.8790755262071813,0.0,0.0,0.0,0.0,0.0,0.0,0.0,0.0,0.0,0.0,0.0,0.0,0.0,0.0,0.0,0.0,0.0,0.3599,0.02043,0.0,0.0,0.0,0.0,0.0,0.0,0.0,0.0,0.0,3.068659504904251,15.805698271835594,10.607192900513763,0.5184493227463803,0.0,0.0,0.0,0.0,0.0,0.0,0.0,0.0,0.0,0.0,0.0,0.0,0.0,0.0,0.0,0.0,0.0
90100,4430,2275,0.5135440180586908,1059,911,0.44469525959367945,1236,0.5580135440180587,0.422,3.079814385150812,3.2355530713997123,6.9655172413793105,2.2534687226996284,9306.416704935173,1414.6157857432258,7853.0,10740.875409245491,10683.169671588048,16.632156119447597,7853.0,0.0,27.397516930022572,20.597710608753296,32.34160150984093,18.86650603895247,0.14266365688487584,0.09932279909706546,0.10158013544018059,0.08171557562076749,0.08036117381489842,0.0781038374717833,0.07110609480812641,0.06523702031602709,0.05395033860045147,0.05440180586907449,0.042437923250564336,0.04288939051918736,0.029119638826185103,0.02415349887133183,0.01873589164785553,0.008803611738148984,0.005417607223476298,0.9191462741075735,0.02266817769096472,0.0,0.0,0.0,0.0,0.0,0.0,0.0,0.0,0.0,0.0,0.0,0.0,0.0,0.0,0.0,0.0,0.0,0.0,0.0,0.0,0.0,0.0,0.0,0.0,0.0,0.31151241534988716,5.580135440180588,16.225733634311517,7.327313769751695,0.5553047404063206,4.472103004291846,3.0038616082696254,nan,nan,nan,4.4183006535947715,2.9570956260181536,4.524312896405919,3.0476496801618844,1.0239938951924639,0.3596,0.02058,0.0,0.0,0.0,0.0,0.0,0.0,0.0,0.0,0.06094808126410837,3.1015801354401815,15.406320541760726,10.8081264108352,0.6230248306997743,0.0,0.0,0.0,0.0,0.0,0.0,0.0,0.0,0.0,0.0,0.0,0.0,0.0,0.0,0.0,0.0,0.0,nan,nan,4.472103004291846,3.0038616082696254,nan,0.3596,0.11914,0.0,0.0,0.0,0.0,0.0,0.0,0.00012415349887133183,0.0021331828442437925,0.0,0.0026072234762979686,0.002765237020316027,0.0022347629796839728,0.005474040632054176,0.00409706546275395,0.004288939051918736,0.007573363431151242,0.011997742663656885,0.03059819413092551,0.002562076749435666,0.009751693002257337,0.011015801354401805,0.00979683972911964,0.009492099322799097,0.03769751693002257,0.02809255079006772,0.029887133182844243,0.02128668171557562,0.03376975169300226,0.036963882618510156,0.03159142212189616,0.025654627539503386,0.02688487584650113,0.015609480812641083,0.02621896162528217,0.018103837471783294,0.03532731376975169,0.06505643340857788,0.021501128668171558,0.04812641083521445,0.010564334085778782,0.024514672686230247,0.024920993227990972,0.021230248306997743,0.027641083521444697,0.01843115124153499,0.019740406320541762,0.03571106094808126,0.02708803611738149,0.026399548532731378,0.03486455981941309,0.020327313769751693,0.016151241534988713,0.0008577878103837471,0.0025395033860045146,0.0075056433408577875,0.005158013544018058,0.0009932279909706547,0.008826185101580135,0.006670428893905192,0.00025959367945823926,0.0027878103837471785,0.009040632054176071,0.010428893905191874,0.00262979683972912,1.128668171557562e-05,0.006275395033860045,0.0012302483069977427,0.0014446952595936794,0.0005079006772009029,0.00618510158013544,0.00034988713318284426,1.128668171557562e-05,0.0,0.000417607223476298,0.0,0.0,0.0,0.0,0.0,0.0,0.0,0.0,0.0,0.0,0.0,0.0,0.0,0.0,0.0,0.0,0.0,0.0,0.0,0.0,0.0,0.0,0.0,0.0,0.0,0.0,0.0,nan,nan,4.472103004291846,3.0038616082696254,nan,0.9188219297587217,0.022467540345556192,0.0,0.0,0.0,0.0,0.0,0.0,0.0,0.0,0.0,0.0,0.0,0.0,0.0,0.0,0.0,0.0,0.0,0.0,0.0,0.0,0.0,0.0,0.0,0.0,0.0,0.34285714285714297,5.6703296703296715,16.16703296703297,7.384615384615386,0.4351648351648353,0.9194886793946445,0.02287308823323774,0.0,0.0,0.0,0.0,0.0,0.0,0.0,0.0,0.0,0.0,0.0,0.0,0.0,0.0,0.0,0.0,0.0,0.0,0.0,0.0,0.0,0.0,0.0,0.0,0.0,0.2784222737819026,5.484918793503481,16.287703016241302,7.266821345707658,0.6821345707656613,0.3594,0.02036,0.0,0.0,0.0,0.0,0.0,0.0,0.0,0.0,0.05274725274725276,3.0329670329670337,15.428571428571432,10.90549450549449,0.5802197802197803,0.0,0.0,0.0,0.0,0.0,0.0,0.0,0.0,0.0,0.0,0.0,0.0,0.0,0.0,0.0,0.0,0.0,0.3599,0.02083,0.0,0.0,0.0,0.0,0.0,0.0,0.0,0.0,0.06960556844547565,3.1740139211136897,15.382830626450119,10.705336426914139,0.6682134570765662,0.0,0.0,0.0,0.0,0.0,0.0,0.0,0.0,0.0,0.0,0.0,0.0,0.0,0.0,0.0,0.0,0.0
90200,4569,2324,0.5086452177719414,1092,969,0.4510833880499015,1323,0.5791201575837164,0.422,2.932739420935412,3.1358863761574365,6.688663282571912,2.2577986838453197,9292.705277024825,1415.0790056538146,7853.0,10751.002809643745,10683.470486543214,17.545350272994458,7853.0,0.0,27.473188881593348,20.66286598132136,32.74016371798257,18.772654273736848,0.15167432698621142,0.0912672357189757,0.09411249726417159,0.08382578244692493,0.0840446487196323,0.07769752681111841,0.07135040490260451,0.061282556358065225,0.05953162617640621,0.05318450426789232,0.04246005690523091,0.03852046399649814,0.031297876997154736,0.027358284088421975,0.019916830816371196,0.008098052090172904,0.004377325454147516,0.9190506274889585,0.02310170871396537,0.0,0.0,0.0,0.0,0.0,0.0,0.0,0.0,0.0,0.0,0.0,0.0,0.0,0.0,0.0,0.0,0.0,0.0,0.0,0.0,0.0,0.0,0.0,0.0,0.006565988181221275,0.25607353906762975,6.086671043992123,15.732107682206175,7.360472751149049,0.5581089954038084,4.3749147920927065,2.9606366492728777,nan,nan,nan,4.418844566712517,2.9755911713526255,4.3313049357674105,2.9461771544158957,0.9801894749581035,0.3594,0.02148,0.0,0.0,0.0,0.0,0.0,0.0,0.0,0.0,0.0787918581746553,3.2829940906106376,15.14116874589626,10.689428759028218,0.8076165462902168,0.0,0.0,0.0,0.0,0.0,0.0,0.0,0.0,0.0,0.0,0.0,0.0,0.0,0.0,0.0,0.0,0.0,nan,nan,4.3749147920927065,2.9606366492728777,nan,0.3594,0.1193,0.0,0.0,0.0,0.0,0.0,0.0,0.00017509301816590064,0.0017837601225651127,1.094331363536879e-05,0.0020354563361785947,0.0031845042678923176,0.002188662727073758,0.006095425694900416,0.0043554388268767785,0.004694681549573211,0.007704092799299628,0.010976143576274897,0.032534471437951414,0.0026263952724885093,0.00931275990369884,0.01147953600350186,0.010155395053622236,0.009619172685489166,0.038093674764718755,0.025891880061282558,0.029951849420004378,0.02080323922083607,0.03101335084263515,0.03871744364193478,0.03226088859706719,0.026198292843072884,0.027511490479317138,0.01597723790763843,0.024108119938717445,0.01944626833005034,0.0340446487196323,0.06579120157583716,0.021602101116217992,0.04766907419566645,0.011775005471656818,0.02533377106587875,0.024710002188662726,0.022619829284307287,0.026285839352155834,0.018286277084701246,0.01999343401181878,0.03725103961479536,0.02775224337929525,0.026165462902166776,0.03142919676077916,0.01918362880280149,0.01592252133946159,0.0008207485226526593,0.0024294156270518712,0.008087108776537535,0.005132414094987962,0.0013460275771503612,0.008185598599255856,0.00578901291311009,0.0003173560954256949,0.0034252571678704312,0.009772379076384329,0.011074633398993216,0.003009411249726417,1.094331363536879e-05,0.006358065222149266,0.0013788575180564676,0.0017399868680236376,0.00025169621361348214,0.005033924272269643,0.000262639527248851,0.0,0.0,0.0008426351499233968,0.0,0.0,0.0,0.0,0.0,1.094331363536879e-05,0.0,0.0,0.0,0.0,0.0,0.0,0.0,0.0,0.0,0.0,0.0,0.0,0.0,0.0,0.0,0.0,0.0,0.0,0.0,0.0,0.0,nan,nan,4.3749147920927065,2.9606366492728777,nan,0.9188300554549222,0.02309711500128138,0.0,0.0,0.0,0.0,0.0,0.0,0.0,0.0,0.0,0.0,0.0,0.0,0.0,0.0,0.0,0.0,0.0,0.0,0.0,0.0,0.0,0.0,0.0,0.0,0.012908777969018936,0.30981067125645445,6.080034423407919,15.839070567986234,7.254733218588642,0.5034423407917384,0.9192789613005844,0.023104245005300096,0.0,0.0,0.0,0.0,0.0,0.0,0.0,0.0,0.0,0.0,0.0,0.0,0.0,0.0,0.0,0.0,0.0,0.0,0.0,0.0,0.0,0.0,0.0,0.0,0.0,0.20044543429844103,6.093541202672608,15.62138084632517,7.469933184855235,0.6146993318485524,0.36,0.02142,0.0,0.0,0.0,0.0,0.0,0.0,0.0,0.0,0.09036144578313256,3.020654044750431,14.90963855421687,11.17900172117038,0.800344234079174,0.0,0.0,0.0,0.0,0.0,0.0,0.0,0.0,0.0,0.0,0.0,0.0,0.0,0.0,0.0,0.0,0.0,0.3586,0.02153,0.0,0.0,0.0,0.0,0.0,0.0,0.0,0.0,0.066815144766147,3.554565701559021,15.380846325167042,10.182628062360788,0.8151447661469935,0.0,0.0,0.0,0.0,0.0,0.0,0.0,0.0,0.0,0.0,0.0,0.0,0.0,0.0,0.0,0.0,0.0
90300,4648,2399,0.5161359724612736,1111,945,0.4423407917383821,1310,0.5636833046471601,0.39799999999999996,2.8826144953312585,3.0710433648022586,6.5209677419354835,2.200706418606285,9313.75070733781,1414.4019072915785,7853.0,10748.9605615139,10683.166439227234,17.482815107634227,7853.0,0.0,28.29173838209983,21.00361825825352,33.2241247124968,19.224569281257505,0.13769363166953527,0.0981067125645439,0.08971600688468158,0.08993115318416524,0.07874354561101549,0.07271944922547333,0.06970740103270223,0.06540447504302926,0.058089500860585196,0.05314113597246127,0.04582616179001721,0.04345955249569707,0.03356282271944923,0.02689328743545611,0.0193631669535284,0.009896729776247849,0.00774526678141136,0.9190788249294441,0.023171464895580553,0.0,0.0,0.0,0.0,0.0,0.0,0.0,0.0,0.0,0.0,0.0,0.0,0.0,0.0,0.0,0.0,0.0,0.0,0.0,0.0,0.0,0.0,0.0,0.0,0.0,0.3549913941480208,5.886402753872635,15.587349397590364,7.551635111876077,0.6196213425129089,4.173913043478261,2.8726059782501654,nan,nan,nan,4.203788373612018,2.8953461641869827,4.143049932523617,2.8485942995338425,0.9855514988647697,0.3591,0.02147,0.0,0.0,0.0,0.0,0.0,0.0,0.0,0.0,0.07745266781411361,3.51764199655766,15.141996557659212,10.58519793459551,0.6712564543889847,0.006454388984509468,0.0,0.0,0.0,0.0,0.0,0.0,0.0,0.0,0.0,0.0,0.0,0.0,0.0,0.0,0.0,0.0,nan,nan,4.173913043478261,2.8726059782501654,nan,0.3591,0.11926,0.0,0.0,0.0,0.0,0.0,0.0,0.000193631669535284,0.0024849397590361445,0.0,0.002280550774526678,0.003689759036144578,0.0028937177280550772,0.005658347676419965,0.0036144578313253013,0.004152323580034424,0.007196643717728055,0.012467728055077452,0.03059380378657487,0.002786144578313253,0.00911144578313253,0.01052065404475043,0.009842943201376936,0.011187607573149742,0.03880163511187608,0.025430292598967296,0.029259896729776247,0.02061101549053356,0.029991394148020652,0.04160929432013769,0.033379948364888126,0.023913511187607574,0.027958261617900174,0.01581325301204819,0.025322719449225473,0.020449655765920827,0.03221815834767642,0.06171471600688468,0.02111660929432014,0.0505486230636833,0.012435456110154905,0.02633390705679862,0.02460197934595525,0.02081540447504303,0.026075731497418243,0.01800774526678141,0.021288726333907056,0.04023235800344234,0.02628012048192771,0.026172547332185887,0.032928141135972464,0.019513769363166955,0.016265060240963854,0.0006561962134251291,0.0021407056798623063,0.0062930292598967295,0.004647160068846815,0.001140275387263339,0.006873924268502582,0.00717512908777969,0.00015060240963855423,0.003227194492254733,0.010262478485370052,0.01056368330464716,0.003055077452667814,0.0,0.006529690189328744,0.0013016351118760757,0.0021729776247848536,9.6815834767642e-05,0.00479776247848537,0.00017211703958691912,0.0,0.0,0.0009574010327022375,0.0,0.0,0.0,0.0,0.0,2.151462994836489e-05,0.0,0.0,0.0,0.0,0.0,0.0,0.0,0.0,0.0,0.0,0.0,0.0,0.0,0.0,0.0,0.0,0.0,0.0,0.0,0.0,0.0,nan,nan,4.173913043478261,2.8726059782501654,nan,0.9185280449542467,0.022951807020952526,0.0,0.0,0.0,0.0,0.0,0.0,0.0,0.0,0.0,0.0,0.0,0.0,0.0,0.0,0.0,0.0,0.0,0.0,0.0,0.0,0.0,0.0,0.0,0.0,0.0,0.32513547311379754,6.165068778657775,15.493955814922888,7.478115881617342,0.5377240516882035,0.9196663398963179,0.02338920868588783,0.0,0.0,0.0,0.0,0.0,0.0,0.0,0.0,0.0,0.0,0.0,0.0,0.0,0.0,0.0,0.0,0.0,0.0,0.0,0.0,0.0,0.0,0.0,0.0,0.0,0.3868385949310806,5.589150733659406,15.686971987550026,7.63005780346821,0.7069808803912853,0.3599,0.0219,0.0,0.0,0.0,0.0,0.0,0.0,0.0,0.0,0.08753647353063779,3.5639849937473955,14.568570237599003,11.11713213839098,0.6627761567319719,0.0,0.0,0.0,0.0,0.0,0.0,0.0,0.0,0.0,0.0,0.0,0.0,0.0,0.0,0.0,0.0,0.0,0.3586,0.02098,0.0,0.0,0.0,0.0,0.0,0.0,0.0,0.0,0.06669630947087596,3.46820809248555,15.753668297020901,10.017785682525552,0.6803023566029347,0.013339261894175192,0.0,0.0,0.0,0.0,0.0,0.0,0.0,0.0,0.0,0.0,0.0,0.0,0.0,0.0,0.0,0.0
90400,4708,2411,0.512107051826678,1126,998,0.4511469838572642,1374,0.5836873406966865,0.38199999999999995,2.956464954288202,3.025767045695101,6.357664233576642,2.142844913944337,9302.089807989036,1414.4694572780845,7853.0,10735.675728678703,10682.66188967747,17.16653588196427,7853.0,0.0,28.424171622769755,20.957070298869354,33.03668579985026,19.30218631665337,0.12892948173322005,0.1034409515717927,0.09090909090909091,0.08411214953271028,0.08814783347493628,0.07667799490229396,0.0630841121495327,0.061384876805437555,0.060535259133389974,0.053738317757009345,0.04949022939677145,0.043542905692438405,0.03058623619371283,0.02824978759558199,0.019328802039082413,0.009345794392523364,0.008496176720475786,0.9185407362125035,0.022446408089930432,0.0,0.0,0.0,0.0,0.0,0.0,0.0,0.0,0.0,0.0,0.0,0.0,0.0,0.0,0.0,0.0,0.0,0.0,0.0,0.0,0.0,0.0,0.0,0.0,0.0,0.3377230246389126,5.894222599830078,15.917587085811387,7.423534409515719,0.42693288020390835,4.183230819035287,2.8040743697403334,nan,nan,nan,4.175895765472313,2.8280249600742415,4.190476190476191,2.780195062693883,1.0034915682341579,0.359,0.02153,0.0,0.0,0.0,0.0,0.0,0.0,0.0,0.0,0.13381478334749367,3.562022090059474,15.26762956669499,10.303738317756993,0.7200509770603231,0.012744265080713682,0.0,0.0,0.0,0.0,0.0,0.0,0.0,0.0,0.0,0.0,0.0,0.0,0.0,0.0,0.0,0.0,nan,nan,4.183230819035287,2.8040743697403334,nan,0.359,0.1193,0.0,0.0,0.0,0.0,0.0,0.0,0.000159303313508921,0.0021240441801189465,1.0620220900594732e-05,0.002347068819031436,0.0040675446049277825,0.00316482582837723,0.006011045029736618,0.0047790994052676295,0.002824978759558199,0.00713678844519966,0.013254035683942227,0.029789719626168224,0.0031117247238742567,0.008177570093457943,0.011172472387425659,0.008634239592183518,0.012606202209005947,0.0399214103653356,0.024405267629566695,0.027081563296516568,0.019934154630416312,0.030278249787595583,0.04136576040781648,0.033920985556499576,0.02239804587935429,0.029747238742565844,0.016004672897196263,0.02750637213254036,0.019148258283772302,0.03694774851316907,0.06155480033984707,0.02159090909090909,0.050838997451146985,0.013041631265930331,0.02522302463891249,0.024245964316057775,0.02189889549702634,0.025286745964316057,0.01606839422259983,0.02084749362786746,0.04081350892098556,0.024915038232795242,0.026412489379779098,0.03074553950722175,0.019721750212404417,0.015537383177570094,0.00046728971962616824,0.0021134239592183516,0.00574553950722175,0.005257009345794392,0.0015186915887850467,0.00655267629566695,0.006818181818181818,3.18606627017842e-05,0.002697536108751062,0.011151231945624469,0.011745964316057775,0.0032816482582837723,3.18606627017842e-05,0.005819881053525914,0.0014549702633814784,0.0019222599830076466,9.558198810535259e-05,0.005331350892098556,0.0002017841971112999,0.0,0.0,0.0009558198810535259,0.0,1.0620220900594732e-05,0.0,0.0,0.0,2.1240441801189464e-05,0.0,0.0,0.0,0.0,0.0,0.0,0.0,0.0,0.0,0.0,0.0,0.0,0.0,0.0,0.0,0.0,0.0,0.0,0.0,0.0,0.0,nan,nan,4.183230819035287,2.8040743697403334,nan,0.9187135049684668,0.02248145538957532,0.0,0.0,0.0,0.0,0.0,0.0,0.0,0.0,0.0,0.0,0.0,0.0,0.0,0.0,0.0,0.0,0.0,0.0,0.0,0.0,0.0,0.0,0.0,0.0,0.0,0.3857320613853174,5.6242223143923695,16.20074657818333,7.341352136043137,0.44794690999585246,0.9183593929514555,0.022408129611388987,0.0,0.0,0.0,0.0,0.0,0.0,0.0,0.0,0.0,0.0,0.0,0.0,0.0,0.0,0.0,0.0,0.0,0.0,0.0,0.0,0.0,0.0,0.0,0.0,0.0,0.28733130169786686,6.177622986504137,15.620374401393125,7.509795385285156,0.4048759251197215,0.3586,0.02136,0.0,0.0,0.0,0.0,0.0,0.0,0.0,0.0,0.14931563666528413,3.5089174616341774,15.49149730402323,10.116134384072984,0.7216922438822068,0.012442969722107013,0.0,0.0,0.0,0.0,0.0,0.0,0.0,0.0,0.0,0.0,0.0,0.0,0.0,0.0,0.0,0.0,0.3591,0.02171,0.0,0.0,0.0,0.0,0.0,0.0,0.0,0.0,0.11754462342185462,3.6177622986504145,15.032651284283851,10.500653025685661,0.7183282542446672,0.013060513713539402,0.0,0.0,0.0,0.0,0.0,0.0,0.0,0.0,0.0,0.0,0.0,0.0,0.0,0.0,0.0,0.0
90500,4642,2378,0.5122791900043084,1108,971,0.44786729857819907,1325,0.5708746230073244,0.39399999999999996,2.902385159010601,3.079728769445233,6.51628664495114,2.2954909538348445,9302.784851892917,1414.659053120195,7853.0,10738.771147727966,10683.067822744708,16.933581856311843,7853.0,0.0,27.255277897457994,20.54082690512896,32.27467700258398,18.81369984607644,0.14239551917277035,0.10404997845756139,0.0952175786299009,0.08875484704868591,0.08487720809995691,0.07130547177940542,0.06742783283067644,0.06419646704006894,0.05902628177509694,0.052563550193881946,0.044592847910383454,0.03769926755708746,0.034467901766479965,0.023481258078414478,0.013571736320551486,0.010986643688065489,0.005385609651012494,0.9186705203854488,0.02253706170617316,0.0,0.0,0.0,0.0,0.0,0.0,0.0,0.0,0.0,0.0,0.0,0.0,0.0,0.0,0.0,0.0,0.0,0.0,0.0,0.0,0.0,0.0,0.0,0.0,0.0,0.2908229211546748,5.848772080999571,16.01464885825076,7.373976734166309,0.4717794054286946,4.310449780182617,2.891044040626182,nan,nan,nan,4.3373737373737375,2.941171318648446,4.283288043478261,2.8393188584719455,0.9875303127721188,0.3591,0.02132,0.0,0.0,0.0,0.0,0.0,0.0,0.0,0.0,0.07755277897457993,3.4640241275312373,15.245583800086173,10.366221456268834,0.8466178371391644,0.0,0.0,0.0,0.0,0.0,0.0,0.0,0.0,0.0,0.0,0.0,0.0,0.0,0.0,0.0,0.0,0.0,nan,nan,4.310449780182617,2.891044040626182,nan,0.3591,0.1195,0.0,0.0,0.0,0.0,0.0,0.0,0.00014002585092632485,0.0024666092201637226,0.00019388194743644982,0.002229642395519173,0.00505170185264972,0.0018849633778543731,0.00455622576475657,0.004976303317535545,0.0027466609220163723,0.007615252046531668,0.012677725118483413,0.029739336492890994,0.002908229211546747,0.009058595433003016,0.010738905644118914,0.007981473502800518,0.014174924601464885,0.04071520896165446,0.024235243429556227,0.027078845325290823,0.020799224472210255,0.029911676001723394,0.04133993968117191,0.03423093494183541,0.020928479103834555,0.029286945282205944,0.013517880224041361,0.029760878931495045,0.019118914261094355,0.03847479534683326,0.05958638517880224,0.021036191296854804,0.05250969409737182,0.010846617837139165,0.02528005170185265,0.023664368806548902,0.02381516587677725,0.0250430848772081,0.015919862128392935,0.021747091770788454,0.03973502800517018,0.02558164584230935,0.026454114605773373,0.030848772080999568,0.02128392934080138,0.01446574752261956,0.0006031882809133994,0.0017880224041361482,0.0062796208530805685,0.005956484274019819,0.0012494614390348988,0.00518095648427402,0.006451960361912969,5.3856096510124945e-05,0.0033283067643257217,0.010717363205514864,0.013033175355450236,0.002703576044808272,3.231365790607497e-05,0.0054717794054286945,0.0017233950883239983,0.0025204653166738477,0.00010771219302024989,0.00528866867729427,9.694097371822491e-05,0.0,3.231365790607497e-05,0.000969409737182249,0.0,5.3856096510124945e-05,0.0,0.0,0.0,0.0,0.0,0.0,0.0,0.0,0.0,0.0,0.0,0.0,0.0,0.0,0.0,0.0,0.0,0.0,0.0,0.0,0.0,0.0,0.0,0.0,0.0,nan,nan,4.310449780182617,2.891044040626182,nan,0.9186958871637703,0.02246031871284571,0.0,0.0,0.0,0.0,0.0,0.0,0.0,0.0,0.0,0.0,0.0,0.0,0.0,0.0,0.0,0.0,0.0,0.0,0.0,0.0,0.0,0.0,0.0,0.0,0.0,0.31539108494533225,5.677039529015981,16.1354079058032,7.417998317914215,0.45416316232127846,0.9186438763046855,0.02261735793895363,0.0,0.0,0.0,0.0,0.0,0.0,0.0,0.0,0.0,0.0,0.0,0.0,0.0,0.0,0.0,0.0,0.0,0.0,0.0,0.0,0.0,0.0,0.0,0.0,0.0,0.265017667844523,6.0291519434628995,15.887809187279155,7.3277385159010615,0.4902826855123676,0.3594,0.02104,0.0,0.0,0.0,0.0,0.0,0.0,0.0,0.0,0.06307821698906646,3.3809924306139623,15.227081581160641,10.521446593776266,0.8074011774600507,0.0,0.0,0.0,0.0,0.0,0.0,0.0,0.0,0.0,0.0,0.0,0.0,0.0,0.0,0.0,0.0,0.0,0.3591,0.0216,0.0,0.0,0.0,0.0,0.0,0.0,0.0,0.0,0.09275618374558306,3.5512367491166086,15.265017667844527,10.20318021201412,0.8878091872791521,0.0,0.0,0.0,0.0,0.0,0.0,0.0,0.0,0.0,0.0,0.0,0.0,0.0,0.0,0.0,0.0,0.0
90600,4391,2355,0.5363242997039399,1090,851,0.4420405374629925,1174,0.534730129810977,0.43,3.0427308447937134,3.1339827608391855,6.6020408163265305,2.224201129619508,9370.286907473965,1410.8429817907659,7853.0,10746.183101415634,10682.047478011966,17.314185769723316,7853.0,0.0,28.38100660441813,21.170354654114995,33.218059299191374,19.468618677626115,0.13664313368253245,0.09724436347073559,0.09929401047597358,0.08153040309724437,0.07993623320428149,0.07378729218856753,0.06649965839216579,0.0669551355044409,0.052607606467774994,0.055340469141425645,0.04896378956957413,0.0391710316556593,0.03507173764518333,0.027556365292644044,0.017991345934866773,0.013664313368253245,0.007743110908676839,0.9186571930269803,0.02298363183669017,0.0,0.0,0.0,0.0,0.0,0.0,0.0,0.0,0.0,0.0,0.0,0.0,0.0,0.0,0.0,0.0,0.0,0.0,0.0,0.0,0.0,0.0,0.0,0.0,0.0,0.3689364609428377,5.841493964928264,15.918925074015034,7.337736278751994,0.5329082213618767,4.191901408450704,2.919121861276766,nan,nan,nan,4.174681753889675,2.905617347290417,4.208421052631579,2.9333052966006723,1.008081885214476,0.358,0.02136,0.0,0.0,0.0,0.0,0.0,0.0,0.0,0.0,0.13664313368253247,3.6552038260077437,15.68663174675473,9.913459348667715,0.6080619448872695,0.0,0.0,0.0,0.0,0.0,0.0,0.0,0.0,0.0,0.0,0.0,0.0,0.0,0.0,0.0,0.0,0.0,nan,nan,4.191901408450704,2.919121861276766,nan,0.358,0.1195,0.0,0.0,0.0,0.0,0.0,1.1386927806877704e-05,0.0002049647005237987,0.0031086312912776133,0.00023912548394443178,0.0026873149624231383,0.005750398542473241,0.002117968572079253,0.005112730585288089,0.004304258710999772,0.0028011842404919154,0.007913914825780004,0.011478023229332727,0.03031200182190845,0.0030516966522432247,0.009143703028922796,0.01155773172398087,0.00848326121612389,0.01438168982008654,0.04149396492826236,0.025165110453199725,0.025802778410384877,0.020416761557731724,0.027180596675017082,0.04396492826235482,0.032828512867228425,0.020769756319744932,0.029184695969027556,0.013869278068777044,0.030573901161466636,0.019824641311774083,0.041334547938966064,0.06102254611705762,0.01829879298565247,0.05085401958551583,0.008961512184012753,0.026132999316784332,0.023377362787519926,0.022808016397176042,0.024083352311546343,0.01826463220223184,0.02166932361648827,0.041061261671601,0.024823502618993395,0.02404919152812571,0.030437258027784103,0.0221134138009565,0.015247096333409246,0.0003188339785925757,0.0018674561603279436,0.005830107037121384,0.0068663174675472555,0.001161466636301526,0.005386016852653154,0.006797995900705989,0.00015941698929628785,0.0030972443634707356,0.0086312912776133,0.01299248462764746,0.0029492143019813253,0.0,0.005499886130721931,0.0020154862218173535,0.0024709633340924617,0.00013664313368253245,0.004668640400819859,5.693463903438852e-05,0.0,3.416078342063311e-05,0.000728763379640173,0.0,5.693463903438852e-05,0.0,0.0,0.0,0.0,0.0,0.0,0.0,0.0,0.0,0.0,0.0,0.0,0.0,0.0,0.0,0.0,0.0,0.0,0.0,0.0,0.0,0.0,0.0,0.0,0.0,nan,nan,4.191901408450704,2.919121861276766,nan,0.9184324171133103,0.022697879728491212,0.0,0.0,0.0,0.0,0.0,0.0,0.0,0.0,0.0,0.0,0.0,0.0,0.0,0.0,0.0,0.0,0.0,0.0,0.0,0.0,0.0,0.0,0.0,0.0,0.0,0.35668789808917206,6.012738853503186,15.923566878980894,7.18471337579618,0.5222929936305734,0.9189171867778119,0.02330708297243321,0.0,0.0,0.0,0.0,0.0,0.0,0.0,0.0,0.0,0.0,0.0,0.0,0.0,0.0,0.0,0.0,0.0,0.0,0.0,0.0,0.0,0.0,0.0,0.0,0.0,0.3831041257367388,5.643418467583498,15.913555992141458,7.5147347740668,0.5451866404715129,0.358,0.02151,0.0,0.0,0.0,0.0,0.0,0.0,0.0,0.0,0.16560509554140132,3.5414012738853513,15.630573248407647,9.974522292993617,0.6878980891719747,0.0,0.0,0.0,0.0,0.0,0.0,0.0,0.0,0.0,0.0,0.0,0.0,0.0,0.0,0.0,0.0,0.0,0.358,0.0212,0.0,0.0,0.0,0.0,0.0,0.0,0.0,0.0,0.10314341846758353,3.786836935166995,15.751473477406684,9.842829076620811,0.5157170923379176,0.0,0.0,0.0,0.0,0.0,0.0,0.0,0.0,0.0,0.0,0.0,0.0,0.0,0.0,0.0,0.0,0.0
90700,4521,2276,0.5034284450342844,1071,972,0.45189117451891175,1316,0.5821720858217209,0.434,2.9728285077951004,3.1524969803514398,6.779605263157895,2.172066649160046,9277.392826944873,1414.7175396434125,7853.0,10742.931162953377,10682.384872854907,18.110788696003937,7853.0,0.0,27.62021676620217,20.83059037295639,32.70773714891362,19.040014721430143,0.14244636142446362,0.0962176509621765,0.0948905109489051,0.0915726609157266,0.084052200840522,0.0794072107940721,0.06149082061490821,0.0645874806458748,0.058836540588365405,0.0497677504976775,0.04468038044680381,0.038708250387082505,0.0340632603406326,0.0245520902455209,0.0165892501658925,0.011944260119442602,0.0061933200619332,0.9191720295574675,0.022945517619855117,0.0,0.0,0.0,0.0,0.0,0.0,0.0,0.0,0.0,0.0,0.0,0.0,0.0,0.0,0.0,0.0,0.0,0.0,0.0,0.0,0.0,0.0,0.0,0.0,0.006635700066357002,0.35169210351692115,5.686794956867951,15.879230258792306,7.544790975447912,0.5308560053085601,4.36510113129928,2.924262067147128,nan,nan,nan,4.424011103400416,2.926337036221978,4.3075880758807585,2.9210889834595437,0.973683830171635,0.3584,0.02184,0.0,0.0,0.0,0.0,0.0,0.0,0.0,0.0,0.14598540145985403,3.7226277372262784,15.29528865295289,10.072992700729912,0.7564698075646983,0.006635700066357002,0.0,0.0,0.0,0.0,0.0,0.0,0.0,0.0,0.0,0.0,0.0,0.0,0.0,0.0,0.0,0.0,nan,nan,4.36510113129928,2.924262067147128,nan,0.3584,0.11957,0.0,0.0,0.0,0.0,0.0,2.2119000221190002e-05,0.00028754700287547,0.0029639460296394604,9.953550099535501e-05,0.0028533510285335103,0.005916832559168326,0.0019132935191329351,0.004821942048219421,0.004468038044680381,0.0022893165228931654,0.008427339084273391,0.011147976111479762,0.030435744304357443,0.0024330900243309003,0.009721300597213005,0.011424463614244635,0.008250387082503871,0.015538597655385976,0.04105286441052865,0.02528201725282017,0.025259898252598983,0.02067020570670206,0.028080070780800707,0.04250165892501659,0.03448352134483521,0.02085821720858217,0.026631276266312762,0.01468701614687016,0.03214996682149967,0.0203494802034948,0.039725724397257245,0.05527538155275381,0.017595664675956645,0.05097323600973236,0.009765538597655386,0.02528201725282017,0.025525326255253264,0.02374474673744747,0.025724397257243972,0.017805795178057953,0.02176509621765096,0.04037823490378235,0.025481088254810883,0.023722627737226276,0.03102189781021898,0.022240654722406546,0.015992037159920373,0.000364963503649635,0.00247732802477328,0.006314974563149746,0.007177615571776156,0.001072771510727715,0.0061048440610484405,0.006425569564255696,0.00026542800265428,0.0036496350364963502,0.00849369608493696,0.013669542136695422,0.0030303030303030303,1.1059500110595001e-05,0.00404777704047777,0.0016146870161468701,0.0022561380225613803,9.953550099535501e-05,0.00488829904888299,0.00012165450121654502,0.0,3.3178500331785e-05,0.0007409865074098651,0.0,8.847600088476001e-05,0.0,0.0,1.1059500110595001e-05,0.0,0.0,0.0,0.0,0.0,0.0,0.0,0.0,0.0,0.0,0.0,0.0,0.0,0.0,0.0,0.0,0.0,0.0,0.0,0.0,0.0,0.0,nan,nan,4.36510113129928,2.924262067147128,nan,0.9191750617982634,0.02310532252296636,0.0,0.0,0.0,0.0,0.0,0.0,0.0,0.0,0.0,0.0,0.0,0.0,0.0,0.0,0.0,0.0,0.0,0.0,0.0,0.0,0.0,0.0,0.0,0.0,0.013181019332161691,0.32952548330404224,5.707381370826012,15.632688927943764,7.80316344463972,0.5140597539543059,0.9191689554460861,0.022782361411216125,0.0,0.0,0.0,0.0,0.0,0.0,0.0,0.0,0.0,0.0,0.0,0.0,0.0,0.0,0.0,0.0,0.0,0.0,0.0,0.0,0.0,0.0,0.0,0.0,0.0,0.3741648106904233,5.6659242761692665,16.12917594654789,7.2828507795100235,0.5478841870824055,0.3577,0.02234,0.0,0.0,0.0,0.0,0.0,0.0,0.0,0.0,0.17135325131810197,4.112478031634447,15.237258347978914,9.64850615114234,0.8304042179261865,0.0,0.0,0.0,0.0,0.0,0.0,0.0,0.0,0.0,0.0,0.0,0.0,0.0,0.0,0.0,0.0,0.0,0.3591,0.02127,0.0,0.0,0.0,0.0,0.0,0.0,0.0,0.0,0.12026726057906462,3.327394209354121,15.354120267260582,10.503340757238293,0.6815144766146994,0.013363028953229402,0.0,0.0,0.0,0.0,0.0,0.0,0.0,0.0,0.0,0.0,0.0,0.0,0.0,0.0,0.0,0.0
90800,4688,2418,0.5157849829351536,1152,927,0.44347269624573377,1333,0.5686860068259386,0.40199999999999997,3.0123348017621145,3.0868239687256174,6.487444608567208,2.0600810524462827,9311.851630092176,1413.5547606095186,7853.0,10742.745618104935,10681.41043915307,17.277058215699537,7853.0,0.0,28.463310580204777,20.86829785228452,33.334512379989896,19.048163109327326,0.13502559726962457,0.09236348122866894,0.09620307167235495,0.08831058020477815,0.07785836177474403,0.07295221843003413,0.06655290102389079,0.06868600682593856,0.055887372013651876,0.05866040955631399,0.04842150170648464,0.040955631399317405,0.03839590443686007,0.024104095563139933,0.020477815699658702,0.00917235494880546,0.005972696245733789,0.9180033281954075,0.022923792210415524,0.0,0.0,0.0,0.0,0.0,0.0,0.0,0.0,0.0,0.0,0.0,0.0,0.0,0.0,0.0,0.0,0.0,0.0,0.0,0.0,0.0,0.0,0.0,0.0,0.0,0.33916382252559735,6.2521331058020495,15.831911262798638,7.173634812286691,0.4031569965870308,4.356276630612914,2.916949827666477,nan,nan,nan,4.341863517060368,2.9486961738587723,4.370661427635888,2.8848457596459145,1.0066326153418608,0.3574,0.02132,0.0,0.0,0.0,0.0,0.0,0.0,0.0,0.0,0.08959044368600685,3.909982935153584,15.787116040955635,9.560580204778143,0.6335324232081913,0.01919795221843004,0.0,0.0,0.0,0.0,0.0,0.0,0.0,0.0,0.0,0.0,0.0,0.0,0.0,0.0,0.0,0.0,nan,nan,4.356276630612914,2.916949827666477,nan,0.3574,0.1196,0.0,0.0,0.0,0.0,0.0,0.0,0.0006186006825938566,0.003210324232081911,2.1331058020477816e-05,0.002389078498293515,0.0059193686006825934,0.0021544368600682593,0.004479522184300341,0.003988907849829352,0.002453071672354949,0.008521757679180888,0.011220136518771332,0.032764505119453925,0.00253839590443686,0.01024957337883959,0.011454778156996586,0.007487201365187713,0.014291808873720136,0.041862201365187715,0.02589590443686007,0.02520264505119454,0.02108575085324232,0.027101109215017065,0.04220349829351536,0.03583617747440273,0.021117747440273036,0.028114334470989762,0.013737201365187713,0.034716296928327645,0.020648464163822527,0.040891638225255975,0.054522184300341295,0.01648890784982935,0.05069325938566553,0.009343003412969283,0.021800341296928327,0.022728242320819114,0.023688139931740616,0.027783703071672355,0.017630119453924915,0.0228348976109215,0.03994240614334471,0.0236028156996587,0.023570819112627987,0.03383105802047782,0.021075085324232083,0.015774317406143344,0.00044795221843003415,0.0026237201365187715,0.0059193686006825934,0.007231228668941979,0.0010772184300341296,0.006953924914675768,0.005620733788395904,0.0004052901023890785,0.0037862627986348122,0.008617747440273037,0.014206484641638225,0.0027303754266211604,0.0,0.003914249146757679,0.0007892491467576791,0.0023037542662116043,2.1331058020477816e-05,0.00498080204778157,0.0001386518771331058,1.0665529010238908e-05,3.1996587030716724e-05,0.0007039249146757679,0.0,0.0,0.0,0.0,0.0,0.0,0.0,0.0,0.0,0.0,0.0,0.0,0.0,0.0,0.0,0.0,0.0,0.0,0.0,0.0,0.0,0.0,0.0,0.0,0.0,0.0,0.0,nan,nan,4.356276630612914,2.916949827666477,nan,0.917738209784376,0.02272854695004042,0.0,0.0,0.0,0.0,0.0,0.0,0.0,0.0,0.0,0.0,0.0,0.0,0.0,0.0,0.0,0.0,0.0,0.0,0.0,0.0,0.0,0.0,0.0,0.0,0.0,0.2729528535980149,6.401985111662532,15.967741935483874,7.0099255583126565,0.34739454094292815,0.9182857318596693,0.023126611685917724,0.0,0.0,0.0,0.0,0.0,0.0,0.0,0.0,0.0,0.0,0.0,0.0,0.0,0.0,0.0,0.0,0.0,0.0,0.0,0.0,0.0,0.0,0.0,0.0,0.0,0.4096916299559472,6.09251101321586,15.687224669603527,7.3480176211453765,0.46255506607929525,0.3574,0.02148,0.0,0.0,0.0,0.0,0.0,0.0,0.0,0.0,0.07444168734491316,4.069478908188587,15.68238213399504,9.578163771712145,0.5707196029776676,0.024813895781637722,0.0,0.0,0.0,0.0,0.0,0.0,0.0,0.0,0.0,0.0,0.0,0.0,0.0,0.0,0.0,0.0,0.3577,0.02115,0.0,0.0,0.0,0.0,0.0,0.0,0.0,0.0,0.10572687224669607,3.740088105726873,15.898678414096919,9.541850220264303,0.7004405286343615,0.013215859030837008,0.0,0.0,0.0,0.0,0.0,0.0,0.0,0.0,0.0,0.0,0.0,0.0,0.0,0.0,0.0,0.0
90900,4564,2333,0.5111744084136722,1074,926,0.43821209465381245,1273,0.5578439964943033,0.422,3.0,3.0961001191830633,6.571205007824726,2.0327945765676008,9298.728970764005,1413.8293365813797,7853.0,10740.242430210114,10681.249902514752,17.84767590373023,7853.0,0.0,28.206617002629272,20.95322699093372,33.08106001558846,19.19229454041226,0.13869412795793165,0.09574934268185802,0.09837861524978089,0.07909728308501314,0.08238387379491674,0.07690622261174408,0.06967572304995617,0.0635407537248028,0.05521472392638037,0.05236634531113059,0.047765118317265556,0.04294478527607362,0.03396143733567047,0.02782646801051709,0.018404907975460124,0.011174408413672217,0.005915863277826468,0.9186175987320339,0.023459496331786543,0.0,0.0,0.0,0.0,0.0,0.0,0.0,0.0,0.0,0.0,0.0,0.0,0.0,0.0,0.0,0.0,0.0,0.0,0.0,0.0,0.0,0.0,0.0,0.0,0.006573181419807188,0.3746713409290097,5.830411919368976,15.959684487291852,7.243645924627521,0.5850131463628397,4.291723202170964,2.850237322960268,nan,nan,nan,4.240915208613728,2.8409797225951285,4.343365253077975,2.858690956166696,1.0241575319063583,0.357,0.02234,0.0,0.0,0.0,0.0,0.0,0.0,0.0,0.006573181419807188,0.21691498685363722,4.127957931638914,15.539000876424193,9.366783523225228,0.7427695004382123,0.0,0.0,0.0,0.0,0.0,0.0,0.0,0.0,0.0,0.0,0.0,0.0,0.0,0.0,0.0,0.0,0.0,nan,nan,4.291723202170964,2.850237322960268,nan,0.357,0.1198,0.0,0.0,0.0,0.0,0.0,0.0,0.0005696757230499561,0.0043382997370727434,2.1910604732690622e-05,0.0023115687992988606,0.005433829973707274,0.00212532865907099,0.004688869412795793,0.003943908851884312,0.002212971078001753,0.006606047326906223,0.011316827344434706,0.034268185801928135,0.002749780893952673,0.010078878177037686,0.011853637160385627,0.006343120070113935,0.013310692375109553,0.041969763365468885,0.024868536371603855,0.027223926380368097,0.022907537248028045,0.030379053461875548,0.0400635407537248,0.03422436459246275,0.02054119193689746,0.029283523225241016,0.015742769500438212,0.0352760736196319,0.021516213847502193,0.0411262050832603,0.0557296231375986,0.01499780893952673,0.04787467134092901,0.008884750219106048,0.02275416301489921,0.023345749342681858,0.023630587204206837,0.025920245398773006,0.018382997370727433,0.02194347063978966,0.0392418930762489,0.024364592462751973,0.023236196319018406,0.03475021910604733,0.019785276073619632,0.015655127081507448,0.0006134969325153375,0.0024101665205959683,0.005795354951796669,0.007548203330411919,0.0007120946538124452,0.00810692375109553,0.005127081507449605,0.00015337423312883436,0.003418054338299737,0.00843558282208589,0.012905346187554777,0.00282646801051709,2.1910604732690622e-05,0.003702892199824715,0.0007997370727432077,0.0015337423312883436,0.0,0.007077125328659071,0.00010955302366345311,3.286590709903593e-05,0.0,0.0008764241893076249,0.0,0.0,0.0,0.0,0.0,0.0,0.0,0.0,0.0,0.0,0.0,0.0,0.0,0.0,0.0,0.0,0.0,0.0,0.0,0.0,0.0,0.0,0.0,0.0,0.0,0.0,0.0,nan,nan,4.291723202170964,2.850237322960268,nan,0.9181829213431808,0.02347999373432129,0.0,0.0,0.0,0.0,0.0,0.0,0.0,0.0,0.0,0.0,0.0,0.0,0.0,0.0,0.0,0.0,0.0,0.0,0.0,0.0,0.0,0.0,0.0,0.0,0.0,0.4243463351907416,5.825117873981999,16.060865837976856,7.136733819117018,0.5529361337333906,0.9190721493139229,0.023429418325346153,0.0,0.0,0.0,0.0,0.0,0.0,0.0,0.0,0.0,0.0,0.0,0.0,0.0,0.0,0.0,0.0,0.0,0.0,0.0,0.0,0.0,0.0,0.0,0.0,0.013446884805020173,0.32272523532048414,5.835948005378755,15.853877185118785,7.355445988346035,0.618556701030928,0.3567,0.02203,0.0,0.0,0.0,0.0,0.0,0.0,0.0,0.0,0.21860265752250327,4.076296613801972,15.726532361765969,9.322760394342035,0.6558079725675098,0.0,0.0,0.0,0.0,0.0,0.0,0.0,0.0,0.0,0.0,0.0,0.0,0.0,0.0,0.0,0.0,0.0,0.3574,0.02263,0.0,0.0,0.0,0.0,0.0,0.0,0.0,0.013446884805020173,0.21515015688032277,4.181981174361273,15.342895562528017,9.412819363514107,0.8337068579112508,0.0,0.0,0.0,0.0,0.0,0.0,0.0,0.0,0.0,0.0,0.0,0.0,0.0,0.0,0.0,0.0,0.0
91000,4814,2476,0.5143331948483589,1182,1010,0.4553385957623598,1398,0.5808059825508932,0.39799999999999996,2.9328485885372113,3.0685396384233,6.646341463414634,2.030240591410903,9308.094127449669,1414.0193519684765,7853.0,10740.815938472748,10682.088501430819,17.614529706015446,7853.0,0.0,28.1587037806398,20.642699756644145,33.144941874845415,18.749484709293924,0.1408392189447445,0.09077690070627337,0.08890735355213959,0.08869962609056917,0.07893643539675946,0.08329871208973827,0.06896551724137931,0.0646032405484005,0.057125051931865393,0.05525550477773162,0.04881595346904861,0.04424594931449938,0.035313668466971336,0.021811383464894057,0.01578728707935189,0.009970918155380142,0.006647278770253427,0.9188225105386282,0.02296675004809641,0.0,0.0,0.0,0.0,0.0,0.0,0.0,0.0,0.0,0.0,0.0,0.0,0.0,0.0,0.0,0.0,0.0,0.0,0.0,0.0,0.0,0.0,0.0,0.0,0.0,0.43622766929788126,5.552555047777318,16.09680099709182,7.2787702534275045,0.6356460324054841,4.206049149338375,2.8955370486935355,nan,nan,nan,4.1718452758402025,2.9453304433586625,4.23982467125861,2.845108860416286,1.0162948026409528,0.357,0.02138,0.0,0.0,0.0,0.0,0.0,0.0,0.0,0.0,0.11217282924802661,3.99459908599917,15.947237224761116,9.385126713751545,0.560864146240133,0.0,0.0,0.0,0.0,0.0,0.0,0.0,0.0,0.0,0.0,0.0,0.0,0.0,0.0,0.0,0.0,0.0,nan,nan,4.206049149338375,2.8955370486935355,nan,0.357,0.1197,0.0,0.0,0.0,0.0,0.0,2.077274615704196e-05,0.0006855006231823847,0.004570004154549232,2.077274615704196e-05,0.002087660988782717,0.00550477773161612,0.0023784794349813046,0.003728707935189032,0.0037806398005816367,0.0024200249272953883,0.006823847112588284,0.010604486913169921,0.035521395928541755,0.0034067303697548814,0.009586622351474864,0.011165351059410054,0.006813460739509763,0.013793103448275862,0.04224137931034483,0.025145409223099293,0.02974657249688409,0.023805567095970086,0.027669297881179892,0.038512671375155794,0.03214582467802243,0.019515995014540922,0.02964270876609888,0.015953469048608226,0.034700872455338594,0.022507270461154964,0.042334856668051514,0.05696925633568758,0.015319900290818447,0.04776692978811799,0.00921271292064811,0.022434565849605317,0.023265475695886995,0.0239613626921479,0.025384295803905277,0.01576651433319485,0.02255920232654757,0.038512671375155794,0.02405484004985459,0.022964270876609887,0.034711258828417114,0.02162442874948068,0.016503946821769838,0.00034275031159119237,0.003084752804320731,0.005587868716244287,0.007571665974241795,0.0005920232654756959,0.009181553801412546,0.00455961778147071,0.00011425010386373078,0.003240548400498546,0.008454507685916077,0.013647694225176569,0.00254466140423764,7.270461154964686e-05,0.003759867054424595,0.001049023680930619,0.0012463647694225177,7.270461154964686e-05,0.006377233070211882,0.00017656834233485666,5.19318653926049e-05,0.0,0.00040506855006231825,0.0,2.077274615704196e-05,0.0,0.0,0.0,0.0,0.0,0.0,0.0,0.0,0.0,0.0,0.0,0.0,0.0,0.0,0.0,0.0,0.0,0.0,0.0,0.0,0.0,0.0,0.0,0.0,0.0,nan,nan,4.206049149338375,2.8955370486935355,nan,0.9188960080722615,0.02319398096686527,0.0,0.0,0.0,0.0,0.0,0.0,0.0,0.0,0.0,0.0,0.0,0.0,0.0,0.0,0.0,0.0,0.0,0.0,0.0,0.0,0.0,0.0,0.0,0.0,0.0,0.5088852988691439,5.525040387722134,15.84814216478191,7.475767366720518,0.6421647819063007,0.9187446748272183,0.022723370426452096,0.0,0.0,0.0,0.0,0.0,0.0,0.0,0.0,0.0,0.0,0.0,0.0,0.0,0.0,0.0,0.0,0.0,0.0,0.0,0.0,0.0,0.0,0.0,0.0,0.0,0.3592814371257486,5.581693755346452,16.360136869118907,7.070145423438838,0.62874251497006,0.3574,0.02132,0.0,0.0,0.0,0.0,0.0,0.0,0.0,0.0,0.12116316639741521,3.8287560581583207,15.726978998384494,9.777867528271392,0.5452342487883685,0.0,0.0,0.0,0.0,0.0,0.0,0.0,0.0,0.0,0.0,0.0,0.0,0.0,0.0,0.0,0.0,0.0,0.3564,0.02144,0.0,0.0,0.0,0.0,0.0,0.0,0.0,0.0,0.10265183917878531,4.170230966638153,16.180496150556035,8.969204448246352,0.5774165953806674,0.0,0.0,0.0,0.0,0.0,0.0,0.0,0.0,0.0,0.0,0.0,0.0,0.0,0.0,0.0,0.0,0.0
91100,4775,2437,0.5103664921465969,1108,1007,0.44293193717277485,1368,0.5729842931937172,0.40599999999999997,2.855431993156544,3.038752840452471,6.38871473354232,2.2331215574638748,9297.022736169256,1414.4422868686063,7853.0,10738.022727370262,10682.38390037267,17.368746189616164,7853.0,0.0,27.65633507853403,20.86685312506943,32.66324486730095,19.148132874395174,0.13968586387434556,0.10596858638743456,0.09549738219895287,0.08272251308900523,0.07958115183246073,0.07958115183246073,0.07162303664921466,0.05989528795811518,0.05549738219895288,0.05465968586387435,0.04,0.0412565445026178,0.03308900523560209,0.025130890052356022,0.01717277486910995,0.012356020942408378,0.0062827225130890054,0.9187590732874047,0.022904576986569218,0.0,0.0,0.0,0.0,0.0,0.0,0.0,0.0,0.0,0.0,0.0,0.0,0.0,0.0,0.0,0.0,0.0,0.0,0.0,0.0,0.0,0.0,0.0,0.0,0.006282722513089006,0.2575916230366493,6.100523560209425,15.794764397905762,7.2816753926701585,0.5591623036649216,4.3278472679394335,2.8885066633613965,nan,nan,nan,4.319344262295082,2.936428001173132,4.337301587301587,2.8400918680736384,1.0041574192553393,0.3577,0.02156,0.0,0.0,0.0,0.0,0.0,0.0,0.0,0.0,0.10680628272251311,3.650261780104713,15.93926701570681,9.599999999999985,0.7036649214659688,0.0,0.0,0.0,0.0,0.0,0.0,0.0,0.0,0.0,0.0,0.0,0.0,0.0,0.0,0.0,0.0,0.0,nan,nan,4.3278472679394335,2.8885066633613965,nan,0.3577,0.11914,0.0,0.0,0.0,0.0,0.0,1.0471204188481675e-05,0.0005863874345549738,0.004366492146596858,0.00017801047120418847,0.0014659685863874345,0.005539267015706806,0.0017905759162303665,0.003413612565445026,0.003424083769633508,0.0025654450261780107,0.006198952879581152,0.009298429319371727,0.037654450261780104,0.0037172774869109948,0.008450261780104712,0.011026178010471205,0.007036649214659686,0.013832460732984293,0.04112041884816754,0.025162303664921466,0.030638743455497382,0.021863874345549737,0.027654450261780105,0.039172774869109944,0.03131937172774869,0.020712041884816755,0.028575916230366493,0.018010471204188482,0.032104712041884816,0.022534031413612564,0.044230366492146594,0.06014659685863874,0.016795811518324606,0.049172774869109946,0.00831413612565445,0.020858638743455497,0.022513089005235604,0.02375916230366492,0.02505759162303665,0.017581151832460732,0.02198952879581152,0.03816753926701571,0.023172774869109947,0.022198952879581152,0.03490052356020942,0.022,0.015539267015706806,0.0003769633507853403,0.003151832460732984,0.005089005235602094,0.007109947643979058,0.0005235602094240838,0.010827225130890052,0.005005235602094241,0.0002931937172774869,0.0038219895287958114,0.008083769633507853,0.015089005235602094,0.0026806282722513087,3.141361256544503e-05,0.004,0.0011832460732984294,0.0009424083769633508,0.00010471204188481675,0.005267015706806283,0.00027225130890052353,2.094240837696335e-05,0.0,0.00030366492146596856,0.0,0.0,0.0,0.0,0.0,0.0,0.0,0.0,0.0,0.0,0.0,0.0,0.0,0.0,0.0,0.0,0.0,0.0,0.0,0.0,0.0,0.0,0.0,0.0,0.0,0.0,0.0,nan,nan,4.3278472679394335,2.8885066633613965,nan,0.9188940779909425,0.023040262971777803,0.0,0.0,0.0,0.0,0.0,0.0,0.0,0.0,0.0,0.0,0.0,0.0,0.0,0.0,0.0,0.0,0.0,0.0,0.0,0.0,0.0,0.0,0.0,0.0,0.012310217480508825,0.24620434961017648,6.352072219942554,15.535494460402136,7.250718096019698,0.6032006565449324,0.9186183519604065,0.022761432308927868,0.0,0.0,0.0,0.0,0.0,0.0,0.0,0.0,0.0,0.0,0.0,0.0,0.0,0.0,0.0,0.0,0.0,0.0,0.0,0.0,0.0,0.0,0.0,0.0,0.0,0.26946107784431145,5.838323353293415,16.0650128314799,7.313943541488453,0.5132591958939265,0.358,0.0216,0.0,0.0,0.0,0.0,0.0,0.0,0.0,0.0,0.0984817398440706,3.6807550266721387,15.855560114895367,9.626590069757885,0.7386130488305295,0.0,0.0,0.0,0.0,0.0,0.0,0.0,0.0,0.0,0.0,0.0,0.0,0.0,0.0,0.0,0.0,0.0,0.3574,0.0215,0.0,0.0,0.0,0.0,0.0,0.0,0.0,0.0,0.11548331907613348,3.618477331052182,16.026518391787857,9.572284003421714,0.6672369546621045,0.0,0.0,0.0,0.0,0.0,0.0,0.0,0.0,0.0,0.0,0.0,0.0,0.0,0.0,0.0,0.0,0.0
91200,4701,2450,0.5211657094235269,1161,933,0.4454371410338226,1311,0.5577536694320357,0.41,3.0244335850733006,3.1175444089987727,6.515885022692889,2.264333469792642,9326.65696334608,1412.5970074058816,7853.0,10734.955310106277,10680.616891710175,17.40224264820995,7853.0,0.0,28.38906615613699,21.034980630502034,33.33223933350164,19.21774124737677,0.13784301212507977,0.09572431397574985,0.09402254839395874,0.07828121676239098,0.08211018932142097,0.07445224420336098,0.07594128908742821,0.06062539885130823,0.06211444373537545,0.04807487768559881,0.048500319081046586,0.042544139544777704,0.03382259093809828,0.03063178047223995,0.016166773027015528,0.012125079770261647,0.007019783024888321,0.9169265147701929,0.022942994366997548,0.0,0.0,0.0,0.0,0.0,0.0,0.0,0.0,0.0,0.0,0.0,0.0,0.0,0.0,0.0,0.0,0.0,0.0,0.0,0.0,0.0,0.0,0.0,0.0,0.0,0.48500319081046595,6.560306317804724,15.826419910657311,6.71984684109764,0.40842373962986606,4.270499836654688,2.8965629879517794,nan,nan,nan,4.224104234527688,2.907802392073806,4.32,2.8832859214649584,1.0227020357803824,0.357,0.02142,0.0,0.0,0.0,0.0,0.0,0.0,0.0,0.0,0.14039566049776644,3.854499042756861,15.890236119974476,9.51499680918952,0.5998723675813658,0.0,0.0,0.0,0.0,0.0,0.0,0.0,0.0,0.0,0.0,0.0,0.0,0.0,0.0,0.0,0.0,0.0,nan,nan,4.270499836654688,2.8965629879517794,nan,0.357,0.11835,0.0,0.0,0.0,0.0,0.0,0.0,0.0006381620931716656,0.0037757923845990215,5.318017443097213e-05,0.0017124016166773027,0.005126568815145714,0.00129759625611572,0.0030525420123378006,0.003584343756647522,0.0027547330355243566,0.006924058710912572,0.009519251223144011,0.038332269729844715,0.0035098915124441607,0.008189746862369708,0.01184854286322059,0.007413316315677515,0.016687938736439055,0.038842799404382046,0.02438842799404382,0.030578600297808976,0.022122952563284407,0.02741969793660923,0.040225483939587324,0.029174643692831313,0.020899808551372048,0.030089342693044033,0.01826207189959583,0.030387151669857476,0.02339927674962774,0.04757498404594767,0.05805147840884918,0.0158370559455435,0.04854286322059136,0.008976813443948095,0.021208253563071686,0.023420548819400127,0.024494788342905766,0.024452244203360986,0.018102531376302914,0.02179323548181238,0.03925760476494363,0.023324824505424377,0.02345245692405871,0.03380131886832589,0.020559455435013828,0.014060838119549033,0.0005849819187406935,0.0034567113380131885,0.004967028291852797,0.006445437141033823,0.0004892576047649436,0.010455222293129122,0.005732822803658796,0.00019144862795149968,0.003818336524143799,0.007158051478408849,0.016592214422463305,0.002244203360987024,5.318017443097213e-05,0.003637523931078494,0.001042331418847054,0.0010848755583918316,9.572431397574984e-05,0.004318230163794937,0.0003616251861306105,0.0,0.0,0.00014890448840672196,0.0,0.0,0.0,0.0,0.0,0.0,0.0,0.0,0.0,0.0,0.0,0.0,0.0,0.0,0.0,0.0,0.0,0.0,0.0,0.0,0.0,0.0,0.0,0.0,0.0,0.0,0.0,nan,nan,4.270499836654688,2.8965629879517794,nan,0.9168131594998495,0.02306330607617876,0.0,0.0,0.0,0.0,0.0,0.0,0.0,0.0,0.0,0.0,0.0,0.0,0.0,0.0,0.0,0.0,0.0,0.0,0.0,0.0,0.0,0.0,0.0,0.0,0.0,0.5632653061224491,6.551020408163267,15.918367346938778,6.526530612244899,0.4408163265306123,0.9170498912305844,0.022810685121120576,0.0,0.0,0.0,0.0,0.0,0.0,0.0,0.0,0.0,0.0,0.0,0.0,0.0,0.0,0.0,0.0,0.0,0.0,0.0,0.0,0.0,0.0,0.0,0.0,0.0,0.399822301199467,6.570413149711241,15.726343847179034,6.930253220790761,0.37316748111950254,0.357,0.02115,0.0,0.0,0.0,0.0,0.0,0.0,0.0,0.0,0.13469387755102044,3.783673469387756,16.102040816326532,9.465306122448967,0.5142857142857143,0.0,0.0,0.0,0.0,0.0,0.0,0.0,0.0,0.0,0.0,0.0,0.0,0.0,0.0,0.0,0.0,0.0,0.3572,0.0217,0.0,0.0,0.0,0.0,0.0,0.0,0.0,0.0,0.14660151043980454,3.9315859617947586,15.659706796979124,9.569080408707226,0.6930253220790762,0.0,0.0,0.0,0.0,0.0,0.0,0.0,0.0,0.0,0.0,0.0,0.0,0.0,0.0,0.0,0.0,0.0
91300,4566,2396,0.5247481384143671,1094,965,0.4509417433201927,1317,0.5768725361366623,0.41,3.08110599078341,3.1441354482395556,6.656500802568218,2.103460105857381,9336.430982224392,1411.7927297366011,7853.0,10744.963901042938,10679.9390086964,17.312582308006135,7853.0,0.0,28.061541830924224,21.08341123366454,33.3,19.23238770517341,0.14564169951817785,0.09899255365746824,0.08628996933858958,0.08716600963644328,0.0812527376259308,0.07402540516863776,0.06460797196671046,0.06636005256241786,0.06110381077529566,0.053219448094612355,0.041830924222514235,0.03745072273324573,0.03723171265878231,0.028690319754708718,0.017958826106000875,0.010512483574244415,0.007665352606219886,0.9164546832827377,0.02292357990400891,0.0,0.0,0.0,0.0,0.0,0.0,0.0,0.0,0.0,0.0,0.0,0.0,0.0,0.0,0.0,0.0,0.0,0.0,0.0,0.0,0.0,0.0,0.0,0.0,0.006570302233902761,0.4533508541392905,6.688567674113011,15.775295663600529,6.695137976346913,0.38107752956636015,4.350877192982456,2.917042835929194,nan,nan,nan,4.346461949265688,2.90701309463808,4.355388813096862,2.9272491298481613,1.0020538230715865,0.356,0.02179,0.0,0.0,0.0,0.0,0.0,0.0,0.0,0.0,0.16425755584756901,4.408672798948753,15.913272010512486,8.93561103810774,0.578186596583443,0.0,0.0,0.0,0.0,0.0,0.0,0.0,0.0,0.0,0.0,0.0,0.0,0.0,0.0,0.0,0.0,0.0,nan,nan,4.350877192982456,2.917042835929194,nan,0.356,0.1179,0.0,0.0,0.0,0.0,0.0,0.0,0.0006679807271134472,0.0033180026281208934,5.475251861585633e-05,0.0018725361366622865,0.005606657906263688,0.001773981603153745,0.003383705650459921,0.003307052124397722,0.0031208935611038106,0.007468243539202803,0.008935611038107753,0.038042049934296975,0.0036136662286465177,0.007533946561541831,0.012527376259307927,0.006679807271134472,0.017006132282084977,0.037658782303985984,0.02631406044678055,0.03226018396846255,0.021233026719229085,0.02568988173455979,0.04107533946561542,0.029007884362680682,0.02275514673674989,0.03183311432325887,0.018287341217696013,0.02965396408234779,0.02250328515111695,0.0490473061760841,0.05582566798072711,0.01633815155497153,0.047777047744196235,0.009526938239159002,0.02224047306176084,0.022952255803766974,0.024594831362242664,0.02467148488830486,0.0182544897065265,0.023313622426631625,0.037494524748138414,0.024726237406920717,0.023072711344721858,0.03313622426631625,0.019327639071397285,0.012790188348664038,0.0005475251861585633,0.0034932106876916337,0.005256241787122208,0.005869469995619799,0.00045992115637319317,0.011717038983793254,0.005453350854139291,0.0002190100744634253,0.003876478318002628,0.006307490144546649,0.016929478756022777,0.0014892685063512922,0.00014235654840122645,0.003416557161629435,0.0010402978537012702,0.0008212877792378449,0.00014235654840122645,0.004007884362680683,0.0003175646079719667,0.0,0.0,0.0002190100744634253,0.0,0.0,0.0,0.0,0.0,0.0,0.0,0.0,0.0,0.0,0.0,0.0,0.0,0.0,0.0,0.0,0.0,0.0,0.0,0.0,0.0,0.0,0.0,0.0,0.0,0.0,0.0,nan,nan,4.350877192982456,2.917042835929194,nan,0.9163839684454149,0.02258784430929249,0.0,0.0,0.0,0.0,0.0,0.0,0.0,0.0,0.0,0.0,0.0,0.0,0.0,0.0,0.0,0.0,0.0,0.0,0.0,0.0,0.0,0.0,0.0,0.0,0.012520868113522541,0.4382303839732889,6.498330550918198,16.06427378964942,6.623539232053424,0.3631051752921537,0.9165327628911366,0.023288410333231823,0.0,0.0,0.0,0.0,0.0,0.0,0.0,0.0,0.0,0.0,0.0,0.0,0.0,0.0,0.0,0.0,0.0,0.0,0.0,0.0,0.0,0.0,0.0,0.0,0.0,0.4700460829493089,6.898617511520739,15.456221198156685,6.774193548387099,0.4009216589861752,0.356,0.022,0.0,0.0,0.0,0.0,0.0,0.0,0.0,0.0,0.21285475792988318,4.369782971619366,15.663606010016698,9.190317195325528,0.5634390651085143,0.0,0.0,0.0,0.0,0.0,0.0,0.0,0.0,0.0,0.0,0.0,0.0,0.0,0.0,0.0,0.0,0.0,0.3557,0.02155,0.0,0.0,0.0,0.0,0.0,0.0,0.0,0.0,0.11059907834101385,4.451612903225807,16.1889400921659,8.65437788018432,0.5944700460829494,0.0,0.0,0.0,0.0,0.0,0.0,0.0,0.0,0.0,0.0,0.0,0.0,0.0,0.0,0.0,0.0,0.0
91400,4338,2215,0.5106039649608114,1030,903,0.4455970493314892,1227,0.5656984785615491,0.422,2.9524258125294396,3.1284477923983887,6.657986111111111,2.2273642494677643,9296.142298271685,1412.9084118944293,7853.0,10743.096928238869,10679.343697472943,17.35174413607188,7853.0,0.0,28.03112033195021,20.901329141445036,32.92002191180499,19.171733552438862,0.13831258644536654,0.10511756569847856,0.08921161825726141,0.08575380359612725,0.07814661134163209,0.07445827570308898,0.06961733517750116,0.07192254495159059,0.05025357307514984,0.05463347164591978,0.04264638082065468,0.04333794375288151,0.0338865836791148,0.027662517289073305,0.018441678192715538,0.011295527893038266,0.005301982480405717,0.9157260468254556,0.023160414450398546,0.0,0.0,0.0,0.0,0.0,0.0,0.0,0.0,0.0,0.0,0.0,0.0,0.0,0.0,0.0,0.0,0.0,0.0,0.0,0.0,0.0,0.0,0.0,0.0,0.0,0.48409405255878296,7.074688796680499,15.788381742738592,6.196403872752422,0.45643153526970964,4.2112022832679274,2.8939495636878756,nan,nan,nan,4.180350877192982,2.856405522411715,4.243105950653121,2.9319271869221217,1.0150119153400532,0.3557,0.0216,0.0,0.0,0.0,0.0,0.0,0.0,0.0,0.0,0.18672199170124487,4.398340248962657,15.954356846473033,8.900414937759322,0.5601659751037346,0.0,0.0,0.0,0.0,0.0,0.0,0.0,0.0,0.0,0.0,0.0,0.0,0.0,0.0,0.0,0.0,0.0,nan,nan,4.2112022832679274,2.8939495636878756,nan,0.3557,0.11774,0.0,0.0,0.0,0.0,0.0,0.0,0.0005417242969110189,0.003008298755186722,6.915629322268326e-05,0.001959428307976026,0.0060281235592438915,0.0020285846011987092,0.0030889810972798523,0.0035154449054863993,0.0031235592438911943,0.008275703088981097,0.008852005532503458,0.03714845550945136,0.0038035961272475795,0.005970493314891655,0.013543107422775473,0.00549792531120332,0.018464730290456432,0.03682572614107884,0.0270746887966805,0.03282618718303366,0.02202627939142462,0.026129552789303827,0.038059013370216686,0.031028123559243892,0.02219917012448133,0.031500691562932226,0.019248501613646843,0.028907330567081606,0.021911018902720146,0.05118718303365606,0.056270170585523284,0.016078838174273857,0.04775242047026279,0.009935454126325495,0.02119640387275242,0.021980175195942833,0.02570308898109728,0.026498386353158137,0.0192139234670355,0.0223144306131858,0.036145689257722456,0.02496542185338866,0.02108114338404795,0.03362148455509451,0.01975564776394652,0.012597971415398802,0.0006454587367450438,0.0031120331950207467,0.0052558782849239285,0.005763024435223606,0.0003342554172429691,0.011791147994467496,0.004933148916551406,0.00017289073305670817,0.004564315352697096,0.005567081604426003,0.016954817888427846,0.001740433379437529,0.00024204702627939143,0.004149377593360996,0.0009220839096357768,0.00049562010142923,4.610419548178884e-05,0.0031005071461502995,0.0009566620562471185,0.0,0.0,0.0002996772706316275,0.0,0.0,0.0,0.0,0.0,0.0,0.0,0.0,0.0,0.0,0.0,0.0,0.0,0.0,0.0,0.0,0.0,0.0,0.0,0.0,0.0,0.0,0.0,0.0,0.0,0.0,0.0,nan,nan,4.2112022832679274,2.8939495636878756,nan,0.9160119406256665,0.022871678720804492,0.0,0.0,0.0,0.0,0.0,0.0,0.0,0.0,0.0,0.0,0.0,0.0,0.0,0.0,0.0,0.0,0.0,0.0,0.0,0.0,0.0,0.0,0.0,0.0,0.0,0.4469525959367947,6.812641083521446,16.036117381489845,6.230248306997744,0.4740406320541762,0.9154277638450188,0.02345416011069782,0.0,0.0,0.0,0.0,0.0,0.0,0.0,0.0,0.0,0.0,0.0,0.0,0.0,0.0,0.0,0.0,0.0,0.0,0.0,0.0,0.0,0.0,0.0,0.0,0.0,0.5228450306170515,7.348092322185588,15.529910504003771,6.161092793217147,0.4380593499764485,0.3555,0.02159,0.0,0.0,0.0,0.0,0.0,0.0,0.0,0.0,0.20316027088036123,4.5372460496614,15.873589164785557,8.871331828442425,0.5146726862302484,0.0,0.0,0.0,0.0,0.0,0.0,0.0,0.0,0.0,0.0,0.0,0.0,0.0,0.0,0.0,0.0,0.0,0.356,0.02162,0.0,0.0,0.0,0.0,0.0,0.0,0.0,0.0,0.16957136128120587,4.253414978803581,16.03862458784739,8.930758360810161,0.6076307112576543,0.0,0.0,0.0,0.0,0.0,0.0,0.0,0.0,0.0,0.0,0.0,0.0,0.0,0.0,0.0,0.0,0.0
91500,4587,2370,0.5166775670372793,1108,935,0.44538914323086987,1305,0.5689993459777632,0.39799999999999996,3.0076680198466397,3.135265791742803,6.813008130081301,2.0095284950185763,9313.478921737602,1412.6012475550174,7853.0,10735.473805427551,10679.673761185815,16.66649519266369,7853.0,0.0,27.561805101373448,20.68473173467898,32.47659906396256,18.977347760085365,0.13908872901678657,0.1039895356442119,0.09657728362764334,0.08524089819053848,0.07979071288423806,0.08044473512099411,0.06998037933289732,0.05755395683453238,0.052975801177240024,0.05842598648354044,0.04883366034445171,0.041203400915631135,0.029649008066274254,0.020710704163941576,0.017876607804665358,0.013080444735120994,0.004578155657292348,0.9157779088123239,0.022786966838605066,0.0,0.0,0.0,0.0,0.0,0.0,0.0,0.0,0.0,0.0,0.0,0.0,0.0,0.0,0.0,0.0,0.0,0.0,0.0,0.0,0.0,0.0,0.0,0.0,0.006540222367560499,0.5297580117724003,6.638325703073906,16.128188358404188,6.344015696533684,0.35317200784826697,4.30962912555291,2.880531351955301,nan,nan,nan,4.33879781420765,2.876078591232521,4.2806779661016945,2.884652471155757,0.9866046193911966,0.3567,0.0215,0.0,0.0,0.0,0.0,0.0,0.0,0.0,0.0,0.05886200130804448,4.159581425768477,15.984303466317858,9.11706998037932,0.6801831262262918,0.0,0.0,0.0,0.0,0.0,0.0,0.0,0.0,0.0,0.0,0.0,0.0,0.0,0.0,0.0,0.0,0.0,nan,nan,4.30962912555291,2.880531351955301,nan,0.3567,0.1178,0.0,0.0,0.0,0.0,0.0,0.0,0.0007194244604316547,0.0030957052539786352,1.0900370612600829e-05,0.002267277087420972,0.005929801613254851,0.0021146718988445607,0.002550686723348594,0.0035426204490952694,0.002332679311096577,0.007989971659036407,0.00829518203618923,0.03482668410725965,0.004131240462175714,0.006278613472858077,0.012938739917157183,0.005908000872029649,0.017200784826684107,0.036897754523653806,0.02739263134946588,0.03333333333333333,0.02277087420972313,0.0249945498146937,0.03858731196860693,0.03295182036189231,0.021909744931327666,0.03245040331371267,0.020416394157401353,0.029234793982995423,0.021877043819489864,0.05021800741225202,0.05516677567037279,0.016241552212775234,0.048016132548506646,0.010736865053411817,0.02076520601700458,0.021746239372138654,0.02485284499672989,0.025572269457161543,0.01950076302594288,0.022313058643993897,0.03759537824286026,0.024253324613036843,0.021223021582733814,0.03372574667538696,0.01871593634183562,0.013211249182472204,0.0007957270547198605,0.003629823413996076,0.005286679747111402,0.005951602354480052,0.00040331371266623064,0.010834968388925224,0.004981469369958578,0.00031611074776542405,0.004436450839328537,0.005831698277741443,0.017833006322214955,0.0014824504033137127,0.00025070852408981905,0.005308480488336604,0.0009592326139088729,0.0004251144538914323,0.0,0.003117505995203837,0.0009374318726836713,0.0,0.0,0.00041421408327883146,0.0,0.0,0.0,0.0,0.0,0.0,0.0,0.0,0.0,0.0,0.0,0.0,0.0,0.0,0.0,0.0,0.0,0.0,0.0,0.0,0.0,0.0,0.0,0.0,0.0,0.0,0.0,nan,nan,4.30962912555291,2.880531351955301,nan,0.915757983394816,0.02261197926620944,0.0,0.0,0.0,0.0,0.0,0.0,0.0,0.0,0.0,0.0,0.0,0.0,0.0,0.0,0.0,0.0,0.0,0.0,0.0,0.0,0.0,0.0,0.0,0.0,0.012658227848101269,0.518987341772152,6.506329113924052,16.329113924050635,6.291139240506331,0.3417721518987343,0.915799209326304,0.022972537540132152,0.0,0.0,0.0,0.0,0.0,0.0,0.0,0.0,0.0,0.0,0.0,0.0,0.0,0.0,0.0,0.0,0.0,0.0,0.0,0.0,0.0,0.0,0.0,0.0,0.0,0.5412719891745603,6.779431664411368,15.913396481732073,6.4005412719891766,0.3653585926928282,0.3562,0.02138,0.0,0.0,0.0,0.0,0.0,0.0,0.0,0.0,0.050632911392405076,4.379746835443039,16.126582278481017,8.835443037974672,0.6075949367088609,0.0,0.0,0.0,0.0,0.0,0.0,0.0,0.0,0.0,0.0,0.0,0.0,0.0,0.0,0.0,0.0,0.0,0.3572,0.02162,0.0,0.0,0.0,0.0,0.0,0.0,0.0,0.0,0.06765899864682004,3.9242219215155623,15.83220568335589,9.418132611637335,0.7577807848443845,0.0,0.0,0.0,0.0,0.0,0.0,0.0,0.0,0.0,0.0,0.0,0.0,0.0,0.0,0.0,0.0,0.0
91600,4326,2233,0.5161812297734628,1032,874,0.4405917706888581,1205,0.5570966250577901,0.43,2.9713330148112758,3.087378555568459,6.574789915966386,2.1737246231704015,9312.2882342974,1412.8557926896783,7853.0,10749.371408462524,10680.085043247003,17.14323297443263,7853.0,0.0,28.34026814609339,21.10730967688383,33.23013698630137,19.350541990437904,0.1384650947757744,0.09523809523809523,0.09315765141007859,0.0892279241793805,0.08067498844197873,0.07165973185390662,0.07142857142857142,0.0638002773925104,0.052704576976421634,0.052011095700416086,0.04738788719371244,0.045307443365695796,0.032362459546925564,0.028895053166897826,0.018030513176144243,0.012251502542764678,0.007397133610725843,0.9157176698406041,0.02300693370141261,0.0,0.0,0.0,0.0,0.0,0.0,0.0,0.0,0.0,0.0,0.0,0.0,0.0,0.0,0.0,0.0,0.0,0.0,0.0,0.0,0.0,0.0,0.0,0.0,0.01386962552011096,0.5409153952843274,6.789181692094315,15.887656033287104,6.338418862690709,0.42995839112343975,4.249376558603491,2.8712694486715797,nan,nan,nan,4.197443181818182,2.8813061761747227,4.301644031451036,2.8601806701417503,1.024824838626575,0.3564,0.0217,0.0,0.0,0.0,0.0,0.0,0.0,0.0,0.0,0.14563106796116507,4.056865464632455,16.088765603328714,9.070735090152553,0.6380027739251041,0.0,0.0,0.0,0.0,0.0,0.0,0.0,0.0,0.0,0.0,0.0,0.0,0.0,0.0,0.0,0.0,0.0,nan,nan,4.249376558603491,2.8712694486715797,nan,0.3564,0.1171,0.0,0.0,0.0,0.0,0.0,0.0,0.0008090614886731392,0.0029472954230235784,0.0,0.001664355062413315,0.005813684697179843,0.0021613499768839573,0.0031322237632917245,0.0038257050392972725,0.0025889967637540453,0.007963476652797041,0.007917244567730004,0.033217753120665744,0.0039875173370319,0.005859916782246879,0.013707813222376328,0.007246879334257975,0.016770688858067498,0.03697411003236246,0.024676375404530743,0.03378409616273694,0.022306981044845124,0.02554322699953768,0.039667128987517335,0.033287101248266296,0.020550161812297733,0.03491678224687934,0.018388811835413778,0.030767452612112806,0.022919556171983355,0.049699491447064266,0.054912159038372634,0.018793342579750346,0.048185390661118814,0.010957004160887657,0.019498381877022655,0.021994914470642626,0.026421636615811372,0.02726537216828479,0.017880258899676375,0.023046694405917705,0.03546000924641701,0.024953767914932964,0.02317383263985206,0.0327207582061951,0.016458622283865004,0.012124364308830328,0.0006934812760055479,0.003259361997226075,0.005674988441978733,0.006183541377716135,0.0005547850208044383,0.011812297734627832,0.00478502080443828,0.00034674063800277393,0.004311141932501155,0.0053166897827092,0.017984281091077206,0.001502542764678687,3.467406380027739e-05,0.004750346740638003,0.0012598243180767452,0.00017337031900138697,0.0,0.0032246879334257975,0.0009477577438742487,0.0,0.0,0.00024271844660194174,0.0,0.0,0.0,0.0,0.0,0.0,0.0,0.0,0.0,0.0,0.0,0.0,0.0,0.0,0.0,0.0,0.0,0.0,0.0,0.0,0.0,0.0,0.0,0.0,0.0,0.0,0.0,nan,nan,4.249376558603491,2.8712694486715797,nan,0.9155638435204041,0.022563447149448242,0.0,0.0,0.0,0.0,0.0,0.0,0.0,0.0,0.0,0.0,0.0,0.0,0.0,0.0,0.0,0.0,0.0,0.0,0.0,0.0,0.0,0.0,0.0,0.0,0.0,0.5105239587998209,6.986117330944919,15.879982086878641,6.274070756829379,0.34930586654724594,0.9158817855467708,0.02346973582381426,0.0,0.0,0.0,0.0,0.0,0.0,0.0,0.0,0.0,0.0,0.0,0.0,0.0,0.0,0.0,0.0,0.0,0.0,0.0,0.0,0.0,0.0,0.0,0.0,0.028666985188724327,0.5733397037744865,6.579073100812233,15.895843287147638,6.407071189679887,0.5160057333970378,0.3572,0.02155,0.0,0.0,0.0,0.0,0.0,0.0,0.0,0.0,0.1343484102104792,3.6408419167039865,16.484549932825797,9.014778325123139,0.7254814151365877,0.0,0.0,0.0,0.0,0.0,0.0,0.0,0.0,0.0,0.0,0.0,0.0,0.0,0.0,0.0,0.0,0.0,0.3557,0.02184,0.0,0.0,0.0,0.0,0.0,0.0,0.0,0.0,0.15766841853798377,4.500716674629719,15.666507405637844,9.130434782608681,0.5446727185857622,0.0,0.0,0.0,0.0,0.0,0.0,0.0,0.0,0.0,0.0,0.0,0.0,0.0,0.0,0.0,0.0,0.0
91700,4351,2236,0.5139048494598942,1021,880,0.4369110549299012,1192,0.5479200183865778,0.434,2.9730496453900708,3.1501032914722527,6.678451178451178,2.151494733361854,9305.21683803544,1412.4344281041538,7853.0,10752.08097743988,10678.847702277368,17.70781184852836,7853.0,0.0,28.039071477821192,20.959446664212155,32.90854490854491,19.267321874207198,0.13491151459434614,0.10043668122270742,0.0983681912204091,0.08986439898873821,0.07745345897494829,0.07561480119512756,0.06849000229832222,0.060445874511606525,0.05722822339692025,0.051712250057458053,0.04481728338313031,0.043208457825787173,0.033095840036773155,0.030337853367042058,0.01677775224086417,0.01011261778901402,0.007124798896805332,0.9155225476926016,0.02288801427536463,0.0,0.0,0.0,0.0,0.0,0.0,0.0,0.0,0.0,0.0,0.0,0.0,0.0,0.0,0.0,0.0,0.0,0.0,0.0,0.0,0.0,0.0,0.0,0.0,0.0,0.5378074005975639,6.805332107561481,15.989427717766034,6.315789473684212,0.35164330039071484,4.30863309352518,2.9023181509876377,nan,nan,nan,4.284692417739628,2.9058537459171405,4.335264301230992,2.898196976084762,1.0118029203874668,0.356,0.02184,0.0,0.0,0.0,0.0,0.0,0.0,0.0,0.0,0.2275339002528155,4.281774304757528,15.858423350953807,9.004826476672015,0.6205470006894968,0.006894966674327743,0.0,0.0,0.0,0.0,0.0,0.0,0.0,0.0,0.0,0.0,0.0,0.0,0.0,0.0,0.0,0.0,nan,nan,4.30863309352518,2.9023181509876377,nan,0.356,0.11755,0.0,0.0,0.0,0.0,0.0,0.0,0.0007354631119282924,0.003562399448402666,3.44748333716387e-05,0.0013100436681222707,0.004918409561020455,0.0022638473914042747,0.003665823948517582,0.003332567225925075,0.0022983222247759134,0.008273960009193289,0.008078602620087336,0.03654332337393702,0.003378533670420593,0.005722822339692025,0.013422201792691336,0.007101815674557573,0.016697310962997012,0.037382210985980234,0.02343139508159044,0.03401516892668352,0.023040680303378535,0.02771776603079752,0.04015168926683521,0.033854286370949206,0.019248448632498277,0.035692944150769935,0.01834061135371179,0.02898184325442427,0.022328200413698,0.048712939554125485,0.05437830383819812,0.016053780740059757,0.050907837278786484,0.011755918179728798,0.02153527924615031,0.021420363134911514,0.025568834750632038,0.026200873362445413,0.016559411629510457,0.02266145713629051,0.03668122270742358,0.025856125028729027,0.02320156285911285,0.03241783498046426,0.016582394851758216,0.010917030567685589,0.0005171225005745806,0.003298092392553436,0.005550448172833831,0.007078832452309814,0.000769937945299931,0.010227533900252815,0.0044472535049413925,0.0002987818892208688,0.004182946449092163,0.005021834061135371,0.018811767409790854,0.0015513675017237417,0.0001493909446104344,0.00479200183865778,0.0014249597793610665,2.2983222247759137e-05,3.44748333716387e-05,0.003435991726039991,0.001114686279016318,0.0,0.0,0.00033325672259250746,0.0,0.0,0.0,0.0,0.0,0.0,0.0,0.0,0.0,0.0,0.0,0.0,0.0,0.0,0.0,0.0,0.0,0.0,0.0,0.0,0.0,0.0,0.0,0.0,0.0,0.0,0.0,nan,nan,4.30863309352518,2.9023181509876377,nan,0.9145781203757885,0.0231023029996091,0.0,0.0,0.0,0.0,0.0,0.0,0.0,0.0,0.0,0.0,0.0,0.0,0.0,0.0,0.0,0.0,0.0,0.0,0.0,0.0,0.0,0.0,0.0,0.0,0.0,0.6440071556350627,7.084078711985691,16.153846153846157,5.742397137745977,0.37567084078712,0.9165210060757666,0.022616416166545077,0.0,0.0,0.0,0.0,0.0,0.0,0.0,0.0,0.0,0.0,0.0,0.0,0.0,0.0,0.0,0.0,0.0,0.0,0.0,0.0,0.0,0.0,0.0,0.0,0.0,0.42553191489361714,6.510638297872342,15.815602836879435,6.921985815602839,0.3262411347517731,0.356,0.02144,0.0,0.0,0.0,0.0,0.0,0.0,0.0,0.0,0.2280858676207514,4.105545617173525,16.220930232558143,8.881932021466891,0.5635062611806799,0.0,0.0,0.0,0.0,0.0,0.0,0.0,0.0,0.0,0.0,0.0,0.0,0.0,0.0,0.0,0.0,0.0,0.3562,0.02223,0.0,0.0,0.0,0.0,0.0,0.0,0.0,0.0,0.22695035460992913,4.468085106382979,15.475177304964543,9.134751773049631,0.6808510638297873,0.01418439716312057,0.0,0.0,0.0,0.0,0.0,0.0,0.0,0.0,0.0,0.0,0.0,0.0,0.0,0.0,0.0,0.0
91800,4535,2350,0.5181918412348401,1104,878,0.437045203969129,1250,0.5512679162072768,0.414,2.930892448512586,3.061128907366913,6.4281200631911535,2.1407722775929674,9317.637960010012,1412.3414125681338,7853.0,10734.921694755554,10679.439637721447,17.672184384414333,7853.0,0.0,28.29151047409041,21.040249259411862,33.308035714285715,19.225549749185024,0.13980154355016539,0.09812568908489526,0.09128996692392503,0.08533627342888644,0.07651598676957001,0.08180815876515987,0.06350606394707828,0.06152149944873209,0.058213891951488426,0.056670341786108046,0.04895259095920618,0.03638368246968027,0.036824696802646086,0.02778390297684675,0.020948180815876516,0.011466372657111356,0.0048511576626240355,0.915522494061122,0.02305926625379622,0.0,0.0,0.0,0.0,0.0,0.0,0.0,0.0,0.0,0.0,0.0,0.0,0.0,0.0,0.0,0.0,0.0,0.0,0.0,0.0,0.0,0.0,0.0,0.0,0.0,0.5689084895259097,7.018743109151049,15.777287761852264,6.310915104740905,0.3241455347298788,4.313269493844049,2.8724030764377444,nan,nan,nan,4.258503401360544,2.891668622103241,4.368638239339752,2.851724291212373,1.0258623341580568,0.3555,0.02153,0.0,0.0,0.0,0.0,0.0,0.0,0.0,0.0,0.19184123484013235,4.352811466372658,16.002205071664832,8.990077177508256,0.46306504961411254,0.0,0.0,0.0,0.0,0.0,0.0,0.0,0.0,0.0,0.0,0.0,0.0,0.0,0.0,0.0,0.0,0.0,nan,nan,4.313269493844049,2.8724030764377444,nan,0.3555,0.11755,0.0,0.0,0.0,0.0,0.0,0.0,0.0007938257993384785,0.0037927232635060638,0.0,0.0018522601984564497,0.004178610804851158,0.002205071664829107,0.004343991179713341,0.004046306504961412,0.0024366041896361633,0.007453142227122381,0.007651598676957001,0.03513781697905182,0.003461962513781698,0.00659316427783903,0.01227122381477398,0.006527012127894157,0.01730981256890849,0.03835722160970231,0.02212789415656009,0.03332965821389195,0.024035281146637267,0.029448732083792725,0.040077177508269016,0.03313120176405733,0.01914002205071665,0.03626240352811466,0.019536934950385887,0.03145534729878721,0.023186328555678058,0.045887541345093714,0.05812568908489526,0.014807056229327454,0.05380374862183021,0.012216097023153252,0.020639470782800443,0.021543550165380374,0.025170893054024257,0.023153252480705624,0.015887541345093716,0.02079382579933848,0.03664829106945976,0.023197353914002204,0.02582138919514884,0.02906284454244763,0.018180815876515988,0.010992282249173098,0.000661521499448732,0.0031642778390297685,0.004299889746416759,0.008136714443219405,0.0006835722160970231,0.009933847850055126,0.004807056229327453,0.00020948180815876516,0.00412348401323043,0.005270121278941566,0.019261300992282248,0.002205071664829107,4.410143329658214e-05,0.0045534729878721055,0.0014112458654906284,0.00012127894156560088,0.00024255788313120176,0.0034288864388092614,0.0009261300992282249,0.0,0.0,0.0004410143329658214,0.0,0.0,0.0,0.0,0.0,0.0,0.0,0.0,0.0,0.0,0.0,0.0,0.0,0.0,0.0,0.0,0.0,0.0,0.0,0.0,0.0,0.0,0.0,0.0,0.0,0.0,0.0,nan,nan,4.313269493844049,2.8724030764377444,nan,0.9157780249068077,0.023462332082495797,0.0,0.0,0.0,0.0,0.0,0.0,0.0,0.0,0.0,0.0,0.0,0.0,0.0,0.0,0.0,0.0,0.0,0.0,0.0,0.0,0.0,0.0,0.0,0.0,0.0,0.6382978723404257,6.765957446808512,15.638297872340429,6.600000000000001,0.35744680851063837,0.915247666835785,0.022614524916617047,0.0,0.0,0.0,0.0,0.0,0.0,0.0,0.0,0.0,0.0,0.0,0.0,0.0,0.0,0.0,0.0,0.0,0.0,0.0,0.0,0.0,0.0,0.0,0.0,0.0,0.4942791762013731,7.290617848970253,15.926773455377578,6.000000000000002,0.288329519450801,0.3557,0.02151,0.0,0.0,0.0,0.0,0.0,0.0,0.0,0.0,0.21702127659574472,4.187234042553192,16.008510638297874,9.165957446808497,0.42127659574468096,0.0,0.0,0.0,0.0,0.0,0.0,0.0,0.0,0.0,0.0,0.0,0.0,0.0,0.0,0.0,0.0,0.0,0.3555,0.02153,0.0,0.0,0.0,0.0,0.0,0.0,0.0,0.0,0.1647597254004577,4.530892448512587,15.995423340961102,8.800915331807767,0.5080091533180779,0.0,0.0,0.0,0.0,0.0,0.0,0.0,0.0,0.0,0.0,0.0,0.0,0.0,0.0,0.0,0.0,0.0
91900,4573,2330,0.5095123551279248,1076,951,0.44325388147824185,1305,0.5707413076754866,0.418,3.064645563976817,3.188226949316696,6.760252365930599,2.180194171171136,9293.272605716153,1413.1815622198387,7853.0,10732.017599225044,10679.766792248913,17.302325398583474,7853.0,0.0,27.537284058604854,20.683207640510236,32.392085394428534,19.01245511408879,0.13929586704570304,0.10583861797507108,0.09206210365186968,0.08550185873605948,0.08528318390553247,0.08003498797288432,0.068882571616007,0.05947955390334572,0.05138858517384649,0.05729280559807566,0.04876448720752241,0.03826809534222611,0.02973977695167286,0.024710255849551718,0.015307238136890444,0.011589766017931337,0.0065602449158101905,0.9161911092856612,0.022508966943416024,0.0,0.0,0.0,0.0,0.0,0.0,0.0,0.0,0.0,0.0,0.0,0.0,0.0,0.0,0.0,0.0,0.0,0.0,0.0,0.0,0.0,0.0,0.0,0.0,0.006560244915810191,0.34113273562213,6.671769079378965,16.295648370872517,6.297835119177784,0.3870544500328013,4.445247933884297,2.9525222922422096,nan,nan,nan,4.528511821974965,2.96295287147244,4.366552901023891,2.938756103339437,0.9642357296794156,0.355,0.02142,0.0,0.0,0.0,0.0,0.0,0.0,0.0,0.0,0.21648808222173632,4.572490706319703,16.03979881915592,8.830089656680503,0.34113273562213,0.0,0.0,0.0,0.0,0.0,0.0,0.0,0.0,0.0,0.0,0.0,0.0,0.0,0.0,0.0,0.0,0.0,nan,nan,4.445247933884297,2.9525222922422096,nan,0.355,0.1179,0.0,1.0933741526350318e-05,0.0,0.0,0.0,0.0,0.0014104526568991908,0.004067351847802318,0.0,0.0016509949704788978,0.004810846271594139,0.002143013339164662,0.004624972665646184,0.004176689263065821,0.001935272250164006,0.008123769954078286,0.007664552809971572,0.034331948392739994,0.0037502733435381586,0.0058823529411764705,0.01345943581893724,0.005084189809752898,0.019527662366061665,0.037994751804067355,0.021976820467964137,0.03333697791384212,0.024633719658867265,0.02858080034987973,0.041417012901815,0.03167504920183687,0.01786573365405642,0.03661710037174721,0.019177782637218456,0.030811283621255195,0.023999562650338944,0.04427071944019243,0.06031051825934835,0.015547780450470151,0.054209490487644875,0.01104307894161382,0.021277061010277716,0.02303739339602012,0.023267001968073475,0.025420949048764487,0.01449814126394052,0.020227421823748086,0.03588453968948174,0.022632844959545158,0.026306582112398863,0.027859173409140608,0.01837961950579488,0.010649464246665208,0.000863765580581675,0.0026350317078504266,0.005040454843647496,0.008670457030395802,0.00047015088563306365,0.009610758801661928,0.004799912530067789,0.000448283402580363,0.004373496610540126,0.005499671987754209,0.019243385086376557,0.0023835556527443693,0.00010933741526350318,0.0037393396020118084,0.0010605729280559807,8.746993221080254e-05,0.0002733435381587579,0.004165755521539471,0.0006778919746337197,0.0,0.0,0.00028427727968510823,0.0,0.0,0.0,0.0,0.0,0.0,0.0,0.0,0.0,0.0,0.0,0.0,0.0,0.0,0.0,0.0,0.0,0.0,0.0,0.0,0.0,0.0,0.0,0.0,0.0,0.0,0.0,nan,nan,4.445247933884297,2.9525222922422096,nan,0.9165652351062186,0.022586343246461575,0.0,0.0,0.0,0.0,0.0,0.0,0.0,0.0,0.0,0.0,0.0,0.0,0.0,0.0,0.0,0.0,0.0,0.0,0.0,0.0,0.0,0.0,0.0,0.0,0.012875536480686699,0.3090128755364807,6.373390557939916,16.60944206008584,6.231759656652362,0.4635193133047211,0.9158024721203029,0.022421697202548614,0.0,0.0,0.0,0.0,0.0,0.0,0.0,0.0,0.0,0.0,0.0,0.0,0.0,0.0,0.0,0.0,0.0,0.0,0.0,0.0,0.0,0.0,0.0,0.0,0.0,0.37449843958983514,6.981720909496212,15.969683459652254,6.366473473027197,0.3076237182345074,0.3555,0.02144,0.0,0.0,0.0,0.0,0.0,0.0,0.0,0.0,0.1802575107296138,4.4935622317596575,15.669527896995712,9.29613733905578,0.3605150214592276,0.0,0.0,0.0,0.0,0.0,0.0,0.0,0.0,0.0,0.0,0.0,0.0,0.0,0.0,0.0,0.0,0.0,0.3542,0.02136,0.0,0.0,0.0,0.0,0.0,0.0,0.0,0.0,0.2541239411502453,4.654480606330808,16.424431564868485,8.345965225144884,0.32099866250557296,0.0,0.0,0.0,0.0,0.0,0.0,0.0,0.0,0.0,0.0,0.0,0.0,0.0,0.0,0.0,0.0,0.0
92000,4800,2456,0.5116666666666667,1131,979,0.4395833333333333,1352,0.5633333333333334,0.414,2.944965870307167,3.095735024211874,6.534456355283308,2.1971981085783234,9299.147489380886,1412.8429739461178,7853.0,10743.660992503166,10679.34688478349,17.313653124839995,7853.0,0.0,28.173958333333335,21.052255148358746,33.35355805243446,19.198063272311575,0.14354166666666668,0.09604166666666666,0.08791666666666667,0.09041666666666667,0.08020833333333334,0.06833333333333333,0.07416666666666667,0.065625,0.05229166666666667,0.054375,0.04729166666666667,0.04125,0.034375,0.023958333333333335,0.023333333333333334,0.010833333333333334,0.0060416666666666665,0.916761770285666,0.022872945006819755,0.0,0.0,0.0,0.0,0.0,0.0,0.0,0.0,0.0,0.0,0.0,0.0,0.0,0.0,0.0,0.0,0.0,0.0,0.0,0.0,0.0,0.0,0.0,0.0,0.006250000000000001,0.4062500000000001,6.400000000000001,16.206250000000004,6.475000000000001,0.5062500000000001,4.291020671834626,2.8928311985392314,nan,nan,nan,4.3683536194746955,2.9319854271528274,4.212377850162866,2.850311694578692,0.9642941522370193,0.3547,0.02144,0.0,0.0,0.0,0.0,0.0,0.0,0.0,0.0,0.15625000000000003,4.7250000000000005,16.13125,8.612499999999988,0.3750000000000001,0.0,0.0,0.0,0.0,0.0,0.0,0.0,0.0,0.0,0.0,0.0,0.0,0.0,0.0,0.0,0.0,0.0,nan,nan,4.291020671834626,2.8928311985392314,nan,0.3547,0.11816,0.0,0.0,0.0,0.0,8.333333333333333e-05,0.0,0.0015208333333333332,0.004875,0.0,0.0017291666666666666,0.004510416666666667,0.0021354166666666665,0.0040625,0.0039375,0.0026666666666666666,0.007729166666666666,0.0077395833333333336,0.03517708333333333,0.0035208333333333333,0.005447916666666667,0.012135416666666666,0.0037708333333333335,0.020833333333333332,0.03761458333333333,0.022541666666666668,0.035895833333333335,0.023010416666666665,0.027895833333333335,0.04159375,0.031885416666666666,0.017385416666666667,0.03773958333333333,0.018020833333333333,0.03109375,0.0243125,0.044041666666666666,0.06085416666666667,0.016572916666666666,0.05583333333333333,0.0113125,0.020895833333333332,0.024739583333333332,0.021729166666666667,0.024760416666666667,0.015697916666666666,0.018260416666666668,0.035041666666666665,0.02321875,0.02660416666666667,0.026260416666666668,0.01790625,0.010333333333333333,0.00084375,0.0023125,0.00496875,0.008385416666666666,0.0003333333333333333,0.009510416666666667,0.0055,0.0005,0.004552083333333333,0.006145833333333333,0.018041666666666668,0.00328125,0.00013541666666666666,0.0040104166666666665,0.0005208333333333333,8.333333333333333e-05,0.00020833333333333335,0.0045625,0.0006666666666666666,0.0,0.0,0.0005104166666666666,0.0,0.0,0.0,0.0,0.0,0.0,0.0,0.0,0.0,0.0,0.0,0.0,0.0,0.0,0.0,0.0,0.0,0.0,0.0,0.0,0.0,0.0,0.0,0.0,0.0,0.0,0.0,nan,nan,4.291020671834626,2.8928311985392314,nan,0.9169144473654439,0.022710503485446197,0.0,0.0,0.0,0.0,0.0,0.0,0.0,0.0,0.0,0.0,0.0,0.0,0.0,0.0,0.0,0.0,0.0,0.0,0.0,0.0,0.0,0.0,0.0,0.0,0.012214983713355053,0.3542345276872965,6.4128664495114025,16.087133550488602,6.6693811074918585,0.46416938110749195,0.9166017980553184,0.023040834367486836,0.0,0.0,0.0,0.0,0.0,0.0,0.0,0.0,0.0,0.0,0.0,0.0,0.0,0.0,0.0,0.0,0.0,0.0,0.0,0.0,0.0,0.0,0.0,0.0,0.0,0.4607508532423209,6.386518771331059,16.33105802047782,6.271331058020479,0.5503412969283278,0.3545,0.0214,0.0,0.0,0.0,0.0,0.0,0.0,0.0,0.0,0.1465798045602606,4.81270358306189,16.282573289902285,8.342833876221487,0.41530944625407173,0.0,0.0,0.0,0.0,0.0,0.0,0.0,0.0,0.0,0.0,0.0,0.0,0.0,0.0,0.0,0.0,0.0,0.355,0.02147,0.0,0.0,0.0,0.0,0.0,0.0,0.0,0.0,0.16638225255972702,4.633105802047782,15.972696245733792,8.895051194539237,0.33276450511945405,0.0,0.0,0.0,0.0,0.0,0.0,0.0,0.0,0.0,0.0,0.0,0.0,0.0,0.0,0.0,0.0,0.0
92100,4810,2507,0.5212058212058212,1149,958,0.43804573804573804,1323,0.5501039501039501,0.41,2.9027355623100304,3.0597049717405027,6.459968602825746,2.1078567236928234,9326.503424907822,1412.335421391371,7853.0,10734.04914855957,10680.104696372804,17.257881053761835,7853.0,0.0,27.65738045738046,20.83976769213901,32.66509316770186,19.09855801255743,0.14511434511434512,0.10207900207900208,0.09293139293139294,0.08170478170478171,0.08212058212058213,0.07588357588357589,0.06860706860706861,0.06091476091476092,0.0604989604989605,0.05488565488565489,0.043243243243243246,0.03991683991683992,0.031185031185031187,0.026611226611226613,0.01683991683991684,0.011434511434511435,0.0060291060291060294,0.9177652423322324,0.023308029521331486,0.0,0.0,0.0,0.0,0.0,0.0,0.0,0.0,0.0,0.0,0.0,0.0,0.0,0.0,0.0,0.0,0.0,0.0,0.0,0.0,0.0,0.0,0.0,0.0,0.006237006237006238,0.44906444906444914,6.16839916839917,15.779625779625782,7.116424116424118,0.48024948024948033,4.257208387942333,2.855353632988128,nan,nan,nan,4.252638522427441,2.855610531542492,4.26171875,2.855092884519131,1.0021351985419573,0.3538,0.02104,0.0,0.0,0.0,0.0,0.0,0.0,0.0,0.0,0.2120582120582121,4.740124740124741,16.690228690228693,8.014553014553002,0.3430353430353431,0.0,0.0,0.0,0.0,0.0,0.0,0.0,0.0,0.0,0.0,0.0,0.0,0.0,0.0,0.0,0.0,0.0,nan,nan,4.257208387942333,2.855353632988128,nan,0.3538,0.1183,0.0,0.0,0.0,0.0,2.079002079002079e-05,3.118503118503119e-05,0.0020374220374220374,0.004386694386694387,0.0,0.0016632016632016633,0.005696465696465696,0.0018503118503118503,0.0042203742203742204,0.0032224532224532226,0.002661122661122661,0.007058212058212058,0.008108108108108109,0.03477130977130977,0.003336798336798337,0.005831600831600832,0.011808731808731808,0.0034927234927234927,0.02128898128898129,0.03924116424116424,0.024126819126819125,0.036185031185031184,0.023471933471933472,0.02787941787941788,0.04254677754677755,0.032983367983367984,0.016517671517671518,0.03937629937629938,0.01717255717255717,0.03397089397089397,0.022765072765072766,0.043503118503118506,0.059573804573804574,0.017993762993762995,0.05111226611226611,0.013056133056133056,0.019417879417879418,0.025883575883575885,0.021018711018711018,0.023440748440748442,0.014677754677754678,0.01757796257796258,0.034563409563409565,0.024708939708939708,0.027037422037422036,0.02663201663201663,0.019334719334719336,0.00971933471933472,0.0004677754677754678,0.0016735966735966735,0.003991683991683992,0.009126819126819128,0.00014553014553014552,0.00843035343035343,0.004875259875259875,0.000550935550935551,0.004511434511434512,0.005883575883575884,0.018804573804573805,0.0029002079002079,0.0002079002079002079,0.005363825363825364,0.0007172557172557173,0.0,0.00012474012474012475,0.00420997920997921,0.00030145530145530143,0.0,0.0,0.000738045738045738,0.0,0.0,0.0,0.0,0.0,0.0,0.0,0.0,0.0,0.0,0.0,0.0,0.0,0.0,0.0,0.0,0.0,0.0,0.0,0.0,0.0,0.0,0.0,0.0,0.0,0.0,0.0,nan,nan,4.257208387942333,2.855353632988128,nan,0.918403125874398,0.023182364655739193,0.0,0.0,0.0,0.0,0.0,0.0,0.0,0.0,0.0,0.0,0.0,0.0,0.0,0.0,0.0,0.0,0.0,0.0,0.0,0.0,0.0,0.0,0.0,0.0,0.011966493817311531,0.382927802153969,5.947347427203831,15.616274431591547,7.598723573992822,0.44276027124052664,0.9170708549938873,0.023424321565778082,0.0,0.0,0.0,0.0,0.0,0.0,0.0,0.0,0.0,0.0,0.0,0.0,0.0,0.0,0.0,0.0,0.0,0.0,0.0,0.0,0.0,0.0,0.0,0.0,0.0,0.5210594876248372,6.409031697785498,15.95744680851064,6.591402518454192,0.5210594876248372,0.3542,0.02095,0.0,0.0,0.0,0.0,0.0,0.0,0.0,0.0,0.22736338252891908,4.595133625847628,16.609493418428404,8.209014758675696,0.3589948145193459,0.0,0.0,0.0,0.0,0.0,0.0,0.0,0.0,0.0,0.0,0.0,0.0,0.0,0.0,0.0,0.0,0.0,0.3533,0.02113,0.0,0.0,0.0,0.0,0.0,0.0,0.0,0.0,0.195397307859314,4.89795918367347,16.77811550151976,7.802865827181925,0.3256621797655233,0.0,0.0,0.0,0.0,0.0,0.0,0.0,0.0,0.0,0.0,0.0,0.0,0.0,0.0,0.0,0.0,0.0
92200,4788,2545,0.5315371762740184,1201,921,0.44319131161236425,1335,0.5576441102756893,0.426,3.0909496210432454,3.0858894105254957,6.447521865889213,2.0566364127064336,9355.489817577545,1410.586688549208,7853.0,10740.864710450172,10679.688112597756,17.368778320569053,7853.0,0.0,28.964285714285715,21.132735284310215,33.68155053974485,19.349191967217816,0.12844611528822056,0.0960735171261487,0.09461152882205513,0.08124477861319966,0.08249791144527986,0.07477025898078529,0.06223893065998329,0.06537176274018379,0.060568086883876354,0.055973266499582286,0.05137844611528822,0.04365079365079365,0.038011695906432746,0.02756892230576441,0.01984126984126984,0.010025062656641603,0.007727652464494569,0.9178750116499445,0.02288934789160168,0.0,0.0,0.0,0.0,0.0,0.0,0.0,0.0,0.0,0.0,0.0,0.0,0.0,0.0,0.0,0.0,0.0,0.0,0.0,0.0,0.0,0.0,0.0,0.0,0.0,0.3383458646616542,6.228070175438598,15.783208020050129,7.2055137844611545,0.4448621553884713,4.246670894102727,2.867839849791923,nan,nan,nan,4.236525047558656,2.8758694924343593,4.256816740646798,2.8597516665246063,1.0047897021403982,0.3538,0.02158,0.0,0.0,0.0,0.0,0.0,0.0,0.0,0.0,0.21303258145363413,5.018796992481204,16.42857142857143,7.938596491228058,0.40100250626566425,0.0,0.0,0.0,0.0,0.0,0.0,0.0,0.0,0.0,0.0,0.0,0.0,0.0,0.0,0.0,0.0,0.0,nan,nan,4.246670894102727,2.867839849791923,nan,0.3538,0.1193,0.0,0.0,0.0,0.0,7.309941520467836e-05,4.177109440267335e-05,0.0025584795321637425,0.004511278195488722,0.0,0.001858813700918964,0.006129908103592314,0.0017439431913116124,0.0036027568922305762,0.0024853801169590645,0.002328738512949039,0.007696324143692565,0.009085213032581453,0.03712406015037594,0.0037907268170426067,0.005753968253968254,0.011977861319966584,0.00427109440267335,0.0202172096908939,0.03683166248955723,0.02212823725981621,0.03508771929824561,0.02300543024227235,0.030179615705931494,0.04405806182121971,0.03315580618212197,0.01620718462823726,0.041353383458646614,0.018368838763575604,0.03504594820384294,0.021136173767752717,0.04421470342522974,0.058155806182121975,0.016426482873851296,0.04846491228070175,0.014160401002506266,0.018222639933166248,0.025417710944026735,0.02118838763575606,0.023339598997493733,0.013450292397660818,0.017032163742690058,0.03285296574770259,0.024906015037593984,0.027422723475355053,0.027850877192982456,0.020206766917293232,0.010682957393483709,0.0005325814536340852,0.001952798663324979,0.0033834586466165413,0.009461152882205514,0.00020885547201336674,0.008636173767752714,0.004761904761904762,0.000647451963241437,0.003905597326649958,0.0061403508771929825,0.019569757727652466,0.003122389306599833,0.0003341687552213868,0.005419799498746867,0.0006578947368421052,1.0442773600668338e-05,0.00010442773600668337,0.003947368421052632,0.00027151211361737675,0.0,0.0,0.0011278195488721805,0.0,0.0,0.0,0.0,0.0,0.0,0.0,0.0,0.0,0.0,0.0,0.0,0.0,0.0,0.0,0.0,0.0,0.0,0.0,0.0,0.0,0.0,0.0,0.0,0.0,0.0,0.0,nan,nan,4.246670894102727,2.867839849791923,nan,0.9180523198339466,0.022723019864772123,0.0,0.0,0.0,0.0,0.0,0.0,0.0,0.0,0.0,0.0,0.0,0.0,0.0,0.0,0.0,0.0,0.0,0.0,0.0,0.0,0.0,0.0,0.0,0.0,0.0,0.3536345776031435,6.023575638506878,16.00785854616896,7.202357563850689,0.41257367387033406,0.9176738304960053,0.02307496884847323,0.0,0.0,0.0,0.0,0.0,0.0,0.0,0.0,0.0,0.0,0.0,0.0,0.0,0.0,0.0,0.0,0.0,0.0,0.0,0.0,0.0,0.0,0.0,0.0,0.0,0.32099866250557296,6.460098082924656,15.528310298707092,7.209094962104326,0.48149799375835944,0.354,0.02138,0.0,0.0,0.0,0.0,0.0,0.0,0.0,0.0,0.18860510805500988,4.9744597249508855,16.444007858546172,7.968565815324154,0.4243614931237722,0.0,0.0,0.0,0.0,0.0,0.0,0.0,0.0,0.0,0.0,0.0,0.0,0.0,0.0,0.0,0.0,0.0,0.3533,0.02179,0.0,0.0,0.0,0.0,0.0,0.0,0.0,0.0,0.24074899687917972,5.06910387873384,16.411056620597417,7.904592064199721,0.37449843958983514,0.0,0.0,0.0,0.0,0.0,0.0,0.0,0.0,0.0,0.0,0.0,0.0,0.0,0.0,0.0,0.0,0.0
92300,4907,2538,0.5172202975341349,1240,985,0.45343386998165885,1362,0.555125331159568,0.426,3.015618404390038,3.1569619353860428,6.756797583081571,2.0915036044930573,9315.276316197165,1412.8113255333583,7853.0,10738.349172711372,10680.182775248028,17.88541814107309,7853.0,0.0,27.72447523945384,20.6727265815868,32.59466666666667,18.945896062634823,0.13939270429997963,0.09924597513755859,0.09537395557367026,0.08885265946606888,0.08029345832484207,0.0747911147340534,0.06582433258610149,0.07071530466680252,0.059099245975137556,0.05135520684736091,0.0456490727532097,0.03892398614224577,0.033014061544732014,0.024862441410230283,0.015691868758915834,0.009374363154676992,0.007540248624414102,0.9168139288108169,0.023132942632387167,0.0,0.0,0.0,0.0,0.0,0.0,0.0,0.0,0.0,0.0,0.0,0.0,0.0,0.0,0.0,0.0,0.0,0.0,0.0,0.0,0.0,0.0,0.0,0.0,0.012227430201752602,0.48909720807010404,6.529447727735889,15.901772977379258,6.566130018341147,0.5013246382718566,4.261475150364039,2.932609204725621,nan,nan,nan,4.283291457286432,2.9115127947939072,4.241379310344827,2.9535309756188024,0.9902149673073714,0.3557,0.02156,0.0,0.0,0.0,0.0,0.0,0.0,0.0,0.0,0.16507030772366013,4.3957611575300595,16.164662726716937,8.730385164051343,0.5441206439779908,0.0,0.0,0.0,0.0,0.0,0.0,0.0,0.0,0.0,0.0,0.0,0.0,0.0,0.0,0.0,0.0,0.0,nan,nan,4.261475150364039,2.932609204725621,nan,0.3557,0.1195,0.0,0.0,0.0,0.0,0.00011208477684939882,8.151620134501732e-05,0.002771550845730589,0.004228652944772773,0.0,0.002404727939678011,0.004198084369268392,0.0012838801711840227,0.0035357652333401265,0.003209700427960057,0.0031995109027919298,0.007917261055634808,0.009639290809048299,0.035092724679029956,0.002842877521907479,0.005573670266965559,0.013215814143060934,0.00456490727532097,0.021122885673527613,0.03394130833503159,0.022488282046056653,0.03280008151620135,0.022508661096392907,0.03202567760342368,0.042041980843692685,0.03470552272264112,0.014662726716934991,0.039667821479519055,0.017882616670063176,0.0328204605665376,0.021611982881597717,0.04544528224984716,0.058895455471775014,0.019034033014061546,0.044039127776645606,0.015569594456898308,0.01814754432443448,0.026339922559608722,0.020511514163439985,0.02531078051762788,0.01390870185449358,0.017403708987161197,0.03427756266557978,0.02427144895047891,0.026288974933768087,0.030904829834929693,0.020032606480538007,0.011880986346036274,0.0008355410637864275,0.0021805583859792134,0.004198084369268392,0.009894028938251477,5.0947625840635824e-05,0.008294273486855512,0.004676992052170369,0.0003770124312207051,0.004004483391073976,0.006419400855920114,0.019655594049317302,0.002842877521907479,0.0005604238842469941,0.005166089260240473,0.00036682290605257795,0.0,0.00010189525168127165,0.004463012023639698,0.0004075810067250866,0.0,0.0,0.0010800896678214795,0.0,1.0189525168127164e-05,0.0,0.0,0.0,0.0,0.0,0.0,0.0,0.0,0.0,0.0,0.0,0.0,0.0,0.0,0.0,0.0,0.0,0.0,0.0,0.0,0.0,0.0,0.0,0.0,0.0,nan,nan,4.261475150364039,2.932609204725621,nan,0.9168612258560175,0.023773069481688808,0.0,0.0,0.0,0.0,0.0,0.0,0.0,0.0,0.0,0.0,0.0,0.0,0.0,0.0,0.0,0.0,0.0,0.0,0.0,0.0,0.0,0.0,0.0,0.0,0.011820330969267143,0.5555555555555557,6.583924349881798,15.34278959810875,6.9858156028368805,0.5200945626477542,0.9167632576834557,0.022426776162534804,0.0,0.0,0.0,0.0,0.0,0.0,0.0,0.0,0.0,0.0,0.0,0.0,0.0,0.0,0.0,0.0,0.0,0.0,0.0,0.0,0.0,0.0,0.0,0.0,0.012663571127057833,0.4178978471929085,6.471084845926553,16.500633178556356,6.116504854368934,0.48121570282819764,0.356,0.02179,0.0,0.0,0.0,0.0,0.0,0.0,0.0,0.0,0.14184397163120568,4.456264775413712,16.016548463356976,8.758865248226938,0.6264775413711585,0.0,0.0,0.0,0.0,0.0,0.0,0.0,0.0,0.0,0.0,0.0,0.0,0.0,0.0,0.0,0.0,0.0,0.3552,0.02132,0.0,0.0,0.0,0.0,0.0,0.0,0.0,0.0,0.1899535669058675,4.330941325453779,16.323343182777545,8.699873364288717,0.455888560574082,0.0,0.0,0.0,0.0,0.0,0.0,0.0,0.0,0.0,0.0,0.0,0.0,0.0,0.0,0.0,0.0,0.0
92400,4933,2577,0.5224001621731198,1200,967,0.4392864382728563,1347,0.5461179809446585,0.422,2.988539898132428,3.1369890953860717,6.617469879518072,2.1554209291047717,9329.735890827096,1412.0523495854397,7853.0,10734.698572039604,10679.828928773793,17.55503423101585,7853.0,0.0,27.76180823028583,20.970286454444746,32.74552491533623,19.256250075224596,0.14210419622947495,0.10014190147982972,0.09608757348469492,0.08980336509223596,0.08189742550172309,0.06912629231704845,0.06912629231704845,0.06223393472531928,0.05858503952969795,0.05088181633894182,0.04317859314818569,0.04378674234745591,0.030002027163997566,0.026758564767889723,0.01804175957834989,0.010541252787350497,0.007703223190756132,0.916211483905312,0.022856179584805965,0.0,0.0,0.0,0.0,0.0,0.0,0.0,0.0,0.0,0.0,0.0,0.0,0.0,0.0,0.0,0.0,0.0,0.0,0.0,0.0,0.0,0.0,0.0,0.0,0.0,0.4439489154672614,6.744374619906752,16.030812892763027,6.373403608351917,0.40745996351104813,4.236212942301562,2.908002117960044,nan,nan,nan,4.216791979949875,2.896176501900608,4.258441558441558,2.919831459704154,1.0098770768607321,0.356,0.02145,0.0,0.0,0.0,0.0,0.0,0.0,0.0,0.0,0.10338536387593758,4.463815122643423,15.951753496857899,8.95803770525034,0.5230083113723901,0.0,0.0,0.0,0.0,0.0,0.0,0.0,0.0,0.0,0.0,0.0,0.0,0.0,0.0,0.0,0.0,0.0,nan,nan,4.236212942301562,2.908002117960044,nan,0.356,0.11914,0.0,0.0,0.0,0.0,3.0407459963511048e-05,3.0407459963511048e-05,0.0024731400770322317,0.004186093654976688,0.0,0.0023109669572268397,0.005118589093857693,0.0013277924184066491,0.0026251773768497873,0.0035678086357186297,0.0033650922359618894,0.008676261909588485,0.008433002229880398,0.03491789985809852,0.0027974863166430166,0.0049361443340766266,0.014088789783093452,0.0045104398945874724,0.02163997567403203,0.034725319278329614,0.019511453476586255,0.03299209406040949,0.023383336711939998,0.03250557470099331,0.03956010541252787,0.03547536995742956,0.013369146563957024,0.040026353131968374,0.018264747618082302,0.033204946280154066,0.020737887695114535,0.050152037299817556,0.057328197851206165,0.018497871477802554,0.04310764240827083,0.014565173322521791,0.019308737076829514,0.028278937766065274,0.02031218325562538,0.02578552604905737,0.015345631461585242,0.017028177579566185,0.033610379079667546,0.02367727549158727,0.026312588688424895,0.031654165822015,0.01843705655787553,0.011240624366511251,0.0007399148591121021,0.0022501520372998174,0.00553415771335901,0.010075005067909993,0.0001824447597810663,0.008027569430366917,0.003709710115548348,0.0004561118994526657,0.004865193594161768,0.007054530711534563,0.019420231096695724,0.0028076221366308534,0.0006182850192580579,0.004480032434623961,0.0002533954996959254,0.0,7.095073991485911e-05,0.004216501114940199,0.00047638353942833976,1.0135819987837015e-05,0.0,0.001317656598418812,0.0,0.0,0.0,0.0,0.0,0.0,0.0,0.0,0.0,0.0,0.0,0.0,0.0,0.0,0.0,0.0,0.0,0.0,0.0,0.0,0.0,0.0,0.0,0.0,0.0,0.0,0.0,nan,nan,4.236212942301562,2.908002117960044,nan,0.9160282012793645,0.022923150253955544,0.0,0.0,0.0,0.0,0.0,0.0,0.0,0.0,0.0,0.0,0.0,0.0,0.0,0.0,0.0,0.0,0.0,0.0,0.0,0.0,0.0,0.0,0.0,0.0,0.0,0.44237485448195585,6.728754365541328,16.19324796274738,6.251455180442377,0.3841676367869617,0.9164119590016901,0.02278101294494946,0.0,0.0,0.0,0.0,0.0,0.0,0.0,0.0,0.0,0.0,0.0,0.0,0.0,0.0,0.0,0.0,0.0,0.0,0.0,0.0,0.0,0.0,0.0,0.0,0.0,0.44567062818336173,6.7614601018675735,15.853140916808153,6.506791171477081,0.4329371816638371,0.3562,0.02118,0.0,0.0,0.0,0.0,0.0,0.0,0.0,0.0,0.11641443538998839,4.225844004656578,16.111757857974393,8.963911525029092,0.5820721769499418,0.0,0.0,0.0,0.0,0.0,0.0,0.0,0.0,0.0,0.0,0.0,0.0,0.0,0.0,0.0,0.0,0.0,0.3555,0.02173,0.0,0.0,0.0,0.0,0.0,0.0,0.0,0.0,0.08913412563667235,4.724108658743634,15.776740237691005,8.951612903225794,0.45840407470288635,0.0,0.0,0.0,0.0,0.0,0.0,0.0,0.0,0.0,0.0,0.0,0.0,0.0,0.0,0.0,0.0,0.0
92500,4824,2495,0.5172056384742952,1215,959,0.45066334991708124,1365,0.5659203980099502,0.37399999999999994,2.8952340060111634,2.9564200539155387,6.140302613480055,2.0952849187027947,9315.150886173049,1412.7295368714138,7853.0,10737.893813490868,10680.020390740998,17.5658629400695,7853.0,0.0,28.891376451077942,20.92957412920197,33.61013645224172,19.109476196070982,0.13287728026533996,0.09494195688225539,0.08893034825870647,0.08146766169154229,0.08436981757877281,0.07027363184079602,0.06840796019900497,0.06467661691542288,0.06198175787728027,0.06053067993366501,0.05140961857379768,0.04125207296849088,0.03565505804311774,0.027570480928689883,0.0203150912106136,0.008291873963515755,0.007048092868988391,0.9166355599860845,0.02307967773892157,0.0,0.0,0.0,0.0,0.0,0.0,0.0,0.0,0.0,0.0,0.0,0.0,0.0,0.0,0.0,0.0,0.0,0.0,0.0,0.0,0.0,0.0,0.0,0.0,0.0,0.45398009950248763,6.722636815920399,15.733830845771147,6.660447761194031,0.42910447761194037,4.074271388279536,2.760206419834087,nan,nan,nan,4.057861635220126,2.7302955272991567,4.090568394753279,2.789498866153706,1.0080600972811087,0.3555,0.02173,0.0,0.0,0.0,0.0,0.0,0.0,0.0,0.0,0.21144278606965178,4.4216417910447765,16.17537313432836,8.644278606965162,0.5472636815920399,0.0,0.0,0.0,0.0,0.0,0.0,0.0,0.0,0.0,0.0,0.0,0.0,0.0,0.0,0.0,0.0,0.0,nan,nan,4.074271388279536,2.760206419834087,nan,0.3555,0.1192,0.0,0.0,0.0,0.0,0.0,0.0,0.001969320066334992,0.003980099502487562,4.145936981757877e-05,0.0025808457711442787,0.005265339966832504,0.0016791044776119403,0.002974709784411277,0.0025393864013267,0.0029539800995024876,0.008841210613598674,0.007255389718076285,0.03499170812603648,0.002643034825870647,0.005534825870646766,0.014956467661691543,0.0046745439469320065,0.020283996683250413,0.035893449419568825,0.02193200663349917,0.03305348258706468,0.02308250414593698,0.03177860696517413,0.03780058043117745,0.03779021558872305,0.014376036484245439,0.04230928689883914,0.020905887230514095,0.032369402985074625,0.022626451077943616,0.04697346600331675,0.05551409618573798,0.018159203980099504,0.04250621890547264,0.014458955223880597,0.019890132669983417,0.027622305140961857,0.02058457711442786,0.028150912106135986,0.016086235489220564,0.01532960199004975,0.03353026533996683,0.02175580431177446,0.026378524046434496,0.028140547263681592,0.018781094527363183,0.011204394693200663,0.0008291873963515755,0.0023320895522388058,0.0057317578772802654,0.010209369817578773,0.00023839137645107795,0.007514510779436152,0.003772802653399668,0.00022802653399668326,0.004788557213930348,0.0070791873963515755,0.01976575456053068,0.003036898839137645,0.000673714759535655,0.004798922056384743,0.0003420398009950249,0.0,6.218905472636816e-05,0.004653814262023217,0.0006218905472636816,0.0,0.0,0.0011712271973466004,0.0,0.0,0.0,0.0,0.0,0.0,0.0,0.0,0.0,0.0,0.0,0.0,0.0,0.0,0.0,0.0,0.0,0.0,0.0,0.0,0.0,0.0,0.0,0.0,0.0,0.0,0.0,nan,nan,4.074271388279536,2.760206419834087,nan,0.9168163456993256,0.023300714774313402,0.0,0.0,0.0,0.0,0.0,0.0,0.0,0.0,0.0,0.0,0.0,0.0,0.0,0.0,0.0,0.0,0.0,0.0,0.0,0.0,0.0,0.0,0.0,0.0,0.0,0.5410821643286574,6.637274549098198,15.535070140280563,6.85370741482966,0.43286573146292595,0.9164418887303796,0.022838925549841908,0.0,0.0,0.0,0.0,0.0,0.0,0.0,0.0,0.0,0.0,0.0,0.0,0.0,0.0,0.0,0.0,0.0,0.0,0.0,0.0,0.0,0.0,0.0,0.0,0.0,0.36066981537140413,6.8140832975526,15.946758265349938,6.453413482181195,0.42507513954486914,0.3557,0.02179,0.0,0.0,0.0,0.0,0.0,0.0,0.0,0.0,0.21643286573146298,4.3406813627254515,16.02805611222445,8.861723446893775,0.5531062124248498,0.0,0.0,0.0,0.0,0.0,0.0,0.0,0.0,0.0,0.0,0.0,0.0,0.0,0.0,0.0,0.0,0.0,0.3552,0.02167,0.0,0.0,0.0,0.0,0.0,0.0,0.0,0.0,0.20609703735508808,4.508372692142551,16.33319021039073,8.411335337054517,0.5410047230571061,0.0,0.0,0.0,0.0,0.0,0.0,0.0,0.0,0.0,0.0,0.0,0.0,0.0,0.0,0.0,0.0,0.0
92600,4528,2366,0.5225265017667845,1148,920,0.45671378091872794,1280,0.5653710247349824,0.422,2.9953746530989824,3.0909699391789545,6.598070739549839,2.144130432908383,9330.075761570843,1412.0205608227122,7853.0,10736.237283349037,10679.795878441577,17.672532942719382,7853.0,0.0,28.102694346289752,20.820255744769337,33.070715036803364,19.00087148407508,0.14023851590106007,0.09628975265017668,0.08745583038869258,0.08590989399293286,0.08568904593639576,0.07840106007067138,0.06912544169611308,0.06205830388692579,0.054770318021201414,0.05742049469964664,0.04571554770318021,0.04306537102473498,0.03643992932862191,0.02120141342756184,0.018992932862190812,0.011263250883392226,0.005962897526501767,0.9172404146763125,0.022952410835222238,0.0,0.0,0.0,0.0,0.0,0.0,0.0,0.0,0.0,0.0,0.0,0.0,0.0,0.0,0.0,0.0,0.0,0.0,0.0,0.0,0.0,0.0,0.0,0.0,0.006625441696113076,0.41740282685512375,6.208038869257952,16.09319787985866,6.771201413427564,0.5035335689045938,4.268374915711396,2.931470232362564,nan,nan,nan,4.295192958700068,2.9490477755831885,4.241773002014775,2.9136857449051687,0.9875628505636542,0.355,0.02177,0.0,0.0,0.0,0.0,0.0,0.0,0.0,0.0,0.21201413427561844,4.492049469964665,16.146201413427566,8.672703180212002,0.47703180212014146,0.0,0.0,0.0,0.0,0.0,0.0,0.0,0.0,0.0,0.0,0.0,0.0,0.0,0.0,0.0,0.0,0.0,nan,nan,4.268374915711396,2.931470232362564,nan,0.355,0.11926,0.0,0.0,0.0,0.0,0.0,0.0,0.00265017667844523,0.003820671378091873,0.0,0.0034231448763250884,0.005653710247349823,0.0015017667844522968,0.002882067137809187,0.0020870141342756183,0.0030918727915194345,0.008745583038869258,0.006780035335689046,0.03401060070671378,0.0025507950530035337,0.006437720848056537,0.016364840989399294,0.003931095406360424,0.01987632508833922,0.03627429328621908,0.021875,0.032166519434628976,0.023056537102473497,0.0300684628975265,0.03632950530035336,0.03903489399293286,0.013968639575971732,0.0448321554770318,0.02234982332155477,0.029969081272084804,0.021875,0.049536219081272086,0.05708922261484099,0.018507067137809186,0.041022526501766785,0.014553886925795054,0.02112411660777385,0.026490724381625443,0.02153268551236749,0.028246466431095407,0.015658127208480567,0.01642005300353357,0.03312720848056537,0.02237190812720848,0.026060070671378093,0.02561837455830389,0.016685070671378092,0.012941696113074205,0.0010379858657243817,0.0021753533568904596,0.005377650176678446,0.0102363074204947,0.0003643992932862191,0.00758613074204947,0.0034452296819787987,0.00019876325088339223,0.004383833922261484,0.007299028268551237,0.02004196113074205,0.002661219081272085,0.0005962897526501767,0.00450530035335689,0.0003202296819787986,0.0,0.0,0.004604681978798587,0.0012257067137809187,0.0,0.0,0.001347173144876325,0.0,0.0,0.0,0.0,0.0,0.0,0.0,0.0,0.0,0.0,0.0,0.0,0.0,0.0,0.0,0.0,0.0,0.0,0.0,0.0,0.0,0.0,0.0,0.0,0.0,0.0,0.0,nan,nan,4.268374915711396,2.931470232362564,nan,0.9169608152023535,0.023252269429986143,0.0,0.0,0.0,0.0,0.0,0.0,0.0,0.0,0.0,0.0,0.0,0.0,0.0,0.0,0.0,0.0,0.0,0.0,0.0,0.0,0.0,0.0,0.0,0.0,0.012679628064243453,0.45646661031276425,6.415891800507187,15.748098055790367,6.897717666948438,0.4691462383770077,0.9175463963393036,0.022615742536642967,0.0,0.0,0.0,0.0,0.0,0.0,0.0,0.0,0.0,0.0,0.0,0.0,0.0,0.0,0.0,0.0,0.0,0.0,0.0,0.0,0.0,0.0,0.0,0.0,0.0,0.37465309898242377,5.980573543015728,16.47086031452359,6.632747456059206,0.5411655874190565,0.3552,0.02174,0.0,0.0,0.0,0.0,0.0,0.0,0.0,0.0,0.17751479289940833,4.615384615384616,15.849535080304314,8.837700760777672,0.5198647506339815,0.0,0.0,0.0,0.0,0.0,0.0,0.0,0.0,0.0,0.0,0.0,0.0,0.0,0.0,0.0,0.0,0.0,0.355,0.0218,0.0,0.0,0.0,0.0,0.0,0.0,0.0,0.0,0.24976873265494917,4.3570767807585575,16.47086031452359,8.492136910268258,0.4301572617946347,0.0,0.0,0.0,0.0,0.0,0.0,0.0,0.0,0.0,0.0,0.0,0.0,0.0,0.0,0.0,0.0,0.0
92700,4675,2469,0.5281283422459893,1110,933,0.4370053475935829,1283,0.5488770053475935,0.434,3.0625566636446058,3.1493042864823844,6.825291181364393,2.1127359516520507,9345.958194741284,1411.2636512431777,7853.0,10732.868615746498,10679.885200654317,17.826917669750866,7853.0,0.0,27.860320855614972,20.95190208469318,32.79082802547771,19.253437246662973,0.13711229946524064,0.10074866310160428,0.10160427807486631,0.08919786096256685,0.0748663101604278,0.07572192513368985,0.066524064171123,0.06096256684491978,0.057967914438502674,0.053262032085561496,0.0481283422459893,0.03893048128342246,0.03294117647058824,0.026310160427807486,0.019037433155080215,0.009625668449197862,0.007058823529411765,0.9173737718077267,0.022919612399600033,0.0,0.0,0.0,0.0,0.0,0.0,0.0,0.0,0.0,0.0,0.0,0.0,0.0,0.0,0.0,0.0,0.0,0.0,0.0,0.0,0.0,0.0,0.0,0.0,0.0,0.41711229946524075,6.2566844919786115,16.145454545454548,6.7572192513369,0.423529411764706,4.434547908232119,2.920465174146031,nan,nan,nan,4.341313269493844,2.8892797608762546,4.525299600532623,2.9476726488412637,1.042380339684685,0.3552,0.02237,0.0,0.0,0.0,0.0,0.0,0.0,0.0,0.0,0.211764705882353,4.78716577540107,15.75401069518717,8.695187165775389,0.5454545454545455,0.0064171122994652425,0.0,0.0,0.0,0.0,0.0,0.0,0.0,0.0,0.0,0.0,0.0,0.0,0.0,0.0,0.0,0.0,nan,nan,4.434547908232119,2.920465174146031,nan,0.3552,0.12024,0.0,0.0,0.0,1.0695187165775402e-05,3.20855614973262e-05,0.0,0.0027593582887700534,0.004203208556149733,0.0,0.0028877005347593583,0.005614973262032086,0.0016684491978609627,0.0031657754010695188,0.0017219251336898396,0.0029732620320855616,0.00867379679144385,0.00841711229946524,0.03474866310160428,0.0033155080213903743,0.006877005347593583,0.016887700534759357,0.003486631016042781,0.01819251336898396,0.03725133689839572,0.02225668449197861,0.03161497326203209,0.022,0.029080213903743317,0.038,0.03864171122994652,0.012737967914438503,0.04428877005347594,0.022684491978609625,0.028973262032085563,0.021315508021390376,0.04859893048128342,0.057935828877005345,0.018524064171122994,0.04125133689839572,0.015005347593582888,0.021850267379679145,0.024192513368983957,0.02209625668449198,0.028491978609625667,0.01639572192513369,0.01623529411764706,0.0333475935828877,0.022684491978609625,0.02727272727272727,0.02287700534759358,0.017807486631016042,0.012331550802139038,0.0006524064171122995,0.002106951871657754,0.005122994652406417,0.010320855614973262,0.0004919786096256684,0.0076363636363636364,0.0033475935828877006,0.00022459893048128342,0.004609625668449198,0.00746524064171123,0.020524064171122996,0.0025133689839572193,0.0004919786096256684,0.004609625668449198,0.00035294117647058826,0.0,4.2780748663101606e-05,0.004887700534759358,0.0017433155080213904,0.0,0.0,0.0014759358288770053,0.0,0.0,0.0,0.0,0.0,0.0,0.0,0.0,0.0,0.0,0.0,0.0,0.0,0.0,0.0,0.0,0.0,0.0,0.0,0.0,0.0,0.0,0.0,0.0,0.0,0.0,0.0,nan,nan,4.434547908232119,2.920465174146031,nan,0.9171976985695778,0.022880467015511913,0.0,0.0,0.0,0.0,0.0,0.0,0.0,0.0,0.0,0.0,0.0,0.0,0.0,0.0,0.0,0.0,0.0,0.0,0.0,0.0,0.0,0.0,0.0,0.0,0.0,0.32806804374240595,6.512758201701095,16.03888213851762,6.780072904009722,0.3402187120291617,0.9175708365516023,0.022961744433547142,0.0,0.0,0.0,0.0,0.0,0.0,0.0,0.0,0.0,0.0,0.0,0.0,0.0,0.0,0.0,0.0,0.0,0.0,0.0,0.0,0.0,0.0,0.0,0.0,0.0,0.516772438803264,5.970081595648233,16.264732547597465,6.73164097914778,0.516772438803264,0.3552,0.02267,0.0,0.0,0.0,0.0,0.0,0.0,0.0,0.0,0.25516403402187127,4.921020656136088,15.285540704738764,8.979343863912502,0.5589307411907656,0.0,0.0,0.0,0.0,0.0,0.0,0.0,0.0,0.0,0.0,0.0,0.0,0.0,0.0,0.0,0.0,0.0,0.3552,0.02203,0.0,0.0,0.0,0.0,0.0,0.0,0.0,0.0,0.1631912964641886,4.637352674524026,16.278331822302814,8.377153218495001,0.530371713508613,0.013599274705349051,0.0,0.0,0.0,0.0,0.0,0.0,0.0,0.0,0.0,0.0,0.0,0.0,0.0,0.0,0.0,0.0
92800,4669,2417,0.5176697365602912,1126,952,0.4450631826943671,1287,0.551295780681088,0.438,3.0297513321492007,3.1310204288268237,6.660406885758999,2.05301728186579,9316.914636272693,1413.1163944729074,7853.0,10730.238693356514,10680.893023068766,17.023493183184108,7853.0,0.0,28.195973441850505,21.145589039107364,33.318565941101156,19.33004470810212,0.14499892910687515,0.095952023988006,0.09359605911330049,0.08160205611479975,0.07796101949025487,0.06917969586635254,0.06982223174127222,0.06982223174127222,0.061897622617262796,0.05204540586849432,0.04433497536945813,0.03812379524523452,0.03255515099593061,0.029128292996358964,0.020775326622403084,0.010280573998714928,0.007924609124009423,0.9185216923193034,0.02243912424979631,0.0,0.0,0.0,0.0,0.0,0.0,0.0,0.0,0.0,0.0,0.0,0.0,0.0,0.0,0.0,0.0,0.0,0.0,0.0,0.0,0.0,0.0,0.0,0.0,0.0,0.32126793745984156,5.84065110301992,16.011994002998502,7.382737202827159,0.4433497536945814,4.332778702163061,2.909346994210975,nan,nan,nan,4.398006644518272,2.957123728243696,4.2641761174116075,2.8574523958355478,0.9695701853307855,0.3562,0.02136,0.0,0.0,0.0,0.0,0.0,0.0,0.0,0.0,0.17348468622831445,4.195759263225531,16.32041122295995,8.757763975155267,0.5525808524309275,0.0,0.0,0.0,0.0,0.0,0.0,0.0,0.0,0.0,0.0,0.0,0.0,0.0,0.0,0.0,0.0,0.0,nan,nan,4.332778702163061,2.909346994210975,nan,0.3562,0.12,0.0,0.0,0.0,0.0,0.00021417862497322766,0.0,0.002409509530948811,0.003823088455772114,0.0,0.0024416363246947954,0.005793531805525809,0.0013814521310773185,0.0036410366245448705,0.0018419361747697579,0.002291711287213536,0.007656885842792889,0.00835296637395588,0.03350824587706147,0.003159134718355108,0.006029128292996359,0.018826301135146713,0.005086742343114157,0.01847290640394089,0.03614264296423217,0.02181409295352324,0.03191261512101092,0.021707003641036626,0.027896765902762903,0.037170700364103665,0.03861640608267295,0.012743628185907047,0.04673377596915828,0.022017562647247805,0.026761619190404796,0.02198543585350182,0.04701220818162347,0.061704861854786894,0.01865495823516813,0.040779610194902546,0.01556007710430499,0.021192974941100878,0.023934461340758193,0.023495395159563077,0.029470978796316126,0.017584065110301993,0.016116941529235384,0.03152709359605911,0.022478046690940244,0.027596915827800387,0.023356179053330477,0.017594774041550652,0.011886913686014135,0.00048190190618976225,0.002238166630970229,0.004358535018205183,0.009573784536303276,0.0005461554936817306,0.008920539730134933,0.002966373955879203,0.0002677232812165346,0.004090811736988649,0.008256585992717927,0.02314200042835725,0.0017669736560291284,0.00038552152495180983,0.0036410366245448705,0.00042835724994645533,0.0,9.638038123795246e-05,0.005247376311844078,0.0018740629685157421,2.1417862497322767e-05,0.0,0.0013171985435853502,0.0,0.0,0.0,0.0,0.0,0.0,0.0,0.0,0.0,0.0,0.0,0.0,0.0,0.0,0.0,0.0,0.0,0.0,0.0,0.0,0.0,0.0,0.0,0.0,0.0,0.0,0.0,nan,nan,4.332778702163061,2.909346994210975,nan,0.9182002219129901,0.022082552653364153,0.0,0.0,0.0,0.0,0.0,0.0,0.0,0.0,0.0,0.0,0.0,0.0,0.0,0.0,0.0,0.0,0.0,0.0,0.0,0.0,0.0,0.0,0.0,0.0,0.0,0.26065370293752593,5.796441870086886,16.383947041787344,7.174182871328094,0.3847745138601573,0.9188667162855819,0.02281058199312689,0.0,0.0,0.0,0.0,0.0,0.0,0.0,0.0,0.0,0.0,0.0,0.0,0.0,0.0,0.0,0.0,0.0,0.0,0.0,0.0,0.0,0.0,0.0,0.0,0.0,0.3863232682060392,5.8880994671403215,15.612788632326824,7.60657193605684,0.5062166962699823,0.356,0.02142,0.0,0.0,0.0,0.0,0.0,0.0,0.0,0.0,0.21100537856847337,4.158047165908151,16.21017790649566,8.887050062060393,0.533719486967315,0.0,0.0,0.0,0.0,0.0,0.0,0.0,0.0,0.0,0.0,0.0,0.0,0.0,0.0,0.0,0.0,0.0,0.3562,0.0213,0.0,0.0,0.0,0.0,0.0,0.0,0.0,0.0,0.133214920071048,4.236234458259326,16.43872113676732,8.61900532859679,0.5728241563055063,0.0,0.0,0.0,0.0,0.0,0.0,0.0,0.0,0.0,0.0,0.0,0.0,0.0,0.0,0.0,0.0,0.0
92900,4832,2500,0.5173841059602649,1246,1000,0.464817880794702,1353,0.5600165562913907,0.418,3.0184391080617496,3.113505076058506,6.649923896499239,2.11808279532364,9316.286540852527,1413.32496684171,7853.0,10746.064060807228,10681.240226159764,18.07890278048228,7853.0,0.0,28.153145695364238,20.81450255458119,33.05577395577396,19.009517461806393,0.1388658940397351,0.09892384105960265,0.08485099337748345,0.08816225165562915,0.08236754966887418,0.07326158940397351,0.07181291390728477,0.06622516556291391,0.0658112582781457,0.05028973509933775,0.0451158940397351,0.04201158940397351,0.03125,0.024420529801324503,0.01883278145695364,0.011382450331125827,0.006415562913907285,0.9187883620107213,0.022965746639945404,0.0,0.0,0.0,0.0,0.0,0.0,0.0,0.0,0.0,0.0,0.0,0.0,0.0,0.0,0.0,0.0,0.0,0.0,0.0,0.0,0.0,0.0,0.0,0.0,0.00620860927152318,0.33526490066225173,5.885761589403975,15.956125827814573,7.201986754966889,0.6146523178807948,4.1128269776237,2.876905660210835,nan,nan,nan,4.0745420088439674,2.8941315623669084,4.150943396226415,2.8591432926429543,1.0187509141436302,0.3564,0.02237,0.0,0.0,0.0,0.0,0.0,0.0,0.0,0.0,0.1924668874172186,4.414321192052981,15.105546357615896,9.73509933774833,0.5463576158940399,0.00620860927152318,0.0,0.0,0.0,0.0,0.0,0.0,0.0,0.0,0.0,0.0,0.0,0.0,0.0,0.0,0.0,0.0,nan,nan,4.1128269776237,2.876905660210835,nan,0.3564,0.1203,0.0,0.0,0.0,0.0,0.00030008278145695364,0.0,0.0030732615894039734,0.003621688741721854,1.0347682119205298e-05,0.0022868377483443707,0.006260347682119205,0.001221026490066225,0.003373344370860927,0.0019660596026490067,0.0021005794701986756,0.006736341059602649,0.007181291390728477,0.03351614238410596,0.003507864238410596,0.006084437086092715,0.018543046357615896,0.004770281456953643,0.017911837748344372,0.035440811258278145,0.024441225165562915,0.03524420529801325,0.02088162251655629,0.02823882450331126,0.03453021523178808,0.040521523178807944,0.012396523178807947,0.045043460264900664,0.021378311258278146,0.02627276490066225,0.022164735099337748,0.04662665562913907,0.06285182119205299,0.01918460264900662,0.04096647350993377,0.013855546357615893,0.02035389072847682,0.02513451986754967,0.023706539735099338,0.029097682119205298,0.015894039735099338,0.01603890728476821,0.034406043046357616,0.022237168874172184,0.027897350993377482,0.0228476821192053,0.017777317880794702,0.012251655629139073,0.0012727649006622516,0.0016452814569536424,0.0040562913907284765,0.010471854304635762,0.0005070364238410596,0.008536837748344371,0.003342301324503311,0.00013451986754966887,0.0041390728476821195,0.008661009933774834,0.020674668874172186,0.0019246688741721854,0.00024834437086092715,0.004201158940397351,0.00031043046357615895,0.0,4.139072847682119e-05,0.006291390728476821,0.0019143211920529802,0.0,0.0,0.0014797185430463575,0.0,0.0,0.0,0.0,0.0,0.0,0.0,0.0,0.0,0.0,0.0,0.0,0.0,0.0,0.0,0.0,0.0,0.0,0.0,0.0,0.0,0.0,0.0,0.0,0.0,0.0,0.0,nan,nan,4.1128269776237,2.876905660210835,nan,0.9187567350864411,0.023287250707152395,0.0,0.0,0.0,0.0,0.0,0.0,0.0,0.0,0.0,0.0,0.0,0.0,0.0,0.0,0.0,0.0,0.0,0.0,0.0,0.0,0.0,0.0,0.0,0.0,0.012000000000000002,0.3960000000000001,5.7360000000000015,15.960000000000003,7.272000000000001,0.6240000000000002,0.9188222673755159,0.022615956313482646,0.0,0.0,0.0,0.0,0.0,0.0,0.0,0.0,0.0,0.0,0.0,0.0,0.0,0.0,0.0,0.0,0.0,0.0,0.0,0.0,0.0,0.0,0.0,0.0,0.0,0.2701543739279589,6.046312178387652,15.951972555746144,7.126929674099487,0.6046312178387651,0.356,0.0227,0.0,0.0,0.0,0.0,0.0,0.0,0.0,0.0,0.18000000000000005,4.5600000000000005,15.120000000000003,9.539999999999987,0.5880000000000001,0.012000000000000002,0.0,0.0,0.0,0.0,0.0,0.0,0.0,0.0,0.0,0.0,0.0,0.0,0.0,0.0,0.0,0.0,0.3567,0.022,0.0,0.0,0.0,0.0,0.0,0.0,0.0,0.0,0.20583190394511153,4.258147512864495,15.090051457975989,9.944253859348185,0.5017152658662094,0.0,0.0,0.0,0.0,0.0,0.0,0.0,0.0,0.0,0.0,0.0,0.0,0.0,0.0,0.0,0.0,0.0
93000,4908,2531,0.5156886715566422,1208,1013,0.4525264873675632,1397,0.5692746536267319,0.434,3.1047538914598234,3.106909820571267,6.596541786743516,2.069063919925631,9311.656353950963,1413.6415285925477,7853.0,10741.965002298355,10681.56000995311,17.81679270588188,7853.0,0.0,28.349429502852487,20.916567527872388,33.213906325446644,19.136365954129978,0.13488182559087206,0.10187449062754686,0.0876120619396903,0.08414832925835371,0.08231458842705787,0.07416462917685411,0.07416462917685411,0.05888345558272209,0.06234718826405868,0.057660961695191526,0.042787286063569685,0.03973105134474328,0.03606356968215159,0.02852485737571312,0.01589242053789731,0.011206193969030154,0.007742461287693562,0.9188279200591202,0.023327094177743386,0.0,0.0,0.0,0.0,0.0,0.0,0.0,0.0,0.0,0.0,0.0,0.0,0.0,0.0,0.0,0.0,0.0,0.0,0.0,0.0,0.0,0.0,0.0,0.0,0.0,0.36063569682151597,6.020782396088021,15.617359413202937,7.328850855745722,0.6723716381418094,4.4407997500781,2.9337702142981423,nan,nan,nan,4.493694829760403,2.965803093190326,4.388854489164086,2.901029963443266,0.9766694569684639,0.3564,0.02216,0.0,0.0,0.0,0.0,0.0,0.0,0.0,0.0,0.11002444987775063,4.523227383863081,15.31784841075795,9.413202933985318,0.6356968215158926,0.0,0.0,0.0,0.0,0.0,0.0,0.0,0.0,0.0,0.0,0.0,0.0,0.0,0.0,0.0,0.0,0.0,nan,nan,4.4407997500781,2.9337702142981423,nan,0.3564,0.1203,0.0,0.0,0.0,0.0,0.00032599837000814997,1.0187449062754686e-05,0.0033618581907090463,0.003728606356968215,0.0,0.0021291768541157295,0.00617359413202934,0.0006927465362673187,0.003514669926650367,0.0021903015484922577,0.0022208638956805215,0.0062245313773431135,0.007375713121434393,0.034484515077424616,0.0036572942135289326,0.006489405052974735,0.017379788101059494,0.00454360228198859,0.01784841075794621,0.03447432762836186,0.026253056234718828,0.03456601466992665,0.0203239608801956,0.03061328443357783,0.03272208638956805,0.04007742461287694,0.011460880195599023,0.045089649551752244,0.020996332518337407,0.02521393643031785,0.023268133659331704,0.04593520782396088,0.0633557457212714,0.017665036674816625,0.04157497962510187,0.014109616951915241,0.020334148329258353,0.028005297473512634,0.023359820700896497,0.030419722901385494,0.01660554197229014,0.015332110839445802,0.03537082314588427,0.019845150774246128,0.027078239608801957,0.023920130399348004,0.017379788101059494,0.012387938060309698,0.0014873675631621843,0.0018744906275468623,0.004074979625101874,0.010360635696821515,0.0004991850040749796,0.008190709046454768,0.003871230643846781,0.00017318663406682967,0.004472290138549307,0.010004074979625101,0.018571719641401793,0.0019050529747351263,0.0004482477587612062,0.003708231458842706,0.0001426242868785656,0.0,1.0187449062754686e-05,0.006764466177669111,0.002251426242868786,0.0,0.0,0.0010798696006519967,2.0374898125509373e-05,0.0,0.0,0.0,0.0,0.0,0.0,0.0,0.0,0.0,0.0,0.0,0.0,0.0,0.0,0.0,0.0,0.0,0.0,0.0,0.0,0.0,0.0,0.0,0.0,0.0,0.0,nan,nan,4.4407997500781,2.9337702142981423,nan,0.9188739615483323,0.023242795260689248,0.0,0.0,0.0,0.0,0.0,0.0,0.0,0.0,0.0,0.0,0.0,0.0,0.0,0.0,0.0,0.0,0.0,0.0,0.0,0.0,0.0,0.0,0.0,0.0,0.0,0.3081785855393126,5.950217305412882,15.740813907546427,7.277755827736074,0.7230343737653103,0.9187788956547466,0.023416421499915553,0.0,0.0,0.0,0.0,0.0,0.0,0.0,0.0,0.0,0.0,0.0,0.0,0.0,0.0,0.0,0.0,0.0,0.0,0.0,0.0,0.0,0.0,0.0,0.0,0.0,0.4164913756836349,6.09591922591502,15.485906604964244,7.383256205300801,0.6184265881363064,0.3564,0.02203,0.0,0.0,0.0,0.0,0.0,0.0,0.0,0.0,0.1303832477281707,4.290794152508891,15.5393125246938,9.387593836428277,0.6519162386408536,0.0,0.0,0.0,0.0,0.0,0.0,0.0,0.0,0.0,0.0,0.0,0.0,0.0,0.0,0.0,0.0,0.0,0.3564,0.02231,0.0,0.0,0.0,0.0,0.0,0.0,0.0,0.0,0.08834665544804378,4.770719394194363,15.082036180058902,9.440471182162376,0.6184265881363064,0.0,0.0,0.0,0.0,0.0,0.0,0.0,0.0,0.0,0.0,0.0,0.0,0.0,0.0,0.0,0.0,0.0
93100,4955,2616,0.5279515640766902,1207,995,0.44439959636730575,1353,0.5461150353178608,0.43,3.0081231295425397,3.122471317960019,6.551777434312211,2.263894230749854,9346.270270336096,1412.0597442008464,7853.0,10744.09924685955,10681.422855319324,17.894640342576466,7853.0,0.0,27.987891019172555,20.839152748557932,33.028199566160524,19.022380931304994,0.1432896064581231,0.09868819374369324,0.09303733602421796,0.08072653884964683,0.07891019172552977,0.07426841574167507,0.07164480322906155,0.06115035317860747,0.06377396569122099,0.053279515640766904,0.04742684157416751,0.03915237134207871,0.03128153380423814,0.028456104944500505,0.020181634712411706,0.009889001009081735,0.004843592330978809,0.9191458897802351,0.02315759252654348,0.0,0.0,0.0,0.0,0.0,0.0,0.0,0.0,0.0,0.0,0.0,0.0,0.0,0.0,0.0,0.0,0.0,0.0,0.0,0.0,0.0,0.0,0.0,0.0,0.0,0.37537840565085784,5.703329969727549,15.83854692230071,7.4409687184661975,0.6417759838546924,4.271410579345088,2.8957562583019882,nan,nan,nan,4.329121920404296,2.8854228223687985,4.214061519146265,2.9048528591073435,0.9734217692701791,0.3562,0.02217,0.0,0.0,0.0,0.0,0.0,0.0,0.0,0.0,0.20585267406659943,4.341069626639759,15.608476286579215,9.287588294651854,0.5509586276488396,0.006054490413723513,0.0,0.0,0.0,0.0,0.0,0.0,0.0,0.0,0.0,0.0,0.0,0.0,0.0,0.0,0.0,0.0,nan,nan,4.271410579345088,2.8957562583019882,nan,0.3562,0.1209,0.0,0.0,1.0090817356205853e-05,0.0,0.00043390514631685165,0.0,0.004187689202825429,0.004177598385469223,0.0,0.0017558022199798183,0.0069525731584258324,0.0008072653884964682,0.003148335015136226,0.002462159434914228,0.00218970736629667,0.006175580221997982,0.008536831483350152,0.032936427850655904,0.0038647830474268416,0.007729566094853683,0.016881937436932393,0.004217961654894046,0.016680121089808275,0.0344904137235116,0.02761856710393542,0.033693239152371345,0.020898082744702322,0.02803229061553986,0.03560040363269425,0.04065590312815338,0.012048435923309788,0.04352169525731584,0.02019172552976791,0.025035317860746722,0.022472250252270433,0.045247225025227045,0.06520686175580222,0.017073662966700303,0.039959636730575177,0.012371342078708375,0.021170534813319878,0.027245206861755803,0.024954591321897073,0.031200807265388496,0.017749747729566095,0.01683148335015136,0.03389505549949546,0.020756811301715437,0.026649848637739657,0.02234106962663976,0.017164480322906156,0.01226034308779011,0.0015438950554994954,0.0019677093844601415,0.0044197780020181635,0.01065590312815338,0.0002926337033299697,0.008072653884964682,0.0036629667003027244,0.00028254288597376386,0.004439959636730575,0.010383451059535823,0.017921291624621593,0.0017255297679112007,0.0005449041372351161,0.004490413723511604,0.00020181634712411706,0.0,3.0272452068617557e-05,0.006236125126135217,0.0017961654894046418,3.0272452068617557e-05,4.0363269424823414e-05,0.0017356205852674066,2.0181634712411707e-05,0.0,2.0181634712411707e-05,0.0,0.0,0.0,0.0,0.0,0.0,0.0,0.0,0.0,0.0,0.0,0.0,0.0,0.0,0.0,0.0,0.0,0.0,0.0,0.0,0.0,0.0,0.0,0.0,nan,nan,4.271410579345088,2.8957562583019882,nan,0.9191082151384529,0.022954612723308735,0.0,0.0,0.0,0.0,0.0,0.0,0.0,0.0,0.0,0.0,0.0,0.0,0.0,0.0,0.0,0.0,0.0,0.0,0.0,0.0,0.0,0.0,0.0,0.0,0.0,0.4013761467889909,5.3784403669724785,16.215596330275233,7.43119266055046,0.5733944954128442,0.919188026104691,0.023382451337343683,0.0,0.0,0.0,0.0,0.0,0.0,0.0,0.0,0.0,0.0,0.0,0.0,0.0,0.0,0.0,0.0,0.0,0.0,0.0,0.0,0.0,0.0,0.0,0.0,0.0,0.3463018383924755,6.066695168875589,15.416844805472428,7.451902522445491,0.7182556648140233,0.356,0.0223,0.0,0.0,0.0,0.0,0.0,0.0,0.0,0.0,0.2637614678899083,4.2545871559633035,15.665137614678901,9.277522935779803,0.5389908256880734,0.0,0.0,0.0,0.0,0.0,0.0,0.0,0.0,0.0,0.0,0.0,0.0,0.0,0.0,0.0,0.0,0.0,0.3562,0.02203,0.0,0.0,0.0,0.0,0.0,0.0,0.0,0.0,0.14108593415989742,4.4377939290295005,15.545104745617788,9.298845660538678,0.5643437366395897,0.01282599401453613,0.0,0.0,0.0,0.0,0.0,0.0,0.0,0.0,0.0,0.0,0.0,0.0,0.0,0.0,0.0,0.0
93200,5074,2586,0.5096570752857706,1199,1089,0.4509262908947576,1494,0.5888845092629089,0.36599999999999994,2.9883440514469455,3.033088027292821,6.437768240343348,2.1754393496549356,9294.851103714074,1414.3219334432868,7853.0,10759.085716485977,10682.061291664815,17.494861856618925,7853.0,0.0,28.135593220338983,20.837749581471215,32.93465577596266,19.1174695968023,0.13598738667717777,0.09932991722506898,0.08868742609381158,0.08789909341742215,0.08553409538825384,0.07469452108789909,0.06917619235317304,0.071344107213244,0.052621206148994876,0.05419787150177375,0.04434371304690579,0.03646038628301143,0.03823413480488766,0.025423728813559324,0.01891998423334647,0.01103665746945211,0.006109578242018131,0.919517835799662,0.023011444880327667,0.0,0.0,0.0,0.0,0.0,0.0,0.0,0.0,0.0,0.0,0.0,0.0,0.0,0.0,0.0,0.0,0.0,0.0,0.0,0.0,0.0,0.0,0.0,0.0,0.0,0.3074497437918803,5.646432794639339,15.762711864406782,7.656681119432402,0.626724477729602,4.238643246517262,2.8066044978429097,nan,nan,nan,4.197768133911965,2.817876681605376,4.277679100059206,2.7952391757730384,1.0190365364636687,0.3567,0.02242,0.0,0.0,0.0,0.0,0.0,0.0,0.0,0.0,0.183287347260544,4.3279463933780065,15.313362238864803,9.44816712652738,0.7272368939692552,0.0,0.0,0.0,0.0,0.0,0.0,0.0,0.0,0.0,0.0,0.0,0.0,0.0,0.0,0.0,0.0,0.0,nan,nan,4.238643246517262,2.8066044978429097,nan,0.3567,0.1202,0.0,0.0,4.927079227433977e-05,0.0,0.000216791486007095,0.0,0.004572329523058731,0.0033996846669294444,0.0,0.0012022073314938903,0.006267244777296019,0.0006897910918407568,0.0025029562475364603,0.002355143870713441,0.0016850610957824203,0.006178557351202207,0.00727236893969255,0.03586913677571935,0.004059913283405597,0.0071344107213243985,0.01854552621206149,0.004138746551044541,0.017422152148206544,0.03378990934174222,0.02460583366180528,0.03494284588096177,0.01974773354355538,0.0275522270398108,0.03460780449349626,0.042254631454473786,0.011933385888845092,0.04331888056759953,0.021018919984233348,0.02640914465904612,0.022388648009459992,0.04654119038234135,0.06292865589278676,0.01864406779661017,0.03868742609381159,0.01209105242412298,0.021472211273157273,0.027522664564446197,0.025305478912100908,0.029365392195506504,0.01884115096570753,0.01671265273945605,0.03398699251083957,0.02274339771383524,0.026074103271580606,0.022418210484824595,0.018072526606227827,0.013795821836815136,0.0018919984233346473,0.001931415057154119,0.0042767047694126925,0.009499408750492709,0.00020693732755222704,0.008208513992905005,0.0036953094205754828,0.000216791486007095,0.00438510051241624,0.009095388253843121,0.018141505715411906,0.001754040204966496,0.0009262908947575877,0.00462160031533307,0.00019708316909735908,0.0,4.927079227433977e-05,0.006158849034292472,0.0014781237682301932,6.897910918407569e-05,9.854158454867955e-06,0.0018525817895151753,0.0,0.0,0.0,0.0,0.0,0.0,0.0,0.0,0.0,0.0,0.0,0.0,0.0,0.0,0.0,0.0,0.0,0.0,0.0,0.0,0.0,0.0,0.0,0.0,0.0,0.0,0.0,nan,nan,4.238643246517262,2.8066044978429097,nan,0.9196235329857743,0.02273980724613857,0.0,0.0,0.0,0.0,0.0,0.0,0.0,0.0,0.0,0.0,0.0,0.0,0.0,0.0,0.0,0.0,0.0,0.0,0.0,0.0,0.0,0.0,0.0,0.0,0.0,0.24361948955916476,5.533642691415315,16.032482598607892,7.63341067285383,0.5568445475638052,0.9194079752999487,0.0232899161451112,0.0,0.0,0.0,0.0,0.0,0.0,0.0,0.0,0.0,0.0,0.0,0.0,0.0,0.0,0.0,0.0,0.0,0.0,0.0,0.0,0.0,0.0,0.0,0.0,0.0,0.3737942122186496,5.763665594855307,15.482315112540196,7.680868167202574,0.69935691318328,0.3567,0.0225,0.0,0.0,0.0,0.0,0.0,0.0,0.0,0.0,0.197215777262181,4.31554524361949,15.406032482598611,9.408352668213443,0.6728538283062647,0.0,0.0,0.0,0.0,0.0,0.0,0.0,0.0,0.0,0.0,0.0,0.0,0.0,0.0,0.0,0.0,0.0,0.357,0.02234,0.0,0.0,0.0,0.0,0.0,0.0,0.0,0.0,0.16881028938906756,4.340836012861737,15.21704180064309,9.489549839228284,0.7837620578778137,0.0,0.0,0.0,0.0,0.0,0.0,0.0,0.0,0.0,0.0,0.0,0.0,0.0,0.0,0.0,0.0,0.0
93300,4330,2250,0.5196304849884527,1031,879,0.44110854503464203,1200,0.5542725173210161,0.414,2.924519230769231,3.0463683864207924,6.439655172413793,2.170685546817618,9323.226331571315,1413.650310401462,7853.0,10746.429437875748,10682.368895868354,17.548147875685434,7853.0,0.0,27.87228637413395,20.834431299340775,32.64277899343545,19.165405426019987,0.13579676674364896,0.09907621247113164,0.09838337182448037,0.09099307159353348,0.08129330254041571,0.0745958429561201,0.06605080831408776,0.06420323325635104,0.0558891454965358,0.054272517321016164,0.04595842956120092,0.03995381062355658,0.03302540415704388,0.02678983833718245,0.014780600461893764,0.011085450346420323,0.007852193995381063,0.9198962585204743,0.02334088282710192,0.0,0.0,0.0,0.0,0.0,0.0,0.0,0.0,0.0,0.0,0.0,0.0,0.0,0.0,0.0,0.0,0.0,0.0,0.0,0.0,0.0,0.0,0.0,0.0,0.0,0.3602771362586606,5.542725173210163,15.575057736720558,7.863741339491918,0.6581986143187069,4.301121968874412,2.873082392279304,nan,nan,nan,4.220854453294714,2.8490428530773864,4.381331403762663,2.8946827782252065,1.0380200151992172,0.3567,0.02228,0.0,0.0,0.0,0.0,0.0,0.0,0.0,0.0,0.1801385681293303,4.344110854503465,15.644341801385684,9.13856812933024,0.6928406466512703,0.0,0.0,0.0,0.0,0.0,0.0,0.0,0.0,0.0,0.0,0.0,0.0,0.0,0.0,0.0,0.0,0.0,nan,nan,4.301121968874412,2.873082392279304,nan,0.3567,0.11926,0.0,0.0,3.464203233256351e-05,0.0,9.237875288683603e-05,1.1547344110854504e-05,0.004792147806004619,0.0038452655889145496,0.0,0.0013625866050808314,0.005819861431870669,0.0005311778290993072,0.002043879907621247,0.0020323325635103924,0.0016859122401847574,0.005993071593533487,0.007217090069284064,0.03594688221709007,0.0039376443418013855,0.007367205542725173,0.019653579676674363,0.004757505773672056,0.015750577367205542,0.032090069284064666,0.0247459584295612,0.03642032332563511,0.019018475750577368,0.026166281755196304,0.03625866050808314,0.04118937644341801,0.01105080831408776,0.044445727482678984,0.022782909930715935,0.02838337182448037,0.0226905311778291,0.04441108545034642,0.0638568129330254,0.020138568129330254,0.037263279445727486,0.013360277136258661,0.020681293302540416,0.02592378752886836,0.023926096997690532,0.0302540415704388,0.017806004618937644,0.018995381062355658,0.03312933025404157,0.022933025404157044,0.02704387990762125,0.02273672055427252,0.016882217090069283,0.01609699769053118,0.001789838337182448,0.0019630484988452657,0.0053464203233256355,0.010635103926096998,0.0003002309468822171,0.007748267898383372,0.00325635103926097,0.00025404157043879905,0.0037182448036951503,0.0077251732101616625,0.017482678983833717,0.001651270207852194,0.0009237875288683603,0.004053117782909931,0.0002886836027713626,0.0,0.0,0.006524249422632794,0.0009353348729792148,8.083140877598153e-05,0.0,0.001766743648960739,0.0,0.0,0.0,0.0,0.0,0.0,0.0,0.0,0.0,0.0,0.0,0.0,0.0,0.0,0.0,0.0,0.0,0.0,0.0,0.0,0.0,0.0,0.0,0.0,0.0,0.0,0.0,nan,nan,4.301121968874412,2.873082392279304,nan,0.9199851368003421,0.023132013014305463,0.0,0.0,0.0,0.0,0.0,0.0,0.0,0.0,0.0,0.0,0.0,0.0,0.0,0.0,0.0,0.0,0.0,0.0,0.0,0.0,0.0,0.0,0.0,0.0,0.0,0.2933333333333334,5.573333333333335,15.58666666666667,7.920000000000002,0.6266666666666668,0.919800116150425,0.023564361881631263,0.0,0.0,0.0,0.0,0.0,0.0,0.0,0.0,0.0,0.0,0.0,0.0,0.0,0.0,0.0,0.0,0.0,0.0,0.0,0.0,0.0,0.0,0.0,0.0,0.0,0.4326923076923078,5.509615384615386,15.562500000000004,7.802884615384617,0.6923076923076924,0.357,0.02213,0.0,0.0,0.0,0.0,0.0,0.0,0.0,0.0,0.16000000000000003,4.173333333333334,15.78666666666667,9.17333333333332,0.7066666666666669,0.0,0.0,0.0,0.0,0.0,0.0,0.0,0.0,0.0,0.0,0.0,0.0,0.0,0.0,0.0,0.0,0.0,0.3562,0.02245,0.0,0.0,0.0,0.0,0.0,0.0,0.0,0.0,0.20192307692307698,4.528846153846155,15.490384615384619,9.100961538461524,0.6778846153846155,0.0,0.0,0.0,0.0,0.0,0.0,0.0,0.0,0.0,0.0,0.0,0.0,0.0,0.0,0.0,0.0,0.0
93400,4387,2306,0.5256439480282653,1053,882,0.44107590608616365,1228,0.5598358787326191,0.422,2.976453628063431,3.110015924761575,6.584040747028863,2.165123295470158,9340.45008550137,1413.077657415126,7853.0,10731.330696940422,10682.76735693604,17.36616941258004,7853.0,0.0,28.04809664919079,20.79836251251442,32.69092373791622,19.14167354958349,0.13266469113289264,0.0975609756097561,0.0975609756097561,0.09277410531114658,0.08616366537497151,0.06997948484157739,0.06906770002279462,0.06086163665374972,0.05265557328470481,0.053795304308183266,0.054935035331661726,0.039890585821746066,0.03168452245270116,0.024846136311830407,0.018691588785046728,0.010257579211306132,0.006610439936175063,0.9205683881991378,0.022738619652439472,0.0,0.0,0.0,0.0,0.0,0.0,0.0,0.0,0.0,0.0,0.0,0.0,0.0,0.0,0.0,0.0,0.0,0.0,0.0,0.0,0.0,0.0,0.0,0.0,0.006838386140870756,0.2666970594939595,5.121951219512196,15.899247777524508,8.082972418509234,0.6222931388192388,4.273434736469756,2.9315764382682534,nan,nan,nan,4.243798724309,2.9009313540051913,4.301060070671378,2.9616808819601403,1.013492945844575,0.357,0.02237,0.0,0.0,0.0,0.0,0.0,0.0,0.0,0.0,0.13676772281741512,4.2739913380442225,15.365853658536588,9.471164805105982,0.7522224754957832,0.0,0.0,0.0,0.0,0.0,0.0,0.0,0.0,0.0,0.0,0.0,0.0,0.0,0.0,0.0,0.0,0.0,nan,nan,4.273434736469756,2.9315764382682534,nan,0.357,0.1201,0.0,0.0,0.0001367677228174151,0.0,3.4191930704353773e-05,0.0,0.004878048780487805,0.004365169819922498,0.0,0.0017893777068611807,0.0055960793252792344,0.0006496466833827216,0.0023022566674264873,0.0021312970139047184,0.0019033508092090267,0.005436516981992249,0.0063824937314793705,0.03705265557328471,0.004501937542739913,0.008627763847731935,0.01976293594711648,0.005049008434009574,0.015386368816959197,0.03048780487804878,0.02450421700478687,0.03483018007750171,0.019352632778664235,0.0244814223843173,0.03456804194210166,0.04213585593799863,0.010531114656940961,0.04517893777068612,0.023193526327786644,0.02778664235240483,0.02353544563483018,0.04330977889218145,0.06545475267836791,0.020196033736038295,0.037155231365397764,0.013369044905402324,0.020196033736038295,0.026669705949395942,0.0243332573512651,0.02646455436516982,0.017437884659220425,0.021312970139047184,0.03226578527467518,0.019831319808525188,0.02946204695691817,0.023330294050604057,0.01809892865283793,0.01662867563255072,0.002723957146113517,0.0021882835650786415,0.005151584226122635,0.010759060861636653,0.00041030316845224525,0.007772965580123091,0.002450421700478687,0.0003305219968087531,0.0036129473444267155,0.008206063369044905,0.017688625484385684,0.00139047184864372,0.001447458399817643,0.0038864827900615454,0.00023934351493047642,1.1397310234784591e-05,0.0,0.006553453385001139,0.0013334852974697972,6.838386140870755e-05,0.0,0.001675404604513335,1.1397310234784591e-05,0.0,0.0,0.0,0.0,0.0,0.0,0.0,0.0,0.0,0.0,0.0,0.0,0.0,0.0,0.0,0.0,0.0,0.0,0.0,0.0,0.0,0.0,0.0,0.0,0.0,0.0,nan,nan,4.273434736469756,2.9315764382682534,nan,0.9202525725803061,0.02268679980128149,0.0,0.0,0.0,0.0,0.0,0.0,0.0,0.0,0.0,0.0,0.0,0.0,0.0,0.0,0.0,0.0,0.0,0.0,0.0,0.0,0.0,0.0,0.0,0.0,0.0,0.23417172593235044,5.164787510841284,16.014744145706853,8.065915004336516,0.5203816131830009,0.9209183501486936,0.022790793662449026,0.0,0.0,0.0,0.0,0.0,0.0,0.0,0.0,0.0,0.0,0.0,0.0,0.0,0.0,0.0,0.0,0.0,0.0,0.0,0.0,0.0,0.0,0.0,0.0,0.01441614608361365,0.30273906775588666,5.074483421432005,15.771263815473334,8.101874098990871,0.7352234502642961,0.3574,0.022,0.0,0.0,0.0,0.0,0.0,0.0,0.0,0.0,0.07805724197745015,3.9679098005203826,15.741543798785779,9.340849956634852,0.8716392020815267,0.0,0.0,0.0,0.0,0.0,0.0,0.0,0.0,0.0,0.0,0.0,0.0,0.0,0.0,0.0,0.0,0.0,0.3567,0.02275,0.0,0.0,0.0,0.0,0.0,0.0,0.0,0.0,0.2018260451705911,4.613166746756368,14.949543488707356,9.615569437770288,0.619894281595387,0.0,0.0,0.0,0.0,0.0,0.0,0.0,0.0,0.0,0.0,0.0,0.0,0.0,0.0,0.0,0.0,0.0
93500,4440,2318,0.5220720720720721,1089,895,0.44684684684684683,1261,0.568018018018018,0.414,3.050895381715363,3.1305631574431168,6.5711974110032365,2.141199839788233,9330.393174765186,1413.6116828880465,7853.0,10742.886056303978,10682.864407229259,17.843462690341443,7853.0,0.0,27.95608108108108,20.837511846604666,32.90185036202735,19.06915388762554,0.1400900900900901,0.10157657657657658,0.0918918918918919,0.08220720720720721,0.08153153153153153,0.07387387387387387,0.07117117117117117,0.0632882882882883,0.06306306306306306,0.05405405405405406,0.04391891891891892,0.041891891891891894,0.031081081081081083,0.024324324324324326,0.017117117117117116,0.012837837837837839,0.006081081081081081,0.9218441180146493,0.022997003793486303,0.0,0.0,0.0,0.0,0.0,0.0,0.0,0.0,0.0,0.0,0.0,0.0,0.0,0.0,0.0,0.0,0.0,0.0,0.0,0.0,0.0,0.0,0.0,0.0,0.0,0.26351351351351354,4.905405405405406,15.58783783783784,8.425675675675677,0.8175675675675678,4.310344827586207,2.9004427266652786,nan,nan,nan,4.453058321479374,2.9447740253897217,4.173378839590444,2.8505387521133048,0.9371938425913056,0.3557,0.02316,0.0,0.0,0.0,0.0,0.0,0.0,0.0,0.0,0.2094594594594595,5.162162162162163,15.02702702702703,8.817567567567554,0.7770270270270272,0.006756756756756758,0.0,0.0,0.0,0.0,0.0,0.0,0.0,0.0,0.0,0.0,0.0,0.0,0.0,0.0,0.0,0.0,nan,nan,4.310344827586207,2.9004427266652786,nan,0.3557,0.1201,0.0,0.0,0.00016891891891891893,0.0,0.00012387387387387388,0.0,0.004470720720720721,0.003952702702702703,0.0,0.001981981981981982,0.005337837837837838,0.0008783783783783784,0.002511261261261261,0.0021396396396396395,0.0018468468468468468,0.006013513513513514,0.006418918918918919,0.03939189189189189,0.004346846846846847,0.007984234234234234,0.020945945945945947,0.004831081081081081,0.016407657657657657,0.030304054054054053,0.024425675675675676,0.034583333333333334,0.01998873873873874,0.024650900900900902,0.033536036036036034,0.042511261261261264,0.011013513513513514,0.04679054054054054,0.02323198198198198,0.027522522522522522,0.02287162162162162,0.043626126126126125,0.06440315315315315,0.02081081081081081,0.03730855855855856,0.013637387387387387,0.020889639639639638,0.025923423423423422,0.024335585585585587,0.028074324324324326,0.016891891891891893,0.01927927927927928,0.032004504504504504,0.01877252252252252,0.02918918918918919,0.023243243243243242,0.01742117117117117,0.01766891891891892,0.0020157657657657656,0.001768018018018018,0.0052927927927927925,0.010045045045045045,0.0005067567567567568,0.007815315315315315,0.002578828828828829,0.0004842342342342342,0.0038288288288288288,0.007376126126126126,0.015596846846846847,0.0015878378378378379,0.001632882882882883,0.0037837837837837837,0.0002927927927927928,0.0,0.0,0.007488738738738739,0.001385135135135135,2.2522522522522523e-05,2.2522522522522523e-05,0.0017905405405405405,1.1261261261261261e-05,1.1261261261261261e-05,0.0,0.0,0.0,0.0,0.0,0.0,0.0,0.0,0.0,0.0,0.0,0.0,0.0,0.0,0.0,0.0,0.0,0.0,0.0,0.0,0.0,0.0,0.0,0.0,0.0,nan,nan,4.310344827586207,2.9004427266652786,nan,0.921765088623613,0.0227757880224935,0.0,0.0,0.0,0.0,0.0,0.0,0.0,0.0,0.0,0.0,0.0,0.0,0.0,0.0,0.0,0.0,0.0,0.0,0.0,0.0,0.0,0.0,0.0,0.0,0.0,0.2588438308886972,4.840379637618637,15.841242450388268,8.23123382226057,0.8283002588438311,0.9219304470101356,0.02323593844895589,0.0,0.0,0.0,0.0,0.0,0.0,0.0,0.0,0.0,0.0,0.0,0.0,0.0,0.0,0.0,0.0,0.0,0.0,0.0,0.0,0.0,0.0,0.0,0.0,0.0,0.2686145146088596,4.976437323279925,15.311027332704999,8.638077285579644,0.805843543826579,0.356,0.02316,0.0,0.0,0.0,0.0,0.0,0.0,0.0,0.0,0.22001725625539262,5.0992234685073345,14.922346850733394,8.994823123382213,0.7635893011216568,0.0,0.0,0.0,0.0,0.0,0.0,0.0,0.0,0.0,0.0,0.0,0.0,0.0,0.0,0.0,0.0,0.0,0.3552,0.02315,0.0,0.0,0.0,0.0,0.0,0.0,0.0,0.0,0.19792648444863342,5.230914231856739,15.141376060320455,8.623939679547584,0.7917059377945337,0.014137606032045244,0.0,0.0,0.0,0.0,0.0,0.0,0.0,0.0,0.0,0.0,0.0,0.0,0.0,0.0,0.0,0.0
93600,4325,2225,0.5144508670520231,1043,881,0.44485549132947977,1198,0.5539884393063583,0.414,2.9233333333333333,3.070028436867418,6.595706618962433,1.9904196732460517,9308.732285652573,1414.3090986907212,7853.0,10748.866748929024,10682.681858628037,18.04273057608491,7853.0,0.0,27.391907514450867,20.732085193655646,32.30022075055188,19.07098219762617,0.1417341040462428,0.10497109826589596,0.096878612716763,0.08855491329479769,0.07791907514450867,0.07653179190751445,0.06797687861271676,0.06890173410404624,0.055491329479768786,0.04369942196531792,0.05017341040462428,0.03676300578034682,0.028208092485549133,0.026589595375722544,0.019884393063583816,0.009479768786127168,0.006242774566473989,0.9218595278469813,0.023056900918740453,0.0,0.0,0.0,0.0,0.0,0.0,0.0,0.0,0.0,0.0,0.0,0.0,0.0,0.0,0.0,0.0,0.0,0.0,0.0,0.0,0.0,0.0,0.0,0.0,0.0,0.2219653179190752,4.904046242774568,15.544508670520235,8.441618497109829,0.8878612716763008,4.253469685902118,2.833206777146461,nan,nan,nan,4.279715302491103,2.8618327609571357,4.226726726726727,2.8033024990709965,0.987618668061043,0.3542,0.02324,0.0,0.0,0.0,0.0,0.0,0.0,0.0,0.0,0.3121387283236995,5.084393063583816,15.593063583815033,8.233526011560683,0.7699421965317921,0.0069364161849711,0.0,0.0,0.0,0.0,0.0,0.0,0.0,0.0,0.0,0.0,0.0,0.0,0.0,0.0,0.0,0.0,nan,nan,4.253469685902118,2.833206777146461,nan,0.3542,0.11896,0.0,0.0,0.00013872832369942197,0.0,0.00012716763005780348,1.1560693641618498e-05,0.005052023121387283,0.0031907514450867053,0.0,0.0019421965317919076,0.00545664739884393,0.0006589595375722544,0.0031213872832369944,0.0025202312138728326,0.0015144508670520231,0.006924855491329479,0.006057803468208093,0.039294797687861274,0.0041734104046242775,0.00900578034682081,0.019317919075144508,0.004890173410404625,0.015075144508670521,0.030115606936416184,0.025063583815028902,0.03260115606936416,0.020867052023121387,0.02531791907514451,0.031791907514450865,0.043572254335260116,0.012566473988439306,0.05142196531791907,0.02446242774566474,0.028658959537572255,0.023653179190751446,0.042947976878612716,0.06223121387283237,0.01961849710982659,0.03757225433526012,0.01446242774566474,0.020138728323699423,0.02729479768786127,0.026346820809248554,0.02708670520231214,0.017017341040462427,0.019005780346820808,0.03269364161849711,0.01699421965317919,0.029121387283236995,0.0230635838150289,0.016254335260115608,0.01708670520231214,0.001976878612716763,0.0023468208092485548,0.004959537572254335,0.008959537572254336,0.0007398843930635839,0.005815028901734104,0.002323699421965318,0.0006242774566473988,0.004196531791907514,0.008069364161849711,0.01639306358381503,0.0013063583815028901,0.002277456647398844,0.003098265895953757,0.0003468208092485549,3.468208092485549e-05,0.0,0.006265895953757226,0.0012138728323699422,5.7803468208092484e-05,3.468208092485549e-05,0.001421965317919075,3.468208092485549e-05,0.0,0.0,0.0,0.0,0.0,0.0,0.0,0.0,0.0,0.0,0.0,0.0,0.0,0.0,0.0,0.0,0.0,0.0,0.0,0.0,0.0,0.0,0.0,0.0,0.0,0.0,nan,nan,4.253469685902118,2.833206777146461,nan,0.9230074608995673,0.02301826175976829,0.0,0.0,0.0,0.0,0.0,0.0,0.0,0.0,0.0,0.0,0.0,0.0,0.0,0.0,0.0,0.0,0.0,0.0,0.0,0.0,0.0,0.0,0.0,0.0,0.0,0.18876404494382026,4.489887640449439,15.519101123595508,8.84494382022472,0.9573033707865171,0.9206432654460271,0.023035439523502763,0.0,0.0,0.0,0.0,0.0,0.0,0.0,0.0,0.0,0.0,0.0,0.0,0.0,0.0,0.0,0.0,0.0,0.0,0.0,0.0,0.0,0.0,0.0,0.0,0.0,0.2571428571428572,5.342857142857143,15.571428571428575,8.014285714285716,0.8142857142857145,0.3545,0.0233,0.0,0.0,0.0,0.0,0.0,0.0,0.0,0.0,0.32359550561797756,5.042696629213484,15.519101123595508,8.373033707865156,0.7415730337078654,0.0,0.0,0.0,0.0,0.0,0.0,0.0,0.0,0.0,0.0,0.0,0.0,0.0,0.0,0.0,0.0,0.0,0.3542,0.02318,0.0,0.0,0.0,0.0,0.0,0.0,0.0,0.0,0.30000000000000004,5.128571428571429,15.671428571428574,8.085714285714273,0.8000000000000003,0.014285714285714289,0.0,0.0,0.0,0.0,0.0,0.0,0.0,0.0,0.0,0.0,0.0,0.0,0.0,0.0,0.0,0.0
93700,4217,2151,0.5100782546834243,1024,898,0.4557742470950913,1226,0.5814560113824994,0.41,2.8412391093901257,2.9307864820932457,6.259194395796848,2.0362903796785456,9295.602316959452,1413.8715921719956,7853.0,10750.776186704636,10681.198033760116,18.217732883732708,7853.0,0.0,28.357600189708325,20.927445260248152,33.22156697556866,19.129997524705,0.13611572207730613,0.09675124496087266,0.08631728717097463,0.09200853687455537,0.07872895423286697,0.07540905857244487,0.07374911074223381,0.06568650699549443,0.05572682001422812,0.05548968460991226,0.047189945458857005,0.036755987668958975,0.035807446051695516,0.02561062366611335,0.01968223855821674,0.011619634811477354,0.007351197533791795,0.9217619603212224,0.02306295530870287,0.0,0.0,0.0,0.0,0.0,0.0,0.0,0.0,0.0,0.0,0.0,0.0,0.0,0.0,0.0,0.0,0.0,0.0,0.0,0.0,0.0,0.0,0.0,0.0,0.0,0.20630780175480204,4.887360682949965,15.87858667299028,8.174057386767846,0.8536874555371119,4.051891891891892,2.7096442748856804,nan,nan,nan,4.1346433770014555,2.6940133877494308,3.972857142857143,2.722258591084744,0.9608705710765207,0.3535,0.02284,0.0,0.0,0.0,0.0,0.0,0.0,0.0,0.0,0.313018733696941,5.442257529049088,15.49442731799858,8.174057386767833,0.5691249703580745,0.007114062129475933,0.0,0.0,0.0,0.0,0.0,0.0,0.0,0.0,0.0,0.0,0.0,0.0,0.0,0.0,0.0,0.0,nan,nan,4.051891891891892,2.7096442748856804,nan,0.3535,0.1181,0.0,0.0,0.0002015650936684847,0.0,9.485416172634575e-05,0.0,0.005003557031064738,0.003201327958264169,3.557031064737965e-05,0.0017073749110742234,0.005703106473796538,0.0005809817405738677,0.0027507706900640264,0.0017073749110742234,0.001624377519563671,0.0077069006402655914,0.005797960635522884,0.03938819065686507,0.0041261560350960395,0.009011145364002845,0.019848233341237847,0.005133981503438464,0.014749822148446763,0.027946407398624615,0.024899217453165756,0.03184728479962058,0.02299027744842305,0.022966563907991462,0.031930282191131136,0.04605169551814086,0.014690538297367797,0.05181408584301636,0.02442494664453403,0.030922456722788712,0.023334123784681055,0.041593549917002606,0.06612520749347878,0.01827128290253735,0.03806023239269623,0.015876215318947118,0.020713777566990752,0.02671330329618212,0.027472136589992886,0.02940479013516718,0.014690538297367797,0.018875978183542804,0.029843490633151528,0.01569836376571022,0.02686744130898743,0.024140384159354992,0.01543751482096277,0.016706189234052645,0.0018259426132321555,0.002715200379416647,0.004256580507469765,0.00799146312544463,0.0005572682001422812,0.006070666350486128,0.002833768081574579,0.0007351197533791795,0.004375148209627698,0.00792032250414987,0.01620820488498933,0.0008536874555371117,0.0025136352857481623,0.003082760256106237,0.0003438463362580033,7.11406212947593e-05,1.1856770215793218e-05,0.0068176428740811005,0.0009011145364002846,0.0,3.557031064737965e-05,0.0011382499407161489,5.928385107896609e-05,0.0,0.0,0.0,0.0,0.0,0.0,0.0,0.0,0.0,0.0,0.0,0.0,0.0,0.0,0.0,0.0,0.0,0.0,0.0,0.0,0.0,0.0,0.0,0.0,0.0,0.0,nan,nan,4.051891891891892,2.7096442748856804,nan,0.9214205275796724,0.022906750283440143,0.0,0.0,0.0,0.0,0.0,0.0,0.0,0.0,0.0,0.0,0.0,0.0,0.0,0.0,0.0,0.0,0.0,0.0,0.0,0.0,0.0,0.0,0.0,0.0,0.0,0.1673640167364017,5.076708507670852,15.941422594142264,8.033472803347282,0.7810320781032081,0.9221174403924102,0.023219136471458436,0.0,0.0,0.0,0.0,0.0,0.0,0.0,0.0,0.0,0.0,0.0,0.0,0.0,0.0,0.0,0.0,0.0,0.0,0.0,0.0,0.0,0.0,0.0,0.0,0.0,0.24685382381413365,4.690222652468539,15.813165537270091,8.320425943852857,0.9293320425943855,0.3533,0.02272,0.0,0.0,0.0,0.0,0.0,0.0,0.0,0.0,0.29288702928870297,5.509065550906556,15.634588563458859,7.977684797768468,0.5718270571827059,0.013947001394700143,0.0,0.0,0.0,0.0,0.0,0.0,0.0,0.0,0.0,0.0,0.0,0.0,0.0,0.0,0.0,0.0,0.3538,0.02295,0.0,0.0,0.0,0.0,0.0,0.0,0.0,0.0,0.33397870280735725,5.3727008712487905,15.348499515972899,8.378509196514992,0.5663117134559537,0.0,0.0,0.0,0.0,0.0,0.0,0.0,0.0,0.0,0.0,0.0,0.0,0.0,0.0,0.0,0.0,0.0
93800,3987,2079,0.5214446952595937,955,815,0.4439428141459744,1125,0.5643340857787811,0.418,2.9779874213836477,3.0532550825999603,6.511363636363637,2.1257493412225226,9327.973027144364,1413.070058891351,7853.0,10742.477388739586,10681.62792651495,17.654614309870528,7853.0,0.0,27.981941309255077,21.104138815354784,32.94532417089931,19.403111279250833,0.1397040381239027,0.09907198394783046,0.09756709305242037,0.0835214446952596,0.08402307499372962,0.07800351141208929,0.06471030850263355,0.06646601454727866,0.05517933283170304,0.04439428141459744,0.044143466265362426,0.04113368447454226,0.03686982693754703,0.02758966641585152,0.01931276649109606,0.009781790820165538,0.008527715073990468,0.9221118091639942,0.023144369822516785,0.0,0.0,0.0,0.0,0.0,0.0,0.0,0.0,0.0,0.0,0.0,0.0,0.0,0.0,0.0,0.0,0.0,0.0,0.0,0.0,0.0,0.0,0.0,0.0,0.0,0.23325808878856288,4.860797592174568,15.537998495109107,8.487584650112868,0.8803611738148986,4.206386292834891,2.8106533580959385,nan,nan,nan,4.1434108527131785,2.8039934136438673,4.272513703993735,2.815546563608605,1.0311585927318836,0.353,0.02264,0.0,0.0,0.0,0.0,0.0,0.0,0.0,0.0,0.23325808878856288,5.635816403310761,15.74115876598947,7.900677200902924,0.489089541008277,0.0,0.0,0.0,0.0,0.0,0.0,0.0,0.0,0.0,0.0,0.0,0.0,0.0,0.0,0.0,0.0,0.0,nan,nan,4.206386292834891,2.8106533580959385,nan,0.3533,0.11896,0.0,0.0,2.508151492350138e-05,0.0,1.254075746175069e-05,2.508151492350138e-05,0.005267118133935289,0.003987960872836719,0.00015048908954100828,0.0017180837722598444,0.006596438424880863,0.000526711813393529,0.0027715073990469026,0.0016428392274893404,0.0021193880110358665,0.00890393779784299,0.005379984951091046,0.04088286932530725,0.004640080260847755,0.007399046902432907,0.017494356659142212,0.006207674943566591,0.014873338349636318,0.02869325307248558,0.022485578128918986,0.029031853523952846,0.024630047654878355,0.022322548281916228,0.03399799347880612,0.04780536744419363,0.014484574868322046,0.05146726862302483,0.025859041886129922,0.030072736393278152,0.0236267870579383,0.043779784298971655,0.06319287684976173,0.016227740155505394,0.03709556057185854,0.017745171808377227,0.019889641334336593,0.0254828191622774,0.02616002006521194,0.030825181840983196,0.014961123651868573,0.019112114371708053,0.029533483822422876,0.01583897667419112,0.028442437923250564,0.02380235766240281,0.013243039879608728,0.017193378480060195,0.001655379984951091,0.0028969149736644095,0.004025583145221972,0.007787810383747178,0.0006144971156257838,0.005505392525708553,0.0031728116378229245,0.0007900677200902935,0.004489591171306747,0.008201655379984952,0.017243541509907197,0.0008653122648607976,0.0023200401304238776,0.004288939051918736,0.0002633559066967645,0.0001128668171557562,1.254075746175069e-05,0.006333082518184098,0.0008402307499372963,0.0,1.254075746175069e-05,0.0008778530223225483,6.270378730875344e-05,0.0,0.0,0.0,0.0,0.0,0.0,0.0,0.0,0.0,0.0,0.0,0.0,0.0,0.0,0.0,0.0,0.0,0.0,0.0,0.0,0.0,0.0,0.0,0.0,0.0,0.0,nan,nan,4.206386292834891,2.8106533580959385,nan,0.9222369990766249,0.023165142988393336,0.0,0.0,0.0,0.0,0.0,0.0,0.0,0.0,0.0,0.0,0.0,0.0,0.0,0.0,0.0,0.0,0.0,0.0,0.0,0.0,0.0,0.0,0.0,0.0,0.0,0.3174603174603175,4.545454545454547,15.541125541125545,8.701298701298702,0.8946608946608949,0.921975399400703,0.023120941978866487,0.0,0.0,0.0,0.0,0.0,0.0,0.0,0.0,0.0,0.0,0.0,0.0,0.0,0.0,0.0,0.0,0.0,0.0,0.0,0.0,0.0,0.0,0.0,0.0,0.0,0.14150943396226418,5.204402515723271,15.534591194968558,8.254716981132077,0.8647798742138367,0.3533,0.02281,0.0,0.0,0.0,0.0,0.0,0.0,0.0,0.0,0.25974025974025977,5.743145743145744,15.3968253968254,8.15295815295814,0.44733044733044747,0.0,0.0,0.0,0.0,0.0,0.0,0.0,0.0,0.0,0.0,0.0,0.0,0.0,0.0,0.0,0.0,0.0,0.353,0.02242,0.0,0.0,0.0,0.0,0.0,0.0,0.0,0.0,0.2044025157232705,5.518867924528303,16.116352201257865,7.625786163522001,0.5345911949685536,0.0,0.0,0.0,0.0,0.0,0.0,0.0,0.0,0.0,0.0,0.0,0.0,0.0,0.0,0.0,0.0,0.0
93900,3970,2044,0.5148614609571789,963,795,0.4428211586901763,1092,0.5501259445843829,0.434,3.073208722741433,3.259834355609049,6.9695238095238095,2.198489689787008,9309.883393708615,1414.2647068502458,7853.0,10741.580737233162,10682.660994629745,18.051498548750065,7853.0,0.0,27.844332493702773,20.961568513096687,32.79945962173522,19.249004614089504,0.1397984886649874,0.10403022670025189,0.09748110831234257,0.07959697732997481,0.0818639798488665,0.07581863979848867,0.0690176322418136,0.0619647355163728,0.05692695214105793,0.05037783375314862,0.044836272040302265,0.038790931989924435,0.0327455919395466,0.03198992443324937,0.019395465994962217,0.010075566750629723,0.005289672544080605,0.9222284684703692,0.022697209623915377,0.0,0.0,0.0,0.0,0.0,0.0,0.0,0.0,0.0,0.0,0.0,0.0,0.0,0.0,0.0,0.0,0.0,0.0,0.0,0.0,0.0,0.0,0.0,0.0,0.0,0.2493702770780857,4.730478589420656,15.68010075566751,8.516372795969776,0.8236775818639801,4.343676355066771,3.0212837039385154,nan,nan,nan,4.331225296442688,3.0531803674784985,4.355971896955504,2.9894005851834238,1.0057135334273977,0.355,0.02332,0.0,0.0,0.0,0.0,0.0,0.0,0.0,0.0,0.2720403022670026,5.274559193954661,14.939546599496225,8.758186397984874,0.7556675062972293,0.0,0.0,0.0,0.0,0.0,0.0,0.0,0.0,0.0,0.0,0.0,0.0,0.0,0.0,0.0,0.0,0.0,nan,nan,4.343676355066771,3.0212837039385154,nan,0.355,0.11926,0.0,0.0,5.0377833753148616e-05,0.0,0.0,0.0,0.005667506297229219,0.003123425692695214,0.00011335012594458438,0.001146095717884131,0.006272040302267003,0.000654911838790932,0.0024937027707808562,0.0015491183879093198,0.002204030226700252,0.009206549118387908,0.005591939546599496,0.03914357682619647,0.0046599496221662465,0.008211586901763225,0.016939546599496223,0.006171284634760705,0.014722921914357683,0.026347607052896724,0.02292191435768262,0.027141057934508817,0.023136020151133502,0.022317380352644835,0.035277078085642316,0.04930730478589421,0.015743073047858942,0.05080604534005038,0.027556675062972293,0.030377833753148616,0.0267632241813602,0.03920654911838791,0.06575566750629723,0.01690176322418136,0.03516372795969773,0.018198992443324936,0.018904282115869017,0.027506297229219143,0.02531486146095718,0.02889168765743073,0.013715365239294711,0.01959697732997481,0.031045340050377835,0.015465994962216624,0.02889168765743073,0.02221662468513854,0.014445843828715365,0.016838790931989926,0.0019269521410579344,0.0032997481108312343,0.004508816120906801,0.007178841309823677,0.0005415617128463476,0.005856423173803527,0.004030226700251889,0.0009571788413098237,0.004168765743073048,0.008753148614609572,0.017506297229219144,0.0010075566750629723,0.0027204030226700253,0.0046095717884130985,6.297229219143577e-05,0.0001385390428211587,3.778337531486146e-05,0.006662468513853904,0.000818639798488665,0.0,1.2594458438287154e-05,0.0014105793450881613,0.00011335012594458438,0.0,0.0,0.0,0.0,0.0,0.0,0.0,0.0,0.0,0.0,0.0,0.0,0.0,0.0,0.0,0.0,0.0,0.0,0.0,0.0,0.0,0.0,0.0,0.0,0.0,0.0,nan,nan,4.343676355066771,3.0212837039385154,nan,0.922542782008298,0.02266286334782409,0.0,0.0,0.0,0.0,0.0,0.0,0.0,0.0,0.0,0.0,0.0,0.0,0.0,0.0,0.0,0.0,0.0,0.0,0.0,0.0,0.0,0.0,0.0,0.0,0.0,0.24951076320939342,4.623287671232878,15.616438356164387,8.68884540117417,0.8219178082191783,0.9218948979244054,0.022728849727954643,0.0,0.0,0.0,0.0,0.0,0.0,0.0,0.0,0.0,0.0,0.0,0.0,0.0,0.0,0.0,0.0,0.0,0.0,0.0,0.0,0.0,0.0,0.0,0.0,0.0,0.2492211838006231,4.844236760124612,15.747663551401873,8.333333333333336,0.8255451713395641,0.3547,0.02345,0.0,0.0,0.0,0.0,0.0,0.0,0.0,0.0,0.35225048923679064,5.166340508806263,14.809197651663409,8.967710371819948,0.7045009784735813,0.0,0.0,0.0,0.0,0.0,0.0,0.0,0.0,0.0,0.0,0.0,0.0,0.0,0.0,0.0,0.0,0.0,0.355,0.02318,0.0,0.0,0.0,0.0,0.0,0.0,0.0,0.0,0.1869158878504673,5.389408099688475,15.077881619937699,8.535825545171326,0.8099688473520251,0.0,0.0,0.0,0.0,0.0,0.0,0.0,0.0,0.0,0.0,0.0,0.0,0.0,0.0,0.0,0.0,0.0
94000,4173,2122,0.5085070692547328,994,891,0.4517133956386293,1206,0.578001437814522,0.39399999999999996,3.0419307654802537,3.0606094263300836,6.485294117647059,2.088275568054976,9291.845933014301,1414.630828055901,7853.0,10743.599078178406,10682.549518599755,18.401142734358732,7853.0,0.0,28.308171579199616,21.09586764661542,33.263457704357734,19.3278782073054,0.13755092259765156,0.102803738317757,0.08554996405463695,0.08483105679367361,0.08291397076443806,0.07284926911095135,0.06949436855978912,0.06470165348670022,0.0603882099209202,0.05271986580397795,0.04888569374550683,0.03786244907740235,0.03666427030913012,0.02372393961179008,0.016055595494847832,0.012940330697340043,0.010064701653486701,0.9209523816603481,0.02304523474360571,0.0,0.0,0.0,0.0,0.0,0.0,0.0,0.0,0.0,0.0,0.0,0.0,0.0,0.0,0.0,0.0,0.0,0.0,0.0,0.0,0.0,0.0,0.0,0.0,0.0,0.20848310567936743,5.355859094176852,15.557153127246588,8.152408339324229,0.7260963335729692,4.356880058866814,2.8216436131281166,nan,nan,nan,4.314787701317716,2.859655408347312,4.400444115470022,2.7828330320611507,1.0198518258792078,0.3562,0.02353,0.0,0.0,0.0,0.0,0.0,0.0,0.0,0.0,0.27318475916606766,4.802300503235084,14.586628324946085,9.511143062544917,0.819554277498203,0.007189072609633359,0.0,0.0,0.0,0.0,0.0,0.0,0.0,0.0,0.0,0.0,0.0,0.0,0.0,0.0,0.0,0.0,nan,nan,4.356880058866814,2.8216436131281166,nan,0.3562,0.11957,0.0,0.0,0.0,0.0,0.0,0.0,0.00555954948478313,0.002923556194584232,0.00031152647975077883,0.001461778097292116,0.006625928588545411,0.0004912532949916127,0.001557632398753894,0.0013060148574167267,0.0020728492691109513,0.008770668583752696,0.0056913491492930745,0.03818595734483585,0.005331895518811407,0.008734723220704529,0.017241792475437334,0.006074766355140187,0.015923795830337886,0.024910136592379582,0.021459381739755572,0.02525760843517853,0.023448358495087467,0.023484303858135634,0.03606518092499401,0.04937694704049844,0.01546848789839444,0.0471483345315121,0.026288042175892642,0.029379343398034986,0.02653965971722981,0.035885454109753176,0.07047687514977234,0.01689432063263839,0.036161035226455786,0.0192667145938174,0.02256170620656602,0.02627606038820992,0.027665947759405705,0.029798705966930267,0.0130242032111191,0.02054876587586868,0.03009825065899832,0.014701653486700215,0.02653965971722981,0.02054876587586868,0.014749580637431104,0.017996645099448837,0.0017133956386292835,0.004672897196261682,0.00492451473759885,0.008375269590222861,0.0005990893841361131,0.006985382219027079,0.0031751737359213997,0.001186196980589504,0.003558590941768512,0.008998322549724418,0.017229810687754612,0.0012101605559549486,0.002408339324227175,0.004493170381020848,0.0001317996645099449,1.1981787682722263e-05,0.0,0.006709801102324467,0.0010663791037622814,0.0,0.0,0.0019530313922837288,0.00031152647975077883,0.0,0.0,0.0,0.0,0.0,0.0,0.0,0.0,0.0,0.0,0.0,0.0,0.0,0.0,0.0,0.0,0.0,0.0,0.0,0.0,0.0,0.0,0.0,0.0,0.0,0.0,nan,nan,4.356880058866814,2.8216436131281166,nan,0.9207846080492849,0.023527343561734856,0.0,0.0,0.0,0.0,0.0,0.0,0.0,0.0,0.0,0.0,0.0,0.0,0.0,0.0,0.0,0.0,0.0,0.0,0.0,0.0,0.0,0.0,0.0,0.0,0.0,0.19792648444863342,5.669180018850143,15.056550424128185,8.270499528746468,0.805843543826579,0.9211259631341053,0.02253426896295294,0.0,0.0,0.0,0.0,0.0,0.0,0.0,0.0,0.0,0.0,0.0,0.0,0.0,0.0,0.0,0.0,0.0,0.0,0.0,0.0,0.0,0.0,0.0,0.0,0.0,0.21940516821062903,5.031691857630425,16.075085324232084,8.030229156509021,0.6435884934178451,0.3564,0.0236,0.0,0.0,0.0,0.0,0.0,0.0,0.0,0.0,0.24033930254476915,4.990574929311971,14.377945334590013,9.655984919886885,0.7210179076343074,0.014137606032045244,0.0,0.0,0.0,0.0,0.0,0.0,0.0,0.0,0.0,0.0,0.0,0.0,0.0,0.0,0.0,0.0,0.3562,0.02347,0.0,0.0,0.0,0.0,0.0,0.0,0.0,0.0,0.3071672354948806,4.607508532423209,14.802535348610437,9.36128717698682,0.9215017064846419,0.0,0.0,0.0,0.0,0.0,0.0,0.0,0.0,0.0,0.0,0.0,0.0,0.0,0.0,0.0,0.0,0.0
94100,4005,2089,0.5215980024968789,994,801,0.44818976279650435,1115,0.5568039950062422,0.40599999999999997,2.9686847599164925,3.0313360880825786,6.463063063063063,2.0098822487102836,9328.90846946921,1413.535143786628,7853.0,10739.835314631462,10682.589957024504,18.13965351264342,7853.0,0.0,28.94956304619226,21.18176383200981,33.880059084194976,19.319343089927944,0.13458177278401998,0.09538077403245943,0.08589263420724094,0.08389513108614233,0.08164794007490636,0.07116104868913857,0.07116104868913857,0.06791510611735331,0.05942571785268414,0.05343320848938826,0.04794007490636704,0.04469413233458177,0.03695380774032459,0.02571785268414482,0.019225967540574283,0.013982521847690388,0.006991260923845194,0.9214853227212932,0.02313166614169014,0.0,0.0,0.0,0.0,0.0,0.0,0.0,0.0,0.0,0.0,0.0,0.0,0.0,0.0,0.0,0.0,0.0,0.0,0.0,0.0,0.0,0.0,0.0,0.0,0.0,0.30711610486891394,5.138576779026218,15.580524344569293,8.17228464419476,0.8014981273408242,4.200681560015146,2.8696032450924904,nan,nan,nan,4.139711465451784,2.880074912860398,4.26077097505669,2.8588664131536614,1.029243465544692,0.3555,0.02281,0.0,0.0,0.0,0.0,0.0,0.0,0.0,0.0,0.20973782771535587,4.838951310861424,15.588014981273412,8.629213483146055,0.7265917602996256,0.007490636704119852,0.0,0.0,0.0,0.0,0.0,0.0,0.0,0.0,0.0,0.0,0.0,0.0,0.0,0.0,0.0,0.0,nan,nan,4.200681560015146,2.8696032450924904,nan,0.3555,0.1197,0.0,0.0,0.0,0.0,0.0,6.242197253433208e-05,0.005405742821473158,0.0027465667915106116,0.00016229712858926342,0.002197253433208489,0.0064419475655430715,0.0003745318352059925,0.0011111111111111111,0.0014606741573033708,0.0027091136079900125,0.008114856429463172,0.004856429463171036,0.038352059925093634,0.0058052434456928835,0.008426966292134831,0.016504369538077403,0.007815230961298377,0.017016229712858925,0.027053682896379525,0.021972534332084893,0.02453183520599251,0.024831460674157303,0.02250936329588015,0.03372034956304619,0.04891385767790262,0.015280898876404495,0.04887640449438202,0.027890137328339577,0.029975031210986266,0.02906367041198502,0.03644194756554307,0.0720474406991261,0.017240948813982523,0.03406991260923845,0.016004993757802746,0.021785268414481897,0.025630461922596753,0.026853932584269664,0.02857677902621723,0.011697877652933833,0.02149812734082397,0.03103620474406991,0.015930087390761547,0.02579275905118602,0.020249687890137327,0.014469413233458177,0.01795255930087391,0.0017228464419475654,0.004406991260923845,0.005068664169787765,0.006966292134831461,0.0009363295880149813,0.007740324594257179,0.0026716604244694134,0.0012983770287141073,0.0033083645443196005,0.007902621722846443,0.016953807740324595,0.0017228464419475654,0.0025593008739076156,0.004169787765293384,0.00023720349563046192,0.0,0.0,0.0074032459425717855,0.0011610486891385767,0.0,0.0,0.0019975031210986267,0.00031210986267166043,0.0,0.0,0.0,0.0,0.0,0.0,0.0,0.0,0.0,0.0,0.0,0.0,0.0,0.0,0.0,0.0,0.0,0.0,0.0,0.0,0.0,0.0,0.0,0.0,0.0,0.0,nan,nan,4.200681560015146,2.8696032450924904,nan,0.921830368247427,0.023102317035212996,0.0,0.0,0.0,0.0,0.0,0.0,0.0,0.0,0.0,0.0,0.0,0.0,0.0,0.0,0.0,0.0,0.0,0.0,0.0,0.0,0.0,0.0,0.0,0.0,0.0,0.3159406414552418,4.968884633796075,15.595978937290573,8.358066060315942,0.7611297271421735,0.9211091222494281,0.023157765251549466,0.0,0.0,0.0,0.0,0.0,0.0,0.0,0.0,0.0,0.0,0.0,0.0,0.0,0.0,0.0,0.0,0.0,0.0,0.0,0.0,0.0,0.0,0.0,0.0,0.0,0.2974947807933195,5.323590814196243,15.563674321503136,7.969728601252611,0.8455114822546975,0.3555,0.02301,0.0,0.0,0.0,0.0,0.0,0.0,0.0,0.0,0.2297750119674486,4.925801819052179,15.38056486357109,8.688367640019136,0.7611297271421735,0.014360938247965537,0.0,0.0,0.0,0.0,0.0,0.0,0.0,0.0,0.0,0.0,0.0,0.0,0.0,0.0,0.0,0.0,0.3552,0.02258,0.0,0.0,0.0,0.0,0.0,0.0,0.0,0.0,0.18789144050104387,4.744258872651358,15.814196242171194,8.564718162839235,0.6889352818371609,0.0,0.0,0.0,0.0,0.0,0.0,0.0,0.0,0.0,0.0,0.0,0.0,0.0,0.0,0.0,0.0,0.0
94200,3753,1944,0.5179856115107914,920,763,0.44844124700239807,1051,0.5600852651212364,0.426,3.0243228302929794,3.1414884343095326,6.724334600760456,2.077870233998049,9317.99536175198,1413.271767775275,7853.0,10744.668297290802,10681.254934493407,18.016687405975347,7853.0,0.0,27.91633359978684,21.00365852408349,32.96530872056015,19.229635277342087,0.14575006661337597,0.09352517985611511,0.09325872635225153,0.08713029576338929,0.08659738875566214,0.07993605115907274,0.05941913136157741,0.058886224353850256,0.05941913136157741,0.05329070077271516,0.04689581667998934,0.03490540900612843,0.032773780975219824,0.0341060484945377,0.018118838262723154,0.010125233146815881,0.005861977084998668,0.9200322442362221,0.023304567347521284,0.0,0.0,0.0,0.0,0.0,0.0,0.0,0.0,0.0,0.0,0.0,0.0,0.0,0.0,0.0,0.0,0.0,0.0,0.0,0.0,0.0,0.0,0.0,0.0,0.007993605115907276,0.31974420463629105,5.491606714628299,15.467625899280579,8.105515587529977,0.6075139888089529,4.315356113627007,2.9230868777015626,nan,nan,nan,4.281224818694601,2.980307721739069,4.350463352990733,2.862800257063265,1.016172599484566,0.355,0.02254,0.0,0.0,0.0,0.0,0.0,0.0,0.0,0.0,0.21582733812949648,5.099920063948842,15.339728217426064,8.864908073541153,0.4716227018385293,0.007993605115907276,0.0,0.0,0.0,0.0,0.0,0.0,0.0,0.0,0.0,0.0,0.0,0.0,0.0,0.0,0.0,0.0,nan,nan,4.315356113627007,2.9230868777015626,nan,0.355,0.1189,0.0,0.0,0.0,0.0,0.0,9.325872635225153e-05,0.0058220090594191315,0.0024913402611244336,3.9968025579536374e-05,0.0027844391153743673,0.0068745003996802554,0.0003863575806021849,0.0008126831867839062,0.0017319477751132426,0.0025046629363176124,0.00826005861977085,0.0039035438316013856,0.036650679456434854,0.005702104982680522,0.009485744737543298,0.016480149213962163,0.00671462829736211,0.019544364508393284,0.027498001598721022,0.022741806554756196,0.024860111910471622,0.02256861177724487,0.02323474553690381,0.03430588862243539,0.04805488942179589,0.01565414335198508,0.04789501731947775,0.02796429523048228,0.03177458033573141,0.02832400746069811,0.03639754862776445,0.06918465227817745,0.017865707434052757,0.034079403144151345,0.015254463096189715,0.022009059419131363,0.029056754596322943,0.02553956834532374,0.028457234212629898,0.011390887290167866,0.021662669864108714,0.030229150013322676,0.017146282973621103,0.025366373567812416,0.020370370370370372,0.015254463096189715,0.017092992272848388,0.002025046629363176,0.004862776445510258,0.006075139888089528,0.007953637090327738,0.0010924593658406608,0.009072741806554756,0.0023048228084199306,0.0016786570743405275,0.003756994404476419,0.007300826005861977,0.01465494271249667,0.001345590194511058,0.002611244337863043,0.002744471089794831,0.0006261657340794031,0.0,1.332267519317879e-05,0.00792699173994138,0.001079136690647482,0.0,0.0,0.001199040767386091,0.00014654942712496668,1.332267519317879e-05,0.0,0.0,0.0,0.0,0.0,0.0,0.0,0.0,0.0,0.0,0.0,0.0,0.0,0.0,0.0,0.0,0.0,0.0,0.0,0.0,0.0,0.0,0.0,0.0,0.0,nan,nan,4.315356113627007,2.9230868777015626,nan,0.9201616080086908,0.023582367900978434,0.0,0.0,0.0,0.0,0.0,0.0,0.0,0.0,0.0,0.0,0.0,0.0,0.0,0.0,0.0,0.0,0.0,0.0,0.0,0.0,0.0,0.0,0.0,0.0,0.0,0.33950617283950624,5.540123456790124,15.324074074074078,8.179012345679014,0.617283950617284,0.9198932264508827,0.023001484773742486,0.0,0.0,0.0,0.0,0.0,0.0,0.0,0.0,0.0,0.0,0.0,0.0,0.0,0.0,0.0,0.0,0.0,0.0,0.0,0.0,0.0,0.0,0.0,0.0,0.016583747927031513,0.29850746268656725,5.439469320066336,15.621890547263686,8.026533996683252,0.5970149253731345,0.3547,0.02235,0.0,0.0,0.0,0.0,0.0,0.0,0.0,0.0,0.20061728395061734,5.13888888888889,15.401234567901238,8.827160493827147,0.4320987654320989,0.0,0.0,0.0,0.0,0.0,0.0,0.0,0.0,0.0,0.0,0.0,0.0,0.0,0.0,0.0,0.0,0.0,0.3552,0.02272,0.0,0.0,0.0,0.0,0.0,0.0,0.0,0.0,0.23217247097844118,5.058043117744611,15.273631840796025,8.905472636815908,0.5140961857379769,0.016583747927031513,0.0,0.0,0.0,0.0,0.0,0.0,0.0,0.0,0.0,0.0,0.0,0.0,0.0,0.0,0.0,0.0
94300,4012,2107,0.5251744765702892,934,831,0.4399302093718844,1134,0.5653040877367896,0.40199999999999997,2.9716535433070868,3.0300740435448246,6.426966292134831,2.1691796225344815,9338.437629082831,1412.499324577725,7853.0,10736.916854977608,10681.465006113109,18.041350013211613,7853.0,0.0,28.39531405782652,21.110230516946892,33.20925434718538,19.395243942680374,0.13609172482552342,0.10244267198404786,0.09596211365902294,0.07452642073778663,0.07701894317048853,0.07876370887337986,0.07128614157527417,0.06530408773678963,0.05782652043868395,0.05134596211365902,0.04735792622133599,0.04386839481555334,0.033150548354935194,0.022681954137587237,0.02318045862412762,0.01321036889332004,0.005982053838484547,0.9199673477430287,0.023151968892993927,0.0,0.0,0.0,0.0,0.0,0.0,0.0,0.0,0.0,0.0,0.0,0.0,0.0,0.0,0.0,0.0,0.0,0.0,0.0,0.0,0.0,0.0,0.0,0.0,0.0,0.34396809571286147,5.35393818544367,16.001994017946163,7.701894317048855,0.5982053838484548,4.214618973561431,2.7945132260425023,nan,nan,nan,4.181176470588236,2.8144094543440668,4.247494217424826,2.7744225480451763,1.0158610255518012,0.3545,0.02242,0.0,0.0,0.0,0.0,0.0,0.0,0.0,0.0,0.23180458624127623,5.047357926221337,15.942173479561319,8.180458624127604,0.5982053838484548,0.0,0.0,0.0,0.0,0.0,0.0,0.0,0.0,0.0,0.0,0.0,0.0,0.0,0.0,0.0,0.0,0.0,nan,nan,4.214618973561431,2.7945132260425023,nan,0.3545,0.1187,0.0,0.0,0.0,0.0,2.4925224327018942e-05,8.72382851445663e-05,0.005458624127617148,0.00306580259222333,0.00016201395812562313,0.003364905284147557,0.006031904287138584,0.0006106679960119642,0.0009222333000997009,0.0016326021934197409,0.0033399800598205385,0.009371884346959123,0.00400049850448654,0.03559322033898305,0.0057452642073778665,0.009770687936191427,0.018033399800598204,0.0060194416749750745,0.019179960119641078,0.026296111665004986,0.021311066799601198,0.025510967098703888,0.022943668993020937,0.02239531405782652,0.0364531405782652,0.046198903290129614,0.01669990029910269,0.04704636091724825,0.027642073778664008,0.034135094715852445,0.028003489531405783,0.035904785643070786,0.06793369890329012,0.018768693918245264,0.03201645064805583,0.015441176470588236,0.021423230309072783,0.028788634097706878,0.025311565304087735,0.027255732801595215,0.010144566301096709,0.022819042871385843,0.03133100697906281,0.01696161515453639,0.02877617148554337,0.020550847457627117,0.01630109670987039,0.0169740777666999,0.0024551345962113657,0.004075274177467597,0.005932203389830509,0.0068295114656031905,0.0008349950149551346,0.010555832502492523,0.002666999002991027,0.0023678963110667995,0.0046360917248255236,0.006405782652043868,0.012786640079760717,0.0016450648055832502,0.00211864406779661,0.0024426719840478566,0.001084247258225324,2.4925224327018942e-05,1.2462612163509471e-05,0.00730309072781655,0.0008225324027916251,0.0,0.0,0.001109172482552343,0.00013708873379860418,0.0,0.0,0.0,0.0,0.0,0.0,0.0,0.0,0.0,0.0,0.0,0.0,0.0,0.0,0.0,0.0,0.0,0.0,0.0,0.0,0.0,0.0,0.0,0.0,0.0,0.0,nan,nan,4.214618973561431,2.7945132260425023,nan,0.9199919049695707,0.023296995147258637,0.0,0.0,0.0,0.0,0.0,0.0,0.0,0.0,0.0,0.0,0.0,0.0,0.0,0.0,0.0,0.0,0.0,0.0,0.0,0.0,0.0,0.0,0.0,0.0,0.0,0.38443284290460383,5.196962505932606,16.089226388229715,7.6886568580920756,0.6407214048410063,0.9199401865481078,0.022990468508655215,0.0,0.0,0.0,0.0,0.0,0.0,0.0,0.0,0.0,0.0,0.0,0.0,0.0,0.0,0.0,0.0,0.0,0.0,0.0,0.0,0.0,0.0,0.0,0.0,0.0,0.29921259842519693,5.527559055118111,15.905511811023626,7.716535433070868,0.5511811023622049,0.3552,0.02254,0.0,0.0,0.0,0.0,0.0,0.0,0.0,0.0,0.24205030849549128,4.798291409587091,15.93260560037969,8.286663502610335,0.7403891789273851,0.0,0.0,0.0,0.0,0.0,0.0,0.0,0.0,0.0,0.0,0.0,0.0,0.0,0.0,0.0,0.0,0.0,0.3538,0.02223,0.0,0.0,0.0,0.0,0.0,0.0,0.0,0.0,0.22047244094488194,5.3228346456692925,15.952755905511815,8.062992125984241,0.4409448818897639,0.0,0.0,0.0,0.0,0.0,0.0,0.0,0.0,0.0,0.0,0.0,0.0,0.0,0.0,0.0,0.0,0.0
94400,3967,2083,0.5250819258885808,984,798,0.44920594907990924,1104,0.556591883035039,0.426,3.071656050955414,3.188964386829623,6.798479087452471,2.1505321577111416,9338.263442562695,1412.5930983537921,7853.0,10750.509707450867,10681.631817881042,17.63644921616456,7853.0,0.0,28.08974035795311,21.01542552545088,33.11124473842453,19.23856338035933,0.1419208469876481,0.09881522561129318,0.09175699521048651,0.0867154020670532,0.07360725989412654,0.07814469372321653,0.07108646332240988,0.0642803125787749,0.057474161835139904,0.05369296697756491,0.04865137383413159,0.03554323166120494,0.03403075371817494,0.024451726745651627,0.0201663725737333,0.012856062515754978,0.006806150743634989,0.920999086441067,0.022821183551203144,0.0,0.0,0.0,0.0,0.0,0.0,0.0,0.0,0.0,0.0,0.0,0.0,0.0,0.0,0.0,0.0,0.0,0.0,0.0,0.0,0.0,0.0,0.0,0.0,0.0,0.24199647088479964,5.157549785732292,15.971767078396777,7.9253844214771885,0.703302243508949,4.355355746677091,2.9470159319479445,nan,nan,nan,4.385098039215686,2.960381117852452,4.325798908807482,2.9333750278258903,0.9864771255105599,0.3547,0.02301,0.0,0.0,0.0,0.0,0.0,0.0,0.0,0.0,0.2722460297453996,5.059238719435342,15.374338290899928,8.605999495840672,0.688177464078649,0.0,0.0,0.0,0.0,0.0,0.0,0.0,0.0,0.0,0.0,0.0,0.0,0.0,0.0,0.0,0.0,0.0,nan,nan,4.355355746677091,2.9470159319479445,nan,0.3547,0.1188,0.0,0.0,0.0,0.0,0.0,5.041593143433325e-05,0.004827325434837409,0.0028485001260398287,0.0003403075371817494,0.0031762036803629945,0.006705318880766322,0.0007814469372321653,0.0008192588858079153,0.0016637257373329972,0.0030879758003529117,0.009906730526846484,0.004121502394756743,0.035039072346861606,0.005545752457776657,0.009150491555331484,0.0195613813965213,0.006566675069321906,0.01814973531635997,0.025938996722964458,0.020683135870935215,0.023846735568439626,0.02316612049407613,0.022019158053945047,0.03820267204436602,0.047630451222586336,0.015956642298966473,0.04629442903957651,0.02823292160322662,0.03449710108394253,0.02742626670027729,0.04042097302747668,0.06657423745903705,0.017443912276279304,0.030426014620620116,0.015175195361734308,0.022573733299722714,0.0293798840433577,0.027287622888832873,0.02481724224855054,0.0092135114696244,0.02150239475674313,0.03292160322661961,0.01722964456768339,0.026997731283085455,0.02148979077388455,0.015465086967481724,0.01746912024199647,0.002369548777413663,0.0039702546004537435,0.006402823292160323,0.006566675069321906,0.0010209226115452483,0.011028485001260399,0.0021174691202419963,0.0020544492059490797,0.004953365263423242,0.006717922863624905,0.012919082430047895,0.001777161583060247,0.0024451726745651626,0.002230904965969246,0.0017141416687673305,3.781194857574994e-05,1.2603982858583313e-05,0.006667506932190572,0.001172170405848248,0.0,0.0,0.001083942525838165,0.0001008318628686665,1.2603982858583313e-05,0.0,0.0,0.0,0.0,0.0,0.0,0.0,0.0,0.0,0.0,0.0,0.0,0.0,0.0,0.0,0.0,0.0,0.0,0.0,0.0,0.0,0.0,0.0,0.0,0.0,nan,nan,4.355355746677091,2.9470159319479445,nan,0.9213463274321188,0.02261452551673811,0.0,0.0,0.0,0.0,0.0,0.0,0.0,0.0,0.0,0.0,0.0,0.0,0.0,0.0,0.0,0.0,0.0,0.0,0.0,0.0,0.0,0.0,0.0,0.0,0.0,0.21603456553048495,4.896783485357658,16.33221315410466,7.791646663466157,0.7633221315410468,0.9206151676595591,0.023041422736837115,0.0,0.0,0.0,0.0,0.0,0.0,0.0,0.0,0.0,0.0,0.0,0.0,0.0,0.0,0.0,0.0,0.0,0.0,0.0,0.0,0.0,0.0,0.0,0.0,0.0,0.2707006369426752,5.445859872611466,15.573248407643316,8.073248407643314,0.6369426751592357,0.3542,0.02255,0.0,0.0,0.0,0.0,0.0,0.0,0.0,0.0,0.2448391742678829,5.026404224675949,15.741718674988002,8.454152664426296,0.5328852616418628,0.0,0.0,0.0,0.0,0.0,0.0,0.0,0.0,0.0,0.0,0.0,0.0,0.0,0.0,0.0,0.0,0.0,0.3555,0.0235,0.0,0.0,0.0,0.0,0.0,0.0,0.0,0.0,0.302547770700637,5.095541401273886,14.968152866242042,8.773885350318459,0.8598726114649684,0.0,0.0,0.0,0.0,0.0,0.0,0.0,0.0,0.0,0.0,0.0,0.0,0.0,0.0,0.0,0.0,0.0
94500,4012,2101,0.523678963110668,995,774,0.4409272183449651,1095,0.5458624127617149,0.422,3.014128728414443,3.1498937648173424,6.686813186813187,2.088449419965168,9334.566038624745,1413.0498724927402,7853.0,10745.531432509422,10682.149427397657,18.340873502605508,7853.0,0.0,27.637587238285146,20.6668190762132,32.40242460082791,19.013155675475854,0.13609172482552342,0.10343968095712862,0.1014456630109671,0.08150548354935194,0.08574277168494517,0.07876370887337986,0.06704885343968096,0.06106679960119641,0.051096709870388834,0.05333998005982054,0.049850448654037885,0.04037886340977069,0.03140578265204387,0.02642073778664008,0.018195413758723827,0.009471585244267198,0.004735792622133599,0.9213421493174428,0.023346126500359384,0.0,0.0,0.0,0.0,0.0,0.0,0.0,0.0,0.0,0.0,0.0,0.0,0.0,0.0,0.0,0.0,0.0,0.0,0.0,0.0,0.0,0.0,0.0,0.0,0.0,0.25423728813559326,5.219341974077768,15.358923230309076,8.389830508474578,0.7776669990029913,4.272265625,2.943957719540714,nan,nan,nan,4.27537372147915,2.947697657014605,4.269200930954228,2.940262132801761,0.9985561986092794,0.3552,0.02322,0.0,0.0,0.0,0.0,0.0,0.0,0.0,0.0,0.19441674975074782,5.264207377866402,14.917746759720842,8.95064805583249,0.6729810568295116,0.0,0.0,0.0,0.0,0.0,0.0,0.0,0.0,0.0,0.0,0.0,0.0,0.0,0.0,0.0,0.0,0.0,nan,nan,4.272265625,2.943957719540714,nan,0.3552,0.1186,0.0,0.0,1.2462612163509471e-05,0.0,2.4925224327018942e-05,8.72382851445663e-05,0.0036640079760717845,0.002953639082751745,0.0003863409770687936,0.0032901296111665004,0.005969591226321037,0.001109172482552343,0.0011839481555333997,0.0020812562313060816,0.003140578265204387,0.010643070787637088,0.00496011964107677,0.03139332003988036,0.005795114656031905,0.006879361914257229,0.02173479561316052,0.008100697906281156,0.018033399800598204,0.02597208374875374,0.02075024925224327,0.024476570289132603,0.023766201395812564,0.021510468594217347,0.03898305084745763,0.048267696909272184,0.013870887337986042,0.04714606181455633,0.02832751744765703,0.032926221335992024,0.02594715852442672,0.042534895314057825,0.06592721834496511,0.016874376869391826,0.031231306081754735,0.01507976071784646,0.023292622133599204,0.02755483549351944,0.027255732801595215,0.024700897308075773,0.00943419740777667,0.021360917248255236,0.0332876370887338,0.01883100697906281,0.024227318045862412,0.02073778664007976,0.017323030907278165,0.01939182452642074,0.0023305084745762713,0.004623629112662014,0.0057452642073778665,0.005246759720837488,0.001296111665004985,0.012612163509471586,0.0021061814556331006,0.0022931206380857427,0.004174975074775673,0.007265702891326022,0.01297357926221336,0.0015952143569292123,0.0026794616151545364,0.002243270189431705,0.001557826520438684,7.477567298105683e-05,0.0,0.0062063808574277166,0.0014207377866400797,0.0,1.2462612163509471e-05,0.0009596211365902293,0.00014955134596211366,0.0,0.0,0.0,0.0,0.0,0.0,0.0,0.0,0.0,0.0,0.0,0.0,0.0,0.0,0.0,0.0,0.0,0.0,0.0,0.0,0.0,0.0,0.0,0.0,0.0,0.0,nan,nan,4.272265625,2.943957719540714,nan,0.9213225554137614,0.023718118236685577,0.0,0.0,0.0,0.0,0.0,0.0,0.0,0.0,0.0,0.0,0.0,0.0,0.0,0.0,0.0,0.0,0.0,0.0,0.0,0.0,0.0,0.0,0.0,0.0,0.0,0.2712993812470253,5.41170871013803,14.921465968586391,8.68158019990481,0.7139457401237507,0.9213636913329504,0.022930166874070217,0.0,0.0,0.0,0.0,0.0,0.0,0.0,0.0,0.0,0.0,0.0,0.0,0.0,0.0,0.0,0.0,0.0,0.0,0.0,0.0,0.0,0.0,0.0,0.0,0.0,0.2354788069073784,5.00784929356358,15.839874411302986,8.0690737833595,0.8477237048665622,0.3552,0.02292,0.0,0.0,0.0,0.0,0.0,0.0,0.0,0.0,0.17134697762970016,5.21180390290338,15.064255116611141,8.910042836744395,0.6425511661113756,0.0,0.0,0.0,0.0,0.0,0.0,0.0,0.0,0.0,0.0,0.0,0.0,0.0,0.0,0.0,0.0,0.0,0.3555,0.02357,0.0,0.0,0.0,0.0,0.0,0.0,0.0,0.0,0.21978021978021983,5.321821036106751,14.756671899529046,8.995290423861839,0.7064364207221351,0.0,0.0,0.0,0.0,0.0,0.0,0.0,0.0,0.0,0.0,0.0,0.0,0.0,0.0,0.0,0.0,0.0
94600,4259,2199,0.5163183845973233,1026,875,0.4463489081944118,1211,0.5686780934491664,0.40599999999999997,3.030097087378641,3.1445849573005393,6.683478260869565,2.2404941393937734,9313.546524633543,1413.69071054063,7853.0,10738.795946478844,10681.771099779105,17.918565600525397,7853.0,0.0,28.177036863113408,20.991844894046277,32.92484747642818,19.309737310027884,0.13571260859356657,0.0960319323784926,0.09415355717304531,0.09274477576895986,0.08241371213899977,0.07302183611176333,0.06738671049542146,0.06668231979337873,0.054707677858652264,0.04742897393754403,0.04954214604367222,0.04390702042733036,0.031697581591922985,0.027236440478985678,0.017844564451749236,0.01173984503404555,0.007748297722470063,0.9211179792643097,0.02298783672254855,0.0,0.0,0.0,0.0,0.0,0.0,0.0,0.0,0.0,0.0,0.0,0.0,0.0,0.0,0.0,0.0,0.0,0.0,0.0,0.0,0.0,0.0,0.0,0.0,0.0,0.2606245597558113,5.057525240666824,15.644517492369104,8.31181028410425,0.7255224231040153,4.290228841264075,2.8660054681036717,nan,nan,nan,4.252569750367107,2.8891812992501262,4.327338129496403,2.843655205687552,1.0175819289319925,0.355,0.02275,0.0,0.0,0.0,0.0,0.0,0.0,0.0,0.0,0.17609767551068328,5.106832589809815,15.757220004695942,8.107536980511846,0.8452688424512799,0.007043907020427332,0.0,0.0,0.0,0.0,0.0,0.0,0.0,0.0,0.0,0.0,0.0,0.0,0.0,0.0,0.0,0.0,nan,nan,4.290228841264075,2.8660054681036717,nan,0.355,0.12036,0.0,0.0,0.0,0.0,0.0,0.0,0.003979807466541442,0.0033106362996008455,0.0009978868278938719,0.00266494482272834,0.006374735853486734,0.0009509274477576896,0.0013148626438131018,0.002277529936604837,0.0031932378492603897,0.010753698051185725,0.0044846208030054,0.0311340690302888,0.0054003287156609535,0.006010800657431322,0.021753932848086407,0.010248884714721766,0.02015731392345621,0.026672927917351492,0.020861704625498943,0.0244071378257807,0.02500586992251702,0.02034515144400094,0.0399741723409251,0.04712373796665884,0.014228692181263207,0.04476402911481568,0.027670814745245364,0.03338811927682554,0.028187367926743367,0.04076074195820615,0.0664710025827659,0.01503874148861235,0.03296548485559991,0.012925569382484152,0.022704860295844096,0.026954684198168585,0.027670814745245364,0.022845738436252643,0.010589340220709087,0.02382014557407842,0.034104249823902325,0.01669405963841277,0.023432730687954918,0.020122094388354075,0.01669405963841277,0.019300305235970885,0.0022070908664005634,0.004402441887767081,0.005447288095797136,0.0050246536745714955,0.0013266024888471473,0.012150739610237144,0.001490960319323785,0.002477107302183611,0.003921108241371214,0.0071378257806996945,0.014123033575956798,0.001643578304766377,0.0031697581591922986,0.001514440009391876,0.0015613993895280582,0.00018783752054472882,0.0,0.008112232918525475,0.0015027001643578306,1.1739845034045551e-05,1.1739845034045551e-05,0.001620098614698286,0.00022305705564686545,0.0,0.0,0.0,0.0,0.0,0.0,0.0,0.0,0.0,0.0,0.0,0.0,0.0,0.0,0.0,0.0,0.0,0.0,0.0,0.0,0.0,0.0,0.0,0.0,0.0,0.0,nan,nan,4.290228841264075,2.8660054681036717,nan,0.9216006009510399,0.023071896572089287,0.0,0.0,0.0,0.0,0.0,0.0,0.0,0.0,0.0,0.0,0.0,0.0,0.0,0.0,0.0,0.0,0.0,0.0,0.0,0.0,0.0,0.0,0.0,0.0,0.0,0.2046384720327422,5.0477489768076405,15.607094133697139,8.349249658935882,0.7912687585266032,0.9206027923278438,0.022886536526467684,0.0,0.0,0.0,0.0,0.0,0.0,0.0,0.0,0.0,0.0,0.0,0.0,0.0,0.0,0.0,0.0,0.0,0.0,0.0,0.0,0.0,0.0,0.0,0.0,0.0,0.3203883495145632,5.067961165048545,15.68446601941748,8.271844660194176,0.6553398058252429,0.3542,0.02278,0.0,0.0,0.0,0.0,0.0,0.0,0.0,0.0,0.2046384720327422,5.470668485675308,15.825375170532064,7.7353342428376415,0.7639836289222376,0.0,0.0,0.0,0.0,0.0,0.0,0.0,0.0,0.0,0.0,0.0,0.0,0.0,0.0,0.0,0.0,0.0,0.356,0.02267,0.0,0.0,0.0,0.0,0.0,0.0,0.0,0.0,0.14563106796116507,4.718446601941748,15.68446601941748,8.504854368932026,0.9320388349514566,0.014563106796116509,0.0,0.0,0.0,0.0,0.0,0.0,0.0,0.0,0.0,0.0,0.0,0.0,0.0,0.0,0.0,0.0
94700,4128,2139,0.5181686046511628,1014,840,0.4491279069767442,1140,0.5523255813953488,0.426,2.9039718451483156,3.1142690967948714,6.614232209737827,2.1846124431127323,9318.808199544834,1413.537390018472,7853.0,10743.478551626205,10681.824800243607,17.95474828089494,7853.0,0.0,27.5249515503876,20.72403945973517,32.51317694758181,18.99115475705303,0.1431686046511628,0.09883720930232558,0.09738372093023256,0.08406007751937984,0.08527131782945736,0.0755813953488372,0.07097868217054264,0.061046511627906974,0.056443798449612406,0.05159883720930233,0.04578488372093023,0.0377906976744186,0.033672480620155036,0.025436046511627907,0.015988372093023256,0.010174418604651164,0.006782945736434108,0.9210384304295908,0.023153617170169026,0.0,0.0,0.0,0.0,0.0,0.0,0.0,0.0,0.0,0.0,0.0,0.0,0.0,0.0,0.0,0.0,0.0,0.0,0.0,0.0,0.0,0.0,0.0,0.0,0.0,0.2906976744186047,5.116279069767443,15.675872093023258,8.212209302325583,0.7049418604651164,4.238239757207891,2.9457915657062848,nan,nan,nan,4.255109765329296,2.9295316945451293,4.2212927756653995,2.9619390168228428,0.9920526163768,0.3552,0.02277,0.0,0.0,0.0,0.0,0.0,0.0,0.0,0.0,0.21802325581395354,5.043604651162791,15.10901162790698,8.989825581395337,0.6250000000000001,0.014534883720930236,0.0,0.0,0.0,0.0,0.0,0.0,0.0,0.0,0.0,0.0,0.0,0.0,0.0,0.0,0.0,0.0,nan,nan,4.238239757207891,2.9457915657062848,nan,0.3552,0.12085,0.0,0.0,0.0,0.0,0.0,6.056201550387597e-05,0.0035973837209302326,0.0033551356589147287,0.0008478682170542636,0.0017320736434108528,0.006468023255813953,0.001247577519379845,0.0013444767441860466,0.0031613372093023256,0.00403343023255814,0.01124031007751938,0.003851744186046512,0.03160125968992248,0.005656492248062015,0.004760174418604651,0.020409399224806203,0.009617248062015504,0.022020348837209304,0.02588420542635659,0.02152374031007752,0.025339147286821705,0.0249515503875969,0.019500968992248062,0.041000484496124034,0.0469234496124031,0.013590116279069767,0.04731104651162791,0.02711967054263566,0.03624031007751938,0.027277131782945736,0.04150920542635659,0.06286337209302326,0.013384205426356589,0.03237645348837209,0.01345687984496124,0.02297722868217054,0.02618701550387597,0.029215116279069767,0.02245639534883721,0.009847383720930233,0.024200581395348836,0.034895833333333334,0.015964147286821707,0.023049903100775194,0.018277616279069767,0.017986918604651164,0.01954941860465116,0.00249515503875969,0.004069767441860465,0.005668604651162791,0.0046875,0.001925872093023256,0.012003391472868217,0.0012112403100775194,0.002688953488372093,0.0035973837209302326,0.007630813953488372,0.012185077519379845,0.0016351744186046512,0.003936531007751938,0.001695736434108527,0.0017320736434108528,0.0002059108527131783,0.0,0.008805717054263565,0.0014656007751937985,4.8449612403100775e-05,1.2112403100775194e-05,0.0020348837209302325,0.0003997093023255814,0.0,0.0,0.0,0.0,0.0,0.0,0.0,0.0,0.0,0.0,0.0,0.0,0.0,0.0,0.0,0.0,0.0,0.0,0.0,0.0,0.0,0.0,0.0,0.0,0.0,0.0,nan,nan,4.238239757207891,2.9457915657062848,nan,0.9212481215101583,0.022915313569066526,0.0,0.0,0.0,0.0,0.0,0.0,0.0,0.0,0.0,0.0,0.0,0.0,0.0,0.0,0.0,0.0,0.0,0.0,0.0,0.0,0.0,0.0,0.0,0.0,0.0,0.3366058906030856,4.7124824684431985,16.12903225806452,8.134642356241235,0.6872370266479665,0.9208129255420422,0.023405088642809414,0.0,0.0,0.0,0.0,0.0,0.0,0.0,0.0,0.0,0.0,0.0,0.0,0.0,0.0,0.0,0.0,0.0,0.0,0.0,0.0,0.0,0.0,0.0,0.0,0.0,0.24132730015082962,5.550527903469081,15.188536953242838,8.295625942684769,0.7239819004524888,0.3545,0.02309,0.0,0.0,0.0,0.0,0.0,0.0,0.0,0.0,0.2805049088359047,5.217391304347827,15.063113604488082,8.849929873772778,0.5750350631136046,0.014025245441795234,0.0,0.0,0.0,0.0,0.0,0.0,0.0,0.0,0.0,0.0,0.0,0.0,0.0,0.0,0.0,0.0,0.3557,0.0224,0.0,0.0,0.0,0.0,0.0,0.0,0.0,0.0,0.1508295625942685,4.8567119155354455,15.158371040723985,9.140271493212657,0.6787330316742083,0.015082956259426851,0.0,0.0,0.0,0.0,0.0,0.0,0.0,0.0,0.0,0.0,0.0,0.0,0.0,0.0,0.0,0.0
94800,4311,2206,0.5117142194386454,1020,912,0.44815588030619347,1225,0.5683136163303177,0.40599999999999997,2.917339667458432,3.0439080629270627,6.560344827586207,2.0149817878164225,9300.878035455258,1414.4046667266173,7853.0,10743.718944311142,10682.466097392391,18.20279764276696,7853.0,0.0,27.79378334493157,20.843529437549066,32.675586206896554,19.13898703318338,0.13894688007422873,0.10415216887033171,0.08884249594061702,0.08721874275110184,0.08721874275110184,0.0797958710276038,0.06286244490837392,0.06147065646021805,0.058687079563906286,0.05010438413361169,0.048248666202737184,0.040129900255161215,0.0294595221526328,0.026443980514961725,0.01925307353282301,0.00951055439573185,0.007654836464857342,0.9212299419843081,0.022968491379754746,0.0,0.0,0.0,0.0,0.0,0.0,0.0,0.0,0.0,0.0,0.0,0.0,0.0,0.0,0.0,0.0,0.0,0.0,0.0,0.0,0.0,0.0,0.0,0.0,0.0,0.2574808629088379,5.212247738343772,15.588030619345863,8.204592901878916,0.7376478775226167,4.194094346416997,2.816202871355823,nan,nan,nan,4.230320699708455,2.841695314186187,4.15954415954416,2.791452933298207,0.9832692258605422,0.3552,0.0228,0.0,0.0,0.0,0.0,0.0,0.0,0.0,0.0,0.16005567153792627,5.212247738343772,15.149617258176761,8.740431454418916,0.723729993041058,0.013917884481558807,0.0,0.0,0.0,0.0,0.0,0.0,0.0,0.0,0.0,0.0,0.0,0.0,0.0,0.0,0.0,0.0,nan,nan,4.194094346416997,2.816202871355823,nan,0.3552,0.1195,0.0,0.0,0.0,0.0,0.0,0.0,0.0029691486893992113,0.002528415680816516,0.0006495012758060774,0.001264207840408258,0.005671537926235213,0.0011946184180004638,0.0011482254697286012,0.0028183716075156576,0.003502667594525632,0.012096961261888193,0.004523312456506611,0.029204360937137554,0.006251449779633496,0.0045001159823706794,0.021781489213639527,0.011018325214567385,0.021410345627464626,0.028206912549292508,0.020668058455114824,0.026223614010670377,0.023799582463465554,0.019693806541405706,0.042298770586870794,0.04777313848295059,0.014868939921131988,0.046369751797726746,0.027012294131292042,0.03524704244954767,0.026826722338204594,0.04193922523776386,0.06322199025748086,0.014370215727209465,0.03136163303177917,0.015135699373695199,0.023335652980746927,0.026177221062398514,0.028392484342379957,0.022001855717930875,0.008571097193226629,0.024785432614242636,0.03518905126420784,0.016597077244258872,0.02301090234284389,0.019705404778473674,0.017965669218278822,0.017130596149385294,0.002099280909301786,0.004813268383205753,0.00701693342611923,0.003943400603108328,0.001264207840408258,0.012839248434237996,0.0008582695430294596,0.0025052192066805845,0.003676641150545117,0.007863604732080724,0.012096961261888193,0.0015309672929714683,0.0038390164694966367,0.0019832985386221296,0.0013453954998840175,0.00044073300858269544,0.0,0.007654836464857342,0.0009162607283692879,0.0,0.00011598237067965669,0.002412433310136859,0.0003711435861749014,0.0,0.0,0.0,0.0,0.0,0.0,0.0,0.0,0.0,0.0,0.0,0.0,0.0,0.0,0.0,0.0,0.0,0.0,0.0,0.0,0.0,0.0,0.0,0.0,0.0,0.0,nan,nan,4.194094346416997,2.816202871355823,nan,0.9214491396196733,0.023175539740729532,0.0,0.0,0.0,0.0,0.0,0.0,0.0,0.0,0.0,0.0,0.0,0.0,0.0,0.0,0.0,0.0,0.0,0.0,0.0,0.0,0.0,0.0,0.0,0.0,0.0,0.21758839528558482,5.398912058023573,15.258386219401634,8.268359020852223,0.8567543064369902,0.9210002270277209,0.02274721995440343,0.0,0.0,0.0,0.0,0.0,0.0,0.0,0.0,0.0,0.0,0.0,0.0,0.0,0.0,0.0,0.0,0.0,0.0,0.0,0.0,0.0,0.0,0.0,0.0,0.0,0.29928741092636585,5.016627078384799,15.933491686460812,8.137767220902614,0.6128266033254158,0.3555,0.02321,0.0,0.0,0.0,0.0,0.0,0.0,0.0,0.0,0.1631912964641886,5.15412511332729,14.945602901178606,8.853127833182217,0.8567543064369902,0.027198549410698103,0.0,0.0,0.0,0.0,0.0,0.0,0.0,0.0,0.0,0.0,0.0,0.0,0.0,0.0,0.0,0.0,0.3547,0.02237,0.0,0.0,0.0,0.0,0.0,0.0,0.0,0.0,0.15676959619952496,5.273159144893112,15.363420427553448,8.62232779097386,0.5843230403800476,0.0,0.0,0.0,0.0,0.0,0.0,0.0,0.0,0.0,0.0,0.0,0.0,0.0,0.0,0.0,0.0,0.0
94900,4437,2261,0.5095785440613027,1061,918,0.4460220869957178,1250,0.5634437683119224,0.40199999999999997,2.9439338235294117,3.0827407298352845,6.553691275167785,2.2055763218261997,9294.300880773771,1414.0100862165434,7853.0,10749.0521286726,10681.41751790943,18.377064518627417,7853.0,0.0,27.499887311246336,20.66695701961654,32.54331983805668,18.88673032134035,0.14266396213657878,0.10367365336939373,0.08924949290060852,0.08677034032003605,0.08271354518819021,0.0820374126662159,0.06964164976335362,0.05611899932386748,0.06017579445571332,0.05273833671399594,0.04485012395762903,0.03786342123056119,0.031552851025467656,0.0290736984448952,0.016903313049357674,0.00878972278566599,0.005183682668469687,0.9203834167492935,0.02329920646907223,0.0,0.0,0.0,0.0,0.0,0.0,0.0,0.0,0.0,0.0,0.0,0.0,0.0,0.0,0.0,0.0,0.0,0.0,0.0,0.0,0.0,0.0,0.0,0.0,0.006761325219743071,0.33806626098715353,5.32792427315754,15.632183908045981,8.05949966193374,0.6355645706558487,4.31023566654942,2.886672478099218,nan,nan,nan,4.338935574229692,2.875808884148291,4.280763790664781,2.8982676354154258,0.9865930750596043,0.355,0.02246,0.0,0.0,0.0,0.0,0.0,0.0,0.0,0.0,0.19607843137254907,4.841108857336039,15.821501014198786,8.586883029073686,0.5409060175794457,0.013522650439486143,0.0,0.0,0.0,0.0,0.0,0.0,0.0,0.0,0.0,0.0,0.0,0.0,0.0,0.0,0.0,0.0,nan,nan,4.31023566654942,2.886672478099218,nan,0.355,0.11993,0.0,0.0,0.0,0.0,0.0,3.380662609871535e-05,0.0022988505747126436,0.00225377507324769,0.0006085192697768763,0.0012959206671174217,0.005442866801893171,0.000980392156862745,0.0009578544061302681,0.0026031102096010818,0.004406130268199234,0.014221320712192924,0.00537525354969574,0.0277552400270453,0.007144466982195177,0.005127338291638494,0.02340545413567726,0.010446247464503042,0.020193824656299302,0.02711291413116971,0.020960108181203516,0.026831192247013746,0.023101194500788822,0.01888663511381564,0.04213432499436556,0.04938021185485689,0.015032679738562092,0.046247464503042596,0.028544061302681993,0.035429344151453684,0.027315753887762,0.04018480955600631,0.061742168131620465,0.01561866125760649,0.029107505070993914,0.014784764480504845,0.024870407933288256,0.02636916835699797,0.026707234617985125,0.024081586657651567,0.008688302907369844,0.02542258282623394,0.03373901284651792,0.017207572684246112,0.021647509578544062,0.01992337164750958,0.016148298399819697,0.018041469461347756,0.002355194951543836,0.0044850123957629025,0.006254225828262339,0.00400045075501465,0.0007662835249042146,0.013387423935091278,0.0010930809105251296,0.0032228983547441963,0.0035271579896326345,0.008248816768086545,0.011133648861843587,0.0013409961685823754,0.0038314176245210726,0.0023777327022763126,0.0014649537976109985,0.0006874013973405454,4.5075501464953795e-05,0.006986702727067838,0.0011494252873563218,0.0,0.0006085192697768763,0.002783412215460897,0.0004394861392832995,0.0,0.0,0.0,0.0,0.0,0.0,0.0,0.0,0.0,0.0,0.0,0.0,0.0,0.0,0.0,0.0,0.0,0.0,0.0,0.0,0.0,0.0,0.0,0.0,0.0,0.0,nan,nan,4.31023566654942,2.886672478099218,nan,0.9198154159901892,0.023745838314882278,0.0,0.0,0.0,0.0,0.0,0.0,0.0,0.0,0.0,0.0,0.0,0.0,0.0,0.0,0.0,0.0,0.0,0.0,0.0,0.0,0.0,0.0,0.0,0.0,0.013268465280849184,0.35824856258292803,5.639097744360904,15.61698363555949,7.669172932330829,0.7032286598850068,0.9209736050380504,0.022810893960066202,0.0,0.0,0.0,0.0,0.0,0.0,0.0,0.0,0.0,0.0,0.0,0.0,0.0,0.0,0.0,0.0,0.0,0.0,0.0,0.0,0.0,0.0,0.0,0.0,0.0,0.31709558823529416,5.004595588235295,15.647977941176475,8.465073529411766,0.5652573529411766,0.3552,0.02252,0.0,0.0,0.0,0.0,0.0,0.0,0.0,0.0,0.1592215833701902,5.02874834144184,15.44449358690845,8.86333480760724,0.504201680672269,0.0,0.0,0.0,0.0,0.0,0.0,0.0,0.0,0.0,0.0,0.0,0.0,0.0,0.0,0.0,0.0,0.0,0.3545,0.02238,0.0,0.0,0.0,0.0,0.0,0.0,0.0,0.0,0.23437500000000006,4.646139705882354,16.213235294117652,8.299632352941165,0.5790441176470589,0.027573529411764712,0.0,0.0,0.0,0.0,0.0,0.0,0.0,0.0,0.0,0.0,0.0,0.0,0.0,0.0,0.0,0.0
95000,4268,2215,0.5189784442361762,1057,847,0.44611059044048734,1168,0.5473289597000938,0.418,2.944958597174866,3.1245286305173976,6.604166666666667,2.191266598466639,9320.803869772539,1413.1653161078175,7853.0,10743.529502987862,10681.255944103474,17.524985048901247,7853.0,0.0,27.987113402061855,20.825930344263217,32.96509354928791,19.035854679744336,0.13917525773195877,0.0972352389878163,0.0979381443298969,0.08505154639175258,0.07661668228678538,0.07427366447985005,0.07029053420805999,0.06279287722586692,0.06349578256794752,0.05271790065604499,0.04639175257731959,0.039597000937207125,0.035145267104029994,0.02366447985004686,0.01874414245548266,0.01007497656982193,0.006794751640112465,0.9204368490757178,0.022941452162206527,0.0,0.0,0.0,0.0,0.0,0.0,0.0,0.0,0.0,0.0,0.0,0.0,0.0,0.0,0.0,0.0,0.0,0.0,0.0,0.0,0.0,0.0,0.0,0.0,0.0,0.23898781630740398,5.2788191190253055,15.759137769447051,8.062324273664482,0.6607310215557639,4.210698689956332,2.8823993736793185,nan,nan,nan,4.320289855072463,2.853478919664476,4.1001461988304095,2.9070995938910213,0.9490442392462204,0.3547,0.02321,0.0,0.0,0.0,0.0,0.0,0.0,0.0,0.0,0.21790065604498599,5.215557638238051,15.56935332708529,8.238050609184619,0.745079662605436,0.014058106841612,0.0,0.0,0.0,0.0,0.0,0.0,0.0,0.0,0.0,0.0,0.0,0.0,0.0,0.0,0.0,0.0,nan,nan,4.210698689956332,2.8823993736793185,nan,0.3547,0.1201,0.0,0.0,0.0,1.1715089034676664e-05,0.0,0.0,0.002155576382380506,0.0029639175257731958,0.0006208997188378632,0.001323805060918463,0.005916119962511715,0.0013003748828491095,0.0012417994376757264,0.0026710402999062795,0.0049320524835988755,0.01432755388940956,0.005435801312089972,0.025902061855670105,0.007685098406747891,0.0052600749765698215,0.025222586691658857,0.009360356138706654,0.019365042174320526,0.026382380506091846,0.020431115276476102,0.02556232427366448,0.023137300843486412,0.018533270852858483,0.04126054358013121,0.04887535145267104,0.01538191190253046,0.04676663542642924,0.028924554826616683,0.03824976569821931,0.02623008434864105,0.042935801312089975,0.06138706654170572,0.01650656044985942,0.02682755388940956,0.0146087160262418,0.025222586691658857,0.025128865979381444,0.025398313027179008,0.023933926897844425,0.009325210871602624,0.02630037488284911,0.033809746954076854,0.017853795688847235,0.02149718837863168,0.021192596063730085,0.016729147141518276,0.017642924086223054,0.002401593252108716,0.0038191190253045923,0.005857544517338332,0.0026944704779756326,0.0006794751640112464,0.01218369259606373,0.001148078725398313,0.0029639175257731958,0.004791471415182756,0.009008903467666354,0.011187910028116213,0.0013120899718837863,0.003549671977507029,0.002928772258669166,0.0015581068416119963,0.0005974695407685098,5.857544517338332e-05,0.007169634489222118,0.0006911902530459231,0.0,0.0007380506091846298,0.0023547328959700096,0.0005740393626991566,0.0,0.0,0.0,0.0,0.0,0.0,0.0,0.0,0.0,0.0,0.0,0.0,0.0,0.0,0.0,0.0,0.0,0.0,0.0,0.0,0.0,0.0,0.0,0.0,0.0,0.0,nan,nan,4.210698689956332,2.8823993736793185,nan,0.9203138980047428,0.022786160496768352,0.0,0.0,0.0,0.0,0.0,0.0,0.0,0.0,0.0,0.0,0.0,0.0,0.0,0.0,0.0,0.0,0.0,0.0,0.0,0.0,0.0,0.0,0.0,0.0,0.0,0.29796839729119645,5.160270880361175,15.914221218961629,7.963882618510159,0.6636568848758466,0.920569502082152,0.023107093699271344,0.0,0.0,0.0,0.0,0.0,0.0,0.0,0.0,0.0,0.0,0.0,0.0,0.0,0.0,0.0,0.0,0.0,0.0,0.0,0.0,0.0,0.0,0.0,0.0,0.0,0.1753531417437896,5.406721870433513,15.591816853385293,8.1685338528982,0.657574281539211,0.3545,0.02292,0.0,0.0,0.0,0.0,0.0,0.0,0.0,0.0,0.2302483069977427,5.160270880361175,15.819413092550793,7.950338600451456,0.8261851015801357,0.013544018058690748,0.0,0.0,0.0,0.0,0.0,0.0,0.0,0.0,0.0,0.0,0.0,0.0,0.0,0.0,0.0,0.0,0.355,0.02351,0.0,0.0,0.0,0.0,0.0,0.0,0.0,0.0,0.20457866536775457,5.27520701412567,15.299561617145644,8.548465660009729,0.657574281539211,0.014612761811982468,0.0,0.0,0.0,0.0,0.0,0.0,0.0,0.0,0.0,0.0,0.0,0.0,0.0,0.0,0.0,0.0
95100,4318,2205,0.5106530801296897,1036,896,0.4474293654469662,1232,0.5706345530338119,0.41,3.0018930430667297,3.0731723473151913,6.509212730318258,2.1144788136177373,9297.444826739345,1414.0520844072457,7853.0,10754.552333116531,10681.622567737184,18.507891109798255,7853.0,0.0,27.601899027327466,20.666144950416378,32.65575589459085,18.874090387393725,0.14034275127373785,0.103056970819824,0.09379342288096341,0.08846688281611857,0.0778138026864289,0.0745715609078277,0.07086614173228346,0.06252894858730894,0.06878184344603984,0.045622973598888374,0.041685965724872626,0.042149143121815655,0.03033811949976841,0.02825382121352478,0.01875868457619268,0.007874015748031496,0.005094951366373321,0.9208302277831801,0.02310524911994971,0.0,0.0,0.0,0.0,0.0,0.0,0.0,0.0,0.0,0.0,0.0,0.0,0.0,0.0,0.0,0.0,0.0,0.0,0.0,0.0,0.0,0.0,0.0,0.0,0.0,0.29180176007410846,5.2454840203798065,15.680870773506257,8.073182028717,0.7086614173228347,4.340687160940326,2.869120543366347,nan,nan,nan,4.378163412870571,2.8774964683859983,4.303183791606368,2.8602224812158883,0.9828741839457649,0.355,0.02303,0.0,0.0,0.0,0.0,0.0,0.0,0.0,0.0,0.2292728114867995,5.127373784159333,15.361278369615565,8.58730893932375,0.6947660954145439,0.0,0.0,0.0,0.0,0.0,0.0,0.0,0.0,0.0,0.0,0.0,0.0,0.0,0.0,0.0,0.0,0.0,nan,nan,4.340687160940326,2.869120543366347,nan,0.355,0.11914,0.0,0.0,0.0,3.473830477072719e-05,0.0,0.0,0.0022579898100972672,0.0034043538675312644,0.0004747568318666049,0.0015284854099119963,0.0063455303381195,0.0009726725335803613,0.0011232051875868457,0.0026401111625752663,0.00428439092172302,0.012436313107920333,0.005465493283927744,0.0241894395553497,0.007156090782769801,0.005616025937934229,0.025173691523853636,0.009749884205650764,0.019812413154238075,0.026424270495599814,0.020842982862436313,0.02665585919407133,0.02475683186660491,0.01762389995368226,0.03800370541917555,0.04836729967577582,0.017010189902732748,0.0465145900880037,0.03158869847151459,0.03718156553960167,0.02966651227420102,0.03975220009263548,0.06200787401574803,0.01705650764242705,0.026401111625752663,0.015609078276980083,0.02323992589161649,0.02717693376563224,0.026748494673459935,0.024258916164891155,0.007630847614636406,0.026586382584529875,0.03442566002779064,0.01927975914775359,0.020727188513200556,0.021653543307086614,0.016118573413617415,0.01657017137563687,0.0019453450671607225,0.0033696155627605372,0.006148679944418712,0.0028138026864289022,0.00038212135247799907,0.012737378415933302,0.0008916164891153312,0.00317276516905975,0.004539138490041686,0.00856878184344604,0.014265863825845299,0.0010884668828161186,0.0030685502547475683,0.002014821676702177,0.0014358499305233904,0.0006137100509495137,1.157943492357573e-05,0.005812876331635016,0.0007410838351088467,1.157943492357573e-05,0.0009031959240389069,0.002443260768874479,0.0004747568318666049,0.0,0.0,0.0,0.0,0.0,0.0,0.0,0.0,0.0,0.0,0.0,0.0,0.0,0.0,0.0,0.0,0.0,0.0,0.0,0.0,0.0,0.0,0.0,0.0,0.0,0.0,nan,nan,4.340687160940326,2.869120543366347,nan,0.9206445071432325,0.02278629109731729,0.0,0.0,0.0,0.0,0.0,0.0,0.0,0.0,0.0,0.0,0.0,0.0,0.0,0.0,0.0,0.0,0.0,0.0,0.0,0.0,0.0,0.0,0.0,0.0,0.0,0.272108843537415,5.238095238095239,15.972789115646261,7.891156462585036,0.6258503401360546,0.9210240346980332,0.023431896471973974,0.0,0.0,0.0,0.0,0.0,0.0,0.0,0.0,0.0,0.0,0.0,0.0,0.0,0.0,0.0,0.0,0.0,0.0,0.0,0.0,0.0,0.0,0.0,0.0,0.0,0.3123521060104118,5.253194510175107,15.376242309512545,8.263132986275439,0.7950780880265028,0.3547,0.02275,0.0,0.0,0.0,0.0,0.0,0.0,0.0,0.0,0.21768707482993202,5.088435374149661,15.7687074829932,8.21768707482992,0.7074829931972791,0.0,0.0,0.0,0.0,0.0,0.0,0.0,0.0,0.0,0.0,0.0,0.0,0.0,0.0,0.0,0.0,0.0,0.355,0.0233,0.0,0.0,0.0,0.0,0.0,0.0,0.0,0.0,0.24136299100804548,5.168007572172268,14.936109796497874,8.973024136299086,0.6814955040227166,0.0,0.0,0.0,0.0,0.0,0.0,0.0,0.0,0.0,0.0,0.0,0.0,0.0,0.0,0.0,0.0,0.0
95200,4337,2233,0.5148720313580816,1099,866,0.4530781646299285,1167,0.5381600184459304,0.418,2.99287072243346,3.152108131917831,6.597039473684211,2.0815111346579402,9308.824964341822,1413.2087349213236,7853.0,10736.152386426926,10680.547187796901,18.24929991147669,7853.0,0.0,27.796633617708093,20.873282995585352,32.705543358946215,19.161032939840837,0.13972792252709246,0.10491122896011068,0.09430481899930827,0.08369840903850588,0.08508185381600185,0.06871109061563292,0.06386903389439705,0.06456075628314503,0.065944201060641,0.05257090154484667,0.043809084620705555,0.0382753055107217,0.03181922988240719,0.029282914456997926,0.01683191145953424,0.009914687572054416,0.006686649757897164,0.9192741168570568,0.023149124598490237,0.0,0.0,0.0,0.0,0.0,0.0,0.0,0.0,0.0,0.0,0.0,0.0,0.0,0.0,0.0,0.0,0.0,0.0,0.0,0.0,0.0,0.0,0.0,0.0,0.0,0.3112750749365922,5.99723311044501,15.411574821305052,7.712704634540006,0.5672123587733457,4.3055954088952655,2.9763313522476014,nan,nan,nan,4.334517045454546,2.9856953554224637,4.276086956521739,2.966456294800296,0.9865198156288069,0.3542,0.02303,0.0,0.0,0.0,0.0,0.0,0.0,0.0,0.0,0.22135116439935446,5.3539312889093855,15.515333179617251,8.27991699331334,0.6225501498731844,0.006917223887479827,0.0,0.0,0.0,0.0,0.0,0.0,0.0,0.0,0.0,0.0,0.0,0.0,0.0,0.0,0.0,0.0,nan,nan,4.3055954088952655,2.9763313522476014,nan,0.3542,0.1195,0.0,0.0,0.0,0.0001383444777495965,0.0,0.0,0.0024325570670970715,0.0037929444316347704,0.0001383444777495965,0.0015217892552455614,0.006167857966336177,0.0012105141803089694,0.0010260548766428408,0.0029513488586580586,0.004369379755591422,0.013246483744523864,0.005764353239566521,0.02388747982476366,0.0071477980170624855,0.0048881715471524095,0.023472446391514874,0.010860041503343324,0.02122434862808393,0.02597417569748674,0.020878487433709937,0.027403735300899238,0.02683882868342172,0.01634770578741065,0.039024671431865346,0.051763892091307356,0.0158404427023288,0.04444316347705787,0.0327645838136961,0.03699561909153793,0.02774959649527323,0.04006225501498732,0.05984551533317962,0.017304588425178694,0.02448697256167858,0.01736223195757436,0.022019829375144108,0.027265390823149643,0.027691952962877565,0.023979709476596726,0.00803550841595573,0.025835831219737145,0.03556605948812543,0.02035969564214895,0.020036891860733225,0.021097532856813466,0.014676043347936362,0.016313119667973254,0.00197140880793175,0.0031703942817615863,0.006237030205210975,0.003816001844593037,0.0004380908462070556,0.01194373991238183,0.0007032510952271155,0.002478671893013604,0.005430020751671662,0.009084620705556837,0.014122665436937975,0.0010606409960802398,0.00356237030205211,0.0017408346783490893,0.0010721697025593729,0.0008185381600184459,0.0,0.005602951348858658,0.0007839520405810469,2.3057412958266083e-05,0.0007839520405810469,0.0021328106986396125,0.0008185381600184459,0.0,0.0,0.0,0.0,0.0,0.0,0.0,0.0,0.0,0.0,0.0,0.0,0.0,0.0,0.0,0.0,0.0,0.0,0.0,0.0,0.0,0.0,0.0,0.0,0.0,0.0,nan,nan,4.3055954088952655,2.9763313522476014,nan,0.9195094216686698,0.023004149679889837,0.0,0.0,0.0,0.0,0.0,0.0,0.0,0.0,0.0,0.0,0.0,0.0,0.0,0.0,0.0,0.0,0.0,0.0,0.0,0.0,0.0,0.0,0.0,0.0,0.0,0.34930586654724594,5.588893864755935,15.665024630541875,7.845947156291985,0.5508284818629647,0.9190243850869371,0.023299402333542257,0.0,0.0,0.0,0.0,0.0,0.0,0.0,0.0,0.0,0.0,0.0,0.0,0.0,0.0,0.0,0.0,0.0,0.0,0.0,0.0,0.0,0.0,0.0,0.0,0.0,0.2709125475285172,6.430608365019014,15.142585551330802,7.571292775665401,0.5846007604562738,0.354,0.02336,0.0,0.0,0.0,0.0,0.0,0.0,0.0,0.0,0.21495745633676674,5.36050156739812,15.409762651141964,8.302731751007602,0.7120465741155398,0.0,0.0,0.0,0.0,0.0,0.0,0.0,0.0,0.0,0.0,0.0,0.0,0.0,0.0,0.0,0.0,0.0,0.3542,0.02267,0.0,0.0,0.0,0.0,0.0,0.0,0.0,0.0,0.22813688212927763,5.346958174904944,15.627376425855516,8.25570342205322,0.5275665399239545,0.014258555133079852,0.0,0.0,0.0,0.0,0.0,0.0,0.0,0.0,0.0,0.0,0.0,0.0,0.0,0.0,0.0,0.0
95300,4204,2212,0.5261655566127498,1003,859,0.4429115128449096,1186,0.5642245480494766,0.438,2.9342369477911645,3.1401648141971155,6.841904761904762,2.138926341810678,9340.61207954896,1411.7582079143565,7853.0,10740.419686794281,10680.26997397099,17.973254695103705,7853.0,0.0,27.44719314938154,20.665389996114833,32.4122831959056,18.94722921283962,0.1422454804947669,0.1049000951474786,0.09443387250237868,0.09134157944814462,0.0730256898192198,0.08230256898192198,0.06422454804947669,0.06184586108468126,0.051141769743101806,0.05851569933396765,0.04519505233111323,0.04091341579448145,0.032825880114176975,0.02545195052331113,0.01784015223596575,0.009039010466222646,0.004757373929590866,0.9199559915417381,0.02293991215578723,0.0,0.0,0.0,0.0,0.0,0.0,0.0,0.0,0.0,0.0,0.0,0.0,0.0,0.0,0.0,0.0,0.0,0.0,0.0,0.0,0.0,0.0,0.0,0.0,0.0,0.2997145575642246,5.530447193149382,15.64224548049477,7.921027592768794,0.6065651760228356,4.215943113772455,2.912290753666211,nan,nan,nan,4.184345281638625,2.939221563764398,4.24904214559387,2.8834394775070225,1.0154616456340593,0.3535,0.02258,0.0,0.0,0.0,0.0,0.0,0.0,0.0,0.0,0.21408182683158902,5.737392959086585,15.25689819219791,8.30637488106564,0.48525214081826845,0.0,0.0,0.0,0.0,0.0,0.0,0.0,0.0,0.0,0.0,0.0,0.0,0.0,0.0,0.0,0.0,0.0,nan,nan,4.215943113772455,2.912290753666211,nan,0.3535,0.1207,0.0,0.0,0.0,0.00032112274024738343,0.0,0.0,0.0025095147478591817,0.0046146527117031395,0.00032112274024738343,0.0024857278782112273,0.006255946717411988,0.0012607040913415793,0.0012488106565176024,0.002961465271170314,0.005102283539486204,0.015128449096098954,0.006101332064700285,0.02398905803996194,0.00595861084681256,0.003972407231208373,0.025392483349191246,0.010478116079923883,0.020313986679352997,0.026486679352997144,0.020563748810656517,0.02755708848715509,0.024559942911512846,0.01731684110371075,0.04042578496669838,0.05243815413891532,0.014652711703139866,0.04236441484300666,0.03028068506184586,0.0350499524262607,0.027794957183634634,0.03929590865842055,0.060620837297811606,0.019540913415794482,0.025725499524262608,0.018434823977164606,0.020409134157944816,0.028306374881065653,0.02756898192197907,0.023418173168411036,0.009074690770694577,0.02714081826831589,0.032254995242626074,0.020694576593720267,0.019529019980970504,0.019933396764985727,0.01518791627021884,0.0155209324452902,0.0022240723120837296,0.0030209324452901997,0.006113225499524263,0.0037226450999048523,0.00038058991436726926,0.012951950523311133,0.0005352045670789724,0.0031160799238820172,0.0058396764985727875,0.010097526165556613,0.013058991436726926,0.001581826831588963,0.0038296860133206472,0.0013201712654614653,0.0005946717411988582,0.0007849666983824929,0.0,0.005780209324452902,0.0006422454804947669,0.00015461465271170315,0.0009157944814462416,0.0019743101807802093,0.0007611798287345385,2.378686964795433e-05,1.1893434823977164e-05,0.0,0.0,0.0,0.0,0.0,0.0,0.0,0.0,0.0,0.0,0.0,0.0,0.0,0.0,0.0,0.0,0.0,0.0,0.0,0.0,0.0,0.0,0.0,0.0,nan,nan,4.215943113772455,2.912290753666211,nan,0.9194860855558682,0.023012201226458813,0.0,0.0,0.0,0.0,0.0,0.0,0.0,0.0,0.0,0.0,0.0,0.0,0.0,0.0,0.0,0.0,0.0,0.0,0.0,0.0,0.0,0.0,0.0,0.0,0.0,0.3526220614828211,5.682640144665463,15.705244122965645,7.649186256781195,0.6103074141048825,0.9204777947750437,0.022848049975346105,0.0,0.0,0.0,0.0,0.0,0.0,0.0,0.0,0.0,0.0,0.0,0.0,0.0,0.0,0.0,0.0,0.0,0.0,0.0,0.0,0.0,0.0,0.0,0.0,0.0,0.2409638554216868,5.361445783132531,15.57228915662651,8.222891566265062,0.602409638554217,0.3535,0.02261,0.0,0.0,0.0,0.0,0.0,0.0,0.0,0.0,0.17631103074141055,5.669077757685354,15.406871609403257,8.232368896925847,0.5153707052441231,0.0,0.0,0.0,0.0,0.0,0.0,0.0,0.0,0.0,0.0,0.0,0.0,0.0,0.0,0.0,0.0,0.0,0.3533,0.02255,0.0,0.0,0.0,0.0,0.0,0.0,0.0,0.0,0.25602409638554224,5.813253012048194,15.090361445783136,8.388554216867457,0.4518072289156628,0.0,0.0,0.0,0.0,0.0,0.0,0.0,0.0,0.0,0.0,0.0,0.0,0.0,0.0,0.0,0.0,0.0
95400,4341,2239,0.5157797742455655,1049,893,0.4473623589034785,1246,0.5740612762036397,0.41,2.9267364414843007,3.054742955668881,6.491258741258742,2.10018159958485,9311.656474506683,1413.3866298633593,7853.0,10741.480419516563,10681.06063235083,18.236052206267,7853.0,0.0,27.82146970744068,20.721809153001857,32.87933884297521,18.886081210105953,0.14144206404054366,0.09721262381939645,0.09444828380557475,0.08776779543883897,0.08131766873992168,0.07256392536281962,0.06956922368117945,0.06703524533517623,0.051831375259156875,0.05943331029716655,0.04837595024187975,0.03800967519004837,0.0350149735084082,0.022805805114029024,0.019120018428933426,0.009214466712739,0.0048375950241879755,0.9207182253211689,0.02279347319097104,0.0,0.0,0.0,0.0,0.0,0.0,0.0,0.0,0.0,0.0,0.0,0.0,0.0,0.0,0.0,0.0,0.0,0.0,0.0,0.0,0.0,0.0,0.0,0.0,0.0069108500345542515,0.23496890117484456,5.418106427090533,15.673807878369043,8.023496890117487,0.6427090532135453,4.209178228388474,2.847168589953621,nan,nan,nan,4.140300644237652,2.789501367034141,4.2772277227722775,2.901412465451438,1.0330717719074811,0.353,0.02289,0.0,0.0,0.0,0.0,0.0,0.0,0.0,0.0,0.38700760193503814,5.549412577747064,15.61852107809261,7.961299239806484,0.4837595024187976,0.0,0.0,0.0,0.0,0.0,0.0,0.0,0.0,0.0,0.0,0.0,0.0,0.0,0.0,0.0,0.0,0.0,nan,nan,4.209178228388474,2.847168589953621,nan,0.353,0.12036,0.0,0.0,0.0,0.0003800967519004838,0.0,1.151808339092375e-05,0.0019695922598479613,0.004929739691315365,0.0005183137525915688,0.0021884358442755126,0.005782077862243723,0.0015779774245565537,0.0018198571757659526,0.0030522920985947936,0.004906703524533517,0.016735775167012207,0.006070029947016817,0.024464409122322044,0.005724487445289104,0.003674268601704676,0.026652844966597557,0.00995162404975812,0.019454042847270214,0.02558166321124165,0.018774475927205714,0.025823542962451047,0.02607694079705137,0.018348306841741536,0.041937341626353375,0.053282653766413265,0.014052061736926975,0.04090071412117024,0.02908316056208247,0.03759502418797512,0.026249712047915225,0.03911541119557706,0.06291177148122552,0.02091683943791753,0.023324118866620596,0.017530522920985947,0.019615296014743145,0.02911771481225524,0.027965906473162865,0.024372264455194654,0.010366275051831375,0.025719880211932736,0.03354065883436996,0.018106427090532135,0.020467634185671504,0.019027873761806036,0.013833218152499424,0.016689702833448516,0.0018198571757659526,0.004411425938723797,0.00598940336328035,0.0037894494356139137,0.0008408200875374337,0.013096060815480304,0.0007256392536281963,0.003639714351531905,0.006323427781617139,0.010181985717576595,0.012047915226906243,0.0015894955079474775,0.003674268601704676,0.0013245795899562312,0.0005528680027643401,0.0008177839207555862,0.0,0.005229209859479383,0.0002533978346003225,8.062658373646625e-05,0.0011172540889196037,0.0015434231743837825,0.00073715733701912,2.30361667818475e-05,0.0,0.0,0.0,0.0,0.0,0.0,0.0,0.0,0.0,0.0,0.0,0.0,0.0,0.0,0.0,0.0,0.0,0.0,0.0,0.0,0.0,0.0,0.0,0.0,0.0,nan,nan,4.209178228388474,2.847168589953621,nan,0.9209547450415734,0.023055404691448234,0.0,0.0,0.0,0.0,0.0,0.0,0.0,0.0,0.0,0.0,0.0,0.0,0.0,0.0,0.0,0.0,0.0,0.0,0.0,0.0,0.0,0.0,0.0,0.0,0.013398838767306836,0.22778025904421623,5.54711924966503,15.207682000893259,8.374274229566772,0.6297454220634213,0.9204662901860663,0.02250838465181343,0.0,0.0,0.0,0.0,0.0,0.0,0.0,0.0,0.0,0.0,0.0,0.0,0.0,0.0,0.0,0.0,0.0,0.0,0.0,0.0,0.0,0.0,0.0,0.0,0.0,0.24262607040913423,5.280685061845862,16.170313986679357,7.649857278782114,0.6565176022835396,0.3535,0.02293,0.0,0.0,0.0,0.0,0.0,0.0,0.0,0.0,0.32157213041536403,5.533720410897724,15.462259937472089,8.213488164359077,0.46895935685573925,0.0,0.0,0.0,0.0,0.0,0.0,0.0,0.0,0.0,0.0,0.0,0.0,0.0,0.0,0.0,0.0,0.0,0.3525,0.02286,0.0,0.0,0.0,0.0,0.0,0.0,0.0,0.0,0.45670789724072325,5.566127497621314,15.784966698382496,7.692673644148419,0.499524262607041,0.0,0.0,0.0,0.0,0.0,0.0,0.0,0.0,0.0,0.0,0.0,0.0,0.0,0.0,0.0,0.0,0.0
95500,4252,2249,0.5289275634995296,1075,862,0.4555503292568203,1194,0.561618062088429,0.418,3.0479281078382425,3.0985960537906383,6.649484536082475,1.9786206298428977,9348.32651430388,1411.2375389710394,7853.0,10744.109615445137,10680.091302276613,17.832245125756042,7853.0,0.0,27.90216368767639,20.608792272495574,32.716875871687584,18.85112805676324,0.1359360301034807,0.09454374412041393,0.09148635936030103,0.09172154280338664,0.08654750705550329,0.07572906867356538,0.07243650047036689,0.06491063029162747,0.05879586077140169,0.05667920978363123,0.04068673565380997,0.038805268109125116,0.03174976481655691,0.023753527751646283,0.017873941674506115,0.012229539040451553,0.0061147695202257765,0.9207362411780281,0.023331312720697554,0.0,0.0,0.0,0.0,0.0,0.0,0.0,0.0,0.0,0.0,0.0,0.0,0.0,0.0,0.0,0.0,0.0,0.0,0.0,0.0,0.0,0.0,0.0,0.0,0.007055503292568205,0.2963311382878646,5.369238005644403,15.500940733772346,8.120884289746003,0.7055503292568204,4.2473741398044185,2.891997943502108,nan,nan,nan,4.251814223512337,2.9103215130744355,4.24295010845987,2.87361759194851,0.997915215814593,0.3518,0.02269,0.0,0.0,0.0,0.0,0.0,0.0,0.0,0.0,0.36688617121354666,5.997177798682975,15.691439322671688,7.528222013170262,0.4162746942615241,0.0,0.0,0.0,0.0,0.0,0.0,0.0,0.0,0.0,0.0,0.0,0.0,0.0,0.0,0.0,0.0,0.0,nan,nan,4.2473741398044185,2.891997943502108,nan,0.3518,0.1202,0.0,0.0,0.0,0.0003998118532455315,1.1759172154280339e-05,0.0,0.0018814675446848542,0.005844308560677329,0.00023518344308560678,0.0018814675446848542,0.00692615239887112,0.0014816556914393226,0.0017638758231420509,0.00277516462841016,0.005597365945437441,0.017509407337723423,0.0061853245531514585,0.024706020696142993,0.006714487300094074,0.00486829727187206,0.027140169332079023,0.009995296331138288,0.01799153339604892,0.02638758231420508,0.018508936970837254,0.026281749764816557,0.02254233301975541,0.019285042333019756,0.041568673565381,0.05083490122295391,0.015886641580432737,0.03931091251175917,0.028292568203198493,0.03916980244590781,0.02742238946378175,0.03746472248353716,0.06211194731890875,0.02282455315145814,0.024106302916274695,0.016545155221072437,0.01979068673565381,0.028363123236124176,0.0298447789275635,0.024729539040451554,0.008325493885230479,0.026669802445907807,0.033725305738476014,0.017803386641580432,0.019873000940733774,0.018555973659454373,0.014675446848541863,0.01799153339604892,0.0016580432737535278,0.00486829727187206,0.005620884289746002,0.00415098777046096,0.0008936970837253057,0.013417215428033867,0.0010465663217309501,0.0035630291627469428,0.007208372530573847,0.008595954844778927,0.01006585136406397,0.0010818438381937912,0.003998118532455315,0.0013287864534336782,0.0006114769520225776,0.0011994355597365945,0.0,0.0042333019755409216,0.00047036688617121356,0.00011759172154280339,0.0009760112888052682,0.0011759172154280338,0.0008584195672624647,5.8795860771401695e-05,0.0,0.0,0.0,0.0,0.0,0.0,0.0,0.0,0.0,0.0,0.0,0.0,0.0,0.0,0.0,0.0,0.0,0.0,0.0,0.0,0.0,0.0,0.0,0.0,0.0,nan,nan,4.2473741398044185,2.891997943502108,nan,0.9202204009542045,0.02348987780058289,0.0,0.0,0.0,0.0,0.0,0.0,0.0,0.0,0.0,0.0,0.0,0.0,0.0,0.0,0.0,0.0,0.0,0.0,0.0,0.0,0.0,0.0,0.0,0.0,0.013339261894175192,0.3334815473543798,5.57581147176523,15.486883059137398,7.910182303245889,0.6803023566029347,0.9213154347194057,0.023138277839337366,0.0,0.0,0.0,0.0,0.0,0.0,0.0,0.0,0.0,0.0,0.0,0.0,0.0,0.0,0.0,0.0,0.0,0.0,0.0,0.0,0.0,0.0,0.0,0.0,0.0,0.25461807289066407,5.137294058911634,15.516724912631057,8.35746380429356,0.7338991512730905,0.3525,0.02267,0.0,0.0,0.0,0.0,0.0,0.0,0.0,0.0,0.3601600711427302,5.629168519341931,15.793686082703427,7.7634504224099485,0.45353490440195654,0.0,0.0,0.0,0.0,0.0,0.0,0.0,0.0,0.0,0.0,0.0,0.0,0.0,0.0,0.0,0.0,0.0,0.351,0.02269,0.0,0.0,0.0,0.0,0.0,0.0,0.0,0.0,0.37443834248627067,6.410384423364954,15.57663504742886,7.264103844233639,0.37443834248627067,0.0,0.0,0.0,0.0,0.0,0.0,0.0,0.0,0.0,0.0,0.0,0.0,0.0,0.0,0.0,0.0,0.0
95600,4211,2193,0.5207789123723581,1044,832,0.4454998812633579,1159,0.5504630729042983,0.422,3.0485629335976214,3.1576704188353517,6.51618398637138,2.2953164120063443,9325.015440147581,1412.117957944837,7853.0,10732.86967241764,10679.564987898526,17.48846808770288,7853.0,0.0,27.956779862265495,20.65133961886953,32.79768948999718,18.87759760874111,0.13607219187841368,0.10116361909285206,0.08952742816433151,0.09071479458560912,0.07884113037283305,0.07432913797197815,0.07195440512942294,0.06293042032771314,0.06126810733792448,0.05129422939919259,0.04963191640940394,0.04369508430301591,0.032771313227261935,0.023747328425552126,0.017810496319164093,0.008074091664687722,0.006174305390643553,0.9213509327497371,0.022921412980626707,0.0,0.0,0.0,0.0,0.0,0.0,0.0,0.0,0.0,0.0,0.0,0.0,0.0,0.0,0.0,0.0,0.0,0.0,0.0,0.0,0.0,0.0,0.0,0.0,0.0,0.2350985514129661,5.12942293991926,15.708857753502734,8.142958917121826,0.7836618380432203,4.296528803545051,2.9207205163867425,nan,nan,nan,4.2379154078549846,2.967097599006217,4.349240780911063,2.8728560748187943,1.0262688992917925,0.3508,0.02266,0.0,0.0,0.0,0.0,0.0,0.0,0.0,0.0,0.33483733080028505,6.56851104250772,15.723106150558065,7.003087152695311,0.3704583234386133,0.0,0.0,0.0,0.0,0.0,0.0,0.0,0.0,0.0,0.0,0.0,0.0,0.0,0.0,0.0,0.0,0.0,nan,nan,4.296528803545051,2.9207205163867425,nan,0.3508,0.1202,0.0,0.0,0.0,0.0005461885537876989,4.749465685110425e-05,0.0,0.0019354072666824982,0.005913084777962479,0.00034433626217050584,0.0019947755877463783,0.006969840892899549,0.0018285442887675137,0.0020185229161719304,0.0027428164331512704,0.005331275231536452,0.017478033721206366,0.005829969128473046,0.02650201852291617,0.007670387081453336,0.003977677511279981,0.02744003799572548,0.01206364284018048,0.018321063880313463,0.025587746378532415,0.01997150320588934,0.02608644027546901,0.02019710282593208,0.01921158869627167,0.04044170030871527,0.05235098551412966,0.014818332937544526,0.039147470909522676,0.025326525765851343,0.03947993350748041,0.02732130135359772,0.03587033958679649,0.0631916409403942,0.0240085490382332,0.024863452861553077,0.016836855853716456,0.020790786036570887,0.026490144858703397,0.03172643077653764,0.026312039895511754,0.008418427926858228,0.02759439563049157,0.03237948230824032,0.016860603182142008,0.020790786036570887,0.0173118024222275,0.014105913084777962,0.018321063880313463,0.002125385894086915,0.005081928283068155,0.005046307290429827,0.003051531702683448,0.0005699358822132511,0.012977914984564236,0.0013892187128947994,0.003372120636428402,0.007480408454048919,0.009261458085965329,0.009487057706008073,0.0007005461885537877,0.00452386606506768,0.0008549038233198765,0.0008192828306815483,0.0006174305390643553,2.3747328425552126e-05,0.00452386606506768,0.000189978627404417,7.124198527665638e-05,0.0006293042032771314,0.000949893137022085,0.0014248397055331276,5.9368321063880314e-05,0.0,0.0,0.0,0.0,0.0,0.0,0.0,0.0,0.0,0.0,0.0,0.0,0.0,0.0,0.0,0.0,0.0,0.0,0.0,0.0,0.0,0.0,0.0,0.0,0.0,nan,nan,4.296528803545051,2.9207205163867425,nan,0.9207197688672839,0.022799646522935216,0.0,0.0,0.0,0.0,0.0,0.0,0.0,0.0,0.0,0.0,0.0,0.0,0.0,0.0,0.0,0.0,0.0,0.0,0.0,0.0,0.0,0.0,0.0,0.0,0.0,0.25991792065663477,5.444596443228455,15.608755129958963,8.043775649794803,0.6429548563611492,0.9220368308638203,0.023033408063360534,0.0,0.0,0.0,0.0,0.0,0.0,0.0,0.0,0.0,0.0,0.0,0.0,0.0,0.0,0.0,0.0,0.0,0.0,0.0,0.0,0.0,0.0,0.0,0.0,0.0,0.20812685827552038,4.7869177403369685,15.817641228939548,8.25074331020813,0.9365708622398417,0.351,0.02267,0.0,0.0,0.0,0.0,0.0,0.0,0.0,0.0,0.35567715458276344,6.443228454172369,15.64979480164159,7.045143638850879,0.5061559507523941,0.0,0.0,0.0,0.0,0.0,0.0,0.0,0.0,0.0,0.0,0.0,0.0,0.0,0.0,0.0,0.0,0.0,0.3503,0.02264,0.0,0.0,0.0,0.0,0.0,0.0,0.0,0.0,0.31219028741328053,6.704658077304264,15.802775024777011,6.957383548067384,0.22299306243805753,0.0,0.0,0.0,0.0,0.0,0.0,0.0,0.0,0.0,0.0,0.0,0.0,0.0,0.0,0.0,0.0,0.0
95700,4141,2167,0.5233035498671819,964,877,0.4445786042018836,1160,0.5602511470659262,0.43,3.024822695035461,3.095882784730375,6.666666666666667,2.1919392558073834,9332.466180827818,1412.1053777349798,7853.0,10740.452806830406,10680.16633816705,17.745683645870237,7853.0,0.0,27.694759719874426,20.847407199268762,32.73108030040439,19.093650404700355,0.14489253803429122,0.10456411494808017,0.09007486114465105,0.0811398212992031,0.07993238348225067,0.08041535860903164,0.07244626901714561,0.059888915720840374,0.05433470176285921,0.0511953634387829,0.04733156242453514,0.04274329872011592,0.03235933349432504,0.02463173146582951,0.019801980198019802,0.005312726394590679,0.008935039845447959,0.9216858197225807,0.023366491591812196,0.0,0.0,0.0,0.0,0.0,0.0,0.0,0.0,0.0,0.0,0.0,0.0,0.0,0.0,0.0,0.0,0.0,0.0,0.0,0.0,0.0,0.0,0.0,0.0,0.0,0.3404974643805845,4.81043226273847,15.74981888432746,8.295097802463175,0.8041535860903166,4.297551789077213,2.869210150480304,nan,nan,nan,4.36322869955157,2.916048944026762,4.232522796352583,2.819661756256075,0.9700437652483309,0.3513,0.0228,0.0,0.0,0.0,0.0,0.0,0.0,0.0,0.0,0.32600821057715534,6.201400627867667,15.532480077276023,7.60685824680028,0.3332528374788699,0.0,0.0,0.0,0.0,0.0,0.0,0.0,0.0,0.0,0.0,0.0,0.0,0.0,0.0,0.0,0.0,0.0,nan,nan,4.297551789077213,2.869210150480304,nan,0.3513,0.11993,0.0,0.0,0.0,0.0003380825887466795,6.037189084762135e-05,2.414875633904854e-05,0.001883602994445786,0.0048176768896401835,0.0001207437816952427,0.002197536826853417,0.00735329630524028,0.0021250905578362716,0.0014609997585124366,0.0032117845930934555,0.0056749577396764065,0.0169645013281816,0.005711180874184979,0.026515334460275295,0.007981163970055542,0.004238106737503019,0.02669645013281816,0.01122917169765757,0.02010383965225791,0.025549384206713353,0.020635112291716978,0.02669645013281816,0.01931900507123883,0.01835305481767689,0.04052161313692345,0.053042743298720114,0.01476696450132818,0.03575223375996136,0.02582709490461241,0.03826370441922241,0.026454962569427674,0.0376116879980681,0.06625211301617967,0.0226877565805361,0.0243781695242695,0.015141270224583434,0.020067616517749336,0.027807292924414393,0.03198502777106979,0.027384689688481043,0.009273122434194639,0.027445061579328665,0.03475006037189085,0.0177614102873702,0.021758029461482732,0.01704902197536827,0.012448683892779523,0.017568220236657814,0.001617966674716252,0.004769379376962086,0.004926346293165902,0.0033083796184496497,0.0008572808500362231,0.012098526925863318,0.002016421154310553,0.003272156483941077,0.0076430813813088624,0.009828543829992755,0.008222651533446028,0.0005795701521371649,0.005167833856556388,0.0008814296063752717,0.0011953634387829027,0.0005071238831200193,0.0,0.004153586090316349,0.00021733880705143685,0.0001569669162038155,0.001026322144409563,0.0005312726394590679,0.0016904129437333977,7.244626901714561e-05,0.0,0.0,0.0,0.0,0.0,0.0,0.0,0.0,0.0,0.0,0.0,0.0,0.0,0.0,0.0,0.0,0.0,0.0,0.0,0.0,0.0,0.0,0.0,0.0,0.0,nan,nan,4.297551789077213,2.869210150480304,nan,0.9216824030623109,0.022813261061588645,0.0,0.0,0.0,0.0,0.0,0.0,0.0,0.0,0.0,0.0,0.0,0.0,0.0,0.0,0.0,0.0,0.0,0.0,0.0,0.0,0.0,0.0,0.0,0.0,0.0,0.3599446239040149,4.651592062759576,15.892939547761886,8.472542685740658,0.6229810798338719,0.9216895704332214,0.02395910704454892,0.0,0.0,0.0,0.0,0.0,0.0,0.0,0.0,0.0,0.0,0.0,0.0,0.0,0.0,0.0,0.0,0.0,0.0,0.0,0.0,0.0,0.0,0.0,0.0,0.0,0.31914893617021284,4.984802431610944,15.592705167173255,8.100303951367783,1.0030395136778119,0.351,0.02295,0.0,0.0,0.0,0.0,0.0,0.0,0.0,0.0,0.24919243193354873,6.451315182279651,15.422242731887405,7.461928934010142,0.4153207198892479,0.0,0.0,0.0,0.0,0.0,0.0,0.0,0.0,0.0,0.0,0.0,0.0,0.0,0.0,0.0,0.0,0.0,0.3513,0.02263,0.0,0.0,0.0,0.0,0.0,0.0,0.0,0.0,0.4103343465045594,5.9270516717325235,15.653495440729486,7.7659574468085,0.24316109422492407,0.0,0.0,0.0,0.0,0.0,0.0,0.0,0.0,0.0,0.0,0.0,0.0,0.0,0.0,0.0,0.0,0.0
95800,4227,2141,0.5065057960728649,973,879,0.4381357937071209,1180,0.5583155902531346,0.40599999999999997,2.9645254074784275,3.104706389373307,6.625649913344887,2.1223986550008833,9285.517738236527,1414.0540909118597,7853.0,10736.734480142593,10681.235627989634,17.68070248777916,7853.0,0.0,27.988407854270168,21.07287047083279,33.07609618104668,19.294754768164125,0.14431038561627632,0.10622190678968535,0.08824225218831322,0.08280104092737166,0.07806955287437899,0.06742370475514549,0.06434823752070026,0.0695528743789922,0.06458481192334989,0.049207475751123726,0.04849775254317483,0.043766264490182165,0.030281523539153064,0.0262597586941093,0.017033356990773598,0.0113555713271824,0.008043529690087533,0.9210619751601065,0.02273634527805266,0.0,0.0,0.0,0.0,0.0,0.0,0.0,0.0,0.0,0.0,0.0,0.0,0.0,0.0,0.0,0.0,0.0,0.0,0.0,0.0,0.0,0.0,0.0,0.0,0.007097232079489001,0.269694819020582,5.145493257629525,15.755855216465582,8.147622427253372,0.6742370475514551,4.333209509658246,2.8225181783210287,nan,nan,nan,4.396268656716418,2.8599892160431777,4.2723908216136195,2.783817062450737,0.9718220507489814,0.3533,0.02275,0.0,0.0,0.0,0.0,0.0,0.0,0.0,0.0,0.27679205110007105,5.521646557842442,15.684882895670691,7.906316536550733,0.610361958836054,0.0,0.0,0.0,0.0,0.0,0.0,0.0,0.0,0.0,0.0,0.0,0.0,0.0,0.0,0.0,0.0,0.0,nan,nan,4.333209509658246,2.8225181783210287,nan,0.3533,0.11945,0.0,0.0,0.0,0.00018925952211970665,0.00015377336172226166,0.0,0.0018571090607996214,0.003737875561864206,1.1828720132481666e-05,0.0014904187366926898,0.007440264963330967,0.0021291696238466998,0.001585048497752543,0.0026259758694109295,0.005003548616039744,0.015661225455405724,0.005299266619351786,0.024402649633309677,0.00817364561154483,0.005015377336172226,0.026011355571327183,0.012112609415661226,0.020357227348000946,0.02534894724390821,0.021504613200851667,0.026957653181925716,0.01896143837236811,0.017281760113555714,0.04355334752779749,0.05001182872013248,0.013413768630234208,0.03613674000473149,0.025455405725100543,0.03895197539626213,0.023976815708540336,0.038218594748048264,0.06723444523302578,0.02423704755145493,0.023823042346818073,0.018653891648923587,0.019150697894487815,0.027099597823515495,0.03254080908445706,0.029098651525904896,0.00958126330731015,0.028093210314643957,0.035119470073338065,0.018299030044949136,0.022734800094629762,0.016654837946534187,0.011249112845990063,0.017944168440974687,0.00198722498225692,0.00440028388928318,0.0046132008516678496,0.0033356990773598296,0.0009699550508634966,0.00959309202744263,0.0028507215519280814,0.003631417080671871,0.008410220014194465,0.010977052282942986,0.0072273480009462975,0.0006505796072864916,0.005902531346108351,0.0010172699313934232,0.0010527560917908683,0.00033120416370948665,0.0,0.0040217648450437665,0.00016560208185474332,9.462976105985333e-05,0.0013603028152353914,0.0007806955287437899,0.0019990537023894016,8.280104092737166e-05,0.0,0.0,0.0,0.0,0.0,0.0,0.0,0.0,0.0,0.0,0.0,0.0,0.0,0.0,0.0,0.0,0.0,0.0,0.0,0.0,0.0,0.0,0.0,0.0,0.0,nan,nan,4.333209509658246,2.8225181783210287,nan,0.9213839762681892,0.022501725044794564,0.0,0.0,0.0,0.0,0.0,0.0,0.0,0.0,0.0,0.0,0.0,0.0,0.0,0.0,0.0,0.0,0.0,0.0,0.0,0.0,0.0,0.0,0.0,0.0,0.0,0.21018215787015418,5.086408220457731,15.735637552545542,8.337225595516117,0.6305464736104625,0.9207314840899218,0.022969966600160138,0.0,0.0,0.0,0.0,0.0,0.0,0.0,0.0,0.0,0.0,0.0,0.0,0.0,0.0,0.0,0.0,0.0,0.0,0.0,0.0,0.0,0.0,0.0,0.0,0.01438159156279962,0.33077660594439123,5.206136145733462,15.776605944391182,7.95302013422819,0.7190795781399809,0.3535,0.02283,0.0,0.0,0.0,0.0,0.0,0.0,0.0,0.0,0.22419430172816446,5.646893974778142,15.721625408687533,7.832788416627732,0.5744978981784215,0.0,0.0,0.0,0.0,0.0,0.0,0.0,0.0,0.0,0.0,0.0,0.0,0.0,0.0,0.0,0.0,0.0,0.3533,0.02269,0.0,0.0,0.0,0.0,0.0,0.0,0.0,0.0,0.33077660594439123,5.393096836049857,15.647171620325986,7.981783317353775,0.6471716203259829,0.0,0.0,0.0,0.0,0.0,0.0,0.0,0.0,0.0,0.0,0.0,0.0,0.0,0.0,0.0,0.0,0.0
95900,4136,2106,0.5091876208897486,967,877,0.4458413926499033,1163,0.5623791102514507,0.418,2.9236453201970445,3.0841374731065367,6.655172413793103,2.2110533170956703,9293.315302534536,1414.142941418647,7853.0,10738.95002233982,10681.653414664219,17.482712564876103,7853.0,0.0,27.545212765957448,20.806801872505392,32.567708333333336,19.080347263420244,0.14313346228239845,0.10807543520309477,0.08897485493230174,0.08679883945841392,0.08027079303675048,0.0735009671179884,0.06890715667311412,0.06648936170212766,0.05851063829787234,0.04617988394584139,0.0456963249516441,0.039651837524177946,0.03433268858800774,0.026595744680851064,0.017408123791102514,0.008704061895551257,0.006769825918762089,0.9215175900860497,0.022761628322361525,0.0,0.0,0.0,0.0,0.0,0.0,0.0,0.0,0.0,0.0,0.0,0.0,0.0,0.0,0.0,0.0,0.0,0.0,0.0,0.0,0.0,0.0,0.0,0.0,0.0,0.28288201160541593,4.954061895551258,15.61653771760155,8.442940038684721,0.70357833655706,4.278409090909091,2.8688748532401545,nan,nan,nan,4.2853881278538815,2.9127311285346176,4.271493212669683,2.824726850933075,0.9967576063661807,0.354,0.02182,0.0,0.0,0.0,0.0,0.0,0.0,0.0,0.0,0.1668278529980658,5.17166344294004,15.877659574468089,8.41392649903287,0.3699226305609285,0.0,0.0,0.0,0.0,0.0,0.0,0.0,0.0,0.0,0.0,0.0,0.0,0.0,0.0,0.0,0.0,0.0,nan,nan,4.278409090909091,2.8688748532401545,nan,0.354,0.11914,0.0,0.0,0.0,8.462282398452611e-05,0.00019342359767891682,0.0,0.0013660541586073501,0.0035058027079303677,1.2088974854932301e-05,0.0017166344294003869,0.007688588007736944,0.0020913926499032884,0.0016561895551257253,0.003409090909090909,0.005004835589941973,0.016839941972920696,0.004811411992263056,0.021494197292069632,0.008426015473887815,0.0044970986460348165,0.02625725338491296,0.011000967117988394,0.02091392649903288,0.024927466150870405,0.022594294003868472,0.027538684719535782,0.020647969052224373,0.017891682785299807,0.042831237911025145,0.04631286266924565,0.014966150870406189,0.03540860735009671,0.025604448742746616,0.0367142166344294,0.025809961315280464,0.038733075435203095,0.06315280464216634,0.025169245647969053,0.024455996131528046,0.01739603481624758,0.0203215667311412,0.029521276595744682,0.03235009671179884,0.028070599613152804,0.008812862669245648,0.026644100580270794,0.038007736943907154,0.01864119922630561,0.024770309477756287,0.016682785299806577,0.01008220502901354,0.020249032882011606,0.0019100580270793037,0.004533365570599613,0.004376208897485493,0.003916827852998066,0.000882495164410058,0.009115087040618955,0.0035904255319148936,0.0025749516441005804,0.008280947775628626,0.010940522243713733,0.00808752417794971,0.0006648936170212766,0.005234526112185687,0.0006648936170212766,0.0012088974854932303,0.0005681818181818182,0.0,0.004424564796905222,0.0,3.62669245647969e-05,0.0012935203094777562,0.0006648936170212766,0.0017529013539651838,0.0,0.0,0.0,0.0,0.0,0.0,0.0,0.0,0.0,0.0,0.0,0.0,0.0,0.0,0.0,0.0,0.0,0.0,0.0,0.0,0.0,0.0,0.0,0.0,0.0,0.0,nan,nan,4.278409090909091,2.8688748532401545,nan,0.921966811304192,0.023051698097326247,0.0,0.0,0.0,0.0,0.0,0.0,0.0,0.0,0.0,0.0,0.0,0.0,0.0,0.0,0.0,0.0,0.0,0.0,0.0,0.0,0.0,0.0,0.0,0.0,0.0,0.25641025641025644,4.8433048433048445,15.612535612535616,8.447293447293449,0.8404558404558407,0.9210515507336321,0.02244724022347858,0.0,0.0,0.0,0.0,0.0,0.0,0.0,0.0,0.0,0.0,0.0,0.0,0.0,0.0,0.0,0.0,0.0,0.0,0.0,0.0,0.0,0.0,0.0,0.0,0.0,0.31034482758620696,5.06896551724138,15.620689655172418,8.4384236453202,0.561576354679803,0.3535,0.02174,0.0,0.0,0.0,0.0,0.0,0.0,0.0,0.0,0.12820512820512822,5.413105413105414,15.911680911680914,8.219373219373207,0.3276353276353277,0.0,0.0,0.0,0.0,0.0,0.0,0.0,0.0,0.0,0.0,0.0,0.0,0.0,0.0,0.0,0.0,0.0,0.3545,0.02191,0.0,0.0,0.0,0.0,0.0,0.0,0.0,0.0,0.20689655172413798,4.921182266009853,15.842364532019708,8.615763546798018,0.41379310344827597,0.0,0.0,0.0,0.0,0.0,0.0,0.0,0.0,0.0,0.0,0.0,0.0,0.0,0.0,0.0,0.0,0.0
96000,4213,2191,0.5200569665321624,1019,835,0.4400664609541894,1160,0.550676477569428,0.43,3.0375865479723045,3.140711221118238,6.63103448275862,2.1451795919152223,9324.773580861125,1413.9347833908569,7853.0,10744.266993403435,10683.023777347295,18.334349098320665,7853.0,0.0,28.40446237835272,21.087222905842193,33.308645451985356,19.336980594851447,0.13790647994303346,0.09352005696653216,0.10016615238547354,0.08426299549014954,0.074056491811061,0.07714217896985522,0.07144552575361975,0.05862805601708996,0.06052694042250178,0.04984571564206029,0.05103251839544268,0.04082601471635414,0.03512936150011868,0.028720626631853787,0.018988844054118204,0.010206503679088536,0.0075955376216472826,0.9226313557501448,0.023472753661593355,0.0,0.0,0.0,0.0,0.0,0.0,0.0,0.0,0.0,0.0,0.0,0.0,0.0,0.0,0.0,0.0,0.0,0.0,0.0,0.0,0.0,0.0,0.0,0.0,0.0,0.26347021125089015,4.856396866840732,15.18158082126751,8.779966769522908,0.9185853311179684,4.3522058823529415,2.9089483371487868,nan,nan,nan,4.405485544848036,2.9637292696560955,4.299781181619256,2.8530493411310194,0.9760061945152912,0.355,0.02242,0.0,0.0,0.0,0.0,0.0,0.0,0.0,0.0,0.14241633040588658,5.062900545929267,15.53050083076193,8.594825539995242,0.6693567529076668,0.0,0.0,0.0,0.0,0.0,0.0,0.0,0.0,0.0,0.0,0.0,0.0,0.0,0.0,0.0,0.0,0.0,nan,nan,4.3522058823529415,2.9089483371487868,nan,0.355,0.1185,0.0,0.0,0.0,0.0,0.00015428435793971043,0.0,0.001091858533111797,0.0038571089484927606,1.1868027533823878e-05,0.0024329456444338953,0.00767861381438405,0.0014953714692618088,0.0011393306432470923,0.002634702112508901,0.0051388559221457394,0.0166508426299549,0.005067647756942796,0.01900071208165203,0.006764775694279611,0.004842155233800142,0.027984808924756705,0.010479468312366484,0.019439829100403514,0.02448374080227866,0.022822216947543317,0.026750534061239024,0.021813434607168287,0.01805126987894612,0.042178969855210066,0.047626394493235226,0.014455257536197483,0.03502254925231427,0.026762402088772844,0.036268692143365776,0.02613339662948018,0.04147875623071445,0.06369570377403276,0.025409446949916925,0.024531212912413957,0.01762402088772846,0.020911464514597675,0.029978637550439117,0.03235224305720389,0.028079753145027298,0.009565630192262047,0.02567054355566105,0.03758604319962022,0.018324234512224067,0.023427486351768338,0.017125563731307858,0.010538808450035604,0.021801566579634463,0.0016852599098029907,0.004248753857108948,0.004462378352717778,0.004723474958461904,0.000878234037502967,0.0074056491811061,0.0027652504153809635,0.00253975789223831,0.008117730833135533,0.01205791597436506,0.007275100878234037,0.0007476857346309044,0.005554236885829575,0.0005103251839544267,0.0013410871113220982,0.0005221932114882506,0.0,0.004438642297650131,0.0,1.1868027533823878e-05,0.0017327320199382863,0.0008663660099691432,0.0017802041300735818,0.0,0.0,0.0,0.0,0.0,0.0,0.0,0.0,0.0,0.0,0.0,0.0,0.0,0.0,0.0,0.0,0.0,0.0,0.0,0.0,0.0,0.0,0.0,0.0,0.0,0.0,nan,nan,4.3522058823529415,2.9089483371487868,nan,0.923056390039565,0.023511099395688073,0.0,0.0,0.0,0.0,0.0,0.0,0.0,0.0,0.0,0.0,0.0,0.0,0.0,0.0,0.0,0.0,0.0,0.0,0.0,0.0,0.0,0.0,0.0,0.0,0.0,0.17800091282519404,4.847101780009129,15.020538566864449,8.94112277498859,1.0132359653126428,0.9221707968341608,0.02342242696448713,0.0,0.0,0.0,0.0,0.0,0.0,0.0,0.0,0.0,0.0,0.0,0.0,0.0,0.0,0.0,0.0,0.0,0.0,0.0,0.0,0.0,0.0,0.0,0.0,0.0,0.35608308605341255,4.866468842729971,15.356083086053417,8.605341246290802,0.8160237388724038,0.355,0.02261,0.0,0.0,0.0,0.0,0.0,0.0,0.0,0.0,0.20538566864445465,4.997717937015063,15.609310816978551,8.475581926061148,0.7120036513007761,0.0,0.0,0.0,0.0,0.0,0.0,0.0,0.0,0.0,0.0,0.0,0.0,0.0,0.0,0.0,0.0,0.0,0.355,0.0222,0.0,0.0,0.0,0.0,0.0,0.0,0.0,0.0,0.0741839762611276,5.13353115727003,15.44510385756677,8.724035608308593,0.6231454005934719,0.0,0.0,0.0,0.0,0.0,0.0,0.0,0.0,0.0,0.0,0.0,0.0,0.0,0.0,0.0,0.0,0.0
96100,4488,2276,0.5071301247771836,1036,933,0.4387254901960784,1290,0.5748663101604278,0.41,2.903254972875226,3.0603703108463245,6.5131147540983605,2.11489451814909,9288.000454495723,1414.7391569009203,7853.0,10743.594521284103,10682.64940236239,18.038184273458356,7853.0,0.0,27.663992869875223,20.66360793258024,32.65858854860186,18.89360716264438,0.1412655971479501,0.10182709447415329,0.09558823529411764,0.08422459893048129,0.08266488413547238,0.07263814616755793,0.06639928698752229,0.06417112299465241,0.05904634581105169,0.05236185383244207,0.04790552584670232,0.04233511586452763,0.03631907308377896,0.025623885918003565,0.013591800356506239,0.008467023172905526,0.005570409982174688,0.9220653201275756,0.02322828078990824,0.0,0.0,0.0,0.0,0.0,0.0,0.0,0.0,0.0,0.0,0.0,0.0,0.0,0.0,0.0,0.0,0.0,0.0,0.0,0.0,0.0,0.0,0.0,0.0,0.0,0.20053475935828882,4.799465240641712,15.661764705882357,8.469251336898397,0.8689839572192516,4.307584760573226,2.8351741228941867,nan,nan,nan,4.344093406593407,2.7960196889802686,4.269750889679715,2.8746981166354604,0.9828865289128323,0.3552,0.02197,0.0,0.0,0.0,0.0,0.0,0.0,0.0,0.0,0.17379679144385032,4.852941176470589,15.701871657754014,8.776737967914425,0.4879679144385028,0.006684491978609627,0.0,0.0,0.0,0.0,0.0,0.0,0.0,0.0,0.0,0.0,0.0,0.0,0.0,0.0,0.0,0.0,nan,nan,4.307584760573226,2.8351741228941867,nan,0.3552,0.1188,0.0,0.0,0.0,0.0,0.0001893939393939394,0.0,0.0015040106951871657,0.004300356506238859,0.0,0.0019162210338680926,0.007029857397504456,0.0012366310160427808,0.0009358288770053476,0.0030971479500891265,0.0045343137254901964,0.016532976827094474,0.004734848484848485,0.01981951871657754,0.00660650623885918,0.005381016042780748,0.02784090909090909,0.010606060606060607,0.018783422459893048,0.024041889483065952,0.024197860962566844,0.026737967914438502,0.022604723707664885,0.017268270944741534,0.04428475935828877,0.04802807486631016,0.015586007130124778,0.035695187165775404,0.023674242424242424,0.03680926916221034,0.02611408199643494,0.04354946524064171,0.06092914438502674,0.023094919786096256,0.02359625668449198,0.01825980392156863,0.020833333333333332,0.028654188948306597,0.03137254901960784,0.02930035650623886,0.009659090909090909,0.025824420677361855,0.0374777183600713,0.019674688057041,0.023796791443850267,0.015608288770053476,0.012076648841354724,0.021769162210338682,0.001448306595365419,0.003553921568627451,0.004545454545454545,0.004924242424242424,0.0012477718360071302,0.007943404634581106,0.0021947415329768272,0.0029188948306595364,0.008166221033868092,0.013680926916221034,0.006561942959001783,0.0005570409982174688,0.0054478609625668445,0.0010249554367201426,0.0013480392156862745,0.0005570409982174688,0.0,0.004166666666666667,0.0,3.342245989304813e-05,0.0017825311942959,0.0005793226381461676,0.0017268270944741533,0.0,0.0,2.228163992869875e-05,0.0,0.0,0.0,0.0,0.0,0.0,0.0,0.0,0.0,0.0,0.0,0.0,0.0,0.0,0.0,0.0,0.0,0.0,0.0,0.0,0.0,0.0,0.0,nan,nan,4.307584760573226,2.8351741228941867,nan,0.9221767417052089,0.023551255398769396,0.0,0.0,0.0,0.0,0.0,0.0,0.0,0.0,0.0,0.0,0.0,0.0,0.0,0.0,0.0,0.0,0.0,0.0,0.0,0.0,0.0,0.0,0.0,0.0,0.0,0.2636203866432338,4.745166959578208,15.698594024604573,8.330404217926187,0.9622144112478034,0.9219506747791607,0.022890639352000666,0.0,0.0,0.0,0.0,0.0,0.0,0.0,0.0,0.0,0.0,0.0,0.0,0.0,0.0,0.0,0.0,0.0,0.0,0.0,0.0,0.0,0.0,0.0,0.0,0.0,0.135623869801085,4.855334538878844,15.623869801084995,8.612115732368899,0.7730560578661847,0.3552,0.02196,0.0,0.0,0.0,0.0,0.0,0.0,0.0,0.0,0.19771528998242535,4.850615114235501,15.738137082601058,8.68629173989454,0.5140597539543059,0.013181019332161691,0.0,0.0,0.0,0.0,0.0,0.0,0.0,0.0,0.0,0.0,0.0,0.0,0.0,0.0,0.0,0.0,0.3552,0.02199,0.0,0.0,0.0,0.0,0.0,0.0,0.0,0.0,0.14918625678119352,4.855334538878844,15.664556962025319,8.869801084990945,0.4611211573236891,0.0,0.0,0.0,0.0,0.0,0.0,0.0,0.0,0.0,0.0,0.0,0.0,0.0,0.0,0.0,0.0,0.0
96200,4449,2287,0.5140481006967857,1082,927,0.4515621487974826,1264,0.5682175769835918,0.426,2.9320074005550416,3.0811567418195898,6.6853741496598635,2.114412085061521,9307.703263948328,1414.446965918072,7853.0,10737.863434195518,10682.897167164892,17.70624676840565,7853.0,0.0,28.030119127893908,20.847054401980245,32.97805726518598,19.073609230864427,0.13823331085637222,0.09912339851652056,0.09282984940436054,0.0881096875702405,0.07799505506855473,0.07889413351314903,0.07012811867835468,0.0609125646212632,0.05304562823106316,0.05282085861991459,0.050123623286131715,0.04405484378512025,0.03326590244998876,0.02562373567093729,0.018655877725331536,0.009665093279388626,0.006518318723308609,0.922873612239565,0.02282975682569595,0.0,0.0,0.0,0.0,0.0,0.0,0.0,0.0,0.0,0.0,0.0,0.0,0.0,0.0,0.0,0.0,0.0,0.0,0.0,0.0,0.0,0.0,0.0,0.0,0.0,0.2629804450438301,4.4369521240728265,15.792312879298722,8.66486850977748,0.8428860418071479,4.223988938817836,2.89622656201644,nan,nan,nan,4.167706167706168,2.9322938576796727,4.280193236714976,2.8597588234966764,1.0269901630495029,0.3547,0.02303,0.0,0.0,0.0,0.0,0.0,0.0,0.0,0.0,0.2764666217127445,5.111260957518544,15.482130815913692,8.44234659474038,0.6810519217801754,0.006743088334457183,0.0,0.0,0.0,0.0,0.0,0.0,0.0,0.0,0.0,0.0,0.0,0.0,0.0,0.0,0.0,0.0,nan,nan,4.223988938817836,2.89622656201644,nan,0.3547,0.1186,0.0,0.0,0.0,0.0,0.0003146774556080018,0.0,0.0020791189031242976,0.0037424140256237357,3.371544167228591e-05,0.0019330186558777253,0.007057765790065183,0.0017194875252865812,0.000708024275118004,0.003989660597887166,0.0054169476286806025,0.01621712744436952,0.00445043830074174,0.019746010339402112,0.0059339177343223195,0.005079793211957743,0.026118228815464148,0.0125196673409755,0.018993032142054393,0.02331984715666442,0.024499887615194425,0.026511575634974152,0.02298269273994156,0.017824230164081818,0.04275118004045853,0.04669588671611598,0.016183412002697236,0.036378961564396496,0.025837266801528435,0.037705102270173076,0.026545291076646438,0.044212182512924254,0.05882220723758148,0.02208361429534727,0.022128568217576982,0.016992582602832096,0.019307709597662395,0.02850078669363902,0.032748932344347045,0.03096201393571589,0.01029444819060463,0.02498314227916386,0.038345695661946504,0.020116880197797258,0.023533378287255564,0.016610474263879522,0.011171049674084063,0.021791413800854125,0.0022589345920431556,0.003337828725556305,0.004360530456282311,0.005551809395369746,0.0011800404585300068,0.0076983591818386155,0.002169026747583727,0.0026972353337828725,0.008024275118004047,0.014205439424589796,0.005675432681501461,0.00046077770285457407,0.0059901101371094626,0.0012474713418745786,0.0013373791863340076,0.0007529781973477186,0.0,0.0043268150146100245,0.0,0.0,0.001168801977972578,0.0004720161834120027,0.0011912789390874355,0.0,0.0,0.0,0.0,0.0,0.0,0.0,0.0,0.0,0.0,0.0,0.0,0.0,0.0,0.0,0.0,0.0,0.0,0.0,0.0,0.0,0.0,0.0,0.0,0.0,0.0,nan,nan,4.223988938817836,2.89622656201644,nan,0.9229857702415794,0.02286880658627751,0.0,0.0,0.0,0.0,0.0,0.0,0.0,0.0,0.0,0.0,0.0,0.0,0.0,0.0,0.0,0.0,0.0,0.0,0.0,0.0,0.0,0.0,0.0,0.0,0.0,0.23611718408395282,4.525579361609096,15.741145605596856,8.670747704416268,0.826410144293835,0.9227549696167127,0.022787775687549045,0.0,0.0,0.0,0.0,0.0,0.0,0.0,0.0,0.0,0.0,0.0,0.0,0.0,0.0,0.0,0.0,0.0,0.0,0.0,0.0,0.0,0.0,0.0,0.0,0.0,0.29139685476410737,4.343200740055505,15.846438482886219,8.658649398704904,0.8603145235892694,0.3547,0.02274,0.0,0.0,0.0,0.0,0.0,0.0,0.0,0.0,0.1967643200699607,4.919108001749017,16.003498032356802,8.159160472234356,0.7214691735898559,0.0,0.0,0.0,0.0,0.0,0.0,0.0,0.0,0.0,0.0,0.0,0.0,0.0,0.0,0.0,0.0,0.0,0.3547,0.02333,0.0,0.0,0.0,0.0,0.0,0.0,0.0,0.0,0.36077705827937107,5.314523589269196,14.93061979648474,8.741905642923207,0.6382978723404257,0.013876040703052732,0.0,0.0,0.0,0.0,0.0,0.0,0.0,0.0,0.0,0.0,0.0,0.0,0.0,0.0,0.0,0.0
96300,4692,2394,0.510230179028133,1160,954,0.4505541346973572,1324,0.5643648763853367,0.40599999999999997,3.023063533507398,3.1282269766948727,6.63013698630137,2.1676756651893134,9297.061000188547,1414.8674702668438,7853.0,10748.110832810402,10683.214792349483,17.671014231985474,7853.0,0.0,28.02770673486786,20.695661387891953,32.68165829145729,19.016084576667033,0.13107416879795397,0.1025149190110827,0.09612105711849957,0.08823529411764706,0.07587382779198636,0.079923273657289,0.06884057971014493,0.0654305200341006,0.06010230179028133,0.05392156862745098,0.04305200341005968,0.041773231031543054,0.030264279624893437,0.0283461210571185,0.01896845694799659,0.010656436487638534,0.004901960784313725,0.9231811249779517,0.02252979614617541,0.0,0.0,0.0,0.0,0.0,0.0,0.0,0.0,0.0,0.0,0.0,0.0,0.0,0.0,0.0,0.0,0.0,0.0,0.0,0.0,0.0,0.0,0.0,0.0,0.0,0.17902813299232742,4.379795396419438,15.620204603580566,9.066496163682865,0.7544757033248084,4.309012875536481,2.9443369074426315,nan,nan,nan,4.3381389252948885,2.9731785192899856,4.279441117764471,2.9144642075560014,0.9864693573577921,0.3555,0.02307,0.0,0.0,0.0,0.0,0.0,0.0,0.0,0.0,0.19181585677749366,4.923273657289004,15.537084398976985,8.542199488491036,0.7864450127877239,0.019181585677749365,0.0,0.0,0.0,0.0,0.0,0.0,0.0,0.0,0.0,0.0,0.0,0.0,0.0,0.0,0.0,0.0,nan,nan,4.309012875536481,2.9443369074426315,nan,0.3555,0.1191,0.0,0.0,0.0,0.0,0.00017050298380221653,0.0,0.0020034100596760442,0.004209292412617221,2.1312872975277067e-05,0.002131287297527707,0.007438192668371696,0.0015451832907075874,0.000777919863597613,0.004614236999147485,0.004379795396419438,0.015910059676044332,0.004315856777493606,0.018670076726342712,0.005466751918158568,0.0050404944586530265,0.028090366581415175,0.013054134697357203,0.019075021312872975,0.023508098891730604,0.02376385336743393,0.026417306052855926,0.024008951406649617,0.016293691389599317,0.04449062233589088,0.04572676896845695,0.016773231031543052,0.037158994032395566,0.02579923273657289,0.03611466325660699,0.024818840579710146,0.042625745950554135,0.05864236999147485,0.024158141517476556,0.02135549872122762,0.017178175618073315,0.018702046035805626,0.026417306052855926,0.031052855924978688,0.03170289855072464,0.010059676044330775,0.024563086104006822,0.03927962489343564,0.019288150042625747,0.023795822676896845,0.01774296675191816,0.012297527706734868,0.02200554134697357,0.001736999147485081,0.0041773231031543056,0.004379795396419438,0.0058397271952259164,0.0018115942028985507,0.008663682864450128,0.0016943734015345269,0.0032075873827791986,0.008674339300937766,0.014769820971867008,0.0067668371696504685,0.00040494458653026426,0.006692242114236999,0.0014705882352941176,0.0008738277919863597,0.0006074168797953964,0.0,0.0034207161125319693,1.0656436487638533e-05,2.1312872975277067e-05,0.0012468030690537084,0.00042625745950554135,0.00044757033248081843,0.0,0.0,0.0,0.0,0.0,0.0,0.0,0.0,0.0,0.0,0.0,0.0,0.0,0.0,0.0,0.0,0.0,0.0,0.0,0.0,0.0,0.0,0.0,0.0,0.0,0.0,nan,nan,4.309012875536481,2.9443369074426315,nan,0.9230321190112216,0.02265743075230796,0.0,0.0,0.0,0.0,0.0,0.0,0.0,0.0,0.0,0.0,0.0,0.0,0.0,0.0,0.0,0.0,0.0,0.0,0.0,0.0,0.0,0.0,0.0,0.0,0.0,0.18796992481203012,4.398496240601505,15.676691729323311,8.98496240601504,0.7518796992481205,0.9233363557370254,0.022395001575366853,0.0,0.0,0.0,0.0,0.0,0.0,0.0,0.0,0.0,0.0,0.0,0.0,0.0,0.0,0.0,0.0,0.0,0.0,0.0,0.0,0.0,0.0,0.0,0.0,0.0,0.1697127937336815,4.360313315926894,15.561357702349873,9.151436031331594,0.7571801566579637,0.3552,0.02275,0.0,0.0,0.0,0.0,0.0,0.0,0.0,0.0,0.20050125313283212,4.887218045112783,15.776942355889727,8.395989974937331,0.7268170426065165,0.012531328320802008,0.0,0.0,0.0,0.0,0.0,0.0,0.0,0.0,0.0,0.0,0.0,0.0,0.0,0.0,0.0,0.0,0.3557,0.02342,0.0,0.0,0.0,0.0,0.0,0.0,0.0,0.0,0.18276762402088778,4.960835509138382,15.287206266318542,8.694516971279361,0.8485639686684076,0.026109660574412538,0.0,0.0,0.0,0.0,0.0,0.0,0.0,0.0,0.0,0.0,0.0,0.0,0.0,0.0,0.0,0.0
96400,4773,2438,0.5107898596270689,1180,1005,0.45778336476010895,1374,0.5757385292269013,0.39399999999999996,2.9511777301927196,3.086368056119331,6.475460122699387,2.1884412477915802,9298.891219815168,1415.0776144763713,7853.0,10754.26059281826,10683.696797447825,18.050679439303632,7853.0,0.0,28.224596689712968,20.89113197035659,33.17833125778331,19.071617758860455,0.1393253718835114,0.09784202807458621,0.08736643620364551,0.08862350722815839,0.07710035617012362,0.07479572595851666,0.07144353655981563,0.06683427613660171,0.06054892101403729,0.05384454221663524,0.047559187094070816,0.04211187932118165,0.03184579928765975,0.023674837628326,0.016551435156086317,0.01257071024512885,0.007961449821914938,0.924251627027926,0.023233399095704068,0.0,0.0,0.0,0.0,0.0,0.0,0.0,0.0,0.0,0.0,0.0,0.0,0.0,0.0,0.0,0.0,0.0,0.0,0.0,0.0,0.0,0.0,0.0,0.0,0.006285355122564427,0.1634192331866751,4.33060967944689,14.984286612193593,9.459459459459461,1.0559396605908236,4.18872156360141,2.8787214466263507,nan,nan,nan,4.10922171353826,2.8085592774709403,4.267127592708988,2.9422976579399167,1.0384271986713423,0.3552,0.02312,0.0,0.0,0.0,0.0,0.0,0.0,0.0,0.0,0.18227529855436836,4.996857322438719,15.072281583909493,8.969201759899422,0.7730986800754245,0.006285355122564427,0.0,0.0,0.0,0.0,0.0,0.0,0.0,0.0,0.0,0.0,0.0,0.0,0.0,0.0,0.0,0.0,nan,nan,4.18872156360141,2.8787214466263507,nan,0.3552,0.12036,0.0,0.0,1.0475591870940709e-05,0.0,0.000251414204902577,0.0,0.0024512884978001256,0.004274041483343809,3.1426775612822124e-05,0.0026084223758642364,0.007961449821914938,0.0012989733919966477,0.0009113764927718417,0.005112088833019066,0.004556882463859208,0.017536140791954747,0.004085480829666876,0.01714854389272994,0.0057825267127592705,0.005133040016760947,0.029509742300439974,0.012832600041902368,0.018489419652210348,0.024324324324324326,0.02439765346742091,0.0257594804106432,0.022302535093232767,0.01864655353027446,0.04303373140582443,0.041776660381311545,0.017127592708988056,0.03487324533836162,0.0251414204902577,0.038812067881835326,0.024313848732453385,0.04305468258956631,0.05869474125288079,0.02557091975696627,0.021265451498009638,0.017253299811439346,0.019715063901110413,0.026555625392834695,0.03018018018018018,0.031992457573852925,0.009134716111460297,0.02437670228367903,0.038770165514351564,0.02060548921014037,0.02338152105593966,0.0162895453593128,0.012591661428870731,0.021254975906138698,0.0017179970668342761,0.0037816886654095955,0.004619736015084852,0.0057196731615336265,0.0019484600879949717,0.008537607374816677,0.002084642782317201,0.0029960192750890426,0.00915566729520218,0.013984915147705845,0.006892939451078986,0.0004190236748376283,0.007364341085271318,0.0014980096375445213,0.0009218520846427823,0.0004923528179342132,0.0,0.00369788393044207,0.00014665828619316992,0.0,0.0013827781269641734,0.0009218520846427823,0.0005237795935470355,1.0475591870940709e-05,0.0,0.0,0.0,0.0,0.0,0.0,0.0,0.0,0.0,0.0,0.0,0.0,0.0,0.0,0.0,0.0,0.0,0.0,0.0,0.0,0.0,0.0,0.0,0.0,0.0,nan,nan,4.18872156360141,2.8787214466263507,nan,0.9243565665541172,0.023219571120873406,0.0,0.0,0.0,0.0,0.0,0.0,0.0,0.0,0.0,0.0,0.0,0.0,0.0,0.0,0.0,0.0,0.0,0.0,0.0,0.0,0.0,0.0,0.0,0.0,0.0,0.15996718621821168,4.3191140278917155,14.729286300246107,9.794913863822806,0.9967186218211651,0.9241420584776672,0.023247322763094925,0.0,0.0,0.0,0.0,0.0,0.0,0.0,0.0,0.0,0.0,0.0,0.0,0.0,0.0,0.0,0.0,0.0,0.0,0.0,0.0,0.0,0.0,0.0,0.0,0.012847965738758033,0.16702355460385443,4.342612419700215,15.250535331905784,9.109207708779445,1.1177730192719488,0.355,0.02306,0.0,0.0,0.0,0.0,0.0,0.0,0.0,0.0,0.23379819524200168,5.057424118129616,15.159967186218214,8.810500410172258,0.7260049220672684,0.012305168170631669,0.0,0.0,0.0,0.0,0.0,0.0,0.0,0.0,0.0,0.0,0.0,0.0,0.0,0.0,0.0,0.0,0.3557,0.02318,0.0,0.0,0.0,0.0,0.0,0.0,0.0,0.0,0.12847965738758033,4.933618843683084,14.980728051391866,9.134903640256947,0.8222698072805141,0.0,0.0,0.0,0.0,0.0,0.0,0.0,0.0,0.0,0.0,0.0,0.0,0.0,0.0,0.0,0.0,0.0
96500,4721,2476,0.5244651556873544,1136,949,0.4416437195509426,1309,0.5545435289133658,0.442,3.039643652561247,3.243597202625948,6.843548387096774,2.2950944156376107,9337.264799836808,1413.390934746666,7853.0,10741.665667176247,10683.054168024866,17.798697821850755,7853.0,0.0,28.101037915695827,21.204448567254698,33.170207384926655,19.443903010890082,0.14149544588011015,0.10103791569582715,0.09087057826731625,0.09023511967803431,0.07689048930311375,0.07286591823766152,0.06629951281508155,0.0626985808091506,0.057191273035373864,0.05274306291040034,0.04596483795805973,0.04088116924380428,0.034102944291463676,0.027324719339123067,0.01948739673797924,0.013980088964202499,0.00593094683329803,0.9238585584548994,0.023184891827837697,0.0,0.0,0.0,0.0,0.0,0.0,0.0,0.0,0.0,0.0,0.0,0.0,0.0,0.0,0.0,0.0,0.0,0.0,0.0,0.0,0.0,0.0,0.0,0.0,0.0,0.20970133446303754,4.397373437830969,15.20652404151663,9.23956788815929,0.9468332980300785,4.363218390804597,3.0580739433417645,nan,nan,nan,4.283837056504599,3.0395317425423407,4.4448094612352165,3.074188246298824,1.0375766871165644,0.3538,0.0223,0.0,0.0,0.0,0.0,0.0,0.0,0.0,0.0,0.24147426392713414,5.318788392289771,15.784791357763188,8.191061215844089,0.4638847701758103,0.0,0.0,0.0,0.0,0.0,0.0,0.0,0.0,0.0,0.0,0.0,0.0,0.0,0.0,0.0,0.0,0.0,nan,nan,4.363218390804597,3.0580739433417645,nan,0.3538,0.1198,0.0,0.0,0.0,0.0,0.0002541834357127727,1.0590976488032197e-05,0.0027854268163524675,0.0044588011014615545,1.0590976488032197e-05,0.0023300148273670833,0.006862952764244863,0.0009320059309468333,0.0013768269434441855,0.006153357339546706,0.004702393560686295,0.01798347807667867,0.0042893454776530395,0.01754924804066935,0.0067676339758525736,0.005041304808303325,0.02898750264774412,0.013630586740097437,0.018587163736496506,0.024592247405210762,0.024316882016521924,0.026721033679305232,0.023067146790934124,0.019169667443338277,0.04300995551789875,0.041633128574454566,0.0179940690531667,0.03471722092776954,0.02506884134717221,0.03780978606227494,0.02536538868883711,0.043137047235755135,0.056047447574666384,0.024136835416225376,0.02083245075195933,0.016934971404363484,0.020525312433806397,0.02695403516204194,0.030406693497140435,0.03182588434653675,0.008546918025841982,0.026509214149544588,0.038593518322389324,0.019847489938572337,0.022399915272188094,0.01616183012073713,0.011703029019275578,0.021775047659394198,0.0017898750264774411,0.00419402668926075,0.005464943867824613,0.0056132175386570645,0.001620419402668926,0.008133869942808727,0.0016945562380851515,0.0029337004871849183,0.009235331497564076,0.015494598601991103,0.005899173903833934,0.0004765939419614488,0.007339546706206312,0.0011755983901715738,0.0007731412836263504,0.0006248676127938996,0.0,0.002954882440160983,0.00010590976488032197,0.0,0.0010061427663630588,0.0005613217538657064,0.0003918661300571913,0.0,0.0,0.0,0.0,0.0,0.0,0.0,0.0,0.0,0.0,0.0,0.0,0.0,0.0,0.0,0.0,0.0,0.0,0.0,0.0,0.0,0.0,0.0,0.0,0.0,0.0,nan,nan,4.363218390804597,3.0580739433417645,nan,0.9238415851779824,0.023034432029021067,0.0,0.0,0.0,0.0,0.0,0.0,0.0,0.0,0.0,0.0,0.0,0.0,0.0,0.0,0.0,0.0,0.0,0.0,0.0,0.0,0.0,0.0,0.0,0.0,0.0,0.20597738287560585,4.349757673667206,15.230210016155091,9.378029079159937,0.836025848142165,0.9238772782026261,0.02334969465754248,0.0,0.0,0.0,0.0,0.0,0.0,0.0,0.0,0.0,0.0,0.0,0.0,0.0,0.0,0.0,0.0,0.0,0.0,0.0,0.0,0.0,0.0,0.0,0.0,0.0,0.21380846325167044,4.449888641425391,15.1804008908686,9.086859688195993,1.069042316258352,0.3542,0.02199,0.0,0.0,0.0,0.0,0.0,0.0,0.0,0.0,0.24232633279483043,5.137318255250405,15.739095315024235,8.396607431340861,0.48465266558966086,0.0,0.0,0.0,0.0,0.0,0.0,0.0,0.0,0.0,0.0,0.0,0.0,0.0,0.0,0.0,0.0,0.0,0.3533,0.02261,0.0,0.0,0.0,0.0,0.0,0.0,0.0,0.0,0.24053452115812923,5.518930957683743,15.83518930957684,7.964365256124711,0.44097995545657026,0.0,0.0,0.0,0.0,0.0,0.0,0.0,0.0,0.0,0.0,0.0,0.0,0.0,0.0,0.0,0.0,0.0
96600,4935,2575,0.5217831813576495,1209,1001,0.44782168186423504,1366,0.553596757852077,0.414,2.949576271186441,3.1149584141925244,6.529320987654321,2.246891852255546,9329.115176099556,1413.2088468226088,7853.0,10748.076656103134,10681.981900602452,18.16342317834974,7853.0,0.0,28.048632218844986,20.796199911360926,32.903823034383265,19.0436504524948,0.13617021276595745,0.1033434650455927,0.08956433637284701,0.08713272543059777,0.07821681864235056,0.07558257345491388,0.06889564336372847,0.06808510638297872,0.05815602836879433,0.05450861195542046,0.04336372847011145,0.04336372847011145,0.03221884498480243,0.027152988855116515,0.01904761904761905,0.009321175278622086,0.005876393110435664,0.9225681198887308,0.022727250313938924,0.0,0.0,0.0,0.0,0.0,0.0,0.0,0.0,0.0,0.0,0.0,0.0,0.0,0.0,0.0,0.0,0.0,0.0,0.0,0.0,0.0,0.0,0.0,0.0,0.0,0.21884498480243167,4.620060790273557,15.768996960486325,8.62613981762918,0.7659574468085109,4.195747342088805,2.939108010713544,nan,nan,nan,4.168447517284727,2.955021726443125,4.224159402241594,2.9233996713333297,1.0133651400733377,0.3533,0.02269,0.0,0.0,0.0,0.0,0.0,0.0,0.0,0.0,0.27355623100303955,5.568389057750761,15.562310030395139,8.109422492401205,0.4863221884498481,0.0,0.0,0.0,0.0,0.0,0.0,0.0,0.0,0.0,0.0,0.0,0.0,0.0,0.0,0.0,0.0,0.0,nan,nan,4.195747342088805,2.939108010713544,nan,0.3533,0.12,0.0,2.0263424518743667e-05,0.0,6.0790273556231004e-05,0.000425531914893617,0.0,0.0024620060790273555,0.00497467071935157,0.0,0.0028267477203647415,0.007264437689969605,0.0012968591691995947,0.0012563323201621073,0.006413373860182371,0.0046403242147923,0.01741641337386018,0.0037082066869300913,0.01723404255319149,0.00723404255319149,0.004832826747720365,0.027771023302938198,0.013404255319148937,0.01872340425531915,0.024802431610942248,0.026372847011144885,0.02646403242147923,0.02341438703140831,0.020658561296859168,0.04212765957446808,0.04203647416413374,0.018520770010131714,0.03389057750759879,0.024741641337386017,0.03852077001013171,0.0253596757852077,0.04159067882472138,0.05541033434650456,0.024721377912867274,0.02060790273556231,0.017477203647416412,0.02055724417426545,0.02822695035460993,0.028135764944275582,0.031124620060790274,0.009300911854103344,0.026757852077001012,0.03884498480243161,0.02006079027355623,0.02155015197568389,0.016707193515704155,0.010982776089159069,0.02232016210739615,0.0023302938196555216,0.004498480243161095,0.0055420466058763935,0.005167173252279635,0.00220871327254306,0.00646403242147923,0.001276595744680851,0.003302938196555218,0.009574468085106383,0.014832826747720365,0.005339412360688956,0.000364741641337386,0.007912867274569402,0.0013981762917933131,0.0008206686930091185,0.0006382978723404255,0.0,0.0030192502532928067,0.0,0.0,0.0008206686930091185,0.0005572441742654508,0.000668693009118541,1.0131712259371834e-05,0.0,0.0,0.0,0.0,0.0,0.0,0.0,0.0,0.0,0.0,0.0,0.0,0.0,0.0,0.0,0.0,0.0,0.0,0.0,0.0,0.0,0.0,0.0,0.0,0.0,nan,nan,4.195747342088805,2.939108010713544,nan,0.9229359023084919,0.022984642165004305,0.0,0.0,0.0,0.0,0.0,0.0,0.0,0.0,0.0,0.0,0.0,0.0,0.0,0.0,0.0,0.0,0.0,0.0,0.0,0.0,0.0,0.0,0.0,0.0,0.0,0.1980582524271845,4.648543689320389,15.530097087378644,8.807766990291263,0.8155339805825245,0.9221668318671695,0.022436165645720978,0.0,0.0,0.0,0.0,0.0,0.0,0.0,0.0,0.0,0.0,0.0,0.0,0.0,0.0,0.0,0.0,0.0,0.0,0.0,0.0,0.0,0.0,0.0,0.0,0.0,0.2415254237288136,4.5889830508474585,16.029661016949156,8.427966101694917,0.7118644067796612,0.3533,0.02295,0.0,0.0,0.0,0.0,0.0,0.0,0.0,0.0,0.3262135922330098,5.662135922330099,15.425242718446604,8.132038834951445,0.45436893203883505,0.0,0.0,0.0,0.0,0.0,0.0,0.0,0.0,0.0,0.0,0.0,0.0,0.0,0.0,0.0,0.0,0.0,0.3535,0.0224,0.0,0.0,0.0,0.0,0.0,0.0,0.0,0.0,0.21610169491525427,5.466101694915256,15.711864406779664,8.084745762711853,0.5211864406779662,0.0,0.0,0.0,0.0,0.0,0.0,0.0,0.0,0.0,0.0,0.0,0.0,0.0,0.0,0.0,0.0,0.0
96700,4921,2577,0.5236740499898395,1222,969,0.44523470839260315,1369,0.556390977443609,0.426,3.072952218430034,3.2085187625435596,6.896084337349397,2.140343197932379,9334.394838223126,1412.8990286680748,7853.0,10739.530630111694,10681.849048853706,18.120665814792584,7853.0,0.0,28.091851249745986,20.89594741613856,33.19786096256684,19.044563947222116,0.14285714285714285,0.09510262141841089,0.09266409266409266,0.08941272099166836,0.07559439138386506,0.07153017679333469,0.07213980898191424,0.06543385490753911,0.05872790083316399,0.053444421865474497,0.04694167852062589,0.03921967079861817,0.03596829912619386,0.02702702702702703,0.01646006909164804,0.010770168664905507,0.006705954074375127,0.9226851637129424,0.02281472341564085,0.0,0.0,0.0,0.0,0.0,0.0,0.0,0.0,0.0,0.0,0.0,0.0,0.0,0.0,0.0,0.0,0.0,0.0,0.0,0.0,0.0,0.0,0.0,0.0,0.0,0.20117862223125385,4.651493598862021,15.277382645803701,9.150579150579151,0.7193659825238774,4.330596779286391,2.9838458437011943,nan,nan,nan,4.340290955091714,3.010095123765703,4.321135646687697,2.9583376220999247,0.9955866303429394,0.3528,0.02298,0.0,0.0,0.0,0.0,0.0,0.0,0.0,0.0,0.24385287543182285,5.9195285511075,15.545620808778706,7.711847185531385,0.5791505791505792,0.0,0.0,0.0,0.0,0.0,0.0,0.0,0.0,0.0,0.0,0.0,0.0,0.0,0.0,0.0,0.0,0.0,nan,nan,4.330596779286391,2.9838458437011943,nan,0.3528,0.1193,0.0,0.0,1.016053647632595e-05,0.0002844950213371266,0.0004470636049583418,0.0,0.002245478561268035,0.004826254826254826,0.0,0.0030176793334688074,0.006909164803901646,0.0024791709002235317,0.001005893111156269,0.00561877667140825,0.004429993903678114,0.015972363340784394,0.00416581995529364,0.016195895143263566,0.007620402357244462,0.0042064621011989435,0.02902865271286324,0.013462710831131883,0.01798414956309693,0.024497053444421865,0.02616338142653932,0.027860191018085755,0.02406015037593985,0.020453159926844138,0.04390367811420443,0.043517577728104044,0.01994513310302784,0.03305222515748832,0.025462304409672832,0.03662873399715505,0.027087990245884982,0.04204429993903678,0.05299735826051616,0.026579963422068684,0.021479374110953058,0.017882544198333673,0.02134728713676082,0.027829709408656776,0.026427555374923795,0.02945539524486893,0.010241820768136558,0.024669782564519408,0.03889453363137574,0.01987400934769356,0.019752082909977646,0.017526925421662263,0.013198536882747408,0.021885795570006097,0.002225157488315383,0.005029465555781345,0.004927860191018086,0.005507010770168665,0.002174354805933753,0.006705954074375127,0.0009754115017272913,0.003200568990042674,0.009764275553749239,0.014102824629140418,0.0043283885389148544,0.0003657793131477342,0.008311318837634626,0.0013107092054460475,0.00080268238162975,0.001016053647632595,0.0,0.0029567161146108515,0.0,0.0,0.0004673846779109937,0.00041658199552936393,0.0007823613086770982,0.0,0.0,0.0,0.0,0.0,0.0,0.0,0.0,0.0,0.0,0.0,0.0,0.0,0.0,0.0,0.0,0.0,0.0,0.0,0.0,0.0,0.0,0.0,0.0,0.0,0.0,nan,nan,4.330596779286391,2.9838458437011943,nan,0.9233108460324931,0.022676190752620208,0.0,0.0,0.0,0.0,0.0,0.0,0.0,0.0,0.0,0.0,0.0,0.0,0.0,0.0,0.0,0.0,0.0,0.0,0.0,0.0,0.0,0.0,0.0,0.0,0.0,0.16298020954598375,4.516880093131549,15.192083818393483,9.394644935972062,0.7334109429569269,0.9219972868624807,0.022946382042469626,0.0,0.0,0.0,0.0,0.0,0.0,0.0,0.0,0.0,0.0,0.0,0.0,0.0,0.0,0.0,0.0,0.0,0.0,0.0,0.0,0.0,0.0,0.0,0.0,0.0,0.24317406143344714,4.799488054607509,15.371160409556317,8.882252559726965,0.7039249146757681,0.3525,0.02318,0.0,0.0,0.0,0.0,0.0,0.0,0.0,0.0,0.2793946449359721,5.867287543655415,15.657741559953436,7.625145518044226,0.5704307334109431,0.0,0.0,0.0,0.0,0.0,0.0,0.0,0.0,0.0,0.0,0.0,0.0,0.0,0.0,0.0,0.0,0.0,0.353,0.02277,0.0,0.0,0.0,0.0,0.0,0.0,0.0,0.0,0.20477815699658708,5.976962457337885,15.422354948805463,7.80716723549487,0.5887372013651878,0.0,0.0,0.0,0.0,0.0,0.0,0.0,0.0,0.0,0.0,0.0,0.0,0.0,0.0,0.0,0.0,0.0
96800,4803,2435,0.5069748074120342,1145,1005,0.44763689360816156,1426,0.5937955444513846,0.36599999999999994,2.9041385135135136,2.9264087219390653,6.0570291777188325,2.076950601292594,9286.421109605773,1413.6215867978399,7853.0,10737.9079464674,10680.401063423627,18.07865375995267,7853.0,0.0,29.48199042265251,21.351217611118063,34.16008771929825,19.560658282096554,0.12783676868623778,0.08931917551530294,0.09369144284821987,0.08453050176972725,0.07599417031022278,0.07141369977097647,0.07641057672288153,0.059754320216531334,0.059129710597543204,0.05808869456589631,0.05517384967728503,0.04288986050385176,0.036643764313970435,0.024359775140537165,0.020820320632937747,0.013325005205080159,0.010618363522798251,0.92169934071875,0.023135755695508516,0.0,0.0,0.0,0.0,0.0,0.0,0.0,0.0,0.0,0.0,0.0,0.0,0.0,0.0,0.0,0.0,0.0,0.0,0.0,0.0,0.0,0.0,0.0,0.0,0.0,0.24359775140537168,4.99687695190506,15.496564647095568,8.444722048719552,0.8182386008744537,4.056022408963585,2.695220375904791,nan,nan,nan,4.0037523452157595,2.691331077377973,4.109113453192808,2.698395200816221,1.0263155906990473,0.3513,0.02301,0.0,0.0,0.0,0.0,0.0,0.0,0.0,0.0,0.3560274828232356,6.452217364147409,15.40287320424735,7.320424734540901,0.46845721424109943,0.0,0.0,0.0,0.0,0.0,0.0,0.0,0.0,0.0,0.0,0.0,0.0,0.0,0.0,0.0,0.0,0.0,nan,nan,4.056022408963585,2.695220375904791,nan,0.3513,0.12006,0.0,0.0,0.0,0.00029148448886112845,0.00040599625234228606,0.0,0.0016968561315844264,0.004382677493233396,0.0,0.003685196752029981,0.009566937330834895,0.0029460753695606913,0.0010306058713304184,0.006371018113678951,0.005330002082032063,0.015448677909639809,0.004518009577347491,0.015354986466791589,0.008005413283364564,0.004497189256714554,0.030158234436810327,0.012929419113054341,0.017582760774515926,0.024755361232562983,0.025817197584842806,0.02938788257339163,0.024255673537372475,0.02099729335831772,0.042463043930876535,0.04177597334998959,0.01948782011242973,0.03337497397459921,0.023037684780345617,0.03815323755985842,0.026420986883198,0.04315011451176348,0.05246720799500312,0.028107432854465958,0.022423485321673955,0.017634811576098273,0.021569852175723506,0.02847178846554237,0.026577139287945035,0.030824484697064336,0.009577347491151364,0.023797626483447847,0.03612325629814699,0.01978971476160733,0.019165105142619196,0.01662502602540079,0.013023110555902561,0.021424109931292942,0.0023006454299396213,0.004955236310639184,0.005330002082032063,0.005579845929627316,0.0019154694982302727,0.006672912762856548,0.0008744534665833854,0.0033520716219029773,0.008754944826150322,0.014313970435144702,0.00388298979804289,0.0003227149698105351,0.008067874245263377,0.0013533208411409536,0.0009265042681657297,0.0010618363522798251,0.0,0.003872579637726421,0.0,0.0,0.00020820320632937748,0.0005933791380387258,0.0007807620237351655,0.0,0.0,0.0,0.0,0.0,0.0,0.0,0.0,0.0,0.0,0.0,0.0,0.0,0.0,0.0,0.0,0.0,0.0,0.0,0.0,0.0,0.0,0.0,0.0,0.0,0.0,nan,nan,4.056022408963585,2.695220375904791,nan,0.9215871573963205,0.023163189050910644,0.0,0.0,0.0,0.0,0.0,0.0,0.0,0.0,0.0,0.0,0.0,0.0,0.0,0.0,0.0,0.0,0.0,0.0,0.0,0.0,0.0,0.0,0.0,0.0,0.0,0.24640657084188916,5.088295687885012,15.425051334702262,8.476386036960987,0.7638603696098565,0.9218146981470086,0.023106944206715576,0.0,0.0,0.0,0.0,0.0,0.0,0.0,0.0,0.0,0.0,0.0,0.0,0.0,0.0,0.0,0.0,0.0,0.0,0.0,0.0,0.0,0.0,0.0,0.0,0.0,0.2407094594594595,4.902871621621623,15.570101351351354,8.412162162162163,0.8741554054054056,0.3518,0.02324,0.0,0.0,0.0,0.0,0.0,0.0,0.0,0.0,0.36960985626283377,6.381930184804929,15.240246406570845,7.552361396303891,0.45585215605749496,0.0,0.0,0.0,0.0,0.0,0.0,0.0,0.0,0.0,0.0,0.0,0.0,0.0,0.0,0.0,0.0,0.0,0.3508,0.02277,0.0,0.0,0.0,0.0,0.0,0.0,0.0,0.0,0.3420608108108109,6.524493243243245,15.570101351351354,7.081925675675665,0.481418918918919,0.0,0.0,0.0,0.0,0.0,0.0,0.0,0.0,0.0,0.0,0.0,0.0,0.0,0.0,0.0,0.0,0.0
96900,4273,2253,0.527264217177627,1033,861,0.44324830329978937,1157,0.5415399017084016,0.446,3.004950495049505,3.141698986583809,6.641818181818182,2.2597015819947157,9344.023025360566,1411.8806777086281,7853.0,10741.390602469444,10680.847930477452,17.973643279621765,7853.0,0.0,27.898432014977768,20.93949425672074,32.95327364297706,19.1676343966991,0.14275684530774632,0.10039784694593962,0.0922068804118886,0.08612216241516499,0.08003744441844138,0.07395272642171777,0.07184647788439036,0.05991106950620173,0.05803884858413293,0.048677743973788906,0.04914579920430611,0.042827053592323895,0.034870114673531474,0.023168733910601452,0.019190264451205242,0.010765270301895623,0.006084717996723613,0.9217781301351556,0.02318184845491917,0.0,0.0,0.0,0.0,0.0,0.0,0.0,0.0,0.0,0.0,0.0,0.0,0.0,0.0,0.0,0.0,0.0,0.0,0.0,0.0,0.0,0.0,0.0,0.0,0.014041656915516034,0.23168733910601455,5.012871518839224,15.565176690849524,8.361806693189799,0.81441610109993,4.213659605551498,2.9106495181511725,nan,nan,nan,4.24029304029304,2.9014564844190245,4.1858600583090375,2.9201728358943138,0.9871629197636206,0.3525,0.0223,0.0,0.0,0.0,0.0,0.0,0.0,0.0,0.0,0.23870816756377258,5.637725251579687,16.070676339808102,7.624619705125194,0.42827053592323905,0.0,0.0,0.0,0.0,0.0,0.0,0.0,0.0,0.0,0.0,0.0,0.0,0.0,0.0,0.0,0.0,0.0,nan,nan,4.213659605551498,2.9106495181511725,nan,0.3525,0.1192,0.0,0.0,0.0,0.00021062485373274048,0.0004095483267025509,0.0,0.0010180201263749122,0.004282705359232389,0.0,0.0034051018020126375,0.009267493564240581,0.003264685232857477,0.0012286449801076527,0.006236835946641704,0.005523051720102972,0.015094781184179734,0.0048911771589047505,0.015633044699274515,0.007921834776503628,0.004107184647788439,0.02683126608939855,0.012625789843201498,0.017224432483032997,0.023121928387549732,0.024865434121226306,0.030634214837350807,0.025181371401825414,0.01847648022466651,0.04321319915750058,0.04186754036976363,0.019342382401123334,0.03196817224432483,0.024806927217411654,0.037491223964427806,0.02686637023168734,0.044395038614556515,0.054937982681956474,0.029194945003510414,0.024116545752398782,0.01750526562134332,0.02292300491457992,0.028317341446290663,0.025310086590217645,0.03164053358296279,0.00952492394102504,0.019892347296981045,0.03811139714486309,0.020664638427334424,0.019751930727825884,0.016417037210390825,0.012731102270067868,0.022291130353381698,0.002667914813948046,0.005347531008659021,0.005207114439503862,0.005101802012637492,0.001837116779780014,0.007430376784460567,0.0009712146033231922,0.0035221156096419378,0.00890475076058975,0.01378422653873157,0.0043646150245729,0.00018722209220688041,0.007383571261408846,0.0012637491223964428,0.0006786800842499415,0.0013924643107886732,0.0,0.0038146501287151884,0.0,0.0,0.0002691317575473906,0.0004797566112801311,0.0006552773227240814,0.0,0.0,0.0,0.0,0.0,0.0,0.0,0.0,0.0,0.0,0.0,0.0,0.0,0.0,0.0,0.0,0.0,0.0,0.0,0.0,0.0,0.0,0.0,0.0,0.0,0.0,nan,nan,4.213659605551498,2.9106495181511725,nan,0.9213733844263946,0.022801422202983906,0.0,0.0,0.0,0.0,0.0,0.0,0.0,0.0,0.0,0.0,0.0,0.0,0.0,0.0,0.0,0.0,0.0,0.0,0.0,0.0,0.0,0.0,0.0,0.0,0.013315579227696408,0.19973368841544611,5.006657789613849,15.832223701731028,8.149134487350201,0.7989347536617845,0.9222295618588382,0.023590731663860783,0.0,0.0,0.0,0.0,0.0,0.0,0.0,0.0,0.0,0.0,0.0,0.0,0.0,0.0,0.0,0.0,0.0,0.0,0.0,0.0,0.0,0.0,0.0,0.0,0.014851485148514854,0.2673267326732674,5.019801980198021,15.26732673267327,8.5990099009901,0.8316831683168319,0.3528,0.02223,0.0,0.0,0.0,0.0,0.0,0.0,0.0,0.0,0.19973368841544611,5.565912117177099,16.031957390146474,7.789613848202386,0.41278295605858867,0.0,0.0,0.0,0.0,0.0,0.0,0.0,0.0,0.0,0.0,0.0,0.0,0.0,0.0,0.0,0.0,0.0,0.3523,0.02235,0.0,0.0,0.0,0.0,0.0,0.0,0.0,0.0,0.2821782178217822,5.717821782178219,16.113861386138616,7.44059405940593,0.44554455445544566,0.0,0.0,0.0,0.0,0.0,0.0,0.0,0.0,0.0,0.0,0.0,0.0,0.0,0.0,0.0,0.0,0.0
97000,4579,2402,0.5245686831185848,1083,954,0.44485695566717626,1295,0.5656256824634199,0.414,3.077170418006431,3.2187892463029106,6.988313856427379,2.144573536723718,9337.069904537955,1412.9126179212576,7853.0,10752.949032783508,10682.124101948082,17.875194185016106,7853.0,0.0,27.691198951736187,20.986936084186688,32.957357199262965,19.16808275879826,0.14741209871150907,0.10133216859576327,0.09106791875955449,0.08451626992793186,0.08298755186721991,0.07053941908713693,0.0692290893208124,0.06442454684428915,0.0576545097182791,0.051321249181043894,0.04476960034942127,0.039965057872898016,0.030574361214238916,0.027953701681589865,0.019873334789255296,0.010045861541821358,0.0063332605372352045,0.9233379839913609,0.022692524712337965,0.0,0.0,0.0,0.0,0.0,0.0,0.0,0.0,0.0,0.0,0.0,0.0,0.0,0.0,0.0,0.0,0.0,0.0,0.0,0.0,0.0,0.0,0.0,0.0,0.006551648831622627,0.18999781611705618,4.38960471718716,15.645337409914832,8.903690762175149,0.8648176457741867,4.28034188034188,2.9784479212955812,nan,nan,nan,4.348965517241379,3.009344463875682,4.208276797829036,2.9418907495931443,0.9676500724472095,0.3528,0.02293,0.0,0.0,0.0,0.0,0.0,0.0,0.0,0.0,0.28172089975977294,5.778554269491157,15.54051102860887,7.888185193273629,0.5110286088665649,0.0,0.0,0.0,0.0,0.0,0.0,0.0,0.0,0.0,0.0,0.0,0.0,0.0,0.0,0.0,0.0,0.0,nan,nan,4.28034188034188,2.9784479212955812,nan,0.3528,0.1197,0.0,0.0,0.0,0.0002839047827036471,0.00030574361214238916,0.0,0.0007206813714784887,0.003428696221882507,0.0,0.003122952609740118,0.010220572177331294,0.0027407730945621313,0.001310329766324525,0.007348766106136711,0.006213146975322123,0.016182572614107885,0.005798209215986023,0.014850404018344617,0.008014850404018345,0.003679842760428041,0.02671980781830094,0.012939506442454684,0.016521074470408386,0.02525660624590522,0.023323869840576546,0.02893644900633326,0.02367329111159642,0.01915265341777681,0.04195239135182354,0.04393972483074907,0.01874863507316008,0.03072723302031011,0.02780082987551867,0.03575016379122079,0.02611924000873553,0.04601441362742957,0.04895173618694038,0.030858265996942563,0.025540511028608867,0.017984276042804104,0.02476523258353352,0.030257698187377155,0.02401179296789692,0.030028390478270366,0.010100458615418214,0.01949115527407731,0.03626337628303123,0.02146756933828347,0.021784232365145227,0.017121642279973794,0.012448132780082987,0.02136929460580913,0.002849967241755842,0.005055689015068792,0.005143044332823761,0.004520637693819611,0.0016925092815025114,0.008298755186721992,0.0012011356191308146,0.004105699934483511,0.00827691635728325,0.013223411225158332,0.004695348329329548,0.00030574361214238916,0.006802795370168159,0.0014522821576763486,0.0006988425420397467,0.0012448132780082987,0.0,0.004269491155274078,6.551648831622626e-05,0.0,0.00016379122079056562,0.0006988425420397467,0.0009936667394627647,0.0,0.0,0.0,0.0,0.0,0.0,0.0,0.0,0.0,0.0,0.0,0.0,0.0,0.0,0.0,0.0,0.0,0.0,0.0,0.0,0.0,0.0,0.0,0.0,0.0,0.0,nan,nan,4.28034188034188,2.9784479212955812,nan,0.9234161532292458,0.022815483491660928,0.0,0.0,0.0,0.0,0.0,0.0,0.0,0.0,0.0,0.0,0.0,0.0,0.0,0.0,0.0,0.0,0.0,0.0,0.0,0.0,0.0,0.0,0.0,0.0,0.0,0.17485428809325568,4.558701082431308,15.562031640299754,8.867610324729394,0.8368026644462949,0.9232517357095973,0.022555765640475706,0.0,0.0,0.0,0.0,0.0,0.0,0.0,0.0,0.0,0.0,0.0,0.0,0.0,0.0,0.0,0.0,0.0,0.0,0.0,0.0,0.0,0.0,0.0,0.0,0.013780431786862658,0.20670647680293988,4.20303169499311,15.737253100597155,8.943500229673864,0.8957280661460728,0.353,0.02258,0.0,0.0,0.0,0.0,0.0,0.0,0.0,0.0,0.24979184013322236,5.545378850957537,15.849292256452959,7.8934221482098135,0.4621149042464614,0.0,0.0,0.0,0.0,0.0,0.0,0.0,0.0,0.0,0.0,0.0,0.0,0.0,0.0,0.0,0.0,0.0,0.3525,0.02332,0.0,0.0,0.0,0.0,0.0,0.0,0.0,0.0,0.31694993109784114,6.035829122645844,15.199816260909511,7.882406982085427,0.564997703261369,0.0,0.0,0.0,0.0,0.0,0.0,0.0,0.0,0.0,0.0,0.0,0.0,0.0,0.0,0.0,0.0,0.0
97100,4874,2501,0.5131308986458761,1191,1007,0.4509643003693065,1407,0.5773491998358637,0.39799999999999996,2.9949431099873576,3.028724634362853,6.438053097345133,2.0968083029041007,9304.623405430959,1414.0456308221958,7853.0,10742.076547145844,10681.953409864253,17.689858295887678,7853.0,0.0,28.537956503898236,21.093046099897965,33.42857142857143,19.299440819303644,0.1345917111202298,0.09335248256052524,0.09499384489125974,0.0882232252769799,0.07673368896183833,0.07529749692244563,0.07406647517439474,0.06421830118998768,0.0553959786622897,0.04759950759130078,0.05149774312679524,0.04370127205580632,0.03385309807139926,0.02892901107919573,0.018670496512105048,0.011694706606483382,0.0071809601969634795,0.9227647180556273,0.022952163525587127,0.0,0.0,0.0,0.0,0.0,0.0,0.0,0.0,0.0,0.0,0.0,0.0,0.0,0.0,0.0,0.0,0.0,0.0,0.0,0.0,0.0,0.0,0.0,0.0,0.0,0.1908083709478868,4.65941731637259,15.535494460402136,8.740254411161265,0.8740254411161266,4.297965571205008,2.862981405417462,nan,nan,nan,4.310344827586207,2.9033954082707916,4.285625,2.822063670326203,0.9942649999999998,0.353,0.02245,0.0,0.0,0.0,0.0,0.0,0.0,0.0,0.0,0.23389413212966767,5.908904390644236,15.615510874025444,7.743126795240038,0.4985638079606074,0.0,0.0,0.0,0.0,0.0,0.0,0.0,0.0,0.0,0.0,0.0,0.0,0.0,0.0,0.0,0.0,0.0,nan,nan,4.297965571205008,2.862981405417462,nan,0.353,0.11957,0.0,0.0,0.0,0.00016413623307345098,0.00019491177677472303,0.0,0.0004616331555190808,0.0036007386130488305,0.0,0.002513336068937218,0.009499384489125974,0.003528929011079196,0.001302831350020517,0.0073143208863356585,0.005816577759540418,0.017921624948707426,0.006196142798522774,0.015326220763233483,0.007457940090274928,0.004288059089043906,0.02454862535904801,0.012843660237997538,0.01617767747230201,0.024948707427164547,0.025174394747640542,0.025492408699220353,0.02486663931062782,0.018352482560525237,0.045014361920393924,0.04371153057037341,0.01886540828887977,0.03009848173984407,0.028241690603200656,0.03841813705375462,0.0241177677472302,0.043988510463684856,0.04865613459171112,0.03235535494460402,0.027267131719327042,0.019347558473533033,0.025984817398440704,0.029298317603611,0.023491998358637668,0.028036520311858843,0.009612228149363971,0.01886540828887977,0.03576118178087813,0.02229175215428806,0.021768567911366433,0.015408288879770209,0.011899876897825195,0.020896594173163727,0.0034160853508411982,0.0065244152646696755,0.005631924497332786,0.004226508001641363,0.001272055806319245,0.00822732868280673,0.0018978251949117767,0.003929011079195732,0.009181370537546163,0.013510463684858432,0.0054370127205580635,0.00017439474764054165,0.005939679934345507,0.0013951579811243332,0.00048215018465326223,0.001169470660648338,0.0,0.004154698399671727,9.232663110381616e-05,0.0,0.0002872384078785392,0.0007796471070988921,0.000882232252769799,0.0,0.0,0.0,0.0,0.0,0.0,0.0,0.0,0.0,0.0,0.0,0.0,0.0,0.0,0.0,0.0,0.0,0.0,0.0,0.0,0.0,0.0,0.0,0.0,0.0,0.0,nan,nan,4.297965571205008,2.862981405417462,nan,0.9226839767366064,0.02291193641728645,0.0,0.0,0.0,0.0,0.0,0.0,0.0,0.0,0.0,0.0,0.0,0.0,0.0,0.0,0.0,0.0,0.0,0.0,0.0,0.0,0.0,0.0,0.0,0.0,0.0,0.19192323070771697,4.714114354258298,15.509796081567377,8.720511795281888,0.8636545381847263,0.9228498145743256,0.02299417745693516,0.0,0.0,0.0,0.0,0.0,0.0,0.0,0.0,0.0,0.0,0.0,0.0,0.0,0.0,0.0,0.0,0.0,0.0,0.0,0.0,0.0,0.0,0.0,0.0,0.0,0.1896333754740835,4.601769911504426,15.56257901390645,8.761061946902656,0.8849557522123895,0.3535,0.02242,0.0,0.0,0.0,0.0,0.0,0.0,0.0,0.0,0.17992802878848466,5.529788084766095,15.725709716113558,8.072770891643332,0.4918032786885247,0.0,0.0,0.0,0.0,0.0,0.0,0.0,0.0,0.0,0.0,0.0,0.0,0.0,0.0,0.0,0.0,0.0,0.3523,0.02245,0.0,0.0,0.0,0.0,0.0,0.0,0.0,0.0,0.290771175726928,6.308470290771178,15.499367888748424,7.395701643489243,0.5056890012642226,0.0,0.0,0.0,0.0,0.0,0.0,0.0,0.0,0.0,0.0,0.0,0.0,0.0,0.0,0.0,0.0,0.0
97200,4810,2452,0.5097713097713098,1132,1007,0.4446985446985447,1374,0.5713097713097713,0.418,3.001696352841391,3.103255097951794,6.673879443585781,2.116465428063118,9295.392001461834,1414.5355717300997,7853.0,10738.88573050499,10682.48838785947,18.483104079257473,7853.0,0.0,27.527027027027028,20.848104190405152,32.75325651302605,19.037866743851477,0.14844074844074845,0.10311850311850312,0.09147609147609148,0.08336798336798337,0.08191268191268192,0.07151767151767152,0.07068607068607069,0.06590436590436591,0.05488565488565489,0.04864864864864865,0.04802494802494803,0.03866943866943867,0.03471933471933472,0.024532224532224534,0.017463617463617465,0.011226611226611227,0.005405405405405406,0.9233442450883235,0.023497586736499855,0.0,0.0,0.0,0.0,0.0,0.0,0.0,0.0,0.0,0.0,0.0,0.0,0.0,0.0,0.0,0.0,0.0,0.0,0.0,0.0,0.0,0.0,0.0,0.0,0.0,0.2307692307692308,4.403326403326404,15.093555093555096,9.399168399168401,0.8731808731808733,4.370019595035925,2.8498093602129333,nan,nan,nan,4.344894026974952,2.8636081622347085,4.396013289036545,2.835228793610096,1.0117653645277014,0.3533,0.02345,0.0,0.0,0.0,0.0,0.0,0.0,0.0,0.0,0.3742203742203743,5.519750519750521,15.224532224532227,8.295218295218284,0.5862785862785864,0.0,0.0,0.0,0.0,0.0,0.0,0.0,0.0,0.0,0.0,0.0,0.0,0.0,0.0,0.0,0.0,0.0,nan,nan,4.370019595035925,2.8498093602129333,nan,0.3533,0.1193,0.0,0.0,0.0,4.158004158004158e-05,0.00015592515592515593,0.0,0.0004054054054054054,0.003056133056133056,0.0,0.0024844074844074843,0.00920997920997921,0.003295218295218295,0.0010083160083160082,0.007671517671517671,0.005467775467775468,0.0174012474012474,0.007203742203742204,0.015041580041580042,0.008326403326403326,0.004293139293139293,0.02532224532224532,0.013191268191268191,0.015945945945945946,0.026008316008316008,0.024085239085239084,0.024106029106029107,0.026153846153846153,0.017765072765072765,0.04563409563409564,0.04231808731808732,0.018118503118503118,0.032754677754677754,0.026528066528066527,0.037515592515592514,0.025478170478170477,0.04188149688149688,0.04812889812889813,0.03169438669438669,0.029022869022869022,0.019802494802494804,0.027775467775467775,0.02891891891891892,0.023357588357588357,0.027006237006237006,0.009397089397089397,0.018045738045738047,0.03418918918918919,0.021683991683991682,0.021673596673596675,0.01739085239085239,0.012494802494802495,0.022993762993762993,0.0035343035343035345,0.005415800415800416,0.005384615384615384,0.00498960498960499,0.0017463617463617464,0.008035343035343036,0.0022245322245322244,0.004355509355509356,0.009282744282744284,0.013918918918918919,0.00579002079002079,0.00012474012474012475,0.005,0.00104989604989605,0.0006237006237006237,0.001340956340956341,0.0,0.0038773388773388775,5.197505197505198e-05,0.0,0.00016632016632016632,0.0009355509355509356,0.0007068607068607068,0.0,0.0,0.0,0.0,0.0,0.0,0.0,0.0,0.0,0.0,0.0,0.0,0.0,0.0,0.0,0.0,0.0,0.0,0.0,0.0,0.0,0.0,0.0,0.0,0.0,0.0,nan,nan,4.370019595035925,2.8498093602129333,nan,0.9235105887906198,0.023765214512695122,0.0,0.0,0.0,0.0,0.0,0.0,0.0,0.0,0.0,0.0,0.0,0.0,0.0,0.0,0.0,0.0,0.0,0.0,0.0,0.0,0.0,0.0,0.0,0.0,0.0,0.20799347471451882,4.539151712887439,14.889885807504081,9.39641109298532,0.9665579119086462,0.9231712702121443,0.023214754219478377,0.0,0.0,0.0,0.0,0.0,0.0,0.0,0.0,0.0,0.0,0.0,0.0,0.0,0.0,0.0,0.0,0.0,0.0,0.0,0.0,0.0,0.0,0.0,0.0,0.0,0.25445292620865145,4.262086513994912,15.305343511450385,9.40203562340967,0.776081424936387,0.3535,0.02356,0.0,0.0,0.0,0.0,0.0,0.0,0.0,0.0,0.3670473083197391,5.371125611745516,15.318107667210443,8.331973898858063,0.6117455138662318,0.0,0.0,0.0,0.0,0.0,0.0,0.0,0.0,0.0,0.0,0.0,0.0,0.0,0.0,0.0,0.0,0.0,0.3533,0.02333,0.0,0.0,0.0,0.0,0.0,0.0,0.0,0.0,0.3816793893129772,5.674300254452928,15.127226463104329,8.256997455470726,0.5597964376590332,0.0,0.0,0.0,0.0,0.0,0.0,0.0,0.0,0.0,0.0,0.0,0.0,0.0,0.0,0.0,0.0,0.0
97300,4918,2500,0.508336722244815,1194,1009,0.44794631964213094,1382,0.5620170801138674,0.418,2.977667493796526,3.162721893971113,6.808282208588957,2.1745302278352803,9291.398794205294,1414.6692882010636,7853.0,10759.629043579102,10682.618107960654,17.797247442431647,7853.0,0.0,27.33814558763725,20.584004299424613,32.38039502560351,18.827044158560003,0.1453843025620171,0.1041073607157381,0.09251728344855632,0.08418056120374136,0.08357055713704759,0.07421716144774299,0.06852379015860106,0.0634404229361529,0.062017080113867425,0.053883692557950384,0.04351362342415616,0.03538023586823912,0.0359902399349329,0.021553477023180154,0.01708011386742578,0.008743391622610817,0.0058967059780398534,0.923216405015207,0.02321590598404149,0.0,0.0,0.0,0.0,0.0,0.0,0.0,0.0,0.0,0.0,0.0,0.0,0.0,0.0,0.0,0.0,0.0,0.0,0.0,0.0,0.0,0.0,0.0,0.0,0.006100040666937781,0.20130134200894678,4.550630337535584,15.274501830012204,9.034160227734853,0.9333062220414805,4.345651481363491,2.918450285409046,nan,nan,nan,4.27290198590647,2.9442550662165132,4.417617237008872,2.8908963180001086,1.03386814197464,0.353,0.02231,0.0,0.0,0.0,0.0,0.0,0.0,0.0,0.0,0.2196014640097601,5.496136640910941,15.921106140707607,7.881252541683599,0.48190321268808467,0.0,0.0,0.0,0.0,0.0,0.0,0.0,0.0,0.0,0.0,0.0,0.0,0.0,0.0,0.0,0.0,0.0,nan,nan,4.345651481363491,2.918450285409046,nan,0.353,0.11896,0.0,0.0,0.0,5.0833672224481496e-05,0.0001728344855632371,7.116714111427409e-05,0.0004371695811305409,0.0022570150467669785,2.0333468889792597e-05,0.002511183407889386,0.010705571370475803,0.0027348515656771045,0.001392842618950793,0.008326555510370068,0.00477836518910126,0.016968279788531923,0.006588043920292802,0.013348922326148841,0.0069133794225294835,0.0042293615290768605,0.02703334688897926,0.01478243188287922,0.0162057747051647,0.025366002440016265,0.025122000813338756,0.024095160634404228,0.025671004473363155,0.018249288328588856,0.04392029280195201,0.043859292395282634,0.017313948759658398,0.03370272468483123,0.026718178121187475,0.039823098820658806,0.025620170801138674,0.03917242781618544,0.04994916632777552,0.03203538023586824,0.02697234648230988,0.02040463603090687,0.028222854819032125,0.030398535990239936,0.02153314355429036,0.026159007726718177,0.009292395282635217,0.019408296055307035,0.03356039040260268,0.021339975599837333,0.02269215128100854,0.015758438389589263,0.0129117527450183,0.023190321268808458,0.0038430256201708013,0.006476209841398943,0.005225701504676698,0.004585197234648231,0.00184017893452623,0.007452216348108987,0.001982513216754778,0.0038226921512810085,0.010105734038226922,0.013735258235054901,0.004747864985766572,0.00016266775111834078,0.005398535990239935,0.0005083367222448149,0.0006811712078080521,0.0015148434322895487,0.0,0.004168361122407482,0.0,0.0,0.00020333468889792598,0.00045750305002033347,0.0010980073200488004,0.0,0.0,0.0,0.0,0.0,0.0,0.0,0.0,0.0,0.0,0.0,0.0,0.0,0.0,0.0,0.0,0.0,0.0,0.0,0.0,0.0,0.0,0.0,0.0,0.0,0.0,nan,nan,4.345651481363491,2.918450285409046,nan,0.9235039504289627,0.023416323243914672,0.0,0.0,0.0,0.0,0.0,0.0,0.0,0.0,0.0,0.0,0.0,0.0,0.0,0.0,0.0,0.0,0.0,0.0,0.0,0.0,0.0,0.0,0.0,0.0,0.012000000000000002,0.21600000000000005,4.392,15.204000000000002,9.156,1.0200000000000002,0.9229191082681477,0.023003077491304934,0.0,0.0,0.0,0.0,0.0,0.0,0.0,0.0,0.0,0.0,0.0,0.0,0.0,0.0,0.0,0.0,0.0,0.0,0.0,0.0,0.0,0.0,0.0,0.0,0.0,0.1861042183622829,4.714640198511167,15.34739454094293,8.908188585607942,0.8436724565756826,0.3538,0.02237,0.0,0.0,0.0,0.0,0.0,0.0,0.0,0.0,0.19200000000000003,5.292000000000002,15.924000000000003,8.003999999999989,0.5880000000000001,0.0,0.0,0.0,0.0,0.0,0.0,0.0,0.0,0.0,0.0,0.0,0.0,0.0,0.0,0.0,0.0,0.0,0.3525,0.02223,0.0,0.0,0.0,0.0,0.0,0.0,0.0,0.0,0.2481389578163772,5.707196029776677,15.918114143920599,7.754342431761776,0.3722084367245658,0.0,0.0,0.0,0.0,0.0,0.0,0.0,0.0,0.0,0.0,0.0,0.0,0.0,0.0,0.0,0.0,0.0
97400,4817,2477,0.5142204691716836,1159,972,0.442391529997924,1364,0.5663275897861739,0.39399999999999996,2.976068376068376,3.0675207721598894,6.429190751445087,2.1441984997635952,9307.684757994175,1413.9464705210837,7853.0,10758.238596439362,10681.912587508252,18.51848834386596,7853.0,0.0,28.364542246211336,20.969712649979787,33.04694376528117,19.288423291070664,0.13016400249117707,0.10296865268839527,0.09383433672410214,0.089059580651858,0.07909487232717459,0.07390492007473531,0.06892256591239361,0.06207182893917376,0.05937305376790534,0.05584388623624663,0.043803197010587505,0.042350010379904504,0.03404608677600166,0.025534565082001245,0.021175005189952252,0.01141789495536641,0.006435540793024704,0.9223683324497667,0.02290069620715196,0.0,0.0,0.0,0.0,0.0,0.0,0.0,0.0,0.0,0.0,0.0,0.0,0.0,0.0,0.0,0.0,0.0,0.0,0.0,0.0,0.0,0.0,0.0,0.0,0.0,0.2553456508200125,4.646045256383642,15.744239152999796,8.600788872742372,0.7535810670541833,4.137985978330146,2.808825438047416,nan,nan,nan,4.104651162790698,2.798006686157183,4.170440251572327,2.818939839506542,1.0160279366436828,0.3533,0.02272,0.0,0.0,0.0,0.0,0.0,0.0,0.0,0.0,0.33008096325513814,5.555324891011004,15.470209674071002,8.115009341914043,0.5293751297488064,0.0,0.0,0.0,0.0,0.0,0.0,0.0,0.0,0.0,0.0,0.0,0.0,0.0,0.0,0.0,0.0,0.0,nan,nan,4.137985978330146,2.808825438047416,nan,0.3533,0.1188,0.0,0.0,0.0,0.0,0.00012455885405854267,0.00016607847207805688,0.00039443637118538507,0.0028129541208220883,8.303923603902844e-05,0.003010172306414781,0.009995848038198049,0.0023666182271123107,0.0014531866306829978,0.008168984845339422,0.004805895785758771,0.0185385094457131,0.0064978202200539755,0.012663483495951837,0.007483911148017438,0.003508407722648952,0.027091550757733028,0.014396927548266556,0.015621756279842226,0.023811500934191404,0.027631305791986714,0.024475814822503633,0.026178119161303717,0.01652480797176666,0.043813576915092384,0.04287938550965331,0.016784305584388624,0.0332053145111065,0.025306207182893916,0.03963047539962632,0.026468756487440317,0.03943325721403363,0.04860909279634627,0.03268631928586257,0.027039651235208635,0.019721818559269255,0.02954120822088437,0.03186630682997717,0.020645630060203445,0.025970521071206145,0.009705210712061449,0.020147394643969276,0.03457546190575047,0.022098816690886446,0.024984430143242684,0.015497197425783683,0.012019929416649366,0.023520863608054807,0.0034357483911148018,0.005999584803819805,0.004722856549719743,0.004826655594768528,0.0015466057712269048,0.00740087191197841,0.0010898899730122484,0.0035603072451733443,0.011314095910317625,0.013628814614905543,0.005034253684866099,5.189952252439278e-05,0.005646668050653934,0.0007784928378658917,0.0005812746522731991,0.0014428067261781192,0.0,0.0031243512559684453,2.075980900975711e-05,0.0,0.00023873780361220677,0.00019721818559269254,0.0014012871081586049,0.0,0.0,0.0,0.0,0.0,0.0,0.0,0.0,0.0,0.0,0.0,0.0,0.0,0.0,0.0,0.0,0.0,0.0,0.0,0.0,0.0,0.0,0.0,0.0,0.0,0.0,nan,nan,4.137985978330146,2.808825438047416,nan,0.9229382967390647,0.023017257665717314,0.0,0.0,0.0,0.0,0.0,0.0,0.0,0.0,0.0,0.0,0.0,0.0,0.0,0.0,0.0,0.0,0.0,0.0,0.0,0.0,0.0,0.0,0.0,0.0,0.0,0.26645135244247076,4.432781590633832,15.890189745660075,8.599111828825194,0.8114654824384337,0.9217649984563517,0.02276111537971815,0.0,0.0,0.0,0.0,0.0,0.0,0.0,0.0,0.0,0.0,0.0,0.0,0.0,0.0,0.0,0.0,0.0,0.0,0.0,0.0,0.0,0.0,0.0,0.0,0.0,0.24358974358974364,4.871794871794872,15.589743589743593,8.602564102564104,0.6923076923076925,0.353,0.0232,0.0,0.0,0.0,0.0,0.0,0.0,0.0,0.0,0.363342753330642,5.7892612030682296,15.042389987888578,8.211546225272496,0.5934598304400486,0.0,0.0,0.0,0.0,0.0,0.0,0.0,0.0,0.0,0.0,0.0,0.0,0.0,0.0,0.0,0.0,0.0,0.3535,0.02222,0.0,0.0,0.0,0.0,0.0,0.0,0.0,0.0,0.29487179487179493,5.307692307692309,15.923076923076927,8.012820512820502,0.4615384615384616,0.0,0.0,0.0,0.0,0.0,0.0,0.0,0.0,0.0,0.0,0.0,0.0,0.0,0.0,0.0,0.0,0.0
97500,4643,2416,0.5203532199009261,1127,934,0.44389403402972216,1279,0.5509368942494077,0.426,2.9748540637629097,3.132645426403467,6.699186991869919,2.1266216551660126,9324.484490096505,1412.8155871869035,7853.0,10739.013587713242,10680.856989866752,17.903264445528645,7853.0,0.0,28.123626965324142,21.100148049502923,33.138125802310654,19.340219211722314,0.14258022830066766,0.0964893387895757,0.09907387465001077,0.08292052552229162,0.07215162610381219,0.07732069782468232,0.07301313805729054,0.05879819082489769,0.05879819082489769,0.05384449709239716,0.046521645487831144,0.037906525953047596,0.03424510015076459,0.02821451647641611,0.020030152918371742,0.010553521430109843,0.007538229592935602,0.921706877583038,0.022846393586519423,0.0,0.0,0.0,0.0,0.0,0.0,0.0,0.0,0.0,0.0,0.0,0.0,0.0,0.0,0.0,0.0,0.0,0.0,0.0,0.0,0.0,0.0,0.0,0.0,0.00646133965108766,0.28429894464785704,4.865388757269008,15.675209993538664,8.425586905018308,0.743054059875081,4.262805490458654,2.902770901268777,nan,nan,nan,4.268389662027833,2.9056630097270246,4.2571041948579165,2.8998040629475534,0.9973560363360651,0.3523,0.0226,0.0,0.0,0.0,0.0,0.0,0.0,0.0,0.0,0.2649149256945941,5.737669610165843,15.752746069351716,7.850527676071494,0.38768037906525965,0.00646133965108766,0.0,0.0,0.0,0.0,0.0,0.0,0.0,0.0,0.0,0.0,0.0,0.0,0.0,0.0,0.0,0.0,nan,nan,4.262805490458654,2.902770901268777,nan,0.3523,0.1189,0.0,0.0,0.0,0.0,0.00032306698255438296,0.00010768899418479432,0.0001723023906956709,0.0033275899203101442,0.00010768899418479432,0.00264914925694594,0.009745853973723885,0.002875296144734008,0.0012922679302175318,0.008475123842343312,0.003952186086581952,0.019007107473616197,0.005696747792375619,0.013945724746930864,0.007904372173163903,0.0031122119319405557,0.027428386818867112,0.013665733362050398,0.017596381649795392,0.023831574413094983,0.030163687271160887,0.02290544906310575,0.02876373034675856,0.017133318974800776,0.04435709670471678,0.04056644410941202,0.014128796037045014,0.03478354512168856,0.02420848589274176,0.039328020676286886,0.026373034675856128,0.037195778591427954,0.04995692440232608,0.03311436571182425,0.028462201163041136,0.019987077320697825,0.030917510230454446,0.03085289683394357,0.021096273960801205,0.02404695240146457,0.009982769760930432,0.020051690717208703,0.033049752315313374,0.022593150979969848,0.025328451432263623,0.015108765884126643,0.012233469739392634,0.023088520353219903,0.003424510015076459,0.006805944432479001,0.004372173163902649,0.0040491061813482665,0.001572259315097997,0.0070859358173594655,0.0008722808528968339,0.0037045013999569246,0.01174886926556106,0.013181132888218825,0.0037906525953047597,0.0001292267930217532,0.0064936463493430975,0.0008722808528968339,0.0004092181779022184,0.0016045660133534353,0.0,0.003047598535429679,0.0,0.0,0.0004307559767391773,0.00016153349127719148,0.001249192332543614,0.0,0.0,0.0,0.0,0.0,0.0,0.0,0.0,0.0,0.0,0.0,0.0,0.0,0.0,0.0,0.0,0.0,0.0,0.0,0.0,0.0,0.0,0.0,0.0,0.0,0.0,nan,nan,4.262805490458654,2.902770901268777,nan,0.9218390291396356,0.022626734780475926,0.0,0.0,0.0,0.0,0.0,0.0,0.0,0.0,0.0,0.0,0.0,0.0,0.0,0.0,0.0,0.0,0.0,0.0,0.0,0.0,0.0,0.0,0.0,0.0,0.01241721854304636,0.26076158940397354,4.904801324503312,15.608443708609274,8.505794701986757,0.7077814569536426,0.9215635106496122,0.023081474786657806,0.0,0.0,0.0,0.0,0.0,0.0,0.0,0.0,0.0,0.0,0.0,0.0,0.0,0.0,0.0,0.0,0.0,0.0,0.0,0.0,0.0,0.0,0.0,0.0,0.0,0.309833857207005,4.822631342613382,15.747642568477776,8.338572070049395,0.7813201616524474,0.3523,0.02243,0.0,0.0,0.0,0.0,0.0,0.0,0.0,0.0,0.26076158940397354,5.749172185430465,15.819536423841063,7.810430463576148,0.3476821192052981,0.01241721854304636,0.0,0.0,0.0,0.0,0.0,0.0,0.0,0.0,0.0,0.0,0.0,0.0,0.0,0.0,0.0,0.0,0.3525,0.02278,0.0,0.0,0.0,0.0,0.0,0.0,0.0,0.0,0.26942074539739563,5.725190839694658,15.680287382128427,7.894027840143679,0.43107319263583305,0.0,0.0,0.0,0.0,0.0,0.0,0.0,0.0,0.0,0.0,0.0,0.0,0.0,0.0,0.0,0.0,0.0
97600,4674,2428,0.519469405220368,1151,993,0.4587077449721866,1335,0.5712451861360719,0.438,3.0814781834372216,3.2097975494250703,6.787638668779715,2.2440425026612947,9322.311657439504,1413.228034905689,7853.0,10741.035560965538,10681.48545587819,17.744944372456686,7853.0,0.0,27.78369704749679,20.780750848899444,32.653533299440774,19.045091156914285,0.14142062473256312,0.09542148053059478,0.09863072314933675,0.08130081300813008,0.08536585365853659,0.07830551989730423,0.06675224646983312,0.06161745827984596,0.06653829696191699,0.04899443731279418,0.044715447154471545,0.037869062901155326,0.030594779632006845,0.02503209242618742,0.020753102267864785,0.010911424903722721,0.005776636713735558,0.9218612854099192,0.023188115925218557,0.0,0.0,0.0,0.0,0.0,0.0,0.0,0.0,0.0,0.0,0.0,0.0,0.0,0.0,0.0,0.0,0.0,0.0,0.0,0.0,0.0,0.0,0.0,0.0,0.0,0.20539152759948656,5.006418485237485,15.346598202824136,8.652118100128371,0.7894736842105265,4.421313097987463,3.046921264106357,nan,nan,nan,4.472679394338381,3.0246536039477787,4.369708994708994,3.0682635455835916,0.9769779162441804,0.3525,0.02248,0.0,0.0,0.0,0.0,0.0,0.0,0.0,0.0,0.32092426187419776,5.8536585365853675,15.558408215661107,7.824133504492929,0.44287548138639293,0.0,0.0,0.0,0.0,0.0,0.0,0.0,0.0,0.0,0.0,0.0,0.0,0.0,0.0,0.0,0.0,0.0,nan,nan,4.421313097987463,3.046921264106357,nan,0.3525,0.11884,0.0,0.0,0.0,0.0,0.0006311510483525888,0.00011767222935387249,0.00014976465554129227,0.0036692340607616604,0.00011767222935387249,0.0032520325203252032,0.008868207103123664,0.0028776208814719727,0.0009520753102267865,0.007531022678647839,0.0040436456996148906,0.018688489516474113,0.005562687205819427,0.014762516046213094,0.008162173727000429,0.0022143774069319643,0.025117672229353873,0.013810440735986307,0.01929824561403509,0.02425117672229354,0.03154685494223363,0.022165169020111255,0.030156183140778777,0.018303380402225074,0.04412708600770218,0.0401048352588789,0.014077877620881472,0.03315147625160462,0.02368421052631579,0.040479246897732135,0.025866495507060334,0.034274711168164315,0.052053915275994865,0.0311724433033804,0.029321780059905864,0.020913564398801883,0.031857081728712024,0.030284552845528456,0.022004706889174153,0.024229781771501927,0.009520753102267864,0.019148480958493797,0.03315147625160462,0.023192126658108686,0.025513478818998715,0.015329482242190842,0.013778348309798887,0.023727000427899016,0.0029418057338468123,0.005359435173299102,0.003572956782199401,0.0030380830124090716,0.0017543859649122807,0.006889174154899444,0.0014120667522464698,0.003519469405220368,0.012066752246469832,0.01336114676936243,0.004075738125802311,0.0002139495079161318,0.005915703893881044,0.0012195121951219512,0.0005883611467693624,0.0018827556696619598,1.0697475395806589e-05,0.00370132648694908,0.0,0.0,0.0004278990158322636,0.00016046213093709883,0.0006739409499358152,0.0,0.0,0.0,0.0,0.0,0.0,0.0,0.0,0.0,0.0,0.0,0.0,0.0,0.0,0.0,0.0,0.0,0.0,0.0,0.0,0.0,0.0,0.0,0.0,0.0,0.0,nan,nan,4.421313097987463,3.046921264106357,nan,0.9220694938837205,0.023059617560030436,0.0,0.0,0.0,0.0,0.0,0.0,0.0,0.0,0.0,0.0,0.0,0.0,0.0,0.0,0.0,0.0,0.0,0.0,0.0,0.0,0.0,0.0,0.0,0.0,0.0,0.21004942339373975,4.806425041186162,15.605436573311371,8.525535420098848,0.8525535420098849,0.9216362051897992,0.023324140129958666,0.0,0.0,0.0,0.0,0.0,0.0,0.0,0.0,0.0,0.0,0.0,0.0,0.0,0.0,0.0,0.0,0.0,0.0,0.0,0.0,0.0,0.0,0.0,0.0,0.0,0.20035618878005348,5.222617987533393,15.066785396260022,8.788958147818345,0.7212822796081926,0.3533,0.0223,0.0,0.0,0.0,0.0,0.0,0.0,0.0,0.0,0.24711696869851735,5.523064250411863,15.494233937397038,8.303130148270169,0.43245469522240537,0.0,0.0,0.0,0.0,0.0,0.0,0.0,0.0,0.0,0.0,0.0,0.0,0.0,0.0,0.0,0.0,0.0,0.352,0.02269,0.0,0.0,0.0,0.0,0.0,0.0,0.0,0.0,0.40071237756010697,6.2110418521816575,15.62778272484417,7.306322350845937,0.45414069456812123,0.0,0.0,0.0,0.0,0.0,0.0,0.0,0.0,0.0,0.0,0.0,0.0,0.0,0.0,0.0,0.0,0.0
97700,4991,2595,0.519935884592266,1236,1039,0.45582047685834504,1393,0.5582047685834503,0.40599999999999997,2.883973288814691,3.069298708754217,6.626984126984127,2.110947004004672,9322.845801237494,1412.420119715567,7853.0,10737.203014731407,10679.975103651765,17.530599150524104,7853.0,0.0,27.980364656381486,21.00587201555093,33.053652694610776,19.220934082845805,0.14245642155880586,0.0969745541975556,0.0909637347225005,0.08675616108996193,0.08034462031656983,0.07733921057904228,0.07072730915648166,0.06451612903225806,0.06030855539971949,0.04908835904628331,0.04688439190542977,0.03706672009617311,0.030655179322781004,0.026447605690242435,0.018633540372670808,0.013023442195952716,0.007814065317571629,0.9215690899387292,0.022845875710578566,0.0,0.0,0.0,0.0,0.0,0.0,0.0,0.0,0.0,0.0,0.0,0.0,0.0,0.0,0.0,0.0,0.0,0.0,0.0,0.0,0.0,0.0,0.0,0.0,0.0,0.22841114005209381,4.922861150070127,15.724303746744143,8.373071528751755,0.7513524343818876,4.173482032218092,2.9038095124545267,nan,nan,nan,4.195799876466955,2.984097385749052,4.150497512437811,2.8213361308831404,0.9892029254580915,0.3513,0.02196,0.0,0.0,0.0,0.0,0.0,0.0,0.0,0.0,0.2825085153275897,6.064916850330596,16.24123422159888,7.116810258465227,0.2945301542776999,0.0,0.0,0.0,0.0,0.0,0.0,0.0,0.0,0.0,0.0,0.0,0.0,0.0,0.0,0.0,0.0,0.0,nan,nan,4.173482032218092,2.9038095124545267,nan,0.3513,0.1183,0.0,0.0,0.0,0.0,0.0006812262071729113,5.009016229212583e-05,0.00014025245441795232,0.003396113003406131,0.00016028851933480264,0.0029553195752354236,0.009977960328591464,0.0032959326788218795,0.0011721097976357443,0.007162893207773993,0.004488078541374474,0.01887397315167301,0.005309557202965338,0.014315768383089561,0.0072931276297335205,0.0024544179523141654,0.024153476257263072,0.01363454217591665,0.020486876377479462,0.023812863153676617,0.03129633340012022,0.023011420557002605,0.032007613704668404,0.018934081346423562,0.04518132638749749,0.039521138048487274,0.015417751953516329,0.032799038268883994,0.025636145061109998,0.04175515928671609,0.024714486074934882,0.0316469645361651,0.054247645762372274,0.029543177719895813,0.02753957122821078,0.020667200961731115,0.03245842516529754,0.028871969545181328,0.022540573031456623,0.027028651572831096,0.009607293127629734,0.019515127229012223,0.032538569424964935,0.02298136645962733,0.02581646964536165,0.014415948707673813,0.014195551993588459,0.021538769785614104,0.002845121218192747,0.005149268683630535,0.00391705069124424,0.0025846523742736926,0.001522740933680625,0.007122821077940293,0.001272290122219996,0.0036165097174914846,0.011590863554397916,0.013043478260869565,0.004528150671208175,0.00028050490883590464,0.004998998196754157,0.0009316770186335404,0.0006110999799639351,0.001763173712682829,0.0,0.0035964736525746343,0.0,0.0,0.00041073933079543176,9.01622921258265e-05,0.0008715688238829894,0.0,0.0,0.0,1.0018032458425165e-05,0.0,0.0,0.0,0.0,0.0,0.0,0.0,0.0,0.0,0.0,0.0,0.0,0.0,0.0,0.0,0.0,0.0,0.0,0.0,0.0,0.0,0.0,nan,nan,4.173482032218092,2.9038095124545267,nan,0.9219008668769072,0.02299502686629403,0.0,0.0,0.0,0.0,0.0,0.0,0.0,0.0,0.0,0.0,0.0,0.0,0.0,0.0,0.0,0.0,0.0,0.0,0.0,0.0,0.0,0.0,0.0,0.0,0.0,0.300578034682081,4.647398843930636,15.71098265895954,8.531791907514453,0.809248554913295,0.9212097572364871,0.022677755816139088,0.0,0.0,0.0,0.0,0.0,0.0,0.0,0.0,0.0,0.0,0.0,0.0,0.0,0.0,0.0,0.0,0.0,0.0,0.0,0.0,0.0,0.0,0.0,0.0,0.0,0.15025041736227046,5.2212020033389,15.738731218697833,8.201168614357263,0.6886477462437398,0.3506,0.02133,0.0,0.0,0.0,0.0,0.0,0.0,0.0,0.0,0.26589595375722547,5.976878612716765,16.982658959537574,6.554913294797678,0.2196531791907515,0.0,0.0,0.0,0.0,0.0,0.0,0.0,0.0,0.0,0.0,0.0,0.0,0.0,0.0,0.0,0.0,0.0,0.352,0.02257,0.0,0.0,0.0,0.0,0.0,0.0,0.0,0.0,0.3005008347245409,6.16026711185309,15.438230383973291,7.7253756260433954,0.37562604340567624,0.0,0.0,0.0,0.0,0.0,0.0,0.0,0.0,0.0,0.0,0.0,0.0,0.0,0.0,0.0,0.0,0.0
97800,4773,2493,0.5223130106851037,1168,953,0.44437460716530486,1333,0.5585585585585585,0.426,3.031140350877193,3.1060770256182573,6.569230769230769,2.1765832841633714,9330.26855768901,1412.8088168195463,7853.0,10736.290810346603,10681.320427536964,17.627938653792917,7853.0,0.0,28.134716111460296,20.82969150255031,32.91278493557978,19.096018012635017,0.1332495285983658,0.10245128849780012,0.09092813743976534,0.08548082966687617,0.08589985334171381,0.07291011942174733,0.07144353655981563,0.06222501571338781,0.05782526712759271,0.05363503037921642,0.05049235281793421,0.0400167609469935,0.030798240100565682,0.0251414204902577,0.02116069557930023,0.010475591870940708,0.005866331447726796,0.9232200408116742,0.02272302963515912,0.0,0.0,0.0,0.0,0.0,0.0,0.0,0.0,0.0,0.0,0.0,0.0,0.0,0.0,0.0,0.0,0.0,0.0,0.0,0.0,0.0,0.0,0.0,0.0,0.012570710245128854,0.21998742928975493,4.21747328724073,15.619107479572598,9.094908862350724,0.8359522313010687,4.2417261518494485,2.81802129212657,nan,nan,nan,4.232921275211451,2.8337833422630667,4.2532383419689115,2.801043454754154,1.004799774301601,0.3518,0.0223,0.0,0.0,0.0,0.0,0.0,0.0,0.0,0.0,0.29541169076052803,6.033940917661849,15.920804525455692,7.37272155876806,0.37712130735386556,0.0,0.0,0.0,0.0,0.0,0.0,0.0,0.0,0.0,0.0,0.0,0.0,0.0,0.0,0.0,0.0,0.0,nan,nan,4.2417261518494485,2.81802129212657,nan,0.3518,0.11914,0.0,0.0,0.0,0.0,0.0010999371464487744,7.332914309658496e-05,0.00023046302116069557,0.0028493609888958727,0.00023046302116069557,0.002870312172637754,0.009993714644877435,0.0044626021370207415,0.0008170961659333752,0.006788183532369579,0.004514980096375445,0.019463649696207837,0.00458830923947203,0.014183951393253718,0.006756756756756757,0.0031322019694112716,0.023559606117745654,0.014236329352608422,0.02055311125078567,0.022072072072072072,0.03107060548921014,0.02425099518122774,0.031562958307144354,0.019296040226272786,0.04516027655562539,0.03910538445422166,0.015891472868217054,0.03221244500314268,0.02443955583490467,0.04388225434737063,0.02513094489838676,0.030955373978629793,0.054452126545149804,0.027948879111669808,0.02680703959773727,0.021946364969620782,0.03073538654934004,0.029949717159019486,0.02311963125916614,0.02704797821076891,0.009658495705007333,0.020196941127173684,0.032799078147915356,0.02320343599413367,0.026293735596061178,0.01404776869893149,0.013398282002933165,0.019694112717368532,0.003006494866959983,0.004598784831342971,0.004797821076890844,0.0022417766603813117,0.0018856065367693275,0.0069767441860465115,0.0010580347789650114,0.0032474334799916195,0.010601298973391996,0.014257280536350303,0.004693065158181437,0.0003666457154829248,0.006044416509532789,0.0014770584538026398,0.0004190236748376283,0.0019589356798659125,1.0475591870940709e-05,0.004033102870312172,0.0,1.0475591870940709e-05,0.00042949926670856904,0.00011523151058034779,0.0010370835952231302,0.0,0.0,0.0,0.0,0.0,0.0,0.0,0.0,0.0,0.0,0.0,0.0,0.0,0.0,0.0,0.0,0.0,0.0,0.0,0.0,0.0,0.0,0.0,0.0,0.0,0.0,nan,nan,4.2417261518494485,2.81802129212657,nan,0.9233368882155543,0.022842083944737194,0.0,0.0,0.0,0.0,0.0,0.0,0.0,0.0,0.0,0.0,0.0,0.0,0.0,0.0,0.0,0.0,0.0,0.0,0.0,0.0,0.0,0.0,0.0,0.0,0.01203369434416366,0.2166064981949459,4.247894103489772,15.535499398315286,9.10950661853189,0.8784596871239473,0.9230922774003263,0.022591443446672816,0.0,0.0,0.0,0.0,0.0,0.0,0.0,0.0,0.0,0.0,0.0,0.0,0.0,0.0,0.0,0.0,0.0,0.0,0.0,0.0,0.0,0.0,0.0,0.0,0.013157894736842108,0.22368421052631585,4.18421052631579,15.710526315789476,9.078947368421055,0.7894736842105265,0.3516,0.0222,0.0,0.0,0.0,0.0,0.0,0.0,0.0,0.0,0.32490974729241884,5.88447653429603,16.293622141997595,7.087845968712385,0.4091456077015645,0.0,0.0,0.0,0.0,0.0,0.0,0.0,0.0,0.0,0.0,0.0,0.0,0.0,0.0,0.0,0.0,0.0,0.3523,0.02235,0.0,0.0,0.0,0.0,0.0,0.0,0.0,0.0,0.26315789473684215,6.197368421052633,15.513157894736846,7.684210526315779,0.34210526315789486,0.0,0.0,0.0,0.0,0.0,0.0,0.0,0.0,0.0,0.0,0.0,0.0,0.0,0.0,0.0,0.0,0.0
97900,4561,2407,0.5277351458013594,1168,919,0.4575750931813199,1266,0.5551414163560623,0.39399999999999996,2.9085422469823583,2.9337297272675693,6.1190108191653785,2.0578331391614366,9346.141713678222,1412.5495392720213,7853.0,10735.251310110092,10682.339159155119,17.631523139940096,7853.0,0.0,29.170357377768035,21.0145366435634,33.757303946694,19.236084633683078,0.1249725937294453,0.09603157202367901,0.08813856610392458,0.08419206314404735,0.0835343126507345,0.06950230212672659,0.07169480377110282,0.06752905064678799,0.05941679456259592,0.05678579258934444,0.053716290287217715,0.04187678140758606,0.037053277789958344,0.02762552071914054,0.016663012497259374,0.014689761017320764,0.0065775049331287,0.9233618852366118,0.02282891770486844,0.0,0.0,0.0,0.0,0.0,0.0,0.0,0.0,0.0,0.0,0.0,0.0,0.0,0.0,0.0,0.0,0.0,0.0,0.0,0.0,0.0,0.0,0.0,0.0,0.0,0.1644376233282175,4.387195790396843,15.483446612584963,9.090111817583864,0.8748081561061173,3.9235815021318463,2.7549528724853336,nan,nan,nan,3.9643320363164722,2.7633696067764633,3.8798140770252325,2.7454231317966205,0.9786804035290215,0.3535,0.02281,0.0,0.0,0.0,0.0,0.0,0.0,0.0,0.0,0.30256522692392024,5.26200394650296,15.634729226046924,8.300811225608406,0.49989037491778127,0.0,0.0,0.0,0.0,0.0,0.0,0.0,0.0,0.0,0.0,0.0,0.0,0.0,0.0,0.0,0.0,0.0,nan,nan,3.9235815021318463,2.7549528724853336,nan,0.3535,0.1195,0.0,0.0,0.0,1.0962508221881167e-05,0.0009647007235255426,0.00015347511510633633,0.00021925016443762334,0.002959877219907915,0.00014251260688445517,0.002959877219907915,0.008945406709055031,0.004582328436746328,0.0006029379522034642,0.005941679456259592,0.005338741504056128,0.01850471387853541,0.0045055908791931595,0.015731199298399473,0.006128042096031572,0.0031352773514580134,0.021113790835343125,0.014514360885770664,0.021091865818899363,0.021826353869765402,0.03112256084192063,0.02322955492216619,0.03264634948476211,0.01935978951984214,0.041449243586932694,0.03896075422056566,0.016377987283490464,0.034422275816706864,0.024413505810129358,0.044814733611050206,0.024007893005919753,0.032876562157421615,0.055667616750712565,0.027395308046481034,0.026057882043411532,0.02105897829423372,0.030333260249945187,0.028710809033106775,0.02367901775926332,0.026945845209383906,0.00987721990791493,0.02113571585178689,0.02960973470730103,0.024983556237667178,0.027285682964262224,0.014985748739311555,0.013933347950010963,0.01861433896075422,0.0037820653365490025,0.0041219030914273185,0.00497697873273405,0.0027735145801359353,0.0017211137908353432,0.008024556018417013,0.0007344880508660381,0.003606665204998904,0.010863845647884236,0.013757947818460865,0.004944091208068406,0.0002959877219907915,0.006972155229116422,0.0018088138566103925,0.0004385003288752467,0.0021376891032668273,0.0,0.0042863407147555365,1.0962508221881167e-05,1.0962508221881167e-05,0.0004713878535408902,0.000131550098662574,0.0008002631001973251,0.0,0.0,0.0,0.0,0.0,0.0,0.0,0.0,0.0,0.0,0.0,0.0,0.0,0.0,0.0,0.0,0.0,0.0,0.0,0.0,0.0,0.0,0.0,0.0,0.0,0.0,nan,nan,3.9235815021318463,2.7549528724853336,nan,0.922993262798696,0.022852473990234105,0.0,0.0,0.0,0.0,0.0,0.0,0.0,0.0,0.0,0.0,0.0,0.0,0.0,0.0,0.0,0.0,0.0,0.0,0.0,0.0,0.0,0.0,0.0,0.0,0.0,0.1994183631076029,4.362276692978813,15.6917324470295,8.874117158288326,0.8724553385957625,0.9237738045532613,0.022795514625740095,0.0,0.0,0.0,0.0,0.0,0.0,0.0,0.0,0.0,0.0,0.0,0.0,0.0,0.0,0.0,0.0,0.0,0.0,0.0,0.0,0.0,0.0,0.0,0.0,0.0,0.1253481894150418,4.415041782729806,15.250696378830087,9.331476323119778,0.8774373259052927,0.3538,0.02231,0.0,0.0,0.0,0.0,0.0,0.0,0.0,0.0,0.26173660157872874,5.022850020772747,16.15288741171583,8.151225592023254,0.4113003739094309,0.0,0.0,0.0,0.0,0.0,0.0,0.0,0.0,0.0,0.0,0.0,0.0,0.0,0.0,0.0,0.0,0.0,0.353,0.02336,0.0,0.0,0.0,0.0,0.0,0.0,0.0,0.0,0.3481894150417828,5.529247910863511,15.055710306406688,8.467966573816144,0.5988857938718664,0.0,0.0,0.0,0.0,0.0,0.0,0.0,0.0,0.0,0.0,0.0,0.0,0.0,0.0,0.0,0.0,0.0
98000,4258,2205,0.517848755284171,1016,876,0.4443400657585721,1174,0.551432597463598,0.422,3.0311738918655626,3.1457534346577893,6.635593220338983,2.222631110838974,9318.295549644165,1413.946068738394,7853.0,10747.39209830761,10682.582063666601,17.60652895640405,7853.0,0.0,28.05495537811179,21.05528041510589,33.141975308641975,19.242837667177916,0.14490371066228278,0.09394081728511038,0.09441052137153594,0.08806951620479098,0.0810239549084077,0.07069046500704557,0.06857679661813058,0.06035697510568342,0.05894786284640676,0.05354626585251292,0.04274307186472522,0.04250821982151245,0.03851573508689526,0.026538280883043684,0.017848755284170972,0.011977454203851573,0.005401596993893847,0.9233138361213463,0.023168898839102458,0.0,0.0,0.0,0.0,0.0,0.0,0.0,0.0,0.0,0.0,0.0,0.0,0.0,0.0,0.0,0.0,0.0,0.0,0.0,0.0,0.0,0.0,0.0,0.0,0.0,0.19727571629873186,4.459840300610616,15.429779239079384,9.032409581963364,0.88069516204791,4.298796059832178,2.9017906401059896,nan,nan,nan,4.382395382395383,2.9162591486896945,4.213284132841329,2.8844104305411626,0.9614112295222392,0.3535,0.02217,0.0,0.0,0.0,0.0,0.0,0.0,0.0,0.0,0.2184124001878817,5.368717707844059,15.901831845937062,8.102395490840758,0.40864255519023024,0.0,0.0,0.0,0.0,0.0,0.0,0.0,0.0,0.0,0.0,0.0,0.0,0.0,0.0,0.0,0.0,0.0,nan,nan,4.298796059832178,2.9017906401059896,nan,0.3535,0.1203,0.0,0.0,0.0,0.0,0.0005753875058713011,0.00010568341944574918,0.00038750587130108034,0.0034170972287458903,0.00010568341944574918,0.0027007984969469236,0.010028182245185533,0.005248943165805543,0.0002700798496946923,0.005319398778769375,0.005812588069516205,0.016651009863785815,0.005319398778769375,0.014513856270549554,0.007937999060591828,0.0030883043682480038,0.021888210427430718,0.015018788163457022,0.021430248943165805,0.022710192578675435,0.02913339596054486,0.02361437294504462,0.032386096759041805,0.01924612494128699,0.0436120244246125,0.03990136214185063,0.01756693283231564,0.03507515265382809,0.02247534053546266,0.04138093001409112,0.021535932362611556,0.032832315641146075,0.05557773602630343,0.030847815875998122,0.025352278064819163,0.020760920620009393,0.028370126820103335,0.026925786754344764,0.025669328323156413,0.02726632221700329,0.010427430718647253,0.020185533114138093,0.02927430718647252,0.02588069516204791,0.027501174260216064,0.014431658055425083,0.014408172851103804,0.016850634100516675,0.0041686237670267735,0.004626585251291686,0.0038515735086895255,0.002771254109910756,0.0022193518083607326,0.007879286049788633,0.0005988727101925787,0.004356505401596994,0.0101690934711132,0.015077501174260216,0.00585955847815876,0.0003170502583372475,0.007045561296383279,0.0018905589478628465,0.0005871301080319399,0.002090183184593706,0.0,0.0036989196806012214,0.0,2.3485204321277596e-05,0.0009981211836542978,0.00015265382808830438,0.0005988727101925787,0.0,0.0,0.0,0.0,0.0,0.0,0.0,0.0,0.0,0.0,0.0,0.0,0.0,0.0,0.0,0.0,0.0,0.0,0.0,0.0,0.0,0.0,0.0,0.0,0.0,0.0,nan,nan,4.298796059832178,2.9017906401059896,nan,0.9233558437991846,0.022922869584722387,0.0,0.0,0.0,0.0,0.0,0.0,0.0,0.0,0.0,0.0,0.0,0.0,0.0,0.0,0.0,0.0,0.0,0.0,0.0,0.0,0.0,0.0,0.0,0.0,0.0,0.20408163265306128,4.435374149659864,15.251700680272112,9.25170068027211,0.8571428571428573,0.9232687182793429,0.023430182480984146,0.0,0.0,0.0,0.0,0.0,0.0,0.0,0.0,0.0,0.0,0.0,0.0,0.0,0.0,0.0,0.0,0.0,0.0,0.0,0.0,0.0,0.0,0.0,0.0,0.0,0.1899659035557721,4.486117876278618,15.621042377009259,8.796882610813446,0.905991232342913,0.3538,0.02206,0.0,0.0,0.0,0.0,0.0,0.0,0.0,0.0,0.19047619047619052,5.088435374149661,16.149659863945583,8.21768707482992,0.35374149659863957,0.0,0.0,0.0,0.0,0.0,0.0,0.0,0.0,0.0,0.0,0.0,0.0,0.0,0.0,0.0,0.0,0.0,0.353,0.02226,0.0,0.0,0.0,0.0,0.0,0.0,0.0,0.0,0.24841695080370196,5.669751583049197,15.63565513882124,7.978567949342414,0.46760837798343896,0.0,0.0,0.0,0.0,0.0,0.0,0.0,0.0,0.0,0.0,0.0,0.0,0.0,0.0,0.0,0.0,0.0
98100,4503,2367,0.5256495669553631,1141,869,0.4463690872751499,1257,0.558294470353098,0.40599999999999997,3.095505617977528,3.1602426107156187,6.675925925925926,2.1067002328419298,9339.645981340918,1412.3026715172468,7853.0,10738.518636345863,10681.207373881773,18.088170572904453,7853.0,0.0,28.12769264934488,20.649263642828384,32.83040629095675,18.92007936324443,0.13346657783699756,0.09837885853875195,0.09327115256495669,0.08594270486342438,0.08216744392627137,0.08283366644459249,0.06817677104152788,0.062180768376637795,0.0552964690206529,0.054186098156784365,0.04863424383744171,0.04352653786364646,0.03597601598934044,0.02287363979569176,0.016655562958027982,0.01110370863868532,0.005329780146568954,0.9223095714159073,0.0230435621407766,0.0,0.0,0.0,0.0,0.0,0.0,0.0,0.0,0.0,0.0,0.0,0.0,0.0,0.0,0.0,0.0,0.0,0.0,0.0,0.0,0.0,0.0,0.0,0.0,0.0,0.1998667554963358,4.870086608927383,15.496335776149238,8.65423051299134,0.7794803464357097,4.2639836289222375,2.9369033556336617,nan,nan,nan,4.349056603773585,2.9340445989088693,4.1789910158949555,2.937101670783957,0.9608959819628314,0.3525,0.02245,0.0,0.0,0.0,0.0,0.0,0.0,0.0,0.0,0.2331778814123918,5.662891405729515,16.06262491672219,7.521652231845425,0.5129913391072619,0.006662225183211194,0.0,0.0,0.0,0.0,0.0,0.0,0.0,0.0,0.0,0.0,0.0,0.0,0.0,0.0,0.0,0.0,nan,nan,4.2639836289222375,2.9369033556336617,nan,0.3525,0.1199,0.0,0.0,0.0,0.0,0.0006773262269598046,4.4414834554741284e-05,0.0003775260937153009,0.0030646235842771486,3.331112591605596e-05,0.0023984010659560294,0.010415278703086832,0.005673995114368199,0.0003664223850766156,0.005185431934266045,0.006295802798134577,0.01696646679991117,0.005429713524317122,0.013646457916944259,0.007039751276926493,0.0036198090162114145,0.020852764823451032,0.015411947590495226,0.022029757939151677,0.02278481012658228,0.029746835443037974,0.0237508327781479,0.03438818565400844,0.019253830779480348,0.045580723961803245,0.03879635798356651,0.016544525871641128,0.03609815678436598,0.02071952031978681,0.042005329780146566,0.020253164556962026,0.031256939817899176,0.05728403286697757,0.031034865645125472,0.026759937819231625,0.021729957805907172,0.027459471463468797,0.0270819453697535,0.02491672218520986,0.028481012658227847,0.01124805685098823,0.020197646013768597,0.029191650011103708,0.02643793026870975,0.026526759937819232,0.013690872751499,0.013213413280035531,0.016344659116144793,0.003841883188985121,0.005185431934266045,0.004219409282700422,0.0029202753719742396,0.0026759937819231623,0.006884299355984899,0.0006551188096824339,0.004141683322229625,0.009293804130579614,0.013701976460137686,0.005840550743948479,0.000621807683766378,0.006917610481900955,0.0021208083499888964,0.0006551188096824339,0.001998667554963358,0.0,0.004230512991339108,0.0,0.0,0.000866089273817455,0.00033311125916055963,0.0005551854319342661,3.331112591605596e-05,0.0,0.0,0.0,0.0,0.0,0.0,0.0,0.0,0.0,0.0,0.0,0.0,0.0,0.0,0.0,0.0,0.0,0.0,0.0,0.0,0.0,0.0,0.0,0.0,0.0,nan,nan,4.2639836289222375,2.9369033556336617,nan,0.9223544910380143,0.023186913629735496,0.0,0.0,0.0,0.0,0.0,0.0,0.0,0.0,0.0,0.0,0.0,0.0,0.0,0.0,0.0,0.0,0.0,0.0,0.0,0.0,0.0,0.0,0.0,0.0,0.0,0.24081115335868192,4.7021546261089995,15.500633713561474,8.757921419518379,0.7984790874524716,0.9222597939133198,0.022883555850859577,0.0,0.0,0.0,0.0,0.0,0.0,0.0,0.0,0.0,0.0,0.0,0.0,0.0,0.0,0.0,0.0,0.0,0.0,0.0,0.0,0.0,0.0,0.0,0.0,0.0,0.15449438202247193,5.0561797752809,15.49157303370787,8.53932584269663,0.758426966292135,0.3523,0.02278,0.0,0.0,0.0,0.0,0.0,0.0,0.0,0.0,0.27883396704689484,5.880861850443601,15.754119138149559,7.553865652724958,0.5323193916349811,0.0,0.0,0.0,0.0,0.0,0.0,0.0,0.0,0.0,0.0,0.0,0.0,0.0,0.0,0.0,0.0,0.0,0.353,0.02205,0.0,0.0,0.0,0.0,0.0,0.0,0.0,0.0,0.1825842696629214,5.4213483146067425,16.404494382022474,7.4859550561797645,0.49157303370786526,0.014044943820224722,0.0,0.0,0.0,0.0,0.0,0.0,0.0,0.0,0.0,0.0,0.0,0.0,0.0,0.0,0.0,0.0
98200,4348,2281,0.5246090156393745,1055,869,0.44250229990800366,1214,0.5584176632934683,0.426,3.0338655055636186,3.1727880702404563,6.693333333333333,2.2314320264997742,9336.710907524814,1412.459344936418,7853.0,10759.599853038788,10681.222282296312,18.275126974777844,7853.0,0.0,28.05266789328427,20.84131429557162,32.7881010594947,19.140174943898046,0.13638454461821528,0.09636614535418583,0.10188592456301748,0.08302667893284268,0.0811867525298988,0.0733670653173873,0.06784728610855566,0.06071757129714812,0.06301747930082796,0.05243790248390064,0.04967801287948482,0.0374885004599816,0.03472861085556578,0.03035878564857406,0.014719411223551058,0.010119595216191352,0.006669733210671573,0.9211816131767047,0.023651175502650428,0.0,0.0,0.0,0.0,0.0,0.0,0.0,0.0,0.0,0.0,0.0,0.0,0.0,0.0,0.0,0.0,0.0,0.0,0.0,0.0,0.0,0.0,0.0,0.0,0.0,0.26908923643054283,5.202391904323828,15.317387304507823,8.334866605335788,0.8762649494020242,4.333214158026457,2.9814972498413193,nan,nan,nan,4.336415362731152,2.980242614426729,4.3299784327821715,2.9827613870348952,0.9985156103807993,0.3533,0.02255,0.0,0.0,0.0,0.0,0.0,0.0,0.0,0.0,0.2414903403863846,5.499080036798529,15.765869365225395,7.989880404783797,0.4967801287948483,0.00689972401103956,0.0,0.0,0.0,0.0,0.0,0.0,0.0,0.0,0.0,0.0,0.0,0.0,0.0,0.0,0.0,0.0,nan,nan,4.333214158026457,2.9814972498413193,nan,0.3533,0.12006,0.00010349586016559337,0.0,0.0,0.0,0.0004139834406623735,2.2999080036798526e-05,0.0002989880404783809,0.0023574057037718493,3.449862005519779e-05,0.0025988960441582338,0.010384084636614535,0.005519779208831647,0.0009084636614535419,0.006577736890524379,0.00499080036798528,0.017398804047838088,0.005036798528058877,0.011338546458141674,0.006796228150873965,0.0035188592456301747,0.021642134314627415,0.018790248390064396,0.020699172033118676,0.0218721251149954,0.028714351425942964,0.02518399264029439,0.03388914443422263,0.01895124195032199,0.045411683532658696,0.03883394664213431,0.017709291628334865,0.036545538178472864,0.018318767249310027,0.04257129714811408,0.02236660533578657,0.031968721251149954,0.05508279668813248,0.030048298068077278,0.026954921803127876,0.02095216191352346,0.02734590616375345,0.026839926402943883,0.024781508739650415,0.02800137994480221,0.012293008279668814,0.020561177552897884,0.03079576816927323,0.026494940202391903,0.026299448022079116,0.01294848206071757,0.011695032198712051,0.017076816927322908,0.004657313707451702,0.005278288868445262,0.004300827966881325,0.002713891444342226,0.0028058877644894205,0.007394204231830727,0.0004139834406623735,0.0045883164673413065,0.00923413063477461,0.01500689972401104,0.005611775528978841,0.0004484820607175713,0.006945722171113155,0.00234590616375345,0.0009889604415823368,0.0015639374425022998,0.0,0.003702851885924563,0.0,0.0,0.001046458141674333,0.00024149034038638455,0.0007704691812327507,0.0,0.0,0.0,0.0,0.0,0.0,0.0,0.0,0.0,0.0,0.0,0.0,0.0,0.0,0.0,0.0,0.0,0.0,0.0,0.0,0.0,0.0,0.0,0.0,0.0,0.0,nan,nan,4.333214158026457,2.9814972498413193,nan,0.9212231570981355,0.023688239004263947,0.0,0.0,0.0,0.0,0.0,0.0,0.0,0.0,0.0,0.0,0.0,0.0,0.0,0.0,0.0,0.0,0.0,0.0,0.0,0.0,0.0,0.0,0.0,0.0,0.0,0.24989039894782994,5.234546251644017,15.164401578255154,8.522577816747042,0.8285839544059624,0.9211357681429438,0.02361012238045321,0.0,0.0,0.0,0.0,0.0,0.0,0.0,0.0,0.0,0.0,0.0,0.0,0.0,0.0,0.0,0.0,0.0,0.0,0.0,0.0,0.0,0.0,0.0,0.0,0.0,0.2902757619738752,5.166908563134979,15.486211901306245,8.127721335268507,0.9288824383164008,0.3535,0.02275,0.0,0.0,0.0,0.0,0.0,0.0,0.0,0.0,0.26304252520824206,5.550197281893908,15.519508987286281,8.167470407715903,0.4866286716352478,0.013152126260412103,0.0,0.0,0.0,0.0,0.0,0.0,0.0,0.0,0.0,0.0,0.0,0.0,0.0,0.0,0.0,0.0,0.3533,0.02237,0.0,0.0,0.0,0.0,0.0,0.0,0.0,0.0,0.21770682148040643,5.4426705370101605,16.037735849056606,7.793904208998537,0.5079825834542817,0.0,0.0,0.0,0.0,0.0,0.0,0.0,0.0,0.0,0.0,0.0,0.0,0.0,0.0,0.0,0.0,0.0
98300,4254,2263,0.5319699106723084,1081,831,0.44945933239304187,1158,0.5444287729196051,0.434,3.0125565042692113,3.1339336262240356,6.6976744186046515,2.1566168831250345,9357.482424804595,1411.2304899546343,7853.0,10736.658597946167,10681.13443885053,17.359162356051797,7853.0,0.0,28.042783262811472,20.87132434551362,32.937709497206704,19.125658488812665,0.1372825575928538,0.09826046074283028,0.0928537846732487,0.08556652562294312,0.08721203573107664,0.07522331922896097,0.0684062059238364,0.06535025858015985,0.057122708039492244,0.04936530324400564,0.046779501645510105,0.04113775270333803,0.03314527503526093,0.024212505876821815,0.021156558533145273,0.010813352139163141,0.0061118946873530795,0.9217726080054457,0.02329801789541139,0.0,0.0,0.0,0.0,0.0,0.0,0.0,0.0,0.0,0.0,0.0,0.0,0.0,0.0,0.0,0.0,0.0,0.0,0.0,0.0,0.0,0.0,0.0,0.0,0.0,0.32440056417489427,4.710860366713682,15.761636107193233,8.39210155148096,0.8110014104372357,4.2730586948596425,2.999482215466616,nan,nan,nan,4.321533923303835,2.9945638073585665,4.225666906993511,3.0035266771647864,0.9778164378640274,0.353,0.0221,0.0,0.0,0.0,0.0,0.0,0.0,0.0,0.0,0.25387870239774335,5.3455571227080405,16.14245416078985,7.785613540197449,0.47249647390691124,0.0,0.0,0.0,0.0,0.0,0.0,0.0,0.0,0.0,0.0,0.0,0.0,0.0,0.0,0.0,0.0,0.0,nan,nan,4.2730586948596425,2.999482215466616,nan,0.353,0.12024,0.0,0.0,0.0,0.0,7.052186177715091e-05,5.876821814762576e-05,0.0002703338034790785,0.0022684532204983545,5.876821814762576e-05,0.003220498354489892,0.00923836389280677,0.004830747531734837,0.0011753643629525152,0.007369534555712271,0.005524212505876822,0.015232722143864598,0.00463093559003291,0.010954395862717443,0.00729901269393512,0.004736718382698637,0.02410672308415609,0.019828396803008932,0.020886224729666197,0.02139163140573578,0.029689703808180538,0.02383638928067701,0.03702397743300423,0.01904090267983075,0.04404090267983075,0.03942172073342736,0.017795016455101082,0.0347202632816173,0.01884109073812882,0.042442407146215326,0.02267277856135402,0.03161730136342266,0.055841560883874,0.02914903620122238,0.026880582980724023,0.019898918664786085,0.02711565585331453,0.02693935119887165,0.025928537846732488,0.027538787023977433,0.01261165961448049,0.01886459802538787,0.03013634226610249,0.02449459332393042,0.025693464974141985,0.013587212035731077,0.01265867418899859,0.01740714621532675,0.00465444287729196,0.005112834978843441,0.004184297132110954,0.0021744240714621534,0.00269158439116126,0.007005171603196991,0.0007169722614010344,0.005394922425952045,0.009520451339915375,0.015209214856605547,0.006511518570756935,0.0005054066760695815,0.006781852374236013,0.002068641278796427,0.0009873060648801129,0.001222378937470616,0.0,0.003749412317818524,0.0,0.0,0.0013986835919134932,0.00038787023977433007,0.0006817113305124589,0.0,0.0,0.0,0.0,0.0,0.0,0.0,0.0,0.0,0.0,0.0,0.0,0.0,0.0,0.0,0.0,0.0,0.0,0.0,0.0,0.0,0.0,0.0,0.0,0.0,0.0,nan,nan,4.2730586948596425,2.999482215466616,nan,0.9216339383513011,0.023031242553076328,0.0,0.0,0.0,0.0,0.0,0.0,0.0,0.0,0.0,0.0,0.0,0.0,0.0,0.0,0.0,0.0,0.0,0.0,0.0,0.0,0.0,0.0,0.0,0.0,0.0,0.3977021652673443,4.600088378258949,16.080424215642957,8.126380910296069,0.7954043305346886,0.9219302219820047,0.02359658734913916,0.0,0.0,0.0,0.0,0.0,0.0,0.0,0.0,0.0,0.0,0.0,0.0,0.0,0.0,0.0,0.0,0.0,0.0,0.0,0.0,0.0,0.0,0.0,0.0,0.0,0.24108488196885994,4.836765444500252,15.399296835760929,8.69412355600201,0.828729281767956,0.353,0.02167,0.0,0.0,0.0,0.0,0.0,0.0,0.0,0.0,0.18559434379142736,5.368979231109148,16.42509942554132,7.569597878921774,0.4507291206363236,0.0,0.0,0.0,0.0,0.0,0.0,0.0,0.0,0.0,0.0,0.0,0.0,0.0,0.0,0.0,0.0,0.0,0.3533,0.02258,0.0,0.0,0.0,0.0,0.0,0.0,0.0,0.0,0.33149171270718236,5.3189352084379715,15.821195379206433,8.031140130587632,0.4972375690607736,0.0,0.0,0.0,0.0,0.0,0.0,0.0,0.0,0.0,0.0,0.0,0.0,0.0,0.0,0.0,0.0,0.0
98400,4469,2327,0.5206981427612442,1092,881,0.44148579100469904,1235,0.5526963526515999,0.41,3.034080298786181,3.1785133070706673,6.784313725490196,2.1288285049616142,9325.23671410366,1412.560063796041,7853.0,10737.197632312775,10680.428395070587,17.692237257612195,7853.0,0.0,28.20116357126874,20.89830973383627,33.05386044043513,19.155326238501406,0.13716715148802863,0.09711344819870217,0.0926381740881629,0.08861042738867755,0.07988364287312598,0.07876482434549116,0.06757663906914299,0.05929738196464533,0.05661221749832177,0.05571716267621392,0.04631908704408145,0.04318639516670396,0.03468337435667935,0.029089281718505257,0.015887223092414412,0.01208324009845603,0.005370328932647125,0.9208777932465596,0.02321170495333638,0.0,0.0,0.0,0.0,0.0,0.0,0.0,0.0,0.0,0.0,0.0,0.0,0.0,0.0,0.0,0.0,0.0,0.0,0.0,0.0,0.0,0.0,0.0,0.0,0.006712911165808908,0.2953680912955919,5.276348176325801,15.339002013873353,8.256880733944955,0.8256880733944956,4.2772208779813345,2.993232882484483,nan,nan,nan,4.115853658536586,2.955541053048249,4.445621468926554,3.0238941169831866,1.0801213643021552,0.3535,0.02168,0.0,0.0,0.0,0.0,0.0,0.0,0.0,0.0,0.2752293577981652,4.980980085030209,16.312374132915643,8.109196688297146,0.3222197359588275,0.0,0.0,0.0,0.0,0.0,0.0,0.0,0.0,0.0,0.0,0.0,0.0,0.0,0.0,0.0,0.0,0.0,nan,nan,4.2772208779813345,2.993232882484483,nan,0.3535,0.11957,0.0,0.0,0.0,0.0,0.0,0.00012307003803982994,0.00027970463190870443,0.0015775341239650928,2.2376370552696353e-05,0.0029424927276795704,0.007496084135153278,0.005884985455359141,0.0006153501901991497,0.0071604385768628325,0.005750727232042963,0.014936227343924816,0.004296263146117699,0.012899977623629447,0.007876482434549116,0.004162004922801521,0.02639292906690535,0.020317744461848287,0.02116804654285075,0.0205526963526516,0.0297493846498098,0.023092414410382636,0.03302752293577982,0.017330498993063326,0.043354217945849184,0.041944506601029316,0.017274558066681583,0.034873573506377264,0.019948534347728798,0.03900201387334974,0.025307675095099576,0.03257999552472589,0.05619825464309689,0.030006712911165807,0.026762139181024838,0.01870664578205415,0.027399865741776684,0.02828373237860819,0.027623629447303646,0.02852987245468785,0.014567017229805326,0.01710673528753636,0.02976057283508615,0.023763705526963528,0.024144103826359363,0.012351756545088386,0.012586708435891698,0.018482882076527186,0.00484448422465876,0.0053255761915417315,0.0045871559633027525,0.002483777131349295,0.0031998209890355786,0.006880733944954129,0.0007496084135153278,0.006153501901991497,0.008849854553591408,0.015249496531662564,0.006712911165808906,0.0005482210785410606,0.007003803982993958,0.0020138733497426717,0.0008838666368315059,0.000760796598791676,0.0,0.0030879391362720965,0.0,0.0,0.0012530767509509957,0.00035802192884314165,0.0008167375251734169,1.1188185276348177e-05,0.0,1.1188185276348177e-05,0.0,0.0,0.0,0.0,0.0,0.0,0.0,0.0,0.0,0.0,0.0,0.0,0.0,0.0,0.0,0.0,0.0,0.0,0.0,0.0,0.0,0.0,0.0,nan,nan,4.2772208779813345,2.993232882484483,nan,0.9203690635220504,0.023369294640431557,0.0,0.0,0.0,0.0,0.0,0.0,0.0,0.0,0.0,0.0,0.0,0.0,0.0,0.0,0.0,0.0,0.0,0.0,0.0,0.0,0.0,0.0,0.0,0.0,0.012892135797163733,0.3094112591319296,5.466265577997423,15.418994413407825,7.967339922647187,0.8250966910184789,0.9214304608791148,0.023026549075097717,0.0,0.0,0.0,0.0,0.0,0.0,0.0,0.0,0.0,0.0,0.0,0.0,0.0,0.0,0.0,0.0,0.0,0.0,0.0,0.0,0.0,0.0,0.0,0.0,0.0,0.28011204481792723,5.070028011204482,15.252100840336137,8.571428571428573,0.8263305322128853,0.353,0.02153,0.0,0.0,0.0,0.0,0.0,0.0,0.0,0.0,0.2578427159432746,5.363128491620113,16.23119896862914,7.889987107864192,0.2578427159432746,0.0,0.0,0.0,0.0,0.0,0.0,0.0,0.0,0.0,0.0,0.0,0.0,0.0,0.0,0.0,0.0,0.0,0.3542,0.02182,0.0,0.0,0.0,0.0,0.0,0.0,0.0,0.0,0.2941176470588236,4.5658263305322135,16.400560224089638,8.347338935574218,0.39215686274509814,0.0,0.0,0.0,0.0,0.0,0.0,0.0,0.0,0.0,0.0,0.0,0.0,0.0,0.0,0.0,0.0,0.0
98500,4290,2277,0.5307692307692308,1066,850,0.4466200466200466,1196,0.5575757575757576,0.43,3.07103825136612,3.065993916093025,6.51618398637138,2.064792168400332,9354.079276345132,1411.4369613413912,7853.0,10737.744690775871,10681.120375722712,17.38413063919509,7853.0,0.0,28.685314685314687,21.10342593529151,33.56575682382134,19.289024458758586,0.13566433566433567,0.09696969696969697,0.09067599067599068,0.08554778554778555,0.07925407925407925,0.06923076923076923,0.0682983682983683,0.06596736596736597,0.058508158508158506,0.052913752913752915,0.05337995337995338,0.044055944055944055,0.037296037296037296,0.025174825174825177,0.019813519813519812,0.010256410256410256,0.006993006993006993,0.9217832322720881,0.022953866830540064,0.0,0.0,0.0,0.0,0.0,0.0,0.0,0.0,0.0,0.0,0.0,0.0,0.0,0.0,0.0,0.0,0.0,0.0,0.0,0.0,0.0,0.0,0.0,0.0,0.0,0.29370629370629375,4.804195804195805,15.720279720279724,8.3986013986014,0.7832167832167835,4.2075337597725655,2.852498018968746,nan,nan,nan,4.297720797720798,2.8926117579870527,4.117730496453901,2.809110903686754,0.9581195918165855,0.3525,0.0217,0.0,0.0,0.0,0.0,0.0,0.0,0.0,0.0,0.20279720279720284,5.566433566433568,16.111888111888117,7.76223776223775,0.3566433566433567,0.0,0.0,0.0,0.0,0.0,0.0,0.0,0.0,0.0,0.0,0.0,0.0,0.0,0.0,0.0,0.0,0.0,nan,nan,4.2075337597725655,2.852498018968746,nan,0.3525,0.1195,1.1655011655011655e-05,0.0,0.0,0.0,0.0,0.00016317016317016317,0.0006293706293706294,0.0012470862470862472,6.993006993006993e-05,0.00365967365967366,0.007948717948717949,0.005699300699300699,0.0008857808857808858,0.006573426573426574,0.005617715617715618,0.01698135198135198,0.00458041958041958,0.01134032634032634,0.007051282051282051,0.004428904428904429,0.027062937062937064,0.020116550116550117,0.02036130536130536,0.021072261072261074,0.029883449883449882,0.022692307692307692,0.03389277389277389,0.018496503496503496,0.04221445221445221,0.040233100233100234,0.017051282051282052,0.03452214452214452,0.02022144522144522,0.03885780885780886,0.027645687645687644,0.03358974358974359,0.05537296037296037,0.030256410256410255,0.0262004662004662,0.019906759906759906,0.028205128205128206,0.028613053613053614,0.03034965034965035,0.02724941724941725,0.01548951048951049,0.016526806526806527,0.029335664335664334,0.023391608391608393,0.022773892773892773,0.011515151515151515,0.01331002331002331,0.017354312354312354,0.004020979020979021,0.005046620046620046,0.003986013986013986,0.002738927738927739,0.0034032634032634033,0.0073426573426573424,0.000710955710955711,0.005,0.00916083916083916,0.015023310023310024,0.005850815850815851,0.0005361305361305361,0.006363636363636364,0.002540792540792541,0.0004079254079254079,0.0007575757575757576,0.0,0.002808857808857809,5.8275058275058275e-05,3.4965034965034965e-05,0.0017482517482517483,0.0003846153846153846,0.0014102564102564104,0.0,0.0,1.1655011655011655e-05,0.0,0.0,0.0,0.0,0.0,0.0,0.0,0.0,0.0,0.0,0.0,0.0,0.0,0.0,0.0,0.0,0.0,0.0,0.0,0.0,0.0,0.0,0.0,nan,nan,4.2075337597725655,2.852498018968746,nan,0.9221625553446482,0.023110502966440637,0.0,0.0,0.0,0.0,0.0,0.0,0.0,0.0,0.0,0.0,0.0,0.0,0.0,0.0,0.0,0.0,0.0,0.0,0.0,0.0,0.0,0.0,0.0,0.0,0.0,0.2371541501976285,4.835309617918314,15.388669301712783,8.616600790513836,0.9222661396574442,0.9213541619113235,0.02276777383024145,0.0,0.0,0.0,0.0,0.0,0.0,0.0,0.0,0.0,0.0,0.0,0.0,0.0,0.0,0.0,0.0,0.0,0.0,0.0,0.0,0.0,0.0,0.0,0.0,0.0,0.3576751117734725,4.7690014903129665,16.095380029806265,8.152011922503728,0.6259314456035768,0.3525,0.02185,0.0,0.0,0.0,0.0,0.0,0.0,0.0,0.0,0.26350461133069836,5.718050065876154,15.88932806324111,7.786561264822123,0.3425559947299079,0.0,0.0,0.0,0.0,0.0,0.0,0.0,0.0,0.0,0.0,0.0,0.0,0.0,0.0,0.0,0.0,0.0,0.3528,0.02155,0.0,0.0,0.0,0.0,0.0,0.0,0.0,0.0,0.1341281669150522,5.394932935916543,16.363636363636367,7.734724292101331,0.3725782414307005,0.0,0.0,0.0,0.0,0.0,0.0,0.0,0.0,0.0,0.0,0.0,0.0,0.0,0.0,0.0,0.0,0.0
98600,4323,2272,0.5255609530418691,1049,862,0.44205412907702984,1178,0.5449919037705298,0.45,3.054119941491955,3.1788084792696067,6.900181488203267,2.0824693834345442,9340.296147929721,1413.165483734498,7853.0,10735.644358754158,10682.92132372367,17.197256001981707,7853.0,0.0,27.433032616238723,20.670572800675533,32.3756906077348,18.958001421384765,0.1417996761508212,0.10270645385149202,0.09877399953735831,0.08489474901688643,0.08119361554476058,0.07402266944251677,0.07541059449456396,0.05597964376590331,0.05829285218598196,0.05366643534582466,0.04487624334952579,0.03978718482535276,0.03238491788110109,0.025676613462873005,0.013879250520471894,0.008327550312283136,0.008327550312283136,0.9228608850773192,0.02310891330915157,0.0,0.0,0.0,0.0,0.0,0.0,0.0,0.0,0.0,0.0,0.0,0.0,0.0,0.0,0.0,0.0,0.0,0.0,0.0,0.0,0.0,0.0,0.0,0.0,0.0,0.20818875780707846,4.587092297015962,15.489243580846638,8.792505204718946,0.9229701596113812,4.346827133479212,2.932697990593988,nan,nan,nan,4.448401162790698,2.9546396903063377,4.245421245421245,2.907711596309751,0.9543701411043348,0.3545,0.02145,0.0,0.0,0.0,0.0,0.0,0.0,0.0,0.0,0.13185287994448303,4.809160305343513,16.197085357390705,8.327550312283124,0.534351145038168,0.0,0.0,0.0,0.0,0.0,0.0,0.0,0.0,0.0,0.0,0.0,0.0,0.0,0.0,0.0,0.0,0.0,nan,nan,4.346827133479212,2.932697990593988,nan,0.3545,0.1201,0.0,0.0,0.0,0.0,0.0,0.00011566042100393245,0.0010062456627342124,0.000751792736525561,4.626416840157298e-05,0.00263705759888966,0.007460097154753644,0.005065926439972242,0.0008443210733287069,0.006430719407818645,0.005123756650474208,0.01649317603516077,0.005921813555401342,0.01094147582697201,0.007957436965070553,0.0044066620402498265,0.02683321767291233,0.020980800370113347,0.02052972472819801,0.01970853573907009,0.030117973629424012,0.022900763358778626,0.031378672218366876,0.016620402498265095,0.042967846402960905,0.04007633587786259,0.01699051584547768,0.03307888040712468,0.02041406430719408,0.042030996992829056,0.027307425399028452,0.03394633356465417,0.056604210039324546,0.03223455933379597,0.024219292158223455,0.01959287531806616,0.028452463566967384,0.02804765209345362,0.03107795512375665,0.026891047883414294,0.015128383067314365,0.017626648160999306,0.029030765671987046,0.02049502660189683,0.0231205181586861,0.012468193384223919,0.011693268563497571,0.01888734674994217,0.0034119824196160073,0.005470737913486005,0.003296321998612075,0.003122831367106176,0.0044066620402498265,0.007009021512838306,0.000520471894517696,0.005563266250289151,0.009680777238029147,0.015995836224843858,0.006442285449919038,0.00041637751561415684,0.005586398334489938,0.003909322229932917,0.0006245662734212352,0.0008558871154291001,0.0,0.0024751330094841544,0.0,0.0,0.0022785102937774694,0.0007286606523247745,0.0015498496414526948,0.0,0.0,0.0,0.0,0.0,0.0,0.0,0.0,0.0,0.0,0.0,0.0,0.0,0.0,0.0,0.0,0.0,0.0,0.0,0.0,0.0,0.0,0.0,0.0,0.0,0.0,nan,nan,4.346827133479212,2.932697990593988,nan,0.923454035860552,0.02274288837204298,0.0,0.0,0.0,0.0,0.0,0.0,0.0,0.0,0.0,0.0,0.0,0.0,0.0,0.0,0.0,0.0,0.0,0.0,0.0,0.0,0.0,0.0,0.0,0.0,0.0,0.13204225352112678,4.43661971830986,15.752640845070426,8.754401408450706,0.9242957746478875,0.9222038209234895,0.02349024696304105,0.0,0.0,0.0,0.0,0.0,0.0,0.0,0.0,0.0,0.0,0.0,0.0,0.0,0.0,0.0,0.0,0.0,0.0,0.0,0.0,0.0,0.0,0.0,0.0,0.0,0.29254022428083865,4.753778644563629,15.19746465138957,8.834714773281329,0.9215017064846419,0.3545,0.02141,0.0,0.0,0.0,0.0,0.0,0.0,0.0,0.0,0.14524647887323947,4.859154929577466,15.831866197183102,8.767605633802804,0.39612676056338036,0.0,0.0,0.0,0.0,0.0,0.0,0.0,0.0,0.0,0.0,0.0,0.0,0.0,0.0,0.0,0.0,0.0,0.3545,0.0215,0.0,0.0,0.0,0.0,0.0,0.0,0.0,0.0,0.11701608971233547,4.753778644563629,16.601657727937596,7.840078010726463,0.6874695270599709,0.0,0.0,0.0,0.0,0.0,0.0,0.0,0.0,0.0,0.0,0.0,0.0,0.0,0.0,0.0,0.0,0.0
98700,4786,2499,0.5221479314667781,1168,965,0.44567488508148767,1329,0.5553698286669453,0.40599999999999997,2.914735461303017,3.0873009152636683,6.4834645669291335,2.1157736724414704,9330.56507880442,1413.5577309986902,7853.0,10748.458444595337,10682.78249986313,17.296950102392007,7853.0,0.0,27.783744254074385,20.895463327050287,32.81938546090432,19.141677070498684,0.14145424153781863,0.1050982030923527,0.09130798161303803,0.08524864187212704,0.07793564563309653,0.07877141663184288,0.0637275386544087,0.0651901379022148,0.05933974091099039,0.05307145842039281,0.04805683242791475,0.039072294191391556,0.032177183451734225,0.022565816966151276,0.01838696197241956,0.011491851232762224,0.0071040534893439195,0.9230452158612483,0.02293550857128044,0.0,0.0,0.0,0.0,0.0,0.0,0.0,0.0,0.0,0.0,0.0,0.0,0.0,0.0,0.0,0.0,0.0,0.0,0.0,0.0,0.0,0.0,0.0,0.0,0.0,0.16924362724613462,4.657333890514,15.41997492687004,8.800668616799,0.9527789385708317,4.279882429784455,2.9278913234808663,nan,nan,nan,4.2434383202099735,2.9471152743693834,4.315994798439532,2.9082666053110096,1.0170985113378457,0.355,0.02162,0.0,0.0,0.0,0.0,0.0,0.0,0.0,0.0,0.16297534475553704,4.701211867948183,16.35394901796908,8.211450062682813,0.564145424153782,0.006268282490597577,0.0,0.0,0.0,0.0,0.0,0.0,0.0,0.0,0.0,0.0,0.0,0.0,0.0,0.0,0.0,0.0,nan,nan,4.279882429784455,2.9278913234808663,nan,0.355,0.1205,0.0,0.0,0.0,0.0,0.0,0.0003343083994985374,0.0010447137484329294,0.0004805683242791475,1.0447137484329294e-05,0.002674467195988299,0.005954868366067697,0.0049310488926034264,0.0007521938988717091,0.006090681153363978,0.005631007104053489,0.018418303384872544,0.006487672377768492,0.010917258671124112,0.007584621813623067,0.004398244880902633,0.026671541997492686,0.02131216046803176,0.02013163393230255,0.01732135394901797,0.03149811951525282,0.02178228165482658,0.0307772670288341,0.01837651483493523,0.042363142498955286,0.040054325114918514,0.01792728792310907,0.03301295445048057,0.0204346009193481,0.042854157960718765,0.027423735896364397,0.03386961972419557,0.056424989552862514,0.030307145842039283,0.02577308817384037,0.019703301295445046,0.028656498119515254,0.02660885917258671,0.030411617216882573,0.02884454659423318,0.01434391976598412,0.017415378186376933,0.027935645633096532,0.020779356456330965,0.022544922691182617,0.012484329293773506,0.011773923944839114,0.017519849561220227,0.0032490597576264103,0.006926452152110321,0.003374425407438362,0.003332636857501045,0.004471374843292937,0.006393648140409528,0.000637275386544087,0.0061742582532386125,0.010447137484329294,0.0169034684496448,0.007229419139155872,0.000710405348934392,0.005286251567070623,0.0034997910572503134,0.00045967404931048894,0.0007835353113246971,5.223568742164647e-05,0.0023610530714584205,3.1341412452987885e-05,0.0,0.0024341830338487254,0.0008775595486836607,0.001274550773088174,0.0,0.0,0.0,3.1341412452987885e-05,0.0,1.0447137484329294e-05,0.0,0.0,0.0,0.0,0.0,0.0,0.0,0.0,0.0,0.0,0.0,0.0,0.0,0.0,0.0,0.0,0.0,0.0,0.0,0.0,nan,nan,4.279882429784455,2.9278913234808663,nan,0.92307669339346,0.02293270713667676,0.0,0.0,0.0,0.0,0.0,0.0,0.0,0.0,0.0,0.0,0.0,0.0,0.0,0.0,0.0,0.0,0.0,0.0,0.0,0.0,0.0,0.0,0.0,0.0,0.0,0.16806722689075634,4.5978391356542625,15.450180072028814,8.823529411764707,0.9603841536614648,0.9230108204292428,0.02293851991475432,0.0,0.0,0.0,0.0,0.0,0.0,0.0,0.0,0.0,0.0,0.0,0.0,0.0,0.0,0.0,0.0,0.0,0.0,0.0,0.0,0.0,0.0,0.0,0.0,0.0,0.17052907739396594,4.722343681679057,15.386969829470926,8.775688675120247,0.9444687363358113,0.3545,0.02147,0.0,0.0,0.0,0.0,0.0,0.0,0.0,0.0,0.1200480192076831,4.789915966386555,16.566626650660268,7.983193277310913,0.540216086434574,0.0,0.0,0.0,0.0,0.0,0.0,0.0,0.0,0.0,0.0,0.0,0.0,0.0,0.0,0.0,0.0,0.0,0.3555,0.02179,0.0,0.0,0.0,0.0,0.0,0.0,0.0,0.0,0.20988194140795807,4.60428508963708,16.121556624398778,8.460865763008295,0.5902929602098821,0.01311762133799738,0.0,0.0,0.0,0.0,0.0,0.0,0.0,0.0,0.0,0.0,0.0,0.0,0.0,0.0,0.0,0.0
98800,4859,2516,0.5178020168759004,1204,983,0.45009261164848735,1398,0.5754270426013584,0.41,3.034571062740077,3.097518711780886,6.502139800285307,2.07671926275325,9318.892807540175,1414.654230527521,7853.0,10743.539640426636,10683.990918854415,17.528235100565475,7853.0,0.0,28.25334430952871,20.854887908888827,33.032854709174984,19.123139567804504,0.13006791520889072,0.10640049392879193,0.08973039720107018,0.08602593126157645,0.08293887631199835,0.0722370858201276,0.07038485285038074,0.06050627701173081,0.0572134183988475,0.06235850998147767,0.04692323523358716,0.043218769294093434,0.03231117513891747,0.023667421280098785,0.01749331138094258,0.01234821979831241,0.006174109899156205,0.9236258050006317,0.02332838516404583,0.0,0.0,0.0,0.0,0.0,0.0,0.0,0.0,0.0,0.0,0.0,0.0,0.0,0.0,0.0,0.0,0.0,0.0,0.0,0.0,0.0,0.0,0.0,0.0,0.0,0.24696439596624825,4.4206626877958435,15.02160938464705,9.359950607120808,0.9508129244700557,4.255433070866141,2.893045899433528,nan,nan,nan,4.168061815840309,2.882897575834628,4.341764342998149,2.89915456565278,1.0416746523522518,0.356,0.02155,0.0,0.0,0.0,0.0,0.0,0.0,0.0,0.0,0.15435274747890515,4.358921588804281,15.861288330932293,9.18707552994442,0.43218769294093445,0.006174109899156207,0.0,0.0,0.0,0.0,0.0,0.0,0.0,0.0,0.0,0.0,0.0,0.0,0.0,0.0,0.0,0.0,nan,nan,4.255433070866141,2.893045899433528,nan,0.356,0.1208,0.0,1.0290183165260341e-05,0.0,0.0,0.0,0.00033957604445359127,0.0010290183165260341,0.0005659600740893188,1.0290183165260341e-05,0.002984153117925499,0.005093640666803869,0.004846676270837621,0.0007923441037250463,0.006709199423749743,0.0052891541469438155,0.018018110722370858,0.006307882280304589,0.010650339576044453,0.0072751594978390614,0.004393908211566166,0.026157645606091788,0.02108458530561844,0.02226795636962338,0.018584070796460177,0.028493517184605886,0.02105371475612266,0.030232558139534883,0.018265075118337106,0.04101667009672772,0.03947314262193867,0.018738423543939082,0.03446182342045689,0.022772175344721136,0.04070796460176991,0.029018316526034163,0.03399876517802017,0.05652397612677506,0.030922000411607326,0.02262811278040749,0.020343692117719695,0.029049187075529944,0.026157645606091788,0.029368182753653015,0.02891541469438156,0.01386087672360568,0.01777114632640461,0.02896686561020786,0.02081704054332167,0.022751594978390615,0.01237909034780819,0.011339781848116896,0.01775056596007409,0.003344309528709611,0.007151677299855937,0.0029121218357686766,0.004630582424367154,0.00481580572134184,0.006678328874253962,0.0005865404404198395,0.006750360156410784,0.010640049392879193,0.017606503395760444,0.006698909240584482,0.0008643753858818687,0.005340605062770117,0.0031796665980654455,0.0005247993414282774,0.0008232146532208273,1.0290183165260341e-05,0.00240790286067092,4.1160732661041366e-05,0.0,0.002438773410166701,0.00120395143033546,0.0010598888660218152,0.0,0.0,1.0290183165260341e-05,9.261164848734307e-05,0.0,0.0,0.0,0.0,0.0,0.0,0.0,0.0,0.0,0.0,0.0,0.0,0.0,0.0,0.0,0.0,0.0,0.0,0.0,0.0,0.0,0.0,nan,nan,4.255433070866141,2.893045899433528,nan,0.923831502636021,0.023175234369199788,0.0,0.0,0.0,0.0,0.0,0.0,0.0,0.0,0.0,0.0,0.0,0.0,0.0,0.0,0.0,0.0,0.0,0.0,0.0,0.0,0.0,0.0,0.0,0.0,0.0,0.28616852146263916,4.244833068362481,15.22655007949126,9.288553259141496,0.9538950715421306,0.9234049192769274,0.023489726822915676,0.0,0.0,0.0,0.0,0.0,0.0,0.0,0.0,0.0,0.0,0.0,0.0,0.0,0.0,0.0,0.0,0.0,0.0,0.0,0.0,0.0,0.0,0.0,0.0,0.0,0.20486555697823308,4.609475032010244,14.80153649167734,9.43661971830986,0.947503201024328,0.356,0.02151,0.0,0.0,0.0,0.0,0.0,0.0,0.0,0.0,0.16693163751987286,4.232909379968204,15.977742448330687,9.240858505564375,0.38155802861685223,0.0,0.0,0.0,0.0,0.0,0.0,0.0,0.0,0.0,0.0,0.0,0.0,0.0,0.0,0.0,0.0,0.0,0.356,0.02156,0.0,0.0,0.0,0.0,0.0,0.0,0.0,0.0,0.14084507042253525,4.494238156209988,15.736235595390529,9.129321382842496,0.48655569782330355,0.012804097311139568,0.0,0.0,0.0,0.0,0.0,0.0,0.0,0.0,0.0,0.0,0.0,0.0,0.0,0.0,0.0,0.0
98900,4749,2429,0.5114761002316277,1154,971,0.4474626237102548,1320,0.5559065066329754,0.438,2.986206896551724,3.1290875763778314,6.647328244274809,2.1126781326685085,9300.960838125264,1415.155469547776,7853.0,10751.767674446106,10683.945253296368,17.560812139736736,7853.0,0.0,27.720993893451254,20.67651011466798,32.69255907491202,18.907776761387783,0.1393977679511476,0.09854706253948199,0.09644135607496315,0.08549168245946515,0.08296483470204254,0.07748999789429353,0.071172878500737,0.062118340703305956,0.05706464518846073,0.05032638450200042,0.045062118340703304,0.041692987997473153,0.03706043377553169,0.02337334175615919,0.01684565171615077,0.009475679090334808,0.005474836807749,0.9239158683712795,0.02319475811165365,0.0,0.0,0.0,0.0,0.0,0.0,0.0,0.0,0.0,0.0,0.0,0.0,0.0,0.0,0.0,0.0,0.0,0.0,0.0,0.0,0.0,0.0,0.0,0.0,0.0,0.22741629816803544,4.346178142766899,15.009475679090338,9.532533164876817,0.8843967150979155,4.262692433671798,2.922815402132183,nan,nan,nan,4.264262295081967,2.925355777167039,4.261951538965292,2.921054633716915,0.999458111167472,0.3557,0.02231,0.0,0.0,0.0,0.0,0.0,0.0,0.0,0.0,0.16424510423247005,4.763108022741631,15.47694251421352,9.027163613392279,0.562223626026532,0.006317119393556539,0.0,0.0,0.0,0.0,0.0,0.0,0.0,0.0,0.0,0.0,0.0,0.0,0.0,0.0,0.0,0.0,nan,nan,4.262692433671798,2.922815402132183,nan,0.3557,0.1207,0.0,0.0,0.0,0.0,0.0,0.00044219835754895766,0.0007475257949041904,0.00044219835754895766,1.0528532322594231e-05,0.002274162981680354,0.004916824594651505,0.005127395241103391,0.0004843124868393346,0.007770056854074542,0.004221941461360287,0.017561591914087175,0.006822488945041061,0.010770688566013898,0.008738681827753211,0.003895556959359865,0.027679511476100233,0.021762476310802276,0.022710044219835756,0.01886712992208886,0.02824805222152032,0.02324699936828806,0.030869656769846283,0.016982522636344494,0.03816592966940408,0.038808170141082336,0.018035375868603917,0.03400715940197936,0.02312065698041693,0.04104021899347231,0.027468940829648347,0.03393345967572121,0.0549273531269741,0.03355443251210781,0.022057275215834914,0.01978311223415456,0.029458833438618656,0.026931985681196043,0.029648347020425354,0.027437355232680566,0.014118761844598864,0.01724573594440935,0.029974731522425774,0.0204358812381554,0.023257527900610656,0.013666034954727312,0.011644556748789218,0.017266793009054537,0.004074542008843967,0.008170141082333124,0.0025479048220678037,0.004706253948199621,0.004990524320909665,0.005548536534007159,0.0004527268898715519,0.0069277742682670035,0.009791535060012634,0.016435038955569595,0.006864603074331438,0.0010002105706464518,0.006001263423878711,0.003337544746262371,0.0006106548747104654,0.0009475679090334807,0.0,0.0022215203200673826,8.422825858075385e-05,0.0,0.0025900189513581805,0.0009054537797431038,0.0011686670878079597,0.0,0.0,0.0,4.2114129290376924e-05,0.0,0.0,0.0,0.0,0.0,0.0,0.0,0.0,0.0,0.0,0.0,0.0,0.0,0.0,0.0,0.0,0.0,0.0,0.0,0.0,0.0,0.0,nan,nan,4.262692433671798,2.922815402132183,nan,0.924053997083572,0.023504992844743503,0.0,0.0,0.0,0.0,0.0,0.0,0.0,0.0,0.0,0.0,0.0,0.0,0.0,0.0,0.0,0.0,0.0,0.0,0.0,0.0,0.0,0.0,0.0,0.0,0.0,0.1976121860848086,4.409221902017292,14.783861671469744,9.608892548373818,1.0004116920543435,0.9237712499910388,0.02286454346504721,0.0,0.0,0.0,0.0,0.0,0.0,0.0,0.0,0.0,0.0,0.0,0.0,0.0,0.0,0.0,0.0,0.0,0.0,0.0,0.0,0.0,0.0,0.0,0.0,0.0,0.2586206896551725,4.280172413793104,15.245689655172416,9.452586206896553,0.7629310344827588,0.3557,0.02171,0.0,0.0,0.0,0.0,0.0,0.0,0.0,0.0,0.14820913956360646,4.82914779744751,15.673116508851383,8.904899135446673,0.44462741869081934,0.0,0.0,0.0,0.0,0.0,0.0,0.0,0.0,0.0,0.0,0.0,0.0,0.0,0.0,0.0,0.0,0.0,0.356,0.02292,0.0,0.0,0.0,0.0,0.0,0.0,0.0,0.0,0.18103448275862075,4.69396551724138,15.271551724137934,9.15517241379309,0.6853448275862071,0.012931034482758624,0.0,0.0,0.0,0.0,0.0,0.0,0.0,0.0,0.0,0.0,0.0,0.0,0.0,0.0,0.0,0.0
99000,4938,2534,0.5131632239773187,1122,1033,0.4364115026326448,1406,0.5694613203726205,0.422,3.055324459234609,3.2250347833722377,6.8663594470046085,2.274338671585935,9305.729598999435,1415.0303902309302,7853.0,10738.744863033295,10683.930844459039,17.505922075997667,7853.0,0.0,27.636289995949777,20.966669033854608,32.791676807009004,19.21790149773984,0.1445929526123937,0.10530579181855002,0.09254759011745646,0.09092750101255569,0.07533414337788578,0.07067638720129607,0.06642365330093156,0.06682867557715674,0.054475496152288375,0.05184285135682463,0.04455245038477116,0.04151478331308222,0.036046982584042125,0.022681247468610773,0.019441069258809233,0.011340623734305387,0.0054678007290400975,0.9233428073006634,0.023027257414656117,0.0,0.0,0.0,0.0,0.0,0.0,0.0,0.0,0.0,0.0,0.0,0.0,0.0,0.0,0.0,0.0,0.0,0.0,0.0,0.0,0.0,0.0,0.0,0.0,0.0,0.23086269744835972,4.526123936816526,15.29769137302552,9.009720534629405,0.9356014580801946,4.44826488379497,2.957129914834872,nan,nan,nan,4.483375959079284,2.9547490681250275,4.413443246670894,2.959077797177141,0.9844017737868338,0.356,0.02213,0.0,0.0,0.0,0.0,0.0,0.0,0.0,0.0,0.12150668286755774,4.520048602673148,15.820170109356017,8.936816524908856,0.5832320777642771,0.01822600243013366,0.0,0.0,0.0,0.0,0.0,0.0,0.0,0.0,0.0,0.0,0.0,0.0,0.0,0.0,0.0,0.0,nan,nan,4.44826488379497,2.957129914834872,nan,0.356,0.1206,0.0,0.0,0.0,0.0,0.00012150668286755772,0.00034426893479141355,0.0004050222762251924,0.0004050222762251924,0.0,0.0022985014175779667,0.005569056298096395,0.005143782908059944,0.0003847711624139328,0.007280275415147833,0.0035844471445929528,0.017912110166059134,0.006763872012960713,0.009538274605103281,0.008596597812879709,0.003665451599837991,0.027359254759011745,0.02222559740785743,0.024179829890643986,0.017810854597002834,0.02775415147833131,0.025222762251923856,0.032776427703523695,0.0175273390036452,0.03855812069663832,0.03757594167679222,0.01807411907654921,0.032837181044957475,0.02440259214256784,0.041788173349534226,0.027784528149048197,0.0348521668691778,0.054212231672742,0.03295868772782503,0.019937221547185094,0.017851356824625353,0.030052652895909276,0.02718712029161604,0.028867962737950587,0.029100850546780074,0.012930336168489267,0.01646415552855407,0.03038679627379506,0.02115228837586067,0.024169704333738357,0.013213851761846902,0.01221142162818955,0.01643377885783718,0.003442689347914135,0.007695423248278655,0.0024807614418793033,0.006176589712434184,0.00481976508707979,0.0052855407047387604,0.0003138922640745241,0.007219522073714054,0.010044552450384771,0.017142567841231266,0.006784123126771973,0.000587282300526529,0.006692993114621304,0.0034629404617253948,0.00047590117456460104,0.0009619279060348319,2.025111381125962e-05,0.002440259214256784,1.012555690562981e-05,0.0,0.001954232482786553,0.0008404212231672742,0.0012656946132037262,1.012555690562981e-05,0.0,0.0,0.0,0.0,0.0,0.0,0.0,0.0,0.0,0.0,0.0,0.0,0.0,0.0,0.0,0.0,0.0,0.0,0.0,0.0,0.0,0.0,0.0,0.0,0.0,nan,nan,4.44826488379497,2.957129914834872,nan,0.923840217474604,0.02327799380650503,0.0,0.0,0.0,0.0,0.0,0.0,0.0,0.0,0.0,0.0,0.0,0.0,0.0,0.0,0.0,0.0,0.0,0.0,0.0,0.0,0.0,0.0,0.0,0.0,0.0,0.21310181531176012,4.4396211523283355,15.35516969218627,8.902920284135755,1.089187056037885,0.9228184989060023,0.02274820049862867,0.0,0.0,0.0,0.0,0.0,0.0,0.0,0.0,0.0,0.0,0.0,0.0,0.0,0.0,0.0,0.0,0.0,0.0,0.0,0.0,0.0,0.0,0.0,0.0,0.0,0.24958402662229623,4.6173044925124795,15.237104825291185,9.122296173044926,0.7737104825291183,0.3557,0.02222,0.0,0.0,0.0,0.0,0.0,0.0,0.0,0.0,0.10655090765588006,4.735595895816891,15.686661404893451,8.820047355958945,0.6393054459352804,0.011838989739542229,0.0,0.0,0.0,0.0,0.0,0.0,0.0,0.0,0.0,0.0,0.0,0.0,0.0,0.0,0.0,0.0,0.3562,0.02203,0.0,0.0,0.0,0.0,0.0,0.0,0.0,0.0,0.1372712146422629,4.292845257903495,15.960898502495843,9.059900166389337,0.524126455906822,0.024958402662229623,0.0,0.0,0.0,0.0,0.0,0.0,0.0,0.0,0.0,0.0,0.0,0.0,0.0,0.0,0.0,0.0
99100,4656,2376,0.5103092783505154,1150,919,0.44437285223367695,1314,0.5644329896907216,0.38599999999999995,2.8859649122807016,2.9106844071570346,6.091304347826087,2.0292241060537872,9297.359473565548,1414.9349748212628,7853.0,10756.285405874252,10683.360988603195,17.515789187143373,7853.0,0.0,29.27920962199313,21.289260414521113,34.204159269591685,19.396856839036584,0.13423539518900343,0.09063573883161512,0.09149484536082474,0.08075601374570447,0.07517182130584192,0.07152061855670103,0.0702319587628866,0.07066151202749141,0.05584192439862543,0.06013745704467354,0.04768041237113402,0.04574742268041237,0.0352233676975945,0.029853951890034366,0.02190721649484536,0.011812714776632302,0.007087628865979381,0.9232050203862264,0.02290393029135752,0.0,0.0,0.0,0.0,0.0,0.0,0.0,0.0,0.0,0.0,0.0,0.0,0.0,0.0,0.0,0.0,0.0,0.0,0.0,0.0,0.0,0.0,0.0,0.0,0.0,0.21907216494845366,4.465206185567011,15.592783505154642,8.724226804123713,0.9987113402061858,4.064077669902913,2.712509234998923,nan,nan,nan,4.113256113256114,2.698975796502706,4.014322916666667,2.725229932939878,0.975947717850438,0.3555,0.02171,0.0,0.0,0.0,0.0,0.0,0.0,0.0,0.0,0.154639175257732,4.645618556701032,15.811855670103096,8.904639175257719,0.4832474226804125,0.0,0.0,0.0,0.0,0.0,0.0,0.0,0.0,0.0,0.0,0.0,0.0,0.0,0.0,0.0,0.0,0.0,nan,nan,4.064077669902913,2.712509234998923,nan,0.3555,0.12195,0.0,0.0,0.0,0.0,0.00019329896907216494,0.0003436426116838488,0.0003436426116838488,0.0006228522336769759,0.00011812714776632302,0.00311426116838488,0.006153350515463917,0.00584192439862543,0.00031142611683848795,0.008097079037800688,0.003672680412371134,0.019673539518900343,0.006486254295532646,0.01010524054982818,0.009170962199312715,0.0033827319587628867,0.026804123711340205,0.02079037800687285,0.024795962199312713,0.01801975945017182,0.025945017182130586,0.024506013745704467,0.03211984536082474,0.017762027491408934,0.03863831615120275,0.03698453608247423,0.01828823024054983,0.03361254295532646,0.022358247422680413,0.04134450171821306,0.02734106529209622,0.03626503436426117,0.054467353951890035,0.031164089347079038,0.019652061855670103,0.01837414089347079,0.029660652920962198,0.030304982817869416,0.027931701030927836,0.02977878006872852,0.012338917525773195,0.01687070446735395,0.03054123711340206,0.01910438144329897,0.024344931271477663,0.012295962199312714,0.011963058419243987,0.017268041237113403,0.003715635738831615,0.007130584192439862,0.0026095360824742266,0.007066151202749141,0.003962628865979381,0.005713058419243986,0.0002469931271477663,0.0073238831615120275,0.009310567010309278,0.01639819587628866,0.007474226804123712,0.0006228522336769759,0.006411082474226804,0.00351159793814433,0.0002684707903780069,0.0010738831615120276,0.0,0.003210910652920962,6.443298969072165e-05,0.0,0.0024806701030927834,0.0011168384879725085,0.0010201890034364262,0.0,0.0,0.0,0.0,0.0,0.0,0.0,0.0,0.0,0.0,0.0,0.0,0.0,0.0,0.0,0.0,0.0,0.0,0.0,0.0,0.0,0.0,0.0,0.0,0.0,0.0,nan,nan,4.064077669902913,2.712509234998923,nan,0.922540311711003,0.023058980878602947,0.0,0.0,0.0,0.0,0.0,0.0,0.0,0.0,0.0,0.0,0.0,0.0,0.0,0.0,0.0,0.0,0.0,0.0,0.0,0.0,0.0,0.0,0.0,0.0,0.0,0.2651515151515152,4.583333333333334,15.65656565656566,8.59848484848485,0.8964646464646466,0.9238977167951433,0.022720543796800215,0.0,0.0,0.0,0.0,0.0,0.0,0.0,0.0,0.0,0.0,0.0,0.0,0.0,0.0,0.0,0.0,0.0,0.0,0.0,0.0,0.0,0.0,0.0,0.0,0.0,0.17105263157894743,4.342105263157896,15.526315789473687,8.855263157894738,1.105263157894737,0.3562,0.02141,0.0,0.0,0.0,0.0,0.0,0.0,0.0,0.0,0.11363636363636366,4.41919191919192,15.896464646464649,9.027777777777764,0.542929292929293,0.0,0.0,0.0,0.0,0.0,0.0,0.0,0.0,0.0,0.0,0.0,0.0,0.0,0.0,0.0,0.0,0.0,0.3547,0.022,0.0,0.0,0.0,0.0,0.0,0.0,0.0,0.0,0.19736842105263164,4.881578947368422,15.723684210526319,8.77631578947367,0.42105263157894746,0.0,0.0,0.0,0.0,0.0,0.0,0.0,0.0,0.0,0.0,0.0,0.0,0.0,0.0,0.0,0.0,0.0
99200,4443,2296,0.5167679495836147,1123,886,0.45217195588566284,1221,0.5496286293045239,0.422,2.990684676292501,3.1129799995591463,6.576859504132232,2.152713464735297,9315.665614179334,1414.4668028489023,7853.0,10738.673603773117,10683.410855313055,17.727582007717686,7853.0,0.0,27.53927526446095,20.635928018885394,32.64955417454742,18.821065248791506,0.14742291244654512,0.10375872158451496,0.0855277965338735,0.08395228449246005,0.08395228449246005,0.07292370020256583,0.06932252982219221,0.0670717983344587,0.0587440918298447,0.05694350663965789,0.041638532523069996,0.03848750844024308,0.0337609723160027,0.024983119513842,0.017780778753094757,0.009002925950934054,0.004726536124240378,0.9241399493486849,0.02317965776785115,0.0,0.0,0.0,0.0,0.0,0.0,0.0,0.0,0.0,0.0,0.0,0.0,0.0,0.0,0.0,0.0,0.0,0.0,0.0,0.0,0.0,0.0,0.0,0.0,0.0,0.1890614449696152,4.328156650911547,15.050641458474008,9.50033760972316,0.9318028359216748,4.289529163738581,2.8863107714987146,nan,nan,nan,4.3526093088857545,2.895414319243897,4.226890756302521,2.8758736822477244,0.9711165088199895,0.3545,0.02203,0.0,0.0,0.0,0.0,0.0,0.0,0.0,0.0,0.1890614449696152,4.8345712356515875,15.901417960837275,8.501012829169468,0.573936529372046,0.0,0.0,0.0,0.0,0.0,0.0,0.0,0.0,0.0,0.0,0.0,0.0,0.0,0.0,0.0,0.0,0.0,nan,nan,4.289529163738581,2.8863107714987146,nan,0.3545,0.12146,0.0,0.0,0.0,0.0,0.0001350438892640108,5.6268287193337834e-05,0.0003938780103533648,0.0005626828719333784,3.37609723160027e-05,0.0032072923700202567,0.007247355390501913,0.006797209092955211,0.0002813414359666892,0.0076524870582939455,0.0038600045014629755,0.02132568084627504,0.005739365293720459,0.008777852802160702,0.007888813864505965,0.002779653387350889,0.02678370470402881,0.02170830519918974,0.023767724510465903,0.01798334458699077,0.024341661039837946,0.025557056043214045,0.03264686022957461,0.017364393427864055,0.03918523520144047,0.03728336709430565,0.019963988296196264,0.03400855277965339,0.024071573261309927,0.04232500562682872,0.02739140220571686,0.035257708755345486,0.05615575061895116,0.031015079900967815,0.01988521269412559,0.018557281116362817,0.029315777627729012,0.03011478730587441,0.026738690074274138,0.032264235876659914,0.011760072023407607,0.016250281341435968,0.029777177582714382,0.01860229574611749,0.024229124465451272,0.011681296421336935,0.012052667116812963,0.017702003151024083,0.0027683997299122213,0.006549628629304524,0.0022844924600495162,0.007292370020256583,0.0032410533423362594,0.005334233625928427,0.0002025658338960162,0.006887238352464551,0.009970740490659465,0.015316227774026558,0.007461174881836597,0.0005176682421787081,0.0066846725185685345,0.0037024532973216296,0.00012379023182534324,0.0007990096781453973,0.0,0.003848750844024308,9.002925950934053e-05,0.0,0.0022957461174881837,0.0014517218095881162,0.0006977267611973892,0.0,0.0,0.0,0.0,0.0,0.0,0.0,0.0,0.0,0.0,0.0,0.0,0.0,0.0,0.0,0.0,0.0,0.0,0.0,0.0,0.0,0.0,0.0,0.0,0.0,0.0,nan,nan,4.289529163738581,2.8863107714987146,nan,0.923955870707899,0.02340292171335281,0.0,0.0,0.0,0.0,0.0,0.0,0.0,0.0,0.0,0.0,0.0,0.0,0.0,0.0,0.0,0.0,0.0,0.0,0.0,0.0,0.0,0.0,0.0,0.0,0.0,0.2090592334494774,4.455574912891987,14.934668989547042,9.407665505226483,0.9930313588850176,0.9243368028928137,0.02293686050899205,0.0,0.0,0.0,0.0,0.0,0.0,0.0,0.0,0.0,0.0,0.0,0.0,0.0,0.0,0.0,0.0,0.0,0.0,0.0,0.0,0.0,0.0,0.0,0.0,0.0,0.16767582673497908,4.191895668374477,15.174662319515607,9.599441080577552,0.8663251047973919,0.3547,0.02188,0.0,0.0,0.0,0.0,0.0,0.0,0.0,0.0,0.19599303135888507,4.625435540069687,16.16289198606272,8.427700348432044,0.5879790940766552,0.0,0.0,0.0,0.0,0.0,0.0,0.0,0.0,0.0,0.0,0.0,0.0,0.0,0.0,0.0,0.0,0.0,0.3542,0.0222,0.0,0.0,0.0,0.0,0.0,0.0,0.0,0.0,0.18164881229622734,5.058220773171868,15.621797857475551,8.579413134606416,0.5589194224499302,0.0,0.0,0.0,0.0,0.0,0.0,0.0,0.0,0.0,0.0,0.0,0.0,0.0,0.0,0.0,0.0,0.0
99300,4424,2296,0.5189873417721519,1094,890,0.4484629294755877,1227,0.5547016274864376,0.426,3.006109022556391,3.119406315719415,6.609507640067911,2.1474455774259207,9322.172032219269,1414.4555037370615,7853.0,10737.153120040894,10683.843671837127,17.25284189299299,7853.0,0.0,28.053797468354432,20.92495631082597,32.976068835708524,19.188307520549955,0.13675406871609402,0.10171790235081374,0.08770343580470162,0.09132007233273057,0.08386075949367089,0.06984629294755877,0.07007233273056059,0.06577757685352623,0.05334538878842676,0.05764014466546112,0.04769439421338156,0.04272151898734177,0.03209764918625678,0.021247739602169982,0.019665461121157322,0.00949367088607595,0.009041591320072333,0.9239374168257601,0.023086868632403165,0.0,0.0,0.0,0.0,0.0,0.0,0.0,0.0,0.0,0.0,0.0,0.0,0.0,0.0,0.0,0.0,0.0,0.0,0.0,0.0,0.0,0.0,0.0,0.0,0.0,0.17631103074141055,4.265370705244123,15.379746835443042,9.168173598553347,1.0103978300180834,4.263767099263417,2.91728884995592,nan,nan,nan,4.311971830985915,2.890342890969084,4.215932914046122,2.943003491749993,0.9777273784003745,0.3552,0.02214,0.0,0.0,0.0,0.0,0.0,0.0,0.0,0.0,0.15596745027124775,4.7943037974683556,15.603526220614832,8.896925858951162,0.54249547920434,0.006781193490054251,0.0,0.0,0.0,0.0,0.0,0.0,0.0,0.0,0.0,0.0,0.0,0.0,0.0,0.0,0.0,0.0,nan,nan,4.263767099263417,2.91728884995592,nan,0.3552,0.12195,0.0,0.0,0.0,0.0,5.650994575045208e-05,0.0,0.0004972875226039783,0.0005764014466546112,0.0,0.004113924050632912,0.00706374321880651,0.006216094032549729,0.00023734177215189873,0.0046677215189873415,0.004972875226039783,0.023214285714285715,0.004712929475587703,0.009199819168173598,0.007436708860759493,0.0029159132007233273,0.0258250452079566,0.02201627486437613,0.022468354430379745,0.017484177215189873,0.024966094032549728,0.028062839059674504,0.03202983725135624,0.017789330922242316,0.03936482820976492,0.03484403254972875,0.022728300180831825,0.033510397830018086,0.024152350813743218,0.04286844484629295,0.026062386980108498,0.03403028933092224,0.058284358047016274,0.03139692585895117,0.018264014466546113,0.018128390596745026,0.03158905967450271,0.028198462929475587,0.028356690777576854,0.03019891500904159,0.011053345388788426,0.015370705244122965,0.030504068716094034,0.017032097649186256,0.024129746835443038,0.012635623869801086,0.013471971066907775,0.019473327305605786,0.0023508137432188066,0.00706374321880651,0.0021247739602169983,0.006905515370705244,0.0037635623869801084,0.005018083182640145,0.00012432188065099458,0.005571880650994575,0.010443037974683544,0.01548372513562387,0.006159584086799277,0.00040687160940325496,0.007922694394213382,0.00406871609403255,0.00027124773960217,0.0008363471971066908,0.0,0.004328661844484629,5.650994575045208e-05,1.1301989150090416e-05,0.0025881555153707053,0.0018987341772151898,0.0004294755877034358,0.0,0.0,0.0,0.0,0.0,0.0,0.0,0.0,0.0,0.0,0.0,0.0,0.0,0.0,0.0,0.0,0.0,0.0,0.0,0.0,0.0,0.0,0.0,0.0,0.0,0.0,nan,nan,4.263767099263417,2.91728884995592,nan,0.9241812226041268,0.02302432325224717,0.0,0.0,0.0,0.0,0.0,0.0,0.0,0.0,0.0,0.0,0.0,0.0,0.0,0.0,0.0,0.0,0.0,0.0,0.0,0.0,0.0,0.0,0.0,0.0,0.0,0.1437282229965157,4.2857142857142865,15.444250871080143,9.05487804878049,1.0714285714285716,0.9236743632227855,0.023151282936753365,0.0,0.0,0.0,0.0,0.0,0.0,0.0,0.0,0.0,0.0,0.0,0.0,0.0,0.0,0.0,0.0,0.0,0.0,0.0,0.0,0.0,0.0,0.0,0.0,0.0,0.21146616541353389,4.24342105263158,15.310150375939854,9.290413533834588,0.9445488721804514,0.3552,0.02222,0.0,0.0,0.0,0.0,0.0,0.0,0.0,0.0,0.18292682926829273,4.821428571428572,15.339721254355403,9.172473867595807,0.48344947735191646,0.0,0.0,0.0,0.0,0.0,0.0,0.0,0.0,0.0,0.0,0.0,0.0,0.0,0.0,0.0,0.0,0.0,0.3552,0.02205,0.0,0.0,0.0,0.0,0.0,0.0,0.0,0.0,0.12687969924812031,4.765037593984963,15.888157894736846,8.599624060150363,0.6062030075187971,0.014097744360902258,0.0,0.0,0.0,0.0,0.0,0.0,0.0,0.0,0.0,0.0,0.0,0.0,0.0,0.0,0.0,0.0
99400,4807,2475,0.5148741418764302,1151,1024,0.45246515498231743,1368,0.5691699604743083,0.39399999999999996,2.9073756432246998,3.0304340457346037,6.477093206951027,2.072126706091882,9310.799616590295,1415.1142648473199,7853.0,10742.133178114891,10684.370810888704,17.452320678156255,7853.0,0.0,27.66507177033493,20.674595387461597,32.6014888337469,18.93356539397139,0.14021219055543999,0.10131058872477637,0.09174121073434574,0.09215727064697317,0.08009153318077804,0.07364260453505304,0.0680257957145829,0.06740170584564177,0.05991262741834824,0.04805491990846682,0.04327023091325151,0.04098190139380071,0.036613272311212815,0.023923444976076555,0.016018306636155607,0.009153318077803204,0.00748907842729353,0.9246064525323126,0.023067157475351645,0.0,0.0,0.0,0.0,0.0,0.0,0.0,0.0,0.0,0.0,0.0,0.0,0.0,0.0,0.0,0.0,0.0,0.0,0.0,0.0,0.0,0.0,0.0,0.0,0.0,0.1560224672352819,3.9629706677761605,15.20282920740587,9.654670272519244,1.0235073850634493,4.236111111111111,2.8782577755092826,nan,nan,nan,4.142392717815345,2.7962700396169398,4.330764290301863,2.953792766720651,1.0454740980198187,0.3555,0.0214,0.0,0.0,0.0,0.0,0.0,0.0,0.0,0.0,0.14978156854587063,4.331183690451426,16.338672768878723,8.649885583524016,0.5304763885999585,0.0,0.0,0.0,0.0,0.0,0.0,0.0,0.0,0.0,0.0,0.0,0.0,0.0,0.0,0.0,0.0,0.0,nan,nan,4.236111111111111,2.8782577755092826,nan,0.3555,0.1228,0.0,0.0,0.0,0.0,0.0,0.0,0.000748907842729353,0.0006760973580195548,2.080299563137092e-05,0.004150197628458498,0.007676305387975869,0.006240898689411275,5.200748907842729e-05,0.004888703973372165,0.0055752028292074055,0.024568337840649053,0.005096733929685875,0.00973580195548159,0.007125026003744539,0.0024443519866860827,0.024422716871229457,0.020948616600790514,0.02283128770542958,0.017838568753900563,0.026565425421260662,0.028011233617640942,0.030923653006032868,0.018545870605367172,0.036634075306844184,0.03380486790097774,0.022394424797170794,0.03226544622425629,0.02148949448720616,0.043145412939463286,0.028853754940711462,0.03554191803619721,0.057853130850842524,0.03152693987934262,0.018067401705845643,0.01789057624297899,0.029997919700436863,0.028000832119825254,0.029873101726648636,0.030247555648013316,0.011524859579779488,0.014354066985645933,0.032951945080091534,0.01612232161431246,0.023299355107135426,0.011868109007697109,0.014458081963802787,0.017713750780112336,0.002485957977948825,0.00794674433118369,0.0026211774495527355,0.005398377366340753,0.004503848554191804,0.0055960058248387765,0.0003952569169960474,0.005523195340128979,0.011275223632203037,0.01644476804659871,0.005793634283336801,0.00046806740170584563,0.007676305387975869,0.0047430830039525695,0.0003536509257333056,0.0004472644060744747,1.040149781568546e-05,0.004618265030164344,3.1204493447056376e-05,0.0,0.0022779280216351154,0.002080299563137092,0.00034324942791762013,0.0,0.0,0.0,0.0,0.0,0.0,0.0,0.0,0.0,0.0,0.0,0.0,0.0,0.0,0.0,0.0,0.0,0.0,0.0,0.0,0.0,0.0,0.0,0.0,0.0,0.0,nan,nan,4.236111111111111,2.8782577755092826,nan,0.9247801067130734,0.023158510834665965,0.0,0.0,0.0,0.0,0.0,0.0,0.0,0.0,0.0,0.0,0.0,0.0,0.0,0.0,0.0,0.0,0.0,0.0,0.0,0.0,0.0,0.0,0.0,0.0,0.0,0.13333333333333336,3.9030303030303037,15.224242424242426,9.64848484848485,1.090909090909091,0.9244221497461277,0.022968368724375545,0.0,0.0,0.0,0.0,0.0,0.0,0.0,0.0,0.0,0.0,0.0,0.0,0.0,0.0,0.0,0.0,0.0,0.0,0.0,0.0,0.0,0.0,0.0,0.0,0.0,0.18010291595197261,4.026586620926245,15.180102915951975,9.661234991423672,0.9519725557461408,0.3557,0.02138,0.0,0.0,0.0,0.0,0.0,0.0,0.0,0.0,0.10909090909090911,4.3515151515151524,16.521212121212123,8.509090909090897,0.5090909090909091,0.0,0.0,0.0,0.0,0.0,0.0,0.0,0.0,0.0,0.0,0.0,0.0,0.0,0.0,0.0,0.0,0.0,0.3555,0.02141,0.0,0.0,0.0,0.0,0.0,0.0,0.0,0.0,0.19296740994854208,4.309605488850773,16.144939965694686,8.799313893653505,0.5531732418524873,0.0,0.0,0.0,0.0,0.0,0.0,0.0,0.0,0.0,0.0,0.0,0.0,0.0,0.0,0.0,0.0,0.0
99500,4659,2401,0.5153466409100665,1142,953,0.44966731058166987,1306,0.5606353294698433,0.434,3.0146147032772364,3.1341795356572093,6.715421303656598,2.116653781958237,9311.730098970691,1414.677494315972,7853.0,10742.203578829765,10683.580396128466,17.235670966650193,7853.0,0.0,27.815196394075983,20.71785277247352,32.728271983640084,18.973316702864867,0.1356514273449238,0.10409959218716462,0.08950418544752092,0.08971882378192746,0.08778707877226873,0.07319167203262503,0.06718179866924233,0.060957286971453105,0.05773771195535523,0.054732775273663874,0.04936681691350075,0.03992273019961365,0.03305430349860485,0.0248980467911569,0.015239321742863276,0.010517278385919725,0.00643915003219575,0.9231951422741496,0.022974507730118335,0.0,0.0,0.0,0.0,0.0,0.0,0.0,0.0,0.0,0.0,0.0,0.0,0.0,0.0,0.0,0.0,0.0,0.0,0.0,0.0,0.0,0.0,0.0,0.0,0.0,0.15453960077269802,4.6361880231809405,15.189954925949777,9.098518995492597,0.9207984546039925,4.365659249418798,2.9200806828608528,nan,nan,nan,4.408404464871963,2.9482260848137796,4.316072629455279,2.882529275884674,0.9790554981621076,0.3562,0.02187,0.0,0.0,0.0,0.0,0.0,0.0,0.0,0.0,0.14810045074050227,4.50096587250483,15.71796522858983,8.924661944623297,0.7083065035415327,0.0,0.0,0.0,0.0,0.0,0.0,0.0,0.0,0.0,0.0,0.0,0.0,0.0,0.0,0.0,0.0,0.0,nan,nan,4.365659249418798,2.9200806828608528,nan,0.3562,0.12415,0.0,0.0,0.0,0.0,4.2927666881305004e-05,0.0,0.0012770980897188237,0.0004829362524146813,0.0,0.004475209272376046,0.007716248121914574,0.007877226872719467,1.0731916720326251e-05,0.004936681691350075,0.006020605280103027,0.023674608285039707,0.0055913286112899765,0.009830435715818845,0.00729770336982185,0.0020390641768619874,0.023513629534234814,0.020626743936467053,0.02386778278600558,0.01760034342133505,0.026829791800815624,0.02570294054518137,0.032002575660012876,0.016698862416827647,0.03524361450955141,0.0334835801674179,0.02295556986477785,0.02862202189311011,0.020100880017171068,0.04586821206267439,0.03028546898476068,0.03766902768834514,0.05743721828718609,0.03157329899119983,0.017729126421978967,0.018941833011375833,0.02977033698218502,0.027999570723331188,0.02845031122558489,0.028289332474779997,0.011461687057308436,0.014262717321313586,0.033172354582528436,0.015818845245760892,0.023320455033268944,0.013232453316162266,0.014198325820991628,0.018941833011375833,0.0028546898476067826,0.008113329040566645,0.00163125134148959,0.005934749946340416,0.005387422193603777,0.0051513200257566,0.000386349001931745,0.005709379695213565,0.010281176218072547,0.01727838591972526,0.005956213779781069,0.0005902554196179437,0.007748443872075553,0.0042927666881305004,0.0005795235028976175,0.00051513200257566,8.585533376261001e-05,0.005462545610646062,3.219575016097875e-05,0.0,0.0025971238463189526,0.0017493024254131787,0.0007190384202618588,0.0,0.0,0.0,0.0,0.0,0.0,0.0,0.0,0.0,0.0,0.0,0.0,0.0,0.0,0.0,0.0,0.0,0.0,0.0,0.0,0.0,0.0,0.0,0.0,0.0,0.0,nan,nan,4.365659249418798,2.9200806828608528,nan,0.9232284058287262,0.022737150571954693,0.0,0.0,0.0,0.0,0.0,0.0,0.0,0.0,0.0,0.0,0.0,0.0,0.0,0.0,0.0,0.0,0.0,0.0,0.0,0.0,0.0,0.0,0.0,0.0,0.0,0.13744273219491882,4.585589337775928,15.231153685964184,9.171178675551856,0.8746355685131197,0.9231597721259925,0.023224183540480958,0.0,0.0,0.0,0.0,0.0,0.0,0.0,0.0,0.0,0.0,0.0,0.0,0.0,0.0,0.0,0.0,0.0,0.0,0.0,0.0,0.0,0.0,0.0,0.0,0.0,0.1727192205491586,4.689991142604075,15.146147032772369,9.021257750221437,0.9698848538529674,0.3557,0.02177,0.0,0.0,0.0,0.0,0.0,0.0,0.0,0.0,0.18742190753852567,4.573094543940026,16.00583090379009,8.571428571428559,0.6622240733027907,0.0,0.0,0.0,0.0,0.0,0.0,0.0,0.0,0.0,0.0,0.0,0.0,0.0,0.0,0.0,0.0,0.0,0.3567,0.02197,0.0,0.0,0.0,0.0,0.0,0.0,0.0,0.0,0.10628875110717452,4.424269264836139,15.411868910540305,9.300265721877755,0.7573073516386184,0.0,0.0,0.0,0.0,0.0,0.0,0.0,0.0,0.0,0.0,0.0,0.0,0.0,0.0,0.0,0.0,0.0
99600,4898,2555,0.5216414863209473,1257,968,0.45426704777460186,1375,0.5614536545528788,0.39399999999999996,2.985488689714042,3.0422762144244677,6.4678362573099415,2.059173029114262,9329.202693734669,1413.691358913284,7853.0,10741.316734552383,10682.918118948106,17.77974809992763,7853.0,0.0,28.574520212331564,20.781953903044744,33.429951690821255,18.922117812489795,0.13495304205798286,0.09309922417313189,0.09228256431196406,0.08309514087382605,0.07901184156798693,0.07697019191506738,0.07043691302572479,0.06778276847692936,0.05512454062882809,0.055941200489995915,0.054103715802368314,0.0398121682319314,0.03736218864842793,0.028174765210289915,0.015720702327480605,0.011024908125765618,0.005104124132298897,0.9226645440070081,0.023112339274355825,0.0,0.0,0.0,0.0,0.0,0.0,0.0,0.0,0.0,0.0,0.0,0.0,0.0,0.0,0.0,0.0,0.0,0.0,0.0,0.0,0.0,0.0,0.0,0.0,0.0,0.18374846876276035,4.789710085749286,15.238873009391591,8.991425071457739,0.7962433646386282,4.098887515451175,2.816183365837031,nan,nan,nan,4.122071516646116,2.7930941171115586,4.075588599752169,2.83900716877499,0.9887234084352403,0.3555,0.02245,0.0,0.0,0.0,0.0,0.0,0.0,0.0,0.0,0.171498570845243,4.863209473254391,15.636994691710905,8.64230298080848,0.6798693344222133,0.006124948958758678,0.0,0.0,0.0,0.0,0.0,0.0,0.0,0.0,0.0,0.0,0.0,0.0,0.0,0.0,0.0,0.0,nan,nan,4.098887515451175,2.816183365837031,nan,0.3555,0.1246,0.0,0.0,0.0,0.0,0.00016333197223356472,0.0,0.0017762351980400164,0.0003879134340547162,6.124948958758678e-05,0.003971008574928542,0.008534095549203757,0.00903429971416905,2.041649652919559e-05,0.005144957125357288,0.006145365455287872,0.024846876276031032,0.006614944875459371,0.007758268681094325,0.0074520212331563905,0.0026949775418538178,0.020773785218456513,0.0217639853001225,0.023642302980808494,0.019242547978766844,0.025714577378521845,0.026694569211923234,0.03191098407513271,0.01610861576153532,0.034748877092690894,0.032625561453654556,0.019752960391996734,0.030257247856267863,0.021682319314005716,0.04619232339730502,0.03127807268272764,0.03942425479787669,0.05467537770518579,0.029706002449979584,0.018915884034299713,0.020753368721927318,0.031502654144548795,0.027256022866476114,0.028174765210289915,0.026959983666802776,0.01180073499387505,0.014781543487137607,0.031461821151490404,0.015710494079216007,0.025581870151082074,0.01272968558595345,0.013015516537362189,0.01782360146998775,0.0030114332380563494,0.007952225398121682,0.0018272764393630053,0.0065639036341363826,0.005512454062882809,0.00495100040832993,0.0003368721927317272,0.004736627194773377,0.009126173948550429,0.017149857084524295,0.006369946917109024,0.0009595753368721927,0.008064516129032258,0.003766843609636586,0.0007860351163740302,0.0007349938750510413,0.00018374846876276031,0.005471621069824418,0.0,1.0208248264597795e-05,0.0023172723560636994,0.0016741527153940384,0.0012249897917517355,0.0,0.0,0.0,0.0,0.0,0.0,0.0,0.0,0.0,0.0,0.0,0.0,0.0,0.0,0.0,0.0,0.0,0.0,0.0,0.0,0.0,0.0,0.0,0.0,0.0,0.0,nan,nan,4.098887515451175,2.816183365837031,nan,0.9224166376483417,0.023000453500957665,0.0,0.0,0.0,0.0,0.0,0.0,0.0,0.0,0.0,0.0,0.0,0.0,0.0,0.0,0.0,0.0,0.0,0.0,0.0,0.0,0.0,0.0,0.0,0.0,0.0,0.17612524461839535,4.755381604696674,15.405088062622312,8.994129158512722,0.6692759295499023,0.9229348815001335,0.02323071937466096,0.0,0.0,0.0,0.0,0.0,0.0,0.0,0.0,0.0,0.0,0.0,0.0,0.0,0.0,0.0,0.0,0.0,0.0,0.0,0.0,0.0,0.0,0.0,0.0,0.0,0.1920614596670935,4.827144686299617,15.057618437900132,8.988476312419976,0.9346991037131884,0.3555,0.02252,0.0,0.0,0.0,0.0,0.0,0.0,0.0,0.0,0.18786692759295504,4.908023483365951,15.545988258317028,8.677103718199596,0.681017612524462,0.0,0.0,0.0,0.0,0.0,0.0,0.0,0.0,0.0,0.0,0.0,0.0,0.0,0.0,0.0,0.0,0.0,0.3552,0.02237,0.0,0.0,0.0,0.0,0.0,0.0,0.0,0.0,0.1536491677336748,4.814340588988477,15.736235595390529,8.604353393085775,0.6786171574903971,0.012804097311139568,0.0,0.0,0.0,0.0,0.0,0.0,0.0,0.0,0.0,0.0,0.0,0.0,0.0,0.0,0.0,0.0
99700,4728,2439,0.5158629441624365,1138,964,0.444585448392555,1297,0.5486463620981388,0.414,2.891218872870249,3.029915897321672,6.489533011272142,2.104814649668174,9313.316637708174,1414.7617120437442,7853.0,10749.952082276344,10683.822904093582,18.554662799833345,7853.0,0.0,27.28637901861252,20.65844142106842,32.38606307222788,18.921640338694395,0.1434010152284264,0.11082910321489002,0.08967851099830795,0.08396785109983079,0.08227580372250423,0.07423857868020305,0.07212351945854484,0.06514382402707276,0.05456852791878172,0.05308798646362098,0.047165820642978,0.03637901861252115,0.02897631133671743,0.025803722504230117,0.01713197969543147,0.009094754653130288,0.006133671742808798,0.9215238848590811,0.023502096925300434,0.0,0.0,0.0,0.0,0.0,0.0,0.0,0.0,0.0,0.0,0.0,0.0,0.0,0.0,0.0,0.0,0.0,0.0,0.0,0.0,0.0,0.0,0.0,0.0,0.006345177664974621,0.26649746192893403,5.215736040609139,15.203045685279191,8.508883248730966,0.7994923857868023,4.200334448160535,2.820552832831404,nan,nan,nan,4.174844505874223,2.807675866857439,4.2242384964355155,2.832367025721576,1.011831336590331,0.3577,0.02278,0.0,0.0,0.0,0.0,0.0,0.0,0.0,0.0,0.17131979695431476,4.225888324873098,14.917512690355332,9.84137055837562,0.8439086294416246,0.0,0.0,0.0,0.0,0.0,0.0,0.0,0.0,0.0,0.0,0.0,0.0,0.0,0.0,0.0,0.0,0.0,nan,nan,4.200334448160535,2.820552832831404,nan,0.3577,0.12445,0.0,0.0,0.0,3.17258883248731e-05,0.0001269035532994924,1.0575296108291032e-05,0.001364213197969543,0.0003066835871404399,0.00011632825719120135,0.004441624365482234,0.007709390862944162,0.008629441624365483,9.517766497461929e-05,0.004727157360406091,0.005964467005076142,0.02397419627749577,0.006281725888324873,0.007635363790186125,0.0070431472081218275,0.0029716582064297802,0.019289340101522844,0.02173223350253807,0.02367808798646362,0.017999153976311338,0.025169204737732657,0.029378172588832487,0.029346446700507615,0.0166243654822335,0.0321912013536379,0.031366328257191205,0.019596023688663283,0.03206429780033841,0.019712351945854484,0.045928510998307956,0.03286802030456853,0.03943527918781726,0.05653553299492386,0.03150380710659898,0.018009729272419627,0.021023688663282573,0.03140862944162436,0.026406514382402706,0.02778130287648054,0.027199661590524535,0.012531725888324872,0.015217851099830796,0.03237098138747885,0.01578891708967851,0.026311336717428087,0.01343062605752961,0.01364213197969543,0.018929780033840948,0.002728426395939086,0.007519035532994924,0.0017872250423011844,0.008079526226734348,0.004938663282571912,0.004727157360406091,0.00040186125211505924,0.0050021150592216585,0.009486040609137056,0.01803087986463621,0.006271150592216582,0.001036379018612521,0.007286379018612521,0.003923434856175973,0.000655668358714044,0.0010575296108291032,0.0001269035532994924,0.00522419627749577,0.0,0.0,0.002273688663282572,0.0018929780033840947,0.00163917089678511,1.0575296108291032e-05,0.0,0.0,0.0,0.0,0.0,0.0,0.0,0.0,0.0,0.0,0.0,0.0,0.0,0.0,0.0,0.0,0.0,0.0,0.0,0.0,0.0,0.0,0.0,0.0,0.0,nan,nan,4.200334448160535,2.820552832831404,nan,0.9218261755358347,0.0239666672174874,0.0,0.0,0.0,0.0,0.0,0.0,0.0,0.0,0.0,0.0,0.0,0.0,0.0,0.0,0.0,0.0,0.0,0.0,0.0,0.0,0.0,0.0,0.0,0.0,0.012300123001230016,0.31980319803198043,5.153751537515377,14.895448954489549,8.78228782287823,0.836408364083641,0.9212017848326057,0.022992384455601166,0.0,0.0,0.0,0.0,0.0,0.0,0.0,0.0,0.0,0.0,0.0,0.0,0.0,0.0,0.0,0.0,0.0,0.0,0.0,0.0,0.0,0.0,0.0,0.0,0.0,0.20969855832241158,5.281782437745742,15.530799475753607,8.217562254259503,0.760157273918742,0.3577,0.02274,0.0,0.0,0.0,0.0,0.0,0.0,0.0,0.0,0.15990159901599021,4.182041820418205,15.043050430504309,9.778597785977846,0.836408364083641,0.0,0.0,0.0,0.0,0.0,0.0,0.0,0.0,0.0,0.0,0.0,0.0,0.0,0.0,0.0,0.0,0.0,0.3577,0.02281,0.0,0.0,0.0,0.0,0.0,0.0,0.0,0.0,0.18348623853211013,4.2726081258191355,14.783748361730016,9.90825688073393,0.851900393184797,0.0,0.0,0.0,0.0,0.0,0.0,0.0,0.0,0.0,0.0,0.0,0.0,0.0,0.0,0.0,0.0,0.0
99800,4428,2347,0.5300361336946703,1093,885,0.44670280036133697,1220,0.5510388437217706,0.41,2.901970206631427,2.9816032055304755,6.31311475409836,2.104326176941836,9353.334895627797,1412.817876159919,7853.0,10742.816150903702,10683.627574708089,17.899709992923775,7853.0,0.0,29.197606142728095,21.23447461241488,33.8216644649934,19.48662531887098,0.12804878048780488,0.08988256549232158,0.09552845528455285,0.08536585365853659,0.08017163504968383,0.07655826558265583,0.06729900632339657,0.06413730803974707,0.054878048780487805,0.05668473351400181,0.04923215898825655,0.04448961156278229,0.037488708220415536,0.02981029810298103,0.01964769647696477,0.013775971093044263,0.007000903342366757,0.9217337319440635,0.02295938656114627,0.0,0.0,0.0,0.0,0.0,0.0,0.0,0.0,0.0,0.0,0.0,0.0,0.0,0.0,0.0,0.0,0.0,0.0,0.0,0.0,0.0,0.0,0.0,0.0,0.0,0.22357723577235777,5.006775067750678,15.420054200542008,8.69918699186992,0.6504065040650407,4.031303164341613,2.836062912582167,nan,nan,nan,4.010862186014935,2.844442444626022,4.051841746248295,2.8274695259870604,1.0102171449261574,0.3577,0.02223,0.0,0.0,0.0,0.0,0.0,0.0,0.0,0.0,0.19647696476964774,3.9159891598915997,15.562330623306236,9.464769647696464,0.8536585365853661,0.006775067750677508,0.0,0.0,0.0,0.0,0.0,0.0,0.0,0.0,0.0,0.0,0.0,0.0,0.0,0.0,0.0,0.0,nan,nan,4.031303164341613,2.836062912582167,nan,0.3577,0.12384,0.0,0.0,0.0,3.3875338753387534e-05,3.3875338753387534e-05,3.3875338753387534e-05,0.0014453477868112015,0.0003048780487804878,6.775067750677507e-05,0.003816621499548329,0.00832204155374887,0.008130081300813009,2.2583559168925024e-05,0.00494579945799458,0.006086269196025293,0.022764227642276424,0.0051377597109304425,0.007136404697380307,0.007215447154471545,0.0033197831978319784,0.01956865401987353,0.020088075880758807,0.025925925925925925,0.018913730803974706,0.025846883468834687,0.030600722673893407,0.030566847335140018,0.015876242095754292,0.03249774164408311,0.030928184281842817,0.018270099367660345,0.03301716350496838,0.018010388437217705,0.04646567299006323,0.033547877145438124,0.03929539295392954,0.057158988256549234,0.031210478771454383,0.01866531165311653,0.02162375790424571,0.032373532068654017,0.023882113821138213,0.026682475158084914,0.02869241192411924,0.012319331526648599,0.015616531165311653,0.03166214995483288,0.01754742547425474,0.025451671183378502,0.012477416440831075,0.015503613369467028,0.018270099367660345,0.0023486901535682025,0.007531616982836495,0.0016824751580849142,0.008163956639566396,0.004878048780487805,0.004516711833785004,0.0004177958446251129,0.005555555555555556,0.009270551038843722,0.017513550135501356,0.005871725383920506,0.0009710930442637759,0.0076897018970189706,0.003703703703703704,0.00044037940379403794,0.0010501355013550135,0.00012420957542908762,0.005160343270099368,0.0,0.0,0.0023148148148148147,0.0017841011743450767,0.001569557362240289,0.0,0.0,6.775067750677507e-05,0.0,0.0,0.0,0.0,0.0,0.0,0.0,0.0,0.0,0.0,0.0,0.0,0.0,0.0,0.0,0.0,0.0,0.0,0.0,0.0,0.0,0.0,0.0,nan,nan,4.031303164341613,2.836062912582167,nan,0.9213755390569917,0.023023073969718828,0.0,0.0,0.0,0.0,0.0,0.0,0.0,0.0,0.0,0.0,0.0,0.0,0.0,0.0,0.0,0.0,0.0,0.0,0.0,0.0,0.0,0.0,0.0,0.0,0.0,0.2556455048998722,5.010651896037495,15.645504899872181,8.410737111205796,0.6774605879846615,0.9221377101785457,0.02288061835615188,0.0,0.0,0.0,0.0,0.0,0.0,0.0,0.0,0.0,0.0,0.0,0.0,0.0,0.0,0.0,0.0,0.0,0.0,0.0,0.0,0.0,0.0,0.0,0.0,0.0,0.18740989908697747,5.002402691013937,15.16578567996156,9.024507448342145,0.619894281595387,0.3577,0.02232,0.0,0.0,0.0,0.0,0.0,0.0,0.0,0.0,0.20451640391989778,3.949723050703026,15.46655304644227,9.369407754580301,0.9970174691095017,0.012782275244993611,0.0,0.0,0.0,0.0,0.0,0.0,0.0,0.0,0.0,0.0,0.0,0.0,0.0,0.0,0.0,0.0,0.3574,0.02214,0.0,0.0,0.0,0.0,0.0,0.0,0.0,0.0,0.18740989908697747,3.877943296492072,15.670350792888039,9.572320999519448,0.6919750120134551,0.0,0.0,0.0,0.0,0.0,0.0,0.0,0.0,0.0,0.0,0.0,0.0,0.0,0.0,0.0,0.0,0.0
99900,4363,2252,0.5161586064634426,1046,891,0.443960577584231,1212,0.5555810222324089,0.418,2.954050213169114,3.12949196781769,6.724786324786325,2.1699937367630273,9313.93852526448,1414.5218629841725,7853.0,10746.178280353546,10683.406210359206,17.82506542730001,7853.0,0.0,27.160898464359384,20.421543372387298,32.10919067215364,18.7022921514477,0.1432500573000229,0.10405684162273665,0.09718083887233554,0.08824203529681413,0.0806784322713729,0.07540683016273207,0.06944762777905111,0.06005042402016961,0.06257162502865,0.05042402016960807,0.04744441897776759,0.0387348154939262,0.031858812743525096,0.01925280770112308,0.01650240660096264,0.01031400412560165,0.0045840018336007335,0.9213927252123778,0.023328202167867518,0.0,0.0,0.0,0.0,0.0,0.0,0.0,0.0,0.0,0.0,0.0,0.0,0.0,0.0,0.0,0.0,0.0,0.0,0.0,0.0,0.0,0.0,0.0,0.0,0.0,0.3162961265184507,5.095118038047216,15.429750171900071,8.409351363740548,0.7494842997937201,4.277073524085476,2.9359354629151806,nan,nan,nan,4.361717612809316,2.9770136295023772,4.192640692640692,2.893188115416421,0.9612361608023212,0.3574,0.02252,0.0,0.0,0.0,0.0,0.0,0.0,0.0,0.0,0.13064405225762094,4.3181297272518915,15.058446023378412,9.722667889067143,0.7632363052945224,0.0068760027504011015,0.0,0.0,0.0,0.0,0.0,0.0,0.0,0.0,0.0,0.0,0.0,0.0,0.0,0.0,0.0,0.0,nan,nan,4.277073524085476,2.9359354629151806,nan,0.3574,0.12415,0.0,0.0,0.0,2.2920009168003668e-05,2.2920009168003668e-05,0.0,0.0016617006646802658,0.0004698601879440752,0.0,0.0034265413706165483,0.008663763465505386,0.00781572312628925,0.0,0.0053289021315608524,0.005890442356176942,0.020891588356635342,0.004755901902360761,0.0073000229200091684,0.0075865230346092135,0.0032775613110245243,0.02138436855374742,0.019424707769883108,0.026793490717396288,0.021097868439147377,0.025601650240660096,0.03101077240430896,0.029200091680036674,0.015734586293834518,0.03256933302773321,0.03204217281686913,0.018381847352738942,0.034448773779509514,0.01849644739857896,0.045095118038047215,0.035090534036213615,0.03906715562686225,0.0549965619986248,0.03004813201925281,0.01849644739857896,0.02081136832454733,0.032420352968141185,0.023951409580563833,0.026919550767820308,0.02699977079990832,0.01225074490029796,0.016112766445106577,0.029635571854228743,0.01892046756818703,0.02675911070364428,0.011952784781113912,0.017407746963098786,0.016731606692642675,0.001856520742608297,0.00843456337382535,0.0017877607151042861,0.008102223240889297,0.005065322026128811,0.004801741920696768,0.00025212010084804036,0.005764382305752922,0.009007563603025442,0.01712124684849874,0.005592482236992895,0.0008938803575521431,0.006864542745817099,0.0035755214302085722,0.00033234013293605315,0.0010657804263121706,0.00019482007792803117,0.005581022232408893,0.0,2.2920009168003668e-05,0.0025212010084804033,0.0020398808159523265,0.0021430208572083428,0.0,0.0,1.1460004584001834e-05,0.0,0.0,0.0,0.0,0.0,0.0,0.0,0.0,0.0,0.0,0.0,0.0,0.0,0.0,0.0,0.0,0.0,0.0,0.0,0.0,0.0,0.0,0.0,nan,nan,4.277073524085476,2.9359354629151806,nan,0.9212169525466635,0.02325404649300514,0.0,0.0,0.0,0.0,0.0,0.0,0.0,0.0,0.0,0.0,0.0,0.0,0.0,0.0,0.0,0.0,0.0,0.0,0.0,0.0,0.0,0.0,0.0,0.0,0.0,0.33303730017761995,5.128774422735347,15.399644760213148,8.419182948490233,0.7193605683836591,0.9215802382598381,0.023405596750049388,0.0,0.0,0.0,0.0,0.0,0.0,0.0,0.0,0.0,0.0,0.0,0.0,0.0,0.0,0.0,0.0,0.0,0.0,0.0,0.0,0.0,0.0,0.0,0.0,0.0,0.29843675982946477,5.059213642823307,15.461866414021793,8.398863098057793,0.7816200852676459,0.3574,0.02258,0.0,0.0,0.0,0.0,0.0,0.0,0.0,0.0,0.0932504440497336,4.396092362344583,14.773534635879221,10.031083481349897,0.7060390763765544,0.0,0.0,0.0,0.0,0.0,0.0,0.0,0.0,0.0,0.0,0.0,0.0,0.0,0.0,0.0,0.0,0.0,0.3574,0.02246,0.0,0.0,0.0,0.0,0.0,0.0,0.0,0.0,0.17053529133112272,4.234959734722881,15.36238749407864,9.393652297489329,0.8242539081004265,0.01421127427759356,0.0,0.0,0.0,0.0,0.0,0.0,0.0,0.0,0.0,0.0,0.0,0.0,0.0,0.0,0.0,0.0
100000,4381,2260,0.5158639580004565,1115,877,0.45469070988358823,1236,0.5642547363615613,0.422,3.014144271570014,3.116137649096308,6.606796116504855,2.175716024799064,9312.542928093428,1414.0028355806428,7853.0,10739.920805931091,10682.317507954562,17.568244567916647,7853.0,0.0,28.182834969185116,20.795602868176736,32.9638326585695,19.043803144650827,0.13604199954348323,0.09678155672220955,0.09084683862131933,0.08742296279388267,0.08240127824697557,0.07829262725405159,0.0700753252682036,0.06322757361333028,0.05660808034695275,0.05706459712394431,0.049075553526592104,0.04062999315224834,0.03286920794339192,0.020999771741611505,0.016891120748687514,0.013238986532755079,0.007532526820360649,0.92106015140459,0.022949879402477575,0.0,0.0,0.0,0.0,0.0,0.0,0.0,0.0,0.0,0.0,0.0,0.0,0.0,0.0,0.0,0.0,0.0,0.0,0.0,0.0,0.0,0.0,0.0,0.0,0.0,0.3149965761241726,4.978315453092902,15.770372061173251,8.224149737502854,0.7121661721068251,4.26255230125523,2.953456837891775,nan,nan,nan,4.204123711340206,3.002447484767194,4.323654390934844,2.901729720466632,1.0284317702812158,0.3557,0.02234,0.0,0.0,0.0,0.0,0.0,0.0,0.0,0.0,0.13695503309746634,4.615384615384616,15.626569276420911,8.950011412919412,0.6710796621775851,0.0,0.0,0.0,0.0,0.0,0.0,0.0,0.0,0.0,0.0,0.0,0.0,0.0,0.0,0.0,0.0,0.0,nan,nan,4.26255230125523,2.953456837891775,nan,0.3557,0.124,0.0,0.0,0.0,0.00010271627482309975,0.0,0.0,0.0014950924446473408,0.0006733622460625428,0.0,0.0040858251540744125,0.0092216388952294,0.007772198128281214,0.0,0.005968956859164575,0.004839077836110477,0.021513353115727003,0.004428212736818078,0.0066765578635014835,0.007464049303811915,0.0033439853914631365,0.021387811002054325,0.021102488016434603,0.02788176215475919,0.02222095412006391,0.026443734307235792,0.03154530929011641,0.02913718329148596,0.015784067564482994,0.03179639351746177,0.030940424560602604,0.01643460397169596,0.03508331431180096,0.019607395571787263,0.04406528189910979,0.036019173704633645,0.041132161606939055,0.054884729513809634,0.030449669025336683,0.01863729742068021,0.021079662177585026,0.033508331431180094,0.024731796393517462,0.02604428212736818,0.02406984706687971,0.01193791371832915,0.015087879479570875,0.02917142204976033,0.020200867381876285,0.02733394202236932,0.011549874457886328,0.018888381648025566,0.015475918740013696,0.0011412919424788862,0.00671079662177585,0.002065738415886784,0.007121661721068249,0.0044624514950924446,0.004702122803013011,0.0005478201323898653,0.006288518603058663,0.009940652818991098,0.015304724948641863,0.004542341931065967,0.0008902077151335311,0.007201552157041771,0.0038347409267290573,0.00015978087194704405,0.000981511070531842,0.00043369093814197673,0.005980369778589363,0.0,6.847751654873316e-05,0.002065738415886784,0.0022711709655329833,0.002065738415886784,0.0,0.0,0.0,0.0,0.0,0.0,0.0,0.0,0.0,0.0,0.0,0.0,0.0,0.0,0.0,0.0,0.0,0.0,0.0,0.0,0.0,0.0,0.0,0.0,0.0,0.0,nan,nan,4.26255230125523,2.953456837891775,nan,0.9210364411626242,0.02267706126327451,0.0,0.0,0.0,0.0,0.0,0.0,0.0,0.0,0.0,0.0,0.0,0.0,0.0,0.0,0.0,0.0,0.0,0.0,0.0,0.0,0.0,0.0,0.0,0.0,0.0,0.26548672566371684,5.017699115044248,16.02212389380531,8.084070796460178,0.6106194690265487,0.9210854155002254,0.023237025545729654,0.0,0.0,0.0,0.0,0.0,0.0,0.0,0.0,0.0,0.0,0.0,0.0,0.0,0.0,0.0,0.0,0.0,0.0,0.0,0.0,0.0,0.0,0.0,0.0,0.0,0.36775106082036785,4.936350777934937,15.502121640735506,8.373408769448375,0.8203677510608206,0.3557,0.02235,0.0,0.0,0.0,0.0,0.0,0.0,0.0,0.0,0.11946902654867259,4.606194690265488,15.823008849557525,8.774336283185828,0.6769911504424779,0.0,0.0,0.0,0.0,0.0,0.0,0.0,0.0,0.0,0.0,0.0,0.0,0.0,0.0,0.0,0.0,0.0,0.356,0.02234,0.0,0.0,0.0,0.0,0.0,0.0,0.0,0.0,0.1555869872701556,4.625176803394626,15.417256011315422,9.137199434229123,0.6647807637906649,0.0,0.0,0.0,0.0,0.0,0.0,0.0,0.0,0.0,0.0,0.0,0.0,0.0,0.0,0.0,0.0,0.0