year,n,n_male,p_male,n_male_fertile,n_female_fertile,p_fertile,n_pairs,p_pair,birth_rate,m_children,sd_children,m_children_over_40,sd_children_over_40,m_energy,sd_energy,min_energy,max_energy,m_energy_male,sd_energy_male,m_energy_female,sd_energy_female,m_age,sd_age,m_age_over_5,sd_age_over_5,p_age_0-5,p_age_5-10,p_age_10-15,p_age_15-20,p_age_20-25,p_age_25-30,p_age_30-35,p_age_35-40,p_age_40-45,p_age_45-50,p_age_50-55,p_age_55-60,p_age_60-65,p_age_65-70,p_age_70-75,p_age_75-80,p_age_80-100,m_culture,sd_culture,pdf_culture_0-33,pdf_culture_33-67,pdf_culture_67-100,pdf_culture_100-133,pdf_culture_133-167,pdf_culture_167-200,pdf_culture_200-233,pdf_culture_233-267,pdf_culture_267-300,pdf_culture_300-333,pdf_culture_333-367,pdf_culture_367-400,pdf_culture_400-433,pdf_culture_433-467,pdf_culture_467-500,pdf_culture_500-533,pdf_culture_533-567,pdf_culture_567-600,pdf_culture_600-633,pdf_culture_633-667,pdf_culture_667-700,pdf_culture_700-733,pdf_culture_733-767,pdf_culture_767-800,pdf_culture_800-833,pdf_culture_833-867,pdf_culture_867-900,pdf_culture_900-933,pdf_culture_933-967,pdf_culture_967-1000,m_children_culture_over_750,sd_children_culture_over_750,m_children_culture_under_750,sd_children_culture_under_750,ratio_children_culture_under-over_750,m_children_culture_over_median,sd_children_culture_over_median,m_children_culture_under_median,sd_children_culture_under_median,ratio_children_culture_under-over_median,m_pheno,sd_pheno,pdf_pheno_0-33,pdf_pheno_33-67,pdf_pheno_67-100,pdf_pheno_100-133,pdf_pheno_133-167,pdf_pheno_167-200,pdf_pheno_200-233,pdf_pheno_233-267,pdf_pheno_267-300,pdf_pheno_300-333,pdf_pheno_333-367,pdf_pheno_367-400,pdf_pheno_400-433,pdf_pheno_433-467,pdf_pheno_467-500,pdf_pheno_500-533,pdf_pheno_533-567,pdf_pheno_567-600,pdf_pheno_600-633,pdf_pheno_633-667,pdf_pheno_667-700,pdf_pheno_700-733,pdf_pheno_733-767,pdf_pheno_767-800,pdf_pheno_800-833,pdf_pheno_833-867,pdf_pheno_867-900,pdf_pheno_900-933,pdf_pheno_933-967,pdf_pheno_967-1000,m_children_pheno_over_750,sd_children_pheno_over_750,m_children_pheno_under_750,sd_children_pheno_under_750,ratio_children_pheno_under-over,m_geno,sd_geno,p_geno_0,p_geno_1,p_geno_2,p_geno_3,p_geno_4,p_geno_5,p_geno_6,p_geno_7,p_geno_8,p_geno_9,p_geno_10,p_geno_11,p_geno_12,p_geno_13,p_geno_14,p_geno_15,p_geno_16,p_geno_17,p_geno_18,p_geno_19,p_geno_20,p_geno_21,p_geno_22,p_geno_23,p_geno_24,p_geno_25,p_geno_26,p_geno_27,p_geno_28,p_geno_29,p_geno_30,p_geno_31,p_geno_32,p_geno_33,p_geno_34,p_geno_35,p_geno_36,p_geno_37,p_geno_38,p_geno_39,p_geno_40,p_geno_41,p_geno_42,p_geno_43,p_geno_44,p_geno_45,p_geno_46,p_geno_47,p_geno_48,p_geno_49,p_geno_50,p_geno_51,p_geno_52,p_geno_53,p_geno_54,p_geno_55,p_geno_56,p_geno_57,p_geno_58,p_geno_59,p_geno_60,p_geno_61,p_geno_62,p_geno_63,p_geno_64,p_geno_65,p_geno_66,p_geno_67,p_geno_68,p_geno_69,p_geno_70,p_geno_71,p_geno_72,p_geno_73,p_geno_74,p_geno_75,p_geno_76,p_geno_77,p_geno_78,p_geno_79,p_geno_80,p_geno_81,p_geno_82,p_geno_83,p_geno_84,p_geno_85,p_geno_86,p_geno_87,p_geno_88,p_geno_89,p_geno_90,p_geno_91,p_geno_92,p_geno_93,p_geno_94,p_geno_95,p_geno_96,p_geno_97,p_geno_98,p_geno_99,p_geno_100,m_children_geno_over_750,sd_children_geno_over_750,m_children_geno_under_750,sd_children_geno_under_750,ratio_children_geno_under-over,male_m_culture,male_sd_culture,male_pdf_culture_0-33,male_pdf_culture_33-67,male_pdf_culture_67-100,male_pdf_culture_100-133,male_pdf_culture_133-167,male_pdf_culture_167-200,male_pdf_culture_200-233,male_pdf_culture_233-267,male_pdf_culture_267-300,male_pdf_culture_300-333,male_pdf_culture_333-367,male_pdf_culture_367-400,male_pdf_culture_400-433,male_pdf_culture_433-467,male_pdf_culture_467-500,male_pdf_culture_500-533,male_pdf_culture_533-567,male_pdf_culture_567-600,male_pdf_culture_600-633,male_pdf_culture_633-667,male_pdf_culture_667-700,male_pdf_culture_700-733,male_pdf_culture_733-767,male_pdf_culture_767-800,male_pdf_culture_800-833,male_pdf_culture_833-867,male_pdf_culture_867-900,male_pdf_culture_900-933,male_pdf_culture_933-967,male_pdf_culture_967-1000,female_m_culture,female_sd_culture,female_pdf_culture_0-33,female_pdf_culture_33-67,female_pdf_culture_67-100,female_pdf_culture_100-133,female_pdf_culture_133-167,female_pdf_culture_167-200,female_pdf_culture_200-233,female_pdf_culture_233-267,female_pdf_culture_267-300,female_pdf_culture_300-333,female_pdf_culture_333-367,female_pdf_culture_367-400,female_pdf_culture_400-433,female_pdf_culture_433-467,female_pdf_culture_467-500,female_pdf_culture_500-533,female_pdf_culture_533-567,female_pdf_culture_567-600,female_pdf_culture_600-633,female_pdf_culture_633-667,female_pdf_culture_667-700,female_pdf_culture_700-733,female_pdf_culture_733-767,female_pdf_culture_767-800,female_pdf_culture_800-833,female_pdf_culture_833-867,female_pdf_culture_867-900,female_pdf_culture_900-933,female_pdf_culture_933-967,female_pdf_culture_967-1000,male_m_pheno,male_sd_pheno,male_pdf_pheno_0-33,male_pdf_pheno_33-67,male_pdf_pheno_67-100,male_pdf_pheno_100-133,male_pdf_pheno_133-167,male_pdf_pheno_167-200,male_pdf_pheno_200-233,male_pdf_pheno_233-267,male_pdf_pheno_267-300,male_pdf_pheno_300-333,male_pdf_pheno_333-367,male_pdf_pheno_367-400,male_pdf_pheno_400-433,male_pdf_pheno_433-467,male_pdf_pheno_467-500,male_pdf_pheno_500-533,male_pdf_pheno_533-567,male_pdf_pheno_567-600,male_pdf_pheno_600-633,male_pdf_pheno_633-667,male_pdf_pheno_667-700,male_pdf_pheno_700-733,male_pdf_pheno_733-767,male_pdf_pheno_767-800,male_pdf_pheno_800-833,male_pdf_pheno_833-867,male_pdf_pheno_867-900,male_pdf_pheno_900-933,male_pdf_pheno_933-967,male_pdf_pheno_967-1000,female_m_pheno,female_sd_pheno,female_pdf_pheno_0-33,female_pdf_pheno_33-67,female_pdf_pheno_67-100,female_pdf_pheno_100-133,female_pdf_pheno_133-167,female_pdf_pheno_167-200,female_pdf_pheno_200-233,female_pdf_pheno_233-267,female_pdf_pheno_267-300,female_pdf_pheno_300-333,female_pdf_pheno_333-367,female_pdf_pheno_367-400,female_pdf_pheno_400-433,female_pdf_pheno_433-467,female_pdf_pheno_467-500,female_pdf_pheno_500-533,female_pdf_pheno_533-567,female_pdf_pheno_567-600,female_pdf_pheno_600-633,female_pdf_pheno_633-667,female_pdf_pheno_667-700,female_pdf_pheno_700-733,female_pdf_pheno_733-767,female_pdf_pheno_767-800,female_pdf_pheno_800-833,female_pdf_pheno_833-867,female_pdf_pheno_867-900,female_pdf_pheno_900-933,female_pdf_pheno_933-967,female_pdf_pheno_967-1000
100,456,237,0.5197368421052632,103,92,0.4276315789473684,119,0.5219298245614035,0.52,2.904109589041096,3.338570977325275,7.54,1.8995789007040482,7418.097002890012,88.49906499225811,7180.09220778346,7625.869048917293,7421.982864717968,84.75222753825555,7413.891755158388,92.19847153315922,25.92324561403509,20.553861292404235,31.531165311653115,18.880876862798864,0.16666666666666666,0.10307017543859649,0.1074561403508772,0.09429824561403509,0.07675438596491228,0.07017543859649122,0.06359649122807018,0.046052631578947366,0.06359649122807018,0.039473684210526314,0.05043859649122807,0.03508771929824561,0.03289473684210526,0.021929824561403508,0.017543859649122806,0.006578947368421052,0.0043859649122807015,0.9428349983012467,0.03134824458670949,0.0,0.0,0.0,0.0,0.0,0.0,0.0,0.0,0.0,0.0,0.0,0.0,0.0,0.0,0.0,0.0,0.0,0.0,0.0,0.0,0.0,0.0,0.0,0.0,0.0,0.3289473684210527,2.2368421052631584,9.078947368421055,10.98684210526316,7.3684210526315805,4.6286764705882355,3.1068569347454313,nan,nan,nan,4.728571428571429,3.1978628067214276,4.5227272727272725,3.0036995095717636,0.9564680032957978,0.4036,0.02443,0.0,0.0,0.0,0.0,0.0,0.0,0.0,0.0,0.0,0.06578947368421054,2.171052631578948,10.526315789473669,13.815789473684214,3.355263157894737,0.06578947368421054,0.0,0.0,0.0,0.0,0.0,0.0,0.0,0.0,0.0,0.0,0.0,0.0,0.0,0.0,0.0,nan,nan,4.6286764705882355,3.1068569347454313,nan,0.4036,0.1129,0.0006578947368421052,0.0,0.0,0.0,0.0002192982456140351,0.0003289473684210526,0.0008771929824561404,0.0,0.0007675438596491228,0.0002192982456140351,0.001973684210526316,0.0014254385964912282,0.0005482456140350877,0.003399122807017544,0.003399122807017544,0.0025219298245614035,0.0031798245614035087,0.004824561403508772,0.0061403508771929825,0.005263157894736842,0.0059210526315789476,0.008991228070175439,0.006907894736842105,0.01162280701754386,0.013486842105263158,0.011951754385964913,0.014802631578947368,0.02138157894736842,0.017763157894736842,0.026425438596491227,0.024671052631578948,0.02368421052631579,0.028837719298245613,0.023574561403508772,0.028289473684210528,0.03695175438596491,0.02982456140350877,0.03355263157894737,0.03223684210526316,0.035526315789473684,0.037609649122807016,0.033771929824561404,0.03585526315789474,0.03344298245614035,0.03344298245614035,0.03081140350877193,0.030921052631578946,0.028728070175438596,0.030153508771929825,0.024451754385964912,0.021600877192982457,0.021710526315789475,0.016776315789473684,0.02225877192982456,0.017105263157894738,0.021162280701754386,0.01206140350877193,0.017105263157894738,0.007236842105263158,0.010416666666666666,0.004605263157894736,0.009429824561403509,0.004057017543859649,0.002631578947368421,0.003837719298245614,0.003837719298245614,0.0037280701754385964,0.0021929824561403508,0.002631578947368421,0.0002192982456140351,0.0006578947368421052,0.0,0.0008771929824561404,0.0,0.0002192982456140351,0.0,0.0,0.0,0.0010964912280701754,0.0,0.0,0.0010964912280701754,0.00010964912280701755,0.0,0.0,0.0,0.0,0.0,0.0,0.0,0.0,0.0,0.0,0.0,0.0,0.0,0.0,0.0,0.0,0.0,0.0,nan,nan,4.6286764705882355,3.1068569347454313,nan,0.944284563074635,0.03047875524293482,0.0,0.0,0.0,0.0,0.0,0.0,0.0,0.0,0.0,0.0,0.0,0.0,0.0,0.0,0.0,0.0,0.0,0.0,0.0,0.0,0.0,0.0,0.0,0.0,0.0,0.2531645569620254,1.3924050632911396,10.253164556962027,9.873417721518988,8.227848101265824,0.9412662912177169,0.03218934654057156,0.0,0.0,0.0,0.0,0.0,0.0,0.0,0.0,0.0,0.0,0.0,0.0,0.0,0.0,0.0,0.0,0.0,0.0,0.0,0.0,0.0,0.0,0.0,0.0,0.0,0.41095890410958913,3.15068493150685,7.808219178082194,12.19178082191781,6.4383561643835625,0.4038,0.02417,0.0,0.0,0.0,0.0,0.0,0.0,0.0,0.0,0.0,0.1265822784810127,2.405063291139241,9.999999999999984,14.050632911392409,3.4177215189873427,0.0,0.0,0.0,0.0,0.0,0.0,0.0,0.0,0.0,0.0,0.0,0.0,0.0,0.0,0.0,0.0,0.403,0.02472,0.0,0.0,0.0,0.0,0.0,0.0,0.0,0.0,0.0,0.0,1.9178082191780828,11.095890410958887,13.56164383561644,3.287671232876713,0.13698630136986303,0.0,0.0,0.0,0.0,0.0,0.0,0.0,0.0,0.0,0.0,0.0,0.0,0.0,0.0,0.0
200,313,159,0.5079872204472844,75,66,0.4504792332268371,82,0.5239616613418531,0.518,3.0714285714285716,3.239582991556733,7.166666666666667,1.9507833184532706,7408.652032702343,90.45819911021337,7064.275529617071,7697.895585918426,7407.315755211371,87.39129397625933,7410.031695826139,93.49917412332755,26.638977635782748,20.658968646479934,31.10566037735849,19.323174229400063,0.13099041533546327,0.10862619808306709,0.10223642172523961,0.12779552715654952,0.0670926517571885,0.07028753993610223,0.07348242811501597,0.0670926517571885,0.051118210862619806,0.04472843450479233,0.03194888178913738,0.02875399361022364,0.038338658146964855,0.012779552715654952,0.025559105431309903,0.009584664536741214,0.009584664536741214,0.9419674404893821,0.03129121220625141,0.0,0.0,0.0,0.0,0.0,0.0,0.0,0.0,0.0,0.0,0.0,0.0,0.0,0.0,0.0,0.0,0.0,0.0,0.0,0.0,0.0,0.0,0.0,0.0,0.0,0.575079872204473,2.1086261980830674,8.43450479233227,12.172523961661344,6.709265175718851,4.373737373737374,3.1352858474418026,nan,nan,nan,4.18,3.0442733123029537,4.571428571428571,3.2134919654862837,1.0936431989063569,0.4,0.02594,0.0,0.0,0.0,0.0,0.0,0.0,0.0,0.0,0.0,0.19169329073482433,2.875399361022365,13.226837060702856,10.926517571884986,2.6837060702875406,0.09584664536741216,0.0,0.0,0.0,0.0,0.0,0.0,0.0,0.0,0.0,0.0,0.0,0.0,0.0,0.0,0.0,nan,nan,4.373737373737374,3.1352858474418026,nan,0.4,0.11194,0.001597444089456869,0.0,0.0,0.0,0.0,0.0,0.0007987220447284345,0.0,0.0,0.0,0.0022364217252396168,0.0009584664536741214,0.0,0.0030351437699680513,0.004792332268370607,0.0022364217252396168,0.004952076677316294,0.007507987220447284,0.003514376996805112,0.005271565495207668,0.008146964856230033,0.012300319488817891,0.012779552715654952,0.013099041533546326,0.014057507987220448,0.013578274760383386,0.014856230031948883,0.01597444089456869,0.014217252396166134,0.020127795527156548,0.02619808306709265,0.02731629392971246,0.03306709265175719,0.02156549520766773,0.024600638977635782,0.03722044728434505,0.028274760383386582,0.0365814696485623,0.028115015974440896,0.03274760383386582,0.046485623003194886,0.02939297124600639,0.041853035143769965,0.03849840255591054,0.030990415335463258,0.02587859424920128,0.025079872204472844,0.02987220447284345,0.030670926517571886,0.031629392971246006,0.014696485623003195,0.017891373801916934,0.0170926517571885,0.02428115015974441,0.018849840255591055,0.023003194888178913,0.0134185303514377,0.01293929712460064,0.011661341853035143,0.011182108626198083,0.0043130990415335465,0.010543130990415336,0.003993610223642172,0.0030351437699680513,0.0001597444089456869,0.0022364217252396168,0.0020766773162939297,0.0022364217252396168,0.003993610223642172,0.0,0.0,0.0,0.0,0.0,0.0,0.0,0.0,0.0,0.0003194888178913738,0.0,0.0,0.0,0.0,0.0,0.0,0.0,0.0,0.0,0.0,0.0,0.0,0.0,0.0,0.0,0.0,0.0,0.0,0.0,0.0,0.0,0.0,nan,nan,4.373737373737374,3.1352858474418026,nan,0.9416533412423523,0.0298261347711121,0.0,0.0,0.0,0.0,0.0,0.0,0.0,0.0,0.0,0.0,0.0,0.0,0.0,0.0,0.0,0.0,0.0,0.0,0.0,0.0,0.0,0.0,0.0,0.0,0.0,0.3773584905660378,1.886792452830189,9.622641509433963,12.452830188679249,5.6603773584905674,0.9422917377639126,0.032731968674888874,0.0,0.0,0.0,0.0,0.0,0.0,0.0,0.0,0.0,0.0,0.0,0.0,0.0,0.0,0.0,0.0,0.0,0.0,0.0,0.0,0.0,0.0,0.0,0.0,0.0,0.7792207792207794,2.337662337662338,7.20779220779221,11.883116883116886,7.792207792207794,0.4,0.02634,0.0,0.0,0.0,0.0,0.0,0.0,0.0,0.0,0.0,0.0,3.584905660377359,12.641509433962245,10.943396226415096,2.641509433962265,0.1886792452830189,0.0,0.0,0.0,0.0,0.0,0.0,0.0,0.0,0.0,0.0,0.0,0.0,0.0,0.0,0.0,0.4,0.02553,0.0,0.0,0.0,0.0,0.0,0.0,0.0,0.0,0.0,0.3896103896103897,2.1428571428571432,13.83116883116881,10.909090909090912,2.727272727272728,0.0,0.0,0.0,0.0,0.0,0.0,0.0,0.0,0.0,0.0,0.0,0.0,0.0,0.0,0.0,0.0
300,243,115,0.4732510288065844,49,59,0.4444444444444444,67,0.551440329218107,0.516,2.46875,2.9763061733464182,6.4,2.5298221281347035,7418.167560005187,85.23248811512869,7146.08059387803,7658.059871876239,7416.420241505425,82.99414207459374,7419.737416469816,87.16464681116825,25.497942386831276,19.90065335602529,30.03448275862069,18.663570403340344,0.12345679012345678,0.1440329218106996,0.11934156378600823,0.09876543209876543,0.04938271604938271,0.09053497942386832,0.0823045267489712,0.053497942386831275,0.05761316872427984,0.03292181069958848,0.03292181069958848,0.0411522633744856,0.024691358024691357,0.01646090534979424,0.0205761316872428,0.00823045267489712,0.00411522633744856,0.9493023014853521,0.03145623504444719,0.0,0.0,0.0,0.0,0.0,0.0,0.0,0.0,0.0,0.0,0.0,0.0,0.0,0.0,0.0,0.0,0.0,0.0,0.0,0.0,0.0,0.0,0.0,0.0,0.0,0.4938271604938273,1.7283950617283956,5.308641975308643,12.962962962962967,9.506172839506174,4.3355704697986575,3.0688098347862787,nan,nan,nan,4.506666666666667,3.112869344440199,4.136986301369863,3.0264363441212216,0.9179703331442003,0.3967,0.02675,0.0,0.0,0.0,0.0,0.0,0.0,0.0,0.0,0.0,0.12345679012345682,3.2098765432098775,14.074074074074053,9.629629629629632,2.839506172839507,0.12345679012345682,0.0,0.0,0.0,0.0,0.0,0.0,0.0,0.0,0.0,0.0,0.0,0.0,0.0,0.0,0.0,nan,nan,4.3355704697986575,3.0688098347862787,nan,0.3967,0.10925,0.00020576131687242798,0.0,0.0,0.0,0.0,0.0,0.00102880658436214,0.0,0.0,0.0,0.0016460905349794238,0.0032921810699588477,0.0,0.003909465020576132,0.001440329218106996,0.002674897119341564,0.003703703703703704,0.0032921810699588477,0.0012345679012345679,0.004732510288065843,0.007818930041152264,0.02139917695473251,0.018930041152263374,0.019135802469135803,0.007818930041152264,0.012345679012345678,0.01131687242798354,0.02242798353909465,0.020987654320987655,0.012345679012345678,0.025308641975308643,0.027983539094650206,0.03209876543209877,0.024691358024691357,0.02551440329218107,0.0360082304526749,0.03477366255144033,0.04609053497942387,0.020987654320987655,0.028189300411522632,0.053292181069958845,0.03189300411522634,0.044032921810699586,0.02880658436213992,0.02139917695473251,0.02119341563786008,0.029012345679012345,0.029218106995884775,0.03847736625514403,0.034156378600823045,0.006378600823045267,0.01831275720164609,0.019135802469135803,0.02962962962962963,0.015432098765432098,0.033950617283950615,0.00720164609053498,0.010493827160493827,0.00720164609053498,0.003703703703703704,0.005967078189300412,0.01213991769547325,0.006584362139917695,0.003703703703703704,0.0,0.00205761316872428,0.0,0.00102880658436214,0.0022633744855967077,0.0,0.0,0.0,0.0,0.0,0.0,0.0,0.0,0.0,0.0,0.0,0.0,0.0,0.0,0.0,0.0,0.0,0.0,0.0,0.0,0.0,0.0,0.0,0.0,0.0,0.0,0.0,0.0,0.0,0.0,0.0,0.0,nan,nan,4.3355704697986575,3.0688098347862787,nan,0.949127099306687,0.03261706716579609,0.0,0.0,0.0,0.0,0.0,0.0,0.0,0.0,0.0,0.0,0.0,0.0,0.0,0.0,0.0,0.0,0.0,0.0,0.0,0.0,0.0,0.0,0.0,0.0,0.0,0.5217391304347827,2.086956521739131,4.695652173913045,12.521739130434785,10.173913043478263,0.9494597096927464,0.03037462874078765,0.0,0.0,0.0,0.0,0.0,0.0,0.0,0.0,0.0,0.0,0.0,0.0,0.0,0.0,0.0,0.0,0.0,0.0,0.0,0.0,0.0,0.0,0.0,0.0,0.0,0.4687500000000001,1.4062500000000002,5.859375000000001,13.359375000000004,8.906250000000002,0.3962,0.02838,0.0,0.0,0.0,0.0,0.0,0.0,0.0,0.0,0.0,0.0,4.173913043478262,13.304347826086937,9.39130434782609,2.8695652173913047,0.26086956521739135,0.0,0.0,0.0,0.0,0.0,0.0,0.0,0.0,0.0,0.0,0.0,0.0,0.0,0.0,0.0,0.3975,0.02518,0.0,0.0,0.0,0.0,0.0,0.0,0.0,0.0,0.0,0.23437500000000006,2.3437500000000004,14.765624999999979,9.843750000000002,2.8125000000000004,0.0,0.0,0.0,0.0,0.0,0.0,0.0,0.0,0.0,0.0,0.0,0.0,0.0,0.0,0.0,0.0
400,107,62,0.5794392523364486,23,19,0.3925233644859813,27,0.5046728971962616,0.52,3.577777777777778,3.785873678052774,7.333333333333333,3.259175083088085,7431.835963883577,89.01639918752956,7238.213382029533,7645.830503457784,7429.788966768982,91.68308836756768,7434.656271019249,85.12510278388707,30.38317757009346,22.110446999971806,36.056179775280896,19.892045471653553,0.1308411214953271,0.07476635514018691,0.102803738317757,0.09345794392523364,0.06542056074766354,0.06542056074766354,0.056074766355140186,0.028037383177570093,0.11214953271028037,0.04672897196261682,0.056074766355140186,0.056074766355140186,0.018691588785046728,0.028037383177570093,0.037383177570093455,0.028037383177570093,0.0,0.9520274166748902,0.028800338168266007,0.0,0.0,0.0,0.0,0.0,0.0,0.0,0.0,0.0,0.0,0.0,0.0,0.0,0.0,0.0,0.0,0.0,0.0,0.0,0.0,0.0,0.0,0.0,0.0,0.0,0.0,1.121495327102804,6.728971962616823,12.056074766355142,10.093457943925236,4.573529411764706,3.2236085756702764,nan,nan,nan,4.8125,2.6743866119168334,4.428571428571429,3.6589281356759136,0.9202226345083488,0.4,0.02716,0.0,0.0,0.0,0.0,0.0,0.0,0.0,0.0,0.0,0.280373831775701,3.925233644859814,10.654205607476621,11.775700934579442,3.3644859813084116,0.0,0.0,0.0,0.0,0.0,0.0,0.0,0.0,0.0,0.0,0.0,0.0,0.0,0.0,0.0,0.0,nan,nan,4.573529411764706,3.2236085756702764,nan,0.4,0.113,0.0,0.0,0.0,0.0,0.0,0.0,0.0032710280373831778,0.0,0.0,0.0,0.0,0.0009345794392523365,0.0,0.001869158878504673,0.003738317757009346,0.0009345794392523365,0.001869158878504673,0.0032710280373831778,0.00046728971962616824,0.005607476635514018,0.010280373831775701,0.014018691588785047,0.027570093457943926,0.03177570093457944,0.011682242990654205,0.01074766355140187,0.007476635514018692,0.027102803738317756,0.006074766355140187,0.014953271028037384,0.03130841121495327,0.03364485981308411,0.026168224299065422,0.01822429906542056,0.026168224299065422,0.0308411214953271,0.027102803738317756,0.04766355140186916,0.026168224299065422,0.029906542056074768,0.04579439252336449,0.03644859813084112,0.04906542056074766,0.014485981308411215,0.01588785046728972,0.022429906542056073,0.03130841121495327,0.04299065420560748,0.03271028037383177,0.02663551401869159,0.004205607476635514,0.020093457943925235,0.02102803738317757,0.019626168224299065,0.01822429906542056,0.054672897196261686,0.002803738317757009,0.003738317757009346,0.00046728971962616824,0.008878504672897197,0.004672897196261682,0.009345794392523364,0.016355140186915886,0.001869158878504673,0.0,0.009345794392523364,0.0,0.004205607476635514,0.001869158878504673,0.0,0.0,0.0,0.0,0.0,0.0,0.0,0.0,0.0,0.0,0.0,0.0,0.0,0.0,0.0,0.0,0.0,0.0,0.0,0.0,0.0,0.0,0.0,0.0,0.0,0.0,0.0,0.0,0.0,0.0,0.0,0.0,nan,nan,4.573529411764706,3.2236085756702764,nan,0.9516884934517645,0.028134795449172943,0.0,0.0,0.0,0.0,0.0,0.0,0.0,0.0,0.0,0.0,0.0,0.0,0.0,0.0,0.0,0.0,0.0,0.0,0.0,0.0,0.0,0.0,0.0,0.0,0.0,0.0,0.9677419354838712,7.258064516129034,12.09677419354839,9.677419354838712,0.9524943775600857,0.02968654526770041,0.0,0.0,0.0,0.0,0.0,0.0,0.0,0.0,0.0,0.0,0.0,0.0,0.0,0.0,0.0,0.0,0.0,0.0,0.0,0.0,0.0,0.0,0.0,0.0,0.0,0.0,1.3333333333333337,6.000000000000001,12.000000000000002,10.66666666666667,0.3994,0.02867,0.0,0.0,0.0,0.0,0.0,0.0,0.0,0.0,0.0,0.0,5.322580645161291,10.645161290322566,9.677419354838712,4.35483870967742,0.0,0.0,0.0,0.0,0.0,0.0,0.0,0.0,0.0,0.0,0.0,0.0,0.0,0.0,0.0,0.0,0.4006,0.0249,0.0,0.0,0.0,0.0,0.0,0.0,0.0,0.0,0.0,0.6666666666666669,2.0000000000000004,10.666666666666652,14.66666666666667,2.0000000000000004,0.0,0.0,0.0,0.0,0.0,0.0,0.0,0.0,0.0,0.0,0.0,0.0,0.0,0.0,0.0,0.0
500,56,28,0.5,14,13,0.48214285714285715,14,0.5,0.518,2.357142857142857,2.8687265182890282,6.0,2.138089935299395,7438.407038380419,63.17421494050266,7305.209690088033,7636.368652725219,7446.083896259536,63.60278129064858,7430.730180501298,61.796284556591196,25.25,21.115540993035708,32.395348837209305,18.973836986613744,0.21428571428571427,0.07142857142857142,0.07142857142857142,0.125,0.07142857142857142,0.07142857142857142,0.05357142857142857,0.08928571428571429,0.05357142857142857,0.05357142857142857,0.017857142857142856,0.017857142857142856,0.017857142857142856,0.03571428571428571,0.017857142857142856,0.0,0.017857142857142856,0.9536674171686172,0.026431477529896347,0.0,0.0,0.0,0.0,0.0,0.0,0.0,0.0,0.0,0.0,0.0,0.0,0.0,0.0,0.0,0.0,0.0,0.0,0.0,0.0,0.0,0.0,0.0,0.0,0.0,0.0,0.0,6.964285714285716,14.464285714285719,8.571428571428573,3.857142857142857,3.2526284504589045,nan,nan,nan,3.764705882352941,3.334832419543145,3.9444444444444446,3.1705629051956166,1.0477430555555556,0.4014,0.01883,0.0,0.0,0.0,0.0,0.0,0.0,0.0,0.0,0.0,0.0,0.5357142857142858,12.857142857142838,15.000000000000004,1.6071428571428574,0.0,0.0,0.0,0.0,0.0,0.0,0.0,0.0,0.0,0.0,0.0,0.0,0.0,0.0,0.0,0.0,nan,nan,3.857142857142857,3.2526284504589045,nan,0.4014,0.1055,0.0,0.0,0.0,0.0,0.0,0.0,0.0026785714285714286,0.0,0.0,0.0,0.0,0.0,0.0,0.0,0.0,0.0,0.0008928571428571428,0.0,0.0,0.0017857142857142857,0.0,0.0026785714285714286,0.04375,0.014285714285714285,0.023214285714285715,0.011607142857142858,0.016964285714285713,0.01875,0.0026785714285714286,0.022321428571428572,0.044642857142857144,0.03482142857142857,0.033035714285714286,0.010714285714285714,0.024107142857142858,0.014285714285714285,0.055357142857142855,0.06875,0.023214285714285715,0.04375,0.038392857142857145,0.027678571428571427,0.045535714285714284,0.025,0.016964285714285713,0.010714285714285714,0.00625,0.0375,0.03125,0.030357142857142857,0.008035714285714285,0.01607142857142857,0.015178571428571428,0.04107142857142857,0.038392857142857145,0.05625,0.0,0.0017857142857142857,0.0,0.004464285714285714,0.0035714285714285713,0.0017857142857142857,0.017857142857142856,0.0,0.0,0.010714285714285714,0.0,0.0008928571428571428,0.0,0.0,0.0,0.0,0.0,0.0,0.0,0.0,0.0,0.0,0.0,0.0,0.0,0.0,0.0,0.0,0.0,0.0,0.0,0.0,0.0,0.0,0.0,0.0,0.0,0.0,0.0,0.0,0.0,0.0,0.0,0.0,0.0,nan,nan,3.857142857142857,3.2526284504589045,nan,0.9526235567671912,0.027027751959080366,0.0,0.0,0.0,0.0,0.0,0.0,0.0,0.0,0.0,0.0,0.0,0.0,0.0,0.0,0.0,0.0,0.0,0.0,0.0,0.0,0.0,0.0,0.0,0.0,0.0,0.0,0.0,7.500000000000002,11.785714285714288,10.714285714285717,0.9547112775700433,0.025779203707444645,0.0,0.0,0.0,0.0,0.0,0.0,0.0,0.0,0.0,0.0,0.0,0.0,0.0,0.0,0.0,0.0,0.0,0.0,0.0,0.0,0.0,0.0,0.0,0.0,0.0,0.0,0.0,6.42857142857143,17.142857142857146,6.42857142857143,0.4058,0.01846,0.0,0.0,0.0,0.0,0.0,0.0,0.0,0.0,0.0,0.0,0.0,9.642857142857128,18.21428571428572,2.1428571428571432,0.0,0.0,0.0,0.0,0.0,0.0,0.0,0.0,0.0,0.0,0.0,0.0,0.0,0.0,0.0,0.0,0.397,0.01817,0.0,0.0,0.0,0.0,0.0,0.0,0.0,0.0,0.0,0.0,1.0714285714285716,16.071428571428548,11.785714285714288,1.0714285714285716,0.0,0.0,0.0,0.0,0.0,0.0,0.0,0.0,0.0,0.0,0.0,0.0,0.0,0.0,0.0,0.0
600,23,13,0.5652173913043478,6,1,0.30434782608695654,5,0.43478260869565216,0.518,2.8,2.9597297173897488,3.857142857142857,2.9485382057928993,7444.757262024411,85.68101016621401,7295.554953360557,7634.074102067947,7469.367450201509,88.43948011172061,7412.764017394184,70.04220191613256,35.30434782608695,20.61960819137875,35.30434782608695,20.61960819137875,0.0,0.08695652173913043,0.08695652173913043,0.17391304347826086,0.08695652173913043,0.043478260869565216,0.0,0.043478260869565216,0.043478260869565216,0.13043478260869565,0.13043478260869565,0.08695652173913043,0.0,0.043478260869565216,0.0,0.043478260869565216,0.0,0.9461813154427902,0.03488624323748669,0.0,0.0,0.0,0.0,0.0,0.0,0.0,0.0,0.0,0.0,0.0,0.0,0.0,0.0,0.0,0.0,0.0,0.0,0.0,0.0,0.0,0.0,0.0,0.0,0.0,0.0,2.6086956521739135,7.82608695652174,11.739130434782611,7.82608695652174,3.75,2.9261749776799064,nan,nan,nan,4.0,3.0912061651652345,3.4285714285714284,2.664965443739661,0.8571428571428571,0.4119,0.01476,0.0,0.0,0.0,0.0,0.0,0.0,0.0,0.0,0.0,0.0,0.0,3.913043478260864,23.478260869565222,2.6086956521739135,0.0,0.0,0.0,0.0,0.0,0.0,0.0,0.0,0.0,0.0,0.0,0.0,0.0,0.0,0.0,0.0,nan,nan,3.75,2.9261749776799064,nan,0.412,0.114,0.0,0.0,0.0,0.0,0.0,0.0,0.013043478260869565,0.0,0.0,0.0,0.0,0.0,0.0,0.0,0.0,0.0,0.0,0.0,0.0,0.0,0.0,0.002173913043478261,0.03695652173913044,0.006521739130434782,0.02608695652173913,0.006521739130434782,0.017391304347826087,0.008695652173913044,0.002173913043478261,0.021739130434782608,0.017391304347826087,0.043478260869565216,0.021739130434782608,0.017391304347826087,0.03260869565217391,0.004347826086956522,0.05652173913043478,0.09130434782608696,0.017391304347826087,0.034782608695652174,0.015217391304347827,0.05434782608695652,0.06521739130434782,0.010869565217391304,0.006521739130434782,0.004347826086956522,0.0,0.07608695652173914,0.017391304347826087,0.006521739130434782,0.015217391304347827,0.02391304347826087,0.034782608695652174,0.034782608695652174,0.03260869565217391,0.04565217391304348,0.0,0.002173913043478261,0.0,0.006521739130434782,0.0,0.0,0.041304347826086954,0.0,0.0,0.02826086956521739,0.0,0.0,0.0,0.0,0.0,0.0,0.0,0.0,0.0,0.0,0.0,0.0,0.0,0.0,0.0,0.0,0.0,0.0,0.0,0.0,0.0,0.0,0.0,0.0,0.0,0.0,0.0,0.0,0.0,0.0,0.0,0.0,0.0,0.0,0.0,nan,nan,3.75,2.9261749776799064,nan,0.9562374353408813,0.033270479979298356,0.0,0.0,0.0,0.0,0.0,0.0,0.0,0.0,0.0,0.0,0.0,0.0,0.0,0.0,0.0,0.0,0.0,0.0,0.0,0.0,0.0,0.0,0.0,0.0,0.0,0.0,2.3076923076923084,4.615384615384617,11.53846153846154,11.53846153846154,0.9331083595752716,0.03252456376968994,0.0,0.0,0.0,0.0,0.0,0.0,0.0,0.0,0.0,0.0,0.0,0.0,0.0,0.0,0.0,0.0,0.0,0.0,0.0,0.0,0.0,0.0,0.0,0.0,0.0,0.0,3.000000000000001,12.000000000000004,12.000000000000004,3.000000000000001,0.4133,0.0184,0.0,0.0,0.0,0.0,0.0,0.0,0.0,0.0,0.0,0.0,0.0,6.923076923076914,18.461538461538467,4.615384615384617,0.0,0.0,0.0,0.0,0.0,0.0,0.0,0.0,0.0,0.0,0.0,0.0,0.0,0.0,0.0,0.0,0.4102,0.007416,0.0,0.0,0.0,0.0,0.0,0.0,0.0,0.0,0.0,0.0,0.0,0.0,30.000000000000007,0.0,0.0,0.0,0.0,0.0,0.0,0.0,0.0,0.0,0.0,0.0,0.0,0.0,0.0,0.0,0.0,0.0
700,2,0,0.0,0,0,0.0,0,0.0,0.52,1.0,1.0,1.0,1.0,7482.982142502069,90.48678362369537,7392.495358878374,7573.4689261257645,nan,nan,7482.982142502069,90.48678362369537,51.5,7.5,51.5,7.5,0.0,0.0,0.0,0.0,0.0,0.0,0.0,0.0,0.5,0.0,0.0,0.5,0.0,0.0,0.0,0.0,0.0,0.9519045948982239,0.017264604568481445,0.0,0.0,0.0,0.0,0.0,0.0,0.0,0.0,0.0,0.0,0.0,0.0,0.0,0.0,0.0,0.0,0.0,0.0,0.0,0.0,0.0,0.0,0.0,0.0,0.0,0.0,0.0,0.0,15.000000000000004,15.000000000000004,1.0,1.0,nan,nan,nan,0.0,0.0,2.0,0.0,inf,0.4238,0.02356,0.0,0.0,0.0,0.0,0.0,0.0,0.0,0.0,0.0,0.0,0.0,0.0,15.000000000000004,15.000000000000004,0.0,0.0,0.0,0.0,0.0,0.0,0.0,0.0,0.0,0.0,0.0,0.0,0.0,0.0,0.0,0.0,nan,nan,1.0,1.0,nan,0.4238,0.10516,0.0,0.0,0.0,0.0,0.0,0.0,0.0,0.0,0.0,0.0,0.0,0.0,0.0,0.0,0.0,0.0,0.0,0.0,0.0,0.0,0.0,0.0,0.025,0.0,0.0,0.025,0.025,0.0,0.0,0.025,0.025,0.025,0.025,0.0,0.025,0.025,0.05,0.1,0.025,0.025,0.0,0.175,0.025,0.025,0.0,0.0,0.0,0.05,0.025,0.0,0.05,0.0,0.025,0.05,0.025,0.025,0.0,0.0,0.0,0.0,0.0,0.0,0.05,0.0,0.0,0.05,0.0,0.0,0.0,0.0,0.0,0.0,0.0,0.0,0.0,0.0,0.0,0.0,0.0,0.0,0.0,0.0,0.0,0.0,0.0,0.0,0.0,0.0,0.0,0.0,0.0,0.0,0.0,0.0,0.0,0.0,0.0,0.0,0.0,0.0,0.0,nan,nan,1.0,1.0,nan,nan,nan,nan,nan,nan,nan,nan,nan,nan,nan,nan,nan,nan,nan,nan,nan,nan,nan,nan,nan,nan,nan,nan,nan,nan,nan,nan,nan,nan,nan,nan,nan,0.9519045948982239,0.017264604568481445,0.0,0.0,0.0,0.0,0.0,0.0,0.0,0.0,0.0,0.0,0.0,0.0,0.0,0.0,0.0,0.0,0.0,0.0,0.0,0.0,0.0,0.0,0.0,0.0,0.0,0.0,0.0,0.0,15.000000000000004,15.000000000000004,nan,nan,nan,nan,nan,nan,nan,nan,nan,nan,nan,nan,nan,nan,nan,nan,nan,nan,nan,nan,nan,nan,nan,nan,nan,nan,nan,nan,nan,nan,nan,nan,0.4238,0.02356,0.0,0.0,0.0,0.0,0.0,0.0,0.0,0.0,0.0,0.0,0.0,0.0,15.000000000000004,15.000000000000004,0.0,0.0,0.0,0.0,0.0,0.0,0.0,0.0,0.0,0.0,0.0,0.0,0.0,0.0,0.0,0.0